HB2304/ctd190.cnv
* Sea-Bird SBE 9 Data File:
* FileName = C:\cruise\data\ctd190.hex
* Software Version Seasave V 7.26.7.121
* Temperature SN = 4591
* Conductivity SN = 3741
* Number of Bytes Per Scan = 37
* Number of Voltage Words = 4
* Number of Scans Averaged by the Deck Unit = 1
* NMEA Latitude = 42 39.06 N
* NMEA Longitude = 070 31.41 W
* NMEA UTC (Time) = Nov 12 2023 23:55:42
* NMEA baud rate = 4800
** Ship: Bigelow HB2304
** Program:  Fall Bottom Trawl Survey
** Chief Scientist: John Galbraith
# nquan = 9
# nvalues = 133                         
# units = specified
# name 0 = depSM: Depth [salt water, m]
# name 1 = t090C: Temperature [ITS-90, deg C]
# name 2 = c0S/m: Conductivity [S/m]
# name 3 = sal00: Salinity, Practical [PSU]
# name 4 = scan: Scan Count
# name 5 = timeM: Time, Elapsed [minutes]
# name 6 = sbeox0V: Oxygen raw, SBE 43 [V]
# name 7 = sbeox1V: Oxygen raw, SBE 43, 2 [V]
# name 8 = flag: flag
# span 0 =      3.000,     69.000       
# span 1 =    10.2241,    11.5102       
# span 2 =   3.575221,   3.640808       
# span 3 =    31.4501,    32.4284       
# span 4 =         18,       4395       
# span 5 =     0.0117,     3.0513       
# span 6 =     1.8564,     4.5234       
# span 7 =     1.7458,     2.2430       
# span 8 = 0.0000e+00, 0.0000e+00       
# interval = meters: 1                  
# start_time = Nov 12 2023 23:55:42 [NMEA time, header]
# bad_flag = -9.990e-29
*END*
      3.000    11.3292   3.576651    31.4643         18     0.0117     2.8970     2.2302 0.0000e+00
      4.000    11.3093   3.575221    31.4668        120     0.0828     2.8906     2.2322 0.0000e+00
      5.000    11.3352   3.577004    31.4618        144     0.0996     2.9083     2.2299 0.0000e+00
      6.000    11.3409   3.577745    31.4637        171     0.1181     2.9786     2.2324 0.0000e+00
      7.000    11.3370   3.577553    31.4648        198     0.1367     3.0943     2.2345 0.0000e+00
      8.000    11.3333   3.577272    31.4647        225     0.1555     3.2366     2.2356 0.0000e+00
      9.000    11.3335   3.577293    31.4644        252     0.1743     3.3918     2.2378 0.0000e+00
     10.000    11.3344   3.577498    31.4652        278     0.1923     3.5482     2.2393 0.0000e+00
     11.000    11.3358   3.577675    31.4654        303     0.2098     3.7051     2.2395 0.0000e+00
     12.000    11.3344   3.577609    31.4655        328     0.2274     3.8686     2.2360 0.0000e+00
     13.000    11.3336   3.577571    31.4653        354     0.2451     4.0392     2.2363 0.0000e+00
     14.000    11.3256   3.577042    31.4666        381     0.2638     4.2433     2.2388 0.0000e+00
     15.000    11.3300   3.577449    31.4665        408     0.2828     4.5234     2.2415 0.0000e+00
     16.000    11.3286   3.577444    31.4671        434     0.3007     4.2539     2.2403 0.0000e+00
     17.000    11.3274   3.577418    31.4675        459     0.3182     3.7550     2.2412 0.0000e+00
     18.000    11.3262   3.577354    31.4675        486     0.3371     3.3480     2.2430 0.0000e+00
     19.000    11.3258   3.577329    31.4672        514     0.3559     3.0551     2.2430 0.0000e+00
     20.000    11.3279   3.577629    31.4679        539     0.3738     2.8565     2.2410 0.0000e+00
     21.000    11.3264   3.577547    31.4680        565     0.3915     2.7181     2.2397 0.0000e+00
     22.000    11.3173   3.576954    31.4696        591     0.4099     2.6152     2.2373 0.0000e+00
     23.000    11.3135   3.576611    31.4690        617     0.4279     2.5397     2.2369 0.0000e+00
     24.000    11.3104   3.576348    31.4687        643     0.4458     2.4813     2.2367 0.0000e+00
     25.000    11.3084   3.576175    31.4683        669     0.4636     2.4358     2.2367 0.0000e+00
     26.000    11.3105   3.576697    31.4712        694     0.4814     2.4006     2.2361 0.0000e+00
     27.000    11.2981   3.577321    31.4874        720     0.4991     2.3801     2.2379 0.0000e+00
     28.000    11.3962   3.591361    31.5404        746     0.5176     2.3739     2.2366 0.0000e+00
     29.000    11.5102   3.626904    31.7891        774     0.5369     2.3612     2.2256 0.0000e+00
     30.000    11.5037   3.636279    31.8856        802     0.5559     2.3425     2.1947 0.0000e+00
     31.000    11.4602   3.639259    31.9517        828     0.5743     2.3575     2.1199 0.0000e+00
     32.000    11.4169   3.640808    32.0039        853     0.5915     2.3788     2.0331 0.0000e+00
     33.000    11.3273   3.638142    32.0551        877     0.6082     2.3719     1.9657 0.0000e+00
     34.000    11.2836   3.637606    32.0874        902     0.6256     2.2960     1.9113 0.0000e+00
     35.000    11.2625   3.637169    32.1010        929     0.6442     2.1762     1.8719 0.0000e+00
     36.000    11.2507   3.636545    32.1048        957     0.6636     2.0771     1.8419 0.0000e+00
     37.000    11.2300   3.635353    32.1107        984     0.6827     2.0152     1.8241 0.0000e+00
     38.000    11.2075   3.634709    32.1235       1011     0.7011     1.9772     1.8157 0.0000e+00
     39.000    11.0744   3.629132    32.1845       1036     0.7188     1.9570     1.8081 0.0000e+00
     40.000    10.9586   3.623081    32.2258       1061     0.7364     1.9440     1.8008 0.0000e+00
     41.000    10.9002   3.619912    32.2454       1087     0.7541     1.9310     1.7944 0.0000e+00
     42.000    10.8565   3.617572    32.2602       1113     0.7721     1.9228     1.7913 0.0000e+00
     43.000    10.7902   3.614082    32.2836       1140     0.7906     1.9138     1.7896 0.0000e+00
     44.000    10.7521   3.611733    32.2935       1167     0.8097     1.9054     1.7868 0.0000e+00
     45.000    10.6839   3.608056    32.3167       1194     0.8285     1.9057     1.7852 0.0000e+00
     46.000    10.5568   3.601106    32.3596       1219     0.8461     1.9053     1.7821 0.0000e+00
     47.000    10.4744   3.595932    32.3806       1244     0.8633     1.9042     1.7804 0.0000e+00
     48.000    10.4659   3.595177    32.3802       1270     0.8810     1.9040     1.7837 0.0000e+00
     49.000    10.4596   3.594744    32.3810       1296     0.8991     1.9039     1.7851 0.0000e+00
     50.000    10.4568   3.594511    32.3807       1322     0.9175     1.9003     1.7850 0.0000e+00
     51.000    10.4549   3.594370    32.3806       1350     0.9366     1.8992     1.7859 0.0000e+00
     52.000    10.4438   3.593777    32.3841       1377     0.9556     1.9021     1.7858 0.0000e+00
     53.000    10.4278   3.592882    32.3889       1403     0.9738     1.9066     1.7851 0.0000e+00
     54.000    10.4208   3.592449    32.3904       1428     0.9909     1.9078     1.7873 0.0000e+00
     55.000    10.4138   3.592055    32.3922       1452     1.0079     1.9073     1.7915 0.0000e+00
     56.000    10.4077   3.591764    32.3943       1478     1.0259     1.9094     1.7947 0.0000e+00
     57.000    10.4048   3.591628    32.3951       1506     1.0450     1.9100     1.7967 0.0000e+00
     58.000    10.4045   3.591633    32.3950       1532     1.0631     1.9087     1.7956 0.0000e+00
     59.000    10.3918   3.591188    32.4014       1557     1.0802     1.9069     1.7931 0.0000e+00
     60.000    10.3603   3.589538    32.4124       1582     1.0981     1.9050     1.7933 0.0000e+00
     61.000    10.3376   3.588123    32.4180       1610     1.1171     1.9046     1.7942 0.0000e+00
     62.000    10.3132   3.586553    32.4236       1637     1.1362     1.9023     1.7923 0.0000e+00
     63.000    10.3025   3.585773    32.4249       1663     1.1543     1.8964     1.7873 0.0000e+00
     64.000    10.2918   3.585085    32.4271       1689     1.1721     1.8898     1.7817 0.0000e+00
     65.000    10.2783   3.584006    32.4279       1716     1.1909     1.8829     1.7769 0.0000e+00
     66.000    10.2686   3.583239    32.4284       1743     1.2098     1.8774     1.7724 0.0000e+00
     67.000    10.2514   3.581751    32.4283       1769     1.2280     1.8748     1.7691 0.0000e+00
     68.000    10.2355   3.580262    32.4271       1795     1.2460     1.8721     1.7662 0.0000e+00
     69.000    10.2241   3.578977    32.4240       2244     1.5577     1.8585     1.7488 0.0000e+00
     68.000    10.2280   3.579082    32.4220       2688     1.8659     1.8564     1.7460 0.0000e+00
     67.000    10.2326   3.579452    32.4220       2723     1.8899     1.8575     1.7458 0.0000e+00
     66.000    10.2418   3.580136    32.4211       2749     1.9080     1.8583     1.7467 0.0000e+00
     65.000    10.2598   3.581589    32.4201       2775     1.9265     1.8584     1.7486 0.0000e+00
     64.000    10.2689   3.582374    32.4203       2801     1.9447     1.8600     1.7487 0.0000e+00
     63.000    10.2840   3.583635    32.4199       2827     1.9623     1.8629     1.7493 0.0000e+00
     62.000    10.2920   3.584291    32.4198       2851     1.9793     1.8651     1.7528 0.0000e+00
     61.000    10.2981   3.584637    32.4183       2877     1.9971     1.8686     1.7563 0.0000e+00
     60.000    10.3121   3.585518    32.4151       2903     2.0154     1.8711     1.7584 0.0000e+00
     59.000    10.3372   3.587099    32.4090       2928     2.0328     1.8727     1.7608 0.0000e+00
     58.000    10.3551   3.588051    32.4031       2953     2.0497     1.8748     1.7639 0.0000e+00
     57.000    10.3910   3.589911    32.3902       2977     2.0669     1.8787     1.7683 0.0000e+00
     56.000    10.3984   3.590326    32.3881       3003     2.0849     1.8829     1.7740 0.0000e+00
     55.000    10.4033   3.590584    32.3869       3029     2.1024     1.8874     1.7809 0.0000e+00
     54.000    10.4094   3.590872    32.3848       3053     2.1193     1.8930     1.7867 0.0000e+00
     53.000    10.4167   3.591252    32.3825       3078     2.1366     1.8970     1.7906 0.0000e+00
     52.000    10.4301   3.591931    32.3777       3104     2.1548     1.9004     1.7941 0.0000e+00
     51.000    10.4415   3.592613    32.3749       3131     2.1735     1.9023     1.7955 0.0000e+00
     50.000    10.4429   3.592661    32.3745       3157     2.1916     1.9015     1.7949 0.0000e+00
     49.000    10.4475   3.592901    32.3733       3182     2.2090     1.9003     1.7947 0.0000e+00
     48.000    10.4518   3.593086    32.3718       3206     2.2257     1.8976     1.7938 0.0000e+00
     47.000    10.4581   3.593355    32.3693       3230     2.2425     1.8979     1.7918 0.0000e+00
     46.000    10.4778   3.594257    32.3613       3254     2.2591     1.8975     1.7897 0.0000e+00
     45.000    10.5568   3.598234    32.3313       3279     2.2763     1.8972     1.7884 0.0000e+00
     44.000    10.6694   3.604548    32.2950       3305     2.2946     1.8977     1.7896 0.0000e+00
     43.000    10.7338   3.608334    32.2762       3332     2.3132     1.9002     1.7912 0.0000e+00
     42.000    10.7982   3.611806    32.2544       3357     2.3309     1.8995     1.7907 0.0000e+00
     41.000    10.8640   3.615497    32.2335       3382     2.3481     1.8973     1.7877 0.0000e+00
     40.000    10.9387   3.619192    32.2049       3407     2.3650     1.8966     1.7852 0.0000e+00
     39.000    11.0298   3.623399    32.1671       3432     2.3826     1.8946     1.7847 0.0000e+00
     38.000    11.1643   3.629987    32.1148       3457     2.4001     1.8924     1.7864 0.0000e+00
     37.000    11.1986   3.631928    32.1044       3483     2.4180     1.8936     1.7863 0.0000e+00
     36.000    11.2097   3.632729    32.1030       3509     2.4360     1.8978     1.7874 0.0000e+00
     35.000    11.2268   3.633883    32.0999       3535     2.4538     1.9003     1.7891 0.0000e+00
     34.000    11.2595   3.635048    32.0833       3559     2.4711     1.9025     1.7918 0.0000e+00
     33.000    11.2880   3.635690    32.0652       3584     2.4881     1.9064     1.7924 0.0000e+00
     32.000    11.3591   3.637257    32.0193       3609     2.5056     1.9077     1.7932 0.0000e+00
     31.000    11.4397   3.639082    31.9677       3634     2.5231     1.9109     1.7962 0.0000e+00
     30.000    11.4946   3.636555    31.8961       3660     2.5407     1.9165     1.7986 0.0000e+00
     29.000    11.5041   3.630339    31.8278       3685     2.5585     1.9194     1.8046 0.0000e+00
     28.000    11.3926   3.597625    31.6046       3712     2.5768     1.9286     1.8206 0.0000e+00
     27.000    11.3065   3.579481    31.5014       3738     2.5949     1.9529     1.8488 0.0000e+00
     26.000    11.3100   3.577795    31.4824       3763     2.6122     2.0123     1.9023 0.0000e+00
     25.000    11.3187   3.577797    31.4754       3787     2.6293     2.0999     1.9853 0.0000e+00
     24.000    11.3212   3.577615    31.4718       3812     2.6464     2.1728     2.0632 0.0000e+00
     23.000    11.3223   3.577522    31.4704       3837     2.6640     2.2294     2.1145 0.0000e+00
     22.000    11.3239   3.577347    31.4678       3863     2.6822     2.2686     2.1495 0.0000e+00
     21.000    11.3270   3.577442    31.4665       3889     2.6998     2.2982     2.1735 0.0000e+00
     20.000    11.3292   3.577598    31.4665       3913     2.7169     2.3196     2.1943 0.0000e+00
     19.000    11.3338   3.577861    31.4656       3938     2.7341     2.3324     2.2084 0.0000e+00
     18.000    11.3419   3.578456    31.4649       3964     2.7519     2.3381     2.2209 0.0000e+00
     17.000    11.3446   3.578589    31.4643       3990     2.7701     2.3351     2.2278 0.0000e+00
     16.000    11.3521   3.579166    31.4640       4016     2.7880     2.3176     2.2322 0.0000e+00
     15.000    11.3571   3.579531    31.4637       4041     2.8059     2.2787     2.2359 0.0000e+00
     14.000    11.3611   3.579880    31.4641       4068     2.8241     2.2341     2.2375 0.0000e+00
     13.000    11.3602   3.579695    31.4634       4093     2.8420     2.1961     2.2352 0.0000e+00
     12.000    11.3580   3.579390    31.4628       4118     2.8594     2.1552     2.2344 0.0000e+00
     11.000    11.3605   3.579015    31.4574       4143     2.8765     2.1144     2.2360 0.0000e+00
     10.000    11.3646   3.578997    31.4541       4168     2.8939     2.0801     2.2374 0.0000e+00
      9.000    11.3673   3.579027    31.4526       4194     2.9120     2.0623     2.2400 0.0000e+00
      8.000    11.3680   3.579029    31.4524       4221     2.9303     2.0566     2.2420 0.0000e+00
      7.000    11.3681   3.578891    31.4514       4246     2.9482     2.0618     2.2374 0.0000e+00
      6.000    11.3629   3.578273    31.4501       4272     2.9659     2.0768     2.2372 0.0000e+00
      5.000    11.3562   3.577846    31.4521       4299     2.9844     2.2207     2.2372 0.0000e+00
      4.000    11.3554   3.577840    31.4532       4325     3.0026     2.4946     2.2375 0.0000e+00
      3.000    11.3544   3.577719    31.4532       4395     3.0513     2.6451     2.2390 0.0000e+00
