HB2304/ctd147.cnv
* Sea-Bird SBE 9 Data File:
* FileName = C:\cruise\data\ctd147.hex
* Software Version Seasave V 7.26.7.121
* Temperature SN = 4591
* Conductivity SN = 3741
* Number of Bytes Per Scan = 37
* Number of Voltage Words = 4
* Number of Scans Averaged by the Deck Unit = 1
* NMEA Latitude = 41 52.06 N
* NMEA Longitude = 070 22.75 W
* NMEA UTC (Time) = Mar 08 2004  16:30:53
* NMEA baud rate = 4800
** Ship: Bigelow HB2304
** Program:  Fall Bottom Trawl Survey
** Chief Scientist: John Galbraith
# nquan = 7
# nvalues = 39                          
# units = specified
# name 0 = depSM: Depth [salt water, m]
# name 1 = t090C: Temperature [ITS-90, deg C]
# name 2 = c0S/m: Conductivity [S/m]
# name 3 = sal00: Salinity, Practical [PSU]
# name 4 = scan: Scan Count
# name 5 = timeM: Time, Elapsed [minutes]
# name 6 = flag: flag
# span 0 =      3.000,     22.000       
# span 1 =    15.1750,    15.1965       
# span 2 =   3.850136,   3.851575       
# span 3 =    30.8580,    30.8607       
# span 4 =         42,       3009       
# span 5 =     0.0285,     2.0887       
# span 6 = 0.0000e+00, 0.0000e+00       
# interval = meters: 1                  
# start_time = Mar 08 2004 16:30:53 [NMEA time, header]
# bad_flag = -9.990e-29
*END*
      3.000    15.1868   3.850208    30.8580         42     0.0285 0.0000e+00
      4.000    15.1882   3.850391    30.8582        274     0.1894 0.0000e+00
      5.000    15.1900   3.850611    30.8584        418     0.2898 0.0000e+00
      6.000    15.1904   3.850682    30.8584        437     0.3026 0.0000e+00
      7.000    15.1910   3.850770    30.8583        506     0.3507 0.0000e+00
      8.000    15.1937   3.851035    30.8582        561     0.3891 0.0000e+00
      9.000    15.1955   3.851223    30.8581        612     0.4246 0.0000e+00
     10.000    15.1956   3.851319    30.8585        694     0.4813 0.0000e+00
     11.000    15.1948   3.851282    30.8584        725     0.5029 0.0000e+00
     12.000    15.1946   3.851303    30.8584        792     0.5490 0.0000e+00
     13.000    15.1951   3.851393    30.8585        852     0.5907 0.0000e+00
     14.000    15.1960   3.851507    30.8584        899     0.6233 0.0000e+00
     15.000    15.1962   3.851575    30.8585        976     0.6769 0.0000e+00
     16.000    15.1943   3.851477    30.8587       1013     0.7028 0.0000e+00
     17.000    15.1770   3.850136    30.8601       1084     0.7519 0.0000e+00
     18.000    15.1767   3.850160    30.8601       1129     0.7833 0.0000e+00
     19.000    15.1760   3.850153    30.8602       1189     0.8253 0.0000e+00
     20.000    15.1762   3.850207    30.8602       1245     0.8641 0.0000e+00
     21.000    15.1758   3.850232    30.8604       1281     0.8888 0.0000e+00
     22.000    15.1750   3.850240    30.8607       2002     1.3899 0.0000e+00
     21.000    15.1779   3.850364    30.8599       2446     1.6976 0.0000e+00
     20.000    15.1792   3.850343    30.8591       2465     1.7109 0.0000e+00
     19.000    15.1797   3.850407    30.8596       2484     1.7245 0.0000e+00
     18.000    15.1824   3.850551    30.8591       2510     1.7423 0.0000e+00
     17.000    15.1853   3.850741    30.8589       2558     1.7756 0.0000e+00
     16.000    15.1858   3.850746    30.8589       2588     1.7963 0.0000e+00
     15.000    15.1853   3.850657    30.8589       2607     1.8099 0.0000e+00
     14.000    15.1860   3.850667    30.8588       2628     1.8242 0.0000e+00
     13.000    15.1894   3.850915    30.8587       2658     1.8455 0.0000e+00
     12.000    15.1939   3.851230    30.8583       2698     1.8727 0.0000e+00
     11.000    15.1953   3.851353    30.8587       2726     1.8920 0.0000e+00
     10.000    15.1950   3.851274    30.8586       2748     1.9078 0.0000e+00
      9.000    15.1959   3.851318    30.8586       2772     1.9240 0.0000e+00
      8.000    15.1965   3.851327    30.8586       2800     1.9437 0.0000e+00
      7.000    15.1943   3.851121    30.8589       2834     1.9672 0.0000e+00
      6.000    15.1935   3.851012    30.8589       2865     1.9890 0.0000e+00
      5.000    15.1940   3.851013    30.8588       2891     2.0067 0.0000e+00
      4.000    15.1943   3.850992    30.8588       2913     2.0221 0.0000e+00
      3.000    15.1945   3.850969    30.8588       3009     2.0887 0.0000e+00
