HB2304/ctd145.cnv
* Sea-Bird SBE 9 Data File:
* FileName = C:\cruise\data\ctd145.hex
* Software Version Seasave V 7.26.7.121
* Temperature SN = 4591
* Conductivity SN = 3741
* Number of Bytes Per Scan = 37
* Number of Voltage Words = 4
* Number of Scans Averaged by the Deck Unit = 1
* NMEA Latitude = 42 10.55 N
* NMEA Longitude = 070 33.21 W
* NMEA UTC (Time) = Mar 08 2004  02:49:21
* NMEA baud rate = 4800
** Ship: Bigelow HB2304
** Program:  Fall Bottom Trawl Survey
** Chief Scientist: John Galbraith
# nquan = 7
# nvalues = 69                          
# units = specified
# name 0 = depSM: Depth [salt water, m]
# name 1 = t090C: Temperature [ITS-90, deg C]
# name 2 = c0S/m: Conductivity [S/m]
# name 3 = sal00: Salinity, Practical [PSU]
# name 4 = scan: Scan Count
# name 5 = timeM: Time, Elapsed [minutes]
# name 6 = flag: flag
# span 0 =      3.000,     37.000       
# span 1 =    12.0167,    14.6958       
# span 2 =   3.684197,   3.828773       
# span 3 =    30.9977,    31.9069       
# span 4 =        239,       3300       
# span 5 =     0.1651,     2.2909       
# span 6 = 0.0000e+00, 0.0000e+00       
# interval = meters: 1                  
# start_time = Mar 08 2004 02:49:21 [NMEA time, header]
# bad_flag = -9.990e-29
*END*
      3.000    14.6673   3.821882    31.0155        239     0.1651 0.0000e+00
      4.000    14.6678   3.821990    31.0156        447     0.3096 0.0000e+00
      5.000    14.6697   3.822093    31.0147        493     0.3416 0.0000e+00
      6.000    14.6733   3.822328    31.0135        522     0.3618 0.0000e+00
      7.000    14.6780   3.822679    31.0126        560     0.3879 0.0000e+00
      8.000    14.6792   3.822773    31.0121        599     0.4153 0.0000e+00
      9.000    14.6787   3.822689    31.0114        630     0.4366 0.0000e+00
     10.000    14.6821   3.822933    31.0106        667     0.4625 0.0000e+00
     11.000    14.6831   3.823110    31.0109        710     0.4926 0.0000e+00
     12.000    14.6839   3.823164    31.0104        747     0.5180 0.0000e+00
     13.000    14.6830   3.823128    31.0104        782     0.5421 0.0000e+00
     14.000    14.6831   3.823199    31.0106        817     0.5669 0.0000e+00
     15.000    14.6859   3.823468    31.0104        854     0.5925 0.0000e+00
     16.000    14.6857   3.823522    31.0107        892     0.6190 0.0000e+00
     17.000    14.6894   3.823884    31.0107        921     0.6391 0.0000e+00
     18.000    14.6853   3.823626    31.0112        946     0.6562 0.0000e+00
     19.000    14.6873   3.823858    31.0113        971     0.6737 0.0000e+00
     20.000    14.6832   3.823462    31.0107       1000     0.6935 0.0000e+00
     21.000    14.6849   3.823825    31.0123       1029     0.7137 0.0000e+00
     22.000    14.6862   3.824209    31.0143       1055     0.7320 0.0000e+00
     23.000    14.6871   3.824385    31.0149       1081     0.7497 0.0000e+00
     24.000    14.6868   3.824490    31.0156       1106     0.7673 0.0000e+00
     25.000    14.6626   3.823926    31.0295       1131     0.7850 0.0000e+00
     26.000    14.6452   3.823740    31.0413       1158     0.8034 0.0000e+00
     27.000    14.6519   3.825122    31.0481       1186     0.8231 0.0000e+00
     28.000    14.6585   3.826121    31.0514       1214     0.8427 0.0000e+00
     29.000    14.6504   3.828773    31.0815       1243     0.8622 0.0000e+00
     30.000    14.4268   3.828162    31.2551       1274     0.8842 0.0000e+00
     31.000    14.2072   3.817079    31.3314       1303     0.9044 0.0000e+00
     32.000    14.0681   3.814588    31.4214       1326     0.9202 0.0000e+00
     33.000    13.8712   3.805703    31.5002       1347     0.9349 0.0000e+00
     34.000    13.6181   3.789425    31.5576       1370     0.9510 0.0000e+00
     35.000    13.0925   3.756360    31.6853       1398     0.9698 0.0000e+00
     36.000    12.0501   3.687188    31.9069       1427     0.9904 0.0000e+00
     37.000    12.0167   3.684197    31.9068       1436     0.9966 0.0000e+00
     36.000    12.1964   3.692852    31.8372       1541     1.0693 0.0000e+00
     35.000    12.2122   3.687584    31.7737       2646     1.8371 0.0000e+00
     34.000    13.2026   3.750658    31.5400       2393     1.6612 0.0000e+00
     33.000    13.6534   3.784919    31.4872       2453     1.7029 0.0000e+00
     32.000    13.7998   3.793951    31.4508       2485     1.7251 0.0000e+00
     31.000    13.9658   3.804679    31.4142       2508     1.7412 0.0000e+00
     30.000    14.1131   3.809479    31.3386       2534     1.7592 0.0000e+00
     29.000    14.2500   3.814390    31.2729       2567     1.7816 0.0000e+00
     28.000    14.5453   3.823512    31.1185       2593     1.7998 0.0000e+00
     27.000    14.6604   3.824042    31.0315       2614     1.8147 0.0000e+00
     26.000    14.6626   3.824084    31.0306       2639     1.8317 0.0000e+00
     25.000    14.6714   3.822630    31.0107       2670     1.8534 0.0000e+00
     24.000    14.6795   3.822558    31.0040       2697     1.8724 0.0000e+00
     23.000    14.6840   3.822789    31.0028       2720     1.8884 0.0000e+00
     22.000    14.6920   3.822882    30.9977       2745     1.9058 0.0000e+00
     21.000    14.6939   3.823123    30.9988       2777     1.9279 0.0000e+00
     20.000    14.6932   3.823203    31.0004       2807     1.9483 0.0000e+00
     19.000    14.6936   3.823373    31.0020       2830     1.9642 0.0000e+00
     18.000    14.6946   3.823445    31.0022       2851     1.9794 0.0000e+00
     17.000    14.6947   3.823477    31.0028       2878     1.9980 0.0000e+00
     16.000    14.6945   3.823492    31.0035       2909     2.0192 0.0000e+00
     15.000    14.6957   3.823598    31.0038       2935     2.0376 0.0000e+00
     14.000    14.6958   3.823614    31.0042       2960     2.0546 0.0000e+00
     13.000    14.6935   3.823396    31.0045       2985     2.0725 0.0000e+00
     12.000    14.6915   3.823016    31.0030       3012     2.0907 0.0000e+00
     11.000    14.6918   3.823029    31.0033       3038     2.1092 0.0000e+00
     10.000    14.6886   3.822843    31.0045       3069     2.1303 0.0000e+00
      9.000    14.6855   3.822657    31.0057       3099     2.1516 0.0000e+00
      8.000    14.6832   3.822526    31.0067       3124     2.1690 0.0000e+00
      7.000    14.6797   3.822320    31.0080       3150     2.1865 0.0000e+00
      6.000    14.6801   3.822299    31.0078       3180     2.2074 0.0000e+00
      5.000    14.6865   3.822589    31.0058       3209     2.2275 0.0000e+00
      4.000    14.6858   3.822551    31.0064       3231     2.2428 0.0000e+00
      3.000    14.6839   3.822491    31.0077       3300     2.2909 0.0000e+00
