HB2304/ctd107.cnv
* Sea-Bird SBE 9 Data File:
* FileName = C:\cruise\data\ctd107.hex
* Software Version Seasave V 7.26.7.121
* Temperature SN = 4591
* Conductivity SN = 3741
* Number of Bytes Per Scan = 37
* Number of Voltage Words = 4
* Number of Scans Averaged by the Deck Unit = 1
* NMEA Latitude = 39 59.48 N
* NMEA Longitude = 070 43.82 W
* NMEA UTC (Time) = Oct 12 2023  14:36:00
* NMEA baud rate = 4800
** Ship: Bigelow HB2304
** Program:  Fall Bottom Trawl Survey
** Chief Scientist: John Galbraith
# nquan = 7
# nvalues = 599                         
# units = specified
# name 0 = depSM: Depth [salt water, m]
# name 1 = t090C: Temperature [ITS-90, deg C]
# name 2 = c0S/m: Conductivity [S/m]
# name 3 = sal00: Salinity, Practical [PSU]
# name 4 = scan: Scan Count
# name 5 = timeM: Time, Elapsed [minutes]
# name 6 = flag: flag
# span 0 =      3.000,    302.000       
# span 1 =     8.3199,    16.5708       
# span 2 =   3.678539,   4.222212       
# span 3 =    32.4660,    35.3374       
# span 4 =        186,      18135       
# span 5 =     0.1286,    12.5934       
# span 6 = 0.0000e+00, 0.0000e+00       
# interval = meters: 1                  
# start_time = Oct 12 2023 14:36:00 [NMEA time, header]
# bad_flag = -9.990e-29
*END*
[from data line 411]
    190.000    10.1183   3.848140    35.1970      13223     9.1817 0.0000e+00
    189.000    10.1865   3.854994    35.2011      13262     9.2090 0.0000e+00
    188.000    10.2039   3.857377    35.2089      13295     9.2318 0.0000e+00
    187.000    10.2328   3.860184    35.2099      13316     9.2463 0.0000e+00
    186.000    10.2545   3.862490    35.2128      13333     9.2586 0.0000e+00
    185.000    10.3058   3.867715    35.2166      13351     9.2709 0.0000e+00
    184.000    10.3576   3.873724    35.2279      13371     9.2845 0.0000e+00
    183.000    10.5184   3.889727    35.2348      13398     9.3032 0.0000e+00
    182.000    10.7121   3.911609    35.2691      13441     9.3330 0.0000e+00
    181.000    10.7694   3.918366    35.2822      13473     9.3558 0.0000e+00
    180.000    10.8761   3.929603    35.2926      13495     9.3707 0.0000e+00
    179.000    10.8816   3.930777    35.2995      13516     9.3854 0.0000e+00
    178.000    10.8900   3.931317    35.2973      13543     9.4041 0.0000e+00
    177.000    10.9273   3.934395    35.2927      13574     9.4258 0.0000e+00
    176.000    10.9708   3.938278    35.2902      13598     9.4422 0.0000e+00
    175.000    11.0122   3.942619    35.2943      13617     9.4554 0.0000e+00
    174.000    11.0342   3.944520    35.2926      13635     9.4682 0.0000e+00
    173.000    11.0877   3.949813    35.2945      13656     9.4826 0.0000e+00
    172.000    11.0980   3.951193    35.2989      13688     9.5047 0.0000e+00
    171.000    11.0424   3.943831    35.2792      13731     9.5348 0.0000e+00
    170.000    11.0658   3.945108    35.2700      13760     9.5548 0.0000e+00
    169.000    11.1467   3.951826    35.2598      13783     9.5707 0.0000e+00
    168.000    11.2591   3.965023    35.2839      13804     9.5851 0.0000e+00
    167.000    11.1292   3.951113    35.2704      13823     9.5989 0.0000e+00
    166.000    11.0444   3.938001    35.2213      13844     9.6135 0.0000e+00
    165.000    11.0541   3.936470    35.1972      13871     9.6322 0.0000e+00
    164.000    11.0777   3.936391    35.1743      13905     9.6557 0.0000e+00
    163.000    11.1245   3.938646    35.1525      13932     9.6744 0.0000e+00
    162.000    11.2203   3.945278    35.1275      13956     9.6910 0.0000e+00
    161.000    11.2662   3.949105    35.1222      13981     9.7087 0.0000e+00
    160.000    11.3117   3.952343    35.1115      14007     9.7266 0.0000e+00
    159.000    11.4014   3.958754    35.0902      14032     9.7438 0.0000e+00
    158.000    11.4607   3.963454    35.0808      14058     9.7621 0.0000e+00
    157.000    11.4815   3.964899    35.0759      14087     9.7821 0.0000e+00
    156.000    11.4888   3.964840    35.0688      14118     9.8033 0.0000e+00
    155.000    11.4899   3.964279    35.0626      14145     9.8223 0.0000e+00
    154.000    11.4904   3.963920    35.0591      14167     9.8375 0.0000e+00
    153.000    11.4932   3.963936    35.0571      14187     9.8511 0.0000e+00
    152.000    11.5061   3.965098    35.0567      14206     9.8649 0.0000e+00
    151.000    11.5233   3.966870    35.0584      14233     9.8831 0.0000e+00
    150.000    11.5615   3.971175    35.0651      14272     9.9101 0.0000e+00
    149.000    11.5661   3.971839    35.0678      14302     9.9313 0.0000e+00
    148.000    11.5891   3.974278    35.0704      14323     9.9456 0.0000e+00
    147.000    11.5999   3.975610    35.0738      14343     9.9601 0.0000e+00
    146.000    11.6118   3.976627    35.0730      14369     9.9775 0.0000e+00
    145.000    11.5425   3.967937    35.0534      14398     9.9982 0.0000e+00
    144.000    11.4649   3.957231    35.0216      14427    10.0181 0.0000e+00
    143.000    11.4589   3.955928    35.0149      14451    10.0348 0.0000e+00
    142.000    11.4580   3.955713    35.0141      14473    10.0503 0.0000e+00
    141.000    11.4607   3.955903    35.0138      14497    10.0670 0.0000e+00
    140.000    11.4651   3.956344    35.0145      14525    10.0861 0.0000e+00
    139.000    11.4381   3.953119    35.0086      14554    10.1066 0.0000e+00
    138.000    11.3631   3.943701    34.9869      14582    10.1260 0.0000e+00
    137.000    11.3077   3.936133    34.9648      14608    10.1439 0.0000e+00
    136.000    11.2655   3.930648    34.9509      14633    10.1611 0.0000e+00
    135.000    11.1794   3.919322    34.9205      14659    10.1789 0.0000e+00
    134.000    11.1386   3.912847    34.8952      14685    10.1975 0.0000e+00
    133.000    11.1257   3.910511    34.8846      14711    10.2151 0.0000e+00
    132.000    11.0717   3.902920    34.8606      14734    10.2313 0.0000e+00
    131.000    11.0374   3.897407    34.8387      14758    10.2480 0.0000e+00
    130.000    11.0186   3.894476    34.8277      14787    10.2680 0.0000e+00
    129.000    11.0054   3.892521    34.8212      14818    10.2897 0.0000e+00
    128.000    10.9955   3.890904    34.8149      14843    10.3068 0.0000e+00
    127.000    10.9863   3.889066    34.8057      14864    10.3213 0.0000e+00
    126.000    10.9868   3.888795    34.8029      14887    10.3376 0.0000e+00
    125.000    10.9596   3.885410    34.7954      14925    10.3640 0.0000e+00
    124.000    10.9385   3.882538    34.7871      14958    10.3871 0.0000e+00
    123.000    10.9037   3.878249    34.7777      14977    10.4002 0.0000e+00
    122.000    10.8953   3.875665    34.7603      14995    10.4123 0.0000e+00
    121.000    10.9100   3.876892    34.7591      15015    10.4264 0.0000e+00
    120.000    10.9222   3.877562    34.7547      15043    10.4457 0.0000e+00
    119.000    10.9276   3.877457    34.7489      15076    10.4685 0.0000e+00
    118.000    10.9367   3.878198    34.7482      15105    10.4891 0.0000e+00
    117.000    10.9479   3.879344    34.7495      15130    10.5059 0.0000e+00
    116.000    10.9458   3.879095    34.7495      15151    10.5209 0.0000e+00
    115.000    10.9216   3.876031    34.7422      15174    10.5367 0.0000e+00
    114.000    10.8938   3.872213    34.7308      15205    10.5583 0.0000e+00
    113.000    10.8634   3.867921    34.7171      15244    10.5851 0.0000e+00
    112.000    10.8555   3.866910    34.7150      15269    10.6025 0.0000e+00
    111.000    10.8146   3.862735    34.7123      15287    10.6156 0.0000e+00
    110.000    10.7541   3.855062    34.6932      15306    10.6285 0.0000e+00
    109.000    10.7182   3.850450    34.6814      15328    10.6440 0.0000e+00
    108.000    10.6953   3.847283    34.6717      15361    10.6666 0.0000e+00
    107.000    10.6901   3.846444    34.6687      15395    10.6900 0.0000e+00
    106.000    10.6798   3.845022    34.6646      15420    10.7077 0.0000e+00
    105.000    10.6922   3.845657    34.6597      15443    10.7238 0.0000e+00
    104.000    10.7237   3.848752    34.6614      15465    10.7392 0.0000e+00
    103.000    10.7506   3.851360    34.6625      15487    10.7542 0.0000e+00
    102.000    10.7776   3.854293    34.6668      15514    10.7727 0.0000e+00
    101.000    10.7913   3.855730    34.6687      15551    10.7988 0.0000e+00
    100.000    10.8023   3.856786    34.6693      15583    10.8210 0.0000e+00
     99.000    10.8081   3.857370    34.6701      15606    10.8371 0.0000e+00
     98.000    10.8133   3.857875    34.6707      15628    10.8518 0.0000e+00
     97.000    10.8213   3.858513    34.6699      15648    10.8663 0.0000e+00
     96.000    10.8197   3.857839    34.6652      15670    10.8814 0.0000e+00
     95.000    10.7931   3.854329    34.6556      15695    10.8984 0.0000e+00
     94.000    10.7058   3.843777    34.6329      15728    10.9218 0.0000e+00
     93.000    10.5831   3.828757    34.5987      15767    10.9489 0.0000e+00
     92.000    10.4400   3.811374    34.5595      15791    10.9653 0.0000e+00
     91.000    10.3865   3.803527    34.5314      15809    10.9780 0.0000e+00
     90.000    10.3661   3.800538    34.5210      15827    10.9902 0.0000e+00
     89.000    10.3354   3.796296    34.5076      15849    11.0057 0.0000e+00
     88.000    10.3046   3.791031    34.4840      15893    11.0361 0.0000e+00
     87.000    10.3121   3.790898    34.4760      15931    11.0622 0.0000e+00
     86.000    10.3122   3.790729    34.4746      15950    11.0754 0.0000e+00
     85.000    10.3047   3.789774    34.4726      15967    11.0875 0.0000e+00
     84.000    10.2870   3.786927    34.4610      15986    11.1004 0.0000e+00
     83.000    10.3614   3.791939    34.4416      16009    11.1166 0.0000e+00
     82.000    10.5956   3.814051    34.4437      16044    11.1410 0.0000e+00
     81.000    10.6837   3.822986    34.4508      16080    11.1660 0.0000e+00
     80.000    10.7325   3.827251    34.4480      16104    11.1828 0.0000e+00
     79.000    10.7446   3.826373    34.4283      16125    11.1969 0.0000e+00
     78.000    10.7266   3.820906    34.3909      16145    11.2114 0.0000e+00
     77.000    10.7341   3.817391    34.3490      16172    11.2299 0.0000e+00
     76.000    10.7389   3.806991    34.2407      16211    11.2566 0.0000e+00
     75.000    10.6384   3.787913    34.1436      16242    11.2782 0.0000e+00
     74.000    10.3575   3.743427    33.9586      16262    11.2924 0.0000e+00
     73.000    10.3168   3.729243    33.8537      16280    11.3051 0.0000e+00
     72.000    10.3568   3.721616    33.7399      16300    11.3191 0.0000e+00
     71.000    10.4165   3.721164    33.6805      16329    11.3386 0.0000e+00
     70.000    10.6935   3.729735    33.5119      16363    11.3624 0.0000e+00
     69.000    10.8496   3.734362    33.4156      16390    11.3812 0.0000e+00
     68.000    10.9688   3.739421    33.3577      16414    11.3980 0.0000e+00
     67.000    11.0051   3.742042    33.3512      16440    11.4162 0.0000e+00
     66.000    11.0940   3.744768    33.2981      16469    11.4361 0.0000e+00
     65.000    11.3176   3.758180    33.2290      16495    11.4541 0.0000e+00
     64.000    11.5385   3.772693    33.1735      16519    11.4706 0.0000e+00
     63.000    11.6463   3.778939    33.1386      16543    11.4875 0.0000e+00
     62.000    11.7206   3.777971    33.0633      16569    11.5057 0.0000e+00
     61.000    11.7747   3.777124    33.0073      16597    11.5250 0.0000e+00
     60.000    11.8690   3.778684    32.9394      16623    11.5430 0.0000e+00
     59.000    11.9898   3.784436    32.8889      16646    11.5592 0.0000e+00
     58.000    12.0350   3.787533    32.8793      16669    11.5748 0.0000e+00
     57.000    12.1043   3.792154    32.8634      16693    11.5916 0.0000e+00
     56.000    12.2112   3.799819    32.8438      16723    11.6125 0.0000e+00
     55.000    12.3340   3.807847    32.8138      16756    11.6357 0.0000e+00
     54.000    12.4466   3.816592    32.7996      16783    11.6540 0.0000e+00
     53.000    12.6645   3.835794    32.7934      16803    11.6682 0.0000e+00
     52.000    12.9141   3.858717    32.7947      16823    11.6816 0.0000e+00
     51.000    13.2870   3.890799    32.7754      16844    11.6964 0.0000e+00
     50.000    13.8051   3.946686    32.8524      16873    11.7167 0.0000e+00
     49.000    14.6191   4.030408    32.9298      16908    11.7412 0.0000e+00
     48.000    15.3567   4.099485    32.9323      16933    11.7585 0.0000e+00
     47.000    15.3871   4.101571    32.9260      16954    11.7728 0.0000e+00
     46.000    15.8109   4.140755    32.9219      16975    11.7878 0.0000e+00
     45.000    15.8135   4.146093    32.9676      17001    11.8055 0.0000e+00
     44.000    15.9998   4.160499    32.9405      17030    11.8259 0.0000e+00
     43.000    15.9836   4.164729    32.9918      17061    11.8471 0.0000e+00
     42.000    16.1343   4.174348    32.9519      17089    11.8664 0.0000e+00
     41.000    16.2376   4.187386    32.9815      17112    11.8828 0.0000e+00
     40.000    16.1632   4.181741    32.9938      17132    11.8967 0.0000e+00
     39.000    16.2334   4.186624    32.9790      17151    11.9100 0.0000e+00
     38.000    16.3543   4.199689    32.9940      17173    11.9248 0.0000e+00
     37.000    16.3962   4.204510    33.0020      17206    11.9478 0.0000e+00
     36.000    16.4055   4.205294    33.0016      17245    11.9748 0.0000e+00
     35.000    16.4596   4.209190    32.9914      17268    11.9910 0.0000e+00
     34.000    16.4533   4.208884    32.9943      17287    12.0042 0.0000e+00
     33.000    16.4193   4.197610    32.9240      17307    12.0180 0.0000e+00
     32.000    16.3725   4.190463    32.9003      17331    12.0345 0.0000e+00
     31.000    16.3201   4.182578    32.8748      17360    12.0550 0.0000e+00
     30.000    16.0119   4.129955    32.6657      17393    12.0779 0.0000e+00
     29.000    15.9902   4.125134    32.6416      17422    12.0977 0.0000e+00
     28.000    15.9537   4.114245    32.5758      17444    12.1129 0.0000e+00
     27.000    15.9615   4.114384    32.5710      17462    12.1260 0.0000e+00
     26.000    15.9653   4.114241    32.5670      17481    12.1391 0.0000e+00
     25.000    15.9722   4.113079    32.5514      17504    12.1546 0.0000e+00
     24.000    15.9842   4.113193    32.5430      17539    12.1791 0.0000e+00
     23.000    15.9907   4.113421    32.5400      17580    12.2076 0.0000e+00
     22.000    16.0001   4.113411    32.5326      17603    12.2235 0.0000e+00
     21.000    16.0072   4.113742    32.5300      17621    12.2361 0.0000e+00
     20.000    16.0139   4.114331    32.5301      17638    12.2482 0.0000e+00
     19.000    16.0405   4.116136    32.5246      17658    12.2615 0.0000e+00
     18.000    16.0524   4.116387    32.5175      17686    12.2813 0.0000e+00
     17.000    16.0527   4.115495    32.5097      17728    12.3105 0.0000e+00
     16.000    16.0493   4.114860    32.5073      17755    12.3295 0.0000e+00
     15.000    16.0450   4.113745    32.5014      17775    12.3431 0.0000e+00
     14.000    16.0397   4.113201    32.5012      17794    12.3563 0.0000e+00
     13.000    16.0360   4.111649    32.4909      17815    12.3708 0.0000e+00
     12.000    16.0593   4.111948    32.4749      17842    12.3893 0.0000e+00
     11.000    16.1321   4.119097    32.4787      17874    12.4120 0.0000e+00
     10.000    16.1555   4.121431    32.4806      17906    12.4339 0.0000e+00
      9.000    16.2150   4.125977    32.4722      17932    12.4520 0.0000e+00
      8.000    16.2220   4.127261    32.4782      17954    12.4673 0.0000e+00
      7.000    16.2561   4.129136    32.4673      17974    12.4814 0.0000e+00
      6.000    16.3072   4.134336    32.4715      17995    12.4958 0.0000e+00
      5.000    16.3442   4.137753    32.4717      18022    12.5145 0.0000e+00
      4.000    16.3756   4.140014    32.4663      18053    12.5359 0.0000e+00
      3.000    16.3967   4.141892    32.4660      18135    12.5934 0.0000e+00
