HB2304/ctd134.cnv
* Sea-Bird SBE 9 Data File:
* FileName = C:\cruise\data\ctd134.hex
* Software Version Seasave V 7.26.7.121
* Temperature SN = 4591
* Conductivity SN = 3741
* Number of Bytes Per Scan = 37
* Number of Voltage Words = 4
* Number of Scans Averaged by the Deck Unit = 1
* NMEA Latitude = 41 13.45 N
* NMEA Longitude = 066 37.17 W
* NMEA UTC (Time) = Oct 19 2023  23:52:09
* NMEA baud rate = 4800
** Ship: Bigelow HB2304
** Program:  Fall Bottom Trawl Survey
** Chief Scientist: John Galbraith
# nquan = 7
# nvalues = 158                         
# units = specified
# name 0 = depSM: Depth [salt water, m]
# name 1 = t090C: Temperature [ITS-90, deg C]
# name 2 = c0S/m: Conductivity [S/m]
# name 3 = sal00: Salinity, Practical [PSU]
# name 4 = scan: Scan Count
# name 5 = timeM: Time, Elapsed [minutes]
# name 6 = flag: flag
# span 0 =      2.000,     81.000       
# span 1 =     9.0560,    14.8526       
# span 2 =   3.521059,   3.908638       
# span 3 =    31.4522,    32.8932       
# span 4 =         92,       6543       
# span 5 =     0.0635,     4.5430       
# span 6 = 0.0000e+00, 0.0000e+00       
# interval = meters: 1                  
# start_time = Oct 19 2023 23:52:09 [NMEA time, header]
# bad_flag = -9.990e-29
*END*
      3.000    14.8526   3.886777    31.4522         92     0.0635 0.0000e+00
      4.000    14.8259   3.886887    31.4744        318     0.2201 0.0000e+00
      5.000    14.7283   3.883756    31.5246        335     0.2317 0.0000e+00
      6.000    14.7063   3.884186    31.5459        359     0.2489 0.0000e+00
      7.000    14.6933   3.886152    31.5740        396     0.2743 0.0000e+00
      8.000    14.6597   3.886234    31.6016        426     0.2954 0.0000e+00
      9.000    14.6329   3.885515    31.6165        448     0.3105 0.0000e+00
     10.000    14.6005   3.885353    31.6411        470     0.3256 0.0000e+00
     11.000    14.5914   3.886606    31.6594        496     0.3435 0.0000e+00
     12.000    14.6031   3.893117    31.7086        527     0.3655 0.0000e+00
     13.000    14.5502   3.899459    31.8090        559     0.3874 0.0000e+00
     14.000    14.5275   3.902981    31.8593        586     0.4062 0.0000e+00
     15.000    14.5109   3.904433    31.8858        613     0.4250 0.0000e+00
     16.000    14.5225   3.907209    31.9011        640     0.4438 0.0000e+00
     17.000    14.5243   3.908638    31.9122        663     0.4600 0.0000e+00
     18.000    14.4956   3.906986    31.9204        686     0.4758 0.0000e+00
     19.000    14.3271   3.891307    31.9159        714     0.4951 0.0000e+00
     20.000    14.2781   3.886277    31.9100        747     0.5184 0.0000e+00
     21.000    14.2443   3.883370    31.9109        776     0.5384 0.0000e+00
     22.000    14.2083   3.881259    31.9210        798     0.5534 0.0000e+00
     23.000    14.1496   3.877881    31.9382        820     0.5686 0.0000e+00
     24.000    14.0525   3.870388    31.9495        933     0.6471 0.0000e+00
     25.000    13.9071   3.861395    31.9871       1007     0.6984 0.0000e+00
     26.000    13.7388   3.851361    32.0343       1056     0.7329 0.0000e+00
     27.000    13.5192   3.839076    32.1038       1088     0.7547 0.0000e+00
     28.000    13.4781   3.835574    32.1054       1111     0.7707 0.0000e+00
     29.000    13.4481   3.832766    32.1041       1132     0.7853 0.0000e+00
     30.000    13.4022   3.828755    32.1048       1153     0.8000 0.0000e+00
     31.000    13.2515   3.815676    32.1092       1178     0.8174 0.0000e+00
     32.000    13.0231   3.796857    32.1252       1211     0.8405 0.0000e+00
     33.000    12.8258   3.783027    32.1618       1247     0.8650 0.0000e+00
     34.000    12.5434   3.763611    32.2181       1275     0.8847 0.0000e+00
     35.000    12.2879   3.744397    32.2535       1300     0.9024 0.0000e+00
     36.000    11.8108   3.711623    32.3498       1327     0.9209 0.0000e+00
     37.000    11.5562   3.690570    32.3666       1354     0.9394 0.0000e+00
     38.000    11.3222   3.673102    32.4002       1378     0.9561 0.0000e+00
     39.000    11.2187   3.665235    32.4134       1400     0.9718 0.0000e+00
     40.000    11.0947   3.655844    32.4297       1424     0.9881 0.0000e+00
     41.000    10.7917   3.636998    32.5109       1451     1.0071 0.0000e+00
     42.000    10.4805   3.615682    32.5751       1485     1.0305 0.0000e+00
     43.000    10.3949   3.609288    32.5872       1520     1.0550 0.0000e+00
     44.000    10.3650   3.607255    32.5931       1546     1.0731 0.0000e+00
     45.000    10.3407   3.605358    32.5955       1567     1.0877 0.0000e+00
     46.000    10.3329   3.605567    32.6041       1588     1.1024 0.0000e+00
     47.000    10.2878   3.602397    32.6123       1616     1.1217 0.0000e+00
     48.000    10.2322   3.597978    32.6173       1658     1.1506 0.0000e+00
     49.000    10.2318   3.598086    32.6183       1689     1.1720 0.0000e+00
     50.000    10.2312   3.598675    32.6243       1708     1.1854 0.0000e+00
     51.000    10.2063   3.597587    32.6353       1725     1.1972 0.0000e+00
     52.000    10.1768   3.595286    32.6382       1743     1.2097 0.0000e+00
     53.000    10.1314   3.591880    32.6443       1767     1.2262 0.0000e+00
     54.000    10.0727   3.586851    32.6459       1818     1.2618 0.0000e+00
     55.000    10.0419   3.584972    32.6543       1862     1.2922 0.0000e+00
     56.000    10.0121   3.582623    32.6570       1883     1.3072 0.0000e+00
     57.000    10.0050   3.581959    32.6562       1902     1.3200 0.0000e+00
     58.000     9.9974   3.581942    32.6624       1919     1.3323 0.0000e+00
     59.000     9.9587   3.579532    32.6725       1938     1.3454 0.0000e+00
     60.000     9.8774   3.574433    32.6940       1962     1.3615 0.0000e+00
     61.000     9.7685   3.567613    32.7229       1996     1.3857 0.0000e+00
     62.000     9.7146   3.564262    32.7373       2041     1.4164 0.0000e+00
     63.000     9.4825   3.550802    32.8108       2073     1.4389 0.0000e+00
     64.000     9.3305   3.541217    32.8511       2098     1.4563 0.0000e+00
     65.000     9.2723   3.536479    32.8552       2122     1.4732 0.0000e+00
     66.000     9.2423   3.534514    32.8621       2147     1.4905 0.0000e+00
     67.000     9.2246   3.533140    32.8638       2173     1.5081 0.0000e+00
     68.000     9.2203   3.532587    32.8615       2198     1.5257 0.0000e+00
     69.000     9.1658   3.529425    32.8786       2224     1.5436 0.0000e+00
     70.000     9.1429   3.527700    32.8814       2249     1.5615 0.0000e+00
     71.000     9.1274   3.526619    32.8840       2274     1.5787 0.0000e+00
     72.000     9.1126   3.525601    32.8867       2302     1.5978 0.0000e+00
     73.000     9.1169   3.525621    32.8825       2344     1.6269 0.0000e+00
     74.000     9.1047   3.524990    32.8867       2379     1.6514 0.0000e+00
     75.000     9.0818   3.523488    32.8918       2400     1.6659 0.0000e+00
     76.000     9.0774   3.523156    32.8920       2419     1.6792 0.0000e+00
     77.000     9.0752   3.523051    32.8924       2440     1.6940 0.0000e+00
     78.000     9.0691   3.522617    32.8932       2466     1.7117 0.0000e+00
     79.000     9.0694   3.522635    32.8926       2494     1.7312 0.0000e+00
     80.000     9.0664   3.521835    32.8866       3211     2.2292 0.0000e+00
     81.000     9.0560   3.521059    32.8877       3879     2.6934 0.0000e+00
     80.000     9.0604   3.521338    32.8870       3694     2.5645 0.0000e+00
     79.000     9.0602   3.521281    32.8871       3714     2.5787 0.0000e+00
     78.000     9.0597   3.521202    32.8871       3743     2.5985 0.0000e+00
     77.000     9.0656   3.521430    32.8845       3786     2.6288 0.0000e+00
     76.000     9.0784   3.522121    32.8804       3829     2.6580 0.0000e+00
     75.000     9.0846   3.522450    32.8785       3852     2.6744 0.0000e+00
     74.000     9.0849   3.522433    32.8785       3871     2.6873 0.0000e+00
     73.000     9.0866   3.522488    32.8779       3888     2.6995 0.0000e+00
     72.000     9.1037   3.523339    32.8715       3907     2.7126 0.0000e+00
     71.000     9.1033   3.523389    32.8728       3931     2.7295 0.0000e+00
     70.000     9.1325   3.525106    32.8641       3968     2.7549 0.0000e+00
     69.000     9.1545   3.526213    32.8557       4004     2.7799 0.0000e+00
     68.000     9.2044   3.529415    32.8434       4029     2.7972 0.0000e+00
     67.000     9.2264   3.530750    32.8374       4051     2.8126 0.0000e+00
     66.000     9.2453   3.532058    32.8340       4074     2.8287 0.0000e+00
     65.000     9.2416   3.531841    32.8357       4098     2.8452 0.0000e+00
     64.000     9.3105   3.535339    32.8089       4124     2.8630 0.0000e+00
     63.000     9.4670   3.545429    32.7698       4157     2.8862 0.0000e+00
     62.000     9.4690   3.545827    32.7725       4195     2.9123 0.0000e+00
     61.000     9.6254   3.554692    32.7211       4223     2.9320 0.0000e+00
     60.000     9.7339   3.561415    32.6915       4245     2.9476 0.0000e+00
     59.000     9.8236   3.566749    32.6650       4267     2.9623 0.0000e+00
     58.000     9.8919   3.570968    32.6464       4289     2.9779 0.0000e+00
     57.000     9.9416   3.574501    32.6379       4314     2.9949 0.0000e+00
     56.000    10.0040   3.579212    32.6297       4340     3.0131 0.0000e+00
     55.000    10.0199   3.580222    32.6260       4367     3.0322 0.0000e+00
     54.000    10.0255   3.580600    32.6252       4394     3.0510 0.0000e+00
     53.000    10.0382   3.581387    32.6221       4421     3.0693 0.0000e+00
     52.000    10.0696   3.583606    32.6168       4447     3.0875 0.0000e+00
     51.000    10.0799   3.584122    32.6131       4473     3.1055 0.0000e+00
     50.000    10.0911   3.584574    32.6081       4497     3.1221 0.0000e+00
     49.000    10.1469   3.588349    32.5964       4520     3.1379 0.0000e+00
     48.000    10.1854   3.591617    32.5952       4545     3.1559 0.0000e+00
     47.000    10.2319   3.595111    32.5891       4577     3.1775 0.0000e+00
     46.000    10.2391   3.595385    32.5858       4604     3.1963 0.0000e+00
     45.000    10.2421   3.594917    32.5789       4625     3.2111 0.0000e+00
     44.000    10.2898   3.597500    32.5625       4647     3.2266 0.0000e+00
     43.000    10.3532   3.602124    32.5526       4679     3.2486 0.0000e+00
     42.000    10.3837   3.603514    32.5396       4727     3.2823 0.0000e+00
     41.000    10.4216   3.605801    32.5291       4756     3.3023 0.0000e+00
     40.000    10.6069   3.615861    32.4651       4783     3.3206 0.0000e+00
     39.000    10.9853   3.639445    32.3647       4807     3.3378 0.0000e+00
     38.000    11.1407   3.650872    32.3411       4831     3.3543 0.0000e+00
     37.000    11.3251   3.664447    32.3132       4855     3.3710 0.0000e+00
     36.000    11.6142   3.684401    32.2563       4883     3.3901 0.0000e+00
     35.000    12.0292   3.715071    32.1944       4914     3.4121 0.0000e+00
     34.000    12.3324   3.737433    32.1489       4946     3.4339 0.0000e+00
     33.000    12.6270   3.760647    32.1189       4973     3.4530 0.0000e+00
     32.000    12.9104   3.779686    32.0587       4998     3.4704 0.0000e+00
     31.000    13.0893   3.793410    32.0372       5022     3.4870 0.0000e+00
     30.000    13.3594   3.815756    32.0194       5046     3.5033 0.0000e+00
     29.000    13.4779   3.828001    32.0346       5071     3.5210 0.0000e+00
     28.000    13.5330   3.833214    32.0373       5101     3.5418 0.0000e+00
     27.000    13.5710   3.836605    32.0375       5133     3.5638 0.0000e+00
     26.000    13.6544   3.841162    32.0103       5162     3.5841 0.0000e+00
     25.000    13.8373   3.851244    31.9515       5188     3.6022 0.0000e+00
     24.000    13.9987   3.861086    31.9086       5212     3.6186 0.0000e+00
     23.000    14.1232   3.870278    31.8903       5237     3.6363 0.0000e+00
     22.000    14.1815   3.874722    31.8833       5269     3.6585 0.0000e+00
     21.000    14.2450   3.879712    31.8769       5306     3.6840 0.0000e+00
     20.000    14.2961   3.884938    31.8829       5342     3.7090 0.0000e+00
     19.000    14.3594   3.890728    31.8840       5372     3.7298 0.0000e+00
     18.000    14.4871   3.903143    31.8924       5398     3.7482 0.0000e+00
     17.000    14.4963   3.903590    31.8893       5425     3.7665 0.0000e+00
     16.000    14.4973   3.903563    31.8886       5452     3.7856 0.0000e+00
     15.000    14.4853   3.901839    31.8832       5482     3.8064 0.0000e+00
     14.000    14.4782   3.900540    31.8776       5509     3.8250 0.0000e+00
     13.000    14.4700   3.898707    31.8680       5535     3.8429 0.0000e+00
     12.000    14.4631   3.896392    31.8530       5567     3.8652 0.0000e+00
     11.000    14.4899   3.897517    31.8416       5600     3.8885 0.0000e+00
     10.000    14.5149   3.892990    31.7803       5623     3.9045 0.0000e+00
      9.000    14.5896   3.890607    31.6979       5642     3.9174 0.0000e+00
      8.000    14.6006   3.885980    31.6474       5661     3.9303 0.0000e+00
      7.000    14.6082   3.883593    31.6200       5685     3.9476 0.0000e+00
      6.000    14.6458   3.884952    31.6020       6342     4.4032 0.0000e+00
      5.000    14.6914   3.886005    31.5749       6462     4.4866 0.0000e+00
      4.000    14.7102   3.884831    31.5494       6490     4.5063 0.0000e+00
      3.000    14.7293   3.881891    31.5078       6517     4.5252 0.0000e+00
      2.000    14.8347   3.886129    31.4611       6543     4.5430 0.0000e+00
