HB2304/ctd106.cnv
* Sea-Bird SBE 9 Data File:
* FileName = C:\cruise\data\ctd106.hex
* Software Version Seasave V 7.26.7.121
* Temperature SN = 4591
* Conductivity SN = 3741
* Number of Bytes Per Scan = 37
* Number of Voltage Words = 4
* Number of Scans Averaged by the Deck Unit = 1
* NMEA Latitude = 40 06.77 N
* NMEA Longitude = 070 52.18 W
* NMEA UTC (Time) = Oct 12 2023  11:42:49
* NMEA baud rate = 4800
** Ship: Bigelow HB2304
** Program:  Fall Bottom Trawl Survey
** Chief Scientist: John Galbraith
# nquan = 7
# nvalues = 274                         
# units = specified
# name 0 = depSM: Depth [salt water, m]
# name 1 = t090C: Temperature [ITS-90, deg C]
# name 2 = c0S/m: Conductivity [S/m]
# name 3 = sal00: Salinity, Practical [PSU]
# name 4 = scan: Scan Count
# name 5 = timeM: Time, Elapsed [minutes]
# name 6 = flag: flag
# span 0 =      2.000,    139.000       
# span 1 =     9.9509,    15.4657       
# span 2 =   3.642436,   4.136025       
# span 3 =    31.9052,    35.2979       
# span 4 =        149,       8401       
# span 5 =     0.1027,     5.8330       
# span 6 = 0.0000e+00, 0.0000e+00       
# interval = meters: 1                  
# start_time = Oct 12 2023 11:42:49 [NMEA time, header]
# bad_flag = -9.990e-29
*END*
      3.000    15.4631   3.994622    31.9245        149     0.1027 0.0000e+00
      4.000    15.4633   3.994713    31.9248        259     0.1793 0.0000e+00
      5.000    15.4657   3.995005    31.9251        290     0.2008 0.0000e+00
      6.000    15.4647   3.994862    31.9242        315     0.2184 0.0000e+00
      7.000    15.4635   3.994788    31.9241        338     0.2338 0.0000e+00
      8.000    15.4646   3.994924    31.9242        359     0.2487 0.0000e+00
      9.000    15.4615   3.994727    31.9245        380     0.2628 0.0000e+00
     10.000    15.4612   3.995292    31.9294        403     0.2792 0.0000e+00
     11.000    15.4302   3.992949    31.9333        437     0.3030 0.0000e+00
     12.000    15.3535   3.986151    31.9346        474     0.3282 0.0000e+00
     13.000    15.2772   3.979504    31.9368        496     0.3436 0.0000e+00
     14.000    15.2509   3.976841    31.9341        515     0.3569 0.0000e+00
     15.000    15.2483   3.976533    31.9331        537     0.3724 0.0000e+00
     16.000    15.2460   3.976317    31.9326        568     0.3941 0.0000e+00
     17.000    15.2454   3.976283    31.9324        599     0.4155 0.0000e+00
     18.000    15.2453   3.976295    31.9322        622     0.4313 0.0000e+00
     19.000    15.2454   3.976384    31.9326        644     0.4464 0.0000e+00
     20.000    15.2452   3.976435    31.9328        669     0.4638 0.0000e+00
     21.000    15.2391   3.976178    31.9351        699     0.4848 0.0000e+00
     22.000    15.2186   3.975158    31.9423        729     0.5055 0.0000e+00
     23.000    15.1596   3.971171    31.9543        753     0.5223 0.0000e+00
     24.000    15.1543   3.972075    31.9663        774     0.5371 0.0000e+00
     25.000    15.1177   3.970732    31.9838        797     0.5528 0.0000e+00
     26.000    14.9090   3.956223    32.0237        829     0.5749 0.0000e+00
     27.000    14.5567   3.927276    32.0511        870     0.6034 0.0000e+00
     28.000    14.7004   3.949344    32.1324        895     0.6205 0.0000e+00
     29.000    14.9660   3.990648    32.2862        912     0.6323 0.0000e+00
     30.000    14.8730   3.988407    32.3425        927     0.6430 0.0000e+00
     31.000    14.4705   3.946123    32.2927        944     0.6550 0.0000e+00
     32.000    14.1190   3.910611    32.2606        974     0.6755 0.0000e+00
     33.000    13.7630   3.881900    32.2941       1029     0.7141 0.0000e+00
     34.000    13.6049   3.867503    32.2935       1054     0.7313 0.0000e+00
     35.000    13.5290   3.862140    32.3073       1072     0.7436 0.0000e+00
     36.000    13.1831   3.840233    32.3956       1089     0.7557 0.0000e+00
     37.000    12.9237   3.819580    32.4223       1109     0.7694 0.0000e+00
     38.000    12.8530   3.812925    32.4195       1135     0.7873 0.0000e+00
     39.000    12.8279   3.810517    32.4179       1170     0.8120 0.0000e+00
     40.000    12.7289   3.802756    32.4288       1205     0.8364 0.0000e+00
     41.000    12.6043   3.793400    32.4467       1230     0.8534 0.0000e+00
     42.000    12.3820   3.778012    32.4913       1250     0.8672 0.0000e+00
     43.000    12.1388   3.759821    32.5274       1269     0.8806 0.0000e+00
     44.000    12.0613   3.753663    32.5351       1291     0.8958 0.0000e+00
     45.000    12.0127   3.750015    32.5417       1321     0.9168 0.0000e+00
     46.000    11.9972   3.748595    32.5412       1358     0.9423 0.0000e+00
     47.000    11.9601   3.746438    32.5523       1385     0.9615 0.0000e+00
     48.000    11.9437   3.745368    32.5558       1408     0.9772 0.0000e+00
     49.000    11.9414   3.745182    32.5557       1432     0.9939 0.0000e+00
     50.000    11.9379   3.744993    32.5565       1458     1.0121 0.0000e+00
     51.000    11.9237   3.744131    32.5601       1483     1.0292 0.0000e+00
     52.000    11.8617   3.740401    32.5778       1505     1.0442 0.0000e+00
     53.000    11.7627   3.732471    32.5872       1526     1.0589 0.0000e+00
     54.000    11.7326   3.729844    32.5876       1554     1.0783 0.0000e+00
     55.000    11.7147   3.728054    32.5854       1595     1.1069 0.0000e+00
     56.000    11.7161   3.728113    32.5844       1624     1.1273 0.0000e+00
     57.000    11.7035   3.727903    32.5930       1644     1.1410 0.0000e+00
     58.000    11.6815   3.727510    32.6080       1663     1.1539 0.0000e+00
     59.000    11.6236   3.725521    32.6391       1684     1.1690 0.0000e+00
     60.000    11.5280   3.720599    32.6749       1716     1.1911 0.0000e+00
     61.000    11.4637   3.716485    32.6910       1752     1.2156 0.0000e+00
     62.000    11.3773   3.712039    32.7235       1776     1.2326 0.0000e+00
     63.000    11.2407   3.708255    32.8072       1796     1.2464 0.0000e+00
     64.000    11.1796   3.706707    32.8459       1816     1.2602 0.0000e+00
     65.000    11.1598   3.706318    32.8593       1840     1.2768 0.0000e+00
     66.000    11.1323   3.705598    32.8763       1877     1.3027 0.0000e+00
     67.000    11.1112   3.705542    32.8942       1915     1.3295 0.0000e+00
     68.000    11.1048   3.705828    32.9023       1937     1.3446 0.0000e+00
     69.000    11.0866   3.705753    32.9174       1956     1.3577 0.0000e+00
     70.000    11.0592   3.704903    32.9331       1977     1.3720 0.0000e+00
     71.000    11.0400   3.704138    32.9423       2005     1.3919 0.0000e+00
     72.000    11.0151   3.703444    32.9573       2045     1.4195 0.0000e+00
     73.000    11.0091   3.703243    32.9603       2074     1.4393 0.0000e+00
     74.000    10.9929   3.703079    32.9728       2093     1.4530 0.0000e+00
     75.000    10.9810   3.702858    32.9809       2112     1.4657 0.0000e+00
     76.000    10.9675   3.702620    32.9902       2132     1.4797 0.0000e+00
     77.000    10.9366   3.702236    33.0138       2161     1.4999 0.0000e+00
     78.000    10.9061   3.701900    33.0374       2203     1.5292 0.0000e+00
     79.000    10.8807   3.701530    33.0562       2234     1.5505 0.0000e+00
     80.000    10.8455   3.700612    33.0785       2255     1.5650 0.0000e+00
     81.000    10.8209   3.699962    33.0937       2274     1.5782 0.0000e+00
     82.000    10.7972   3.699265    33.1078       2294     1.5922 0.0000e+00
     83.000    10.7315   3.696861    33.1429       2320     1.6106 0.0000e+00
     84.000    10.6695   3.694964    33.1798       2364     1.6412 0.0000e+00
     85.000    10.6221   3.693504    33.2078       2399     1.6656 0.0000e+00
     86.000    10.5506   3.687929    33.2166       2418     1.6782 0.0000e+00
     87.000    10.4883   3.684110    33.2346       2433     1.6889 0.0000e+00
     88.000    10.3742   3.676924    33.2662       2448     1.6995 0.0000e+00
     89.000    10.3091   3.671410    33.2698       2467     1.7127 0.0000e+00
     90.000    10.2486   3.665005    33.2601       2517     1.7475 0.0000e+00
     91.000    10.0116   3.645932    33.2842       2566     1.7812 0.0000e+00
     92.000     9.9509   3.642436    33.3041       2583     1.7931 0.0000e+00
     93.000    10.1282   3.665455    33.3739       2599     1.8042 0.0000e+00
     94.000    10.1825   3.677653    33.4470       2616     1.8159 0.0000e+00
     95.000    10.1111   3.676047    33.4962       2637     1.8303 0.0000e+00
     96.000    10.0360   3.676269    33.5676       2668     1.8523 0.0000e+00
     97.000     9.9912   3.675964    33.6057       2709     1.8805 0.0000e+00
     98.000     9.9878   3.677574    33.6248       2736     1.8993 0.0000e+00
     99.000    10.0043   3.680131    33.6350       2756     1.9132 0.0000e+00
    100.000    10.0158   3.682093    33.6438       2776     1.9269 0.0000e+00
    101.000    10.0249   3.683564    33.6499       2800     1.9438 0.0000e+00
    102.000    10.0316   3.684713    33.6549       2838     1.9700 0.0000e+00
    103.000    10.0356   3.685364    33.6573       2878     1.9981 0.0000e+00
    104.000    10.0363   3.685880    33.6615       2902     2.0145 0.0000e+00
    105.000    10.0387   3.686825    33.6684       2920     2.0270 0.0000e+00
    106.000    10.0490   3.688638    33.6768       2937     2.0387 0.0000e+00
    107.000    10.0641   3.690755    33.6838       2956     2.0520 0.0000e+00
    108.000    10.0959   3.695497    33.7019       2984     2.0714 0.0000e+00
    109.000    10.1095   3.698717    33.7215       3026     2.1010 0.0000e+00
    110.000    10.1139   3.699853    33.7285       3058     2.1230 0.0000e+00
    111.000    10.1119   3.700276    33.7342       3080     2.1384 0.0000e+00
    112.000    10.1136   3.701366    33.7432       3101     2.1526 0.0000e+00
    113.000    10.1422   3.705562    33.7587       3123     2.1680 0.0000e+00
    114.000    10.1876   3.712015    33.7814       3151     2.1873 0.0000e+00
    115.000    10.2317   3.718256    33.8030       3185     2.2112 0.0000e+00
    116.000    10.2917   3.725875    33.8238       3217     2.2336 0.0000e+00
    117.000    10.3430   3.732838    33.8459       3242     2.2507 0.0000e+00
    118.000    10.3772   3.737035    33.8560       3263     2.2654 0.0000e+00
    119.000    10.5332   3.757765    33.9192       3285     2.2803 0.0000e+00
    120.000    10.6838   3.779621    33.9980       3311     2.2985 0.0000e+00
    121.000    10.8717   3.808383    34.1105       3342     2.3204 0.0000e+00
    122.000    10.9336   3.816681    34.1352       3373     2.3415 0.0000e+00
    123.000    11.1870   3.853431    34.2644       3401     2.3609 0.0000e+00
    124.000    11.2556   3.864096    34.3058       3426     2.3785 0.0000e+00
    125.000    11.3434   3.876264    34.3440       3449     2.3948 0.0000e+00
    126.000    11.3869   3.883194    34.3715       3474     2.4117 0.0000e+00
    127.000    11.4174   3.887532    34.3855       3502     2.4313 0.0000e+00
    128.000    11.4337   3.890411    34.3984       3534     2.4532 0.0000e+00
    129.000    11.4423   3.892456    34.4100       3563     2.4736 0.0000e+00
    130.000    11.4348   3.892759    34.4196       3588     2.4908 0.0000e+00
    131.000    11.4538   3.895865    34.4321       3610     2.5065 0.0000e+00
    132.000    11.4917   3.901659    34.4535       3633     2.5222 0.0000e+00
    133.000    11.5550   3.911663    34.4926       3659     2.5402 0.0000e+00
    134.000    11.7082   3.935114    34.5798       3691     2.5622 0.0000e+00
    135.000    11.8080   3.951027    34.6424       3722     2.5837 0.0000e+00
    136.000    11.9457   3.968768    34.6870       3748     2.6020 0.0000e+00
    137.000    12.0979   3.990904    34.7606       3774     2.6199 0.0000e+00
    138.000    12.5648   4.061385    35.0067       3859     2.6792 0.0000e+00
    139.000    13.0226   4.136025    35.2979       4476     3.1079 0.0000e+00
    138.000    12.3398   4.030774    34.9226       4803     3.3350 0.0000e+00
    137.000    12.1524   4.005827    34.8550       4919     3.4154 0.0000e+00
    136.000    12.0947   3.995199    34.8058       4914     3.4121 0.0000e+00
    135.000    11.9514   3.976088    34.7535       4941     3.4309 0.0000e+00
    134.000    11.8013   3.953602    34.6743       4973     3.4524 0.0000e+00
    133.000    11.6785   3.936388    34.6204       4997     3.4694 0.0000e+00
    132.000    11.5716   3.918095    34.5408       5017     3.4830 0.0000e+00
    131.000    11.5208   3.909527    34.5043       5036     3.4962 0.0000e+00
    130.000    11.4804   3.902822    34.4764       5061     3.5140 0.0000e+00
    129.000    11.4482   3.896046    34.4400       5104     3.5440 0.0000e+00
    128.000    11.4548   3.895838    34.4322       5137     3.5667 0.0000e+00
    127.000    11.4424   3.893858    34.4248       5157     3.5804 0.0000e+00
    126.000    11.4218   3.891035    34.4164       5175     3.5928 0.0000e+00
    125.000    11.4006   3.887829    34.4050       5195     3.6067 0.0000e+00
    124.000    11.3702   3.883997    34.3959       5225     3.6278 0.0000e+00
    123.000    11.2706   3.869704    34.3478       5263     3.6545 0.0000e+00
    122.000    11.2295   3.864306    34.3330       5287     3.6709 0.0000e+00
    121.000    11.0424   3.840610    34.2726       5305     3.6833 0.0000e+00
    120.000    10.9407   3.823293    34.1953       5322     3.6951 0.0000e+00
    119.000    10.8710   3.812926    34.1573       5343     3.7095 0.0000e+00
    118.000    10.5986   3.773151    34.0133       5382     3.7370 0.0000e+00
    117.000    10.4285   3.747760    33.9168       5425     3.7667 0.0000e+00
    116.000    10.3834   3.740646    33.8876       5446     3.7811 0.0000e+00
    115.000    10.3692   3.738376    33.8783       5464     3.7938 0.0000e+00
    114.000    10.3053   3.731148    33.8653       5484     3.8074 0.0000e+00
    113.000    10.2321   3.720520    33.8265       5510     3.8254 0.0000e+00
    112.000    10.2000   3.715620    33.8072       5541     3.8475 0.0000e+00
    111.000    10.1637   3.710340    33.7880       5568     3.8662 0.0000e+00
    110.000    10.1255   3.703699    33.7567       5591     3.8823 0.0000e+00
    109.000    10.1255   3.702430    33.7442       5615     3.8988 0.0000e+00
    108.000    10.1155   3.700937    33.7389       5642     3.9176 0.0000e+00
    107.000    10.1102   3.699592    33.7306       5673     3.9389 0.0000e+00
    106.000    10.1128   3.699016    33.7229       5702     3.9592 0.0000e+00
    105.000    10.0812   3.694491    33.7067       5726     3.9755 0.0000e+00
    104.000    10.0534   3.690137    33.6888       5748     3.9907 0.0000e+00
    103.000    10.0425   3.688135    33.6791       5773     4.0087 0.0000e+00
    102.000    10.0329   3.686029    33.6670       5806     4.0311 0.0000e+00
    101.000    10.0327   3.685218    33.6595       5834     4.0504 0.0000e+00
    100.000    10.0299   3.684648    33.6567       5855     4.0654 0.0000e+00
     99.000    10.0272   3.683904    33.6521       5877     4.0804 0.0000e+00
     98.000    10.0224   3.682990    33.6477       5901     4.0970 0.0000e+00
     97.000    10.0097   3.680969    33.6395       5927     4.1155 0.0000e+00
     96.000     9.9962   3.678291    33.6252       5955     4.1350 0.0000e+00
     95.000     9.9959   3.676543    33.6081       5984     4.1551 0.0000e+00
     94.000    10.0246   3.675647    33.5728       6017     4.1777 0.0000e+00
     93.000    10.0786   3.674708    33.5137       6047     4.1988 0.0000e+00
     92.000    10.1570   3.676009    33.4548       6070     4.2144 0.0000e+00
     91.000    10.1394   3.670586    33.4166       6090     4.2283 0.0000e+00
     90.000    10.0051   3.651151    33.3436       6111     4.2431 0.0000e+00
     89.000    10.0506   3.646631    33.2563       6137     4.2613 0.0000e+00
     88.000    10.1816   3.657431    33.2459       6167     4.2820 0.0000e+00
     87.000    10.2700   3.664395    33.2357       6193     4.3002 0.0000e+00
     86.000    10.3564   3.671752    33.2313       6217     4.3170 0.0000e+00
     85.000    10.4477   3.677990    33.2111       6243     4.3347 0.0000e+00
     84.000    10.5781   3.686711    33.1802       6272     4.3547 0.0000e+00
     83.000    10.6255   3.690658    33.1771       6302     4.3758 0.0000e+00
     82.000    10.6941   3.692535    33.1341       6332     4.3965 0.0000e+00
     81.000    10.7655   3.695019    33.0946       6359     4.4151 0.0000e+00
     80.000    10.8038   3.696713    33.0773       6382     4.4311 0.0000e+00
     79.000    10.8309   3.697489    33.0610       6403     4.4456 0.0000e+00
     78.000    10.8694   3.698473    33.0365       6424     4.4603 0.0000e+00
     77.000    10.8842   3.698910    33.0279       6448     4.4772 0.0000e+00
     76.000    10.9260   3.699506    32.9967       6477     4.4969 0.0000e+00
     75.000    10.9502   3.699898    32.9792       6507     4.5183 0.0000e+00
     74.000    10.9779   3.700466    32.9604       6537     4.5386 0.0000e+00
     73.000    10.9930   3.700850    32.9510       6561     4.5555 0.0000e+00
     72.000    11.0003   3.700998    32.9464       6583     4.5711 0.0000e+00
     71.000    11.0069   3.701156    32.9425       6610     4.5894 0.0000e+00
