HB2304/ctd108.cnv
* Sea-Bird SBE 9 Data File:
* FileName = C:\cruise\data\ctd108.hex
* Software Version Seasave V 7.26.7.121
* Temperature SN = 4591
* Conductivity SN = 3741
* Number of Bytes Per Scan = 37
* Number of Voltage Words = 4
* Number of Scans Averaged by the Deck Unit = 1
* NMEA Latitude = 40 03.93 N
* NMEA Longitude = 070 37.80 W
* NMEA UTC (Time) = Oct 12 2023  16:43:19
* NMEA baud rate = 4800
** Ship: Bigelow HB2304
** Program:  Fall Bottom Trawl Survey
** Chief Scientist: John Galbraith
# nquan = 7
# nvalues = 243                         
# units = specified
# name 0 = depSM: Depth [salt water, m]
# name 1 = t090C: Temperature [ITS-90, deg C]
# name 2 = c0S/m: Conductivity [S/m]
# name 3 = sal00: Salinity, Practical [PSU]
# name 4 = scan: Scan Count
# name 5 = timeM: Time, Elapsed [minutes]
# name 6 = flag: flag
# span 0 =      4.000,    126.000       
# span 1 =     9.9771,    15.5377       
# span 2 =   3.678544,   4.044452       
# span 3 =    31.7621,    34.8882       
# span 4 =        191,       8303       
# span 5 =     0.1322,     5.7653       
# span 6 = 0.0000e+00, 0.0000e+00       
# interval = meters: 1                  
# start_time = Oct 12 2023 16:43:19 [NMEA time, header]
# bad_flag = -9.990e-29
*END*
[from data line 206]
     42.000    13.9565   3.890886    32.2112       7136     4.9551 0.0000e+00
     41.000    13.9795   3.891160    32.1949       7161     4.9720 0.0000e+00
     40.000    13.9982   3.891149    32.1795       7188     4.9910 0.0000e+00
     39.000    14.0038   3.891004    32.1739       7222     5.0146 0.0000e+00
     38.000    14.0072   3.890504    32.1669       7251     5.0350 0.0000e+00
     37.000    14.0065   3.890443    32.1673       7273     5.0499 0.0000e+00
     36.000    14.0104   3.890543    32.1653       7292     5.0631 0.0000e+00
     35.000    14.0420   3.892125    32.1539       7312     5.0768 0.0000e+00
     34.000    14.0724   3.894844    32.1540       7335     5.0929 0.0000e+00
     33.000    14.0428   3.893234    32.1642       7368     5.1161 0.0000e+00
     32.000    14.1301   3.898706    32.1420       7408     5.1436 0.0000e+00
     31.000    14.3496   3.914252    32.1023       7433     5.1611 0.0000e+00
     30.000    14.3876   3.917382    32.0998       7453     5.1752 0.0000e+00
     29.000    14.4281   3.920994    32.0995       7475     5.1903 0.0000e+00
     28.000    14.4481   3.923017    32.1018       7504     5.2103 0.0000e+00
     27.000    14.4532   3.923770    32.1049       7535     5.2322 0.0000e+00
     26.000    14.4588   3.924264    32.1051       7560     5.2494 0.0000e+00
     25.000    14.4674   3.924902    32.1041       7583     5.2650 0.0000e+00
     24.000    14.4910   3.926291    32.0977       7608     5.2828 0.0000e+00
     23.000    14.5593   3.930097    32.0762       7639     5.3043 0.0000e+00
     22.000    14.6231   3.933203    32.0522       7668     5.3244 0.0000e+00
     21.000    14.6586   3.934663    32.0365       7692     5.3409 0.0000e+00
     20.000    14.8069   3.947584    32.0318       7716     5.3574 0.0000e+00
     19.000    14.8928   3.953458    32.0148       7749     5.3808 0.0000e+00
     18.000    15.0700   3.969518    32.0146       7788     5.4073 0.0000e+00
     17.000    15.0515   3.967773    32.0144       7810     5.4232 0.0000e+00
     16.000    15.0439   3.965248    31.9982       7829     5.4361 0.0000e+00
     15.000    15.0338   3.961951    31.9773       7847     5.4489 0.0000e+00
     14.000    15.1191   3.966541    31.9492       7871     5.4653 0.0000e+00
     13.000    15.2522   3.978117    31.9448       7911     5.4934 0.0000e+00
     12.000    15.2906   3.982327    31.9515       7950     5.5205 0.0000e+00
     11.000    15.3017   3.983184    31.9505       7975     5.5378 0.0000e+00
     10.000    15.3657   3.985656    31.9210       7998     5.5534 0.0000e+00
      9.000    15.4797   3.995021    31.9123       8022     5.5702 0.0000e+00
      8.000    15.4840   3.993936    31.8996       8048     5.5882 0.0000e+00
      7.000    15.3721   3.973398    31.8076       8161     5.6666 0.0000e+00
      6.000    15.5231   3.981961    31.7621       8303     5.7653 0.0000e+00
