HB2304/ctd196.cnv
* Sea-Bird SBE 9 Data File:
* FileName = C:\cruise\data\ctd196.hex
* Software Version Seasave V 7.26.7.121
* Temperature SN = 4591
* Conductivity SN = 3741
* Number of Bytes Per Scan = 37
* Number of Voltage Words = 4
* Number of Scans Averaged by the Deck Unit = 1
* NMEA Latitude = 42 22.60 N
* NMEA Longitude = 069 48.90 W
* NMEA UTC (Time) = Nov 14 2023 03:41:01
* NMEA baud rate = 4800
** Ship: Bigelow HB2304
** Program:  Fall Bottom Trawl Survey
** Chief Scientist: John Galbraith
# nquan = 9
# nvalues = 475                         
# units = specified
# name 0 = depSM: Depth [salt water, m]
# name 1 = t090C: Temperature [ITS-90, deg C]
# name 2 = c0S/m: Conductivity [S/m]
# name 3 = sal00: Salinity, Practical [PSU]
# name 4 = scan: Scan Count
# name 5 = timeM: Time, Elapsed [minutes]
# name 6 = sbeox0V: Oxygen raw, SBE 43 [V]
# name 7 = sbeox1V: Oxygen raw, SBE 43, 2 [V]
# name 8 = flag: flag
# span 0 =      3.000,    240.000       
# span 1 =     7.6724,    10.9935       
# span 2 =   3.426753,   3.624450       
# span 3 =    32.1132,    34.2127       
# span 4 =        193,      14018       
# span 5 =     0.1333,     9.7341       
# span 6 =     1.5210,     4.3034       
# span 7 =     1.4285,     2.2659       
# span 8 = 0.0000e+00, 0.0000e+00       
# interval = meters: 1                  
# start_time = Nov 14 2023 03:41:01 [NMEA time, header]
# bad_flag = -9.990e-29
*END*
      3.000    10.9515   3.610365    32.1221        193     0.1333     2.7860     2.2441 0.0000e+00
      4.000    10.9547   3.610838    32.1235        363     0.2515     2.7811     2.2467 0.0000e+00
      5.000    10.9392   3.609343    32.1219        393     0.2720     2.8147     2.2484 0.0000e+00
      6.000    10.9515   3.610483    32.1220        419     0.2902     2.8961     2.2480 0.0000e+00
      7.000    10.9707   3.612577    32.1254        445     0.3085     3.0128     2.2469 0.0000e+00
      8.000    10.9821   3.614014    32.1292        472     0.3269     3.1522     2.2497 0.0000e+00
      9.000    10.9902   3.615118    32.1326        497     0.3445     3.2983     2.2487 0.0000e+00
     10.000    10.9912   3.615315    32.1332        522     0.3618     3.4491     2.2493 0.0000e+00
     11.000    10.9933   3.615587    32.1337        548     0.3800     3.6148     2.2465 0.0000e+00
     12.000    10.9935   3.615711    32.1343        576     0.3996     3.7983     2.2452 0.0000e+00
     13.000    10.9913   3.615575    32.1345        604     0.4189     3.9783     2.2475 0.0000e+00
     14.000    10.9833   3.614936    32.1347        630     0.4367     4.2249     2.2450 0.0000e+00
     15.000    10.9659   3.613185    32.1322        655     0.4539     4.3034     2.2495 0.0000e+00
     16.000    10.9652   3.613063    32.1312        680     0.4714     3.9098     2.2517 0.0000e+00
     17.000    10.9626   3.612844    32.1309        707     0.4900     3.4682     2.2495 0.0000e+00
     18.000    10.9588   3.612566    32.1310        734     0.5090     3.1318     2.2480 0.0000e+00
     19.000    10.9407   3.610944    32.1305        761     0.5281     2.8916     2.2487 0.0000e+00
     20.000    10.9401   3.610835    32.1294        788     0.5464     2.7321     2.2495 0.0000e+00
     21.000    10.9399   3.610851    32.1294        813     0.5640     2.6226     2.2510 0.0000e+00
     22.000    10.9370   3.610706    32.1301        838     0.5814     2.5429     2.2453 0.0000e+00
     23.000    10.9119   3.608762    32.1324        864     0.5994     2.4802     2.2470 0.0000e+00
     24.000    10.9074   3.608355    32.1319        891     0.6181     2.4268     2.2522 0.0000e+00
     25.000    10.9060   3.608273    32.1319        918     0.6371     2.3816     2.2540 0.0000e+00
     26.000    10.8922   3.607321    32.1341        946     0.6562     2.3478     2.2568 0.0000e+00
     27.000    10.8762   3.606174    32.1363        973     0.6750     2.3255     2.2566 0.0000e+00
     28.000    10.8538   3.604587    32.1398       1000     0.6936     2.3128     2.2558 0.0000e+00
     29.000    10.8354   3.603178    32.1416       1026     0.7118     2.3044     2.2595 0.0000e+00
     30.000    10.8277   3.602511    32.1413       1052     0.7299     2.3190     2.2611 0.0000e+00
     31.000    10.8226   3.602147    32.1418       1079     0.7483     2.3494     2.2608 0.0000e+00
     32.000    10.8156   3.601642    32.1425       1105     0.7668     2.3710     2.2576 0.0000e+00
     33.000    10.8122   3.601399    32.1426       1132     0.7855     2.3839     2.2587 0.0000e+00
     34.000    10.8100   3.601243    32.1426       1159     0.8043     2.3968     2.2626 0.0000e+00
     35.000    10.8093   3.601200    32.1424       1187     0.8236     2.4085     2.2625 0.0000e+00
     36.000    10.8080   3.601154    32.1426       1214     0.8426     2.4151     2.2659 0.0000e+00
     37.000    10.8047   3.600953    32.1431       1241     0.8610     2.4147     2.2653 0.0000e+00
     38.000    10.7914   3.599886    32.1438       1267     0.8790     2.4143     2.2623 0.0000e+00
     39.000    10.7879   3.599569    32.1433       1294     0.8980     2.4148     2.2594 0.0000e+00
     40.000    10.7860   3.599435    32.1431       1322     0.9177     2.4125     2.2608 0.0000e+00
     41.000    10.7846   3.599348    32.1431       1350     0.9366     2.4098     2.2559 0.0000e+00
     42.000    10.7844   3.599390    32.1432       1375     0.9545     2.4087     2.2560 0.0000e+00
     43.000    10.7855   3.599660    32.1445       1401     0.9722     2.4020     2.2530 0.0000e+00
     44.000    10.7884   3.600144    32.1464       1427     0.9905     2.3968     2.2498 0.0000e+00
     45.000    10.7955   3.601388    32.1520       1456     1.0104     2.3911     2.2507 0.0000e+00
     46.000    10.8060   3.604020    32.1686       1485     1.0307     2.3878     2.2460 0.0000e+00
     47.000    10.7943   3.606691    32.2049       1512     1.0494     2.3852     2.2374 0.0000e+00
     48.000    10.8002   3.608857    32.2208       1537     1.0667     2.3765     2.2326 0.0000e+00
     49.000    10.8346   3.624450    32.3448       1562     1.0841     2.3551     2.2113 0.0000e+00
     50.000    10.7299   3.621676    32.4094       1589     1.1027     2.3252     2.1819 0.0000e+00
     51.000    10.6944   3.620210    32.4259       1617     1.1224     2.2689     2.1393 0.0000e+00
     52.000    10.6638   3.619840    32.4490       1645     1.1419     2.2076     2.0819 0.0000e+00
     53.000    10.5449   3.613764    32.4937       1673     1.1609     2.1622     2.0414 0.0000e+00
     54.000    10.1813   3.588891    32.5688       1699     1.1792     2.1286     2.0099 0.0000e+00
     55.000     9.6954   3.544413    32.5552       1725     1.1971     2.0954     1.9782 0.0000e+00
     56.000     9.5180   3.527321    32.5406       1750     1.2149     2.0482     1.9422 0.0000e+00
     57.000     9.3378   3.513466    32.5616       1777     1.2335     1.9981     1.8971 0.0000e+00
     58.000     9.2837   3.509039    32.5648       1805     1.2525     1.9575     1.8553 0.0000e+00
     59.000     9.1989   3.501312    32.5620       1832     1.2716     1.9314     1.8276 0.0000e+00
     60.000     9.1023   3.494715    32.5816       1860     1.2909     1.9124     1.8053 0.0000e+00
     61.000     9.0863   3.498209    32.6319       1889     1.3109     1.8972     1.7913 0.0000e+00
     62.000     9.1101   3.501151    32.6401       1917     1.3303     1.8862     1.7791 0.0000e+00
     63.000     9.0638   3.497715    32.6466       1943     1.3488     1.8816     1.7706 0.0000e+00
     64.000     8.9369   3.486442    32.6455       1969     1.3666     1.8773     1.7683 0.0000e+00
     65.000     8.9340   3.486754    32.6510       1994     1.3843     1.8714     1.7616 0.0000e+00
     66.000     8.9324   3.487125    32.6558       2021     1.4025     1.8651     1.7560 0.0000e+00
     67.000     8.9449   3.489139    32.6649       2048     1.4215     1.8598     1.7507 0.0000e+00
     68.000     9.0155   3.499714    32.7093       2076     1.4409     1.8567     1.7478 0.0000e+00
     69.000     8.9967   3.500754    32.7370       2105     1.4611     1.8558     1.7464 0.0000e+00
     70.000     8.9230   3.494423    32.7386       2135     1.4818     1.8554     1.7450 0.0000e+00
     71.000     8.9559   3.500448    32.7705       2163     1.5011     1.8536     1.7407 0.0000e+00
     72.000     8.9893   3.508778    32.8259       2189     1.5191     1.8519     1.7404 0.0000e+00
     73.000     8.8476   3.498965    32.8542       2214     1.5371     1.8493     1.7370 0.0000e+00
     74.000     8.8129   3.495903    32.8539       2241     1.5557     1.8434     1.7325 0.0000e+00
     75.000     8.7996   3.494842    32.8547       2270     1.5756     1.8343     1.7275 0.0000e+00
     76.000     8.7901   3.494003    32.8543       2299     1.5957     1.8252     1.7175 0.0000e+00
     77.000     8.7890   3.493873    32.8535       2327     1.6152     1.8193     1.7128 0.0000e+00
     78.000     8.7888   3.493818    32.8527       2354     1.6340     1.8158     1.7070 0.0000e+00
     79.000     8.7866   3.493670    32.8527       2381     1.6529     1.8144     1.7027 0.0000e+00
     80.000     8.7627   3.492328    32.8603       2409     1.6723     1.8130     1.7043 0.0000e+00
     81.000     8.7133   3.489103    32.8720       2438     1.6924     1.8101     1.7024 0.0000e+00
     82.000     8.6990   3.488165    32.8750       2466     1.7118     1.8056     1.6990 0.0000e+00
     83.000     8.6620   3.486169    32.8880       2493     1.7302     1.8009     1.6949 0.0000e+00
     84.000     8.5741   3.480701    32.9120       2519     1.7484     1.7965     1.6894 0.0000e+00
     85.000     8.5413   3.478356    32.9175       2547     1.7677     1.7917     1.6838 0.0000e+00
     86.000     8.5261   3.477019    32.9171       2575     1.7876     1.7870     1.6771 0.0000e+00
     87.000     8.4815   3.474306    32.9296       2603     1.8068     1.7828     1.6751 0.0000e+00
     88.000     8.4617   3.473174    32.9358       2630     1.8258     1.7803     1.6724 0.0000e+00
     89.000     8.4495   3.472640    32.9410       2659     1.8458     1.7785     1.6701 0.0000e+00
     90.000     8.4251   3.471283    32.9491       2688     1.8659     1.7764     1.6684 0.0000e+00
     91.000     8.3898   3.469299    32.9607       2715     1.8848     1.7741     1.6659 0.0000e+00
     92.000     8.2882   3.462302    32.9815       2741     1.9025     1.7728     1.6621 0.0000e+00
     93.000     8.2109   3.456210    32.9891       2766     1.9201     1.7703     1.6638 0.0000e+00
     94.000     8.1552   3.452742    33.0041       2793     1.9389     1.7660     1.6577 0.0000e+00
     95.000     8.0581   3.445392    33.0170       2822     1.9590     1.7628     1.6576 0.0000e+00
     96.000     8.0044   3.440801    33.0182       2850     1.9787     1.7574     1.6534 0.0000e+00
     97.000     8.0065   3.441603    33.0243       2878     1.9978     1.7534     1.6508 0.0000e+00
     98.000     8.0160   3.443280    33.0327       2905     2.0167     1.7518     1.6489 0.0000e+00
     99.000     7.9746   3.440695    33.0438       2933     2.0359     1.7516     1.6468 0.0000e+00
    100.000     7.8583   3.430294    33.0421       2959     2.0545     1.7484     1.6492 0.0000e+00
    101.000     7.8417   3.429342    33.0472       2986     2.0726     1.7442     1.6419 0.0000e+00
    102.000     7.8241   3.428124    33.0504       3012     2.0909     1.7424     1.6411 0.0000e+00
    103.000     7.8152   3.428052    33.0575       3040     2.1105     1.7409     1.6408 0.0000e+00
    104.000     7.7988   3.428104    33.0732       3068     2.1299     1.7403     1.6395 0.0000e+00
    105.000     7.7930   3.429676    33.0950       3095     2.1488     1.7392     1.6377 0.0000e+00
    106.000     7.7853   3.429718    33.1023       3122     2.1671     1.7363     1.6351 0.0000e+00
    107.000     7.7850   3.433274    33.1402       3147     2.1849     1.7314     1.6310 0.0000e+00
    108.000     7.8328   3.438665    33.1521       3174     2.2032     1.7263     1.6286 0.0000e+00
    109.000     7.8683   3.442819    33.1624       3201     2.2224     1.7225     1.6206 0.0000e+00
    110.000     7.8780   3.443944    33.1647       3230     2.2423     1.7195     1.6152 0.0000e+00
    111.000     7.8959   3.446326    33.1727       3258     2.2619     1.7174     1.6146 0.0000e+00
    112.000     7.9153   3.451320    33.2073       3285     2.2809     1.7153     1.6120 0.0000e+00
    113.000     7.8764   3.450158    33.2313       3312     2.2993     1.7143     1.6128 0.0000e+00
    114.000     7.8384   3.447098    33.2343       3338     2.3171     1.7132     1.6105 0.0000e+00
    115.000     7.8294   3.446410    33.2350       3364     2.3353     1.7110     1.6061 0.0000e+00
    116.000     7.8235   3.446518    33.2413       3391     2.3543     1.7081     1.6041 0.0000e+00
    117.000     7.8155   3.446540    33.2486       3420     2.3742     1.7046     1.6021 0.0000e+00
    118.000     7.8136   3.446607    33.2507       3447     2.3934     1.7024     1.6041 0.0000e+00
    119.000     7.8075   3.446101    33.2506       3474     2.4117     1.7019     1.6045 0.0000e+00
    120.000     7.8027   3.445592    33.2492       3500     2.4296     1.7012     1.6017 0.0000e+00
    121.000     7.7992   3.445505    33.2511       3526     2.4479     1.7004     1.6013 0.0000e+00
    122.000     7.7857   3.444677    33.2547       3553     2.4666     1.7005     1.6003 0.0000e+00
    123.000     7.7758   3.443907    33.2554       3580     2.4855     1.7000     1.5979 0.0000e+00
    124.000     7.7712   3.443898    33.2592       3608     2.5047     1.6999     1.5990 0.0000e+00
    125.000     7.7750   3.444890    33.2658       3636     2.5242     1.6985     1.5962 0.0000e+00
    126.000     7.7838   3.446521    33.2744       3664     2.5435     1.6978     1.5967 0.0000e+00
    127.000     7.8086   3.450912    33.2973       3689     2.5613     1.6966     1.5974 0.0000e+00
    128.000     7.8037   3.450795    33.3003       3714     2.5785     1.6958     1.5944 0.0000e+00
    129.000     7.8112   3.452126    33.3069       3740     2.5962     1.6947     1.5950 0.0000e+00
    130.000     7.8169   3.453045    33.3109       3768     2.6156     1.6930     1.5914 0.0000e+00
    131.000     7.8128   3.452960    33.3134       3796     2.6357     1.6909     1.5884 0.0000e+00
    132.000     7.7999   3.451942    33.3143       3824     2.6550     1.6902     1.5902 0.0000e+00
    133.000     7.8111   3.453549    33.3204       3851     2.6733     1.6897     1.5855 0.0000e+00
    134.000     7.8646   3.462772    33.3676       3877     2.6913     1.6896     1.5849 0.0000e+00
    135.000     7.8706   3.464502    33.3800       3903     2.7096     1.6898     1.5884 0.0000e+00
    136.000     7.8655   3.464871    33.3883       3929     2.7275     1.6873     1.5848 0.0000e+00
    137.000     7.8505   3.464316    33.3962       3955     2.7461     1.6831     1.5828 0.0000e+00
    138.000     7.7889   3.461022    33.4194       3983     2.7654     1.6800     1.5814 0.0000e+00
    139.000     7.7575   3.460659    33.4450       4010     2.7839     1.6784     1.5783 0.0000e+00
    140.000     7.7508   3.460734    33.4519       4036     2.8019     1.6769     1.5774 0.0000e+00
    141.000     7.7355   3.459947    33.4576       4062     2.8198     1.6758     1.5740 0.0000e+00
    142.000     7.7221   3.459209    33.4620       4087     2.8378     1.6735     1.5718 0.0000e+00
    143.000     7.7073   3.458685    33.4701       4115     2.8567     1.6730     1.5730 0.0000e+00
    144.000     7.6931   3.457924    33.4752       4143     2.8763     1.6752     1.5700 0.0000e+00
    145.000     7.6724   3.456918    33.4837       4170     2.8954     1.6781     1.5722 0.0000e+00
    146.000     7.6804   3.459393    33.5022       4197     2.9138     1.6808     1.5766 0.0000e+00
    147.000     7.6958   3.461186    33.5062       4223     2.9317     1.6833     1.5775 0.0000e+00
    148.000     7.7333   3.465542    33.5165       4249     2.9497     1.6848     1.5829 0.0000e+00
    149.000     7.7516   3.468709    33.5325       4275     2.9682     1.6851     1.5836 0.0000e+00
    150.000     7.7757   3.471932    33.5435       4302     2.9866     1.6827     1.5829 0.0000e+00
    151.000     7.7984   3.475152    33.5557       4329     3.0053     1.6799     1.5825 0.0000e+00
    152.000     7.7943   3.475991    33.5681       4356     3.0240     1.6768     1.5763 0.0000e+00
    153.000     7.7953   3.476840    33.5759       4382     3.0423     1.6723     1.5719 0.0000e+00
    154.000     7.8002   3.479235    33.5963       4409     3.0609     1.6683     1.5700 0.0000e+00
    155.000     7.8029   3.481035    33.6126       4437     3.0805     1.6655     1.5658 0.0000e+00
    156.000     7.7990   3.481092    33.6164       4465     3.0998     1.6636     1.5659 0.0000e+00
    157.000     7.8016   3.481562    33.6185       4492     3.1184     1.6632     1.5643 0.0000e+00
    158.000     7.8119   3.483320    33.6270       4518     3.1365     1.6639     1.5640 0.0000e+00
    159.000     7.8211   3.485554    33.6416       4543     3.1545     1.6644     1.5667 0.0000e+00
    160.000     7.8307   3.487344    33.6511       4570     3.1732     1.6658     1.5629 0.0000e+00
    161.000     7.8368   3.488626    33.6585       4598     3.1923     1.6654     1.5637 0.0000e+00
    162.000     7.8427   3.489630    33.6631       4624     3.2105     1.6645     1.5655 0.0000e+00
