HB2304/ctd168.cnv
* Sea-Bird SBE 9 Data File:
* FileName = C:\cruise\data\ctd168.hex
* Software Version Seasave V 7.26.7.121
* Temperature SN = 4591
* Conductivity SN = 3741
* Number of Bytes Per Scan = 37
* Number of Voltage Words = 4
* Number of Scans Averaged by the Deck Unit = 1
* NMEA Latitude = 43 04.06 N
* NMEA Longitude = 067 52.36 W
* NMEA UTC (Time) = Nov 05 2023 05:01:25
* NMEA baud rate = 4800
** Ship: Bigelow HB2304
** Program:  Fall Bottom Trawl Survey
** Chief Scientist: John Galbraith
# nquan = 9
# nvalues = 357                         
# units = specified
# name 0 = depSM: Depth [salt water, m]
# name 1 = t090C: Temperature [ITS-90, deg C]
# name 2 = c0S/m: Conductivity [S/m]
# name 3 = sal00: Salinity, Practical [PSU]
# name 4 = scan: Scan Count
# name 5 = timeM: Time, Elapsed [minutes]
# name 6 = sbeox0V: Oxygen raw, SBE 43 [V]
# name 7 = sbeox1V: Oxygen raw, SBE 43, 2 [V]
# name 8 = flag: flag
# span 0 =      1.000,    180.000       
# span 1 =     8.0388,    12.4401       
# span 2 =   3.471773,   3.753114       
# span 3 =    32.1867,    34.3573       
# span 4 =        156,      11177       
# span 5 =     0.1074,     7.7608       
# span 6 =     1.6561,     2.4485       
# span 7 =     1.5551,     2.3046       
# span 8 = 0.0000e+00, 0.0000e+00       
# interval = meters: 1                  
# start_time = Nov 05 2023 05:01:25 [NMEA time, header]
# bad_flag = -9.990e-29
*END*
[from data line 161]
    164.000     8.5775   3.613906    34.2740       4657     3.2332     1.6585     1.5588 0.0000e+00
    165.000     8.5707   3.613644    34.2774       4684     3.2523     1.6579     1.5582 0.0000e+00
    166.000     8.5680   3.613518    34.2782       4713     3.2719     1.6581     1.5596 0.0000e+00
    167.000     8.5626   3.613265    34.2803       4740     3.2907     1.6578     1.5594 0.0000e+00
    168.000     8.5553   3.613036    34.2845       4764     3.3076     1.6577     1.5598 0.0000e+00
    169.000     8.5431   3.612638    34.2916       4786     3.3227     1.6580     1.5599 0.0000e+00
    170.000     8.5302   3.612347    34.3006       4808     3.3381     1.6577     1.5590 0.0000e+00
    171.000     8.5239   3.612407    34.3068       4833     3.3554     1.6567     1.5599 0.0000e+00
    172.000     8.5192   3.612233    34.3091       4865     3.3775     1.6584     1.5600 0.0000e+00
    173.000     8.5153   3.612146    34.3115       4903     3.4040     1.6601     1.5606 0.0000e+00
    174.000     8.5135   3.612118    34.3125       4931     3.4234     1.6597     1.5616 0.0000e+00
    175.000     8.5125   3.612175    34.3136       4952     3.4384     1.6602     1.5610 0.0000e+00
    176.000     8.5101   3.612182    34.3155       4973     3.4529     1.6609     1.5625 0.0000e+00
    177.000     8.5042   3.612150    34.3204       4996     3.4684     1.6618     1.5640 0.0000e+00
    178.000     8.4927   3.612904    34.3391       5021     3.4863     1.6623     1.5636 0.0000e+00
    179.000     8.4832   3.613740    34.3567       5051     3.5071     1.6623     1.5629 0.0000e+00
    180.000     8.4835   3.613872    34.3573       5412     3.7578     1.6721     1.5726 0.0000e+00
    179.000     8.4849   3.613682    34.3545       5700     3.9579     1.6742     1.5711 0.0000e+00
    178.000     8.4863   3.613417    34.3508       5722     3.9733     1.6737     1.5715 0.0000e+00
    177.000     8.4878   3.613200    34.3475       5749     3.9918     1.6721     1.5724 0.0000e+00
    176.000     8.4894   3.613025    34.3446       5778     4.0121     1.6709     1.5719 0.0000e+00
    175.000     8.4995   3.612372    34.3283       5811     4.0346     1.6701     1.5711 0.0000e+00
    174.000     8.5033   3.612178    34.3230       5839     4.0540     1.6684     1.5715 0.0000e+00
    173.000     8.5065   3.612080    34.3193       5861     4.0693     1.6676     1.5716 0.0000e+00
    172.000     8.5088   3.612015    34.3169       5882     4.0842     1.6663     1.5701 0.0000e+00
    171.000     8.5113   3.612005    34.3148       5907     4.1016     1.6658     1.5680 0.0000e+00
    170.000     8.5150   3.612024    34.3119       5939     4.1236     1.6658     1.5663 0.0000e+00
    169.000     8.5192   3.611977    34.3079       5967     4.1429     1.6652     1.5660 0.0000e+00
    168.000     8.5244   3.611955    34.3030       5990     4.1591     1.6646     1.5660 0.0000e+00
    167.000     8.5305   3.612033    34.2984       6016     4.1768     1.6636     1.5664 0.0000e+00
    166.000     8.5340   3.612141    34.2967       6044     4.1967     1.6628     1.5657 0.0000e+00
    165.000     8.5535   3.612517    34.2821       6071     4.2151     1.6628     1.5647 0.0000e+00
    164.000     8.5553   3.612670    34.2825       6093     4.2307     1.6627     1.5650 0.0000e+00
    163.000     8.5594   3.612825    34.2806       6115     4.2458     1.6628     1.5645 0.0000e+00
    162.000     8.5651   3.613025    34.2777       6139     4.2624     1.6628     1.5639 0.0000e+00
    161.000     8.5734   3.613281    34.2728       6170     4.2840     1.6628     1.5629 0.0000e+00
    160.000     8.5739   3.613331    34.2733       6204     4.3079     1.6632     1.5626 0.0000e+00
    159.000     8.5820   3.613473    34.2675       6229     4.3247     1.6620     1.5619 0.0000e+00
    158.000     8.5822   3.613392    34.2669       6249     4.3388     1.6613     1.5616 0.0000e+00
    157.000     8.5858   3.613349    34.2634       6272     4.3549     1.6610     1.5616 0.0000e+00
    156.000     8.5852   3.613319    34.2641       6305     4.3775     1.6599     1.5607 0.0000e+00
    155.000     8.5923   3.613309    34.2576       6333     4.3973     1.6582     1.5597 0.0000e+00
    154.000     8.5966   3.613385    34.2547       6355     4.4122     1.6579     1.5600 0.0000e+00
    153.000     8.6017   3.613405    34.2505       6378     4.4288     1.6580     1.5592 0.0000e+00
    152.000     8.6084   3.613074    34.2410       6413     4.4530     1.6588     1.5577 0.0000e+00
    151.000     8.6068   3.612157    34.2334       6446     4.4754     1.6578     1.5589 0.0000e+00
    150.000     8.6024   3.611255    34.2285       6467     4.4904     1.6570     1.5588 0.0000e+00
    149.000     8.5998   3.610764    34.2263       6489     4.5057     1.6569     1.5581 0.0000e+00
    148.000     8.5941   3.609740    34.2215       6518     4.5254     1.6561     1.5584 0.0000e+00
    147.000     8.5887   3.608797    34.2173       6552     4.5496     1.6581     1.5605 0.0000e+00
    146.000     8.5636   3.604199    34.1935       6582     4.5702     1.6592     1.5609 0.0000e+00
    145.000     8.5519   3.601643    34.1783       6609     4.5886     1.6593     1.5623 0.0000e+00
    144.000     8.5471   3.600719    34.1737       6635     4.6067     1.6623     1.5631 0.0000e+00
    143.000     8.5479   3.600578    34.1719       6661     4.6253     1.6675     1.5650 0.0000e+00
    142.000     8.5426   3.599625    34.1674       6695     4.6487     1.6704     1.5688 0.0000e+00
    141.000     8.5387   3.598874    34.1638       6726     4.6698     1.6725     1.5724 0.0000e+00
    140.000     8.5290   3.597186    34.1558       6749     4.6858     1.6744     1.5752 0.0000e+00
    139.000     8.5245   3.596421    34.1525       6768     4.6996     1.6749     1.5760 0.0000e+00
    138.000     8.5209   3.595701    34.1489       6789     4.7137     1.6740     1.5759 0.0000e+00
    137.000     8.5002   3.592072    34.1310       6813     4.7309     1.6750     1.5773 0.0000e+00
    136.000     8.4329   3.579768    34.0663       6847     4.7544     1.6791     1.5789 0.0000e+00
    135.000     8.3809   3.570081    34.0145       6881     4.7776     1.6826     1.5812 0.0000e+00
    134.000     8.3298   3.561034    33.9683       6905     4.7947     1.6875     1.5860 0.0000e+00
    133.000     8.2770   3.550786    33.9109       6927     4.8100     1.6938     1.5923 0.0000e+00
    132.000     8.2756   3.550001    33.9044       6951     4.8263     1.7009     1.5992 0.0000e+00
    131.000     8.2262   3.541498    33.8621       6980     4.8466     1.7094     1.6084 0.0000e+00
    130.000     8.2022   3.536607    33.8337       7011     4.8684     1.7180     1.6180 0.0000e+00
    129.000     8.2015   3.536052    33.8289       7037     4.8862     1.7247     1.6236 0.0000e+00
    128.000     8.1596   3.528743    33.7920       7061     4.9026     1.7308     1.6282 0.0000e+00
    127.000     8.1275   3.521906    33.7505       7085     4.9195     1.7347     1.6317 0.0000e+00
    126.000     8.1271   3.519530    33.7261       7112     4.9379     1.7374     1.6342 0.0000e+00
    125.000     8.1435   3.520103    33.7169       7141     4.9581     1.7410     1.6367 0.0000e+00
    124.000     8.1555   3.520888    33.7142       7169     4.9778     1.7444     1.6404 0.0000e+00
    123.000     8.1665   3.521633    33.7120       7193     4.9948     1.7455     1.6430 0.0000e+00
    122.000     8.1780   3.522350    33.7090       7217     5.0113     1.7459     1.6447 0.0000e+00
    121.000     8.1863   3.521861    33.6964       7244     5.0302     1.7485     1.6467 0.0000e+00
    120.000     8.1766   3.519113    33.6770       7274     5.0510     1.7520     1.6482 0.0000e+00
    119.000     8.1689   3.517109    33.6635       7303     5.0708     1.7538     1.6477 0.0000e+00
    118.000     8.1629   3.515699    33.6547       7328     5.0884     1.7533     1.6464 0.0000e+00
    117.000     8.1563   3.514271    33.6464       7353     5.1055     1.7545     1.6485 0.0000e+00
    116.000     8.1543   3.513715    33.6427       7380     5.1242     1.7553     1.6486 0.0000e+00
    115.000     8.1444   3.511704    33.6313       7409     5.1444     1.7554     1.6494 0.0000e+00
    114.000     8.1305   3.509286    33.6194       7437     5.1638     1.7556     1.6512 0.0000e+00
    113.000     8.1203   3.506387    33.5988       7462     5.1809     1.7571     1.6502 0.0000e+00
    112.000     8.1114   3.504307    33.5856       7485     5.1975     1.7578     1.6488 0.0000e+00
    111.000     8.1048   3.502758    33.5759       7511     5.2153     1.7592     1.6507 0.0000e+00
    110.000     8.0585   3.494710    33.5349       7538     5.2339     1.7605     1.6531 0.0000e+00
    109.000     8.0579   3.489965    33.4854       7566     5.2533     1.7600     1.6521 0.0000e+00
    108.000     8.0879   3.490631    33.4643       7596     5.2746     1.7623     1.6530 0.0000e+00
    107.000     8.0615   3.484921    33.4291       7625     5.2945     1.7682     1.6542 0.0000e+00
    106.000     8.0592   3.482975    33.4110       7651     5.3122     1.7713     1.6563 0.0000e+00
    105.000     8.0683   3.482505    33.3978       7678     5.3312     1.7726     1.6583 0.0000e+00
    104.000     8.0773   3.482501    33.3897       7705     5.3503     1.7737     1.6599 0.0000e+00
    103.000     8.0809   3.482587    33.3877       7729     5.3669     1.7755     1.6628 0.0000e+00
    102.000     8.0867   3.482304    33.3795       7751     5.3820     1.7772     1.6650 0.0000e+00
    101.000     8.0911   3.480978    33.3617       7776     5.3993     1.7784     1.6672 0.0000e+00
    100.000     8.0927   3.479792    33.3480       7811     5.4239     1.7801     1.6710 0.0000e+00
     99.000     8.0904   3.477846    33.3299       7845     5.4475     1.7822     1.6747 0.0000e+00
     98.000     8.0871   3.474656    33.2996       7868     5.4635     1.7835     1.6763 0.0000e+00
     97.000     8.0864   3.473236    33.2856       7890     5.4785     1.7856     1.6765 0.0000e+00
     96.000     8.0825   3.472511    33.2820       7914     5.4951     1.7879     1.6755 0.0000e+00
     95.000     8.1040   3.471773    33.2543       7941     5.5141     1.7885     1.6748 0.0000e+00
     94.000     8.1552   3.472622    33.2152       7972     5.5354     1.7895     1.6758 0.0000e+00
     93.000     8.1845   3.473243    33.1946       8003     5.5571     1.7915     1.6780 0.0000e+00
     92.000     8.1945   3.473401    33.1873       8030     5.5760     1.7932     1.6807 0.0000e+00
     91.000     8.2196   3.473676    33.1670       8054     5.5926     1.7951     1.6829 0.0000e+00
     90.000     8.2328   3.474185    33.1604       8077     5.6082     1.7958     1.6850 0.0000e+00
     89.000     8.2549   3.474887    33.1475       8102     5.6257     1.7968     1.6858 0.0000e+00
     88.000     8.2803   3.475773    33.1334       8135     5.6488     1.7980     1.6868 0.0000e+00
     87.000     8.3270   3.477658    33.1098       8168     5.6712     1.8016     1.6901 0.0000e+00
     86.000     8.3620   3.479125    33.0929       8192     5.6882     1.8050     1.6913 0.0000e+00
     85.000     8.4010   3.481091    33.0775       8213     5.7028     1.8077     1.6931 0.0000e+00
     84.000     8.3960   3.481161    33.0834       8234     5.7176     1.8102     1.7001 0.0000e+00
     83.000     8.4008   3.481409    33.0820       8261     5.7360     1.8133     1.7022 0.0000e+00
     82.000     8.4595   3.484524    33.0602       8294     5.7593     1.8146     1.7083 0.0000e+00
     81.000     8.5639   3.491464    33.0360       8327     5.7820     1.8173     1.7073 0.0000e+00
     80.000     8.6610   3.498900    33.0238       8353     5.7997     1.8227     1.7127 0.0000e+00
     79.000     8.7692   3.507209    33.0104       8378     5.8174     1.8294     1.7115 0.0000e+00
     78.000     8.8787   3.516015    33.0009       8405     5.8360     1.8356     1.7187 0.0000e+00
     77.000     8.8810   3.516903    33.0085       8429     5.8528     1.8425     1.7210 0.0000e+00
     76.000     8.9507   3.521351    32.9906       8453     5.8695     1.8500     1.7318 0.0000e+00
     75.000     8.9537   3.521539    32.9902       8481     5.8889     1.8550     1.7373 0.0000e+00
     74.000     8.9731   3.523122    32.9891       8513     5.9112     1.8588     1.7407 0.0000e+00
     73.000     9.0061   3.525132    32.9798       8542     5.9316     1.8614     1.7441 0.0000e+00
     72.000     9.0279   3.526955    32.9791       8566     5.9482     1.8626     1.7445 0.0000e+00
     71.000     9.0864   3.530603    32.9632       8589     5.9636     1.8640     1.7495 0.0000e+00
     70.000     9.1425   3.534909    32.9564       8615     5.9823     1.8679     1.7558 0.0000e+00
     69.000     9.2701   3.544278    32.9360       8653     6.0082     1.8748     1.7567 0.0000e+00
     68.000     9.3434   3.548818    32.9158       8681     6.0278     1.8786     1.7657 0.0000e+00
     67.000     9.3732   3.551362    32.9150       8701     6.0418     1.8845     1.7695 0.0000e+00
     66.000     9.4336   3.555147    32.8990       8722     6.0564     1.8910     1.7753 0.0000e+00
     65.000     9.4499   3.556739    32.9008       8749     6.0748     1.8967     1.7806 0.0000e+00
     64.000     9.4916   3.559505    32.8914       8781     6.0975     1.9020     1.7855 0.0000e+00
     63.000     9.4913   3.559503    32.8921       8814     6.1202     1.9082     1.7903 0.0000e+00
     62.000     9.5203   3.561764    32.8892       8845     6.1414     1.9147     1.7964 0.0000e+00
     61.000     9.5413   3.562448    32.8774       8870     6.1588     1.9158     1.7987 0.0000e+00
     60.000     9.5847   3.565116    32.8654       8891     6.1733     1.9160     1.7995 0.0000e+00
     59.000     9.6215   3.566987    32.8514       8911     6.1872     1.9182     1.8023 0.0000e+00
     58.000     9.6254   3.567708    32.8557       8934     6.2035     1.9216     1.8056 0.0000e+00
     57.000     9.6537   3.569329    32.8468       8969     6.2278     1.9261     1.8089 0.0000e+00
     56.000     9.6797   3.571032    32.8409       9008     6.2545     1.9301     1.8135 0.0000e+00
     55.000     9.7229   3.573003    32.8220       9035     6.2739     1.9323     1.8128 0.0000e+00
     54.000     9.7517   3.574849    32.8151       9057     6.2888     1.9351     1.8140 0.0000e+00
     53.000     9.7957   3.577471    32.8022       9077     6.3024     1.9384     1.8168 0.0000e+00
     52.000     9.8110   3.578623    32.8005       9098     6.3171     1.9401     1.8145 0.0000e+00
     51.000     9.9119   3.584610    32.7701       9123     6.3349     1.9447     1.8203 0.0000e+00
     50.000    10.0886   3.595507    32.7211       9154     6.3560     1.9534     1.8270 0.0000e+00
     49.000    10.3037   3.609674    32.6704       9188     6.3801     1.9649     1.8366 0.0000e+00
     48.000    10.3653   3.613768    32.6566       9220     6.4018     1.9738     1.8477 0.0000e+00
     47.000    10.5460   3.625009    32.6078       9244     6.4187     1.9832     1.8529 0.0000e+00
     46.000    10.7432   3.637483    32.5567       9265     6.4336     1.9969     1.8625 0.0000e+00
     45.000    10.9193   3.647676    32.5020       9286     6.4478     2.0138     1.8709 0.0000e+00
     44.000    11.1041   3.658746    32.4484       9309     6.4641     2.0367     1.8843 0.0000e+00
     43.000    11.1835   3.665131    32.4418       9347     6.4902     2.0857     1.9253 0.0000e+00
     42.000    11.3058   3.673387    32.4157       9383     6.5153     2.1286     1.9718 0.0000e+00
     41.000    11.4104   3.680971    32.3986       9403     6.5295     2.1442     1.9918 0.0000e+00
     40.000    11.4828   3.685823    32.3831       9421     6.5420     2.1548     2.0026 0.0000e+00
     39.000    11.6526   3.697664    32.3507       9443     6.5573     2.1717     2.0212 0.0000e+00
     38.000    11.8219   3.710463    32.3281       9475     6.5793     2.1984     2.0468 0.0000e+00
