HB2304/ctd174.cnv
* Sea-Bird SBE 9 Data File:
* FileName = C:\cruise\data\ctd174.hex
* Software Version Seasave V 7.26.7.121
* Temperature SN = 4591
* Conductivity SN = 3741
* Number of Bytes Per Scan = 37
* Number of Voltage Words = 4
* Number of Scans Averaged by the Deck Unit = 1
* NMEA Latitude = 43 23.09 N
* NMEA Longitude = 070 14.20 W
* NMEA UTC (Time) = Nov 09 2023 02:54:56
* NMEA baud rate = 4800
** Ship: Bigelow HB2304
** Program:  Fall Bottom Trawl Survey
** Chief Scientist: John Galbraith
# nquan = 9
# nvalues = 171                         
# units = specified
# name 0 = depSM: Depth [salt water, m]
# name 1 = t090C: Temperature [ITS-90, deg C]
# name 2 = c0S/m: Conductivity [S/m]
# name 3 = sal00: Salinity, Practical [PSU]
# name 4 = scan: Scan Count
# name 5 = timeM: Time, Elapsed [minutes]
# name 6 = sbeox0V: Oxygen raw, SBE 43 [V]
# name 7 = sbeox1V: Oxygen raw, SBE 43, 2 [V]
# name 8 = flag: flag
# span 0 =      2.000,     88.000       
# span 1 =     9.2625,    11.8790       
# span 2 =   3.523070,   3.685108       
# span 3 =    31.5372,    32.7155       
# span 4 =        131,       5789       
# span 5 =     0.0904,     4.0194       
# span 6 =     1.7413,     2.3994       
# span 7 =     1.6360,     2.2560       
# span 8 = 0.0000e+00, 0.0000e+00       
# interval = meters: 1                  
# start_time = Nov 09 2023 02:54:56 [NMEA time, header]
# bad_flag = -9.990e-29
*END*
      4.000    11.6141   3.609081    31.5372        131     0.0904     2.3988     2.2526 0.0000e+00
      5.000    11.6174   3.609512    31.5381        258     0.1785     2.3987     2.2560 0.0000e+00
      6.000    11.6180   3.609641    31.5385        284     0.1969     2.3994     2.2527 0.0000e+00
      7.000    11.6184   3.609629    31.5376        311     0.2150     2.3967     2.2516 0.0000e+00
      8.000    11.6346   3.611043    31.5372        336     0.2329     2.3958     2.2478 0.0000e+00
      9.000    11.6318   3.610886    31.5376        362     0.2509     2.3967     2.2496 0.0000e+00
     10.000    11.6313   3.610868    31.5375        388     0.2686     2.3918     2.2546 0.0000e+00
     11.000    11.6343   3.611164    31.5374        414     0.2868     2.3907     2.2546 0.0000e+00
     12.000    11.6279   3.610713    31.5380        441     0.3052     2.3918     2.2526 0.0000e+00
     13.000    11.6275   3.610672    31.5376        468     0.3240     2.3917     2.2530 0.0000e+00
     14.000    11.6260   3.610592    31.5376        495     0.3431     2.3891     2.2509 0.0000e+00
     15.000    11.6268   3.610687    31.5375        522     0.3618     2.3904     2.2545 0.0000e+00
     16.000    11.6277   3.610824    31.5376        548     0.3797     2.3900     2.2547 0.0000e+00
     17.000    11.6273   3.610818    31.5375        573     0.3975     2.3904     2.2542 0.0000e+00
     18.000    11.6281   3.610940    31.5376        599     0.4154     2.3915     2.2546 0.0000e+00
     19.000    11.6292   3.611139    31.5381        625     0.4337     2.3923     2.2535 0.0000e+00
     20.000    11.6303   3.611325    31.5386        652     0.4521     2.3923     2.2515 0.0000e+00
     21.000    11.6274   3.611104    31.5386        679     0.4707     2.3918     2.2525 0.0000e+00
     22.000    11.6291   3.611369    31.5392        705     0.4889     2.3925     2.2494 0.0000e+00
     23.000    11.6488   3.613983    31.5475        731     0.5068     2.3924     2.2492 0.0000e+00
     24.000    11.6748   3.617721    31.5612        757     0.5252     2.3933     2.2526 0.0000e+00
     25.000    11.6834   3.618920    31.5651        784     0.5439     2.3900     2.2494 0.0000e+00
     26.000    11.7170   3.623547    31.5809        811     0.5628     2.3848     2.2479 0.0000e+00
     27.000    11.8223   3.643345    31.6825        839     0.5819     2.3847     2.2445 0.0000e+00
     28.000    11.8786   3.660797    31.8028        866     0.6004     2.3798     2.2426 0.0000e+00
     29.000    11.8779   3.672799    31.9189        892     0.6186     2.3593     2.2290 0.0000e+00
     30.000    11.8436   3.682059    32.0375        917     0.6364     2.3290     2.2017 0.0000e+00
     31.000    11.8136   3.683143    32.0735        943     0.6538     2.2800     2.1663 0.0000e+00
     32.000    11.8147   3.685108    32.0911        969     0.6722     2.2017     2.0943 0.0000e+00
     33.000    11.7416   3.683689    32.1401        997     0.6915     2.1307     2.0262 0.0000e+00
     34.000    11.7159   3.682757    32.1529       1025     0.7110     2.0808     1.9722 0.0000e+00
     35.000    11.5833   3.675317    32.1951       1054     0.7310     2.0404     1.9307 0.0000e+00
     36.000    11.5130   3.670827    32.2120       1081     0.7503     2.0113     1.9043 0.0000e+00
     37.000    11.4524   3.667140    32.2284       1108     0.7688     1.9877     1.8785 0.0000e+00
     38.000    11.4231   3.665295    32.2355       1134     0.7866     1.9702     1.8607 0.0000e+00
     39.000    11.4109   3.664868    32.2415       1159     0.8043     1.9578     1.8504 0.0000e+00
     40.000    11.3928   3.665020    32.2583       1186     0.8227     1.9513     1.8403 0.0000e+00
     41.000    11.3255   3.660920    32.2765       1213     0.8419     1.9534     1.8410 0.0000e+00
     42.000    11.2292   3.654338    32.2958       1241     0.8614     1.9637     1.8480 0.0000e+00
     43.000    11.1638   3.649823    32.3083       1269     0.8807     1.9687     1.8538 0.0000e+00
     44.000    11.1427   3.648371    32.3121       1296     0.8991     1.9663     1.8556 0.0000e+00
     45.000    11.0877   3.644966    32.3264       1322     0.9174     1.9626     1.8476 0.0000e+00
     46.000    11.0036   3.638801    32.3392       1349     0.9361     1.9599     1.8449 0.0000e+00
     47.000    10.9779   3.636937    32.3430       1376     0.9549     1.9510     1.8432 0.0000e+00
     48.000    10.9106   3.632884    32.3617       1404     0.9741     1.9391     1.8307 0.0000e+00
     49.000    10.8196   3.626956    32.3829       1431     0.9934     1.9306     1.8224 0.0000e+00
     50.000    10.7401   3.621463    32.3983       1458     1.0119     1.9217     1.8134 0.0000e+00
     51.000    10.6864   3.617745    32.4084       1484     1.0300     1.9140     1.8049 0.0000e+00
     52.000    10.6555   3.615617    32.4142       1510     1.0480     1.9050     1.8017 0.0000e+00
     53.000    10.6170   3.613096    32.4228       1537     1.0665     1.8983     1.7946 0.0000e+00
     54.000    10.5840   3.611103    32.4319       1564     1.0857     1.8918     1.7842 0.0000e+00
     55.000    10.5736   3.610295    32.4326       1593     1.1054     1.8856     1.7809 0.0000e+00
     56.000    10.5495   3.608735    32.4380       1621     1.1248     1.8836     1.7746 0.0000e+00
     57.000    10.5011   3.605831    32.4516       1647     1.1430     1.8825     1.7750 0.0000e+00
     58.000    10.4477   3.601946    32.4599       1673     1.1608     1.8796     1.7742 0.0000e+00
     59.000    10.4304   3.600666    32.4620       1699     1.1790     1.8742     1.7727 0.0000e+00
     60.000    10.3946   3.598277    32.4696       1726     1.1976     1.8678     1.7680 0.0000e+00
     61.000    10.3774   3.596891    32.4706       1753     1.2169     1.8607     1.7617 0.0000e+00
     62.000    10.3579   3.595751    32.4762       1781     1.2363     1.8531     1.7554 0.0000e+00
     63.000    10.3042   3.592305    32.4890       1809     1.2555     1.8479     1.7494 0.0000e+00
     64.000    10.2468   3.588995    32.5067       1835     1.2738     1.8435     1.7438 0.0000e+00
     65.000    10.1865   3.585041    32.5204       1861     1.2917     1.8395     1.7389 0.0000e+00
     66.000    10.1742   3.584104    32.5217       1887     1.3097     1.8375     1.7343 0.0000e+00
     67.000    10.1321   3.581543    32.5331       1914     1.3284     1.8383     1.7345 0.0000e+00
     68.000    10.1022   3.579473    32.5387       1942     1.3477     1.8393     1.7343 0.0000e+00
     69.000    10.0731   3.577853    32.5480       1970     1.3675     1.8382     1.7339 0.0000e+00
     70.000    10.0103   3.574192    32.5670       1999     1.3872     1.8363     1.7320 0.0000e+00
     71.000     9.9229   3.568303    32.5857       2026     1.4061     1.8340     1.7312 0.0000e+00
     72.000     9.9005   3.566605    32.5883       2052     1.4242     1.8322     1.7296 0.0000e+00
     73.000     9.8836   3.565546    32.5923       2077     1.4416     1.8291     1.7260 0.0000e+00
     74.000     9.8655   3.564335    32.5958       2103     1.4594     1.8252     1.7218 0.0000e+00
     75.000     9.8456   3.563121    32.6010       2129     1.4777     1.8232     1.7192 0.0000e+00
     76.000     9.8009   3.560586    32.6153       2156     1.4967     1.8204     1.7170 0.0000e+00
     77.000     9.7706   3.559180    32.6279       2184     1.5163     1.8177     1.7141 0.0000e+00
     78.000     9.7195   3.556188    32.6434       2212     1.5356     1.8147     1.7120 0.0000e+00
     79.000     9.6955   3.554548    32.6479       2239     1.5545     1.8133     1.7099 0.0000e+00
     80.000     9.6753   3.553139    32.6514       2266     1.5731     1.8129     1.7085 0.0000e+00
     81.000     9.6159   3.549085    32.6635       2292     1.5913     1.8111     1.7069 0.0000e+00
     82.000     9.5580   3.545144    32.6754       2318     1.6092     1.8065     1.7043 0.0000e+00
     83.000     9.4993   3.541076    32.6867       2344     1.6274     1.7975     1.6946 0.0000e+00
     84.000     9.4778   3.539329    32.6879       2371     1.6457     1.7892     1.6899 0.0000e+00
     85.000     9.4452   3.536891    32.6922       2398     1.6648     1.7833     1.6826 0.0000e+00
     86.000     9.4100   3.534448    32.6987       2425     1.6836     1.7797     1.6786 0.0000e+00
     87.000     9.3445   3.530305    32.7155       2452     1.7021     1.7768     1.6786 0.0000e+00
     88.000     9.2625   3.523070    32.7155       3436     2.3854     1.7413     1.6360 0.0000e+00
     87.000     9.3288   3.527569    32.7017       3503     2.4322     1.7505     1.6444 0.0000e+00
     86.000     9.3702   3.530235    32.6917       3546     2.4618     1.7513     1.6453 0.0000e+00
     85.000     9.4194   3.533459    32.6804       3572     2.4797     1.7540     1.6470 0.0000e+00
     84.000     9.4468   3.535327    32.6751       3598     2.4977     1.7598     1.6537 0.0000e+00
     83.000     9.4754   3.537525    32.6720       3624     2.5159     1.7654     1.6621 0.0000e+00
     82.000     9.4933   3.538804    32.6693       3650     2.5338     1.7701     1.6602 0.0000e+00
     81.000     9.5308   3.541209    32.6603       3675     2.5513     1.7723     1.6655 0.0000e+00
     80.000     9.5907   3.545179    32.6469       3701     2.5692     1.7751     1.6693 0.0000e+00
     79.000     9.6382   3.548602    32.6392       3727     2.5874     1.7796     1.6729 0.0000e+00
     78.000     9.6821   3.551564    32.6300       3753     2.6058     1.7840     1.6779 0.0000e+00
     77.000     9.7543   3.556066    32.6110       3780     2.6243     1.7891     1.6815 0.0000e+00
     76.000     9.7885   3.557888    32.5990       3807     2.6428     1.7958     1.6879 0.0000e+00
     75.000     9.8215   3.559754    32.5886       3833     2.6610     1.8021     1.6947 0.0000e+00
     74.000     9.8389   3.560919    32.5852       3859     2.6790     1.8069     1.7001 0.0000e+00
     73.000     9.8575   3.562048    32.5803       3885     2.6971     1.8084     1.7020 0.0000e+00
     72.000     9.8799   3.563492    32.5752       3911     2.7152     1.8095     1.7031 0.0000e+00
     71.000     9.8929   3.564317    32.5722       3937     2.7335     1.8117     1.7053 0.0000e+00
     70.000     9.9201   3.565934    32.5646       3964     2.7518     1.8135     1.7078 0.0000e+00
     69.000    10.0086   3.571320    32.5399       3990     2.7699     1.8142     1.7109 0.0000e+00
     68.000    10.0514   3.574478    32.5338       4015     2.7877     1.8179     1.7152 0.0000e+00
     67.000    10.0931   3.576816    32.5204       4040     2.8051     1.8243     1.7196 0.0000e+00
     66.000    10.1414   3.579852    32.5081       4066     2.8227     1.8305     1.7208 0.0000e+00
     65.000    10.1688   3.581654    32.5022       4091     2.8404     1.8356     1.7224 0.0000e+00
     64.000    10.2135   3.584508    32.4913       4118     2.8590     1.8380     1.7251 0.0000e+00
     63.000    10.2539   3.587098    32.4816       4144     2.8774     1.8384     1.7271 0.0000e+00
     62.000    10.2680   3.588119    32.4798       4171     2.8957     1.8397     1.7277 0.0000e+00
     61.000    10.3030   3.590047    32.4683       4197     2.9141     1.8406     1.7299 0.0000e+00
     60.000    10.3520   3.593251    32.4571       4223     2.9321     1.8411     1.7313 0.0000e+00
     59.000    10.3889   3.595616    32.4484       4248     2.9495     1.8424     1.7315 0.0000e+00
     58.000    10.4219   3.597991    32.4432       4274     2.9672     1.8416     1.7316 0.0000e+00
     57.000    10.4560   3.600255    32.4359       4299     2.9845     1.8424     1.7315 0.0000e+00
     56.000    10.5329   3.605307    32.4185       4323     3.0017     1.8477     1.7344 0.0000e+00
     55.000    10.5618   3.607713    32.4173       4348     3.0191     1.8540     1.7400 0.0000e+00
     54.000    10.5794   3.609020    32.4151       4374     3.0365     1.8609     1.7462 0.0000e+00
     53.000    10.6029   3.610338    32.4078       4399     3.0544     1.8683     1.7546 0.0000e+00
     52.000    10.6187   3.611174    32.4026       4425     3.0723     1.8741     1.7629 0.0000e+00
     51.000    10.6634   3.613674    32.3883       4451     3.0904     1.8768     1.7673 0.0000e+00
     50.000    10.7234   3.617654    32.3752       4478     3.1088     1.8795     1.7699 0.0000e+00
     49.000    10.7880   3.621841    32.3601       4504     3.1271     1.8821     1.7698 0.0000e+00
     48.000    10.9041   3.629362    32.3326       4530     3.1449     1.8872     1.7723 0.0000e+00
     47.000    10.9859   3.635196    32.3187       4554     3.1617     1.8956     1.7743 0.0000e+00
     46.000    11.0245   3.638119    32.3140       4577     3.1780     1.9048     1.7837 0.0000e+00
     45.000    11.0371   3.638877    32.3109       4601     3.1946     1.9141     1.7938 0.0000e+00
     44.000    11.1370   3.645386    32.2877       4626     3.2118     1.9220     1.8020 0.0000e+00
     43.000    11.1860   3.648750    32.2783       4652     3.2298     1.9293     1.8082 0.0000e+00
     42.000    11.2456   3.652671    32.2650       4679     3.2485     1.9395     1.8198 0.0000e+00
     41.000    11.3247   3.658344    32.2520       4706     3.2676     1.9497     1.8305 0.0000e+00
     40.000    11.3820   3.661661    32.2349       4733     3.2861     1.9567     1.8334 0.0000e+00
     39.000    11.4050   3.662223    32.2207       4758     3.3038     1.9661     1.8422 0.0000e+00
     38.000    11.4489   3.664566    32.2059       4783     3.3208     1.9694     1.8524 0.0000e+00
     37.000    11.4760   3.666472    32.2013       4807     3.3375     1.9612     1.8467 0.0000e+00
     36.000    11.5013   3.667925    32.1939       4831     3.3542     1.9522     1.8393 0.0000e+00
     35.000    11.5713   3.672052    32.1737       4856     3.3715     1.9458     1.8340 0.0000e+00
     34.000    11.6261   3.675711    32.1622       4882     3.3897     1.9430     1.8260 0.0000e+00
     33.000    11.6920   3.679160    32.1391       4909     3.4082     1.9461     1.8245 0.0000e+00
     32.000    11.7970   3.683256    32.0885       4935     3.4265     1.9497     1.8283 0.0000e+00
     31.000    11.8181   3.682460    32.0629       4961     3.4447     1.9602     1.8365 0.0000e+00
     30.000    11.8333   3.680872    32.0349       4987     3.4627     1.9812     1.8552 0.0000e+00
     29.000    11.8667   3.675642    31.9560       5013     3.4808     2.0052     1.8730 0.0000e+00
     28.000    11.8790   3.664651    31.8396       5040     3.4992     2.0336     1.8951 0.0000e+00
     27.000    11.8465   3.652753    31.7528       5067     3.5179     2.0860     1.9377 0.0000e+00
     26.000    11.7447   3.630271    31.6225       5094     3.5369     2.1579     2.0017 0.0000e+00
     25.000    11.6717   3.617662    31.5628       5121     3.5558     2.2172     2.0680 0.0000e+00
     24.000    11.6597   3.615247    31.5500       5147     3.5737     2.2691     2.1185 0.0000e+00
     23.000    11.6532   3.614245    31.5463       5173     3.5916     2.3116     2.1579 0.0000e+00
     22.000    11.6486   3.613517    31.5436       5199     3.6098     2.3386     2.1918 0.0000e+00
     21.000    11.6448   3.612915    31.5413       5225     3.6279     2.3519     2.2113 0.0000e+00
     20.000    11.6399   3.612347    31.5404       5252     3.6462     2.3619     2.2225 0.0000e+00
     19.000    11.6397   3.612218    31.5397       5278     3.6647     2.3712     2.2331 0.0000e+00
     18.000    11.6385   3.612052    31.5395       5305     3.6832     2.3772     2.2354 0.0000e+00
     17.000    11.6363   3.611740    31.5388       5331     3.7014     2.3796     2.2393 0.0000e+00
     16.000    11.6373   3.611778    31.5388       5357     3.7197     2.3816     2.2443 0.0000e+00
     15.000    11.6359   3.611598    31.5386       5383     3.7376     2.3834     2.2443 0.0000e+00
     14.000    11.6357   3.611526    31.5385       5409     3.7557     2.3850     2.2473 0.0000e+00
     13.000    11.6355   3.611485    31.5386       5436     3.7741     2.3859     2.2481 0.0000e+00
