HB2304/ctd167.cnv
* Sea-Bird SBE 9 Data File:
* FileName = C:\cruise\data\ctd167.hex
* Software Version Seasave V 7.26.7.121
* Temperature SN = 4591
* Conductivity SN = 3741
* Number of Bytes Per Scan = 37
* Number of Voltage Words = 4
* Number of Scans Averaged by the Deck Unit = 1
* NMEA Latitude = 42 26.39 N
* NMEA Longitude = 067 46.90 W
* NMEA UTC (Time) = Nov 04 2023 18:01:49
* NMEA baud rate = 4800
** Ship: Bigelow HB2304
** Program:  Fall Bottom Trawl Survey
** Chief Scientist: John Galbraith
# nquan = 9
# nvalues = 411                         
# units = specified
# name 0 = depSM: Depth [salt water, m]
# name 1 = t090C: Temperature [ITS-90, deg C]
# name 2 = c0S/m: Conductivity [S/m]
# name 3 = sal00: Salinity, Practical [PSU]
# name 4 = scan: Scan Count
# name 5 = timeM: Time, Elapsed [minutes]
# name 6 = sbeox0V: Oxygen raw, SBE 43 [V]
# name 7 = sbeox1V: Oxygen raw, SBE 43, 2 [V]
# name 8 = flag: flag
# span 0 =      2.000,    208.000       
# span 1 =     7.3445,    12.3467       
# span 2 =   3.391346,   3.729627       
# span 3 =    32.0547,    34.8102       
# span 4 =        144,      12386       
# span 5 =     0.0993,     8.6004       
# span 6 =     1.6867,     2.4518       
# span 7 =     1.5809,     2.2980       
# span 8 = 0.0000e+00, 0.0000e+00       
# interval = meters: 1                  
# start_time = Nov 04 2023 18:01:49 [NMEA time, header]
# bad_flag = -9.990e-29
*END*
[from data line 321]
     91.000     7.5980   3.405328    33.0251      10017     6.9559     1.7728     1.6601 0.0000e+00
     90.000     7.6072   3.405930    33.0233      10043     6.9734     1.7724     1.6591 0.0000e+00
     89.000     7.6166   3.406484    33.0209      10062     6.9869     1.7728     1.6595 0.0000e+00
     88.000     7.6261   3.407105    33.0191      10081     7.0003     1.7731     1.6636 0.0000e+00
     87.000     7.6613   3.409298    33.0097      10104     7.0160     1.7738     1.6624 0.0000e+00
     86.000     7.7026   3.412220    33.0024      10134     7.0365     1.7765     1.6641 0.0000e+00
     85.000     7.7176   3.413227    32.9995      10168     7.0604     1.7809     1.6641 0.0000e+00
     84.000     7.7497   3.415950    32.9988      10197     7.0803     1.7827     1.6665 0.0000e+00
     83.000     7.7757   3.417849    32.9951      10220     7.0962     1.7833     1.6693 0.0000e+00
     82.000     7.8059   3.418822    32.9774      10242     7.1116     1.7838     1.6667 0.0000e+00
     81.000     8.0289   3.437433    32.9662      10267     7.1291     1.7854     1.6706 0.0000e+00
     80.000     8.2381   3.456893    32.9768      10296     7.1491     1.7925     1.6774 0.0000e+00
     79.000     8.3266   3.465737    32.9878      10323     7.1679     1.7993     1.6822 0.0000e+00
     78.000     8.3732   3.469837    32.9880      10347     7.1849     1.8059     1.6902 0.0000e+00
     77.000     8.4145   3.473611    32.9896      10371     7.2014     1.8118     1.6964 0.0000e+00
     76.000     8.4640   3.477957    32.9896      10401     7.2224     1.8181     1.7005 0.0000e+00
     75.000     8.5450   3.484904    32.9874      10437     7.2470     1.8235     1.7066 0.0000e+00
     74.000     8.6242   3.492250    32.9912      10459     7.2625     1.8281     1.7083 0.0000e+00
     73.000     8.7263   3.499756    32.9751      10476     7.2744     1.8316     1.7127 0.0000e+00
     72.000     9.0494   3.528485    32.9750      10493     7.2864     1.8350     1.7147 0.0000e+00
     71.000     9.1564   3.539477    32.9904      10516     7.3023     1.8442     1.7216 0.0000e+00
     70.000     9.2110   3.543933    32.9866      10570     7.3399     1.8627     1.7379 0.0000e+00
     69.000     9.2022   3.543273    32.9883      10603     7.3627     1.8699     1.7449 0.0000e+00
     68.000     9.2105   3.543686    32.9854      10620     7.3744     1.8719     1.7513 0.0000e+00
     67.000     9.2366   3.545710    32.9826      10635     7.3848     1.8738     1.7533 0.0000e+00
     66.000     9.2652   3.548127    32.9817      10651     7.3956     1.8749     1.7572 0.0000e+00
     65.000     9.2812   3.549662    32.9832      10670     7.4091     1.8775     1.7578 0.0000e+00
     64.000     9.2909   3.550768    32.9861      10723     7.4456     1.8843     1.7642 0.0000e+00
     63.000     9.2937   3.551346    32.9899      10760     7.4713     1.8856     1.7670 0.0000e+00
     62.000     9.2929   3.551189    32.9895      10775     7.4820     1.8860     1.7664 0.0000e+00
     61.000     9.2971   3.551663    32.9910      10791     7.4927     1.8867     1.7717 0.0000e+00
     60.000     9.3078   3.552542    32.9907      10811     7.5070     1.8887     1.7716 0.0000e+00
     59.000     9.4338   3.561417    32.9664      10850     7.5344     1.8897     1.7718 0.0000e+00
     58.000     9.4510   3.563040    32.9678      10886     7.5590     1.8931     1.7717 0.0000e+00
     57.000     9.4591   3.563474    32.9652      10907     7.5735     1.8974     1.7778 0.0000e+00
     56.000     9.4821   3.564610    32.9561      10925     7.5863     1.9011     1.7835 0.0000e+00
     55.000     9.5387   3.567677    32.9361      10945     7.5999     1.9028     1.7833 0.0000e+00
     54.000     9.5663   3.569456    32.9295      10971     7.6182     1.9061     1.7896 0.0000e+00
     53.000     9.5817   3.570674    32.9283      11013     7.6470     1.9143     1.7951 0.0000e+00
     52.000     9.5971   3.571747    32.9257      11044     7.6686     1.9189     1.7983 0.0000e+00
     51.000     9.6149   3.573050    32.9231      11064     7.6824     1.9199     1.8025 0.0000e+00
     50.000     9.6470   3.575212    32.9163      11082     7.6951     1.9213     1.8009 0.0000e+00
     49.000     9.6813   3.577289    32.9066      11103     7.7095     1.9243     1.8075 0.0000e+00
     48.000     9.7236   3.579328    32.8891      11130     7.7286     1.9277     1.8077 0.0000e+00
     47.000     9.7719   3.581169    32.8643      11164     7.7524     1.9331     1.8107 0.0000e+00
     46.000     9.7533   3.577054    32.8397      11193     7.7726     1.9376     1.8163 0.0000e+00
     45.000     9.6675   3.564552    32.7907      11220     7.7913     1.9404     1.8204 0.0000e+00
     44.000     9.5835   3.553092    32.7504      11248     7.8101     1.9426     1.8228 0.0000e+00
     43.000     9.2993   3.517500    32.6445      11270     7.8259     1.9427     1.8196 0.0000e+00
     42.000     9.2657   3.504207    32.5386      11289     7.8390     1.9371     1.8177 0.0000e+00
     41.000     9.3410   3.504480    32.4734      11308     7.8524     1.9331     1.8169 0.0000e+00
     40.000     9.5808   3.525826    32.4755      11335     7.8706     1.9328     1.8168 0.0000e+00
     39.000     9.6826   3.535729    32.4852      11383     7.9043     1.9471     1.8203 0.0000e+00
     38.000     9.6407   3.530161    32.4666      11414     7.9260     1.9572     1.8315 0.0000e+00
     37.000     9.6945   3.532513    32.4425      11432     7.9385     1.9613     1.8367 0.0000e+00
     36.000     9.7675   3.539015    32.4434      11448     7.9491     1.9628     1.8375 0.0000e+00
     35.000     9.8027   3.542000    32.4425      11464     7.9603     1.9659     1.8440 0.0000e+00
     34.000     9.7978   3.538568    32.4124      11487     7.9761     1.9728     1.8481 0.0000e+00
     33.000     9.9027   3.543469    32.3684      11534     8.0093     1.9828     1.8592 0.0000e+00
     32.000    10.2372   3.565666    32.2943      11570     8.0341     1.9950     1.8659 0.0000e+00
     31.000    10.4357   3.581603    32.2784      11589     8.0472     2.0064     1.8743 0.0000e+00
     30.000    10.6023   3.595708    32.2723      11606     8.0590     2.0182     1.8800 0.0000e+00
     29.000    11.0002   3.624426    32.2074      11624     8.0718     2.0332     1.8911 0.0000e+00
     28.000    11.4619   3.661433    32.1681      11651     8.0899     2.0668     1.9129 0.0000e+00
     27.000    11.7705   3.686647    32.1463      11695     8.1212     2.1572     1.9829 0.0000e+00
     26.000    11.8324   3.691176    32.1371      11725     8.1414     2.2209     2.0532 0.0000e+00
     25.000    11.8435   3.692354    32.1394      11743     8.1539     2.2516     2.0888 0.0000e+00
     24.000    11.8641   3.693410    32.1322      11760     8.1662     2.2751     2.1203 0.0000e+00
     23.000    11.9346   3.697130    32.1077      11781     8.1808     2.2962     2.1410 0.0000e+00
     22.000    12.0415   3.705312    32.0951      11812     8.2024     2.3168     2.1645 0.0000e+00
     21.000    12.0593   3.707195    32.0983      11848     8.2274     2.3390     2.1859 0.0000e+00
     20.000    12.0907   3.709431    32.0933      11875     8.2460     2.3561     2.2026 0.0000e+00
     19.000    12.1101   3.710974    32.0919      11898     8.2619     2.3660     2.2141 0.0000e+00
     18.000    12.1677   3.714847    32.0801      11920     8.2769     2.3733     2.2227 0.0000e+00
     17.000    12.2169   3.718342    32.0719      11942     8.2924     2.3818     2.2321 0.0000e+00
     16.000    12.2386   3.719943    32.0691      11966     8.3090     2.3887     2.2405 0.0000e+00
     15.000    12.2587   3.721293    32.0652      11996     8.3297     2.3958     2.2486 0.0000e+00
     14.000    12.2637   3.721852    32.0667      12031     8.3544     2.4024     2.2573 0.0000e+00
     13.000    12.2839   3.722989    32.0607      12058     8.3727     2.4037     2.2602 0.0000e+00
     12.000    12.3185   3.725407    32.0547      12079     8.3877     2.4030     2.2627 0.0000e+00
     11.000    12.3427   3.727623    32.0556      12101     8.4030     2.4057     2.2672 0.0000e+00
     10.000    12.3446   3.727913    32.0571      12124     8.4189     2.4131     2.2733 0.0000e+00
      9.000    12.3439   3.727920    32.0582      12148     8.4353     2.4235     2.2763 0.0000e+00
      8.000    12.3426   3.727790    32.0585      12177     8.4558     2.4307     2.2832 0.0000e+00
      7.000    12.3463   3.728299    32.0606      12220     8.4853     2.4356     2.2888 0.0000e+00
      6.000    12.3457   3.728444    32.0630      12253     8.5086     2.4405     2.2940 0.0000e+00
      5.000    12.3467   3.728741    32.0653      12286     8.5310     2.4411     2.2942 0.0000e+00
      4.000    12.3465   3.728856    32.0669      12333     8.5637     2.4415     2.2951 0.0000e+00
      3.000    12.3433   3.728566    32.0674      12363     8.5846     2.4448     2.2960 0.0000e+00
      2.000    12.3467   3.728808    32.0672      12386     8.6004     2.4469     2.2978 0.0000e+00
