HB2304/ctd135.cnv
* Sea-Bird SBE 9 Data File:
* FileName = C:\cruise\data\ctd135.hex
* Software Version Seasave V 7.26.7.121
* Temperature SN = 4591
* Conductivity SN = 3741
* Number of Bytes Per Scan = 37
* Number of Voltage Words = 4
* Number of Scans Averaged by the Deck Unit = 1
* NMEA Latitude = 41 24.69 N
* NMEA Longitude = 066 40.87 W
* NMEA UTC (Time) = Oct 20 2023  02:22:20
* NMEA baud rate = 4800
** Ship: Bigelow HB2304
** Program:  Fall Bottom Trawl Survey
** Chief Scientist: John Galbraith
# nquan = 7
# nvalues = 156                         
# units = specified
# name 0 = depSM: Depth [salt water, m]
# name 1 = t090C: Temperature [ITS-90, deg C]
# name 2 = c0S/m: Conductivity [S/m]
# name 3 = sal00: Salinity, Practical [PSU]
# name 4 = scan: Scan Count
# name 5 = timeM: Time, Elapsed [minutes]
# name 6 = flag: flag
# span 0 =      2.000,     80.000       
# span 1 =    10.9242,    14.4848       
# span 2 =   3.640845,   3.886961       
# span 3 =    31.7532,    32.4482       
# span 4 =         59,       6641       
# span 5 =     0.0400,     4.6111       
# span 6 = 0.0000e+00, 0.0000e+00       
# interval = meters: 1                  
# start_time = Oct 20 2023 02:22:20 [NMEA time, header]
# bad_flag = -9.990e-29
*END*
      3.000    14.4388   3.885655    31.7786         59     0.0400 0.0000e+00
      4.000    14.4017   3.885413    31.8065        368     0.2545 0.0000e+00
      5.000    14.3553   3.884722    31.8379        388     0.2687 0.0000e+00
      6.000    14.3430   3.884506    31.8457        415     0.2872 0.0000e+00
      7.000    14.3244   3.884533    31.8609        450     0.3119 0.0000e+00
      8.000    14.3119   3.884776    31.8730        483     0.3347 0.0000e+00
      9.000    14.2988   3.884907    31.8847        509     0.3531 0.0000e+00
     10.000    14.2904   3.884733    31.8896        542     0.3754 0.0000e+00
     11.000    14.2556   3.883612    31.9077        716     0.4963 0.0000e+00
     12.000    14.2479   3.883467    31.9123        747     0.5180 0.0000e+00
     13.000    14.2259   3.882517    31.9214        776     0.5383 0.0000e+00
     14.000    14.2072   3.881380    31.9261        807     0.5594 0.0000e+00
     15.000    14.1912   3.880501    31.9309        837     0.5804 0.0000e+00
     16.000    14.1632   3.878800    31.9381        863     0.5989 0.0000e+00
     17.000    14.1658   3.878879    31.9363        888     0.6162 0.0000e+00
     18.000    14.1195   3.876409    31.9516        914     0.6341 0.0000e+00
     19.000    14.0404   3.871413    31.9709        942     0.6536 0.0000e+00
     20.000    14.0066   3.868949    31.9759        971     0.6734 0.0000e+00
     21.000    13.9709   3.866590    31.9835        998     0.6925 0.0000e+00
     22.000    13.9241   3.863287    31.9916       1025     0.7112 0.0000e+00
     23.000    13.9016   3.861583    31.9942       1053     0.7303 0.0000e+00
     24.000    13.8835   3.860295    31.9969       1080     0.7491 0.0000e+00
     25.000    13.8621   3.858841    32.0010       1106     0.7670 0.0000e+00
     26.000    13.8156   3.855581    32.0092       1132     0.7851 0.0000e+00
     27.000    13.7700   3.852346    32.0170       1159     0.8040 0.0000e+00
     28.000    13.7647   3.851792    32.0159       1186     0.8232 0.0000e+00
     29.000    13.7586   3.851339    32.0163       1214     0.8423 0.0000e+00
     30.000    13.7495   3.850899    32.0195       1242     0.8618 0.0000e+00
     31.000    13.7300   3.849547    32.0229       1272     0.8825 0.0000e+00
     32.000    13.7181   3.848807    32.0256       1303     0.9039 0.0000e+00
     33.000    13.6686   3.845580    32.0366       1329     0.9225 0.0000e+00
     34.000    13.6699   3.845471    32.0341       1352     0.9383 0.0000e+00
     35.000    13.6250   3.842683    32.0455       1375     0.9539 0.0000e+00
     36.000    13.5502   3.836937    32.0544       1401     0.9720 0.0000e+00
     37.000    13.4849   3.832413    32.0667       1434     0.9951 0.0000e+00
     38.000    13.3922   3.825589    32.0805       1468     1.0186 0.0000e+00
     39.000    13.3151   3.820163    32.0944       1494     1.0371 0.0000e+00
     40.000    13.2263   3.813689    32.1083       1517     1.0524 0.0000e+00
     41.000    13.2079   3.811691    32.1047       1540     1.0685 0.0000e+00
     42.000    13.2035   3.811238    32.1038       1570     1.0895 0.0000e+00
     43.000    13.2004   3.810931    32.1030       1605     1.1140 0.0000e+00
     44.000    13.1755   3.809103    32.1065       1632     1.1324 0.0000e+00
     45.000    13.1668   3.808388    32.1068       1655     1.1484 0.0000e+00
     46.000    13.1594   3.807824    32.1074       1680     1.1660 0.0000e+00
     47.000    13.1509   3.807186    32.1081       1709     1.1863 0.0000e+00
     48.000    13.1439   3.806646    32.1086       1739     1.2067 0.0000e+00
     49.000    13.1418   3.806498    32.1086       1764     1.2244 0.0000e+00
     50.000    13.1382   3.806245    32.1089       1789     1.2415 0.0000e+00
     51.000    13.1337   3.805926    32.1093       1817     1.2612 0.0000e+00
     52.000    13.1268   3.805443    32.1102       1850     1.2842 0.0000e+00
     53.000    13.1134   3.804544    32.1127       1882     1.3062 0.0000e+00
     54.000    13.1015   3.803681    32.1143       1909     1.3247 0.0000e+00
     55.000    13.0878   3.802756    32.1167       1933     1.3416 0.0000e+00
     56.000    13.0675   3.801275    32.1195       1958     1.3588 0.0000e+00
     57.000    13.0547   3.800287    32.1207       1983     1.3763 0.0000e+00
     58.000    13.0520   3.800073    32.1206       2008     1.3941 0.0000e+00
     59.000    13.0449   3.799542    32.1212       2037     1.4141 0.0000e+00
     60.000    13.0378   3.799023    32.1219       2070     1.4367 0.0000e+00
     61.000    13.0294   3.798406    32.1228       2101     1.4582 0.0000e+00
     62.000    13.0244   3.798020    32.1230       2127     1.4764 0.0000e+00
     63.000    13.0252   3.798077    32.1225       2152     1.4936 0.0000e+00
     64.000    13.0194   3.797772    32.1241       2178     1.5119 0.0000e+00
     65.000    13.0069   3.796940    32.1265       2207     1.5322 0.0000e+00
     66.000    13.0003   3.796490    32.1275       2239     1.5541 0.0000e+00
     67.000    12.9526   3.793362    32.1380       2269     1.5750 0.0000e+00
     68.000    12.9047   3.790063    32.1471       2295     1.5932 0.0000e+00
     69.000    12.8174   3.784339    32.1669       2319     1.6094 0.0000e+00
     70.000    12.6604   3.772959    32.1924       2342     1.6260 0.0000e+00
     71.000    12.5829   3.766419    32.1960       2371     1.6460 0.0000e+00
     72.000    12.5460   3.763198    32.1965       2408     1.6719 0.0000e+00
     73.000    12.4958   3.759036    32.1994       2443     1.6956 0.0000e+00
     74.000    12.4404   3.754483    32.2030       2469     1.7138 0.0000e+00
     75.000    12.4183   3.752733    32.2048       2492     1.7300 0.0000e+00
     76.000    12.3226   3.746133    32.2234       2516     1.7464 0.0000e+00
     77.000    11.9809   3.722805    32.2935       2542     1.7648 0.0000e+00
     78.000    11.5100   3.690125    32.3855       2574     1.7866 0.0000e+00
     79.000    11.1232   3.661946    32.4482       2607     1.8099 0.0000e+00
     80.000    10.9242   3.640845    32.4151       3717     2.5806 0.0000e+00
     79.000    11.0947   3.654092    32.3959       4062     2.8200 0.0000e+00
     78.000    11.3020   3.667859    32.3496       3809     2.6448 0.0000e+00
     77.000    11.6598   3.692278    32.2762       3842     2.6675 0.0000e+00
     76.000    12.0378   3.718171    32.2000       3871     2.6877 0.0000e+00
     75.000    12.3294   3.740527    32.1643       3897     2.7057 0.0000e+00
     74.000    12.3996   3.747038    32.1669       3921     2.7222 0.0000e+00
     73.000    12.4341   3.750117    32.1671       3944     2.7385 0.0000e+00
     72.000    12.5019   3.755827    32.1640       3969     2.7553 0.0000e+00
     71.000    12.5213   3.758053    32.1690       3994     2.7731 0.0000e+00
     70.000    12.5544   3.760625    32.1656       4022     2.7921 0.0000e+00
     69.000    12.6516   3.767872    32.1520       4048     2.8104 0.0000e+00
     68.000    12.7619   3.775876    32.1343       4073     2.8278 0.0000e+00
     67.000    12.8792   3.784846    32.1199       4098     2.8454 0.0000e+00
     66.000    12.9078   3.787417    32.1203       4127     2.8654 0.0000e+00
     65.000    12.9445   3.790172    32.1156       4160     2.8881 0.0000e+00
     64.000    12.9759   3.792592    32.1122       4190     2.9087 0.0000e+00
     63.000    13.0029   3.794643    32.1090       4214     2.9257 0.0000e+00
     62.000    13.0107   3.795354    32.1095       4236     2.9409 0.0000e+00
     61.000    13.0209   3.796134    32.1087       4258     2.9565 0.0000e+00
     60.000    13.0256   3.796619    32.1096       4283     2.9734 0.0000e+00
     59.000    13.0273   3.796827    32.1106       4314     2.9949 0.0000e+00
     58.000    13.0285   3.797000    32.1116       4350     3.0202 0.0000e+00
     57.000    13.0338   3.797372    32.1109       4382     3.0424 0.0000e+00
     56.000    13.0386   3.797730    32.1107       4407     3.0599 0.0000e+00
     55.000    13.0484   3.798376    32.1089       4430     3.0755 0.0000e+00
     54.000    13.0642   3.799567    32.1070       4451     3.0901 0.0000e+00
     53.000    13.0661   3.799778    32.1079       4473     3.1058 0.0000e+00
     52.000    13.0694   3.800017    32.1078       4502     3.1259 0.0000e+00
     51.000    13.0788   3.800720    32.1068       4540     3.1519 0.0000e+00
     50.000    13.0929   3.801682    32.1043       4572     3.1740 0.0000e+00
     49.000    13.1103   3.802894    32.1014       4597     3.1917 0.0000e+00
     48.000    13.1273   3.804115    32.0989       4621     3.2083 0.0000e+00
     47.000    13.1389   3.805009    32.0978       4645     3.2251 0.0000e+00
     46.000    13.1448   3.805471    32.0976       4672     3.2437 0.0000e+00
     45.000    13.1489   3.805782    32.0975       4700     3.2629 0.0000e+00
     44.000    13.1511   3.805945    32.0975       4726     3.2815 0.0000e+00
     43.000    13.1572   3.806342    32.0965       4752     3.2993 0.0000e+00
     42.000    13.1618   3.806687    32.0963       4780     3.3187 0.0000e+00
     41.000    13.1673   3.807079    32.0957       4812     3.3410 0.0000e+00
     40.000    13.1910   3.808607    32.0904       4841     3.3614 0.0000e+00
     39.000    13.2213   3.810857    32.0863       4870     3.3816 0.0000e+00
     38.000    13.2576   3.813521    32.0811       4905     3.4054 0.0000e+00
     37.000    13.3523   3.819976    32.0621       4946     3.4339 0.0000e+00
     36.000    13.4687   3.828444    32.0437       4979     3.4571 0.0000e+00
     35.000    13.5252   3.832823    32.0375       5006     3.4756 0.0000e+00
     34.000    13.6126   3.839003    32.0221       5031     3.4933 0.0000e+00
     33.000    13.6747   3.843843    32.0155       5059     3.5123 0.0000e+00
     32.000    13.7000   3.845959    32.0143       5090     3.5342 0.0000e+00
     31.000    13.7242   3.847743    32.0110       5123     3.5570 0.0000e+00
     30.000    13.7264   3.847996    32.0119       5154     3.5785 0.0000e+00
     29.000    13.7408   3.848932    32.0089       5182     3.5977 0.0000e+00
     28.000    13.7462   3.849315    32.0084       5207     3.6153 0.0000e+00
     27.000    13.7467   3.849417    32.0093       5234     3.6338 0.0000e+00
     26.000    13.7632   3.850291    32.0041       5261     3.6526 0.0000e+00
     25.000    13.8044   3.852998    31.9951       5287     3.6711 0.0000e+00
     24.000    13.8295   3.854762    31.9909       5314     3.6896 0.0000e+00
     23.000    13.8719   3.857605    31.9822       5343     3.7100 0.0000e+00
     22.000    13.9093   3.860310    31.9764       5377     3.7337 0.0000e+00
     21.000    13.9552   3.863575    31.9687       5409     3.7558 0.0000e+00
     20.000    13.9844   3.865686    31.9643       5437     3.7748 0.0000e+00
     19.000    14.0070   3.867219    31.9600       5464     3.7934 0.0000e+00
     18.000    14.0561   3.870924    31.9538       5493     3.8139 0.0000e+00
     17.000    14.0927   3.873363    31.9462       5525     3.8363 0.0000e+00
     16.000    14.1384   3.875806    31.9311       5555     3.8572 0.0000e+00
     15.000    14.1831   3.878721    31.9213       5582     3.8758 0.0000e+00
     14.000    14.2082   3.880106    31.9136       5607     3.8929 0.0000e+00
     13.000    14.2209   3.880881    31.9106       5633     3.9109 0.0000e+00
     12.000    14.2280   3.881299    31.9089       5662     3.9313 0.0000e+00
     11.000    14.2379   3.881815    31.9059       5693     3.9528 0.0000e+00
     10.000    14.2465   3.882133    31.9020       5723     3.9737 0.0000e+00
      9.000    14.2703   3.882887    31.8897       5753     3.9941 0.0000e+00
      8.000    14.3002   3.883629    31.8722       5782     4.0148 0.0000e+00
      7.000    14.3372   3.884878    31.8535       6252     4.3410 0.0000e+00
      6.000    14.3385   3.884754    31.8516       6512     4.5218 0.0000e+00
      5.000    14.3819   3.885133    31.8198       6546     4.5452 0.0000e+00
      4.000    14.3958   3.885372    31.8110       6579     4.5681 0.0000e+00
      3.000    14.4224   3.885756    31.7930       6607     4.5873 0.0000e+00
      2.000    14.4848   3.886961    31.7532       6641     4.6111 0.0000e+00
