HB2304/ctd101.cnv
* Sea-Bird SBE 9 Data File:
* FileName = C:\cruise\data\ctd101.hex
* Software Version Seasave V 7.26.7.121
* Temperature SN = 4591
* Conductivity SN = 3741
* Number of Bytes Per Scan = 37
* Number of Voltage Words = 4
* Number of Scans Averaged by the Deck Unit = 1
* NMEA Latitude = 39 53.06 N
* NMEA Longitude = 071 47.38 W
* NMEA UTC (Time) = Oct 11 2023  14:00:18
* NMEA baud rate = 4800
** Ship: Bigelow HB2304
** Program:  Fall Bottom Trawl Survey
** Chief Scientist: John Galbraith
# nquan = 7
# nvalues = 309                         
# units = specified
# name 0 = depSM: Depth [salt water, m]
# name 1 = t090C: Temperature [ITS-90, deg C]
# name 2 = c0S/m: Conductivity [S/m]
# name 3 = sal00: Salinity, Practical [PSU]
# name 4 = scan: Scan Count
# name 5 = timeM: Time, Elapsed [minutes]
# name 6 = flag: flag
# span 0 =      2.000,    156.000       
# span 1 =    10.6631,    16.8738       
# span 2 =   3.655981,   4.188382       
# span 3 =    32.1930,    35.4412       
# span 4 =        -65,       8960       
# span 5 =    -0.0459,     6.2218       
# span 6 = 0.0000e+00, 0.0000e+00       
# interval = meters: 1                  
# start_time = Oct 11 2023 14:00:18 [NMEA time, header]
# bad_flag = -9.990e-29
*END*
[from data line 206]
    104.000    11.9860   3.953820    34.5179       6265     4.3500 0.0000e+00
    103.000    11.7919   3.926220    34.4286       6302     4.3760 0.0000e+00
    102.000    11.6115   3.901601    34.3548       6331     4.3955 0.0000e+00
    101.000    11.4030   3.869771    34.2351       6353     4.4114 0.0000e+00
    100.000    11.4131   3.868795    34.2166       6375     4.4266 0.0000e+00
     99.000    11.3906   3.865872    34.2090       6398     4.4423 0.0000e+00
     98.000    11.3563   3.859709    34.1804       6423     4.4597 0.0000e+00
     97.000    11.3243   3.854764    34.1616       6452     4.4801 0.0000e+00
     96.000    11.2938   3.850337    34.1465       6485     4.5025 0.0000e+00
     95.000    11.2687   3.845898    34.1263       6513     4.5220 0.0000e+00
     94.000    11.2542   3.843998    34.1213       6536     4.5384 0.0000e+00
     93.000    11.2400   3.842210    34.1173       6559     4.5542 0.0000e+00
     92.000    11.2373   3.841464    34.1128       6584     4.5715 0.0000e+00
     91.000    11.2007   3.833532    34.0686       6613     4.5914 0.0000e+00
     90.000    11.1726   3.826286    34.0232       6640     4.6104 0.0000e+00
     89.000    11.1516   3.820736    33.9880       6663     4.6262 0.0000e+00
     88.000    11.1490   3.818814    33.9718       6683     4.6402 0.0000e+00
     87.000    11.1395   3.815744    33.9506       6703     4.6545 0.0000e+00
     86.000    11.1369   3.810256    33.8990       6730     4.6729 0.0000e+00
     85.000    11.1669   3.808483    33.8542       6771     4.7012 0.0000e+00
     84.000    11.2490   3.813547    33.8294       6805     4.7253 0.0000e+00
     83.000    11.3767   3.820815    33.7845       6828     4.7412 0.0000e+00
     82.000    11.2753   3.797010    33.6427       6849     4.7553 0.0000e+00
     81.000    11.1472   3.765532    33.4488       6869     4.7697 0.0000e+00
     80.000    11.0551   3.742532    33.3051       6892     4.7856 0.0000e+00
     79.000    10.9143   3.711842    33.1283       6917     4.8030 0.0000e+00
     78.000    10.8375   3.688085    32.9619       6944     4.8214 0.0000e+00
     77.000    10.8503   3.670377    32.7748       6970     4.8399 0.0000e+00
     76.000    10.8745   3.672718    32.7769       6998     4.8589 0.0000e+00
     75.000    10.8982   3.664589    32.6755       7026     4.8788 0.0000e+00
     74.000    10.9372   3.664841    32.6437       7053     4.8975 0.0000e+00
     73.000    11.0104   3.667428    32.6047       7078     4.9143 0.0000e+00
     72.000    11.0636   3.670798    32.5912       7103     4.9320 0.0000e+00
     71.000    11.0913   3.673181    32.5907       7132     4.9521 0.0000e+00
     70.000    11.1465   3.677066    32.5805       7161     4.9722 0.0000e+00
     69.000    11.1947   3.680635    32.5734       7186     4.9895 0.0000e+00
     68.000    11.2286   3.683405    32.5712       7208     5.0048 0.0000e+00
     67.000    11.2465   3.684896    32.5704       7228     5.0190 0.0000e+00
     66.000    11.2879   3.687376    32.5587       7250     5.0337 0.0000e+00
     65.000    11.3986   3.694403    32.5305       7273     5.0503 0.0000e+00
     64.000    11.9391   3.732483    32.4286       7304     5.0713 0.0000e+00
     63.000    12.1921   3.755270    32.4290       7340     5.0967 0.0000e+00
     62.000    12.2280   3.759475    32.4388       7370     5.1175 0.0000e+00
     61.000    12.3529   3.768498    32.4176       7393     5.1333 0.0000e+00
     60.000    12.3861   3.771695    32.4200       7414     5.1478 0.0000e+00
     59.000    12.4617   3.777685    32.4124       7436     5.1632 0.0000e+00
     58.000    12.5225   3.782639    32.4077       7461     5.1805 0.0000e+00
     57.000    12.6224   3.790201    32.3941       7488     5.1993 0.0000e+00
     56.000    12.7145   3.797357    32.3834       7514     5.2176 0.0000e+00
     55.000    12.7710   3.802377    32.3830       7538     5.2339 0.0000e+00
     54.000    12.8646   3.808160    32.3580       7560     5.2491 0.0000e+00
     53.000    13.0420   3.821551    32.3334       7583     5.2656 0.0000e+00
     52.000    13.1666   3.831488    32.3211       7614     5.2866 0.0000e+00
     51.000    13.2373   3.837185    32.3148       7648     5.3105 0.0000e+00
     50.000    13.2610   3.839128    32.3133       7675     5.3293 0.0000e+00
     49.000    13.3087   3.842537    32.3052       7696     5.3440 0.0000e+00
     48.000    13.3924   3.848435    32.2898       7717     5.3580 0.0000e+00
     47.000    13.4505   3.853872    32.2919       7739     5.3737 0.0000e+00
     46.000    13.5435   3.861189    32.2818       7767     5.3930 0.0000e+00
     45.000    13.5638   3.863225    32.2840       7796     5.4131 0.0000e+00
     44.000    13.5733   3.863075    32.2750       7821     5.4303 0.0000e+00
     43.000    13.6172   3.865696    32.2627       7843     5.4457 0.0000e+00
     42.000    13.6630   3.868947    32.2547       7866     5.4618 0.0000e+00
     41.000    13.6821   3.870678    32.2551       7894     5.4815 0.0000e+00
     40.000    13.7058   3.872137    32.2490       7928     5.5051 0.0000e+00
     39.000    13.7665   3.876413    32.2381       7955     5.5238 0.0000e+00
     38.000    13.8826   3.884369    32.2146       7975     5.5377 0.0000e+00
     37.000    13.9269   3.887806    32.2096       7993     5.5502 0.0000e+00
     36.000    13.9635   3.890377    32.2030       8012     5.5635 0.0000e+00
     35.000    14.1026   3.901889    32.1930       8042     5.5839 0.0000e+00
     34.000    14.2607   3.917742    32.2070       8084     5.6130 0.0000e+00
     33.000    14.2831   3.920466    32.2137       8110     5.6309 0.0000e+00
     32.000    14.4394   3.935688    32.2230       8128     5.6438 0.0000e+00
     31.000    14.5409   3.946836    32.2407       8146     5.6563 0.0000e+00
     30.000    14.7318   3.967749    32.2725       8167     5.6712 0.0000e+00
     29.000    15.2213   4.018872    32.3291       8199     5.6931 0.0000e+00
     28.000    15.4241   4.041606    32.3661       8236     5.7185 0.0000e+00
     27.000    15.5461   4.051030    32.3502       8260     5.7354 0.0000e+00
     26.000    15.7527   4.070214    32.3516       8279     5.7488 0.0000e+00
     25.000    16.1348   4.106618    32.3615       8299     5.7626 0.0000e+00
     24.000    16.4672   4.144773    32.4261       8323     5.7791 0.0000e+00
     23.000    16.5465   4.154773    32.4493       8354     5.8006 0.0000e+00
     22.000    16.5277   4.153836    32.4568       8387     5.8235 0.0000e+00
     21.000    16.5198   4.153640    32.4619       8414     5.8426 0.0000e+00
     20.000    16.6042   4.161374    32.4611       8438     5.8590 0.0000e+00
     19.000    16.6561   4.166872    32.4673       8460     5.8743 0.0000e+00
     18.000    16.7547   4.177558    32.4806       8482     5.8893 0.0000e+00
     17.000    16.8041   4.183285    32.4907       8505     5.9053 0.0000e+00
     16.000    16.8298   4.185289    32.4876       8530     5.9229 0.0000e+00
     15.000    16.8523   4.184384    32.4619       8559     5.9429 0.0000e+00
     14.000    16.8428   4.181934    32.4488       8589     5.9638 0.0000e+00
     13.000    16.8318   4.180257    32.4435       8616     5.9830 0.0000e+00
     12.000    16.8270   4.179611    32.4421       8642     6.0005 0.0000e+00
     11.000    16.8253   4.179262    32.4409       8666     6.0176 0.0000e+00
     10.000    16.8435   4.180326    32.4358       8690     6.0341 0.0000e+00
      9.000    16.8606   4.181825    32.4353       8714     6.0506 0.0000e+00
      8.000    16.8461   4.180947    32.4397       8738     6.0671 0.0000e+00
      7.000    16.8508   4.181065    32.4374       8763     6.0847 0.0000e+00
      6.000    16.8615   4.182014    32.4373       8791     6.1042 0.0000e+00
      5.000    16.8533   4.181662    32.4412       8820     6.1245 0.0000e+00
      4.000    16.8577   4.181764    32.4390       8846     6.1424 0.0000e+00
      3.000    16.8603   4.182098    32.4401       8869     6.1586 0.0000e+00
      2.000    16.8587   4.181976    32.4407       8960     6.2218 0.0000e+00
