HB2304/ctd112.cnv
* Sea-Bird SBE 9 Data File:
* FileName = C:\cruise\data\ctd112.hex
* Software Version Seasave V 7.26.7.121
* Temperature SN = 4591
* Conductivity SN = 3741
* Number of Bytes Per Scan = 37
* Number of Voltage Words = 4
* Number of Scans Averaged by the Deck Unit = 1
* NMEA Latitude = 40 17.99 N
* NMEA Longitude = 070 01.43 W
* NMEA UTC (Time) = Oct 13 2023  03:48:12
* NMEA baud rate = 4800
** Ship: Bigelow HB2304
** Program:  Fall Bottom Trawl Survey
** Chief Scientist: John Galbraith
# nquan = 7
# nvalues = 161                         
# units = specified
# name 0 = depSM: Depth [salt water, m]
# name 1 = t090C: Temperature [ITS-90, deg C]
# name 2 = c0S/m: Conductivity [S/m]
# name 3 = sal00: Salinity, Practical [PSU]
# name 4 = scan: Scan Count
# name 5 = timeM: Time, Elapsed [minutes]
# name 6 = flag: flag
# span 0 =      3.000,     83.000       
# span 1 =    10.1033,    17.5436       
# span 2 =   3.635169,   4.356313       
# span 3 =    32.8023,    33.4164       
# span 4 =        143,       5786       
# span 5 =     0.0989,     4.0175       
# span 6 = 0.0000e+00, 0.0000e+00       
# interval = meters: 1                  
# start_time = Oct 13 2023 03:48:12 [NMEA time, header]
# bad_flag = -9.990e-29
*END*
      3.000    16.8669   4.225030    32.8068        143     0.0989 0.0000e+00
      4.000    16.8590   4.223822    32.8023        277     0.1915 0.0000e+00
      5.000    16.9175   4.231891    32.8242        296     0.2050 0.0000e+00
      6.000    16.9332   4.235692    32.8439        322     0.2232 0.0000e+00
      7.000    16.9540   4.239855    32.8626        352     0.2439 0.0000e+00
      8.000    16.9555   4.240476    32.8664        378     0.2621 0.0000e+00
      9.000    16.9332   4.237918    32.8621        402     0.2784 0.0000e+00
     10.000    16.9200   4.236585    32.8610        427     0.2958 0.0000e+00
     11.000    16.9116   4.237591    32.8762        456     0.3161 0.0000e+00
     12.000    16.8633   4.237827    32.9174        487     0.3374 0.0000e+00
     13.000    16.8460   4.241728    32.9650        513     0.3555 0.0000e+00
     14.000    16.9380   4.256363    33.0161        535     0.3711 0.0000e+00
     15.000    16.9591   4.259770    33.0279        558     0.3869 0.0000e+00
     16.000    16.9770   4.262430    33.0359        584     0.4052 0.0000e+00
     17.000    17.0089   4.267016    33.0491        614     0.4256 0.0000e+00
     18.000    17.0322   4.270543    33.0601        640     0.4436 0.0000e+00
     19.000    17.0425   4.272200    33.0656        663     0.4594 0.0000e+00
     20.000    17.0600   4.274647    33.0720        686     0.4758 0.0000e+00
     21.000    17.0848   4.278369    33.0835        715     0.4957 0.0000e+00
     22.000    17.0905   4.279240    33.0859        749     0.5192 0.0000e+00
     23.000    17.0880   4.278994    33.0855        777     0.5390 0.0000e+00
     24.000    17.0989   4.280324    33.0877        800     0.5546 0.0000e+00
     25.000    17.1062   4.281485    33.0913        820     0.5688 0.0000e+00
     26.000    17.1026   4.281149    33.0911        842     0.5841 0.0000e+00
     27.000    17.1028   4.281169    33.0907        869     0.6027 0.0000e+00
     28.000    17.1069   4.281694    33.0914        900     0.6246 0.0000e+00
     29.000    17.1369   4.285799    33.1019        931     0.6455 0.0000e+00
     30.000    17.1482   4.287330    33.1055        956     0.6635 0.0000e+00
     31.000    17.1879   4.293220    33.1234        981     0.6803 0.0000e+00
     32.000    17.2206   4.297157    33.1301       1005     0.6970 0.0000e+00
     33.000    17.4883   4.338770    33.2678       1029     0.7139 0.0000e+00
     34.000    17.5198   4.345742    33.3013       1054     0.7309 0.0000e+00
     35.000    17.5436   4.356313    33.3720       1079     0.7489 0.0000e+00
     36.000    17.4902   4.354178    33.3973       1108     0.7687 0.0000e+00
     37.000    17.4772   4.353878    33.4050       1138     0.7898 0.0000e+00
     38.000    17.4552   4.352326    33.4095       1166     0.8091 0.0000e+00
     39.000    17.3005   4.338328    33.4164       1191     0.8262 0.0000e+00
     40.000    17.1792   4.325790    33.4083       1217     0.8442 0.0000e+00
     41.000    17.0670   4.314314    33.4016       1246     0.8642 0.0000e+00
     42.000    17.0151   4.308776    33.3963       1272     0.8824 0.0000e+00
     43.000    16.9666   4.303987    33.3947       1292     0.8968 0.0000e+00
     44.000    16.9464   4.301596    33.3903       1311     0.9098 0.0000e+00
     45.000    16.9066   4.298056    33.3923       1333     0.9248 0.0000e+00
     46.000    16.7057   4.278690    33.3904       1369     0.9498 0.0000e+00
     47.000    16.2749   4.236029    33.3762       1410     0.9784 0.0000e+00
     48.000    15.9803   4.206395    33.3614       1433     0.9945 0.0000e+00
     49.000    15.7717   4.184204    33.3398       1452     1.0076 0.0000e+00
     50.000    15.6110   4.168052    33.3311       1472     1.0213 0.0000e+00
     51.000    15.2916   4.136757    33.3208       1497     1.0386 0.0000e+00
     52.000    14.9888   4.104844    33.2901       1528     1.0603 0.0000e+00
     53.000    14.7511   4.079719    33.2644       1558     1.0809 0.0000e+00
     54.000    14.4266   4.049485    33.2660       1583     1.0983 0.0000e+00
     55.000    13.7605   3.987555    33.2686       1606     1.1146 0.0000e+00
     56.000    12.9785   3.907696    33.2007       1631     1.1318 0.0000e+00
     57.000    12.0567   3.812848    33.1045       1660     1.1520 0.0000e+00
     58.000    11.1617   3.728060    33.0753       1691     1.1737 0.0000e+00
     59.000    11.0447   3.714456    33.0455       1719     1.1928 0.0000e+00
     60.000    10.9700   3.706493    33.0333       1742     1.2094 0.0000e+00
     61.000    10.8809   3.698399    33.0327       1766     1.2254 0.0000e+00
     62.000    10.9233   3.703009    33.0399       1789     1.2420 0.0000e+00
     63.000    10.9487   3.705597    33.0423       1815     1.2595 0.0000e+00
     64.000    11.0537   3.716985    33.0602       1841     1.2776 0.0000e+00
     65.000    11.1453   3.730838    33.1144       1869     1.2970 0.0000e+00
     66.000    10.7742   3.696341    33.1063       1901     1.3197 0.0000e+00
     67.000    10.5010   3.668202    33.0723       1936     1.3436 0.0000e+00
     68.000    10.4701   3.665308    33.0708       1962     1.3618 0.0000e+00
     69.000    10.3594   3.656243    33.0798       1983     1.3763 0.0000e+00
     70.000    10.2194   3.644931    33.0929       2003     1.3904 0.0000e+00
     71.000    10.1750   3.641474    33.0981       2028     1.4079 0.0000e+00
     72.000    10.1203   3.637544    33.1079       2065     1.4335 0.0000e+00
     73.000    10.1033   3.638181    33.1294       2095     1.4545 0.0000e+00
     74.000    10.1049   3.641623    33.1623       2116     1.4685 0.0000e+00
     75.000    10.1046   3.644389    33.1902       2134     1.4814 0.0000e+00
     76.000    10.1088   3.646404    33.2064       2157     1.4971 0.0000e+00
     77.000    10.1143   3.647871    33.2158       2193     1.5222 0.0000e+00
     78.000    10.1174   3.648585    33.2197       2230     1.5482 0.0000e+00
     79.000    10.1211   3.649360    33.2237       2255     1.5654 0.0000e+00
     80.000    10.1272   3.651596    33.2403       2277     1.5808 0.0000e+00
     81.000    10.1349   3.655038    33.2677       2300     1.5965 0.0000e+00
     82.000    10.1466   3.657977    33.2862       2326     1.6147 0.0000e+00
     83.000    10.1558   3.659270    33.2904       2781     1.9302 0.0000e+00
     82.000    10.1535   3.658066    33.2808       3653     2.5362 0.0000e+00
     81.000    10.1457   3.656257    33.2701       3766     2.6147 0.0000e+00
     80.000    10.1373   3.654282    33.2582       3763     2.6127 0.0000e+00
     79.000    10.1308   3.651339    33.2348       3783     2.6265 0.0000e+00
     78.000    10.1241   3.648533    33.2130       3807     2.6429 0.0000e+00
     77.000    10.1181   3.646738    33.2008       3840     2.6661 0.0000e+00
     76.000    10.1136   3.645291    33.1907       3874     2.6896 0.0000e+00
     75.000    10.1096   3.643875    33.1804       3897     2.7057 0.0000e+00
     74.000    10.1065   3.641964    33.1644       3918     2.7201 0.0000e+00
     73.000    10.1067   3.639565    33.1404       3940     2.7355 0.0000e+00
     72.000    10.1102   3.635637    33.0978       3966     2.7538 0.0000e+00
     71.000    10.1425   3.635169    33.0640       3995     2.7735 0.0000e+00
     70.000    10.1820   3.637585    33.0528       4021     2.7918 0.0000e+00
     69.000    10.2616   3.642391    33.0293       4046     2.8093 0.0000e+00
     68.000    10.4300   3.655472    33.0084       4074     2.8284 0.0000e+00
     67.000    10.4667   3.659763    33.0187       4104     2.8495 0.0000e+00
     66.000    10.5746   3.667051    32.9944       4132     2.8685 0.0000e+00
     65.000    10.8947   3.696058    32.9952       4154     2.8839 0.0000e+00
     64.000    11.0507   3.713705    33.0304       4174     2.8979 0.0000e+00
     63.000    10.9708   3.704072    33.0072       4196     2.9130 0.0000e+00
     62.000    10.9186   3.696738    32.9819       4223     2.9319 0.0000e+00
     61.000    10.8766   3.691752    32.9705       4256     2.9546 0.0000e+00
     60.000    10.9291   3.692503    32.9313       4283     2.9739 0.0000e+00
     59.000    11.0389   3.702707    32.9343       4307     2.9901 0.0000e+00
     58.000    11.0900   3.707752    32.9389       4330     3.0065 0.0000e+00
     57.000    11.8138   3.762781    32.8347       4358     3.0258 0.0000e+00
     56.000    12.8954   3.876109    32.9741       4388     3.0468 0.0000e+00
     55.000    13.7172   3.956499    33.0171       4414     3.0644 0.0000e+00
     54.000    14.2611   4.012507    33.0684       4435     3.0792 0.0000e+00
     53.000    14.5919   4.048132    33.1125       4456     3.0935 0.0000e+00
     52.000    14.8338   4.073427    33.1373       4478     3.1088 0.0000e+00
     51.000    15.3444   4.124746    33.1681       4504     3.1270 0.0000e+00
     50.000    15.5858   4.152739    33.2156       4535     3.1483 0.0000e+00
     49.000    15.8473   4.179492    33.2343       4565     3.1697 0.0000e+00
     48.000    16.0196   4.197826    33.2525       4592     3.1881 0.0000e+00
     47.000    16.3451   4.229884    33.2633       4615     3.2045 0.0000e+00
     46.000    16.6875   4.265218    33.2880       4639     3.2211 0.0000e+00
     45.000    16.7961   4.278640    33.3152       4664     3.2381 0.0000e+00
     44.000    16.8527   4.284997    33.3239       4688     3.2552 0.0000e+00
     43.000    16.9044   4.290936    33.3330       4713     3.2723 0.0000e+00
     42.000    16.9476   4.296050    33.3420       4739     3.2903 0.0000e+00
     41.000    17.0092   4.301924    33.3422       4768     3.3102 0.0000e+00
     40.000    17.1161   4.312956    33.3496       4797     3.3305 0.0000e+00
     39.000    17.2380   4.325299    33.3558       4823     3.3487 0.0000e+00
     38.000    17.3210   4.333470    33.3581       4847     3.3651 0.0000e+00
     37.000    17.4152   4.343181    33.3643       4870     3.3815 0.0000e+00
     36.000    17.4598   4.347764    33.3673       4895     3.3984 0.0000e+00
     35.000    17.5081   4.350057    33.3476       4919     3.4154 0.0000e+00
     34.000    17.5148   4.346800    33.3145       4943     3.4322 0.0000e+00
     33.000    17.4025   4.329931    33.2623       4968     3.4496 0.0000e+00
     32.000    17.2465   4.303573    33.1641       4997     3.4691 0.0000e+00
     31.000    17.1449   4.287118    33.1060       5027     3.4901 0.0000e+00
     30.000    17.1232   4.283486    33.0928       5054     3.5092 0.0000e+00
     29.000    17.1140   4.282462    33.0919       5078     3.5258 0.0000e+00
     28.000    17.0961   4.279861    33.0845       5101     3.5413 0.0000e+00
     27.000    17.0910   4.278974    33.0814       5123     3.5573 0.0000e+00
     26.000    17.0875   4.278423    33.0799       5148     3.5746 0.0000e+00
     25.000    17.0879   4.278359    33.0793       5176     3.5940 0.0000e+00
     24.000    17.0894   4.278567    33.0803       5206     3.6149 0.0000e+00
     23.000    17.0897   4.278642    33.0811       5233     3.6330 0.0000e+00
     22.000    17.0856   4.278074    33.0799       5254     3.6482 0.0000e+00
     21.000    17.0785   4.277203    33.0786       5275     3.6628 0.0000e+00
     20.000    17.0641   4.275229    33.0737       5299     3.6794 0.0000e+00
     19.000    17.0432   4.272130    33.0644       5331     3.7014 0.0000e+00
     18.000    17.0260   4.269728    33.0582       5362     3.7233 0.0000e+00
     17.000    16.9963   4.265403    33.0454       5386     3.7395 0.0000e+00
     16.000    16.9849   4.263595    33.0395       5407     3.7539 0.0000e+00
     15.000    16.9636   4.260684    33.0322       5429     3.7693 0.0000e+00
     14.000    16.9459   4.257924    33.0232       5456     3.7880 0.0000e+00
     13.000    16.8978   4.251274    33.0054       5486     3.8092 0.0000e+00
     12.000    16.8475   4.239722    32.9468       5513     3.8278 0.0000e+00
     11.000    16.8915   4.238774    32.9029       5536     3.8440 0.0000e+00
     10.000    16.9186   4.238440    32.8782       5559     3.8597 0.0000e+00
      9.000    16.9146   4.235447    32.8559       5584     3.8768 0.0000e+00
      8.000    16.9102   4.233887    32.8464       5613     3.8972 0.0000e+00
      7.000    16.9045   4.232964    32.8434       5642     3.9170 0.0000e+00
      6.000    16.8972   4.231469    32.8367       5665     3.9331 0.0000e+00
      5.000    16.9033   4.231942    32.8363       5686     3.9480 0.0000e+00
      4.000    16.9039   4.231466    32.8320       5711     3.9650 0.0000e+00
      3.000    16.8935   4.228634    32.8163       5786     4.0175 0.0000e+00
