HB2304/ctd118.cnv
* Sea-Bird SBE 9 Data File:
* FileName = C:\cruise\data\ctd118.hex
* Software Version Seasave V 7.26.7.121
* Temperature SN = 4591
* Conductivity SN = 3741
* Number of Bytes Per Scan = 37
* Number of Voltage Words = 4
* Number of Scans Averaged by the Deck Unit = 1
* NMEA Latitude = 40 12.21 N
* NMEA Longitude = 068 28.44 W
* NMEA UTC (Time) = Oct 14 2023  08:21:47
* NMEA baud rate = 4800
** Ship: Bigelow HB2304
** Program:  Fall Bottom Trawl Survey
** Chief Scientist: John Galbraith
# nquan = 7
# nvalues = 534                         
# units = specified
# name 0 = depSM: Depth [salt water, m]
# name 1 = t090C: Temperature [ITS-90, deg C]
# name 2 = c0S/m: Conductivity [S/m]
# name 3 = sal00: Salinity, Practical [PSU]
# name 4 = scan: Scan Count
# name 5 = timeM: Time, Elapsed [minutes]
# name 6 = flag: flag
# span 0 =      2.000,    269.000       
# span 1 =     9.5041,    19.2043       
# span 2 =   3.674953,   4.612129       
# span 3 =    32.1200,    35.2318       
# span 4 =       -101,      15247       
# span 5 =    -0.0706,    10.5876       
# span 6 = 0.0000e+00, 0.0000e+00       
# interval = meters: 1                  
# start_time = Oct 14 2023 08:21:47 [NMEA time, header]
# bad_flag = -9.990e-29
*END*
[from data line 411]
    124.000    11.9590   4.019958    35.1798      11927     8.2821 0.0000e+00
    123.000    11.9709   4.019934    35.1688      11954     8.3006 0.0000e+00
    122.000    12.0217   4.021508    35.1367      11978     8.3171 0.0000e+00
    121.000    12.0063   4.020963    35.1463      12003     8.3348 0.0000e+00
    120.000    12.0561   4.023225    35.1219      12032     8.3550 0.0000e+00
    119.000    12.0660   4.024080    35.1214      12062     8.3758 0.0000e+00
    118.000    12.1007   4.026053    35.1084      12088     8.3938 0.0000e+00
    117.000    12.1094   4.025926    35.0994      12112     8.4105 0.0000e+00
    116.000    12.0732   4.020835    35.0843      12137     8.4275 0.0000e+00
    115.000    11.9934   4.009715    35.0513      12167     8.4489 0.0000e+00
    114.000    11.9315   4.000459    35.0196      12206     8.4755 0.0000e+00
    113.000    11.9185   3.998732    35.0153      12232     8.4937 0.0000e+00
    112.000    11.9057   3.997017    35.0110      12251     8.5071 0.0000e+00
    111.000    11.9000   3.995930    35.0062      12270     8.5202 0.0000e+00
    110.000    11.9149   3.997321    35.0062      12293     8.5360 0.0000e+00
    109.000    11.9293   3.998598    35.0056      12331     8.5624 0.0000e+00
    108.000    11.8429   3.987805    34.9817      12368     8.5882 0.0000e+00
    107.000    11.7446   3.974924    34.9483      12393     8.6058 0.0000e+00
    106.000    11.6838   3.967329    34.9314      12417     8.6219 0.0000e+00
    105.000    11.5992   3.956815    34.9081      12442     8.6393 0.0000e+00
    104.000    11.4561   3.939460    34.8722      12472     8.6603 0.0000e+00
    103.000    11.2925   3.918656    34.8212      12503     8.6822 0.0000e+00
    102.000    11.1515   3.901272    34.7822      12529     8.7000 0.0000e+00
    101.000    10.9838   3.880433    34.7335      12554     8.7171 0.0000e+00
    100.000    10.8562   3.862843    34.6789      12585     8.7386 0.0000e+00
     99.000    10.8246   3.858519    34.6660      12618     8.7616 0.0000e+00
     98.000    10.7496   3.849542    34.6475      12641     8.7779 0.0000e+00
     97.000    10.6785   3.840307    34.6226      12662     8.7920 0.0000e+00
     96.000    10.5531   3.825284    34.5907      12684     8.8077 0.0000e+00
     95.000    10.4505   3.811215    34.5466      12717     8.8308 0.0000e+00
     94.000    10.3921   3.802926    34.5187      12764     8.8631 0.0000e+00
     93.000    10.3407   3.796546    34.5033      12791     8.8822 0.0000e+00
     92.000    10.2460   3.784496    34.4716      12811     8.8958 0.0000e+00
     91.000    10.1394   3.771486    34.4411      12830     8.9090 0.0000e+00
     90.000     9.9780   3.750577    34.3820      12854     8.9257 0.0000e+00
     89.000     9.8988   3.738851    34.3380      12887     8.9484 0.0000e+00
     88.000     9.8726   3.734986    34.3239      12918     8.9700 0.0000e+00
     87.000     9.8155   3.727410    34.3010      12948     8.9907 0.0000e+00
     86.000     9.7700   3.720906    34.2781      12981     9.0139 0.0000e+00
     85.000     9.7004   3.710503    34.2380      13010     9.0342 0.0000e+00
     84.000     9.6363   3.696849    34.1591      13033     9.0502 0.0000e+00
     83.000     9.6152   3.689922    34.1084      13056     9.0661 0.0000e+00
     82.000     9.6245   3.687586    34.0760      13082     9.0840 0.0000e+00
     81.000     9.6295   3.687250    34.0682      13113     9.1058 0.0000e+00
     80.000     9.6312   3.687044    34.0649      13148     9.1301 0.0000e+00
     79.000     9.6317   3.686759    34.0620      13177     9.1503 0.0000e+00
     78.000     9.6328   3.686269    34.0564      13200     9.1657 0.0000e+00
     77.000     9.6350   3.685827    34.0502      13221     9.1808 0.0000e+00
     76.000     9.6366   3.685503    34.0458      13250     9.2005 0.0000e+00
     75.000     9.6387   3.685317    34.0424      13288     9.2273 0.0000e+00
     74.000     9.6406   3.685314    34.0410      13317     9.2469 0.0000e+00
     73.000     9.6403   3.685193    34.0405      13338     9.2619 0.0000e+00
     72.000     9.6403   3.685066    34.0396      13360     9.2774 0.0000e+00
     71.000     9.6475   3.685535    34.0381      13389     9.2974 0.0000e+00
     70.000     9.6771   3.687433    34.0300      13423     9.3210 0.0000e+00
     69.000     9.7280   3.691439    34.0235      13454     9.3425 0.0000e+00
     68.000     9.7590   3.694271    34.0236      13484     9.3635 0.0000e+00
     67.000     9.7964   3.697491    34.0218      13511     9.3823 0.0000e+00
     66.000     9.8308   3.700739    34.0230      13534     9.3976 0.0000e+00
     65.000     9.8605   3.703378    34.0224      13555     9.4124 0.0000e+00
     64.000     9.9564   3.712128    34.0218      13579     9.4293 0.0000e+00
     63.000    10.0301   3.719883    34.0319      13610     9.4508 0.0000e+00
     62.000    10.0524   3.722130    34.0343      13643     9.4739 0.0000e+00
     61.000    10.2081   3.735379    34.0230      13674     9.4948 0.0000e+00
     60.000    10.5276   3.766287    34.0365      13700     9.5135 0.0000e+00
     59.000    10.6493   3.780159    34.0629      13728     9.5328 0.0000e+00
     58.000    10.9745   3.809534    34.0543      13759     9.5539 0.0000e+00
     57.000    11.2714   3.841030    34.0925      13785     9.5720 0.0000e+00
     56.000    11.8113   3.890174    34.0785      13806     9.5866 0.0000e+00
     55.000    12.5664   3.970178    34.1646      13825     9.5999 0.0000e+00
     54.000    13.4059   4.057034    34.2320      13846     9.6148 0.0000e+00
     53.000    14.0523   4.132754    34.3625      13884     9.6410 0.0000e+00
     52.000    14.1647   4.144492    34.3718      13931     9.6739 0.0000e+00
     51.000    14.1452   4.137600    34.3257      13950     9.6869 0.0000e+00
     50.000    14.0620   4.122519    34.2603      13965     9.6972 0.0000e+00
     49.000    13.9023   4.095151    34.1483      13979     9.7069 0.0000e+00
     48.000    13.7771   4.079277    34.1121      13994     9.7176 0.0000e+00
     47.000    12.6672   3.928263    33.6750      14044     9.7518 0.0000e+00
     46.000    12.3886   3.891518    33.5731      14094     9.7865 0.0000e+00
     45.000    12.1253   3.860189    33.5072      14107     9.7959 0.0000e+00
     44.000    11.8484   3.825171    33.4164      14120     9.8046 0.0000e+00
     43.000    11.6784   3.800567    33.3296      14132     9.8132 0.0000e+00
     42.000    11.5606   3.780529    33.2398      14147     9.8237 0.0000e+00
     41.000    11.4352   3.749151    33.0451      14205     9.8636 0.0000e+00
     40.000    11.8256   3.779673    32.9958      14245     9.8917 0.0000e+00
     39.000    12.0226   3.801749    33.0358      14259     9.9016 0.0000e+00
     38.000    12.3186   3.828718    33.0348      14273     9.9108 0.0000e+00
     37.000    12.7128   3.872328    33.1057      14286     9.9204 0.0000e+00
     36.000    13.2348   3.928898    33.1844      14304     9.9328 0.0000e+00
     35.000    15.7745   4.213234    33.6025      14362     9.9730 0.0000e+00
     34.000    17.5393   4.422169    33.9410      14398     9.9982 0.0000e+00
     33.000    17.7094   4.443060    33.9780      14413    10.0084 0.0000e+00
     32.000    17.8638   4.459430    33.9894      14427    10.0181 0.0000e+00
     31.000    18.0047   4.473629    33.9934      14442    10.0282 0.0000e+00
     30.000    18.6248   4.541496    34.0524      14473    10.0501 0.0000e+00
     29.000    19.1873   4.609897    34.1615      14530    10.0895 0.0000e+00
     28.000    19.1410   4.603920    34.1500      14546    10.1010 0.0000e+00
     27.000    19.1287   4.592353    34.0644      14562    10.1115 0.0000e+00
     26.000    19.1621   4.591760    34.0324      14577    10.1221 0.0000e+00
     25.000    19.1495   4.586653    34.0007      14598    10.1368 0.0000e+00
     24.000    18.9085   4.547301    33.8706      14639    10.1651 0.0000e+00
     23.000    18.7886   4.529188    33.8180      14677    10.1913 0.0000e+00
     22.000    18.4619   4.486632    33.7286      14701    10.2085 0.0000e+00
     21.000    18.0396   4.416295    33.4813      14722    10.2232 0.0000e+00
     20.000    18.0422   4.410863    33.4335      14742    10.2365 0.0000e+00
     19.000    18.0737   4.410344    33.4037      14761    10.2503 0.0000e+00
     18.000    17.8845   4.378790    33.2906      14784    10.2663 0.0000e+00
     17.000    17.4623   4.308337    33.0340      14815    10.2872 0.0000e+00
     16.000    17.0264   4.240309    32.8042      14846    10.3092 0.0000e+00
     15.000    16.2233   4.126288    32.4649      14874    10.3282 0.0000e+00
     14.000    15.8403   4.064979    32.2382      14900    10.3468 0.0000e+00
     13.000    15.8175   4.058817    32.2026      14926    10.3643 0.0000e+00
     12.000    15.7844   4.053362    32.1817      14949    10.3806 0.0000e+00
     11.000    15.7042   4.042162    32.1481      14971    10.3960 0.0000e+00
     10.000    15.7329   4.044814    32.1486      14994    10.4119 0.0000e+00
      9.000    15.7092   4.041563    32.1395      15021    10.4305 0.0000e+00
      8.000    15.7131   4.042166    32.1420      15052    10.4521 0.0000e+00
      7.000    15.7057   4.040544    32.1340      15079    10.4706 0.0000e+00
      6.000    15.6964   4.039423    32.1320      15100    10.4851 0.0000e+00
      5.000    15.6960   4.039122    32.1301      15119    10.4989 0.0000e+00
      4.000    15.6914   4.038556    32.1292      15155    10.5239 0.0000e+00
      3.000    15.6900   4.038138    32.1270      15218    10.5671 0.0000e+00
      2.000    15.6885   4.037924    32.1267      15247    10.5876 0.0000e+00
