HB2304/ctd102.cnv
* Sea-Bird SBE 9 Data File:
* FileName = C:\cruise\data\ctd102.hex
* Software Version Seasave V 7.26.7.121
* Temperature SN = 4591
* Conductivity SN = 3741
* Number of Bytes Per Scan = 37
* Number of Voltage Words = 4
* Number of Scans Averaged by the Deck Unit = 1
* NMEA Latitude = 39 58.70 N
* NMEA Longitude = 071 47.25 W
* NMEA UTC (Time) = Oct 11 2023  15:51:25
* NMEA baud rate = 4800
** Ship: Bigelow HB2304
** Program:  Fall Bottom Trawl Survey
** Chief Scientist: John Galbraith
# nquan = 7
# nvalues = 187                         
# units = specified
# name 0 = depSM: Depth [salt water, m]
# name 1 = t090C: Temperature [ITS-90, deg C]
# name 2 = c0S/m: Conductivity [S/m]
# name 3 = sal00: Salinity, Practical [PSU]
# name 4 = scan: Scan Count
# name 5 = timeM: Time, Elapsed [minutes]
# name 6 = flag: flag
# span 0 =      3.000,     96.000       
# span 1 =    10.2665,    17.1988       
# span 2 =   3.616823,   4.226804       
# span 3 =    32.4695,    34.2576       
# span 4 =         11,       7495       
# span 5 =     0.0067,     5.2041       
# span 6 = 0.0000e+00, 0.0000e+00       
# interval = meters: 1                  
# start_time = Oct 11 2023 15:51:25 [NMEA time, header]
# bad_flag = -9.990e-29
*END*
      3.000    17.1523   4.222101    32.5498         11     0.0067 0.0000e+00
      4.000    17.1988   4.226482    32.5497        275     0.1904 0.0000e+00
      5.000    17.1942   4.226804    32.5558        424     0.2940 0.0000e+00
      6.000    17.0885   4.216684    32.5536        459     0.3178 0.0000e+00
      7.000    17.0679   4.214449    32.5506        519     0.3596 0.0000e+00
      8.000    17.0623   4.214038    32.5511        583     0.4043 0.0000e+00
      9.000    17.0648   4.214406    32.5520        709     0.4917 0.0000e+00
     10.000    17.0655   4.214580    32.5525        822     0.5702 0.0000e+00
     11.000    17.0615   4.214274    32.5528        850     0.5895 0.0000e+00
     12.000    17.0624   4.214507    32.5537        880     0.6102 0.0000e+00
     13.000    17.0628   4.214653    32.5543        907     0.6295 0.0000e+00
     14.000    17.0615   4.214632    32.5547        934     0.6481 0.0000e+00
     15.000    17.0611   4.214686    32.5552        960     0.6660 0.0000e+00
     16.000    17.0604   4.214681    32.5554        985     0.6834 0.0000e+00
     17.000    17.0581   4.214575    32.5559       1011     0.7014 0.0000e+00
     18.000    17.0538   4.214243    32.5561       1038     0.7200 0.0000e+00
     19.000    17.0544   4.214344    32.5562       1064     0.7379 0.0000e+00
     20.000    17.0538   4.214354    32.5564       1088     0.7548 0.0000e+00
     21.000    17.0496   4.214100    32.5573       1113     0.7723 0.0000e+00
     22.000    17.0391   4.213102    32.5568       1141     0.7918 0.0000e+00
     23.000    17.0357   4.212813    32.5566       1172     0.8130 0.0000e+00
     24.000    17.0264   4.211940    32.5563       1200     0.8329 0.0000e+00
     25.000    17.0205   4.211364    32.5557       1224     0.8492 0.0000e+00
     26.000    17.0074   4.210168    32.5556       1245     0.8641 0.0000e+00
     27.000    17.0061   4.210020    32.5550       1268     0.8800 0.0000e+00
     28.000    16.9998   4.209422    32.5546       1295     0.8989 0.0000e+00
     29.000    16.9957   4.209048    32.5543       1327     0.9206 0.0000e+00
     30.000    16.9860   4.208267    32.5550       1357     0.9416 0.0000e+00
     31.000    16.9701   4.206946    32.5561       1381     0.9587 0.0000e+00
     32.000    16.9602   4.206336    32.5585       1404     0.9741 0.0000e+00
     33.000    16.9467   4.205895    32.5652       1428     0.9909 0.0000e+00
     34.000    16.9432   4.206353    32.5716       1456     1.0105 0.0000e+00
     35.000    16.9464   4.207430    32.5780       1484     1.0298 0.0000e+00
     36.000    16.9577   4.209306    32.5847       1508     1.0465 0.0000e+00
     37.000    16.9747   4.211816    32.5922       1532     1.0635 0.0000e+00
     38.000    16.9870   4.213672    32.5980       1562     1.0841 0.0000e+00
     39.000    16.9935   4.214644    32.6007       1595     1.1071 0.0000e+00
     40.000    17.0126   4.217536    32.6099       1621     1.1252 0.0000e+00
     41.000    16.9928   4.218853    32.6370       1642     1.1393 0.0000e+00
     42.000    16.7693   4.197927    32.6367       1661     1.1531 0.0000e+00
     43.000    16.5843   4.177761    32.6115       1686     1.1700 0.0000e+00
     44.000    16.4611   4.163945    32.5911       1721     1.1944 0.0000e+00
     45.000    16.2087   4.142694    32.6109       1753     1.2164 0.0000e+00
     46.000    16.0113   4.128233    32.6452       1775     1.2316 0.0000e+00
     47.000    15.8726   4.115288    32.6446       1795     1.2461 0.0000e+00
     48.000    15.7232   4.103253    32.6608       1820     1.2633 0.0000e+00
     49.000    15.8079   4.118462    32.7254       1853     1.2859 0.0000e+00
     50.000    15.5130   4.091712    32.7316       1884     1.3077 0.0000e+00
     51.000    15.3901   4.083973    32.7643       1908     1.3243 0.0000e+00
     52.000    15.2282   4.070314    32.7765       1929     1.3389 0.0000e+00
     53.000    14.8039   4.033453    32.7994       1950     1.3534 0.0000e+00
     54.000    13.7301   3.925449    32.7176       1974     1.3701 0.0000e+00
     55.000    13.3953   3.886851    32.6438       2007     1.3929 0.0000e+00
     56.000    13.1583   3.864222    32.6343       2044     1.4184 0.0000e+00
     57.000    13.0244   3.852094    32.6348       2070     1.4367 0.0000e+00
     58.000    12.5941   3.816708    32.6705       2090     1.4508 0.0000e+00
     59.000    11.9312   3.751935    32.6258       2108     1.4635 0.0000e+00
     60.000    11.8319   3.742072    32.6168       2128     1.4768 0.0000e+00
     61.000    11.6678   3.727594    32.6196       2152     1.4939 0.0000e+00
     62.000    11.2247   3.687934    32.6217       2188     1.5189 0.0000e+00
     63.000    11.0813   3.672944    32.6006       2222     1.5423 0.0000e+00
     64.000    10.9041   3.660234    32.6318       2248     1.5603 0.0000e+00
     65.000    10.6165   3.639689    32.6836       2272     1.5773 0.0000e+00
     66.000    10.5435   3.633557    32.6872       2297     1.5947 0.0000e+00
     67.000    10.4911   3.629926    32.6975       2324     1.6129 0.0000e+00
     68.000    10.4413   3.627798    32.7204       2350     1.6309 0.0000e+00
     69.000    10.4597   3.631128    32.7368       2375     1.6483 0.0000e+00
     70.000    10.4728   3.634948    32.7629       2399     1.6654 0.0000e+00
     71.000    10.3182   3.623780    32.7896       2425     1.6835 0.0000e+00
     72.000    10.2665   3.618879    32.7865       2452     1.7021 0.0000e+00
     73.000    10.2813   3.620529    32.7893       2479     1.7208 0.0000e+00
     74.000    10.2965   3.622334    32.7933       2511     1.7431 0.0000e+00
     75.000    10.3059   3.623812    32.7993       2545     1.7665 0.0000e+00
     76.000    10.3049   3.623531    32.7969       2569     1.7833 0.0000e+00
     77.000    10.3043   3.623373    32.7954       2589     1.7969 0.0000e+00
     78.000    10.3036   3.623223    32.7941       2609     1.8108 0.0000e+00
     79.000    10.3060   3.623497    32.7943       2635     1.8290 0.0000e+00
     80.000    10.3087   3.623899    32.7954       2670     1.8536 0.0000e+00
     81.000    10.3099   3.623950    32.7944       2701     1.8748 0.0000e+00
     82.000    10.3126   3.624296    32.7950       2724     1.8911 0.0000e+00
     83.000    10.3205   3.625464    32.7992       2746     1.9066 0.0000e+00
     84.000    10.3971   3.639239    32.8681       2771     1.9239 0.0000e+00
     85.000    10.5017   3.659040    32.9718       2800     1.9440 0.0000e+00
     86.000    10.5399   3.667403    33.0206       2830     1.9646 0.0000e+00
     87.000    10.5636   3.672305    33.0478       2857     1.9835 0.0000e+00
     88.000    10.6398   3.686326    33.1186       2882     2.0004 0.0000e+00
     89.000    10.7499   3.706509    33.2198       2905     2.0169 0.0000e+00
     90.000    10.8540   3.725937    33.3184       2934     2.0365 0.0000e+00
     91.000    10.9639   3.744762    33.4051       2965     2.0585 0.0000e+00
     92.000    11.3240   3.807964    33.7019       2992     2.0769 0.0000e+00
     93.000    11.5492   3.851306    33.9221       3015     2.0931 0.0000e+00
     94.000    11.7017   3.881123    34.0742       3040     2.1101 0.0000e+00
     95.000    11.8106   3.902284    34.1807       3068     2.1296 0.0000e+00
     96.000    11.8809   3.916813    34.2576       3087     2.1430 0.0000e+00
     95.000    11.7459   3.894267    34.1619       4010     2.7841 0.0000e+00
     94.000    11.6281   3.871847    34.0509       4307     2.9902 0.0000e+00
     93.000    11.5273   3.853827    33.9670       4309     2.9918 0.0000e+00
     92.000    11.3624   3.825578    33.8406       4330     3.0066 0.0000e+00
     91.000    11.0471   3.767486    33.5549       4351     3.0210 0.0000e+00
     90.000    10.9001   3.737528    33.3918       4377     3.0392 0.0000e+00
     89.000    10.8085   3.721038    33.3114       4409     3.0614 0.0000e+00
     88.000    10.7114   3.702695    33.2172       4441     3.0833 0.0000e+00
     87.000    10.6354   3.687386    33.1336       4469     3.1026 0.0000e+00
     86.000    10.5908   3.678310    33.0837       4494     3.1198 0.0000e+00
     85.000    10.5706   3.673864    33.0579       4517     3.1360 0.0000e+00
     84.000    10.5451   3.668587    33.0287       4540     3.1523 0.0000e+00
     83.000    10.4812   3.657023    32.9710       4565     3.1697 0.0000e+00
     82.000    10.3616   3.634254    32.8510       4594     3.1893 0.0000e+00
     81.000    10.3325   3.626896    32.8036       4622     3.2092 0.0000e+00
     80.000    10.3257   3.625702    32.7983       4647     3.2265 0.0000e+00
     79.000    10.3198   3.624662    32.7935       4671     3.2430 0.0000e+00
     78.000    10.3135   3.623657    32.7896       4696     3.2607 0.0000e+00
     77.000    10.3074   3.622442    32.7832       4724     3.2801 0.0000e+00
     76.000    10.3065   3.622159    32.7816       4752     3.2993 0.0000e+00
     75.000    10.3072   3.622046    32.7804       4779     3.3179 0.0000e+00
     74.000    10.3053   3.621674    32.7787       4806     3.3370 0.0000e+00
     73.000    10.2938   3.619990    32.7726       4832     3.3547 0.0000e+00
     72.000    10.2904   3.619343    32.7696       4856     3.3716 0.0000e+00
     71.000    10.2784   3.617894    32.7663       4882     3.3894 0.0000e+00
     70.000    10.2784   3.616823    32.7559       4908     3.4075 0.0000e+00
     69.000    10.3476   3.621659    32.7426       4933     3.4250 0.0000e+00
     68.000    10.4345   3.628241    32.7310       4959     3.4430 0.0000e+00
     67.000    10.4469   3.626586    32.7036       4987     3.4625 0.0000e+00
     66.000    10.4443   3.623489    32.6753       5015     3.4822 0.0000e+00
     65.000    10.4877   3.624615    32.6481       5043     3.5016 0.0000e+00
     64.000    10.5255   3.626885    32.6374       5069     3.5197 0.0000e+00
     63.000    10.5505   3.628278    32.6294       5092     3.5356 0.0000e+00
     62.000    10.6479   3.633526    32.5952       5115     3.5513 0.0000e+00
     61.000    10.8651   3.648075    32.5471       5143     3.5710 0.0000e+00
     60.000    11.0937   3.665521    32.5176       5179     3.5959 0.0000e+00
     59.000    11.4151   3.692010    32.4950       5214     3.6199 0.0000e+00
     58.000    11.6504   3.715039    32.5138       5244     3.6406 0.0000e+00
     57.000    11.7769   3.726766    32.5176       5273     3.6612 0.0000e+00
     56.000    11.8649   3.734203    32.5133       5303     3.6822 0.0000e+00
     55.000    12.2753   3.766665    32.4695       5332     3.7018 0.0000e+00
     54.000    12.7707   3.814550    32.4993       5357     3.7195 0.0000e+00
     53.000    12.9107   3.829600    32.5218       5380     3.7354 0.0000e+00
     52.000    13.1830   3.854333    32.5218       5403     3.7512 0.0000e+00
     51.000    13.3863   3.871631    32.5107       5428     3.7691 0.0000e+00
     50.000    14.3733   3.963458    32.5245       5458     3.7898 0.0000e+00
     49.000    14.9872   4.031216    32.6269       5488     3.8104 0.0000e+00
     48.000    15.1125   4.045455    32.6512       5515     3.8292 0.0000e+00
     47.000    15.3181   4.061469    32.6242       5545     3.8501 0.0000e+00
     46.000    15.5970   4.089022    32.6395       5578     3.8727 0.0000e+00
     45.000    15.6282   4.085455    32.5822       5603     3.8902 0.0000e+00
     44.000    15.7269   4.092002    32.5594       5623     3.9043 0.0000e+00
     43.000    15.9251   4.108976    32.5471       5643     3.9178 0.0000e+00
     42.000    16.2436   4.132844    32.4969       5665     3.9331 0.0000e+00
     41.000    16.4743   4.158630    32.5350       5694     3.9533 0.0000e+00
     40.000    16.7209   4.183571    32.5522       5728     3.9771 0.0000e+00
     39.000    16.9529   4.207235    32.5695       5760     3.9995 0.0000e+00
     38.000    16.9415   4.206409    32.5720       5788     4.0187 0.0000e+00
     37.000    16.9470   4.205958    32.5640       5813     4.0361 0.0000e+00
     36.000    16.9468   4.205797    32.5632       5838     4.0531 0.0000e+00
     35.000    16.9539   4.206223    32.5614       5861     4.0694 0.0000e+00
     34.000    16.9380   4.204104    32.5564       5884     4.0854 0.0000e+00
     33.000    16.9349   4.203089    32.5505       5908     4.1024 0.0000e+00
     32.000    16.9373   4.202656    32.5451       5940     4.1243 0.0000e+00
     31.000    16.9456   4.202830    32.5403       5973     4.1474 0.0000e+00
     30.000    16.9534   4.203294    32.5384       5999     4.1651 0.0000e+00
     29.000    16.9636   4.203998    32.5366       6023     4.1817 0.0000e+00
     28.000    16.9843   4.205520    32.5334       6049     4.1999 0.0000e+00
     27.000    16.9973   4.206777    32.5341       6078     4.2204 0.0000e+00
     26.000    17.0002   4.207200    32.5357       6106     4.2392 0.0000e+00
     25.000    17.0064   4.207867    32.5369       6129     4.2553 0.0000e+00
     24.000    17.0133   4.208627    32.5382       6151     4.2709 0.0000e+00
     23.000    17.0222   4.209555    32.5394       6178     4.2892 0.0000e+00
     22.000    17.0316   4.210553    32.5408       6213     4.3139 0.0000e+00
     21.000    17.0385   4.211375    32.5427       6247     4.3377 0.0000e+00
     20.000    17.0426   4.211771    32.5431       6271     4.3541 0.0000e+00
     19.000    17.0497   4.212530    32.5443       6291     4.3679 0.0000e+00
     18.000    17.0481   4.212448    32.5453       6311     4.3818 0.0000e+00
     17.000    17.0543   4.212895    32.5445       6338     4.4007 0.0000e+00
     16.000    17.0583   4.213322    32.5453       6377     4.4277 0.0000e+00
     15.000    17.0556   4.213134    32.5462       6405     4.4474 0.0000e+00
     14.000    17.0594   4.213344    32.5453       6427     4.4624 0.0000e+00
     13.000    17.0567   4.212927    32.5443       6448     4.4771 0.0000e+00
     12.000    17.0556   4.212588    32.5427       6473     4.4942 0.0000e+00
     11.000    17.0551   4.212440    32.5422       6505     4.5169 0.0000e+00
     10.000    17.0547   4.212411    32.5425       6540     4.5407 0.0000e+00
      9.000    17.0581   4.212607    32.5419       6567     4.5594 0.0000e+00
      8.000    17.0615   4.212910    32.5421       6590     4.5754 0.0000e+00
      7.000    17.1161   4.218383    32.5456       7080     4.9163 0.0000e+00
      6.000    17.1366   4.220829    32.5505       7385     5.1278 0.0000e+00
      5.000    17.1531   4.221449    32.5428       7406     5.1421 0.0000e+00
      4.000    17.1895   4.225528    32.5490       7432     5.1607 0.0000e+00
      3.000    17.1932   4.225850    32.5491       7495     5.2041 0.0000e+00
