HB2304/ctd158.cnv
* Sea-Bird SBE 9 Data File:
* FileName = C:\cruise\data\ctd158.hex
* Software Version Seasave V 7.26.7.121
* Temperature SN = 4591
* Conductivity SN = 3741
* Number of Bytes Per Scan = 37
* Number of Voltage Words = 4
* Number of Scans Averaged by the Deck Unit = 1
* NMEA Latitude = 41 28.14 N
* NMEA Longitude = 068 22.20 W
* NMEA UTC (Time) = Nov 03 2023 04:19:17
* NMEA baud rate = 4800
** Ship: Bigelow HB2304
** Program:  Fall Bottom Trawl Survey
** Chief Scientist: John Galbraith
# nquan = 9
# nvalues = 102                         
# units = specified
# name 0 = depSM: Depth [salt water, m]
# name 1 = t090C: Temperature [ITS-90, deg C]
# name 2 = c0S/m: Conductivity [S/m]
# name 3 = sal00: Salinity, Practical [PSU]
# name 4 = scan: Scan Count
# name 5 = timeM: Time, Elapsed [minutes]
# name 6 = sbeox0V: Oxygen raw, SBE 43 [V]
# name 7 = sbeox1V: Oxygen raw, SBE 43, 2 [V]
# name 8 = flag: flag
# span 0 =      3.000,     54.000       
# span 1 =    12.2827,    14.1585       
# span 2 =   3.730689,   3.881884       
# span 3 =    31.9561,    32.1197       
# span 4 =        143,       3348       
# span 5 =     0.0988,     2.3241       
# span 6 =     2.1030,     2.3967       
# span 7 =     1.9834,     2.2554       
# span 8 = 0.0000e+00, 0.0000e+00       
# interval = meters: 1                  
# start_time = Nov 03 2023 04:19:17 [NMEA time, header]
# bad_flag = -9.990e-29
*END*
      4.000    14.1561   3.880964    31.9685        143     0.0988     2.3967     2.2529 0.0000e+00
      5.000    14.1581   3.881181    31.9684        285     0.1973     2.3918     2.2547 0.0000e+00
      6.000    14.1563   3.881094    31.9687        312     0.2161     2.3943     2.2549 0.0000e+00
      7.000    14.1510   3.880686    31.9689        344     0.2381     2.3946     2.2554 0.0000e+00
      8.000    14.1527   3.880831    31.9685        374     0.2592     2.3915     2.2539 0.0000e+00
      9.000    14.1537   3.880994    31.9687        400     0.2773     2.3908     2.2553 0.0000e+00
     10.000    14.1558   3.881189    31.9684        425     0.2942     2.3906     2.2554 0.0000e+00
     11.000    14.1571   3.881375    31.9687        448     0.3105     2.3913     2.2548 0.0000e+00
     12.000    14.1569   3.881398    31.9687        472     0.3274     2.3929     2.2531 0.0000e+00
     13.000    14.1560   3.881360    31.9687        499     0.3460     2.3911     2.2545 0.0000e+00
     14.000    14.1564   3.881458    31.9689        529     0.3664     2.3903     2.2544 0.0000e+00
     15.000    14.1571   3.881571    31.9689        558     0.3866     2.3905     2.2520 0.0000e+00
     16.000    14.1559   3.881506    31.9690        584     0.4051     2.3885     2.2522 0.0000e+00
     17.000    14.1559   3.881541    31.9689        608     0.4218     2.3876     2.2504 0.0000e+00
     18.000    14.1551   3.881527    31.9691        631     0.4378     2.3880     2.2496 0.0000e+00
     19.000    14.1551   3.881572    31.9690        656     0.4546     2.3878     2.2458 0.0000e+00
     20.000    14.1549   3.881572    31.9688        683     0.4735     2.3864     2.2462 0.0000e+00
     21.000    14.1585   3.881884    31.9683        712     0.4934     2.3851     2.2419 0.0000e+00
     22.000    14.1551   3.881747    31.9695        739     0.5128     2.3821     2.2435 0.0000e+00
     23.000    14.1047   3.877987    31.9763        767     0.5319     2.3833     2.2479 0.0000e+00
     24.000    14.0544   3.874096    31.9820        794     0.5509     2.3788     2.2490 0.0000e+00
     25.000    14.0249   3.871670    31.9837        821     0.5694     2.3703     2.2415 0.0000e+00
     26.000    14.0206   3.871189    31.9826        845     0.5862     2.3577     2.2278 0.0000e+00
     27.000    14.0176   3.870958    31.9826        867     0.6017     2.3466     2.2120 0.0000e+00
     28.000    14.0187   3.871131    31.9828        891     0.6180     2.3382     2.2016 0.0000e+00
     29.000    14.0195   3.871312    31.9834        919     0.6372     2.3321     2.1954 0.0000e+00
     30.000    14.0188   3.871336    31.9838        951     0.6597     2.3273     2.1949 0.0000e+00
     31.000    13.9852   3.869066    31.9905        981     0.6807     2.3241     2.1919 0.0000e+00
     32.000    13.9140   3.863483    31.9979       1007     0.6986     2.3181     2.1883 0.0000e+00
     33.000    13.8666   3.859783    32.0028       1030     0.7146     2.3118     2.1853 0.0000e+00
     34.000    13.6357   3.842470    32.0349       1053     0.7307     2.3049     2.1781 0.0000e+00
     35.000    13.4324   3.825106    32.0435       1079     0.7483     2.2905     2.1669 0.0000e+00
     36.000    13.2707   3.812252    32.0590       1107     0.7680     2.2653     2.1506 0.0000e+00
     37.000    13.0218   3.792455    32.0828       1134     0.7871     2.2445     2.1312 0.0000e+00
     38.000    12.8458   3.777855    32.0938       1160     0.8049     2.2253     2.1120 0.0000e+00
     39.000    12.7289   3.768033    32.0998       1185     0.8225     2.2020     2.0910 0.0000e+00
     40.000    12.6610   3.762544    32.1051       1212     0.8412     2.1841     2.0722 0.0000e+00
     41.000    12.5399   3.752231    32.1098       1239     0.8600     2.1697     2.0561 0.0000e+00
     42.000    12.5132   3.750086    32.1118       1264     0.8770     2.1572     2.0411 0.0000e+00
     43.000    12.4571   3.745501    32.1156       1289     0.8943     2.1467     2.0311 0.0000e+00
     44.000    12.4408   3.743673    32.1117       1315     0.9125     2.1390     2.0245 0.0000e+00
     45.000    12.4648   3.745402    32.1073       1340     0.9298     2.1360     2.0204 0.0000e+00
     46.000    12.4496   3.744491    32.1111       1363     0.9460     2.1348     2.0161 0.0000e+00
     47.000    12.3985   3.740324    32.1146       1390     0.9645     2.1318     2.0104 0.0000e+00
     48.000    12.3760   3.738446    32.1155       1418     0.9842     2.1271     2.0061 0.0000e+00
     49.000    12.3580   3.736850    32.1152       1444     1.0020     2.1216     2.0028 0.0000e+00
     50.000    12.3273   3.734556    32.1192       1467     1.0183     2.1185     2.0031 0.0000e+00
     51.000    12.3083   3.732850    32.1188       1491     1.0350     2.1169     2.0014 0.0000e+00
     52.000    12.2991   3.732083    32.1188       1518     1.0533     2.1156     1.9957 0.0000e+00
     53.000    12.2837   3.730831    32.1197       1544     1.0713     2.1117     1.9931 0.0000e+00
     54.000    12.2827   3.730689    32.1187       1558     1.0810     2.1103     1.9919 0.0000e+00
     53.000    12.3120   3.732414    32.1106       1902     1.3204     2.1030     1.9843 0.0000e+00
     52.000    12.3070   3.732020    32.1115       2019     1.4016     2.1078     1.9834 0.0000e+00
     51.000    12.3057   3.731816    32.1111       2049     1.4225     2.1076     1.9838 0.0000e+00
     50.000    12.3083   3.731886    32.1099       2071     1.4372     2.1084     1.9853 0.0000e+00
     49.000    12.3158   3.732440    32.1092       2093     1.4525     2.1103     1.9879 0.0000e+00
     48.000    12.3245   3.733049    32.1080       2119     1.4707     2.1125     1.9893 0.0000e+00
     47.000    12.3246   3.733073    32.1085       2149     1.4920     2.1084     1.9867 0.0000e+00
     46.000    12.3234   3.732955    32.1088       2176     1.5105     2.1081     1.9876 0.0000e+00
     45.000    12.3272   3.733090    32.1073       2199     1.5261     2.1093     1.9897 0.0000e+00
     44.000    12.3873   3.737479    32.0983       2221     1.5415     2.1105     1.9887 0.0000e+00
     43.000    12.4008   3.738461    32.0965       2246     1.5587     2.1119     1.9896 0.0000e+00
     42.000    12.4278   3.740454    32.0929       2275     1.5790     2.1159     1.9931 0.0000e+00
     41.000    12.4531   3.742701    32.0931       2303     1.5988     2.1203     1.9933 0.0000e+00
     40.000    12.5234   3.747719    32.0814       2327     1.6151     2.1216     1.9939 0.0000e+00
     39.000    12.5318   3.748552    32.0826       2348     1.6296     2.1251     1.9970 0.0000e+00
     38.000    12.6211   3.754996    32.0682       2370     1.6455     2.1296     2.0008 0.0000e+00
     37.000    12.6856   3.760571    32.0666       2400     1.6656     2.1350     2.0062 0.0000e+00
     36.000    12.9287   3.778046    32.0262       2431     1.6874     2.1459     2.0119 0.0000e+00
     35.000    13.1453   3.796692    32.0191       2456     1.7047     2.1589     2.0216 0.0000e+00
     34.000    13.4172   3.816815    31.9793       2477     1.7195     2.1743     2.0324 0.0000e+00
     33.000    13.6780   3.837743    31.9561       2499     1.7347     2.1916     2.0471 0.0000e+00
     32.000    13.8488   3.853577    31.9607       2523     1.7516     2.2131     2.0696 0.0000e+00
     31.000    13.9174   3.859822    31.9617       2551     1.7708     2.2397     2.0978 0.0000e+00
     30.000    13.9806   3.865474    31.9616       2578     1.7895     2.2608     2.1205 0.0000e+00
     29.000    13.9944   3.867038    31.9650       2604     1.8077     2.2759     2.1365 0.0000e+00
     28.000    13.9946   3.867229    31.9669       2629     1.8252     2.2899     2.1489 0.0000e+00
     27.000    14.0052   3.868170    31.9672       2653     1.8418     2.2983     2.1617 0.0000e+00
     26.000    14.0065   3.868304    31.9677       2678     1.8588     2.3084     2.1704 0.0000e+00
     25.000    14.0194   3.869373    31.9672       2703     1.8767     2.3145     2.1776 0.0000e+00
     24.000    14.0460   3.871385    31.9641       2729     1.8943     2.3200     2.1807 0.0000e+00
     23.000    14.0682   3.873251    31.9631       2754     1.9117     2.3214     2.1845 0.0000e+00
     22.000    14.0978   3.875558    31.9602       2780     1.9300     2.3252     2.1912 0.0000e+00
     21.000    14.1195   3.877571    31.9610       2808     1.9492     2.3327     2.1962 0.0000e+00
     20.000    14.1224   3.877810    31.9613       2834     1.9676     2.3426     2.2031 0.0000e+00
     19.000    14.1337   3.878760    31.9610       2858     1.9838     2.3514     2.2095 0.0000e+00
     18.000    14.1394   3.879272    31.9613       2880     1.9996     2.3607     2.2173 0.0000e+00
     17.000    14.1405   3.879402    31.9620       2905     2.0170     2.3710     2.2252 0.0000e+00
     16.000    14.1517   3.880269    31.9611       2934     2.0367     2.3757     2.2329 0.0000e+00
     15.000    14.1515   3.880369    31.9626       2960     2.0547     2.3783     2.2385 0.0000e+00
     14.000    14.1512   3.880322    31.9628       2983     2.0710     2.3804     2.2420 0.0000e+00
     13.000    14.1517   3.880389    31.9633       3010     2.0892     2.3831     2.2459 0.0000e+00
     12.000    14.1524   3.880444    31.9637       3039     2.1100     2.3865     2.2498 0.0000e+00
     11.000    14.1539   3.880574    31.9640       3067     2.1290     2.3937     2.2514 0.0000e+00
     10.000    14.1537   3.880534    31.9642       3090     2.1449     2.3944     2.2514 0.0000e+00
      9.000    14.1546   3.880586    31.9643       3110     2.1588     2.3931     2.2495 0.0000e+00
      8.000    14.1554   3.880638    31.9645       3130     2.1728     2.3940     2.2482 0.0000e+00
      7.000    14.1577   3.880822    31.9647       3155     2.1901     2.3932     2.2497 0.0000e+00
      6.000    14.1577   3.880854    31.9653       3192     2.2159     2.3952     2.2485 0.0000e+00
      5.000    14.1569   3.880761    31.9655       3226     2.2395     2.3924     2.2485 0.0000e+00
      4.000    14.1581   3.880836    31.9656       3249     2.2558     2.3912     2.2481 0.0000e+00
      3.000    14.1504   3.880194    31.9665       3348     2.3241     2.3903     2.2494 0.0000e+00
