HB2304/ctd177.cnv
* Sea-Bird SBE 9 Data File:
* FileName = C:\cruise\data\ctd177.hex
* Software Version Seasave V 7.26.7.121
* Temperature SN = 4591
* Conductivity SN = 3741
* Number of Bytes Per Scan = 37
* Number of Voltage Words = 4
* Number of Scans Averaged by the Deck Unit = 1
* NMEA Latitude = 43 09.82 N
* NMEA Longitude = 069 49.36 W
* NMEA UTC (Time) = Nov 09 2023 14:30:52
* NMEA baud rate = 4800
** Ship: Bigelow HB2304
** Program:  Fall Bottom Trawl Survey
** Chief Scientist: John Galbraith
# nquan = 9
# nvalues = 345                         
# units = specified
# name 0 = depSM: Depth [salt water, m]
# name 1 = t090C: Temperature [ITS-90, deg C]
# name 2 = c0S/m: Conductivity [S/m]
# name 3 = sal00: Salinity, Practical [PSU]
# name 4 = scan: Scan Count
# name 5 = timeM: Time, Elapsed [minutes]
# name 6 = sbeox0V: Oxygen raw, SBE 43 [V]
# name 7 = sbeox1V: Oxygen raw, SBE 43, 2 [V]
# name 8 = flag: flag
# span 0 =      1.000,    174.000       
# span 1 =     7.5352,    11.3931       
# span 2 =   3.423423,   3.662923       
# span 3 =    31.9200,    33.8766       
# span 4 =        124,      10707       
# span 5 =     0.0853,     7.4347       
# span 6 =     1.5629,     4.3006       
# span 7 =     1.4750,     2.2905       
# span 8 = 0.0000e+00, 0.0000e+00       
# interval = meters: 1                  
# start_time = Nov 09 2023 14:30:52 [NMEA time, header]
# bad_flag = -9.990e-29
*END*
[from data line 161]
    164.000     8.0231   3.521722    33.8316       4626     3.2121     1.5936     1.5041 0.0000e+00
    165.000     8.0339   3.523743    33.8422       4654     3.2316     1.5891     1.4996 0.0000e+00
    166.000     8.0419   3.525306    33.8508       4681     3.2502     1.5853     1.4955 0.0000e+00
    167.000     8.0453   3.526019    33.8546       4708     3.2687     1.5821     1.4930 0.0000e+00
    168.000     8.0487   3.526711    33.8583       4734     3.2868     1.5797     1.4904 0.0000e+00
    169.000     8.0522   3.527387    33.8617       4759     3.3042     1.5776     1.4862 0.0000e+00
    170.000     8.0556   3.528057    33.8650       4785     3.3221     1.5761     1.4804 0.0000e+00
    171.000     8.0598   3.528884    33.8693       4812     3.3411     1.5756     1.4830 0.0000e+00
    172.000     8.0615   3.529283    33.8714       4841     3.3612     1.5747     1.4782 0.0000e+00
    173.000     8.0628   3.529567    33.8727       4869     3.3808     1.5725     1.4784 0.0000e+00
    174.000     8.0641   3.529842    33.8739       4891     3.3959     1.5707     1.4780 0.0000e+00
    173.000     8.0644   3.530069    33.8766       5413     3.7581     1.5629     1.4750 0.0000e+00
    172.000     8.0626   3.529644    33.8742       5319     3.6932     1.5677     1.4766 0.0000e+00
    171.000     8.0617   3.529411    33.8730       5340     3.7079     1.5678     1.4789 0.0000e+00
    170.000     8.0602   3.529110    33.8718       5365     3.7251     1.5679     1.4773 0.0000e+00
    169.000     8.0567   3.528451    33.8686       5391     3.7432     1.5676     1.4753 0.0000e+00
    168.000     8.0533   3.527784    33.8653       5419     3.7624     1.5685     1.4779 0.0000e+00
    167.000     8.0498   3.527123    33.8621       5445     3.7809     1.5692     1.4788 0.0000e+00
    166.000     8.0464   3.526442    33.8585       5472     3.7993     1.5698     1.4801 0.0000e+00
    165.000     8.0431   3.525823    33.8556       5497     3.8169     1.5710     1.4807 0.0000e+00
    164.000     8.0366   3.524685    33.8502       5522     3.8343     1.5720     1.4815 0.0000e+00
    163.000     8.0275   3.523001    33.8415       5548     3.8521     1.5725     1.4819 0.0000e+00
    162.000     8.0137   3.520515    33.8287       5574     3.8703     1.5735     1.4824 0.0000e+00
    161.000     8.0024   3.518482    33.8184       5601     3.8886     1.5759     1.4828 0.0000e+00
    160.000     7.9794   3.514414    33.7976       5628     3.9075     1.5765     1.4814 0.0000e+00
    159.000     7.9646   3.511644    33.7827       5654     3.9258     1.5776     1.4827 0.0000e+00
    158.000     7.9439   3.507911    33.7633       5679     3.9431     1.5800     1.4859 0.0000e+00
    157.000     7.9271   3.504856    33.7472       5704     3.9604     1.5823     1.4892 0.0000e+00
    156.000     7.9112   3.501993    33.7324       5729     3.9780     1.5836     1.4923 0.0000e+00
    155.000     7.8935   3.498647    33.7141       5756     3.9963     1.5860     1.4955 0.0000e+00
    154.000     7.8714   3.494777    33.6944       5783     4.0154     1.5893     1.4994 0.0000e+00
    153.000     7.8467   3.490245    33.6701       5811     4.0346     1.5931     1.5026 0.0000e+00
    152.000     7.8344   3.487839    33.6566       5837     4.0529     1.5970     1.5047 0.0000e+00
    151.000     7.8249   3.486014    33.6467       5862     4.0705     1.6003     1.5080 0.0000e+00
    150.000     7.8211   3.485335    33.6436       5888     4.0885     1.6049     1.5124 0.0000e+00
    149.000     7.8155   3.484380    33.6391       5915     4.1069     1.6088     1.5149 0.0000e+00
    148.000     7.8113   3.483559    33.6349       5941     4.1248     1.6119     1.5163 0.0000e+00
    147.000     7.8065   3.482631    33.6300       5970     4.1449     1.6134     1.5190 0.0000e+00
    146.000     7.8020   3.481739    33.6253       6000     4.1660     1.6166     1.5218 0.0000e+00
    145.000     7.7933   3.480314    33.6189       6030     4.1867     1.6179     1.5244 0.0000e+00
    144.000     7.7572   3.473803    33.5841       6062     4.2087     1.6191     1.5246 0.0000e+00
    143.000     7.7312   3.468526    33.5529       6092     4.2301     1.6223     1.5260 0.0000e+00
    142.000     7.7185   3.466111    33.5397       6123     4.2512     1.6264     1.5310 0.0000e+00
    141.000     7.6957   3.461777    33.5155       6150     4.2701     1.6319     1.5378 0.0000e+00
    140.000     7.6804   3.458812    33.4988       6175     4.2877     1.6370     1.5435 0.0000e+00
    139.000     7.6763   3.457781    33.4921       6201     4.3054     1.6418     1.5474 0.0000e+00
    138.000     7.6732   3.457044    33.4876       6227     4.3233     1.6461     1.5509 0.0000e+00
    137.000     7.6708   3.456468    33.4843       6253     4.3419     1.6499     1.5533 0.0000e+00
    136.000     7.6668   3.455622    33.4795       6281     4.3614     1.6532     1.5580 0.0000e+00
    135.000     7.6595   3.454020    33.4697       6308     4.3800     1.6557     1.5627 0.0000e+00
    134.000     7.6475   3.451774    33.4575       6333     4.3971     1.6582     1.5649 0.0000e+00
    133.000     7.6256   3.448057    33.4390       6358     4.4144     1.6620     1.5648 0.0000e+00
    132.000     7.6200   3.446810    33.4314       6383     4.4320     1.6658     1.5680 0.0000e+00
    131.000     7.6136   3.445528    33.4243       6409     4.4501     1.6666     1.5665 0.0000e+00
    130.000     7.6059   3.443714    33.4125       6437     4.4696     1.6662     1.5647 0.0000e+00
    129.000     7.5994   3.442082    33.4016       6464     4.4884     1.6663     1.5670 0.0000e+00
    128.000     7.5833   3.438626    33.3804       6490     4.5066     1.6664     1.5661 0.0000e+00
    127.000     7.5698   3.434722    33.3517       6517     4.5250     1.6670     1.5691 0.0000e+00
    126.000     7.5607   3.432787    33.3400       6543     4.5431     1.6678     1.5676 0.0000e+00
    125.000     7.5550   3.431486    33.3319       6568     4.5604     1.6696     1.5719 0.0000e+00
    124.000     7.5467   3.429272    33.3165       6594     4.5783     1.6717     1.5739 0.0000e+00
    123.000     7.5352   3.426523    33.2984       6620     4.5967     1.6745     1.5786 0.0000e+00
    122.000     7.5392   3.425917    33.2885       6648     4.6157     1.6772     1.5789 0.0000e+00
    121.000     7.5386   3.424190    33.2708       6677     4.6358     1.6793     1.5763 0.0000e+00
    120.000     7.5728   3.425889    33.2569       6704     4.6547     1.6801     1.5800 0.0000e+00
    119.000     7.5991   3.427797    33.2528       6730     4.6731     1.6821     1.5780 0.0000e+00
    118.000     7.6107   3.428445    33.2492       6757     4.6913     1.6863     1.5784 0.0000e+00
    117.000     7.6161   3.427477    33.2341       6782     4.7089     1.6913     1.5828 0.0000e+00
    116.000     7.6267   3.426099    33.2096       6807     4.7267     1.6963     1.5885 0.0000e+00
    115.000     7.6381   3.425682    33.1947       6834     4.7453     1.7011     1.5946 0.0000e+00
    114.000     7.6524   3.425530    33.1799       6862     4.7645     1.7055     1.5993 0.0000e+00
    113.000     7.6656   3.425441    33.1668       6890     4.7840     1.7099     1.6037 0.0000e+00
    112.000     7.6769   3.425385    33.1559       6918     4.8035     1.7129     1.6065 0.0000e+00
    111.000     7.6849   3.425477    33.1498       6945     4.8220     1.7146     1.6112 0.0000e+00
    110.000     7.6871   3.425353    33.1468       6971     4.8403     1.7155     1.6139 0.0000e+00
    109.000     7.6908   3.424857    33.1385       6999     4.8595     1.7172     1.6174 0.0000e+00
    108.000     7.6941   3.423469    33.1209       7027     4.8788     1.7181     1.6187 0.0000e+00
    107.000     7.7174   3.423423    33.0988       7055     4.8985     1.7180     1.6178 0.0000e+00
    106.000     7.7578   3.425584    33.0840       7083     4.9182     1.7172     1.6166 0.0000e+00
    105.000     7.7942   3.427627    33.0720       7111     4.9376     1.7144     1.6134 0.0000e+00
    104.000     7.8136   3.428753    33.0660       7138     4.9566     1.7103     1.6099 0.0000e+00
    103.000     7.8378   3.429546    33.0521       7165     4.9750     1.7074     1.6069 0.0000e+00
    102.000     7.8667   3.430958    33.0403       7192     4.9935     1.7053     1.6041 0.0000e+00
    101.000     7.9122   3.433947    33.0298       7219     5.0127     1.7047     1.6028 0.0000e+00
    100.000     7.9594   3.436675    33.0148       7249     5.0335     1.7063     1.6031 0.0000e+00
     99.000     7.9931   3.438714    33.0052       7278     5.0535     1.7086     1.6056 0.0000e+00
     98.000     8.0612   3.443855    32.9963       7307     5.0738     1.7110     1.6084 0.0000e+00
     97.000     8.1208   3.449074    32.9961       7336     5.0939     1.7148     1.6109 0.0000e+00
     96.000     8.1402   3.450975    32.9986       7364     5.1133     1.7184     1.6147 0.0000e+00
     95.000     8.1590   3.452628    32.9989       7393     5.1332     1.7234     1.6196 0.0000e+00
     94.000     8.1807   3.454168    32.9953       7419     5.1516     1.7261     1.6224 0.0000e+00
     93.000     8.2309   3.457880    32.9880       7447     5.1706     1.7275     1.6250 0.0000e+00
     92.000     8.2898   3.461638    32.9729       7478     5.1921     1.7287     1.6274 0.0000e+00
     91.000     8.3336   3.464606    32.9638       7508     5.2130     1.7327     1.6266 0.0000e+00
     90.000     8.3334   3.464022    32.9583       7535     5.2321     1.7401     1.6314 0.0000e+00
     89.000     8.3390   3.461706    32.9290       7561     5.2499     1.7463     1.6365 0.0000e+00
     88.000     8.4030   3.466300    32.9182       7585     5.2668     1.7522     1.6416 0.0000e+00
     87.000     8.5380   3.477984    32.9156       7610     5.2842     1.7611     1.6492 0.0000e+00
     86.000     8.6530   3.489041    32.9251       7637     5.3025     1.7698     1.6591 0.0000e+00
     85.000     8.6206   3.484496    32.9080       7664     5.3219     1.7774     1.6680 0.0000e+00
     84.000     8.6257   3.480131    32.8580       7693     5.3415     1.7822     1.6772 0.0000e+00
     83.000     8.6695   3.480579    32.8225       7720     5.3603     1.7857     1.6808 0.0000e+00
     82.000     8.8461   3.495282    32.8131       7746     5.3782     1.7929     1.6869 0.0000e+00
     81.000     8.8524   3.497116    32.8269       7770     5.3953     1.8011     1.6953 0.0000e+00
     80.000     8.8263   3.492117    32.7992       7795     5.4122     1.8097     1.7013 0.0000e+00
     79.000     8.8722   3.496077    32.7986       7820     5.4301     1.8147     1.7087 0.0000e+00
     78.000     8.8487   3.492945    32.7881       7847     5.4489     1.8179     1.7145 0.0000e+00
     77.000     8.8294   3.489691    32.7725       7876     5.4687     1.8198     1.7159 0.0000e+00
     76.000     8.8604   3.490820    32.7560       7905     5.4888     1.8212     1.7167 0.0000e+00
     75.000     8.9121   3.494330    32.7454       7933     5.5081     1.8229     1.7139 0.0000e+00
     74.000     8.9426   3.496055    32.7357       7959     5.5263     1.8246     1.7144 0.0000e+00
     73.000     9.1842   3.515220    32.7128       7987     5.5457     1.8274     1.7202 0.0000e+00
     72.000     9.3757   3.531220    32.7032       8016     5.5663     1.8348     1.7262 0.0000e+00
     71.000     9.6109   3.550914    32.6912       8045     5.5862     1.8459     1.7343 0.0000e+00
     70.000     9.6978   3.559025    32.6955       8073     5.6054     1.8601     1.7481 0.0000e+00
     69.000     9.7357   3.562879    32.7009       8101     5.6247     1.8766     1.7602 0.0000e+00
     68.000     9.7311   3.562100    32.6976       8128     5.6434     1.8889     1.7755 0.0000e+00
     67.000     9.7552   3.563281    32.6882       8155     5.6626     1.8980     1.7874 0.0000e+00
     66.000     9.8110   3.568159    32.6876       8184     5.6825     1.9035     1.7926 0.0000e+00
     65.000     9.8406   3.570211    32.6821       8212     5.7020     1.9091     1.7988 0.0000e+00
     64.000     9.8937   3.574826    32.6814       8240     5.7218     1.9146     1.8012 0.0000e+00
     63.000     9.9211   3.577640    32.6856       8268     5.7407     1.9193     1.8086 0.0000e+00
     62.000     9.9293   3.577677    32.6790       8294     5.7589     1.9227     1.8152 0.0000e+00
     61.000    10.0161   3.583795    32.6631       8321     5.7778     1.9279     1.8170 0.0000e+00
     60.000    10.0990   3.590599    32.6575       8349     5.7969     1.9340     1.8211 0.0000e+00
     59.000    10.1379   3.593892    32.6561       8377     5.8167     1.9392     1.8253 0.0000e+00
     58.000    10.1895   3.597660    32.6482       8407     5.8372     1.9438     1.8326 0.0000e+00
     57.000    10.2350   3.601562    32.6469       8435     5.8569     1.9502     1.8395 0.0000e+00
     56.000    10.2862   3.604195    32.6279       8462     5.8755     1.9556     1.8415 0.0000e+00
     55.000    10.3867   3.611348    32.6100       8487     5.8934     1.9590     1.8451 0.0000e+00
     54.000    10.4921   3.619168    32.5944       8512     5.9103     1.9645     1.8504 0.0000e+00
     53.000    10.5506   3.622471    32.5756       8536     5.9274     1.9710     1.8516 0.0000e+00
     52.000    10.6955   3.630010    32.5222       8562     5.9448     1.9802     1.8604 0.0000e+00
     51.000    10.8355   3.638832    32.4859       8587     5.9627     1.9910     1.8719 0.0000e+00
     50.000    10.9774   3.646086    32.4326       8614     5.9811     2.0041     1.8824 0.0000e+00
     49.000    11.2177   3.655242    32.3118       8640     5.9992     2.0189     1.9015 0.0000e+00
     48.000    11.3117   3.655739    32.2349       8665     6.0167     2.0366     1.9230 0.0000e+00
     47.000    11.3560   3.652508    32.1650       8690     6.0338     2.0642     1.9514 0.0000e+00
     46.000    11.3532   3.650181    32.1450       8715     6.0512     2.1104     1.9957 0.0000e+00
     45.000    11.3664   3.648369    32.1162       8741     6.0695     2.1688     2.0482 0.0000e+00
     44.000    11.3734   3.647660    32.1036       8767     6.0878     2.2192     2.0993 0.0000e+00
     43.000    11.3787   3.647556    32.0984       8794     6.1063     2.2533     2.1325 0.0000e+00
     42.000    11.3846   3.647687    32.0950       8821     6.1250     2.2799     2.1552 0.0000e+00
     41.000    11.3845   3.646728    32.0861       8846     6.1425     2.2998     2.1749 0.0000e+00
     40.000    11.3773   3.645310    32.0789       8871     6.1594     2.3116     2.1876 0.0000e+00
     39.000    11.3726   3.644542    32.0759       8896     6.1769     2.3215     2.1959 0.0000e+00
     38.000    11.3701   3.644058    32.0738       8921     6.1944     2.3302     2.2109 0.0000e+00
     37.000    11.3660   3.643469    32.0719       8946     6.2119     2.3432     2.2192 0.0000e+00
     36.000    11.3612   3.642852    32.0705       8973     6.2304     2.3556     2.2252 0.0000e+00
     35.000    11.3574   3.642338    32.0693       9000     6.2492     2.3664     2.2335 0.0000e+00
     34.000    11.3549   3.641991    32.0684       9026     6.2676     2.3703     2.2335 0.0000e+00
     33.000    11.3540   3.641857    32.0683       9053     6.2858     2.3723     2.2353 0.0000e+00
     32.000    11.3529   3.641738    32.0685       9078     6.3037     2.3731     2.2354 0.0000e+00
     31.000    11.3509   3.641476    32.0680       9104     6.3212     2.3765     2.2375 0.0000e+00
     30.000    11.3482   3.641137    32.0676       9132     6.3407     2.3804     2.2375 0.0000e+00
     29.000    11.3471   3.640986    32.0674       9163     6.3622     2.3800     2.2419 0.0000e+00
     28.000    11.3468   3.640943    32.0677       9193     6.3832     2.3787     2.2433 0.0000e+00
     27.000    11.3437   3.640583    32.0673       9226     6.4061     2.3824     2.2464 0.0000e+00
     26.000    11.3420   3.640343    32.0668       9257     6.4278     2.3837     2.2467 0.0000e+00
