HB2304/ctd125.cnv
* Sea-Bird SBE 9 Data File:
* FileName = C:\cruise\data\ctd125.hex
* Software Version Seasave V 7.26.7.121
* Temperature SN = 4591
* Conductivity SN = 3741
* Number of Bytes Per Scan = 37
* Number of Voltage Words = 4
* Number of Scans Averaged by the Deck Unit = 1
* NMEA Latitude = 42 16.57 N
* NMEA Longitude = 067 08.56 W
* NMEA UTC (Time) = Oct 17 2023  18:22:46
* NMEA baud rate = 4800
** Ship: Bigelow HB2304
** Program:  Fall Bottom Trawl Survey
** Chief Scientist: John Galbraith
# nquan = 7
# nvalues = 513                         
# units = specified
# name 0 = depSM: Depth [salt water, m]
# name 1 = t090C: Temperature [ITS-90, deg C]
# name 2 = c0S/m: Conductivity [S/m]
# name 3 = sal00: Salinity, Practical [PSU]
# name 4 = scan: Scan Count
# name 5 = timeM: Time, Elapsed [minutes]
# name 6 = flag: flag
# span 0 =      2.000,    258.000       
# span 1 =     7.3158,    13.5235       
# span 2 =   3.374882,   3.833411       
# span 3 =    32.0301,    34.9962       
# span 4 =         -3,      15883       
# span 5 =    -0.0031,    11.0289       
# span 6 = 0.0000e+00, 0.0000e+00       
# interval = meters: 1                  
# start_time = Oct 17 2023 18:22:46 [NMEA time, header]
# bad_flag = -9.990e-29
*END*
[from data line 411]
    103.000     7.3999   3.395583    33.1029      12341     8.5692 0.0000e+00
    102.000     7.3980   3.394525    33.0937      12369     8.5887 0.0000e+00
    101.000     7.4001   3.393803    33.0844      12397     8.6086 0.0000e+00
    100.000     7.3903   3.391885    33.0735      12430     8.6309 0.0000e+00
     99.000     7.3773   3.389896    33.0648      12456     8.6494 0.0000e+00
     98.000     7.3717   3.388751    33.0582      12475     8.6627 0.0000e+00
     97.000     7.3715   3.388305    33.0540      12492     8.6745 0.0000e+00
     96.000     7.3689   3.386184    33.0340      12510     8.6865 0.0000e+00
     95.000     7.3604   3.384116    33.0202      12532     8.7017 0.0000e+00
     94.000     7.3354   3.380407    33.0044      12570     8.7285 0.0000e+00
     93.000     7.3158   3.376668    32.9829      12616     8.7601 0.0000e+00
     92.000     7.3215   3.376235    32.9734      12645     8.7809 0.0000e+00
     91.000     7.3261   3.376104    32.9680      12670     8.7977 0.0000e+00
     90.000     7.3208   3.375331    32.9652      12692     8.8133 0.0000e+00
     89.000     7.3215   3.374882    32.9601      12712     8.8269 0.0000e+00
     88.000     7.4068   3.380692    32.9423      12730     8.8394 0.0000e+00
     87.000     7.5640   3.394666    32.9445      12748     8.8523 0.0000e+00
     86.000     7.6349   3.401054    32.9465      12770     8.8676 0.0000e+00
     85.000     7.7668   3.412743    32.9478      12804     8.8908 0.0000e+00
     84.000     7.8159   3.416647    32.9437      12847     8.9211 0.0000e+00
     83.000     7.8337   3.416829    32.9293      12875     8.9406 0.0000e+00
     82.000     7.8624   3.418263    32.9181      12904     8.9606 0.0000e+00
     81.000     7.9057   3.420792    32.9047      12936     8.9823 0.0000e+00
     80.000     7.9729   3.426073    32.8983      12960     8.9993 0.0000e+00
     79.000     7.9981   3.428430    32.9003      12978     9.0120 0.0000e+00
     78.000     8.0059   3.429153    32.9011      12995     9.0233 0.0000e+00
     77.000     8.0166   3.430078    32.9013      13012     9.0355 0.0000e+00
     76.000     8.0453   3.432199    32.8975      13038     9.0533 0.0000e+00
     75.000     8.0833   3.434657    32.8884      13084     9.0856 0.0000e+00
     74.000     8.0884   3.434718    32.8847      13114     9.1063 0.0000e+00
     73.000     8.0880   3.430930    32.8453      13142     9.1257 0.0000e+00
     72.000     8.1037   3.428061    32.8005      13183     9.1542 0.0000e+00
     71.000     8.1139   3.428375    32.7948      13211     9.1735 0.0000e+00
     70.000     8.1323   3.429724    32.7924      13230     9.1869 0.0000e+00
     69.000     8.1878   3.433746    32.7837      13248     9.1992 0.0000e+00
     68.000     8.2553   3.438552    32.7720      13267     9.2128 0.0000e+00
     67.000     8.3584   3.444949    32.7441      13295     9.2318 0.0000e+00
     66.000     8.4276   3.449819    32.7316      13329     9.2556 0.0000e+00
     65.000     8.4785   3.452928    32.7176      13361     9.2778 0.0000e+00
     64.000     8.6387   3.463459    32.6803      13394     9.3010 0.0000e+00
     63.000     8.8519   3.479912    32.6561      13437     9.3303 0.0000e+00
     62.000     9.0461   3.494788    32.6329      13468     9.3521 0.0000e+00
     61.000     9.3172   3.516930    32.6143      13491     9.3683 0.0000e+00
     60.000     9.4648   3.527840    32.5925      13514     9.3839 0.0000e+00
     59.000     9.7055   3.547368    32.5743      13536     9.3995 0.0000e+00
     58.000     9.9408   3.568992    32.5822      13559     9.4150 0.0000e+00
     57.000    10.2764   3.596410    32.5578      13583     9.4321 0.0000e+00
     56.000    10.3612   3.601454    32.5330      13614     9.4532 0.0000e+00
     55.000    10.5750   3.616655    32.4949      13651     9.4789 0.0000e+00
     54.000    10.8022   3.635822    32.4843      13683     9.5011 0.0000e+00
     53.000    10.9368   3.645778    32.4642      13708     9.5190 0.0000e+00
     52.000    11.2291   3.665248    32.3990      13732     9.5351 0.0000e+00
     51.000    11.4347   3.680027    32.3640      13754     9.5503 0.0000e+00
     50.000    11.4837   3.684181    32.3621      13776     9.5658 0.0000e+00
     49.000    11.5480   3.688838    32.3518      13802     9.5842 0.0000e+00
     48.000    11.6663   3.695872    32.3176      13830     9.6036 0.0000e+00
     47.000    11.8259   3.703642    32.2548      13855     9.6211 0.0000e+00
     46.000    11.9691   3.713960    32.2310      13879     9.6375 0.0000e+00
     45.000    12.3612   3.744508    32.1874      13906     9.6562 0.0000e+00
     44.000    12.6030   3.765042    32.1767      13935     9.6767 0.0000e+00
     43.000    12.8109   3.781635    32.1572      13960     9.6941 0.0000e+00
     42.000    13.1912   3.810460    32.1068      13984     9.7107 0.0000e+00
     41.000    13.2880   3.819504    32.1103      14011     9.7292 0.0000e+00
     40.000    13.2924   3.820313    32.1145      14040     9.7491 0.0000e+00
     39.000    13.2974   3.820862    32.1158      14068     9.7686 0.0000e+00
     38.000    13.3032   3.821153    32.1141      14098     9.7893 0.0000e+00
     37.000    13.3257   3.821277    32.0967      14128     9.8104 0.0000e+00
     36.000    13.3412   3.820667    32.0783      14153     9.8275 0.0000e+00
     35.000    13.3440   3.820343    32.0733      14176     9.8434 0.0000e+00
     34.000    13.3496   3.820442    32.0700      14201     9.8609 0.0000e+00
     33.000    13.3545   3.820767    32.0692      14228     9.8801 0.0000e+00
     32.000    13.3593   3.821148    32.0691      14265     9.9053 0.0000e+00
     31.000    13.3589   3.821281    32.0711      14301     9.9303 0.0000e+00
     30.000    13.3624   3.821684    32.0724      14330     9.9506 0.0000e+00
     29.000    13.3626   3.821799    32.0736      14356     9.9690 0.0000e+00
     28.000    13.3689   3.822402    32.0744      14378     9.9843 0.0000e+00
     27.000    13.3780   3.823317    32.0757      14399     9.9983 0.0000e+00
     26.000    13.3805   3.823665    32.0772      14419    10.0126 0.0000e+00
     25.000    13.3864   3.824106    32.0767      14443    10.0293 0.0000e+00
     24.000    13.4029   3.825094    32.0725      14476    10.0522 0.0000e+00
     23.000    13.4045   3.825143    32.0719      14513    10.0777 0.0000e+00
     22.000    13.4005   3.824352    32.0684      14545    10.1003 0.0000e+00
     21.000    13.3982   3.822859    32.0567      14574    10.1204 0.0000e+00
     20.000    13.3991   3.821991    32.0483      14598    10.1367 0.0000e+00
     19.000    13.4009   3.821469    32.0423      14620    10.1520 0.0000e+00
     18.000    13.4078   3.821383    32.0361      14644    10.1685 0.0000e+00
     17.000    13.4118   3.821371    32.0331      14670    10.1867 0.0000e+00
     16.000    13.4141   3.821368    32.0315      14695    10.2045 0.0000e+00
     15.000    13.4232   3.822008    32.0301      14720    10.2218 0.0000e+00
     14.000    13.4320   3.822776    32.0303      14747    10.2402 0.0000e+00
     13.000    13.4360   3.823210    32.0314      14775    10.2600 0.0000e+00
     12.000    13.4402   3.823571    32.0316      14812    10.2853 0.0000e+00
     11.000    13.4612   3.825374    32.0312      14845    10.3086 0.0000e+00
     10.000    13.4896   3.828118    32.0334      14867    10.3234 0.0000e+00
      9.000    13.4946   3.828799    32.0359      14886    10.3370 0.0000e+00
      8.000    13.4941   3.828804    32.0368      14909    10.3530 0.0000e+00
      7.000    13.4924   3.829028    32.0407      15419    10.7071 0.0000e+00
      6.000    13.4886   3.828783    32.0420      15758    10.9426 0.0000e+00
      5.000    13.4843   3.828379    32.0422      15805    10.9749 0.0000e+00
      4.000    13.4849   3.828401    32.0423      15833    10.9948 0.0000e+00
      3.000    13.4837   3.828264    32.0425      15855    11.0097 0.0000e+00
      2.000    13.4829   3.828169    32.0426      15883    11.0289 0.0000e+00
