HB2304/ctd104.cnv
* Sea-Bird SBE 9 Data File:
* FileName = C:\cruise\data\ctd104.hex
* Software Version Seasave V 7.26.7.121
* Temperature SN = 4591
* Conductivity SN = 3741
* Number of Bytes Per Scan = 37
* Number of Voltage Words = 4
* Number of Scans Averaged by the Deck Unit = 1
* NMEA Latitude = 40 11.30 N
* NMEA Longitude = 070 58.77 W
* NMEA UTC (Time) = Oct 12 2023  07:04:08
* NMEA baud rate = 4800
** Ship: Bigelow HB2304
** Program:  Fall Bottom Trawl Survey
** Chief Scientist: John Galbraith
# nquan = 7
# nvalues = 254                         
# units = specified
# name 0 = depSM: Depth [salt water, m]
# name 1 = t090C: Temperature [ITS-90, deg C]
# name 2 = c0S/m: Conductivity [S/m]
# name 3 = sal00: Salinity, Practical [PSU]
# name 4 = scan: Scan Count
# name 5 = timeM: Time, Elapsed [minutes]
# name 6 = flag: flag
# span 0 =      2.000,    129.000       
# span 1 =    10.3110,    15.7292       
# span 2 =   3.655536,   4.094636       
# span 3 =    32.1154,    35.1524       
# span 4 =        136,       7867       
# span 5 =     0.0939,     5.4627       
# span 6 = 0.0000e+00, 0.0000e+00       
# interval = meters: 1                  
# start_time = Oct 12 2023 07:04:08 [NMEA time, header]
# bad_flag = -9.990e-29
*END*
[from data line 206]
     49.000    13.9805   3.897444    32.2488       6619     4.5957 0.0000e+00
     48.000    14.2266   3.910922    32.1676       6636     4.6074 0.0000e+00
     47.000    14.5685   3.936485    32.1175       6654     4.6203 0.0000e+00
     46.000    14.7380   3.952561    32.1237       6679     4.6378 0.0000e+00
     45.000    14.8847   3.965915    32.1240       6720     4.6661 0.0000e+00
     44.000    14.9366   3.971064    32.1281       6757     4.6918 0.0000e+00
     43.000    14.9996   3.976326    32.1240       6782     4.7089 0.0000e+00
     42.000    15.1277   3.987120    32.1163       6802     4.7232 0.0000e+00
     41.000    15.2133   3.995473    32.1214       6822     4.7369 0.0000e+00
     40.000    15.2585   3.999243    32.1186       6844     4.7524 0.0000e+00
     39.000    15.2931   4.002371    32.1187       6872     4.7716 0.0000e+00
     38.000    15.3228   4.005489    32.1226       6907     4.7960 0.0000e+00
     37.000    15.3244   4.005459    32.1214       6939     4.8182 0.0000e+00
     36.000    15.3248   4.005379    32.1208       6960     4.8325 0.0000e+00
     35.000    15.3251   4.005414    32.1212       6977     4.8446 0.0000e+00
     34.000    15.3322   4.005770    32.1190       6994     4.8563 0.0000e+00
     33.000    15.3561   4.007612    32.1163       7014     4.8700 0.0000e+00
     32.000    15.3850   4.010120    32.1154       7044     4.8911 0.0000e+00
     31.000    15.4014   4.011825    32.1176       7088     4.9218 0.0000e+00
     30.000    15.4081   4.012776    32.1210       7123     4.9457 0.0000e+00
     29.000    15.4128   4.013183    32.1212       7145     4.9609 0.0000e+00
     28.000    15.4147   4.013347    32.1215       7163     4.9737 0.0000e+00
     27.000    15.4149   4.013431    32.1224       7181     4.9860 0.0000e+00
     26.000    15.4148   4.013290    32.1216       7200     4.9996 0.0000e+00
     25.000    15.4204   4.013769    32.1217       7227     5.0182 0.0000e+00
     24.000    15.4225   4.014014    32.1226       7264     5.0435 0.0000e+00
     23.000    15.4226   4.014057    32.1232       7294     5.0643 0.0000e+00
     22.000    15.4239   4.014131    32.1232       7315     5.0791 0.0000e+00
     21.000    15.4292   4.014528    32.1228       7334     5.0923 0.0000e+00
     20.000    15.4465   4.015959    32.1218       7354     5.1061 0.0000e+00
     19.000    15.4685   4.018094    32.1232       7380     5.1246 0.0000e+00
     18.000    15.4860   4.019683    32.1235       7423     5.1540 0.0000e+00
     17.000    15.4935   4.020344    32.1237       7455     5.1766 0.0000e+00
     16.000    15.5047   4.021267    32.1231       7476     5.1909 0.0000e+00
     15.000    15.5126   4.021950    32.1231       7494     5.2035 0.0000e+00
     14.000    15.5210   4.022514    32.1216       7512     5.2161 0.0000e+00
     13.000    15.5311   4.023334    32.1211       7532     5.2299 0.0000e+00
     12.000    15.5418   4.024191    32.1204       7557     5.2473 0.0000e+00
     11.000    15.5522   4.025170    32.1210       7592     5.2714 0.0000e+00
     10.000    15.5524   4.025335    32.1227       7627     5.2960 0.0000e+00
      9.000    15.5544   4.025469    32.1226       7653     5.3138 0.0000e+00
      8.000    15.5615   4.026095    32.1227       7675     5.3288 0.0000e+00
      7.000    15.5686   4.026620    32.1220       7698     5.3450 0.0000e+00
      6.000    15.6086   4.029859    32.1186       7725     5.3637 0.0000e+00
      5.000    15.6400   4.033008    32.1214       7751     5.3820 0.0000e+00
      4.000    15.6567   4.034449    32.1210       7776     5.3992 0.0000e+00
      3.000    15.6821   4.036493    32.1188       7800     5.4162 0.0000e+00
      2.000    15.7292   4.041332    32.1238       7867     5.4627 0.0000e+00
