HB2304/ctd188.cnv
* Sea-Bird SBE 9 Data File:
* FileName = C:\cruise\data\ctd188.hex
* Software Version Seasave V 7.26.7.121
* Temperature SN = 4591
* Conductivity SN = 3741
* Number of Bytes Per Scan = 37
* Number of Voltage Words = 4
* Number of Scans Averaged by the Deck Unit = 1
* NMEA Latitude = 42 28.06 N
* NMEA Longitude = 069 56.33 W
* NMEA UTC (Time) = Nov 12 2023 17:16:58
* NMEA baud rate = 4800
** Ship: Bigelow HB2304
** Program:  Fall Bottom Trawl Survey
** Chief Scientist: John Galbraith
# nquan = 9
# nvalues = 320                         
# units = specified
# name 0 = depSM: Depth [salt water, m]
# name 1 = t090C: Temperature [ITS-90, deg C]
# name 2 = c0S/m: Conductivity [S/m]
# name 3 = sal00: Salinity, Practical [PSU]
# name 4 = scan: Scan Count
# name 5 = timeM: Time, Elapsed [minutes]
# name 6 = sbeox0V: Oxygen raw, SBE 43 [V]
# name 7 = sbeox1V: Oxygen raw, SBE 43, 2 [V]
# name 8 = flag: flag
# span 0 =      3.000,    163.000       
# span 1 =     7.8873,    10.9705       
# span 2 =   3.443546,   3.633245       
# span 3 =    32.0350,    33.7691       
# span 4 =        171,       9920       
# span 5 =     0.1182,     6.8882       
# span 6 =     1.5911,     3.9859       
# span 7 =     1.4956,     2.2777       
# span 8 = 0.0000e+00, 0.0000e+00       
# interval = meters: 1                  
# start_time = Nov 12 2023 17:16:58 [NMEA time, header]
# bad_flag = -9.990e-29
*END*
[from data line 161]
    161.000     8.0431   3.515943    33.7520       5729     3.9779     1.5920     1.4967 0.0000e+00
    160.000     8.0402   3.515009    33.7453       5751     3.9931     1.5914     1.4967 0.0000e+00
    159.000     8.0387   3.514324    33.7400       5782     4.0145     1.5925     1.4977 0.0000e+00
    158.000     8.0386   3.514057    33.7377       5810     4.0337     1.5950     1.5008 0.0000e+00
    157.000     8.0373   3.513678    33.7353       5832     4.0493     1.5966     1.5044 0.0000e+00
    156.000     8.0351   3.512936    33.7300       5854     4.0646     1.5969     1.5060 0.0000e+00
    155.000     8.0323   3.512044    33.7237       5879     4.0822     1.5972     1.5065 0.0000e+00
    154.000     8.0299   3.511306    33.7186       5909     4.1027     1.5987     1.5070 0.0000e+00
    153.000     8.0289   3.511013    33.7169       5937     4.1220     1.6018     1.5085 0.0000e+00
    152.000     8.0272   3.510525    33.7138       5960     4.1380     1.6035     1.5093 0.0000e+00
    151.000     8.0260   3.510189    33.7118       5981     4.1528     1.6037     1.5091 0.0000e+00
    150.000     8.0192   3.508285    33.6985       6005     4.1698     1.6041     1.5105 0.0000e+00
    149.000     8.0070   3.504085    33.6659       6036     4.1910     1.6056     1.5128 0.0000e+00
    148.000     8.0019   3.502141    33.6505       6062     4.2091     1.6078     1.5154 0.0000e+00
    147.000     8.0009   3.501818    33.6485       6082     4.2231     1.6109     1.5181 0.0000e+00
    146.000     7.9979   3.501128    33.6444       6105     4.2386     1.6140     1.5207 0.0000e+00
    145.000     7.9875   3.498307    33.6248       6137     4.2609     1.6171     1.5248 0.0000e+00
    144.000     7.9794   3.496350    33.6121       6167     4.2819     1.6197     1.5261 0.0000e+00
    143.000     7.9590   3.492269    33.5886       6188     4.2967     1.6218     1.5266 0.0000e+00
    142.000     7.9319   3.485039    33.5377       6208     4.3105     1.6235     1.5294 0.0000e+00
    141.000     7.9171   3.479003    33.4878       6234     4.3284     1.6259     1.5329 0.0000e+00
    140.000     7.9129   3.475477    33.4546       6267     4.3513     1.6324     1.5404 0.0000e+00
    139.000     7.9086   3.472618    33.4287       6292     4.3685     1.6387     1.5470 0.0000e+00
    138.000     7.9078   3.470367    33.4058       6311     4.3821     1.6437     1.5485 0.0000e+00
    137.000     7.9097   3.469203    33.3919       6332     4.3966     1.6489     1.5511 0.0000e+00
    136.000     7.9083   3.468189    33.3829       6363     4.4178     1.6556     1.5589 0.0000e+00
    135.000     7.9048   3.466625    33.3700       6394     4.4397     1.6605     1.5627 0.0000e+00
    134.000     7.9004   3.465388    33.3614       6416     4.4551     1.6632     1.5646 0.0000e+00
    133.000     7.8986   3.463665    33.3452       6437     4.4694     1.6654     1.5672 0.0000e+00
    132.000     7.8951   3.462565    33.3372       6465     4.4890     1.6682     1.5667 0.0000e+00
    131.000     7.8958   3.461849    33.3294       6499     4.5128     1.6704     1.5697 0.0000e+00
    130.000     7.8967   3.461598    33.3264       6523     4.5290     1.6717     1.5739 0.0000e+00
    129.000     7.8973   3.461329    33.3233       6541     4.5418     1.6733     1.5744 0.0000e+00
    128.000     7.8929   3.459873    33.3125       6561     4.5558     1.6749     1.5742 0.0000e+00
    127.000     7.8946   3.455967    33.2695       6591     4.5765     1.6766     1.5766 0.0000e+00
    126.000     7.9117   3.456263    33.2569       6624     4.5995     1.6801     1.5755 0.0000e+00
    125.000     7.9105   3.453185    33.2256       6647     4.6153     1.6841     1.5790 0.0000e+00
    124.000     7.9061   3.451499    33.2123       6668     4.6298     1.6874     1.5851 0.0000e+00
    123.000     7.9038   3.450741    33.2068       6693     4.6472     1.6905     1.5860 0.0000e+00
    122.000     7.9032   3.450448    33.2047       6724     4.6687     1.6938     1.5908 0.0000e+00
    121.000     7.9030   3.449834    33.1988       6751     4.6874     1.6949     1.5933 0.0000e+00
    120.000     7.9056   3.448451    33.1820       6774     4.7032     1.6962     1.5943 0.0000e+00
    119.000     7.9123   3.446722    33.1577       6798     4.7199     1.6976     1.5971 0.0000e+00
    118.000     7.9194   3.445523    33.1386       6825     4.7390     1.6982     1.5971 0.0000e+00
    117.000     7.9269   3.444963    33.1260       6854     4.7587     1.6999     1.5993 0.0000e+00
    116.000     7.9304   3.444692    33.1202       6880     4.7770     1.7025     1.6036 0.0000e+00
    115.000     7.9318   3.444576    33.1181       6905     4.7944     1.7050     1.6017 0.0000e+00
    114.000     7.9394   3.444662    33.1123       6929     4.8109     1.7063     1.6017 0.0000e+00
    113.000     7.9610   3.445050    33.0965       6954     4.8284     1.7070     1.6053 0.0000e+00
    112.000     7.9733   3.445284    33.0879       6982     4.8476     1.7071     1.6052 0.0000e+00
    111.000     7.9783   3.445358    33.0843       7009     4.8665     1.7079     1.6076 0.0000e+00
    110.000     7.9794   3.445099    33.0811       7034     4.8837     1.7088     1.6092 0.0000e+00
    109.000     7.9840   3.444939    33.0755       7060     4.9021     1.7093     1.6089 0.0000e+00
    108.000     7.9851   3.444795    33.0733       7090     4.9228     1.7112     1.6112 0.0000e+00
    107.000     7.9860   3.444673    33.0717       7116     4.9410     1.7131     1.6092 0.0000e+00
    106.000     7.9867   3.444585    33.0706       7138     4.9560     1.7141     1.6088 0.0000e+00
    105.000     7.9869   3.444477    33.0697       7160     4.9717     1.7139     1.6106 0.0000e+00
    104.000     7.9880   3.444225    33.0665       7190     4.9926     1.7126     1.6072 0.0000e+00
    103.000     7.9967   3.443551    33.0515       7222     5.0147     1.7125     1.6085 0.0000e+00
    102.000     8.0314   3.443546    33.0192       7245     5.0307     1.7129     1.6107 0.0000e+00
    101.000     8.0604   3.444132    32.9985       7267     5.0457     1.7134     1.6094 0.0000e+00
    100.000     8.0798   3.444666    32.9864       7293     5.0636     1.7168     1.6124 0.0000e+00
     99.000     8.1016   3.445192    32.9720       7322     5.0842     1.7218     1.6167 0.0000e+00
     98.000     8.1102   3.444968    32.9619       7348     5.1021     1.7266     1.6183 0.0000e+00
     97.000     8.1177   3.444900    32.9547       7371     5.1182     1.7281     1.6232 0.0000e+00
     96.000     8.1749   3.447212    32.9260       7401     5.1387     1.7297     1.6272 0.0000e+00
     95.000     8.2739   3.453419    32.8995       7434     5.1615     1.7335     1.6318 0.0000e+00
     94.000     8.2976   3.455214    32.8968       7456     5.1773     1.7391     1.6387 0.0000e+00
     93.000     8.3323   3.457492    32.8889       7476     5.1912     1.7447     1.6398 0.0000e+00
     92.000     8.4586   3.466731    32.8690       7500     5.2076     1.7513     1.6446 0.0000e+00
     91.000     8.6251   3.479996    32.8539       7535     5.2320     1.7624     1.6551 0.0000e+00
     90.000     8.6484   3.482448    32.8585       7565     5.2531     1.7735     1.6609 0.0000e+00
     89.000     8.6513   3.482728    32.8591       7586     5.2677     1.7805     1.6691 0.0000e+00
     88.000     8.6600   3.483327    32.8577       7607     5.2821     1.7845     1.6773 0.0000e+00
     87.000     8.7161   3.486851    32.8431       7634     5.3005     1.7903     1.6829 0.0000e+00
     86.000     8.7818   3.491631    32.8326       7668     5.3245     1.7970     1.6905 0.0000e+00
     85.000     8.8004   3.493114    32.8313       7697     5.3445     1.8005     1.6924 0.0000e+00
     84.000     8.8251   3.494893    32.8275       7720     5.3607     1.8043     1.6951 0.0000e+00
     83.000     8.8758   3.498506    32.8188       7744     5.3774     1.8080     1.7005 0.0000e+00
     82.000     8.9720   3.503666    32.7842       7772     5.3966     1.8121     1.7015 0.0000e+00
     81.000     9.0470   3.509236    32.7733       7802     5.4176     1.8172     1.7056 0.0000e+00
     80.000     9.0721   3.511661    32.7758       7830     5.4370     1.8242     1.7105 0.0000e+00
     79.000     9.0857   3.512402    32.7715       7856     5.4545     1.8313     1.7156 0.0000e+00
     78.000     9.1180   3.514830    32.7674       7880     5.4716     1.8365     1.7246 0.0000e+00
     77.000     9.1471   3.516510    32.7585       7906     5.4899     1.8420     1.7289 0.0000e+00
     76.000     9.2402   3.523362    32.7443       7935     5.5100     1.8469     1.7350 0.0000e+00
     75.000     9.3675   3.533582    32.7336       7964     5.5299     1.8539     1.7421 0.0000e+00
     74.000     9.5987   3.552095    32.7131       7992     5.5490     1.8630     1.7447 0.0000e+00
     73.000     9.6855   3.560966    32.7252       8018     5.5675     1.8740     1.7575 0.0000e+00
     72.000     9.7673   3.568544    32.7286       8044     5.5851     1.8866     1.7698 0.0000e+00
     71.000     9.8952   3.578627    32.7155       8067     5.6012     1.8981     1.7797 0.0000e+00
     70.000    10.0761   3.593766    32.7058       8092     5.6187     1.9088     1.7906 0.0000e+00
     69.000    10.1720   3.602041    32.7033       8122     5.6399     1.9255     1.8060 0.0000e+00
     68.000    10.2629   3.608327    32.6852       8154     5.6617     1.9488     1.8227 0.0000e+00
     67.000    10.2948   3.610492    32.6787       8179     5.6792     1.9627     1.8365 0.0000e+00
     66.000    10.3172   3.612107    32.6752       8203     5.6958     1.9726     1.8445 0.0000e+00
     65.000    10.3263   3.612947    32.6759       8231     5.7152     1.9798     1.8562 0.0000e+00
     64.000    10.3331   3.613608    32.6769       8261     5.7360     1.9843     1.8614 0.0000e+00
     63.000    10.3400   3.613981    32.6749       8286     5.7538     1.9876     1.8631 0.0000e+00
     62.000    10.3899   3.615094    32.6417       8311     5.7710     1.9907     1.8675 0.0000e+00
     61.000    10.4073   3.615358    32.6291       8339     5.7900     1.9937     1.8735 0.0000e+00
     60.000    10.4083   3.615178    32.6269       8367     5.8098     1.9986     1.8762 0.0000e+00
     59.000    10.4028   3.614261    32.6231       8393     5.8278     2.0016     1.8820 0.0000e+00
     58.000    10.3855   3.611851    32.6148       8418     5.8454     2.0045     1.8885 0.0000e+00
     57.000    10.3628   3.606278    32.5797       8445     5.8639     2.0068     1.8881 0.0000e+00
     56.000    10.4105   3.606626    32.5409       8472     5.8827     2.0057     1.8891 0.0000e+00
     55.000    10.4723   3.609523    32.5151       8498     5.9007     2.0050     1.8895 0.0000e+00
     54.000    10.5436   3.613416    32.4909       8524     5.9185     2.0054     1.8880 0.0000e+00
     53.000    10.5829   3.616148    32.4836       8550     5.9366     2.0079     1.8914 0.0000e+00
     52.000    10.6048   3.618302    32.4860       8578     5.9561     2.0162     1.8928 0.0000e+00
     51.000    10.6535   3.622555    32.4856       8606     5.9754     2.0280     1.9001 0.0000e+00
     50.000    10.7595   3.628132    32.4474       8629     5.9916     2.0355     1.9104 0.0000e+00
     49.000    10.8837   3.630441    32.3609       8651     6.0070     2.0437     1.9132 0.0000e+00
     48.000    10.9205   3.631047    32.3349       8678     6.0256     2.0621     1.9277 0.0000e+00
     47.000    10.9374   3.627649    32.2867       8712     6.0496     2.0987     1.9614 0.0000e+00
     46.000    10.9309   3.619531    32.2125       8739     6.0680     2.1262     1.9887 0.0000e+00
     45.000    10.8967   3.608098    32.1298       8759     6.0817     2.1452     2.0057 0.0000e+00
     44.000    10.8769   3.602083    32.0880       8780     6.0962     2.1710     2.0313 0.0000e+00
     43.000    10.8506   3.597525    32.0663       8808     6.1161     2.2237     2.0718 0.0000e+00
     42.000    10.8384   3.595715    32.0595       8843     6.1402     2.2878     2.1347 0.0000e+00
     41.000    10.8369   3.595420    32.0583       8868     6.1579     2.3189     2.1664 0.0000e+00
     40.000    10.8374   3.595366    32.0577       8890     6.1729     2.3369     2.1909 0.0000e+00
     39.000    10.8383   3.595407    32.0578       8914     6.1894     2.3492     2.2091 0.0000e+00
     38.000    10.8359   3.595111    32.0574       8942     6.2090     2.3596     2.2185 0.0000e+00
     37.000    10.8368   3.595115    32.0570       8970     6.2286     2.3658     2.2256 0.0000e+00
     36.000    10.8375   3.595150    32.0572       8996     6.2465     2.3684     2.2305 0.0000e+00
     35.000    10.8353   3.594877    32.0569       9021     6.2638     2.3696     2.2300 0.0000e+00
     34.000    10.8316   3.594367    32.0555       9048     6.2823     2.3710     2.2341 0.0000e+00
     33.000    10.8359   3.594523    32.0537       9077     6.3026     2.3735     2.2351 0.0000e+00
     32.000    10.8782   3.597598    32.0475       9104     6.3216     2.3751     2.2379 0.0000e+00
     31.000    10.9368   3.602003    32.0403       9127     6.3373     2.3749     2.2392 0.0000e+00
     30.000    10.9560   3.603313    32.0370       9147     6.3516     2.3763     2.2409 0.0000e+00
     29.000    10.9673   3.604076    32.0350       9173     6.3692     2.3833     2.2439 0.0000e+00
     28.000    10.9680   3.604178    32.0359       9208     6.3936     2.3929     2.2483 0.0000e+00
     27.000    10.9654   3.603955    32.0364       9235     6.4122     2.3980     2.2510 0.0000e+00
     26.000    10.9654   3.603916    32.0364       9255     6.4261     2.4000     2.2549 0.0000e+00
     25.000    10.9661   3.603912    32.0362       9276     6.4413     2.4018     2.2544 0.0000e+00
     24.000    10.9676   3.603960    32.0358       9308     6.4629     2.4021     2.2543 0.0000e+00
     23.000    10.9675   3.603944    32.0361       9340     6.4854     2.4039     2.2557 0.0000e+00
     22.000    10.9671   3.603897    32.0364       9363     6.5017     2.4052     2.2569 0.0000e+00
     21.000    10.9676   3.603903    32.0365       9385     6.5166     2.4033     2.2624 0.0000e+00
     20.000    10.9674   3.603856    32.0366       9407     6.5321     2.4023     2.2664 0.0000e+00
     19.000    10.9673   3.603819    32.0367       9433     6.5501     2.4020     2.2641 0.0000e+00
     18.000    10.9672   3.603785    32.0369       9463     6.5707     2.4012     2.2695 0.0000e+00
     17.000    10.9677   3.603824    32.0372       9492     6.5913     2.3956     2.2697 0.0000e+00
     16.000    10.9675   3.603788    32.0375       9517     6.6080     2.3913     2.2687 0.0000e+00
     15.000    10.9669   3.603713    32.0377       9538     6.6229     2.3902     2.2644 0.0000e+00
     14.000    10.9667   3.603675    32.0379       9561     6.6388     2.3841     2.2695 0.0000e+00
     13.000    10.9672   3.603672    32.0379       9592     6.6602     2.3580     2.2668 0.0000e+00
     12.000    10.9675   3.603648    32.0379       9623     6.6817     2.3162     2.2691 0.0000e+00
     11.000    10.9681   3.603644    32.0378       9645     6.6975     2.2904     2.2698 0.0000e+00
     10.000    10.9691   3.603711    32.0379       9666     6.7115     2.2621     2.2726 0.0000e+00
      9.000    10.9700   3.603768    32.0381       9688     6.7274     2.2318     2.2710 0.0000e+00
      8.000    10.9705   3.603794    32.0383       9721     6.7503     2.1784     2.2730 0.0000e+00
      7.000    10.9702   3.603732    32.0384       9753     6.7720     2.1375     2.2695 0.0000e+00
      6.000    10.9685   3.603572    32.0387       9774     6.7867     2.1188     2.2685 0.0000e+00
      5.000    10.9683   3.603508    32.0387       9794     6.8004     2.1040     2.2701 0.0000e+00
      4.000    10.9677   3.603422    32.0388       9818     6.8176     2.1089     2.2705 0.0000e+00
      3.000    10.9638   3.603044    32.0388       9920     6.8882     2.4495     2.2777 0.0000e+00
