HB2304/ctd109.cnv
* Sea-Bird SBE 9 Data File:
* FileName = C:\cruise\data\ctd109.hex
* Software Version Seasave V 7.26.7.121
* Temperature SN = 4591
* Conductivity SN = 3741
* Number of Bytes Per Scan = 37
* Number of Voltage Words = 4
* Number of Scans Averaged by the Deck Unit = 1
* NMEA Latitude = 40 04.75 N
* NMEA Longitude = 070 27.86 W
* NMEA UTC (Time) = Oct 12 2023  18:29:00
* NMEA baud rate = 4800
** Ship: Bigelow HB2304
** Program:  Fall Bottom Trawl Survey
** Chief Scientist: John Galbraith
# nquan = 7
# nvalues = 327                         
# units = specified
# name 0 = depSM: Depth [salt water, m]
# name 1 = t090C: Temperature [ITS-90, deg C]
# name 2 = c0S/m: Conductivity [S/m]
# name 3 = sal00: Salinity, Practical [PSU]
# name 4 = scan: Scan Count
# name 5 = timeM: Time, Elapsed [minutes]
# name 6 = flag: flag
# span 0 =      4.000,    167.000       
# span 1 =     9.6020,    15.6748       
# span 2 =   3.616778,   4.018530       
# span 3 =    31.7831,    34.9840       
# span 4 =        204,      11369       
# span 5 =     0.1409,     7.8943       
# span 6 = 0.0000e+00, 0.0000e+00       
# interval = meters: 1                  
# start_time = Oct 12 2023 18:29:00 [NMEA time, header]
# bad_flag = -9.990e-29
*END*
      4.000    15.5402   3.988265    31.8051        204     0.1409 0.0000e+00
      5.000    15.4693   3.982499    31.8108        379     0.2624 0.0000e+00
      6.000    15.4183   3.978784    31.8186        476     0.3300 0.0000e+00
      7.000    15.3779   3.977001    31.8350        516     0.3575 0.0000e+00
      8.000    15.4516   3.988284    31.8754        555     0.3848 0.0000e+00
      9.000    15.6176   4.011548    31.9475        605     0.4197 0.0000e+00
     10.000    15.6543   4.018445    31.9786        692     0.4800 0.0000e+00
     11.000    15.6371   4.018530    31.9930        804     0.5576 0.0000e+00
     12.000    15.6155   4.016537    31.9924        845     0.5859 0.0000e+00
     13.000    15.5729   4.013019    31.9954        871     0.6042 0.0000e+00
     14.000    15.5553   4.011215    31.9932        891     0.6182 0.0000e+00
     15.000    15.5160   4.007250    31.9895        912     0.6324 0.0000e+00
     16.000    15.4871   4.004385    31.9871        939     0.6516 0.0000e+00
     17.000    15.4292   3.999291    31.9884        975     0.6763 0.0000e+00
     18.000    15.3090   3.988971    31.9937       1003     0.6959 0.0000e+00
     19.000    15.2140   3.979003    31.9816       1026     0.7117 0.0000e+00
     20.000    15.2069   3.978051    31.9785       1050     0.7284 0.0000e+00
     21.000    15.1957   3.977278    31.9803       1078     0.7476 0.0000e+00
     22.000    15.1141   3.970367    31.9846       1108     0.7685 0.0000e+00
     23.000    15.0055   3.959700    31.9771       1135     0.7873 0.0000e+00
     24.000    14.9562   3.955850    31.9824       1157     0.8027 0.0000e+00
     25.000    14.8996   3.951983    31.9936       1179     0.8178 0.0000e+00
     26.000    14.8132   3.945772    32.0080       1205     0.8362 0.0000e+00
     27.000    14.7555   3.941678    32.0180       1237     0.8580 0.0000e+00
     28.000    14.7008   3.937675    32.0264       1262     0.8760 0.0000e+00
     29.000    14.6892   3.936784    32.0275       1285     0.8915 0.0000e+00
     30.000    14.6363   3.934043    32.0458       1310     0.9092 0.0000e+00
     31.000    14.5880   3.931181    32.0593       1344     0.9327 0.0000e+00
     32.000    14.5768   3.930426    32.0613       1376     0.9546 0.0000e+00
     33.000    14.5622   3.929576    32.0653       1399     0.9706 0.0000e+00
     34.000    14.5275   3.927047    32.0705       1419     0.9844 0.0000e+00
     35.000    14.5041   3.925429    32.0748       1438     0.9982 0.0000e+00
     36.000    14.4921   3.924205    32.0731       1462     1.0145 0.0000e+00
     37.000    14.4870   3.923645    32.0719       1493     1.0363 0.0000e+00
     38.000    14.4709   3.922532    32.0747       1530     1.0621 0.0000e+00
     39.000    14.4681   3.924025    32.0902       1559     1.0820 0.0000e+00
     40.000    14.3952   3.921217    32.1246       1581     1.0973 0.0000e+00
     41.000    14.3792   3.920881    32.1344       1601     1.1112 0.0000e+00
     42.000    14.3537   3.919533    32.1429       1622     1.1260 0.0000e+00
     43.000    14.2637   3.915005    32.1760       1651     1.1459 0.0000e+00
     44.000    14.1318   3.906888    32.2112       1687     1.1708 0.0000e+00
     45.000    13.9818   3.896994    32.2452       1713     1.1887 0.0000e+00
     46.000    13.8771   3.889493    32.2634       1733     1.2029 0.0000e+00
     47.000    13.8337   3.885501    32.2625       1756     1.2185 0.0000e+00
     48.000    13.8096   3.883212    32.2613       1787     1.2402 0.0000e+00
     49.000    13.7879   3.881314    32.2615       1819     1.2626 0.0000e+00
     50.000    13.7615   3.879848    32.2697       1843     1.2792 0.0000e+00
     51.000    13.7231   3.877049    32.2757       1865     1.2946 0.0000e+00
     52.000    13.6664   3.873840    32.2933       1891     1.3123 0.0000e+00
     53.000    13.5687   3.867220    32.3139       1921     1.3332 0.0000e+00
     54.000    13.4320   3.859097    32.3535       1949     1.3525 0.0000e+00
     55.000    13.1393   3.841121    32.4337       1972     1.3690 0.0000e+00
     56.000    12.8158   3.819647    32.5079       1995     1.3848 0.0000e+00
     57.000    12.5652   3.802301    32.5587       2021     1.4025 0.0000e+00
     58.000    12.4049   3.794496    32.6228       2051     1.4239 0.0000e+00
     59.000    12.2285   3.786453    32.6989       2082     1.4454 0.0000e+00
     60.000    11.6310   3.744252    32.8149       2107     1.4626 0.0000e+00
     61.000    11.2011   3.717725    32.9367       2128     1.4773 0.0000e+00
     62.000    10.8405   3.695189    33.0368       2149     1.4916 0.0000e+00
     63.000    10.7309   3.690955    33.0932       2173     1.5085 0.0000e+00
     64.000    10.6947   3.691464    33.1306       2208     1.5326 0.0000e+00
     65.000    10.4677   3.680191    33.2238       2242     1.5560 0.0000e+00
     66.000    10.2021   3.661184    33.2749       2264     1.5716 0.0000e+00
     67.000    10.1645   3.657767    33.2743       2284     1.5853 0.0000e+00
     68.000    10.1477   3.656065    33.2721       2305     1.6002 0.0000e+00
     69.000    10.1309   3.654218    33.2683       2338     1.6226 0.0000e+00
     70.000     9.8172   3.631818    33.3293       2377     1.6503 0.0000e+00
     71.000     9.7334   3.624905    33.3357       2401     1.6664 0.0000e+00
     72.000     9.6807   3.621628    33.3506       2418     1.6786 0.0000e+00
     73.000     9.6540   3.619971    33.3580       2436     1.6909 0.0000e+00
     74.000     9.6466   3.619732    33.3619       2459     1.7071 0.0000e+00
     75.000     9.6411   3.619893    33.3682       2496     1.7327 0.0000e+00
     76.000     9.6358   3.619865    33.3724       2529     1.7553 0.0000e+00
     77.000     9.6302   3.619790    33.3764       2553     1.7721 0.0000e+00
     78.000     9.6091   3.619141    33.3889       2578     1.7896 0.0000e+00
     79.000     9.6020   3.622194    33.4264       2607     1.8099 0.0000e+00
     80.000     9.6127   3.625062    33.4454       2636     1.8296 0.0000e+00
     81.000     9.6146   3.625548    33.4481       2659     1.8456 0.0000e+00
     82.000     9.6151   3.625835    33.4502       2680     1.8606 0.0000e+00
     83.000     9.6172   3.626375    33.4533       2704     1.8769 0.0000e+00
     84.000     9.6172   3.626689    33.4561       2732     1.8963 0.0000e+00
     85.000     9.6244   3.628501    33.4675       2765     1.9195 0.0000e+00
     86.000     9.6464   3.633347    33.4962       2797     1.9420 0.0000e+00
     87.000     9.6704   3.637232    33.5133       2822     1.9589 0.0000e+00
     88.000     9.6986   3.642189    33.5374       2843     1.9734 0.0000e+00
     89.000     9.7033   3.643659    33.5475       2865     1.9891 0.0000e+00
     90.000     9.7084   3.646072    33.5671       2896     2.0101 0.0000e+00
     91.000     9.7156   3.648330    33.5830       2930     2.0343 0.0000e+00
     92.000     9.7168   3.648769    33.5860       2956     2.0519 0.0000e+00
     93.000     9.7166   3.648890    33.5869       2976     2.0661 0.0000e+00
     94.000     9.7191   3.650018    33.5957       2998     2.0810 0.0000e+00
     95.000     9.7409   3.655100    33.6270       3025     2.0997 0.0000e+00
     96.000     9.7547   3.657826    33.6415       3057     2.1223 0.0000e+00
     97.000     9.7791   3.662273    33.6638       3088     2.1435 0.0000e+00
     98.000     9.7898   3.668891    33.7210       3116     2.1635 0.0000e+00
     99.000     9.7990   3.673366    33.7577       3144     2.1825 0.0000e+00
    100.000     9.8247   3.677835    33.7788       3168     2.1991 0.0000e+00
    101.000     9.8684   3.687270    33.8339       3190     2.2148 0.0000e+00
    102.000     9.8951   3.695853    33.8961       3214     2.2315 0.0000e+00
    103.000     9.8967   3.697096    33.9067       3242     2.2509 0.0000e+00
    104.000     9.8998   3.697946    33.9121       3272     2.2714 0.0000e+00
    105.000     9.9095   3.699986    33.9233       3298     2.2895 0.0000e+00
    106.000     9.9159   3.701342    33.9307       3322     2.3065 0.0000e+00
    107.000     9.9180   3.701710    33.9321       3350     2.3258 0.0000e+00
    108.000     9.9259   3.703562    33.9431       3384     2.3491 0.0000e+00
    109.000     9.9763   3.715705    34.0190       3414     2.3698 0.0000e+00
    110.000     9.9902   3.719193    34.0410       3437     2.3859 0.0000e+00
    111.000    10.0338   3.727283    34.0820       3458     2.4007 0.0000e+00
    112.000    10.1060   3.740492    34.1479       3482     2.4171 0.0000e+00
    113.000    10.1453   3.748454    34.1912       3511     2.4373 0.0000e+00
    114.000    10.1540   3.750733    34.2058       3541     2.4583 0.0000e+00
    115.000    10.1619   3.752765    34.2185       3567     2.4766 0.0000e+00
    116.000    10.1771   3.754991    34.2263       3592     2.4938 0.0000e+00
    117.000    10.1862   3.757260    34.2403       3618     2.5121 0.0000e+00
    118.000    10.1701   3.757357    34.2561       3647     2.5322 0.0000e+00
    119.000    10.1435   3.755542    34.2623       3676     2.5523 0.0000e+00
    120.000    10.1407   3.755772    34.2668       3702     2.5704 0.0000e+00
    121.000    10.1244   3.756817    34.2924       3727     2.5878 0.0000e+00
    122.000    10.1335   3.759988    34.3156       3753     2.6057 0.0000e+00
    123.000    10.1370   3.761374    34.3259       3782     2.6254 0.0000e+00
    124.000    10.1229   3.760917    34.3342       3811     2.6462 0.0000e+00
    125.000    10.1245   3.761713    34.3403       3839     2.6654 0.0000e+00
    126.000    10.1281   3.762241    34.3418       3863     2.6818 0.0000e+00
    127.000    10.1410   3.764268    34.3497       3885     2.6974 0.0000e+00
    128.000    10.1628   3.767303    34.3595       3910     2.7148 0.0000e+00
    129.000    10.1803   3.770359    34.3735       3942     2.7368 0.0000e+00
    130.000    10.1532   3.767759    34.3723       3974     2.7593 0.0000e+00
    131.000    10.1486   3.767733    34.3759       3999     2.7766 0.0000e+00
    132.000    10.1427   3.767355    34.3772       4021     2.7919 0.0000e+00
    133.000    10.1605   3.769542    34.3821       4045     2.8085 0.0000e+00
    134.000    10.1920   3.773599    34.3930       4076     2.8300 0.0000e+00
    135.000    10.2348   3.778902    34.4058       4109     2.8529 0.0000e+00
    136.000    10.2057   3.776560    34.4091       4133     2.8698 0.0000e+00
    137.000    10.2149   3.777118    34.4056       4155     2.8846 0.0000e+00
    138.000    10.2499   3.781847    34.4200       4179     2.9012 0.0000e+00
    139.000    10.2062   3.777905    34.4210       4210     2.9227 0.0000e+00
    140.000    10.1812   3.774747    34.4122       4242     2.9449 0.0000e+00
    141.000    10.2106   3.778257    34.4195       4269     2.9641 0.0000e+00
    142.000    10.2107   3.778690    34.4233       4295     2.9819 0.0000e+00
    143.000    10.1840   3.776256    34.4235       4319     2.9987 0.0000e+00
    144.000    10.1714   3.774938    34.4216       4343     3.0153 0.0000e+00
    145.000    10.1825   3.776246    34.4239       4370     3.0340 0.0000e+00
    146.000    10.1760   3.775889    34.4260       4400     3.0547 0.0000e+00
    147.000    10.2058   3.778782    34.4266       4427     3.0733 0.0000e+00
    148.000    10.4875   3.811511    34.4904       4451     3.0899 0.0000e+00
    149.000    10.5559   3.822018    34.5311       4476     3.1076 0.0000e+00
    150.000    10.5796   3.825374    34.5421       4507     3.1291 0.0000e+00
    151.000    10.8074   3.849801    34.5714       4540     3.1523 0.0000e+00
    152.000    11.1729   3.897819    34.7052       4569     3.1725 0.0000e+00
    153.000    11.2255   3.906091    34.7373       4594     3.1893 0.0000e+00
    154.000    11.2689   3.911880    34.7535       4616     3.2045 0.0000e+00
    155.000    11.2959   3.915784    34.7663       4638     3.2198 0.0000e+00
    156.000    11.3079   3.917387    34.7704       4662     3.2371 0.0000e+00
    157.000    11.4039   3.928581    34.7903       4692     3.2576 0.0000e+00
    158.000    11.5118   3.942455    34.8253       4722     3.2788 0.0000e+00
    159.000    11.5941   3.952143    34.8429       4751     3.2989 0.0000e+00
    160.000    11.6974   3.964903    34.8708       4780     3.3184 0.0000e+00
    161.000    11.7907   3.977230    34.9037       4807     3.3375 0.0000e+00
    162.000    11.8326   3.984289    34.9330       4833     3.3557 0.0000e+00
    163.000    11.8671   3.989609    34.9523       4857     3.3726 0.0000e+00
    164.000    11.8793   3.991836    34.9622       4881     3.3891 0.0000e+00
    165.000    11.8783   3.992617    34.9703       4907     3.4071 0.0000e+00
    166.000    11.8786   3.993025    34.9737       4936     3.4273 0.0000e+00
    167.000    11.8764   3.992838    34.9733       4956     3.4409 0.0000e+00
    166.000    11.8724   3.993494    34.9840       5666     3.9337 0.0000e+00
    165.000    11.8696   3.993042    34.9826       6148     4.2691 0.0000e+00
    164.000    11.8795   3.993466    34.9779       6178     4.2894 0.0000e+00
    163.000    11.8781   3.992857    34.9738       6314     4.3842 0.0000e+00
    162.000    11.8604   3.990724    34.9700       6355     4.4128 0.0000e+00
    161.000    11.8340   3.987047    34.9592       6381     4.4303 0.0000e+00
    160.000    11.8147   3.983855    34.9465       6404     4.4462 0.0000e+00
    159.000    11.7281   3.973324    34.9251       6429     4.4642 0.0000e+00
    158.000    11.6401   3.961884    34.8959       6458     4.4838 0.0000e+00
    157.000    11.5713   3.952839    34.8721       6486     4.5033 0.0000e+00
    156.000    11.5020   3.944627    34.8568       6513     4.5226 0.0000e+00
    155.000    11.4109   3.933968    34.8378       6539     4.5404 0.0000e+00
    154.000    11.3044   3.920156    34.8020       6564     4.5579 0.0000e+00
    153.000    11.2399   3.911859    34.7810       6590     4.5756 0.0000e+00
    152.000    11.2193   3.909065    34.7732       6615     4.5929 0.0000e+00
    151.000    11.1869   3.904871    34.7626       6640     4.6103 0.0000e+00
    150.000    11.0991   3.895698    34.7547       6666     4.6283 0.0000e+00
    149.000    10.7839   3.855464    34.6513       6693     4.6470 0.0000e+00
    148.000    10.6546   3.837802    34.5970       6719     4.6650 0.0000e+00
    147.000    10.5853   3.829606    34.5806       6744     4.6824 0.0000e+00
    146.000    10.3916   3.806742    34.5340       6769     4.7002 0.0000e+00
    145.000    10.2158   3.783607    34.4670       6798     4.7203 0.0000e+00
    144.000    10.1955   3.779671    34.4469       6827     4.7405 0.0000e+00
    143.000    10.1830   3.778151    34.4437       6852     4.7574 0.0000e+00
    142.000    10.1724   3.776395    34.4364       6874     4.7726 0.0000e+00
    141.000    10.1948   3.778010    34.4320       6896     4.7885 0.0000e+00
    140.000    10.2050   3.779031    34.4331       6923     4.8067 0.0000e+00
    139.000    10.2075   3.779075    34.4316       6950     4.8257 0.0000e+00
    138.000    10.1831   3.775718    34.4212       6975     4.8434 0.0000e+00
    137.000    10.2108   3.778240    34.4209       7002     4.8620 0.0000e+00
    136.000    10.2059   3.777334    34.4169       7033     4.8836 0.0000e+00
    135.000    10.2178   3.778121    34.4140       7062     4.9035 0.0000e+00
    134.000    10.2374   3.780103    34.4160       7086     4.9198 0.0000e+00
    133.000    10.1963   3.775644    34.4101       7108     4.9354 0.0000e+00
    132.000    10.1544   3.770300    34.3961       7133     4.9526 0.0000e+00
    131.000    10.1451   3.768463    34.3867       7163     4.9736 0.0000e+00
    130.000    10.1456   3.768054    34.3825       7193     4.9944 0.0000e+00
    129.000    10.1519   3.768433    34.3809       7216     5.0106 0.0000e+00
    128.000    10.1636   3.768997    34.3760       7237     5.0251 0.0000e+00
    127.000    10.1686   3.769337    34.3751       7259     5.0400 0.0000e+00
    126.000    10.1413   3.765762    34.3651       7285     5.0581 0.0000e+00
