HB2304/ctd128.cnv
* Sea-Bird SBE 9 Data File:
* FileName = C:\cruise\data\ctd128.hex
* Software Version Seasave V 7.26.7.121
* Temperature SN = 4591
* Conductivity SN = 3741
* Number of Bytes Per Scan = 37
* Number of Voltage Words = 4
* Number of Scans Averaged by the Deck Unit = 1
* NMEA Latitude = 42 04.94 N
* NMEA Longitude = 065 59.57 W
* NMEA UTC (Time) = Oct 18 2023  13:37:56
* NMEA baud rate = 4800
** Ship: Bigelow HB2304
** Program:  Fall Bottom Trawl Survey
** Chief Scientist: John Galbraith
# nquan = 7
# nvalues = 364                         
# units = specified
# name 0 = depSM: Depth [salt water, m]
# name 1 = t090C: Temperature [ITS-90, deg C]
# name 2 = c0S/m: Conductivity [S/m]
# name 3 = sal00: Salinity, Practical [PSU]
# name 4 = scan: Scan Count
# name 5 = timeM: Time, Elapsed [minutes]
# name 6 = flag: flag
# span 0 =      3.000,    185.000       
# span 1 =     7.1024,    14.5127       
# span 2 =   3.348187,   3.833514       
# span 3 =    31.2294,    34.8380       
# span 4 =        166,      11030       
# span 5 =     0.1143,     7.6589       
# span 6 = 0.0000e+00, 0.0000e+00       
# interval = meters: 1                  
# start_time = Oct 18 2023 13:37:56 [NMEA time, header]
# bad_flag = -9.990e-29
*END*
      4.000    14.5127   3.833514    31.2443        166     0.1143 0.0000e+00
      5.000    14.5083   3.833280    31.2453        321     0.2222 0.0000e+00
      6.000    14.5033   3.832859    31.2451        351     0.2429 0.0000e+00
      7.000    14.5004   3.832668    31.2453        379     0.2623 0.0000e+00
      8.000    14.4958   3.832346    31.2457        404     0.2800 0.0000e+00
      9.000    14.4904   3.831951    31.2461        428     0.2964 0.0000e+00
     10.000    14.4894   3.832116    31.2481        452     0.3133 0.0000e+00
     11.000    14.4799   3.832931    31.2627        481     0.3332 0.0000e+00
     12.000    14.3149   3.826772    31.3397        513     0.3557 0.0000e+00
     13.000    14.0832   3.815344    31.4232        540     0.3745 0.0000e+00
     14.000    13.7928   3.796333    31.4855        562     0.3893 0.0000e+00
     15.000    13.5419   3.778606    31.5275        582     0.4032 0.0000e+00
     16.000    13.1696   3.754395    31.6097        603     0.4182 0.0000e+00
     17.000    13.0556   3.744913    31.6153        632     0.4383 0.0000e+00
     18.000    13.0376   3.743194    31.6137        670     0.4644 0.0000e+00
     19.000    13.0395   3.743349    31.6133        700     0.4852 0.0000e+00
     20.000    13.0349   3.743554    31.6186        721     0.5002 0.0000e+00
     21.000    13.0076   3.743811    31.6434        741     0.5141 0.0000e+00
     22.000    12.9093   3.740127    31.6905        763     0.5294 0.0000e+00
     23.000    12.7218   3.725842    31.7125        790     0.5478 0.0000e+00
     24.000    12.5457   3.709355    31.7039        821     0.5693 0.0000e+00
     25.000    12.4603   3.700787    31.6939        851     0.5904 0.0000e+00
     26.000    12.4225   3.697227    31.6915        877     0.6085 0.0000e+00
     27.000    12.1931   3.680298    31.7232        900     0.6244 0.0000e+00
     28.000    12.0606   3.668898    31.7258        922     0.6397 0.0000e+00
     29.000    12.0101   3.664516    31.7262        947     0.6569 0.0000e+00
     30.000    11.9309   3.658520    31.7354        979     0.6794 0.0000e+00
     31.000    11.6390   3.637850    31.7842       1013     0.7027 0.0000e+00
     32.000    11.0496   3.596809    31.8905       1039     0.7206 0.0000e+00
     33.000    10.5126   3.560281    31.9964       1060     0.7358 0.0000e+00
     34.000    10.2535   3.539597    32.0169       1081     0.7501 0.0000e+00
     35.000     9.8522   3.511006    32.0832       1103     0.7651 0.0000e+00
     36.000     9.6487   3.496239    32.1140       1130     0.7843 0.0000e+00
     37.000     9.4423   3.481104    32.1436       1165     0.8084 0.0000e+00
     38.000     9.0742   3.453889    32.1943       1193     0.8276 0.0000e+00
     39.000     8.8002   3.434446    32.2405       1215     0.8431 0.0000e+00
     40.000     8.6803   3.423612    32.2360       1240     0.8607 0.0000e+00
     41.000     8.5847   3.415613    32.2391       1274     0.8837 0.0000e+00
     42.000     8.5533   3.412356    32.2331       1305     0.9056 0.0000e+00
     43.000     8.4461   3.403766    32.2404       1327     0.9211 0.0000e+00
     44.000     8.2272   3.389763    32.2932       1346     0.9342 0.0000e+00
     45.000     7.6239   3.355360    32.4852       1365     0.9473 0.0000e+00
     46.000     7.4823   3.350858    32.5688       1388     0.9632 0.0000e+00
     47.000     7.4482   3.356137    32.6574       1421     0.9862 0.0000e+00
     48.000     7.4419   3.358479    32.6880       1457     1.0114 0.0000e+00
     49.000     7.4874   3.365191    32.7172       1484     1.0296 0.0000e+00
     50.000     7.5269   3.371841    32.7512       1506     1.0448 0.0000e+00
     51.000     7.5637   3.378855    32.7915       1528     1.0602 0.0000e+00
     52.000     7.5512   3.380889    32.8247       1553     1.0776 0.0000e+00
     53.000     7.5108   3.381671    32.8709       1581     1.0972 0.0000e+00
     54.000     7.5128   3.392509    32.9855       1609     1.1166 0.0000e+00
     55.000     7.3970   3.394446    33.1163       1633     1.1334 0.0000e+00
     56.000     7.3531   3.392248    33.1340       1656     1.1494 0.0000e+00
     57.000     7.3175   3.389264    33.1353       1681     1.1668 0.0000e+00
     58.000     7.3096   3.388319    33.1320       1710     1.1865 0.0000e+00
     59.000     7.2760   3.386469    33.1437       1739     1.2068 0.0000e+00
     60.000     7.2570   3.385721    33.1532       1766     1.2258 0.0000e+00
     61.000     7.2208   3.383667    33.1652       1793     1.2446 0.0000e+00
     62.000     7.1889   3.382982    33.1878       1821     1.2638 0.0000e+00
     63.000     7.1553   3.382710    33.2168       1845     1.2806 0.0000e+00
     64.000     7.1603   3.383377    33.2188       1867     1.2959 0.0000e+00
     65.000     7.1780   3.385648    33.2259       1891     1.3122 0.0000e+00
     66.000     7.1637   3.392482    33.3138       1921     1.3332 0.0000e+00
     67.000     7.1024   3.394422    33.3937       1956     1.3579 0.0000e+00
     68.000     7.1763   3.402518    33.4100       1985     1.3777 0.0000e+00
     69.000     7.3448   3.423524    33.4750       2008     1.3936 0.0000e+00
     70.000     7.4438   3.438304    33.5391       2029     1.4086 0.0000e+00
     71.000     7.5259   3.450552    33.5918       2052     1.4244 0.0000e+00
     72.000     7.6072   3.462435    33.6411       2077     1.4418 0.0000e+00
     73.000     7.7029   3.474865    33.6821       2106     1.4618 0.0000e+00
     74.000     7.7274   3.480434    33.7179       2141     1.4862 0.0000e+00
     75.000     7.7466   3.487425    33.7741       2175     1.5096 0.0000e+00
     76.000     7.8134   3.497450    33.8165       2200     1.5272 0.0000e+00
     77.000     7.9037   3.510982    33.8738       2221     1.5418 0.0000e+00
     78.000     7.9830   3.520529    33.8988       2242     1.5563 0.0000e+00
     79.000     8.0689   3.532408    33.9420       2266     1.5727 0.0000e+00
     80.000     8.0989   3.537145    33.9631       2295     1.5928 0.0000e+00
     81.000     8.1210   3.540925    33.9816       2324     1.6134 0.0000e+00
     82.000     8.1506   3.545204    33.9981       2349     1.6305 0.0000e+00
     83.000     8.1689   3.548083    34.0105       2372     1.6464 0.0000e+00
     84.000     8.1836   3.550308    34.0195       2400     1.6660 0.0000e+00
     85.000     8.1903   3.551629    34.0266       2442     1.6950 0.0000e+00
     86.000     8.1953   3.552686    34.0325       2473     1.7170 0.0000e+00
     87.000     8.2021   3.554165    34.0412       2493     1.7309 0.0000e+00
     88.000     8.2085   3.555404    34.0477       2511     1.7429 0.0000e+00
     89.000     8.2278   3.558058    34.0568       2528     1.7552 0.0000e+00
     90.000     8.2479   3.561003    34.0681       2551     1.7708 0.0000e+00
     91.000     8.2632   3.563158    34.0758       2587     1.7956 0.0000e+00
     92.000     8.3073   3.568865    34.0932       2624     1.8217 0.0000e+00
     93.000     8.3496   3.574712    34.1138       2649     1.8390 0.0000e+00
     94.000     8.3963   3.581289    34.1379       2672     1.8546 0.0000e+00
     95.000     8.4832   3.592628    34.1733       2695     1.8710 0.0000e+00
     96.000     8.5379   3.600680    34.2050       2722     1.8897 0.0000e+00
     97.000     8.5973   3.608305    34.2275       2751     1.9099 0.0000e+00
     98.000     8.6940   3.620707    34.2641       2780     1.9300 0.0000e+00
     99.000     8.8227   3.637453    34.3151       2808     1.9491 0.0000e+00
    100.000     8.9161   3.650373    34.3599       2834     1.9675 0.0000e+00
    101.000     8.9333   3.653103    34.3714       2860     1.9856 0.0000e+00
    102.000     8.9411   3.654384    34.3767       2885     2.0026 0.0000e+00
    103.000     8.9587   3.656816    34.3847       2908     2.0188 0.0000e+00
    104.000     8.9655   3.658104    34.3911       2933     2.0358 0.0000e+00
    105.000     8.9740   3.659379    34.3957       2961     2.0558 0.0000e+00
    106.000     8.9833   3.660734    34.4005       2995     2.0789 0.0000e+00
    107.000     8.9987   3.662757    34.4063       3027     2.1017 0.0000e+00
    108.000     9.0182   3.665202    34.4125       3054     2.1201 0.0000e+00
    109.000     9.0480   3.669155    34.4245       3076     2.1354 0.0000e+00
    110.000     9.0666   3.671508    34.4307       3097     2.1503 0.0000e+00
    111.000     9.0897   3.674717    34.4414       3122     2.1676 0.0000e+00
    112.000     9.1221   3.679036    34.4545       3154     2.1894 0.0000e+00
    113.000     9.1485   3.682943    34.4694       3184     2.2104 0.0000e+00
    114.000     9.1678   3.685577    34.4776       3211     2.2288 0.0000e+00
    115.000     9.2678   3.698283    34.5128       3237     2.2470 0.0000e+00
    116.000     9.2802   3.700745    34.5259       3262     2.2648 0.0000e+00
    117.000     9.3289   3.706774    34.5409       3287     2.2819 0.0000e+00
    118.000     9.3493   3.709659    34.5507       3314     2.3007 0.0000e+00
    119.000     9.3881   3.714623    34.5643       3347     2.3238 0.0000e+00
    120.000     9.4477   3.722494    34.5878       3380     2.3467 0.0000e+00
    121.000     9.4815   3.727497    34.6065       3406     2.3648 0.0000e+00
    122.000     9.5103   3.731608    34.6207       3428     2.3801 0.0000e+00
    123.000     9.5359   3.735679    34.6376       3449     2.3944 0.0000e+00
    124.000     9.5621   3.739245    34.6487       3471     2.4097 0.0000e+00
    125.000     9.5824   3.742318    34.6603       3500     2.4298 0.0000e+00
    126.000     9.5868   3.743042    34.6630       3537     2.4556 0.0000e+00
    127.000     9.5934   3.743982    34.6659       3568     2.4768 0.0000e+00
    128.000     9.6023   3.745423    34.6717       3592     2.4935 0.0000e+00
    129.000     9.6037   3.745880    34.6746       3616     2.5106 0.0000e+00
    130.000     9.6238   3.748905    34.6859       3645     2.5305 0.0000e+00
    131.000     9.6680   3.756166    34.7176       3675     2.5517 0.0000e+00
    132.000     9.6684   3.756772    34.7230       3704     2.5715 0.0000e+00
    133.000     9.6992   3.760414    34.7303       3732     2.5911 0.0000e+00
    134.000     9.7252   3.763732    34.7389       3758     2.6092 0.0000e+00
    135.000     9.7571   3.767396    34.7453       3780     2.6241 0.0000e+00
    136.000     9.8184   3.774815    34.7619       3800     2.6380 0.0000e+00
    137.000     9.8410   3.778567    34.7782       3824     2.6545 0.0000e+00
    138.000     9.8373   3.779316    34.7890       3869     2.6860 0.0000e+00
    139.000     9.8338   3.779549    34.7942       3915     2.7177 0.0000e+00
    140.000     9.8054   3.777489    34.8000       3936     2.7326 0.0000e+00
    141.000     9.7702   3.774297    34.8008       3954     2.7449 0.0000e+00
    142.000     9.7373   3.771182    34.8001       3971     2.7572 0.0000e+00
    143.000     9.7285   3.770215    34.7982       3992     2.7719 0.0000e+00
    144.000     9.7496   3.773186    34.8079       4022     2.7922 0.0000e+00
    145.000     9.7707   3.776865    34.8248       4060     2.8188 0.0000e+00
    146.000     9.7677   3.777528    34.8341       4096     2.8440 0.0000e+00
    147.000     9.7441   3.775735    34.8380       4123     2.8623 0.0000e+00
    148.000     9.7331   3.774510    34.8356       4144     2.8773 0.0000e+00
    149.000     9.7169   3.773035    34.8356       4165     2.8919 0.0000e+00
    150.000     9.7031   3.771515    34.8329       4190     2.9090 0.0000e+00
    151.000     9.6984   3.771004    34.8317       4226     2.9338 0.0000e+00
    152.000     9.6855   3.769772    34.8311       4262     2.9592 0.0000e+00
    153.000     9.6438   3.765758    34.8296       4285     2.9749 0.0000e+00
    154.000     9.5923   3.760619    34.8260       4304     2.9879 0.0000e+00
    155.000     9.4449   3.746025    34.8177       4323     3.0017 0.0000e+00
    156.000     9.3823   3.738062    34.7955       4352     3.0218 0.0000e+00
    157.000     9.3755   3.737083    34.7915       4397     3.0526 0.0000e+00
    158.000     9.3775   3.737777    34.7963       4426     3.0732 0.0000e+00
    159.000     9.3263   3.735110    34.8181       4447     3.0878 0.0000e+00
    160.000     9.2696   3.729993    34.8195       4467     3.1016 0.0000e+00
    161.000     9.2364   3.726437    34.8145       4489     3.1167 0.0000e+00
    162.000     9.2320   3.725705    34.8107       4516     3.1357 0.0000e+00
    163.000     9.1958   3.722218    34.8092       4551     3.1595 0.0000e+00
    164.000     9.1472   3.717101    34.8027       4580     3.1799 0.0000e+00
    165.000     9.1084   3.712539    34.7925       4604     3.1963 0.0000e+00
    166.000     9.1189   3.713658    34.7935       4628     3.2129 0.0000e+00
    167.000     9.0950   3.711084    34.7895       4658     3.2339 0.0000e+00
    168.000     9.0903   3.710467    34.7872       4690     3.2563 0.0000e+00
    169.000     9.0903   3.710407    34.7860       4715     3.2735 0.0000e+00
    170.000     9.0899   3.710405    34.7860       4737     3.2887 0.0000e+00
    171.000     9.0852   3.710125    34.7871       4760     3.3045 0.0000e+00
    172.000     9.0820   3.709986    34.7883       4786     3.3230 0.0000e+00
    173.000     9.0864   3.710521    34.7892       4817     3.3442 0.0000e+00
    174.000     9.0724   3.709349    34.7900       4847     3.3650 0.0000e+00
    175.000     9.0254   3.704760    34.7875       4873     3.3836 0.0000e+00
    176.000     9.0066   3.702539    34.7822       4899     3.4011 0.0000e+00
    177.000     9.0050   3.702406    34.7819       4923     3.4178 0.0000e+00
    178.000     9.0051   3.702378    34.7810       4947     3.4348 0.0000e+00
    179.000     8.9988   3.702055    34.7834       4973     3.4526 0.0000e+00
    180.000     8.9940   3.701613    34.7830       4999     3.4707 0.0000e+00
    181.000     8.9978   3.701915    34.7819       5027     3.4900 0.0000e+00
    182.000     9.0004   3.702133    34.7812       5056     3.5106 0.0000e+00
    183.000     8.9966   3.701799    34.7809       5197     3.6081 0.0000e+00
    184.000     8.9955   3.701541    34.7788       5729     3.9781 0.0000e+00
    185.000     8.9828   3.700615    34.7811       6362     4.4177 0.0000e+00
    184.000     8.9819   3.700446    34.7807       6263     4.3485 0.0000e+00
    183.000     8.9868   3.700683    34.7788       6318     4.3868 0.0000e+00
    182.000     8.9881   3.700746    34.7787       6342     4.4032 0.0000e+00
    181.000     8.9880   3.700670    34.7784       6367     4.4209 0.0000e+00
    180.000     8.9857   3.700457    34.7790       6395     4.4404 0.0000e+00
    179.000     8.9854   3.700337    34.7785       6423     4.4597 0.0000e+00
    178.000     8.9889   3.700523    34.7775       6447     4.4765 0.0000e+00
    177.000     8.9901   3.700600    34.7775       6470     4.4923 0.0000e+00
    176.000     8.9908   3.700594    34.7773       6495     4.5094 0.0000e+00
    175.000     9.0000   3.701292    34.7760       6525     4.5304 0.0000e+00
    174.000     9.0126   3.702340    34.7752       6555     4.5515 0.0000e+00
    173.000     9.0373   3.704306    34.7721       6579     4.5681 0.0000e+00
    172.000     9.0500   3.705725    34.7751       6600     4.5826 0.0000e+00
    171.000     9.0332   3.704344    34.7775       6624     4.5992 0.0000e+00
    170.000     9.0206   3.703068    34.7769       6657     4.6225 0.0000e+00
    169.000     9.0224   3.703115    34.7761       6690     4.6453 0.0000e+00
    168.000     9.0223   3.702991    34.7754       6711     4.6601 0.0000e+00
    167.000     9.0646   3.706480    34.7711       6730     4.6727 0.0000e+00
    166.000     9.0916   3.709394    34.7756       6749     4.6858 0.0000e+00
    165.000     9.1126   3.711593    34.7786       6772     4.7020 0.0000e+00
    164.000     9.1222   3.712809    34.7823       6807     4.7264 0.0000e+00
    163.000     9.1381   3.714130    34.7811       6845     4.7528 0.0000e+00
    162.000     9.1871   3.719216    34.7869       6870     4.7699 0.0000e+00
