HB2304/ctd185.cnv
* Sea-Bird SBE 9 Data File:
* FileName = C:\cruise\data\ctd185.hex
* Software Version Seasave V 7.26.7.121
* Temperature SN = 4591
* Conductivity SN = 3741
* Number of Bytes Per Scan = 37
* Number of Voltage Words = 4
* Number of Scans Averaged by the Deck Unit = 1
* NMEA Latitude = 42 52.78 N
* NMEA Longitude = 068 31.30 W
* NMEA UTC (Time) = Nov 12 2023 02:19:20
* NMEA baud rate = 4800
** Ship: Bigelow HB2304
** Program:  Fall Bottom Trawl Survey
** Chief Scientist: John Galbraith
# nquan = 9
# nvalues = 351                         
# units = specified
# name 0 = depSM: Depth [salt water, m]
# name 1 = t090C: Temperature [ITS-90, deg C]
# name 2 = c0S/m: Conductivity [S/m]
# name 3 = sal00: Salinity, Practical [PSU]
# name 4 = scan: Scan Count
# name 5 = timeM: Time, Elapsed [minutes]
# name 6 = sbeox0V: Oxygen raw, SBE 43 [V]
# name 7 = sbeox1V: Oxygen raw, SBE 43, 2 [V]
# name 8 = flag: flag
# span 0 =      2.000,    178.000       
# span 1 =     8.1565,    11.4976       
# span 2 =   3.497223,   3.672384       
# span 3 =    32.2200,    34.2283       
# span 4 =        153,      10823       
# span 5 =     0.1055,     7.5155       
# span 6 =     1.6467,     4.7540       
# span 7 =     1.5507,     2.2389       
# span 8 = 0.0000e+00, 0.0000e+00       
# interval = meters: 1                  
# start_time = Nov 12 2023 02:19:20 [NMEA time, header]
# bad_flag = -9.990e-29
*END*
[from data line 161]
    165.000     8.3632   3.588344    34.2110       4776     3.3161     1.6583     1.5608 0.0000e+00
    166.000     8.3632   3.588554    34.2127       4809     3.3392     1.6577     1.5609 0.0000e+00
    167.000     8.3633   3.588745    34.2142       4834     3.3559     1.6568     1.5615 0.0000e+00
    168.000     8.3635   3.589223    34.2186       4854     3.3699     1.6566     1.5620 0.0000e+00
    169.000     8.3638   3.589513    34.2209       4875     3.3846     1.6568     1.5613 0.0000e+00
    170.000     8.3649   3.589884    34.2232       4907     3.4069     1.6554     1.5589 0.0000e+00
    171.000     8.3656   3.590149    34.2250       4946     3.4337     1.6553     1.5579 0.0000e+00
    172.000     8.3657   3.590230    34.2252       4971     3.4514     1.6563     1.5580 0.0000e+00
    173.000     8.3658   3.590323    34.2257       4992     3.4662     1.6568     1.5579 0.0000e+00
    174.000     8.3659   3.590411    34.2260       5013     3.4808     1.6560     1.5580 0.0000e+00
    175.000     8.3660   3.590479    34.2261       5037     3.4970     1.6551     1.5586 0.0000e+00
    176.000     8.3662   3.590528    34.2260       5067     3.5182     1.6551     1.5580 0.0000e+00
    177.000     8.3665   3.590703    34.2271       5515     3.8293     1.6533     1.5567 0.0000e+00
    178.000     8.3669   3.590864    34.2279       6146     4.2676     1.6543     1.5588 0.0000e+00
    177.000     8.3671   3.590869    34.2283       6127     4.2544     1.6552     1.5598 0.0000e+00
    176.000     8.3668   3.590723    34.2275       6139     4.2623     1.6542     1.5591 0.0000e+00
    175.000     8.3666   3.590595    34.2268       6156     4.2745     1.6544     1.5583 0.0000e+00
    174.000     8.3664   3.590500    34.2265       6180     4.2911     1.6542     1.5580 0.0000e+00
    173.000     8.3662   3.590418    34.2262       6224     4.3216     1.6542     1.5580 0.0000e+00
    172.000     8.3661   3.590367    34.2263       6255     4.3433     1.6542     1.5584 0.0000e+00
    171.000     8.3657   3.590214    34.2255       6278     4.3593     1.6535     1.5586 0.0000e+00
    170.000     8.3650   3.589928    34.2237       6302     4.3759     1.6536     1.5579 0.0000e+00
    169.000     8.3644   3.589709    34.2224       6330     4.3950     1.6546     1.5574 0.0000e+00
    168.000     8.3639   3.589465    34.2208       6356     4.4129     1.6550     1.5583 0.0000e+00
    167.000     8.3636   3.589231    34.2190       6379     4.4291     1.6552     1.5599 0.0000e+00
    166.000     8.3633   3.588726    34.2145       6408     4.4494     1.6560     1.5603 0.0000e+00
    165.000     8.3629   3.587800    34.2055       6447     4.4764     1.6569     1.5600 0.0000e+00
    164.000     8.3628   3.587433    34.2021       6474     4.4949     1.6572     1.5591 0.0000e+00
    163.000     8.3628   3.586732    34.1953       6495     4.5094     1.6567     1.5593 0.0000e+00
    162.000     8.3612   3.585703    34.1863       6517     4.5250     1.6571     1.5595 0.0000e+00
    161.000     8.3594   3.584689    34.1778       6546     4.5453     1.6580     1.5594 0.0000e+00
    160.000     8.3606   3.582705    34.1560       6584     4.5713     1.6565     1.5591 0.0000e+00
    159.000     8.3576   3.581364    34.1453       6615     4.5927     1.6553     1.5582 0.0000e+00
    158.000     8.3551   3.580866    34.1428       6637     4.6085     1.6550     1.5591 0.0000e+00
    157.000     8.3536   3.580571    34.1416       6658     4.6231     1.6543     1.5592 0.0000e+00
    156.000     8.3548   3.579227    34.1267       6681     4.6385     1.6542     1.5591 0.0000e+00
    155.000     8.3593   3.576862    34.0977       6710     4.6588     1.6542     1.5574 0.0000e+00
    154.000     8.3605   3.575918    34.0870       6747     4.6850     1.6545     1.5561 0.0000e+00
    153.000     8.3604   3.575864    34.0870       6776     4.7051     1.6529     1.5526 0.0000e+00
    152.000     8.3608   3.575589    34.0841       6797     4.7195     1.6527     1.5522 0.0000e+00
    151.000     8.3617   3.575294    34.0806       6820     4.7352     1.6505     1.5531 0.0000e+00
    150.000     8.3628   3.575093    34.0779       6851     4.7571     1.6488     1.5530 0.0000e+00
    149.000     8.3631   3.574783    34.0749       6888     4.7823     1.6482     1.5534 0.0000e+00
    148.000     8.3628   3.574454    34.0721       6913     4.7998     1.6486     1.5531 0.0000e+00
    147.000     8.3621   3.573969    34.0681       6934     4.8142     1.6485     1.5529 0.0000e+00
    146.000     8.3617   3.573676    34.0658       6955     4.8295     1.6488     1.5535 0.0000e+00
    145.000     8.3612   3.573381    34.0637       6985     4.8503     1.6504     1.5542 0.0000e+00
    144.000     8.3606   3.573255    34.0634       7022     4.8756     1.6502     1.5535 0.0000e+00
    143.000     8.3602   3.572850    34.0600       7049     4.8947     1.6485     1.5534 0.0000e+00
    142.000     8.3603   3.572504    34.0567       7071     4.9100     1.6474     1.5541 0.0000e+00
    141.000     8.3601   3.572308    34.0552       7094     4.9258     1.6475     1.5530 0.0000e+00
    140.000     8.3598   3.572212    34.0550       7126     4.9477     1.6488     1.5527 0.0000e+00
    139.000     8.3596   3.572083    34.0544       7160     4.9714     1.6498     1.5532 0.0000e+00
    138.000     8.3593   3.571974    34.0540       7184     4.9879     1.6507     1.5530 0.0000e+00
    137.000     8.3590   3.571872    34.0537       7205     5.0030     1.6507     1.5525 0.0000e+00
    136.000     8.3589   3.571823    34.0537       7232     5.0214     1.6505     1.5524 0.0000e+00
    135.000     8.3587   3.571768    34.0537       7265     5.0442     1.6497     1.5533 0.0000e+00
    134.000     8.3586   3.571726    34.0539       7294     5.0644     1.6491     1.5546 0.0000e+00
    133.000     8.3583   3.571618    34.0535       7317     5.0805     1.6491     1.5555 0.0000e+00
    132.000     8.3578   3.571498    34.0532       7340     5.0964     1.6507     1.5556 0.0000e+00
    131.000     8.3578   3.571438    34.0530       7368     5.1157     1.6526     1.5558 0.0000e+00
    130.000     8.3582   3.571468    34.0535       7401     5.1390     1.6534     1.5548 0.0000e+00
    129.000     8.3566   3.571083    34.0514       7429     5.1583     1.6529     1.5555 0.0000e+00
    128.000     8.3473   3.568678    34.0354       7453     5.1751     1.6530     1.5557 0.0000e+00
    127.000     8.3425   3.567457    34.0276       7481     5.1944     1.6534     1.5556 0.0000e+00
    126.000     8.3381   3.566499    34.0221       7512     5.2162     1.6549     1.5555 0.0000e+00
    125.000     8.3361   3.565982    34.0190       7539     5.2348     1.6554     1.5562 0.0000e+00
    124.000     8.3315   3.565011    34.0137       7562     5.2510     1.6564     1.5569 0.0000e+00
    123.000     8.3120   3.560383    33.9838       7586     5.2673     1.6570     1.5576 0.0000e+00
    122.000     8.2986   3.556712    33.9583       7612     5.2857     1.6587     1.5576 0.0000e+00
    121.000     8.2862   3.553856    33.9404       7643     5.3067     1.6639     1.5595 0.0000e+00
    120.000     8.2794   3.552043    33.9282       7676     5.3296     1.6689     1.5635 0.0000e+00
    119.000     8.2724   3.550683    33.9209       7704     5.3493     1.6721     1.5653 0.0000e+00
    118.000     8.2721   3.550350    33.9182       7726     5.3645     1.6738     1.5673 0.0000e+00
    117.000     8.2693   3.549734    33.9148       7746     5.3783     1.6761     1.5713 0.0000e+00
    116.000     8.2570   3.546861    33.8965       7771     5.3956     1.6787     1.5767 0.0000e+00
    115.000     8.2394   3.542279    33.8653       7810     5.4231     1.6821     1.5781 0.0000e+00
    114.000     8.2136   3.537878    33.8438       7842     5.4454     1.6849     1.5811 0.0000e+00
    113.000     8.2062   3.535763    33.8290       7863     5.4598     1.6875     1.5822 0.0000e+00
    112.000     8.2057   3.535078    33.8227       7882     5.4729     1.6896     1.5842 0.0000e+00
    111.000     8.2138   3.534410    33.8082       7904     5.4883     1.6925     1.5886 0.0000e+00
    110.000     8.2167   3.534347    33.8052       7937     5.5113     1.6965     1.5924 0.0000e+00
    109.000     8.2206   3.534561    33.8042       7977     5.5392     1.7006     1.5970 0.0000e+00
    108.000     8.2324   3.535323    33.8014       8004     5.5575     1.7011     1.5978 0.0000e+00
    107.000     8.2373   3.535125    33.7951       8023     5.5705     1.7022     1.5985 0.0000e+00
    106.000     8.2430   3.531887    33.7556       8041     5.5837     1.7040     1.6014 0.0000e+00
    105.000     8.2149   3.524703    33.7067       8068     5.6023     1.7063     1.6021 0.0000e+00
    104.000     8.1622   3.514802    33.6525       8119     5.6377     1.7135     1.6100 0.0000e+00
    103.000     8.1634   3.512928    33.6318       8145     5.6555     1.7175     1.6116 0.0000e+00
    102.000     8.1586   3.509917    33.6049       8162     5.6671     1.7197     1.6147 0.0000e+00
    101.000     8.1610   3.507588    33.5783       8177     5.6780     1.7218     1.6190 0.0000e+00
    100.000     8.1633   3.505280    33.5520       8196     5.6912     1.7234     1.6233 0.0000e+00
     99.000     8.1691   3.499678    33.4873       8238     5.7205     1.7285     1.6276 0.0000e+00
     98.000     8.1749   3.497870    33.4631       8284     5.7520     1.7370     1.6328 0.0000e+00
     97.000     8.1976   3.497223    33.4350       8304     5.7658     1.7389     1.6343 0.0000e+00
     96.000     8.2349   3.497431    33.4022       8322     5.7783     1.7407     1.6368 0.0000e+00
     95.000     8.2742   3.498989    33.3818       8341     5.7916     1.7441     1.6399 0.0000e+00
     94.000     8.3126   3.501026    33.3675       8366     5.8090     1.7487     1.6406 0.0000e+00
     93.000     8.3420   3.501627    33.3465       8405     5.8359     1.7571     1.6480 0.0000e+00
     92.000     8.3556   3.501703    33.3349       8439     5.8595     1.7616     1.6547 0.0000e+00
     91.000     8.3691   3.501981    33.3255       8462     5.8754     1.7640     1.6584 0.0000e+00
     90.000     8.3793   3.502223    33.3189       8482     5.8898     1.7667     1.6635 0.0000e+00
     89.000     8.3919   3.502499    33.3103       8506     5.9060     1.7695     1.6637 0.0000e+00
     88.000     8.4267   3.503474    33.2882       8539     5.9292     1.7738     1.6678 0.0000e+00
     87.000     8.4458   3.503548    33.2714       8573     5.9529     1.7773     1.6671 0.0000e+00
     86.000     8.4718   3.504135    33.2535       8596     5.9684     1.7799     1.6688 0.0000e+00
     85.000     8.5004   3.505096    33.2372       8616     5.9828     1.7831     1.6738 0.0000e+00
     84.000     8.5787   3.507115    33.1853       8647     6.0044     1.7862     1.6752 0.0000e+00
     83.000     8.7030   3.512823    33.1291       8690     6.0343     1.7921     1.6797 0.0000e+00
     82.000     8.7288   3.514250    33.1203       8713     6.0497     1.7976     1.6839 0.0000e+00
     81.000     8.7527   3.515500    33.1115       8732     6.0631     1.8043     1.6890 0.0000e+00
     80.000     8.7722   3.516481    33.1041       8752     6.0772     1.8115     1.6957 0.0000e+00
     79.000     8.7905   3.517411    33.0972       8782     6.0980     1.8182     1.7036 0.0000e+00
     78.000     8.8128   3.518385    33.0870       8823     6.1266     1.8239     1.7131 0.0000e+00
     77.000     8.8129   3.518444    33.0880       8848     6.1437     1.8278     1.7190 0.0000e+00
     76.000     8.8135   3.518467    33.0882       8868     6.1580     1.8317     1.7203 0.0000e+00
     75.000     8.8211   3.518745    33.0844       8894     6.1756     1.8353     1.7253 0.0000e+00
     74.000     8.8208   3.518763    33.0853       8928     6.1993     1.8372     1.7287 0.0000e+00
     73.000     8.8258   3.518908    33.0827       8957     6.2192     1.8389     1.7276 0.0000e+00
     72.000     8.8297   3.519012    33.0806       8979     6.2345     1.8401     1.7319 0.0000e+00
     71.000     8.8625   3.519987    33.0606       9002     6.2510     1.8424     1.7302 0.0000e+00
     70.000     8.9199   3.521964    33.0283       9034     6.2728     1.8451     1.7337 0.0000e+00
     69.000     8.9923   3.524577    32.9887       9067     6.2962     1.8479     1.7376 0.0000e+00
     68.000     9.0418   3.526250    32.9607       9091     6.3127     1.8493     1.7375 0.0000e+00
     67.000     9.0828   3.527662    32.9378       9111     6.3265     1.8514     1.7413 0.0000e+00
     66.000     9.0978   3.528067    32.9286       9133     6.3415     1.8554     1.7461 0.0000e+00
     65.000     9.1137   3.528340    32.9173       9170     6.3672     1.8587     1.7461 0.0000e+00
     64.000     9.1202   3.528277    32.9111       9210     6.3949     1.8617     1.7505 0.0000e+00
     63.000     9.1228   3.528311    32.9095       9230     6.4087     1.8624     1.7501 0.0000e+00
     62.000     9.1353   3.528160    32.8968       9247     6.4206     1.8613     1.7509 0.0000e+00
     61.000     9.1534   3.528458    32.8837       9265     6.4335     1.8610     1.7503 0.0000e+00
     60.000     9.1618   3.528809    32.8800       9296     6.4549     1.8634     1.7504 0.0000e+00
     59.000     9.1686   3.528821    32.8743       9338     6.4840     1.8651     1.7544 0.0000e+00
     58.000     9.1780   3.529252    32.8705       9359     6.4989     1.8670     1.7536 0.0000e+00
     57.000     9.1944   3.529561    32.8591       9377     6.5108     1.8684     1.7539 0.0000e+00
     56.000     9.2936   3.533412    32.8081       9395     6.5234     1.8692     1.7559 0.0000e+00
     55.000     9.3372   3.535697    32.7921       9423     6.5429     1.8706     1.7589 0.0000e+00
     54.000     9.4437   3.541429    32.7540       9466     6.5731     1.8746     1.7586 0.0000e+00
     53.000     9.5746   3.549510    32.7179       9491     6.5906     1.8800     1.7649 0.0000e+00
     52.000     9.6263   3.553884    32.7160       9511     6.6038     1.8855     1.7641 0.0000e+00
     51.000     9.7022   3.558718    32.6969       9532     6.6190     1.8919     1.7727 0.0000e+00
     50.000     9.8006   3.564854    32.6705       9560     6.6381     1.9022     1.7827 0.0000e+00
     49.000     9.8232   3.566549    32.6678       9590     6.6589     1.9149     1.7926 0.0000e+00
     48.000     9.8319   3.567186    32.6667       9618     6.6782     1.9256     1.8037 0.0000e+00
     47.000     9.8554   3.568619    32.6605       9642     6.6949     1.9320     1.8110 0.0000e+00
     46.000     9.8825   3.570232    32.6528       9664     6.7107     1.9355     1.8162 0.0000e+00
     45.000     9.8998   3.571280    32.6483       9689     6.7278     1.9377     1.8215 0.0000e+00
     44.000     9.9312   3.573112    32.6389       9716     6.7463     1.9394     1.8242 0.0000e+00
     43.000     9.9564   3.574868    32.6344       9741     6.7640     1.9431     1.8282 0.0000e+00
     42.000     9.9758   3.575909    32.6279       9766     6.7810     1.9469     1.8307 0.0000e+00
     41.000    10.0529   3.580669    32.6069       9793     6.8002     1.9515     1.8338 0.0000e+00
     40.000    10.1207   3.585525    32.5954       9825     6.8220     1.9572     1.8387 0.0000e+00
     39.000    10.1588   3.588181    32.5884       9851     6.8404     1.9641     1.8419 0.0000e+00
     38.000    10.2012   3.591108    32.5802       9873     6.8553     1.9719     1.8469 0.0000e+00
     37.000    10.2706   3.595408    32.5617       9893     6.8696     1.9790     1.8534 0.0000e+00
     36.000    10.3802   3.602308    32.5333       9917     6.8859     1.9855     1.8613 0.0000e+00
     35.000    10.5639   3.614588    32.4927       9948     6.9074     1.9978     1.8715 0.0000e+00
     34.000    10.6504   3.620931    32.4795       9980     6.9297     2.0221     1.8870 0.0000e+00
     33.000    10.8910   3.633561    32.3922      10004     6.9465     2.0437     1.9055 0.0000e+00
