HB2304/ctd141.cnv
* Sea-Bird SBE 9 Data File:
* FileName = C:\cruise\data\ctd141.hex
* Software Version Seasave V 7.26.7.121
* Temperature SN = 4591
* Conductivity SN = 3741
* Number of Bytes Per Scan = 37
* Number of Voltage Words = 4
* Number of Scans Averaged by the Deck Unit = 1
* NMEA Latitude = 42 24.90 N
* NMEA Longitude = 070 08.87 W
* NMEA UTC (Time) = Oct 21 2023  21:46:25
* NMEA baud rate = 4800
** Ship: Bigelow HB2304
** Program:  Fall Bottom Trawl Survey
** Chief Scientist: John Galbraith
# nquan = 7
# nvalues = 135                         
# units = specified
# name 0 = depSM: Depth [salt water, m]
# name 1 = t090C: Temperature [ITS-90, deg C]
# name 2 = c0S/m: Conductivity [S/m]
# name 3 = sal00: Salinity, Practical [PSU]
# name 4 = scan: Scan Count
# name 5 = timeM: Time, Elapsed [minutes]
# name 6 = flag: flag
# span 0 =      3.000,     70.000       
# span 1 =     9.3427,    14.2154       
# span 2 =   3.495286,   3.835824       
# span 3 =    31.3042,    32.4245       
# span 4 =         15,       6054       
# span 5 =     0.0096,     4.2034       
# span 6 = 0.0000e+00, 0.0000e+00       
# interval = meters: 1                  
# start_time = Oct 21 2023 21:46:25 [NMEA time, header]
# bad_flag = -9.990e-29
*END*
      3.000    14.2154   3.819956    31.3616         15     0.0096 0.0000e+00
      4.000    14.2134   3.820216    31.3652        249     0.1721 0.0000e+00
      5.000    14.2109   3.820067    31.3655        378     0.2619 0.0000e+00
      6.000    14.2130   3.820570    31.3681        387     0.2678 0.0000e+00
      7.000    14.2121   3.821135    31.3735        400     0.2771 0.0000e+00
      8.000    14.2121   3.821255    31.3743        420     0.2913 0.0000e+00
      9.000    14.2051   3.823537    31.4005        470     0.3254 0.0000e+00
     10.000    14.1866   3.828168    31.4574        508     0.3521 0.0000e+00
     11.000    14.1776   3.828859    31.4707        529     0.3670 0.0000e+00
     12.000    14.1394   3.830046    31.5124        551     0.3820 0.0000e+00
     13.000    14.1133   3.831157    31.5436        572     0.3965 0.0000e+00
     14.000    14.0296   3.835824    31.6546        593     0.4109 0.0000e+00
     15.000    13.9538   3.832908    31.6897        617     0.4279 0.0000e+00
     16.000    13.7382   3.822091    31.7678        655     0.4545 0.0000e+00
     17.000    13.5378   3.812994    31.8496        687     0.4761 0.0000e+00
     18.000    13.3014   3.799998    31.9257        708     0.4910 0.0000e+00
     19.000    13.0135   3.783948    32.0170        732     0.5074 0.0000e+00
     20.000    12.7085   3.764525    32.0915        765     0.5305 0.0000e+00
     21.000    12.5551   3.755149    32.1327        798     0.5537 0.0000e+00
     22.000    12.4071   3.744740    32.1596        817     0.5670 0.0000e+00
     23.000    12.3022   3.737038    32.1755        834     0.5784 0.0000e+00
     24.000    12.2242   3.731437    32.1884        852     0.5912 0.0000e+00
     25.000    12.0737   3.720626    32.2137        880     0.6101 0.0000e+00
     26.000    11.9220   3.709254    32.2346        921     0.6387 0.0000e+00
     27.000    11.8613   3.704263    32.2384        955     0.6627 0.0000e+00
     28.000    11.6972   3.693061    32.2717        979     0.6792 0.0000e+00
     29.000    11.5777   3.683800    32.2852        998     0.6927 0.0000e+00
     30.000    11.3903   3.669564    32.3092       1017     0.7059 0.0000e+00
     31.000    11.2257   3.656549    32.3252       1039     0.7210 0.0000e+00
     32.000    11.1440   3.649455    32.3268       1067     0.7402 0.0000e+00
     33.000    11.0681   3.643520    32.3345       1096     0.7603 0.0000e+00
     34.000    10.9979   3.637641    32.3378       1129     0.7832 0.0000e+00
     35.000    10.9567   3.634146    32.3391       1163     0.8067 0.0000e+00
     36.000    10.9083   3.630423    32.3445       1184     0.8213 0.0000e+00
     37.000    10.8610   3.626539    32.3473       1201     0.8335 0.0000e+00
     38.000    10.8289   3.623937    32.3494       1220     0.8466 0.0000e+00
     39.000    10.7499   3.617832    32.3582       1246     0.8646 0.0000e+00
     40.000    10.6320   3.608639    32.3707       1281     0.8892 0.0000e+00
     41.000    10.4823   3.597002    32.3869       1312     0.9107 0.0000e+00
     42.000    10.3125   3.582766    32.3949       1340     0.9299 0.0000e+00
     43.000    10.2421   3.577031    32.3996       1364     0.9468 0.0000e+00
     44.000    10.1413   3.568473    32.4030       1385     0.9612 0.0000e+00
     45.000    10.0091   3.557038    32.4053       1405     0.9749 0.0000e+00
     46.000     9.9847   3.554158    32.3976       1428     0.9911 0.0000e+00
     47.000     9.9744   3.552923    32.3939       1466     1.0172 0.0000e+00
     48.000     9.9469   3.550679    32.3954       1504     1.0439 0.0000e+00
     49.000     9.9160   3.548065    32.3962       1526     1.0592 0.0000e+00
     50.000     9.8966   3.546668    32.3990       1544     1.0718 0.0000e+00
     51.000     9.8070   3.540363    32.4149       1562     1.0842 0.0000e+00
     52.000     9.6966   3.531583    32.4245       1585     1.0999 0.0000e+00
     53.000     9.4959   3.512574    32.4108       1627     1.1292 0.0000e+00
     54.000     9.4877   3.511067    32.4024       1665     1.1553 0.0000e+00
     55.000     9.4585   3.508216    32.3990       1684     1.1685 0.0000e+00
     56.000     9.4602   3.508146    32.3964       1700     1.1799 0.0000e+00
     57.000     9.4602   3.508119    32.3956       1719     1.1928 0.0000e+00
     58.000     9.4590   3.507935    32.3944       1750     1.2146 0.0000e+00
     59.000     9.4338   3.505518    32.3920       1790     1.2421 0.0000e+00
     60.000     9.4294   3.504839    32.3885       1815     1.2596 0.0000e+00
     61.000     9.4246   3.504484    32.3888       1835     1.2736 0.0000e+00
     62.000     9.4042   3.502366    32.3850       1855     1.2878 0.0000e+00
     63.000     9.3841   3.500417    32.3827       1881     1.3054 0.0000e+00
     64.000     9.3661   3.498564    32.3796       1916     1.3298 0.0000e+00
     65.000     9.3596   3.497817    32.3773       1955     1.3568 0.0000e+00
     66.000     9.3478   3.496747    32.3765       1980     1.3745 0.0000e+00
     67.000     9.3450   3.496383    32.3749       2000     1.3881 0.0000e+00
     68.000     9.3453   3.496444    32.3747       2018     1.4010 0.0000e+00
     69.000     9.3455   3.496448    32.3742       2039     1.4151 0.0000e+00
     70.000     9.3458   3.496515    32.3742       2054     1.4255 0.0000e+00
     69.000     9.3454   3.496387    32.3736       2075     1.4403 0.0000e+00
     68.000     9.3427   3.495286    32.3652       3125     2.1693 0.0000e+00
     67.000     9.3434   3.495340    32.3656       3320     2.3048 0.0000e+00
     66.000     9.3445   3.495447    32.3661       3311     2.2986 0.0000e+00
     65.000     9.3492   3.495829    32.3662       3329     2.3112 0.0000e+00
     64.000     9.3658   3.497180    32.3655       3353     2.3276 0.0000e+00
     63.000     9.3903   3.499589    32.3686       3384     2.3491 0.0000e+00
     62.000     9.3937   3.499973    32.3700       3413     2.3697 0.0000e+00
     61.000     9.4003   3.500510    32.3699       3439     2.3877 0.0000e+00
     60.000     9.4233   3.502568    32.3707       3466     2.4066 0.0000e+00
     59.000     9.4458   3.504964    32.3754       3494     2.4260 0.0000e+00
     58.000     9.4461   3.504929    32.3753       3521     2.4443 0.0000e+00
     57.000     9.4643   3.506628    32.3767       3549     2.4636 0.0000e+00
     56.000     9.4690   3.507156    32.3783       3575     2.4818 0.0000e+00
     55.000     9.4729   3.507505    32.3787       3597     2.4974 0.0000e+00
     54.000     9.4858   3.508629    32.3791       3619     2.5122 0.0000e+00
     53.000     9.4926   3.509315    32.3804       3640     2.5274 0.0000e+00
     52.000     9.5877   3.516792    32.3716       3665     2.5441 0.0000e+00
     51.000     9.7463   3.531192    32.3762       3692     2.5629 0.0000e+00
     50.000     9.8422   3.539079    32.3707       3723     2.5846 0.0000e+00
     49.000     9.8956   3.543418    32.3673       3756     2.6078 0.0000e+00
     48.000     9.9176   3.545128    32.3654       3784     2.6267 0.0000e+00
     47.000     9.9387   3.546812    32.3640       3803     2.6404 0.0000e+00
     46.000     9.9615   3.548571    32.3618       3821     2.6528 0.0000e+00
     45.000     9.9875   3.550782    32.3613       3844     2.6690 0.0000e+00
     44.000    10.0734   3.557781    32.3557       3881     2.6943 0.0000e+00
     43.000    10.1630   3.565712    32.3561       3910     2.7142 0.0000e+00
     42.000    10.2634   3.573760    32.3481       3931     2.7292 0.0000e+00
     41.000    10.3169   3.578437    32.3479       3953     2.7445 0.0000e+00
     40.000    10.5091   3.592491    32.3184       3977     2.7613 0.0000e+00
     39.000    10.6488   3.604916    32.3191       4011     2.7844 0.0000e+00
     38.000    10.7481   3.613092    32.3131       4055     2.8155 0.0000e+00
     37.000    10.8029   3.617734    32.3113       4087     2.8373 0.0000e+00
     36.000    10.8648   3.622571    32.3051       4109     2.8530 0.0000e+00
     35.000    10.9155   3.626458    32.2993       4133     2.8695 0.0000e+00
     34.000    11.0030   3.633402    32.2914       4166     2.8924 0.0000e+00
     33.000    11.0256   3.635617    32.2938       4205     2.9192 0.0000e+00
     32.000    11.0399   3.636715    32.2926       4234     2.9397 0.0000e+00
     31.000    11.1117   3.641824    32.2803       4258     2.9566 0.0000e+00
     30.000    11.1619   3.645901    32.2769       4282     2.9729 0.0000e+00
     29.000    11.3143   3.656186    32.2450       4306     2.9899 0.0000e+00
     28.000    11.5617   3.674788    32.2116       4332     3.0073 0.0000e+00
     27.000    11.7784   3.691919    32.1906       4357     3.0251 0.0000e+00
     26.000    11.8351   3.697052    32.1917       4389     3.0470 0.0000e+00
     25.000    11.9257   3.703767    32.1787       4430     3.0760 0.0000e+00
     24.000    12.0696   3.713822    32.1521       4455     3.0932 0.0000e+00
     23.000    12.1128   3.716721    32.1432       4473     3.1058 0.0000e+00
     22.000    12.2047   3.723111    32.1260       4490     3.1174 0.0000e+00
     21.000    12.4333   3.738242    32.0756       4507     3.1289 0.0000e+00
     20.000    12.5368   3.746162    32.0632       4525     3.1415 0.0000e+00
     19.000    12.6205   3.752591    32.0535       4551     3.1594 0.0000e+00
     18.000    12.6533   3.755492    32.0535       4605     3.1975 0.0000e+00
     17.000    12.7581   3.760560    32.0130       4632     3.2161 0.0000e+00
     16.000    12.9693   3.771397    31.9372       4648     3.2273 0.0000e+00
     15.000    13.2743   3.789018    31.8468       4664     3.2379 0.0000e+00
     14.000    13.5323   3.803003    31.7625       4680     3.2496 0.0000e+00
     13.000    13.9269   3.824444    31.6349       4709     3.2695 0.0000e+00
     12.000    14.1152   3.832195    31.5519       4755     3.3015 0.0000e+00
     11.000    14.1828   3.827138    31.4508       4783     3.3209 0.0000e+00
     10.000    14.2026   3.822956    31.3968       4805     3.3360 0.0000e+00
      9.000    14.2071   3.821776    31.3827       4827     3.3512 0.0000e+00
      8.000    14.2104   3.821310    31.3761       4854     3.3698 0.0000e+00
      7.000    14.2125   3.820184    31.3645       4893     3.3970 0.0000e+00
      6.000    14.2127   3.817394    31.3393       5571     3.8681 0.0000e+00
      5.000    14.2119   3.815748    31.3252       5970     4.1450 0.0000e+00
      4.000    14.2120   3.813406    31.3042       5985     4.1557 0.0000e+00
      3.000    14.2115   3.814025    31.3106       6054     4.2034 0.0000e+00
