HB2304/ctd187.cnv
* Sea-Bird SBE 9 Data File:
* FileName = C:\cruise\data\ctd187.hex
* Software Version Seasave V 7.26.7.121
* Temperature SN = 4591
* Conductivity SN = 3741
* Number of Bytes Per Scan = 37
* Number of Voltage Words = 4
* Number of Scans Averaged by the Deck Unit = 1
* NMEA Latitude = 42 38.72 N
* NMEA Longitude = 069 32.25 W
* NMEA UTC (Time) = Nov 12 2023 13:32:05
* NMEA baud rate = 4800
** Ship: Bigelow HB2304
** Program:  Fall Bottom Trawl Survey
** Chief Scientist: John Galbraith
# nquan = 9
# nvalues = 486                         
# units = specified
# name 0 = depSM: Depth [salt water, m]
# name 1 = t090C: Temperature [ITS-90, deg C]
# name 2 = c0S/m: Conductivity [S/m]
# name 3 = sal00: Salinity, Practical [PSU]
# name 4 = scan: Scan Count
# name 5 = timeM: Time, Elapsed [minutes]
# name 6 = sbeox0V: Oxygen raw, SBE 43 [V]
# name 7 = sbeox1V: Oxygen raw, SBE 43, 2 [V]
# name 8 = flag: flag
# span 0 =      2.000,    245.000       
# span 1 =     8.0889,    10.8177       
# span 2 =   3.459318,   3.617772       
# span 3 =    32.1393,    34.2886       
# span 4 =        119,      15592       
# span 5 =     0.0822,    10.8272       
# span 6 =     1.5373,     4.4181       
# span 7 =     1.4462,     2.2614       
# span 8 = 0.0000e+00, 0.0000e+00       
# interval = meters: 1                  
# start_time = Nov 12 2023 13:32:05 [NMEA time, header]
# bad_flag = -9.990e-29
*END*
      3.000    10.8092   3.599557    32.1398        119     0.0822     2.7776     2.2525 0.0000e+00
      4.000    10.8094   3.599658    32.1402        206     0.1426     2.7766     2.2541 0.0000e+00
      5.000    10.8092   3.599678    32.1401        246     0.1701     2.8450     2.2567 0.0000e+00
      6.000    10.8104   3.599793    32.1398        297     0.2056     3.0175     2.2553 0.0000e+00
      7.000    10.8080   3.599647    32.1400        326     0.2254     3.1137     2.2530 0.0000e+00
      8.000    10.8123   3.600041    32.1397        368     0.2550     3.2872     2.2535 0.0000e+00
      9.000    10.8137   3.600235    32.1400        422     0.2921     3.5117     2.2508 0.0000e+00
     10.000    10.8121   3.600127    32.1399        565     0.3916     3.8461     2.2523 0.0000e+00
     11.000    10.8177   3.600617    32.1394        601     0.4166     3.8950     2.2535 0.0000e+00
     12.000    10.8115   3.600220    32.1405        632     0.4381     3.9837     2.2546 0.0000e+00
     13.000    10.8129   3.600379    32.1404        661     0.4581     4.0972     2.2574 0.0000e+00
     14.000    10.8078   3.600130    32.1420        689     0.4780     4.3411     2.2566 0.0000e+00
     15.000    10.8038   3.599869    32.1424        716     0.4963     4.4181     2.2614 0.0000e+00
     16.000    10.7995   3.599606    32.1432        741     0.5140     4.0498     2.2604 0.0000e+00
     17.000    10.8039   3.599900    32.1418        769     0.5336     3.5911     2.2593 0.0000e+00
     18.000    10.7883   3.599027    32.1465        796     0.5523     3.2322     2.2552 0.0000e+00
     19.000    10.7649   3.597314    32.1495        820     0.5686     2.9961     2.2521 0.0000e+00
     20.000    10.7587   3.596880    32.1503        844     0.5855     2.8203     2.2520 0.0000e+00
     21.000    10.7447   3.595919    32.1527        873     0.6056     2.6748     2.2524 0.0000e+00
     22.000    10.7322   3.595067    32.1547        905     0.6277     2.5632     2.2537 0.0000e+00
     23.000    10.7247   3.594549    32.1557        930     0.6448     2.4951     2.2521 0.0000e+00
     24.000    10.7185   3.594185    32.1572        950     0.6594     2.4476     2.2501 0.0000e+00
     25.000    10.7095   3.593633    32.1592        974     0.6757     2.4077     2.2477 0.0000e+00
     26.000    10.7046   3.593367    32.1604       1008     0.6992     2.3710     2.2465 0.0000e+00
     27.000    10.6982   3.593036    32.1623       1040     0.7212     2.3435     2.2460 0.0000e+00
     28.000    10.6931   3.592811    32.1641       1061     0.7362     2.3208     2.2435 0.0000e+00
     29.000    10.6913   3.592783    32.1650       1082     0.7510     2.2998     2.2416 0.0000e+00
     30.000    10.6901   3.592826    32.1660       1110     0.7703     2.2971     2.2410 0.0000e+00
     31.000    10.6900   3.592969    32.1671       1144     0.7936     2.3464     2.2421 0.0000e+00
     32.000    10.6917   3.593281    32.1683       1169     0.8110     2.3720     2.2433 0.0000e+00
     33.000    10.6921   3.593366    32.1684       1191     0.8264     2.3797     2.2409 0.0000e+00
     34.000    10.6912   3.593420    32.1693       1217     0.8442     2.3814     2.2370 0.0000e+00
     35.000    10.6895   3.593461    32.1708       1248     0.8661     2.3870     2.2350 0.0000e+00
     36.000    10.6903   3.596176    32.1966       1276     0.8852     2.3911     2.2341 0.0000e+00
     37.000    10.6873   3.599545    32.2324       1301     0.9026     2.3876     2.2352 0.0000e+00
     38.000    10.6707   3.601603    32.2671       1327     0.9207     2.3833     2.2283 0.0000e+00
     39.000    10.6607   3.602612    32.2856       1355     0.9401     2.3722     2.2126 0.0000e+00
     40.000    10.6400   3.604219    32.3195       1384     0.9602     2.3517     2.1942 0.0000e+00
     41.000    10.6109   3.605946    32.3621       1411     0.9793     2.3300     2.1766 0.0000e+00
     42.000    10.6010   3.606564    32.3766       1436     0.9967     2.3104     2.1637 0.0000e+00
     43.000    10.5952   3.607128    32.3869       1462     1.0148     2.2852     2.1437 0.0000e+00
     44.000    10.5918   3.607429    32.3925       1493     1.0361     2.2584     2.1210 0.0000e+00
     45.000    10.5547   3.607873    32.4295       1521     1.0559     2.2414     2.1077 0.0000e+00
     46.000    10.5344   3.610585    32.4742       1546     1.0727     2.2282     2.0964 0.0000e+00
     47.000    10.4995   3.616936    32.5685       1571     1.0903     2.2120     2.0811 0.0000e+00
     48.000    10.4583   3.617606    32.6117       1601     1.1108     2.1875     2.0607 0.0000e+00
     49.000    10.4361   3.617772    32.6328       1632     1.1330     2.1421     2.0235 0.0000e+00
     50.000    10.4273   3.617537    32.6378       1660     1.1523     2.1049     1.9932 0.0000e+00
     51.000    10.4179   3.617317    32.6437       1684     1.1691     2.0826     1.9701 0.0000e+00
     52.000    10.3747   3.616411    32.6729       1710     1.1866     2.0694     1.9533 0.0000e+00
     53.000    10.3326   3.615247    32.6986       1742     1.2091     2.0561     1.9417 0.0000e+00
     54.000    10.3077   3.615145    32.7196       1776     1.2324     2.0395     1.9254 0.0000e+00
     55.000    10.2571   3.613477    32.7480       1798     1.2479     2.0305     1.9152 0.0000e+00
     56.000    10.2042   3.610411    32.7644       1819     1.2627     2.0233     1.9078 0.0000e+00
     57.000    10.1124   3.604543    32.7877       1847     1.2822     2.0135     1.8974 0.0000e+00
     58.000     9.9732   3.593464    32.8012       1882     1.3063     2.0009     1.8865 0.0000e+00
     59.000     9.9045   3.586467    32.7921       1909     1.3248     1.9894     1.8750 0.0000e+00
     60.000     9.9274   3.589202    32.7987       1932     1.3410     1.9769     1.8626 0.0000e+00
     61.000     9.9266   3.590936    32.8166       1959     1.3600     1.9639     1.8530 0.0000e+00
     62.000     9.8050   3.581225    32.8279       1993     1.3836     1.9554     1.8430 0.0000e+00
     63.000     9.7081   3.571595    32.8176       2023     1.4038     1.9522     1.8367 0.0000e+00
     64.000     9.6664   3.567204    32.8104       2045     1.4196     1.9454     1.8333 0.0000e+00
     65.000     9.6275   3.563296    32.8055       2069     1.4360     1.9365     1.8237 0.0000e+00
     66.000     9.4939   3.551950    32.8108       2101     1.4586     1.9262     1.8126 0.0000e+00
     67.000     9.4155   3.546313    32.8242       2135     1.4817     1.9134     1.8025 0.0000e+00
     68.000     9.3774   3.543706    32.8319       2157     1.4972     1.9046     1.7952 0.0000e+00
     69.000     9.3617   3.542148    32.8298       2180     1.5131     1.8966     1.7894 0.0000e+00
     70.000     9.3580   3.541920    32.8304       2212     1.5351     1.8889     1.7813 0.0000e+00
     71.000     9.3368   3.540055    32.8302       2248     1.5606     1.8832     1.7730 0.0000e+00
     72.000     9.2956   3.536787    32.8339       2274     1.5785     1.8802     1.7695 0.0000e+00
     73.000     9.2791   3.535745    32.8378       2296     1.5937     1.8771     1.7674 0.0000e+00
     74.000     9.2504   3.533738    32.8430       2321     1.6108     1.8733     1.7645 0.0000e+00
     75.000     9.2175   3.531204    32.8467       2353     1.6335     1.8685     1.7595 0.0000e+00
     76.000     9.2125   3.530764    32.8463       2387     1.6573     1.8625     1.7541 0.0000e+00
     77.000     9.2184   3.531621    32.8492       2412     1.6742     1.8618     1.7550 0.0000e+00
     78.000     9.2505   3.535901    32.8635       2433     1.6891     1.8614     1.7498 0.0000e+00
     79.000     9.2465   3.539353    32.9024       2459     1.7068     1.8620     1.7500 0.0000e+00
     80.000     9.1511   3.531538    32.9090       2495     1.7316     1.8593     1.7500 0.0000e+00
     81.000     9.1257   3.529296    32.9088       2527     1.7541     1.8535     1.7471 0.0000e+00
     82.000     9.1058   3.527736    32.9105       2551     1.7707     1.8498     1.7425 0.0000e+00
     83.000     9.0807   3.525681    32.9120       2574     1.7867     1.8471     1.7349 0.0000e+00
     84.000     9.0465   3.523098    32.9163       2599     1.8044     1.8436     1.7324 0.0000e+00
     85.000     8.9187   3.512583    32.9248       2628     1.8246     1.8399     1.7305 0.0000e+00
     86.000     8.8329   3.505298    32.9280       2660     1.8466     1.8334     1.7244 0.0000e+00
     87.000     8.7996   3.502730    32.9316       2690     1.8675     1.8272     1.7223 0.0000e+00
     88.000     8.7879   3.501855    32.9329       2717     1.8860     1.8233     1.7178 0.0000e+00
     89.000     8.7669   3.500479    32.9376       2742     1.9032     1.8212     1.7182 0.0000e+00
     90.000     8.7439   3.499284    32.9460       2767     1.9206     1.8194     1.7147 0.0000e+00
     91.000     8.7225   3.497893    32.9509       2796     1.9408     1.8169     1.7103 0.0000e+00
     92.000     8.7021   3.496570    32.9555       2827     1.9628     1.8141     1.7101 0.0000e+00
     93.000     8.6685   3.494481    32.9645       2855     1.9822     1.8118     1.7068 0.0000e+00
     94.000     8.6623   3.493925    32.9639       2880     1.9994     1.8099     1.7054 0.0000e+00
     95.000     8.6537   3.493277    32.9647       2905     2.0168     1.8071     1.7011 0.0000e+00
     96.000     8.6394   3.492221    32.9666       2932     2.0353     1.8041     1.6944 0.0000e+00
     97.000     8.6341   3.491824    32.9668       2963     2.0567     1.8031     1.6927 0.0000e+00
     98.000     8.6281   3.491453    32.9681       2992     2.0770     1.8010     1.6896 0.0000e+00
     99.000     8.5935   3.489346    32.9777       3016     2.0937     1.7988     1.6895 0.0000e+00
    100.000     8.5488   3.486535    32.9895       3040     2.1105     1.7989     1.6908 0.0000e+00
    101.000     8.4867   3.482455    33.0041       3072     2.1327     1.7961     1.6889 0.0000e+00
    102.000     8.4430   3.479460    33.0130       3105     2.1556     1.7908     1.6890 0.0000e+00
    103.000     8.4340   3.478705    33.0130       3128     2.1718     1.7864     1.6832 0.0000e+00
    104.000     8.4273   3.478271    33.0143       3150     2.1871     1.7826     1.6807 0.0000e+00
    105.000     8.4146   3.477507    33.0176       3179     2.2067     1.7782     1.6786 0.0000e+00
    106.000     8.3848   3.475757    33.0266       3211     2.2294     1.7749     1.6705 0.0000e+00
    107.000     8.3635   3.474241    33.0302       3238     2.2477     1.7744     1.6687 0.0000e+00
    108.000     8.3589   3.473886    33.0302       3262     2.2648     1.7714     1.6659 0.0000e+00
    109.000     8.3559   3.473657    33.0302       3289     2.2835     1.7671     1.6617 0.0000e+00
    110.000     8.3490   3.473189    33.0312       3316     2.3023     1.7649     1.6605 0.0000e+00
    111.000     8.3383   3.472451    33.0329       3342     2.3200     1.7631     1.6562 0.0000e+00
    112.000     8.3215   3.471294    33.0361       3369     2.3392     1.7622     1.6568 0.0000e+00
    113.000     8.3122   3.470566    33.0366       3400     2.3605     1.7622     1.6588 0.0000e+00
    114.000     8.2835   3.469040    33.0469       3426     2.3783     1.7607     1.6561 0.0000e+00
    115.000     8.2579   3.467406    33.0533       3449     2.3945     1.7583     1.6562 0.0000e+00
    116.000     8.2541   3.467107    33.0532       3478     2.4145     1.7556     1.6539 0.0000e+00
    117.000     8.2452   3.466656    33.0564       3511     2.4374     1.7546     1.6472 0.0000e+00
    118.000     8.2302   3.465825    33.0612       3536     2.4546     1.7536     1.6486 0.0000e+00
    119.000     8.2241   3.465408    33.0620       3558     2.4701     1.7522     1.6456 0.0000e+00
    120.000     8.2171   3.465114    33.0650       3585     2.4891     1.7509     1.6451 0.0000e+00
    121.000     8.2092   3.464690    33.0675       3616     2.5107     1.7495     1.6463 0.0000e+00
    122.000     8.2038   3.464391    33.0689       3643     2.5290     1.7477     1.6414 0.0000e+00
    123.000     8.2000   3.464215    33.0702       3667     2.5459     1.7462     1.6410 0.0000e+00
    124.000     8.1927   3.463933    33.0737       3693     2.5638     1.7440     1.6403 0.0000e+00
    125.000     8.1805   3.463421    33.0792       3722     2.5838     1.7428     1.6385 0.0000e+00
    126.000     8.1631   3.462584    33.0862       3750     2.6037     1.7411     1.6402 0.0000e+00
    127.000     8.1528   3.462079    33.0901       3777     2.6219     1.7397     1.6348 0.0000e+00
    128.000     8.1493   3.462130    33.0935       3805     2.6414     1.7389     1.6341 0.0000e+00
    129.000     8.1373   3.461591    33.0986       3834     2.6615     1.7381     1.6337 0.0000e+00
    130.000     8.1207   3.460696    33.1043       3858     2.6785     1.7367     1.6306 0.0000e+00
    131.000     8.1000   3.459465    33.1103       3881     2.6946     1.7359     1.6288 0.0000e+00
    132.000     8.0960   3.459431    33.1132       3909     2.7140     1.7353     1.6284 0.0000e+00
    133.000     8.1097   3.461561    33.1225       3941     2.7364     1.7350     1.6278 0.0000e+00
    134.000     8.1179   3.462943    33.1289       3967     2.7539     1.7345     1.6317 0.0000e+00
    135.000     8.1557   3.467328    33.1394       3988     2.7690     1.7322     1.6268 0.0000e+00
    136.000     8.2725   3.480848    33.1721       4015     2.7872     1.7313     1.6261 0.0000e+00
    137.000     8.4031   3.497237    33.2218       4051     2.8122     1.7332     1.6299 0.0000e+00
    138.000     8.4807   3.506311    33.2439       4080     2.8328     1.7356     1.6288 0.0000e+00
    139.000     8.5052   3.509747    33.2566       4101     2.8472     1.7381     1.6307 0.0000e+00
    140.000     8.5450   3.514293    33.2665       4122     2.8619     1.7406     1.6330 0.0000e+00
    141.000     8.6035   3.521516    33.2869       4152     2.8827     1.7440     1.6351 0.0000e+00
    142.000     8.6353   3.525807    33.3016       4186     2.9062     1.7461     1.6375 0.0000e+00
    143.000     8.6404   3.526633    33.3050       4210     2.9227     1.7467     1.6379 0.0000e+00
    144.000     8.6445   3.527194    33.3065       4232     2.9383     1.7469     1.6388 0.0000e+00
    145.000     8.6581   3.531804    33.3417       4258     2.9565     1.7465     1.6408 0.0000e+00
    146.000     8.6513   3.533071    33.3609       4290     2.9787     1.7466     1.6432 0.0000e+00
    147.000     8.7016   3.540541    33.3914       4319     2.9985     1.7451     1.6416 0.0000e+00
    148.000     8.7136   3.542870    33.4041       4342     3.0143     1.7426     1.6399 0.0000e+00
    149.000     8.7189   3.543613    33.4064       4367     3.0316     1.7402     1.6388 0.0000e+00
    150.000     8.7298   3.545088    33.4111       4397     3.0529     1.7384     1.6363 0.0000e+00
    151.000     8.7514   3.548085    33.4217       4426     3.0730     1.7375     1.6340 0.0000e+00
    152.000     8.7765   3.551521    33.4336       4450     3.0894     1.7351     1.6325 0.0000e+00
    153.000     8.8001   3.555167    33.4490       4474     3.1061     1.7348     1.6323 0.0000e+00
    154.000     8.7954   3.555856    33.4602       4504     3.1270     1.7349     1.6314 0.0000e+00
    155.000     8.7670   3.554530    33.4727       4535     3.1483     1.7342     1.6319 0.0000e+00
    156.000     8.7184   3.551954    33.4911       4559     3.1654     1.7337     1.6314 0.0000e+00
    157.000     8.6720   3.549309    33.5067       4582     3.1814     1.7322     1.6298 0.0000e+00
    158.000     8.6534   3.548594    33.5164       4609     3.1998     1.7298     1.6282 0.0000e+00
    159.000     8.6239   3.546743    33.5244       4643     3.2235     1.7270     1.6246 0.0000e+00
    160.000     8.6032   3.545879    33.5344       4671     3.2430     1.7244     1.6202 0.0000e+00
    161.000     8.5929   3.545809    33.5430       4693     3.2582     1.7222     1.6177 0.0000e+00
    162.000     8.5729   3.544677    33.5497       4716     3.2746     1.7204     1.6168 0.0000e+00
