HB2304/ctd129.cnv
* Sea-Bird SBE 9 Data File:
* FileName = C:\cruise\data\ctd129.hex
* Software Version Seasave V 7.26.7.121
* Temperature SN = 4591
* Conductivity SN = 3741
* Number of Bytes Per Scan = 37
* Number of Voltage Words = 4
* Number of Scans Averaged by the Deck Unit = 1
* NMEA Latitude = 42 02.10 N
* NMEA Longitude = 066 00.37 W
* NMEA UTC (Time) = Oct 18 2023  15:10:29
* NMEA baud rate = 4800
** Ship: Bigelow HB2304
** Program:  Fall Bottom Trawl Survey
** Chief Scientist: John Galbraith
# nquan = 7
# nvalues = 197                         
# units = specified
# name 0 = depSM: Depth [salt water, m]
# name 1 = t090C: Temperature [ITS-90, deg C]
# name 2 = c0S/m: Conductivity [S/m]
# name 3 = sal00: Salinity, Practical [PSU]
# name 4 = scan: Scan Count
# name 5 = timeM: Time, Elapsed [minutes]
# name 6 = flag: flag
# span 0 =      3.000,    101.000       
# span 1 =     5.9492,    15.0460       
# span 2 =   3.250122,   3.860564       
# span 3 =    31.0600,    34.2200       
# span 4 =        -33,       6272       
# span 5 =    -0.0240,     4.3547       
# span 6 = 0.0000e+00, 0.0000e+00       
# interval = meters: 1                  
# start_time = Oct 18 2023 15:10:29 [NMEA time, header]
# bad_flag = -9.990e-29
*END*
      3.000    15.0026   3.858123    31.0745        -33    -0.0240 0.0000e+00
      4.000    14.9703   3.856028    31.0811        187     0.1294 0.0000e+00
      5.000    14.9322   3.853018    31.0840        245     0.1692 0.0000e+00
      6.000    14.9086   3.851046    31.0847        267     0.1848 0.0000e+00
      7.000    14.8744   3.848593    31.0896        290     0.2006 0.0000e+00
      8.000    14.8318   3.845727    31.0973        313     0.2167 0.0000e+00
      9.000    14.7718   3.842354    31.1145        339     0.2349 0.0000e+00
     10.000    14.6977   3.838452    31.1381        368     0.2551 0.0000e+00
     11.000    14.6785   3.836592    31.1363        397     0.2749 0.0000e+00
     12.000    14.6655   3.836450    31.1451        425     0.2943 0.0000e+00
     13.000    14.6140   3.836362    31.1852        452     0.3132 0.0000e+00
     14.000    14.5355   3.835127    31.2367        476     0.3300 0.0000e+00
     15.000    14.4837   3.833135    31.2600        498     0.3454 0.0000e+00
     16.000    14.4504   3.832501    31.2807        520     0.3606 0.0000e+00
     17.000    14.4178   3.833484    31.3156        545     0.3774 0.0000e+00
     18.000    14.3585   3.834423    31.3718        576     0.3993 0.0000e+00
     19.000    14.3112   3.834774    31.4130        611     0.4236 0.0000e+00
     20.000    14.2861   3.833945    31.4254        637     0.4416 0.0000e+00
     21.000    14.2204   3.830845    31.4502        657     0.4556 0.0000e+00
     22.000    14.1239   3.824403    31.4695        676     0.4688 0.0000e+00
     23.000    14.0697   3.820410    31.4768        698     0.4838 0.0000e+00
     24.000    14.0160   3.817234    31.4912        728     0.5049 0.0000e+00
     25.000    14.0114   3.819715    31.5174        766     0.5313 0.0000e+00
     26.000    13.9625   3.822809    31.5854        795     0.5514 0.0000e+00
     27.000    13.9083   3.822594    31.6276        817     0.5664 0.0000e+00
     28.000    13.8750   3.822551    31.6543        837     0.5805 0.0000e+00
     29.000    13.8406   3.823954    31.6953        859     0.5959 0.0000e+00
     30.000    13.8222   3.824656    31.7165        885     0.6140 0.0000e+00
     31.000    13.7568   3.823181    31.7566        913     0.6336 0.0000e+00
     32.000    13.5781   3.810786    31.7896        941     0.6529 0.0000e+00
     33.000    13.4104   3.795255    31.7843        970     0.6731 0.0000e+00
     34.000    13.1054   3.768860    31.7917        999     0.6928 0.0000e+00
     35.000    12.6821   3.732471    31.8039       1024     0.7102 0.0000e+00
     36.000    12.3022   3.700682    31.8222       1047     0.7262 0.0000e+00
     37.000    12.0928   3.683284    31.8330       1070     0.7424 0.0000e+00
     38.000    11.8413   3.664328    31.8647       1096     0.7603 0.0000e+00
     39.000    11.5345   3.639864    31.8902       1125     0.7804 0.0000e+00
     40.000    11.1617   3.611948    31.9389       1154     0.8004 0.0000e+00
     41.000    10.5134   3.563449    32.0239       1178     0.8175 0.0000e+00
     42.000     9.9196   3.522204    32.1339       1201     0.8333 0.0000e+00
     43.000     9.4014   3.483296    32.2002       1225     0.8501 0.0000e+00
     44.000     9.3086   3.475567    32.2039       1254     0.8700 0.0000e+00
     45.000     8.9471   3.452259    32.2895       1285     0.8917 0.0000e+00
     46.000     8.8478   3.443268    32.2859       1312     0.9103 0.0000e+00
     47.000     8.7710   3.435729    32.2767       1334     0.9254 0.0000e+00
     48.000     8.7371   3.432330    32.2717       1355     0.9401 0.0000e+00
     49.000     8.6507   3.424731    32.2707       1380     0.9573 0.0000e+00
     50.000     8.0485   3.384728    32.4019       1413     0.9805 0.0000e+00
     51.000     7.6320   3.357509    32.4978       1445     1.0029 0.0000e+00
     52.000     7.6515   3.362840    32.5364       1468     1.0188 0.0000e+00
     53.000     7.6059   3.364795    32.5996       1488     1.0328 0.0000e+00
     54.000     7.6173   3.367038    32.6125       1509     1.0473 0.0000e+00
     55.000     7.6366   3.369156    32.6167       1535     1.0656 0.0000e+00
     56.000     7.6816   3.373734    32.6233       1570     1.0896 0.0000e+00
     57.000     7.7303   3.380416    32.6488       1601     1.1110 0.0000e+00
     58.000     7.7604   3.386198    32.6821       1624     1.1270 0.0000e+00
     59.000     7.5317   3.370179    32.7244       1644     1.1410 0.0000e+00
     60.000     7.2878   3.356157    32.8030       1665     1.1553 0.0000e+00
     61.000     7.0816   3.339627    32.8186       1689     1.1725 0.0000e+00
     62.000     6.9428   3.328123    32.8248       1722     1.1950 0.0000e+00
     63.000     6.8218   3.320540    32.8568       1755     1.2180 0.0000e+00
     64.000     6.7593   3.316625    32.8732       1784     1.2384 0.0000e+00
     65.000     6.7031   3.310326    32.8573       1812     1.2574 0.0000e+00
     66.000     6.6748   3.307793    32.8561       1835     1.2734 0.0000e+00
     67.000     6.5321   3.294882    32.8502       1854     1.2870 0.0000e+00
     68.000     6.3597   3.278831    32.8377       1874     1.3008 0.0000e+00
     69.000     6.2338   3.265976    32.8158       1899     1.3183 0.0000e+00
     70.000     6.1535   3.259739    32.8233       1935     1.3433 0.0000e+00
     71.000     6.0845   3.259011    32.8815       1969     1.3663 0.0000e+00
     72.000     6.0881   3.261388    32.9041       1993     1.3831 0.0000e+00
     73.000     5.9663   3.253145    32.9295       2017     1.3999 0.0000e+00
     74.000     5.9532   3.252372    32.9331       2045     1.4194 0.0000e+00
     75.000     6.0555   3.266159    32.9876       2073     1.4391 0.0000e+00
     76.000     6.1353   3.279273    33.0562       2098     1.4562 0.0000e+00
     77.000     6.1757   3.284973    33.0800       2120     1.4717 0.0000e+00
     78.000     6.1548   3.287152    33.1243       2143     1.4874 0.0000e+00
     79.000     6.1826   3.296286    33.1986       2170     1.5062 0.0000e+00
     80.000     6.3039   3.310389    33.2369       2203     1.5290 0.0000e+00
     81.000     6.5037   3.333128    33.2942       2233     1.5500 0.0000e+00
     82.000     6.5642   3.341115    33.3231       2258     1.5674 0.0000e+00
     83.000     6.6493   3.349670    33.3344       2282     1.5838 0.0000e+00
     84.000     6.6782   3.356784    33.3843       2307     1.6015 0.0000e+00
     85.000     6.6171   3.353186    33.4036       2337     1.6224 0.0000e+00
     86.000     6.6216   3.356017    33.4300       2367     1.6434 0.0000e+00
     87.000     6.6936   3.363722    33.4443       2392     1.6607 0.0000e+00
     88.000     6.8525   3.383441    33.5059       2414     1.6757 0.0000e+00
     89.000     7.0968   3.411941    33.5797       2436     1.6910 0.0000e+00
     90.000     7.4825   3.460070    33.7276       2462     1.7089 0.0000e+00
     91.000     7.8518   3.507692    33.8818       2494     1.7309 0.0000e+00
     92.000     8.1241   3.546299    34.0306       2526     1.7537 0.0000e+00
     93.000     8.2348   3.561814    34.0880       2554     1.7733 0.0000e+00
     94.000     8.3298   3.576779    34.1545       2580     1.7907 0.0000e+00
     95.000     8.3456   3.579473    34.1673       2604     1.8075 0.0000e+00
     96.000     8.3696   3.583270    34.1838       2629     1.8251 0.0000e+00
     97.000     8.3882   3.586185    34.1963       2658     1.8454 0.0000e+00
     98.000     8.3901   3.586902    34.2015       2689     1.8666 0.0000e+00
     99.000     8.4049   3.589055    34.2095       2715     1.8849 0.0000e+00
    100.000     8.4098   3.590143    34.2158       2738     1.9009 0.0000e+00
    101.000     8.4108   3.590414    34.2172       2761     1.9163 0.0000e+00
    100.000     8.3959   3.589143    34.2187       3375     2.3434 0.0000e+00
     99.000     8.3966   3.589281    34.2200       3766     2.6146 0.0000e+00
     98.000     8.3932   3.588672    34.2173       3773     2.6193 0.0000e+00
     97.000     8.3943   3.588804    34.2181       3796     2.6355 0.0000e+00
     96.000     8.3928   3.588596    34.2178       3821     2.6529 0.0000e+00
     95.000     8.2879   3.576481    34.1915       3847     2.6710 0.0000e+00
     94.000     8.1153   3.550443    34.0824       3873     2.6891 0.0000e+00
     93.000     8.0393   3.542034    34.0669       3899     2.7069 0.0000e+00
     92.000     7.7609   3.504315    33.9337       3925     2.7248 0.0000e+00
     91.000     7.5784   3.480863    33.8588       3952     2.7435 0.0000e+00
     90.000     7.3446   3.451095    33.7645       3980     2.7629 0.0000e+00
     89.000     7.0495   3.415946    33.6695       4008     2.7828 0.0000e+00
     88.000     6.7032   3.371075    33.5156       4036     2.8020 0.0000e+00
     87.000     6.6210   3.359085    33.4640       4061     2.8195 0.0000e+00
     86.000     6.5660   3.351463    33.4340       4085     2.8358 0.0000e+00
     85.000     6.5954   3.349980    33.3893       4110     2.8534 0.0000e+00
     84.000     6.6548   3.353904    33.3752       4138     2.8731 0.0000e+00
     83.000     6.6012   3.348240    33.3654       4168     2.8937 0.0000e+00
     82.000     6.4324   3.329753    33.3258       4196     2.9135 0.0000e+00
     81.000     6.2750   3.310602    33.2671       4225     2.9333 0.0000e+00
     80.000     6.1890   3.298876    33.2208       4253     2.9528 0.0000e+00
     79.000     6.1871   3.291480    33.1406       4278     2.9702 0.0000e+00
     78.000     6.1791   3.286616    33.0946       4301     2.9864 0.0000e+00
     77.000     6.1127   3.277751    33.0607       4326     3.0033 0.0000e+00
     76.000     6.0009   3.260881    32.9811       4354     3.0228 0.0000e+00
     75.000     5.9492   3.252386    32.9367       4383     3.0427 0.0000e+00
     74.000     5.9605   3.250122    32.9008       4410     3.0617 0.0000e+00
     73.000     6.0630   3.258416    32.8946       4436     3.0801 0.0000e+00
     72.000     6.0863   3.257874    32.8666       4463     3.0987 0.0000e+00
     71.000     6.1175   3.255988    32.8157       4490     3.1173 0.0000e+00
     70.000     6.1958   3.259525    32.7801       4515     3.1348 0.0000e+00
     69.000     6.2653   3.265748    32.7829       4538     3.1508 0.0000e+00
     68.000     6.3183   3.271324    32.7943       4562     3.1677 0.0000e+00
     67.000     6.3664   3.276025    32.8007       4590     3.1870 0.0000e+00
     66.000     6.4789   3.284867    32.7910       4619     3.2070 0.0000e+00
     65.000     6.5164   3.289976    32.8120       4645     3.2248 0.0000e+00
     64.000     6.5608   3.292768    32.8007       4669     3.2417 0.0000e+00
     63.000     6.5620   3.292994    32.8026       4695     3.2596 0.0000e+00
     62.000     6.7717   3.307703    32.7643       4723     3.2788 0.0000e+00
     61.000     6.8841   3.316448    32.7535       4748     3.2967 0.0000e+00
     60.000     7.0990   3.331788    32.7172       4771     3.3126 0.0000e+00
     59.000     7.2315   3.341650    32.6994       4794     3.3286 0.0000e+00
     58.000     7.4607   3.355793    32.6367       4821     3.3471 0.0000e+00
     57.000     7.5871   3.364904    32.6165       4850     3.3672 0.0000e+00
     56.000     7.5986   3.363486    32.5909       4875     3.3850 0.0000e+00
     55.000     7.5964   3.361430    32.5714       4897     3.4001 0.0000e+00
     54.000     7.5900   3.360385    32.5666       4918     3.4148 0.0000e+00
     53.000     7.5992   3.358418    32.5374       4942     3.4315 0.0000e+00
     52.000     7.6417   3.353503    32.4454       4973     3.4527 0.0000e+00
     51.000     7.9351   3.365408    32.3007       5005     3.4750 0.0000e+00
     50.000     8.4404   3.397834    32.1802       5030     3.4927 0.0000e+00
     49.000     8.6047   3.413667    32.1968       5053     3.5082 0.0000e+00
     48.000     8.6565   3.418327    32.1989       5075     3.5239 0.0000e+00
     47.000     8.7622   3.426685    32.1905       5099     3.5405 0.0000e+00
     46.000     8.9002   3.435909    32.1618       5123     3.5567 0.0000e+00
     45.000     9.1501   3.452275    32.1061       5145     3.5725 0.0000e+00
     44.000     9.3355   3.464706    32.0680       5170     3.5896 0.0000e+00
     43.000    10.0163   3.509000    31.9140       5200     3.6102 0.0000e+00
     42.000    10.6302   3.554838    31.8355       5231     3.6323 0.0000e+00
     41.000    11.1907   3.595668    31.7535       5257     3.6502 0.0000e+00
     40.000    11.4809   3.621320    31.7553       5279     3.6655 0.0000e+00
     39.000    11.7642   3.643144    31.7252       5302     3.6810 0.0000e+00
     38.000    11.9955   3.662668    31.7171       5327     3.6989 0.0000e+00
     37.000    12.2006   3.678818    31.6986       5357     3.7193 0.0000e+00
     36.000    12.4680   3.700415    31.6794       5384     3.7380 0.0000e+00
     35.000    12.8521   3.731385    31.6507       5406     3.7537 0.0000e+00
     34.000    13.1583   3.760087    31.6653       5427     3.7681 0.0000e+00
     33.000    13.3441   3.777414    31.6731       5449     3.7833 0.0000e+00
     32.000    13.6102   3.802875    31.6895       5477     3.8030 0.0000e+00
     31.000    13.6686   3.809414    31.7022       5511     3.8264 0.0000e+00
     30.000    13.7398   3.812445    31.6718       5538     3.8451 0.0000e+00
     29.000    13.7959   3.814816    31.6477       5560     3.8607 0.0000e+00
     28.000    13.8102   3.815100    31.6390       5582     3.8759 0.0000e+00
     27.000    13.8775   3.816220    31.5942       5605     3.8918 0.0000e+00
     26.000    13.9331   3.816603    31.5525       5630     3.9092 0.0000e+00
     25.000    13.9892   3.813518    31.4785       5659     3.9291 0.0000e+00
     24.000    14.0549   3.814674    31.4359       5690     3.9506 0.0000e+00
     23.000    14.1225   3.819406    31.4246       5716     3.9685 0.0000e+00
     22.000    14.1529   3.821545    31.4197       5737     3.9832 0.0000e+00
     21.000    14.2144   3.825544    31.4066       5756     3.9967 0.0000e+00
     20.000    14.2647   3.827991    31.3885       5777     4.0110 0.0000e+00
     19.000    14.3373   3.828776    31.3372       5804     4.0295 0.0000e+00
     18.000    14.4221   3.827833    31.2604       5843     4.0570 0.0000e+00
     17.000    14.4401   3.827464    31.2429       5877     4.0808 0.0000e+00
     16.000    14.4629   3.828156    31.2312       5899     4.0956 0.0000e+00
     15.000    14.5032   3.829844    31.2145       5917     4.1083 0.0000e+00
     14.000    14.5638   3.830847    31.1752       5935     4.1210 0.0000e+00
     13.000    14.6203   3.832073    31.1414       5958     4.1368 0.0000e+00
     12.000    14.6726   3.833745    31.1150       5989     4.1584 0.0000e+00
     11.000    14.6889   3.834805    31.1119       6021     4.1807 0.0000e+00
     10.000    14.7184   3.836250    31.1017       6047     4.1984 0.0000e+00
      9.000    14.8033   3.840646    31.0740       6071     4.2151 0.0000e+00
      8.000    14.8696   3.845267    31.0631       6095     4.2322 0.0000e+00
      7.000    14.8901   3.846981    31.0625       6121     4.2502 0.0000e+00
      6.000    14.9123   3.848834    31.0619       6147     4.2684 0.0000e+00
      5.000    14.9318   3.850512    31.0619       6172     4.2852 0.0000e+00
      4.000    14.9663   3.853327    31.0600       6194     4.3010 0.0000e+00
      3.000    15.0460   3.860564    31.0619       6272     4.3547 0.0000e+00
