HB2304/ctd148.cnv
* Sea-Bird SBE 9 Data File:
* FileName = C:\cruise\data\ctd148.hex
* Software Version Seasave V 7.26.7.121
* Temperature SN = 4591
* Conductivity SN = 3741
* Number of Bytes Per Scan = 37
* Number of Voltage Words = 4
* Number of Scans Averaged by the Deck Unit = 1
* NMEA Latitude = 41 49.75 N
* NMEA Longitude = 070 22.39 W
* NMEA UTC (Time) = Mar 08 2004  18:00:57
* NMEA baud rate = 4800
** Ship: Bigelow HB2304
** Program:  Fall Bottom Trawl Survey
** Chief Scientist: John Galbraith
# nquan = 7
# nvalues = 32                          
# units = specified
# name 0 = depSM: Depth [salt water, m]
# name 1 = t090C: Temperature [ITS-90, deg C]
# name 2 = c0S/m: Conductivity [S/m]
# name 3 = sal00: Salinity, Practical [PSU]
# name 4 = scan: Scan Count
# name 5 = timeM: Time, Elapsed [minutes]
# name 6 = flag: flag
# span 0 =      3.000,     19.000       
# span 1 =    15.3134,    15.3447       
# span 2 =   3.867119,   3.869336       
# span 3 =    30.9032,    30.9043       
# span 4 =        235,       2682       
# span 5 =     0.1622,     1.8619       
# span 6 = 0.0000e+00, 0.0000e+00       
# interval = meters: 1                  
# start_time = Mar 08 2004 18:00:57 [NMEA time, header]
# bad_flag = -9.990e-29
*END*
      4.000    15.3447   3.869336    30.9038        235     0.1622 0.0000e+00
      5.000    15.3436   3.869305    30.9040        366     0.2536 0.0000e+00
      6.000    15.3375   3.868799    30.9040        444     0.3078 0.0000e+00
      7.000    15.3382   3.868888    30.9039        489     0.3391 0.0000e+00
      8.000    15.3399   3.869086    30.9039        545     0.3778 0.0000e+00
      9.000    15.3391   3.869068    30.9040        606     0.4201 0.0000e+00
     10.000    15.3368   3.868906    30.9040        657     0.4556 0.0000e+00
     11.000    15.3288   3.868217    30.9038        718     0.4979 0.0000e+00
     12.000    15.3256   3.868030    30.9043        768     0.5323 0.0000e+00
     13.000    15.3216   3.867665    30.9039        826     0.5729 0.0000e+00
     14.000    15.3177   3.867355    30.9038        885     0.6140 0.0000e+00
     15.000    15.3189   3.867490    30.9037        932     0.6469 0.0000e+00
     16.000    15.3195   3.867592    30.9037        999     0.6928 0.0000e+00
     17.000    15.3182   3.867521    30.9038       1048     0.7274 0.0000e+00
     18.000    15.3173   3.867471    30.9037       1097     0.7609 0.0000e+00
     19.000    15.3134   3.867119    30.9032       2123     1.4736 0.0000e+00
     18.000    15.3150   3.867231    30.9033       2166     1.5036 0.0000e+00
     17.000    15.3157   3.867243    30.9033       2246     1.5589 0.0000e+00
     16.000    15.3194   3.867529    30.9032       2275     1.5790 0.0000e+00
     15.000    15.3228   3.867774    30.9032       2306     1.6006 0.0000e+00
     14.000    15.3277   3.868189    30.9034       2333     1.6192 0.0000e+00
     13.000    15.3296   3.868327    30.9034       2358     1.6371 0.0000e+00
     12.000    15.3272   3.868111    30.9038       2387     1.6571 0.0000e+00
     11.000    15.3266   3.867987    30.9035       2417     1.6775 0.0000e+00
     10.000    15.3267   3.867971    30.9036       2445     1.6969 0.0000e+00
      9.000    15.3269   3.867933    30.9035       2471     1.7153 0.0000e+00
      8.000    15.3279   3.867976    30.9035       2496     1.7328 0.0000e+00
      7.000    15.3278   3.867945    30.9036       2522     1.7506 0.0000e+00
      6.000    15.3303   3.868078    30.9032       2550     1.7702 0.0000e+00
      5.000    15.3376   3.868715    30.9035       2580     1.7911 0.0000e+00
      4.000    15.3411   3.868978    30.9035       2604     1.8073 0.0000e+00
      3.000    15.3443   3.869193    30.9032       2682     1.8619 0.0000e+00
