HB2304/ctd142.cnv
* Sea-Bird SBE 9 Data File:
* FileName = C:\cruise\data\ctd142.hex
* Software Version Seasave V 7.26.7.121
* Temperature SN = 4591
* Conductivity SN = 3741
* Number of Bytes Per Scan = 37
* Number of Voltage Words = 4
* Number of Scans Averaged by the Deck Unit = 1
* NMEA Latitude = 42 22.89 N
* NMEA Longitude = 070 27.02 W
* NMEA UTC (Time) = Mar 07 2004  15:11:01
* NMEA baud rate = 4800
** Ship: Bigelow HB2304
** Program:  Fall Bottom Trawl Survey
** Chief Scientist: John Galbraith
# nquan = 7
# nvalues = 149                         
# units = specified
# name 0 = depSM: Depth [salt water, m]
# name 1 = t090C: Temperature [ITS-90, deg C]
# name 2 = c0S/m: Conductivity [S/m]
# name 3 = sal00: Salinity, Practical [PSU]
# name 4 = scan: Scan Count
# name 5 = timeM: Time, Elapsed [minutes]
# name 6 = flag: flag
# span 0 =      3.000,     77.000       
# span 1 =     9.4595,    14.3889       
# span 2 =   3.472840,   3.805648       
# span 3 =    31.0754,    32.1506       
# span 4 =        117,       4999       
# span 5 =     0.0807,     3.4709       
# span 6 = 0.0000e+00, 0.0000e+00       
# interval = meters: 1                  
# start_time = Mar 07 2004 15:11:01 [NMEA time, header]
# bad_flag = -9.990e-29
*END*
      3.000    14.3833   3.805523    31.0944        117     0.0807 0.0000e+00
      4.000    14.3839   3.805617    31.0945        198     0.1368 0.0000e+00
      5.000    14.3829   3.805648    31.0952        222     0.1532 0.0000e+00
      6.000    14.3779   3.805554    31.0980        248     0.1718 0.0000e+00
      7.000    14.3708   3.805423    31.1021        275     0.1900 0.0000e+00
      8.000    14.3577   3.805192    31.1102        301     0.2082 0.0000e+00
      9.000    14.3617   3.805264    31.1072        328     0.2271 0.0000e+00
     10.000    14.3595   3.805312    31.1091        355     0.2458 0.0000e+00
     11.000    14.3304   3.804696    31.1265        380     0.2634 0.0000e+00
     12.000    14.3381   3.804817    31.1210        406     0.2810 0.0000e+00
     13.000    14.3296   3.804734    31.1267        433     0.2998 0.0000e+00
     14.000    14.2921   3.804055    31.1504        459     0.3183 0.0000e+00
     15.000    14.2856   3.803814    31.1530        486     0.3368 0.0000e+00
     16.000    14.2239   3.802718    31.1924        513     0.3555 0.0000e+00
     17.000    14.1981   3.802124    31.2074        539     0.3736 0.0000e+00
     18.000    14.1931   3.801942    31.2094        565     0.3917 0.0000e+00
     19.000    14.1833   3.801760    31.2153        591     0.4098 0.0000e+00
     20.000    14.1631   3.801227    31.2264        617     0.4278 0.0000e+00
     21.000    14.1204   3.800246    31.2516        644     0.4466 0.0000e+00
     22.000    13.9789   3.796519    31.3320        672     0.4660 0.0000e+00
     23.000    13.9113   3.794736    31.3704        699     0.4847 0.0000e+00
     24.000    13.6946   3.787781    31.4832        724     0.5021 0.0000e+00
     25.000    13.7714   3.790289    31.4430        750     0.5204 0.0000e+00
     26.000    13.5004   3.781233    31.5823        782     0.5423 0.0000e+00
     27.000    13.0618   3.758230    31.7312        811     0.5622 0.0000e+00
     28.000    13.0378   3.755647    31.7267        835     0.5791 0.0000e+00
     29.000    13.0249   3.754326    31.7246        862     0.5976 0.0000e+00
     30.000    12.9906   3.751446    31.7259        892     0.6188 0.0000e+00
     31.000    12.9057   3.745388    31.7396        919     0.6375 0.0000e+00
     32.000    12.7865   3.737652    31.7662        942     0.6535 0.0000e+00
     33.000    12.5506   3.721772    31.8141        966     0.6702 0.0000e+00
     34.000    12.3179   3.705638    31.8571        995     0.6900 0.0000e+00
     35.000    12.0352   3.688054    31.9289       1025     0.7112 0.0000e+00
     36.000    11.6246   3.661312    32.0226       1053     0.7306 0.0000e+00
     37.000    11.4590   3.648722    32.0427       1079     0.7485 0.0000e+00
     38.000    11.4011   3.645327    32.0593       1105     0.7668 0.0000e+00
     39.000    11.2698   3.638118    32.1023       1132     0.7853 0.0000e+00
     40.000    11.0845   3.623279    32.1176       1157     0.8029 0.0000e+00
     41.000    10.9812   3.616111    32.1367       1182     0.8198 0.0000e+00
     42.000    10.7697   3.598525    32.1476       1206     0.8371 0.0000e+00
     43.000    10.5366   3.578274    32.1506       1232     0.8551 0.0000e+00
     44.000    10.4382   3.568025    32.1346       1260     0.8746 0.0000e+00
     45.000    10.4082   3.564710    32.1275       1289     0.8945 0.0000e+00
     46.000    10.3115   3.555615    32.1214       1314     0.9121 0.0000e+00
     47.000    10.2876   3.552335    32.1091       1338     0.9286 0.0000e+00
     48.000    10.2878   3.552122    32.1064       1363     0.9455 0.0000e+00
     49.000    10.2868   3.551860    32.1042       1389     0.9637 0.0000e+00
     50.000    10.2831   3.551455    32.1029       1416     0.9829 0.0000e+00
     51.000    10.2375   3.548097    32.1091       1443     1.0013 0.0000e+00
     52.000    10.1963   3.544381    32.1078       1471     1.0205 0.0000e+00
     53.000    10.2048   3.545237    32.1084       1500     1.0411 0.0000e+00
     54.000    10.1980   3.544613    32.1077       1526     1.0593 0.0000e+00
     55.000    10.1909   3.543879    32.1062       1549     1.0751 0.0000e+00
     56.000    10.1969   3.544524    32.1069       1572     1.0911 0.0000e+00
     57.000    10.1830   3.543679    32.1103       1597     1.1084 0.0000e+00
     58.000    10.1698   3.542489    32.1096       1623     1.1265 0.0000e+00
     59.000    10.1770   3.543248    32.1104       1651     1.1457 0.0000e+00
     60.000    10.1800   3.543596    32.1109       1680     1.1661 0.0000e+00
     61.000    10.1783   3.543579    32.1117       1709     1.1862 0.0000e+00
     62.000    10.1528   3.541751    32.1155       1736     1.2047 0.0000e+00
     63.000    10.0196   3.530911    32.1238       1764     1.2245 0.0000e+00
     64.000     9.9409   3.523699    32.1204       1793     1.2447 0.0000e+00
     65.000     9.9200   3.521496    32.1162       1818     1.2619 0.0000e+00
     66.000     9.8975   3.519323    32.1138       1841     1.2776 0.0000e+00
     67.000     9.8412   3.514052    32.1100       1865     1.2946 0.0000e+00
     68.000     9.7588   3.505423    32.0953       1892     1.3132 0.0000e+00
     69.000     9.6834   3.498195    32.0885       1920     1.3326 0.0000e+00
     70.000     9.5990   3.489066    32.0702       1948     1.3521 0.0000e+00
     71.000     9.5582   3.484518    32.0598       1976     1.3716 0.0000e+00
     72.000     9.5628   3.484590    32.0560       2006     1.3925 0.0000e+00
     73.000     9.5573   3.484053    32.0550       2036     1.4130 0.0000e+00
     74.000     9.5243   3.480873    32.0515       2062     1.4314 0.0000e+00
     75.000     9.5187   3.479941    32.0465       2088     1.4491 0.0000e+00
     76.000     9.4886   3.476994    32.0429       2113     1.4670 0.0000e+00
     77.000     9.4595   3.472840    32.0259       2764     1.9189 0.0000e+00
     76.000     9.4909   3.475810    32.0286       3088     2.1436 0.0000e+00
     75.000     9.5161   3.478385    32.0329       3082     2.1397 0.0000e+00
     74.000     9.5400   3.480976    32.0386       3108     2.1579 0.0000e+00
     73.000     9.5390   3.480976    32.0399       3132     2.1740 0.0000e+00
     72.000     9.5741   3.484206    32.0420       3156     2.1912 0.0000e+00
     71.000     9.6055   3.487464    32.0477       3186     2.2116 0.0000e+00
     70.000     9.6416   3.491187    32.0539       3213     2.2304 0.0000e+00
     69.000     9.6655   3.493641    32.0581       3234     2.2450 0.0000e+00
     68.000     9.6757   3.494820    32.0614       3254     2.2591 0.0000e+00
     67.000     9.7579   3.501990    32.0616       3279     2.2767 0.0000e+00
     66.000     9.8892   3.515997    32.0874       3312     2.2992 0.0000e+00
     65.000     9.9073   3.518094    32.0931       3341     2.3196 0.0000e+00
     64.000     9.9266   3.519992    32.0956       3370     2.3394 0.0000e+00
     63.000     9.9579   3.522792    32.0965       3400     2.3607 0.0000e+00
     62.000    10.0481   3.529561    32.0853       3427     2.3791 0.0000e+00
     61.000    10.1437   3.538253    32.0887       3448     2.3941 0.0000e+00
     60.000    10.1652   3.540413    32.0919       3468     2.4080 0.0000e+00
     59.000    10.1729   3.541153    32.0929       3490     2.4226 0.0000e+00
     58.000    10.1820   3.541834    32.0922       3513     2.4390 0.0000e+00
     57.000    10.1881   3.542287    32.0918       3541     2.4580 0.0000e+00
     56.000    10.1914   3.542513    32.0916       3570     2.4785 0.0000e+00
     55.000    10.2031   3.543149    32.0881       3598     2.4982 0.0000e+00
     54.000    10.2201   3.544358    32.0856       3627     2.5182 0.0000e+00
     53.000    10.2243   3.544761    32.0864       3655     2.5378 0.0000e+00
     52.000    10.2279   3.545018    32.0862       3679     2.5545 0.0000e+00
     51.000    10.2399   3.545742    32.0834       3701     2.5695 0.0000e+00
     50.000    10.2624   3.547224    32.0788       3723     2.5850 0.0000e+00
     49.000    10.2769   3.548324    32.0774       3750     2.6033 0.0000e+00
     48.000    10.2831   3.548853    32.0776       3778     2.6227 0.0000e+00
     47.000    10.3069   3.550912    32.0777       3803     2.6404 0.0000e+00
     46.000    10.3282   3.553022    32.0805       3827     2.6570 0.0000e+00
     45.000    10.3743   3.557150    32.0817       3852     2.6745 0.0000e+00
     44.000    10.4108   3.560658    32.0851       3880     2.6938 0.0000e+00
     43.000    10.4685   3.565844    32.0865       3907     2.7123 0.0000e+00
     42.000    10.5264   3.571227    32.0898       3931     2.7289 0.0000e+00
     41.000    10.6739   3.582477    32.0726       3955     2.7460 0.0000e+00
     40.000    10.9981   3.609170    32.0538       3982     2.7648 0.0000e+00
     39.000    11.2005   3.624666    32.0306       4010     2.7840 0.0000e+00
     38.000    11.3540   3.635787    32.0068       4035     2.8014 0.0000e+00
     37.000    11.4275   3.640099    31.9857       4060     2.8185 0.0000e+00
     36.000    11.4835   3.643540    31.9713       4084     2.8356 0.0000e+00
     35.000    11.5867   3.649146    31.9373       4108     2.8524 0.0000e+00
     34.000    11.8603   3.666328    31.8695       4132     2.8686 0.0000e+00
     33.000    12.1875   3.686671    31.7866       4154     2.8841 0.0000e+00
     32.000    12.4763   3.706460    31.7316       4179     2.9012 0.0000e+00
     31.000    12.7285   3.725064    31.6963       4208     2.9218 0.0000e+00
     30.000    12.8852   3.737046    31.6784       4237     2.9418 0.0000e+00
     29.000    13.0110   3.745798    31.6561       4261     2.9583 0.0000e+00
     28.000    13.0707   3.750672    31.6524       4283     2.9735 0.0000e+00
     27.000    13.1294   3.754948    31.6440       4306     2.9893 0.0000e+00
     26.000    13.4266   3.769712    31.5359       4330     3.0063 0.0000e+00
     25.000    13.7777   3.783987    31.3797       4354     3.0229 0.0000e+00
     24.000    13.8381   3.786896    31.3575       4377     3.0392 0.0000e+00
     23.000    13.8765   3.788430    31.3407       4401     3.0559 0.0000e+00
     22.000    13.9712   3.791405    31.2913       4429     3.0749 0.0000e+00
     21.000    14.0453   3.793835    31.2538       4457     3.0943 0.0000e+00
     20.000    14.1528   3.796599    31.1924       4482     3.1120 0.0000e+00
     19.000    14.2348   3.799068    31.1491       4511     3.1319 0.0000e+00
     18.000    14.2549   3.800128    31.1430       4542     3.1534 0.0000e+00
     17.000    14.2591   3.800415    31.1426       4568     3.1717 0.0000e+00
     16.000    14.3075   3.801529    31.1142       4593     3.1890 0.0000e+00
     15.000    14.3148   3.802066    31.1135       4620     3.2074 0.0000e+00
     14.000    14.3131   3.802204    31.1165       4647     3.2262 0.0000e+00
     13.000    14.3360   3.802708    31.1031       4672     3.2434 0.0000e+00
     12.000    14.3593   3.803341    31.0905       4697     3.2610 0.0000e+00
     11.000    14.3889   3.804244    31.0754       4726     3.2813 0.0000e+00
     10.000    14.3885   3.804425    31.0776       4758     3.3033 0.0000e+00
      9.000    14.3817   3.804363    31.0829       4785     3.3222 0.0000e+00
      8.000    14.3824   3.804445    31.0835       4810     3.3393 0.0000e+00
      7.000    14.3880   3.804557    31.0804       4834     3.3566 0.0000e+00
      6.000    14.3864   3.804606    31.0825       4861     3.3753 0.0000e+00
      5.000    14.3786   3.804422    31.0875       4891     3.3956 0.0000e+00
      4.000    14.3837   3.804505    31.0845       4921     3.4166 0.0000e+00
      3.000    14.3868   3.804723    31.0844       4999     3.4709 0.0000e+00
