HB2304/ctd154.cnv
* Sea-Bird SBE 9 Data File:
* FileName = C:\cruise\data\ctd154.hex
* Software Version Seasave V 7.26.7.121
* Temperature SN = 4591
* Conductivity SN = 3741
* Number of Bytes Per Scan = 37
* Number of Voltage Words = 4
* Number of Scans Averaged by the Deck Unit = 1
* NMEA Latitude = 40 47.02 N
* NMEA Longitude = 069 28.22 W
* NMEA UTC (Time) = Mar 17 2004  04:13:44
* NMEA baud rate = 4800
** Ship: Bigelow HB2304
** Program:  Fall Bottom Trawl Survey
** Chief Scientist: John Galbraith
# nquan = 9
# nvalues = 82                          
# units = specified
# name 0 = depSM: Depth [salt water, m]
# name 1 = t090C: Temperature [ITS-90, deg C]
# name 2 = c0S/m: Conductivity [S/m]
# name 3 = sal00: Salinity, Practical [PSU]
# name 4 = scan: Scan Count
# name 5 = timeM: Time, Elapsed [minutes]
# name 6 = sbeox0V: Oxygen raw, SBE 43 [V]
# name 7 = sbeox1V: Oxygen raw, SBE 43, 2 [V]
# name 8 = flag: flag
# span 0 =      2.000,     43.000       
# span 1 =    13.2866,    13.3682       
# span 2 =   3.772282,   3.775725       
# span 3 =    31.6452,    31.6718       
# span 4 =       -132,       3062       
# span 5 =    -0.0924,     2.1260       
# span 6 =     2.2904,     2.3183       
# span 7 =     2.1561,     2.1870       
# span 8 = 0.0000e+00, 0.0000e+00       
# interval = meters: 1                  
# start_time = Mar 17 2004 04:13:44 [NMEA time, header]
# bad_flag = -9.990e-29
*END*
      3.000    13.3507   3.773744    31.6452       -132    -0.0924     2.3114     2.1759 0.0000e+00
      4.000    13.3566   3.774469    31.6466        305     0.2111     2.3168     2.1737 0.0000e+00
      5.000    13.3619   3.775110    31.6478        322     0.2226     2.3110     2.1771 0.0000e+00
      6.000    13.3578   3.774717    31.6471        356     0.2469     2.3112     2.1747 0.0000e+00
      7.000    13.3603   3.774966    31.6470        386     0.2676     2.3099     2.1733 0.0000e+00
      8.000    13.3613   3.775146    31.6474        423     0.2931     2.3110     2.1741 0.0000e+00
      9.000    13.3544   3.775002    31.6514        465     0.3220     2.3118     2.1760 0.0000e+00
     10.000    13.3492   3.774934    31.6547        497     0.3442     2.3154     2.1763 0.0000e+00
     11.000    13.3500   3.775045    31.6548        527     0.3651     2.3127     2.1758 0.0000e+00
     12.000    13.3497   3.775093    31.6550        562     0.3893     2.3093     2.1758 0.0000e+00
     13.000    13.3492   3.775093    31.6551        597     0.4141     2.3071     2.1744 0.0000e+00
     14.000    13.3493   3.775031    31.6540        633     0.4391     2.3077     2.1700 0.0000e+00
     15.000    13.3470   3.775014    31.6554        671     0.4653     2.3083     2.1682 0.0000e+00
     16.000    13.3462   3.775031    31.6558        706     0.4894     2.3104     2.1668 0.0000e+00
     17.000    13.3404   3.774739    31.6575        736     0.5104     2.3101     2.1717 0.0000e+00
     18.000    13.3410   3.774786    31.6570        769     0.5331     2.3081     2.1740 0.0000e+00
     19.000    13.3357   3.774556    31.6589        809     0.5612     2.3062     2.1767 0.0000e+00
     20.000    13.3310   3.774367    31.6607        839     0.5821     2.3059     2.1756 0.0000e+00
     21.000    13.3295   3.774297    31.6608        863     0.5987     2.3082     2.1719 0.0000e+00
     22.000    13.3330   3.774537    31.6598        886     0.6149     2.3087     2.1644 0.0000e+00
     23.000    13.3362   3.774754    31.6587        912     0.6325     2.3084     2.1634 0.0000e+00
     24.000    13.3362   3.774791    31.6587        938     0.6508     2.3057     2.1660 0.0000e+00
     25.000    13.3297   3.774530    31.6613        967     0.6709     2.3033     2.1692 0.0000e+00
     26.000    13.3128   3.773543    31.6657       1000     0.6937     2.3052     2.1709 0.0000e+00
     27.000    13.3090   3.773346    31.6666       1028     0.7133     2.3035     2.1666 0.0000e+00
     28.000    13.2961   3.772657    31.6706       1050     0.7284     2.3016     2.1637 0.0000e+00
     29.000    13.2952   3.772554    31.6700       1072     0.7435     2.2986     2.1646 0.0000e+00
     30.000    13.2900   3.772282    31.6714       1100     0.7634     2.2983     2.1634 0.0000e+00
     31.000    13.2939   3.772506    31.6698       1137     0.7889     2.2960     2.1611 0.0000e+00
     32.000    13.2963   3.772682    31.6690       1165     0.8081     2.2934     2.1614 0.0000e+00
     33.000    13.2912   3.772457    31.6708       1186     0.8226     2.2947     2.1611 0.0000e+00
     34.000    13.2912   3.772521    31.6710       1207     0.8376     2.2957     2.1610 0.0000e+00
     35.000    13.2887   3.772374    31.6713       1238     0.8592     2.2958     2.1623 0.0000e+00
     36.000    13.2884   3.772392    31.6714       1279     0.8876     2.2956     2.1590 0.0000e+00
     37.000    13.2883   3.772433    31.6714       1314     0.9116     2.2944     2.1570 0.0000e+00
     38.000    13.2874   3.772425    31.6717       1341     0.9309     2.2922     2.1577 0.0000e+00
     39.000    13.2867   3.772404    31.6717       1366     0.9482     2.2928     2.1609 0.0000e+00
     40.000    13.2868   3.772462    31.6718       1392     0.9657     2.2925     2.1604 0.0000e+00
     41.000    13.2869   3.772507    31.6717       1424     0.9880     2.2934     2.1596 0.0000e+00
     42.000    13.2866   3.772525    31.6718       1463     1.0153     2.2946     2.1575 0.0000e+00
     43.000    13.2867   3.772569    31.6717       1779     1.2349     2.2926     2.1569 0.0000e+00
     42.000    13.2906   3.772768    31.6707       2023     1.4044     2.2904     2.1561 0.0000e+00
     41.000    13.2900   3.772689    31.6709       2026     1.4063     2.2929     2.1588 0.0000e+00
     40.000    13.2887   3.772577    31.6713       2046     1.4202     2.2941     2.1613 0.0000e+00
     39.000    13.2912   3.772638    31.6701       2069     1.4363     2.2930     2.1615 0.0000e+00
     38.000    13.3035   3.773362    31.6670       2099     1.4567     2.2939     2.1597 0.0000e+00
     37.000    13.3030   3.773335    31.6677       2130     1.4783     2.2968     2.1562 0.0000e+00
     36.000    13.3026   3.773257    31.6677       2155     1.4959     2.2953     2.1567 0.0000e+00
     35.000    13.3025   3.773234    31.6679       2178     1.5115     2.2940     2.1595 0.0000e+00
     34.000    13.2994   3.772991    31.6686       2200     1.5271     2.2941     2.1592 0.0000e+00
     33.000    13.3001   3.772992    31.6684       2225     1.5443     2.2934     2.1578 0.0000e+00
     32.000    13.2993   3.772846    31.6681       2252     1.5632     2.2937     2.1579 0.0000e+00
     31.000    13.3058   3.773229    31.6667       2278     1.5815     2.2959     2.1573 0.0000e+00
     30.000    13.3008   3.772927    31.6684       2302     1.5980     2.2965     2.1571 0.0000e+00
     29.000    13.3051   3.773097    31.6668       2326     1.6148     2.2963     2.1568 0.0000e+00
     28.000    13.3070   3.773123    31.6658       2354     1.6339     2.2960     2.1600 0.0000e+00
     27.000    13.3147   3.773592    31.6642       2380     1.6521     2.2972     2.1586 0.0000e+00
     26.000    13.3232   3.773974    31.6611       2403     1.6682     2.2975     2.1586 0.0000e+00
     25.000    13.3336   3.774603    31.6587       2427     1.6850     2.2974     2.1633 0.0000e+00
     24.000    13.3414   3.775003    31.6564       2459     1.7068     2.2966     2.1664 0.0000e+00
     23.000    13.3401   3.774942    31.6572       2490     1.7284     2.2971     2.1643 0.0000e+00
     22.000    13.3392   3.774849    31.6576       2512     1.7439     2.2993     2.1602 0.0000e+00
     21.000    13.3440   3.775063    31.6559       2532     1.7573     2.3020     2.1628 0.0000e+00
     20.000    13.3453   3.775080    31.6554       2552     1.7715     2.3022     2.1653 0.0000e+00
     19.000    13.3403   3.774842    31.6577       2578     1.7898     2.3022     2.1657 0.0000e+00
     18.000    13.3332   3.774414    31.6601       2613     1.8142     2.3057     2.1694 0.0000e+00
     17.000    13.3414   3.774705    31.6563       2643     1.8349     2.3065     2.1697 0.0000e+00
     16.000    13.3443   3.774866    31.6558       2666     1.8508     2.3055     2.1711 0.0000e+00
     15.000    13.3582   3.775509    31.6507       2687     1.8651     2.3056     2.1712 0.0000e+00
     14.000    13.3629   3.775725    31.6492       2708     1.8798     2.3038     2.1711 0.0000e+00
     13.000    13.3592   3.775630    31.6517       2737     1.9002     2.3066     2.1738 0.0000e+00
     12.000    13.3601   3.775670    31.6518       2777     1.9279     2.3119     2.1754 0.0000e+00
     11.000    13.3591   3.775546    31.6518       2803     1.9456     2.3107     2.1724 0.0000e+00
     10.000    13.3579   3.775453    31.6523       2821     1.9586     2.3095     2.1710 0.0000e+00
      9.000    13.3577   3.775368    31.6521       2840     1.9713     2.3094     2.1729 0.0000e+00
      8.000    13.3559   3.775110    31.6516       2862     1.9869     2.3120     2.1749 0.0000e+00
      7.000    13.3570   3.774975    31.6498       2895     2.0099     2.3140     2.1755 0.0000e+00
      6.000    13.3657   3.775357    31.6466       2930     2.0338     2.3138     2.1781 0.0000e+00
      5.000    13.3665   3.775314    31.6459       2957     2.0529     2.3137     2.1764 0.0000e+00
      4.000    13.3662   3.775200    31.6455       2981     2.0694     2.3160     2.1773 0.0000e+00
      3.000    13.3623   3.774780    31.6452       3003     2.0846     2.3172     2.1803 0.0000e+00
      2.000    13.3682   3.775396    31.6464       3062     2.1260     2.3183     2.1870 0.0000e+00
