HB2304/ctd138.cnv
* Sea-Bird SBE 9 Data File:
* FileName = C:\cruise\data\ctd138.hex
* Software Version Seasave V 7.26.7.121
* Temperature SN = 4591
* Conductivity SN = 3741
* Number of Bytes Per Scan = 37
* Number of Voltage Words = 4
* Number of Scans Averaged by the Deck Unit = 1
* NMEA Latitude = 41 16.66 N
* NMEA Longitude = 067 13.24 W
* NMEA UTC (Time) = Oct 20 2023  09:31:34
* NMEA baud rate = 4800
** Ship: Bigelow HB2304
** Program:  Fall Bottom Trawl Survey
** Chief Scientist: John Galbraith
# nquan = 7
# nvalues = 95                          
# units = specified
# name 0 = depSM: Depth [salt water, m]
# name 1 = t090C: Temperature [ITS-90, deg C]
# name 2 = c0S/m: Conductivity [S/m]
# name 3 = sal00: Salinity, Practical [PSU]
# name 4 = scan: Scan Count
# name 5 = timeM: Time, Elapsed [minutes]
# name 6 = flag: flag
# span 0 =      3.000,     50.000       
# span 1 =    14.3001,    14.3139       
# span 2 =   3.917957,   3.919605       
# span 3 =    32.1795,    32.1809       
# span 4 =        201,       3564       
# span 5 =     0.1391,     2.4743       
# span 6 = 0.0000e+00, 0.0000e+00       
# interval = meters: 1                  
# start_time = Oct 20 2023 09:31:34 [NMEA time, header]
# bad_flag = -9.990e-29
*END*
      3.000    14.3094   3.917957    32.1805        201     0.1391 0.0000e+00
      4.000    14.3118   3.918180    32.1801        349     0.2417 0.0000e+00
      5.000    14.3117   3.918238    32.1804        367     0.2544 0.0000e+00
      6.000    14.3111   3.918227    32.1804        395     0.2734 0.0000e+00
      7.000    14.3117   3.918329    32.1804        424     0.2936 0.0000e+00
      8.000    14.3117   3.918378    32.1804        451     0.3124 0.0000e+00
      9.000    14.3126   3.918498    32.1804        476     0.3299 0.0000e+00
     10.000    14.3134   3.918616    32.1804        501     0.3475 0.0000e+00
     11.000    14.3128   3.918600    32.1804        528     0.3657 0.0000e+00
     12.000    14.3121   3.918594    32.1805        554     0.3840 0.0000e+00
     13.000    14.3128   3.918687    32.1805        579     0.4014 0.0000e+00
     14.000    14.3127   3.918719    32.1804        603     0.4184 0.0000e+00
     15.000    14.3134   3.918833    32.1804        630     0.4369 0.0000e+00
     16.000    14.3139   3.918918    32.1805        660     0.4576 0.0000e+00
     17.000    14.3139   3.918954    32.1804        689     0.4779 0.0000e+00
     18.000    14.3134   3.918993    32.1808        714     0.4955 0.0000e+00
     19.000    14.3103   3.918767    32.1809        738     0.5115 0.0000e+00
     20.000    14.3063   3.918391    32.1804        762     0.5282 0.0000e+00
     21.000    14.3079   3.918583    32.1805        788     0.5467 0.0000e+00
     22.000    14.3072   3.918561    32.1805        817     0.5670 0.0000e+00
     23.000    14.3061   3.918489    32.1803        845     0.5862 0.0000e+00
     24.000    14.3062   3.918545    32.1804        870     0.6034 0.0000e+00
     25.000    14.3065   3.918626    32.1805        894     0.6202 0.0000e+00
     26.000    14.3027   3.918325    32.1805        920     0.6381 0.0000e+00
     27.000    14.3023   3.918275    32.1800        948     0.6579 0.0000e+00
     28.000    14.3029   3.918384    32.1801        978     0.6782 0.0000e+00
     29.000    14.3043   3.918547    32.1800       1005     0.6969 0.0000e+00
     30.000    14.3034   3.918533    32.1802       1029     0.7138 0.0000e+00
     31.000    14.3041   3.918636    32.1802       1052     0.7302 0.0000e+00
     32.000    14.3039   3.918674    32.1804       1078     0.7476 0.0000e+00
     33.000    14.3058   3.918861    32.1801       1106     0.7674 0.0000e+00
     34.000    14.3059   3.918889    32.1799       1136     0.7880 0.0000e+00
     35.000    14.3089   3.919269    32.1804       1163     0.8069 0.0000e+00
     36.000    14.3053   3.918976    32.1804       1188     0.8242 0.0000e+00
     37.000    14.3035   3.918848    32.1804       1213     0.8413 0.0000e+00
     38.000    14.3032   3.918847    32.1801       1238     0.8594 0.0000e+00
     39.000    14.3033   3.918901    32.1802       1265     0.8778 0.0000e+00
     40.000    14.3031   3.918914    32.1801       1291     0.8961 0.0000e+00
     41.000    14.3026   3.918908    32.1801       1318     0.9149 0.0000e+00
     42.000    14.3031   3.918987    32.1800       1348     0.9355 0.0000e+00
     43.000    14.3011   3.918863    32.1801       1377     0.9558 0.0000e+00
     44.000    14.3010   3.918864    32.1799       1403     0.9736 0.0000e+00
     45.000    14.3025   3.919072    32.1801       1426     0.9893 0.0000e+00
     46.000    14.3024   3.919105    32.1801       1448     1.0049 0.0000e+00
     47.000    14.3019   3.919095    32.1801       1472     1.0218 0.0000e+00
     48.000    14.3021   3.919151    32.1800       1500     1.0412 0.0000e+00
     49.000    14.3022   3.919197    32.1799       1530     1.0619 0.0000e+00
     50.000    14.3015   3.919163    32.1798       1991     1.3822 0.0000e+00
     49.000    14.3064   3.919605    32.1802       2374     1.6479 0.0000e+00
     48.000    14.3049   3.919413    32.1801       2367     1.6429 0.0000e+00
     47.000    14.3046   3.919346    32.1801       2390     1.6591 0.0000e+00
     46.000    14.3035   3.919197    32.1801       2416     1.6771 0.0000e+00
     45.000    14.3026   3.919073    32.1800       2444     1.6963 0.0000e+00
     44.000    14.3014   3.918924    32.1801       2470     1.7147 0.0000e+00
     43.000    14.3001   3.918750    32.1799       2495     1.7317 0.0000e+00
     42.000    14.3010   3.918791    32.1799       2519     1.7488 0.0000e+00
     41.000    14.3041   3.918978    32.1795       2546     1.7672 0.0000e+00
     40.000    14.3090   3.919437    32.1800       2573     1.7863 0.0000e+00
     39.000    14.3083   3.919357    32.1802       2600     1.8046 0.0000e+00
     38.000    14.3062   3.919136    32.1803       2624     1.8214 0.0000e+00
     37.000    14.3052   3.918976    32.1801       2647     1.8374 0.0000e+00
     36.000    14.3070   3.919082    32.1799       2670     1.8535 0.0000e+00
     35.000    14.3071   3.919071    32.1801       2696     1.8712 0.0000e+00
     34.000    14.3084   3.919122    32.1799       2723     1.8902 0.0000e+00
     33.000    14.3131   3.919539    32.1802       2749     1.9087 0.0000e+00
     32.000    14.3139   3.919556    32.1801       2773     1.9250 0.0000e+00
     31.000    14.3137   3.919521    32.1804       2796     1.9413 0.0000e+00
     30.000    14.3125   3.919372    32.1803       2822     1.9593 0.0000e+00
     29.000    14.3129   3.919366    32.1803       2852     1.9800 0.0000e+00
     28.000    14.3123   3.919284    32.1805       2881     2.0002 0.0000e+00
     27.000    14.3096   3.918983    32.1803       2906     2.0172 0.0000e+00
     26.000    14.3079   3.918809    32.1806       2928     2.0329 0.0000e+00
     25.000    14.3070   3.918647    32.1802       2952     2.0490 0.0000e+00
     24.000    14.3069   3.918613    32.1804       2976     2.0662 0.0000e+00
     23.000    14.3081   3.918635    32.1800       3003     2.0847 0.0000e+00
     22.000    14.3095   3.918748    32.1802       3029     2.1028 0.0000e+00
     21.000    14.3117   3.918897    32.1801       3055     2.1208 0.0000e+00
     20.000    14.3124   3.918941    32.1804       3081     2.1389 0.0000e+00
     19.000    14.3128   3.918937    32.1804       3108     2.1573 0.0000e+00
     18.000    14.3124   3.918864    32.1805       3135     2.1764 0.0000e+00
     17.000    14.3115   3.918738    32.1804       3163     2.1955 0.0000e+00
     16.000    14.3116   3.918696    32.1804       3189     2.2136 0.0000e+00
     15.000    14.3115   3.918652    32.1804       3213     2.2307 0.0000e+00
     14.000    14.3115   3.918611    32.1804       3237     2.2470 0.0000e+00
     13.000    14.3107   3.918454    32.1800       3261     2.2637 0.0000e+00
     12.000    14.3112   3.918497    32.1804       3286     2.2811 0.0000e+00
     11.000    14.3109   3.918422    32.1804       3312     2.2990 0.0000e+00
     10.000    14.3106   3.918353    32.1804       3338     2.3175 0.0000e+00
      9.000    14.3106   3.918311    32.1804       3366     2.3368 0.0000e+00
      8.000    14.3110   3.918299    32.1804       3395     2.3572 0.0000e+00
      7.000    14.3107   3.918248    32.1805       3423     2.3763 0.0000e+00
      6.000    14.3110   3.918231    32.1805       3447     2.3930 0.0000e+00
      5.000    14.3117   3.918250    32.1804       3469     2.4087 0.0000e+00
      4.000    14.3119   3.918227    32.1805       3494     2.4255 0.0000e+00
      3.000    14.3102   3.918047    32.1806       3564     2.4743 0.0000e+00
