HB2304/ctd119.cnv
* Sea-Bird SBE 9 Data File:
* FileName = C:\cruise\data\ctd119.hex
* Software Version Seasave V 7.26.7.121
* Temperature SN = 4591
* Conductivity SN = 3741
* Number of Bytes Per Scan = 37
* Number of Voltage Words = 4
* Number of Scans Averaged by the Deck Unit = 1
* NMEA Latitude = 40 14.47 N
* NMEA Longitude = 068 25.62 W
* NMEA UTC (Time) = Oct 14 2023  10:47:24
* NMEA baud rate = 4800
** Ship: Bigelow HB2304
** Program:  Fall Bottom Trawl Survey
** Chief Scientist: John Galbraith
# nquan = 7
# nvalues = 311                         
# units = specified
# name 0 = depSM: Depth [salt water, m]
# name 1 = t090C: Temperature [ITS-90, deg C]
# name 2 = c0S/m: Conductivity [S/m]
# name 3 = sal00: Salinity, Practical [PSU]
# name 4 = scan: Scan Count
# name 5 = timeM: Time, Elapsed [minutes]
# name 6 = flag: flag
# span 0 =      1.000,    157.000       
# span 1 =     8.7664,    17.8163       
# span 2 =   3.524927,   4.387384       
# span 3 =    32.0391,    35.2056       
# span 4 =        103,       9331       
# span 5 =     0.0712,     6.4795       
# span 6 = 0.0000e+00, 0.0000e+00       
# interval = meters: 1                  
# start_time = Oct 14 2023 10:47:24 [NMEA time, header]
# bad_flag = -9.990e-29
*END*
[from data line 206]
    105.000    10.6649   3.842975    34.6587       6611     4.5904 0.0000e+00
    104.000    10.5804   3.833071    34.6397       6636     4.6074 0.0000e+00
    103.000    10.5254   3.826226    34.6234       6657     4.6220 0.0000e+00
    102.000    10.2984   3.798869    34.5629       6678     4.6365 0.0000e+00
    101.000    10.1732   3.779833    34.4893       6701     4.6528 0.0000e+00
    100.000    10.1441   3.775270    34.4711       6729     4.6723 0.0000e+00
     99.000    10.0873   3.767502    34.4464       6759     4.6933 0.0000e+00
     98.000    10.0634   3.763899    34.4329       6787     4.7128 0.0000e+00
     97.000    10.0279   3.759294    34.4203       6815     4.7321 0.0000e+00
     96.000     9.8534   3.737836    34.3675       6845     4.7529 0.0000e+00
     95.000     9.7483   3.721221    34.2979       6874     4.7726 0.0000e+00
     94.000     9.7332   3.718203    34.2818       6900     4.7907 0.0000e+00
     93.000     9.7238   3.716515    34.2739       6925     4.8082 0.0000e+00
     92.000     9.7177   3.715273    34.2674       6951     4.8263 0.0000e+00
     91.000     9.7101   3.713860    34.2605       6978     4.8453 0.0000e+00
     90.000     9.7077   3.713372    34.2582       7005     4.8640 0.0000e+00
     89.000     9.7037   3.712667    34.2553       7036     4.8856 0.0000e+00
     88.000     9.7007   3.712060    34.2524       7065     4.9055 0.0000e+00
     87.000     9.6924   3.710867    34.2485       7086     4.9202 0.0000e+00
     86.000     9.6797   3.708981    34.2417       7106     4.9337 0.0000e+00
     85.000     9.6617   3.706420    34.2329       7129     4.9502 0.0000e+00
     84.000     9.6362   3.702753    34.2200       7172     4.9798 0.0000e+00
     83.000     9.5879   3.696691    34.2040       7211     5.0069 0.0000e+00
     82.000     9.4953   3.683269    34.1543       7231     5.0210 0.0000e+00
     81.000     9.4604   3.676653    34.1197       7250     5.0343 0.0000e+00
     80.000     9.4082   3.667028    34.0703       7274     5.0509 0.0000e+00
     79.000     9.3700   3.659809    34.0325       7308     5.0746 0.0000e+00
     78.000     9.3436   3.655245    34.0108       7337     5.0947 0.0000e+00
     77.000     9.3124   3.649160    33.9779       7359     5.1096 0.0000e+00
     76.000     9.2831   3.641239    33.9241       7379     5.1238 0.0000e+00
     75.000     9.2723   3.636197    33.8825       7404     5.1406 0.0000e+00
     74.000     9.2643   3.632510    33.8523       7435     5.1623 0.0000e+00
     73.000     9.3172   3.636458    33.8436       7469     5.1864 0.0000e+00
     72.000     9.3530   3.639404    33.8406       7500     5.2078 0.0000e+00
     71.000     9.3429   3.636655    33.8222       7527     5.2262 0.0000e+00
     70.000     9.3644   3.637848    33.8147       7553     5.2442 0.0000e+00
     69.000     9.4092   3.641695    33.8126       7579     5.2625 0.0000e+00
     68.000     9.4891   3.648747    33.8104       7606     5.2812 0.0000e+00
     67.000     9.5034   3.649795    33.8082       7631     5.2988 0.0000e+00
     66.000     9.4805   3.645218    33.7830       7654     5.3143 0.0000e+00
     65.000     9.4135   3.636028    33.7518       7675     5.3288 0.0000e+00
     64.000     9.2735   3.618830    33.7064       7700     5.3468 0.0000e+00
     63.000     9.1837   3.606132    33.6599       7741     5.3751 0.0000e+00
     62.000     9.1565   3.602097    33.6442       7777     5.4003 0.0000e+00
     61.000     9.1323   3.598544    33.6306       7800     5.4158 0.0000e+00
     60.000     9.0896   3.591777    33.6009       7821     5.4303 0.0000e+00
     59.000     9.0501   3.585083    33.5690       7845     5.4471 0.0000e+00
     58.000     8.9986   3.575965    33.5230       7872     5.4657 0.0000e+00
     57.000     8.9816   3.571723    33.4952       7895     5.4819 0.0000e+00
     56.000     8.9680   3.569286    33.4831       7917     5.4970 0.0000e+00
     55.000     8.8588   3.550791    33.3932       7942     5.5148 0.0000e+00
     54.000     8.7784   3.525141    33.2009       7978     5.5396 0.0000e+00
     53.000     8.8008   3.525034    33.1793       8011     5.5626 0.0000e+00
     52.000     8.8148   3.524927    33.1655       8035     5.5791 0.0000e+00
     51.000     8.9233   3.525560    33.0714       8055     5.5931 0.0000e+00
     50.000     9.0453   3.527901    32.9828       8075     5.6069 0.0000e+00
     49.000     9.1819   3.533788    32.9180       8097     5.6224 0.0000e+00
     48.000     9.6234   3.564914    32.8333       8126     5.6422 0.0000e+00
     47.000    10.1309   3.601101    32.7406       8159     5.6652 0.0000e+00
     46.000    10.4668   3.622681    32.6557       8186     5.6840 0.0000e+00
     45.000    10.6512   3.636774    32.6321       8208     5.6991 0.0000e+00
     44.000    11.0045   3.664322    32.5915       8228     5.7133 0.0000e+00
     43.000    11.2559   3.689395    32.6165       8252     5.7298 0.0000e+00
     42.000    11.8725   3.749491    32.6605       8286     5.7533 0.0000e+00
     41.000    12.4602   3.807543    32.7064       8319     5.7767 0.0000e+00
     40.000    12.8768   3.851133    32.7601       8342     5.7924 0.0000e+00
     39.000    13.0886   3.873838    32.7919       8361     5.8054 0.0000e+00
     38.000    13.3602   3.901515    32.8182       8379     5.8182 0.0000e+00
     37.000    13.8506   3.955383    32.8993       8402     5.8340 0.0000e+00
     36.000    14.3976   4.012479    32.9586       8437     5.8582 0.0000e+00
     35.000    14.9673   4.070144    33.0008       8470     5.8812 0.0000e+00
     34.000    15.8258   4.159484    33.0796       8493     5.8975 0.0000e+00
     33.000    16.8796   4.272295    33.1949       8516     5.9129 0.0000e+00
     32.000    17.4216   4.343737    33.3656       8539     5.9295 0.0000e+00
     31.000    17.6158   4.360674    33.3515       8566     5.9479 0.0000e+00
     30.000    17.6544   4.362759    33.3380       8593     5.9669 0.0000e+00
     29.000    17.4595   4.328927    33.2084       8620     5.9855 0.0000e+00
     28.000    17.2370   4.295156    33.1008       8647     6.0044 0.0000e+00
     27.000    17.0253   4.262176    32.9900       8672     6.0215 0.0000e+00
     26.000    16.9025   4.243482    32.9291       8694     6.0367 0.0000e+00
     25.000    16.8624   4.237324    32.9090       8718     6.0533 0.0000e+00
     24.000    16.7666   4.222948    32.8629       8747     6.0734 0.0000e+00
     23.000    16.6460   4.207214    32.8252       8776     6.0934 0.0000e+00
     22.000    16.5236   4.187087    32.7503       8799     6.1097 0.0000e+00
     21.000    16.4233   4.172568    32.7059       8820     6.1243 0.0000e+00
     20.000    16.0742   4.117571    32.5090       8842     6.1394 0.0000e+00
     19.000    15.7902   4.060716    32.2392       8872     6.1602 0.0000e+00
     18.000    15.6409   4.027062    32.0630       8910     6.1865 0.0000e+00
     17.000    15.6400   4.026295    32.0573       8933     6.2025 0.0000e+00
     16.000    15.6324   4.024980    32.0521       8950     6.2148 0.0000e+00
     15.000    15.6325   4.024917    32.0519       8968     6.2268 0.0000e+00
     14.000    15.6251   4.023966    32.0498       8990     6.2423 0.0000e+00
     13.000    15.6169   4.022716    32.0458       9032     6.2714 0.0000e+00
     12.000    15.6131   4.021753    32.0407       9066     6.2952 0.0000e+00
     11.000    15.6088   4.021174    32.0394       9086     6.3091 0.0000e+00
     10.000    15.6089   4.021107    32.0391       9104     6.3216 0.0000e+00
      9.000    15.6088   4.021147    32.0399       9123     6.3347 0.0000e+00
      8.000    15.6091   4.021142    32.0400       9146     6.3506 0.0000e+00
      7.000    15.6093   4.021206    32.0407       9174     6.3702 0.0000e+00
      6.000    15.6074   4.020921    32.0402       9204     6.3913 0.0000e+00
      5.000    15.6096   4.021125    32.0405       9237     6.4137 0.0000e+00
      4.000    15.6059   4.020822    32.0413       9268     6.4355 0.0000e+00
      3.000    15.6051   4.020663    32.0409       9294     6.4536 0.0000e+00
      2.000    15.6053   4.020611    32.0406       9315     6.4678 0.0000e+00
      1.000    15.6029   4.020458    32.0416       9331     6.4795 0.0000e+00
