HB2304/ctd191.cnv
* Sea-Bird SBE 9 Data File:
* FileName = C:\cruise\data\ctd191.hex
* Software Version Seasave V 7.26.7.121
* Temperature SN = 4591
* Conductivity SN = 3741
* Number of Bytes Per Scan = 37
* Number of Voltage Words = 4
* Number of Scans Averaged by the Deck Unit = 1
* NMEA Latitude = 42 45.58 N
* NMEA Longitude = 070 41.99 W
* NMEA UTC (Time) = Nov 13 2023 02:59:46
* NMEA baud rate = 4800
** Ship: Bigelow HB2304
** Program:  Fall Bottom Trawl Survey
** Chief Scientist: John Galbraith
# nquan = 9
# nvalues = 58                          
# units = specified
# name 0 = depSM: Depth [salt water, m]
# name 1 = t090C: Temperature [ITS-90, deg C]
# name 2 = c0S/m: Conductivity [S/m]
# name 3 = sal00: Salinity, Practical [PSU]
# name 4 = scan: Scan Count
# name 5 = timeM: Time, Elapsed [minutes]
# name 6 = sbeox0V: Oxygen raw, SBE 43 [V]
# name 7 = sbeox1V: Oxygen raw, SBE 43, 2 [V]
# name 8 = flag: flag
# span 0 =      2.000,     31.000       
# span 1 =    11.2147,    11.5177       
# span 2 =   3.573024,   3.643493       
# span 3 =    31.5210,    32.1146       
# span 4 =        155,       2619       
# span 5 =     0.1069,     1.8182       
# span 6 =     2.0314,     4.3245       
# span 7 =     1.9110,     2.2420       
# span 8 = 0.0000e+00, 0.0000e+00       
# interval = meters: 1                  
# start_time = Nov 13 2023 02:59:46 [NMEA time, header]
# bad_flag = -9.990e-29
*END*
      3.000    11.2340   3.574222    31.5218        155     0.1069     2.7594     2.2340 0.0000e+00
      4.000    11.2330   3.574211    31.5221        313     0.2168     2.7660     2.2377 0.0000e+00
      5.000    11.2225   3.573422    31.5230        341     0.2360     2.8050     2.2395 0.0000e+00
      6.000    11.2357   3.574424    31.5210        367     0.2538     2.8790     2.2361 0.0000e+00
      7.000    11.2319   3.574242    31.5222        392     0.2716     2.9862     2.2366 0.0000e+00
      8.000    11.2282   3.573972    31.5222        419     0.2900     3.1210     2.2393 0.0000e+00
      9.000    11.2320   3.574313    31.5219        445     0.3086     3.2711     2.2420 0.0000e+00
     10.000    11.2289   3.574125    31.5223        472     0.3269     3.4263     2.2384 0.0000e+00
     11.000    11.2263   3.573978    31.5227        498     0.3449     3.5838     2.2344 0.0000e+00
     12.000    11.2269   3.574031    31.5222        523     0.3627     3.7434     2.2345 0.0000e+00
     13.000    11.2339   3.574603    31.5215        549     0.3803     3.9051     2.2328 0.0000e+00
     14.000    11.2381   3.575033    31.5216        574     0.3982     4.1132     2.2320 0.0000e+00
     15.000    11.2397   3.575228    31.5218        601     0.4166     4.3245     2.2346 0.0000e+00
     16.000    11.2363   3.575031    31.5223        628     0.4351     4.0096     2.2357 0.0000e+00
     17.000    11.2352   3.574964    31.5223        653     0.4531     3.5821     2.2380 0.0000e+00
     18.000    11.2382   3.575244    31.5219        679     0.4708     3.2475     2.2376 0.0000e+00
     19.000    11.2371   3.575241    31.5225        705     0.4890     2.9927     2.2365 0.0000e+00
     20.000    11.2457   3.576018    31.5224        732     0.5075     2.8040     2.2366 0.0000e+00
     21.000    11.2492   3.576462    31.5233        758     0.5259     2.6694     2.2392 0.0000e+00
     22.000    11.2523   3.576829    31.5238        785     0.5442     2.5701     2.2381 0.0000e+00
     23.000    11.2543   3.577070    31.5241        811     0.5623     2.4956     2.2362 0.0000e+00
     24.000    11.2673   3.578637    31.5279        837     0.5802     2.4382     2.2316 0.0000e+00
     25.000    11.2767   3.579809    31.5309        862     0.5980     2.3921     2.2320 0.0000e+00
     26.000    11.2904   3.581657    31.5368        888     0.6161     2.3533     2.2339 0.0000e+00
     27.000    11.3484   3.589042    31.5591        914     0.6341     2.3290     2.2356 0.0000e+00
     28.000    11.5177   3.622097    31.7361        940     0.6518     2.3269     2.2344 0.0000e+00
     29.000    11.4782   3.643385    31.9773        966     0.6701     2.3201     2.2286 0.0000e+00
     30.000    11.3854   3.643493    32.0583        993     0.6890     2.3096     2.1935 0.0000e+00
     31.000    11.2354   3.635975    32.1146       1415     0.9817     2.0954     1.9465 0.0000e+00
     30.000    11.2621   3.637069    32.1025       1895     1.3151     2.0328     1.9121 0.0000e+00
     29.000    11.3623   3.641586    32.0601       1905     1.3224     2.0314     1.9110 0.0000e+00
     28.000    11.4537   3.641909    31.9845       1930     1.3397     2.0351     1.9148 0.0000e+00
     27.000    11.4875   3.620091    31.7429       1955     1.3571     2.0429     1.9227 0.0000e+00
     26.000    11.3669   3.596656    31.6180       1980     1.3744     2.0571     1.9376 0.0000e+00
     25.000    11.2723   3.581215    31.5484       2005     1.3918     2.0856     1.9712 0.0000e+00
     24.000    11.2606   3.578850    31.5357       2031     1.4094     2.1409     2.0303 0.0000e+00
     23.000    11.2579   3.577871    31.5288       2056     1.4270     2.2067     2.0988 0.0000e+00
     22.000    11.2553   3.577516    31.5279       2082     1.4448     2.2624     2.1534 0.0000e+00
     21.000    11.2540   3.577275    31.5272       2107     1.4627     2.3001     2.1860 0.0000e+00
     20.000    11.2515   3.576967    31.5266       2133     1.4806     2.3215     2.2043 0.0000e+00
     19.000    11.2497   3.576660    31.5256       2159     1.4983     2.3333     2.2135 0.0000e+00
     18.000    11.2495   3.576538    31.5250       2184     1.5157     2.3414     2.2183 0.0000e+00
     17.000    11.2481   3.576400    31.5253       2209     1.5333     2.3496     2.2194 0.0000e+00
     16.000    11.2474   3.576249    31.5248       2235     1.5512     2.3563     2.2189 0.0000e+00
     15.000    11.2440   3.575949    31.5252       2260     1.5685     2.3565     2.2239 0.0000e+00
     14.000    11.2444   3.575918    31.5249       2284     1.5856     2.3521     2.2297 0.0000e+00
     13.000    11.2409   3.575606    31.5253       2310     1.6034     2.3376     2.2320 0.0000e+00
     12.000    11.2426   3.575603    31.5242       2337     1.6219     2.2951     2.2303 0.0000e+00
     11.000    11.2346   3.575004    31.5256       2363     1.6401     2.2389     2.2302 0.0000e+00
     10.000    11.2381   3.575088    31.5238       2387     1.6572     2.1922     2.2326 0.0000e+00
      9.000    11.2505   3.576215    31.5247       2412     1.6744     2.1625     2.2360 0.0000e+00
      8.000    11.2210   3.573867    31.5274       2439     1.6930     2.1441     2.2366 0.0000e+00
      7.000    11.2147   3.573024    31.5249       2466     1.7118     2.1335     2.2370 0.0000e+00
      6.000    11.2197   3.573376    31.5245       2490     1.7287     2.1322     2.2347 0.0000e+00
      5.000    11.2161   3.573118    31.5254       2515     1.7457     2.3143     2.2343 0.0000e+00
      4.000    11.2171   3.573071    31.5246       2543     1.7652     2.6291     2.2352 0.0000e+00
      3.000    11.2247   3.573601    31.5236       2569     1.7836     2.7642     2.2363 0.0000e+00
      2.000    11.2265   3.573756    31.5241       2619     1.8182     2.7311     2.2391 0.0000e+00
