HB2304/ctd193.cnv
* Sea-Bird SBE 9 Data File:
* FileName = C:\cruise\data\ctd193.hex
* Software Version Seasave V 7.26.7.121
* Temperature SN = 4591
* Conductivity SN = 3741
* Number of Bytes Per Scan = 37
* Number of Voltage Words = 4
* Number of Scans Averaged by the Deck Unit = 1
* NMEA Latitude = 42 51.11 N
* NMEA Longitude = 070 38.62 W
* NMEA UTC (Time) = Nov 13 2023 07:41:42
* NMEA baud rate = 4800
** Ship: Bigelow HB2304
** Program:  Fall Bottom Trawl Survey
** Chief Scientist: John Galbraith
# nquan = 9
# nvalues = 132                         
# units = specified
# name 0 = depSM: Depth [salt water, m]
# name 1 = t090C: Temperature [ITS-90, deg C]
# name 2 = c0S/m: Conductivity [S/m]
# name 3 = sal00: Salinity, Practical [PSU]
# name 4 = scan: Scan Count
# name 5 = timeM: Time, Elapsed [minutes]
# name 6 = sbeox0V: Oxygen raw, SBE 43 [V]
# name 7 = sbeox1V: Oxygen raw, SBE 43, 2 [V]
# name 8 = flag: flag
# span 0 =      1.000,     68.000       
# span 1 =     9.2103,    11.6274       
# span 2 =   3.478820,   3.652361       
# span 3 =    31.3598,    32.3514       
# span 4 =        180,       6212       
# span 5 =     0.1240,     4.3130       
# span 6 =     1.6994,     4.5252       
# span 7 =     1.5973,     2.2776       
# span 8 = 0.0000e+00, 0.0000e+00       
# interval = meters: 1                  
# start_time = Nov 13 2023 07:41:42 [NMEA time, header]
# bad_flag = -9.990e-29
*END*
      4.000    11.0977   3.545905    31.3600        180     0.1240     2.8889     2.2635 0.0000e+00
      5.000    11.1111   3.547094    31.3598        275     0.1902     2.9226     2.2631 0.0000e+00
      6.000    11.1109   3.547156    31.3602        308     0.2134     2.9887     2.2642 0.0000e+00
      7.000    11.1101   3.547114    31.3600        344     0.2383     3.1046     2.2622 0.0000e+00
      8.000    11.1133   3.547474    31.3605        379     0.2627     3.2457     2.2656 0.0000e+00
      9.000    11.1145   3.547726    31.3615        412     0.2851     3.3848     2.2647 0.0000e+00
     10.000    11.1146   3.547818    31.3619        444     0.3077     3.5370     2.2676 0.0000e+00
     11.000    11.1156   3.547838    31.3608        477     0.3305     3.6997     2.2635 0.0000e+00
     12.000    11.1201   3.548447    31.3625        509     0.3527     3.8621     2.2691 0.0000e+00
     13.000    11.1223   3.548744    31.3632        540     0.3744     4.0255     2.2689 0.0000e+00
     14.000    11.1132   3.548015    31.3634        576     0.3995     4.2854     2.2728 0.0000e+00
     15.000    11.1081   3.547492    31.3621        613     0.4253     4.5252     2.2694 0.0000e+00
     16.000    11.1044   3.547123    31.3612        645     0.4473     4.0456     2.2716 0.0000e+00
     17.000    11.1058   3.547278    31.3612        677     0.4696     3.5286     2.2695 0.0000e+00
     18.000    11.1066   3.547410    31.3614        709     0.4919     3.1647     2.2706 0.0000e+00
     19.000    11.1074   3.547536    31.3615        742     0.5146     2.9100     2.2737 0.0000e+00
     20.000    11.1099   3.547862    31.3622        778     0.5394     2.7222     2.2719 0.0000e+00
     21.000    11.1340   3.550438    31.3665        811     0.5624     2.6086     2.2719 0.0000e+00
     22.000    11.1515   3.552677    31.3732        842     0.5843     2.5335     2.2676 0.0000e+00
     23.000    11.1817   3.556138    31.3809        876     0.6078     2.4765     2.2715 0.0000e+00
     24.000    11.2185   3.560864    31.3955        910     0.6311     2.4323     2.2670 0.0000e+00
     25.000    11.2595   3.565570    31.4062        942     0.6537     2.3942     2.2620 0.0000e+00
     26.000    11.3137   3.572658    31.4289        978     0.6787     2.3584     2.2582 0.0000e+00
     27.000    11.4328   3.588476    31.4815       1012     0.7021     2.3416     2.2522 0.0000e+00
     28.000    11.4460   3.591988    31.5041       1042     0.7228     2.3330     2.2484 0.0000e+00
     29.000    11.4558   3.593663    31.5117       1075     0.7460     2.3242     2.2362 0.0000e+00
     30.000    11.5296   3.606817    31.5765       1105     0.7667     2.3306     2.2224 0.0000e+00
     31.000    11.5985   3.623299    31.6775       1131     0.7849     2.3556     2.2145 0.0000e+00
     32.000    11.6274   3.638023    31.7954       1156     0.8024     2.3833     2.2070 0.0000e+00
     33.000    11.5887   3.641648    31.8635       1185     0.8220     2.3941     2.1809 0.0000e+00
     34.000    11.5245   3.645187    31.9528       1215     0.8433     2.3598     2.1304 0.0000e+00
     35.000    11.5127   3.646681    31.9772       1244     0.8629     2.3001     2.0868 0.0000e+00
     36.000    11.5113   3.650676    32.0169       1268     0.8799     2.2490     2.0589 0.0000e+00
     37.000    11.4460   3.652361    32.0895       1293     0.8976     2.2051     2.0396 0.0000e+00
     38.000    11.3871   3.650372    32.1208       1323     0.9180     2.1692     2.0172 0.0000e+00
     39.000    11.2803   3.648761    32.1977       1352     0.9380     2.1376     1.9894 0.0000e+00
     40.000    11.1155   3.640444    32.2596       1377     0.9555     2.1135     1.9719 0.0000e+00
     41.000    10.8936   3.623271    32.2845       1403     0.9733     2.0909     1.9540 0.0000e+00
     42.000    10.7892   3.616020    32.3042       1430     0.9922     2.0716     1.9416 0.0000e+00
     43.000    10.7191   3.610231    32.3081       1458     1.0121     2.0394     1.9165 0.0000e+00
     44.000    10.7048   3.608967    32.3078       1487     1.0319     2.0047     1.8866 0.0000e+00
     45.000    10.6437   3.604518    32.3171       1514     1.0505     1.9827     1.8669 0.0000e+00
     46.000    10.5939   3.600294    32.3185       1540     1.0691     1.9710     1.8543 0.0000e+00
     47.000    10.5290   3.594650    32.3193       1569     1.0888     1.9624     1.8442 0.0000e+00
     48.000    10.4963   3.591547    32.3168       1601     1.1108     1.9503     1.8332 0.0000e+00
     49.000    10.4719   3.589210    32.3147       1633     1.1332     1.9363     1.8211 0.0000e+00
     50.000    10.4340   3.585686    32.3126       1663     1.1544     1.9265     1.8124 0.0000e+00
     51.000    10.3726   3.579972    32.3095       1694     1.1756     1.9178     1.8057 0.0000e+00
     52.000    10.2804   3.572323    32.3142       1727     1.1989     1.9103     1.7995 0.0000e+00
     53.000    10.1861   3.564268    32.3166       1761     1.2220     1.8982     1.7880 0.0000e+00
     54.000    10.1422   3.560180    32.3142       1791     1.2429     1.8858     1.7757 0.0000e+00
     55.000    10.1191   3.558144    32.3138       1821     1.2639     1.8709     1.7646 0.0000e+00
     56.000    10.0798   3.554654    32.3132       1855     1.2873     1.8558     1.7505 0.0000e+00
     57.000    10.0493   3.551954    32.3127       1889     1.3113     1.8426     1.7374 0.0000e+00
     58.000     9.9895   3.547030    32.3159       1921     1.3335     1.8313     1.7280 0.0000e+00
     59.000     9.9194   3.541160    32.3187       1952     1.3548     1.8253     1.7185 0.0000e+00
     60.000     9.8257   3.533202    32.3214       1983     1.3762     1.8158     1.7107 0.0000e+00
     61.000     9.7525   3.527021    32.3238       2012     1.3966     1.8004     1.6991 0.0000e+00
     62.000     9.6855   3.520696    32.3191       2042     1.4176     1.7903     1.6900 0.0000e+00
     63.000     9.6443   3.517664    32.3247       2077     1.4419     1.7877     1.6847 0.0000e+00
     64.000     9.5686   3.512163    32.3362       2114     1.4671     1.7854     1.6845 0.0000e+00
     65.000     9.5277   3.509101    32.3413       2147     1.4903     1.7840     1.6831 0.0000e+00
     66.000     9.4434   3.502719    32.3514       2179     1.5122     1.7818     1.6790 0.0000e+00
     67.000     9.2308   3.483870    32.3494       2209     1.5334     1.7770     1.6717 0.0000e+00
     68.000     9.2103   3.478820    32.3154       3000     2.0825     1.6994     1.5973 0.0000e+00
     67.000     9.2192   3.480438    32.3245       3158     2.1926     1.7283     1.6221 0.0000e+00
     66.000     9.3455   3.490731    32.3167       3209     2.2276     1.7258     1.6212 0.0000e+00
     65.000     9.5480   3.509524    32.3273       3269     2.2697     1.7377     1.6335 0.0000e+00
     64.000     9.6006   3.512823    32.3141       3327     2.3097     1.7703     1.6574 0.0000e+00
     63.000     9.6542   3.516891    32.3079       3393     2.3552     1.7843     1.6718 0.0000e+00
     62.000     9.6662   3.517000    32.2986       3459     2.4013     1.7840     1.6791 0.0000e+00
     61.000     9.7153   3.521367    32.2996       3515     2.4405     1.7891     1.6831 0.0000e+00
     60.000     9.8033   3.529351    32.3023       3574     2.4810     1.7905     1.6829 0.0000e+00
     59.000     9.8299   3.531696    32.3028       3638     2.5254     1.8007     1.6916 0.0000e+00
     58.000     9.9023   3.537363    32.2959       3696     2.5660     1.8005     1.6942 0.0000e+00
     57.000     9.9766   3.543836    32.2955       3760     2.6104     1.7878     1.6809 0.0000e+00
     56.000    10.0493   3.550035    32.2937       3817     2.6502     1.7939     1.6832 0.0000e+00
     55.000    10.0871   3.553425    32.2947       3875     2.6906     1.8031     1.6948 0.0000e+00
     54.000    10.1287   3.556992    32.2940       3939     2.7350     1.8123     1.7044 0.0000e+00
     53.000    10.1790   3.561434    32.2944       3997     2.7751     1.8236     1.7136 0.0000e+00
     52.000    10.2537   3.567587    32.2903       4058     2.8175     1.8359     1.7224 0.0000e+00
     51.000    10.3469   3.575527    32.2877       4119     2.8600     1.8559     1.7384 0.0000e+00
     50.000    10.4003   3.580266    32.2882       4178     2.9006     1.8701     1.7567 0.0000e+00
     49.000    10.4596   3.585961    32.2931       4628     3.2130     1.9093     1.7965 0.0000e+00
     48.000    10.4837   3.587872    32.2913       4873     3.3834     1.9066     1.7901 0.0000e+00
     47.000    10.5454   3.593791    32.2962       4875     3.3848     1.9039     1.7897 0.0000e+00
     46.000    10.5903   3.597934    32.2982       4901     3.4026     1.9054     1.7938 0.0000e+00
     45.000    10.6365   3.601860    32.2969       4925     3.4196     1.9096     1.7978 0.0000e+00
     44.000    10.6756   3.605089    32.2949       4950     3.4370     1.9184     1.8039 0.0000e+00
     43.000    10.7207   3.608078    32.2853       4975     3.4543     1.9271     1.8112 0.0000e+00
     42.000    10.7504   3.610289    32.2815       4999     3.4709     1.9315     1.8196 0.0000e+00
     41.000    10.8166   3.614818    32.2685       5024     3.4884     1.9352     1.8251 0.0000e+00
     40.000    10.9875   3.625884    32.2282       5051     3.5071     1.9407     1.8303 0.0000e+00
     39.000    11.1629   3.638272    32.1971       5077     3.5251     1.9499     1.8369 0.0000e+00
     38.000    11.3296   3.645369    32.1218       5102     3.5422     1.9685     1.8488 0.0000e+00
     37.000    11.3993   3.646974    32.0774       5126     3.5593     1.9973     1.8712 0.0000e+00
     36.000    11.4810   3.648910    32.0259       5152     3.5772     2.0210     1.8926 0.0000e+00
     35.000    11.4859   3.646164    31.9953       5177     3.5948     2.0432     1.9122 0.0000e+00
     34.000    11.4907   3.644497    31.9753       5202     3.6117     2.0633     1.9306 0.0000e+00
     33.000    11.5482   3.642808    31.9097       5227     3.6289     2.0768     1.9473 0.0000e+00
     32.000    11.6073   3.640586    31.8376       5252     3.6467     2.0891     1.9611 0.0000e+00
     31.000    11.6065   3.631988    31.7551       5278     3.6648     2.1053     1.9759 0.0000e+00
     30.000    11.5073   3.606007    31.5876       5304     3.6828     2.1218     1.9938 0.0000e+00
     29.000    11.4243   3.590477    31.5075       5329     3.7002     2.1432     2.0178 0.0000e+00
     28.000    11.4030   3.586341    31.4857       5355     3.7184     2.1916     2.0582 0.0000e+00
     27.000    11.3402   3.578365    31.4617       5383     3.7375     2.2465     2.1120 0.0000e+00
     26.000    11.2793   3.569825    31.4306       5409     3.7554     2.2839     2.1500 0.0000e+00
     25.000    11.1516   3.554507    31.3898       5433     3.7722     2.3078     2.1711 0.0000e+00
     24.000    11.1300   3.550879    31.3730       5457     3.7889     2.3237     2.1921 0.0000e+00
     23.000    11.1230   3.549866    31.3695       5483     3.8070     2.3416     2.2143 0.0000e+00
     22.000    11.1195   3.549350    31.3678       5509     3.8251     2.3618     2.2324 0.0000e+00
     21.000    11.1183   3.549109    31.3669       5534     3.8422     2.3789     2.2493 0.0000e+00
     20.000    11.1184   3.549015    31.3663       5559     3.8596     2.3908     2.2574 0.0000e+00
     19.000    11.1195   3.549092    31.3665       5586     3.8787     2.3965     2.2561 0.0000e+00
     18.000    11.1151   3.548596    31.3658       5614     3.8979     2.3939     2.2515 0.0000e+00
     17.000    11.1127   3.548234    31.3647       5640     3.9160     2.3892     2.2593 0.0000e+00
     16.000    11.1137   3.548277    31.3647       5665     3.9333     2.3834     2.2630 0.0000e+00
     15.000    11.1071   3.547740    31.3654       5689     3.9497     2.3581     2.2662 0.0000e+00
     14.000    11.1006   3.547080    31.3649       5713     3.9665     2.3196     2.2704 0.0000e+00
     13.000    11.0991   3.546784    31.3637       5740     3.9851     2.2870     2.2691 0.0000e+00
     12.000    11.1020   3.546999    31.3638       5767     4.0043     2.2497     2.2662 0.0000e+00
     11.000    11.1033   3.547074    31.3638       5792     4.0212     2.2195     2.2719 0.0000e+00
     10.000    11.1077   3.547398    31.3637       5814     4.0370     2.1832     2.2708 0.0000e+00
      9.000    11.1093   3.547504    31.3637       5841     4.0553     2.1394     2.2680 0.0000e+00
      8.000    11.1088   3.547441    31.3640       5870     4.0760     2.1117     2.2680 0.0000e+00
      7.000    11.1067   3.547258    31.3644       5896     4.0936     2.1053     2.2680 0.0000e+00
      6.000    11.1055   3.547118    31.3644       5917     4.1085     2.1095     2.2698 0.0000e+00
      5.000    11.1054   3.547089    31.3646       5945     4.1281     2.1485     2.2691 0.0000e+00
      4.000    11.1025   3.546797    31.3647       5979     4.1517     2.3892     2.2735 0.0000e+00
      3.000    11.1019   3.546694    31.3645       6000     4.1661     2.5345     2.2771 0.0000e+00
      2.000    11.0968   3.546187    31.3643       6018     4.1785     2.5858     2.2776 0.0000e+00
      1.000    11.0857   3.545096    31.3635       6212     4.3130     2.4802     2.2723 0.0000e+00
