HB2304/ctd137.cnv
* Sea-Bird SBE 9 Data File:
* FileName = C:\cruise\data\ctd137.hex
* Software Version Seasave V 7.26.7.121
* Temperature SN = 4591
* Conductivity SN = 3741
* Number of Bytes Per Scan = 37
* Number of Voltage Words = 4
* Number of Scans Averaged by the Deck Unit = 1
* NMEA Latitude = 41 21.16 N
* NMEA Longitude = 067 02.91 W
* NMEA UTC (Time) = Oct 20 2023  07:03:32
* NMEA baud rate = 4800
** Ship: Bigelow HB2304
** Program:  Fall Bottom Trawl Survey
** Chief Scientist: John Galbraith
# nquan = 7
# nvalues = 111                         
# units = specified
# name 0 = depSM: Depth [salt water, m]
# name 1 = t090C: Temperature [ITS-90, deg C]
# name 2 = c0S/m: Conductivity [S/m]
# name 3 = sal00: Salinity, Practical [PSU]
# name 4 = scan: Scan Count
# name 5 = timeM: Time, Elapsed [minutes]
# name 6 = flag: flag
# span 0 =      3.000,     58.000       
# span 1 =    13.7550,    14.3893       
# span 2 =   3.865704,   3.903088       
# span 3 =    31.9711,    32.1602       
# span 4 =         74,       3558       
# span 5 =     0.0510,     2.4704       
# span 6 = 0.0000e+00, 0.0000e+00       
# interval = meters: 1                  
# start_time = Oct 20 2023 07:03:32 [NMEA time, header]
# bad_flag = -9.990e-29
*END*
      3.000    14.3871   3.902669    31.9763         74     0.0510 0.0000e+00
      4.000    14.3831   3.902311    31.9759        132     0.0911 0.0000e+00
      5.000    14.3893   3.903048    31.9772        154     0.1063 0.0000e+00
      6.000    14.3891   3.903033    31.9768        179     0.1235 0.0000e+00
      7.000    14.3890   3.903064    31.9768        205     0.1418 0.0000e+00
      8.000    14.3888   3.903078    31.9767        232     0.1604 0.0000e+00
      9.000    14.3876   3.903088    31.9774        261     0.1803 0.0000e+00
     10.000    14.3850   3.902842    31.9769        290     0.2004 0.0000e+00
     11.000    14.3837   3.902935    31.9785        314     0.2177 0.0000e+00
     12.000    14.3664   3.902576    31.9891        336     0.2327 0.0000e+00
     13.000    14.3286   3.900733    32.0031        357     0.2475 0.0000e+00
     14.000    14.2787   3.897600    32.0154        381     0.2637 0.0000e+00
     15.000    14.2025   3.892914    32.0353        409     0.2835 0.0000e+00
     16.000    14.0919   3.885797    32.0615        442     0.3065 0.0000e+00
     17.000    14.0125   3.881263    32.0855        473     0.3279 0.0000e+00
     18.000    13.8433   3.871543    32.1368        499     0.3458 0.0000e+00
     19.000    13.8130   3.869460    32.1426        522     0.3621 0.0000e+00
     20.000    13.7891   3.868005    32.1487        545     0.3779 0.0000e+00
     21.000    13.7710   3.867050    32.1546        568     0.3941 0.0000e+00
     22.000    13.7668   3.866773    32.1552        592     0.4104 0.0000e+00
     23.000    13.7641   3.866653    32.1560        617     0.4275 0.0000e+00
     24.000    13.7650   3.866641    32.1547        645     0.4474 0.0000e+00
     25.000    13.7652   3.866617    32.1539        679     0.4707 0.0000e+00
     26.000    13.7646   3.866587    32.1538        709     0.4915 0.0000e+00
     27.000    13.7628   3.866560    32.1546        733     0.5082 0.0000e+00
     28.000    13.7616   3.866583    32.1554        755     0.5239 0.0000e+00
     29.000    13.7614   3.866647    32.1558        778     0.5398 0.0000e+00
     30.000    13.7629   3.866599    32.1537        804     0.5574 0.0000e+00
     31.000    13.7637   3.866741    32.1540        831     0.5767 0.0000e+00
     32.000    13.7637   3.866797    32.1541        859     0.5961 0.0000e+00
     33.000    13.7632   3.866817    32.1543        886     0.6145 0.0000e+00
     34.000    13.7619   3.866983    32.1565        911     0.6316 0.0000e+00
     35.000    13.7621   3.867006    32.1562        934     0.6482 0.0000e+00
     36.000    13.7622   3.867018    32.1558        959     0.6652 0.0000e+00
     37.000    13.7576   3.867079    32.1598        986     0.6842 0.0000e+00
     38.000    13.7567   3.867080    32.1602       1018     0.7059 0.0000e+00
     39.000    13.7571   3.867142    32.1601       1048     0.7273 0.0000e+00
     40.000    13.7570   3.867173    32.1600       1074     0.7449 0.0000e+00
     41.000    13.7578   3.867255    32.1597       1096     0.7602 0.0000e+00
     42.000    13.7588   3.867368    32.1595       1118     0.7757 0.0000e+00
     43.000    13.7597   3.867484    32.1594       1143     0.7931 0.0000e+00
     44.000    13.7597   3.867523    32.1594       1171     0.8125 0.0000e+00
     45.000    13.7603   3.867610    32.1593       1200     0.8324 0.0000e+00
     46.000    13.7585   3.867509    32.1595       1228     0.8518 0.0000e+00
     47.000    13.7574   3.867456    32.1595       1253     0.8697 0.0000e+00
     48.000    13.7565   3.867451    32.1599       1277     0.8862 0.0000e+00
     49.000    13.7550   3.867367    32.1600       1300     0.9023 0.0000e+00
     50.000    13.7557   3.867457    32.1599       1325     0.9195 0.0000e+00
     51.000    13.7555   3.867485    32.1598       1353     0.9391 0.0000e+00
     52.000    13.7559   3.867544    32.1597       1385     0.9612 0.0000e+00
     53.000    13.7560   3.867606    32.1598       1415     0.9817 0.0000e+00
     54.000    13.7560   3.867638    32.1597       1439     0.9989 0.0000e+00
     55.000    13.7562   3.867690    32.1596       1462     1.0144 0.0000e+00
     56.000    13.7563   3.867729    32.1595       1484     1.0302 0.0000e+00
     57.000    13.7561   3.867758    32.1595       1509     1.0473 0.0000e+00
     58.000    13.7564   3.867811    32.1594       1554     1.0786 0.0000e+00
     57.000    13.7575   3.867792    32.1587       2237     1.5528 0.0000e+00
     56.000    13.7566   3.867714    32.1591       2171     1.5069 0.0000e+00
     55.000    13.7568   3.867673    32.1589       2201     1.5278 0.0000e+00
     54.000    13.7573   3.867651    32.1587       2230     1.5479 0.0000e+00
     53.000    13.7576   3.867619    32.1586       2259     1.5682 0.0000e+00
     52.000    13.7576   3.867570    32.1585       2284     1.5856 0.0000e+00
     51.000    13.7576   3.867522    32.1584       2307     1.6012 0.0000e+00
     50.000    13.7575   3.867486    32.1586       2328     1.6161 0.0000e+00
     49.000    13.7577   3.867458    32.1585       2351     1.6319 0.0000e+00
     48.000    13.7575   3.867383    32.1584       2377     1.6502 0.0000e+00
     47.000    13.7573   3.867334    32.1585       2408     1.6715 0.0000e+00
     46.000    13.7574   3.867281    32.1583       2439     1.6929 0.0000e+00
     45.000    13.7576   3.867234    32.1581       2465     1.7112 0.0000e+00
     44.000    13.7574   3.867187    32.1582       2488     1.7269 0.0000e+00
     43.000    13.7565   3.867060    32.1582       2509     1.7418 0.0000e+00
     42.000    13.7566   3.867024    32.1582       2531     1.7570 0.0000e+00
     41.000    13.7567   3.866987    32.1582       2555     1.7735 0.0000e+00
     40.000    13.7567   3.866930    32.1580       2582     1.7923 0.0000e+00
     39.000    13.7599   3.867123    32.1576       2613     1.8142 0.0000e+00
     38.000    13.7604   3.867152    32.1577       2645     1.8361 0.0000e+00
     37.000    13.7601   3.867042    32.1574       2670     1.8538 0.0000e+00
     36.000    13.7603   3.867047    32.1577       2692     1.8686 0.0000e+00
     35.000    13.7609   3.867059    32.1576       2712     1.8824 0.0000e+00
     34.000    13.7615   3.866926    32.1564       2732     1.8964 0.0000e+00
     33.000    13.7608   3.866661    32.1548       2756     1.9134 0.0000e+00
     32.000    13.7615   3.866678    32.1548       2791     1.9378 0.0000e+00
     31.000    13.7591   3.866370    32.1544       2828     1.9630 0.0000e+00
     30.000    13.7589   3.866265    32.1540       2851     1.9794 0.0000e+00
     29.000    13.7590   3.866229    32.1539       2871     1.9930 0.0000e+00
     28.000    13.7595   3.866324    32.1548       2890     2.0060 0.0000e+00
     27.000    13.7595   3.866319    32.1552       2910     2.0203 0.0000e+00
     26.000    13.7580   3.865838    32.1523       2937     2.0390 0.0000e+00
     25.000    13.7599   3.865704    32.1499       2972     2.0635 0.0000e+00
     24.000    13.7681   3.866082    32.1469       3004     2.0856 0.0000e+00
     23.000    13.7888   3.866840    32.1369       3029     2.1026 0.0000e+00
     22.000    13.8152   3.868001    32.1260       3051     2.1179 0.0000e+00
     21.000    13.8433   3.869558    32.1172       3072     2.1329 0.0000e+00
     20.000    13.8414   3.869492    32.1186       3095     2.1486 0.0000e+00
     19.000    13.8846   3.871605    32.1024       3119     2.1656 0.0000e+00
     18.000    13.9238   3.873796    32.0903       3146     2.1844 0.0000e+00
     17.000    13.9681   3.876231    32.0762       3175     2.2043 0.0000e+00
     16.000    14.0290   3.879844    32.0591       3204     2.2246 0.0000e+00
     15.000    14.0798   3.882874    32.0451       3232     2.2437 0.0000e+00
     14.000    14.1654   3.887759    32.0192       3257     2.2608 0.0000e+00
     13.000    14.2791   3.894843    31.9902       3280     2.2769 0.0000e+00
     12.000    14.3503   3.899711    31.9762       3303     2.2931 0.0000e+00
     11.000    14.3651   3.900862    31.9749       3328     2.3104 0.0000e+00
     10.000    14.3755   3.901674    31.9741       3354     2.3287 0.0000e+00
      9.000    14.3774   3.901647    31.9727       3381     2.3469 0.0000e+00
      8.000    14.3845   3.902073    31.9711       3406     2.3644 0.0000e+00
      7.000    14.3837   3.902044    31.9719       3431     2.3817 0.0000e+00
      6.000    14.3850   3.902113    31.9718       3457     2.3998 0.0000e+00
      5.000    14.3843   3.902047    31.9721       3484     2.4187 0.0000e+00
      4.000    14.3843   3.902187    31.9738       3511     2.4377 0.0000e+00
      3.000    14.3855   3.902166    31.9731       3558     2.4704 0.0000e+00
