HB2304/ctd164.cnv
* Sea-Bird SBE 9 Data File:
* FileName = C:\cruise\data\ctd164.hex
* Software Version Seasave V 7.26.7.121
* Temperature SN = 4591
* Conductivity SN = 3741
* Number of Bytes Per Scan = 37
* Number of Voltage Words = 4
* Number of Scans Averaged by the Deck Unit = 1
* NMEA Latitude = 42 06.68 N
* NMEA Longitude = 068 18.95 W
* NMEA UTC (Time) = Nov 04 2023 00:18:46
* NMEA baud rate = 4800
** Ship: Bigelow HB2304
** Program:  Fall Bottom Trawl Survey
** Chief Scientist: John Galbraith
# nquan = 9
# nvalues = 358                         
# units = specified
# name 0 = depSM: Depth [salt water, m]
# name 1 = t090C: Temperature [ITS-90, deg C]
# name 2 = c0S/m: Conductivity [S/m]
# name 3 = sal00: Salinity, Practical [PSU]
# name 4 = scan: Scan Count
# name 5 = timeM: Time, Elapsed [minutes]
# name 6 = sbeox0V: Oxygen raw, SBE 43 [V]
# name 7 = sbeox1V: Oxygen raw, SBE 43, 2 [V]
# name 8 = flag: flag
# span 0 =      2.000,    181.000       
# span 1 =     7.2374,    13.2181       
# span 2 =   3.345969,   3.776373       
# span 3 =    31.7634,    34.0036       
# span 4 =         80,      12158       
# span 5 =     0.0548,     8.4422       
# span 6 =     1.6462,     2.4221       
# span 7 =     1.5441,     2.2917       
# span 8 = 0.0000e+00, 0.0000e+00       
# interval = meters: 1                  
# start_time = Nov 04 2023 00:18:46 [NMEA time, header]
# bad_flag = -9.990e-29
*END*
      3.000    13.2104   3.775206    31.7757         80     0.0548     2.4218     2.2837 0.0000e+00
      4.000    13.2106   3.775295    31.7760        238     0.1649     2.4177     2.2880 0.0000e+00
      5.000    13.2109   3.775408    31.7764        255     0.1762     2.4134     2.2917 0.0000e+00
      6.000    13.2047   3.774947    31.7769        265     0.1832     2.4174     2.2853 0.0000e+00
      7.000    13.2020   3.774666    31.7761        300     0.2074     2.4217     2.2806 0.0000e+00
      8.000    13.2181   3.775997    31.7747        344     0.2381     2.4163     2.2796 0.0000e+00
      9.000    13.2158   3.775895    31.7753        361     0.2497     2.4181     2.2765 0.0000e+00
     10.000    13.2158   3.775949    31.7754        379     0.2624     2.4220     2.2714 0.0000e+00
     11.000    13.2163   3.776028    31.7754        405     0.2809     2.4214     2.2746 0.0000e+00
     12.000    13.2146   3.775936    31.7755        445     0.3086     2.4215     2.2767 0.0000e+00
     13.000    13.2165   3.776139    31.7754        471     0.3265     2.4188     2.2746 0.0000e+00
     14.000    13.2157   3.776111    31.7754        494     0.3424     2.4161     2.2738 0.0000e+00
     15.000    13.2170   3.776245    31.7752        522     0.3617     2.4141     2.2738 0.0000e+00
     16.000    13.2172   3.776318    31.7753        551     0.3822     2.4111     2.2774 0.0000e+00
     17.000    13.2150   3.776245    31.7761        577     0.4000     2.4119     2.2775 0.0000e+00
     18.000    13.2147   3.776214    31.7756        603     0.4182     2.4132     2.2737 0.0000e+00
     19.000    13.2162   3.776373    31.7755        631     0.4376     2.4114     2.2684 0.0000e+00
     20.000    13.2053   3.775874    31.7795        660     0.4579     2.4122     2.2654 0.0000e+00
     21.000    13.1998   3.775582    31.7810        689     0.4781     2.4131     2.2649 0.0000e+00
     22.000    13.2036   3.775835    31.7798        715     0.4959     2.4103     2.2658 0.0000e+00
     23.000    13.2010   3.775815    31.7814        740     0.5133     2.4066     2.2619 0.0000e+00
     24.000    13.1982   3.775709    31.7823        767     0.5322     2.4031     2.2628 0.0000e+00
     25.000    13.1889   3.775124    31.7842        798     0.5533     2.3979     2.2610 0.0000e+00
     26.000    13.1833   3.774866    31.7861        829     0.5748     2.3933     2.2563 0.0000e+00
     27.000    13.1583   3.773451    31.7934        854     0.5926     2.3907     2.2561 0.0000e+00
     28.000    13.1449   3.772608    31.7963        878     0.6090     2.3882     2.2517 0.0000e+00
     29.000    13.1424   3.772469    31.7966        905     0.6274     2.3869     2.2478 0.0000e+00
     30.000    13.1341   3.772047    31.7992        936     0.6494     2.3842     2.2445 0.0000e+00
     31.000    13.1225   3.771508    31.8035        966     0.6704     2.3841     2.2413 0.0000e+00
     32.000    13.1151   3.771225    31.8066        991     0.6876     2.3838     2.2433 0.0000e+00
     33.000    13.1029   3.770773    31.8123       1015     0.7039     2.3858     2.2430 0.0000e+00
     34.000    13.0675   3.769192    31.8267       1043     0.7235     2.3872     2.2452 0.0000e+00
     35.000    12.9656   3.764317    31.8660       1077     0.7473     2.3883     2.2458 0.0000e+00
     36.000    12.8311   3.754584    31.8870       1105     0.7667     2.3882     2.2497 0.0000e+00
     37.000    12.5345   3.734354    31.9459       1127     0.7818     2.3831     2.2454 0.0000e+00
     38.000    12.0738   3.697544    31.9860       1151     0.7987     2.3578     2.2311 0.0000e+00
     39.000    11.7505   3.673124    32.0275       1185     0.8224     2.2956     2.1864 0.0000e+00
     40.000    11.5592   3.658070    32.0459       1219     0.8458     2.2357     2.1272 0.0000e+00
     41.000    11.4307   3.648193    32.0603       1244     0.8635     2.2051     2.0920 0.0000e+00
     42.000    11.3168   3.639234    32.0711       1270     0.8809     2.1886     2.0684 0.0000e+00
     43.000    11.2345   3.632527    32.0765       1299     0.9013     2.1725     2.0511 0.0000e+00
     44.000    11.2015   3.629710    32.0771       1331     0.9240     2.1581     2.0334 0.0000e+00
     45.000    11.1225   3.624048    32.0899       1359     0.9430     2.1497     2.0252 0.0000e+00
     46.000    10.9694   3.612982    32.1140       1383     0.9596     2.1428     2.0186 0.0000e+00
     47.000    10.5967   3.585647    32.1695       1410     0.9784     2.1325     2.0098 0.0000e+00
     48.000    10.2035   3.553095    32.1908       1443     1.0012     2.1089     1.9953 0.0000e+00
     49.000     9.9699   3.533322    32.1985       1476     1.0240     2.0777     1.9716 0.0000e+00
     50.000     9.8869   3.525844    32.1963       1505     1.0442     2.0525     1.9473 0.0000e+00
     51.000     9.8109   3.519878    32.2031       1530     1.0616     2.0374     1.9309 0.0000e+00
     52.000     9.7119   3.511746    32.2086       1556     1.0797     2.0259     1.9152 0.0000e+00
     53.000     9.6896   3.509435    32.2045       1584     1.0993     2.0139     1.9032 0.0000e+00
     54.000     9.6176   3.503873    32.2118       1613     1.1195     2.0077     1.8961 0.0000e+00
     55.000     9.6018   3.502082    32.2073       1642     1.1395     2.0030     1.8898 0.0000e+00
     56.000     9.5642   3.499775    32.2170       1669     1.1585     1.9996     1.8855 0.0000e+00
     57.000     9.1027   3.466761    32.2932       1696     1.1770     1.9983     1.8802 0.0000e+00
     58.000     8.6206   3.430147    32.3508       1725     1.1969     1.9841     1.8720 0.0000e+00
     59.000     8.3414   3.407877    32.3725       1756     1.2187     1.9627     1.8551 0.0000e+00
     60.000     8.0555   3.386137    32.4056       1785     1.2388     1.9450     1.8386 0.0000e+00
     61.000     7.9836   3.380376    32.4105       1811     1.2567     1.9308     1.8255 0.0000e+00
     62.000     7.8898   3.374133    32.4306       1843     1.2795     1.9174     1.8127 0.0000e+00
     63.000     7.8036   3.368735    32.4525       1880     1.3051     1.9044     1.7995 0.0000e+00
     64.000     7.7106   3.364160    32.4898       1904     1.3217     1.8979     1.7928 0.0000e+00
     65.000     7.6654   3.361494    32.5028       1924     1.3355     1.8939     1.7862 0.0000e+00
     66.000     7.6411   3.359922    32.5082       1948     1.3520     1.8890     1.7796 0.0000e+00
     67.000     7.6232   3.358744    32.5118       1985     1.3780     1.8812     1.7714 0.0000e+00
     68.000     7.6019   3.357576    32.5187       2023     1.4045     1.8739     1.7637 0.0000e+00
     69.000     7.5594   3.355643    32.5372       2051     1.4239     1.8694     1.7600 0.0000e+00
     70.000     7.5277   3.354170    32.5506       2079     1.4431     1.8652     1.7573 0.0000e+00
     71.000     7.5120   3.353283    32.5553       2109     1.4638     1.8607     1.7495 0.0000e+00
     72.000     7.4938   3.352427    32.5626       2139     1.4849     1.8575     1.7438 0.0000e+00
     73.000     7.4654   3.351375    32.5775       2171     1.5068     1.8537     1.7398 0.0000e+00
     74.000     7.4366   3.350400    32.5935       2198     1.5257     1.8507     1.7372 0.0000e+00
     75.000     7.4119   3.349688    32.6087       2223     1.5430     1.8471     1.7362 0.0000e+00
     76.000     7.4042   3.349345    32.6116       2258     1.5675     1.8427     1.7301 0.0000e+00
     77.000     7.3936   3.348846    32.6158       2298     1.5954     1.8386     1.7284 0.0000e+00
     78.000     7.3909   3.348663    32.6159       2321     1.6109     1.8359     1.7244 0.0000e+00
     79.000     7.3864   3.348463    32.6175       2342     1.6260     1.8332     1.7232 0.0000e+00
     80.000     7.3706   3.347966    32.6266       2377     1.6498     1.8311     1.7227 0.0000e+00
     81.000     7.3182   3.347262    32.6678       2426     1.6843     1.8277     1.7166 0.0000e+00
     82.000     7.2931   3.347601    32.6947       2450     1.7004     1.8239     1.7166 0.0000e+00
     83.000     7.2910   3.347765    32.6981       2467     1.7125     1.8210     1.7108 0.0000e+00
     84.000     7.2913   3.348172    32.7016       2486     1.7254     1.8164     1.7072 0.0000e+00
     85.000     7.2925   3.348435    32.7029       2535     1.7598     1.8087     1.6990 0.0000e+00
     86.000     7.2915   3.348617    32.7053       2589     1.7970     1.8040     1.6934 0.0000e+00
     87.000     7.2909   3.348799    32.7074       2606     1.8092     1.8028     1.6923 0.0000e+00
     88.000     7.2878   3.348985    32.7118       2622     1.8202     1.8017     1.6910 0.0000e+00
     89.000     7.2838   3.349266    32.7182       2642     1.8338     1.8000     1.6907 0.0000e+00
     90.000     7.2838   3.349681    32.7223       2721     1.8889     1.7950     1.6872 0.0000e+00
     91.000     7.2837   3.349911    32.7243       2745     1.9057     1.7948     1.6834 0.0000e+00
     92.000     7.2836   3.350232    32.7275       2760     1.9158     1.7942     1.6836 0.0000e+00
     93.000     7.2820   3.350840    32.7351       2779     1.9288     1.7925     1.6826 0.0000e+00
     94.000     7.2800   3.351331    32.7418       2835     1.9680     1.7920     1.6802 0.0000e+00
     95.000     7.2772   3.351813    32.7492       2879     1.9988     1.7899     1.6776 0.0000e+00
     96.000     7.2681   3.354784    32.7895       2898     2.0121     1.7883     1.6774 0.0000e+00
     97.000     7.2561   3.356714    32.8214       2920     2.0272     1.7862     1.6767 0.0000e+00
     98.000     7.2528   3.356732    32.8243       2957     2.0530     1.7788     1.6738 0.0000e+00
     99.000     7.2511   3.356681    32.8249       3003     2.0849     1.7703     1.6674 0.0000e+00
    100.000     7.2469   3.356516    32.8266       3032     2.1050     1.7702     1.6646 0.0000e+00
    101.000     7.2554   3.358613    32.8408       3061     2.1249     1.7716     1.6629 0.0000e+00
    102.000     7.2654   3.360916    32.8558       3094     2.1477     1.7713     1.6611 0.0000e+00
    103.000     7.2599   3.361371    32.8655       3124     2.1687     1.7683     1.6599 0.0000e+00
    104.000     7.2589   3.362081    32.8737       3151     2.1878     1.7651     1.6590 0.0000e+00
    105.000     7.2554   3.362819    32.8845       3182     2.2092     1.7624     1.6581 0.0000e+00
    106.000     7.2488   3.363404    32.8967       3224     2.2380     1.7609     1.6544 0.0000e+00
    107.000     7.2377   3.365057    32.9247       3261     2.2637     1.7594     1.6495 0.0000e+00
    108.000     7.2481   3.367179    32.9373       3288     2.2828     1.7581     1.6481 0.0000e+00
    109.000     7.2613   3.369232    32.9466       3314     2.3004     1.7565     1.6482 0.0000e+00
    110.000     7.2670   3.370268    32.9519       3349     2.3251     1.7543     1.6479 0.0000e+00
    111.000     7.2708   3.371137    32.9573       3392     2.3552     1.7515     1.6456 0.0000e+00
    112.000     7.2724   3.371646    32.9608       3418     2.3729     1.7508     1.6446 0.0000e+00
    113.000     7.2776   3.373113    32.9712       3440     2.3881     1.7500     1.6429 0.0000e+00
    114.000     7.2856   3.375597    32.9901       3471     2.4095     1.7489     1.6408 0.0000e+00
    115.000     7.2858   3.376810    33.0026       3518     2.4421     1.7483     1.6403 0.0000e+00
    116.000     7.2845   3.377043    33.0059       3550     2.4644     1.7455     1.6394 0.0000e+00
    117.000     7.2814   3.377141    33.0095       3576     2.4825     1.7437     1.6383 0.0000e+00
    118.000     7.2750   3.376861    33.0120       3606     2.5038     1.7431     1.6384 0.0000e+00
    119.000     7.2708   3.376856    33.0155       3643     2.5292     1.7434     1.6385 0.0000e+00
    120.000     7.2701   3.377038    33.0176       3676     2.5523     1.7427     1.6366 0.0000e+00
    121.000     7.2719   3.377584    33.0214       3703     2.5705     1.7422     1.6356 0.0000e+00
    122.000     7.2742   3.378177    33.0252       3728     2.5885     1.7411     1.6365 0.0000e+00
    123.000     7.2771   3.378767    33.0284       3775     2.6206     1.7416     1.6374 0.0000e+00
    124.000     7.2836   3.379727    33.0321       3818     2.6508     1.7420     1.6359 0.0000e+00
    125.000     7.2948   3.381417    33.0392       3840     2.6660     1.7413     1.6358 0.0000e+00
    126.000     7.3079   3.383417    33.0480       3863     2.6818     1.7392     1.6358 0.0000e+00
    127.000     7.3238   3.385732    33.0574       3902     2.7092     1.7383     1.6349 0.0000e+00
    128.000     7.3724   3.392201    33.0806       3949     2.7418     1.7376     1.6340 0.0000e+00
    129.000     7.3798   3.393675    33.0890       3973     2.7585     1.7372     1.6326 0.0000e+00
    130.000     7.3829   3.394326    33.0926       3999     2.7764     1.7354     1.6302 0.0000e+00
    131.000     7.3855   3.394928    33.0962       4044     2.8076     1.7305     1.6258 0.0000e+00
    132.000     7.4025   3.397580    33.1081       4085     2.8362     1.7268     1.6226 0.0000e+00
    133.000     7.4521   3.406047    33.1519       4110     2.8533     1.7263     1.6220 0.0000e+00
    134.000     7.4868   3.411773    33.1801       4135     2.8709     1.7253     1.6222 0.0000e+00
    135.000     7.4940   3.413941    33.1961       4174     2.8982     1.7213     1.6202 0.0000e+00
    136.000     7.5071   3.417359    33.2201       4222     2.9311     1.7169     1.6137 0.0000e+00
    137.000     7.5296   3.421874    33.2468       4252     2.9519     1.7150     1.6096 0.0000e+00
    138.000     7.5373   3.423235    33.2537       4275     2.9682     1.7140     1.6090 0.0000e+00
    139.000     7.5506   3.425520    33.2652       4302     2.9868     1.7122     1.6084 0.0000e+00
    140.000     7.5642   3.428029    33.2786       4357     3.0247     1.7132     1.6079 0.0000e+00
    141.000     7.6257   3.436047    33.3058       4392     3.0493     1.7112     1.6057 0.0000e+00
    142.000     7.6989   3.445274    33.3345       4413     3.0640     1.7100     1.6063 0.0000e+00
    143.000     7.7552   3.452482    33.3576       4440     3.0829     1.7121     1.6076 0.0000e+00
    144.000     7.7958   3.457902    33.3764       4489     3.1167     1.7157     1.6095 0.0000e+00
    145.000     7.8568   3.464924    33.3929       4525     3.1417     1.7146     1.6081 0.0000e+00
    146.000     7.9126   3.472230    33.4173       4549     3.1582     1.7162     1.6069 0.0000e+00
    147.000     7.9385   3.476141    33.4339       4578     3.1785     1.7170     1.6042 0.0000e+00
    148.000     7.9512   3.478659    33.4482       4624     3.2103     1.7160     1.6071 0.0000e+00
    149.000     7.9555   3.479812    33.4559       4659     3.2347     1.7123     1.6053 0.0000e+00
    150.000     7.9505   3.479936    33.4616       4685     3.2530     1.7111     1.6064 0.0000e+00
    151.000     7.9465   3.480056    33.4662       4715     3.2733     1.7097     1.6061 0.0000e+00
    152.000     7.9461   3.480083    33.4664       4746     3.2948     1.7062     1.6046 0.0000e+00
    153.000     7.9375   3.479834    33.4715       4777     3.3167     1.7050     1.6044 0.0000e+00
    154.000     7.9295   3.479570    33.4758       4815     3.3430     1.7050     1.6034 0.0000e+00
    155.000     7.9255   3.479382    33.4772       4859     3.3739     1.7025     1.6008 0.0000e+00
    156.000     7.9244   3.479380    33.4778       4888     3.3936     1.7005     1.5978 0.0000e+00
    157.000     7.9117   3.478680    33.4820       4908     3.4075     1.6999     1.5980 0.0000e+00
    158.000     7.9005   3.478099    33.4860       4931     3.4237     1.6991     1.5984 0.0000e+00
    159.000     7.8616   3.476906    33.5100       4987     3.4622     1.6968     1.5981 0.0000e+00
    160.000     7.8250   3.477504    33.5510       5019     3.4849     1.6932     1.5961 0.0000e+00
    161.000     7.7831   3.476654    33.5818       5039     3.4985     1.6907     1.5943 0.0000e+00
    162.000     7.7565   3.476552    33.6058       5061     3.5141     1.6875     1.5922 0.0000e+00
