HB2304/ctd179.cnv
* Sea-Bird SBE 9 Data File:
* FileName = C:\cruise\data\ctd179.hex
* Software Version Seasave V 7.26.7.121
* Temperature SN = 4591
* Conductivity SN = 3741
* Number of Bytes Per Scan = 37
* Number of Voltage Words = 4
* Number of Scans Averaged by the Deck Unit = 1
* NMEA Latitude = 43 38.58 N
* NMEA Longitude = 068 21.15 W
* NMEA UTC (Time) = Nov 10 2023 10:16:00
* NMEA baud rate = 4800
** Ship: Bigelow HB2304
** Program:  Fall Bottom Trawl Survey
** Chief Scientist: John Galbraith
# nquan = 9
# nvalues = 366                         
# units = specified
# name 0 = depSM: Depth [salt water, m]
# name 1 = t090C: Temperature [ITS-90, deg C]
# name 2 = c0S/m: Conductivity [S/m]
# name 3 = sal00: Salinity, Practical [PSU]
# name 4 = scan: Scan Count
# name 5 = timeM: Time, Elapsed [minutes]
# name 6 = sbeox0V: Oxygen raw, SBE 43 [V]
# name 7 = sbeox1V: Oxygen raw, SBE 43, 2 [V]
# name 8 = flag: flag
# span 0 =      3.000,    187.000       
# span 1 =     8.5135,    10.1299       
# span 2 =   3.528274,   3.615391       
# span 3 =    32.3296,    34.2110       
# span 4 =        124,      11248       
# span 5 =     0.0857,     7.8103       
# span 6 =     1.5557,     4.4079       
# span 7 =     1.4587,     2.2101       
# span 8 = 0.0000e+00, 0.0000e+00       
# interval = meters: 1                  
# start_time = Nov 10 2023 10:16:00 [NMEA time, header]
# bad_flag = -9.990e-29
*END*
[from data line 321]
     50.000    10.1085   3.564981    32.3944       9787     6.7957     2.1390     1.9960 0.0000e+00
     49.000    10.0904   3.560038    32.3612       9819     6.8177     2.2001     2.0480 0.0000e+00
     48.000    10.0869   3.558327    32.3474       9846     6.8365     2.2391     2.0874 0.0000e+00
     47.000    10.0853   3.557727    32.3433       9870     6.8537     2.2661     2.1201 0.0000e+00
     46.000    10.0793   3.556888    32.3405       9896     6.8718     2.2902     2.1441 0.0000e+00
     45.000    10.0745   3.556266    32.3390       9924     6.8909     2.3048     2.1633 0.0000e+00
     44.000    10.0708   3.555795    32.3380       9951     6.9100     2.3155     2.1761 0.0000e+00
     43.000    10.0687   3.555481    32.3372       9979     6.9295     2.3221     2.1870 0.0000e+00
     42.000    10.0701   3.555586    32.3374      10006     6.9479     2.3281     2.1925 0.0000e+00
     41.000    10.0702   3.555594    32.3378      10030     6.9647     2.3317     2.1953 0.0000e+00
     40.000    10.0693   3.555486    32.3379      10055     6.9818     2.3343     2.1942 0.0000e+00
     39.000    10.0645   3.554926    32.3370      10081     7.0003     2.3330     2.1937 0.0000e+00
     38.000    10.0638   3.554793    32.3367      10110     7.0200     2.3331     2.1949 0.0000e+00
     37.000    10.0640   3.554765    32.3367      10139     7.0400     2.3385     2.1956 0.0000e+00
     36.000    10.0667   3.555048    32.3376      10167     7.0596     2.3387     2.1944 0.0000e+00
     35.000    10.0660   3.554938    32.3376      10194     7.0784     2.3381     2.1957 0.0000e+00
     34.000    10.0623   3.554524    32.3371      10219     7.0955     2.3390     2.1977 0.0000e+00
     33.000    10.0577   3.553960    32.3359      10245     7.1138     2.3396     2.1993 0.0000e+00
     32.000    10.0537   3.553462    32.3349      10277     7.1362     2.3403     2.2027 0.0000e+00
     31.000    10.0518   3.553184    32.3343      10308     7.1579     2.3414     2.1994 0.0000e+00
     30.000    10.0529   3.553249    32.3344      10333     7.1753     2.3404     2.1988 0.0000e+00
     29.000    10.0550   3.553466    32.3351      10358     7.1923     2.3408     2.1978 0.0000e+00
     28.000    10.0529   3.553212    32.3349      10385     7.2112     2.3436     2.1963 0.0000e+00
     27.000    10.0517   3.553038    32.3346      10414     7.2315     2.3448     2.1988 0.0000e+00
     26.000    10.0522   3.553037    32.3346      10444     7.2520     2.3458     2.2024 0.0000e+00
     25.000    10.0536   3.553165    32.3350      10473     7.2721     2.3473     2.2004 0.0000e+00
     24.000    10.0545   3.553238    32.3354      10501     7.2918     2.3419     2.2014 0.0000e+00
     23.000    10.0529   3.553040    32.3353      10528     7.3102     2.3392     2.2021 0.0000e+00
     22.000    10.0528   3.552971    32.3352      10554     7.3287     2.3418     2.2008 0.0000e+00
     21.000    10.0524   3.552888    32.3351      10584     7.3492     2.3426     2.2011 0.0000e+00
     20.000    10.0521   3.552824    32.3351      10612     7.3687     2.3431     2.2019 0.0000e+00
     19.000    10.0510   3.552663    32.3349      10638     7.3871     2.3421     2.2052 0.0000e+00
     18.000    10.0504   3.552545    32.3347      10664     7.4051     2.3414     2.2072 0.0000e+00
     17.000    10.0511   3.552565    32.3347      10689     7.4225     2.3389     2.2070 0.0000e+00
     16.000    10.0515   3.552576    32.3349      10714     7.4393     2.3370     2.2073 0.0000e+00
     15.000    10.0549   3.552862    32.3352      10739     7.4572     2.3353     2.2064 0.0000e+00
     14.000    10.0575   3.553198    32.3367      10768     7.4772     2.3289     2.2044 0.0000e+00
     13.000    10.0545   3.552820    32.3360      10796     7.4965     2.3098     2.2039 0.0000e+00
     12.000    10.0554   3.552836    32.3358      10821     7.5138     2.2831     2.2058 0.0000e+00
     11.000    10.0541   3.552763    32.3367      10845     7.5303     2.2518     2.2097 0.0000e+00
     10.000    10.0437   3.551592    32.3345      10868     7.5465     2.2221     2.2101 0.0000e+00
      9.000    10.0416   3.551339    32.3343      10893     7.5642     2.1903     2.2072 0.0000e+00
      8.000    10.0364   3.550692    32.3328      10922     7.5843     2.1523     2.2055 0.0000e+00
      7.000    10.0329   3.550364    32.3331      10949     7.6027     2.1095     2.2050 0.0000e+00
      6.000    10.0304   3.550072    32.3328      11248     7.8103     1.9467     2.2064 0.0000e+00
