HB2304/ctd153.cnv
* Sea-Bird SBE 9 Data File:
* FileName = C:\cruise\data\ctd153.hex
* Software Version Seasave V 7.26.7.121
* Temperature SN = 4591
* Conductivity SN = 3741
* Number of Bytes Per Scan = 37
* Number of Voltage Words = 4
* Number of Scans Averaged by the Deck Unit = 1
* NMEA Latitude = 40 50.84 N
* NMEA Longitude = 069 46.82 W
* NMEA UTC (Time) = Mar 17 2004  00:58:52
* NMEA baud rate = 4800
** Ship: Bigelow HB2304
** Program:  Fall Bottom Trawl Survey
** Chief Scientist: John Galbraith
# nquan = 9
# nvalues = 53                          
# units = specified
# name 0 = depSM: Depth [salt water, m]
# name 1 = t090C: Temperature [ITS-90, deg C]
# name 2 = c0S/m: Conductivity [S/m]
# name 3 = sal00: Salinity, Practical [PSU]
# name 4 = scan: Scan Count
# name 5 = timeM: Time, Elapsed [minutes]
# name 6 = sbeox0V: Oxygen raw, SBE 43 [V]
# name 7 = sbeox1V: Oxygen raw, SBE 43, 2 [V]
# name 8 = flag: flag
# span 0 =      3.000,     29.000       
# span 1 =    14.4725,    14.4932       
# span 2 =   3.835149,   3.839324       
# span 3 =    31.2865,    31.3036       
# span 4 =        199,       2924       
# span 5 =     0.1373,     2.0299       
# span 6 =     2.4100,     2.4224       
# span 7 =     2.2504,     2.2796       
# span 8 = 0.0000e+00, 0.0000e+00       
# interval = meters: 1                  
# start_time = Mar 17 2004 00:58:52 [NMEA time, header]
# bad_flag = -9.990e-29
*END*
      3.000    14.4753   3.835932    31.2967        199     0.1373     2.4107     2.2522 0.0000e+00
      4.000    14.4761   3.835703    31.2936        457     0.3168     2.4108     2.2504 0.0000e+00
      5.000    14.4782   3.835149    31.2865        499     0.3459     2.4130     2.2570 0.0000e+00
      6.000    14.4802   3.836100    31.2932        525     0.3641     2.4131     2.2579 0.0000e+00
      7.000    14.4808   3.836849    31.2991        546     0.3787     2.4130     2.2600 0.0000e+00
      8.000    14.4813   3.836901    31.2988        571     0.3955     2.4137     2.2592 0.0000e+00
      9.000    14.4824   3.837090    31.2992        602     0.4172     2.4143     2.2599 0.0000e+00
     10.000    14.4854   3.837418    31.2994        638     0.4421     2.4136     2.2641 0.0000e+00
     11.000    14.4861   3.837552    31.2997        663     0.4600     2.4137     2.2656 0.0000e+00
     12.000    14.4860   3.837611    31.2999        683     0.4739     2.4126     2.2658 0.0000e+00
     13.000    14.4867   3.837719    31.3000        704     0.4881     2.4126     2.2642 0.0000e+00
     14.000    14.4866   3.837743    31.2999        730     0.5064     2.4137     2.2692 0.0000e+00
     15.000    14.4875   3.837877    31.3000        764     0.5299     2.4140     2.2676 0.0000e+00
     16.000    14.4867   3.837843    31.3000        796     0.5524     2.4139     2.2648 0.0000e+00
     17.000    14.4869   3.837871    31.2996        821     0.5697     2.4103     2.2580 0.0000e+00
     18.000    14.4868   3.837928    31.2999        842     0.5840     2.4105     2.2592 0.0000e+00
     19.000    14.4874   3.838046    31.3001        862     0.5979     2.4125     2.2643 0.0000e+00
     20.000    14.4876   3.838122    31.3002        886     0.6144     2.4130     2.2671 0.0000e+00
     21.000    14.4878   3.838140    31.2998        919     0.6375     2.4128     2.2695 0.0000e+00
     22.000    14.4877   3.838224    31.3003        953     0.6609     2.4139     2.2683 0.0000e+00
     23.000    14.4876   3.838260    31.3004        976     0.6773     2.4164     2.2677 0.0000e+00
     24.000    14.4885   3.838309    31.2998        997     0.6916     2.4159     2.2667 0.0000e+00
     25.000    14.4861   3.838148    31.2998       1020     0.7074     2.4156     2.2690 0.0000e+00
     26.000    14.4854   3.838085    31.2994       1049     0.7279     2.4152     2.2660 0.0000e+00
     27.000    14.4852   3.838102    31.2993       1082     0.7508     2.4143     2.2682 0.0000e+00
     28.000    14.4851   3.838152    31.2995       1111     0.7707     2.4121     2.2685 0.0000e+00
     29.000    14.4862   3.838322    31.2998       1371     0.9517     2.4172     2.2690 0.0000e+00
     28.000    14.4932   3.839324    31.3036       2188     1.5188     2.4100     2.2692 0.0000e+00
     27.000    14.4904   3.838918    31.3025       2266     1.5731     2.4126     2.2689 0.0000e+00
     26.000    14.4902   3.838860    31.3026       2306     1.6005     2.4139     2.2682 0.0000e+00
     25.000    14.4899   3.838800    31.3027       2332     1.6189     2.4138     2.2691 0.0000e+00
     24.000    14.4897   3.838718    31.3024       2358     1.6365     2.4148     2.2684 0.0000e+00
     23.000    14.4899   3.838668    31.3023       2382     1.6538     2.4144     2.2718 0.0000e+00
     22.000    14.4894   3.838579    31.3022       2406     1.6703     2.4139     2.2716 0.0000e+00
     21.000    14.4855   3.838089    31.3013       2430     1.6867     2.4133     2.2719 0.0000e+00
     20.000    14.4840   3.837822    31.3005       2455     1.7039     2.4145     2.2699 0.0000e+00
     19.000    14.4835   3.837743    31.3005       2481     1.7219     2.4164     2.2692 0.0000e+00
     18.000    14.4837   3.837718    31.3005       2506     1.7393     2.4193     2.2718 0.0000e+00
     17.000    14.4841   3.837722    31.3006       2530     1.7560     2.4196     2.2729 0.0000e+00
     16.000    14.4856   3.837797    31.3004       2558     1.7760     2.4177     2.2721 0.0000e+00
     15.000    14.4779   3.837151    31.3011       2593     1.7999     2.4184     2.2703 0.0000e+00
     14.000    14.4819   3.837364    31.3002       2616     1.8163     2.4203     2.2725 0.0000e+00
     13.000    14.4822   3.837401    31.3007       2635     1.8289     2.4210     2.2738 0.0000e+00
     12.000    14.4808   3.837236    31.3007       2653     1.8417     2.4181     2.2747 0.0000e+00
     11.000    14.4800   3.837121    31.3007       2677     1.8582     2.4196     2.2768 0.0000e+00
     10.000    14.4799   3.837052    31.3005       2710     1.8812     2.4224     2.2796 0.0000e+00
      9.000    14.4828   3.837258    31.3004       2741     1.9027     2.4210     2.2765 0.0000e+00
      8.000    14.4820   3.837149    31.3004       2765     1.9192     2.4182     2.2761 0.0000e+00
      7.000    14.4773   3.836785    31.3013       2787     1.9345     2.4178     2.2755 0.0000e+00
      6.000    14.4725   3.836303    31.3012       2813     1.9526     2.4189     2.2737 0.0000e+00
      5.000    14.4752   3.836367    31.3000       2846     1.9758     2.4182     2.2750 0.0000e+00
      4.000    14.4748   3.836250    31.2996       2878     1.9976     2.4193     2.2737 0.0000e+00
      3.000    14.4732   3.836138    31.3003       2924     2.0299     2.4223     2.2741 0.0000e+00
