HB2304/ctd157.cnv
* Sea-Bird SBE 9 Data File:
* FileName = C:\cruise\data\ctd157.hex
* Software Version Seasave V 7.26.7.121
* Temperature SN = 4591
* Conductivity SN = 3741
* Number of Bytes Per Scan = 37
* Number of Voltage Words = 4
* Number of Scans Averaged by the Deck Unit = 1
* NMEA Latitude = 41 25.41 N
* NMEA Longitude = 068 25.42 W
* NMEA UTC (Time) = Nov 03 2023 02:33:22
* NMEA baud rate = 4800
** Ship: Bigelow HB2304
** Program:  Fall Bottom Trawl Survey
** Chief Scientist: John Galbraith
# nquan = 9
# nvalues = 125                         
# units = specified
# name 0 = depSM: Depth [salt water, m]
# name 1 = t090C: Temperature [ITS-90, deg C]
# name 2 = c0S/m: Conductivity [S/m]
# name 3 = sal00: Salinity, Practical [PSU]
# name 4 = scan: Scan Count
# name 5 = timeM: Time, Elapsed [minutes]
# name 6 = sbeox0V: Oxygen raw, SBE 43 [V]
# name 7 = sbeox1V: Oxygen raw, SBE 43, 2 [V]
# name 8 = flag: flag
# span 0 =      3.000,     65.000       
# span 1 =    10.6506,    13.3473       
# span 2 =   3.600930,   3.811055       
# span 3 =    31.9900,    32.2666       
# span 4 =        150,       4352       
# span 5 =     0.1038,     3.0212       
# span 6 =     1.9665,     2.3746       
# span 7 =     1.8508,     2.2324       
# span 8 = 0.0000e+00, 0.0000e+00       
# interval = meters: 1                  
# start_time = Nov 03 2023 02:33:22 [NMEA time, header]
# bad_flag = -9.990e-29
*END*
      3.000    13.3090   3.807993    32.0000        150     0.1038     2.3695     2.2220 0.0000e+00
      4.000    13.3073   3.808071    32.0017        272     0.1883     2.3734     2.2280 0.0000e+00
      5.000    13.3068   3.808095    32.0020        290     0.2009     2.3746     2.2324 0.0000e+00
      6.000    13.3187   3.809151    32.0014        319     0.2206     2.3735     2.2303 0.0000e+00
      7.000    13.2979   3.807857    32.0065        349     0.2414     2.3678     2.2270 0.0000e+00
      8.000    13.2391   3.803559    32.0152        371     0.2566     2.3661     2.2254 0.0000e+00
      9.000    13.1463   3.796269    32.0247        390     0.2703     2.3640     2.2251 0.0000e+00
     10.000    13.0911   3.791652    32.0275        415     0.2873     2.3593     2.2231 0.0000e+00
     11.000    12.9942   3.783722    32.0343        448     0.3107     2.3499     2.2139 0.0000e+00
     12.000    12.9371   3.778679    32.0346        479     0.3320     2.3322     2.2014 0.0000e+00
     13.000    12.9195   3.777024    32.0335        504     0.3490     2.3217     2.1891 0.0000e+00
     14.000    12.9124   3.776286    32.0321        527     0.3652     2.3097     2.1808 0.0000e+00
     15.000    12.9062   3.775741    32.0319        550     0.3815     2.3024     2.1739 0.0000e+00
     16.000    12.8904   3.774375    32.0320        574     0.3978     2.3027     2.1705 0.0000e+00
     17.000    12.8811   3.773512    32.0313        600     0.4158     2.3012     2.1680 0.0000e+00
     18.000    12.8690   3.772412    32.0307        630     0.4367     2.3002     2.1648 0.0000e+00
     19.000    12.8636   3.771928    32.0303        660     0.4575     2.2978     2.1611 0.0000e+00
     20.000    12.8597   3.771607    32.0302        685     0.4750     2.2960     2.1617 0.0000e+00
     21.000    12.8478   3.770630    32.0307        707     0.4906     2.2952     2.1645 0.0000e+00
     22.000    12.8391   3.769850    32.0303        731     0.5071     2.2960     2.1625 0.0000e+00
     23.000    12.8338   3.769350    32.0296        761     0.5275     2.2973     2.1623 0.0000e+00
     24.000    12.8313   3.769125    32.0292        790     0.5477     2.2938     2.1620 0.0000e+00
     25.000    12.8295   3.768977    32.0290        814     0.5644     2.2918     2.1571 0.0000e+00
     26.000    12.8239   3.768529    32.0290        837     0.5807     2.2929     2.1540 0.0000e+00
     27.000    12.8163   3.767878    32.0289        864     0.5991     2.2946     2.1542 0.0000e+00
     28.000    12.7964   3.766274    32.0302        892     0.6189     2.2947     2.1550 0.0000e+00
     29.000    12.7936   3.765854    32.0282        918     0.6366     2.2913     2.1528 0.0000e+00
     30.000    12.7921   3.765800    32.0285        941     0.6525     2.2856     2.1504 0.0000e+00
     31.000    12.7770   3.764733    32.0308        965     0.6693     2.2817     2.1484 0.0000e+00
     32.000    12.7199   3.759622    32.0305        995     0.6900     2.2787     2.1457 0.0000e+00
     33.000    12.7103   3.758602    32.0285       1027     0.7124     2.2772     2.1422 0.0000e+00
     34.000    12.6932   3.757067    32.0281       1053     0.7304     2.2789     2.1417 0.0000e+00
     35.000    12.6823   3.756170    32.0285       1075     0.7461     2.2795     2.1419 0.0000e+00
     36.000    12.6681   3.754946    32.0286       1099     0.7626     2.2784     2.1409 0.0000e+00
     37.000    12.6549   3.753837    32.0288       1125     0.7809     2.2752     2.1427 0.0000e+00
     38.000    12.6384   3.752418    32.0289       1151     0.7989     2.2691     2.1415 0.0000e+00
     39.000    12.6140   3.750458    32.0307       1177     0.8166     2.2636     2.1385 0.0000e+00
     40.000    12.5696   3.746766    32.0329       1205     0.8362     2.2595     2.1347 0.0000e+00
     41.000    12.4864   3.740319    32.0420       1234     0.8560     2.2560     2.1288 0.0000e+00
     42.000    12.3667   3.730431    32.0493       1258     0.8728     2.2524     2.1234 0.0000e+00
     43.000    12.2655   3.722640    32.0609       1280     0.8880     2.2439     2.1172 0.0000e+00
     44.000    12.1015   3.709349    32.0734       1306     0.9065     2.2296     2.1046 0.0000e+00
     45.000    12.0595   3.705717    32.0741       1342     0.9310     2.2053     2.0833 0.0000e+00
     46.000    11.9885   3.700487    32.0843       1368     0.9495     2.1890     2.0679 0.0000e+00
     47.000    11.8648   3.691468    32.1032       1388     0.9629     2.1797     2.0596 0.0000e+00
     48.000    11.6427   3.674949    32.1345       1407     0.9762     2.1694     2.0506 0.0000e+00
     49.000    11.4561   3.660334    32.1536       1433     0.9945     2.1487     2.0367 0.0000e+00
     50.000    11.3984   3.655747    32.1585       1469     1.0197     2.1133     2.0103 0.0000e+00
     51.000    11.3975   3.656734    32.1686       1498     1.0396     2.0927     1.9865 0.0000e+00
     52.000    11.3462   3.653330    32.1795       1520     1.0550     2.0811     1.9725 0.0000e+00
     53.000    11.3047   3.650274    32.1852       1542     1.0704     2.0711     1.9601 0.0000e+00
     54.000    11.2591   3.647258    32.1951       1567     1.0876     2.0625     1.9493 0.0000e+00
     55.000    11.1966   3.643058    32.2080       1597     1.1083     2.0552     1.9373 0.0000e+00
     56.000    11.1292   3.638173    32.2185       1629     1.1303     2.0447     1.9283 0.0000e+00
     57.000    11.0543   3.632820    32.2309       1654     1.1477     2.0359     1.9224 0.0000e+00
     58.000    10.9791   3.626944    32.2385       1676     1.1630     2.0286     1.9169 0.0000e+00
     59.000    10.9406   3.623837    32.2411       1699     1.1790     2.0208     1.9094 0.0000e+00
     60.000    10.9012   3.620923    32.2465       1725     1.1975     2.0145     1.9007 0.0000e+00
     61.000    10.8429   3.616557    32.2540       1754     1.2172     2.0080     1.8933 0.0000e+00
     62.000    10.7849   3.612026    32.2598       1782     1.2368     1.9993     1.8898 0.0000e+00
     63.000    10.7459   3.608931    32.2630       1813     1.2580     1.9915     1.8844 0.0000e+00
     64.000    10.7242   3.607205    32.2645       1842     1.2787     1.9873     1.8765 0.0000e+00
     65.000    10.6506   3.600930    32.2666       2263     1.5707     1.9695     1.8539 0.0000e+00
     64.000    10.6974   3.603631    32.2527       2692     1.8689     1.9665     1.8508 0.0000e+00
     63.000    10.7245   3.605686    32.2496       2705     1.8780     1.9673     1.8519 0.0000e+00
     62.000    10.7395   3.606782    32.2477       2732     1.8962     1.9690     1.8531 0.0000e+00
     61.000    10.7756   3.609291    32.2413       2761     1.9167     1.9719     1.8548 0.0000e+00
     60.000    10.8308   3.613481    32.2346       2794     1.9398     1.9759     1.8556 0.0000e+00
     59.000    10.8905   3.617853    32.2259       2830     1.9643     1.9821     1.8586 0.0000e+00
     58.000    10.9343   3.620852    32.2176       2857     1.9830     1.9880     1.8631 0.0000e+00
     57.000    10.9730   3.623882    32.2139       2881     1.9998     1.9904     1.8670 0.0000e+00
     56.000    11.0502   3.629286    32.2000       2909     2.0191     1.9940     1.8733 0.0000e+00
     55.000    11.1193   3.634282    32.1892       2936     2.0379     2.0000     1.8772 0.0000e+00
     54.000    11.1943   3.639656    32.1770       2957     2.0530     2.0056     1.8810 0.0000e+00
     53.000    11.2349   3.642416    32.1691       2978     2.0675     2.0105     1.8876 0.0000e+00
     52.000    11.2871   3.646252    32.1616       3004     2.0855     2.0179     1.8952 0.0000e+00
     51.000    11.3847   3.652954    32.1427       3044     2.1130     2.0296     1.9082 0.0000e+00
     50.000    11.4098   3.655041    32.1417       3078     2.1369     2.0396     1.9160 0.0000e+00
     49.000    11.4266   3.655435    32.1313       3101     2.1531     2.0466     1.9218 0.0000e+00
     48.000    11.4846   3.658545    32.1118       3123     2.1681     2.0521     1.9283 0.0000e+00
     47.000    11.6343   3.668551    32.0801       3145     2.1836     2.0587     1.9340 0.0000e+00
     46.000    11.8716   3.686288    32.0477       3170     2.2008     2.0687     1.9417 0.0000e+00
     45.000    12.0043   3.697242    32.0398       3198     2.2204     2.0893     1.9538 0.0000e+00
     44.000    12.0711   3.702952    32.0379       3228     2.2408     2.1150     1.9762 0.0000e+00
     43.000    12.2226   3.714343    32.0180       3258     2.2619     2.1351     2.0013 0.0000e+00
     42.000    12.3023   3.721282    32.0168       3286     2.2816     2.1538     2.0178 0.0000e+00
     41.000    12.3807   3.727633    32.0110       3311     2.2989     2.1707     2.0339 0.0000e+00
     40.000    12.4609   3.734631    32.0099       3336     2.3162     2.1861     2.0482 0.0000e+00
     39.000    12.5384   3.741169    32.0066       3362     2.3338     2.2013     2.0609 0.0000e+00
     38.000    12.5845   3.745018    32.0044       3386     2.3509     2.2160     2.0735 0.0000e+00
     37.000    12.6075   3.747451    32.0084       3410     2.3675     2.2274     2.0892 0.0000e+00
     36.000    12.6354   3.749999    32.0093       3438     2.3869     2.2374     2.1036 0.0000e+00
     35.000    12.6594   3.752273    32.0110       3472     2.4103     2.2467     2.1137 0.0000e+00
     34.000    12.6747   3.753663    32.0115       3501     2.4304     2.2536     2.1221 0.0000e+00
     33.000    12.6901   3.755111    32.0126       3523     2.4458     2.2583     2.1230 0.0000e+00
     32.000    12.7015   3.756305    32.0147       3545     2.4610     2.2613     2.1261 0.0000e+00
     31.000    12.7077   3.756699    32.0135       3570     2.4786     2.2650     2.1295 0.0000e+00
     30.000    12.7421   3.759985    32.0159       3598     2.4980     2.2663     2.1331 0.0000e+00
     29.000    12.7710   3.762511    32.0157       3625     2.5165     2.2657     2.1344 0.0000e+00
     28.000    12.7949   3.764587    32.0155       3651     2.5350     2.2653     2.1355 0.0000e+00
     27.000    12.8065   3.765759    32.0172       3678     2.5536     2.2699     2.1374 0.0000e+00
     26.000    12.8161   3.766672    32.0181       3704     2.5715     2.2754     2.1397 0.0000e+00
     25.000    12.8207   3.767057    32.0182       3731     2.5900     2.2804     2.1424 0.0000e+00
     24.000    12.8247   3.767599    32.0204       3760     2.6103     2.2829     2.1459 0.0000e+00
     23.000    12.8322   3.768229    32.0204       3789     2.6304     2.2868     2.1490 0.0000e+00
     22.000    12.8348   3.768459    32.0207       3812     2.6465     2.2912     2.1549 0.0000e+00
     21.000    12.8383   3.768783    32.0213       3833     2.6613     2.2931     2.1599 0.0000e+00
     20.000    12.8476   3.769493    32.0205       3856     2.6774     2.2934     2.1627 0.0000e+00
     19.000    12.8573   3.770329    32.0206       3886     2.6978     2.2919     2.1635 0.0000e+00
     18.000    12.8635   3.771077    32.0228       3917     2.7195     2.2933     2.1638 0.0000e+00
     17.000    12.8792   3.772189    32.0204       3943     2.7376     2.2966     2.1637 0.0000e+00
     16.000    12.8832   3.772733    32.0225       3968     2.7547     2.2983     2.1643 0.0000e+00
     15.000    12.8913   3.773289    32.0214       3994     2.7727     2.3032     2.1633 0.0000e+00
     14.000    12.9095   3.774823    32.0209       4019     2.7900     2.3047     2.1666 0.0000e+00
     13.000    12.9218   3.775900    32.0210       4044     2.8074     2.3020     2.1686 0.0000e+00
     12.000    12.9657   3.779044    32.0139       4070     2.8258     2.3045     2.1679 0.0000e+00
     11.000    13.0459   3.785501    32.0074       4095     2.8434     2.3062     2.1687 0.0000e+00
     10.000    13.1016   3.790372    32.0066       4118     2.8594     2.3090     2.1704 0.0000e+00
      9.000    13.1479   3.793954    32.0016       4142     2.8757     2.3148     2.1746 0.0000e+00
      8.000    13.2337   3.800845    31.9944       4170     2.8951     2.3262     2.1820 0.0000e+00
      7.000    13.3183   3.807936    31.9900       4202     2.9172     2.3421     2.1951 0.0000e+00
      6.000    13.3244   3.808894    31.9943       4226     2.9343     2.3496     2.2034 0.0000e+00
      5.000    13.3315   3.809468    31.9940       4248     2.9493     2.3546     2.2098 0.0000e+00
      4.000    13.3385   3.810159    31.9950       4275     2.9683     2.3605     2.2173 0.0000e+00
      3.000    13.3473   3.811055    31.9964       4352     3.0212     2.3667     2.2270 0.0000e+00
