HB2304/ctd162.cnv
* Sea-Bird SBE 9 Data File:
* FileName = C:\cruise\data\ctd162.hex
* Software Version Seasave V 7.26.7.121
* Temperature SN = 4591
* Conductivity SN = 3741
* Number of Bytes Per Scan = 37
* Number of Voltage Words = 4
* Number of Scans Averaged by the Deck Unit = 1
* NMEA Latitude = 41 56.78 N
* NMEA Longitude = 068 14.74 W
* NMEA UTC (Time) = Nov 03 2023 18:41:50
* NMEA baud rate = 4800
** Ship: Bigelow HB2304
** Program:  Fall Bottom Trawl Survey
** Chief Scientist: John Galbraith
# nquan = 9
# nvalues = 431                         
# units = specified
# name 0 = depSM: Depth [salt water, m]
# name 1 = t090C: Temperature [ITS-90, deg C]
# name 2 = c0S/m: Conductivity [S/m]
# name 3 = sal00: Salinity, Practical [PSU]
# name 4 = scan: Scan Count
# name 5 = timeM: Time, Elapsed [minutes]
# name 6 = sbeox0V: Oxygen raw, SBE 43 [V]
# name 7 = sbeox1V: Oxygen raw, SBE 43, 2 [V]
# name 8 = flag: flag
# span 0 =      3.000,    218.000       
# span 1 =     7.1611,    13.3858       
# span 2 =   3.368308,   3.792934       
# span 3 =    31.7809,    34.5512       
# span 4 =         80,      12739       
# span 5 =     0.0550,     8.8456       
# span 6 =     1.6499,     2.4607       
# span 7 =     1.5518,     2.3039       
# span 8 = 0.0000e+00, 0.0000e+00       
# interval = meters: 1                  
# start_time = Nov 03 2023 18:41:50 [NMEA time, header]
# bad_flag = -9.990e-29
*END*
[from data line 161]
    164.000     7.6052   3.453527    33.5027       4540     3.1524     1.6850     1.5820 0.0000e+00
    165.000     7.6057   3.453720    33.5039       4570     3.1731     1.6855     1.5831 0.0000e+00
    166.000     7.6084   3.454193    33.5060       4602     3.1952     1.6863     1.5856 0.0000e+00
    167.000     7.6147   3.455346    33.5118       4631     3.2153     1.6870     1.5857 0.0000e+00
    168.000     7.6328   3.458769    33.5307       4656     3.2325     1.6864     1.5847 0.0000e+00
    169.000     7.6462   3.462695    33.5596       4680     3.2494     1.6859     1.5847 0.0000e+00
    170.000     7.6601   3.466101    33.5825       4708     3.2690     1.6852     1.5858 0.0000e+00
    171.000     7.6696   3.468445    33.5981       4743     3.2933     1.6827     1.5836 0.0000e+00
    172.000     7.6812   3.470470    33.6082       4774     3.3146     1.6784     1.5804 0.0000e+00
    173.000     7.7032   3.474582    33.6307       4798     3.3312     1.6768     1.5786 0.0000e+00
    174.000     7.7187   3.477602    33.6478       4822     3.3476     1.6758     1.5772 0.0000e+00
    175.000     7.7667   3.486676    33.6985       4847     3.3654     1.6747     1.5752 0.0000e+00
    176.000     7.7788   3.489520    33.7169       4875     3.3848     1.6733     1.5739 0.0000e+00
    177.000     7.7868   3.491243    33.7272       4905     3.4053     1.6724     1.5730 0.0000e+00
    178.000     7.8157   3.496406    33.7542       4934     3.4256     1.6720     1.5719 0.0000e+00
    179.000     7.8556   3.504449    33.8015       4964     3.4463     1.6704     1.5703 0.0000e+00
    180.000     7.8648   3.506418    33.8132       4993     3.4665     1.6695     1.5708 0.0000e+00
    181.000     7.8828   3.510192    33.8357       5019     3.4845     1.6699     1.5701 0.0000e+00
    182.000     7.9016   3.514587    33.8642       5045     3.5025     1.6697     1.5700 0.0000e+00
    183.000     7.9245   3.520238    33.9020       5074     3.5229     1.6704     1.5696 0.0000e+00
    184.000     7.9393   3.524029    33.9279       5101     3.5419     1.6698     1.5678 0.0000e+00
    185.000     7.9572   3.528066    33.9532       5126     3.5592     1.6682     1.5665 0.0000e+00
    186.000     7.9792   3.532536    33.9792       5154     3.5784     1.6666     1.5664 0.0000e+00
    187.000     7.9961   3.536674    34.0065       5185     3.5997     1.6662     1.5660 0.0000e+00
    188.000     8.0051   3.539271    34.0252       5213     3.6197     1.6647     1.5660 0.0000e+00
    189.000     8.0224   3.543970    34.0581       5241     3.6391     1.6638     1.5661 0.0000e+00
    190.000     8.0465   3.549542    34.0937       5271     3.6599     1.6649     1.5654 0.0000e+00
    191.000     8.0748   3.556741    34.1426       5300     3.6796     1.6639     1.5647 0.0000e+00
    192.000     8.1313   3.571300    34.2424       5324     3.6968     1.6622     1.5651 0.0000e+00
    193.000     8.1793   3.585438    34.3458       5349     3.7140     1.6609     1.5638 0.0000e+00
    194.000     8.1948   3.590899    34.3885       5377     3.7335     1.6574     1.5630 0.0000e+00
    195.000     8.1995   3.592481    34.4003       5407     3.7544     1.6553     1.5614 0.0000e+00
    196.000     8.2019   3.593442    34.4077       5436     3.7746     1.6539     1.5583 0.0000e+00
    197.000     8.2038   3.594562    34.4173       5466     3.7952     1.6521     1.5571 0.0000e+00
    198.000     8.2045   3.594735    34.4180       5496     3.8158     1.6508     1.5547 0.0000e+00
    199.000     8.2031   3.594849    34.4200       5523     3.8345     1.6501     1.5544 0.0000e+00
    200.000     8.2036   3.595021    34.4209       5549     3.8525     1.6499     1.5552 0.0000e+00
    201.000     8.2037   3.595076    34.4209       5575     3.8709     1.6505     1.5549 0.0000e+00
    202.000     8.2023   3.594821    34.4191       5602     3.8897     1.6505     1.5549 0.0000e+00
    203.000     8.2028   3.594998    34.4200       5629     3.9082     1.6506     1.5567 0.0000e+00
    204.000     8.2035   3.595242    34.4215       5656     3.9270     1.6505     1.5555 0.0000e+00
    205.000     8.2050   3.595714    34.4246       5688     3.9491     1.6516     1.5554 0.0000e+00
    206.000     8.2061   3.596062    34.4267       5720     3.9713     1.6516     1.5556 0.0000e+00
    207.000     8.2073   3.596518    34.4298       5746     3.9893     1.6517     1.5551 0.0000e+00
    208.000     8.2073   3.596591    34.4301       5770     4.0065     1.6519     1.5537 0.0000e+00
    209.000     8.2086   3.597053    34.4333       5797     4.0250     1.6508     1.5536 0.0000e+00
    210.000     8.2085   3.597132    34.4338       5825     4.0445     1.6510     1.5534 0.0000e+00
    211.000     8.2112   3.598156    34.4416       5853     4.0641     1.6523     1.5534 0.0000e+00
    212.000     8.2167   3.600612    34.4619       5882     4.0840     1.6525     1.5546 0.0000e+00
    213.000     8.2236   3.604202    34.4929       5913     4.1054     1.6527     1.5554 0.0000e+00
    214.000     8.2254   3.605036    34.4995       5941     4.1253     1.6541     1.5555 0.0000e+00
    215.000     8.2269   3.605673    34.5044       5966     4.1421     1.6570     1.5579 0.0000e+00
    216.000     8.2310   3.607084    34.5149       5989     4.1587     1.6593     1.5602 0.0000e+00
    217.000     8.2380   3.608914    34.5271       6019     4.1789     1.6602     1.5627 0.0000e+00
    218.000     8.2486   3.612202    34.5512       6402     4.4448     1.6628     1.5644 0.0000e+00
    217.000     8.2442   3.611115    34.5444       6859     4.7622     1.6632     1.5633 0.0000e+00
    216.000     8.2338   3.608094    34.5229       6884     4.7795     1.6637     1.5642 0.0000e+00
    215.000     8.2297   3.606643    34.5119       6912     4.7992     1.6632     1.5639 0.0000e+00
    214.000     8.2271   3.605576    34.5036       6942     4.8204     1.6631     1.5638 0.0000e+00
    213.000     8.2263   3.605255    34.5015       6968     4.8383     1.6626     1.5647 0.0000e+00
    212.000     8.2220   3.603481    34.4873       6991     4.8538     1.6624     1.5654 0.0000e+00
    211.000     8.2178   3.601418    34.4699       7014     4.8704     1.6634     1.5649 0.0000e+00
    210.000     8.2140   3.599444    34.4531       7039     4.8878     1.6641     1.5627 0.0000e+00
    209.000     8.2133   3.598964    34.4491       7063     4.9042     1.6638     1.5623 0.0000e+00
    208.000     8.2127   3.598755    34.4479       7089     4.9220     1.6619     1.5617 0.0000e+00
    207.000     8.2089   3.597224    34.4358       7121     4.9443     1.6591     1.5603 0.0000e+00
    206.000     8.2071   3.596445    34.4297       7149     4.9640     1.6571     1.5582 0.0000e+00
    205.000     8.2070   3.596340    34.4292       7172     4.9799     1.6560     1.5564 0.0000e+00
    204.000     8.2073   3.596386    34.4299       7196     4.9963     1.6551     1.5560 0.0000e+00
    203.000     8.2065   3.596123    34.4284       7220     5.0132     1.6537     1.5555 0.0000e+00
    202.000     8.2063   3.595984    34.4276       7245     5.0302     1.6529     1.5553 0.0000e+00
    201.000     8.2064   3.595990    34.4280       7270     5.0482     1.6520     1.5538 0.0000e+00
    200.000     8.2060   3.595896    34.4279       7298     5.0671     1.6514     1.5521 0.0000e+00
    199.000     8.2075   3.596089    34.4290       7325     5.0863     1.6520     1.5518 0.0000e+00
    198.000     8.2089   3.596256    34.4298       7351     5.1044     1.6530     1.5524 0.0000e+00
    197.000     8.2088   3.596272    34.4305       7376     5.1217     1.6536     1.5526 0.0000e+00
    196.000     8.2049   3.594890    34.4202       7402     5.1396     1.6532     1.5523 0.0000e+00
    195.000     8.1934   3.591447    34.3952       7428     5.1573     1.6528     1.5534 0.0000e+00
    194.000     8.1591   3.581852    34.3269       7453     5.1749     1.6525     1.5553 0.0000e+00
    193.000     8.1129   3.568811    34.2334       7481     5.1941     1.6513     1.5545 0.0000e+00
    192.000     8.0712   3.557526    34.1540       7506     5.2118     1.6506     1.5541 0.0000e+00
    191.000     8.0577   3.553431    34.1240       7528     5.2274     1.6505     1.5531 0.0000e+00
    190.000     8.0381   3.548780    34.0937       7552     5.2436     1.6509     1.5530 0.0000e+00
    189.000     8.0209   3.544029    34.0602       7579     5.2627     1.6524     1.5530 0.0000e+00
    188.000     8.0040   3.539615    34.0299       7610     5.2837     1.6544     1.5527 0.0000e+00
    187.000     7.9956   3.537094    34.0115       7639     5.3042     1.6571     1.5548 0.0000e+00
    186.000     7.9835   3.534600    33.9971       7665     5.3223     1.6594     1.5586 0.0000e+00
    185.000     7.9679   3.531014    33.9743       7687     5.3378     1.6603     1.5607 0.0000e+00
    184.000     7.9465   3.526726    33.9497       7708     5.3523     1.6615     1.5618 0.0000e+00
    183.000     7.9303   3.522787    33.9238       7732     5.3689     1.6617     1.5628 0.0000e+00
    182.000     7.9076   3.517064    33.8849       7762     5.3898     1.6616     1.5634 0.0000e+00
    181.000     7.8911   3.513029    33.8582       7792     5.4106     1.6617     1.5645 0.0000e+00
    180.000     7.8813   3.510813    33.8443       7818     5.4284     1.6617     1.5648 0.0000e+00
    179.000     7.8702   3.508423    33.8300       7843     5.4457     1.6632     1.5635 0.0000e+00
    178.000     7.8462   3.504074    33.8070       7870     5.4644     1.6649     1.5628 0.0000e+00
    177.000     7.8115   3.497053    33.7657       7897     5.4836     1.6654     1.5639 0.0000e+00
    176.000     7.7971   3.494034    33.7477       7922     5.5010     1.6662     1.5654 0.0000e+00
    175.000     7.7840   3.491409    33.7327       7946     5.5172     1.6656     1.5655 0.0000e+00
    174.000     7.7597   3.486951    33.7087       7971     5.5346     1.6648     1.5652 0.0000e+00
    173.000     7.7232   3.479518    33.6645       7997     5.5529     1.6646     1.5658 0.0000e+00
    172.000     7.7138   3.477626    33.6537       8023     5.5710     1.6648     1.5666 0.0000e+00
    171.000     7.6970   3.474446    33.6362       8052     5.5908     1.6653     1.5675 0.0000e+00
    170.000     7.6930   3.473446    33.6298       8082     5.6118     1.6674     1.5690 0.0000e+00
    169.000     7.6877   3.472526    33.6254       8108     5.6296     1.6687     1.5694 0.0000e+00
    168.000     7.6724   3.469636    33.6096       8130     5.6451     1.6686     1.5697 0.0000e+00
    167.000     7.6570   3.465784    33.5835       8152     5.6607     1.6697     1.5707 0.0000e+00
    166.000     7.6538   3.464234    33.5703       8178     5.6787     1.6700     1.5714 0.0000e+00
    165.000     7.6394   3.460938    33.5491       8209     5.7001     1.6708     1.5719 0.0000e+00
    164.000     7.6223   3.457240    33.5263       8237     5.7194     1.6722     1.5729 0.0000e+00
    163.000     7.6149   3.455674    33.5170       8262     5.7367     1.6757     1.5748 0.0000e+00
    162.000     7.6061   3.453997    33.5079       8286     5.7537     1.6789     1.5779 0.0000e+00
    161.000     7.5998   3.452704    33.5005       8310     5.7701     1.6810     1.5798 0.0000e+00
    160.000     7.5959   3.451934    33.4965       8333     5.7862     1.6814     1.5804 0.0000e+00
    159.000     7.5918   3.451127    33.4922       8362     5.8059     1.6821     1.5814 0.0000e+00
    158.000     7.5881   3.450338    33.4877       8394     5.8282     1.6831     1.5829 0.0000e+00
    157.000     7.5833   3.449472    33.4835       8419     5.8460     1.6856     1.5835 0.0000e+00
    156.000     7.5759   3.448139    33.4767       8443     5.8622     1.6864     1.5833 0.0000e+00
    155.000     7.5648   3.446384    33.4689       8469     5.8805     1.6867     1.5837 0.0000e+00
    154.000     7.5541   3.444753    33.4621       8496     5.8992     1.6865     1.5836 0.0000e+00
    153.000     7.5342   3.441566    33.4473       8520     5.9158     1.6866     1.5846 0.0000e+00
    152.000     7.4988   3.435236    33.4135       8544     5.9323     1.6865     1.5852 0.0000e+00
    151.000     7.4817   3.431641    33.3916       8570     5.9506     1.6867     1.5854 0.0000e+00
    150.000     7.4676   3.428713    33.3740       8597     5.9695     1.6872     1.5842 0.0000e+00
    149.000     7.4463   3.424880    33.3535       8622     5.9871     1.6887     1.5837 0.0000e+00
    148.000     7.3914   3.415497    33.3051       8650     6.0065     1.6922     1.5857 0.0000e+00
    147.000     7.3663   3.410321    33.2736       8679     6.0266     1.6953     1.5869 0.0000e+00
    146.000     7.3643   3.409327    33.2652       8702     6.0426     1.6960     1.5872 0.0000e+00
    145.000     7.3603   3.408519    33.2608       8724     6.0575     1.6968     1.5869 0.0000e+00
    144.000     7.3492   3.406666    33.2518       8749     6.0750     1.7004     1.5887 0.0000e+00
    143.000     7.3408   3.405078    33.2431       8778     6.0952     1.7042     1.5933 0.0000e+00
    142.000     7.3372   3.404375    33.2395       8807     6.1150     1.7069     1.5969 0.0000e+00
    141.000     7.3333   3.403666    33.2360       8833     6.1332     1.7083     1.6001 0.0000e+00
    140.000     7.3308   3.403174    33.2335       8858     6.1508     1.7084     1.6037 0.0000e+00
    139.000     7.3281   3.402687    33.2313       8884     6.1689     1.7093     1.6055 0.0000e+00
    138.000     7.3160   3.400751    33.2224       8910     6.1869     1.7111     1.6056 0.0000e+00
    137.000     7.2792   3.394609    33.1915       8934     6.2037     1.7113     1.6062 0.0000e+00
    136.000     7.2510   3.389375    33.1622       8961     6.2221     1.7109     1.6069 0.0000e+00
    135.000     7.2431   3.387376    33.1486       8990     6.2427     1.7106     1.6066 0.0000e+00
    134.000     7.2310   3.385263    33.1377       9017     6.2612     1.7102     1.6051 0.0000e+00
    133.000     7.2251   3.384304    33.1333       9042     6.2784     1.7100     1.6023 0.0000e+00
    132.000     7.2203   3.383526    33.1300       9069     6.2976     1.7095     1.6019 0.0000e+00
    131.000     7.2129   3.382312    33.1244       9097     6.3166     1.7086     1.6017 0.0000e+00
    130.000     7.2044   3.380787    33.1164       9120     6.3329     1.7070     1.6003 0.0000e+00
    129.000     7.1915   3.378275    33.1019       9143     6.3489     1.7062     1.5999 0.0000e+00
    128.000     7.1800   3.375931    33.0880       9171     6.3683     1.7044     1.6009 0.0000e+00
    127.000     7.1676   3.373519    33.0741       9203     6.3902     1.7063     1.6011 0.0000e+00
    126.000     7.1643   3.372357    33.0651       9231     6.4095     1.7101     1.6010 0.0000e+00
    125.000     7.1632   3.371728    33.0597       9256     6.4269     1.7143     1.6044 0.0000e+00
    124.000     7.1624   3.370973    33.0528       9280     6.4437     1.7176     1.6080 0.0000e+00
    123.000     7.1633   3.369671    33.0382       9305     6.4608     1.7194     1.6105 0.0000e+00
    122.000     7.1636   3.369553    33.0371       9330     6.4785     1.7211     1.6131 0.0000e+00
    121.000     7.1642   3.369511    33.0366       9358     6.4979     1.7226     1.6148 0.0000e+00
    120.000     7.1659   3.369309    33.0332       9387     6.5179     1.7235     1.6179 0.0000e+00
    119.000     7.1684   3.369081    33.0288       9415     6.5377     1.7252     1.6203 0.0000e+00
    118.000     7.1718   3.368850    33.0236       9442     6.5561     1.7258     1.6224 0.0000e+00
    117.000     7.1755   3.368682    33.0186       9468     6.5744     1.7282     1.6230 0.0000e+00
    116.000     7.1797   3.368533    33.0135       9495     6.5931     1.7302     1.6230 0.0000e+00
    115.000     7.1825   3.368652    33.0126       9520     6.6107     1.7310     1.6240 0.0000e+00
    114.000     7.1901   3.368942    33.0090       9544     6.6274     1.7315     1.6240 0.0000e+00
