HB2304/ctd197.cnv
* Sea-Bird SBE 9 Data File:
* FileName = C:\cruise\data\ctd197.hex
* Software Version Seasave V 7.26.7.121
* Temperature SN = 4591
* Conductivity SN = 3741
* Number of Bytes Per Scan = 37
* Number of Voltage Words = 4
* Number of Scans Averaged by the Deck Unit = 1
* NMEA Latitude = 42 21.27 N
* NMEA Longitude = 069 24.94 W
* NMEA UTC (Time) = Nov 14 2023 07:29:58
* NMEA baud rate = 4800
** Ship: Bigelow HB2304
** Program:  Fall Bottom Trawl Survey
** Chief Scientist: John Galbraith
# nquan = 9
# nvalues = 448                         
# units = specified
# name 0 = depSM: Depth [salt water, m]
# name 1 = t090C: Temperature [ITS-90, deg C]
# name 2 = c0S/m: Conductivity [S/m]
# name 3 = sal00: Salinity, Practical [PSU]
# name 4 = scan: Scan Count
# name 5 = timeM: Time, Elapsed [minutes]
# name 6 = sbeox0V: Oxygen raw, SBE 43 [V]
# name 7 = sbeox1V: Oxygen raw, SBE 43, 2 [V]
# name 8 = flag: flag
# span 0 =      1.000,    225.000       
# span 1 =     7.3203,    11.5801       
# span 2 =   3.358627,   3.660406       
# span 3 =    32.0378,    34.2315       
# span 4 =         18,      13845       
# span 5 =     0.0120,     9.6137       
# span 6 =     1.5227,     4.0991       
# span 7 =     1.4321,     2.2593       
# span 8 = 0.0000e+00, 0.0000e+00       
# interval = meters: 1                  
# start_time = Nov 14 2023 07:29:58 [NMEA time, header]
# bad_flag = -9.990e-29
*END*
      2.000    11.5782   3.658276    32.0472         18     0.0120     2.6257     2.2520 0.0000e+00
      3.000    11.5704   3.657727    32.0482        227     0.1570     2.6107     2.2500 0.0000e+00
      4.000    11.5733   3.658043    32.0484        258     0.1786     2.6577     2.2509 0.0000e+00
      5.000    11.5711   3.657908    32.0486        287     0.1986     2.7222     2.2522 0.0000e+00
      6.000    11.5741   3.658267    32.0491        315     0.2183     2.8211     2.2520 0.0000e+00
      7.000    11.5795   3.658829    32.0495        344     0.2382     2.9468     2.2555 0.0000e+00
      8.000    11.5798   3.659077    32.0511        370     0.2564     3.0739     2.2564 0.0000e+00
      9.000    11.5801   3.659194    32.0517        394     0.2731     3.2007     2.2562 0.0000e+00
     10.000    11.5792   3.659327    32.0533        418     0.2899     3.3384     2.2593 0.0000e+00
     11.000    11.5777   3.659400    32.0549        444     0.3079     3.4976     2.2565 0.0000e+00
     12.000    11.5779   3.659478    32.0550        471     0.3263     3.6664     2.2538 0.0000e+00
     13.000    11.5764   3.659542    32.0565        496     0.3434     3.8243     2.2558 0.0000e+00
     14.000    11.5736   3.659566    32.0588        520     0.3602     4.0991     2.2544 0.0000e+00
     15.000    11.5734   3.659633    32.0592        546     0.3782     4.0895     2.2544 0.0000e+00
     16.000    11.5728   3.659767    32.0606        637     0.4417     2.9429     2.2488 0.0000e+00
     17.000    11.5720   3.659771    32.0610        730     0.5062     2.3777     2.2477 0.0000e+00
     18.000    11.5714   3.659827    32.0616        760     0.5270     2.3223     2.2458 0.0000e+00
     19.000    11.5698   3.659817    32.0625        789     0.5473     2.2976     2.2473 0.0000e+00
     20.000    11.5704   3.659914    32.0625        815     0.5653     2.3138     2.2432 0.0000e+00
     21.000    11.5712   3.660075    32.0630        840     0.5829     2.3346     2.2440 0.0000e+00
     22.000    11.5714   3.660158    32.0632        867     0.6015     2.3373     2.2452 0.0000e+00
     23.000    11.5713   3.660217    32.0634        896     0.6213     2.3235     2.2449 0.0000e+00
     24.000    11.5709   3.660257    32.0637        923     0.6400     2.3022     2.2457 0.0000e+00
     25.000    11.5705   3.660267    32.0638        948     0.6574     2.2813     2.2419 0.0000e+00
     26.000    11.5706   3.660327    32.0638        973     0.6753     2.2690     2.2440 0.0000e+00
     27.000    11.5690   3.660406    32.0656       1001     0.6943     2.2647     2.2442 0.0000e+00
     28.000    11.2969   3.649277    32.1930       1028     0.7129     2.2491     2.2426 0.0000e+00
     29.000    10.9840   3.630791    32.2845       1052     0.7298     2.2323     2.2385 0.0000e+00
     30.000    10.8293   3.619737    32.3108       1075     0.7460     2.2374     2.2138 0.0000e+00
     31.000    10.7777   3.616527    32.3241       1100     0.7632     2.2686     2.1473 0.0000e+00
     32.000    10.6721   3.611588    32.3679       1128     0.7825     2.2882     2.0621 0.0000e+00
     33.000    10.5712   3.606323    32.4045       1157     0.8027     2.2370     2.0033 0.0000e+00
     34.000    10.5035   3.604457    32.4457       1184     0.8217     2.1644     1.9607 0.0000e+00
     35.000    10.4757   3.606405    32.4895       1210     0.8394     2.1041     1.9263 0.0000e+00
     36.000    10.3689   3.600616    32.5263       1235     0.8569     2.0580     1.9048 0.0000e+00
     37.000    10.1525   3.579452    32.5068       1261     0.8749     2.0309     1.8866 0.0000e+00
     38.000    10.0957   3.574816    32.5105       1287     0.8927     2.0124     1.8758 0.0000e+00
     39.000    10.0663   3.572056    32.5086       1311     0.9100     1.9941     1.8661 0.0000e+00
     40.000    10.0132   3.569995    32.5350       1336     0.9274     1.9776     1.8510 0.0000e+00
     41.000    10.0606   3.577051    32.5634       1363     0.9458     1.9628     1.8389 0.0000e+00
     42.000    10.0680   3.578800    32.5740       1391     0.9650     1.9560     1.8349 0.0000e+00
     43.000    10.0072   3.574543    32.5852       1417     0.9836     1.9543     1.8320 0.0000e+00
     44.000     9.5872   3.537930    32.5917       1443     1.0012     1.9540     1.8325 0.0000e+00
     45.000     9.2546   3.503821    32.5434       1468     1.0186     1.9475     1.8284 0.0000e+00
     46.000     9.1088   3.491136    32.5448       1494     1.0366     1.9294     1.8164 0.0000e+00
     47.000     8.9444   3.477646    32.5549       1520     1.0551     1.9078     1.8001 0.0000e+00
     48.000     8.7924   3.465266    32.5649       1547     1.0733     1.8884     1.7790 0.0000e+00
     49.000     8.5326   3.444318    32.5844       1573     1.0914     1.8730     1.7660 0.0000e+00
     50.000     8.4058   3.434190    32.5946       1599     1.1098     1.8578     1.7536 0.0000e+00
     51.000     8.3623   3.430905    32.5997       1625     1.1280     1.8439     1.7381 0.0000e+00
     52.000     8.3217   3.427555    32.6015       1650     1.1449     1.8339     1.7291 0.0000e+00
     53.000     8.3195   3.427244    32.5997       1674     1.1615     1.8267     1.7245 0.0000e+00
     54.000     8.4102   3.441238    32.6629       1699     1.1794     1.8207     1.7150 0.0000e+00
     55.000     8.5198   3.455775    32.7138       1728     1.1994     1.8197     1.7126 0.0000e+00
     56.000     8.5212   3.456673    32.7215       1756     1.2191     1.8214     1.7129 0.0000e+00
     57.000     8.5050   3.455978    32.7288       1781     1.2364     1.8223     1.7133 0.0000e+00
     58.000     8.4254   3.450041    32.7397       1806     1.2532     1.8229     1.7141 0.0000e+00
     59.000     8.3485   3.443971    32.7468       1831     1.2709     1.8230     1.7137 0.0000e+00
     60.000     8.3100   3.440752    32.7481       1858     1.2897     1.8229     1.7108 0.0000e+00
     61.000     8.2467   3.436864    32.7655       1885     1.3082     1.8197     1.7083 0.0000e+00
     62.000     8.1758   3.432016    32.7798       1910     1.3259     1.8168     1.7035 0.0000e+00
     63.000     8.1627   3.432218    32.7937       1936     1.3441     1.8118     1.6999 0.0000e+00
     64.000     8.0152   3.420207    32.8036       1964     1.3632     1.8077     1.6967 0.0000e+00
     65.000     7.9308   3.412529    32.8004       1991     1.3819     1.8026     1.6949 0.0000e+00
     66.000     7.8884   3.408662    32.7985       2016     1.3994     1.7979     1.6912 0.0000e+00
     67.000     7.8553   3.405502    32.7954       2042     1.4173     1.7943     1.6888 0.0000e+00
     68.000     7.8629   3.406169    32.7949       2069     1.4364     1.7893     1.6854 0.0000e+00
     69.000     7.8542   3.405934    32.8000       2098     1.4560     1.7861     1.6828 0.0000e+00
     70.000     7.8275   3.403480    32.7984       2126     1.4754     1.7830     1.6810 0.0000e+00
     71.000     7.7949   3.400492    32.7967       2152     1.4938     1.7831     1.6781 0.0000e+00
     72.000     7.6920   3.390713    32.7882       2178     1.5115     1.7827     1.6780 0.0000e+00
     73.000     7.5605   3.377668    32.7713       2202     1.5288     1.7791     1.6739 0.0000e+00
     74.000     7.6388   3.384998    32.7758       2227     1.5459     1.7727     1.6693 0.0000e+00
     75.000     7.5915   3.383650    32.8055       2252     1.5634     1.7689     1.6675 0.0000e+00
     76.000     7.5394   3.377911    32.7925       2280     1.5824     1.7668     1.6657 0.0000e+00
     77.000     7.4869   3.372989    32.7885       2309     1.6026     1.7645     1.6641 0.0000e+00
     78.000     7.3890   3.364308    32.7868       2337     1.6223     1.7625     1.6622 0.0000e+00
     79.000     7.3268   3.358627    32.7837       2364     1.6409     1.7600     1.6593 0.0000e+00
     80.000     7.3319   3.359610    32.7890       2390     1.6593     1.7536     1.6521 0.0000e+00
     81.000     7.3471   3.361889    32.7989       2417     1.6775     1.7476     1.6479 0.0000e+00
     82.000     7.3870   3.367398    32.8202       2442     1.6955     1.7434     1.6429 0.0000e+00
     83.000     7.4144   3.371472    32.8378       2469     1.7137     1.7415     1.6387 0.0000e+00
     84.000     7.4102   3.371842    32.8453       2496     1.7324     1.7412     1.6394 0.0000e+00
     85.000     7.4196   3.373448    32.8534       2523     1.7517     1.7421     1.6360 0.0000e+00
     86.000     7.4259   3.374965    32.8633       2550     1.7700     1.7423     1.6352 0.0000e+00
     87.000     7.3748   3.372340    32.8828       2575     1.7873     1.7409     1.6349 0.0000e+00
     88.000     7.3486   3.370308    32.8852       2600     1.8048     1.7378     1.6326 0.0000e+00
     89.000     7.3305   3.369459    32.8928       2627     1.8235     1.7346     1.6299 0.0000e+00
     90.000     7.3529   3.374843    32.9293       2655     1.8430     1.7337     1.6291 0.0000e+00
     91.000     7.3671   3.377233    32.9412       2683     1.8623     1.7340     1.6308 0.0000e+00
     92.000     7.3839   3.380262    32.9575       2710     1.8813     1.7333     1.6302 0.0000e+00
     93.000     7.3915   3.382358    32.9726       2737     1.9001     1.7328     1.6326 0.0000e+00
     94.000     7.3949   3.384751    32.9947       2764     1.9189     1.7330     1.6324 0.0000e+00
     95.000     7.3933   3.385056    32.9991       2791     1.9374     1.7322     1.6302 0.0000e+00
     96.000     7.3888   3.385058    33.0029       2817     1.9553     1.7315     1.6307 0.0000e+00
     97.000     7.4023   3.387347    33.0144       2842     1.9732     1.7307     1.6283 0.0000e+00
     98.000     7.4250   3.391508    33.0373       2869     1.9915     1.7289     1.6255 0.0000e+00
     99.000     7.4264   3.391974    33.0404       2895     2.0100     1.7250     1.6259 0.0000e+00
    100.000     7.4241   3.392394    33.0467       2922     2.0281     1.7215     1.6215 0.0000e+00
    101.000     7.4234   3.395328    33.0787       2948     2.0463     1.7203     1.6211 0.0000e+00
    102.000     7.4327   3.398883    33.1077       2975     2.0650     1.7201     1.6197 0.0000e+00
    103.000     7.4365   3.400515    33.1213       3003     2.0849     1.7193     1.6158 0.0000e+00
    104.000     7.4385   3.401593    33.1305       3032     2.1051     1.7172     1.6165 0.0000e+00
    105.000     7.4411   3.402210    33.1343       3060     2.1243     1.7139     1.6136 0.0000e+00
    106.000     7.4429   3.402922    33.1398       3086     2.1424     1.7114     1.6099 0.0000e+00
    107.000     7.4435   3.403155    33.1413       3112     2.1603     1.7105     1.6083 0.0000e+00
    108.000     7.4463   3.404851    33.1564       3138     2.1781     1.7095     1.6035 0.0000e+00
    109.000     7.4464   3.406512    33.1738       3163     2.1959     1.7080     1.6031 0.0000e+00
    110.000     7.4523   3.407521    33.1786       3189     2.2137     1.7069     1.6030 0.0000e+00
    111.000     7.4555   3.408093    33.1812       3216     2.2326     1.7044     1.5985 0.0000e+00
    112.000     7.4591   3.409302    33.1904       3244     2.2523     1.7015     1.5981 0.0000e+00
    113.000     7.4643   3.411080    33.2041       3271     2.2712     1.6985     1.5967 0.0000e+00
    114.000     7.4788   3.413696    33.2181       3298     2.2893     1.6968     1.5937 0.0000e+00
    115.000     7.4934   3.416484    33.2337       3325     2.3082     1.6953     1.5932 0.0000e+00
    116.000     7.4894   3.416828    33.2408       3354     2.3282     1.6940     1.5898 0.0000e+00
    117.000     7.4917   3.417575    33.2462       3381     2.3474     1.6925     1.5886 0.0000e+00
    118.000     7.4931   3.418122    33.2503       3407     2.3650     1.6904     1.5900 0.0000e+00
    119.000     7.4929   3.418551    33.2546       3432     2.3827     1.6883     1.5858 0.0000e+00
    120.000     7.4936   3.418776    33.2560       3459     2.4013     1.6866     1.5846 0.0000e+00
    121.000     7.4906   3.418594    33.2563       3486     2.4203     1.6846     1.5828 0.0000e+00
    122.000     7.4840   3.418070    33.2565       3513     2.4387     1.6834     1.5795 0.0000e+00
    123.000     7.4685   3.417042    33.2598       3540     2.4576     1.6818     1.5793 0.0000e+00
    124.000     7.4469   3.415800    33.2666       3568     2.4770     1.6800     1.5771 0.0000e+00
    125.000     7.4492   3.416308    33.2694       3595     2.4961     1.6777     1.5768 0.0000e+00
    126.000     7.4550   3.417212    33.2731       3623     2.5151     1.6781     1.5789 0.0000e+00
    127.000     7.4708   3.419403    33.2812       3650     2.5338     1.6789     1.5773 0.0000e+00
    128.000     7.4766   3.420518    33.2872       3676     2.5518     1.6788     1.5783 0.0000e+00
    129.000     7.4782   3.421177    33.2923       3701     2.5694     1.6773     1.5770 0.0000e+00
    130.000     7.4752   3.421444    33.2976       3726     2.5870     1.6747     1.5729 0.0000e+00
    131.000     7.4680   3.421689    33.3067       3752     2.6049     1.6714     1.5729 0.0000e+00
    132.000     7.4805   3.423810    33.3171       3780     2.6240     1.6687     1.5703 0.0000e+00
    133.000     7.4828   3.424409    33.3209       3810     2.6450     1.6650     1.5662 0.0000e+00
    134.000     7.4731   3.423647    33.3215       3840     2.6659     1.6632     1.5656 0.0000e+00
    135.000     7.4621   3.422721    33.3216       3868     2.6856     1.6624     1.5613 0.0000e+00
    136.000     7.4361   3.420558    33.3227       3895     2.7043     1.6619     1.5623 0.0000e+00
    137.000     7.4253   3.419929    33.3257       3920     2.7216     1.6624     1.5621 0.0000e+00
    138.000     7.4267   3.420752    33.3329       3944     2.7380     1.6646     1.5610 0.0000e+00
    139.000     7.4424   3.423239    33.3442       3968     2.7552     1.6673     1.5658 0.0000e+00
    140.000     7.4582   3.425653    33.3547       3996     2.7740     1.6690     1.5675 0.0000e+00
    141.000     7.4905   3.429733    33.3672       4024     2.7937     1.6696     1.5662 0.0000e+00
    142.000     7.5428   3.435772    33.3818       4051     2.8128     1.6694     1.5674 0.0000e+00
    143.000     7.5534   3.437392    33.3886       4079     2.8317     1.6666     1.5621 0.0000e+00
    144.000     7.5481   3.437231    33.3915       4106     2.8507     1.6582     1.5568 0.0000e+00
    145.000     7.5313   3.435945    33.3932       4134     2.8699     1.6490     1.5509 0.0000e+00
    146.000     7.5503   3.438290    33.3998       4161     2.8892     1.6430     1.5439 0.0000e+00
    147.000     7.5622   3.440269    33.4092       4189     2.9087     1.6405     1.5430 0.0000e+00
    148.000     7.5595   3.441337    33.4229       4217     2.9277     1.6382     1.5388 0.0000e+00
    149.000     7.5681   3.442894    33.4309       4243     2.9459     1.6354     1.5362 0.0000e+00
    150.000     7.5792   3.445399    33.4468       4268     2.9635     1.6328     1.5374 0.0000e+00
    151.000     7.5920   3.448366    33.4660       4294     2.9815     1.6297     1.5316 0.0000e+00
    152.000     7.6160   3.452363    33.4855       4322     3.0006     1.6277     1.5277 0.0000e+00
    153.000     7.6400   3.456396    33.5054       4349     3.0195     1.6282     1.5291 0.0000e+00
    154.000     7.6639   3.460181    33.5227       4376     3.0379     1.6293     1.5285 0.0000e+00
    155.000     7.6691   3.461629    33.5328       4403     3.0568     1.6290     1.5311 0.0000e+00
    156.000     7.7020   3.467102    33.5595       4431     3.0764     1.6269     1.5286 0.0000e+00
    157.000     7.7113   3.468729    33.5676       4459     3.0956     1.6237     1.5261 0.0000e+00
    158.000     7.7190   3.469911    33.5725       4485     3.1140     1.6194     1.5262 0.0000e+00
    159.000     7.7324   3.472274    33.5844       4513     3.1333     1.6154     1.5194 0.0000e+00
    160.000     7.7410   3.473755    33.5916       4542     3.1533     1.6118     1.5154 0.0000e+00
    161.000     7.7515   3.475549    33.6004       4569     3.1724     1.6083     1.5124 0.0000e+00
