HB2304/ctd160.cnv
* Sea-Bird SBE 9 Data File:
* FileName = C:\cruise\data\ctd160.hex
* Software Version Seasave V 7.26.7.121
* Temperature SN = 4591
* Conductivity SN = 3741
* Number of Bytes Per Scan = 37
* Number of Voltage Words = 4
* Number of Scans Averaged by the Deck Unit = 1
* NMEA Latitude = 41 40.35 N
* NMEA Longitude = 068 24.74 W
* NMEA UTC (Time) = Nov 03 2023 13:55:56
* NMEA baud rate = 4800
** Ship: Bigelow HB2304
** Program:  Fall Bottom Trawl Survey
** Chief Scientist: John Galbraith
# nquan = 9
# nvalues = 60                          
# units = specified
# name 0 = depSM: Depth [salt water, m]
# name 1 = t090C: Temperature [ITS-90, deg C]
# name 2 = c0S/m: Conductivity [S/m]
# name 3 = sal00: Salinity, Practical [PSU]
# name 4 = scan: Scan Count
# name 5 = timeM: Time, Elapsed [minutes]
# name 6 = sbeox0V: Oxygen raw, SBE 43 [V]
# name 7 = sbeox1V: Oxygen raw, SBE 43, 2 [V]
# name 8 = flag: flag
# span 0 =      3.000,     33.000       
# span 1 =    12.0103,    13.3442       
# span 2 =   3.708454,   3.810073       
# span 3 =    31.9733,    32.1514       
# span 4 =        125,       2719       
# span 5 =     0.0861,     1.8872       
# span 6 =     2.1153,     2.3698       
# span 7 =     1.9904,     2.2323       
# span 8 = 0.0000e+00, 0.0000e+00       
# interval = meters: 1                  
# start_time = Nov 03 2023 13:55:56 [NMEA time, header]
# bad_flag = -9.990e-29
*END*
      4.000    13.3442   3.809952    31.9883        125     0.0861     2.3650     2.2222 0.0000e+00
      5.000    13.3430   3.809939    31.9887        227     0.1569     2.3649     2.2198 0.0000e+00
      6.000    13.3412   3.809826    31.9888        264     0.1826     2.3622     2.2237 0.0000e+00
      7.000    13.3418   3.809905    31.9887        295     0.2045     2.3617     2.2253 0.0000e+00
      8.000    13.3420   3.809961    31.9886        335     0.2322     2.3608     2.2233 0.0000e+00
      9.000    13.3428   3.810073    31.9886        379     0.2624     2.3614     2.2205 0.0000e+00
     10.000    13.3416   3.810032    31.9889        411     0.2847     2.3581     2.2251 0.0000e+00
     11.000    13.3397   3.809943    31.9892        444     0.3077     2.3590     2.2256 0.0000e+00
     12.000    13.3340   3.809515    31.9896        485     0.3363     2.3591     2.2275 0.0000e+00
     13.000    13.3299   3.809267    31.9904        523     0.3624     2.3609     2.2255 0.0000e+00
     14.000    13.3124   3.807853    31.9915        553     0.3832     2.3610     2.2218 0.0000e+00
     15.000    13.2617   3.803910    31.9968        593     0.4108     2.3567     2.2217 0.0000e+00
     16.000    13.1799   3.797398    32.0042        639     0.4434     2.3456     2.2158 0.0000e+00
     17.000    13.0466   3.786356    32.0125        670     0.4649     2.3379     2.2114 0.0000e+00
     18.000    12.9112   3.775335    32.0226        703     0.4875     2.3241     2.1949 0.0000e+00
     19.000    12.7600   3.762483    32.0288        745     0.5164     2.3079     2.1786 0.0000e+00
     20.000    12.6636   3.753992    32.0298        783     0.5433     2.2964     2.1656 0.0000e+00
     21.000    12.5689   3.746310    32.0368        812     0.5635     2.2957     2.1637 0.0000e+00
     22.000    12.5010   3.740866    32.0424        852     0.5910     2.2922     2.1618 0.0000e+00
     23.000    12.4448   3.736935    32.0524        899     0.6234     2.2793     2.1527 0.0000e+00
     24.000    12.4273   3.736027    32.0583        930     0.6452     2.2674     2.1416 0.0000e+00
     25.000    12.4043   3.734774    32.0656        970     0.6731     2.2497     2.1244 0.0000e+00
     26.000    12.3563   3.731896    32.0787       1033     0.7163     2.2249     2.1014 0.0000e+00
     27.000    12.3249   3.729879    32.0859       1067     0.7403     2.2175     2.0907 0.0000e+00
     28.000    12.2883   3.727965    32.0984       1101     0.7638     2.2062     2.0798 0.0000e+00
     29.000    12.2543   3.726039    32.1087       1152     0.7995     2.1867     2.0638 0.0000e+00
     30.000    12.1951   3.721732    32.1178       1196     0.8299     2.1737     2.0515 0.0000e+00
     31.000    12.0955   3.714756    32.1359       1246     0.8648     2.1604     2.0410 0.0000e+00
     32.000    12.0104   3.708800    32.1514       1294     0.8979     2.1462     2.0300 0.0000e+00
     33.000    12.0103   3.708621    32.1494       1311     0.9097     2.1403     2.0211 0.0000e+00
     32.000    12.0179   3.708454    32.1415       1662     1.1531     2.1153     1.9904 0.0000e+00
     31.000    12.1095   3.714080    32.1173       1744     1.2105     2.1256     2.0027 0.0000e+00
     30.000    12.2106   3.721043    32.0979       1777     1.2332     2.1284     2.0063 0.0000e+00
     29.000    12.2731   3.725843    32.0908       1811     1.2570     2.1380     2.0132 0.0000e+00
     28.000    12.2993   3.727368    32.0833       1850     1.2837     2.1530     2.0259 0.0000e+00
     27.000    12.3115   3.728046    32.0798       1882     1.3065     2.1643     2.0343 0.0000e+00
     26.000    12.3692   3.731268    32.0616       1915     1.3294     2.1728     2.0394 0.0000e+00
     25.000    12.4173   3.734364    32.0506       1948     1.3519     2.1815     2.0478 0.0000e+00
     24.000    12.4541   3.736215    32.0373       1982     1.3756     2.1931     2.0593 0.0000e+00
     23.000    12.4768   3.737565    32.0312       2020     1.4018     2.2113     2.0747 0.0000e+00
     22.000    12.5151   3.740087    32.0230       2060     1.4295     2.2324     2.0956 0.0000e+00
     21.000    12.5642   3.743418    32.0134       2090     1.4506     2.2488     2.1080 0.0000e+00
     20.000    12.6681   3.751735    32.0045       2118     1.4699     2.2605     2.1186 0.0000e+00
     19.000    12.8413   3.765913    31.9923       2154     1.4951     2.2753     2.1371 0.0000e+00
     18.000    12.9946   3.779113    31.9877       2198     1.5257     2.2935     2.1558 0.0000e+00
     17.000    13.0774   3.786118    31.9843       2224     1.5435     2.2986     2.1597 0.0000e+00
     16.000    13.1930   3.795480    31.9752       2246     1.5589     2.3056     2.1621 0.0000e+00
     15.000    13.2834   3.803355    31.9733       2272     1.5768     2.3165     2.1680 0.0000e+00
     14.000    13.3133   3.806326    31.9764       2302     1.5978     2.3262     2.1828 0.0000e+00
     13.000    13.3238   3.807454    31.9785       2330     1.6174     2.3349     2.1944 0.0000e+00
     12.000    13.3341   3.808423    31.9793       2354     1.6340     2.3445     2.2032 0.0000e+00
     11.000    13.3384   3.808888    31.9804       2379     1.6511     2.3501     2.2080 0.0000e+00
     10.000    13.3431   3.809337    31.9811       2408     1.6715     2.3564     2.2137 0.0000e+00
      9.000    13.3420   3.809332    31.9824       2435     1.6906     2.3582     2.2158 0.0000e+00
      8.000    13.3390   3.809092    31.9831       2459     1.7069     2.3596     2.2190 0.0000e+00
      7.000    13.3397   3.809136    31.9833       2484     1.7244     2.3616     2.2243 0.0000e+00
      6.000    13.3423   3.809375    31.9837       2514     1.7454     2.3605     2.2290 0.0000e+00
      5.000    13.3412   3.809266    31.9840       2546     1.7673     2.3626     2.2254 0.0000e+00
      4.000    13.3409   3.809168    31.9838       2581     1.7915     2.3645     2.2277 0.0000e+00
      3.000    13.3394   3.809068    31.9845       2719     1.8872     2.3698     2.2323 0.0000e+00
