HB2304/ctd123.cnv
* Sea-Bird SBE 9 Data File:
* FileName = C:\cruise\data\ctd123.hex
* Software Version Seasave V 7.26.7.121
* Temperature SN = 4591
* Conductivity SN = 3741
* Number of Bytes Per Scan = 37
* Number of Voltage Words = 4
* Number of Scans Averaged by the Deck Unit = 1
* NMEA Latitude = 42 10.86 N
* NMEA Longitude = 067 05.60 W
* NMEA UTC (Time) = Oct 17 2023  14:16:46
* NMEA baud rate = 4800
** Ship: Bigelow HB2304
** Program:  Fall Bottom Trawl Survey
** Chief Scientist: John Galbraith
# nquan = 7
# nvalues = 300                         
# units = specified
# name 0 = depSM: Depth [salt water, m]
# name 1 = t090C: Temperature [ITS-90, deg C]
# name 2 = c0S/m: Conductivity [S/m]
# name 3 = sal00: Salinity, Practical [PSU]
# name 4 = scan: Scan Count
# name 5 = timeM: Time, Elapsed [minutes]
# name 6 = flag: flag
# span 0 =      2.000,    152.000       
# span 1 =     7.9408,    15.0014       
# span 2 =   3.446017,   3.936893       
# span 3 =    31.7514,    33.2866       
# span 4 =         47,      10213       
# span 5 =     0.0316,     7.0914       
# span 6 = 0.0000e+00, 0.0000e+00       
# interval = meters: 1                  
# start_time = Oct 17 2023 14:16:46 [NMEA time, header]
# bad_flag = -9.990e-29
*END*
[from data line 206]
     95.000     8.9781   3.493672    32.6687       7012     4.8689 0.0000e+00
     94.000     8.9740   3.493243    32.6686       7030     4.8814 0.0000e+00
     93.000     8.9722   3.493138    32.6695       7051     4.8955 0.0000e+00
     92.000     8.9735   3.493183    32.6693       7074     4.9115 0.0000e+00
     91.000     8.9678   3.492606    32.6689       7096     4.9270 0.0000e+00
     90.000     8.9625   3.492016    32.6681       7117     4.9415 0.0000e+00
     89.000     8.9465   3.489991    32.6622       7168     4.9771 0.0000e+00
     88.000     8.9494   3.489978    32.6599       7231     5.0208 0.0000e+00
     87.000     8.9482   3.489884    32.6605       7245     5.0308 0.0000e+00
     86.000     8.9483   3.489818    32.6601       7258     5.0397 0.0000e+00
     85.000     8.9442   3.489454    32.6606       7270     5.0480 0.0000e+00
     84.000     8.9445   3.489368    32.6599       7282     5.0565 0.0000e+00
     83.000     8.9455   3.489421    32.6600       7297     5.0664 0.0000e+00
     82.000     8.9379   3.488503    32.6579       7352     5.1047 0.0000e+00
     81.000     8.9382   3.488206    32.6549       7433     5.1608 0.0000e+00
     80.000     8.9811   3.492087    32.6564       7461     5.1806 0.0000e+00
     79.000     8.9753   3.491973    32.6609       7497     5.2053 0.0000e+00
     78.000     8.9403   3.488497    32.6574       7929     5.5055 0.0000e+00
     77.000     8.9683   3.491332    32.6616       8192     5.6880 0.0000e+00
     76.000     8.9760   3.492032    32.6623       8265     5.7389 0.0000e+00
     75.000     8.9735   3.491802    32.6626       8323     5.7790 0.0000e+00
     74.000     8.9665   3.491150    32.6627       8339     5.7901 0.0000e+00
     73.000     8.9586   3.490340    32.6620       8352     5.7996 0.0000e+00
     72.000     8.9547   3.489759    32.6600       8365     5.8083 0.0000e+00
     71.000     8.9594   3.490085    32.6596       8379     5.8177 0.0000e+00
     70.000     8.9654   3.490663    32.6605       8395     5.8288 0.0000e+00
     69.000     8.9574   3.489926    32.6606       8421     5.8473 0.0000e+00
     68.000     8.9630   3.490341    32.6603       8482     5.8897 0.0000e+00
     67.000     8.9691   3.490869    32.6606       8524     5.9185 0.0000e+00
     66.000     8.9676   3.490792    32.6616       8544     5.9325 0.0000e+00
     65.000     8.9693   3.490911    32.6617       8560     5.9436 0.0000e+00
     64.000     8.9705   3.491167    32.6638       8574     5.9536 0.0000e+00
     63.000     8.9684   3.490857    32.6629       8588     5.9631 0.0000e+00
     62.000     8.9687   3.490822    32.6627       8603     5.9733 0.0000e+00
     61.000     8.9699   3.490839    32.6622       8624     5.9885 0.0000e+00
     60.000     9.0396   3.494685    32.6386       8712     6.0490 0.0000e+00
     59.000     9.0395   3.494503    32.6374       8730     6.0617 0.0000e+00
     58.000     9.0564   3.495383    32.6314       8743     6.0705 0.0000e+00
     57.000     9.0844   3.497146    32.6245       8755     6.0793 0.0000e+00
     56.000     9.0617   3.495978    32.6337       8768     6.0882 0.0000e+00
     55.000     9.0790   3.496379    32.6224       8782     6.0977 0.0000e+00
     54.000     9.1783   3.502366    32.5940       8801     6.1114 0.0000e+00
     53.000     9.2785   3.510190    32.5837       8877     6.1640 0.0000e+00
     52.000     9.3232   3.511814    32.5602       8907     6.1850 0.0000e+00
     51.000     9.3852   3.515248    32.5396       8925     6.1971 0.0000e+00
     50.000     9.6383   3.532482    32.4872       8941     6.2080 0.0000e+00
     49.000     9.7307   3.541122    32.4924       8956     6.2185 0.0000e+00
     48.000     9.7918   3.545513    32.4825       8972     6.2297 0.0000e+00
     47.000    10.2210   3.574021    32.3865       8991     6.2432 0.0000e+00
     46.000    10.9909   3.634166    32.3045       9029     6.2692 0.0000e+00
     45.000    11.3394   3.662261    32.2758       9074     6.3007 0.0000e+00
     44.000    11.5086   3.675289    32.2561       9095     6.3155 0.0000e+00
     43.000    11.7124   3.692240    32.2443       9115     6.3290 0.0000e+00
     42.000    11.7878   3.699781    32.2525       9138     6.3450 0.0000e+00
     41.000    11.8336   3.704228    32.2563       9166     6.3649 0.0000e+00
     40.000    11.8549   3.706386    32.2592       9191     6.3817 0.0000e+00
     39.000    11.8712   3.708078    32.2618       9210     6.3951 0.0000e+00
     38.000    11.8781   3.708942    32.2645       9230     6.4090 0.0000e+00
     37.000    11.9665   3.715203    32.2490       9261     6.4306 0.0000e+00
     36.000    12.2024   3.733343    32.2206       9297     6.4558 0.0000e+00
     35.000    12.3071   3.741107    32.2054       9321     6.4719 0.0000e+00
     34.000    12.6566   3.763829    32.1236       9342     6.4869 0.0000e+00
     33.000    13.0807   3.796772    32.0752       9365     6.5027 0.0000e+00
     32.000    13.1981   3.805367    32.0573       9388     6.5189 0.0000e+00
     31.000    13.2883   3.810573    32.0304       9412     6.5356 0.0000e+00
     30.000    13.4725   3.822295    31.9856       9444     6.5573 0.0000e+00
     29.000    13.7179   3.841625    31.9604       9479     6.5823 0.0000e+00
     28.000    14.0404   3.866564    31.9228       9504     6.5992 0.0000e+00
     27.000    14.3117   3.886415    31.8808       9523     6.6126 0.0000e+00
     26.000    14.5695   3.904176    31.8311       9541     6.6253 0.0000e+00
     25.000    14.8038   3.923376    31.8137       9562     6.6393 0.0000e+00
     24.000    14.8651   3.928647    31.8116       9593     6.6614 0.0000e+00
     23.000    14.8871   3.929665    31.8033       9642     6.6949 0.0000e+00
     22.000    14.8912   3.930315    31.8061       9664     6.7102 0.0000e+00
     21.000    14.9016   3.930193    31.7969       9679     6.7210 0.0000e+00
     20.000    14.9225   3.929866    31.7773       9695     6.7318 0.0000e+00
     19.000    14.9466   3.930806    31.7666       9713     6.7442 0.0000e+00
     18.000    14.9726   3.931723    31.7541       9754     6.7728 0.0000e+00
     17.000    14.9803   3.932079    31.7514       9806     6.8092 0.0000e+00
     16.000    14.9816   3.932180    31.7517       9824     6.8217 0.0000e+00
     15.000    14.9829   3.932326    31.7522       9840     6.8324 0.0000e+00
     14.000    14.9877   3.932702    31.7521       9855     6.8433 0.0000e+00
     13.000    14.9885   3.932831    31.7530       9873     6.8553 0.0000e+00
     12.000    14.9918   3.933139    31.7535       9895     6.8709 0.0000e+00
     11.000    14.9932   3.933384    31.7549       9932     6.8968 0.0000e+00
     10.000    14.9903   3.933343    31.7573       9982     6.9309 0.0000e+00
      9.000    14.9902   3.933348    31.7578      10004     6.9462 0.0000e+00
      8.000    14.9908   3.933486    31.7589      10022     6.9588 0.0000e+00
      7.000    14.9913   3.933531    31.7593      10039     6.9709 0.0000e+00
      6.000    14.9921   3.933558    31.7593      10061     6.9860 0.0000e+00
      5.000    14.9917   3.933598    31.7603      10099     7.0127 0.0000e+00
      4.000    14.9896   3.933485    31.7614      10135     7.0375 0.0000e+00
      3.000    14.9899   3.933517    31.7618      10157     7.0529 0.0000e+00
      2.000    14.9894   3.933528    31.7627      10213     7.0914 0.0000e+00
