HB2304/ctd113.cnv
* Sea-Bird SBE 9 Data File:
* FileName = C:\cruise\data\ctd113.hex
* Software Version Seasave V 7.26.7.121
* Temperature SN = 4591
* Conductivity SN = 3741
* Number of Bytes Per Scan = 37
* Number of Voltage Words = 4
* Number of Scans Averaged by the Deck Unit = 1
* NMEA Latitude = 40 01.10 N
* NMEA Longitude = 070 00.86 W
* NMEA UTC (Time) = Oct 13 2023  07:14:28
* NMEA baud rate = 4800
** Ship: Bigelow HB2304
** Program:  Fall Bottom Trawl Survey
** Chief Scientist: John Galbraith
# nquan = 7
# nvalues = 310                         
# units = specified
# name 0 = depSM: Depth [salt water, m]
# name 1 = t090C: Temperature [ITS-90, deg C]
# name 2 = c0S/m: Conductivity [S/m]
# name 3 = sal00: Salinity, Practical [PSU]
# name 4 = scan: Scan Count
# name 5 = timeM: Time, Elapsed [minutes]
# name 6 = flag: flag
# span 0 =      2.000,    157.000       
# span 1 =     9.7269,    18.0298       
# span 2 =   3.689318,   4.421640       
# span 3 =    32.7178,    35.1777       
# span 4 =        121,       9317       
# span 5 =     0.0832,     6.4693       
# span 6 = 0.0000e+00, 0.0000e+00       
# interval = meters: 1                  
# start_time = Oct 13 2023 07:14:28 [NMEA time, header]
# bad_flag = -9.990e-29
*END*
[from data line 206]
    105.000     9.8762   3.728668    34.2479       6577     4.5665 0.0000e+00
    104.000     9.8786   3.728762    34.2471       6602     4.5840 0.0000e+00
    103.000     9.8806   3.728826    34.2463       6627     4.6015 0.0000e+00
    102.000     9.8787   3.728357    34.2438       6650     4.6177 0.0000e+00
    101.000     9.8707   3.727159    34.2396       6671     4.6322 0.0000e+00
    100.000     9.8659   3.726322    34.2360       6692     4.6468 0.0000e+00
     99.000     9.8584   3.725165    34.2317       6717     4.6639 0.0000e+00
     98.000     9.8502   3.723917    34.2272       6748     4.6855 0.0000e+00
     97.000     9.8393   3.722224    34.2207       6778     4.7062 0.0000e+00
     96.000     9.7945   3.716509    34.2052       6803     4.7235 0.0000e+00
     95.000     9.7725   3.712256    34.1829       6827     4.7400 0.0000e+00
     94.000     9.7669   3.710177    34.1673       6854     4.7588 0.0000e+00
     93.000     9.7580   3.707813    34.1520       6884     4.7800 0.0000e+00
     92.000     9.7390   3.704694    34.1385       6911     4.7986 0.0000e+00
     91.000     9.7387   3.703420    34.1262       6934     4.8143 0.0000e+00
     90.000     9.7441   3.703377    34.1211       6957     4.8307 0.0000e+00
     89.000     9.7575   3.704188    34.1172       6985     4.8498 0.0000e+00
     88.000     9.8523   3.711122    34.0989       7012     4.8689 0.0000e+00
     87.000    10.1117   3.736108    34.1092       7036     4.8856 0.0000e+00
     86.000    10.2980   3.757019    34.1465       7060     4.9018 0.0000e+00
     85.000    10.2927   3.758299    34.1649       7083     4.9182 0.0000e+00
     84.000    10.1306   3.735525    34.0869       7107     4.9345 0.0000e+00
     83.000    10.1545   3.732768    34.0369       7132     4.9520 0.0000e+00
     82.000    10.1728   3.731885    34.0112       7166     4.9760 0.0000e+00
     81.000    10.0441   3.717007    33.9813       7205     5.0029 0.0000e+00
     80.000    10.0073   3.707692    33.9214       7230     5.0204 0.0000e+00
     79.000    10.3519   3.735918    33.8857       7250     5.0338 0.0000e+00
     78.000    11.0111   3.800582    33.9222       7267     5.0457 0.0000e+00
     77.000    11.2816   3.838998    34.0541       7285     5.0580 0.0000e+00
     76.000    11.5194   3.861801    34.0601       7305     5.0724 0.0000e+00
     75.000    11.8699   3.899158    34.1045       7336     5.0938 0.0000e+00
     74.000    12.0428   3.914169    34.0929       7380     5.1243 0.0000e+00
     73.000    11.9971   3.909218    34.0869       7412     5.1467 0.0000e+00
     72.000    11.9576   3.903341    34.0663       7433     5.1610 0.0000e+00
     71.000    11.8853   3.891758    34.0200       7451     5.1739 0.0000e+00
     70.000    11.7771   3.873932    33.9453       7471     5.1876 0.0000e+00
     69.000    11.4730   3.832110    33.8137       7494     5.2035 0.0000e+00
     68.000    10.9025   3.753713    33.5600       7522     5.2232 0.0000e+00
     67.000    10.7040   3.722110    33.4271       7558     5.2482 0.0000e+00
     66.000    10.6582   3.713662    33.3850       7590     5.2701 0.0000e+00
     65.000    10.5595   3.697774    33.3164       7613     5.2860 0.0000e+00
     64.000    10.5556   3.694133    33.2840       7633     5.3003 0.0000e+00
     63.000    10.7139   3.700917    33.2081       7655     5.3150 0.0000e+00
     62.000    11.1112   3.726964    33.1083       7680     5.3327 0.0000e+00
     61.000    11.8184   3.776625    32.9637       7711     5.3539 0.0000e+00
     60.000    12.1294   3.808053    32.9935       7739     5.3733 0.0000e+00
     59.000    12.6544   3.856078    32.9929       7761     5.3890 0.0000e+00
     58.000    13.1470   3.899546    32.9758       7782     5.4038 0.0000e+00
     57.000    13.6282   3.943092    32.9682       7807     5.4207 0.0000e+00
     56.000    13.8011   3.964263    33.0167       7839     5.4427 0.0000e+00
     55.000    14.0455   3.988825    33.0347       7870     5.4647 0.0000e+00
     54.000    14.1501   4.000541    33.0534       7895     5.4819 0.0000e+00
     53.000    14.2418   4.010640    33.0682       7917     5.4972 0.0000e+00
     52.000    14.4087   4.028146    33.0866       7938     5.5119 0.0000e+00
     51.000    14.6045   4.048950    33.1101       7960     5.5272 0.0000e+00
     50.000    14.9616   4.085073    33.1349       7985     5.5441 0.0000e+00
     49.000    15.3736   4.127227    33.1665       8012     5.5631 0.0000e+00
     48.000    15.8888   4.184112    33.2408       8039     5.5817 0.0000e+00
     47.000    16.2122   4.217733    33.2675       8065     5.6003 0.0000e+00
     46.000    16.2796   4.228243    33.3041       8096     5.6213 0.0000e+00
     45.000    16.4942   4.248820    33.3060       8124     5.6410 0.0000e+00
     44.000    16.8369   4.281088    33.3030       8148     5.6576 0.0000e+00
     43.000    17.2652   4.325282    33.3316       8170     5.6730 0.0000e+00
     42.000    17.6350   4.368782    33.4010       8193     5.6888 0.0000e+00
     41.000    17.7516   4.385299    33.4466       8217     5.7058 0.0000e+00
     40.000    17.8019   4.391909    33.4620       8243     5.7234 0.0000e+00
     39.000    17.8696   4.399951    33.4753       8267     5.7404 0.0000e+00
     38.000    17.9005   4.403757    33.4827       8292     5.7577 0.0000e+00
     37.000    17.9511   4.409242    33.4882       8323     5.7790 0.0000e+00
     36.000    17.9914   4.414438    33.4995       8357     5.8026 0.0000e+00
     35.000    17.9880   4.413031    33.4908       8381     5.8196 0.0000e+00
     34.000    17.9564   4.408725    33.4805       8401     5.8334 0.0000e+00
     33.000    17.9434   4.406849    33.4756       8420     5.8469 0.0000e+00
     32.000    17.9341   4.405742    33.4742       8444     5.8630 0.0000e+00
     31.000    17.9365   4.405654    33.4718       8474     5.8843 0.0000e+00
     30.000    17.9259   4.404497    33.4710       8504     5.9052 0.0000e+00
     29.000    17.8422   4.393850    33.4495       8529     5.9222 0.0000e+00
     28.000    17.8036   4.387308    33.4258       8551     5.9377 0.0000e+00
     27.000    17.7950   4.385955    33.4217       8574     5.9532 0.0000e+00
     26.000    17.7794   4.383873    33.4171       8601     5.9724 0.0000e+00
     25.000    17.6831   4.371434    33.3904       8634     5.9949 0.0000e+00
     24.000    17.6012   4.359418    33.3553       8659     6.0124 0.0000e+00
     23.000    17.5528   4.351781    33.3301       8681     6.0276 0.0000e+00
     22.000    17.5347   4.348720    33.3190       8705     6.0446 0.0000e+00
     21.000    17.4732   4.340545    33.2999       8731     6.0622 0.0000e+00
     20.000    17.4371   4.334516    33.2782       8754     6.0786 0.0000e+00
     19.000    17.4345   4.333707    33.2737       8778     6.0952 0.0000e+00
     18.000    17.4289   4.332885    33.2716       8807     6.1150 0.0000e+00
     17.000    17.3980   4.327642    33.2523       8835     6.1345 0.0000e+00
     16.000    17.4011   4.326030    33.2363       8859     6.1512 0.0000e+00
     15.000    17.3302   4.315768    33.2066       8883     6.1684 0.0000e+00
     14.000    17.1683   4.289088    33.1101       8912     6.1884 0.0000e+00
     13.000    17.1263   4.280592    33.0716       8941     6.2086 0.0000e+00
     12.000    17.1004   4.274530    33.0408       8964     6.2245 0.0000e+00
     11.000    17.0888   4.271583    33.0253       8985     6.2386 0.0000e+00
     10.000    17.0828   4.269218    33.0101       9004     6.2523 0.0000e+00
      9.000    17.0331   4.260419    32.9751       9028     6.2688 0.0000e+00
      8.000    16.8395   4.228438    32.8569       9060     6.2913 0.0000e+00
      7.000    16.7556   4.212793    32.7900       9093     6.3142 0.0000e+00
      6.000    16.6897   4.202230    32.7523       9120     6.3327 0.0000e+00
      5.000    16.6768   4.200386    32.7472       9144     6.3492 0.0000e+00
      4.000    16.6676   4.197699    32.7317       9168     6.3661 0.0000e+00
      3.000    16.6586   4.196066    32.7252       9212     6.3963 0.0000e+00
      2.000    16.6494   4.194558    32.7200       9317     6.4693 0.0000e+00
