HB2304/ctd181.cnv
* Sea-Bird SBE 9 Data File:
* FileName = C:\cruise\data\ctd181.hex
* Software Version Seasave V 7.26.7.121
* Temperature SN = 4591
* Conductivity SN = 3741
* Number of Bytes Per Scan = 37
* Number of Voltage Words = 4
* Number of Scans Averaged by the Deck Unit = 1
* NMEA Latitude = 43 52.49 N
* NMEA Longitude = 068 27.89 W
* NMEA UTC (Time) = Nov 10 2023 14:45:57
* NMEA baud rate = 4800
** Ship: Bigelow HB2304
** Program:  Fall Bottom Trawl Survey
** Chief Scientist: John Galbraith
# nquan = 9
# nvalues = 257                         
# units = specified
# name 0 = depSM: Depth [salt water, m]
# name 1 = t090C: Temperature [ITS-90, deg C]
# name 2 = c0S/m: Conductivity [S/m]
# name 3 = sal00: Salinity, Practical [PSU]
# name 4 = scan: Scan Count
# name 5 = timeM: Time, Elapsed [minutes]
# name 6 = sbeox0V: Oxygen raw, SBE 43 [V]
# name 7 = sbeox1V: Oxygen raw, SBE 43, 2 [V]
# name 8 = flag: flag
# span 0 =      1.000,    130.000       
# span 1 =     9.6642,    10.4460       
# span 2 =   3.570728,   3.625923       
# span 3 =    32.2185,    33.2375       
# span 4 =         68,       8872       
# span 5 =     0.0468,     6.1606       
# span 6 =     1.6319,     4.0774       
# span 7 =     1.6991,     2.1981       
# span 8 = 0.0000e+00, 0.0000e+00       
# interval = meters: 1                  
# start_time = Nov 10 2023 14:45:57 [NMEA time, header]
# bad_flag = -9.990e-29
*END*
[from data line 161]
     96.000    10.1564   3.622969    32.9170       5515     3.8293     1.9196     1.8116 0.0000e+00
     95.000    10.1624   3.623136    32.9136       5538     3.8451     1.9221     1.8142 0.0000e+00
     94.000    10.1792   3.623502    32.9025       5560     3.8605     1.9243     1.8162 0.0000e+00
     93.000    10.2003   3.623928    32.8881       5585     3.8779     1.9275     1.8172 0.0000e+00
     92.000    10.2139   3.624122    32.8781       5613     3.8974     1.9338     1.8206 0.0000e+00
     91.000    10.2390   3.624506    32.8597       5642     3.9173     1.9406     1.8286 0.0000e+00
     90.000    10.2718   3.624825    32.8337       5671     3.9372     1.9494     1.8364 0.0000e+00
     89.000    10.2872   3.625062    32.8226       5699     3.9567     1.9600     1.8422 0.0000e+00
     88.000    10.2929   3.625229    32.8196       5725     3.9749     1.9704     1.8493 0.0000e+00
     87.000    10.3130   3.625132    32.8009       5750     3.9926     1.9778     1.8554 0.0000e+00
     86.000    10.3195   3.625039    32.7945       5776     4.0105     1.9829     1.8634 0.0000e+00
     85.000    10.3203   3.625029    32.7941       5802     4.0283     1.9896     1.8685 0.0000e+00
     84.000    10.3214   3.625079    32.7941       5827     4.0459     1.9944     1.8760 0.0000e+00
     83.000    10.3257   3.625325    32.7931       5855     4.0655     1.9977     1.8784 0.0000e+00
     82.000    10.3285   3.625370    32.7915       5887     4.0874     2.0009     1.8828 0.0000e+00
     81.000    10.3298   3.625175    32.7888       5918     4.1093     2.0029     1.8844 0.0000e+00
     80.000    10.3332   3.624410    32.7785       5947     4.1293     2.0047     1.8827 0.0000e+00
     79.000    10.3340   3.623685    32.7709       5974     4.1478     2.0072     1.8851 0.0000e+00
     78.000    10.3372   3.623314    32.7647       6000     4.1662     2.0086     1.8873 0.0000e+00
     77.000    10.3399   3.623059    32.7601       6029     4.1862     2.0123     1.8915 0.0000e+00
     76.000    10.3406   3.622953    32.7589       6062     4.2091     2.0162     1.8970 0.0000e+00
     75.000    10.3423   3.622722    32.7554       6092     4.2300     2.0166     1.8987 0.0000e+00
     74.000    10.3465   3.622280    32.7477       6119     4.2486     2.0198     1.9035 0.0000e+00
     73.000    10.3510   3.621935    32.7406       6145     4.2667     2.0219     1.9007 0.0000e+00
     72.000    10.3538   3.621711    32.7363       6172     4.2852     2.0237     1.8991 0.0000e+00
     71.000    10.3574   3.621293    32.7293       6200     4.3049     2.0277     1.9034 0.0000e+00
     70.000    10.3651   3.620545    32.7152       6229     4.3247     2.0311     1.9044 0.0000e+00
     69.000    10.3719   3.619918    32.7032       6256     4.3438     2.0348     1.9072 0.0000e+00
     68.000    10.3796   3.619340    32.6910       6284     4.3634     2.0402     1.9119 0.0000e+00
     67.000    10.3852   3.618865    32.6816       6313     4.3836     2.0443     1.9158 0.0000e+00
     66.000    10.3960   3.618099    32.6646       6341     4.4029     2.0482     1.9246 0.0000e+00
     65.000    10.4081   3.617187    32.6450       6368     4.4214     2.0543     1.9279 0.0000e+00
     64.000    10.4118   3.616765    32.6380       6398     4.4420     2.0635     1.9373 0.0000e+00
     63.000    10.4130   3.616464    32.6343       6428     4.4634     2.0722     1.9467 0.0000e+00
     62.000    10.4126   3.616167    32.6320       6456     4.4823     2.0770     1.9524 0.0000e+00
     61.000    10.4117   3.614379    32.6154       6482     4.5007     2.0822     1.9594 0.0000e+00
     60.000    10.4260   3.610106    32.5601       6510     4.5202     2.0852     1.9621 0.0000e+00
     59.000    10.4234   3.606508    32.5268       6539     4.5400     2.0935     1.9693 0.0000e+00
     58.000    10.4215   3.603336    32.4971       6568     4.5602     2.1120     1.9809 0.0000e+00
     57.000    10.4177   3.602162    32.4892       6598     4.5814     2.1337     1.9999 0.0000e+00
     56.000    10.4020   3.599442    32.4764       6627     4.6011     2.1546     2.0222 0.0000e+00
     55.000    10.3621   3.592828    32.4460       6653     4.6192     2.1694     2.0317 0.0000e+00
     54.000    10.2739   3.580483    32.4011       6677     4.6365     2.1796     2.0442 0.0000e+00
     53.000    10.2273   3.574229    32.3802       6705     4.6553     2.1953     2.0619 0.0000e+00
     52.000    10.2132   3.571984    32.3706       6738     4.6783     2.2224     2.0849 0.0000e+00
     51.000    10.2119   3.571653    32.3689       6770     4.7009     2.2466     2.1126 0.0000e+00
     50.000    10.2073   3.571037    32.3673       6795     4.7181     2.2600     2.1262 0.0000e+00
     49.000    10.2064   3.570746    32.3656       6818     4.7341     2.2669     2.1338 0.0000e+00
     48.000    10.2106   3.571070    32.3655       6842     4.7509     2.2730     2.1395 0.0000e+00
     47.000    10.2111   3.571048    32.3653       6870     4.7704     2.2757     2.1399 0.0000e+00
     46.000    10.2099   3.570822    32.3644       6900     4.7907     2.2797     2.1421 0.0000e+00
     45.000    10.2111   3.570728    32.3629       6925     4.8086     2.2819     2.1455 0.0000e+00
     44.000    10.2179   3.571100    32.3610       6949     4.8247     2.2851     2.1431 0.0000e+00
     43.000    10.2267   3.571677    32.3594       6972     4.8412     2.2871     2.1480 0.0000e+00
     42.000    10.2336   3.572274    32.3597       6999     4.8597     2.2867     2.1517 0.0000e+00
     41.000    10.2383   3.572674    32.3600       7030     4.8809     2.2878     2.1541 0.0000e+00
     40.000    10.2669   3.575066    32.3590       7058     4.9008     2.2864     2.1521 0.0000e+00
     39.000    10.2966   3.578152    32.3640       7083     4.9180     2.2870     2.1538 0.0000e+00
     38.000    10.2965   3.577695    32.3599       7107     4.9347     2.2876     2.1584 0.0000e+00
     37.000    10.3058   3.578408    32.3592       7131     4.9515     2.2840     2.1552 0.0000e+00
     36.000    10.2998   3.577655    32.3574       7157     4.9695     2.2824     2.1534 0.0000e+00
     35.000    10.3147   3.578928    32.3574       7187     4.9900     2.2805     2.1512 0.0000e+00
     34.000    10.3095   3.578415    32.3573       7216     5.0104     2.2826     2.1501 0.0000e+00
     33.000    10.2972   3.576520    32.3496       7243     5.0292     2.2836     2.1511 0.0000e+00
     32.000    10.2960   3.576047    32.3464       7270     5.0481     2.2880     2.1498 0.0000e+00
     31.000    10.2976   3.575826    32.3432       7299     5.0677     2.2928     2.1508 0.0000e+00
     30.000    10.3001   3.575761    32.3408       7327     5.0872     2.2947     2.1551 0.0000e+00
     29.000    10.3094   3.575780    32.3330       7354     5.1061     2.2947     2.1542 0.0000e+00
     28.000    10.3268   3.576565    32.3259       7380     5.1244     2.2944     2.1550 0.0000e+00
     27.000    10.3469   3.577917    32.3221       7408     5.1439     2.2955     2.1587 0.0000e+00
     26.000    10.3566   3.578669    32.3214       7440     5.1659     2.2998     2.1598 0.0000e+00
     25.000    10.3647   3.579169    32.3197       7470     5.1870     2.3019     2.1627 0.0000e+00
     24.000    10.3695   3.579451    32.3186       7497     5.2054     2.3007     2.1621 0.0000e+00
     23.000    10.3717   3.579560    32.3182       7522     5.2230     2.3016     2.1640 0.0000e+00
     22.000    10.3776   3.579814    32.3159       7548     5.2409     2.3030     2.1681 0.0000e+00
     21.000    10.3946   3.580633    32.3095       7573     5.2585     2.3003     2.1656 0.0000e+00
     20.000    10.4161   3.581634    32.3009       7598     5.2757     2.2979     2.1656 0.0000e+00
     19.000    10.4352   3.582713    32.2951       7624     5.2938     2.2954     2.1633 0.0000e+00
     18.000    10.4400   3.582491    32.2891       7652     5.3135     2.2919     2.1652 0.0000e+00
     17.000    10.4383   3.579981    32.2659       7680     5.3327     2.2902     2.1635 0.0000e+00
     16.000    10.4380   3.577868    32.2455       7707     5.3511     2.2850     2.1652 0.0000e+00
     15.000    10.4397   3.576934    32.2350       7732     5.3690     2.2680     2.1737 0.0000e+00
     14.000    10.4404   3.576566    32.2311       7758     5.3866     2.2339     2.1775 0.0000e+00
     13.000    10.4409   3.576230    32.2277       7784     5.4047     2.2002     2.1843 0.0000e+00
     12.000    10.4409   3.576029    32.2261       7814     5.4258     2.1672     2.1837 0.0000e+00
     11.000    10.4411   3.575753    32.2236       7847     5.4489     2.1278     2.1868 0.0000e+00
     10.000    10.4407   3.575520    32.2221       7879     5.4705     2.0787     2.1839 0.0000e+00
      9.000    10.4417   3.575207    32.2185       7906     5.4895     2.0332     2.1832 0.0000e+00
      8.000    10.4419   3.575181    32.2185       7930     5.5065     1.9980     2.1868 0.0000e+00
      7.000    10.4419   3.575145    32.2185       7955     5.5239     1.9729     2.1867 0.0000e+00
      6.000    10.4414   3.575266    32.2206       8485     5.8918     1.7347     2.1973 0.0000e+00
      5.000    10.4417   3.575198    32.2201       8764     6.0854     1.6319     2.1951 0.0000e+00
      4.000    10.4404   3.574987    32.2197       8789     6.1028     1.7793     2.1949 0.0000e+00
      3.000    10.4405   3.574942    32.2196       8816     6.1218     2.1018     2.1981 0.0000e+00
      2.000    10.4405   3.574904    32.2196       8841     6.1392     2.2789     2.1944 0.0000e+00
      1.000    10.4404   3.574828    32.2194       8872     6.1606     2.3178     2.1915 0.0000e+00
