HB2304/ctd192.cnv
* Sea-Bird SBE 9 Data File:
* FileName = C:\cruise\data\ctd192.hex
* Software Version Seasave V 7.26.7.121
* Temperature SN = 4591
* Conductivity SN = 3741
* Number of Bytes Per Scan = 37
* Number of Voltage Words = 4
* Number of Scans Averaged by the Deck Unit = 1
* NMEA Latitude = 42 44.10 N
* NMEA Longitude = 070 41.16 W
* NMEA UTC (Time) = Nov 13 2023 05:04:49
* NMEA baud rate = 4800
** Ship: Bigelow HB2304
** Program:  Fall Bottom Trawl Survey
** Chief Scientist: John Galbraith
# nquan = 9
# nvalues = 57                          
# units = specified
# name 0 = depSM: Depth [salt water, m]
# name 1 = t090C: Temperature [ITS-90, deg C]
# name 2 = c0S/m: Conductivity [S/m]
# name 3 = sal00: Salinity, Practical [PSU]
# name 4 = scan: Scan Count
# name 5 = timeM: Time, Elapsed [minutes]
# name 6 = sbeox0V: Oxygen raw, SBE 43 [V]
# name 7 = sbeox1V: Oxygen raw, SBE 43, 2 [V]
# name 8 = flag: flag
# span 0 =      1.000,     30.000       
# span 1 =    11.1792,    11.5876       
# span 2 =   3.576834,   3.646645       
# span 3 =    31.5209,    32.1829       
# span 4 =        149,       2880       
# span 5 =     0.1025,     1.9994       
# span 6 =     2.0095,     4.4427       
# span 7 =     1.8918,     2.2399       
# span 8 = 0.0000e+00, 0.0000e+00       
# interval = meters: 1                  
# start_time = Nov 13 2023 05:04:49 [NMEA time, header]
# bad_flag = -9.990e-29
*END*
      3.000    11.2645   3.577202    31.5249        149     0.1025     2.7721     2.2364 0.0000e+00
      4.000    11.2580   3.576834    31.5264        293     0.2028     2.7867     2.2349 0.0000e+00
      5.000    11.2786   3.578824    31.5279        341     0.2362     2.8674     2.2364 0.0000e+00
      6.000    11.3154   3.582417    31.5312        389     0.2693     2.9946     2.2378 0.0000e+00
      7.000    11.3194   3.583008    31.5331        438     0.3037     3.1517     2.2341 0.0000e+00
      8.000    11.2944   3.580627    31.5307        484     0.3357     3.3037     2.2295 0.0000e+00
      9.000    11.2891   3.580024    31.5290        529     0.3667     3.4590     2.2308 0.0000e+00
     10.000    11.2993   3.580968    31.5291        574     0.3977     3.6228     2.2346 0.0000e+00
     11.000    11.2860   3.579752    31.5281        619     0.4293     3.7938     2.2353 0.0000e+00
     12.000    11.2793   3.579021    31.5263        663     0.4597     3.9604     2.2327 0.0000e+00
     13.000    11.2780   3.578968    31.5265        706     0.4893     4.1320     2.2320 0.0000e+00
     14.000    11.2773   3.578911    31.5261        750     0.5198     4.4427     2.2317 0.0000e+00
     15.000    11.2864   3.579912    31.5278        794     0.5510     3.9936     2.2357 0.0000e+00
     16.000    11.2786   3.579107    31.5261        838     0.5812     3.3204     2.2370 0.0000e+00
     17.000    11.2773   3.579032    31.5261        881     0.6109     2.9567     2.2345 0.0000e+00
     18.000    11.2685   3.578090    31.5239        922     0.6398     2.7493     2.2385 0.0000e+00
     19.000    11.2658   3.577846    31.5234        959     0.6651     2.6269     2.2399 0.0000e+00
     20.000    11.2618   3.577485    31.5229        993     0.6891     2.5496     2.2379 0.0000e+00
     21.000    11.2634   3.577639    31.5226       1030     0.7144     2.4976     2.2348 0.0000e+00
     22.000    11.2851   3.580391    31.5306       1070     0.7423     2.4499     2.2355 0.0000e+00
     23.000    11.2877   3.580977    31.5338       1110     0.7703     2.4000     2.2341 0.0000e+00
     24.000    11.3908   3.594290    31.5752       1151     0.7986     2.3524     2.2317 0.0000e+00
     25.000    11.5553   3.620313    31.6879       1192     0.8269     2.3124     2.2317 0.0000e+00
     26.000    11.5876   3.627902    31.7336       1232     0.8552     2.2893     2.1985 0.0000e+00
     27.000    11.4544   3.646645    32.0309       1272     0.8830     2.2756     2.1530 0.0000e+00
     28.000    11.2643   3.641879    32.1486       1311     0.9100     2.2578     2.0988 0.0000e+00
     29.000    11.2288   3.640264    32.1633       1352     0.9382     2.2604     2.0045 0.0000e+00
     30.000    11.1792   3.637893    32.1829       1392     0.9661     2.3109     1.9330 0.0000e+00
     29.000    11.2256   3.639511    32.1587       1883     1.3069     2.0377     1.8972 0.0000e+00
     28.000    11.2613   3.640876    32.1415       1955     1.3571     2.0119     1.8918 0.0000e+00
     27.000    11.3761   3.642635    32.0594       1981     1.3751     2.0113     1.8922 0.0000e+00
     26.000    11.5539   3.630053    31.7834       2007     1.3928     2.0095     1.8936 0.0000e+00
     25.000    11.3932   3.600345    31.6319       2032     1.4103     2.0119     1.9002 0.0000e+00
     24.000    11.3056   3.584807    31.5555       2057     1.4276     2.0340     1.9378 0.0000e+00
     23.000    11.2840   3.581611    31.5431       2082     1.4452     2.0930     2.0070 0.0000e+00
     22.000    11.2727   3.579567    31.5332       2108     1.4632     2.1699     2.0799 0.0000e+00
     21.000    11.2633   3.578286    31.5291       2133     1.4808     2.2384     2.1341 0.0000e+00
     20.000    11.2583   3.577357    31.5247       2158     1.4982     2.2849     2.1681 0.0000e+00
     19.000    11.2583   3.577236    31.5239       2183     1.5155     2.3130     2.1912 0.0000e+00
     18.000    11.2581   3.577066    31.5228       2208     1.5328     2.3239     2.2071 0.0000e+00
     17.000    11.2572   3.576866    31.5220       2234     1.5505     2.3153     2.2174 0.0000e+00
     16.000    11.2633   3.577240    31.5209       2260     1.5686     2.2747     2.2237 0.0000e+00
     15.000    11.2726   3.578196    31.5227       2285     1.5863     2.2244     2.2281 0.0000e+00
     14.000    11.3074   3.581633    31.5271       2310     1.6037     2.1848     2.2307 0.0000e+00
     13.000    11.3085   3.582356    31.5335       2336     1.6213     2.1432     2.2327 0.0000e+00
     12.000    11.2868   3.579928    31.5288       2362     1.6395     2.1002     2.2335 0.0000e+00
     11.000    11.2861   3.579781    31.5284       2388     1.6577     2.0642     2.2314 0.0000e+00
     10.000    11.2869   3.579793    31.5282       2414     1.6754     2.0427     2.2337 0.0000e+00
      9.000    11.2887   3.579923    31.5283       2439     1.6928     2.0415     2.2339 0.0000e+00
      8.000    11.2905   3.580032    31.5283       2463     1.7099     2.0547     2.2324 0.0000e+00
      7.000    11.2969   3.580685    31.5296       2489     1.7279     2.0883     2.2337 0.0000e+00
      6.000    11.2946   3.580482    31.5300       2516     1.7463     2.3778     2.2347 0.0000e+00
      5.000    11.2929   3.580128    31.5284       2541     1.7640     2.7369     2.2346 0.0000e+00
      4.000    11.2966   3.580513    31.5294       2568     1.7829     2.9167     2.2353 0.0000e+00
      3.000    11.2976   3.580573    31.5296       2594     1.8007     2.9281     2.2344 0.0000e+00
      2.000    11.2950   3.580262    31.5292       2750     1.9092     2.6576     2.2367 0.0000e+00
      1.000    11.2936   3.580074    31.5289       2880     1.9994     2.6071     2.2344 0.0000e+00
