HB2304/ctd156.cnv
* Sea-Bird SBE 9 Data File:
* FileName = C:\cruise\data\ctd156.hex
* Software Version Seasave V 7.26.7.121
* Temperature SN = 4591
* Conductivity SN = 3741
* Number of Bytes Per Scan = 37
* Number of Voltage Words = 4
* Number of Scans Averaged by the Deck Unit = 1
* NMEA Latitude = 41 18.10 N
* NMEA Longitude = 068 48.09 W
* NMEA UTC (Time) = Nov 02 2023 20:35:47
* NMEA baud rate = 4800
** Ship: Bigelow HB2304
** Program:  Fall Bottom Trawl Survey
** Chief Scientist: John Galbraith
# nquan = 9
# nvalues = 184                         
# units = specified
# name 0 = depSM: Depth [salt water, m]
# name 1 = t090C: Temperature [ITS-90, deg C]
# name 2 = c0S/m: Conductivity [S/m]
# name 3 = sal00: Salinity, Practical [PSU]
# name 4 = scan: Scan Count
# name 5 = timeM: Time, Elapsed [minutes]
# name 6 = sbeox0V: Oxygen raw, SBE 43 [V]
# name 7 = sbeox1V: Oxygen raw, SBE 43, 2 [V]
# name 8 = flag: flag
# span 0 =      2.000,     94.000       
# span 1 =     8.3541,    12.2971       
# span 2 =   3.436570,   3.711004       
# span 3 =    31.9301,    32.6576       
# span 4 =         59,       5780       
# span 5 =     0.0400,     4.0128       
# span 6 =     1.7899,     2.3197       
# span 7 =     1.6815,     2.1745       
# span 8 = 0.0000e+00, 0.0000e+00       
# interval = meters: 1                  
# start_time = Nov 02 2023 20:35:47 [NMEA time, header]
# bad_flag = -9.990e-29
*END*
[from data line 161]
     24.000    12.1815   3.701091    31.9338       5243     3.6402     2.2559     2.1215 0.0000e+00
     23.000    12.1977   3.702435    31.9332       5263     3.6543     2.2564     2.1217 0.0000e+00
     22.000    12.2104   3.703613    31.9341       5283     3.6681     2.2576     2.1201 0.0000e+00
     21.000    12.2237   3.704699    31.9336       5304     3.6828     2.2613     2.1223 0.0000e+00
     20.000    12.2370   3.705814    31.9333       5328     3.6994     2.2649     2.1246 0.0000e+00
     19.000    12.2458   3.706713    31.9349       5358     3.7202     2.2683     2.1264 0.0000e+00
     18.000    12.2493   3.707074    31.9357       5396     3.7466     2.2747     2.1254 0.0000e+00
     17.000    12.2579   3.707737    31.9352       5425     3.7664     2.2751     2.1294 0.0000e+00
     16.000    12.2717   3.708773    31.9337       5444     3.7797     2.2770     2.1322 0.0000e+00
     15.000    12.2765   3.709178    31.9339       5461     3.7920     2.2768     2.1356 0.0000e+00
     14.000    12.2923   3.710240    31.9310       5481     3.8058     2.2803     2.1420 0.0000e+00
     13.000    12.2938   3.710337    31.9311       5508     3.8246     2.2851     2.1487 0.0000e+00
     12.000    12.2907   3.709940    31.9303       5543     3.8485     2.2957     2.1559 0.0000e+00
     11.000    12.2916   3.709955    31.9301       5571     3.8681     2.3004     2.1595 0.0000e+00
     10.000    12.2916   3.709935    31.9303       5594     3.8842     2.3081     2.1612 0.0000e+00
      9.000    12.2922   3.709942    31.9303       5618     3.9008     2.3123     2.1629 0.0000e+00
      8.000    12.2927   3.709983    31.9307       5647     3.9209     2.3169     2.1633 0.0000e+00
      7.000    12.2922   3.709995    31.9316       5676     3.9411     2.3184     2.1658 0.0000e+00
      6.000    12.2918   3.709918    31.9316       5700     3.9578     2.3197     2.1694 0.0000e+00
      5.000    12.2922   3.709862    31.9311       5721     3.9723     2.3172     2.1709 0.0000e+00
      4.000    12.2922   3.709842    31.9313       5741     3.9860     2.3166     2.1699 0.0000e+00
      3.000    12.2935   3.709840    31.9306       5764     4.0023     2.3169     2.1740 0.0000e+00
      2.000    12.2960   3.710008    31.9305       5780     4.0128     2.3169     2.1745 0.0000e+00
