HB2304/ctd184.cnv
* Sea-Bird SBE 9 Data File:
* FileName = C:\cruise\data\ctd184.hex
* Software Version Seasave V 7.26.7.121
* Temperature SN = 4591
* Conductivity SN = 3741
* Number of Bytes Per Scan = 37
* Number of Voltage Words = 4
* Number of Scans Averaged by the Deck Unit = 1
* NMEA Latitude = 44 16.16 N
* NMEA Longitude = 067 09.10 W
* NMEA UTC (Time) = Nov 11 2023 07:23:41
* NMEA baud rate = 4800
** Ship: Bigelow HB2304
** Program:  Fall Bottom Trawl Survey
** Chief Scientist: John Galbraith
# nquan = 9
# nvalues = 291                         
# units = specified
# name 0 = depSM: Depth [salt water, m]
# name 1 = t090C: Temperature [ITS-90, deg C]
# name 2 = c0S/m: Conductivity [S/m]
# name 3 = sal00: Salinity, Practical [PSU]
# name 4 = scan: Scan Count
# name 5 = timeM: Time, Elapsed [minutes]
# name 6 = sbeox0V: Oxygen raw, SBE 43 [V]
# name 7 = sbeox1V: Oxygen raw, SBE 43, 2 [V]
# name 8 = flag: flag
# span 0 =      1.000,    147.000       
# span 1 =     8.9002,    10.0309       
# span 2 =   3.484679,   3.612553       
# span 3 =    31.6897,    33.9555       
# span 4 =         70,       9399       
# span 5 =     0.0477,     6.5266       
# span 6 =     1.7084,     4.4054       
# span 7 =     1.6091,     2.2089       
# span 8 = 0.0000e+00, 0.0000e+00       
# interval = meters: 1                  
# start_time = Nov 11 2023 07:23:41 [NMEA time, header]
# bad_flag = -9.990e-29
*END*
      3.000    10.0168   3.485849    31.6971         70     0.0477     2.8346     2.1994 0.0000e+00
      4.000    10.0154   3.485784    31.6971        242     0.1677     2.8361     2.1989 0.0000e+00
      5.000    10.0130   3.485570    31.6967        256     0.1768     2.8738     2.1969 0.0000e+00
      6.000    10.0133   3.485651    31.6968        281     0.1941     2.9629     2.1987 0.0000e+00
      7.000    10.0137   3.485705    31.6966        312     0.2160     3.1397     2.2017 0.0000e+00
      8.000    10.0130   3.485620    31.6960        341     0.2361     3.3082     2.2040 0.0000e+00
      9.000    10.0194   3.486133    31.6951        364     0.2519     3.4374     2.2026 0.0000e+00
     10.000    10.0163   3.486013    31.6961        386     0.2673     3.5742     2.2012 0.0000e+00
     11.000    10.0183   3.486157    31.6954        513     0.3559     4.0477     2.1983 0.0000e+00
     12.000    10.0198   3.486302    31.6951        568     0.3934     4.1738     2.2000 0.0000e+00
     13.000    10.0194   3.486245    31.6945        609     0.4224     4.3239     2.2039 0.0000e+00
     14.000    10.0184   3.486181    31.6943        634     0.4393     4.4054     2.2039 0.0000e+00
     15.000    10.0185   3.486240    31.6944        654     0.4535     4.1788     2.2046 0.0000e+00
     16.000    10.0188   3.486306    31.6943        676     0.4691     3.7455     2.2048 0.0000e+00
     17.000    10.0202   3.486477    31.6944        706     0.4894     3.2891     2.2032 0.0000e+00
     18.000    10.0204   3.486535    31.6944        740     0.5130     2.9315     2.2024 0.0000e+00
     19.000    10.0201   3.486551    31.6944        770     0.5341     2.7213     2.1996 0.0000e+00
     20.000    10.0196   3.486598    31.6948        793     0.5498     2.6153     2.2005 0.0000e+00
     21.000    10.0197   3.486646    31.6948        815     0.5654     2.5404     2.2026 0.0000e+00
     22.000    10.0207   3.486772    31.6947        839     0.5822     2.4824     2.2016 0.0000e+00
     23.000    10.0223   3.487061    31.6959        869     0.6031     2.4304     2.2017 0.0000e+00
     24.000    10.0224   3.487089    31.6957        903     0.6263     2.3824     2.1994 0.0000e+00
     25.000    10.0220   3.487061    31.6952        927     0.6432     2.3472     2.1994 0.0000e+00
     26.000    10.0223   3.487192    31.6959        950     0.6588     2.3170     2.1978 0.0000e+00
     27.000    10.0225   3.487267    31.6960        974     0.6758     2.2875     2.1996 0.0000e+00
     28.000    10.0240   3.487463    31.6963       1002     0.6953     2.2654     2.2008 0.0000e+00
     29.000    10.0269   3.487840    31.6971       1033     0.7168     2.2687     2.1971 0.0000e+00
     30.000    10.0289   3.488252    31.6991       1061     0.7359     2.2982     2.1946 0.0000e+00
     31.000    10.0295   3.488354    31.6992       1084     0.7518     2.3128     2.1961 0.0000e+00
     32.000    10.0283   3.488300    31.6992       1108     0.7691     2.3216     2.1970 0.0000e+00
     33.000    10.0261   3.489113    31.7090       1141     0.7914     2.3298     2.1996 0.0000e+00
     34.000    10.0238   3.490228    31.7217       1173     0.8138     2.3346     2.1940 0.0000e+00
     35.000    10.0239   3.491272    31.7318       1197     0.8304     2.3394     2.1939 0.0000e+00
     36.000     9.9980   3.494604    31.7877       1218     0.8454     2.3414     2.1943 0.0000e+00
     37.000     9.9780   3.494793    31.8068       1243     0.8623     2.3403     2.1954 0.0000e+00
     38.000     9.9645   3.494457    31.8149       1272     0.8829     2.3405     2.1940 0.0000e+00
     39.000     9.9595   3.494665    31.8210       1306     0.9063     2.3371     2.1902 0.0000e+00
     40.000     9.9428   3.496938    31.8582       1334     0.9257     2.3347     2.1877 0.0000e+00
     41.000     9.9255   3.499550    31.8995       1356     0.9409     2.3345     2.1881 0.0000e+00
     42.000     9.9073   3.502745    31.9476       1378     0.9562     2.3338     2.1895 0.0000e+00
     43.000     9.8907   3.507161    32.0065       1406     0.9759     2.3273     2.1885 0.0000e+00
     44.000     9.8554   3.512224    32.0889       1440     0.9991     2.3128     2.1751 0.0000e+00
     45.000     9.7638   3.524368    32.2936       1469     1.0192     2.2963     2.1614 0.0000e+00
     46.000     9.7552   3.525618    32.3136       1491     1.0349     2.2799     2.1506 0.0000e+00
     47.000     9.7496   3.526372    32.3259       1511     1.0487     2.2615     2.1335 0.0000e+00
     48.000     9.7479   3.527316    32.3366       1532     1.0631     2.2411     2.1134 0.0000e+00
     49.000     9.7452   3.528169    32.3473       1561     1.0835     2.2164     2.0904 0.0000e+00
     50.000     9.7445   3.528245    32.3483       1599     1.1094     2.1935     2.0682 0.0000e+00
     51.000     9.7446   3.528381    32.3491       1625     1.1280     2.1863     2.0578 0.0000e+00
     52.000     9.7428   3.529310    32.3598       1647     1.1431     2.1852     2.0508 0.0000e+00
     53.000     9.7386   3.530012    32.3702       1669     1.1581     2.1834     2.0453 0.0000e+00
     54.000     9.7328   3.530955    32.3846       1692     1.1743     2.1788     2.0420 0.0000e+00
     55.000     9.7221   3.531708    32.4015       1720     1.1940     2.1711     2.0374 0.0000e+00
     56.000     9.7186   3.532068    32.4078       1753     1.2167     2.1645     2.0297 0.0000e+00
     57.000     9.7095   3.533064    32.4258       1783     1.2373     2.1602     2.0242 0.0000e+00
     58.000     9.7024   3.533922    32.4405       1806     1.2531     2.1549     2.0202 0.0000e+00
     59.000     9.6806   3.536010    32.4810       1827     1.2679     2.1505     2.0172 0.0000e+00
     60.000     9.6566   3.537276    32.5152       1850     1.2841     2.1452     2.0132 0.0000e+00
     61.000     9.6345   3.538072    32.5428       1876     1.3023     2.1388     2.0080 0.0000e+00
     62.000     9.6116   3.538675    32.5694       1906     1.3232     2.1281     2.0024 0.0000e+00
     63.000     9.6060   3.538724    32.5745       1940     1.3467     2.1183     1.9922 0.0000e+00
     64.000     9.6000   3.538870    32.5810       1968     1.3661     2.1151     1.9869 0.0000e+00
     65.000     9.6029   3.538838    32.5775       1991     1.3820     2.1145     1.9876 0.0000e+00
     66.000     9.6042   3.538847    32.5760       2013     1.3971     2.1140     1.9871 0.0000e+00
     67.000     9.6090   3.538843    32.5712       2036     1.4133     2.1114     1.9860 0.0000e+00
     68.000     9.6058   3.538889    32.5741       2064     1.4328     2.1076     1.9855 0.0000e+00
     69.000     9.6016   3.538924    32.5778       2098     1.4561     2.1042     1.9856 0.0000e+00
     70.000     9.6038   3.538978    32.5759       2127     1.4761     2.1030     1.9845 0.0000e+00
     71.000     9.6006   3.539019    32.5788       2148     1.4906     2.1034     1.9838 0.0000e+00
     72.000     9.5998   3.539056    32.5795       2168     1.5047     2.1055     1.9841 0.0000e+00
     73.000     9.5971   3.539133    32.5823       2193     1.5225     2.1058     1.9827 0.0000e+00
     74.000     9.5884   3.539362    32.5921       2230     1.5477     2.1039     1.9805 0.0000e+00
     75.000     9.5867   3.539621    32.5958       2259     1.5681     2.1042     1.9793 0.0000e+00
     76.000     9.5869   3.539747    32.5965       2279     1.5817     2.1041     1.9797 0.0000e+00
     77.000     9.5868   3.539905    32.5977       2298     1.5949     2.1042     1.9781 0.0000e+00
     78.000     9.5867   3.540027    32.5987       2325     1.6138     2.1031     1.9797 0.0000e+00
     79.000     9.5863   3.540175    32.6001       2364     1.6412     2.1038     1.9800 0.0000e+00
     80.000     9.5808   3.541194    32.6151       2390     1.6593     2.1027     1.9792 0.0000e+00
     81.000     9.5774   3.541799    32.6239       2409     1.6724     2.1020     1.9793 0.0000e+00
     82.000     9.5706   3.542638    32.6383       2428     1.6853     2.1005     1.9782 0.0000e+00
     83.000     9.5698   3.542723    32.6394       2451     1.7015     2.0991     1.9772 0.0000e+00
     84.000     9.5699   3.542765    32.6393       2484     1.7240     2.0960     1.9744 0.0000e+00
     85.000     9.5669   3.542697    32.6409       2519     1.7486     2.0956     1.9755 0.0000e+00
     86.000     9.5635   3.542987    32.6465       2545     1.7670     2.0945     1.9743 0.0000e+00
     87.000     9.5652   3.544043    32.6553       2566     1.7813     2.0951     1.9731 0.0000e+00
     88.000     9.5649   3.544225    32.6570       2586     1.7954     2.0954     1.9732 0.0000e+00
     89.000     9.5653   3.544434    32.6583       2611     1.8126     2.0947     1.9725 0.0000e+00
     90.000     9.5636   3.544934    32.6645       2646     1.8366     2.0933     1.9709 0.0000e+00
     91.000     9.5609   3.545466    32.6720       2680     1.8606     2.0924     1.9716 0.0000e+00
     92.000     9.5597   3.545745    32.6755       2702     1.8759     2.0918     1.9695 0.0000e+00
     93.000     9.5590   3.545853    32.6768       2721     1.8887     2.0903     1.9694 0.0000e+00
     94.000     9.5581   3.545975    32.6785       2742     1.9032     2.0885     1.9679 0.0000e+00
     95.000     9.5513   3.546317    32.6877       2771     1.9234     2.0878     1.9658 0.0000e+00
     96.000     9.5383   3.546307    32.6990       2803     1.9457     2.0877     1.9640 0.0000e+00
     97.000     9.5353   3.546432    32.7026       2830     1.9643     2.0844     1.9591 0.0000e+00
     98.000     9.5334   3.546698    32.7066       2854     1.9814     2.0800     1.9573 0.0000e+00
     99.000     9.5249   3.547051    32.7175       2878     1.9979     2.0755     1.9555 0.0000e+00
    100.000     9.5107   3.548493    32.7448       2904     2.0157     2.0722     1.9536 0.0000e+00
    101.000     9.4993   3.550263    32.7729       2933     2.0359     2.0707     1.9520 0.0000e+00
    102.000     9.4999   3.550751    32.7769       2962     2.0564     2.0623     1.9458 0.0000e+00
    103.000     9.5015   3.551204    32.7796       2989     2.0748     2.0537     1.9397 0.0000e+00
    104.000     9.5030   3.552070    32.7868       3013     2.0918     2.0485     1.9346 0.0000e+00
    105.000     9.5039   3.552966    32.7947       3037     2.1081     2.0465     1.9313 0.0000e+00
    106.000     9.5010   3.554148    32.8089       3060     2.1246     2.0451     1.9295 0.0000e+00
    107.000     9.4970   3.554902    32.8200       3088     2.1440     2.0443     1.9296 0.0000e+00
    108.000     9.4951   3.555164    32.8239       3120     2.1662     2.0428     1.9289 0.0000e+00
    109.000     9.4843   3.555953    32.8415       3148     2.1853     2.0409     1.9247 0.0000e+00
    110.000     9.4873   3.555808    32.8368       3171     2.2012     2.0381     1.9227 0.0000e+00
    111.000     9.4837   3.556127    32.8429       3194     2.2171     2.0365     1.9201 0.0000e+00
    112.000     9.4784   3.556559    32.8517       3221     2.2362     2.0352     1.9177 0.0000e+00
    113.000     9.4724   3.557326    32.8646       3253     2.2584     2.0322     1.9154 0.0000e+00
    114.000     9.4688   3.557773    32.8721       3282     2.2786     2.0282     1.9125 0.0000e+00
    115.000     9.4613   3.558564    32.8866       3305     2.2942     2.0238     1.9094 0.0000e+00
    116.000     9.4523   3.559633    32.9054       3325     2.3084     2.0210     1.9070 0.0000e+00
    117.000     9.4418   3.560881    32.9275       3348     2.3241     2.0177     1.9057 0.0000e+00
    118.000     9.4312   3.562308    32.9514       3378     2.3454     2.0136     1.9020 0.0000e+00
    119.000     9.4235   3.563443    32.9698       3416     2.3718     2.0072     1.8946 0.0000e+00
    120.000     9.4181   3.564242    32.9825       3444     2.3908     2.0007     1.8879 0.0000e+00
    121.000     9.4141   3.565040    32.9939       3464     2.4052     1.9966     1.8819 0.0000e+00
    122.000     9.4108   3.565748    33.0038       3485     2.4194     1.9933     1.8779 0.0000e+00
    123.000     9.3948   3.568121    33.0425       3509     2.4362     1.9894     1.8743 0.0000e+00
    124.000     9.3625   3.573039    33.1226       3540     2.4577     1.9836     1.8690 0.0000e+00
    125.000     9.3425   3.576004    33.1712       3573     2.4808     1.9738     1.8598 0.0000e+00
    126.000     9.3425   3.577135    33.1824       3599     2.4983     1.9624     1.8482 0.0000e+00
    127.000     9.3301   3.578882    33.2115       3620     2.5133     1.9521     1.8385 0.0000e+00
    128.000     9.3036   3.578049    33.2271       3643     2.5292     1.9437     1.8301 0.0000e+00
    129.000     9.2735   3.579949    33.2743       3670     2.5480     1.9347     1.8227 0.0000e+00
    130.000     9.2663   3.580541    33.2866       3700     2.5689     1.9238     1.8125 0.0000e+00
    131.000     9.2781   3.582605    33.2965       3731     2.5904     1.9136     1.8040 0.0000e+00
    132.000     9.2796   3.584451    33.3137       3760     2.6107     1.9055     1.7976 0.0000e+00
    133.000     9.2677   3.585175    33.3319       3784     2.6270     1.9005     1.7943 0.0000e+00
    134.000     9.2471   3.585204    33.3509       3804     2.6411     1.8971     1.7901 0.0000e+00
    135.000     9.2310   3.585104    33.3645       3826     2.6562     1.8938     1.7847 0.0000e+00
    136.000     9.2229   3.585777    33.3786       3856     2.6773     1.8872     1.7789 0.0000e+00
    137.000     9.2123   3.587529    33.4062       3895     2.7042     1.8791     1.7704 0.0000e+00
    138.000     9.2007   3.589841    33.4405       3922     2.7230     1.8731     1.7656 0.0000e+00
    139.000     9.1856   3.591668    33.4731       3944     2.7379     1.8682     1.7624 0.0000e+00
    140.000     9.1341   3.595094    33.5566       3965     2.7528     1.8638     1.7591 0.0000e+00
    141.000     9.0634   3.600969    33.6839       3988     2.7690     1.8564     1.7513 0.0000e+00
    142.000     9.0085   3.605149    33.7790       4016     2.7880     1.8422     1.7391 0.0000e+00
    143.000     8.9471   3.610018    33.8877       4054     2.8147     1.8118     1.7142 0.0000e+00
    144.000     8.9253   3.611256    33.9209       4088     2.8380     1.7826     1.6872 0.0000e+00
    145.000     8.9071   3.612400    33.9498       4108     2.8523     1.7665     1.6714 0.0000e+00
    146.000     8.9042   3.612553    33.9537       4128     2.8659     1.7551     1.6593 0.0000e+00
    147.000     8.9133   3.612073    33.9396       4146     2.8783     1.7464     1.6494 0.0000e+00
    146.000     8.9002   3.612357    33.9555       4508     3.1296     1.7085     1.6091 0.0000e+00
    145.000     8.9123   3.611499    33.9354       4778     3.3176     1.7084     1.6098 0.0000e+00
    144.000     8.9153   3.611256    33.9305       4809     3.3387     1.7115     1.6107 0.0000e+00
    143.000     8.9318   3.610173    33.9039       4830     3.3537     1.7124     1.6125 0.0000e+00
    142.000     8.9437   3.609222    33.8831       4852     3.3685     1.7136     1.6124 0.0000e+00
    141.000     8.9867   3.606223    33.8114       4879     3.3875     1.7157     1.6136 0.0000e+00
    140.000     9.0638   3.599803    33.6718       4912     3.4104     1.7224     1.6194 0.0000e+00
    139.000     9.0964   3.597335    33.6159       4941     3.4307     1.7358     1.6279 0.0000e+00
    138.000     9.1512   3.592969    33.5194       4967     3.4483     1.7529     1.6424 0.0000e+00
    137.000     9.1816   3.590645    33.4672       4988     3.4633     1.7675     1.6571 0.0000e+00
    136.000     9.1996   3.588680    33.4304       5008     3.4767     1.7804     1.6696 0.0000e+00
    135.000     9.2082   3.587104    33.4065       5028     3.4907     1.7948     1.6831 0.0000e+00
    134.000     9.2254   3.584425    33.3631       5058     3.5118     1.8146     1.7022 0.0000e+00
    133.000     9.2334   3.583784    33.3495       5099     3.5400     1.8387     1.7251 0.0000e+00
    132.000     9.2471   3.584217    33.3417       5122     3.5565     1.8508     1.7363 0.0000e+00
