HB2304/ctd127.cnv
* Sea-Bird SBE 9 Data File:
* FileName = C:\cruise\data\ctd127.hex
* Software Version Seasave V 7.26.7.121
* Temperature SN = 4591
* Conductivity SN = 3741
* Number of Bytes Per Scan = 37
* Number of Voltage Words = 4
* Number of Scans Averaged by the Deck Unit = 1
* NMEA Latitude = 42 07.74 N
* NMEA Longitude = 066 16.48 W
* NMEA UTC (Time) = Oct 18 2023  01:58:26
* NMEA baud rate = 4800
** Ship: Bigelow HB2304
** Program:  Fall Bottom Trawl Survey
** Chief Scientist: John Galbraith
# nquan = 7
# nvalues = 208                         
# units = specified
# name 0 = depSM: Depth [salt water, m]
# name 1 = t090C: Temperature [ITS-90, deg C]
# name 2 = c0S/m: Conductivity [S/m]
# name 3 = sal00: Salinity, Practical [PSU]
# name 4 = scan: Scan Count
# name 5 = timeM: Time, Elapsed [minutes]
# name 6 = flag: flag
# span 0 =      3.000,    107.000       
# span 1 =     7.7334,    14.4733       
# span 2 =   3.410750,   3.886330       
# span 3 =    31.3613,    33.8811       
# span 4 =        -98,       7989       
# span 5 =    -0.0690,     5.5471       
# span 6 = 0.0000e+00, 0.0000e+00       
# interval = meters: 1                  
# start_time = Oct 18 2023 01:58:26 [NMEA time, header]
# bad_flag = -9.990e-29
*END*
      3.000    14.4537   3.857979    31.5146        -98    -0.0690 0.0000e+00
      4.000    14.4611   3.850163    31.4371        257     0.1778 0.0000e+00
      5.000    14.4666   3.848066    31.4132        369     0.2555 0.0000e+00
      6.000    14.4577   3.850117    31.4387        439     0.3039 0.0000e+00
      7.000    14.3105   3.869405    31.7345        496     0.3440 0.0000e+00
      8.000    14.2004   3.883548    31.9539        520     0.3602 0.0000e+00
      9.000    14.1903   3.884857    31.9739        625     0.4330 0.0000e+00
     10.000    14.1904   3.884994    31.9746        738     0.5116 0.0000e+00
     11.000    14.1904   3.885171    31.9759        760     0.5273 0.0000e+00
     12.000    14.1898   3.885075    31.9752        785     0.5445 0.0000e+00
     13.000    14.1906   3.885250    31.9757        819     0.5679 0.0000e+00
     14.000    14.1925   3.885577    31.9768        855     0.5930 0.0000e+00
     15.000    14.1922   3.885564    31.9764        877     0.6080 0.0000e+00
     16.000    14.1924   3.885620    31.9764        895     0.6209 0.0000e+00
     17.000    14.1929   3.885731    31.9767        917     0.6359 0.0000e+00
     18.000    14.1930   3.885794    31.9767        949     0.6585 0.0000e+00
     19.000    14.1931   3.885834    31.9766        986     0.6837 0.0000e+00
     20.000    14.1948   3.886156    31.9778       1006     0.6979 0.0000e+00
     21.000    14.1956   3.886330    31.9783       1023     0.7099 0.0000e+00
     22.000    14.1938   3.886321    31.9793       1044     0.7242 0.0000e+00
     23.000    14.1859   3.885916    31.9818       1081     0.7498 0.0000e+00
     24.000    14.1828   3.885742    31.9824       1118     0.7754 0.0000e+00
     25.000    14.1783   3.885494    31.9835       1137     0.7892 0.0000e+00
     26.000    14.1711   3.885020    31.9847       1157     0.8028 0.0000e+00
     27.000    14.1195   3.881707    31.9967       1183     0.8208 0.0000e+00
     28.000    14.0683   3.878102    32.0057       1217     0.8443 0.0000e+00
     29.000    14.0332   3.875647    32.0119       1242     0.8615 0.0000e+00
     30.000    13.9971   3.873174    32.0188       1262     0.8756 0.0000e+00
     31.000    13.8643   3.864302    32.0473       1284     0.8908 0.0000e+00
     32.000    13.6968   3.851941    32.0725       1312     0.9102 0.0000e+00
     33.000    13.4416   3.832152    32.1022       1343     0.9319 0.0000e+00
     34.000    13.1063   3.806949    32.1488       1368     0.9495 0.0000e+00
     35.000    12.7191   3.776808    32.1930       1393     0.9664 0.0000e+00
     36.000    12.4031   3.750117    32.2087       1423     0.9874 0.0000e+00
     37.000    12.2460   3.737033    32.2180       1457     1.0114 0.0000e+00
     38.000    12.0380   3.721237    32.2450       1481     1.0276 0.0000e+00
     39.000    11.7533   3.699579    32.2817       1499     1.0401 0.0000e+00
     40.000    11.1117   3.653057    32.3872       1517     1.0528 0.0000e+00
     41.000    10.5120   3.612507    32.5158       1541     1.0691 0.0000e+00
     42.000     9.4562   3.536201    32.6941       1574     1.0924 0.0000e+00
     43.000     9.1394   3.504999    32.6618       1604     1.1132 0.0000e+00
     44.000     9.0631   3.497795    32.6566       1628     1.1301 0.0000e+00
     45.000     8.9374   3.487119    32.6607       1656     1.1494 0.0000e+00
     46.000     8.8892   3.482395    32.6553       1688     1.1715 0.0000e+00
     47.000     8.8200   3.476277    32.6548       1712     1.1882 0.0000e+00
     48.000     8.7296   3.468645    32.6580       1732     1.2019 0.0000e+00
     49.000     8.6666   3.463519    32.6620       1754     1.2172 0.0000e+00
     50.000     8.6442   3.461500    32.6611       1785     1.2390 0.0000e+00
     51.000     8.6233   3.459730    32.6614       1820     1.2633 0.0000e+00
     52.000     8.5419   3.454646    32.6829       1846     1.2813 0.0000e+00
     53.000     8.4786   3.451360    32.7065       1867     1.2961 0.0000e+00
     54.000     8.4302   3.448704    32.7230       1888     1.3105 0.0000e+00
     55.000     8.3863   3.445339    32.7278       1912     1.3271 0.0000e+00
     56.000     8.3088   3.440042    32.7436       1945     1.3501 0.0000e+00
     57.000     8.1969   3.432003    32.7623       1980     1.3741 0.0000e+00
     58.000     8.1178   3.427302    32.7859       2005     1.3914 0.0000e+00
     59.000     8.0240   3.422536    32.8225       2028     1.4073 0.0000e+00
     60.000     7.9492   3.418622    32.8506       2050     1.4230 0.0000e+00
     61.000     7.8971   3.416047    32.8716       2073     1.4389 0.0000e+00
     62.000     7.8695   3.414778    32.8835       2099     1.4571 0.0000e+00
     63.000     7.8550   3.413916    32.8874       2135     1.4820 0.0000e+00
     64.000     7.8397   3.414554    32.9082       2173     1.5085 0.0000e+00
     65.000     7.8298   3.415196    32.9240       2202     1.5285 0.0000e+00
     66.000     7.7816   3.412890    32.9443       2225     1.5441 0.0000e+00
     67.000     7.7628   3.415626    32.9910       2244     1.5579 0.0000e+00
     68.000     7.7415   3.423294    33.0929       2264     1.5715 0.0000e+00
     69.000     7.7334   3.428420    33.1552       2286     1.5871 0.0000e+00
     70.000     7.7617   3.434306    33.1910       2320     1.6102 0.0000e+00
     71.000     7.7787   3.437958    33.2135       2365     1.6415 0.0000e+00
     72.000     7.7848   3.439637    33.2253       2394     1.6617 0.0000e+00
     73.000     7.7878   3.440634    33.2326       2414     1.6760 0.0000e+00
     74.000     7.7969   3.443434    33.2535       2435     1.6903 0.0000e+00
     75.000     7.8262   3.452506    33.3223       2459     1.7068 0.0000e+00
     76.000     7.8436   3.457581    33.3596       2492     1.7296 0.0000e+00
     77.000     7.8442   3.458222    33.3655       2528     1.7545 0.0000e+00
     78.000     7.8432   3.458379    33.3676       2553     1.7719 0.0000e+00
     79.000     7.8480   3.459534    33.3749       2574     1.7871 0.0000e+00
     80.000     7.8587   3.462355    33.3944       2601     1.8057 0.0000e+00
     81.000     7.8650   3.463771    33.4031       2632     1.8270 0.0000e+00
     82.000     7.8709   3.465088    33.4112       2656     1.8440 0.0000e+00
     83.000     7.8755   3.466537    33.4217       2677     1.8580 0.0000e+00
     84.000     7.8792   3.467594    33.4291       2704     1.8770 0.0000e+00
     85.000     7.8869   3.469130    33.4377       2750     1.9091 0.0000e+00
     86.000     7.9446   3.480111    33.4994       2777     1.9281 0.0000e+00
     87.000     7.9721   3.486756    33.5436       2797     1.9415 0.0000e+00
     88.000     7.9754   3.487952    33.5528       2817     1.9558 0.0000e+00
     89.000     7.9606   3.484680    33.5316       2843     1.9734 0.0000e+00
     90.000     7.9991   3.492009    33.5725       2869     1.9918 0.0000e+00
     91.000     8.0340   3.499774    33.6214       2897     2.0113 0.0000e+00
     92.000     8.0411   3.501524    33.6328       2934     2.0370 0.0000e+00
     93.000     8.0451   3.502412    33.6380       2962     2.0564 0.0000e+00
     94.000     8.0578   3.504992    33.6528       2983     2.0708 0.0000e+00
     95.000     8.0649   3.506608    33.6628       3006     2.0866 0.0000e+00
     96.000     8.0891   3.511359    33.6897       3034     2.1062 0.0000e+00
     97.000     8.1094   3.516047    33.7198       3064     2.1269 0.0000e+00
     98.000     8.1356   3.522063    33.7582       3090     2.1453 0.0000e+00
     99.000     8.1579   3.526834    33.7870       3116     2.1635 0.0000e+00
    100.000     8.2022   3.537215    33.8545       3143     2.1823 0.0000e+00
    101.000     8.2084   3.538945    33.8664       3168     2.1994 0.0000e+00
    102.000     8.2045   3.538164    33.8614       3193     2.2164 0.0000e+00
    103.000     8.2105   3.539501    33.8694       3225     2.2389 0.0000e+00
    104.000     8.2120   3.539776    33.8703       3263     2.2652 0.0000e+00
    105.000     8.2195   3.541511    33.8811       3284     2.2799 0.0000e+00
    106.000     8.2183   3.541344    33.8800       3300     2.2910 0.0000e+00
    107.000     8.2177   3.541201    33.8786       3336     2.3162 0.0000e+00
    106.000     8.2180   3.541234    33.8791       3376     2.3440 0.0000e+00
    105.000     8.2022   3.537907    33.8594       4299     2.9844 0.0000e+00
    104.000     8.2004   3.537393    33.8561       4456     3.0940 0.0000e+00
    103.000     8.1990   3.537069    33.8546       4473     3.1052 0.0000e+00
    102.000     8.1984   3.536829    33.8531       4498     3.1231 0.0000e+00
    101.000     8.1949   3.536234    33.8506       4520     3.1380 0.0000e+00
    100.000     8.1870   3.534346    33.8386       4541     3.1526 0.0000e+00
     99.000     8.1757   3.532163    33.8267       4564     3.1690 0.0000e+00
     98.000     8.1115   3.517790    33.7358       4594     3.1894 0.0000e+00
     97.000     8.0759   3.509285    33.6798       4624     3.2106 0.0000e+00
     96.000     8.0640   3.506646    33.6636       4650     3.2287 0.0000e+00
     95.000     8.0602   3.505745    33.6581       4675     3.2456 0.0000e+00
     94.000     8.0549   3.504695    33.6524       4701     3.2640 0.0000e+00
     93.000     8.0363   3.500955    33.6309       4733     3.2861 0.0000e+00
     92.000     7.9975   3.492893    33.5825       4765     3.3086 0.0000e+00
     91.000     7.9821   3.489300    33.5594       4792     3.3269 0.0000e+00
     90.000     7.9667   3.486472    33.5444       4814     3.3426 0.0000e+00
     89.000     7.9431   3.481105    33.5101       4836     3.3578 0.0000e+00
     88.000     7.9384   3.480202    33.5054       4859     3.3739 0.0000e+00
     87.000     7.9046   3.473460    33.4661       4886     3.3925 0.0000e+00
     86.000     7.8795   3.467650    33.4284       4916     3.4133 0.0000e+00
     85.000     7.8742   3.466279    33.4193       4951     3.4372 0.0000e+00
     84.000     7.8733   3.465613    33.4135       4984     3.4606 0.0000e+00
     83.000     7.8700   3.464730    33.4076       5011     3.4789 0.0000e+00
     82.000     7.8667   3.463951    33.4029       5037     3.4973 0.0000e+00
     81.000     7.8578   3.461961    33.3906       5067     3.5178 0.0000e+00
     80.000     7.8519   3.460400    33.3800       5093     3.5362 0.0000e+00
     79.000     7.8439   3.458724    33.3701       5117     3.5529 0.0000e+00
     78.000     7.8344   3.456210    33.3527       5145     3.5724 0.0000e+00
     77.000     7.8354   3.455344    33.3430       5180     3.5969 0.0000e+00
     76.000     7.8333   3.454745    33.3391       5210     3.6174 0.0000e+00
     75.000     7.8202   3.451483    33.3171       5237     3.6362 0.0000e+00
     74.000     7.8033   3.445535    33.2699       5261     3.6529 0.0000e+00
     73.000     7.7944   3.442146    33.2425       5282     3.6676 0.0000e+00
     72.000     7.7856   3.439486    33.2228       5304     3.6827 0.0000e+00
     71.000     7.7745   3.436812    33.2052       5330     3.7008 0.0000e+00
     70.000     7.7425   3.429704    33.1598       5365     3.7248 0.0000e+00
     69.000     7.7434   3.421415    33.0705       5410     3.7563 0.0000e+00
     68.000     7.7596   3.418772    33.0272       5437     3.7753 0.0000e+00
     67.000     7.7711   3.412818    32.9530       5458     3.7893 0.0000e+00
     66.000     7.7882   3.410750    32.9152       5479     3.8042 0.0000e+00
     65.000     7.8347   3.412562    32.8912       5506     3.8232 0.0000e+00
     64.000     7.8422   3.412590    32.8849       5538     3.8454 0.0000e+00
     63.000     7.8451   3.411420    32.8701       5567     3.8655 0.0000e+00
     62.000     7.8579   3.411441    32.8588       5595     3.8848 0.0000e+00
     61.000     7.8710   3.411904    32.8518       5621     3.9030 0.0000e+00
     60.000     7.8991   3.412716    32.8346       5646     3.9202 0.0000e+00
     59.000     7.9366   3.414298    32.8167       5671     3.9378 0.0000e+00
     58.000     7.9929   3.416853    32.7917       5698     3.9563 0.0000e+00
     57.000     8.0869   3.421175    32.7501       5728     3.9774 0.0000e+00
     56.000     8.1891   3.426871    32.7156       5765     4.0028 0.0000e+00
     55.000     8.2526   3.430671    32.6972       5793     4.0219 0.0000e+00
     54.000     8.3368   3.436363    32.6795       5812     4.0353 0.0000e+00
     53.000     8.4006   3.440591    32.6654       5828     4.0469 0.0000e+00
     52.000     8.4549   3.444330    32.6550       5845     4.0586 0.0000e+00
     51.000     8.5086   3.447161    32.6354       5865     4.0724 0.0000e+00
     50.000     8.5746   3.451364    32.6191       5902     4.0977 0.0000e+00
     49.000     8.6010   3.453427    32.6168       5958     4.1365 0.0000e+00
     48.000     8.6742   3.458197    32.5998       5980     4.1520 0.0000e+00
     47.000     8.7026   3.460457    32.5977       5996     4.1635 0.0000e+00
     46.000     8.7625   3.464802    32.5884       6013     4.1748 0.0000e+00
     45.000     8.7910   3.467332    32.5891       6031     4.1873 0.0000e+00
     44.000     8.8854   3.474375    32.5763       6060     4.2075 0.0000e+00
     43.000     8.9963   3.483139    32.5662       6104     4.2384 0.0000e+00
     42.000     9.1076   3.491827    32.5549       6133     4.2580 0.0000e+00
     41.000     9.7237   3.534902    32.4388       6159     4.2761 0.0000e+00
     40.000    10.6421   3.601919    32.2948       6192     4.2992 0.0000e+00
     39.000    11.1623   3.637693    32.1920       6224     4.3217 0.0000e+00
     38.000    11.7127   3.679417    32.1216       6247     4.3378 0.0000e+00
     37.000    12.0043   3.704331    32.1115       6268     4.3519 0.0000e+00
     36.000    12.2546   3.724684    32.0926       6289     4.3665 0.0000e+00
     35.000    12.6111   3.753395    32.0626       6317     4.3862 0.0000e+00
     34.000    12.9808   3.785307    32.0514       6357     4.4139 0.0000e+00
     33.000    13.2120   3.803921    32.0316       6389     4.4361 0.0000e+00
     32.000    13.4603   3.823006    32.0017       6413     4.4528 0.0000e+00
     31.000    13.6408   3.838190    31.9921       6439     4.4708 0.0000e+00
     30.000    13.8279   3.852938    31.9729       6469     4.4915 0.0000e+00
     29.000    13.9532   3.862642    31.9587       6497     4.5110 0.0000e+00
     28.000    14.0175   3.867902    31.9541       6520     4.5273 0.0000e+00
     27.000    14.0629   3.871715    31.9519       6543     4.5427 0.0000e+00
     26.000    14.1504   3.877937    31.9369       6566     4.5592 0.0000e+00
     25.000    14.1642   3.880009    31.9449       6596     4.5802 0.0000e+00
     24.000    14.1749   3.881296    31.9482       6633     4.6056 0.0000e+00
     23.000    14.1805   3.882052    31.9509       6666     4.6286 0.0000e+00
     22.000    14.1872   3.882735    31.9520       6694     4.6477 0.0000e+00
     21.000    14.1888   3.882742    31.9511       6717     4.6637 0.0000e+00
     20.000    14.1932   3.883229    31.9523       6738     4.6787 0.0000e+00
     19.000    14.1972   3.883613    31.9529       6761     4.6945 0.0000e+00
     18.000    14.1983   3.883809    31.9541       6787     4.7127 0.0000e+00
     17.000    14.1984   3.883929    31.9556       6817     4.7330 0.0000e+00
     16.000    14.1975   3.883955    31.9569       6845     4.7529 0.0000e+00
     15.000    14.1988   3.884078    31.9574       6875     4.7736 0.0000e+00
     14.000    14.2029   3.884439    31.9577       6902     4.7926 0.0000e+00
     13.000    14.2079   3.884873    31.9579       6927     4.8100 0.0000e+00
     12.000    14.2082   3.884872    31.9580       6953     4.8278 0.0000e+00
     11.000    14.2082   3.884699    31.9569       6980     4.8466 0.0000e+00
     10.000    14.2052   3.883978    31.9530       7005     4.8636 0.0000e+00
      9.000    14.2124   3.882249    31.9317       7026     4.8783 0.0000e+00
      8.000    14.2473   3.878734    31.8711       7047     4.8929 0.0000e+00
      7.000    14.4563   3.845966    31.4017       7509     5.2142 0.0000e+00
