HB2304/ctd172.cnv
* Sea-Bird SBE 9 Data File:
* FileName = C:\cruise\data\ctd172.hex
* Software Version Seasave V 7.26.7.121
* Temperature SN = 4591
* Conductivity SN = 3741
* Number of Bytes Per Scan = 37
* Number of Voltage Words = 4
* Number of Scans Averaged by the Deck Unit = 1
* NMEA Latitude = 43 24.28 N
* NMEA Longitude = 069 48.11 W
* NMEA UTC (Time) = Nov 08 2023 20:24:07
* NMEA baud rate = 4800
** Ship: Bigelow HB2304
** Program:  Fall Bottom Trawl Survey
** Chief Scientist: John Galbraith
# nquan = 9
# nvalues = 235                         
# units = specified
# name 0 = depSM: Depth [salt water, m]
# name 1 = t090C: Temperature [ITS-90, deg C]
# name 2 = c0S/m: Conductivity [S/m]
# name 3 = sal00: Salinity, Practical [PSU]
# name 4 = scan: Scan Count
# name 5 = timeM: Time, Elapsed [minutes]
# name 6 = sbeox0V: Oxygen raw, SBE 43 [V]
# name 7 = sbeox1V: Oxygen raw, SBE 43, 2 [V]
# name 8 = flag: flag
# span 0 =      3.000,    120.000       
# span 1 =     8.0046,    11.5848       
# span 2 =   3.455197,   3.664544       
# span 3 =    32.0750,    33.1783       
# span 4 =         97,       7614       
# span 5 =     0.0669,     5.2866       
# span 6 =     1.6726,     2.4321       
# span 7 =     1.5749,     2.2791       
# span 8 = 0.0000e+00, 0.0000e+00       
# interval = meters: 1                  
# start_time = Nov 08 2023 20:24:07 [NMEA time, header]
# bad_flag = -9.990e-29
*END*
[from data line 161]
     76.000     9.9976   3.599934    32.8368       5506     3.8226     1.9616     1.8378 0.0000e+00
     75.000    10.0612   3.601989    32.8003       5528     3.8379     1.9712     1.8466 0.0000e+00
     74.000    10.1064   3.604244    32.7826       5554     3.8566     1.9803     1.8540 0.0000e+00
     73.000    10.1347   3.605821    32.7734       5590     3.8812     1.9911     1.8628 0.0000e+00
     72.000    10.1479   3.606178    32.7656       5620     3.9020     1.9977     1.8719 0.0000e+00
     71.000    10.2129   3.609512    32.7409       5643     3.9183     2.0014     1.8771 0.0000e+00
     70.000    10.2408   3.611123    32.7324       5667     3.9350     2.0049     1.8833 0.0000e+00
     69.000    10.2634   3.612267    32.7240       5696     3.9548     2.0087     1.8868 0.0000e+00
     68.000    10.2789   3.612872    32.7165       5726     3.9760     2.0124     1.8890 0.0000e+00
     67.000    10.3088   3.613757    32.6990       5752     3.9941     2.0142     1.8906 0.0000e+00
     66.000    10.3489   3.616207    32.6880       5778     4.0117     2.0169     1.8935 0.0000e+00
     65.000    10.3735   3.617714    32.6814       5806     4.0313     2.0206     1.9002 0.0000e+00
     64.000    10.4076   3.619443    32.6686       5834     4.0509     2.0239     1.9030 0.0000e+00
     63.000    10.4230   3.620201    32.6628       5861     4.0696     2.0256     1.9055 0.0000e+00
     62.000    10.4314   3.620459    32.6582       5889     4.0890     2.0271     1.9077 0.0000e+00
     61.000    10.4354   3.620494    32.6555       5918     4.1091     2.0296     1.9095 0.0000e+00
     60.000    10.4372   3.620496    32.6543       5945     4.1275     2.0317     1.9100 0.0000e+00
     59.000    10.4472   3.620573    32.6465       5971     4.1456     2.0326     1.9099 0.0000e+00
     58.000    10.4695   3.621213    32.6334       5998     4.1649     2.0346     1.9098 0.0000e+00
     57.000    10.5403   3.623833    32.5967       6025     4.1831     2.0370     1.9150 0.0000e+00
     56.000    10.5875   3.625590    32.5726       6049     4.1999     2.0412     1.9207 0.0000e+00
     55.000    10.6120   3.626602    32.5612       6074     4.2177     2.0468     1.9254 0.0000e+00
     54.000    10.6246   3.627210    32.5565       6103     4.2378     2.0537     1.9303 0.0000e+00
     53.000    10.6336   3.627529    32.5521       6132     4.2577     2.0591     1.9354 0.0000e+00
     52.000    10.6540   3.628157    32.5406       6157     4.2752     2.0624     1.9353 0.0000e+00
     51.000    10.6938   3.629357    32.5175       6182     4.2926     2.0679     1.9379 0.0000e+00
     50.000    10.7084   3.629370    32.5051       6211     4.3122     2.0730     1.9430 0.0000e+00
     49.000    10.7289   3.629589    32.4895       6240     4.3327     2.0772     1.9439 0.0000e+00
     48.000    10.7702   3.630787    32.4651       6267     4.3517     2.0780     1.9490 0.0000e+00
     47.000    10.8572   3.635910    32.4394       6293     4.3698     2.0814     1.9539 0.0000e+00
     46.000    11.0468   3.647022    32.3823       6321     4.3887     2.0921     1.9589 0.0000e+00
     45.000    11.1708   3.650790    32.3108       6350     4.4091     2.1030     1.9670 0.0000e+00
     44.000    11.2961   3.653773    32.2309       6378     4.4283     2.1172     1.9723 0.0000e+00
     43.000    11.3571   3.655127    32.1914       6403     4.4456     2.1407     1.9913 0.0000e+00
     42.000    11.4784   3.657318    32.1077       6429     4.4637     2.1751     2.0224 0.0000e+00
     41.000    11.5578   3.660983    32.0750       6459     4.4848     2.2249     2.0639 0.0000e+00
     40.000    11.5669   3.661954    32.0770       6489     4.5056     2.2879     2.1227 0.0000e+00
     39.000    11.5691   3.662231    32.0783       6515     4.5233     2.3339     2.1686 0.0000e+00
     38.000    11.5696   3.662421    32.0801       6540     4.5410     2.3630     2.2041 0.0000e+00
     37.000    11.5703   3.662526    32.0809       6567     4.5599     2.3817     2.2306 0.0000e+00
     36.000    11.5698   3.662537    32.0819       6594     4.5787     2.3889     2.2421 0.0000e+00
     35.000    11.5697   3.662563    32.0826       6621     4.5973     2.3933     2.2486 0.0000e+00
     34.000    11.5699   3.662616    32.0834       6652     4.6184     2.3994     2.2526 0.0000e+00
     33.000    11.5697   3.662596    32.0838       6682     4.6398     2.4051     2.2573 0.0000e+00
     32.000    11.5697   3.662598    32.0842       6708     4.6579     2.4082     2.2623 0.0000e+00
     31.000    11.5702   3.662640    32.0846       6733     4.6748     2.4085     2.2618 0.0000e+00
     30.000    11.5707   3.662626    32.0845       6760     4.6938     2.4080     2.2657 0.0000e+00
     29.000    11.5738   3.662884    32.0847       6789     4.7140     2.4092     2.2613 0.0000e+00
     28.000    11.5743   3.662871    32.0846       6817     4.7333     2.4105     2.2629 0.0000e+00
     27.000    11.5736   3.662853    32.0854       6846     4.7535     2.4110     2.2644 0.0000e+00
     26.000    11.5704   3.662569    32.0858       6874     4.7732     2.4131     2.2639 0.0000e+00
     25.000    11.5673   3.662349    32.0868       6900     4.7909     2.4137     2.2648 0.0000e+00
     24.000    11.5660   3.662191    32.0868       6924     4.8077     2.4119     2.2668 0.0000e+00
     23.000    11.5669   3.662231    32.0868       6953     4.8279     2.4105     2.2665 0.0000e+00
     22.000    11.5677   3.662265    32.0868       6985     4.8500     2.4116     2.2707 0.0000e+00
     21.000    11.5682   3.662274    32.0869       7010     4.8670     2.4133     2.2695 0.0000e+00
     20.000    11.5684   3.662269    32.0871       7032     4.8824     2.4138     2.2690 0.0000e+00
     19.000    11.5686   3.662234    32.0871       7060     4.9018     2.4161     2.2693 0.0000e+00
     18.000    11.5700   3.662356    32.0874       7094     4.9259     2.4168     2.2662 0.0000e+00
     17.000    11.5668   3.662053    32.0877       7120     4.9439     2.4173     2.2705 0.0000e+00
     16.000    11.5686   3.662125    32.0873       7143     4.9599     2.4155     2.2728 0.0000e+00
     15.000    11.5695   3.662192    32.0875       7170     4.9783     2.4131     2.2673 0.0000e+00
     14.000    11.5694   3.662170    32.0878       7201     5.0003     2.4127     2.2698 0.0000e+00
     13.000    11.5681   3.662048    32.0882       7229     5.0196     2.4159     2.2697 0.0000e+00
     12.000    11.5636   3.661673    32.0889       7253     5.0363     2.4186     2.2716 0.0000e+00
     11.000    11.5588   3.661269    32.0895       7276     5.0524     2.4185     2.2708 0.0000e+00
     10.000    11.5549   3.660866    32.0894       7303     5.0712     2.4181     2.2709 0.0000e+00
      9.000    11.5602   3.661188    32.0883       7336     5.0938     2.4187     2.2737 0.0000e+00
      8.000    11.5635   3.661469    32.0886       7363     5.1124     2.4199     2.2764 0.0000e+00
      7.000    11.5633   3.661407    32.0886       7384     5.1271     2.4226     2.2774 0.0000e+00
      6.000    11.5613   3.661241    32.0891       7409     5.1444     2.4247     2.2791 0.0000e+00
      5.000    11.5594   3.661063    32.0895       7447     5.1707     2.4233     2.2732 0.0000e+00
      4.000    11.5596   3.661081    32.0898       7476     5.1911     2.4248     2.2732 0.0000e+00
      3.000    11.5580   3.660905    32.0899       7614     5.2866     2.4218     2.2718 0.0000e+00
