HB2304/ctd171.cnv
* Sea-Bird SBE 9 Data File:
* FileName = C:\cruise\data\ctd171.hex
* Software Version Seasave V 7.26.7.121
* Temperature SN = 4591
* Conductivity SN = 3741
* Number of Bytes Per Scan = 37
* Number of Voltage Words = 4
* Number of Scans Averaged by the Deck Unit = 1
* NMEA Latitude = 42 32.75 N
* NMEA Longitude = 066 55.51 W
* NMEA UTC (Time) = Nov 06 2023 02:18:28
* NMEA baud rate = 4800
** Ship: Bigelow HB2304
** Program:  Fall Bottom Trawl Survey
** Chief Scientist: John Galbraith
# nquan = 9
# nvalues = 578                         
# units = specified
# name 0 = depSM: Depth [salt water, m]
# name 1 = t090C: Temperature [ITS-90, deg C]
# name 2 = c0S/m: Conductivity [S/m]
# name 3 = sal00: Salinity, Practical [PSU]
# name 4 = scan: Scan Count
# name 5 = timeM: Time, Elapsed [minutes]
# name 6 = sbeox0V: Oxygen raw, SBE 43 [V]
# name 7 = sbeox1V: Oxygen raw, SBE 43, 2 [V]
# name 8 = flag: flag
# span 0 =      2.000,    291.000       
# span 1 =     7.0001,    11.8689       
# span 2 =   3.343916,   3.678842       
# span 3 =    31.4927,    34.9464       
# span 4 =        136,      19061       
# span 5 =     0.0935,    13.2364       
# span 6 =     1.7494,     2.4869       
# span 7 =     1.6436,     2.3224       
# span 8 = 0.0000e+00, 0.0000e+00       
# interval = meters: 1                  
# start_time = Nov 06 2023 02:18:28 [NMEA time, header]
# bad_flag = -9.990e-29
*END*
[from data line 321]
    258.000     8.2540   3.647765    34.9055      10869     7.5474     1.7856     1.6771 0.0000e+00
    257.000     8.2600   3.648222    34.9049      10889     7.5614     1.7865     1.6765 0.0000e+00
    256.000     8.2645   3.648569    34.9046      10911     7.5766     1.7873     1.6773 0.0000e+00
    255.000     8.2701   3.648952    34.9036      10935     7.5933     1.7875     1.6789 0.0000e+00
    254.000     8.2813   3.649761    34.9015      10962     7.6116     1.7868     1.6789 0.0000e+00
    253.000     8.3013   3.651217    34.8977      10989     7.6307     1.7881     1.6804 0.0000e+00
    252.000     8.3166   3.652392    34.8956      11015     7.6484     1.7907     1.6819 0.0000e+00
    251.000     8.3313   3.653497    34.8932      11037     7.6642     1.7940     1.6826 0.0000e+00
    250.000     8.3426   3.654354    34.8916      11059     7.6789     1.7950     1.6832 0.0000e+00
    249.000     8.3602   3.655526    34.8872      11079     7.6928     1.7951     1.6848 0.0000e+00
    248.000     8.3738   3.656605    34.8856      11098     7.7066     1.7953     1.6854 0.0000e+00
    247.000     8.3878   3.657571    34.8825      11120     7.7213     1.7963     1.6863 0.0000e+00
    246.000     8.4002   3.658558    34.8813      11142     7.7369     1.7967     1.6863 0.0000e+00
    245.000     8.4032   3.658815    34.8815      11168     7.7549     1.7969     1.6874 0.0000e+00
    244.000     8.4117   3.659394    34.8798      11198     7.7757     1.7976     1.6896 0.0000e+00
    243.000     8.4187   3.659905    34.8787      11225     7.7943     1.7994     1.6908 0.0000e+00
    242.000     8.4306   3.660670    34.8756      11248     7.8105     1.8010     1.6912 0.0000e+00
    241.000     8.4361   3.661097    34.8751      11271     7.8264     1.8011     1.6886 0.0000e+00
    240.000     8.4427   3.661574    34.8742      11293     7.8419     1.8002     1.6940 0.0000e+00
    239.000     8.4450   3.661744    34.8742      11316     7.8575     1.8010     1.6906 0.0000e+00
    238.000     8.4493   3.662052    34.8737      11339     7.8739     1.8017     1.6882 0.0000e+00
    237.000     8.4531   3.662282    34.8729      11363     7.8900     1.8017     1.6896 0.0000e+00
    236.000     8.4561   3.662487    34.8726      11386     7.9059     1.8017     1.6865 0.0000e+00
    235.000     8.4581   3.662609    34.8723      11409     7.9224     1.8023     1.6878 0.0000e+00
    234.000     8.4608   3.662746    34.8716      11435     7.9399     1.8023     1.6893 0.0000e+00
    233.000     8.4623   3.662821    34.8714      11461     7.9581     1.8023     1.6902 0.0000e+00
    232.000     8.4637   3.662841    34.8707      11488     7.9770     1.8031     1.6905 0.0000e+00
    231.000     8.4724   3.663291    34.8674      11513     7.9947     1.8045     1.6903 0.0000e+00
    230.000     8.4830   3.663885    34.8637      11538     8.0118     1.8050     1.6908 0.0000e+00
    229.000     8.4907   3.664272    34.8606      11562     8.0286     1.8067     1.6911 0.0000e+00
    228.000     8.4998   3.664849    34.8582      11589     8.0471     1.8083     1.6902 0.0000e+00
    227.000     8.5019   3.664974    34.8580      11615     8.0651     1.8070     1.6900 0.0000e+00
    226.000     8.5059   3.665165    34.8566      11639     8.0817     1.8073     1.6911 0.0000e+00
    225.000     8.5123   3.665479    34.8540      11661     8.0972     1.8092     1.6920 0.0000e+00
    224.000     8.5209   3.665926    34.8508      11684     8.1129     1.8103     1.6927 0.0000e+00
    223.000     8.5250   3.666142    34.8495      11708     8.1296     1.8105     1.6936 0.0000e+00
    222.000     8.5272   3.666246    34.8489      11734     8.1479     1.8081     1.6945 0.0000e+00
    221.000     8.5285   3.666297    34.8486      11764     8.1687     1.8072     1.6955 0.0000e+00
    220.000     8.5296   3.666332    34.8484      11797     8.1916     1.8083     1.6961 0.0000e+00
    219.000     8.5320   3.666406    34.8473      11826     8.2117     1.8105     1.6971 0.0000e+00
    218.000     8.5341   3.666487    34.8465      11849     8.2281     1.8120     1.6972 0.0000e+00
    217.000     8.5352   3.666501    34.8461      11872     8.2437     1.8127     1.6972 0.0000e+00
    216.000     8.5384   3.666588    34.8444      11896     8.2607     1.8125     1.6971 0.0000e+00
    215.000     8.5501   3.667110    34.8388      11924     8.2799     1.8114     1.6977 0.0000e+00
    214.000     8.5555   3.667378    34.8368      11954     8.3004     1.8118     1.6965 0.0000e+00
    213.000     8.5631   3.667696    34.8332      11983     8.3207     1.8136     1.6943 0.0000e+00
    212.000     8.5815   3.668610    34.8252      12010     8.3394     1.8159     1.6962 0.0000e+00
    211.000     8.6011   3.669885    34.8198      12038     8.3588     1.8160     1.6983 0.0000e+00
    210.000     8.6045   3.670173    34.8200      12067     8.3792     1.8177     1.7001 0.0000e+00
    209.000     8.6069   3.670325    34.8197      12097     8.3998     1.8196     1.7013 0.0000e+00
    208.000     8.6109   3.670537    34.8186      12123     8.4183     1.8204     1.7011 0.0000e+00
    207.000     8.6193   3.671061    34.8163      12148     8.4353     1.8202     1.7020 0.0000e+00
    206.000     8.6279   3.671482    34.8127      12172     8.4521     1.8176     1.7028 0.0000e+00
    205.000     8.6428   3.672352    34.8077      12200     8.4717     1.8169     1.7044 0.0000e+00
    204.000     8.6505   3.672857    34.8060      12236     8.4966     1.8178     1.7057 0.0000e+00
    203.000     8.6528   3.673010    34.8059      12272     8.5214     1.8197     1.7054 0.0000e+00
    202.000     8.6539   3.673058    34.8057      12300     8.5413     1.8220     1.7046 0.0000e+00
    201.000     8.6578   3.673245    34.8043      12325     8.5582     1.8217     1.7039 0.0000e+00
    200.000     8.6622   3.673526    34.8034      12347     8.5735     1.8209     1.7028 0.0000e+00
    199.000     8.6713   3.674021    34.8002      12371     8.5904     1.8198     1.7021 0.0000e+00
    198.000     8.6836   3.674663    34.7954      12400     8.6103     1.8194     1.7040 0.0000e+00
    197.000     8.6958   3.674844    34.7858      12432     8.6325     1.8199     1.7083 0.0000e+00
    196.000     8.7012   3.674704    34.7795      12468     8.6574     1.8206     1.7111 0.0000e+00
    195.000     8.7127   3.675107    34.7729      12500     8.6796     1.8228     1.7129 0.0000e+00
    194.000     8.7217   3.675445    34.7681      12528     8.6994     1.8244     1.7135 0.0000e+00
    193.000     8.7295   3.675503    34.7615      12554     8.7175     1.8251     1.7150 0.0000e+00
    192.000     8.7334   3.675198    34.7549      12580     8.7356     1.8264     1.7164 0.0000e+00
    191.000     8.7335   3.674477    34.7477      12608     8.7550     1.8282     1.7178 0.0000e+00
    190.000     8.7333   3.673844    34.7418      12639     8.7764     1.8309     1.7187 0.0000e+00
    189.000     8.7332   3.673814    34.7420      12672     8.7994     1.8318     1.7204 0.0000e+00
    188.000     8.7331   3.673605    34.7404      12705     8.8225     1.8319     1.7212 0.0000e+00
    187.000     8.7333   3.673389    34.7384      12735     8.8429     1.8313     1.7215 0.0000e+00
    186.000     8.7358   3.673160    34.7340      12761     8.8614     1.8327     1.7203 0.0000e+00
    185.000     8.7388   3.673089    34.7308      12789     8.8804     1.8340     1.7206 0.0000e+00
    184.000     8.7511   3.673166    34.7200      12821     8.9030     1.8344     1.7200 0.0000e+00
    183.000     8.7604   3.673632    34.7163      12859     8.9290     1.8357     1.7194 0.0000e+00
    182.000     8.7606   3.673545    34.7157      12892     8.9518     1.8367     1.7203 0.0000e+00
    181.000     8.7576   3.672991    34.7133      12920     8.9713     1.8383     1.7228 0.0000e+00
    180.000     8.7551   3.672473    34.7107      12949     8.9915     1.8384     1.7231 0.0000e+00
    179.000     8.7532   3.672055    34.7087      12981     9.0139     1.8392     1.7223 0.0000e+00
    178.000     8.7488   3.671318    34.7057      13016     9.0379     1.8395     1.7237 0.0000e+00
    177.000     8.7466   3.670919    34.7041      13047     9.0595     1.8402     1.7255 0.0000e+00
    176.000     8.7494   3.670761    34.7002      13077     9.0809     1.8406     1.7253 0.0000e+00
    175.000     8.7540   3.670772    34.6963      13110     9.1035     1.8409     1.7263 0.0000e+00
    174.000     8.7612   3.670589    34.6878      13143     9.1264     1.8416     1.7291 0.0000e+00
    173.000     8.7613   3.670090    34.6829      13176     9.1490     1.8415     1.7309 0.0000e+00
    172.000     8.7574   3.669238    34.6782      13207     9.1707     1.8441     1.7315 0.0000e+00
    171.000     8.7426   3.666666    34.6661      13237     9.1918     1.8456     1.7311 0.0000e+00
    170.000     8.7496   3.666178    34.6546      13268     9.2130     1.8463     1.7328 0.0000e+00
    169.000     8.7748   3.668124    34.6509      13302     9.2366     1.8477     1.7344 0.0000e+00
    168.000     8.8480   3.674668    34.6487      13337     9.2609     1.8507     1.7359 0.0000e+00
    167.000     8.8848   3.678842    34.6571      13371     9.2846     1.8560     1.7376 0.0000e+00
    166.000     8.8809   3.678095    34.6535      13401     9.3056     1.8577     1.7402 0.0000e+00
    165.000     8.8787   3.677023    34.6449      13429     9.3247     1.8579     1.7415 0.0000e+00
    164.000     8.8745   3.675717    34.6358      13457     9.3444     1.8582     1.7439 0.0000e+00
    163.000     8.8507   3.672480    34.6255      13490     9.3671     1.8600     1.7448 0.0000e+00
    162.000     8.8518   3.670190    34.6008      13524     9.3910     1.8612     1.7422 0.0000e+00
    161.000     8.8867   3.671735    34.5835      13555     9.4126     1.8640     1.7416 0.0000e+00
    160.000     8.8902   3.671832    34.5816      13587     9.4344     1.8671     1.7440 0.0000e+00
    159.000     8.8899   3.671316    34.5769      13623     9.4599     1.8677     1.7449 0.0000e+00
    158.000     8.8872   3.670724    34.5739      13656     9.4828     1.8682     1.7455 0.0000e+00
    157.000     8.8917   3.669911    34.5614      13685     9.5026     1.8671     1.7481 0.0000e+00
    156.000     8.9141   3.671049    34.5520      13711     9.5209     1.8666     1.7500 0.0000e+00
    155.000     8.9183   3.671026    34.5481      13740     9.5407     1.8683     1.7506 0.0000e+00
    154.000     8.9260   3.670815    34.5389      13777     9.5666     1.8717     1.7538 0.0000e+00
    153.000     8.9405   3.671432    34.5318      13815     9.5932     1.8739     1.7543 0.0000e+00
    152.000     8.9434   3.671338    34.5284      13846     9.6142     1.8774     1.7561 0.0000e+00
    151.000     8.9490   3.671592    34.5261      13874     9.6341     1.8806     1.7620 0.0000e+00
    150.000     8.9537   3.671553    34.5216      13903     9.6544     1.8810     1.7648 0.0000e+00
    149.000     8.9549   3.668811    34.4922      13935     9.6766     1.8830     1.7663 0.0000e+00
    148.000     8.9358   3.664207    34.4630      13968     9.6993     1.8869     1.7658 0.0000e+00
    147.000     8.9149   3.660946    34.4496      13998     9.7203     1.8879     1.7675 0.0000e+00
    146.000     8.8960   3.658267    34.4403      14028     9.7407     1.8906     1.7709 0.0000e+00
    145.000     8.8633   3.654227    34.4301      14058     9.7616     1.8936     1.7743 0.0000e+00
    144.000     8.8314   3.649229    34.4092      14089     9.7832     1.8950     1.7757 0.0000e+00
    143.000     8.8356   3.648648    34.3994      14126     9.8092     1.8947     1.7758 0.0000e+00
    142.000     8.8459   3.648765    34.3911      14162     9.8341     1.8959     1.7776 0.0000e+00
    141.000     8.7870   3.641396    34.3713      14191     9.8542     1.8988     1.7795 0.0000e+00
    140.000     8.6749   3.627087    34.3299      14218     9.8727     1.9005     1.7814 0.0000e+00
    139.000     8.6256   3.620655    34.3104      14245     9.8914     1.9015     1.7835 0.0000e+00
    138.000     8.5847   3.615560    34.2968      14275     9.9123     1.9029     1.7862 0.0000e+00
    137.000     8.5159   3.606327    34.2665      14309     9.9359     1.9063     1.7856 0.0000e+00
    136.000     8.4459   3.596335    34.2292      14343     9.9598     1.9076     1.7839 0.0000e+00
    135.000     8.4097   3.590762    34.2058      14377     9.9833     1.9084     1.7869 0.0000e+00
    134.000     8.3774   3.585838    34.1854      14411    10.0071     1.9100     1.7901 0.0000e+00
    133.000     8.3421   3.580417    34.1625      14443    10.0294     1.9123     1.7902 0.0000e+00
    132.000     8.2954   3.573550    34.1355      14472    10.0493     1.9113     1.7913 0.0000e+00
    131.000     8.2500   3.567010    34.1105      14500    10.0689     1.9118     1.7940 0.0000e+00
    130.000     8.1686   3.550517    34.0143      14530    10.0894     1.9147     1.7955 0.0000e+00
    129.000     8.1604   3.540098    33.9117      14560    10.1104     1.9149     1.7971 0.0000e+00
    128.000     8.1512   3.537270    33.8909      14591    10.1320     1.9174     1.7983 0.0000e+00
    127.000     8.1379   3.534860    33.8785      14621    10.1529     1.9193     1.7990 0.0000e+00
    126.000     8.1260   3.531797    33.8578      14657    10.1776     1.9201     1.8005 0.0000e+00
    125.000     7.9999   3.514427    33.7946      14693    10.2031     1.9224     1.8047 0.0000e+00
    124.000     7.8982   3.499634    33.7349      14725    10.2252     1.9242     1.8053 0.0000e+00
    123.000     7.8523   3.492915    33.7077      14754    10.2450     1.9290     1.8101 0.0000e+00
    122.000     7.8056   3.485886    33.6778      14782    10.2644     1.9397     1.8198 0.0000e+00
    121.000     7.7594   3.479236    33.6514      14813    10.2861     1.9545     1.8291 0.0000e+00
    120.000     7.7197   3.472583    33.6186      14848    10.3101     1.9674     1.8394 0.0000e+00
    119.000     7.6650   3.464661    33.5867      14880    10.3327     1.9758     1.8488 0.0000e+00
    118.000     7.5756   3.451886    33.5356      14909    10.3529     1.9818     1.8568 0.0000e+00
    117.000     7.5504   3.447169    33.5094      14938    10.3731     1.9874     1.8603 0.0000e+00
    116.000     7.5629   3.448706    33.5145      14971    10.3961     1.9972     1.8662 0.0000e+00
    115.000     7.5311   3.444297    33.4980      15009    10.4222     2.0028     1.8738 0.0000e+00
    114.000     7.5122   3.440747    33.4783      15045    10.4472     2.0053     1.8780 0.0000e+00
    113.000     7.5100   3.440134    33.4743      15077    10.4698     2.0089     1.8821 0.0000e+00
    112.000     7.5079   3.439520    33.4702      15106    10.4897     2.0095     1.8855 0.0000e+00
    111.000     7.5042   3.438735    33.4657      15137    10.5114     2.0097     1.8886 0.0000e+00
    110.000     7.4912   3.436591    33.4556      15170    10.5337     2.0100     1.8894 0.0000e+00
    109.000     7.4838   3.434910    33.4450      15203    10.5568     2.0092     1.8885 0.0000e+00
    108.000     7.4824   3.434627    33.4438      15240    10.5825     2.0105     1.8879 0.0000e+00
    107.000     7.4782   3.433527    33.4364      15281    10.6108     2.0163     1.8888 0.0000e+00
    106.000     7.4765   3.432948    33.4322      15319    10.6372     2.0196     1.8911 0.0000e+00
    105.000     7.4731   3.431983    33.4255      15353    10.6609     2.0189     1.8937 0.0000e+00
    104.000     7.4691   3.430951    33.4187      15387    10.6844     2.0207     1.8948 0.0000e+00
    103.000     7.4718   3.431493    33.4225      15424    10.7104     2.0249     1.8956 0.0000e+00
    102.000     7.4632   3.429508    33.4097      15463    10.7372     2.0264     1.8984 0.0000e+00
    101.000     7.4591   3.428017    33.3981      15504    10.7662     2.0259     1.8966 0.0000e+00
    100.000     7.4589   3.425890    33.3758      15549    10.7971     2.0282     1.8951 0.0000e+00
