HB2304/ctd131.cnv
* Sea-Bird SBE 9 Data File:
* FileName = C:\cruise\data\ctd131.hex
* Software Version Seasave V 7.26.7.121
* Temperature SN = 4591
* Conductivity SN = 3741
* Number of Bytes Per Scan = 37
* Number of Voltage Words = 4
* Number of Scans Averaged by the Deck Unit = 1
* NMEA Latitude = 42 00.33 N
* NMEA Longitude = 066 12.61 W
* NMEA UTC (Time) = Oct 19 2023  02:15:43
* NMEA baud rate = 4800
** Ship: Bigelow HB2304
** Program:  Fall Bottom Trawl Survey
** Chief Scientist: John Galbraith
# nquan = 7
# nvalues = 156                         
# units = specified
# name 0 = depSM: Depth [salt water, m]
# name 1 = t090C: Temperature [ITS-90, deg C]
# name 2 = c0S/m: Conductivity [S/m]
# name 3 = sal00: Salinity, Practical [PSU]
# name 4 = scan: Scan Count
# name 5 = timeM: Time, Elapsed [minutes]
# name 6 = flag: flag
# span 0 =      3.000,     81.000       
# span 1 =     8.5766,    14.4940       
# span 2 =   3.477560,   3.896128       
# span 3 =    31.7969,    32.9104       
# span 4 =        218,       5529       
# span 5 =     0.1506,     3.8392       
# span 6 = 0.0000e+00, 0.0000e+00       
# interval = meters: 1                  
# start_time = Oct 19 2023 02:15:43 [NMEA time, header]
# bad_flag = -9.990e-29
*END*
      4.000    14.4567   3.896128    31.8589        218     0.1506 0.0000e+00
      5.000    14.3987   3.893019    31.8779        376     0.2605 0.0000e+00
      6.000    14.3559   3.892777    31.9106        400     0.2773 0.0000e+00
      7.000    14.3473   3.895349    31.9408        425     0.2945 0.0000e+00
      8.000    14.3204   3.894855    31.9581        447     0.3099 0.0000e+00
      9.000    14.2469   3.890536    31.9790        469     0.3250 0.0000e+00
     10.000    14.2061   3.887515    31.9848        493     0.3415 0.0000e+00
     11.000    14.1702   3.884809    31.9893        521     0.3611 0.0000e+00
     12.000    14.0951   3.880010    32.0072        552     0.3828 0.0000e+00
     13.000    13.9449   3.870500    32.0442        582     0.4034 0.0000e+00
     14.000    13.8377   3.861794    32.0530        609     0.4222 0.0000e+00
     15.000    13.7599   3.855576    32.0600        634     0.4395 0.0000e+00
     16.000    13.7101   3.851336    32.0620        658     0.4564 0.0000e+00
     17.000    13.6226   3.844530    32.0718        683     0.4738 0.0000e+00
     18.000    13.4940   3.834558    32.0865        709     0.4918 0.0000e+00
     19.000    13.3034   3.819776    32.1086        735     0.5099 0.0000e+00
     20.000    13.1764   3.808490    32.1097        761     0.5280 0.0000e+00
     21.000    13.1183   3.803787    32.1142        788     0.5467 0.0000e+00
     22.000    13.0085   3.795353    32.1274        816     0.5658 0.0000e+00
     23.000    12.8924   3.785951    32.1369        845     0.5858 0.0000e+00
     24.000    12.8402   3.782040    32.1438        875     0.6067 0.0000e+00
     25.000    12.7346   3.774160    32.1587        902     0.6259 0.0000e+00
     26.000    12.6298   3.766078    32.1709        927     0.6433 0.0000e+00
     27.000    12.4627   3.753381    32.1925        952     0.6601 0.0000e+00
     28.000    12.4866   3.754474    32.1820        977     0.6775 0.0000e+00
     29.000    12.0421   3.725230    32.2837       1003     0.6959 0.0000e+00
     30.000    11.0767   3.655506    32.4465       1031     0.7152 0.0000e+00
     31.000    10.1943   3.588193    32.5601       1060     0.7352 0.0000e+00
     32.000     9.6874   3.548006    32.6094       1088     0.7545 0.0000e+00
     33.000     9.4317   3.528989    32.6465       1113     0.7721 0.0000e+00
     34.000     9.2250   3.515786    32.6989       1137     0.7889 0.0000e+00
     35.000     9.0905   3.505857    32.7191       1164     0.8079 0.0000e+00
     36.000     8.8753   3.494314    32.7970       1198     0.8311 0.0000e+00
     37.000     8.7283   3.487458    32.8610       1230     0.8534 0.0000e+00
     38.000     8.6845   3.485412    32.8798       1255     0.8705 0.0000e+00
     39.000     8.6717   3.484530    32.8821       1277     0.8862 0.0000e+00
     40.000     8.6431   3.483354    32.8958       1301     0.9025 0.0000e+00
     41.000     8.6278   3.482637    32.9020       1326     0.9201 0.0000e+00
     42.000     8.6228   3.482129    32.9009       1354     0.9393 0.0000e+00
     43.000     8.6080   3.481430    32.9069       1383     0.9598 0.0000e+00
     44.000     8.5988   3.480878    32.9092       1414     0.9811 0.0000e+00
     45.000     8.5932   3.480542    32.9104       1443     1.0014 0.0000e+00
     46.000     8.5903   3.480317    32.9104       1469     1.0195 0.0000e+00
     47.000     8.5881   3.480106    32.9097       1494     1.0368 0.0000e+00
     48.000     8.5889   3.480036    32.9078       1518     1.0535 0.0000e+00
     49.000     8.5896   3.479980    32.9061       1543     1.0709 0.0000e+00
     50.000     8.5916   3.479948    32.9034       1570     1.0894 0.0000e+00
     51.000     8.5878   3.479780    32.9047       1596     1.1075 0.0000e+00
     52.000     8.5878   3.479722    32.9036       1621     1.1252 0.0000e+00
     53.000     8.5869   3.479658    32.9034       1651     1.1455 0.0000e+00
     54.000     8.5876   3.479602    32.9017       1688     1.1713 0.0000e+00
     55.000     8.5895   3.479543    32.8988       1721     1.1947 0.0000e+00
     56.000     8.5892   3.479531    32.8986       1744     1.2105 0.0000e+00
     57.000     8.5864   3.479421    32.8995       1763     1.2236 0.0000e+00
     58.000     8.5857   3.479396    32.8994       1781     1.2361 0.0000e+00
     59.000     8.5865   3.479427    32.8985       1801     1.2501 0.0000e+00
     60.000     8.5850   3.479383    32.8990       1831     1.2712 0.0000e+00
     61.000     8.5844   3.479328    32.8986       1878     1.3033 0.0000e+00
     62.000     8.5830   3.479233    32.8984       1912     1.3272 0.0000e+00
     63.000     8.5815   3.479234    32.8993       1936     1.3438 0.0000e+00
     64.000     8.5822   3.479256    32.8985       1959     1.3597 0.0000e+00
     65.000     8.5817   3.479259    32.8985       1983     1.3765 0.0000e+00
     66.000     8.5813   3.479261    32.8984       2010     1.3955 0.0000e+00
     67.000     8.5813   3.479265    32.8980       2041     1.4164 0.0000e+00
     68.000     8.5815   3.479286    32.8976       2069     1.4363 0.0000e+00
     69.000     8.5818   3.479320    32.8972       2094     1.4537 0.0000e+00
     70.000     8.5814   3.479329    32.8972       2118     1.4703 0.0000e+00
     71.000     8.5817   3.479367    32.8968       2146     1.4894 0.0000e+00
     72.000     8.5806   3.479333    32.8971       2183     1.5150 0.0000e+00
     73.000     8.5801   3.479316    32.8969       2219     1.5406 0.0000e+00
     74.000     8.5813   3.479386    32.8961       2245     1.5583 0.0000e+00
     75.000     8.5817   3.479445    32.8958       2268     1.5743 0.0000e+00
     76.000     8.5825   3.479520    32.8954       2293     1.5914 0.0000e+00
     77.000     8.5826   3.479529    32.8949       2323     1.6125 0.0000e+00
     78.000     8.5821   3.479528    32.8949       2357     1.6363 0.0000e+00
     79.000     8.5816   3.479532    32.8950       2391     1.6597 0.0000e+00
     80.000     8.5798   3.479497    32.8958       2423     1.6817 0.0000e+00
     81.000     8.5784   3.479368    32.8954       2698     1.8730 0.0000e+00
     80.000     8.5766   3.479017    32.8939       3505     2.4334 0.0000e+00
     79.000     8.5769   3.479050    32.8943       3443     2.3902 0.0000e+00
     78.000     8.5770   3.479000    32.8942       3472     2.4101 0.0000e+00
     77.000     8.5772   3.478967    32.8941       3496     2.4268 0.0000e+00
     76.000     8.5778   3.478940    32.8937       3521     2.4442 0.0000e+00
     75.000     8.5798   3.478984    32.8927       3550     2.4645 0.0000e+00
     74.000     8.5797   3.478932    32.8927       3584     2.4880 0.0000e+00
     73.000     8.5807   3.478911    32.8921       3615     2.5095 0.0000e+00
     72.000     8.5806   3.478869    32.8922       3639     2.5267 0.0000e+00
     71.000     8.5805   3.478812    32.8921       3660     2.5411 0.0000e+00
     70.000     8.5797   3.478723    32.8924       3680     2.5551 0.0000e+00
     69.000     8.5791   3.478542    32.8915       3702     2.5704 0.0000e+00
     68.000     8.5788   3.478431    32.8911       3730     2.5897 0.0000e+00
     67.000     8.5785   3.478389    32.8914       3766     2.6144 0.0000e+00
     66.000     8.5785   3.478333    32.8913       3798     2.6369 0.0000e+00
     65.000     8.5786   3.478315    32.8914       3823     2.6545 0.0000e+00
     64.000     8.5788   3.478258    32.8911       3846     2.6700 0.0000e+00
     63.000     8.5792   3.478238    32.8910       3868     2.6852 0.0000e+00
     62.000     8.5796   3.478203    32.8907       3892     2.7019 0.0000e+00
     61.000     8.5801   3.478203    32.8907       3922     2.7232 0.0000e+00
     60.000     8.5819   3.478253    32.8901       3959     2.7487 0.0000e+00
     59.000     8.5811   3.478173    32.8904       3991     2.7707 0.0000e+00
     58.000     8.5794   3.478025    32.8908       4015     2.7875 0.0000e+00
     57.000     8.5809   3.478021    32.8899       4036     2.8020 0.0000e+00
     56.000     8.5816   3.478016    32.8897       4055     2.8155 0.0000e+00
     55.000     8.5810   3.477922    32.8897       4076     2.8297 0.0000e+00
     54.000     8.5825   3.477933    32.8889       4101     2.8473 0.0000e+00
     53.000     8.5812   3.477841    32.8895       4138     2.8726 0.0000e+00
     52.000     8.5820   3.477822    32.8892       4176     2.8992 0.0000e+00
     51.000     8.5793   3.477681    32.8906       4204     2.9184 0.0000e+00
     50.000     8.5782   3.477560    32.8908       4227     2.9347 0.0000e+00
     49.000     8.5842   3.477694    32.8871       4249     2.9502 0.0000e+00
     48.000     8.5936   3.477989    32.8819       4273     2.9664 0.0000e+00
     47.000     8.5947   3.477991    32.8813       4297     2.9834 0.0000e+00
     46.000     8.6008   3.478077    32.8770       4323     3.0012 0.0000e+00
     45.000     8.6074   3.478217    32.8729       4350     3.0199 0.0000e+00
     44.000     8.6120   3.478287    32.8698       4379     3.0404 0.0000e+00
     43.000     8.6152   3.478347    32.8678       4409     3.0610 0.0000e+00
     42.000     8.6171   3.478350    32.8666       4437     3.0806 0.0000e+00
     41.000     8.6276   3.478491    32.8588       4464     3.0994 0.0000e+00
     40.000     8.6433   3.478740    32.8473       4491     3.1179 0.0000e+00
     39.000     8.6792   3.479510    32.8225       4516     3.1356 0.0000e+00
     38.000     8.7288   3.480808    32.7905       4541     3.1525 0.0000e+00
     37.000     8.8719   3.485305    32.7058       4564     3.1687 0.0000e+00
     36.000     9.0930   3.496782    32.6223       4588     3.1853 0.0000e+00
     35.000     9.2823   3.508555    32.5715       4614     3.2033 0.0000e+00
     34.000     9.4719   3.520634    32.5238       4643     3.2236 0.0000e+00
     33.000    10.0271   3.556716    32.3912       4674     3.2451 0.0000e+00
     32.000    10.5885   3.598079    32.3073       4703     3.2650 0.0000e+00
     31.000    11.5433   3.666060    32.1412       4729     3.2831 0.0000e+00
     30.000    12.2450   3.721455    32.0723       4754     3.3007 0.0000e+00
     29.000    12.5047   3.745226    32.0781       4779     3.3180 0.0000e+00
     28.000    12.6613   3.758025    32.0667       4804     3.3357 0.0000e+00
     27.000    12.7344   3.765140    32.0725       4832     3.3548 0.0000e+00
     26.000    12.8281   3.772331    32.0615       4861     3.3750 0.0000e+00
     25.000    12.9029   3.778670    32.0583       4889     3.3948 0.0000e+00
     24.000    12.9387   3.781767    32.0577       4916     3.4132 0.0000e+00
     23.000    12.9862   3.785878    32.0566       4942     3.4311 0.0000e+00
     22.000    13.0838   3.793866    32.0496       4968     3.4490 0.0000e+00
     21.000    13.1507   3.799906    32.0503       4994     3.4673 0.0000e+00
     20.000    13.1942   3.803854    32.0511       5021     3.4864 0.0000e+00
     19.000    13.2523   3.808384    32.0449       5048     3.5050 0.0000e+00
     18.000    13.3256   3.814217    32.0382       5073     3.5224 0.0000e+00
     17.000    13.4786   3.825879    32.0190       5099     3.5400 0.0000e+00
     16.000    13.6366   3.839537    32.0140       5126     3.5588 0.0000e+00
     15.000    13.7055   3.845648    32.0135       5154     3.5787 0.0000e+00
     14.000    13.7723   3.851394    32.0113       5183     3.5987 0.0000e+00
     13.000    13.8705   3.858612    31.9965       5211     3.6179 0.0000e+00
     12.000    14.0269   3.869899    31.9709       5237     3.6364 0.0000e+00
     11.000    14.1086   3.875808    31.9578       5263     3.6540 0.0000e+00
     10.000    14.1481   3.879250    31.9570       5287     3.6711 0.0000e+00
      9.000    14.1707   3.881036    31.9551       5312     3.6884 0.0000e+00
      8.000    14.2197   3.884696    31.9484       5338     3.7062 0.0000e+00
      7.000    14.2741   3.888344    31.9373       5364     3.7244 0.0000e+00
      6.000    14.3282   3.891335    31.9203       5391     3.7431 0.0000e+00
      5.000    14.3598   3.889550    31.8783       5419     3.7628 0.0000e+00
      4.000    14.4372   3.891339    31.8313       5448     3.7829 0.0000e+00
      3.000    14.4940   3.892635    31.7969       5529     3.8392 0.0000e+00
