HB2304/ctd198.cnv
* Sea-Bird SBE 9 Data File:
* FileName = C:\cruise\data\ctd198.hex
* Software Version Seasave V 7.26.7.121
* Temperature SN = 4591
* Conductivity SN = 3741
* Number of Bytes Per Scan = 37
* Number of Voltage Words = 4
* Number of Scans Averaged by the Deck Unit = 1
* NMEA Latitude = 42 15.44 N
* NMEA Longitude = 069 33.01 W
* NMEA UTC (Time) = Nov 14 2023 09:50:49
* NMEA baud rate = 4800
** Ship: Bigelow HB2304
** Program:  Fall Bottom Trawl Survey
** Chief Scientist: John Galbraith
# nquan = 9
# nvalues = 442                         
# units = specified
# name 0 = depSM: Depth [salt water, m]
# name 1 = t090C: Temperature [ITS-90, deg C]
# name 2 = c0S/m: Conductivity [S/m]
# name 3 = sal00: Salinity, Practical [PSU]
# name 4 = scan: Scan Count
# name 5 = timeM: Time, Elapsed [minutes]
# name 6 = sbeox0V: Oxygen raw, SBE 43 [V]
# name 7 = sbeox1V: Oxygen raw, SBE 43, 2 [V]
# name 8 = flag: flag
# span 0 =      1.000,    222.000       
# span 1 =     7.3341,    11.0978       
# span 2 =   3.386249,   3.620708       
# span 3 =    32.0964,    34.2125       
# span 4 =       -481,      13657       
# span 5 =    -0.3347,     9.4830       
# span 6 =     1.5668,     3.6895       
# span 7 =     1.4750,     2.2744       
# span 8 = 0.0000e+00, 0.0000e+00       
# interval = meters: 1                  
# start_time = Nov 14 2023 09:50:49 [NMEA time, header]
# bad_flag = -9.990e-29
*END*
[from data line 321]
    121.000     7.3472   3.397929    33.1701       9693     6.7304     1.6968     1.5945 0.0000e+00
    120.000     7.3589   3.398484    33.1654       9720     6.7491     1.6994     1.5959 0.0000e+00
    119.000     7.3660   3.398657    33.1609       9747     6.7681     1.7017     1.5947 0.0000e+00
    118.000     7.3671   3.398269    33.1561       9776     6.7883     1.7029     1.5996 0.0000e+00
    117.000     7.3685   3.397311    33.1449       9808     6.8101     1.7039     1.6019 0.0000e+00
    116.000     7.3703   3.397054    33.1408       9837     6.8304     1.7058     1.6036 0.0000e+00
    115.000     7.3748   3.397357    33.1403       9864     6.8492     1.7079     1.6040 0.0000e+00
    114.000     7.3885   3.397584    33.1302       9891     6.8683     1.7094     1.6030 0.0000e+00
    113.000     7.4021   3.397673    33.1186       9920     6.8884     1.7098     1.6059 0.0000e+00
    112.000     7.4229   3.398873    33.1122       9948     6.9079     1.7111     1.6077 0.0000e+00
    111.000     7.4458   3.399621    33.0989       9974     6.9257     1.7129     1.6093 0.0000e+00
    110.000     7.4564   3.399795    33.0912      10000     6.9434     1.7153     1.6118 0.0000e+00
    109.000     7.4675   3.399752    33.0806      10025     6.9613     1.7170     1.6125 0.0000e+00
    108.000     7.4712   3.399334    33.0731      10051     6.9790     1.7192     1.6137 0.0000e+00
    107.000     7.4727   3.398077    33.0585      10077     6.9969     1.7203     1.6151 0.0000e+00
    106.000     7.4697   3.396993    33.0501      10103     7.0155     1.7204     1.6137 0.0000e+00
    105.000     7.4661   3.395426    33.0371      10131     7.0347     1.7206     1.6136 0.0000e+00
    104.000     7.4645   3.394346    33.0274      10158     7.0537     1.7204     1.6141 0.0000e+00
    103.000     7.4640   3.393434    33.0185      10184     7.0715     1.7205     1.6147 0.0000e+00
    102.000     7.4645   3.392764    33.0113      10209     7.0886     1.7208     1.6183 0.0000e+00
    101.000     7.4627   3.392222    33.0077      10234     7.1059     1.7212     1.6199 0.0000e+00
    100.000     7.4600   3.391737    33.0054      10259     7.1238     1.7209     1.6192 0.0000e+00
     99.000     7.4566   3.390747    32.9985      10285     7.1416     1.7223     1.6214 0.0000e+00
     98.000     7.4530   3.389905    32.9933      10311     7.1595     1.7229     1.6206 0.0000e+00
     97.000     7.4478   3.388140    32.9796      10338     7.1782     1.7250     1.6219 0.0000e+00
     96.000     7.4410   3.386249    32.9662      10365     7.1975     1.7266     1.6241 0.0000e+00
     95.000     7.4526   3.387681    32.9711      10392     7.2160     1.7278     1.6230 0.0000e+00
     94.000     7.4949   3.391793    32.9757      10417     7.2335     1.7291     1.6242 0.0000e+00
     93.000     7.5075   3.390743    32.9529      10442     7.2506     1.7311     1.6259 0.0000e+00
     92.000     7.5339   3.392421    32.9465      10466     7.2676     1.7324     1.6249 0.0000e+00
     91.000     7.6401   3.401442    32.9434      10492     7.2855     1.7334     1.6297 0.0000e+00
     90.000     7.7669   3.413820    32.9568      10522     7.3065     1.7371     1.6327 0.0000e+00
     89.000     8.0773   3.445637    33.0042      10556     7.3295     1.7419     1.6376 0.0000e+00
     88.000     8.1706   3.448045    32.9426      10586     7.3507     1.7519     1.6472 0.0000e+00
     87.000     8.1364   3.442175    32.9129      10613     7.3693     1.7610     1.6524 0.0000e+00
     86.000     8.1328   3.439377    32.8870      10640     7.3882     1.7662     1.6599 0.0000e+00
     85.000     8.0959   3.434367    32.8688      10670     7.4089     1.7689     1.6638 0.0000e+00
     84.000     8.1023   3.435569    32.8761      10699     7.4293     1.7697     1.6669 0.0000e+00
     83.000     8.1999   3.447521    32.9119      10725     7.4470     1.7725     1.6652 0.0000e+00
     82.000     8.3462   3.460944    32.9175      10751     7.4651     1.7761     1.6702 0.0000e+00
     81.000     8.5010   3.476679    32.9391      10778     7.4843     1.7806     1.6714 0.0000e+00
     80.000     8.8208   3.509537    32.9862      10806     7.5034     1.7867     1.6809 0.0000e+00
     79.000     9.0109   3.525641    32.9779      10831     7.5211     1.7984     1.6874 0.0000e+00
     78.000     9.0792   3.528937    32.9494      10856     7.5384     1.8127     1.7007 0.0000e+00
     77.000     9.1713   3.537516    32.9536      10883     7.5568     1.8289     1.7107 0.0000e+00
     76.000     9.2423   3.542014    32.9351      10911     7.5761     1.8407     1.7242 0.0000e+00
     75.000     9.3082   3.546111    32.9172      10936     7.5939     1.8478     1.7347 0.0000e+00
     74.000     9.3471   3.547481    32.8959      10960     7.6106     1.8561     1.7402 0.0000e+00
     73.000     9.3905   3.551111    32.8939      10986     7.6281     1.8653     1.7498 0.0000e+00
     72.000     9.4177   3.552483    32.8834      11014     7.6476     1.8736     1.7610 0.0000e+00
     71.000     9.4676   3.556201    32.8763      11042     7.6677     1.8814     1.7677 0.0000e+00
     70.000     9.5273   3.559647    32.8575      11069     7.6864     1.8871     1.7728 0.0000e+00
     69.000     9.5601   3.561209    32.8439      11095     7.7043     1.8935     1.7790 0.0000e+00
     68.000     9.5767   3.562150    32.8388      11122     7.7231     1.8997     1.7828 0.0000e+00
     67.000     9.5864   3.562710    32.8361      11152     7.7434     1.9047     1.7886 0.0000e+00
     66.000     9.5983   3.563640    32.8352      11182     7.7646     1.9084     1.7927 0.0000e+00
     65.000     9.6188   3.564866    32.8295      11211     7.7851     1.9110     1.7972 0.0000e+00
     64.000     9.6489   3.566262    32.8167      11238     7.8038     1.9121     1.7983 0.0000e+00
     63.000     9.6698   3.566778    32.8034      11265     7.8222     1.9133     1.7979 0.0000e+00
     62.000     9.6815   3.566923    32.7946      11293     7.8414     1.9175     1.8010 0.0000e+00
     61.000     9.6889   3.567089    32.7900      11322     7.8618     1.9234     1.8044 0.0000e+00
     60.000     9.7041   3.567462    32.7803      11350     7.8810     1.9243     1.8047 0.0000e+00
     59.000     9.7296   3.568289    32.7660      11375     7.8989     1.9234     1.8083 0.0000e+00
     58.000     9.7592   3.569522    32.7522      11402     7.9175     1.9258     1.8081 0.0000e+00
     57.000     9.7733   3.569955    32.7442      11432     7.9381     1.9288     1.8083 0.0000e+00
     56.000     9.7885   3.570503    32.7364      11461     7.9583     1.9327     1.8116 0.0000e+00
     55.000     9.8086   3.571337    32.7271      11488     7.9768     1.9353     1.8129 0.0000e+00
     54.000     9.8245   3.572024    32.7201      11512     7.9938     1.9356     1.8129 0.0000e+00
     53.000     9.8425   3.573381    32.7180      11536     8.0106     1.9369     1.8153 0.0000e+00
     52.000     9.9028   3.576962    32.7001      11561     8.0278     1.9398     1.8212 0.0000e+00
     51.000     9.9480   3.579211    32.6825      11587     8.0457     1.9438     1.8262 0.0000e+00
     50.000     9.9947   3.581575    32.6647      11613     8.0639     1.9479     1.8317 0.0000e+00
     49.000    10.0539   3.584137    32.6377      11638     8.0815     1.9512     1.8362 0.0000e+00
     48.000    10.0711   3.584887    32.6301      11663     8.0987     1.9562     1.8424 0.0000e+00
     47.000    10.1393   3.587568    32.5962      11688     8.1160     1.9618     1.8431 0.0000e+00
     46.000    10.1671   3.582878    32.5244      11714     8.1340     1.9686     1.8456 0.0000e+00
     45.000    10.1711   3.577578    32.4678      11741     8.1529     1.9721     1.8523 0.0000e+00
     44.000    10.2048   3.576070    32.4228      11768     8.1718     1.9728     1.8542 0.0000e+00
     43.000    10.2529   3.576816    32.3878      11795     8.1902     1.9773     1.8596 0.0000e+00
     42.000    10.2911   3.577649    32.3625      11822     8.2089     1.9862     1.8674 0.0000e+00
     41.000    10.3306   3.577667    32.3280      11849     8.2278     1.9980     1.8750 0.0000e+00
     40.000    10.3902   3.577798    32.2768      11875     8.2462     2.0154     1.8942 0.0000e+00
     39.000    10.4146   3.578359    32.2611      11901     8.2637     2.0417     1.9198 0.0000e+00
     38.000    10.4346   3.579059    32.2509      11925     8.2809     2.0754     1.9559 0.0000e+00
     37.000    10.4651   3.581136    32.2450      11951     8.2988     2.1129     2.0041 0.0000e+00
     36.000    10.4900   3.582534    32.2374      11979     8.3180     2.1574     2.0489 0.0000e+00
     35.000    10.5093   3.584155    32.2371      12008     8.3383     2.1970     2.0864 0.0000e+00
     34.000    10.5448   3.586611    32.2306      12036     8.3578     2.2288     2.1163 0.0000e+00
     33.000    10.5760   3.588925    32.2266      12062     8.3759     2.2528     2.1308 0.0000e+00
     32.000    10.5739   3.588675    32.2263      12088     8.3939     2.2675     2.1450 0.0000e+00
     31.000    10.5951   3.589973    32.2210      12116     8.4131     2.2768     2.1526 0.0000e+00
     30.000    10.6105   3.590711    32.2152      12144     8.4329     2.2868     2.1539 0.0000e+00
     29.000    10.6392   3.591833    32.2015      12172     8.4518     2.2925     2.1593 0.0000e+00
     28.000    10.6355   3.591233    32.1992      12197     8.4696     2.2947     2.1660 0.0000e+00
     27.000    10.6565   3.592577    32.1945      12223     8.4872     2.3019     2.1742 0.0000e+00
     26.000    10.6768   3.593431    32.1856      12249     8.5053     2.3121     2.1868 0.0000e+00
     25.000    10.6984   3.595052    32.1830      12275     8.5237     2.3237     2.1971 0.0000e+00
     24.000    10.7040   3.595392    32.1820      12302     8.5424     2.3316     2.2108 0.0000e+00
     23.000    10.7854   3.603103    32.1873      12330     8.5618     2.3391     2.2146 0.0000e+00
     22.000    10.8593   3.607865    32.1700      12360     8.5825     2.3440     2.2144 0.0000e+00
     21.000    10.9108   3.611135    32.1577      12389     8.6029     2.3458     2.2159 0.0000e+00
     20.000    10.9218   3.610573    32.1429      12415     8.6209     2.3472     2.2060 0.0000e+00
     19.000    10.9444   3.611693    32.1346      12439     8.6377     2.3487     2.2066 0.0000e+00
     18.000    10.9758   3.613656    32.1269      12465     8.6555     2.3534     2.2162 0.0000e+00
     17.000    11.0088   3.615303    32.1148      12492     8.6746     2.3592     2.2195 0.0000e+00
     16.000    11.0288   3.616353    32.1080      12520     8.6936     2.3621     2.2317 0.0000e+00
     15.000    11.0384   3.616710    32.1036      12546     8.7118     2.3682     2.2428 0.0000e+00
     14.000    11.0462   3.616989    32.1000      12573     8.7306     2.3735     2.2484 0.0000e+00
     13.000    11.0534   3.617511    32.0993      12602     8.7506     2.3757     2.2549 0.0000e+00
     12.000    11.0636   3.618344    32.0990      12629     8.7697     2.3729     2.2592 0.0000e+00
     11.000    11.0704   3.618780    32.0978      12655     8.7874     2.3661     2.2621 0.0000e+00
     10.000    11.0727   3.618889    32.0972      12681     8.8054     2.3403     2.2650 0.0000e+00
      9.000    11.0748   3.618993    32.0969      12709     8.8252     2.3007     2.2636 0.0000e+00
      8.000    11.0758   3.619095    32.0974      12739     8.8459     2.2686     2.2644 0.0000e+00
      7.000    11.0782   3.619293    32.0977      12766     8.8646     2.2368     2.2639 0.0000e+00
      6.000    11.0854   3.620178    32.1006      13244     9.1964     1.9215     2.2717 0.0000e+00
      5.000    11.0755   3.619332    32.1013      13526     9.3923     2.0428     2.2694 0.0000e+00
      4.000    11.0809   3.619801    32.1016      13558     9.4147     2.0613     2.2744 0.0000e+00
      3.000    11.0830   3.619887    32.1010      13590     9.4366     2.0440     2.2729 0.0000e+00
      2.000    11.0837   3.619908    32.1011      13621     9.4584     2.0519     2.2744 0.0000e+00
      1.000    11.0834   3.619840    32.1011      13657     9.4830     2.0900     2.2741 0.0000e+00
