HB2304/ctd183.cnv
* Sea-Bird SBE 9 Data File:
* FileName = C:\cruise\data\ctd183.hex
* Software Version Seasave V 7.26.7.121
* Temperature SN = 4591
* Conductivity SN = 3741
* Number of Bytes Per Scan = 37
* Number of Voltage Words = 4
* Number of Scans Averaged by the Deck Unit = 1
* NMEA Latitude = 44 12.55 N
* NMEA Longitude = 067 28.15 W
* NMEA UTC (Time) = Nov 11 2023 02:46:08
* NMEA baud rate = 4800
** Ship: Bigelow HB2304
** Program:  Fall Bottom Trawl Survey
** Chief Scientist: John Galbraith
# nquan = 9
# nvalues = 393                         
# units = specified
# name 0 = depSM: Depth [salt water, m]
# name 1 = t090C: Temperature [ITS-90, deg C]
# name 2 = c0S/m: Conductivity [S/m]
# name 3 = sal00: Salinity, Practical [PSU]
# name 4 = scan: Scan Count
# name 5 = timeM: Time, Elapsed [minutes]
# name 6 = sbeox0V: Oxygen raw, SBE 43 [V]
# name 7 = sbeox1V: Oxygen raw, SBE 43, 2 [V]
# name 8 = flag: flag
# span 0 =      3.000,    199.000       
# span 1 =     8.5250,     9.8555       
# span 2 =   3.457679,   3.614417       
# span 3 =    31.9240,    34.1635       
# span 4 =         78,      12097       
# span 5 =     0.0536,     8.4001       
# span 6 =     1.6603,     4.3571       
# span 7 =     1.5629,     2.2453       
# span 8 = 0.0000e+00, 0.0000e+00       
# interval = meters: 1                  
# start_time = Nov 11 2023 02:46:08 [NMEA time, header]
# bad_flag = -9.990e-29
*END*
      3.000     9.4403   3.458082    31.9244         78     0.0536     2.9260     2.2357 0.0000e+00
      4.000     9.4407   3.458171    31.9245        142     0.0981     2.9258     2.2341 0.0000e+00
      5.000     9.4408   3.458223    31.9245        167     0.1154     2.9829     2.2353 0.0000e+00
      6.000     9.4436   3.458459    31.9240        190     0.1316     3.0910     2.2392 0.0000e+00
      7.000     9.4463   3.458909    31.9257        216     0.1494     3.2456     2.2396 0.0000e+00
      8.000     9.4475   3.459123    31.9264        247     0.1707     3.4515     2.2373 0.0000e+00
      9.000     9.4488   3.459743    31.9312        275     0.1906     3.6410     2.2372 0.0000e+00
     10.000     9.4490   3.460038    31.9336        299     0.2071     3.7952     2.2375 0.0000e+00
     11.000     9.4486   3.460296    31.9361        322     0.2228     3.9496     2.2357 0.0000e+00
     12.000     9.4485   3.460009    31.9328        347     0.2402     4.1322     2.2363 0.0000e+00
     13.000     9.4496   3.460996    31.9416        377     0.2613     4.3571     2.2381 0.0000e+00
     14.000     9.4507   3.462546    31.9560        407     0.2823     4.3394     2.2348 0.0000e+00
     15.000     9.4510   3.464397    31.9742        435     0.3011     3.8418     2.2363 0.0000e+00
     16.000     9.4512   3.464649    31.9763        459     0.3183     3.4053     2.2347 0.0000e+00
     17.000     9.4514   3.465012    31.9793        484     0.3353     3.1099     2.2354 0.0000e+00
     18.000     9.4516   3.465471    31.9834        509     0.3525     2.9007     2.2354 0.0000e+00
     19.000     9.4518   3.466506    31.9933        535     0.3706     2.7440     2.2334 0.0000e+00
     20.000     9.4551   3.468006    32.0054        564     0.3913     2.6192     2.2313 0.0000e+00
     21.000     9.4657   3.470952    32.0256        594     0.4121     2.5266     2.2291 0.0000e+00
     22.000     9.4849   3.473854    32.0378        621     0.4307     2.4614     2.2307 0.0000e+00
     23.000     9.5101   3.477755    32.0547        646     0.4479     2.4143     2.2312 0.0000e+00
     24.000     9.5152   3.479150    32.0640        671     0.4655     2.3778     2.2279 0.0000e+00
     25.000     9.5284   3.482921    32.0903        699     0.4846     2.3474     2.2265 0.0000e+00
     26.000     9.5522   3.488957    32.1303        728     0.5045     2.3196     2.2204 0.0000e+00
     27.000     9.5841   3.494860    32.1616        756     0.5243     2.3012     2.2164 0.0000e+00
     28.000     9.5969   3.497722    32.1790        784     0.5434     2.2928     2.2090 0.0000e+00
     29.000     9.6061   3.499198    32.1854        810     0.5617     2.3001     2.1970 0.0000e+00
     30.000     9.6239   3.502347    32.2012        835     0.5789     2.3243     2.1888 0.0000e+00
     31.000     9.6276   3.503630    32.2105        859     0.5958     2.3441     2.1789 0.0000e+00
     32.000     9.6300   3.505108    32.2230        885     0.6142     2.3467     2.1665 0.0000e+00
     33.000     9.6363   3.506887    32.2351        915     0.6344     2.3326     2.1580 0.0000e+00
     34.000     9.6411   3.509386    32.2558        944     0.6547     2.3182     2.1518 0.0000e+00
     35.000     9.6546   3.513702    32.2873        971     0.6734     2.3062     2.1460 0.0000e+00
     36.000     9.6620   3.515802    32.3016        997     0.6917     2.2959     2.1416 0.0000e+00
     37.000     9.6693   3.518006    32.3172       1023     0.7099     2.2844     2.1327 0.0000e+00
     38.000     9.6710   3.518820    32.3235       1051     0.7291     2.2699     2.1252 0.0000e+00
     39.000     9.6720   3.520183    32.3361       1079     0.7488     2.2602     2.1154 0.0000e+00
     40.000     9.6780   3.522954    32.3585       1105     0.7667     2.2500     2.1076 0.0000e+00
     41.000     9.6939   3.526692    32.3819       1129     0.7835     2.2428     2.1076 0.0000e+00
     42.000     9.7186   3.530844    32.4016       1156     0.8020     2.2406     2.1067 0.0000e+00
     43.000     9.7416   3.534265    32.4152       1186     0.8227     2.2372     2.1029 0.0000e+00
     44.000     9.7612   3.536989    32.4249       1214     0.8427     2.2315     2.0957 0.0000e+00
     45.000     9.7775   3.539561    32.4360       1241     0.8614     2.2223     2.0831 0.0000e+00
     46.000     9.7972   3.542668    32.4494       1268     0.8798     2.2124     2.0756 0.0000e+00
     47.000     9.8185   3.546490    32.4687       1294     0.8976     2.2000     2.0656 0.0000e+00
     48.000     9.8334   3.548716    32.4775       1319     0.9153     2.1867     2.0543 0.0000e+00
     49.000     9.8137   3.548056    32.4880       1346     0.9338     2.1744     2.0478 0.0000e+00
     50.000     9.7959   3.546827    32.4912       1374     0.9534     2.1608     2.0326 0.0000e+00
     51.000     9.7013   3.540473    32.5114       1403     0.9739     2.1487     2.0186 0.0000e+00
     52.000     9.6682   3.539763    32.5337       1432     0.9940     2.1402     2.0100 0.0000e+00
     53.000     9.6994   3.544158    32.5498       1458     1.0119     2.1319     2.0038 0.0000e+00
     54.000     9.7102   3.545981    32.5582       1482     1.0284     2.1282     2.0044 0.0000e+00
     55.000     9.7355   3.550559    32.5816       1506     1.0450     2.1255     1.9955 0.0000e+00
     56.000     9.7734   3.557509    32.6177       1531     1.0628     2.1226     1.9886 0.0000e+00
     57.000     9.8334   3.567805    32.6677       1560     1.0828     2.1153     1.9857 0.0000e+00
     58.000     9.8547   3.572234    32.6930       1596     1.1076     2.1029     1.9753 0.0000e+00
     59.000     9.8474   3.573373    32.7108       1624     1.1273     2.0898     1.9654 0.0000e+00
     60.000     9.8401   3.574320    32.7266       1644     1.1412     2.0795     1.9561 0.0000e+00
     61.000     9.8005   3.573994    32.7589       1664     1.1548     2.0729     1.9512 0.0000e+00
     62.000     9.7061   3.570376    32.8075       1691     1.1733     2.0650     1.9458 0.0000e+00
     63.000     9.6345   3.567125    32.8392       1729     1.2003     2.0509     1.9309 0.0000e+00
     64.000     9.5982   3.565214    32.8523       1762     1.2226     2.0427     1.9238 0.0000e+00
     65.000     9.5734   3.563944    32.8615       1784     1.2380     2.0405     1.9191 0.0000e+00
     66.000     9.5511   3.562681    32.8685       1804     1.2519     2.0418     1.9142 0.0000e+00
     67.000     9.5305   3.561475    32.8746       1826     1.2674     2.0423     1.9166 0.0000e+00
     68.000     9.5203   3.561511    32.8839       1863     1.2931     2.0398     1.9159 0.0000e+00
     69.000     9.5069   3.561078    32.8912       1904     1.3214     2.0378     1.9154 0.0000e+00
     70.000     9.4736   3.560366    32.9141       1925     1.3360     2.0356     1.9170 0.0000e+00
     71.000     9.4700   3.560378    32.9171       1943     1.3485     2.0348     1.9138 0.0000e+00
     72.000     9.4674   3.560534    32.9205       1964     1.3630     2.0358     1.9141 0.0000e+00
     73.000     9.4631   3.560909    32.9280       1994     1.3843     2.0355     1.9119 0.0000e+00
     74.000     9.4384   3.561675    32.9581       2032     1.4102     2.0324     1.9088 0.0000e+00
     75.000     9.4105   3.561783    32.9844       2061     1.4303     2.0272     1.9089 0.0000e+00
     76.000     9.4081   3.561802    32.9864       2086     1.4477     2.0211     1.9040 0.0000e+00
     77.000     9.4074   3.561817    32.9868       2111     1.4655     2.0188     1.9043 0.0000e+00
     78.000     9.4029   3.562014    32.9924       2139     1.4847     2.0170     1.9021 0.0000e+00
     79.000     9.3989   3.562349    32.9991       2166     1.5034     2.0145     1.8993 0.0000e+00
     80.000     9.3979   3.562470    33.0009       2192     1.5214     2.0129     1.8981 0.0000e+00
     81.000     9.3975   3.562577    33.0018       2221     1.5415     2.0122     1.8942 0.0000e+00
     82.000     9.3976   3.562713    33.0027       2252     1.5632     2.0112     1.8910 0.0000e+00
     83.000     9.3979   3.563035    33.0053       2280     1.5827     2.0098     1.8896 0.0000e+00
     84.000     9.3972   3.563315    33.0084       2305     1.6001     2.0096     1.8863 0.0000e+00
     85.000     9.3953   3.563416    33.0108       2330     1.6171     2.0094     1.8898 0.0000e+00
     86.000     9.3953   3.564093    33.0173       2357     1.6359     2.0067     1.8912 0.0000e+00
     87.000     9.3977   3.565453    33.0287       2390     1.6591     2.0038     1.8886 0.0000e+00
     88.000     9.3954   3.567681    33.0532       2423     1.6817     2.0047     1.8884 0.0000e+00
     89.000     9.3930   3.568550    33.0639       2447     1.6985     2.0032     1.8848 0.0000e+00
     90.000     9.3934   3.568848    33.0662       2467     1.7126     2.0012     1.8844 0.0000e+00
     91.000     9.3977   3.570251    33.0762       2488     1.7273     1.9990     1.8832 0.0000e+00
     92.000     9.4041   3.572128    33.0892       2517     1.7475     1.9951     1.8788 0.0000e+00
     93.000     9.4055   3.572623    33.0925       2562     1.7785     1.9905     1.8734 0.0000e+00
     94.000     9.4078   3.573255    33.0965       2592     1.7993     1.9874     1.8664 0.0000e+00
     95.000     9.4169   3.575119    33.1068       2612     1.8130     1.9864     1.8676 0.0000e+00
     96.000     9.4306   3.579956    33.1434       2630     1.8260     1.9853     1.8663 0.0000e+00
     97.000     9.4218   3.580919    33.1611       2655     1.8433     1.9825     1.8653 0.0000e+00
     98.000     9.4168   3.581390    33.1701       2696     1.8713     1.9715     1.8580 0.0000e+00
     99.000     9.4143   3.581805    33.1763       2728     1.8936     1.9636     1.8500 0.0000e+00
    100.000     9.4020   3.581701    33.1861       2751     1.9098     1.9595     1.8456 0.0000e+00
    101.000     9.3766   3.581437    33.2065       2773     1.9253     1.9565     1.8422 0.0000e+00
    102.000     9.3550   3.581070    33.2223       2797     1.9415     1.9519     1.8384 0.0000e+00
    103.000     9.3456   3.580863    33.2284       2823     1.9595     1.9454     1.8342 0.0000e+00
    104.000     9.3339   3.580692    33.2371       2852     1.9798     1.9401     1.8292 0.0000e+00
    105.000     9.3106   3.580490    33.2563       2890     2.0061     1.9333     1.8207 0.0000e+00
    106.000     9.2747   3.580285    33.2870       2926     2.0312     1.9288     1.8184 0.0000e+00
    107.000     9.2306   3.581080    33.3359       2948     2.0466     1.9259     1.8101 0.0000e+00
    108.000     9.2230   3.581946    33.3516       2967     2.0600     1.9230     1.8078 0.0000e+00
    109.000     9.2212   3.582667    33.3602       2989     2.0751     1.9174     1.8051 0.0000e+00
    110.000     9.2151   3.584548    33.3850       3026     2.1007     1.9052     1.7956 0.0000e+00
    111.000     9.2016   3.585544    33.4074       3066     2.1285     1.8934     1.7879 0.0000e+00
    112.000     9.1805   3.586103    33.4325       3089     2.1447     1.8894     1.7791 0.0000e+00
    113.000     9.1702   3.586988    33.4510       3111     2.1596     1.8859     1.7742 0.0000e+00
    114.000     9.1672   3.588382    33.4678       3133     2.1753     1.8803     1.7715 0.0000e+00
    115.000     9.1713   3.591698    33.4978       3159     2.1933     1.8752     1.7649 0.0000e+00
    116.000     9.1668   3.595143    33.5374       3196     2.2189     1.8663     1.7568 0.0000e+00
    117.000     9.1646   3.595433    33.5419       3234     2.2453     1.8537     1.7455 0.0000e+00
    118.000     9.1561   3.595529    33.5505       3258     2.2618     1.8476     1.7385 0.0000e+00
    119.000     9.1123   3.595202    33.5879       3280     2.2771     1.8429     1.7358 0.0000e+00
    120.000     9.0833   3.594364    33.6060       3307     2.2956     1.8370     1.7294 0.0000e+00
    121.000     9.0714   3.593847    33.6114       3338     2.3172     1.8314     1.7228 0.0000e+00
    122.000     9.0513   3.593089    33.6221       3367     2.3376     1.8273     1.7171 0.0000e+00
    123.000     9.0231   3.592182    33.6388       3397     2.3582     1.8232     1.7131 0.0000e+00
    124.000     9.0056   3.591954    33.6525       3425     2.3780     1.8188     1.7127 0.0000e+00
    125.000     8.9692   3.592162    33.6887       3451     2.3960     1.8149     1.7072 0.0000e+00
    126.000     8.9536   3.593315    33.7150       3476     2.4134     1.8092     1.7028 0.0000e+00
    127.000     8.9402   3.594831    33.7431       3505     2.4334     1.8009     1.6989 0.0000e+00
    128.000     8.9327   3.596706    33.7693       3538     2.4565     1.7930     1.6878 0.0000e+00
    129.000     8.9310   3.599725    33.8020       3572     2.4799     1.7846     1.6795 0.0000e+00
    130.000     8.9120   3.600068    33.8232       3602     2.5010     1.7767     1.6722 0.0000e+00
    131.000     8.8877   3.598464    33.8292       3626     2.5176     1.7691     1.6680 0.0000e+00
    132.000     8.7665   3.588534    33.8402       3647     2.5321     1.7626     1.6632 0.0000e+00
    133.000     8.6512   3.576743    33.8260       3672     2.5494     1.7548     1.6549 0.0000e+00
    134.000     8.5556   3.566898    33.8133       3712     2.5769     1.7412     1.6442 0.0000e+00
    135.000     8.5392   3.565237    33.8111       3748     2.6018     1.7329     1.6338 0.0000e+00
    136.000     8.5721   3.568377    33.8122       3771     2.6182     1.7295     1.6299 0.0000e+00
    137.000     8.6295   3.574960    33.8261       3795     2.6347     1.7276     1.6256 0.0000e+00
    138.000     8.6426   3.576673    33.8311       3823     2.6543     1.7264     1.6249 0.0000e+00
    139.000     8.6729   3.580307    33.8400       3853     2.6750     1.7261     1.6246 0.0000e+00
    140.000     8.6439   3.578439    33.8475       3883     2.6960     1.7262     1.6239 0.0000e+00
    141.000     8.6076   3.575739    33.8534       3915     2.7181     1.7256     1.6239 0.0000e+00
    142.000     8.6353   3.579245    33.8633       3944     2.7382     1.7246     1.6232 0.0000e+00
    143.000     8.6683   3.583216    33.8731       3971     2.7566     1.7238     1.6206 0.0000e+00
    144.000     8.6864   3.585628    33.8807       3997     2.7753     1.7237     1.6208 0.0000e+00
    145.000     8.6941   3.586745    33.8845       4027     2.7957     1.7225     1.6205 0.0000e+00
    146.000     8.7009   3.587676    33.8874       4058     2.8175     1.7189     1.6179 0.0000e+00
    147.000     8.7004   3.587806    33.8887       4086     2.8370     1.7169     1.6159 0.0000e+00
    148.000     8.6993   3.587873    33.8900       4116     2.8576     1.7158     1.6158 0.0000e+00
    149.000     8.6999   3.588340    33.8939       4147     2.8794     1.7153     1.6162 0.0000e+00
    150.000     8.7017   3.589258    33.9013       4174     2.8977     1.7144     1.6164 0.0000e+00
    151.000     8.6725   3.587615    33.9115       4200     2.9158     1.7121     1.6142 0.0000e+00
    152.000     8.6461   3.586467    33.9242       4236     2.9411     1.7097     1.6113 0.0000e+00
    153.000     8.6553   3.588769    33.9392       4271     2.9650     1.7078     1.6081 0.0000e+00
    154.000     8.6642   3.590289    33.9463       4294     2.9810     1.7074     1.6075 0.0000e+00
    155.000     8.6693   3.591072    33.9491       4315     2.9958     1.7053     1.6074 0.0000e+00
    156.000     8.6743   3.591725    33.9507       4343     3.0155     1.7020     1.6063 0.0000e+00
    157.000     8.6745   3.591838    33.9512       4384     3.0438     1.7023     1.6038 0.0000e+00
    158.000     8.6722   3.591500    33.9494       4417     3.0664     1.7017     1.6028 0.0000e+00
    159.000     8.6836   3.592757    33.9513       4442     3.0839     1.7014     1.6026 0.0000e+00
    160.000     8.6896   3.593373    33.9515       4466     3.1008     1.7007     1.6039 0.0000e+00
    161.000     8.7195   3.596469    33.9549       4492     3.1186     1.6998     1.6035 0.0000e+00
    162.000     8.7338   3.598196    33.9589       4521     3.1391     1.7007     1.6013 0.0000e+00
