HB2304/ctd152.cnv
* Sea-Bird SBE 9 Data File:
* FileName = C:\cruise\data\ctd152.hex
* Software Version Seasave V 7.26.7.121
* Temperature SN = 4591
* Conductivity SN = 3741
* Number of Bytes Per Scan = 37
* Number of Voltage Words = 4
* Number of Scans Averaged by the Deck Unit = 1
* NMEA Latitude = 40 35.52 N
* NMEA Longitude = 070 20.38 W
* NMEA UTC (Time) = Mar 16 2004  19:19:57
* NMEA baud rate = 4800
** Ship: Bigelow HB2304
** Program:  Fall Bottom Trawl Survey
** Chief Scientist: John Galbraith
# nquan = 9
# nvalues = 106                         
# units = specified
# name 0 = depSM: Depth [salt water, m]
# name 1 = t090C: Temperature [ITS-90, deg C]
# name 2 = c0S/m: Conductivity [S/m]
# name 3 = sal00: Salinity, Practical [PSU]
# name 4 = scan: Scan Count
# name 5 = timeM: Time, Elapsed [minutes]
# name 6 = sbeox0V: Oxygen raw, SBE 43 [V]
# name 7 = sbeox1V: Oxygen raw, SBE 43, 2 [V]
# name 8 = flag: flag
# span 0 =      2.000,     55.000       
# span 1 =    13.1846,    14.4901       
# span 2 =   3.841264,   3.910508       
# span 3 =    31.7670,    32.3992       
# span 4 =         22,       3886       
# span 5 =     0.0147,     2.6978       
# span 6 =     2.0089,     2.4910       
# span 7 =     1.8867,     2.3424       
# span 8 = 0.0000e+00, 0.0000e+00       
# interval = meters: 1                  
# start_time = Mar 16 2004 19:19:57 [NMEA time, header]
# bad_flag = -9.990e-29
*END*
      3.000    14.4242   3.883241    31.7686         22     0.0147     2.4841     2.3350 0.0000e+00
      4.000    14.4311   3.883901    31.7685        270     0.1869     2.4785     2.3424 0.0000e+00
      5.000    14.4391   3.884821    31.7700        297     0.2055     2.4766     2.3380 0.0000e+00
      6.000    14.4421   3.885415    31.7725        325     0.2250     2.4786     2.3370 0.0000e+00
      7.000    14.4476   3.886350    31.7762        352     0.2437     2.4788     2.3400 0.0000e+00
      8.000    14.4484   3.886537    31.7768        375     0.2599     2.4814     2.3402 0.0000e+00
      9.000    14.4492   3.886792    31.7781        399     0.2763     2.4820     2.3389 0.0000e+00
     10.000    14.4488   3.886743    31.7777        429     0.2974     2.4768     2.3377 0.0000e+00
     11.000    14.4484   3.886641    31.7767        464     0.3214     2.4767     2.3355 0.0000e+00
     12.000    14.4500   3.887136    31.7795        490     0.3394     2.4785     2.3402 0.0000e+00
     13.000    14.4504   3.887578    31.7828        511     0.3540     2.4781     2.3393 0.0000e+00
     14.000    14.4525   3.888389    31.7880        530     0.3673     2.4745     2.3365 0.0000e+00
     15.000    14.4557   3.889364    31.7940        550     0.3816     2.4725     2.3368 0.0000e+00
     16.000    14.4566   3.889976    31.7983        579     0.4012     2.4740     2.3287 0.0000e+00
     17.000    14.4600   3.891720    31.8111        618     0.4286     2.4671     2.3273 0.0000e+00
     18.000    14.4628   3.893508    31.8247        649     0.4498     2.4669     2.3295 0.0000e+00
     19.000    14.4656   3.895504    31.8402        670     0.4645     2.4683     2.3285 0.0000e+00
     20.000    14.4701   3.898940    31.8674        689     0.4780     2.4671     2.3268 0.0000e+00
     21.000    14.4707   3.899392    31.8706        710     0.4925     2.4679     2.3227 0.0000e+00
     22.000    14.4730   3.901353    31.8862        736     0.5107     2.4669     2.3203 0.0000e+00
     23.000    14.4750   3.904029    31.9085        770     0.5344     2.4598     2.3190 0.0000e+00
     24.000    14.4855   3.907318    31.9294        803     0.5567     2.4531     2.3139 0.0000e+00
     25.000    14.4901   3.910508    31.9543        828     0.5740     2.4498     2.3082 0.0000e+00
     26.000    14.4324   3.908258    31.9810        850     0.5893     2.4506     2.3032 0.0000e+00
     27.000    14.2809   3.894446    31.9797        872     0.6047     2.4474     2.2997 0.0000e+00
     28.000    14.1300   3.877251    31.9467        897     0.6222     2.4317     2.2942 0.0000e+00
     29.000    14.1225   3.876163    31.9425        927     0.6433     2.3894     2.2655 0.0000e+00
     30.000    14.0977   3.873820    31.9412        958     0.6645     2.3453     2.2204 0.0000e+00
     31.000    14.0873   3.874008    31.9511        983     0.6819     2.3194     2.1959 0.0000e+00
     32.000    14.0818   3.874384    31.9588       1005     0.6972     2.3072     2.1831 0.0000e+00
     33.000    14.0718   3.875378    31.9758       1028     0.7135     2.3001     2.1729 0.0000e+00
     34.000    14.0376   3.875384    32.0039       1056     0.7330     2.2960     2.1654 0.0000e+00
     35.000    14.0278   3.875681    32.0144       1086     0.7536     2.2923     2.1589 0.0000e+00
     36.000    14.0194   3.877267    32.0356       1112     0.7714     2.2884     2.1537 0.0000e+00
     37.000    13.9279   3.874287    32.0840       1137     0.7886     2.2853     2.1440 0.0000e+00
     38.000    13.8888   3.872044    32.0955       1163     0.8069     2.2787     2.1425 0.0000e+00
     39.000    13.8902   3.872323    32.0966       1192     0.8271     2.2675     2.1387 0.0000e+00
     40.000    13.8781   3.872211    32.1053       1220     0.8466     2.2556     2.1264 0.0000e+00
     41.000    13.8388   3.870745    32.1242       1245     0.8635     2.2473     2.1208 0.0000e+00
     42.000    13.8097   3.869169    32.1336       1267     0.8794     2.2386     2.1134 0.0000e+00
     43.000    13.7610   3.866483    32.1491       1292     0.8966     2.2255     2.0999 0.0000e+00
     44.000    13.6281   3.859187    32.1927       1321     0.9163     2.2091     2.0837 0.0000e+00
     45.000    13.3877   3.848567    32.2963       1350     0.9371     2.1881     2.0679 0.0000e+00
     46.000    13.2794   3.844645    32.3511       1377     0.9554     2.1624     2.0525 0.0000e+00
     47.000    13.2665   3.844491    32.3602       1400     0.9719     2.1296     2.0239 0.0000e+00
     48.000    13.2596   3.845143    32.3717       1425     0.9889     2.0970     1.9900 0.0000e+00
     49.000    13.2473   3.845351    32.3838       1454     1.0090     2.0720     1.9591 0.0000e+00
     50.000    13.2401   3.845014    32.3863       1484     1.0297     2.0547     1.9383 0.0000e+00
     51.000    13.2264   3.844239    32.3903       1510     1.0481     2.0427     1.9247 0.0000e+00
     52.000    13.2056   3.843011    32.3961       1534     1.0649     2.0339     1.9168 0.0000e+00
     53.000    13.2003   3.842659    32.3969       1559     1.0816     2.0272     1.9110 0.0000e+00
     54.000    13.1905   3.842059    32.3992       1584     1.0993     2.0209     1.9057 0.0000e+00
     55.000    13.1846   3.841264    32.3964       2080     1.4436     2.0090     1.8901 0.0000e+00
     54.000    13.1909   3.841438    32.3931       2553     1.7720     2.0089     1.8868 0.0000e+00
     53.000    13.1955   3.841621    32.3912       2581     1.7914     2.0100     1.8867 0.0000e+00
     52.000    13.2030   3.841961    32.3885       2608     1.8101     2.0105     1.8888 0.0000e+00
     51.000    13.2135   3.842486    32.3849       2632     1.8274     2.0104     1.8883 0.0000e+00
     50.000    13.2309   3.843416    32.3792       2660     1.8464     2.0107     1.8905 0.0000e+00
     49.000    13.2408   3.843961    32.3762       2687     1.8651     2.0143     1.8927 0.0000e+00
     48.000    13.2495   3.844300    32.3724       2708     1.8801     2.0173     1.8940 0.0000e+00
     47.000    13.2557   3.844235    32.3669       2729     1.8943     2.0191     1.8992 0.0000e+00
     46.000    13.2645   3.843585    32.3538       2752     1.9107     2.0211     1.9023 0.0000e+00
     45.000    13.2944   3.843160    32.3247       2782     1.9315     2.0257     1.9060 0.0000e+00
     44.000    13.4215   3.846282    32.2467       2811     1.9512     2.0331     1.9101 0.0000e+00
     43.000    13.5875   3.853618    32.1755       2834     1.9673     2.0419     1.9167 0.0000e+00
     42.000    13.7269   3.861327    32.1303       2857     1.9831     2.0636     1.9303 0.0000e+00
     41.000    13.8080   3.866631    32.1119       2883     2.0016     2.1000     1.9559 0.0000e+00
     40.000    13.8537   3.869093    32.0969       2914     2.0231     2.1384     1.9966 0.0000e+00
     39.000    13.8766   3.870048    32.0869       2941     2.0415     2.1617     2.0221 0.0000e+00
     38.000    13.8817   3.870421    32.0865       2962     2.0566     2.1803     2.0438 0.0000e+00
     37.000    13.8862   3.870109    32.0803       2984     2.0717     2.1967     2.0608 0.0000e+00
     36.000    13.9444   3.872652    32.0556       3008     2.0884     2.2136     2.0771 0.0000e+00
     35.000    14.0145   3.875159    32.0206       3035     2.1070     2.2282     2.0909 0.0000e+00
     34.000    14.0242   3.873801    32.0005       3064     2.1274     2.2453     2.1029 0.0000e+00
     33.000    14.0388   3.872175    31.9738       3095     2.1485     2.2618     2.1157 0.0000e+00
     32.000    14.0633   3.872816    31.9597       3120     2.1657     2.2672     2.1278 0.0000e+00
     31.000    14.0739   3.872974    31.9528       3141     2.1802     2.2707     2.1333 0.0000e+00
     30.000    14.0924   3.873266    31.9405       3161     2.1944     2.2742     2.1351 0.0000e+00
     29.000    14.1040   3.872540    31.9247       3185     2.2113     2.2779     2.1380 0.0000e+00
     28.000    14.1678   3.878269    31.9248       3218     2.2340     2.2858     2.1478 0.0000e+00
     27.000    14.1858   3.880769    31.9331       3249     2.2558     2.2940     2.1525 0.0000e+00
     26.000    14.2338   3.884709    31.9299       3274     2.2729     2.3040     2.1589 0.0000e+00
     25.000    14.4403   3.904545    31.9410       3297     2.2891     2.3119     2.1671 0.0000e+00
     24.000    14.4764   3.905491    31.9203       3320     2.3047     2.3328     2.1805 0.0000e+00
     23.000    14.4725   3.903622    31.9069       3342     2.3198     2.3677     2.2076 0.0000e+00
     22.000    14.4713   3.902654    31.8995       3365     2.3359     2.3981     2.2414 0.0000e+00
     21.000    14.4699   3.899715    31.8742       3395     2.3572     2.4218     2.2705 0.0000e+00
     20.000    14.4667   3.897433    31.8564       3432     2.3825     2.4328     2.2879 0.0000e+00
     19.000    14.4638   3.895463    31.8413       3457     2.4000     2.4410     2.2984 0.0000e+00
     18.000    14.4617   3.893742    31.8277       3477     2.4139     2.4453     2.3029 0.0000e+00
     17.000    14.4552   3.890393    31.8030       3497     2.4278     2.4505     2.3024 0.0000e+00
     16.000    14.4494   3.887770    31.7842       3521     2.4444     2.4563     2.3009 0.0000e+00
     15.000    14.4477   3.887199    31.7808       3549     2.4640     2.4626     2.3064 0.0000e+00
     14.000    14.4456   3.886680    31.7782       3580     2.4853     2.4702     2.3185 0.0000e+00
     13.000    14.4427   3.886007    31.7748       3611     2.5067     2.4753     2.3246 0.0000e+00
     12.000    14.4380   3.884940    31.7693       3637     2.5247     2.4843     2.3280 0.0000e+00
     11.000    14.4366   3.884606    31.7678       3659     2.5400     2.4864     2.3274 0.0000e+00
     10.000    14.4367   3.884541    31.7675       3681     2.5555     2.4868     2.3297 0.0000e+00
      9.000    14.4373   3.884565    31.7676       3706     2.5727     2.4849     2.3306 0.0000e+00
      8.000    14.4323   3.884084    31.7677       3730     2.5899     2.4844     2.3344 0.0000e+00
      7.000    14.4310   3.883839    31.7670       3756     2.6077     2.4839     2.3372 0.0000e+00
      6.000    14.4319   3.883961    31.7677       3786     2.6282     2.4849     2.3380 0.0000e+00
      5.000    14.4323   3.884008    31.7681       3814     2.6477     2.4877     2.3394 0.0000e+00
      4.000    14.4327   3.883980    31.7679       3838     2.6648     2.4873     2.3368 0.0000e+00
      3.000    14.4322   3.883971    31.7687       3865     2.6836     2.4879     2.3324 0.0000e+00
      2.000    14.4314   3.883801    31.7681       3886     2.6978     2.4910     2.3295 0.0000e+00
