HB2304/ctd120.cnv
* Sea-Bird SBE 9 Data File:
* FileName = C:\cruise\data\ctd120.hex
* Software Version Seasave V 7.26.7.121
* Temperature SN = 4591
* Conductivity SN = 3741
* Number of Bytes Per Scan = 37
* Number of Voltage Words = 4
* Number of Scans Averaged by the Deck Unit = 1
* NMEA Latitude = 40 44.87 N
* NMEA Longitude = 068 22.48 W
* NMEA UTC (Time) = Oct 14 2023  22:22:24
* NMEA baud rate = 4800
** Ship: Bigelow HB2304
** Program:  Fall Bottom Trawl Survey
** Chief Scientist: John Galbraith
# nquan = 7
# nvalues = 108                         
# units = specified
# name 0 = depSM: Depth [salt water, m]
# name 1 = t090C: Temperature [ITS-90, deg C]
# name 2 = c0S/m: Conductivity [S/m]
# name 3 = sal00: Salinity, Practical [PSU]
# name 4 = scan: Scan Count
# name 5 = timeM: Time, Elapsed [minutes]
# name 6 = flag: flag
# span 0 =      2.000,     56.000       
# span 1 =    14.4700,    15.0092       
# span 2 =   3.926465,   3.969507       
# span 3 =    32.0654,    32.1086       
# span 4 =        325,       4386       
# span 5 =     0.2251,     3.0455       
# span 6 = 0.0000e+00, 0.0000e+00       
# interval = meters: 1                  
# start_time = Oct 14 2023 22:22:24 [NMEA time, header]
# bad_flag = -9.990e-29
*END*
      3.000    14.9927   3.968011    32.0700        325     0.2251 0.0000e+00
      4.000    15.0059   3.969115    32.0687        582     0.4034 0.0000e+00
      5.000    15.0060   3.969247    32.0695        583     0.4040 0.0000e+00
      6.000    15.0032   3.969041    32.0695        611     0.4234 0.0000e+00
      7.000    15.0031   3.969069    32.0695        648     0.4496 0.0000e+00
      8.000    15.0054   3.969277    32.0691        680     0.4714 0.0000e+00
      9.000    15.0067   3.969459    32.0693        711     0.4932 0.0000e+00
     10.000    15.0065   3.969507    32.0695        751     0.5206 0.0000e+00
     11.000    14.9981   3.968955    32.0711        786     0.5449 0.0000e+00
     12.000    14.9545   3.965648    32.0767        816     0.5658 0.0000e+00
     13.000    14.9379   3.964129    32.0762        852     0.5910 0.0000e+00
     14.000    14.9408   3.964279    32.0748        893     0.6196 0.0000e+00
     15.000    14.9389   3.964287    32.0761        921     0.6392 0.0000e+00
     16.000    14.9098   3.962018    32.0791        949     0.6581 0.0000e+00
     17.000    14.8985   3.960959    32.0785        988     0.6852 0.0000e+00
     18.000    14.8959   3.960734    32.0782       1024     0.7104 0.0000e+00
     19.000    14.8555   3.957728    32.0839       1047     0.7262 0.0000e+00
     20.000    14.8608   3.957948    32.0811       1070     0.7426 0.0000e+00
     21.000    14.8432   3.956591    32.0830       1099     0.7626 0.0000e+00
     22.000    14.8115   3.954090    32.0861       1130     0.7837 0.0000e+00
     23.000    14.7977   3.952848    32.0859       1154     0.8007 0.0000e+00
     24.000    14.7947   3.952579    32.0855       1176     0.8158 0.0000e+00
     25.000    14.7922   3.952307    32.0848       1199     0.8320 0.0000e+00
     26.000    14.7893   3.952204    32.0858       1228     0.8521 0.0000e+00
     27.000    14.7768   3.951143    32.0861       1261     0.8748 0.0000e+00
     28.000    14.7732   3.950882    32.0863       1289     0.8947 0.0000e+00
     29.000    14.7646   3.950220    32.0871       1313     0.9109 0.0000e+00
     30.000    14.7572   3.949626    32.0874       1334     0.9259 0.0000e+00
     31.000    14.7356   3.948093    32.0909       1359     0.9429 0.0000e+00
     32.000    14.7146   3.946148    32.0903       1389     0.9638 0.0000e+00
     33.000    14.7182   3.946485    32.0899       1420     0.9851 0.0000e+00
     34.000    14.7053   3.945579    32.0920       1443     1.0015 0.0000e+00
     35.000    14.6768   3.943391    32.0953       1464     1.0157 0.0000e+00
     36.000    14.6563   3.941574    32.0954       1485     1.0308 0.0000e+00
     37.000    14.6478   3.940871    32.0956       1516     1.0521 0.0000e+00
     38.000    14.6309   3.939554    32.0972       1551     1.0766 0.0000e+00
     39.000    14.6218   3.938743    32.0970       1578     1.0950 0.0000e+00
     40.000    14.6082   3.937790    32.0992       1601     1.1109 0.0000e+00
     41.000    14.5978   3.936915    32.0994       1622     1.1259 0.0000e+00
     42.000    14.5941   3.936648    32.0997       1643     1.1404 0.0000e+00
     43.000    14.5754   3.935099    32.1007       1666     1.1565 0.0000e+00
     44.000    14.5631   3.934198    32.1023       1696     1.1774 0.0000e+00
     45.000    14.5500   3.933139    32.1031       1730     1.2008 0.0000e+00
     46.000    14.5426   3.932533    32.1033       1758     1.2201 0.0000e+00
     47.000    14.5314   3.931656    32.1043       1782     1.2367 0.0000e+00
     48.000    14.5284   3.931402    32.1040       1804     1.2521 0.0000e+00
     49.000    14.5248   3.931152    32.1044       1826     1.2673 0.0000e+00
     50.000    14.5218   3.930892    32.1040       1850     1.2841 0.0000e+00
     51.000    14.5133   3.930380    32.1061       1878     1.3038 0.0000e+00
     52.000    14.4932   3.928642    32.1065       1909     1.3252 0.0000e+00
     53.000    14.4887   3.928323    32.1069       1937     1.3446 0.0000e+00
     54.000    14.4876   3.928261    32.1069       1961     1.3609 0.0000e+00
     55.000    14.4707   3.926949    32.1086       1983     1.3763 0.0000e+00
     56.000    14.4700   3.926465    32.1043       3017     2.0942 0.0000e+00
     55.000    14.4716   3.926712    32.1056       2949     2.0475 0.0000e+00
     54.000    14.4734   3.926782    32.1052       2984     2.0718 0.0000e+00
     53.000    14.4737   3.926776    32.1053       3004     2.0856 0.0000e+00
     52.000    14.4827   3.927371    32.1036       3030     2.1034 0.0000e+00
     51.000    14.4895   3.927971    32.1038       3064     2.1270 0.0000e+00
     50.000    14.4893   3.927894    32.1037       3088     2.1436 0.0000e+00
     49.000    14.4964   3.928370    32.1025       3106     2.1565 0.0000e+00
     48.000    14.5053   3.929057    32.1018       3125     2.1695 0.0000e+00
     47.000    14.5104   3.929445    32.1015       3147     2.1849 0.0000e+00
     46.000    14.5119   3.929601    32.1021       3179     2.2066 0.0000e+00
     45.000    14.5168   3.929906    32.1012       3215     2.2316 0.0000e+00
     44.000    14.5354   3.931175    32.0977       3239     2.2488 0.0000e+00
     43.000    14.5578   3.933062    32.0967       3260     2.2629 0.0000e+00
     42.000    14.5639   3.933566    32.0967       3279     2.2767 0.0000e+00
     41.000    14.5775   3.934526    32.0945       3303     2.2927 0.0000e+00
     40.000    14.6055   3.936807    32.0925       3331     2.3126 0.0000e+00
     39.000    14.6212   3.938073    32.0914       3361     2.3333 0.0000e+00
     38.000    14.6247   3.938455    32.0924       3386     2.3509 0.0000e+00
     37.000    14.6340   3.939049    32.0905       3408     2.3663 0.0000e+00
     36.000    14.6479   3.940204    32.0898       3430     2.3813 0.0000e+00
     35.000    14.6557   3.940792    32.0891       3454     2.3978 0.0000e+00
     34.000    14.6819   3.942848    32.0866       3481     2.4166 0.0000e+00
     33.000    14.6886   3.943481    32.0872       3510     2.4365 0.0000e+00
     32.000    14.6941   3.943869    32.0865       3535     2.4543 0.0000e+00
     31.000    14.7055   3.944765    32.0856       3558     2.4704 0.0000e+00
     30.000    14.7189   3.945854    32.0848       3582     2.4869 0.0000e+00
     29.000    14.7293   3.946631    32.0836       3608     2.5050 0.0000e+00
     28.000    14.7385   3.947488    32.0842       3635     2.5238 0.0000e+00
     27.000    14.7325   3.947013    32.0852       3661     2.5418 0.0000e+00
     26.000    14.7446   3.947833    32.0830       3685     2.5586 0.0000e+00
     25.000    14.7521   3.948493    32.0832       3709     2.5753 0.0000e+00
     24.000    14.7824   3.950697    32.0786       3734     2.5925 0.0000e+00
     23.000    14.7939   3.951932    32.0807       3761     2.6108 0.0000e+00
     22.000    14.8155   3.953316    32.0758       3785     2.6280 0.0000e+00
     21.000    14.8664   3.957449    32.0717       3808     2.6435 0.0000e+00
     20.000    14.8852   3.959345    32.0737       3829     2.6586 0.0000e+00
     19.000    14.8861   3.959375    32.0736       3854     2.6754 0.0000e+00
     18.000    14.8938   3.960023    32.0735       3886     2.6976 0.0000e+00
     17.000    14.9136   3.961653    32.0724       3920     2.7214 0.0000e+00
     16.000    14.9151   3.961787    32.0727       3943     2.7378 0.0000e+00
     15.000    14.9171   3.961999    32.0733       3963     2.7511 0.0000e+00
     14.000    14.9240   3.962318    32.0709       3982     2.7647 0.0000e+00
     13.000    14.9607   3.965168    32.0669       4008     2.7827 0.0000e+00
     12.000    14.9777   3.966892    32.0688       4042     2.8063 0.0000e+00
     11.000    14.9912   3.967706    32.0654       4069     2.8251 0.0000e+00
     10.000    14.9981   3.968348    32.0660       4091     2.8403 0.0000e+00
      9.000    15.0077   3.969154    32.0657       4114     2.8563 0.0000e+00
      8.000    15.0092   3.969340    32.0665       4142     2.8753 0.0000e+00
      7.000    15.0080   3.969215    32.0668       4170     2.8948 0.0000e+00
      6.000    15.0047   3.968960    32.0676       4197     2.9138 0.0000e+00
      5.000    15.0021   3.968670    32.0675       4226     2.9341 0.0000e+00
      4.000    15.0035   3.968714    32.0671       4255     2.9538 0.0000e+00
      3.000    15.0064   3.968996    32.0677       4280     2.9714 0.0000e+00
      2.000    15.0053   3.968790    32.0671       4386     3.0455 0.0000e+00
