HB2304/ctd105.cnv
* Sea-Bird SBE 9 Data File:
* FileName = C:\cruise\data\ctd105.hex
* Software Version Seasave V 7.26.7.121
* Temperature SN = 4591
* Conductivity SN = 3741
* Number of Bytes Per Scan = 37
* Number of Voltage Words = 4
* Number of Scans Averaged by the Deck Unit = 1
* NMEA Latitude = 40 00.56 N
* NMEA Longitude = 070 55.75 W
* NMEA UTC (Time) = Oct 12 2023  09:36:04
* NMEA baud rate = 4800
** Ship: Bigelow HB2304
** Program:  Fall Bottom Trawl Survey
** Chief Scientist: John Galbraith
# nquan = 7
# nvalues = 532                         
# units = specified
# name 0 = depSM: Depth [salt water, m]
# name 1 = t090C: Temperature [ITS-90, deg C]
# name 2 = c0S/m: Conductivity [S/m]
# name 3 = sal00: Salinity, Practical [PSU]
# name 4 = scan: Scan Count
# name 5 = timeM: Time, Elapsed [minutes]
# name 6 = flag: flag
# span 0 =      2.000,    268.000       
# span 1 =     9.8451,    16.3340       
# span 2 =   3.652584,   4.138832       
# span 3 =    32.4727,    35.3374       
# span 4 =        122,      15081       
# span 5 =     0.0837,    10.4719       
# span 6 = 0.0000e+00, 0.0000e+00       
# interval = meters: 1                  
# start_time = Oct 12 2023 09:36:04 [NMEA time, header]
# bad_flag = -9.990e-29
*END*
[from data line 411]
    122.000    11.8269   3.983565    34.9490      11954     8.3005 0.0000e+00
    121.000    11.8643   3.988035    34.9581      11998     8.3311 0.0000e+00
    120.000    11.8789   3.989553    34.9597      12026     8.3509 0.0000e+00
    119.000    12.0052   4.003267    34.9756      12046     8.3643 0.0000e+00
    118.000    12.0637   4.011080    34.9973      12064     8.3772 0.0000e+00
    117.000    12.1148   4.016600    35.0036      12086     8.3925 0.0000e+00
    116.000    12.1860   4.024903    35.0181      12119     8.4150 0.0000e+00
    115.000    12.2244   4.028742    35.0199      12153     8.4392 0.0000e+00
    114.000    12.1584   4.019817    34.9954      12177     8.4559 0.0000e+00
    113.000    12.0880   4.007642    34.9432      12198     8.4703 0.0000e+00
    112.000    12.0640   4.005014    34.9405      12221     8.4862 0.0000e+00
    111.000    12.0017   3.996789    34.9191      12249     8.5058 0.0000e+00
    110.000    11.8975   3.984541    34.8975      12279     8.5262 0.0000e+00
    109.000    11.7911   3.969620    34.8517      12305     8.5442 0.0000e+00
    108.000    11.7492   3.963689    34.8333      12331     8.5623 0.0000e+00
    107.000    11.6743   3.953643    34.8053      12359     8.5818 0.0000e+00
    106.000    11.6164   3.945353    34.7786      12386     8.6007 0.0000e+00
    105.000    11.5593   3.937856    34.7588      12409     8.6166 0.0000e+00
    104.000    11.5212   3.932782    34.7450      12430     8.6314 0.0000e+00
    103.000    11.4763   3.924411    34.7051      12454     8.6477 0.0000e+00
    102.000    11.4686   3.920830    34.6774      12485     8.6693 0.0000e+00
    101.000    11.4771   3.920522    34.6668      12516     8.6907 0.0000e+00
    100.000    11.5005   3.922498    34.6648      12539     8.7067 0.0000e+00
     99.000    11.5022   3.922428    34.6630      12560     8.7215 0.0000e+00
     98.000    11.4769   3.919129    34.6546      12582     8.7369 0.0000e+00
     97.000    11.2703   3.895497    34.6149      12609     8.7557 0.0000e+00
     96.000    10.9706   3.855099    34.4953      12644     8.7801 0.0000e+00
     95.000    10.6271   3.813260    34.4001      12680     8.8051 0.0000e+00
     94.000    10.6467   3.809120    34.3405      12706     8.8230 0.0000e+00
     93.000    10.7567   3.820754    34.3543      12726     8.8370 0.0000e+00
     92.000    10.8077   3.826376    34.3631      12745     8.8500 0.0000e+00
     91.000    10.8130   3.827252    34.3674      12764     8.8633 0.0000e+00
     90.000    10.7294   3.818268    34.3563      12784     8.8774 0.0000e+00
     89.000    10.6114   3.803206    34.3165      12808     8.8935 0.0000e+00
     88.000    10.5873   3.798624    34.2935      12846     8.9199 0.0000e+00
     87.000    10.2763   3.760540    34.2022      12895     8.9544 0.0000e+00
     86.000    10.1500   3.741141    34.1248      12917     8.9696 0.0000e+00
     85.000    10.0892   3.728192    34.0509      12934     8.9810 0.0000e+00
     84.000    10.0639   3.723780    34.0303      12949     8.9916 0.0000e+00
     83.000    10.0336   3.718351    34.0039      12965     9.0030 0.0000e+00
     82.000     9.9982   3.711645    33.9693      12994     9.0229 0.0000e+00
     81.000     9.9668   3.700632    33.8871      13050     9.0619 0.0000e+00
     80.000     9.9724   3.699777    33.8735      13073     9.0775 0.0000e+00
     79.000     9.9672   3.698082    33.8615      13088     9.0884 0.0000e+00
     78.000     9.9674   3.697064    33.8515      13103     9.0986 0.0000e+00
     77.000     9.9604   3.694438    33.8317      13119     9.1094 0.0000e+00
     76.000     9.9565   3.691971    33.8106      13140     9.1245 0.0000e+00
     75.000     9.9429   3.682427    33.7265      13193     9.1614 0.0000e+00
     74.000     9.9069   3.673147    33.6659      13233     9.1889 0.0000e+00
     73.000     9.8802   3.667641    33.6351      13253     9.2026 0.0000e+00
     72.000     9.8876   3.667188    33.6241      13270     9.2143 0.0000e+00
     71.000     9.9098   3.666031    33.5920      13286     9.2256 0.0000e+00
     70.000     9.9186   3.664935    33.5731      13304     9.2380 0.0000e+00
     69.000     9.9151   3.663365    33.5608      13327     9.2538 0.0000e+00
     68.000     9.9017   3.660674    33.5463      13363     9.2792 0.0000e+00
     67.000     9.8758   3.655672    33.5197      13403     9.3068 0.0000e+00
     66.000     9.8702   3.653742    33.5057      13431     9.3261 0.0000e+00
     65.000     9.8737   3.652584    33.4911      13453     9.3415 0.0000e+00
     64.000     9.9333   3.655540    33.4664      13472     9.3550 0.0000e+00
     63.000    10.0386   3.661657    33.4316      13490     9.3677 0.0000e+00
     62.000    10.0729   3.663304    33.4170      13510     9.3811 0.0000e+00
     61.000    10.1194   3.664538    33.3871      13536     9.3996 0.0000e+00
     60.000    10.2592   3.671779    33.3321      13580     9.4302 0.0000e+00
     59.000    10.3148   3.676129    33.3254      13612     9.4519 0.0000e+00
     58.000    10.3991   3.677649    33.2640      13633     9.4664 0.0000e+00
     57.000    10.6948   3.693188    33.1509      13651     9.4791 0.0000e+00
     56.000    11.1582   3.729672    33.0952      13669     9.4917 0.0000e+00
     55.000    11.3991   3.749247    33.0723      13689     9.5058 0.0000e+00
     54.000    11.6905   3.773134    33.0463      13715     9.5237 0.0000e+00
     53.000    12.0201   3.800404    33.0191      13751     9.5485 0.0000e+00
     52.000    12.2716   3.822386    33.0095      13783     9.5710 0.0000e+00
     51.000    12.6503   3.850456    32.9463      13807     9.5872 0.0000e+00
     50.000    12.8864   3.871106    32.9370      13828     9.6018 0.0000e+00
     49.000    12.9862   3.877865    32.9146      13849     9.6163 0.0000e+00
     48.000    13.1276   3.882529    32.8365      13871     9.6319 0.0000e+00
     47.000    13.4391   3.900415    32.7364      13896     9.6494 0.0000e+00
     46.000    13.7416   3.920895    32.6689      13925     9.6697 0.0000e+00
     45.000    13.7764   3.915349    32.5883      13953     9.6890 0.0000e+00
     44.000    13.9948   3.930079    32.5398      13978     9.7061 0.0000e+00
     43.000    14.2988   3.953809    32.5020      14004     9.7241 0.0000e+00
     42.000    14.5958   3.980812    32.4999      14031     9.7429 0.0000e+00
     41.000    14.6966   3.990596    32.5050      14054     9.7592 0.0000e+00
     40.000    14.7597   3.996002    32.5017      14074     9.7732 0.0000e+00
     39.000    14.8006   3.998432    32.4900      14096     9.7880 0.0000e+00
     38.000    14.8736   4.004803    32.4872      14134     9.8146 0.0000e+00
     37.000    14.8951   4.007498    32.4941      14173     9.8418 0.0000e+00
     36.000    14.9316   4.010353    32.4899      14190     9.8537 0.0000e+00
     35.000    15.0132   4.017234    32.4845      14205     9.8639 0.0000e+00
     34.000    15.1773   4.031011    32.4727      14220     9.8743 0.0000e+00
     33.000    15.3801   4.049871    32.4743      14239     9.8872 0.0000e+00
     32.000    15.5707   4.068211    32.4810      14276     9.9130 0.0000e+00
     31.000    15.5839   4.070611    32.4919      14321     9.9446 0.0000e+00
     30.000    15.5797   4.070382    32.4938      14346     9.9616 0.0000e+00
     29.000    15.6487   4.075391    32.4819      14367     9.9763 0.0000e+00
     28.000    15.9313   4.101469    32.4812      14389     9.9916 0.0000e+00
     27.000    16.0125   4.110165    32.4919      14412    10.0074 0.0000e+00
     26.000    16.0424   4.112984    32.4927      14434    10.0232 0.0000e+00
     25.000    16.0565   4.114407    32.4940      14458    10.0397 0.0000e+00
     24.000    16.0734   4.116020    32.4948      14486    10.0588 0.0000e+00
     23.000    16.0809   4.116833    32.4962      14516    10.0799 0.0000e+00
     22.000    16.0848   4.117408    32.4984      14544    10.0994 0.0000e+00
     21.000    16.0912   4.118007    32.4988      14570    10.1171 0.0000e+00
     20.000    16.0935   4.118197    32.4990      14594    10.1343 0.0000e+00
     19.000    16.0960   4.118464    32.4997      14619    10.1515 0.0000e+00
     18.000    16.0971   4.118537    32.4998      14645    10.1693 0.0000e+00
     17.000    16.0967   4.118495    32.5002      14671    10.1878 0.0000e+00
     16.000    16.0977   4.118544    32.5001      14696    10.2048 0.0000e+00
     15.000    16.0983   4.118520    32.4998      14718    10.2200 0.0000e+00
     14.000    16.1034   4.118788    32.4984      14741    10.2359 0.0000e+00
     13.000    16.1113   4.119396    32.4976      14775    10.2595 0.0000e+00
     12.000    16.1196   4.120347    32.4996      14811    10.2847 0.0000e+00
     11.000    16.1257   4.120631    32.4974      14831    10.2988 0.0000e+00
     10.000    16.1515   4.122799    32.4958      14848    10.3105 0.0000e+00
      9.000    16.1946   4.126427    32.4928      14865    10.3226 0.0000e+00
      8.000    16.2756   4.133591    32.4900      14893    10.3414 0.0000e+00
      7.000    16.3340   4.138832    32.4887      14943    10.3762 0.0000e+00
      6.000    16.3259   4.138001    32.4884      14968    10.3935 0.0000e+00
      5.000    16.3278   4.138166    32.4887      14984    10.4048 0.0000e+00
      4.000    16.3273   4.138102    32.4889      14999    10.4155 0.0000e+00
      3.000    16.3242   4.137870    32.4897      15020    10.4299 0.0000e+00
      2.000    16.3297   4.138356    32.4899      15081    10.4719 0.0000e+00
