HB2304/ctd178.cnv
* Sea-Bird SBE 9 Data File:
* FileName = C:\cruise\data\ctd178.hex
* Software Version Seasave V 7.26.7.121
* Temperature SN = 4591
* Conductivity SN = 3741
* Number of Bytes Per Scan = 37
* Number of Voltage Words = 4
* Number of Scans Averaged by the Deck Unit = 1
* NMEA Latitude = 43 24.77 N
* NMEA Longitude = 068 58.17 W
* NMEA UTC (Time) = Nov 10 2023 02:04:18
** Ship: Bigelow HB2304
** Program:  Fall Bottom Trawl Survey
** Chief Scientist: John Galbraith
# nquan = 9
# nvalues = 268                         
# units = specified
# name 0 = depSM: Depth [salt water, m]
# name 1 = t090C: Temperature [ITS-90, deg C]
# name 2 = c0S/m: Conductivity [S/m]
# name 3 = sal00: Salinity, Practical [PSU]
# name 4 = scan: Scan Count
# name 5 = timeM: Time, Elapsed [minutes]
# name 6 = sbeox0V: Oxygen raw, SBE 43 [V]
# name 7 = sbeox1V: Oxygen raw, SBE 43, 2 [V]
# name 8 = flag: flag
# span 0 =      2.000,    136.000       
# span 1 =     8.4036,    10.7688       
# span 2 =   3.503923,   3.628450       
# span 3 =    32.0525,    33.2924       
# span 4 =        165,       8330       
# span 5 =     0.1142,     5.7844       
# span 6 =     1.6613,     4.5058       
# span 7 =     1.5603,     2.1965       
# span 8 = 0.0000e+00, 0.0000e+00       
# interval = meters: 1                  
# start_time = Nov 10 2023 02:04:18 [NMEA time, header]
# bad_flag = -9.990e-29
*END*
      3.000    10.7136   3.583398    32.0632        165     0.1142     2.9034     2.1883 0.0000e+00
      4.000    10.7154   3.583642    32.0636        248     0.1718     2.9216     2.1859 0.0000e+00
      5.000    10.7186   3.584309    32.0670        272     0.1879     3.0010     2.1896 0.0000e+00
      6.000    10.7282   3.586915    32.0841        296     0.2051     3.1187     2.1906 0.0000e+00
      7.000    10.7343   3.588098    32.0901        321     0.2222     3.2607     2.1923 0.0000e+00
      8.000    10.7417   3.589341    32.0955        347     0.2401     3.4286     2.1951 0.0000e+00
      9.000    10.7529   3.591268    32.1044        373     0.2586     3.6113     2.1940 0.0000e+00
     10.000    10.7590   3.592813    32.1139        401     0.2775     3.8021     2.1880 0.0000e+00
     11.000    10.7505   3.592127    32.1141        428     0.2965     3.9930     2.1859 0.0000e+00
     12.000    10.7467   3.593521    32.1309        455     0.3149     4.1779     2.1837 0.0000e+00
     13.000    10.7288   3.595644    32.1673        480     0.3325     4.3597     2.1789 0.0000e+00
     14.000    10.7176   3.596131    32.1816        505     0.3501     4.5058     2.1792 0.0000e+00
     15.000    10.7312   3.589664    32.1049        531     0.3681     4.1341     2.1764 0.0000e+00
     16.000    10.7314   3.593882    32.1462        559     0.3872     3.5743     2.1728 0.0000e+00
     17.000    10.7185   3.597013    32.1883        587     0.4070     3.1835     2.1726 0.0000e+00
     18.000    10.7168   3.597287    32.1921        615     0.4262     2.9224     2.1719 0.0000e+00
     19.000    10.6996   3.597003    32.2040        641     0.4444     2.7451     2.1711 0.0000e+00
     20.000    10.6627   3.594663    32.2128        666     0.4617     2.6253     2.1677 0.0000e+00
     21.000    10.6357   3.592567    32.2153        690     0.4788     2.5372     2.1639 0.0000e+00
     22.000    10.6126   3.591204    32.2217        716     0.4968     2.4656     2.1634 0.0000e+00
     23.000    10.5987   3.590607    32.2275        744     0.5160     2.4051     2.1624 0.0000e+00
     24.000    10.5971   3.591028    32.2327        772     0.5353     2.3570     2.1677 0.0000e+00
     25.000    10.5889   3.590646    32.2358        799     0.5538     2.3180     2.1714 0.0000e+00
     26.000    10.5777   3.589883    32.2376        824     0.5717     2.2822     2.1742 0.0000e+00
     27.000    10.5906   3.591551    32.2424        850     0.5897     2.2526     2.1758 0.0000e+00
     28.000    10.6062   3.593574    32.2484        877     0.6082     2.2423     2.1753 0.0000e+00
     29.000    10.6004   3.593265    32.2500        904     0.6271     2.2671     2.1746 0.0000e+00
     30.000    10.5939   3.592657    32.2492        931     0.6459     2.2915     2.1734 0.0000e+00
     31.000    10.6104   3.594446    32.2521        957     0.6641     2.3031     2.1719 0.0000e+00
     32.000    10.6047   3.594245    32.2547        983     0.6819     2.3084     2.1702 0.0000e+00
     33.000    10.6010   3.593807    32.2532       1009     0.7001     2.3160     2.1689 0.0000e+00
     34.000    10.6206   3.596206    32.2593       1037     0.7191     2.3196     2.1683 0.0000e+00
     35.000    10.6306   3.597892    32.2669       1064     0.7379     2.3165     2.1682 0.0000e+00
     36.000    10.6770   3.604326    32.2896       1089     0.7557     2.3141     2.1660 0.0000e+00
     37.000    10.7289   3.612227    32.3218       1115     0.7734     2.3134     2.1611 0.0000e+00
     38.000    10.7144   3.612179    32.3338       1142     0.7923     2.3076     2.1508 0.0000e+00
     39.000    10.7189   3.613990    32.3474       1170     0.8121     2.2893     2.1335 0.0000e+00
     40.000    10.7270   3.617401    32.3738       1197     0.8309     2.2725     2.1178 0.0000e+00
     41.000    10.7207   3.619742    32.4022       1223     0.8488     2.2600     2.1068 0.0000e+00
     42.000    10.7179   3.622396    32.4307       1249     0.8664     2.2437     2.0942 0.0000e+00
     43.000    10.6978   3.628234    32.5062       1274     0.8840     2.2272     2.0812 0.0000e+00
     44.000    10.6653   3.628345    32.5358       1299     0.9017     2.2082     2.0674 0.0000e+00
     45.000    10.6545   3.628435    32.5459       1327     0.9209     2.1800     2.0465 0.0000e+00
     46.000    10.6476   3.628450    32.5518       1356     0.9412     2.1543     2.0240 0.0000e+00
     47.000    10.5926   3.627119    32.5871       1385     0.9608     2.1382     2.0108 0.0000e+00
     48.000    10.5692   3.626878    32.6052       1411     0.9790     2.1267     2.0016 0.0000e+00
     49.000    10.5526   3.627023    32.6211       1436     0.9965     2.1185     1.9938 0.0000e+00
     50.000    10.5320   3.626862    32.6375       1461     1.0139     2.1122     1.9858 0.0000e+00
     51.000    10.5197   3.626925    32.6487       1487     1.0317     2.1065     1.9780 0.0000e+00
     52.000    10.5081   3.626833    32.6577       1513     1.0501     2.0974     1.9704 0.0000e+00
     53.000    10.4957   3.626763    32.6677       1541     1.0698     2.0882     1.9619 0.0000e+00
     54.000    10.4731   3.626396    32.6839       1571     1.0903     2.0832     1.9559 0.0000e+00
     55.000    10.4448   3.625681    32.7017       1599     1.1095     2.0779     1.9511 0.0000e+00
     56.000    10.4245   3.624834    32.7110       1625     1.1275     2.0741     1.9467 0.0000e+00
     57.000    10.4067   3.624474    32.7230       1650     1.1448     2.0704     1.9414 0.0000e+00
     58.000    10.3891   3.624241    32.7360       1674     1.1617     2.0656     1.9373 0.0000e+00
     59.000    10.3743   3.623899    32.7454       1698     1.1787     2.0589     1.9338 0.0000e+00
     60.000    10.3692   3.623723    32.7478       1725     1.1975     2.0526     1.9309 0.0000e+00
     61.000    10.3645   3.623600    32.7504       1755     1.2180     2.0437     1.9269 0.0000e+00
     62.000    10.3479   3.623220    32.7611       1784     1.2383     2.0378     1.9199 0.0000e+00
     63.000    10.3320   3.622823    32.7710       1813     1.2581     2.0348     1.9144 0.0000e+00
     64.000    10.3259   3.622763    32.7754       1839     1.2766     2.0321     1.9108 0.0000e+00
     65.000    10.3121   3.622446    32.7843       1864     1.2939     2.0301     1.9086 0.0000e+00
     66.000    10.2919   3.621857    32.7962       1889     1.3114     2.0277     1.9077 0.0000e+00
     67.000    10.2804   3.621493    32.8024       1917     1.3302     2.0238     1.9030 0.0000e+00
     68.000    10.2645   3.621075    32.8122       1945     1.3500     2.0199     1.8958 0.0000e+00
     69.000    10.2487   3.620676    32.8220       1972     1.3691     2.0167     1.8955 0.0000e+00
     70.000    10.2481   3.620668    32.8220       1998     1.3868     2.0149     1.8932 0.0000e+00
     71.000    10.2467   3.620663    32.8228       2024     1.4048     2.0120     1.8913 0.0000e+00
     72.000    10.2441   3.620623    32.8243       2052     1.4240     2.0108     1.8917 0.0000e+00
     73.000    10.2440   3.620668    32.8244       2081     1.4442     2.0085     1.8854 0.0000e+00
     74.000    10.2451   3.620817    32.8244       2109     1.4640     2.0059     1.8838 0.0000e+00
     75.000    10.2458   3.620892    32.8241       2137     1.4830     2.0062     1.8841 0.0000e+00
     76.000    10.2469   3.621112    32.8250       2162     1.5010     2.0075     1.8828 0.0000e+00
     77.000    10.2399   3.621562    32.8354       2188     1.5188     2.0059     1.8836 0.0000e+00
     78.000    10.2279   3.621655    32.8467       2215     1.5373     2.0046     1.8827 0.0000e+00
     79.000    10.2150   3.621440    32.8559       2243     1.5567     2.0034     1.8820 0.0000e+00
     80.000    10.2069   3.621199    32.8603       2270     1.5760     2.0014     1.8792 0.0000e+00
     81.000    10.2044   3.621109    32.8612       2297     1.5947     1.9973     1.8733 0.0000e+00
     82.000    10.2009   3.621038    32.8632       2324     1.6133     1.9939     1.8704 0.0000e+00
     83.000    10.1979   3.620964    32.8647       2351     1.6316     1.9913     1.8688 0.0000e+00
     84.000    10.1917   3.620863    32.8689       2377     1.6497     1.9878     1.8658 0.0000e+00
     85.000    10.1786   3.620435    32.8760       2403     1.6682     1.9864     1.8659 0.0000e+00
     86.000    10.1671   3.619930    32.8809       2431     1.6877     1.9867     1.8647 0.0000e+00
     87.000    10.1643   3.619823    32.8819       2460     1.7075     1.9850     1.8658 0.0000e+00
     88.000    10.1608   3.619642    32.8829       2487     1.7265     1.9830     1.8694 0.0000e+00
     89.000    10.1582   3.619588    32.8842       2513     1.7447     1.9818     1.8673 0.0000e+00
     90.000    10.1476   3.619360    32.8911       2539     1.7627     1.9802     1.8648 0.0000e+00
     91.000    10.1443   3.619244    32.8925       2566     1.7810     1.9776     1.8642 0.0000e+00
     92.000    10.1414   3.619149    32.8937       2593     1.8001     1.9774     1.8623 0.0000e+00
     93.000    10.1234   3.618369    32.9018       2622     1.8199     1.9761     1.8618 0.0000e+00
     94.000    10.0947   3.617141    32.9149       2649     1.8392     1.9745     1.8599 0.0000e+00
     95.000    10.0859   3.616796    32.9190       2675     1.8567     1.9740     1.8587 0.0000e+00
     96.000    10.0593   3.615476    32.9294       2699     1.8734     1.9729     1.8547 0.0000e+00
     97.000    10.0260   3.613523    32.9395       2724     1.8909     1.9692     1.8558 0.0000e+00
     98.000    10.0068   3.612246    32.9436       2752     1.9104     1.9673     1.8527 0.0000e+00
     99.000     9.9810   3.610606    32.9499       2782     1.9313     1.9667     1.8520 0.0000e+00
    100.000     9.9698   3.609905    32.9526       2811     1.9512     1.9652     1.8508 0.0000e+00
    101.000     9.9627   3.609529    32.9549       2837     1.9696     1.9611     1.8490 0.0000e+00
    102.000     9.9422   3.608376    32.9614       2862     1.9871     1.9588     1.8468 0.0000e+00
    103.000     9.9306   3.607669    32.9643       2887     2.0043     1.9584     1.8437 0.0000e+00
    104.000     9.9255   3.607341    32.9653       2913     2.0221     1.9576     1.8426 0.0000e+00
    105.000     9.9126   3.606900    32.9721       2940     2.0410     1.9559     1.8385 0.0000e+00
    106.000     9.8975   3.606469    32.9810       2969     2.0613     1.9541     1.8369 0.0000e+00
    107.000     9.8708   3.605656    32.9967       2998     2.0815     1.9527     1.8373 0.0000e+00
    108.000     9.7820   3.603025    33.0508       3025     2.1000     1.9504     1.8363 0.0000e+00
    109.000     9.7404   3.601622    33.0742       3050     2.1173     1.9468     1.8348 0.0000e+00
    110.000     9.7144   3.600350    33.0846       3075     2.1346     1.9414     1.8309 0.0000e+00
    111.000     9.6853   3.598995    33.0971       3101     2.1525     1.9339     1.8239 0.0000e+00
    112.000     9.6551   3.597989    33.1142       3129     2.1722     1.9262     1.8156 0.0000e+00
    113.000     9.6329   3.597423    33.1284       3158     2.1926     1.9178     1.8086 0.0000e+00
    114.000     9.6091   3.596540    33.1409       3187     2.2123     1.9104     1.8012 0.0000e+00
    115.000     9.5918   3.595563    33.1464       3214     2.2310     1.9035     1.7944 0.0000e+00
    116.000     9.5586   3.593882    33.1593       3239     2.2487     1.8983     1.7896 0.0000e+00
    117.000     9.4949   3.591091    33.1890       3264     2.2661     1.8933     1.7857 0.0000e+00
    118.000     9.4154   3.585885    33.2087       3291     2.2844     1.8881     1.7826 0.0000e+00
    119.000     9.3781   3.582767    33.2106       3318     2.3034     1.8804     1.7766 0.0000e+00
    120.000     9.2993   3.576895    33.2228       3346     2.3229     1.8713     1.7666 0.0000e+00
    121.000     9.2313   3.571570    33.2305       3374     2.3422     1.8604     1.7561 0.0000e+00
    122.000     9.2162   3.569829    33.2261       3402     2.3618     1.8482     1.7466 0.0000e+00
    123.000     9.2185   3.569995    33.2252       3430     2.3813     1.8360     1.7351 0.0000e+00
    124.000     9.2164   3.569765    33.2244       3456     2.3995     1.8255     1.7234 0.0000e+00
    125.000     9.2165   3.569886    33.2250       3481     2.4165     1.8190     1.7170 0.0000e+00
    126.000     9.1605   3.565263    33.2288       3506     2.4340     1.8168     1.7124 0.0000e+00
    127.000     9.1440   3.563463    33.2251       3534     2.4532     1.8128     1.7088 0.0000e+00
    128.000     9.1430   3.563637    33.2273       3563     2.4738     1.8029     1.7022 0.0000e+00
    129.000     9.0904   3.560192    33.2402       3593     2.4942     1.7948     1.6932 0.0000e+00
    130.000     9.0345   3.555292    33.2409       3620     2.5131     1.7914     1.6892 0.0000e+00
    131.000     8.9674   3.549898    33.2471       3646     2.5312     1.7870     1.6850 0.0000e+00
    132.000     8.8619   3.541277    33.2554       3671     2.5487     1.7799     1.6797 0.0000e+00
    133.000     8.7110   3.528250    33.2602       3697     2.5665     1.7715     1.6731 0.0000e+00
    134.000     8.5868   3.517939    33.2683       3724     2.5854     1.7581     1.6621 0.0000e+00
    135.000     8.4850   3.509918    33.2793       3752     2.6048     1.7388     1.6486 0.0000e+00
    136.000     8.4036   3.503923    33.2924       4342     3.0148     1.6619     1.5629 0.0000e+00
    135.000     8.4591   3.505998    33.2624       4840     3.3605     1.6613     1.5603 0.0000e+00
    134.000     8.5104   3.509051    33.2466       4850     3.3671     1.6630     1.5614 0.0000e+00
    133.000     8.5958   3.514888    33.2282       4875     3.3845     1.6657     1.5621 0.0000e+00
    132.000     8.7159   3.525054    33.2226       4900     3.4019     1.6705     1.5695 0.0000e+00
    131.000     8.7947   3.531803    33.2198       4926     3.4200     1.6796     1.5754 0.0000e+00
    130.000     8.9410   3.544168    33.2125       4953     3.4387     1.6931     1.5902 0.0000e+00
    129.000     8.9992   3.549825    33.2175       4980     3.4578     1.7098     1.6040 0.0000e+00
    128.000     9.0414   3.553454    33.2164       5007     3.4762     1.7252     1.6185 0.0000e+00
    127.000     9.0910   3.557779    33.2155       5032     3.4938     1.7386     1.6302 0.0000e+00
    126.000     9.0932   3.557454    33.2105       5057     3.5110     1.7491     1.6409 0.0000e+00
    125.000     9.1162   3.558900    33.2046       5082     3.5286     1.7588     1.6506 0.0000e+00
    124.000     9.1598   3.562572    33.2025       5108     3.5467     1.7645     1.6577 0.0000e+00
    123.000     9.1989   3.566518    33.2074       5135     3.5656     1.7685     1.6633 0.0000e+00
    122.000     9.2053   3.567245    33.2095       5163     3.5848     1.7758     1.6689 0.0000e+00
    121.000     9.2216   3.568592    33.2087       5190     3.6032     1.7843     1.6762 0.0000e+00
    120.000     9.2730   3.572608    33.2029       5216     3.6212     1.7920     1.6854 0.0000e+00
    119.000     9.2991   3.574632    33.2000       5241     3.6389     1.7988     1.6934 0.0000e+00
    118.000     9.3646   3.579371    33.1886       5267     3.6567     1.8068     1.7001 0.0000e+00
    117.000     9.4169   3.583763    33.1859       5294     3.6755     1.8164     1.7082 0.0000e+00
    116.000     9.4614   3.586451    33.1728       5322     3.6951     1.8270     1.7151 0.0000e+00
    115.000     9.5177   3.589733    33.1549       5350     3.7144     1.8369     1.7230 0.0000e+00
    114.000     9.5659   3.592137    33.1356       5376     3.7328     1.8477     1.7328 0.0000e+00
    113.000     9.5979   3.594021    33.1258       5401     3.7500     1.8573     1.7429 0.0000e+00
    112.000     9.6176   3.595000    33.1182       5425     3.7667     1.8666     1.7513 0.0000e+00
    111.000     9.6337   3.595587    33.1097       5450     3.7841     1.8741     1.7591 0.0000e+00
    110.000     9.6690   3.596596    33.0880       5477     3.8029     1.8798     1.7656 0.0000e+00
