HB2304/ctd195.cnv
* Sea-Bird SBE 9 Data File:
* FileName = C:\cruise\data\ctd195.hex
* Software Version Seasave V 7.26.7.121
* Temperature SN = 4591
* Conductivity SN = 3741
* Number of Bytes Per Scan = 37
* Number of Voltage Words = 4
* Number of Scans Averaged by the Deck Unit = 1
* NMEA Latitude = 42 10.26 N
* NMEA Longitude = 070 05.41 W
* NMEA UTC (Time) = Nov 14 2023 00:41:32
* NMEA baud rate = 4800
** Ship: Bigelow HB2304
** Program:  Fall Bottom Trawl Survey
** Chief Scientist: John Galbraith
# nquan = 9
# nvalues = 92                          
# units = specified
# name 0 = depSM: Depth [salt water, m]
# name 1 = t090C: Temperature [ITS-90, deg C]
# name 2 = c0S/m: Conductivity [S/m]
# name 3 = sal00: Salinity, Practical [PSU]
# name 4 = scan: Scan Count
# name 5 = timeM: Time, Elapsed [minutes]
# name 6 = sbeox0V: Oxygen raw, SBE 43 [V]
# name 7 = sbeox1V: Oxygen raw, SBE 43, 2 [V]
# name 8 = flag: flag
# span 0 =      2.000,     48.000       
# span 1 =    10.6776,    10.9864       
# span 2 =   3.574923,   3.605839       
# span 3 =    31.8413,    32.2418       
# span 4 =        111,       3318       
# span 5 =     0.0767,     2.3034       
# span 6 =     2.0254,     4.5208       
# span 7 =     1.9077,     2.2960       
# span 8 = 0.0000e+00, 0.0000e+00       
# interval = meters: 1                  
# start_time = Nov 14 2023 00:41:32 [NMEA time, header]
# bad_flag = -9.990e-29
*END*
      3.000    10.8895   3.576509    31.8413        111     0.0767     2.8471     2.2447 0.0000e+00
      4.000    10.8946   3.577182    31.8431        192     0.1324     2.8417     2.2496 0.0000e+00
      5.000    10.8950   3.577285    31.8433        220     0.1524     2.8904     2.2511 0.0000e+00
      6.000    10.8948   3.577331    31.8435        248     0.1716     2.9977     2.2501 0.0000e+00
      7.000    10.8903   3.577482    31.8485        274     0.1893     3.1238     2.2504 0.0000e+00
      8.000    10.8893   3.577268    31.8469        299     0.2072     3.2694     2.2541 0.0000e+00
      9.000    10.8842   3.577535    31.8535        326     0.2258     3.4343     2.2583 0.0000e+00
     10.000    10.8728   3.577141    31.8591        352     0.2436     3.5985     2.2618 0.0000e+00
     11.000    10.8689   3.576960    31.8602        377     0.2613     3.7652     2.2637 0.0000e+00
     12.000    10.8566   3.576468    31.8657        403     0.2795     3.9416     2.2672 0.0000e+00
     13.000    10.8450   3.575845    31.8692        430     0.2977     4.1194     2.2697 0.0000e+00
     14.000    10.8411   3.575635    31.8700        455     0.3155     4.3232     2.2687 0.0000e+00
     15.000    10.8396   3.575545    31.8701        482     0.3339     4.5208     2.2736 0.0000e+00
     16.000    10.8331   3.575325    31.8731        508     0.3524     4.1049     2.2783 0.0000e+00
     17.000    10.8325   3.575271    31.8727        534     0.3704     3.5986     2.2815 0.0000e+00
     18.000    10.8286   3.575355    31.8765        560     0.3884     3.2408     2.2805 0.0000e+00
     19.000    10.8282   3.575429    31.8771        586     0.4064     2.9875     2.2797 0.0000e+00
     20.000    10.8317   3.575958    31.8789        612     0.4244     2.8114     2.2789 0.0000e+00
     21.000    10.8372   3.576813    31.8822        638     0.4424     2.6897     2.2799 0.0000e+00
     22.000    10.8563   3.579385    31.8906        664     0.4606     2.6049     2.2822 0.0000e+00
     23.000    10.8697   3.581971    31.9041        691     0.4791     2.5408     2.2830 0.0000e+00
     24.000    10.8880   3.584258    31.9104        718     0.4977     2.4884     2.2802 0.0000e+00
     25.000    10.8895   3.585980    31.9257        743     0.5152     2.4542     2.2719 0.0000e+00
     26.000    10.8420   3.581807    31.9253        768     0.5324     2.4461     2.2651 0.0000e+00
     27.000    10.8303   3.580583    31.9230        794     0.5505     2.4400     2.2620 0.0000e+00
     28.000    10.8466   3.582867    31.9310        821     0.5696     2.4114     2.2646 0.0000e+00
     29.000    10.8821   3.588576    31.9561        848     0.5883     2.3714     2.2665 0.0000e+00
     30.000    10.8976   3.591825    31.9743        874     0.6064     2.3446     2.2684 0.0000e+00
     31.000    10.9184   3.594730    31.9845        901     0.6247     2.3487     2.2644 0.0000e+00
     32.000    10.9336   3.597110    31.9944        926     0.6426     2.3750     2.2542 0.0000e+00
     33.000    10.9645   3.601127    32.0067        951     0.6598     2.3953     2.2454 0.0000e+00
     34.000    10.9802   3.603419    32.0152        977     0.6776     2.3975     2.2335 0.0000e+00
     35.000    10.9864   3.605137    32.0263       1004     0.6966     2.3876     2.2178 0.0000e+00
     36.000    10.9579   3.605839    32.0577       1031     0.7154     2.3679     2.1980 0.0000e+00
     37.000    10.9160   3.604000    32.0757       1057     0.7332     2.3464     2.1800 0.0000e+00
     38.000    10.8929   3.602808    32.0837       1082     0.7508     2.3263     2.1649 0.0000e+00
     39.000    10.8692   3.601144    32.0876       1108     0.7688     2.3086     2.1512 0.0000e+00
     40.000    10.8645   3.601395    32.0937       1135     0.7874     2.2899     2.1349 0.0000e+00
     41.000    10.8631   3.602280    32.1033       1161     0.8059     2.2701     2.1221 0.0000e+00
     42.000    10.8646   3.603577    32.1145       1187     0.8235     2.2577     2.1118 0.0000e+00
     43.000    10.8481   3.603774    32.1304       1213     0.8414     2.2449     2.1008 0.0000e+00
     44.000    10.8280   3.603454    32.1444       1239     0.8599     2.2248     2.0866 0.0000e+00
     45.000    10.7896   3.602914    32.1724       1266     0.8784     2.2028     2.0720 0.0000e+00
     46.000    10.7491   3.602294    32.2015       1291     0.8961     2.1857     2.0559 0.0000e+00
     47.000    10.7107   3.601503    32.2270       1317     0.9140     2.1695     2.0386 0.0000e+00
     48.000    10.6776   3.600101    32.2418       2017     1.4001     2.0254     1.9077 0.0000e+00
     47.000    10.7160   3.601013    32.2174       2172     1.5078     2.0733     1.9494 0.0000e+00
     46.000    10.7268   3.601240    32.2106       2212     1.5355     2.0709     1.9476 0.0000e+00
     45.000    10.7377   3.601363    32.2027       2237     1.5527     2.0763     1.9476 0.0000e+00
     44.000    10.7565   3.601580    32.1887       2262     1.5705     2.0836     1.9552 0.0000e+00
     43.000    10.7703   3.601769    32.1788       2288     1.5883     2.0892     1.9647 0.0000e+00
     42.000    10.8015   3.602159    32.1557       2314     1.6063     2.0982     1.9754 0.0000e+00
     41.000    10.8384   3.602460    32.1268       2340     1.6241     2.1080     1.9863 0.0000e+00
     40.000    10.8498   3.601881    32.1115       2365     1.6414     2.1196     1.9965 0.0000e+00
     39.000    10.8536   3.601289    32.1027       2390     1.6589     2.1354     2.0122 0.0000e+00
     38.000    10.8566   3.600818    32.0958       2416     1.6768     2.1481     2.0294 0.0000e+00
     37.000    10.8668   3.600670    32.0858       2441     1.6947     2.1619     2.0452 0.0000e+00
     36.000    10.8902   3.601798    32.0769       2465     1.7115     2.1735     2.0586 0.0000e+00
     35.000    10.9198   3.603299    32.0663       2489     1.7281     2.1843     2.0702 0.0000e+00
     34.000    10.9365   3.603805    32.0572       2515     1.7456     2.1973     2.0815 0.0000e+00
     33.000    10.9690   3.603378    32.0249       2541     1.7639     2.2139     2.0929 0.0000e+00
     32.000    10.9559   3.601729    32.0205       2567     1.7817     2.2320     2.1039 0.0000e+00
     31.000    10.9395   3.599092    32.0092       2592     1.7995     2.2478     2.1176 0.0000e+00
     30.000    10.9226   3.596345    31.9972       2618     1.8174     2.2641     2.1310 0.0000e+00
     29.000    10.9010   3.592916    31.9826       2643     1.8349     2.2832     2.1484 0.0000e+00
     28.000    10.8824   3.589551    31.9660       2669     1.8527     2.3011     2.1705 0.0000e+00
     27.000    10.8517   3.584962    31.9477       2695     1.8706     2.3166     2.1891 0.0000e+00
     26.000    10.8329   3.581221    31.9274       2719     1.8876     2.3358     2.2053 0.0000e+00
     25.000    10.8367   3.581089    31.9232       2744     1.9045     2.3578     2.2233 0.0000e+00
     24.000    10.8786   3.584551    31.9215       2769     1.9221     2.3773     2.2398 0.0000e+00
     23.000    10.8763   3.583709    31.9155       2794     1.9399     2.3909     2.2526 0.0000e+00
     22.000    10.8612   3.581143    31.9038       2820     1.9576     2.3930     2.2583 0.0000e+00
     21.000    10.8488   3.579158    31.8953       2845     1.9753     2.3907     2.2585 0.0000e+00
     20.000    10.8371   3.577209    31.8866       2872     1.9937     2.3916     2.2600 0.0000e+00
     19.000    10.8330   3.576397    31.8826       2898     2.0118     2.3934     2.2641 0.0000e+00
     18.000    10.8311   3.575832    31.8790       2923     2.0292     2.3961     2.2699 0.0000e+00
     17.000    10.8303   3.575504    31.8769       2949     2.0470     2.3997     2.2771 0.0000e+00
     16.000    10.8296   3.575243    31.8754       2974     2.0647     2.3953     2.2825 0.0000e+00
     15.000    10.8343   3.575336    31.8726       2998     2.0811     2.3740     2.2860 0.0000e+00
     14.000    10.8593   3.576383    31.8616       3022     2.0980     2.3312     2.2933 0.0000e+00
     13.000    10.8669   3.576680    31.8583       3049     2.1165     2.2862     2.2960 0.0000e+00
     12.000    10.8662   3.576687    31.8595       3076     2.1353     2.2336     2.2923 0.0000e+00
     11.000    10.8630   3.576465    31.8605       3101     2.1528     2.1846     2.2916 0.0000e+00
     10.000    10.8707   3.576545    31.8550       3126     2.1700     2.1483     2.2900 0.0000e+00
      9.000    10.8671   3.576563    31.8587       3151     2.1878     2.1304     2.2907 0.0000e+00
      8.000    10.8626   3.576417    31.8616       3178     2.2060     2.1327     2.2917 0.0000e+00
      7.000    10.8606   3.576090    31.8605       3203     2.2236     2.1427     2.2906 0.0000e+00
      6.000    10.8642   3.575041    31.8474       3229     2.2415     2.1658     2.2906 0.0000e+00
      5.000    10.8682   3.574923    31.8433       3255     2.2599     2.4069     2.2905 0.0000e+00
      4.000    10.8734   3.575905    31.8489       3281     2.2776     2.6967     2.2895 0.0000e+00
      3.000    10.8754   3.575726    31.8457       3305     2.2943     2.8203     2.2855 0.0000e+00
      2.000    10.8761   3.575606    31.8443       3318     2.3034     2.8307     2.2834 0.0000e+00
