HB2304/ctd206.cnv
* Sea-Bird SBE 9 Data File:
* FileName = C:\cruise\data\ctd206.hex
* Software Version Seasave V 7.26.7.121
* Temperature SN = 4591
* Conductivity SN = 3741
* Number of Bytes Per Scan = 37
* Number of Voltage Words = 4
* Number of Scans Averaged by the Deck Unit = 1
* NMEA Latitude = 41 37.64 N
* NMEA Longitude = 069 36.81 W
* NMEA UTC (Time) = Nov 15 2023 18:50:43
* NMEA baud rate = 4800
** Ship: Bigelow HB2304
** Program:  Fall Bottom Trawl Survey
** Chief Scientist: John Galbraith
# nquan = 9
# nvalues = 130                         
# units = specified
# name 0 = depSM: Depth [salt water, m]
# name 1 = t090C: Temperature [ITS-90, deg C]
# name 2 = c0S/m: Conductivity [S/m]
# name 3 = sal00: Salinity, Practical [PSU]
# name 4 = scan: Scan Count
# name 5 = timeM: Time, Elapsed [minutes]
# name 6 = sbeox0V: Oxygen raw, SBE 43 [V]
# name 7 = sbeox1V: Oxygen raw, SBE 43, 2 [V]
# name 8 = flag: flag
# span 0 =      2.000,     67.000       
# span 1 =    10.4997,    11.4403       
# span 2 =   3.593949,   3.624298       
# span 3 =    31.6935,    32.4058       
# span 4 =       -117,       4507       
# span 5 =    -0.0818,     3.1288       
# span 6 =     2.0063,     4.4977       
# span 7 =     1.8871,     2.2782       
# span 8 = 0.0000e+00, 0.0000e+00       
# interval = meters: 1                  
# start_time = Nov 15 2023 18:50:43 [NMEA time, header]
# bad_flag = -9.990e-29
*END*
      2.000    11.3451   3.601866    31.6976       -117    -0.0818     2.9860     2.2782 0.0000e+00
      3.000    11.4403   3.609854    31.6935        248     0.1712     2.8778     2.2712 0.0000e+00
      4.000    11.3299   3.601633    31.7075        384     0.2663     2.9091     2.2729 0.0000e+00
      5.000    11.3065   3.599356    31.7049        406     0.2812     2.9651     2.2716 0.0000e+00
      6.000    11.3074   3.599519    31.7054        428     0.2963     3.0548     2.2688 0.0000e+00
      7.000    11.3071   3.600461    31.7144        450     0.3120     3.1830     2.2697 0.0000e+00
      8.000    11.3146   3.602306    31.7256        482     0.3338     3.3970     2.2715 0.0000e+00
      9.000    11.3089   3.602503    31.7320        522     0.3620     3.6651     2.2717 0.0000e+00
     10.000    11.2979   3.601672    31.7329        544     0.3770     3.7841     2.2722 0.0000e+00
     11.000    11.2847   3.600724    31.7346        559     0.3876     3.8695     2.2698 0.0000e+00
     12.000    11.2781   3.600653    31.7392        574     0.3981     3.9680     2.2673 0.0000e+00
     13.000    11.2682   3.600640    31.7471        596     0.4131     4.1440     2.2652 0.0000e+00
     14.000    11.2381   3.598288    31.7496        648     0.4493     4.4977     2.2534 0.0000e+00
     15.000    11.2489   3.599940    31.7561        680     0.4719     4.0318     2.2481 0.0000e+00
     16.000    11.2630   3.604399    31.7872        697     0.4830     3.6738     2.2479 0.0000e+00
     17.000    11.2779   3.613023    31.8585        711     0.4933     3.4071     2.2478 0.0000e+00
     18.000    11.2088   3.610305    31.8911        728     0.5050     3.1918     2.2482 0.0000e+00
     19.000    11.0691   3.601555    31.9258        755     0.5239     2.9643     2.2372 0.0000e+00
     20.000    10.9736   3.595083    31.9446        803     0.5573     2.6650     2.2097 0.0000e+00
     21.000    10.9443   3.594082    31.9598        832     0.5768     2.5477     2.2092 0.0000e+00
     22.000    10.9415   3.594961    31.9704        851     0.5900     2.4869     2.2129 0.0000e+00
     23.000    10.9456   3.597468    31.9912        869     0.6026     2.4436     2.2189 0.0000e+00
     24.000    10.9574   3.601079    32.0162        890     0.6170     2.4150     2.2246 0.0000e+00
     25.000    10.9610   3.601720    32.0190        917     0.6362     2.4056     2.2328 0.0000e+00
     26.000    10.9813   3.604296    32.0263        948     0.6578     2.4079     2.2355 0.0000e+00
     27.000    10.9838   3.605833    32.0388        976     0.6774     2.3927     2.2337 0.0000e+00
     28.000    10.9977   3.608877    32.0564       1004     0.6962     2.3605     2.2304 0.0000e+00
     29.000    11.0112   3.612380    32.0787       1030     0.7147     2.3288     2.2238 0.0000e+00
     30.000    11.0140   3.614543    32.0973       1054     0.7314     2.3319     2.2208 0.0000e+00
     31.000    11.0153   3.616037    32.1104       1076     0.7467     2.3543     2.2200 0.0000e+00
     32.000    11.0220   3.619466    32.1380       1100     0.7634     2.3647     2.2165 0.0000e+00
     33.000    11.0187   3.621839    32.1638       1132     0.7853     2.3634     2.2076 0.0000e+00
     34.000    11.0173   3.623720    32.1833       1166     0.8092     2.3516     2.1885 0.0000e+00
     35.000    11.0146   3.624298    32.1909       1189     0.8249     2.3349     2.1674 0.0000e+00
     36.000    10.9962   3.623747    32.2012       1207     0.8375     2.3179     2.1525 0.0000e+00
     37.000    10.9765   3.623412    32.2147       1226     0.8509     2.2968     2.1389 0.0000e+00
     38.000    10.9009   3.620972    32.2566       1253     0.8698     2.2724     2.1225 0.0000e+00
     39.000    10.8853   3.620149    32.2618       1291     0.8956     2.2391     2.0967 0.0000e+00
     40.000    10.8222   3.617064    32.2863       1319     0.9149     2.2107     2.0709 0.0000e+00
     41.000    10.7967   3.615850    32.2963       1341     0.9305     2.1912     2.0523 0.0000e+00
     42.000    10.7831   3.615188    32.3013       1364     0.9466     2.1724     2.0348 0.0000e+00
     43.000    10.7729   3.614667    32.3047       1392     0.9661     2.1517     2.0174 0.0000e+00
     44.000    10.7649   3.614266    32.3073       1422     0.9866     2.1358     2.0019 0.0000e+00
     45.000    10.7566   3.613850    32.3102       1446     1.0033     2.1248     1.9928 0.0000e+00
     46.000    10.7458   3.613289    32.3137       1467     1.0180     2.1162     1.9838 0.0000e+00
     47.000    10.7401   3.613037    32.3158       1489     1.0334     2.1093     1.9775 0.0000e+00
     48.000    10.7261   3.612402    32.3214       1518     1.0534     2.1031     1.9734 0.0000e+00
     49.000    10.7150   3.611902    32.3258       1552     1.0770     2.0939     1.9679 0.0000e+00
     50.000    10.7028   3.611316    32.3303       1580     1.0964     2.0864     1.9627 0.0000e+00
     51.000    10.7037   3.611366    32.3296       1603     1.1125     2.0814     1.9584 0.0000e+00
     52.000    10.6809   3.610402    32.3398       1624     1.1273     2.0784     1.9550 0.0000e+00
     53.000    10.6868   3.610583    32.3359       1646     1.1422     2.0750     1.9514 0.0000e+00
     54.000    10.6757   3.610146    32.3409       1671     1.1597     2.0738     1.9465 0.0000e+00
     55.000    10.6837   3.610433    32.3363       1709     1.1863     2.0702     1.9411 0.0000e+00
     56.000    10.6925   3.610984    32.3336       1744     1.2105     2.0660     1.9379 0.0000e+00
     57.000    10.6781   3.610312    32.3391       1763     1.2237     2.0671     1.9365 0.0000e+00
     58.000    10.6904   3.610880    32.3336       1779     1.2348     2.0673     1.9364 0.0000e+00
     59.000    10.6765   3.610289    32.3395       1796     1.2466     2.0659     1.9360 0.0000e+00
     60.000    10.6693   3.609947    32.3421       1822     1.2646     2.0620     1.9377 0.0000e+00
     61.000    10.6360   3.608454    32.3562       1869     1.2971     2.0574     1.9366 0.0000e+00
     62.000    10.6249   3.607951    32.3606       1901     1.3192     2.0535     1.9336 0.0000e+00
     63.000    10.6188   3.607703    32.3631       1920     1.3325     2.0491     1.9313 0.0000e+00
     64.000    10.5998   3.606914    32.3717       1937     1.3442     2.0462     1.9265 0.0000e+00
     65.000    10.5888   3.606513    32.3770       1955     1.3571     2.0443     1.9215 0.0000e+00
     66.000    10.5292   3.603623    32.4006       1983     1.3766     2.0408     1.9173 0.0000e+00
     67.000    10.5086   3.602228    32.4046       2212     1.5356     2.0134     1.8953 0.0000e+00
     66.000    10.4997   3.601516    32.4058       2742     1.9033     2.0063     1.8890 0.0000e+00
     65.000    10.5287   3.602635    32.3916       2921     2.0278     2.0080     1.8873 0.0000e+00
     64.000    10.5496   3.603583    32.3830       2952     2.0495     2.0069     1.8871 0.0000e+00
     63.000    10.6534   3.608271    32.3382       2985     2.0722     2.0115     1.8898 0.0000e+00
     62.000    10.7206   3.611584    32.3121       3022     2.0976     2.0255     1.8994 0.0000e+00
     61.000    10.7418   3.612593    32.3038       3043     2.1127     2.0379     1.9063 0.0000e+00
     60.000    10.7611   3.613323    32.2946       3061     2.1249     2.0486     1.9132 0.0000e+00
     59.000    10.7979   3.615090    32.2800       3079     2.1377     2.0585     1.9243 0.0000e+00
     58.000    10.8390   3.617036    32.2636       3106     2.1563     2.0726     1.9392 0.0000e+00
     57.000    10.9394   3.621197    32.2169       3143     2.1817     2.0946     1.9575 0.0000e+00
     56.000    10.9484   3.621524    32.2127       3169     2.2002     2.1128     1.9742 0.0000e+00
     55.000    10.9579   3.621954    32.2089       3190     2.2149     2.1292     1.9929 0.0000e+00
     54.000    10.9807   3.622722    32.1970       3212     2.2301     2.1484     2.0124 0.0000e+00
     53.000    11.0099   3.623333    32.1778       3238     2.2481     2.1670     2.0326 0.0000e+00
     52.000    11.0113   3.621449    32.1585       3266     2.2672     2.1868     2.0495 0.0000e+00
     51.000    11.0097   3.618277    32.1290       3291     2.2848     2.2098     2.0657 0.0000e+00
     50.000    11.0116   3.616364    32.1089       3317     2.3025     2.2341     2.0830 0.0000e+00
     49.000    11.0108   3.615617    32.1026       3342     2.3204     2.2588     2.1044 0.0000e+00
     48.000    11.0121   3.615240    32.0982       3365     2.3359     2.2759     2.1271 0.0000e+00
     47.000    11.0130   3.615105    32.0964       3386     2.3506     2.2891     2.1464 0.0000e+00
     46.000    11.0142   3.614788    32.0927       3412     2.3689     2.3041     2.1639 0.0000e+00
     45.000    11.0045   3.610967    32.0639       3451     2.3955     2.3164     2.1752 0.0000e+00
     44.000    10.9897   3.607446    32.0425       3477     2.4137     2.3193     2.1828 0.0000e+00
     43.000    10.9745   3.604204    32.0241       3494     2.4258     2.3247     2.1893 0.0000e+00
     42.000    10.9697   3.603573    32.0225       3510     2.4371     2.3297     2.1943 0.0000e+00
     41.000    10.9624   3.602383    32.0176       3530     2.4505     2.3360     2.2003 0.0000e+00
     40.000    10.9615   3.602018    32.0151       3566     2.4759     2.3507     2.2112 0.0000e+00
     39.000    10.9584   3.600982    32.0080       3606     2.5036     2.3586     2.2213 0.0000e+00
     38.000    10.9580   3.600795    32.0069       3628     2.5186     2.3591     2.2254 0.0000e+00
     37.000    10.9580   3.600764    32.0070       3646     2.5316     2.3603     2.2290 0.0000e+00
     36.000    10.9580   3.600651    32.0063       3667     2.5456     2.3623     2.2317 0.0000e+00
     35.000    10.9512   3.599482    32.0011       3694     2.5643     2.3635     2.2347 0.0000e+00
     34.000    10.9446   3.597110    31.9839       3722     2.5842     2.3654     2.2337 0.0000e+00
     33.000    10.9439   3.595810    31.9721       3745     2.6003     2.3696     2.2333 0.0000e+00
     32.000    10.9440   3.595189    31.9663       3768     2.6160     2.3731     2.2362 0.0000e+00
     31.000    10.9433   3.594193    31.9575       3796     2.6357     2.3768     2.2361 0.0000e+00
     30.000    10.9574   3.593949    31.9432       3827     2.6572     2.3808     2.2345 0.0000e+00
     29.000    10.9822   3.594953    31.9320       3852     2.6741     2.3804     2.2361 0.0000e+00
     28.000    11.0173   3.596806    31.9201       3873     2.6888     2.3796     2.2406 0.0000e+00
     27.000    11.0562   3.599430    31.9127       3896     2.7046     2.3792     2.2425 0.0000e+00
     26.000    11.1087   3.603240    31.9050       3925     2.7252     2.3753     2.2382 0.0000e+00
     25.000    11.1513   3.606716    31.9027       3957     2.7474     2.3687     2.2311 0.0000e+00
     24.000    11.1748   3.608403    31.8994       3981     2.7638     2.3615     2.2220 0.0000e+00
     23.000    11.1927   3.609132    31.8914       4001     2.7780     2.3525     2.2135 0.0000e+00
     22.000    11.2188   3.609411    31.8720       4022     2.7921     2.3439     2.2048 0.0000e+00
     21.000    11.2727   3.613127    31.8623       4045     2.8083     2.3352     2.1999 0.0000e+00
     20.000    11.2638   3.609466    31.8345       4076     2.8301     2.3291     2.1984 0.0000e+00
     19.000    11.2524   3.601844    31.7701       4111     2.8542     2.3283     2.1985 0.0000e+00
     18.000    11.2467   3.600278    31.7600       4137     2.8722     2.3319     2.2039 0.0000e+00
     17.000    11.2411   3.598869    31.7514       4158     2.8865     2.3372     2.2102 0.0000e+00
     16.000    11.2515   3.599639    31.7504       4177     2.8997     2.3432     2.2162 0.0000e+00
     15.000    11.2599   3.600232    31.7494       4197     2.9137     2.3441     2.2244 0.0000e+00
     14.000    11.2684   3.600304    31.7432       4223     2.9321     2.3264     2.2322 0.0000e+00
     13.000    11.2733   3.600300    31.7394       4262     2.9591     2.2561     2.2404 0.0000e+00
     12.000    11.2882   3.600570    31.7297       4293     2.9805     2.2004     2.2441 0.0000e+00
     11.000    11.2981   3.601345    31.7291       4313     2.9947     2.1653     2.2443 0.0000e+00
     10.000    11.2996   3.601516    31.7299       4331     3.0066     2.1370     2.2455 0.0000e+00
      9.000    11.3079   3.601886    31.7268       4348     3.0185     2.1120     2.2487 0.0000e+00
      8.000    11.3103   3.601854    31.7249       4371     3.0348     2.0910     2.2539 0.0000e+00
      7.000    11.3087   3.601250    31.7208       4421     3.0696     2.1093     2.2663 0.0000e+00
      6.000    11.2957   3.599304    31.7133       4448     3.0885     2.1055     2.2714 0.0000e+00
      5.000    11.2966   3.599166    31.7116       4464     3.0995     2.0994     2.2722 0.0000e+00
      4.000    11.2975   3.598769    31.7073       4480     3.1101     2.1567     2.2724 0.0000e+00
      3.000    11.2986   3.598794    31.7071       4507     3.1288     2.4260     2.2722 0.0000e+00
