HB2304/ctd203.cnv
* Sea-Bird SBE 9 Data File:
* FileName = C:\cruise\data\ctd203.hex
* Software Version Seasave V 7.26.7.121
* Temperature SN = 4591
* Conductivity SN = 3741
* Number of Bytes Per Scan = 37
* Number of Voltage Words = 4
* Number of Scans Averaged by the Deck Unit = 1
* NMEA Latitude = 41 53.22 N
* NMEA Longitude = 069 00.13 W
* NMEA UTC (Time) = Nov 15 2023 04:39:40
* NMEA baud rate = 4800
** Ship: Bigelow HB2304
** Program:  Fall Bottom Trawl Survey
** Chief Scientist: John Galbraith
# nquan = 9
# nvalues = 333                         
# units = specified
# name 0 = depSM: Depth [salt water, m]
# name 1 = t090C: Temperature [ITS-90, deg C]
# name 2 = c0S/m: Conductivity [S/m]
# name 3 = sal00: Salinity, Practical [PSU]
# name 4 = scan: Scan Count
# name 5 = timeM: Time, Elapsed [minutes]
# name 6 = sbeox0V: Oxygen raw, SBE 43 [V]
# name 7 = sbeox1V: Oxygen raw, SBE 43, 2 [V]
# name 8 = flag: flag
# span 0 =      1.000,    168.000       
# span 1 =     7.2080,    12.0395       
# span 2 =   3.375940,   3.683234       
# span 3 =    31.8740,    33.4223       
# span 4 =        -38,      11006       
# span 5 =    -0.0273,     7.6420       
# span 6 =     1.6022,     4.1512       
# span 7 =     1.5039,     2.2415       
# span 8 = 0.0000e+00, 0.0000e+00       
# interval = meters: 1                  
# start_time = Nov 15 2023 04:39:40 [NMEA time, header]
# bad_flag = -9.990e-29
*END*
[from data line 161]
    164.000     7.5128   3.437673    33.4206       5022     3.4866     1.6043     1.5140 0.0000e+00
    165.000     7.5127   3.437725    33.4208       5059     3.5122     1.6043     1.5118 0.0000e+00
    166.000     7.5142   3.438003    33.4218       5087     3.5320     1.6041     1.5114 0.0000e+00
    167.000     7.5144   3.438109    33.4223       5110     3.5481     1.6042     1.5113 0.0000e+00
    168.000     7.5145   3.438138    33.4221       5129     3.5614     1.6043     1.5114 0.0000e+00
    167.000     7.5111   3.437580    33.4198       5315     3.6902     1.6028     1.5084 0.0000e+00
    166.000     7.5092   3.437243    33.4185       5560     3.8604     1.6043     1.5060 0.0000e+00
    165.000     7.5084   3.437086    33.4180       5602     3.8894     1.6030     1.5048 0.0000e+00
    164.000     7.5080   3.436987    33.4178       5642     3.9175     1.6028     1.5082 0.0000e+00
    163.000     7.5081   3.436936    33.4177       5668     3.9351     1.6022     1.5039 0.0000e+00
    162.000     7.5080   3.436895    33.4177       5686     3.9482     1.6024     1.5089 0.0000e+00
    161.000     7.5081   3.436878    33.4179       5704     3.9607     1.6038     1.5085 0.0000e+00
    160.000     7.5079   3.436799    33.4178       5726     3.9755     1.6033     1.5098 0.0000e+00
    159.000     7.5059   3.436496    33.4169       5761     4.0001     1.6031     1.5104 0.0000e+00
    158.000     7.5025   3.435903    33.4143       5797     4.0249     1.6039     1.5102 0.0000e+00
    157.000     7.4999   3.435443    33.4123       5817     4.0386     1.6041     1.5104 0.0000e+00
    156.000     7.4974   3.435027    33.4106       5833     4.0498     1.6044     1.5099 0.0000e+00
    155.000     7.4935   3.434425    33.4083       5849     4.0613     1.6049     1.5097 0.0000e+00
    154.000     7.4868   3.433265    33.4028       5871     4.0762     1.6056     1.5095 0.0000e+00
    153.000     7.4794   3.432025    33.3969       5909     4.1029     1.6067     1.5115 0.0000e+00
    152.000     7.4703   3.430557    33.3903       5946     4.1284     1.6075     1.5126 0.0000e+00
    151.000     7.4622   3.429203    33.3839       5968     4.1438     1.6087     1.5125 0.0000e+00
    150.000     7.4587   3.428347    33.3785       5986     4.1560     1.6101     1.5134 0.0000e+00
    149.000     7.4587   3.428024    33.3755       6003     4.1680     1.6110     1.5148 0.0000e+00
    148.000     7.4511   3.426860    33.3708       6022     4.1813     1.6120     1.5157 0.0000e+00
    147.000     7.4406   3.425142    33.3627       6050     4.2008     1.6141     1.5176 0.0000e+00
    146.000     7.4228   3.421446    33.3403       6098     4.2340     1.6184     1.5215 0.0000e+00
    145.000     7.4343   3.421946    33.3352       6122     4.2509     1.6210     1.5238 0.0000e+00
    144.000     7.4402   3.422168    33.3324       6139     4.2623     1.6225     1.5260 0.0000e+00
    143.000     7.4396   3.421679    33.3281       6155     4.2733     1.6250     1.5281 0.0000e+00
    142.000     7.4528   3.422019    33.3196       6174     4.2866     1.6275     1.5305 0.0000e+00
    141.000     7.4612   3.422450    33.3166       6204     4.3076     1.6302     1.5347 0.0000e+00
    140.000     7.4661   3.422668    33.3148       6242     4.3340     1.6341     1.5380 0.0000e+00
    139.000     7.4812   3.423647    33.3114       6268     4.3521     1.6366     1.5389 0.0000e+00
    138.000     7.4928   3.424357    33.3084       6290     4.3674     1.6380     1.5405 0.0000e+00
    137.000     7.5056   3.425063    33.3043       6312     4.3824     1.6387     1.5432 0.0000e+00
    136.000     7.5051   3.424866    33.3031       6335     4.3985     1.6400     1.5462 0.0000e+00
    135.000     7.5036   3.424509    33.3012       6361     4.4170     1.6426     1.5487 0.0000e+00
    134.000     7.5045   3.424435    33.2999       6394     4.4399     1.6449     1.5474 0.0000e+00
    133.000     7.5211   3.425346    33.2943       6425     4.4610     1.6466     1.5468 0.0000e+00
    132.000     7.5319   3.425767    33.2890       6446     4.4757     1.6466     1.5484 0.0000e+00
    131.000     7.5249   3.424299    33.2804       6466     4.4897     1.6476     1.5499 0.0000e+00
    130.000     7.4851   3.418211    33.2532       6494     4.5093     1.6496     1.5503 0.0000e+00
    129.000     7.3904   3.405423    33.2061       6538     4.5394     1.6531     1.5531 0.0000e+00
    128.000     7.3362   3.399340    33.1925       6566     4.5591     1.6594     1.5588 0.0000e+00
    127.000     7.3068   3.395216    33.1765       6587     4.5737     1.6660     1.5623 0.0000e+00
    126.000     7.2884   3.392738    33.1677       6612     4.5908     1.6734     1.5719 0.0000e+00
    125.000     7.2754   3.390369    33.1549       6652     4.6186     1.6847     1.5779 0.0000e+00
    124.000     7.2692   3.389512    33.1520       6684     4.6407     1.6910     1.5849 0.0000e+00
    123.000     7.2743   3.389846    33.1513       6703     4.6540     1.6933     1.5916 0.0000e+00
    122.000     7.2761   3.389974    33.1514       6721     4.6670     1.6952     1.5911 0.0000e+00
    121.000     7.2907   3.391030    33.1493       6744     4.6828     1.6967     1.5924 0.0000e+00
    120.000     7.2805   3.389727    33.1454       6772     4.7022     1.6979     1.5967 0.0000e+00
    119.000     7.2834   3.389449    33.1401       6800     4.7216     1.6993     1.5956 0.0000e+00
    118.000     7.2767   3.388431    33.1360       6827     4.7404     1.7001     1.5976 0.0000e+00
    117.000     7.2659   3.387184    33.1332       6853     4.7586     1.7009     1.5986 0.0000e+00
    116.000     7.2519   3.385483    33.1287       6877     4.7753     1.7009     1.5994 0.0000e+00
    115.000     7.2632   3.385544    33.1190       6900     4.7910     1.7007     1.5993 0.0000e+00
    114.000     7.2688   3.385425    33.1128       6927     4.8098     1.7008     1.5997 0.0000e+00
    113.000     7.2664   3.385117    33.1123       6963     4.8350     1.7020     1.6008 0.0000e+00
    112.000     7.2654   3.384956    33.1120       6990     4.8533     1.7032     1.6016 0.0000e+00
    111.000     7.2486   3.382842    33.1055       7009     4.8669     1.7042     1.6018 0.0000e+00
    110.000     7.2303   3.380166    33.0945       7028     4.8802     1.7051     1.6019 0.0000e+00
    109.000     7.2220   3.378728    33.0873       7055     4.8988     1.7053     1.6011 0.0000e+00
    108.000     7.2176   3.378039    33.0844       7095     4.9266     1.7076     1.6028 0.0000e+00
    107.000     7.2125   3.377280    33.0815       7123     4.9461     1.7089     1.6048 0.0000e+00
    106.000     7.2080   3.375940    33.0718       7145     4.9609     1.7108     1.6062 0.0000e+00
    105.000     7.2842   3.380380    33.0477       7168     4.9771     1.7121     1.6063 0.0000e+00
    104.000     7.3806   3.389167    33.0514       7202     5.0004     1.7160     1.6090 0.0000e+00
    103.000     7.4266   3.393753    33.0576       7240     5.0271     1.7187     1.6118 0.0000e+00
    102.000     7.4373   3.394708    33.0582       7270     5.0478     1.7173     1.6099 0.0000e+00
    101.000     7.4451   3.395254    33.0572       7292     5.0633     1.7158     1.6092 0.0000e+00
    100.000     7.4502   3.395621    33.0568       7313     5.0774     1.7155     1.6092 0.0000e+00
     99.000     7.4668   3.396647    33.0525       7336     5.0941     1.7154     1.6092 0.0000e+00
     98.000     7.4845   3.397800    33.0486       7368     5.1159     1.7156     1.6102 0.0000e+00
     97.000     7.4737   3.396084    33.0408       7399     5.1375     1.7166     1.6108 0.0000e+00
     96.000     7.4764   3.395340    33.0306       7427     5.1572     1.7168     1.6117 0.0000e+00
     95.000     7.4870   3.394075    33.0074       7454     5.1758     1.7174     1.6112 0.0000e+00
     94.000     7.4861   3.393220    32.9995       7478     5.1920     1.7195     1.6130 0.0000e+00
     93.000     7.4960   3.393778    32.9966       7503     5.2095     1.7220     1.6174 0.0000e+00
     92.000     7.5025   3.394419    32.9978       7533     5.2305     1.7240     1.6211 0.0000e+00
     91.000     7.5058   3.394485    32.9958       7563     5.2515     1.7264     1.6227 0.0000e+00
     90.000     7.5074   3.394517    32.9952       7588     5.2688     1.7286     1.6230 0.0000e+00
     89.000     7.5120   3.394665    32.9929       7614     5.2869     1.7309     1.6254 0.0000e+00
     88.000     7.5156   3.394128    32.9842       7646     5.3088     1.7329     1.6273 0.0000e+00
     87.000     7.5171   3.393708    32.9786       7680     5.3325     1.7348     1.6287 0.0000e+00
     86.000     7.5391   3.394426    32.9660       7708     5.3521     1.7365     1.6304 0.0000e+00
     85.000     7.5782   3.396983    32.9569       7731     5.3683     1.7366     1.6312 0.0000e+00
     84.000     7.6038   3.398780    32.9525       7754     5.3838     1.7364     1.6313 0.0000e+00
     83.000     7.5696   3.393011    32.9232       7778     5.4007     1.7367     1.6317 0.0000e+00
     82.000     7.5518   3.389129    32.8987       7808     5.4215     1.7353     1.6314 0.0000e+00
     81.000     7.5457   3.387183    32.8840       7840     5.4439     1.7397     1.6332 0.0000e+00
     80.000     7.5444   3.386696    32.8805       7869     5.4638     1.7464     1.6388 0.0000e+00
     79.000     7.5425   3.385863    32.8738       7898     5.4844     1.7501     1.6448 0.0000e+00
     78.000     7.5418   3.385299    32.8688       7936     5.5102     1.7538     1.6480 0.0000e+00
     77.000     7.5488   3.385167    32.8612       7977     5.5392     1.7574     1.6480 0.0000e+00
     76.000     7.5956   3.387086    32.8382       8008     5.5606     1.7592     1.6488 0.0000e+00
     75.000     7.6208   3.388548    32.8306       8039     5.5820     1.7609     1.6505 0.0000e+00
     74.000     7.8007   3.401442    32.7999       8069     5.6028     1.7631     1.6526 0.0000e+00
     73.000     7.8552   3.407460    32.8136       8097     5.6221     1.7683     1.6581 0.0000e+00
     72.000     7.8596   3.407110    32.8062       8120     5.6384     1.7725     1.6629 0.0000e+00
     71.000     7.9364   3.411930    32.7860       8144     5.6551     1.7747     1.6661 0.0000e+00
     70.000     7.9861   3.414200    32.7641       8179     5.6791     1.7800     1.6699 0.0000e+00
     69.000     7.9922   3.414025    32.7570       8217     5.7057     1.7828     1.6732 0.0000e+00
     68.000     7.9727   3.410871    32.7421       8242     5.7232     1.7850     1.6769 0.0000e+00
     67.000     7.9693   3.408266    32.7180       8265     5.7390     1.7871     1.6790 0.0000e+00
     66.000     7.9262   3.403224    32.7051       8293     5.7582     1.7890     1.6800 0.0000e+00
     65.000     7.8916   3.398792    32.6906       8328     5.7824     1.7885     1.6807 0.0000e+00
     64.000     7.8762   3.396636    32.6825       8357     5.8027     1.7877     1.6783 0.0000e+00
     63.000     7.8742   3.394800    32.6651       8382     5.8203     1.7877     1.6776 0.0000e+00
     62.000     7.8911   3.395277    32.6550       8408     5.8385     1.7875     1.6781 0.0000e+00
     61.000     7.9307   3.397977    32.6472       8439     5.8596     1.7880     1.6797 0.0000e+00
     60.000     8.0281   3.404874    32.6302       8472     5.8829     1.7882     1.6800 0.0000e+00
     59.000     8.1407   3.414794    32.6312       8502     5.9032     1.7897     1.6809 0.0000e+00
     58.000     8.1849   3.418625    32.6312       8530     5.9231     1.7934     1.6849 0.0000e+00
     57.000     8.2462   3.422965    32.6207       8567     5.9486     1.7942     1.6863 0.0000e+00
     56.000     8.3116   3.428149    32.6153       8609     5.9780     1.7966     1.6875 0.0000e+00
     55.000     8.3461   3.429693    32.6001       8636     5.9966     1.7993     1.6887 0.0000e+00
     54.000     8.3831   3.431951    32.5901       8663     6.0155     1.8014     1.6913 0.0000e+00
     53.000     8.4090   3.432967    32.5774       8704     6.0437     1.7997     1.6920 0.0000e+00
     52.000     8.4429   3.433544    32.5525       8744     6.0715     1.7996     1.6905 0.0000e+00
     51.000     8.5331   3.437489    32.5113       8777     6.0944     1.8010     1.6917 0.0000e+00
     50.000     8.6355   3.439934    32.4432       8807     6.1155     1.8040     1.6933 0.0000e+00
     49.000     8.7382   3.445430    32.4071       8840     6.1384     1.8059     1.6945 0.0000e+00
     48.000     8.9002   3.456687    32.3768       8879     6.1654     1.8038     1.6956 0.0000e+00
     47.000     9.0456   3.467525    32.3575       8913     6.1892     1.8044     1.6962 0.0000e+00
     46.000     9.1033   3.471666    32.3484       8937     6.2054     1.8078     1.6984 0.0000e+00
     45.000     9.2738   3.482331    32.3045       8961     6.2225     1.8109     1.7008 0.0000e+00
     44.000     9.6864   3.513706    32.2549       8997     6.2471     1.8211     1.7056 0.0000e+00
     43.000     9.7976   3.522972    32.2501       9037     6.2752     1.8413     1.7182 0.0000e+00
     42.000     9.8723   3.528390    32.2387       9062     6.2927     1.8505     1.7289 0.0000e+00
     41.000     9.9837   3.536221    32.2191       9085     6.3086     1.8566     1.7373 0.0000e+00
     40.000    10.4919   3.570621    32.1149       9112     6.3272     1.8669     1.7456 0.0000e+00
     39.000    11.1970   3.625583    32.0426       9163     6.3625     1.9196     1.7825 0.0000e+00
     38.000    11.2844   3.633631    32.0461       9199     6.3876     1.9893     1.8402 0.0000e+00
     37.000    11.5859   3.651729    31.9624       9220     6.4020     2.0247     1.8767 0.0000e+00
     36.000    11.7862   3.666197    31.9308       9242     6.4170     2.0565     1.9114 0.0000e+00
     35.000    11.8403   3.670570    31.9271       9278     6.4425     2.1190     1.9757 0.0000e+00
     34.000    11.8849   3.673785    31.9204       9325     6.4753     2.2038     2.0644 0.0000e+00
     33.000    11.9059   3.675085    31.9153       9353     6.4947     2.2331     2.0951 0.0000e+00
     32.000    11.9205   3.676035    31.9125       9382     6.5142     2.2532     2.1160 0.0000e+00
     31.000    11.9466   3.677433    31.9040       9419     6.5405     2.2729     2.1381 0.0000e+00
     30.000    11.9927   3.679577    31.8857       9456     6.5662     2.2892     2.1522 0.0000e+00
     29.000    12.0239   3.681097    31.8740       9485     6.5859     2.3034     2.1659 0.0000e+00
     28.000    12.0294   3.681606    31.8747       9514     6.6062     2.3140     2.1802 0.0000e+00
     27.000    12.0330   3.681948    31.8753       9552     6.6327     2.3300     2.2005 0.0000e+00
     26.000    12.0357   3.682241    31.8762       9599     6.6651     2.3439     2.2140 0.0000e+00
     25.000    12.0380   3.682415    31.8764       9638     6.6923     2.3420     2.2183 0.0000e+00
     24.000    12.0389   3.682396    31.8758       9671     6.7153     2.3455     2.2210 0.0000e+00
     23.000    12.0391   3.682396    31.8761       9704     6.7380     2.3545     2.2211 0.0000e+00
     22.000    12.0395   3.682369    31.8758       9747     6.7679     2.3618     2.2207 0.0000e+00
     21.000    12.0391   3.682368    31.8766       9784     6.7940     2.3610     2.2243 0.0000e+00
     20.000    12.0387   3.682296    31.8767       9810     6.8115     2.3640     2.2280 0.0000e+00
     19.000    12.0392   3.682347    31.8771       9837     6.8309     2.3680     2.2314 0.0000e+00
     18.000    12.0386   3.682314    31.8777       9878     6.8593     2.3669     2.2336 0.0000e+00
     17.000    12.0376   3.682207    31.8779       9908     6.8801     2.3664     2.2337 0.0000e+00
     16.000    12.0353   3.681936    31.8777       9931     6.8956     2.3680     2.2326 0.0000e+00
     15.000    12.0362   3.681990    31.8779       9953     6.9114     2.3638     2.2345 0.0000e+00
     14.000    12.0376   3.682111    31.8782       9988     6.9353     2.3579     2.2379 0.0000e+00
