HB2304/ctd205.cnv
* Sea-Bird SBE 9 Data File:
* FileName = C:\cruise\data\ctd205.hex
* Software Version Seasave V 7.26.7.121
* Temperature SN = 4591
* Conductivity SN = 3741
* Number of Bytes Per Scan = 37
* Number of Voltage Words = 4
* Number of Scans Averaged by the Deck Unit = 1
* NMEA Latitude = 41 46.76 N
* NMEA Longitude = 069 53.23 W
* NMEA UTC (Time) = Nov 15 2023 16:10:47
* NMEA baud rate = 4800
** Ship: Bigelow HB2304
** Program:  Fall Bottom Trawl Survey
** Chief Scientist: John Galbraith
# nquan = 9
# nvalues = 45                          
# units = specified
# name 0 = depSM: Depth [salt water, m]
# name 1 = t090C: Temperature [ITS-90, deg C]
# name 2 = c0S/m: Conductivity [S/m]
# name 3 = sal00: Salinity, Practical [PSU]
# name 4 = scan: Scan Count
# name 5 = timeM: Time, Elapsed [minutes]
# name 6 = sbeox0V: Oxygen raw, SBE 43 [V]
# name 7 = sbeox1V: Oxygen raw, SBE 43, 2 [V]
# name 8 = flag: flag
# span 0 =      2.000,     24.000       
# span 1 =    11.0466,    11.2177       
# span 2 =   3.573528,   3.586026       
# span 3 =    31.6519,    31.6819       
# span 4 =       -193,       2165       
# span 5 =    -0.1344,     1.5030       
# span 6 =     1.9690,     4.4727       
# span 7 =     2.2086,     2.2489       
# span 8 = 0.0000e+00, 0.0000e+00       
# interval = meters: 1                  
# start_time = Nov 15 2023 16:10:47 [NMEA time, header]
# bad_flag = -9.990e-29
*END*
      2.000    11.2177   3.586026    31.6519       -193    -0.1344     2.8258     2.2409 0.0000e+00
      3.000    11.1622   3.582438    31.6640        315     0.2183     2.7629     2.2489 0.0000e+00
      4.000    11.0991   3.577087    31.6652        378     0.2620     2.8573     2.2477 0.0000e+00
      5.000    11.1029   3.577245    31.6631        447     0.3099     3.0126     2.2434 0.0000e+00
      6.000    11.1037   3.577431    31.6638        518     0.3587     3.1881     2.2434 0.0000e+00
      7.000    11.0630   3.574590    31.6705        553     0.3834     3.2806     2.2475 0.0000e+00
      8.000    11.0579   3.574041    31.6691        595     0.4127     3.4273     2.2474 0.0000e+00
      9.000    11.0579   3.574110    31.6693        637     0.4414     3.5930     2.2416 0.0000e+00
     10.000    11.0584   3.574313    31.6705        673     0.4666     3.7434     2.2437 0.0000e+00
     11.000    11.0548   3.574151    31.6716        715     0.4962     3.9333     2.2420 0.0000e+00
     12.000    11.0506   3.573868    31.6720        758     0.5258     4.1222     2.2330 0.0000e+00
     13.000    11.0476   3.573711    31.6726        793     0.5503     4.2743     2.2337 0.0000e+00
     14.000    11.0466   3.573661    31.6726        833     0.5779     4.4727     2.2348 0.0000e+00
     15.000    11.0468   3.573722    31.6726        888     0.6157     4.2335     2.2332 0.0000e+00
     16.000    11.0467   3.573910    31.6742        917     0.6362     3.6274     2.2301 0.0000e+00
     17.000    11.0484   3.574263    31.6757        948     0.6576     3.2328     2.2279 0.0000e+00
     18.000    11.0513   3.574817    31.6782       1010     0.7006     2.7909     2.2220 0.0000e+00
     19.000    11.0520   3.575037    31.6794       1044     0.7244     2.6464     2.2202 0.0000e+00
     20.000    11.0515   3.575075    31.6798       1070     0.7427     2.5539     2.2193 0.0000e+00
     21.000    11.0501   3.575022    31.6800       1118     0.7758     2.4789     2.2184 0.0000e+00
     22.000    11.0489   3.574992    31.6804       1171     0.8123     2.4161     2.2161 0.0000e+00
     23.000    11.0481   3.574986    31.6806       1197     0.8308     2.3714     2.2145 0.0000e+00
     24.000    11.0494   3.575121    31.6803       1215     0.8431     2.3446     2.2134 0.0000e+00
     23.000    11.0474   3.575053    31.6819       1472     1.0214     2.1293     2.2104 0.0000e+00
     22.000    11.0475   3.574984    31.6815       1619     1.1238     2.0853     2.2086 0.0000e+00
     21.000    11.0475   3.574930    31.6814       1637     1.1361     2.0813     2.2099 0.0000e+00
     20.000    11.0475   3.574881    31.6813       1656     1.1492     2.0723     2.2097 0.0000e+00
     19.000    11.0488   3.574876    31.6806       1678     1.1645     2.0612     2.2091 0.0000e+00
     18.000    11.0488   3.574845    31.6807       1712     1.1880     2.0343     2.2118 0.0000e+00
     17.000    11.0503   3.574783    31.6792       1747     1.2125     2.0040     2.2096 0.0000e+00
     16.000    11.0490   3.574437    31.6774       1769     1.2278     1.9869     2.2110 0.0000e+00
     15.000    11.0479   3.574174    31.6761       1788     1.2407     1.9745     2.2148 0.0000e+00
     14.000    11.0476   3.573935    31.6745       1807     1.2542     1.9690     2.2181 0.0000e+00
     13.000    11.0475   3.573830    31.6739       1832     1.2716     2.0524     2.2208 0.0000e+00
     12.000    11.0473   3.573762    31.6738       1866     1.2955     2.9600     2.2247 0.0000e+00
     11.000    11.0477   3.573571    31.6720       1896     1.3162     3.7951     2.2301 0.0000e+00
     10.000    11.0512   3.573741    31.6711       1919     1.3318     4.0872     2.2322 0.0000e+00
      9.000    11.0536   3.573898    31.6709       1940     1.3463     4.1828     2.2315 0.0000e+00
      8.000    11.0545   3.573941    31.6710       1962     1.3618     4.1653     2.2301 0.0000e+00
      7.000    11.0564   3.573968    31.6701       1988     1.3801     4.0539     2.2337 0.0000e+00
      6.000    11.0571   3.573924    31.6695       2019     1.4012     3.8789     2.2337 0.0000e+00
      5.000    11.0558   3.573634    31.6681       2048     1.4217     3.7022     2.2364 0.0000e+00
      4.000    11.0597   3.573528    31.6642       2073     1.4386     3.5558     2.2359 0.0000e+00
      3.000    11.0895   3.575572    31.6590       2095     1.4540     3.4138     2.2334 0.0000e+00
      2.000    11.0866   3.575666    31.6630       2165     1.5030     2.9343     2.2400 0.0000e+00
