HB2304/ctd210.cnv
* Sea-Bird SBE 9 Data File:
* FileName = C:\cruise\data\ctd210.hex
* Software Version Seasave V 7.26.7.121
* Temperature SN = 4591
* Conductivity SN = 3741
* Number of Bytes Per Scan = 37
* Number of Voltage Words = 4
* Number of Scans Averaged by the Deck Unit = 1
* NMEA Latitude = 41 03.63 N
* NMEA Longitude = 069 13.49 W
* NMEA UTC (Time) = Nov 16 2023 10:57:08
* NMEA baud rate = 4800
** Ship: Bigelow HB2304
** Program:  Fall Bottom Trawl Survey
** Chief Scientist: John Galbraith
# nquan = 9
# nvalues = 104                         
# units = specified
# name 0 = depSM: Depth [salt water, m]
# name 1 = t090C: Temperature [ITS-90, deg C]
# name 2 = c0S/m: Conductivity [S/m]
# name 3 = sal00: Salinity, Practical [PSU]
# name 4 = scan: Scan Count
# name 5 = timeM: Time, Elapsed [minutes]
# name 6 = sbeox0V: Oxygen raw, SBE 43 [V]
# name 7 = sbeox1V: Oxygen raw, SBE 43, 2 [V]
# name 8 = flag: flag
# span 0 =      1.000,     53.000       
# span 1 =    10.8953,    10.9238       
# span 2 =   3.606708,   3.610350       
# span 3 =    32.1215,    32.1331       
# span 4 =        -17,       3577       
# span 5 =    -0.0123,     2.4836       
# span 6 =     2.2681,     2.2957       
# span 7 =     2.1341,     2.1601       
# span 8 = 0.0000e+00, 0.0000e+00       
# interval = meters: 1                  
# start_time = Nov 16 2023 10:57:08 [NMEA time, header]
# bad_flag = -9.990e-29
*END*
      2.000    10.9089   3.606708    32.1236        -17    -0.0123     2.2887     2.1601 0.0000e+00
      3.000    10.9087   3.606786    32.1241        286     0.1980     2.2915     2.1532 0.0000e+00
      4.000    10.9158   3.607275    32.1224        291     0.2013     2.2907     2.1542 0.0000e+00
      5.000    10.9168   3.607439    32.1227        316     0.2187     2.2894     2.1527 0.0000e+00
      6.000    10.9131   3.607207    32.1231        353     0.2443     2.2895     2.1524 0.0000e+00
      7.000    10.9203   3.608079    32.1251        393     0.2723     2.2955     2.1538 0.0000e+00
      8.000    10.9006   3.606931    32.1306        417     0.2887     2.2957     2.1542 0.0000e+00
      9.000    10.8995   3.606907    32.1308        437     0.3025     2.2929     2.1561 0.0000e+00
     10.000    10.9011   3.607073    32.1306        457     0.3164     2.2903     2.1564 0.0000e+00
     11.000    10.9038   3.607258    32.1297        481     0.3331     2.2863     2.1533 0.0000e+00
     12.000    10.9063   3.607412    32.1286        512     0.3552     2.2805     2.1468 0.0000e+00
     13.000    10.9031   3.607361    32.1305        544     0.3771     2.2811     2.1412 0.0000e+00
     14.000    10.8953   3.606975    32.1331        568     0.3939     2.2816     2.1410 0.0000e+00
     15.000    10.8985   3.607125    32.1313        590     0.4088     2.2802     2.1429 0.0000e+00
     16.000    10.9050   3.607495    32.1288        615     0.4262     2.2785     2.1422 0.0000e+00
     17.000    10.9059   3.607582    32.1286        648     0.4494     2.2800     2.1374 0.0000e+00
     18.000    10.9059   3.607660    32.1289        680     0.4715     2.2805     2.1379 0.0000e+00
     19.000    10.9062   3.607727    32.1288        705     0.4890     2.2814     2.1427 0.0000e+00
     20.000    10.9057   3.607777    32.1294        727     0.5042     2.2809     2.1441 0.0000e+00
     21.000    10.9047   3.607838    32.1304        749     0.5193     2.2787     2.1440 0.0000e+00
     22.000    10.9039   3.607836    32.1307        772     0.5356     2.2775     2.1437 0.0000e+00
     23.000    10.9037   3.607861    32.1306        801     0.5555     2.2785     2.1410 0.0000e+00
     24.000    10.9003   3.607719    32.1318        840     0.5825     2.2772     2.1408 0.0000e+00
     25.000    10.9071   3.608100    32.1292        868     0.6018     2.2745     2.1415 0.0000e+00
     26.000    10.9093   3.608337    32.1292        887     0.6154     2.2751     2.1401 0.0000e+00
     27.000    10.9096   3.608398    32.1291        906     0.6287     2.2769     2.1384 0.0000e+00
     28.000    10.9088   3.608390    32.1293        930     0.6451     2.2762     2.1397 0.0000e+00
     29.000    10.9102   3.608513    32.1288        964     0.6685     2.2736     2.1397 0.0000e+00
     30.000    10.9104   3.608582    32.1290        999     0.6929     2.2742     2.1366 0.0000e+00
     31.000    10.9107   3.608646    32.1289       1026     0.7116     2.2733     2.1379 0.0000e+00
     32.000    10.9116   3.608731    32.1286       1047     0.7267     2.2724     2.1388 0.0000e+00
     33.000    10.9116   3.608769    32.1285       1069     0.7416     2.2727     2.1403 0.0000e+00
     34.000    10.9116   3.608827    32.1286       1096     0.7602     2.2731     2.1400 0.0000e+00
     35.000    10.9106   3.608802    32.1288       1131     0.7850     2.2732     2.1391 0.0000e+00
     36.000    10.9087   3.608760    32.1297       1160     0.8051     2.2724     2.1385 0.0000e+00
     37.000    10.9081   3.608767    32.1299       1180     0.8189     2.2705     2.1379 0.0000e+00
     38.000    10.9084   3.608821    32.1297       1199     0.8319     2.2697     2.1392 0.0000e+00
     39.000    10.9093   3.608905    32.1293       1222     0.8476     2.2698     2.1372 0.0000e+00
     40.000    10.9113   3.609049    32.1286       1264     0.8773     2.2707     2.1341 0.0000e+00
     41.000    10.9118   3.609130    32.1285       1304     0.9047     2.2713     2.1354 0.0000e+00
     42.000    10.9122   3.609212    32.1285       1322     0.9173     2.2731     2.1347 0.0000e+00
     43.000    10.9126   3.609277    32.1284       1338     0.9287     2.2752     2.1377 0.0000e+00
     44.000    10.9147   3.609454    32.1279       1357     0.9418     2.2756     2.1386 0.0000e+00
     45.000    10.9149   3.609517    32.1279       1389     0.9637     2.2742     2.1387 0.0000e+00
     46.000    10.9143   3.609526    32.1281       1431     0.9929     2.2721     2.1375 0.0000e+00
     47.000    10.9149   3.609600    32.1279       1456     1.0105     2.2703     2.1364 0.0000e+00
     48.000    10.9140   3.609592    32.1282       1478     1.0258     2.2681     2.1377 0.0000e+00
     49.000    10.9147   3.609666    32.1279       1506     1.0451     2.2697     2.1408 0.0000e+00
     50.000    10.9120   3.609576    32.1289       1541     1.0694     2.2734     2.1376 0.0000e+00
     51.000    10.9137   3.609692    32.1282       1569     1.0892     2.2735     2.1343 0.0000e+00
     52.000    10.9131   3.609708    32.1284       1795     1.2458     2.2688     2.1351 0.0000e+00
     53.000    10.9238   3.610350    32.1249       2055     1.4264     2.2684     2.1357 0.0000e+00
     52.000    10.9194   3.610095    32.1267       1996     1.3854     2.2692     2.1355 0.0000e+00
     51.000    10.9146   3.609785    32.1283       2018     1.4009     2.2698     2.1358 0.0000e+00
     50.000    10.9133   3.609639    32.1284       2035     1.4126     2.2699     2.1362 0.0000e+00
     49.000    10.9141   3.609635    32.1281       2051     1.4240     2.2702     2.1366 0.0000e+00
     48.000    10.9129   3.609533    32.1285       2071     1.4377     2.2701     2.1364 0.0000e+00
     47.000    10.9106   3.609339    32.1291       2104     1.4608     2.2702     2.1368 0.0000e+00
     46.000    10.9083   3.609147    32.1296       2149     1.4919     2.2699     2.1358 0.0000e+00
     45.000    10.9086   3.609123    32.1295       2173     1.5084     2.2722     2.1353 0.0000e+00
     44.000    10.9113   3.609212    32.1285       2195     1.5233     2.2744     2.1366 0.0000e+00
     43.000    10.9177   3.609546    32.1266       2229     1.5473     2.2723     2.1377 0.0000e+00
     42.000    10.9168   3.609467    32.1270       2270     1.5756     2.2713     2.1359 0.0000e+00
     41.000    10.9160   3.609375    32.1272       2292     1.5911     2.2734     2.1344 0.0000e+00
     40.000    10.9162   3.609339    32.1271       2312     1.6048     2.2746     2.1351 0.0000e+00
     39.000    10.9150   3.609221    32.1274       2344     1.6272     2.2763     2.1362 0.0000e+00
     38.000    10.9149   3.609157    32.1273       2391     1.6596     2.2777     2.1387 0.0000e+00
     37.000    10.9147   3.609107    32.1275       2413     1.6752     2.2800     2.1359 0.0000e+00
     36.000    10.9144   3.609039    32.1274       2432     1.6883     2.2787     2.1366 0.0000e+00
     35.000    10.9121   3.608861    32.1282       2460     1.7075     2.2781     2.1382 0.0000e+00
     34.000    10.9158   3.609009    32.1268       2502     1.7366     2.2761     2.1394 0.0000e+00
     33.000    10.9125   3.608815    32.1282       2529     1.7555     2.2777     2.1379 0.0000e+00
     32.000    10.9068   3.608487    32.1303       2549     1.7694     2.2750     2.1390 0.0000e+00
     31.000    10.9103   3.608541    32.1282       2569     1.7832     2.2735     2.1396 0.0000e+00
     30.000    10.9101   3.608458    32.1280       2591     1.7983     2.2756     2.1379 0.0000e+00
     29.000    10.9116   3.608495    32.1275       2623     1.8209     2.2781     2.1370 0.0000e+00
     28.000    10.9134   3.608579    32.1272       2661     1.8469     2.2796     2.1396 0.0000e+00
     27.000    10.9127   3.608503    32.1274       2683     1.8625     2.2769     2.1380 0.0000e+00
     26.000    10.9103   3.608362    32.1286       2701     1.8748     2.2766     2.1381 0.0000e+00
     25.000    10.9098   3.608265    32.1285       2718     1.8866     2.2761     2.1367 0.0000e+00
     24.000    10.9107   3.608237    32.1279       2738     1.9004     2.2753     2.1380 0.0000e+00
     23.000    10.9145   3.608397    32.1265       2772     1.9241     2.2764     2.1389 0.0000e+00
     22.000    10.9179   3.608565    32.1256       2816     1.9552     2.2784     2.1364 0.0000e+00
     21.000    10.9198   3.608655    32.1253       2842     1.9727     2.2809     2.1369 0.0000e+00
     20.000    10.9166   3.608422    32.1262       2860     1.9858     2.2808     2.1363 0.0000e+00
     19.000    10.9159   3.608309    32.1261       2879     1.9987     2.2790     2.1370 0.0000e+00
     18.000    10.9150   3.608167    32.1259       2904     2.0159     2.2772     2.1416 0.0000e+00
     17.000    10.9191   3.608213    32.1232       2939     2.0400     2.2767     2.1431 0.0000e+00
     16.000    10.9201   3.608215    32.1227       2969     2.0608     2.2766     2.1427 0.0000e+00
     15.000    10.9205   3.608190    32.1226       2990     2.0758     2.2744     2.1421 0.0000e+00
     14.000    10.9203   3.608173    32.1230       3010     2.0895     2.2768     2.1423 0.0000e+00
     13.000    10.9203   3.608114    32.1229       3030     2.1033     2.2804     2.1444 0.0000e+00
     12.000    10.9192   3.608090    32.1240       3055     2.1211     2.2821     2.1456 0.0000e+00
     11.000    10.9185   3.607963    32.1238       3092     2.1466     2.2824     2.1428 0.0000e+00
     10.000    10.9185   3.607936    32.1240       3124     2.1687     2.2827     2.1464 0.0000e+00
      9.000    10.9175   3.607738    32.1233       3149     2.1858     2.2853     2.1473 0.0000e+00
      8.000    10.9171   3.607630    32.1230       3171     2.2015     2.2865     2.1465 0.0000e+00
      7.000    10.9161   3.607460    32.1226       3193     2.2165     2.2897     2.1469 0.0000e+00
      6.000    10.9162   3.607389    32.1223       3214     2.2310     2.2898     2.1494 0.0000e+00
      5.000    10.9155   3.607260    32.1220       3240     2.2493     2.2911     2.1505 0.0000e+00
      4.000    10.9153   3.607197    32.1220       3277     2.2748     2.2906     2.1541 0.0000e+00
      3.000    10.9146   3.607042    32.1215       3305     2.2946     2.2884     2.1563 0.0000e+00
      2.000    10.9146   3.607029    32.1218       3445     2.3917     2.2918     2.1548 0.0000e+00
      1.000    10.9154   3.607044    32.1217       3577     2.4836     2.2939     2.1581 0.0000e+00
