HB2304/ctd209.cnv
* Sea-Bird SBE 9 Data File:
* FileName = C:\cruise\data\ctd209.hex
* Software Version Seasave V 7.26.7.121
* Temperature SN = 4591
* Conductivity SN = 3741
* Number of Bytes Per Scan = 37
* Number of Voltage Words = 4
* Number of Scans Averaged by the Deck Unit = 1
* NMEA Latitude = 41 17.12 N
* NMEA Longitude = 069 10.95 W
* NMEA UTC (Time) = Nov 16 2023 05:27:51
* NMEA baud rate = 4800
** Ship: Bigelow HB2304
** Program:  Fall Bottom Trawl Survey
** Chief Scientist: John Galbraith
# nquan = 9
# nvalues = 187                         
# units = specified
# name 0 = depSM: Depth [salt water, m]
# name 1 = t090C: Temperature [ITS-90, deg C]
# name 2 = c0S/m: Conductivity [S/m]
# name 3 = sal00: Salinity, Practical [PSU]
# name 4 = scan: Scan Count
# name 5 = timeM: Time, Elapsed [minutes]
# name 6 = sbeox0V: Oxygen raw, SBE 43 [V]
# name 7 = sbeox1V: Oxygen raw, SBE 43, 2 [V]
# name 8 = flag: flag
# span 0 =      1.000,     95.000       
# span 1 =     9.2846,    11.2730       
# span 2 =   3.517594,   3.627991       
# span 3 =    32.0058,    32.6367       
# span 4 =        162,       6694       
# span 5 =     0.1117,     4.6480       
# span 6 =     1.8495,     2.4230       
# span 7 =     1.7393,     2.2769       
# span 8 = 0.0000e+00, 0.0000e+00       
# interval = meters: 1                  
# start_time = Nov 16 2023 05:27:51 [NMEA time, header]
# bad_flag = -9.990e-29
*END*
[from data line 161]
     26.000    11.2492   3.625894    32.0058       5792     4.0215     2.4124     2.2730 0.0000e+00
     25.000    11.2474   3.625922    32.0080       5828     4.0462     2.4149     2.2752 0.0000e+00
     24.000    11.2434   3.625500    32.0078       5854     4.0647     2.4146     2.2747 0.0000e+00
     23.000    11.2531   3.626184    32.0065       5893     4.0913     2.4149     2.2727 0.0000e+00
     22.000    11.2605   3.626779    32.0063       5941     4.1251     2.4146     2.2710 0.0000e+00
     21.000    11.2617   3.626836    32.0063       5967     4.1428     2.4121     2.2693 0.0000e+00
     20.000    11.2614   3.626789    32.0064       5988     4.1579     2.4128     2.2687 0.0000e+00
     19.000    11.2609   3.626714    32.0066       6012     4.1745     2.4147     2.2698 0.0000e+00
     18.000    11.2608   3.626683    32.0068       6051     4.2011     2.4162     2.2698 0.0000e+00
     17.000    11.2598   3.626578    32.0070       6096     4.2327     2.4143     2.2680 0.0000e+00
     16.000    11.2571   3.626333    32.0074       6126     4.2534     2.4152     2.2661 0.0000e+00
     15.000    11.2588   3.626403    32.0070       6154     4.2728     2.4149     2.2657 0.0000e+00
     14.000    11.2583   3.626351    32.0073       6181     4.2915     2.4135     2.2679 0.0000e+00
     13.000    11.2539   3.625996    32.0081       6206     4.3092     2.4132     2.2701 0.0000e+00
     12.000    11.2578   3.626165    32.0068       6229     4.3249     2.4153     2.2685 0.0000e+00
     11.000    11.2579   3.626173    32.0072       6260     4.3465     2.4156     2.2703 0.0000e+00
     10.000    11.2576   3.626110    32.0073       6308     4.3797     2.4156     2.2701 0.0000e+00
      9.000    11.2575   3.626076    32.0074       6332     4.3965     2.4153     2.2703 0.0000e+00
      8.000    11.2566   3.625962    32.0075       6351     4.4096     2.4124     2.2705 0.0000e+00
      7.000    11.2561   3.625876    32.0075       6389     4.4361     2.4124     2.2723 0.0000e+00
      6.000    11.2564   3.625788    32.0069       6432     4.4661     2.4136     2.2713 0.0000e+00
      5.000    11.2562   3.625812    32.0077       6450     4.4787     2.4134     2.2690 0.0000e+00
      4.000    11.2565   3.625793    32.0077       6467     4.4901     2.4135     2.2692 0.0000e+00
      3.000    11.2544   3.625589    32.0079       6641     4.6111     2.4230     2.2685 0.0000e+00
      2.000    11.2546   3.625521    32.0075       6672     4.6328     2.4215     2.2696 0.0000e+00
      1.000    11.2543   3.625468    32.0077       6694     4.6480     2.4208     2.2765 0.0000e+00
