HB2304/ctd202.cnv
* Sea-Bird SBE 9 Data File:
* FileName = C:\cruise\data\ctd202.hex
* Software Version Seasave V 7.26.7.121
* Temperature SN = 4591
* Conductivity SN = 3741
* Number of Bytes Per Scan = 37
* Number of Voltage Words = 4
* Number of Scans Averaged by the Deck Unit = 1
* NMEA Latitude = 42 00.04 N
* NMEA Longitude = 069 07.01 W
* NMEA UTC (Time) = Nov 15 2023 01:52:14
* NMEA baud rate = 4800
** Ship: Bigelow HB2304
** Program:  Fall Bottom Trawl Survey
** Chief Scientist: John Galbraith
# nquan = 9
# nvalues = 376                         
# units = specified
# name 0 = depSM: Depth [salt water, m]
# name 1 = t090C: Temperature [ITS-90, deg C]
# name 2 = c0S/m: Conductivity [S/m]
# name 3 = sal00: Salinity, Practical [PSU]
# name 4 = scan: Scan Count
# name 5 = timeM: Time, Elapsed [minutes]
# name 6 = sbeox0V: Oxygen raw, SBE 43 [V]
# name 7 = sbeox1V: Oxygen raw, SBE 43, 2 [V]
# name 8 = flag: flag
# span 0 =      3.000,    191.000       
# span 1 =     7.3610,    12.1518       
# span 2 =   3.380781,   3.691050       
# span 3 =    31.8334,    33.8807       
# span 4 =        -81,      11676       
# span 5 =    -0.0572,     8.1075       
# span 6 =     1.4835,     4.4139       
# span 7 =     1.3983,     2.2526       
# span 8 = 0.0000e+00, 0.0000e+00       
# interval = meters: 1                  
# start_time = Nov 15 2023 01:52:14 [NMEA time, header]
# bad_flag = -9.990e-29
*END*
      3.000    12.1426   3.689089    31.8603        -81    -0.0572     2.9930     2.2418 0.0000e+00
      4.000    12.1423   3.689169    31.8608        201     0.1390     2.9025     2.2493 0.0000e+00
      5.000    12.1431   3.689266    31.8607        292     0.2021     2.9317     2.2466 0.0000e+00
      6.000    12.1440   3.689377    31.8606        310     0.2149     2.9721     2.2526 0.0000e+00
      7.000    12.1449   3.689484    31.8605        333     0.2307     3.0570     2.2475 0.0000e+00
      8.000    12.1451   3.689538    31.8604        360     0.2493     3.1996     2.2472 0.0000e+00
      9.000    12.1423   3.689359    31.8607        388     0.2684     3.3637     2.2488 0.0000e+00
     10.000    12.1393   3.689141    31.8607        416     0.2884     3.5374     2.2472 0.0000e+00
     11.000    12.1375   3.689066    31.8611        444     0.3076     3.7056     2.2412 0.0000e+00
     12.000    12.1363   3.688974    31.8608        472     0.3272     3.8819     2.2438 0.0000e+00
     13.000    12.1375   3.689114    31.8608        502     0.3476     4.0641     2.2448 0.0000e+00
     14.000    12.1393   3.689319    31.8608        529     0.3666     4.2599     2.2455 0.0000e+00
     15.000    12.1417   3.689493    31.8600        553     0.3835     4.4139     2.2462 0.0000e+00
     16.000    12.1439   3.689720    31.8599        578     0.4005     4.0411     2.2465 0.0000e+00
     17.000    12.1468   3.690079    31.8604        605     0.4198     3.5104     2.2474 0.0000e+00
     18.000    12.1372   3.689308    31.8609        635     0.4403     3.1278     2.2402 0.0000e+00
     19.000    12.1377   3.689368    31.8605        661     0.4583     2.8940     2.2392 0.0000e+00
     20.000    12.1443   3.689943    31.8600        686     0.4757     2.7418     2.2385 0.0000e+00
     21.000    12.1467   3.690195    31.8600        713     0.4947     2.6281     2.2366 0.0000e+00
     22.000    12.1494   3.690473    31.8600        744     0.5158     2.5408     2.2363 0.0000e+00
     23.000    12.1518   3.690761    31.8603        774     0.5370     2.4669     2.2364 0.0000e+00
     24.000    12.1517   3.690765    31.8600        802     0.5565     2.4106     2.2355 0.0000e+00
     25.000    12.1502   3.690683    31.8601        828     0.5744     2.3716     2.2357 0.0000e+00
     26.000    12.1501   3.690727    31.8602        851     0.5899     2.3453     2.2377 0.0000e+00
     27.000    12.1485   3.690622    31.8602        873     0.6052     2.3256     2.2406 0.0000e+00
     28.000    12.1490   3.690702    31.8601        900     0.6242     2.3073     2.2394 0.0000e+00
     29.000    12.1499   3.690823    31.8601        933     0.6472     2.2838     2.2395 0.0000e+00
     30.000    12.1477   3.690937    31.8626        961     0.6668     2.2979     2.2366 0.0000e+00
     31.000    12.1493   3.690980    31.8613        984     0.6825     2.3351     2.2366 0.0000e+00
     32.000    12.1509   3.691050    31.8602       1007     0.6988     2.3557     2.2367 0.0000e+00
     33.000    12.1442   3.690971    31.8647       1036     0.7188     2.3674     2.2366 0.0000e+00
     34.000    12.0887   3.689040    31.8931       1068     0.7412     2.3735     2.2346 0.0000e+00
     35.000    12.0035   3.685547    31.9319       1099     0.7624     2.3786     2.2320 0.0000e+00
     36.000    11.8346   3.677375    31.9975       1124     0.7800     2.3730     2.2205 0.0000e+00
     37.000    11.6373   3.667020    32.0667       1149     0.7971     2.3486     2.1945 0.0000e+00
     38.000    11.4324   3.655817    32.1347       1174     0.8145     2.3123     2.1565 0.0000e+00
     39.000    11.1888   3.640584    32.1972       1201     0.8330     2.2577     2.1019 0.0000e+00
     40.000    10.8912   3.614875    32.2038       1231     0.8539     2.1870     2.0417 0.0000e+00
     41.000    10.7203   3.602282    32.2289       1259     0.8739     2.1207     1.9846 0.0000e+00
     42.000    10.7489   3.607157    32.2516       1285     0.8918     2.0665     1.9424 0.0000e+00
     43.000    10.5831   3.600963    32.3362       1312     0.9103     2.0288     1.9085 0.0000e+00
     44.000     9.8287   3.539376    32.3882       1342     0.9311     2.0048     1.8829 0.0000e+00
     45.000     9.5842   3.515835    32.3681       1374     0.9531     1.9753     1.8611 0.0000e+00
     46.000     9.5217   3.510553    32.3699       1402     0.9727     1.9393     1.8307 0.0000e+00
     47.000     9.4754   3.506620    32.3709       1426     0.9893     1.9093     1.8034 0.0000e+00
     48.000     9.3203   3.495112    32.3926       1452     1.0075     1.8871     1.7823 0.0000e+00
     49.000     9.1430   3.482300    32.4209       1481     1.0275     1.8730     1.7660 0.0000e+00
     50.000     8.9956   3.470648    32.4340       1512     1.0493     1.8589     1.7508 0.0000e+00
     51.000     8.8894   3.462427    32.4451       1544     1.0713     1.8460     1.7413 0.0000e+00
     52.000     8.8234   3.457425    32.4528       1567     1.0873     1.8400     1.7338 0.0000e+00
     53.000     8.7434   3.452274    32.4720       1586     1.1007     1.8341     1.7267 0.0000e+00
     54.000     8.5996   3.443118    32.5078       1610     1.1171     1.8282     1.7200 0.0000e+00
     55.000     8.5112   3.435940    32.5133       1654     1.1482     1.8149     1.7063 0.0000e+00
     56.000     8.4343   3.432398    32.5465       1689     1.1724     1.8088     1.7001 0.0000e+00
     57.000     8.4442   3.436436    32.5795       1709     1.1861     1.8062     1.6959 0.0000e+00
     58.000     8.4570   3.439084    32.5951       1728     1.1993     1.8038     1.6928 0.0000e+00
     59.000     8.4899   3.442906    32.6044       1752     1.2161     1.8018     1.6891 0.0000e+00
     60.000     8.5074   3.446406    32.6245       1787     1.2405     1.8016     1.6898 0.0000e+00
     61.000     8.4719   3.444592    32.6379       1819     1.2622     1.8027     1.6934 0.0000e+00
     62.000     8.4430   3.442343    32.6404       1842     1.2781     1.8036     1.6965 0.0000e+00
     63.000     8.4031   3.439947    32.6517       1865     1.2946     1.8052     1.6999 0.0000e+00
     64.000     8.2050   3.424603    32.6730       1895     1.3152     1.8092     1.7016 0.0000e+00
     65.000     8.0553   3.412273    32.6813       1931     1.3404     1.8073     1.7008 0.0000e+00
     66.000     7.9610   3.405025    32.6917       1960     1.3608     1.8035     1.6978 0.0000e+00
     67.000     7.8680   3.396465    32.6868       1985     1.3777     1.7990     1.6948 0.0000e+00
     68.000     7.8312   3.393136    32.6853       2013     1.3969     1.7929     1.6882 0.0000e+00
     69.000     7.7703   3.387961    32.6865       2046     1.4201     1.7885     1.6833 0.0000e+00
     70.000     7.7899   3.390601    32.6959       2076     1.4408     1.7853     1.6799 0.0000e+00
     71.000     7.8802   3.400751    32.7194       2098     1.4559     1.7841     1.6786 0.0000e+00
     72.000     7.8996   3.404545    32.7412       2120     1.4713     1.7855     1.6785 0.0000e+00
     73.000     7.9064   3.406437    32.7546       2147     1.4903     1.7874     1.6798 0.0000e+00
     74.000     7.9577   3.412444    32.7701       2181     1.5139     1.7879     1.6829 0.0000e+00
     75.000     7.9861   3.415956    32.7805       2218     1.5394     1.7907     1.6835 0.0000e+00
     76.000     7.9886   3.416800    32.7866       2246     1.5594     1.7945     1.6859 0.0000e+00
     77.000     7.9913   3.417849    32.7948       2271     1.5767     1.7954     1.6848 0.0000e+00
     78.000     7.9886   3.419041    32.8096       2298     1.5954     1.7967     1.6837 0.0000e+00
     79.000     7.9818   3.419226    32.8175       2331     1.6181     1.7970     1.6832 0.0000e+00
     80.000     7.9683   3.418988    32.8271       2361     1.6391     1.7954     1.6828 0.0000e+00
     81.000     7.9482   3.417804    32.8329       2384     1.6549     1.7931     1.6826 0.0000e+00
     82.000     7.9307   3.416555    32.8356       2406     1.6705     1.7896     1.6807 0.0000e+00
     83.000     7.9322   3.417273    32.8413       2433     1.6889     1.7883     1.6784 0.0000e+00
     84.000     7.9216   3.416652    32.8442       2468     1.7130     1.7863     1.6788 0.0000e+00
     85.000     7.8881   3.414643    32.8538       2504     1.7382     1.7840     1.6768 0.0000e+00
     86.000     7.7995   3.408559    32.8717       2533     1.7585     1.7822     1.6797 0.0000e+00
     87.000     7.6786   3.399240    32.8853       2559     1.7761     1.7792     1.6753 0.0000e+00
     88.000     7.6295   3.395093    32.8866       2584     1.7939     1.7758     1.6707 0.0000e+00
     89.000     7.6037   3.393239    32.8906       2617     1.8165     1.7715     1.6672 0.0000e+00
     90.000     7.5323   3.389045    32.9126       2649     1.8390     1.7676     1.6605 0.0000e+00
     91.000     7.5286   3.391724    32.9445       2672     1.8551     1.7639     1.6603 0.0000e+00
     92.000     7.4471   3.387931    32.9804       2694     1.8705     1.7604     1.6563 0.0000e+00
     93.000     7.3959   3.383942    32.9855       2721     1.8885     1.7546     1.6503 0.0000e+00
     94.000     7.3632   3.382682    33.0025       2755     1.9125     1.7479     1.6458 0.0000e+00
     95.000     7.3764   3.384971    33.0142       2789     1.9364     1.7438     1.6405 0.0000e+00
     96.000     7.4695   3.395176    33.0355       2816     1.9545     1.7425     1.6416 0.0000e+00
     97.000     7.5488   3.405363    33.0695       2841     1.9723     1.7437     1.6387 0.0000e+00
     98.000     7.5941   3.411467    33.0917       2872     1.9936     1.7431     1.6366 0.0000e+00
     99.000     7.6337   3.416505    33.1077       2903     2.0154     1.7369     1.6290 0.0000e+00
    100.000     7.6416   3.418679    33.1231       2931     2.0351     1.7284     1.6228 0.0000e+00
    101.000     7.6449   3.419430    33.1276       2957     2.0531     1.7214     1.6167 0.0000e+00
    102.000     7.6478   3.420358    33.1343       2985     2.0722     1.7148     1.6111 0.0000e+00
    103.000     7.6496   3.421646    33.1460       3016     2.0937     1.7087     1.6044 0.0000e+00
    104.000     7.6605   3.423941    33.1598       3043     2.1124     1.7054     1.6015 0.0000e+00
    105.000     7.6642   3.425354    33.1711       3067     2.1294     1.7026     1.5997 0.0000e+00
    106.000     7.6649   3.426313    33.1803       3097     2.1498     1.7007     1.5976 0.0000e+00
    107.000     7.6628   3.426587    33.1847       3135     2.1761     1.6972     1.5921 0.0000e+00
    108.000     7.6607   3.426872    33.1893       3164     2.1964     1.6962     1.5894 0.0000e+00
    109.000     7.6567   3.427477    33.1992       3186     2.2120     1.6944     1.5879 0.0000e+00
    110.000     7.6524   3.427437    33.2023       3210     2.2288     1.6935     1.5879 0.0000e+00
    111.000     7.6514   3.427694    33.2055       3245     2.2530     1.6931     1.5888 0.0000e+00
    112.000     7.6473   3.427768    33.2098       3279     2.2767     1.6931     1.5862 0.0000e+00
    113.000     7.6279   3.427963    33.2299       3306     2.2948     1.6924     1.5858 0.0000e+00
    114.000     7.6279   3.429807    33.2493       3330     2.3119     1.6900     1.5859 0.0000e+00
    115.000     7.6360   3.432127    33.2660       3356     2.3295     1.6882     1.5850 0.0000e+00
    116.000     7.6367   3.433107    33.2754       3386     2.3506     1.6878     1.5838 0.0000e+00
    117.000     7.6431   3.434376    33.2826       3422     2.3758     1.6849     1.5822 0.0000e+00
    118.000     7.6395   3.434498    33.2868       3452     2.3963     1.6825     1.5805 0.0000e+00
    119.000     7.6208   3.433576    33.2943       3476     2.4134     1.6810     1.5778 0.0000e+00
    120.000     7.5862   3.431367    33.3032       3504     2.4328     1.6790     1.5775 0.0000e+00
    121.000     7.5324   3.426481    33.3015       3541     2.4582     1.6760     1.5754 0.0000e+00
    122.000     7.5273   3.425915    33.2998       3571     2.4791     1.6750     1.5744 0.0000e+00
    123.000     7.5223   3.425455    33.2992       3594     2.4955     1.6742     1.5741 0.0000e+00
    124.000     7.5111   3.424430    33.2983       3621     2.5137     1.6724     1.5742 0.0000e+00
    125.000     7.4977   3.423002    33.2953       3657     2.5392     1.6701     1.5745 0.0000e+00
    126.000     7.4808   3.421912    33.2992       3690     2.5617     1.6694     1.5745 0.0000e+00
    127.000     7.4769   3.422802    33.3121       3713     2.5779     1.6680     1.5730 0.0000e+00
    128.000     7.4799   3.423950    33.3211       3739     2.5957     1.6683     1.5719 0.0000e+00
    129.000     7.4863   3.425670    33.3331       3776     2.6216     1.6687     1.5669 0.0000e+00
    130.000     7.4985   3.427468    33.3403       3811     2.6462     1.6657     1.5633 0.0000e+00
    131.000     7.5161   3.429515    33.3451       3837     2.6641     1.6624     1.5627 0.0000e+00
    132.000     7.5671   3.434913    33.3540       3862     2.6814     1.6604     1.5627 0.0000e+00
    133.000     7.6120   3.439999    33.3652       3893     2.7026     1.6586     1.5621 0.0000e+00
    134.000     7.6424   3.444153    33.3803       3930     2.7286     1.6569     1.5599 0.0000e+00
    135.000     7.6418   3.445063    33.3902       3958     2.7481     1.6555     1.5579 0.0000e+00
    136.000     7.6410   3.446531    33.4064       3982     2.7647     1.6536     1.5565 0.0000e+00
    137.000     7.6373   3.447246    33.4171       4010     2.7839     1.6504     1.5539 0.0000e+00
    138.000     7.6225   3.446626    33.4242       4043     2.8067     1.6445     1.5499 0.0000e+00
    139.000     7.6107   3.446963    33.4387       4075     2.8294     1.6393     1.5452 0.0000e+00
    140.000     7.5955   3.445748    33.4397       4113     2.8556     1.6375     1.5430 0.0000e+00
    141.000     7.5823   3.444799    33.4417       4145     2.8780     1.6371     1.5415 0.0000e+00
    142.000     7.5746   3.444472    33.4451       4171     2.8956     1.6352     1.5413 0.0000e+00
    143.000     7.5825   3.445702    33.4503       4199     2.9154     1.6339     1.5420 0.0000e+00
    144.000     7.6013   3.448490    33.4618       4233     2.9387     1.6323     1.5407 0.0000e+00
    145.000     7.6299   3.453318    33.4858       4261     2.9586     1.6305     1.5387 0.0000e+00
    146.000     7.6374   3.454721    33.4933       4287     2.9762     1.6300     1.5378 0.0000e+00
    147.000     7.6414   3.455486    33.4971       4315     2.9960     1.6280     1.5356 0.0000e+00
    148.000     7.6552   3.457477    33.5048       4353     3.0222     1.6249     1.5307 0.0000e+00
    149.000     7.6742   3.460484    33.5185       4388     3.0465     1.6212     1.5288 0.0000e+00
    150.000     7.6897   3.462971    33.5298       4415     3.0650     1.6182     1.5272 0.0000e+00
    151.000     7.7007   3.464508    33.5353       4441     3.0831     1.6168     1.5246 0.0000e+00
    152.000     7.7245   3.467683    33.5460       4471     3.1045     1.6148     1.5220 0.0000e+00
    153.000     7.7747   3.473627    33.5611       4505     3.1274     1.6113     1.5188 0.0000e+00
    154.000     7.7909   3.476769    33.5788       4533     3.1473     1.6076     1.5161 0.0000e+00
    155.000     7.8331   3.483262    33.6074       4562     3.1671     1.6035     1.5128 0.0000e+00
    156.000     7.8591   3.487479    33.6271       4592     3.1884     1.5980     1.5091 0.0000e+00
    157.000     7.8759   3.490527    33.6431       4623     3.2097     1.5904     1.5027 0.0000e+00
    158.000     7.8861   3.492692    33.6561       4656     3.2329     1.5844     1.4933 0.0000e+00
    159.000     7.8956   3.494492    33.6657       4688     3.2548     1.5780     1.4868 0.0000e+00
    160.000     7.9114   3.497397    33.6811       4715     3.2734     1.5726     1.4824 0.0000e+00
    161.000     7.9183   3.498657    33.6874       4743     3.2932     1.5675     1.4783 0.0000e+00
    162.000     7.9378   3.501846    33.7023       4776     3.3157     1.5619     1.4735 0.0000e+00
