HB2304/ctd204.cnv
* Sea-Bird SBE 9 Data File:
* FileName = C:\cruise\data\ctd204.hex
* Software Version Seasave V 7.26.7.121
* Temperature SN = 4591
* Conductivity SN = 3741
* Number of Bytes Per Scan = 37
* Number of Voltage Words = 4
* Number of Scans Averaged by the Deck Unit = 1
* NMEA Latitude = 42 00.48 N
* NMEA Longitude = 069 59.03 W
* NMEA UTC (Time) = Nov 15 2023 13:36:39
* NMEA baud rate = 4800
** Ship: Bigelow HB2304
** Program:  Fall Bottom Trawl Survey
** Chief Scientist: John Galbraith
# nquan = 9
# nvalues = 51                          
# units = specified
# name 0 = depSM: Depth [salt water, m]
# name 1 = t090C: Temperature [ITS-90, deg C]
# name 2 = c0S/m: Conductivity [S/m]
# name 3 = sal00: Salinity, Practical [PSU]
# name 4 = scan: Scan Count
# name 5 = timeM: Time, Elapsed [minutes]
# name 6 = sbeox0V: Oxygen raw, SBE 43 [V]
# name 7 = sbeox1V: Oxygen raw, SBE 43, 2 [V]
# name 8 = flag: flag
# span 0 =      1.000,     27.000       
# span 1 =    11.2137,    11.2229       
# span 2 =   3.580537,   3.586403       
# span 3 =    31.5958,    31.6461       
# span 4 =        139,       2624       
# span 5 =     0.0961,     1.8217       
# span 6 =     1.9474,     4.3241       
# span 7 =     2.1934,     2.2117       
# span 8 = 0.0000e+00, 0.0000e+00       
# interval = meters: 1                  
# start_time = Nov 15 2023 13:36:39 [NMEA time, header]
# bad_flag = -9.990e-29
*END*
      3.000    11.2193   3.582205    31.6126        139     0.0961     2.8183     2.2106 0.0000e+00
      4.000    11.2212   3.582382    31.6123        314     0.2177     2.8841     2.2082 0.0000e+00
      5.000    11.2222   3.582484    31.6121        390     0.2702     3.0337     2.2054 0.0000e+00
      6.000    11.2229   3.582592    31.6121        473     0.3279     3.2179     2.2092 0.0000e+00
      7.000    11.2221   3.582593    31.6124        526     0.3645     3.3368     2.2117 0.0000e+00
      8.000    11.2215   3.582623    31.6128        576     0.3994     3.4919     2.2102 0.0000e+00
      9.000    11.2200   3.582575    31.6131        620     0.4299     3.6417     2.2115 0.0000e+00
     10.000    11.2200   3.582735    31.6143        660     0.4580     3.8000     2.2097 0.0000e+00
     11.000    11.2207   3.582960    31.6155        712     0.4941     4.0096     2.2051 0.0000e+00
     12.000    11.2207   3.582974    31.6152        751     0.5211     4.1533     2.2041 0.0000e+00
     13.000    11.2202   3.582928    31.6147        797     0.5527     4.3241     2.2070 0.0000e+00
     14.000    11.2183   3.582977    31.6164        853     0.5918     4.2837     2.2080 0.0000e+00
     15.000    11.2189   3.583142    31.6172        891     0.6177     3.7073     2.2049 0.0000e+00
     16.000    11.2185   3.583199    31.6176        928     0.6438     3.1569     2.2024 0.0000e+00
     17.000    11.2184   3.583267    31.6180        982     0.6810     2.7490     2.1981 0.0000e+00
     18.000    11.2184   3.583319    31.6181       1024     0.7104     2.5573     2.1951 0.0000e+00
     19.000    11.2185   3.583324    31.6176       1060     0.7353     2.4530     2.1934 0.0000e+00
     20.000    11.2187   3.583389    31.6177       1107     0.7682     2.3848     2.1950 0.0000e+00
     21.000    11.2185   3.583793    31.6214       1159     0.8041     2.3259     2.1979 0.0000e+00
     22.000    11.2149   3.583866    31.6248       1199     0.8318     2.2749     2.1953 0.0000e+00
     23.000    11.2137   3.584362    31.6303       1234     0.8566     2.2374     2.1987 0.0000e+00
     24.000    11.2140   3.584826    31.6341       1285     0.8920     2.2046     2.2018 0.0000e+00
     25.000    11.2146   3.585410    31.6389       1338     0.9287     2.1943     2.1982 0.0000e+00
     26.000    11.2157   3.585645    31.6399       1367     0.9488     2.1939     2.1974 0.0000e+00
     27.000    11.2165   3.586403    31.6461       1382     0.9593     2.1897     2.1958 0.0000e+00
     26.000    11.2150   3.585561    31.6396       1600     1.1102     2.1064     2.1957 0.0000e+00
     25.000    11.2146   3.585407    31.6389       1851     1.2848     2.0163     2.1988 0.0000e+00
     24.000    11.2141   3.585265    31.6384       1879     1.3038     2.0158     2.1993 0.0000e+00
     23.000    11.2143   3.584604    31.6322       1906     1.3226     2.0265     2.1979 0.0000e+00
     22.000    11.2160   3.583926    31.6245       1931     1.3405     2.0246     2.1992 0.0000e+00
     21.000    11.2169   3.583794    31.6228       1956     1.3578     2.0095     2.2004 0.0000e+00
     20.000    11.2177   3.583693    31.6215       1981     1.3748     1.9862     2.2016 0.0000e+00
     19.000    11.2186   3.583642    31.6207       2005     1.3917     1.9624     2.2018 0.0000e+00
     18.000    11.2184   3.583483    31.6197       2031     1.4100     1.9474     2.2027 0.0000e+00
     17.000    11.2183   3.583370    31.6191       2059     1.4288     1.9476     2.2014 0.0000e+00
     16.000    11.2183   3.583079    31.6166       2083     1.4460     1.9559     2.2022 0.0000e+00
     15.000    11.2185   3.582939    31.6155       2106     1.4619     1.9640     2.2025 0.0000e+00
     14.000    11.2184   3.582600    31.6127       2129     1.4780     1.9728     2.2018 0.0000e+00
     13.000    11.2184   3.582774    31.6148       2155     1.4962     1.9972     2.2025 0.0000e+00
     12.000    11.2184   3.582702    31.6145       2185     1.5169     2.4832     2.2009 0.0000e+00
     11.000    11.2185   3.582640    31.6142       2214     1.5366     3.4120     2.2030 0.0000e+00
     10.000    11.2191   3.582623    31.6139       2237     1.5526     3.8152     2.2060 0.0000e+00
      9.000    11.2196   3.582629    31.6140       2258     1.5675     3.9600     2.2089 0.0000e+00
      8.000    11.2192   3.582559    31.6141       2282     1.5839     3.9698     2.2080 0.0000e+00
      7.000    11.2191   3.582461    31.6136       2312     1.6049     3.8637     2.2056 0.0000e+00
      6.000    11.2188   3.582318    31.6129       2343     1.6266     3.7072     2.2032 0.0000e+00
      5.000    11.2198   3.582353    31.6128       2367     1.6433     3.5810     2.2024 0.0000e+00
      4.000    11.2222   3.582474    31.6124       2388     1.6578     3.4622     2.2050 0.0000e+00
      3.000    11.2228   3.582476    31.6123       2409     1.6719     3.3322     2.2076 0.0000e+00
      2.000    11.2196   3.582191    31.6126       2585     1.7945     2.8011     2.2078 0.0000e+00
      1.000    11.2209   3.580537    31.5958       2624     1.8217     2.7433     2.2057 0.0000e+00
