HB2304/ctd207.cnv
* Sea-Bird SBE 9 Data File:
* FileName = C:\cruise\data\ctd207.hex
* Software Version Seasave V 7.26.7.121
* Temperature SN = 4591
* Conductivity SN = 3741
* Number of Bytes Per Scan = 37
* Number of Voltage Words = 4
* Number of Scans Averaged by the Deck Unit = 1
* NMEA Latitude = 41 12.39 N
* NMEA Longitude = 069 24.84 W
* NMEA UTC (Time) = Nov 15 2023 22:40:36
* NMEA baud rate = 4800
** Ship: Bigelow HB2304
** Program:  Fall Bottom Trawl Survey
** Chief Scientist: John Galbraith
# nquan = 9
# nvalues = 71                          
# units = specified
# name 0 = depSM: Depth [salt water, m]
# name 1 = t090C: Temperature [ITS-90, deg C]
# name 2 = c0S/m: Conductivity [S/m]
# name 3 = sal00: Salinity, Practical [PSU]
# name 4 = scan: Scan Count
# name 5 = timeM: Time, Elapsed [minutes]
# name 6 = sbeox0V: Oxygen raw, SBE 43 [V]
# name 7 = sbeox1V: Oxygen raw, SBE 43, 2 [V]
# name 8 = flag: flag
# span 0 =      3.000,     38.000       
# span 1 =    11.0399,    11.0626       
# span 2 =   3.604791,   3.607849       
# span 3 =    31.9885,    31.9911       
# span 4 =        224,       3180       
# span 5 =     0.1547,     2.2074       
# span 6 =     2.0052,     4.4385       
# span 7 =     2.1641,     2.1796       
# span 8 = 0.0000e+00, 0.0000e+00       
# interval = meters: 1                  
# start_time = Nov 15 2023 22:40:36 [NMEA time, header]
# bad_flag = -9.990e-29
*END*
      3.000    11.0399   3.604791    31.9898        224     0.1547     2.8497     2.1641 0.0000e+00
      4.000    11.0410   3.604930    31.9898        362     0.2505     2.8661     2.1658 0.0000e+00
      5.000    11.0457   3.605256    31.9885        387     0.2684     2.9309     2.1660 0.0000e+00
      6.000    11.0527   3.605988    31.9892        412     0.2854     3.0339     2.1651 0.0000e+00
      7.000    11.0532   3.606065    31.9891        437     0.3030     3.1758     2.1666 0.0000e+00
      8.000    11.0578   3.606457    31.9885        464     0.3218     3.3468     2.1678 0.0000e+00
      9.000    11.0586   3.606615    31.9890        493     0.3416     3.5320     2.1691 0.0000e+00
     10.000    11.0587   3.606669    31.9890        520     0.3603     3.7056     2.1710 0.0000e+00
     11.000    11.0586   3.606732    31.9893        545     0.3778     3.8690     2.1710 0.0000e+00
     12.000    11.0584   3.606740    31.9891        570     0.3951     4.0361     2.1724 0.0000e+00
     13.000    11.0591   3.606857    31.9893        596     0.4131     4.2182     2.1733 0.0000e+00
     14.000    11.0584   3.606831    31.9892        623     0.4317     4.4385     2.1708 0.0000e+00
     15.000    11.0582   3.606880    31.9894        649     0.4497     4.2744     2.1682 0.0000e+00
     16.000    11.0580   3.606906    31.9894        674     0.4674     3.6909     2.1683 0.0000e+00
     17.000    11.0573   3.606904    31.9896        700     0.4853     3.2417     2.1715 0.0000e+00
     18.000    11.0569   3.606931    31.9898        726     0.5038     2.9402     2.1698 0.0000e+00
     19.000    11.0554   3.606868    31.9900        753     0.5221     2.7419     2.1716 0.0000e+00
     20.000    11.0561   3.606947    31.9898        779     0.5406     2.6072     2.1726 0.0000e+00
     21.000    11.0561   3.607000    31.9899        807     0.5599     2.5101     2.1732 0.0000e+00
     22.000    11.0566   3.607061    31.9897        835     0.5793     2.4370     2.1724 0.0000e+00
     23.000    11.0570   3.607132    31.9896        863     0.5984     2.3780     2.1731 0.0000e+00
     24.000    11.0565   3.607152    31.9898        887     0.6156     2.3360     2.1712 0.0000e+00
     25.000    11.0554   3.607117    31.9900        910     0.6310     2.3091     2.1687 0.0000e+00
     26.000    11.0552   3.607124    31.9898        932     0.6468     2.2897     2.1693 0.0000e+00
     27.000    11.0544   3.607137    31.9902        958     0.6648     2.2744     2.1696 0.0000e+00
     28.000    11.0564   3.607309    31.9897        988     0.6857     2.2623     2.1686 0.0000e+00
     29.000    11.0556   3.607334    31.9903       1017     0.7058     2.2590     2.1684 0.0000e+00
     30.000    11.0547   3.607332    31.9906       1043     0.7239     2.2836     2.1685 0.0000e+00
     31.000    11.0542   3.607332    31.9906       1068     0.7409     2.3042     2.1684 0.0000e+00
     32.000    11.0558   3.607479    31.9903       1093     0.7582     2.3101     2.1679 0.0000e+00
     33.000    11.0549   3.607494    31.9907       1120     0.7773     2.3079     2.1679 0.0000e+00
     34.000    11.0540   3.607473    31.9909       1148     0.7968     2.3100     2.1687 0.0000e+00
     35.000    11.0539   3.607507    31.9909       1175     0.8156     2.3158     2.1687 0.0000e+00
     36.000    11.0550   3.607625    31.9907       1201     0.8333     2.3180     2.1673 0.0000e+00
     37.000    11.0564   3.607771    31.9905       1226     0.8507     2.3162     2.1654 0.0000e+00
     38.000    11.0568   3.607815    31.9901       1245     0.8639     2.3146     2.1663 0.0000e+00
     37.000    11.0561   3.607797    31.9911       2203     1.5292     2.3018     2.1711 0.0000e+00
     36.000    11.0574   3.607814    31.9905       2323     1.6123     2.3062     2.1664 0.0000e+00
     35.000    11.0566   3.607716    31.9906       2351     1.6323     2.3076     2.1682 0.0000e+00
     34.000    11.0565   3.607671    31.9907       2376     1.6490     2.3088     2.1676 0.0000e+00
     33.000    11.0569   3.607640    31.9905       2401     1.6669     2.3102     2.1682 0.0000e+00
     32.000    11.0577   3.607657    31.9903       2427     1.6849     2.3095     2.1703 0.0000e+00
     31.000    11.0575   3.607590    31.9903       2452     1.7022     2.3103     2.1680 0.0000e+00
     30.000    11.0603   3.607752    31.9899       2477     1.7196     2.3063     2.1656 0.0000e+00
     29.000    11.0618   3.607849    31.9899       2503     1.7377     2.3040     2.1674 0.0000e+00
     28.000    11.0621   3.607819    31.9898       2529     1.7556     2.3054     2.1682 0.0000e+00
     27.000    11.0626   3.607818    31.9897       2554     1.7729     2.3077     2.1683 0.0000e+00
     26.000    11.0626   3.607780    31.9898       2578     1.7898     2.3083     2.1677 0.0000e+00
     25.000    11.0624   3.607710    31.9897       2603     1.8071     2.3085     2.1706 0.0000e+00
     24.000    11.0625   3.607665    31.9896       2628     1.8241     2.3068     2.1721 0.0000e+00
     23.000    11.0623   3.607616    31.9897       2651     1.8403     2.3067     2.1722 0.0000e+00
     22.000    11.0615   3.607513    31.9898       2676     1.8573     2.3058     2.1722 0.0000e+00
     21.000    11.0615   3.607462    31.9897       2703     1.8761     2.2990     2.1756 0.0000e+00
     20.000    11.0597   3.607311    31.9902       2730     1.8952     2.2974     2.1775 0.0000e+00
     19.000    11.0597   3.607265    31.9902       2756     1.9131     2.2926     2.1743 0.0000e+00
     18.000    11.0600   3.607238    31.9901       2781     1.9303     2.2798     2.1733 0.0000e+00
     17.000    11.0606   3.607245    31.9901       2806     1.9478     2.2579     2.1756 0.0000e+00
     16.000    11.0603   3.607181    31.9901       2832     1.9659     2.2341     2.1732 0.0000e+00
     15.000    11.0604   3.607140    31.9900       2858     1.9841     2.1974     2.1717 0.0000e+00
     14.000    11.0612   3.607151    31.9899       2884     2.0020     2.1603     2.1699 0.0000e+00
     13.000    11.0613   3.607109    31.9898       2908     2.0190     2.1192     2.1697 0.0000e+00
     12.000    11.0612   3.607067    31.9899       2932     2.0352     2.0751     2.1710 0.0000e+00
     11.000    11.0608   3.606999    31.9901       2956     2.0518     2.0357     2.1713 0.0000e+00
     10.000    11.0599   3.606873    31.9900       2982     2.0702     2.0110     2.1704 0.0000e+00
      9.000    11.0595   3.606828    31.9903       3010     2.0893     2.0052     2.1719 0.0000e+00
      8.000    11.0597   3.606779    31.9901       3036     2.1077     2.0126     2.1731 0.0000e+00
      7.000    11.0599   3.606736    31.9898       3063     2.1265     2.0233     2.1749 0.0000e+00
      6.000    11.0563   3.606422    31.9903       3092     2.1464     2.1643     2.1772 0.0000e+00
      5.000    11.0503   3.605828    31.9902       3119     2.1655     2.5957     2.1785 0.0000e+00
      4.000    11.0512   3.605824    31.9897       3143     2.1823     2.8398     2.1796 0.0000e+00
      3.000    11.0504   3.605733    31.9900       3180     2.2074     2.8977     2.1794 0.0000e+00
