HB2304/ctd200.cnv
* Sea-Bird SBE 9 Data File:
* FileName = C:\cruise\data\ctd200.hex
* Software Version Seasave V 7.26.7.121
* Temperature SN = 4591
* Conductivity SN = 3741
* Number of Bytes Per Scan = 37
* Number of Voltage Words = 4
* Number of Scans Averaged by the Deck Unit = 1
* NMEA Latitude = 42 04.43 N
* NMEA Longitude = 069 45.96 W
* NMEA UTC (Time) = Nov 14 2023 15:51:16
* NMEA baud rate = 4800
** Ship: Bigelow HB2304
** Program:  Fall Bottom Trawl Survey
** Chief Scientist: John Galbraith
# nquan = 9
# nvalues = 378                         
# units = specified
# name 0 = depSM: Depth [salt water, m]
# name 1 = t090C: Temperature [ITS-90, deg C]
# name 2 = c0S/m: Conductivity [S/m]
# name 3 = sal00: Salinity, Practical [PSU]
# name 4 = scan: Scan Count
# name 5 = timeM: Time, Elapsed [minutes]
# name 6 = sbeox0V: Oxygen raw, SBE 43 [V]
# name 7 = sbeox1V: Oxygen raw, SBE 43, 2 [V]
# name 8 = flag: flag
# span 0 =      1.000,    190.000       
# span 1 =     8.0724,    11.0749       
# span 2 =   3.479851,   3.628211       
# span 3 =    31.9509,    34.0355       
# span 4 =        -80,      11661       
# span 5 =    -0.0563,     8.0973       
# span 6 =     1.4923,     4.1569       
# span 7 =     1.4055,     2.3002       
# span 8 = 0.0000e+00, 0.0000e+00       
# interval = meters: 1                  
# start_time = Nov 14 2023 15:51:16 [NMEA time, header]
# bad_flag = -9.990e-29
*END*
[from data line 321]
     57.000    10.6203   3.620352    32.4906       9479     6.5822     1.9910     1.8639 0.0000e+00
     56.000    10.6503   3.621383    32.4746       9509     6.6029     2.0099     1.8785 0.0000e+00
     55.000    10.7271   3.620166    32.3947       9542     6.6254     2.0223     1.8929 0.0000e+00
     54.000    10.8157   3.621126    32.3263       9575     6.6489     2.0352     1.9052 0.0000e+00
     53.000    10.8587   3.622058    32.2981       9606     6.6704     2.0646     1.9297 0.0000e+00
     52.000    10.8859   3.622069    32.2747       9636     6.6910     2.1056     1.9648 0.0000e+00
     51.000    10.9111   3.622016    32.2523       9664     6.7102     2.1385     1.9990 0.0000e+00
     50.000    10.9512   3.622490    32.2223       9691     6.7289     2.1625     2.0233 0.0000e+00
     49.000    10.9702   3.622107    32.2022       9719     6.7489     2.1896     2.0467 0.0000e+00
     48.000    10.9856   3.622942    32.1974       9748     6.7687     2.2151     2.0742 0.0000e+00
     47.000    11.0068   3.624790    32.1975       9775     6.7876     2.2393     2.0988 0.0000e+00
     46.000    11.0474   3.627567    32.1897       9802     6.8061     2.2599     2.1222 0.0000e+00
     45.000    11.0703   3.628211    32.1765       9827     6.8237     2.2789     2.1345 0.0000e+00
     44.000    11.0749   3.627463    32.1655       9852     6.8406     2.2996     2.1521 0.0000e+00
     43.000    11.0584   3.625172    32.1578       9876     6.8579     2.3164     2.1660 0.0000e+00
     42.000    11.0451   3.623518    32.1535       9902     6.8760     2.3313     2.1842 0.0000e+00
     41.000    11.0267   3.621188    32.1470       9930     6.8950     2.3436     2.1966 0.0000e+00
     40.000    11.0180   3.619663    32.1400       9957     6.9139     2.3519     2.2034 0.0000e+00
     39.000    11.0225   3.619839    32.1383       9983     6.9316     2.3583     2.2138 0.0000e+00
     38.000    11.0266   3.620083    32.1375      10007     6.9489     2.3643     2.2224 0.0000e+00
     37.000    11.0313   3.620469    32.1376      10033     6.9663     2.3708     2.2333 0.0000e+00
     36.000    11.0348   3.620788    32.1381      10058     6.9838     2.3733     2.2314 0.0000e+00
     35.000    11.0376   3.621037    32.1385      10083     7.0015     2.3715     2.2319 0.0000e+00
     34.000    11.0394   3.621178    32.1388      10110     7.0199     2.3719     2.2366 0.0000e+00
     33.000    11.0410   3.621311    32.1392      10136     7.0384     2.3772     2.2401 0.0000e+00
     32.000    11.0429   3.621458    32.1393      10163     7.0569     2.3809     2.2403 0.0000e+00
     31.000    11.0449   3.621614    32.1396      10189     7.0749     2.3816     2.2438 0.0000e+00
     30.000    11.0459   3.621669    32.1397      10215     7.0928     2.3808     2.2461 0.0000e+00
     29.000    11.0464   3.621663    32.1396      10240     7.1104     2.3800     2.2479 0.0000e+00
     28.000    11.0473   3.621702    32.1396      10265     7.1278     2.3860     2.2483 0.0000e+00
     27.000    11.0470   3.621603    32.1393      10293     7.1475     2.3934     2.2518 0.0000e+00
     26.000    11.0466   3.621460    32.1387      10324     7.1687     2.3950     2.2494 0.0000e+00
     25.000    11.0476   3.621507    32.1386      10354     7.1893     2.3959     2.2495 0.0000e+00
     24.000    11.0471   3.621370    32.1382      10382     7.2093     2.3977     2.2526 0.0000e+00
     23.000    11.0486   3.621416    32.1378      10413     7.2303     2.3958     2.2521 0.0000e+00
     22.000    11.0476   3.621258    32.1375      10441     7.2499     2.3918     2.2546 0.0000e+00
     21.000    11.0429   3.620636    32.1359      10468     7.2687     2.3938     2.2539 0.0000e+00
     20.000    11.0373   3.619848    32.1334      10495     7.2878     2.3936     2.2527 0.0000e+00
     19.000    11.0060   3.615903    32.1223      10523     7.3071     2.3925     2.2543 0.0000e+00
     18.000    10.9886   3.613184    32.1110      10550     7.3257     2.3895     2.2505 0.0000e+00
     17.000    10.9641   3.610164    32.1031      10575     7.3433     2.3887     2.2510 0.0000e+00
     16.000    10.9620   3.609736    32.1011      10600     7.3608     2.3876     2.2537 0.0000e+00
     15.000    10.9085   3.603715    32.0888      10626     7.3788     2.3915     2.2558 0.0000e+00
     14.000    10.8163   3.591373    32.0476      10653     7.3975     2.3928     2.2603 0.0000e+00
     13.000    10.7745   3.584704    32.0185      10681     7.4164     2.3855     2.2601 0.0000e+00
     12.000    10.7435   3.579440    31.9938      10707     7.4349     2.3678     2.2661 0.0000e+00
     11.000    10.7149   3.574675    31.9719      10734     7.4534     2.3386     2.2746 0.0000e+00
     10.000    10.7001   3.572123    31.9599      10760     7.4715     2.3108     2.2767 0.0000e+00
      9.000    10.6968   3.571562    31.9576      10786     7.4893     2.2697     2.2816 0.0000e+00
      8.000    10.6944   3.571122    31.9558      10812     7.5073     2.2204     2.2886 0.0000e+00
      7.000    10.6955   3.571209    31.9562      10838     7.5258     2.1698     2.2899 0.0000e+00
      6.000    10.6866   3.569859    31.9509      11428     7.9355     1.8677     2.3002 0.0000e+00
      5.000    10.6869   3.569988    31.9523      11548     8.0187     1.9411     2.2958 0.0000e+00
      4.000    10.6870   3.569932    31.9522      11581     8.0413     1.9538     2.2932 0.0000e+00
      3.000    10.6870   3.569894    31.9522      11605     8.0583     1.9868     2.2933 0.0000e+00
      2.000    10.6871   3.569848    31.9521      11632     8.0773     2.0996     2.2935 0.0000e+00
      1.000    10.6871   3.569801    31.9520      11661     8.0973     2.1917     2.2909 0.0000e+00
