HB2304/ctd208.cnv
* Sea-Bird SBE 9 Data File:
* FileName = C:\cruise\data\ctd208.hex
* Software Version Seasave V 7.26.7.121
* Temperature SN = 4591
* Conductivity SN = 3741
* Number of Bytes Per Scan = 37
* Number of Voltage Words = 4
* Number of Scans Averaged by the Deck Unit = 1
* NMEA Latitude = 41 16.67 N
* NMEA Longitude = 069 15.05 W
* NMEA UTC (Time) = Nov 16 2023 02:38:10
* NMEA baud rate = 4800
** Ship: Bigelow HB2304
** Program:  Fall Bottom Trawl Survey
** Chief Scientist: John Galbraith
# nquan = 9
# nvalues = 157                         
# units = specified
# name 0 = depSM: Depth [salt water, m]
# name 1 = t090C: Temperature [ITS-90, deg C]
# name 2 = c0S/m: Conductivity [S/m]
# name 3 = sal00: Salinity, Practical [PSU]
# name 4 = scan: Scan Count
# name 5 = timeM: Time, Elapsed [minutes]
# name 6 = sbeox0V: Oxygen raw, SBE 43 [V]
# name 7 = sbeox1V: Oxygen raw, SBE 43, 2 [V]
# name 8 = flag: flag
# span 0 =      3.000,     81.000       
# span 1 =     9.6345,    11.3066       
# span 2 =   3.540895,   3.628577       
# span 3 =    31.9463,    32.5634       
# span 4 =        163,       5706       
# span 5 =     0.1127,     3.9616       
# span 6 =     1.8827,     4.5936       
# span 7 =     1.7730,     2.2572       
# span 8 = 0.0000e+00, 0.0000e+00       
# interval = meters: 1                  
# start_time = Nov 16 2023 02:38:10 [NMEA time, header]
# bad_flag = -9.990e-29
*END*
      3.000    11.2770   3.624335    31.9760        163     0.1127     2.9606     2.2455 0.0000e+00
      4.000    11.2770   3.624397    31.9761        287     0.1983     2.9613     2.2439 0.0000e+00
      5.000    11.2786   3.624560    31.9759        313     0.2164     3.0185     2.2487 0.0000e+00
      6.000    11.2810   3.624810    31.9759        340     0.2356     3.1421     2.2533 0.0000e+00
      7.000    11.2818   3.624910    31.9758        365     0.2525     3.2772     2.2544 0.0000e+00
      8.000    11.2806   3.624885    31.9762        389     0.2693     3.4274     2.2557 0.0000e+00
      9.000    11.2798   3.624860    31.9762        415     0.2876     3.6091     2.2533 0.0000e+00
     10.000    11.2814   3.624971    31.9754        443     0.3068     3.8057     2.2528 0.0000e+00
     11.000    11.2819   3.625021    31.9751        469     0.3252     3.9907     2.2537 0.0000e+00
     12.000    11.2849   3.625318    31.9750        495     0.3432     4.1720     2.2550 0.0000e+00
     13.000    11.2862   3.625457    31.9748        522     0.3621     4.3663     2.2560 0.0000e+00
     14.000    11.2858   3.625518    31.9754        552     0.3828     4.5936     2.2555 0.0000e+00
     15.000    11.2866   3.625633    31.9753        581     0.4029     4.4551     2.2561 0.0000e+00
     16.000    11.2872   3.625731    31.9754        606     0.4200     3.9553     2.2559 0.0000e+00
     17.000    11.2878   3.625868    31.9757        628     0.4356     3.5619     2.2560 0.0000e+00
     18.000    11.2875   3.625899    31.9759        652     0.4522     3.2400     2.2569 0.0000e+00
     19.000    11.2849   3.625746    31.9763        680     0.4715     2.9652     2.2565 0.0000e+00
     20.000    11.2853   3.625785    31.9759        711     0.4932     2.7524     2.2551 0.0000e+00
     21.000    11.2854   3.625824    31.9758        740     0.5133     2.6164     2.2550 0.0000e+00
     22.000    11.2862   3.625932    31.9757        764     0.5299     2.5364     2.2533 0.0000e+00
     23.000    11.2853   3.625922    31.9760        788     0.5463     2.4799     2.2508 0.0000e+00
     24.000    11.2826   3.625709    31.9758        814     0.5647     2.4361     2.2492 0.0000e+00
     25.000    11.2802   3.625587    31.9763        844     0.5855     2.4015     2.2511 0.0000e+00
     26.000    11.2765   3.625328    31.9765        874     0.6061     2.3652     2.2518 0.0000e+00
     27.000    11.2785   3.625481    31.9758        900     0.6244     2.3324     2.2494 0.0000e+00
     28.000    11.2773   3.625484    31.9765        924     0.6411     2.3064     2.2493 0.0000e+00
     29.000    11.2767   3.625435    31.9762        949     0.6582     2.2929     2.2513 0.0000e+00
     30.000    11.2762   3.625479    31.9766        978     0.6782     2.3205     2.2538 0.0000e+00
     31.000    11.2757   3.625494    31.9768       1006     0.6977     2.3489     2.2521 0.0000e+00
     32.000    11.2757   3.625544    31.9768       1030     0.7149     2.3642     2.2523 0.0000e+00
     33.000    11.2755   3.625562    31.9767       1055     0.7318     2.3731     2.2529 0.0000e+00
     34.000    11.2751   3.625554    31.9765       1081     0.7497     2.3799     2.2532 0.0000e+00
     35.000    11.2732   3.625641    31.9786       1109     0.7697     2.3896     2.2525 0.0000e+00
     36.000    11.2727   3.625782    31.9801       1140     0.7908     2.3986     2.2507 0.0000e+00
     37.000    11.2726   3.625876    31.9807       1172     0.8133     2.3990     2.2499 0.0000e+00
     38.000    11.2721   3.625854    31.9805       1200     0.8328     2.3944     2.2483 0.0000e+00
     39.000    11.2714   3.625908    31.9812       1222     0.8481     2.3922     2.2467 0.0000e+00
     40.000    11.2726   3.625974    31.9803       1242     0.8615     2.3913     2.2447 0.0000e+00
     41.000    11.2724   3.626038    31.9807       1265     0.8775     2.3918     2.2420 0.0000e+00
     42.000    11.2694   3.626028    31.9828       1299     0.9014     2.3907     2.2400 0.0000e+00
     43.000    11.2730   3.626358    31.9826       1332     0.9245     2.3903     2.2391 0.0000e+00
     44.000    11.2717   3.626340    31.9830       1355     0.9405     2.3879     2.2359 0.0000e+00
     45.000    11.2689   3.626129    31.9831       1378     0.9563     2.3818     2.2321 0.0000e+00
     46.000    11.2345   3.624715    31.9986       1406     0.9760     2.3773     2.2311 0.0000e+00
     47.000    11.1929   3.624533    32.0325       1438     0.9981     2.3721     2.2291 0.0000e+00
     48.000    11.1725   3.625027    32.0547       1467     1.0179     2.3551     2.2200 0.0000e+00
     49.000    11.1659   3.626369    32.0732       1492     1.0357     2.3318     2.2020 0.0000e+00
     50.000    11.1450   3.628577    32.1128       1518     1.0534     2.3100     2.1815 0.0000e+00
     51.000    11.0586   3.627055    32.1728       1544     1.0717     2.2868     2.1577 0.0000e+00
     52.000    10.9288   3.622672    32.2429       1573     1.0915     2.2511     2.1272 0.0000e+00
     53.000    10.8778   3.621108    32.2719       1600     1.1106     2.2052     2.0882 0.0000e+00
     54.000    10.8512   3.621008    32.2939       1625     1.1278     2.1573     2.0408 0.0000e+00
     55.000    10.8014   3.620749    32.3348       1652     1.1463     2.1151     1.9980 0.0000e+00
     56.000    10.6549   3.612395    32.3809       1683     1.1680     2.0803     1.9631 0.0000e+00
     57.000    10.5834   3.607229    32.3924       1712     1.1883     2.0566     1.9418 0.0000e+00
     58.000    10.5323   3.603378    32.3989       1738     1.2066     2.0373     1.9261 0.0000e+00
     59.000    10.4876   3.599981    32.4042       1764     1.2244     2.0236     1.9117 0.0000e+00
     60.000    10.4399   3.596557    32.4120       1790     1.2421     2.0127     1.9002 0.0000e+00
     61.000    10.3806   3.592264    32.4213       1816     1.2605     2.0048     1.8897 0.0000e+00
     62.000    10.3300   3.588558    32.4288       1846     1.2814     1.9947     1.8778 0.0000e+00
     63.000    10.2093   3.580921    32.4594       1877     1.3028     1.9864     1.8705 0.0000e+00
     64.000     9.9619   3.565027    32.5204       1903     1.3210     1.9795     1.8636 0.0000e+00
     65.000     9.9061   3.559624    32.5153       1928     1.3382     1.9685     1.8552 0.0000e+00
     66.000     9.8858   3.558223    32.5190       1954     1.3564     1.9546     1.8425 0.0000e+00
     67.000     9.8656   3.556777    32.5220       1981     1.3753     1.9427     1.8307 0.0000e+00
     68.000     9.8295   3.554438    32.5304       2010     1.3948     1.9345     1.8235 0.0000e+00
     69.000     9.7576   3.549807    32.5477       2039     1.4151     1.9299     1.8176 0.0000e+00
     70.000     9.7292   3.547814    32.5527       2068     1.4357     1.9240     1.8118 0.0000e+00
     71.000     9.7251   3.547248    32.5501       2096     1.4545     1.9188     1.8063 0.0000e+00
     72.000     9.7405   3.548092    32.5444       2121     1.4720     1.9151     1.8020 0.0000e+00
     73.000     9.7671   3.549740    32.5367       2146     1.4892     1.9123     1.8000 0.0000e+00
     74.000     9.7536   3.549009    32.5410       2171     1.5069     1.9112     1.7972 0.0000e+00
     75.000     9.7454   3.548637    32.5442       2196     1.5245     1.9093     1.7935 0.0000e+00
     76.000     9.7209   3.546942    32.5486       2224     1.5436     1.9100     1.7946 0.0000e+00
     77.000     9.7016   3.545776    32.5537       2257     1.5664     1.9105     1.7941 0.0000e+00
     78.000     9.7011   3.545695    32.5530       2285     1.5864     1.9095     1.7922 0.0000e+00
     79.000     9.6658   3.543632    32.5634       2310     1.6033     1.9096     1.7903 0.0000e+00
     80.000     9.6714   3.543797    32.5595       2335     1.6209     1.9065     1.7878 0.0000e+00
     81.000     9.6345   3.540895    32.5628       3378     2.3451     1.8827     1.7740 0.0000e+00
     80.000     9.6705   3.542910    32.5513       3644     2.5296     1.8861     1.7730 0.0000e+00
     79.000     9.6801   3.543625    32.5503       3654     2.5368     1.8871     1.7741 0.0000e+00
     78.000     9.6822   3.543752    32.5502       3677     2.5526     1.8891     1.7753 0.0000e+00
     77.000     9.6769   3.543419    32.5521       3703     2.5711     1.8919     1.7776 0.0000e+00
     76.000     9.6750   3.543249    32.5524       3732     2.5906     1.8928     1.7781 0.0000e+00
     75.000     9.6782   3.543367    32.5512       3759     2.6098     1.8948     1.7800 0.0000e+00
     74.000     9.6837   3.543660    32.5496       3787     2.6290     1.8961     1.7812 0.0000e+00
     73.000     9.6984   3.544422    32.5446       3810     2.6455     1.8957     1.7825 0.0000e+00
     72.000     9.7000   3.544650    32.5459       3831     2.6600     1.8950     1.7824 0.0000e+00
     71.000     9.6961   3.544297    32.5463       3853     2.6750     1.8951     1.7829 0.0000e+00
     70.000     9.7234   3.545821    32.5376       3880     2.6938     1.8965     1.7844 0.0000e+00
     69.000     9.7476   3.547314    32.5314       3914     2.7170     1.8988     1.7868 0.0000e+00
     68.000     9.7502   3.547590    32.5323       3942     2.7367     1.9028     1.7873 0.0000e+00
     67.000     9.7414   3.546998    32.5347       3966     2.7537     1.9051     1.7875 0.0000e+00
     66.000     9.7200   3.545814    32.5423       3991     2.7712     1.9068     1.7888 0.0000e+00
     65.000     9.7367   3.546429    32.5339       4019     2.7902     1.9064     1.7904 0.0000e+00
     64.000     9.7923   3.549770    32.5182       4044     2.8080     1.9053     1.7913 0.0000e+00
     63.000     9.8639   3.554179    32.4990       4068     2.8244     1.9057     1.7917 0.0000e+00
     62.000     9.9585   3.560131    32.4746       4092     2.8413     1.9090     1.7930 0.0000e+00
     61.000    10.0604   3.567141    32.4545       4119     2.8599     1.9171     1.7954 0.0000e+00
     60.000    10.1291   3.571791    32.4404       4146     2.8783     1.9270     1.8030 0.0000e+00
     59.000    10.2579   3.579902    32.4074       4171     2.8959     1.9361     1.8087 0.0000e+00
     58.000    10.4766   3.595260    32.3672       4199     2.9156     1.9474     1.8169 0.0000e+00
     57.000    10.5288   3.599986    32.3685       4227     2.9349     1.9601     1.8291 0.0000e+00
     56.000    10.5727   3.602917    32.3593       4250     2.9507     1.9696     1.8404 0.0000e+00
     55.000    10.6869   3.610454    32.3337       4271     2.9655     1.9773     1.8515 0.0000e+00
     54.000    10.7629   3.615859    32.3207       4295     2.9821     1.9865     1.8624 0.0000e+00
     53.000    10.8235   3.617742    32.2863       4322     3.0010     1.9974     1.8709 0.0000e+00
     52.000    10.9022   3.618893    32.2289       4351     3.0206     2.0113     1.8819 0.0000e+00
     51.000    10.9692   3.621103    32.1923       4378     3.0398     2.0272     1.8947 0.0000e+00
     50.000    11.0461   3.624137    32.1554       4403     3.0571     2.0394     1.9062 0.0000e+00
     49.000    11.1219   3.626162    32.1095       4427     3.0734     2.0515     1.9196 0.0000e+00
     48.000    11.1497   3.626266    32.0868       4450     3.0895     2.0701     1.9359 0.0000e+00
     47.000    11.1606   3.626090    32.0759       4474     3.1063     2.1023     1.9644 0.0000e+00
     46.000    11.1636   3.625570    32.0686       4500     3.1246     2.1401     1.9998 0.0000e+00
     45.000    11.1672   3.624438    32.0548       4529     3.1448     2.1749     2.0308 0.0000e+00
     44.000    11.1686   3.624108    32.0507       4558     3.1649     2.1989     2.0565 0.0000e+00
     43.000    11.1743   3.623618    32.0414       4584     3.1826     2.2163     2.0773 0.0000e+00
     42.000    11.1947   3.621960    32.0078       4609     3.1999     2.2310     2.0941 0.0000e+00
     41.000    11.2229   3.622321    31.9872       4635     3.2181     2.2472     2.1071 0.0000e+00
     40.000    11.2518   3.624082    31.9798       4660     3.2352     2.2666     2.1222 0.0000e+00
     39.000    11.2697   3.625397    31.9777       4682     3.2506     2.2871     2.1414 0.0000e+00
     38.000    11.2812   3.626178    31.9758       4705     3.2669     2.3074     2.1636 0.0000e+00
     37.000    11.2878   3.626709    31.9757       4735     3.2874     2.3298     2.1848 0.0000e+00
     36.000    11.2896   3.626874    31.9761       4765     3.3081     2.3456     2.1995 0.0000e+00
     35.000    11.2908   3.626970    31.9765       4791     3.3265     2.3560     2.2162 0.0000e+00
     34.000    11.2920   3.627029    31.9764       4818     3.3450     2.3633     2.2246 0.0000e+00
     33.000    11.2922   3.627058    31.9769       4847     3.3652     2.3706     2.2274 0.0000e+00
     32.000    11.2924   3.627045    31.9771       4872     3.3828     2.3765     2.2281 0.0000e+00
     31.000    11.2941   3.627090    31.9765       4895     3.3988     2.3777     2.2318 0.0000e+00
     30.000    11.3004   3.627361    31.9741       4919     3.4156     2.3791     2.2348 0.0000e+00
     29.000    11.3023   3.627521    31.9744       4947     3.4348     2.3817     2.2383 0.0000e+00
     28.000    11.2993   3.627366    31.9759       4974     3.4533     2.3846     2.2407 0.0000e+00
     27.000    11.2964   3.627175    31.9769       4999     3.4705     2.3873     2.2407 0.0000e+00
     26.000    11.2963   3.627140    31.9771       5025     3.4892     2.3868     2.2420 0.0000e+00
     25.000    11.3025   3.627406    31.9748       5056     3.5105     2.3832     2.2419 0.0000e+00
     24.000    11.3049   3.627545    31.9745       5085     3.5307     2.3828     2.2435 0.0000e+00
     23.000    11.3059   3.627637    31.9749       5110     3.5479     2.3812     2.2459 0.0000e+00
     22.000    11.3052   3.627555    31.9751       5132     3.5632     2.3832     2.2482 0.0000e+00
     21.000    11.3047   3.627456    31.9750       5155     3.5792     2.3850     2.2509 0.0000e+00
     20.000    11.3066   3.627572    31.9749       5184     3.5995     2.3872     2.2507 0.0000e+00
     19.000    11.3061   3.627527    31.9753       5217     3.6223     2.3879     2.2503 0.0000e+00
     18.000    11.3048   3.627359    31.9752       5243     3.6401     2.3878     2.2519 0.0000e+00
     17.000    11.3045   3.627281    31.9752       5265     3.6555     2.3882     2.2520 0.0000e+00
     16.000    11.3033   3.627161    31.9754       5287     3.6710     2.3877     2.2521 0.0000e+00
     15.000    11.3025   3.627056    31.9755       5313     3.6891     2.3815     2.2533 0.0000e+00
     14.000    11.2980   3.626706    31.9764       5344     3.7106     2.3527     2.2562 0.0000e+00
     13.000    11.2916   3.626122    31.9766       5373     3.7303     2.2995     2.2572 0.0000e+00
     12.000    11.2922   3.626082    31.9761       5398     3.7481     2.2533     2.2561 0.0000e+00
     11.000    11.2975   3.626438    31.9754       5422     3.7647     2.2206     2.2552 0.0000e+00
     10.000    11.2973   3.626459    31.9763       5447     3.7823     2.1802     2.2556 0.0000e+00
      9.000    11.2908   3.625905    31.9769       5473     3.8003     2.1401     2.2553 0.0000e+00
      8.000    11.2915   3.625867    31.9763       5502     3.8199     2.1130     2.2531 0.0000e+00
      7.000    11.2944   3.626086    31.9764       5529     3.8387     2.0917     2.2541 0.0000e+00
      6.000    11.2943   3.626041    31.9764       5551     3.8544     2.0749     2.2541 0.0000e+00
      5.000    11.2937   3.625753    31.9746       5576     3.8717     2.0556     2.2569 0.0000e+00
      4.000    11.2925   3.625824    31.9768       5611     3.8957     2.0243     2.2569 0.0000e+00
      3.000    11.2888   3.622345    31.9463       5706     3.9616     2.0002     2.2505 0.0000e+00
