HB2304/ctd201.cnv
* Sea-Bird SBE 9 Data File:
* FileName = C:\cruise\data\ctd201.hex
* Software Version Seasave V 7.26.7.121
* Temperature SN = 4591
* Conductivity SN = 3741
* Number of Bytes Per Scan = 37
* Number of Voltage Words = 4
* Number of Scans Averaged by the Deck Unit = 1
* NMEA Latitude = 42 00.20 N
* NMEA Longitude = 069 41.35 W
* NMEA UTC (Time) = Nov 14 2023 19:26:15
* NMEA baud rate = 4800
** Ship: Bigelow HB2304
** Program:  Fall Bottom Trawl Survey
** Chief Scientist: John Galbraith
# nquan = 9
# nvalues = 362                         
# units = specified
# name 0 = depSM: Depth [salt water, m]
# name 1 = t090C: Temperature [ITS-90, deg C]
# name 2 = c0S/m: Conductivity [S/m]
# name 3 = sal00: Salinity, Practical [PSU]
# name 4 = scan: Scan Count
# name 5 = timeM: Time, Elapsed [minutes]
# name 6 = sbeox0V: Oxygen raw, SBE 43 [V]
# name 7 = sbeox1V: Oxygen raw, SBE 43, 2 [V]
# name 8 = flag: flag
# span 0 =      3.000,    184.000       
# span 1 =     7.9214,    11.0017       
# span 2 =   3.465421,   3.626401       
# span 3 =    32.0094,    33.9464       
# span 4 =        214,      11569       
# span 5 =     0.1478,     8.0330       
# span 6 =     1.4955,     4.0312       
# span 7 =     1.4039,     2.2718       
# span 8 = 0.0000e+00, 0.0000e+00       
# interval = meters: 1                  
# start_time = Nov 14 2023 19:26:15 [NMEA time, header]
# bad_flag = -9.990e-29
*END*
[from data line 161]
    165.000     8.0951   3.523363    33.7793       4902     3.4036     1.5497     1.4606 0.0000e+00
    166.000     8.1064   3.525559    33.7913       4930     3.4232     1.5457     1.4570 0.0000e+00
    167.000     8.1151   3.527579    33.8039       4962     3.4448     1.5429     1.4547 0.0000e+00
    168.000     8.1169   3.529055    33.8174       4996     3.4684     1.5397     1.4504 0.0000e+00
    169.000     8.1301   3.532079    33.8365       5025     3.4889     1.5362     1.4470 0.0000e+00
    170.000     8.1457   3.535431    33.8567       5052     3.5079     1.5332     1.4454 0.0000e+00
    171.000     8.1555   3.537712    33.8710       5080     3.5273     1.5302     1.4444 0.0000e+00
    172.000     8.1592   3.538738    33.8779       5109     3.5475     1.5256     1.4406 0.0000e+00
    173.000     8.1595   3.538897    33.8788       5138     3.5672     1.5210     1.4358 0.0000e+00
    174.000     8.1602   3.539090    33.8797       5163     3.5850     1.5180     1.4314 0.0000e+00
    175.000     8.1721   3.541306    33.8914       5192     3.6051     1.5148     1.4267 0.0000e+00
    176.000     8.1803   3.543157    33.9027       5227     3.6292     1.5124     1.4236 0.0000e+00
    177.000     8.1978   3.546806    33.9241       5257     3.6499     1.5103     1.4207 0.0000e+00
    178.000     8.2018   3.547837    33.9308       5288     3.6718     1.5075     1.4190 0.0000e+00
    179.000     8.2025   3.548060    33.9320       5323     3.6961     1.5029     1.4156 0.0000e+00
    180.000     8.2033   3.548257    33.9328       5352     3.7159     1.4998     1.4112 0.0000e+00
    181.000     8.2042   3.548493    33.9341       5378     3.7343     1.4982     1.4095 0.0000e+00
    182.000     8.2068   3.549008    33.9365       5408     3.7549     1.4980     1.4078 0.0000e+00
    183.000     8.2115   3.550054    33.9427       5439     3.7764     1.4971     1.4058 0.0000e+00
    184.000     8.2145   3.550727    33.9464       5479     3.8045     1.4955     1.4044 0.0000e+00
    183.000     8.2108   3.550001    33.9427       5565     3.8637     1.4966     1.4060 0.0000e+00
    182.000     8.2071   3.549208    33.9384       5847     4.0596     1.4962     1.4039 0.0000e+00
    181.000     8.2052   3.548800    33.9363       6140     4.2632     1.4959     1.4061 0.0000e+00
    180.000     8.2035   3.548402    33.9342       6443     4.4735     1.4966     1.4056 0.0000e+00
    179.000     8.2037   3.548373    33.9342       6546     4.5453     1.4968     1.4060 0.0000e+00
    178.000     8.2042   3.548468    33.9352       6570     4.5622     1.4967     1.4083 0.0000e+00
    177.000     8.2018   3.547972    33.9327       6594     4.5784     1.4956     1.4108 0.0000e+00
    176.000     8.1987   3.547275    33.9288       6618     4.5951     1.4955     1.4101 0.0000e+00
    175.000     8.1903   3.545525    33.9187       6642     4.6121     1.4959     1.4095 0.0000e+00
    174.000     8.1863   3.544679    33.9140       6667     4.6292     1.4967     1.4096 0.0000e+00
    173.000     8.1662   3.540739    33.8920       6693     4.6475     1.4966     1.4102 0.0000e+00
    172.000     8.1574   3.538492    33.8770       6718     4.6645     1.4972     1.4104 0.0000e+00
    171.000     8.1559   3.538093    33.8747       6741     4.6804     1.4990     1.4111 0.0000e+00
    170.000     8.1514   3.537143    33.8694       6765     4.6970     1.5021     1.4141 0.0000e+00
    169.000     8.1302   3.532253    33.8382       6789     4.7137     1.5049     1.4175 0.0000e+00
    168.000     8.1218   3.529735    33.8199       6813     4.7307     1.5072     1.4209 0.0000e+00
    167.000     8.1145   3.528460    33.8139       6839     4.7487     1.5109     1.4239 0.0000e+00
    166.000     8.1062   3.526021    33.7964       6866     4.7672     1.5150     1.4280 0.0000e+00
    165.000     8.0993   3.524329    33.7854       6891     4.7848     1.5191     1.4318 0.0000e+00
    164.000     8.0908   3.522724    33.7770       6916     4.8019     1.5238     1.4339 0.0000e+00
    163.000     8.0902   3.522273    33.7732       6942     4.8198     1.5289     1.4370 0.0000e+00
    162.000     8.0793   3.518949    33.7488       6966     4.8371     1.5322     1.4386 0.0000e+00
    161.000     8.0691   3.516594    33.7340       6989     4.8531     1.5350     1.4406 0.0000e+00
    160.000     8.0625   3.515172    33.7256       7013     4.8696     1.5376     1.4440 0.0000e+00
    159.000     8.0622   3.514663    33.7209       7042     4.8894     1.5414     1.4480 0.0000e+00
    158.000     8.0620   3.514300    33.7177       7071     4.9095     1.5448     1.4533 0.0000e+00
    157.000     8.0533   3.512424    33.7066       7095     4.9266     1.5478     1.4570 0.0000e+00
    156.000     8.0494   3.511376    33.6996       7119     4.9428     1.5497     1.4600 0.0000e+00
    155.000     8.0506   3.510843    33.6933       7142     4.9592     1.5528     1.4623 0.0000e+00
    154.000     8.0478   3.509888    33.6863       7166     4.9755     1.5557     1.4628 0.0000e+00
    153.000     8.0434   3.508774    33.6790       7190     4.9925     1.5579     1.4638 0.0000e+00
    152.000     8.0410   3.507615    33.6695       7218     5.0117     1.5607     1.4684 0.0000e+00
    151.000     8.0346   3.504689    33.6448       7245     5.0307     1.5634     1.4677 0.0000e+00
    150.000     8.0368   3.502629    33.6212       7271     5.0486     1.5649     1.4692 0.0000e+00
    149.000     8.0313   3.500357    33.6027       7299     5.0681     1.5673     1.4713 0.0000e+00
    148.000     8.0210   3.497413    33.5817       7328     5.0884     1.5704     1.4760 0.0000e+00
    147.000     8.0066   3.494082    33.5604       7353     5.1056     1.5742     1.4815 0.0000e+00
    146.000     7.9808   3.488406    33.5250       7378     5.1230     1.5785     1.4843 0.0000e+00
    145.000     7.9593   3.484285    33.5020       7405     5.1417     1.5826     1.4891 0.0000e+00
    144.000     7.9506   3.481157    33.4774       7430     5.1592     1.5880     1.4944 0.0000e+00
    143.000     7.9722   3.478602    33.4299       7455     5.1760     1.5958     1.4999 0.0000e+00
    142.000     8.1099   3.489928    33.4198       7480     5.1940     1.6048     1.5066 0.0000e+00
    141.000     8.1617   3.494085    33.4152       7506     5.2121     1.6151     1.5155 0.0000e+00
    140.000     8.0767   3.484786    33.3976       7533     5.2302     1.6248     1.5239 0.0000e+00
    139.000     7.9977   3.475698    33.3764       7562     5.2505     1.6295     1.5306 0.0000e+00
    138.000     7.9541   3.469732    33.3548       7591     5.2710     1.6323     1.5350 0.0000e+00
    137.000     7.9409   3.467174    33.3405       7619     5.2901     1.6325     1.5367 0.0000e+00
    136.000     7.9446   3.466959    33.3351       7646     5.3089     1.6320     1.5371 0.0000e+00
    135.000     7.9486   3.466572    33.3277       7673     5.3276     1.6321     1.5362 0.0000e+00
    134.000     7.9647   3.467125    33.3188       7698     5.3453     1.6310     1.5354 0.0000e+00
    133.000     7.9798   3.467964    33.3138       7722     5.3616     1.6306     1.5359 0.0000e+00
    132.000     8.0024   3.469318    33.3073       7748     5.3796     1.6320     1.5350 0.0000e+00
    131.000     8.0629   3.472998    33.2894       7777     5.3999     1.6340     1.5347 0.0000e+00
    130.000     8.1173   3.475895    33.2691       7804     5.4187     1.6358     1.5355 0.0000e+00
    129.000     8.1230   3.473396    33.2376       7831     5.4373     1.6384     1.5357 0.0000e+00
    128.000     8.2163   3.477392    33.1922       7860     5.4575     1.6419     1.5392 0.0000e+00
    127.000     8.2579   3.480314    33.1844       7887     5.4767     1.6471     1.5457 0.0000e+00
    126.000     8.2697   3.480615    33.1769       7912     5.4938     1.6516     1.5520 0.0000e+00
    125.000     8.2842   3.480942    33.1672       7938     5.5118     1.6556     1.5578 0.0000e+00
    124.000     8.2956   3.481150    33.1591       7968     5.5328     1.6612     1.5625 0.0000e+00
    123.000     8.3105   3.481368    33.1478       7997     5.5528     1.6654     1.5658 0.0000e+00
    122.000     8.3173   3.481573    33.1441       8023     5.5705     1.6685     1.5685 0.0000e+00
    121.000     8.3189   3.481403    33.1413       8049     5.5889     1.6703     1.5709 0.0000e+00
    120.000     8.3228   3.480910    33.1328       8076     5.6077     1.6714     1.5715 0.0000e+00
    119.000     8.3325   3.481053    33.1257       8103     5.6261     1.6734     1.5728 0.0000e+00
    118.000     8.3492   3.481581    33.1160       8130     5.6450     1.6759     1.5762 0.0000e+00
    117.000     8.3749   3.482339    33.1003       8160     5.6661     1.6774     1.5794 0.0000e+00
    116.000     8.3931   3.480334    33.0625       8191     5.6877     1.6805     1.5802 0.0000e+00
    115.000     8.3985   3.477264    33.0255       8219     5.7067     1.6841     1.5826 0.0000e+00
    114.000     8.4262   3.478455    33.0126       8247     5.7264     1.6899     1.5851 0.0000e+00
    113.000     8.4418   3.478958    33.0038       8274     5.7453     1.6963     1.5901 0.0000e+00
    112.000     8.4667   3.479776    32.9896       8300     5.7629     1.7018     1.5953 0.0000e+00
    111.000     8.4535   3.477901    32.9826       8325     5.7806     1.7051     1.6000 0.0000e+00
    110.000     8.4798   3.478744    32.9674       8354     5.8006     1.7061     1.6032 0.0000e+00
    109.000     8.5498   3.483046    32.9477       8384     5.8214     1.7106     1.6051 0.0000e+00
    108.000     8.5620   3.482992    32.9362       8412     5.8407     1.7163     1.6072 0.0000e+00
    107.000     8.5860   3.484549    32.9307       8438     5.8592     1.7204     1.6118 0.0000e+00
    106.000     8.6054   3.484681    32.9145       8470     5.8810     1.7258     1.6181 0.0000e+00
    105.000     8.6400   3.485607    32.8925       8501     5.9027     1.7301     1.6233 0.0000e+00
    104.000     8.6843   3.488043    32.8773       8528     5.9219     1.7338     1.6265 0.0000e+00
    103.000     8.7229   3.490775    32.8705       8559     5.9427     1.7386     1.6319 0.0000e+00
    102.000     8.7352   3.491665    32.8689       8589     5.9637     1.7445     1.6380 0.0000e+00
    101.000     8.7449   3.492358    32.8676       8615     5.9819     1.7499     1.6431 0.0000e+00
    100.000     8.7774   3.494447    32.8598       8641     6.0003     1.7529     1.6462 0.0000e+00
     99.000     8.8304   3.498577    32.8542       8669     6.0191     1.7541     1.6465 0.0000e+00
     98.000     8.8361   3.499153    32.8555       8696     6.0381     1.7566     1.6493 0.0000e+00
     97.000     8.8454   3.499873    32.8548       8729     6.0611     1.7605     1.6523 0.0000e+00
     96.000     8.8615   3.501030    32.8524       8761     6.0831     1.7619     1.6558 0.0000e+00
     95.000     8.8765   3.502194    32.8511       8788     6.1019     1.7630     1.6550 0.0000e+00
     94.000     8.9001   3.504012    32.8487       8817     6.1222     1.7650     1.6584 0.0000e+00
     93.000     8.9237   3.505777    32.8457       8847     6.1433     1.7649     1.6611 0.0000e+00
     92.000     8.9469   3.507703    32.8448       8876     6.1634     1.7664     1.6636 0.0000e+00
     91.000     8.9696   3.509513    32.8431       8908     6.1856     1.7678     1.6640 0.0000e+00
     90.000     8.9894   3.511013    32.8408       8940     6.2078     1.7694     1.6641 0.0000e+00
     89.000     9.0283   3.513479    32.8310       8969     6.2278     1.7712     1.6627 0.0000e+00
     88.000     9.0453   3.514631    32.8277       8997     6.2474     1.7757     1.6658 0.0000e+00
     87.000     9.0561   3.515250    32.8246       9028     6.2685     1.7813     1.6691 0.0000e+00
     86.000     9.0671   3.515843    32.8211       9061     6.2915     1.7850     1.6745 0.0000e+00
     85.000     9.0746   3.516317    32.8195       9094     6.3146     1.7885     1.6795 0.0000e+00
     84.000     9.0773   3.516419    32.8186       9125     6.3361     1.7913     1.6837 0.0000e+00
     83.000     9.0998   3.517596    32.8105       9157     6.3585     1.7942     1.6857 0.0000e+00
     82.000     9.1723   3.522024    32.7902       9189     6.3808     1.7976     1.6854 0.0000e+00
     81.000     9.3042   3.530299    32.7551       9218     6.4006     1.8006     1.6891 0.0000e+00
     80.000     9.3634   3.534924    32.7489       9247     6.4209     1.8073     1.6944 0.0000e+00
     79.000     9.3770   3.535989    32.7478       9280     6.4435     1.8136     1.7029 0.0000e+00
     78.000     9.3895   3.536676    32.7440       9312     6.4660     1.8178     1.7097 0.0000e+00
     77.000     9.4021   3.537311    32.7395       9343     6.4877     1.8191     1.7115 0.0000e+00
     76.000     9.4986   3.542029    32.7002       9377     6.5109     1.8213     1.7115 0.0000e+00
     75.000     9.5828   3.546597    32.6709       9411     6.5346     1.8243     1.7142 0.0000e+00
     74.000     9.6257   3.549113    32.6580       9441     6.5554     1.8295     1.7173 0.0000e+00
     73.000     9.6452   3.550236    32.6522       9470     6.5755     1.8341     1.7234 0.0000e+00
     72.000     9.6783   3.552052    32.6411       9502     6.5981     1.8382     1.7267 0.0000e+00
     71.000     9.7133   3.554134    32.6310       9535     6.6208     1.8430     1.7294 0.0000e+00
     70.000     9.7427   3.555911    32.6230       9569     6.6444     1.8483     1.7367 0.0000e+00
     69.000     9.7748   3.558007    32.6157       9601     6.6670     1.8524     1.7420 0.0000e+00
     68.000     9.8127   3.560468    32.6070       9630     6.6869     1.8546     1.7422 0.0000e+00
     67.000     9.8572   3.563655    32.5995       9658     6.7064     1.8578     1.7434 0.0000e+00
     66.000     9.8877   3.565913    32.5954       9689     6.7278     1.8628     1.7485 0.0000e+00
     65.000     9.9697   3.571253    32.5760       9725     6.7527     1.8704     1.7574 0.0000e+00
     64.000    10.0170   3.574558    32.5673       9760     6.7769     1.8780     1.7641 0.0000e+00
     63.000    10.0536   3.576910    32.5586       9793     6.7997     1.8866     1.7711 0.0000e+00
     62.000    10.1348   3.582457    32.5421       9828     6.8240     1.8974     1.7786 0.0000e+00
     61.000    10.1990   3.587008    32.5308       9860     6.8466     1.9068     1.7833 0.0000e+00
     60.000    10.2200   3.588938    32.5319       9891     6.8678     1.9164     1.7932 0.0000e+00
     59.000    10.2372   3.590359    32.5312       9923     6.8904     1.9252     1.8049 0.0000e+00
     58.000    10.2606   3.592118    32.5284       9956     6.9134     1.9310     1.8140 0.0000e+00
     57.000    10.2909   3.593984    32.5204       9987     6.9345     1.9379     1.8204 0.0000e+00
     56.000    10.3318   3.596597    32.5105      10020     6.9579     1.9438     1.8263 0.0000e+00
     55.000    10.3514   3.597726    32.5048      10057     6.9830     1.9510     1.8296 0.0000e+00
     54.000    10.3609   3.598066    32.5001      10088     7.0051     1.9568     1.8342 0.0000e+00
     53.000    10.4049   3.600030    32.4810      10120     7.0268     1.9599     1.8385 0.0000e+00
     52.000    10.4547   3.602629    32.4630      10148     7.0463     1.9639     1.8415 0.0000e+00
     51.000    10.5099   3.606142    32.4495      10175     7.0653     1.9684     1.8485 0.0000e+00
     50.000    10.5248   3.607207    32.4473      10209     7.0892     1.9763     1.8547 0.0000e+00
     49.000    10.5277   3.607384    32.4469      10245     7.1137     1.9855     1.8616 0.0000e+00
     48.000    10.5492   3.608550    32.4399      10273     7.1330     1.9920     1.8688 0.0000e+00
     47.000    10.5854   3.610613    32.4287      10301     7.1527     1.9952     1.8745 0.0000e+00
     46.000    10.6657   3.615633    32.4079      10332     7.1741     2.0010     1.8817 0.0000e+00
     45.000    10.6762   3.616532    32.4080      10362     7.1950     2.0145     1.8882 0.0000e+00
