HB2304/sbe096.cnv
* Sea-Bird SBE 19plus V2 Data File:
* FileName = C:\cruise\data\sbe096.hex
* Software Version Seasave V 7.26.7.121
* Temperature SN = 7037
* Conductivity SN = 7037
* System UpLoad Time = Oct 30 2023 20:30:56
** Ship: Bigelow
** Cruise:  HB2304
** Program:  Fall Bottom Trawl
# nquan = 8
# nvalues = 973                                   
# units = specified
# name 0 = depSM: Depth [salt water, m], lat = 40.00
# name 1 = tv290C: Temperature [ITS-90, deg C]
# name 2 = c0S/m: Conductivity [S/m]
# name 3 = sal00: Salinity, Practical [PSU]
# name 4 = scan: Scan Count
# name 5 = timeM: Time, Elapsed [minutes]
# name 6 = sbeox0V: Oxygen raw, SBE 43 [V]
# name 7 = flag:  0.000e+00
# span 0 =     -0.154,     29.133                 
# span 1 =    15.6384,    15.7956                 
# span 2 =   0.000045,   4.062384                 
# span 3 =     0.0080,    32.2939                 
# span 4 =         11,        983                 
# span 5 =     0.0417,     4.0917                 
# span 6 =     2.8235,     3.2059                 
# span 7 = 0.0000e+00, 0.0000e+00                 
# interval = seconds: 0.25
# start_time = Oct 30 2023 20:30:56 [System UTC, header]
# bad_flag = -9.990e-29
*END*
     -0.130    15.6615   0.000050     0.0080         11     0.0417     2.8243  0.000e+00
     -0.127    15.6626   0.000055     0.0080         12     0.0458     2.8242  0.000e+00
     -0.128    15.6630   0.000055     0.0080         13     0.0500     2.8235  0.000e+00
     -0.127    15.6635   0.000050     0.0080         14     0.0542     2.8239  0.000e+00
     -0.128    15.6636   0.000055     0.0080         15     0.0583     2.8244  0.000e+00
     -0.127    15.6636   0.000050     0.0080         16     0.0625     2.8241  0.000e+00
     -0.127    15.6636   0.000050     0.0080         17     0.0667     2.8252  0.000e+00
     -0.128    15.6636   0.000055     0.0080         18     0.0708     2.8239  0.000e+00
     -0.132    15.6637   0.000055     0.0080         19     0.0750     2.8254  0.000e+00
     -0.130    15.6637   0.000050     0.0080         20     0.0792     2.8255  0.000e+00
     -0.128    15.6641   0.000050     0.0080         21     0.0833     2.8238  0.000e+00
     -0.128    15.6641   0.000050     0.0080         22     0.0875     2.8258  0.000e+00
     -0.128    15.6644   0.000055     0.0080         23     0.0917     2.8260  0.000e+00
     -0.128    15.6648   0.000055     0.0080         24     0.0958     2.8247  0.000e+00
     -0.130    15.6652   0.000050     0.0080         25     0.1000     2.8245  0.000e+00
     -0.128    15.6656   0.000055     0.0080         26     0.1042     2.8244  0.000e+00
     -0.132    15.6654   0.000055     0.0080         27     0.1083     2.8251  0.000e+00
     -0.134    15.6653   0.000055     0.0080         28     0.1125     2.8248  0.000e+00
     -0.134    15.6655   0.000055     0.0080         29     0.1167     2.8251  0.000e+00
     -0.130    15.6656   0.000050     0.0080         30     0.1208     2.8251  0.000e+00
     -0.130    15.6659   0.000045     0.0080         31     0.1250     2.8249  0.000e+00
     -0.134    15.6660   0.000055     0.0080         32     0.1292     2.8258  0.000e+00
     -0.130    15.6661   0.000050     0.0080         33     0.1333     2.8248  0.000e+00
     -0.128    15.6660   0.000055     0.0080         34     0.1375     2.8248  0.000e+00
     -0.132    15.6659   0.000055     0.0080         35     0.1417     2.8251  0.000e+00
     -0.132    15.6659   0.000050     0.0080         36     0.1458     2.8253  0.000e+00
     -0.128    15.6657   0.000050     0.0080         37     0.1500     2.8251  0.000e+00
     -0.134    15.6655   0.000055     0.0080         38     0.1542     2.8253  0.000e+00
     -0.128    15.6649   0.000050     0.0080         39     0.1583     2.8260  0.000e+00
     -0.130    15.6646   0.000050     0.0080         40     0.1625     2.8257  0.000e+00
     -0.128    15.6643   0.000061     0.0080         41     0.1667     2.8261  0.000e+00
     -0.126    15.6642   0.000050     0.0080         42     0.1708     2.8259  0.000e+00
     -0.128    15.6640   0.000050     0.0080         43     0.1750     2.8262  0.000e+00
     -0.130    15.6639   0.000050     0.0080         44     0.1792     2.8260  0.000e+00
     -0.128    15.6637   0.000050     0.0080         45     0.1833     2.8251  0.000e+00
     -0.132    15.6638   0.000050     0.0080         46     0.1875     2.8255  0.000e+00
     -0.128    15.6638   0.000055     0.0080         47     0.1917     2.8257  0.000e+00
     -0.128    15.6638   0.000055     0.0080         48     0.1958     2.8254  0.000e+00
     -0.130    15.6635   0.000055     0.0080         49     0.2000     2.8245  0.000e+00
     -0.134    15.6635   0.000055     0.0080         50     0.2042     2.8257  0.000e+00
     -0.132    15.6635   0.000055     0.0080         51     0.2083     2.8265  0.000e+00
     -0.134    15.6635   0.000050     0.0080         52     0.2125     2.8254  0.000e+00
     -0.134    15.6637   0.000050     0.0080         53     0.2167     2.8262  0.000e+00
     -0.130    15.6637   0.000050     0.0080         54     0.2208     2.8246  0.000e+00
     -0.134    15.6635   0.000050     0.0080         55     0.2250     2.8256  0.000e+00
     -0.132    15.6630   0.000050     0.0080         56     0.2292     2.8256  0.000e+00
     -0.132    15.6625   0.000050     0.0080         57     0.2333     2.8251  0.000e+00
     -0.128    15.6618   0.000055     0.0080         58     0.2375     2.8257  0.000e+00
     -0.132    15.6609   0.000050     0.0080         59     0.2417     2.8264  0.000e+00
     -0.130    15.6599   0.000055     0.0080         60     0.2458     2.8254  0.000e+00
     -0.130    15.6592   0.000050     0.0080         61     0.2500     2.8257  0.000e+00
     -0.130    15.6588   0.000050     0.0080         62     0.2542     2.8254  0.000e+00
     -0.132    15.6585   0.000055     0.0080         63     0.2583     2.8272  0.000e+00
     -0.130    15.6584   0.000055     0.0080         64     0.2625     2.8259  0.000e+00
     -0.128    15.6584   0.000055     0.0080         65     0.2667     2.8257  0.000e+00
     -0.130    15.6585   0.000050     0.0080         66     0.2708     2.8264  0.000e+00
     -0.125    15.6586   0.000050     0.0080         67     0.2750     2.8253  0.000e+00
     -0.130    15.6587   0.000050     0.0080         68     0.2792     2.8260  0.000e+00
     -0.130    15.6587   0.000050     0.0080         69     0.2833     2.8264  0.000e+00
     -0.128    15.6588   0.000055     0.0080         70     0.2875     2.8264  0.000e+00
     -0.130    15.6588   0.000050     0.0080         71     0.2917     2.8256  0.000e+00
     -0.132    15.6587   0.000050     0.0080         72     0.2958     2.8260  0.000e+00
     -0.128    15.6588   0.000050     0.0080         73     0.3000     2.8260  0.000e+00
     -0.126    15.6584   0.000050     0.0080         74     0.3042     2.8264  0.000e+00
     -0.128    15.6580   0.000050     0.0080         75     0.3083     2.8256  0.000e+00
     -0.125    15.6575   0.000050     0.0080         76     0.3125     2.8261  0.000e+00
     -0.128    15.6570   0.000050     0.0080         77     0.3167     2.8262  0.000e+00
     -0.130    15.6566   0.000050     0.0080         78     0.3208     2.8270  0.000e+00
     -0.126    15.6561   0.000055     0.0080         79     0.3250     2.8264  0.000e+00
     -0.126    15.6558   0.000050     0.0080         80     0.3292     2.8267  0.000e+00
     -0.126    15.6555   0.000050     0.0080         81     0.3333     2.8260  0.000e+00
     -0.126    15.6550   0.000050     0.0080         82     0.3375     2.8262  0.000e+00
     -0.128    15.6547   0.000055     0.0080         83     0.3417     2.8264  0.000e+00
     -0.128    15.6547   0.000050     0.0080         84     0.3458     2.8266  0.000e+00
     -0.126    15.6548   0.000055     0.0080         85     0.3500     2.8263  0.000e+00
     -0.126    15.6550   0.000050     0.0080         86     0.3542     2.8270  0.000e+00
     -0.125    15.6550   0.000055     0.0080         87     0.3583     2.8271  0.000e+00
     -0.126    15.6546   0.000055     0.0080         88     0.3625     2.8262  0.000e+00
     -0.132    15.6540   0.000055     0.0080         89     0.3667     2.8265  0.000e+00
     -0.126    15.6535   0.000050     0.0080         90     0.3708     2.8260  0.000e+00
     -0.125    15.6527   0.000050     0.0080         91     0.3750     2.8264  0.000e+00
     -0.126    15.6518   0.000050     0.0080         92     0.3792     2.8270  0.000e+00
     -0.125    15.6508   0.000050     0.0080         93     0.3833     2.8267  0.000e+00
     -0.126    15.6497   0.000050     0.0080         94     0.3875     2.8260  0.000e+00
     -0.123    15.6487   0.000050     0.0080         95     0.3917     2.8266  0.000e+00
     -0.125    15.6478   0.000050     0.0080         96     0.3958     2.8267  0.000e+00
     -0.125    15.6467   0.000055     0.0080         97     0.4000     2.8276  0.000e+00
     -0.123    15.6456   0.000055     0.0080         98     0.4042     2.8266  0.000e+00
     -0.127    15.6445   0.000055     0.0080         99     0.4083     2.8267  0.000e+00
     -0.123    15.6433   0.000055     0.0080        100     0.4125     2.8277  0.000e+00
     -0.129    15.6424   0.000050     0.0080        101     0.4167     2.8266  0.000e+00
     -0.127    15.6415   0.000055     0.0080        102     0.4208     2.8275  0.000e+00
     -0.128    15.6413   0.000050     0.0080        103     0.4250     2.8270  0.000e+00
     -0.128    15.6410   0.000055     0.0080        104     0.4292     2.8272  0.000e+00
     -0.123    15.6406   0.000050     0.0080        105     0.4333     2.8277  0.000e+00
     -0.123    15.6404   0.000050     0.0080        106     0.4375     2.8277  0.000e+00
     -0.127    15.6405   0.000050     0.0080        107     0.4417     2.8279  0.000e+00
     -0.129    15.6404   0.000050     0.0080        108     0.4458     2.8282  0.000e+00
     -0.129    15.6399   0.000050     0.0080        109     0.4500     2.8295  0.000e+00
     -0.121    15.6386   0.000050     0.0080        110     0.4542     2.8284  0.000e+00
     -0.118    15.6384   0.290637     1.8722        111     0.4583     2.8289  0.000e+00
     -0.022    15.6410   2.409509    18.1893        112     0.4625     2.8336  0.000e+00
      0.063    15.6527   2.681786    20.4498        113     0.4667     2.8535  0.000e+00
      0.208    15.6748   2.186016    16.3378        114     0.4708     2.8870  0.000e+00
      0.358    15.6933   1.619297    11.7767        115     0.4750     2.9200  0.000e+00
      0.506    15.7081   2.506497    18.9610        116     0.4792     2.9474  0.000e+00
      0.656    15.7199   3.391595    26.4472        117     0.4833     2.9661  0.000e+00
      0.806    15.7272   3.363516    26.2001        118     0.4875     2.9787  0.000e+00
      0.956    15.7318   1.908085    14.0646        119     0.4917     2.9894  0.000e+00
      1.099    15.7373   3.357482    26.1414        120     0.4958     2.9995  0.000e+00
      1.238    15.7416   2.549114    19.2984        121     0.5000     3.0104  0.000e+00
      1.369    15.7437   1.331194     9.5109        122     0.5042     3.0224  0.000e+00
      1.493    15.7469   1.113125     7.8383        123     0.5083     3.0322  0.000e+00
      1.622    15.7487   2.293132    17.1828        124     0.5125     3.0386  0.000e+00
      1.757    15.7483   3.614658    28.3609        125     0.5167     3.0365  0.000e+00
      1.913    15.7479   4.059942    32.2735        126     0.5208     3.0328  0.000e+00
      2.076    15.7475   4.060644    32.2801        127     0.5250     3.0228  0.000e+00
      2.238    15.7474   4.058142    32.2579        128     0.5292     3.0130  0.000e+00
      2.394    15.7477   4.057526    32.2521        129     0.5333     3.0035  0.000e+00
      2.537    15.7484   4.057886    32.2547        130     0.5375     2.9929  0.000e+00
      2.676    15.7486   4.059467    32.2684        131     0.5417     2.9783  0.000e+00
      2.813    15.7491   4.062384    32.2939        132     0.5458     2.9621  0.000e+00
      2.943    15.7513   4.062360    32.2918        133     0.5500     2.9455  0.000e+00
      3.066    15.7562   4.058143    32.2504        134     0.5542     2.9307  0.000e+00
      3.189    15.7619   4.053232    32.2022        135     0.5583     2.9183  0.000e+00
      3.314    15.7674   4.045185    32.1263        136     0.5625     2.9080  0.000e+00
      3.437    15.7721   4.039221    32.0697        137     0.5667     2.9019  0.000e+00
      3.562    15.7744   4.033601    32.0180        138     0.5708     2.9020  0.000e+00
      3.674    15.7759   4.031185    31.9954        139     0.5750     2.9090  0.000e+00
      3.782    15.7766   4.026848    31.9564        140     0.5792     2.9184  0.000e+00
      3.889    15.7773   4.022281    31.9154        141     0.5833     2.9294  0.000e+00
      3.999    15.7786   4.018081    31.8772        142     0.5875     2.9413  0.000e+00
      4.108    15.7801   4.014198    31.8416        143     0.5917     2.9535  0.000e+00
      4.218    15.7817   4.011520    31.8166        144     0.5958     2.9619  0.000e+00
      4.335    15.7828   4.009000    31.7933        145     0.6000     2.9696  0.000e+00
      4.457    15.7843   4.007142    31.7757        146     0.6042     2.9780  0.000e+00
      4.583    15.7860   4.005194    31.7571        147     0.6083     2.9848  0.000e+00
      4.713    15.7872   4.003064    31.7372        148     0.6125     2.9919  0.000e+00
      4.838    15.7880   4.001560    31.7233        149     0.6167     2.9984  0.000e+00
      4.965    15.7890   4.000656    31.7144        150     0.6208     3.0054  0.000e+00
      5.086    15.7901   3.999115    31.6999        151     0.6250     3.0114  0.000e+00
      5.209    15.7907   3.997357    31.6838        152     0.6292     3.0164  0.000e+00
      5.323    15.7911   3.996265    31.6738        153     0.6333     3.0195  0.000e+00
      5.433    15.7920   3.995507    31.6664        154     0.6375     3.0239  0.000e+00
      5.543    15.7925   3.995016    31.6616        155     0.6417     3.0262  0.000e+00
      5.653    15.7934   3.994252    31.6541        156     0.6458     3.0282  0.000e+00
      5.760    15.7938   3.993731    31.6491        157     0.6500     3.0300  0.000e+00
      5.872    15.7944   3.993258    31.6444        158     0.6542     3.0311  0.000e+00
      5.984    15.7948   3.992307    31.6357        159     0.6583     3.0334  0.000e+00
      6.095    15.7948   3.991361    31.6272        160     0.6625     3.0335  0.000e+00
      6.208    15.7948   3.990840    31.6227        161     0.6667     3.0332  0.000e+00
      6.322    15.7948   3.989840    31.6138        162     0.6708     3.0329  0.000e+00
      6.436    15.7944   3.989016    31.6068        163     0.6750     3.0317  0.000e+00
      6.552    15.7943   3.988283    31.6003        164     0.6792     3.0316  0.000e+00
      6.669    15.7942   3.987720    31.5954        165     0.6833     3.0327  0.000e+00
      6.783    15.7942   3.987223    31.5910        166     0.6875     3.0327  0.000e+00
      6.899    15.7940   3.986727    31.5867        167     0.6917     3.0329  0.000e+00
      7.016    15.7937   3.986230    31.5825        168     0.6958     3.0324  0.000e+00
      7.129    15.7939   3.985824    31.5787        169     0.7000     3.0312  0.000e+00
      7.242    15.7940   3.985515    31.5759        170     0.7042     3.0301  0.000e+00
      7.362    15.7936   3.985285    31.5741        171     0.7083     3.0288  0.000e+00
      7.474    15.7934   3.984813    31.5701        172     0.7125     3.0281  0.000e+00
      7.590    15.7932   3.984220    31.5650        173     0.7167     3.0295  0.000e+00
      7.702    15.7928   3.983608    31.5598        174     0.7208     3.0279  0.000e+00
      7.816    15.7925   3.983160    31.5560        175     0.7250     3.0280  0.000e+00
      7.930    15.7921   3.982900    31.5540        176     0.7292     3.0279  0.000e+00
      8.038    15.7920   3.982615    31.5516        177     0.7333     3.0267  0.000e+00
      8.148    15.7916   3.982355    31.5496        178     0.7375     3.0265  0.000e+00
      8.257    15.7914   3.982028    31.5468        179     0.7417     3.0264  0.000e+00
      8.363    15.7911   3.981719    31.5443        180     0.7458     3.0260  0.000e+00
      8.472    15.7909   3.981435    31.5418        181     0.7500     3.0248  0.000e+00
      8.588    15.7906   3.981174    31.5398        182     0.7542     3.0226  0.000e+00
      8.696    15.7907   3.981035    31.5384        183     0.7583     3.0214  0.000e+00
      8.810    15.7908   3.980938    31.5375        184     0.7625     3.0195  0.000e+00
      8.922    15.7904   3.980823    31.5367        185     0.7667     3.0169  0.000e+00
      9.030    15.7902   3.980702    31.5357        186     0.7708     3.0173  0.000e+00
      9.142    15.7902   3.980539    31.5343        187     0.7750     3.0163  0.000e+00
      9.249    15.7899   3.980400    31.5332        188     0.7792     3.0178  0.000e+00
      9.358    15.7900   3.980303    31.5323        189     0.7833     3.0173  0.000e+00
