HB2304/sbe065.cnv
* Sea-Bird SBE 19plus V2 Data File:
* FileName = C:\cruise\data\sbe065.hex
* Software Version Seasave V 7.26.7.121
* Temperature SN = 7037
* Conductivity SN = 7037
* System UpLoad Time = Oct 13 2023 05:19:25
** Ship: Bigelow
** Cruise:  HB2304
** Program:  Fall Bottom Trawl
# nquan = 7
# nvalues = 2077                                  
# units = specified
# name 0 = depSM: Depth [salt water, m], lat = 40.00
# name 1 = tv290C: Temperature [ITS-90, deg C]
# name 2 = c0S/m: Conductivity [S/m]
# name 3 = sal00: Salinity, Practical [PSU]
# name 4 = scan: Scan Count
# name 5 = timeM: Time, Elapsed [minutes]
# name 6 = flag:  0.000e+00
# span 0 =     -0.083,     93.276                 
# span 1 =     9.9411,    17.7590                 
# span 2 =  -0.000018,   4.379327                 
# span 3 =     0.0000,    33.6742                 
# span 4 =         11,       2087                 
# span 5 =     0.0417,     8.6917                 
# span 6 = 0.0000e+00, 0.0000e+00                 
# interval = seconds: 0.25
# start_time = Oct 13 2023 05:19:25 [System UTC, header]
# bad_flag = -9.990e-29
*END*
[from data line 206]
     11.690    16.2873   4.170891    32.8065        217     0.9000  0.000e+00
     11.849    16.2849   4.170441    32.8044        218     0.9042  0.000e+00
     12.013    16.2827   4.169996    32.8022        219     0.9083  0.000e+00
     12.172    16.2813   4.169793    32.8015        220     0.9125  0.000e+00
     12.326    16.2813   4.170175    32.8048        221     0.9167  0.000e+00
     12.474    16.2827   4.170521    32.8067        222     0.9208  0.000e+00
     12.620    16.2843   4.171015    32.8097        223     0.9250  0.000e+00
     12.756    16.2871   4.171571    32.8122        224     0.9292  0.000e+00
     12.882    16.2939   4.171564    32.8065        225     0.9333  0.000e+00
     13.011    16.3046   4.171570    32.7977        226     0.9375  0.000e+00
     13.141    16.3159   4.171490    32.7876        227     0.9417  0.000e+00
     13.269    16.3254   4.171015    32.7755        228     0.9458  0.000e+00
     13.406    16.3321   4.170496    32.7655        229     0.9500  0.000e+00
     13.549    16.3397   4.170484    32.7590        230     0.9542  0.000e+00
     13.697    16.3503   4.171366    32.7580        231     0.9583  0.000e+00
     13.849    16.3551   4.172712    32.7658        232     0.9625  0.000e+00
     14.006    16.3430   4.173817    32.7854        233     0.9667  0.000e+00
     14.167    16.3257   4.174917    32.8092        234     0.9708  0.000e+00
     14.328    16.3080   4.175467    32.8285        235     0.9750  0.000e+00
     14.494    16.2956   4.175541    32.8394        236     0.9792  0.000e+00
     14.660    16.2877   4.175399    32.8446        237     0.9833  0.000e+00
     14.828    16.2809   4.174819    32.8450        238     0.9875  0.000e+00
     14.991    16.2746   4.173455    32.8382        239     0.9917  0.000e+00
     15.148    16.2693   4.172232    32.8317        240     0.9958  0.000e+00
     15.295    16.2656   4.172022    32.8329        241     1.0000  0.000e+00
     15.432    16.2633   4.171807    32.8329        242     1.0042  0.000e+00
     15.566    16.2662   4.171547    32.8281        243     1.0083  0.000e+00
     15.687    16.2756   4.171850    32.8230        244     1.0125  0.000e+00
     15.813    16.2878   4.172232    32.8163        245     1.0167  0.000e+00
     15.938    16.3002   4.172096    32.8048        246     1.0208  0.000e+00
     16.061    16.3091   4.171615    32.7932        247     1.0250  0.000e+00
     16.189    16.3134   4.171621    32.7897        248     1.0292  0.000e+00
     16.325    16.3197   4.172380    32.7911        249     1.0333  0.000e+00
     16.458    16.3249   4.173566    32.7971        250     1.0375  0.000e+00
     16.607    16.3144   4.174510    32.8140        251     1.0417  0.000e+00
     16.757    16.2978   4.175159    32.8334        252     1.0458  0.000e+00
     16.907    16.2843   4.175369    32.8463        253     1.0500  0.000e+00
     17.067    16.2784   4.175616    32.8533        254     1.0542  0.000e+00
     17.232    16.2750   4.175993    32.8593        255     1.0583  0.000e+00
     17.400    16.2708   4.176432    32.8666        256     1.0625  0.000e+00
     17.577    16.2677   4.176667    32.8712        257     1.0667  0.000e+00
     17.751    16.2656   4.176772    32.8737        258     1.0708  0.000e+00
     17.920    16.2641   4.176766    32.8748        259     1.0750  0.000e+00
     18.092    16.2626   4.176673    32.8752        260     1.0792  0.000e+00
     18.258    16.2613   4.176358    32.8735        261     1.0833  0.000e+00
     18.423    16.2594   4.176192    32.8735        262     1.0875  0.000e+00
     18.573    16.2576   4.175747    32.8710        263     1.0917  0.000e+00
     18.728    16.2556   4.175136    32.8672        264     1.0958  0.000e+00
     18.876    16.2538   4.174870    32.8663        265     1.1000  0.000e+00
     19.027    16.2518   4.174654    32.8660        266     1.1042  0.000e+00
     19.177    16.2498   4.174611    32.8672        267     1.1083  0.000e+00
     19.321    16.2484   4.174920    32.8711        268     1.1125  0.000e+00
     19.464    16.2469   4.175229    32.8749        269     1.1167  0.000e+00
     19.610    16.2456   4.175494    32.8783        270     1.1208  0.000e+00
     19.760    16.2443   4.176026    32.8840        271     1.1250  0.000e+00
     19.907    16.2430   4.176791    32.8918        272     1.1292  0.000e+00
     20.051    16.2416   4.176946    32.8942        273     1.1333  0.000e+00
     20.187    16.2399   4.176575    32.8923        274     1.1375  0.000e+00
     20.326    16.2385   4.176600    32.8936        275     1.1417  0.000e+00
     20.460    16.2374   4.177076    32.8987        276     1.1458  0.000e+00
     20.595    16.2367   4.178064    32.9079        277     1.1500  0.000e+00
     20.723    16.2360   4.179979    32.9252        278     1.1542  0.000e+00
     20.853    16.2348   4.182191    32.9456        279     1.1583  0.000e+00
     20.989    16.2337   4.183613    32.9590        280     1.1625  0.000e+00
     21.123    16.2359   4.184330    32.9635        281     1.1667  0.000e+00
     21.258    16.2476   4.184738    32.9573        282     1.1708  0.000e+00
     21.397    16.2631   4.185114    32.9478        283     1.1750  0.000e+00
     21.538    16.2769   4.185893    32.9431        284     1.1792  0.000e+00
     21.692    16.2894   4.186845    32.9411        285     1.1833  0.000e+00
     21.856    16.3017   4.187383    32.9356        286     1.1875  0.000e+00
     22.021    16.3146   4.187741    32.9280        287     1.1917  0.000e+00
     22.196    16.3264   4.187976    32.9203        288     1.1958  0.000e+00
     22.370    16.3356   4.188224    32.9147        289     1.2000  0.000e+00
     22.545    16.3427   4.188848    32.9143        290     1.2042  0.000e+00
     22.716    16.3482   4.189584    32.9161        291     1.2083  0.000e+00
     22.886    16.3534   4.190246    32.9176        292     1.2125  0.000e+00
     23.049    16.3586   4.190635    32.9167        293     1.2167  0.000e+00
     23.201    16.3643   4.189930    32.9057        294     1.2208  0.000e+00
     23.347    16.3678   4.185312    32.8623        295     1.2250  0.000e+00
     23.485    16.3670   4.184187    32.8530        296     1.2292  0.000e+00
     23.620    16.3630   4.184329    32.8575        297     1.2333  0.000e+00
     23.756    16.3720   4.185961    32.8643        298     1.2375  0.000e+00
     23.886    16.4210   4.190084    32.8601        299     1.2417  0.000e+00
     24.018    16.5053   4.198893    32.8678        300     1.2458  0.000e+00
     24.153    16.6015   4.210616    32.8910        301     1.2500  0.000e+00
     24.291    16.6995   4.296505    33.5592        302     1.2542  0.000e+00
     24.439    16.8552   4.321561    33.6472        303     1.2583  0.000e+00
     24.587    17.0372   4.323288    33.5102        304     1.2625  0.000e+00
     24.748    17.1687   4.324357    33.4103        305     1.2667  0.000e+00
     24.911    17.2547   4.325133    33.3458        306     1.2708  0.000e+00
     25.084    17.3103   4.325258    33.3010        307     1.2750  0.000e+00
     25.258    17.3443   4.325633    33.2761        308     1.2792  0.000e+00
     25.429    17.3652   4.326235    33.2641        309     1.2833  0.000e+00
     25.612    17.3789   4.326059    33.2513        310     1.2875  0.000e+00
     25.789    17.3876   4.326109    33.2445        311     1.2917  0.000e+00
     25.959    17.3944   4.331243    33.2829        312     1.2958  0.000e+00
     26.127    17.4074   4.335357    33.3075        313     1.3000  0.000e+00
     26.286    17.4288   4.337565    33.3088        314     1.3042  0.000e+00
     26.439    17.4500   4.337640    33.2920        315     1.3083  0.000e+00
     26.577    17.4665   4.339046    33.2904        316     1.3125  0.000e+00
     26.712    17.4797   4.339780    33.2859        317     1.3167  0.000e+00
     26.833    17.4912   4.339955    33.2779        318     1.3208  0.000e+00
     26.960    17.4997   4.340407    33.2747        319     1.3250  0.000e+00
     27.081    17.5059   4.340432    33.2698        320     1.3292  0.000e+00
     27.206    17.5101   4.340432    33.2663        321     1.3333  0.000e+00
     27.325    17.5128   4.340457    33.2642        322     1.3375  0.000e+00
     27.450    17.5144   4.340683    33.2648        323     1.3417  0.000e+00
     27.578    17.5159   4.340608    33.2629        324     1.3458  0.000e+00
     27.708    17.5173   4.340633    33.2619        325     1.3500  0.000e+00
     27.842    17.5178   4.340583    33.2611        326     1.3542  0.000e+00
     27.985    17.5182   4.340483    33.2598        327     1.3583  0.000e+00
     28.126    17.5180   4.340106    33.2567        328     1.3625  0.000e+00
     28.268    17.5168   4.338092    33.2404        329     1.3667  0.000e+00
     28.415    17.5116   4.337389    33.2385        330     1.3708  0.000e+00
     28.572    17.5053   4.337766    33.2469        331     1.3750  0.000e+00
     28.729    17.5009   4.339529    33.2656        332     1.3792  0.000e+00
     28.888    17.5011   4.341839    33.2851        333     1.3833  0.000e+00
     29.049    17.5063   4.343678    33.2965        334     1.3875  0.000e+00
     29.210    17.5140   4.345210    33.3033        335     1.3917  0.000e+00
     29.374    17.5231   4.347728    33.3174        336     1.3958  0.000e+00
     29.537    17.5343   4.349216    33.3208        337     1.4000  0.000e+00
     29.702    17.5463   4.350397    33.3210        338     1.4042  0.000e+00
     29.864    17.5571   4.351409    33.3207        339     1.4083  0.000e+00
     30.023    17.5667   4.352640    33.3234        340     1.4125  0.000e+00
     30.186    17.5757   4.354688    33.3335        341     1.4167  0.000e+00
     30.347    17.5856   4.355417    33.3315        342     1.4208  0.000e+00
     30.502    17.5947   4.356505    33.3333        343     1.4250  0.000e+00
     30.665    17.6030   4.357334    33.3336        344     1.4292  0.000e+00
     30.822    17.6107   4.358548    33.3375        345     1.4333  0.000e+00
     30.985    17.6185   4.359836    33.3421        346     1.4375  0.000e+00
     31.138    17.6260   4.360798    33.3441        347     1.4417  0.000e+00
     31.294    17.6336   4.361836    33.3467        348     1.4458  0.000e+00
     31.448    17.6416   4.362697    33.3474        349     1.4500  0.000e+00
     31.607    17.6485   4.364213    33.3547        350     1.4542  0.000e+00
     31.760    17.6569   4.365176    33.3559        351     1.4583  0.000e+00
     31.912    17.6650   4.366516    33.3607        352     1.4625  0.000e+00
     32.069    17.6731   4.367302    33.3607        353     1.4667  0.000e+00
     32.221    17.6805   4.367755    33.3584        354     1.4708  0.000e+00
     32.385    17.6868   4.368391    33.3586        355     1.4750  0.000e+00
     32.546    17.6918   4.368240    33.3532        356     1.4792  0.000e+00
     32.711    17.6946   4.367705    33.3462        357     1.4833  0.000e+00
     32.875    17.6946   4.366918    33.3395        358     1.4875  0.000e+00
     33.040    17.6917   4.367755    33.3490        359     1.4917  0.000e+00
     33.204    17.6891   4.369706    33.3677        360     1.4958  0.000e+00
     33.365    17.6899   4.371305    33.3806        361     1.5000  0.000e+00
     33.515    17.6943   4.372545    33.3875        362     1.5042  0.000e+00
     33.667    17.7002   4.372879    33.3855        363     1.5083  0.000e+00
     33.810    17.7057   4.373867    33.3893        364     1.5125  0.000e+00
     33.945    17.7109   4.374780    33.3928        365     1.5167  0.000e+00
     34.077    17.7166   4.376228    33.4005        366     1.5208  0.000e+00
     34.200    17.7229   4.377217    33.4037        367     1.5250  0.000e+00
     34.321    17.7287   4.377576    33.4020        368     1.5292  0.000e+00
     34.439    17.7330   4.377677    33.3993        369     1.5333  0.000e+00
     34.569    17.7349   4.377702    33.3979        370     1.5375  0.000e+00
     34.697    17.7358   4.377626    33.3965        371     1.5417  0.000e+00
     34.834    17.7350   4.377167    33.3931        372     1.5458  0.000e+00
     34.977    17.7318   4.375920    33.3850        373     1.5500  0.000e+00
     35.114    17.7253   4.374327    33.3767        374     1.5542  0.000e+00
     35.272    17.7160   4.373030    33.3732        375     1.5583  0.000e+00
     35.433    17.7052   4.371003    33.3647        376     1.5625  0.000e+00
     35.599    17.6925   4.367328    33.3437        377     1.5667  0.000e+00
     35.774    17.6751   4.360699    33.3013        378     1.5708  0.000e+00
     35.948    17.6462   4.354156    33.2690        379     1.5750  0.000e+00
     36.121    17.6063   4.349696    33.2635        380     1.5792  0.000e+00
     36.298    17.5630   4.347580    33.2808        381     1.5833  0.000e+00
     36.474    17.5235   4.345615    33.2963        382     1.5875  0.000e+00
     36.644    17.4907   4.345138    33.3191        383     1.5917  0.000e+00
     36.808    17.4651   4.343399    33.3251        384     1.5958  0.000e+00
     36.972    17.4439   4.342596    33.3357        385     1.6000  0.000e+00
     37.130    17.4250   4.340187    33.3305        386     1.6042  0.000e+00
     37.280    17.4048   4.338549    33.3329        387     1.6083  0.000e+00
     37.432    17.3845   4.336617    33.3330        388     1.6125  0.000e+00
     37.576    17.3642   4.335118    33.3368        389     1.6167  0.000e+00
     37.721    17.3449   4.334159    33.3443        390     1.6208  0.000e+00
     37.871    17.3283   4.333482    33.3522        391     1.6250  0.000e+00
     38.015    17.3143   4.333482    33.3637        392     1.6292  0.000e+00
     38.165    17.3048   4.333006    33.3674        393     1.6333  0.000e+00
     38.315    17.2973   4.332830    33.3720        394     1.6375  0.000e+00
     38.469    17.2907   4.333156    33.3802        395     1.6417  0.000e+00
     38.626    17.2856   4.333683    33.3888        396     1.6458  0.000e+00
     38.789    17.2830   4.334386    33.3970        397     1.6500  0.000e+00
     38.962    17.2817   4.335364    33.4064        398     1.6542  0.000e+00
     39.134    17.2808   4.336067    33.4132        399     1.6583  0.000e+00
     39.304    17.2772   4.333207    33.3914        400     1.6625  0.000e+00
     39.479    17.2644   4.329947    33.3738        401     1.6667  0.000e+00
     39.649    17.2431   4.328091    33.3754        402     1.6708  0.000e+00
     39.806    17.2203   4.327446    33.3886        403     1.6750  0.000e+00
     39.976    17.2007   4.327296    33.4034        404     1.6792  0.000e+00
     40.130    17.1858   4.326770    33.4112        405     1.6833  0.000e+00
     40.280    17.1722   4.325918    33.4150        406     1.6875  0.000e+00
     40.423    17.1579   4.323988    33.4102        407     1.6917  0.000e+00
     40.555    17.1402   4.321889    33.4066        408     1.6958  0.000e+00
     40.674    17.1202   4.320092    33.4076        409     1.7000  0.000e+00
     40.788    17.1000   4.317944    33.4057        410     1.7042  0.000e+00
     40.896    17.0786   4.317218    33.4171        411     1.7083  0.000e+00
     40.996    17.0607   4.316718    33.4276        412     1.7125  0.000e+00
     41.099    17.0473   4.316818    33.4396        413     1.7167  0.000e+00
     41.202    17.0382   4.316818    33.4471        414     1.7208  0.000e+00
     41.310    17.0324   4.316768    33.4515        415     1.7250  0.000e+00
     41.428    17.0288   4.316543    33.4524        416     1.7292  0.000e+00
     41.549    17.0254   4.316292    33.4530        417     1.7333  0.000e+00
     41.682    17.0215   4.316299    33.4563        418     1.7375  0.000e+00
     41.827    17.0187   4.316149    33.4573        419     1.7417  0.000e+00
     41.982    17.0162   4.316049    33.4584        420     1.7458  0.000e+00
