HB2304/sbe053.cnv
* Sea-Bird SBE 19plus V2 Data File:
* FileName = C:\cruise\data\sbe053.hex
* Software Version Seasave V 7.26.7.121
* Temperature SN = 7037
* Conductivity SN = 7037
* System UpLoad Time = Oct 10 2023 03:45:45
** Ship: Bigelow
** Cruise:  HB2304
** Program:  Fall Bottom Trawl
# nquan = 7
# nvalues = 4595                                  
# units = specified
# name 0 = depSM: Depth [salt water, m], lat = 40.00
# name 1 = tv290C: Temperature [ITS-90, deg C]
# name 2 = c0S/m: Conductivity [S/m]
# name 3 = sal00: Salinity, Practical [PSU]
# name 4 = scan: Scan Count
# name 5 = timeM: Time, Elapsed [minutes]
# name 6 = flag:  0.000e+00
# span 0 =     -0.089,    192.646                 
# span 1 =    12.2790,    21.5509                 
# span 2 =   0.000036,   4.943111                 
# span 3 =     0.0085,    35.7631                 
# span 4 =         11,       4605                 
# span 5 =     0.0417,    19.1833                 
# span 6 = 0.0000e+00, 0.0000e+00                 
# interval = seconds: 0.25
# start_time = Oct 10 2023 03:45:45 [System UTC, header]
# bad_flag = -9.990e-29
*END*
[from data line 4308]
     17.764    16.8078   4.156879    32.2586       4319    17.9917  0.000e+00
     17.712    16.7899   4.156509    32.2698       4320    17.9958  0.000e+00
     17.667    16.7714   4.169042    32.3934       4321    18.0000  0.000e+00
     17.621    16.7544   4.167444    32.3932       4322    18.0042  0.000e+00
     17.578    16.7407   4.163853    32.3732       4323    18.0083  0.000e+00
     17.535    16.7296   4.156269    32.3163       4324    18.0125  0.000e+00
     17.495    16.7191   4.155166    32.3152       4325    18.0167  0.000e+00
     17.457    16.7074   4.154032    32.3148       4326    18.0208  0.000e+00
     17.425    16.6946   4.153509    32.3206       4327    18.0250  0.000e+00
     17.390    16.6819   4.152283    32.3202       4328    18.0292  0.000e+00
     17.358    16.6694   4.152320    32.3306       4329    18.0333  0.000e+00
     17.325    16.6571   4.152604    32.3430       4330    18.0375  0.000e+00
     17.294    16.6458   4.151889    32.3460       4331    18.0417  0.000e+00
     17.258    16.6352   4.150793    32.3450       4332    18.0458  0.000e+00
     17.220    16.6249   4.150152    32.3477       4333    18.0500  0.000e+00
     17.179    16.6155   4.144148    32.3031       4334    18.0542  0.000e+00
     17.130    16.6060   4.139366    32.2692       4335    18.0583  0.000e+00
     17.070    16.5952   4.139785    32.2815       4336    18.0625  0.000e+00
     17.012    16.5834   4.140696    32.2990       4337    18.0667  0.000e+00
     16.949    16.5714   4.141250    32.3136       4338    18.0708  0.000e+00
     16.884    16.5597   4.142450    32.3335       4339    18.0750  0.000e+00
     16.814    16.5491   4.141841    32.3367       4340    18.0792  0.000e+00
     16.747    16.5397   4.137829    32.3094       4341    18.0833  0.000e+00
     16.675    16.5309   4.133849    32.2819       4342    18.0875  0.000e+00
     16.597    16.5218   4.131623    32.2699       4343    18.0917  0.000e+00
     16.519    16.5113   4.131654    32.2787       4344    18.0958  0.000e+00
     16.436    16.5001   4.130628    32.2787       4345    18.1000  0.000e+00
     16.360    16.4892   4.129036    32.2737       4346    18.1042  0.000e+00
     16.293    16.4783   4.128360    32.2766       4347    18.1083  0.000e+00
     16.227    16.4676   4.129263    32.2932       4348    18.1125  0.000e+00
     16.171    16.4575   4.126467    32.2770       4349    18.1167  0.000e+00
     16.116    16.4478   4.122953    32.2542       4350    18.1208  0.000e+00
     16.062    16.4377   4.121675    32.2512       4351    18.1250  0.000e+00
     16.010    16.4272   4.118838    32.2349       4352    18.1292  0.000e+00
     15.950    16.4164   4.118163    32.2378       4353    18.1333  0.000e+00
     15.887    16.4047   4.114344    32.2139       4354    18.1375  0.000e+00
     15.835    16.3929   4.112841    32.2103       4355    18.1417  0.000e+00
     15.773    16.3806   4.110209    32.1972       4356    18.1458  0.000e+00
     15.712    16.3681   4.106345    32.1736       4357    18.1500  0.000e+00
     15.654    16.3546   4.107105    32.1911       4358    18.1542  0.000e+00
     15.598    16.3409   4.106124    32.1936       4359    18.1583  0.000e+00
     15.538    16.3275   4.104898    32.1937       4360    18.1625  0.000e+00
     15.484    16.3145   4.103181    32.1892       4361    18.1667  0.000e+00
     15.426    16.3021   4.102942    32.1971       4362    18.1708  0.000e+00
     15.357    16.2899   4.102152    32.2001       4363    18.1750  0.000e+00
     15.298    16.2785   4.102428    32.2118       4364    18.1792  0.000e+00
     15.245    16.2676   4.097604    32.1784       4365    18.1833  0.000e+00
     15.199    16.2572   4.097923    32.1895       4366    18.1875  0.000e+00
     15.159    16.2463   4.095724    32.1791       4367    18.1917  0.000e+00
     15.123    16.2355   4.094817    32.1799       4368    18.1958  0.000e+00
     15.086    16.2247   4.094382    32.1849       4369    18.2000  0.000e+00
     15.063    16.2139   4.092759    32.1793       4370    18.2042  0.000e+00
     15.029    16.2036   4.091890    32.1801       4371    18.2083  0.000e+00
     14.996    16.1935   4.090941    32.1799       4372    18.2125  0.000e+00
     14.958    16.1833   4.090610    32.1853       4373    18.2167  0.000e+00
     14.911    16.1736   4.090255    32.1900       4374    18.2208  0.000e+00
     14.862    16.1643   4.090090    32.1962       4375    18.2250  0.000e+00
     14.812    16.1557   4.089276    32.1959       4376    18.2292  0.000e+00
     14.748    16.1478   4.089037    32.2003       4377    18.2333  0.000e+00
     14.683    16.1402   4.088621    32.2028       4378    18.2375  0.000e+00
     14.615    16.1328   4.088964    32.2118       4379    18.2417  0.000e+00
     14.541    16.1262   4.088578    32.2139       4380    18.2458  0.000e+00
     14.456    16.1198   4.087948    32.2135       4381    18.2500  0.000e+00
     14.374    16.1141   4.085530    32.1969       4382    18.2542  0.000e+00
     14.300    16.1081   4.085114    32.1981       4383    18.2583  0.000e+00
     14.230    16.1020   4.085353    32.2052       4384    18.2625  0.000e+00
     14.165    16.0961   4.086479    32.2200       4385    18.2667  0.000e+00
     14.111    16.0904   4.089209    32.2486       4386    18.2708  0.000e+00
     14.062    16.0858   4.090575    32.2644       4387    18.2750  0.000e+00
     14.020    16.0829   4.089356    32.2560       4388    18.2792  0.000e+00
     13.986    16.0807   4.090936    32.2717       4389    18.2833  0.000e+00
     13.959    16.0792   4.089944    32.2642       4390    18.2875  0.000e+00
     13.930    16.0781   4.083897    32.2119       4391    18.2917  0.000e+00
     13.905    16.0765   4.081596    32.1930       4392    18.2958  0.000e+00
     13.874    16.0727   4.085139    32.2272       4393    18.3000  0.000e+00
     13.841    16.0681   4.082600    32.2086       4394    18.3042  0.000e+00
     13.800    16.0639   4.080954    32.1976       4395    18.3083  0.000e+00
     13.746    16.0591   4.081150    32.2032       4396    18.3125  0.000e+00
     13.697    16.0540   4.081248    32.2082       4397    18.3167  0.000e+00
     13.639    16.0492   4.082728    32.2252       4398    18.3208  0.000e+00
     13.579    16.0445   4.083193    32.2331       4399    18.3250  0.000e+00
     13.518    16.0410   4.084001    32.2431       4400    18.3292  0.000e+00
     13.449    16.0383   4.084484    32.2496       4401    18.3333  0.000e+00
     13.379    16.0362   4.085041    32.2562       4402    18.3375  0.000e+00
     13.303    16.0349   4.083463    32.2434       4403    18.3417  0.000e+00
     13.233    16.0336   4.083316    32.2431       4404    18.3458  0.000e+00
     13.160    16.0324   4.083536    32.2461       4405    18.3500  0.000e+00
     13.092    16.0310   4.083487    32.2469       4406    18.3542  0.000e+00
     13.027    16.0298   4.082661    32.2406       4407    18.3583  0.000e+00
     12.967    16.0282   4.082814    32.2432       4408    18.3625  0.000e+00
     12.913    16.0266   4.083169    32.2476       4409    18.3667  0.000e+00
     12.866    16.0252   4.082802    32.2456       4410    18.3708  0.000e+00
     12.815    16.0238   4.082741    32.2462       4411    18.3750  0.000e+00
     12.774    16.0226   4.082245    32.2429       4412    18.3792  0.000e+00
     12.732    16.0214   4.080783    32.2310       4413    18.3833  0.000e+00
     12.692    16.0196   4.080202    32.2273       4414    18.3875  0.000e+00
     12.665    16.0178   4.079009    32.2183       4415    18.3917  0.000e+00
     12.631    16.0151   4.079376    32.2237       4416    18.3958  0.000e+00
     12.593    16.0122   4.076918    32.2044       4417    18.4000  0.000e+00
     12.541    16.0090   4.077529    32.2124       4418    18.4042  0.000e+00
     12.492    16.0056   4.077566    32.2155       4419    18.4083  0.000e+00
     12.434    16.0022   4.080202    32.2416       4420    18.4125  0.000e+00
     12.371    15.9994   4.078887    32.2323       4421    18.4167  0.000e+00
     12.295    15.9974   4.075567    32.2046       4422    18.4208  0.000e+00
     12.210    15.9954   4.073861    32.1913       4423    18.4250  0.000e+00
     12.123    15.9920   4.075561    32.2090       4424    18.4292  0.000e+00
     12.037    15.9879   4.077847    32.2325       4425    18.4333  0.000e+00
     11.943    15.9850   4.079499    32.2495       4426    18.4375  0.000e+00
     11.851    15.9833   4.077817    32.2361       4427    18.4417  0.000e+00
     11.764    15.9824   4.076380    32.2242       4428    18.4458  0.000e+00
     11.677    15.9814   4.076092    32.2225       4429    18.4500  0.000e+00
     11.597    15.9799   4.076288    32.2254       4430    18.4542  0.000e+00
     11.522    15.9783   4.076545    32.2290       4431    18.4583  0.000e+00
     11.456    15.9766   4.076215    32.2275       4432    18.4625  0.000e+00
     11.399    15.9751   4.076313    32.2297       4433    18.4667  0.000e+00
     11.344    15.9737   4.075542    32.2240       4434    18.4708  0.000e+00
     11.292    15.9722   4.075512    32.2250       4435    18.4750  0.000e+00
     11.245    15.9707   4.076386    32.2340       4436    18.4792  0.000e+00
     11.196    15.9692   4.076985    32.2404       4437    18.4833  0.000e+00
     11.146    15.9683   4.077915    32.2494       4438    18.4875  0.000e+00
     11.097    15.9679   4.077890    32.2495       4439    18.4917  0.000e+00
     11.043    15.9679   4.077896    32.2496       4440    18.4958  0.000e+00
     10.994    15.9681   4.077603    32.2469       4441    18.5000  0.000e+00
     10.943    15.9683   4.078826    32.2575       4442    18.5042  0.000e+00
     10.891    15.9686   4.078716    32.2563       4443    18.5083  0.000e+00
     10.844    15.9695   4.078740    32.2558       4444    18.5125  0.000e+00
     10.799    15.9701   4.078569    32.2538       4445    18.5167  0.000e+00
     10.750    15.9707   4.078960    32.2569       4446    18.5208  0.000e+00
     10.705    15.9715   4.079107    32.2575       4447    18.5250  0.000e+00
     10.665    15.9722   4.078428    32.2510       4448    18.5292  0.000e+00
     10.624    15.9727   4.077890    32.2458       4449    18.5333  0.000e+00
     10.582    15.9729   4.075609    32.2255       4450    18.5375  0.000e+00
     10.539    15.9727   4.073029    32.2030       4451    18.5417  0.000e+00
     10.486    15.9708   4.072816    32.2026       4452    18.5458  0.000e+00
     10.423    15.9680   4.072767    32.2045       4453    18.5500  0.000e+00
     10.356    15.9644   4.072797    32.2077       4454    18.5542  0.000e+00
     10.277    15.9612   4.073036    32.2124       4455    18.5583  0.000e+00
     10.183    15.9580   4.072962    32.2144       4456    18.5625  0.000e+00
     10.089    15.9552   4.073029    32.2174       4457    18.5667  0.000e+00
      9.995    15.9528   4.072816    32.2175       4458    18.5708  0.000e+00
      9.903    15.9504   4.072791    32.2192       4459    18.5750  0.000e+00
      9.813    15.9484   4.072706    32.2201       4460    18.5792  0.000e+00
      9.726    15.9468   4.072742    32.2218       4461    18.5833  0.000e+00
      9.650    15.9451   4.072693    32.2228       4462    18.5875  0.000e+00
      9.580    15.9437   4.072730    32.2243       4463    18.5917  0.000e+00
      9.511    15.9421   4.072718    32.2254       4464    18.5958  0.000e+00
      9.442    15.9410   4.072693    32.2261       4465    18.6000  0.000e+00
      9.377    15.9400   4.072748    32.2275       4466    18.6042  0.000e+00
      9.312    15.9389   4.072718    32.2282       4467    18.6083  0.000e+00
      9.255    15.9381   4.072889    32.2303       4468    18.6125  0.000e+00
      9.180    15.9373   4.072889    32.2310       4469    18.6167  0.000e+00
      9.099    15.9366   4.072987    32.2324       4470    18.6208  0.000e+00
      9.002    15.9362   4.073133    32.2341       4471    18.6250  0.000e+00
      8.895    15.9358   4.073402    32.2369       4472    18.6292  0.000e+00
      8.785    15.9357   4.073543    32.2382       4473    18.6333  0.000e+00
      8.691    15.9354   4.073665    32.2396       4474    18.6375  0.000e+00
      8.619    15.9354   4.073775    32.2406       4475    18.6417  0.000e+00
      8.574    15.9357   4.073665    32.2394       4476    18.6458  0.000e+00
      8.537    15.9360   4.073689    32.2394       4477    18.6500  0.000e+00
      8.518    15.9361   4.074307    32.2448       4478    18.6542  0.000e+00
      8.507    15.9364   4.074563    32.2468       4479    18.6583  0.000e+00
      8.505    15.9370   4.074728    32.2478       4480    18.6625  0.000e+00
      8.500    15.9375   4.074735    32.2474       4481    18.6667  0.000e+00
      8.492    15.9381   4.074129    32.2415       4482    18.6708  0.000e+00
      8.467    15.9389   4.075052    32.2491       4483    18.6750  0.000e+00
      8.433    15.9394   4.075003    32.2482       4484    18.6792  0.000e+00
      8.368    15.9401   4.075144    32.2490       4485    18.6833  0.000e+00
      8.290    15.9409   4.075028    32.2473       4486    18.6875  0.000e+00
      8.194    15.9416   4.074954    32.2461       4487    18.6917  0.000e+00
      8.078    15.9423   4.074857    32.2447       4488    18.6958  0.000e+00
      7.937    15.9427   4.074264    32.2392       4489    18.7000  0.000e+00
      7.795    15.9429   4.073059    32.2285       4490    18.7042  0.000e+00
      7.648    15.9428   4.073059    32.2286       4491    18.7083  0.000e+00
      7.507    15.9419   4.072845    32.2275       4492    18.7125  0.000e+00
      7.392    15.9409   4.072644    32.2266       4493    18.7167  0.000e+00
      7.301    15.9398   4.072937    32.2301       4494    18.7208  0.000e+00
      7.242    15.9385   4.072888    32.2308       4495    18.7250  0.000e+00
      7.202    15.9376   4.072839    32.2311       4496    18.7292  0.000e+00
      7.197    15.9366   4.072790    32.2314       4497    18.7333  0.000e+00
      7.204    15.9358   4.072796    32.2322       4498    18.7375  0.000e+00
      7.213    15.9350   4.072717    32.2321       4499    18.7417  0.000e+00
      7.215    15.9344   4.072644    32.2319       4500    18.7458  0.000e+00
      7.217    15.9338   4.072729    32.2332       4501    18.7500  0.000e+00
      7.211    15.9331   4.072766    32.2340       4502    18.7542  0.000e+00
      7.190    15.9326   4.072546    32.2326       4503    18.7583  0.000e+00
      7.150    15.9321   4.072540    32.2329       4504    18.7625  0.000e+00
      7.083    15.9314   4.072454    32.2327       4505    18.7667  0.000e+00
      6.998    15.9311   4.072381    32.2323       4506    18.7708  0.000e+00
      6.897    15.9302   4.072423    32.2335       4507    18.7750  0.000e+00
      6.774    15.9298   4.072430    32.2339       4508    18.7792  0.000e+00
      6.642    15.9294   4.072381    32.2339       4509    18.7833  0.000e+00
      6.501    15.9289   4.072356    32.2341       4510    18.7875  0.000e+00
      6.355    15.9284   4.072307    32.2341       4511    18.7917  0.000e+00
      6.212    15.9282   4.072283    32.2342       4512    18.7958  0.000e+00
      6.080    15.9277   4.072283    32.2346       4513    18.8000  0.000e+00
      5.959    15.9273   4.072234    32.2346       4514    18.8042  0.000e+00
      5.859    15.9269   4.072234    32.2349       4515    18.8083  0.000e+00
      5.782    15.9264   4.072191    32.2350       4516    18.8125  0.000e+00
      5.729    15.9261   4.072234    32.2356       4517    18.8167  0.000e+00
      5.688    15.9259   4.072282    32.2363       4518    18.8208  0.000e+00
      5.652    15.9257   4.072282    32.2364       4519    18.8250  0.000e+00
      5.619    15.9253   4.072282    32.2367       4520    18.8292  0.000e+00
      5.590    15.9251   4.072307    32.2372       4521    18.8333  0.000e+00
      5.567    15.9251   4.072282    32.2369       4522    18.8375  0.000e+00
