HB2304/sbe004.cnv
* Sea-Bird SBE 19plus V2 Data File:
* FileName = C:\cruise\data\sbe004.hex
* Software Version Seasave V 7.26.7.121
* Temperature SN = 7037
* Conductivity SN = 7037
* System UpLoad Time = Sep 11 2023 16:31:15
** Ship: Bigelow
** Cruise:  HB2304
** Program:  Fall Bottom Trawl
# nquan = 7
# nvalues = 2030                                  
# units = specified
# name 0 = depSM: Depth [salt water, m], lat = 40.00
# name 1 = tv290C: Temperature [ITS-90, deg C]
# name 2 = c0S/m: Conductivity [S/m]
# name 3 = sal00: Salinity, Practical [PSU]
# name 4 = scan: Scan Count
# name 5 = timeM: Time, Elapsed [minutes]
# name 6 = flag:  0.000e+00
# span 0 =     -0.018,     90.495                 
# span 1 =    10.1602,    28.2272                 
# span 2 =  -0.000108,   5.403234                 
# span 3 =     0.0000,    35.8853                 
# span 4 =         11,       2040                 
# span 5 =     0.0417,     8.4958                 
# span 6 = 0.0000e+00, 0.0000e+00                 
# interval = seconds: 0.25
# start_time = Sep 11 2023 16:31:15 [System UTC, header]
# bad_flag = -9.990e-29
*END*
      0.323    28.2028  -0.000074     0.0000         11     0.0417  0.000e+00
      0.563    28.2198  -0.000079     0.0000         12     0.0458  0.000e+00
      0.800    28.2272   0.945664     4.9479         13     0.0500  0.000e+00
      1.010    28.0381   2.203915    12.4128         14     0.0542  0.000e+00
      1.189    27.4919   1.678445     9.3353         15     0.0583  0.000e+00
      1.322    27.0430   3.830463    23.2687         16     0.0625  0.000e+00
      1.384    26.7250   3.914940    24.0008         17     0.0667  0.000e+00
      1.436    26.4847   4.257208    26.4789         18     0.0708  0.000e+00
      1.462    26.2951   2.996122    18.0293         19     0.0750  0.000e+00
      1.471    26.1463   2.479030    14.6932         20     0.0792  0.000e+00
      1.496    26.0752   4.547577    28.7525         21     0.0833  0.000e+00
      1.518    26.1528   5.119961    32.7760         22     0.0875  0.000e+00
      1.546    26.2305   5.130575    32.7968         23     0.0917  0.000e+00
      1.561    26.2619   5.140822    32.8479         24     0.0958  0.000e+00
      1.590    26.2576   5.144896    32.8802         25     0.1000  0.000e+00
      1.646    26.2185   5.161689    33.0287         26     0.1042  0.000e+00
      1.740    26.1683   5.167251    33.1048         27     0.1083  0.000e+00
      1.837    26.1038   5.182200    33.2590         28     0.1125  0.000e+00
      1.866    26.0696   5.186432    33.3142         29     0.1167  0.000e+00
      1.879    26.0534   5.187360    33.3327         30     0.1208  0.000e+00
      1.899    26.0525   5.189913    33.3518         31     0.1250  0.000e+00
      1.962    26.0516   5.191389    33.3631         32     0.1292  0.000e+00
      2.049    26.0460   5.189676    33.3547         33     0.1333  0.000e+00
      2.136    26.0504   5.195772    33.3955         34     0.1375  0.000e+00
      2.199    26.0664   5.200543    33.4183         35     0.1417  0.000e+00
      2.237    26.0770   5.202285    33.4231         36     0.1458  0.000e+00
      2.264    26.0812   5.203478    33.4287         37     0.1500  0.000e+00
      2.288    26.0663   5.203452    33.4393         38     0.1542  0.000e+00
      2.291    26.0159   5.192521    33.3971         39     0.1583  0.000e+00
      2.257    25.9325   5.173523    33.3205         40     0.1625  0.000e+00
      2.208    25.8442   5.163540    33.3124         41     0.1667  0.000e+00
      2.152    25.7456   5.162271    33.3752         42     0.1708  0.000e+00
      2.109    25.6554   5.163746    33.4519         43     0.1750  0.000e+00
      2.076    25.5859   5.166889    33.5259         44     0.1792  0.000e+00
      2.055    25.5368   5.182528    33.6761         45     0.1833  0.000e+00
      2.114    25.5034   5.188933    33.7476         46     0.1875  0.000e+00
      2.246    25.5552   5.188323    33.7048         47     0.1917  0.000e+00
      2.439    25.7050   5.188869    33.5982         48     0.1958  0.000e+00
      2.645    25.8238   5.194035    33.5484         49     0.2000  0.000e+00
      2.828    25.8951   5.192117    33.4822         50     0.2042  0.000e+00
      2.967    25.9204   5.175519    33.3435         51     0.2083  0.000e+00
      3.086    25.8660   5.160344    33.2732         52     0.2125  0.000e+00
      3.207    25.7677   5.157292    33.3226         53     0.2167  0.000e+00
      3.357    25.6700   5.151170    33.3494         54     0.2208  0.000e+00
      3.502    25.5894   5.152407    33.4173         55     0.2250  0.000e+00
      3.623    25.5273   5.145915    33.4156         56     0.2292  0.000e+00
      3.724    25.4812   5.141841    33.4196         57     0.2333  0.000e+00
      3.822    25.4433   5.141788    33.4470         58     0.2375  0.000e+00
      3.938    25.4105   5.145114    33.4954         59     0.2417  0.000e+00
      4.082    25.3870   5.150831    33.5545         60     0.2458  0.000e+00
      4.220    25.3676   5.150426    33.5658         61     0.2500  0.000e+00
      4.348    25.3495   5.137575    33.4851         62     0.2542  0.000e+00
      4.458    25.3377   5.132452    33.4563         63     0.2583  0.000e+00
      4.588    25.3346   5.141871    33.5275         64     0.2625  0.000e+00
      4.747    25.3370   5.154133    33.6155         65     0.2667  0.000e+00
      4.919    25.3308   5.152122    33.6053         66     0.2708  0.000e+00
      5.083    25.3197   5.144138    33.5550         67     0.2750  0.000e+00
      5.237    25.3099   5.138614    33.5216         68     0.2792  0.000e+00
      5.385    25.3097   5.136861    33.5089         69     0.2833  0.000e+00
      5.550    25.3141   5.137717    33.5119         70     0.2875  0.000e+00
      5.721    25.3176   5.139120    33.5196         71     0.2917  0.000e+00
      5.889    25.3192   5.138864    33.5164         72     0.2958  0.000e+00
      6.043    25.3278   5.142303    33.5352         73     0.3000  0.000e+00
      6.175    25.3515   5.150340    33.5765         74     0.3042  0.000e+00
      6.300    25.3793   5.157902    33.6113         75     0.3083  0.000e+00
      6.439    25.4034   5.162279    33.6254         76     0.3125  0.000e+00
      6.574    25.4213   5.164272    33.6268         77     0.3167  0.000e+00
      6.708    25.4371   5.166029    33.6279         78     0.3208  0.000e+00
      6.818    25.4544   5.169348    33.6393         79     0.3250  0.000e+00
      6.927    25.4733   5.172756    33.6502         80     0.3292  0.000e+00
      7.041    25.4910   5.176252    33.6627         81     0.3333  0.000e+00
      7.169    25.5053   5.179317    33.6744         82     0.3375  0.000e+00
      7.299    25.5161   5.182355    33.6886         83     0.3417  0.000e+00
      7.416    25.5245   5.186877    33.7154         84     0.3458  0.000e+00
      7.537    25.5318   5.191719    33.7452         85     0.3500  0.000e+00
      7.655    25.5394   5.195730    33.7689         86     0.3542  0.000e+00
      7.787    25.5453   5.198257    33.7829         87     0.3583  0.000e+00
      7.921    25.5476   5.199857    33.7928         88     0.3625  0.000e+00
      8.054    25.5460   5.200901    33.8016         89     0.3667  0.000e+00
      8.179    25.5399   5.204392    33.8316         90     0.3708  0.000e+00
      8.295    25.5327   5.208733    33.8686         91     0.3750  0.000e+00
      8.423    25.5232   5.211969    33.8993         92     0.3792  0.000e+00
      8.555    25.5103   5.214480    33.9272         93     0.3833  0.000e+00
      8.690    25.4904   5.215885    33.9523         94     0.3875  0.000e+00
      8.831    25.4660   5.216585    33.9756         95     0.3917  0.000e+00
      8.960    25.4397   5.217461    34.0016         96     0.3958  0.000e+00
      9.115    25.4168   5.218806    34.0285         97     0.4000  0.000e+00
      9.272    25.3987   5.220354    34.0534         98     0.4042  0.000e+00
      9.446    25.3831   5.219363    34.0577         99     0.4083  0.000e+00
      9.619    25.3638   5.217938    34.0618        100     0.4125  0.000e+00
      9.787    25.3440   5.216967    34.0694        101     0.4167  0.000e+00
      9.956    25.3261   5.215712    34.0736        102     0.4208  0.000e+00
     10.124    25.3062   5.216588    34.0949        103     0.4250  0.000e+00
     10.297    25.2815   5.216765    34.1147        104     0.4292  0.000e+00
     10.458    25.2521   5.216033    34.1314        105     0.4333  0.000e+00
     10.610    25.2185   5.213963    34.1414        106     0.4375  0.000e+00
     10.749    25.1788   5.212010    34.1569        107     0.4417  0.000e+00
     10.872    25.1368   5.210667    34.1786        108     0.4458  0.000e+00
     10.991    25.0972   5.210085    34.2042        109     0.4500  0.000e+00
     11.098    25.0623   5.210146    34.2311        110     0.4542  0.000e+00
     11.195    25.0340   5.210608    34.2559        111     0.4583  0.000e+00
     11.287    25.0115   5.210873    34.2748        112     0.4625  0.000e+00
     11.371    24.9911   5.211342    34.2938        113     0.4667  0.000e+00
     11.450    24.9682   5.211953    34.3157        114     0.4708  0.000e+00
     11.537    24.9479   5.212625    34.3360        115     0.4750  0.000e+00
     11.627    24.9311   5.213704    34.3568        116     0.4792  0.000e+00
     11.718    24.9165   5.214023    34.3702        117     0.4833  0.000e+00
     11.810    24.9041   5.213908    34.3788        118     0.4875  0.000e+00
     11.916    24.8939   5.214811    34.3933        119     0.4917  0.000e+00
     12.030    24.8843   5.209709    34.3627        120     0.4958  0.000e+00
     12.070    24.8707   5.200568    34.3052        121     0.5000  0.000e+00
     12.076    24.8569   5.197715    34.2946        122     0.5042  0.000e+00
     12.059    24.8372   5.199898    34.3258        123     0.5083  0.000e+00
     12.063    24.8177   5.205369    34.3813        124     0.5125  0.000e+00
     12.101    24.8010   5.209860    34.4273        125     0.5167  0.000e+00
     12.164    24.7880   5.211488    34.4494        126     0.5208  0.000e+00
     12.206    24.8079   5.213679    34.4504        127     0.5250  0.000e+00
     12.233    24.8590   5.214520    34.4176        128     0.5292  0.000e+00
     12.247    24.8930   5.215103    34.3960        129     0.5333  0.000e+00
     12.276    24.9062   5.218001    34.4074        130     0.5375  0.000e+00
     12.316    24.9143   5.220656    34.4208        131     0.5417  0.000e+00
     12.354    24.9160   5.221565    34.4263        132     0.5458  0.000e+00
     12.370    24.9157   5.221647    34.4271        133     0.5500  0.000e+00
     12.390    24.9153   5.222937    34.4370        134     0.5542  0.000e+00
     12.430    24.9134   5.224812    34.4524        135     0.5583  0.000e+00
     12.495    24.9094   5.222204    34.4360        136     0.5625  0.000e+00
     12.569    24.9232   5.223025    34.4316        137     0.5667  0.000e+00
     12.625    24.9851   5.225660    34.4039        138     0.5708  0.000e+00
     12.654    25.0485   5.225394    34.3537        139     0.5750  0.000e+00
     12.663    25.0786   5.225801    34.3338        140     0.5792  0.000e+00
     12.688    25.0767   5.227234    34.3458        141     0.5833  0.000e+00
     12.735    25.0634   5.229694    34.3741        142     0.5875  0.000e+00
     12.786    25.0391   5.230985    34.4021        143     0.5917  0.000e+00
     12.822    25.0147   5.231516    34.4246        144     0.5958  0.000e+00
     12.849    24.9943   5.230925    34.4358        145     0.6000  0.000e+00
     12.892    24.9754   5.233698    34.4707        146     0.6042  0.000e+00
     12.952    24.9633   5.235153    34.4907        147     0.6083  0.000e+00
     12.990    24.9549   5.231306    34.4686        148     0.6125  0.000e+00
     12.997    24.9464   5.225511    34.4322        149     0.6167  0.000e+00
     12.997    24.9373   5.225246    34.4371        150     0.6208  0.000e+00
     13.003    24.9361   5.228643    34.4632        151     0.6250  0.000e+00
     13.037    24.9384   5.231952    34.4860        152     0.6292  0.000e+00
     13.084    24.9320   5.231749    34.4893        153     0.6333  0.000e+00
     13.135    24.9583   5.233216    34.4801        154     0.6375  0.000e+00
     13.158    24.9755   5.234004    34.4728        155     0.6417  0.000e+00
     13.180    24.9823   5.235323    34.4774        156     0.6458  0.000e+00
     13.203    24.9830   5.236703    34.4870        157     0.6500  0.000e+00
     13.243    24.9832   5.238138    34.4975        158     0.6542  0.000e+00
     13.272    24.9819   5.238933    34.5043        159     0.6583  0.000e+00
     13.292    24.9754   5.237791    34.5009        160     0.6625  0.000e+00
     13.286    24.9644   5.237526    34.5073        161     0.6667  0.000e+00
     13.290    24.9555   5.238499    34.5213        162     0.6708  0.000e+00
     13.285    24.9516   5.239757    34.5336        163     0.6750  0.000e+00
     13.277    24.9514   5.239818    34.5343        164     0.6792  0.000e+00
     13.258    24.9499   5.239553    34.5335        165     0.6833  0.000e+00
     13.227    24.9486   5.242375    34.5554        166     0.6875  0.000e+00
     13.196    24.9535   5.244811    34.5697        167     0.6917  0.000e+00
     13.162    24.9640   5.247307    34.5801        168     0.6958  0.000e+00
     13.136    24.9742   5.249608    34.5894        169     0.7000  0.000e+00
     13.104    24.9834   5.251724    34.5981        170     0.7042  0.000e+00
     13.077    24.9902   5.253521    34.6061        171     0.7083  0.000e+00
     13.052    24.9969   5.254086    34.6052        172     0.7125  0.000e+00
     13.035    25.0043   5.254141    34.5999        173     0.7167  0.000e+00
     13.030    25.0102   5.248579    34.5542        174     0.7208  0.000e+00
     13.026    24.9990   5.239402    34.4949        175     0.7250  0.000e+00
     13.033    24.9665   5.238968    34.5164        176     0.7292  0.000e+00
     13.046    24.9411   5.237540    34.5253        177     0.7333  0.000e+00
     13.062    24.9229   5.237262    34.5371        178     0.7375  0.000e+00
     13.082    24.9110   5.237439    34.5476        179     0.7417  0.000e+00
     13.104    24.9038   5.237262    34.5518        180     0.7458  0.000e+00
     13.126    24.8991   5.238289    34.5630        181     0.7500  0.000e+00
     13.144    24.8980   5.242165    34.5926        182     0.7542  0.000e+00
     13.156    24.9029   5.244669    34.6074        183     0.7583  0.000e+00
     13.162    24.9106   5.246165    34.6126        184     0.7625  0.000e+00
     13.160    24.9178   5.248724    34.6260        185     0.7667  0.000e+00
     13.151    24.9259   5.251521    34.6406        186     0.7708  0.000e+00
     13.135    24.9348   5.251752    34.6355        187     0.7750  0.000e+00
     13.111    24.9420   5.248431    34.6053        188     0.7792  0.000e+00
     13.088    24.9428   5.244811    34.5779        189     0.7833  0.000e+00
     13.055    24.9371   5.243022    34.5690        190     0.7875  0.000e+00
     13.023    24.9290   5.240260    34.5547        191     0.7917  0.000e+00
     12.998    24.9198   5.239376    34.5553        192     0.7958  0.000e+00
     12.974    24.9117   5.238438    34.5545        193     0.8000  0.000e+00
     12.958    24.9052   5.237466    34.5523        194     0.8042  0.000e+00
     12.954    24.8995   5.237085    34.5538        195     0.8083  0.000e+00
     12.958    24.8957   5.236439    34.5519        196     0.8125  0.000e+00
     12.969    24.8926   5.235256    34.5456        197     0.8167  0.000e+00
     12.996    24.8891   5.235032    34.5465        198     0.8208  0.000e+00
     13.025    24.8859   5.235624    34.5533        199     0.8250  0.000e+00
     13.061    24.8848   5.235032    34.5498        200     0.8292  0.000e+00
     13.104    24.8837   5.234801    34.5489        201     0.8333  0.000e+00
     13.144    24.8827   5.234828    34.5499        202     0.8375  0.000e+00
     13.182    24.8823   5.234978    34.5513        203     0.8417  0.000e+00
     13.213    24.8827   5.238908    34.5802        204     0.8458  0.000e+00
     13.240    24.8884   5.246281    34.6305        205     0.8500  0.000e+00
     13.258    24.9018   5.251494    34.6589        206     0.8542  0.000e+00
     13.265    24.9192   5.253176    34.6579        207     0.8583  0.000e+00
     13.263    24.9339   5.257772    34.6807        208     0.8625  0.000e+00
     13.254    24.9489   5.259420    34.6815        209     0.8667  0.000e+00
     13.234    24.9612   5.260482    34.6799        210     0.8708  0.000e+00
     13.209    24.9703   5.261756    34.6824        211     0.8750  0.000e+00
     13.174    24.9778   5.258622    34.6534        212     0.8792  0.000e+00
     13.140    24.9786   5.245987    34.5592        213     0.8833  0.000e+00
     13.104    24.9629   5.242518    34.5455        214     0.8875  0.000e+00
     13.075    24.9443   5.242151    34.5570        215     0.8917  0.000e+00
