HB2304/sbe041.cnv
* Sea-Bird SBE 19plus V2 Data File:
* FileName = C:\cruise\data\sbe041.hex
* Software Version Seasave V 7.26.7.121
* Temperature SN = 7037
* Conductivity SN = 7037
* System UpLoad Time = Oct 06 2023 10:29:43
** Ship: Bigelow
** Cruise:  HB2304
** Program:  Fall Bottom Trawl
# nquan = 7
# nvalues = 1238                                  
# units = specified
# name 0 = depSM: Depth [salt water, m], lat = 40.00
# name 1 = tv290C: Temperature [ITS-90, deg C]
# name 2 = c0S/m: Conductivity [S/m]
# name 3 = sal00: Salinity, Practical [PSU]
# name 4 = scan: Scan Count
# name 5 = timeM: Time, Elapsed [minutes]
# name 6 = flag:  0.000e+00
# span 0 =     -0.002,     40.908                 
# span 1 =    15.0830,    17.2665                 
# span 2 =  -0.109958,   4.233049                 
# span 3 =     0.0000,    32.8422                 
# span 4 =         11,       1248                 
# span 5 =     0.0417,     5.1958                 
# span 6 = 0.0000e+00, 0.0000e+00                 
# interval = seconds: 0.25
# start_time = Oct 06 2023 10:29:43 [System UTC, header]
# bad_flag = -9.990e-29
*END*
[from data line 821]
     15.840    15.6495   4.016107    31.9596        832     3.4625  0.000e+00
     15.816    15.6495   4.016113    31.9597        833     3.4667  0.000e+00
     15.795    15.6495   4.016138    31.9599        834     3.4708  0.000e+00
     15.771    15.6495   4.016162    31.9601        835     3.4750  0.000e+00
     15.733    15.6498   4.016186    31.9601        836     3.4792  0.000e+00
     15.710    15.6501   4.016223    31.9602        837     3.4833  0.000e+00
     15.675    15.6503   4.016186    31.9597        838     3.4875  0.000e+00
     15.632    15.6504   4.016235    31.9601        839     3.4917  0.000e+00
     15.587    15.6504   4.016259    31.9603        840     3.4958  0.000e+00
     15.536    15.6507   4.016308    31.9605        841     3.5000  0.000e+00
     15.486    15.6512   4.016223    31.9594        842     3.5042  0.000e+00
     15.435    15.6515   4.016283    31.9597        843     3.5083  0.000e+00
     15.381    15.6519   4.016308    31.9596        844     3.5125  0.000e+00
     15.327    15.6523   4.016447    31.9605        845     3.5167  0.000e+00
     15.271    15.6532   4.016690    31.9620        846     3.5208  0.000e+00
     15.224    15.6544   4.016909    31.9630        847     3.5250  0.000e+00
     15.168    15.6562   4.016927    31.9617        848     3.5292  0.000e+00
     15.113    15.6573   4.016952    31.9611        849     3.5333  0.000e+00
     15.059    15.6582   4.016806    31.9591        850     3.5375  0.000e+00
     15.016    15.6583   4.016903    31.9598        851     3.5417  0.000e+00
     14.958    15.6586   4.016933    31.9599        852     3.5458  0.000e+00
     14.916    15.6589   4.016976    31.9601        853     3.5500  0.000e+00
     14.860    15.6593   4.017024    31.9601        854     3.5542  0.000e+00
     14.813    15.6597   4.017049    31.9601        855     3.5583  0.000e+00
     14.759    15.6601   4.017049    31.9598        856     3.5625  0.000e+00
     14.709    15.6604   4.016976    31.9589        857     3.5667  0.000e+00
     14.676    15.6604   4.016903    31.9583        858     3.5708  0.000e+00
     14.636    15.6602   4.016806    31.9576        859     3.5750  0.000e+00
     14.604    15.6598   4.016757    31.9575        860     3.5792  0.000e+00
     14.575    15.6594   4.016781    31.9580        861     3.5833  0.000e+00
     14.542    15.6593   4.016885    31.9591        862     3.5875  0.000e+00
     14.512    15.6596   4.017140    31.9611        863     3.5917  0.000e+00
     14.481    15.6608   4.017024    31.9591        864     3.5958  0.000e+00
     14.461    15.6613   4.017000    31.9585        865     3.6000  0.000e+00
     14.441    15.6615   4.016976    31.9581        866     3.6042  0.000e+00
     14.414    15.6615   4.016933    31.9578        867     3.6083  0.000e+00
     14.383    15.6614   4.017024    31.9587        868     3.6125  0.000e+00
     14.352    15.6616   4.017261    31.9606        869     3.6167  0.000e+00
     14.320    15.6624   4.017383    31.9610        870     3.6208  0.000e+00
     14.300    15.6639   4.017595    31.9618        871     3.6250  0.000e+00
     14.277    15.6654   4.018258    31.9664        872     3.6292  0.000e+00
     14.244    15.6682   4.018714    31.9682        873     3.6333  0.000e+00
     14.224    15.6717   4.017954    31.9586        874     3.6375  0.000e+00
     14.199    15.6722   4.018027    31.9589        875     3.6417  0.000e+00
     14.161    15.6718   4.018762    31.9657        876     3.6458  0.000e+00
     14.121    15.6742   4.018507    31.9615        877     3.6500  0.000e+00
     14.078    15.6752   4.018069    31.9568        878     3.6542  0.000e+00
     14.034    15.6744   4.017881    31.9559        879     3.6583  0.000e+00
     13.991    15.6735   4.017978    31.9575        880     3.6625  0.000e+00
     13.940    15.6724   4.018142    31.9598        881     3.6667  0.000e+00
     13.884    15.6724   4.018209    31.9604        882     3.6708  0.000e+00
     13.828    15.6728   4.018379    31.9617        883     3.6750  0.000e+00
     13.762    15.6737   4.018428    31.9613        884     3.6792  0.000e+00
     13.707    15.6742   4.018239    31.9593        885     3.6833  0.000e+00
     13.640    15.6745   4.017905    31.9561        886     3.6875  0.000e+00
     13.597    15.6734   4.018027    31.9581        887     3.6917  0.000e+00
     13.543    15.6724   4.017425    31.9536        888     3.6958  0.000e+00
     13.499    15.6707   4.018695    31.9662        889     3.7000  0.000e+00
     13.452    15.6722   4.019048    31.9682        890     3.7042  0.000e+00
     13.409    15.6751   4.019121    31.9665        891     3.7083  0.000e+00
     13.366    15.6777   4.018969    31.9631        892     3.7125  0.000e+00
     13.331    15.6786   4.018671    31.9597        893     3.7167  0.000e+00
     13.295    15.6785   4.019169    31.9642        894     3.7208  0.000e+00
     13.261    15.6796   4.019455    31.9659        895     3.7250  0.000e+00
     13.223    15.6813   4.019716    31.9669        896     3.7292  0.000e+00
     13.183    15.6830   4.019467    31.9633        897     3.7333  0.000e+00
     13.149    15.6840   4.020032    31.9675        898     3.7375  0.000e+00
     13.107    15.6859   4.020221    31.9676        899     3.7417  0.000e+00
     13.069    15.6881   4.020458    31.9679        900     3.7458  0.000e+00
     13.039    15.6903   4.020148    31.9635        901     3.7500  0.000e+00
     13.001    15.6909   4.019971    31.9614        902     3.7542  0.000e+00
     12.979    15.6904   4.020148    31.9634        903     3.7583  0.000e+00
     12.955    15.6906   4.020099    31.9628        904     3.7625  0.000e+00
     12.928    15.6904   4.020409    31.9657        905     3.7667  0.000e+00
     12.919    15.6913   4.020409    31.9650        906     3.7708  0.000e+00
     12.910    15.6923   4.020318    31.9634        907     3.7750  0.000e+00
     12.892    15.6926   4.020269    31.9627        908     3.7792  0.000e+00
     12.874    15.6927   4.020366    31.9635        909     3.7833  0.000e+00
     12.860    15.6927   4.020342    31.9633        910     3.7875  0.000e+00
     12.838    15.6930   4.020579    31.9652        911     3.7917  0.000e+00
     12.800    15.6938   4.020682    31.9654        912     3.7958  0.000e+00
     12.760    15.6947   4.021053    31.9680        913     3.8000  0.000e+00
     12.715    15.6961   4.020938    31.9658        914     3.8042  0.000e+00
     12.664    15.6975   4.021272    31.9677        915     3.8083  0.000e+00
     12.603    15.6988   4.021643    31.9700        916     3.8125  0.000e+00
     12.534    15.7007   4.022081    31.9723        917     3.8167  0.000e+00
     12.462    15.7033   4.022154    31.9709        918     3.8208  0.000e+00
     12.379    15.7059   4.022537    31.9723        919     3.8250  0.000e+00
     12.299    15.7084   4.022847    31.9730        920     3.8292  0.000e+00
     12.220    15.7111   4.023266    31.9746        921     3.8333  0.000e+00
     12.148    15.7144   4.024069    31.9791        922     3.8375  0.000e+00
     12.081    15.7184   4.025766    31.9908        923     3.8417  0.000e+00
     12.016    15.7258   4.026125    31.9881        924     3.8458  0.000e+00
     11.971    15.7327   4.025978    31.9812        925     3.8500  0.000e+00
     11.920    15.7369   4.026708    31.9842        926     3.8542  0.000e+00
     11.886    15.7417   4.027079    31.9837        927     3.8583  0.000e+00
     11.855    15.7458   4.026891    31.9787        928     3.8625  0.000e+00
     11.826    15.7481   4.027055    31.9783        929     3.8667  0.000e+00
     11.801    15.7497   4.026933    31.9759        930     3.8708  0.000e+00
     11.781    15.7507   4.026720    31.9733        931     3.8750  0.000e+00
     11.765    15.7510   4.027079    31.9762        932     3.8792  0.000e+00
     11.745    15.7518   4.027274    31.9773        933     3.8833  0.000e+00
     11.732    15.7532   4.028180    31.9842        934     3.8875  0.000e+00
     11.712    15.7563   4.027736    31.9778        935     3.8917  0.000e+00
     11.698    15.7574   4.027706    31.9766        936     3.8958  0.000e+00
     11.685    15.7577   4.027128    31.9712        937     3.9000  0.000e+00
     11.663    15.7564   4.027298    31.9738        938     3.9042  0.000e+00
     11.640    15.7562   4.027554    31.9762        939     3.9083  0.000e+00
     11.620    15.7565   4.027511    31.9757        940     3.9125  0.000e+00
     11.587    15.7567   4.027298    31.9736        941     3.9167  0.000e+00
     11.564    15.7561   4.026817    31.9698        942     3.9208  0.000e+00
     11.533    15.7543   4.026842    31.9715        943     3.9250  0.000e+00
     11.499    15.7532   4.027943    31.9822        944     3.9292  0.000e+00
     11.466    15.7553   4.028107    31.9819        945     3.9333  0.000e+00
     11.426    15.7583   4.028612    31.9840        946     3.9375  0.000e+00
     11.385    15.7605   4.027772    31.9748        947     3.9417  0.000e+00
     11.334    15.7607   4.027943    31.9762        948     3.9458  0.000e+00
     11.293    15.7607   4.028156    31.9780        949     3.9500  0.000e+00
     11.238    15.7623   4.030937    32.0014        950     3.9542  0.000e+00
     11.195    15.7696   4.030334    31.9902        951     3.9583  0.000e+00
     11.139    15.7744   4.030766    31.9901        952     3.9625  0.000e+00
     11.096    15.7781   4.030048    31.9808        953     3.9667  0.000e+00
     11.056    15.7790   4.032373    32.0007        954     3.9708  0.000e+00
     11.005    15.7850   4.032275    31.9950        955     3.9750  0.000e+00
     10.964    15.7901   4.031533    31.9843        956     3.9792  0.000e+00
     10.927    15.7916   4.032513    31.9917        957     3.9833  0.000e+00
     10.890    15.7943   4.032616    31.9905        958     3.9875  0.000e+00
     10.861    15.7972   4.033669    31.9975        959     3.9917  0.000e+00
     10.835    15.8016   4.033906    31.9960        960     3.9958  0.000e+00
     10.799    15.8058   4.034308    31.9962        961     4.0000  0.000e+00
     10.768    15.8098   4.034387    31.9937        962     4.0042  0.000e+00
     10.729    15.8122   4.034387    31.9917        963     4.0083  0.000e+00
     10.691    15.8136   4.034387    31.9907        964     4.0125  0.000e+00
     10.655    15.8144   4.034905    31.9945        965     4.0167  0.000e+00
     10.611    15.8163   4.034965    31.9936        966     4.0208  0.000e+00
     10.566    15.8180   4.034941    31.9920        967     4.0250  0.000e+00
     10.517    15.8190   4.034557    31.9879        968     4.0292  0.000e+00
     10.459    15.8186   4.034557    31.9881        969     4.0333  0.000e+00
     10.402    15.8184   4.035252    31.9945        970     4.0375  0.000e+00
     10.358    15.8202   4.035105    31.9918        971     4.0417  0.000e+00
     10.304    15.8216   4.035324    31.9926        972     4.0458  0.000e+00
     10.250    15.8230   4.035592    31.9938        973     4.0500  0.000e+00
     10.210    15.8247   4.035635    31.9929        974     4.0542  0.000e+00
     10.172    15.8260   4.035611    31.9916        975     4.0583  0.000e+00
     10.143    15.8266   4.035659    31.9916        976     4.0625  0.000e+00
     10.123    15.8276   4.035708    31.9912        977     4.0667  0.000e+00
     10.102    15.8280   4.035921    31.9928        978     4.0708  0.000e+00
     10.084    15.8288   4.035994    31.9927        979     4.0750  0.000e+00
     10.060    15.8298   4.036067    31.9926        980     4.0792  0.000e+00
     10.039    15.8306   4.036165    31.9929        981     4.0833  0.000e+00
     10.010    15.8314   4.036165    31.9922        982     4.0875  0.000e+00
      9.975    15.8320   4.036116    31.9913        983     4.0917  0.000e+00
      9.941    15.8323   4.036067    31.9906        984     4.0958  0.000e+00
      9.899    15.8324   4.036073    31.9906        985     4.1000  0.000e+00
      9.858    15.8326   4.035970    31.9896        986     4.1042  0.000e+00
      9.809    15.8325   4.036043    31.9903        987     4.1083  0.000e+00
      9.751    15.8330   4.035872    31.9884        988     4.1125  0.000e+00
      9.701    15.8330   4.035409    31.9843        989     4.1167  0.000e+00
      9.652    15.8324   4.035056    31.9817        990     4.1208  0.000e+00
      9.597    15.8311   4.034989    31.9822        991     4.1250  0.000e+00
      9.547    15.8300   4.035129    31.9843        992     4.1292  0.000e+00
      9.489    15.8299   4.035251    31.9855        993     4.1333  0.000e+00
      9.464    15.8304   4.035269    31.9853        994     4.1375  0.000e+00
      9.431    15.8309   4.035348    31.9856        995     4.1417  0.000e+00
      9.402    15.8318   4.035659    31.9877        996     4.1458  0.000e+00
      9.388    15.8334   4.035945    31.9889        997     4.1500  0.000e+00
      9.382    15.8355   4.036146    31.9889        998     4.1542  0.000e+00
      9.377    15.8375   4.036256    31.9883        999     4.1583  0.000e+00
      9.375    15.8394   4.036353    31.9876       1000     4.1625  0.000e+00
      9.363    15.8406   4.036450    31.9875       1001     4.1667  0.000e+00
      9.359    15.8421   4.036536    31.9871       1002     4.1708  0.000e+00
      9.346    15.8430   4.036596    31.9869       1003     4.1750  0.000e+00
      9.327    15.8440   4.036621    31.9863       1004     4.1792  0.000e+00
      9.299    15.8447   4.036639    31.9859       1005     4.1833  0.000e+00
      9.265    15.8452   4.036858    31.9874       1006     4.1875  0.000e+00
      9.222    15.8466   4.037120    31.9886       1007     4.1917  0.000e+00
      9.173    15.8486   4.036499    31.9815       1008     4.1958  0.000e+00
      9.110    15.8496   4.036255    31.9786       1009     4.2000  0.000e+00
      9.037    15.8495   4.036371    31.9797       1010     4.2042  0.000e+00
      8.953    15.8502   4.037796    31.9919       1011     4.2083  0.000e+00
      8.858    15.8553   4.040799    32.0142       1012     4.2125  0.000e+00
      8.759    15.8692   4.045198    32.0419       1013     4.2167  0.000e+00
      8.663    15.8948   4.049532    32.0595       1014     4.2208  0.000e+00
      8.584    15.9302   4.053752    32.0681       1015     4.2250  0.000e+00
      8.501    15.9717   4.058169    32.0735       1016     4.2292  0.000e+00
      8.441    16.0168   4.060079    32.0539       1017     4.2333  0.000e+00
      8.390    16.0565   4.061238    32.0321       1018     4.2375  0.000e+00
      8.351    16.0858   4.061189    32.0080       1019     4.2417  0.000e+00
      8.318    16.1060   4.064528    32.0211       1020     4.2458  0.000e+00
      8.287    16.1291   4.064620    32.0033       1021     4.2500  0.000e+00
      8.262    16.1471   4.064595    31.9887       1022     4.2542  0.000e+00
      8.248    16.1574   4.064595    31.9804       1023     4.2583  0.000e+00
      8.230    16.1635   4.064528    31.9748       1024     4.2625  0.000e+00
      8.219    16.1668   4.064546    31.9723       1025     4.2667  0.000e+00
      8.202    16.1689   4.064863    31.9735       1026     4.2708  0.000e+00
      8.186    16.1715   4.065499    31.9770       1027     4.2750  0.000e+00
      8.164    16.1761   4.066244    31.9798       1028     4.2792  0.000e+00
      8.137    16.1816   4.066317    31.9761       1029     4.2833  0.000e+00
      8.116    16.1856   4.066427    31.9738       1030     4.2875  0.000e+00
      8.096    16.1885   4.066799    31.9748       1031     4.2917  0.000e+00
      8.085    16.1916   4.067068    31.9747       1032     4.2958  0.000e+00
      8.078    16.1949   4.067263    31.9737       1033     4.3000  0.000e+00
      8.078    16.1973   4.067166    31.9709       1034     4.3042  0.000e+00
      8.074    16.1985   4.067263    31.9708       1035     4.3083  0.000e+00
