HB2304/sbe042.cnv
* Sea-Bird SBE 19plus V2 Data File:
* FileName = C:\cruise\data\sbe042.hex
* Software Version Seasave V 7.26.7.121
* Temperature SN = 7037
* Conductivity SN = 7037
* System UpLoad Time = Oct 06 2023 13:17:49
** Ship: Bigelow
** Cruise:  HB2304
** Program:  Fall Bottom Trawl
# nquan = 7
# nvalues = 1252                                  
# units = specified
# name 0 = depSM: Depth [salt water, m], lat = 40.00
# name 1 = tv290C: Temperature [ITS-90, deg C]
# name 2 = c0S/m: Conductivity [S/m]
# name 3 = sal00: Salinity, Practical [PSU]
# name 4 = scan: Scan Count
# name 5 = timeM: Time, Elapsed [minutes]
# name 6 = flag:  0.000e+00
# span 0 =      0.208,     48.977                 
# span 1 =    13.5181,    16.9161                 
# span 2 =   3.857467,   4.142727                 
# span 3 =    31.8928,    32.3493                 
# span 4 =         11,       1262                 
# span 5 =     0.0417,     5.2542                 
# span 6 = 0.0000e+00, 0.0000e+00                 
# interval = seconds: 0.25
# start_time = Oct 06 2023 13:17:49 [System UTC, header]
# bad_flag = -9.990e-29
*END*
[from data line 821]
     32.169    15.5637   4.015428    32.0171        832     3.4625  0.000e+00
     32.196    15.5634   4.015434    32.0174        833     3.4667  0.000e+00
     32.199    15.5630   4.015623    32.0194        834     3.4708  0.000e+00
     32.176    15.5635   4.015647    32.0192        835     3.4750  0.000e+00
     32.131    15.5643   4.015768    32.0196        836     3.4792  0.000e+00
     32.093    15.5651   4.015793    32.0192        837     3.4833  0.000e+00
     32.057    15.5658   4.015793    32.0187        838     3.4875  0.000e+00
     32.020    15.5663   4.015768    32.0180        839     3.4917  0.000e+00
     31.966    15.5667   4.015768    32.0177        840     3.4958  0.000e+00
     31.921    15.5666   4.015811    32.0182        841     3.5000  0.000e+00
     31.879    15.5672   4.015890    32.0185        842     3.5042  0.000e+00
     31.854    15.5678   4.015908    32.0182        843     3.5083  0.000e+00
     31.856    15.5681   4.015932    32.0181        844     3.5125  0.000e+00
     31.831    15.5686   4.015908    32.0175        845     3.5167  0.000e+00
     31.834    15.5687   4.015957    32.0178        846     3.5208  0.000e+00
     31.856    15.5688   4.015890    32.0172        847     3.5250  0.000e+00
     31.885    15.5688   4.015835    32.0167        848     3.5292  0.000e+00
     31.912    15.5685   4.015835    32.0169        849     3.5333  0.000e+00
     31.941    15.5682   4.015859    32.0173        850     3.5375  0.000e+00
     31.962    15.5683   4.015859    32.0173        851     3.5417  0.000e+00
     31.995    15.5681   4.015859    32.0174        852     3.5458  0.000e+00
     32.020    15.5681   4.015932    32.0180        853     3.5500  0.000e+00
     32.038    15.5681   4.015932    32.0180        854     3.5542  0.000e+00
     32.047    15.5681   4.015932    32.0181        855     3.5583  0.000e+00
     32.051    15.5684   4.015908    32.0176        856     3.5625  0.000e+00
     32.047    15.5684   4.015908    32.0176        857     3.5667  0.000e+00
     32.044    15.5683   4.015890    32.0175        858     3.5708  0.000e+00
     32.038    15.5684   4.015908    32.0176        859     3.5750  0.000e+00
     32.020    15.5682   4.015957    32.0182        860     3.5792  0.000e+00
     31.993    15.5685   4.016005    32.0184        861     3.5833  0.000e+00
     31.961    15.5686   4.016102    32.0192        862     3.5875  0.000e+00
     31.928    15.5691   4.016163    32.0193        863     3.5917  0.000e+00
     31.890    15.5696   4.016267    32.0198        864     3.5958  0.000e+00
     31.845    15.5705   4.016339    32.0198        865     3.6000  0.000e+00
     31.793    15.5712   4.016388    32.0196        866     3.6042  0.000e+00
     31.740    15.5719   4.016455    32.0197        867     3.6083  0.000e+00
     31.688    15.5728   4.016503    32.0194        868     3.6125  0.000e+00
     31.652    15.5734   4.016552    32.0194        869     3.6167  0.000e+00
     31.612    15.5741   4.016552    32.0188        870     3.6208  0.000e+00
     31.583    15.5745   4.016576    32.0188        871     3.6250  0.000e+00
     31.563    15.5748   4.016601    32.0187        872     3.6292  0.000e+00
     31.552    15.5751   4.016594    32.0184        873     3.6333  0.000e+00
     31.569    15.5752   4.016601    32.0184        874     3.6375  0.000e+00
     31.587    15.5752   4.016528    32.0178        875     3.6417  0.000e+00
     31.621    15.5751   4.016479    32.0174        876     3.6458  0.000e+00
     31.668    15.5747   4.016479    32.0177        877     3.6500  0.000e+00
     31.720    15.5744   4.016461    32.0178        878     3.6542  0.000e+00
     31.767    15.5741   4.016455    32.0179        879     3.6583  0.000e+00
     31.812    15.5740   4.016431    32.0178        880     3.6625  0.000e+00
     31.849    15.5737   4.016412    32.0179        881     3.6667  0.000e+00
     31.867    15.5735   4.016364    32.0175        882     3.6708  0.000e+00
     31.868    15.5731   4.016370    32.0179        883     3.6750  0.000e+00
     31.856    15.5730   4.016364    32.0180        884     3.6792  0.000e+00
     31.827    15.5726   4.016364    32.0183        885     3.6833  0.000e+00
     31.792    15.5728   4.016412    32.0186        886     3.6875  0.000e+00
     31.740    15.5727   4.016430    32.0188        887     3.6917  0.000e+00
     31.675    15.5730   4.016412    32.0185        888     3.6958  0.000e+00
     31.608    15.5730   4.016339    32.0178        889     3.7000  0.000e+00
     31.539    15.5728   4.016266    32.0174        890     3.7042  0.000e+00
     31.483    15.5724   4.016193    32.0171        891     3.7083  0.000e+00
     31.440    15.5717   4.016169    32.0174        892     3.7125  0.000e+00
     31.413    15.5711   4.016163    32.0179        893     3.7167  0.000e+00
     31.404    15.5708   4.016145    32.0179        894     3.7208  0.000e+00
     31.416    15.5706   4.016169    32.0184        895     3.7250  0.000e+00
     31.454    15.5704   4.016145    32.0183        896     3.7292  0.000e+00
     31.516    15.5702   4.016145    32.0184        897     3.7333  0.000e+00
     31.590    15.5700   4.016139    32.0185        898     3.7375  0.000e+00
     31.675    15.5700   4.016102    32.0182        899     3.7417  0.000e+00
     31.762    15.5696   4.016078    32.0182        900     3.7458  0.000e+00
     31.848    15.5696   4.016054    32.0180        901     3.7500  0.000e+00
     31.919    15.5692   4.016078    32.0185        902     3.7542  0.000e+00
     31.946    15.5691   4.016090    32.0187        903     3.7583  0.000e+00
     31.960    15.5689   4.016078    32.0187        904     3.7625  0.000e+00
     32.004    15.5689   4.016078    32.0187        905     3.7667  0.000e+00
     32.002    15.5689   4.016102    32.0190        906     3.7708  0.000e+00
     32.031    15.5687   4.016145    32.0194        907     3.7750  0.000e+00
     32.033    15.5691   4.016267    32.0202        908     3.7792  0.000e+00
     32.038    15.5695   4.016346    32.0206        909     3.7833  0.000e+00
     32.018    15.5700   4.016364    32.0203        910     3.7875  0.000e+00
     32.015    15.5707   4.016455    32.0205        911     3.7917  0.000e+00
     32.044    15.5715   4.016504    32.0203        912     3.7958  0.000e+00
     32.042    15.5722   4.016504    32.0198        913     3.8000  0.000e+00
     32.024    15.5725   4.016528    32.0198        914     3.8042  0.000e+00
     31.998    15.5730   4.016576    32.0198        915     3.8083  0.000e+00
     31.980    15.5736   4.016625    32.0198        916     3.8125  0.000e+00
     31.951    15.5740   4.016625    32.0195        917     3.8167  0.000e+00
     31.904    15.5741   4.016649    32.0196        918     3.8208  0.000e+00
     31.857    15.5745   4.016710    32.0198        919     3.8250  0.000e+00
     31.814    15.5752   4.016789    32.0200        920     3.8292  0.000e+00
     31.780    15.5757   4.016862    32.0202        921     3.8333  0.000e+00
     31.758    15.5761   4.016886    32.0201        922     3.8375  0.000e+00
     31.736    15.5769   4.016886    32.0195        923     3.8417  0.000e+00
     31.711    15.5772   4.016850    32.0189        924     3.8458  0.000e+00
     31.687    15.5773   4.016813    32.0185        925     3.8500  0.000e+00
     31.684    15.5771   4.016813    32.0187        926     3.8542  0.000e+00
     31.707    15.5771   4.016813    32.0187        927     3.8583  0.000e+00
     31.727    15.5771   4.016813    32.0187        928     3.8625  0.000e+00
     31.752    15.5770   4.016801    32.0187        929     3.8667  0.000e+00
     31.799    15.5770   4.016789    32.0185        930     3.8708  0.000e+00
     31.864    15.5767   4.016813    32.0189        931     3.8750  0.000e+00
     31.933    15.5767   4.016789    32.0187        932     3.8792  0.000e+00
     32.000    15.5765   4.016789    32.0188        933     3.8833  0.000e+00
     32.069    15.5766   4.016734    32.0183        934     3.8875  0.000e+00
     32.141    15.5764   4.016747    32.0185        935     3.8917  0.000e+00
     32.193    15.5761   4.016747    32.0187        936     3.8958  0.000e+00
     32.235    15.5760   4.016722    32.0186        937     3.9000  0.000e+00
     32.262    15.5755   4.016674    32.0186        938     3.9042  0.000e+00
     32.275    15.5756   4.016686    32.0185        939     3.9083  0.000e+00
     32.277    15.5754   4.016649    32.0184        940     3.9125  0.000e+00
     32.278    15.5750   4.016649    32.0187        941     3.9167  0.000e+00
     32.267    15.5748   4.016625    32.0186        942     3.9208  0.000e+00
     32.257    15.5746   4.016601    32.0186        943     3.9250  0.000e+00
     32.255    15.5745   4.016595    32.0187        944     3.9292  0.000e+00
     32.255    15.5744   4.016601    32.0188        945     3.9333  0.000e+00
     32.258    15.5741   4.016552    32.0186        946     3.9375  0.000e+00
     32.276    15.5740   4.016577    32.0189        947     3.9417  0.000e+00
     32.294    15.5737   4.016552    32.0189        948     3.9458  0.000e+00
     32.309    15.5736   4.016528    32.0188        949     3.9500  0.000e+00
     32.334    15.5736   4.016504    32.0186        950     3.9542  0.000e+00
     32.360    15.5733   4.016528    32.0189        951     3.9583  0.000e+00
     32.385    15.5732   4.016504    32.0189        952     3.9625  0.000e+00
     32.397    15.5731   4.016528    32.0191        953     3.9667  0.000e+00
     32.403    15.5730   4.016504    32.0190        954     3.9708  0.000e+00
     32.399    15.5730   4.016504    32.0190        955     3.9750  0.000e+00
     32.387    15.5730   4.016528    32.0193        956     3.9792  0.000e+00
     32.367    15.5730   4.016552    32.0194        957     3.9833  0.000e+00
     32.329    15.5731   4.016577    32.0196        958     3.9875  0.000e+00
     32.284    15.5733   4.016570    32.0194        959     3.9917  0.000e+00
     32.235    15.5734   4.016601    32.0196        960     3.9958  0.000e+00
     32.179    15.5736   4.016649    32.0199        961     4.0000  0.000e+00
     32.119    15.5738   4.016789    32.0210        962     4.0042  0.000e+00
     32.065    15.5745   4.016935    32.0217        963     4.0083  0.000e+00
     32.016    15.5756   4.017075    32.0221        964     4.0125  0.000e+00
     31.973    15.5766   4.017123    32.0218        965     4.0167  0.000e+00
     31.938    15.5777   4.017172    32.0213        966     4.0208  0.000e+00
     31.911    15.5784   4.017196    32.0210        967     4.0250  0.000e+00
     31.895    15.5790   4.017196    32.0205        968     4.0292  0.000e+00
     31.886    15.5794   4.017190    32.0201        969     4.0333  0.000e+00
     31.888    15.5797   4.017196    32.0199        970     4.0375  0.000e+00
     31.898    15.5797   4.017196    32.0199        971     4.0417  0.000e+00
     31.927    15.5799   4.017221    32.0200        972     4.0458  0.000e+00
     31.960    15.5797   4.017172    32.0196        973     4.0500  0.000e+00
     31.998    15.5797   4.017190    32.0198        974     4.0542  0.000e+00
     32.047    15.5799   4.017196    32.0197        975     4.0583  0.000e+00
     32.088    15.5798   4.017221    32.0200        976     4.0625  0.000e+00
     32.139    15.5798   4.017221    32.0199        977     4.0667  0.000e+00
     32.182    15.5797   4.017221    32.0200        978     4.0708  0.000e+00
     32.224    15.5797   4.017190    32.0197        979     4.0750  0.000e+00
     32.265    15.5797   4.017148    32.0194        980     4.0792  0.000e+00
     32.303    15.5794   4.017123    32.0193        981     4.0833  0.000e+00
     32.330    15.5793   4.017123    32.0194        982     4.0875  0.000e+00
     32.346    15.5792   4.017099    32.0193        983     4.0917  0.000e+00
     32.368    15.5791   4.017099    32.0193        984     4.0958  0.000e+00
     32.373    15.5788   4.017075    32.0194        985     4.1000  0.000e+00
     32.368    15.5788   4.017081    32.0194        986     4.1042  0.000e+00
     32.355    15.5786   4.017081    32.0196        987     4.1083  0.000e+00
     32.339    15.5786   4.017099    32.0197        988     4.1125  0.000e+00
     32.317    15.5786   4.017099    32.0198        989     4.1167  0.000e+00
     32.292    15.5785   4.017123    32.0201        990     4.1208  0.000e+00
     32.258    15.5786   4.017221    32.0209        991     4.1250  0.000e+00
     32.242    15.5790   4.017245    32.0208        992     4.1292  0.000e+00
     32.227    15.5793   4.017294    32.0210        993     4.1333  0.000e+00
     32.216    15.5795   4.017342    32.0212        994     4.1375  0.000e+00
     32.223    15.5800   4.017373    32.0211        995     4.1417  0.000e+00
     32.236    15.5801   4.017342    32.0207        996     4.1458  0.000e+00
     32.265    15.5804   4.017245    32.0196        997     4.1500  0.000e+00
     32.303    15.5801   4.017172    32.0192        998     4.1542  0.000e+00
     32.350    15.5798   4.017148    32.0192        999     4.1583  0.000e+00
     32.392    15.5794   4.017075    32.0189       1000     4.1625  0.000e+00
     32.424    15.5789   4.017032    32.0189       1001     4.1667  0.000e+00
     32.460    15.5785   4.016984    32.0188       1002     4.1708  0.000e+00
     32.475    15.5783   4.016959    32.0187       1003     4.1750  0.000e+00
     32.480    15.5778   4.016935    32.0189       1004     4.1792  0.000e+00
     32.466    15.5774   4.016917    32.0191       1005     4.1833  0.000e+00
     32.438    15.5772   4.016935    32.0194       1006     4.1875  0.000e+00
     32.388    15.5771   4.016984    32.0199       1007     4.1917  0.000e+00
     32.325    15.5771   4.017221    32.0221       1008     4.1958  0.000e+00
     32.243    15.5778   4.017482    32.0239       1009     4.2000  0.000e+00
     32.162    15.5792   4.017604    32.0238       1010     4.2042  0.000e+00
     32.071    15.5804   4.017555    32.0224       1011     4.2083  0.000e+00
     31.979    15.5813   4.017318    32.0196       1012     4.2125  0.000e+00
     31.900    15.5812   4.017245    32.0191       1013     4.2167  0.000e+00
     31.831    15.5810   4.017342    32.0202       1014     4.2208  0.000e+00
     31.777    15.5810   4.017372    32.0205       1015     4.2250  0.000e+00
     31.744    15.5812   4.017391    32.0204       1016     4.2292  0.000e+00
     31.724    15.5815   4.017391    32.0203       1017     4.2333  0.000e+00
     31.723    15.5817   4.017391    32.0201       1018     4.2375  0.000e+00
     31.728    15.5819   4.017409    32.0201       1019     4.2417  0.000e+00
     31.741    15.5818   4.017372    32.0198       1020     4.2458  0.000e+00
     31.755    15.5819   4.017366    32.0196       1021     4.2500  0.000e+00
     31.777    15.5819   4.017342    32.0195       1022     4.2542  0.000e+00
     31.804    15.5816   4.017342    32.0197       1023     4.2583  0.000e+00
     31.831    15.5816   4.017318    32.0194       1024     4.2625  0.000e+00
     31.856    15.5815   4.017281    32.0192       1025     4.2667  0.000e+00
     31.883    15.5814   4.017269    32.0192       1026     4.2708  0.000e+00
     31.910    15.5812   4.017269    32.0194       1027     4.2750  0.000e+00
     31.947    15.5809   4.017245    32.0193       1028     4.2792  0.000e+00
     31.970    15.5808   4.017221    32.0192       1029     4.2833  0.000e+00
     31.995    15.5807   4.017190    32.0190       1030     4.2875  0.000e+00
     32.017    15.5805   4.017172    32.0190       1031     4.2917  0.000e+00
     32.033    15.5803   4.017148    32.0189       1032     4.2958  0.000e+00
     32.050    15.5800   4.017172    32.0194       1033     4.3000  0.000e+00
     32.062    15.5798   4.017148    32.0193       1034     4.3042  0.000e+00
     32.064    15.5795   4.017166    32.0197       1035     4.3083  0.000e+00
