HB2304/sbe056.cnv
* Sea-Bird SBE 19plus V2 Data File:
* FileName = C:\cruise\data\sbe056.hex
* Software Version Seasave V 7.26.7.121
* Temperature SN = 7037
* Conductivity SN = 7037
* System UpLoad Time = Oct 10 2023 23:08:20
** Ship: Bigelow
** Cruise:  HB2304
** Program:  Fall Bottom Trawl
# nquan = 7
# nvalues = 1296                                  
# units = specified
# name 0 = depSM: Depth [salt water, m], lat = 40.00
# name 1 = tv290C: Temperature [ITS-90, deg C]
# name 2 = c0S/m: Conductivity [S/m]
# name 3 = sal00: Salinity, Practical [PSU]
# name 4 = scan: Scan Count
# name 5 = timeM: Time, Elapsed [minutes]
# name 6 = flag:  0.000e+00
# span 0 =     -0.090,     44.673                 
# span 1 =    15.5913,    19.5398                 
# span 2 =  -0.000007,   4.583389                 
# span 3 =     0.0000,    33.8999                 
# span 4 =         11,       1306                 
# span 5 =     0.0417,     5.4375                 
# span 6 = 0.0000e+00, 0.0000e+00                 
# interval = seconds: 0.25
# start_time = Oct 10 2023 23:08:20 [System UTC, header]
# bad_flag = -9.990e-29
*END*
     -0.064    16.0524   0.000004     0.0084         11     0.0417  0.000e+00
     -0.057    16.0411   0.000004     0.0084         12     0.0458  0.000e+00
     -0.064    16.0328   0.000009     0.0083         13     0.0500  0.000e+00
     -0.068    16.0254   0.000004     0.0084         14     0.0542  0.000e+00
     -0.061    16.0209   0.000004     0.0084         15     0.0583  0.000e+00
     -0.061    16.0217  -0.000002     0.0000         16     0.0625  0.000e+00
     -0.062    16.0214   0.000004     0.0084         17     0.0667  0.000e+00
     -0.061    16.0218   0.000004     0.0084         18     0.0708  0.000e+00
     -0.061    16.0240   0.000004     0.0084         19     0.0750  0.000e+00
     -0.059    16.0242   0.000004     0.0084         20     0.0792  0.000e+00
     -0.059    16.0289   0.000004     0.0084         21     0.0833  0.000e+00
     -0.059    16.0398  -0.000002     0.0000         22     0.0875  0.000e+00
     -0.057    16.0488   0.000004     0.0084         23     0.0917  0.000e+00
     -0.055    16.0492   0.000004     0.0084         24     0.0958  0.000e+00
     -0.053    16.0459   0.000004     0.0084         25     0.1000  0.000e+00
     -0.053    16.0516   0.000004     0.0084         26     0.1042  0.000e+00
     -0.064    16.0658   0.000004     0.0084         27     0.1083  0.000e+00
     -0.053    16.0815   0.000004     0.0084         28     0.1125  0.000e+00
     -0.051    16.0944   0.000004     0.0084         29     0.1167  0.000e+00
     -0.048    16.1011   0.000009     0.0083         30     0.1208  0.000e+00
     -0.055    16.0994   0.000004     0.0084         31     0.1250  0.000e+00
     -0.060    16.0954   0.000004     0.0084         32     0.1292  0.000e+00
     -0.059    16.0966   0.000009     0.0083         33     0.1333  0.000e+00
     -0.059    16.1048   0.000004     0.0084         34     0.1375  0.000e+00
     -0.055    16.1158   0.000004     0.0084         35     0.1417  0.000e+00
     -0.057    16.1238   0.000004     0.0084         36     0.1458  0.000e+00
     -0.059    16.1230   0.000004     0.0084         37     0.1500  0.000e+00
     -0.055    16.1152   0.000004     0.0084         38     0.1542  0.000e+00
     -0.057    16.1065   0.000001     0.0085         39     0.1583  0.000e+00
     -0.059    16.0988  -0.000002     0.0000         40     0.1625  0.000e+00
     -0.060    16.0879   0.000009     0.0083         41     0.1667  0.000e+00
     -0.062    16.0758   0.000004     0.0084         42     0.1708  0.000e+00
     -0.059    16.0674  -0.000002     0.0000         43     0.1750  0.000e+00
     -0.059    16.0656   0.000004     0.0084         44     0.1792  0.000e+00
     -0.055    16.0763   0.000001     0.0084         45     0.1833  0.000e+00
     -0.059    16.0911  -0.000002     0.0000         46     0.1875  0.000e+00
     -0.059    16.0966   0.000004     0.0084         47     0.1917  0.000e+00
     -0.055    16.0921   0.000004     0.0084         48     0.1958  0.000e+00
     -0.055    16.0876  -0.000002     0.0000         49     0.2000  0.000e+00
     -0.057    16.0884  -0.000002     0.0000         50     0.2042  0.000e+00
     -0.055    16.1050   0.000004     0.0084         51     0.2083  0.000e+00
     -0.048    16.1275   0.000001     0.0085         52     0.2125  0.000e+00
     -0.048    16.1428   0.000004     0.0084         53     0.2167  0.000e+00
     -0.050    16.1439  -0.000007     0.0000         54     0.2208  0.000e+00
     -0.051    16.1476  -0.000002     0.0000         55     0.2250  0.000e+00
     -0.006    16.1681   0.827585     5.6373         56     0.2292  0.000e+00
      0.276    16.2874   2.061554    15.0913         57     0.2333  0.000e+00
      0.525    16.5823   3.360788    25.6215         58     0.2375  0.000e+00
      0.736    16.8448   2.813542    20.9240         59     0.2417  0.000e+00
      0.910    17.0347   3.117493    23.3172         60     0.2458  0.000e+00
      1.047    17.1618   3.827279    29.1711         61     0.2500  0.000e+00
      1.170    17.2416   4.176820    32.0900         62     0.2542  0.000e+00
      1.297    17.2960   4.250471    32.6784         63     0.2583  0.000e+00
      1.414    17.3378   4.253974    32.6746         64     0.2625  0.000e+00
      1.539    17.3730   4.254316    32.6491         65     0.2667  0.000e+00
      1.663    17.4081   4.254073    32.6187         66     0.2708  0.000e+00
      1.790    17.4400   4.254309    32.5950         67     0.2750  0.000e+00
      1.924    17.4666   4.254097    32.5718         68     0.2792  0.000e+00
      2.068    17.4852   4.253829    32.5545         69     0.2833  0.000e+00
      2.222    17.4980   4.253680    32.5429         70     0.2875  0.000e+00
      2.379    17.5058   4.253412    32.5343         71     0.2917  0.000e+00
      2.538    17.5114   4.253001    32.5262         72     0.2958  0.000e+00
      2.708    17.5132   4.253113    32.5257         73     0.3000  0.000e+00
      2.890    17.5126   4.253188    32.5268         74     0.3042  0.000e+00
      3.077    17.5131   4.253288    32.5271         75     0.3083  0.000e+00
      3.264    17.5135   4.253362    32.5274         76     0.3125  0.000e+00
      3.445    17.5144   4.253792    32.5302         77     0.3167  0.000e+00
      3.624    17.5168   4.253947    32.5296         78     0.3208  0.000e+00
      3.798    17.5204   4.254072    32.5277         79     0.3250  0.000e+00
      3.958    17.5229   4.254047    32.5254         80     0.3292  0.000e+00
      4.121    17.5258   4.254047    32.5231         81     0.3333  0.000e+00
      4.271    17.5278   4.253923    32.5203         82     0.3375  0.000e+00
      4.421    17.5299   4.253755    32.5171         83     0.3417  0.000e+00
      4.562    17.5331   4.253829    32.5152         84     0.3458  0.000e+00
      4.705    17.5349   4.253804    32.5135         85     0.3500  0.000e+00
      4.851    17.5363   4.253948    32.5135         86     0.3542  0.000e+00
      4.997    17.5376   4.254271    32.5152         87     0.3583  0.000e+00
      5.146    17.5384   4.254539    32.5168         88     0.3625  0.000e+00
      5.298    17.5398   4.254782    32.5177         89     0.3667  0.000e+00
      5.447    17.5415   4.255081    32.5188         90     0.3708  0.000e+00
      5.605    17.5444   4.255510    32.5201         91     0.3750  0.000e+00
      5.762    17.5460   4.255790    32.5211         92     0.3792  0.000e+00
      5.917    17.5488   4.255840    32.5193         93     0.3833  0.000e+00
      6.089    17.5512   4.256033    32.5190         94     0.3875  0.000e+00
      6.257    17.5505   4.256151    32.5205         95     0.3917  0.000e+00
      6.430    17.5509   4.256282    32.5212         96     0.3958  0.000e+00
      6.602    17.5518   4.256575    32.5229         97     0.4000  0.000e+00
      6.770    17.5528   4.256749    32.5235         98     0.4042  0.000e+00
      6.935    17.5549   4.256625    32.5207         99     0.4083  0.000e+00
      7.094    17.5582   4.256712    32.5188        100     0.4125  0.000e+00
      7.240    17.5605   4.256774    32.5174        101     0.4167  0.000e+00
      7.384    17.5629   4.256892    32.5165        102     0.4208  0.000e+00
      7.520    17.5651   4.257067    32.5161        103     0.4250  0.000e+00
      7.648    17.5653   4.257310    32.5180        104     0.4292  0.000e+00
      7.778    17.5649   4.257739    32.5219        105     0.4333  0.000e+00
      7.916    17.5651   4.258026    32.5242        106     0.4375  0.000e+00
      8.058    17.5670   4.258468    32.5263        107     0.4417  0.000e+00
      8.210    17.5688   4.258686    32.5267        108     0.4458  0.000e+00
      8.375    17.5702   4.258978    32.5280        109     0.4500  0.000e+00
      8.544    17.5705   4.259122    32.5289        110     0.4542  0.000e+00
      8.736    17.5713   4.259302    32.5298        111     0.4583  0.000e+00
      8.935    17.5715   4.259595    32.5321        112     0.4625  0.000e+00
      9.139    17.5730   4.259844    32.5329        113     0.4667  0.000e+00
      9.345    17.5753   4.259938    32.5318        114     0.4708  0.000e+00
      9.558    17.5776   4.260199    32.5321        115     0.4750  0.000e+00
      9.768    17.5797   4.260405    32.5321        116     0.4792  0.000e+00
      9.979    17.5815   4.260455    32.5310        117     0.4833  0.000e+00
     10.182    17.5831   4.260305    32.5283        118     0.4875  0.000e+00
     10.375    17.5846   4.260262    32.5268        119     0.4917  0.000e+00
     10.552    17.5863   4.260224    32.5250        120     0.4958  0.000e+00
     10.711    17.5881   4.260062    32.5221        121     0.5000  0.000e+00
     10.861    17.5894   4.259845    32.5191        122     0.5042  0.000e+00
     10.987    17.5901   4.259670    32.5170        123     0.5083  0.000e+00
     11.101    17.5904   4.259795    32.5179        124     0.5125  0.000e+00
     11.204    17.5895   4.260249    32.5224        125     0.5167  0.000e+00
     11.307    17.5882   4.260530    32.5258        126     0.5208  0.000e+00
     11.407    17.5870   4.260822    32.5292        127     0.5250  0.000e+00
     11.515    17.5861   4.261171    32.5329        128     0.5292  0.000e+00
     11.625    17.5878   4.261707    32.5361        129     0.5333  0.000e+00
     11.741    17.5905   4.261968    32.5361        130     0.5375  0.000e+00
     11.868    17.5938   4.261707    32.5312        131     0.5417  0.000e+00
     11.998    17.5950   4.262081    32.5333        132     0.5458  0.000e+00
     12.139    17.5946   4.262299    32.5354        133     0.5500  0.000e+00
     12.287    17.5943   4.262124    32.5341        134     0.5542  0.000e+00
     12.437    17.5941   4.262224    32.5351        135     0.5583  0.000e+00
     12.599    17.5932   4.262592    32.5389        136     0.5625  0.000e+00
     12.759    17.5931   4.262816    32.5409        137     0.5667  0.000e+00
     12.928    17.5940   4.093653    31.1025        138     0.5708  0.000e+00
     13.100    17.5948   4.099400    31.1505        139     0.5750  0.000e+00
     13.283    17.5908   4.263526    32.5485        140     0.5792  0.000e+00
     13.463    17.5837   4.263639    32.5551        141     0.5833  0.000e+00
     13.637    17.5841   4.263875    32.5567        142     0.5875  0.000e+00
     13.814    17.5869   4.264044    32.5559        143     0.5917  0.000e+00
     13.996    17.5896   4.264193    32.5549        144     0.5958  0.000e+00
     14.175    17.5916   4.264343    32.5545        145     0.6000  0.000e+00
     14.356    17.5929   4.264586    32.5555        146     0.6042  0.000e+00
     14.531    17.5940   4.264717    32.5557        147     0.6083  0.000e+00
     14.706    17.5943   4.264860    32.5566        148     0.6125  0.000e+00
     14.882    17.5946   4.264910    32.5567        149     0.6167  0.000e+00
     15.044    17.5954   4.265003    32.5569        150     0.6208  0.000e+00
     15.203    17.5964   4.265228    32.5579        151     0.6250  0.000e+00
     15.353    17.5969   4.265533    32.5600        152     0.6292  0.000e+00
     15.496    17.5976   4.265595    32.5600        153     0.6333  0.000e+00
     15.633    17.5984   4.265695    32.5601        154     0.6375  0.000e+00
     15.764    17.5992   4.265795    32.5602        155     0.6417  0.000e+00
     15.894    17.6003   4.265888    32.5602        156     0.6458  0.000e+00
     16.017    17.6007   4.266025    32.5610        157     0.6500  0.000e+00
     16.147    17.6012   4.266312    32.5629        158     0.6542  0.000e+00
     16.286    17.6019   4.266605    32.5648        159     0.6583  0.000e+00
     16.421    17.6032   4.266829    32.5656        160     0.6625  0.000e+00
     16.560    17.6046   4.266804    32.5642        161     0.6667  0.000e+00
     16.712    17.6052   4.266998    32.5653        162     0.6708  0.000e+00
     16.866    17.6046   4.267054    32.5662        163     0.6750  0.000e+00
     17.032    17.6046   4.267098    32.5666        164     0.6792  0.000e+00
     17.204    17.6042   4.267272    32.5683        165     0.6833  0.000e+00
     17.377    17.6044   4.267415    32.5693        166     0.6875  0.000e+00
     17.562    17.6050   4.267565    32.5701        167     0.6917  0.000e+00
     17.748    17.6063   4.267721    32.5703        168     0.6958  0.000e+00
     17.932    17.6072   4.267814    32.5703        169     0.7000  0.000e+00
     18.117    17.6079   4.267858    32.5701        170     0.7042  0.000e+00
     18.303    17.6083   4.268008    32.5709        171     0.7083  0.000e+00
     18.480    17.6090   4.267983    32.5701        172     0.7125  0.000e+00
     18.650    17.6093   4.268008    32.5700        173     0.7167  0.000e+00
     18.809    17.6100   4.268027    32.5696        174     0.7208  0.000e+00
     18.959    17.6106   4.268033    32.5691        175     0.7250  0.000e+00
     19.102    17.6110   4.268033    32.5687        176     0.7292  0.000e+00
     19.239    17.6111   4.268083    32.5689        177     0.7333  0.000e+00
     19.365    17.6114   4.268108    32.5689        178     0.7375  0.000e+00
     19.494    17.6113   4.268183    32.5696        179     0.7417  0.000e+00
     19.618    17.6112   4.268438    32.5718        180     0.7458  0.000e+00
     19.737    17.6118   4.268600    32.5726        181     0.7500  0.000e+00
     19.855    17.6124   4.268775    32.5736        182     0.7542  0.000e+00
     19.983    17.6128   4.268800    32.5734        183     0.7583  0.000e+00
     20.113    17.6132   4.268918    32.5741        184     0.7625  0.000e+00
     20.243    17.6134   4.268981    32.5744        185     0.7667  0.000e+00
     20.379    17.6139   4.269043    32.5745        186     0.7708  0.000e+00
     20.522    17.6139   4.269168    32.5755        187     0.7750  0.000e+00
     20.668    17.6142   4.269293    32.5763        188     0.7792  0.000e+00
     20.818    17.6144   4.269411    32.5771        189     0.7833  0.000e+00
     20.972    17.6150   4.269536    32.5777        190     0.7875  0.000e+00
     21.129    17.6160   4.269698    32.5781        191     0.7917  0.000e+00
     21.293    17.6172   4.269785    32.5778        192     0.7958  0.000e+00
     21.456    17.6182   4.269860    32.5776        193     0.8000  0.000e+00
     21.619    17.6191   4.269904    32.5772        194     0.8042  0.000e+00
     21.783    17.6198   4.269954    32.5771        195     0.8083  0.000e+00
     21.944    17.6206   4.270004    32.5768        196     0.8125  0.000e+00
     22.108    17.6212   4.270035    32.5765        197     0.8167  0.000e+00
     22.267    17.6217   4.270128    32.5768        198     0.8208  0.000e+00
     22.428    17.6217   4.270203    32.5774        199     0.8250  0.000e+00
     22.589    17.6222   4.270203    32.5769        200     0.8292  0.000e+00
     22.748    17.6228   4.270253    32.5768        201     0.8333  0.000e+00
     22.902    17.6233   4.270365    32.5773        202     0.8375  0.000e+00
     23.063    17.6237   4.270422    32.5774        203     0.8417  0.000e+00
     23.216    17.6237   4.270447    32.5776        204     0.8458  0.000e+00
     23.381    17.6240   4.270422    32.5771        205     0.8500  0.000e+00
     23.540    17.6242   4.270472    32.5773        206     0.8542  0.000e+00
     23.692    17.6245   4.270522    32.5774        207     0.8583  0.000e+00
     23.851    17.6251   4.270547    32.5771        208     0.8625  0.000e+00
     24.001    17.6256   4.270572    32.5769        209     0.8667  0.000e+00
     24.149    17.6257   4.270597    32.5770        210     0.8708  0.000e+00
     24.297    17.6253   4.270671    32.5779        211     0.8750  0.000e+00
     24.438    17.6252   4.270721    32.5783        212     0.8792  0.000e+00
     24.581    17.6253   4.270796    32.5788        213     0.8833  0.000e+00
     24.722    17.6256   4.270883    32.5793        214     0.8875  0.000e+00
     24.866    17.6259   4.270915    32.5793        215     0.8917  0.000e+00
