HB2304/sbe031.cnv
* Sea-Bird SBE 19plus V2 Data File:
* FileName = C:\cruise\data\sbe031.hex
* Software Version Seasave V 7.26.7.121
* Temperature SN = 7037
* Conductivity SN = 7037
* System UpLoad Time = Sep 22 2023 08:29:27
** Ship: Bigelow
** Cruise:  HB2304
** Program:  Fall Bottom Trawl
# nquan = 7
# nvalues = 1435                                  
# units = specified
# name 0 = depSM: Depth [salt water, m], lat = 40.00
# name 1 = tv290C: Temperature [ITS-90, deg C]
# name 2 = c0S/m: Conductivity [S/m]
# name 3 = sal00: Salinity, Practical [PSU]
# name 4 = scan: Scan Count
# name 5 = timeM: Time, Elapsed [minutes]
# name 6 = flag:  0.000e+00
# span 0 =      0.014,     15.517                 
# span 1 =    20.8310,    23.1155                 
# span 2 =  -0.000004,   4.601178                 
# span 3 =     0.0000,    31.6143                 
# span 4 =         11,       1445                 
# span 5 =     0.0417,     6.0167                 
# span 6 = 0.0000e+00, 0.0000e+00                 
# interval = seconds: 0.25
# start_time = Sep 22 2023 08:29:27 [System UTC, header]
# bad_flag = -9.990e-29
*END*
[from data line 206]
      2.831    22.5124   4.556799    31.1988        217     0.9000  0.000e+00
      2.847    22.5087   4.557766    31.2088        218     0.9042  0.000e+00
      2.871    22.5119   4.559118    31.2169        219     0.9083  0.000e+00
      2.909    22.5260   4.560226    31.2153        220     0.9125  0.000e+00
      2.950    22.5431   4.561123    31.2099        221     0.9167  0.000e+00
      2.996    22.5629   4.561456    31.1983        222     0.9208  0.000e+00
      3.052    22.5794   4.561366    31.1859        223     0.9250  0.000e+00
      3.109    22.5913   4.561251    31.1764        224     0.9292  0.000e+00
      3.156    22.5991   4.560828    31.1677        225     0.9333  0.000e+00
      3.178    22.6037   4.558739    31.1484        226     0.9375  0.000e+00
      3.180    22.6055   4.553512    31.1072        227     0.9417  0.000e+00
      3.165    22.6010   4.552052    31.0993        228     0.9458  0.000e+00
      3.142    22.5919   4.551489    31.1014        229     0.9500  0.000e+00
      3.133    22.5874   4.551540    31.1050        230     0.9542  0.000e+00
      3.135    22.5890   4.556689    31.1432        231     0.9583  0.000e+00
      3.158    22.5808   4.558880    31.1658        232     0.9625  0.000e+00
      3.223    22.5758   4.562071    31.1938        233     0.9667  0.000e+00
      3.312    22.5827   4.563238    31.1977        234     0.9708  0.000e+00
      3.409    22.6061   4.562532    31.1756        235     0.9750  0.000e+00
      3.501    22.6253   4.561494    31.1540        236     0.9792  0.000e+00
      3.590    22.6358   4.559764    31.1333        237     0.9833  0.000e+00
      3.677    22.6390   4.554767    31.0928        238     0.9875  0.000e+00
      3.762    22.6359   4.553845    31.0880        239     0.9917  0.000e+00
      3.836    22.6355   4.556529    31.1087        240     0.9958  0.000e+00
      3.899    22.6554   4.561993    31.1363        241     1.0000  0.000e+00
      3.955    22.6996   4.564460    31.1237        242     1.0042  0.000e+00
      3.997    22.7571   4.559378    31.0442        243     1.0083  0.000e+00
      4.035    22.8092   4.558422    31.0001        244     1.0125  0.000e+00
      4.074    22.8187   4.557762    30.9883        245     1.0167  0.000e+00
      4.132    22.7603   4.559038    31.0393        246     1.0208  0.000e+00
      4.204    22.7011   4.560455    31.0920        247     1.0250  0.000e+00
      4.268    22.6651   4.561628    31.1265        248     1.0292  0.000e+00
      4.333    22.6458   4.561558    31.1397        249     1.0333  0.000e+00
      4.398    22.6413   4.561071    31.1391        250     1.0375  0.000e+00
      4.456    22.6395   4.560200    31.1337        251     1.0417  0.000e+00
      4.517    22.6391   4.559123    31.1258        252     1.0458  0.000e+00
      4.591    22.6381   4.558105    31.1187        253     1.0500  0.000e+00
      4.649    22.6352   4.557714    31.1177        254     1.0542  0.000e+00
      4.709    22.6308   4.559277    31.1328        255     1.0583  0.000e+00
      4.763    22.6260   4.560892    31.1485        256     1.0625  0.000e+00
      4.830    22.6297   4.562219    31.1560        257     1.0667  0.000e+00
      4.880    22.6374   4.563129    31.1574        258     1.0708  0.000e+00
      4.927    22.6468   4.563718    31.1553        259     1.0750  0.000e+00
      4.971    22.6558   4.563974    31.1508        260     1.0792  0.000e+00
      5.003    22.6633   4.564038    31.1459        261     1.0833  0.000e+00
      5.039    22.6681   4.564359    31.1449        262     1.0875  0.000e+00
      5.079    22.6712   4.564596    31.1445        263     1.0917  0.000e+00
      5.117    22.6756   4.565461    31.1480        264     1.0958  0.000e+00
      5.171    22.6798   4.566795    31.1552        265     1.1000  0.000e+00
      5.220    22.6890   4.567904    31.1570        266     1.1042  0.000e+00
      5.269    22.7016   4.570090    31.1647        267     1.1083  0.000e+00
      5.323    22.7122   4.570918    31.1635        268     1.1125  0.000e+00
      5.379    22.7219   4.571039    31.1576        269     1.1167  0.000e+00
      5.439    22.7324   4.571315    31.1522        270     1.1208  0.000e+00
      5.505    22.7441   4.571809    31.1476        271     1.1250  0.000e+00
      5.587    22.7549   4.572283    31.1435        272     1.1292  0.000e+00
      5.664    22.7675   4.572790    31.1384        273     1.1333  0.000e+00
      5.748    22.7792   4.573598    31.1362        274     1.1375  0.000e+00
      5.827    22.7910   4.574278    31.1330        275     1.1417  0.000e+00
      5.908    22.8004   4.574644    31.1291        276     1.1458  0.000e+00
      5.997    22.8045   4.575285    31.1311        277     1.1500  0.000e+00
      6.071    22.8026   4.575311    31.1325        278     1.1542  0.000e+00
      6.136    22.8027   4.575099    31.1308        279     1.1583  0.000e+00
      6.199    22.8055   4.574746    31.1262        280     1.1625  0.000e+00
      6.264    22.8104   4.574400    31.1200        281     1.1667  0.000e+00
      6.330    22.8149   4.574381    31.1167        282     1.1708  0.000e+00
      6.407    22.8200   4.574830    31.1164        283     1.1750  0.000e+00
      6.490    22.8238   4.575003    31.1151        284     1.1792  0.000e+00
      6.573    22.8273   4.575208    31.1141        285     1.1833  0.000e+00
      6.642    22.8322   4.575741    31.1147        286     1.1875  0.000e+00
      6.702    22.8360   4.576447    31.1173        287     1.1917  0.000e+00
      6.763    22.8384   4.576735    31.1178        288     1.1958  0.000e+00
      6.803    22.8355   4.576703    31.1196        289     1.2000  0.000e+00
      6.827    22.8286   4.576492    31.1228        290     1.2042  0.000e+00
      6.839    22.8201   4.575953    31.1248        291     1.2083  0.000e+00
      6.836    22.8108   4.575234    31.1259        292     1.2125  0.000e+00
      6.821    22.8013   4.574484    31.1269        293     1.2167  0.000e+00
      6.830    22.7887   4.574850    31.1387        294     1.2208  0.000e+00
      6.852    22.7778   4.576653    31.1601        295     1.2250  0.000e+00
      6.892    22.7880   4.577423    31.1587        296     1.2292  0.000e+00
      6.949    22.8086   4.578616    31.1532        297     1.2333  0.000e+00
      7.024    22.8296   4.578712    31.1389        298     1.2375  0.000e+00
      7.092    22.8479   4.578378    31.1235        299     1.2417  0.000e+00
      7.168    22.8574   4.578320    31.1163        300     1.2458  0.000e+00
      7.242    22.8622   4.578301    31.1127        301     1.2500  0.000e+00
      7.324    22.8641   4.578532    31.1131        302     1.2542  0.000e+00
      7.407    22.8658   4.578686    31.1130        303     1.2583  0.000e+00
      7.475    22.8656   4.578558    31.1122        304     1.2625  0.000e+00
      7.537    22.8630   4.577550    31.1064        305     1.2667  0.000e+00
      7.578    22.8576   4.576382    31.1013        306     1.2708  0.000e+00
      7.616    22.8493   4.576209    31.1058        307     1.2750  0.000e+00
      7.652    22.8381   4.576209    31.1137        308     1.2792  0.000e+00
      7.692    22.8256   4.578937    31.1433        309     1.2833  0.000e+00
      7.737    22.8238   4.579772    31.1509        310     1.2875  0.000e+00
      7.797    22.8390   4.580491    31.1456        311     1.2917  0.000e+00
      7.862    22.8546   4.580028    31.1310        312     1.2958  0.000e+00
      7.925    22.8676   4.584901    31.1588        313     1.3000  0.000e+00
      7.981    22.8963   4.599315    31.2479        314     1.3042  0.000e+00
      8.032    22.9658   4.600144    31.2049        315     1.3083  0.000e+00
      8.077    23.0215   4.600400    31.1673        316     1.3125  0.000e+00
      8.126    23.0569   4.600580    31.1436        317     1.3167  0.000e+00
      8.158    23.0787   4.600580    31.1281        318     1.3208  0.000e+00
      8.185    23.0920   4.600451    31.1178        319     1.3250  0.000e+00
      8.207    23.1001   4.600528    31.1127        320     1.3292  0.000e+00
      8.223    23.1047   4.600476    31.1090        321     1.3333  0.000e+00
      8.232    23.1078   4.600553    31.1074        322     1.3375  0.000e+00
      8.256    23.1098   4.600553    31.1060        323     1.3417  0.000e+00
      8.281    23.1108   4.600586    31.1055        324     1.3458  0.000e+00
      8.315    23.1116   4.600631    31.1053        325     1.3500  0.000e+00
      8.361    23.1123   4.600656    31.1049        326     1.3542  0.000e+00
      8.406    23.1125   4.600611    31.1044        327     1.3583  0.000e+00
      8.460    23.1124   4.600502    31.1037        328     1.3625  0.000e+00
      8.511    23.1122   4.600586    31.1044        329     1.3667  0.000e+00
      8.572    23.1122   4.600451    31.1034        330     1.3708  0.000e+00
      8.624    23.1119   4.600399    31.1032        331     1.3750  0.000e+00
      8.686    23.1114   4.600367    31.1033        332     1.3792  0.000e+00
      8.742    23.1112   4.600399    31.1037        333     1.3833  0.000e+00
      8.798    23.1112   4.600399    31.1037        334     1.3875  0.000e+00
      8.861    23.1109   4.600476    31.1044        335     1.3917  0.000e+00
      8.926    23.1112   4.600528    31.1046        336     1.3958  0.000e+00
      8.990    23.1113   4.600560    31.1047        337     1.4000  0.000e+00
      9.056    23.1118   4.600554    31.1043        338     1.4042  0.000e+00
      9.134    23.1115   4.600580    31.1047        339     1.4083  0.000e+00
      9.212    23.1117   4.600612    31.1048        340     1.4125  0.000e+00
      9.286    23.1118   4.600554    31.1043        341     1.4167  0.000e+00
      9.356    23.1119   4.600451    31.1034        342     1.4208  0.000e+00
      9.425    23.1116   4.600535    31.1042        343     1.4250  0.000e+00
      9.490    23.1113   4.600502    31.1042        344     1.4292  0.000e+00
      9.537    23.1113   4.600612    31.1050        345     1.4333  0.000e+00
      9.591    23.1113   4.600792    31.1063        346     1.4375  0.000e+00
      9.640    23.1119   4.600869    31.1065        347     1.4417  0.000e+00
      9.674    23.1125   4.600966    31.1067        348     1.4458  0.000e+00
      9.714    23.1132   4.601075    31.1071        349     1.4500  0.000e+00
      9.749    23.1137   4.601126    31.1071        350     1.4542  0.000e+00
      9.777    23.1143   4.601152    31.1069        351     1.4583  0.000e+00
      9.815    23.1151   4.601152    31.1063        352     1.4625  0.000e+00
      9.848    23.1151   4.601178    31.1065        353     1.4667  0.000e+00
      9.877    23.1153   4.601178    31.1063        354     1.4708  0.000e+00
      9.908    23.1155   4.601126    31.1058        355     1.4750  0.000e+00
      9.933    23.1154   4.601126    31.1059        356     1.4792  0.000e+00
      9.964    23.1155   4.601178    31.1062        357     1.4833  0.000e+00
     10.005    23.1155   4.601127    31.1058        358     1.4875  0.000e+00
     10.049    23.1153   4.601024    31.1051        359     1.4917  0.000e+00
     10.090    23.1151   4.601049    31.1054        360     1.4958  0.000e+00
     10.143    23.1150   4.601043    31.1055        361     1.5000  0.000e+00
     10.190    23.1149   4.601024    31.1054        362     1.5042  0.000e+00
     10.238    23.1146   4.601024    31.1056        363     1.5083  0.000e+00
     10.283    23.1145   4.600966    31.1052        364     1.5125  0.000e+00
     10.330    23.1140   4.600972    31.1056        365     1.5167  0.000e+00
     10.376    23.1140   4.600908    31.1051        366     1.5208  0.000e+00
     10.428    23.1135   4.600921    31.1055        367     1.5250  0.000e+00
     10.488    23.1136   4.600921    31.1054        368     1.5292  0.000e+00
     10.542    23.1133   4.600908    31.1055        369     1.5333  0.000e+00
     10.614    23.1133   4.600921    31.1056        370     1.5375  0.000e+00
     10.686    23.1132   4.600870    31.1053        371     1.5417  0.000e+00
     10.757    23.1129   4.600831    31.1052        372     1.5458  0.000e+00
     10.826    23.1125   4.600741    31.1047        373     1.5500  0.000e+00
     10.894    23.1124   4.600587    31.1036        374     1.5542  0.000e+00
     10.965    23.1114   4.600323    31.1023        375     1.5583  0.000e+00
     11.035    23.1101   4.600194    31.1022        376     1.5625  0.000e+00
     11.100    23.1090   4.600207    31.1031        377     1.5667  0.000e+00
     11.153    23.1080   4.599937    31.1017        378     1.5708  0.000e+00
     11.198    23.1066   4.599751    31.1013        379     1.5750  0.000e+00
     11.245    23.1053   4.599642    31.1014        380     1.5792  0.000e+00
     11.281    23.1042   4.599519    31.1012        381     1.5833  0.000e+00
     11.323    23.1030   4.599828    31.1044        382     1.5875  0.000e+00
     11.359    23.1027   4.600118    31.1067        383     1.5917  0.000e+00
     11.393    23.1038   4.600195    31.1066        384     1.5958  0.000e+00
     11.429    23.1047   4.599995    31.1044        385     1.6000  0.000e+00
     11.456    23.1049   4.599963    31.1040        386     1.6042  0.000e+00
     11.496    23.1043   4.599989    31.1046        387     1.6083  0.000e+00
     11.534    23.1040   4.599963    31.1047        388     1.6125  0.000e+00
     11.567    23.1039   4.600040    31.1053        389     1.6167  0.000e+00
     11.608    23.1040   4.600098    31.1057        390     1.6208  0.000e+00
     11.651    23.1043   4.600195    31.1062        391     1.6250  0.000e+00
     11.689    23.1049   4.600375    31.1071        392     1.6292  0.000e+00
     11.731    23.1059   4.600536    31.1076        393     1.6333  0.000e+00
     11.771    23.1069   4.600272    31.1048        394     1.6375  0.000e+00
     11.814    23.1068   4.600156    31.1040        395     1.6417  0.000e+00
     11.872    23.1064   4.600169    31.1044        396     1.6458  0.000e+00
     11.915    23.1060   4.600272    31.1054        397     1.6500  0.000e+00
     11.966    23.1060   4.600317    31.1058        398     1.6542  0.000e+00
     12.011    23.1062   4.600298    31.1055        399     1.6583  0.000e+00
     12.058    23.1061   4.600375    31.1061        400     1.6625  0.000e+00
     12.103    23.1066   4.600343    31.1055        401     1.6667  0.000e+00
     12.152    23.1067   4.600272    31.1049        402     1.6708  0.000e+00
     12.206    23.1065   4.600317    31.1053        403     1.6750  0.000e+00
     12.259    23.1065   4.600324    31.1054        404     1.6792  0.000e+00
     12.315    23.1065   4.600324    31.1053        405     1.6833  0.000e+00
     12.371    23.1067   4.600157    31.1039        406     1.6875  0.000e+00
     12.423    23.1064   4.600118    31.1038        407     1.6917  0.000e+00
     12.477    23.1058   4.600092    31.1041        408     1.6958  0.000e+00
     12.528    23.1054   4.600131    31.1046        409     1.7000  0.000e+00
     12.571    23.1051   4.599829    31.1025        410     1.7042  0.000e+00
     12.617    23.1046   4.599803    31.1027        411     1.7083  0.000e+00
     12.651    23.1034   4.599880    31.1041        412     1.7125  0.000e+00
     12.687    23.1033   4.600067    31.1055        413     1.7167  0.000e+00
     12.718    23.1037   4.600234    31.1066        414     1.7208  0.000e+00
     12.747    23.1047   4.600273    31.1061        415     1.7250  0.000e+00
     12.770    23.1052   4.600221    31.1054        416     1.7292  0.000e+00
     12.788    23.1055   4.600099    31.1042        417     1.7333  0.000e+00
     12.824    23.1053   4.600092    31.1043        418     1.7375  0.000e+00
     12.857    23.1050   4.599912    31.1032        419     1.7417  0.000e+00
     12.897    23.1043   4.599829    31.1030        420     1.7458  0.000e+00
