HB2304/sbe028.cnv
* Sea-Bird SBE 19plus V2 Data File:
* FileName = C:\cruise\data\sbe028.hex
* Software Version Seasave V 7.26.7.121
* Temperature SN = 7037
* Conductivity SN = 7037
* System UpLoad Time = Sep 21 2023 03:09:55
** Ship: Bigelow
** Cruise:  HB2304
** Program:  Fall Bottom Trawl
# nquan = 7
# nvalues = 1420                                  
# units = specified
# name 0 = depSM: Depth [salt water, m], lat = 40.00
# name 1 = tv290C: Temperature [ITS-90, deg C]
# name 2 = c0S/m: Conductivity [S/m]
# name 3 = sal00: Salinity, Practical [PSU]
# name 4 = scan: Scan Count
# name 5 = timeM: Time, Elapsed [minutes]
# name 6 = flag:  0.000e+00
# span 0 =      0.033,     21.594                 
# span 1 =    24.1710,    24.5939                 
# span 2 =  -0.000023,   4.911487                 
# span 3 =     0.0000,    32.5391                 
# span 4 =         11,       1430                 
# span 5 =     0.0417,     5.9542                 
# span 6 = 0.0000e+00, 0.0000e+00                 
# interval = seconds: 0.25
# start_time = Sep 21 2023 03:09:55 [System UTC, header]
# bad_flag = -9.990e-29
*END*
[from data line 206]
      9.226    24.3546   4.810519    31.7959        217     0.9000  0.000e+00
      9.293    24.3543   4.808822    31.7834        218     0.9042  0.000e+00
      9.362    24.3533   4.807701    31.7759        219     0.9083  0.000e+00
      9.430    24.3530   4.806934    31.7704        220     0.9125  0.000e+00
      9.508    24.3538   4.806384    31.7657        221     0.9167  0.000e+00
      9.589    24.3549   4.806220    31.7637        222     0.9208  0.000e+00
      9.667    24.3562   4.806410    31.7642        223     0.9250  0.000e+00
      9.752    24.3574   4.805591    31.7572        224     0.9292  0.000e+00
      9.840    24.3584   4.803934    31.7442        225     0.9333  0.000e+00
      9.929    24.3589   4.802578    31.7338        226     0.9375  0.000e+00
     10.019    24.3596   4.800417    31.7173        227     0.9417  0.000e+00
     10.106    24.3602   4.797195    31.6930        228     0.9458  0.000e+00
     10.196    24.3612   4.802637    31.7326        229     0.9500  0.000e+00
     10.278    24.3636   4.790343    31.6399        230     0.9542  0.000e+00
     10.364    24.3811   4.768830    31.4686        231     0.9583  0.000e+00
     10.446    24.4216   4.772788    31.4694        232     0.9625  0.000e+00
     10.516    24.4535   4.772977    31.4484        233     0.9667  0.000e+00
     10.583    24.4747   4.774636    31.4458        234     0.9708  0.000e+00
     10.637    24.4881   4.775995    31.4464        235     0.9750  0.000e+00
     10.688    24.4971   4.777432    31.4507        236     0.9792  0.000e+00
     10.733    24.5029   4.779230    31.4599        237     0.9833  0.000e+00
     10.769    24.5068   4.780315    31.4652        238     0.9875  0.000e+00
     10.800    24.5098   4.782466    31.4789        239     0.9917  0.000e+00
     10.831    24.5123   4.784944    31.4954        240     0.9958  0.000e+00
     10.861    24.5141   4.786062    31.5024        241     1.0000  0.000e+00
     10.892    24.5157   4.786546    31.5048        242     1.0042  0.000e+00
     10.930    24.5170   4.786742    31.5053        243     1.0083  0.000e+00
     10.964    24.5182   4.786932    31.5059        244     1.0125  0.000e+00
     11.002    24.5187   4.787096    31.5067        245     1.0167  0.000e+00
     11.048    24.5193   4.787312    31.5079        246     1.0208  0.000e+00
     11.100    24.5195   4.787750    31.5110        247     1.0250  0.000e+00
     11.158    24.5200   4.788155    31.5136        248     1.0292  0.000e+00
     11.221    24.5204   4.788430    31.5153        249     1.0333  0.000e+00
     11.286    24.5204   4.788705    31.5173        250     1.0375  0.000e+00
     11.366    24.5207   4.789006    31.5193        251     1.0417  0.000e+00
     11.449    24.5207   4.789497    31.5229        252     1.0458  0.000e+00
     11.536    24.5210   4.789850    31.5253        253     1.0500  0.000e+00
     11.631    24.5213   4.790125    31.5270        254     1.0542  0.000e+00
     11.733    24.5214   4.790256    31.5279        255     1.0583  0.000e+00
     11.830    24.5215   4.790419    31.5290        256     1.0625  0.000e+00
     11.928    24.5216   4.790557    31.5299        257     1.0667  0.000e+00
     12.022    24.5215   4.790642    31.5306        258     1.0708  0.000e+00
     12.116    24.5213   4.790694    31.5311        259     1.0750  0.000e+00
     12.201    24.5209   4.790806    31.5322        260     1.0792  0.000e+00
     12.285    24.5207   4.790969    31.5335        261     1.0833  0.000e+00
     12.363    24.5202   4.791133    31.5350        262     1.0875  0.000e+00
     12.437    24.5198   4.791238    31.5360        263     1.0917  0.000e+00
     12.508    24.5192   4.791349    31.5373        264     1.0958  0.000e+00
     12.575    24.5185   4.791486    31.5387        265     1.1000  0.000e+00
     12.640    24.5183   4.791650    31.5401        266     1.1042  0.000e+00
     12.703    24.5181   4.791866    31.5418        267     1.1083  0.000e+00
     12.763    24.5180   4.792193    31.5443        268     1.1125  0.000e+00
     12.820    24.5180   4.792115    31.5437        269     1.1167  0.000e+00
     12.878    24.5181   4.792468    31.5462        270     1.1208  0.000e+00
     12.941    24.5182   4.792579    31.5469        271     1.1250  0.000e+00
     13.001    24.5182   4.792606    31.5471        272     1.1292  0.000e+00
     13.064    24.5183   4.792684    31.5476        273     1.1333  0.000e+00
     13.128    24.5182   4.792769    31.5483        274     1.1375  0.000e+00
     13.191    24.5183   4.792658    31.5473        275     1.1417  0.000e+00
     13.252    24.5182   4.792959    31.5496        276     1.1458  0.000e+00
     13.310    24.5181   4.793070    31.5505        277     1.1500  0.000e+00
     13.368    24.5182   4.793208    31.5514        278     1.1542  0.000e+00
     13.424    24.5181   4.793476    31.5535        279     1.1583  0.000e+00
     13.476    24.5180   4.793777    31.5557        280     1.1625  0.000e+00
     13.531    24.5179   4.794000    31.5574        281     1.1667  0.000e+00
     13.579    24.5180   4.794131    31.5583        282     1.1708  0.000e+00
     13.630    24.5176   4.794327    31.5600        283     1.1750  0.000e+00
     13.681    24.5178   4.794543    31.5615        284     1.1792  0.000e+00
     13.737    24.5180   4.794969    31.5644        285     1.1833  0.000e+00
     13.796    24.5179   4.795309    31.5670        286     1.1875  0.000e+00
     13.861    24.5179   4.795525    31.5686        287     1.1917  0.000e+00
     13.926    24.5179   4.795689    31.5698        288     1.1958  0.000e+00
     13.997    24.5178   4.795879    31.5712        289     1.2000  0.000e+00
     14.071    24.5180   4.796075    31.5725        290     1.2042  0.000e+00
     14.147    24.5179   4.796481    31.5755        291     1.2083  0.000e+00
     14.228    24.5181   4.797221    31.5808        292     1.2125  0.000e+00
     14.311    24.5182   4.798065    31.5869        293     1.2167  0.000e+00
     14.403    24.5189   4.798589    31.5902        294     1.2208  0.000e+00
     14.490    24.5195   4.799133    31.5938        295     1.2250  0.000e+00
     14.577    24.5198   4.800115    31.6008        296     1.2292  0.000e+00
     14.664    24.5205   4.801621    31.6114        297     1.2333  0.000e+00
     14.750    24.5217   4.803567    31.6249        298     1.2375  0.000e+00
     14.835    24.5236   4.805401    31.6371        299     1.2417  0.000e+00
     14.922    24.5255   4.807642    31.6522        300     1.2458  0.000e+00
     15.007    24.5281   4.809890    31.6669        301     1.2500  0.000e+00
     15.088    24.5305   4.812414    31.6838        302     1.2542  0.000e+00
     15.173    24.5344   4.815325    31.7025        303     1.2583  0.000e+00
     15.257    24.5387   4.817049    31.7121        304     1.2625  0.000e+00
     15.340    24.5430   4.819745    31.7290        305     1.2667  0.000e+00
     15.421    24.5475   4.822665    31.7473        306     1.2708  0.000e+00
     15.504    24.5525   4.826097    31.7691        307     1.2750  0.000e+00
     15.584    24.5582   4.830010    31.7939        308     1.2792  0.000e+00
     15.674    24.5646   4.834561    31.8228        309     1.2833  0.000e+00
     15.761    24.5709   4.836328    31.8314        310     1.2875  0.000e+00
     15.846    24.5748   4.836604    31.8306        311     1.2917  0.000e+00
     15.934    24.5755   4.836571    31.8299        312     1.2958  0.000e+00
     16.019    24.5734   4.836433    31.8303        313     1.3000  0.000e+00
     16.104    24.5713   4.836328    31.8310        314     1.3042  0.000e+00
     16.185    24.5688   4.836190    31.8317        315     1.3083  0.000e+00
     16.267    24.5658   4.836157    31.8336        316     1.3125  0.000e+00
     16.348    24.5624   4.836177    31.8361        317     1.3167  0.000e+00
     16.424    24.5589   4.836190    31.8386        318     1.3208  0.000e+00
     16.491    24.5559   4.836158    31.8405        319     1.3250  0.000e+00
     16.556    24.5530   4.836191    31.8428        320     1.3292  0.000e+00
     16.619    24.5510   4.836191    31.8442        321     1.3333  0.000e+00
     16.677    24.5491   4.836158    31.8452        322     1.3375  0.000e+00
     16.729    24.5477   4.836178    31.8464        323     1.3417  0.000e+00
     16.776    24.5463   4.836158    31.8472        324     1.3458  0.000e+00
     16.827    24.5450   4.836053    31.8473        325     1.3500  0.000e+00
     16.868    24.5432   4.835829    31.8470        326     1.3542  0.000e+00
     16.915    24.5407   4.835416    31.8456        327     1.3583  0.000e+00
     16.959    24.5375   4.834864    31.8438        328     1.3625  0.000e+00
     17.008    24.5335   4.834319    31.8426        329     1.3667  0.000e+00
     17.062    24.5288   4.833925    31.8430        330     1.3708  0.000e+00
     17.125    24.5243   4.833432    31.8426        331     1.3750  0.000e+00
     17.190    24.5199   4.833124    31.8434        332     1.3792  0.000e+00
     17.271    24.5155   4.832986    31.8455        333     1.3833  0.000e+00
     17.346    24.5116   4.833157    31.8495        334     1.3875  0.000e+00
     17.429    24.5085   4.833341    31.8530        335     1.3917  0.000e+00
     17.517    24.5063   4.833538    31.8560        336     1.3958  0.000e+00
     17.609    24.5046   4.833761    31.8589        337     1.4000  0.000e+00
     17.696    24.5034   4.834123    31.8623        338     1.4042  0.000e+00
     17.792    24.5028   4.834451    31.8651        339     1.4083  0.000e+00
     17.888    24.5025   4.834674    31.8670        340     1.4125  0.000e+00
     17.982    24.5025   4.834799    31.8679        341     1.4167  0.000e+00
     18.078    24.5026   4.834950    31.8689        342     1.4208  0.000e+00
     18.166    24.5026   4.835226    31.8709        343     1.4250  0.000e+00
     18.256    24.5028   4.836744    31.8819        344     1.4292  0.000e+00
     18.343    24.5028   4.838314    31.8935        345     1.4333  0.000e+00
     18.426    24.5022   4.839228    31.9007        346     1.4375  0.000e+00
     18.509    24.5014   4.839806    31.9054        347     1.4417  0.000e+00
     18.593    24.5004   4.840220    31.9092        348     1.4458  0.000e+00
     18.672    24.4992   4.840555    31.9125        349     1.4500  0.000e+00
     18.753    24.4982   4.840470    31.9125        350     1.4542  0.000e+00
     18.826    24.4974   4.840661    31.9145        351     1.4583  0.000e+00
     18.909    24.4965   4.841226    31.9193        352     1.4625  0.000e+00
     18.985    24.4959   4.841495    31.9217        353     1.4667  0.000e+00
     19.066    24.4949   4.841772    31.9244        354     1.4708  0.000e+00
     19.142    24.4941   4.842153    31.9278        355     1.4750  0.000e+00
     19.222    24.4934   4.842679    31.9321        356     1.4792  0.000e+00
     19.299    24.4923   4.843086    31.9359        357     1.4833  0.000e+00
     19.373    24.4914   4.843455    31.9393        358     1.4875  0.000e+00
     19.453    24.4901   4.843895    31.9434        359     1.4917  0.000e+00
     19.527    24.4887   4.844342    31.9477        360     1.4958  0.000e+00
     19.598    24.4875   4.844697    31.9511        361     1.5000  0.000e+00
     19.661    24.4857   4.845263    31.9566        362     1.5042  0.000e+00
     19.728    24.4841   4.845723    31.9611        363     1.5083  0.000e+00
     19.786    24.4817   4.846275    31.9669        364     1.5125  0.000e+00
     19.851    24.4789   4.847742    31.9797        365     1.5167  0.000e+00
     19.905    24.4755   4.849570    31.9956        366     1.5208  0.000e+00
     19.963    24.4708   4.851814    32.0155        367     1.5250  0.000e+00
     20.024    24.4656   4.854314    32.0377        368     1.5292  0.000e+00
     20.082    24.4600   4.855979    32.0539        369     1.5333  0.000e+00
     20.138    24.4548   4.858664    32.0775        370     1.5375  0.000e+00
     20.198    24.4498   4.860890    32.0976        371     1.5417  0.000e+00
     20.266    24.4446   4.862674    32.1144        372     1.5458  0.000e+00
     20.333    24.4393   4.863860    32.1270        373     1.5500  0.000e+00
     20.405    24.4342   4.864894    32.1382        374     1.5542  0.000e+00
     20.483    24.4292   4.865559    32.1467        375     1.5583  0.000e+00
     20.559    24.4247   4.866126    32.1541        376     1.5625  0.000e+00
     20.644    24.4212   4.866587    32.1600        377     1.5667  0.000e+00
     20.731    24.4184   4.866976    32.1649        378     1.5708  0.000e+00
     20.810    24.4163   4.867147    32.1676        379     1.5750  0.000e+00
     20.899    24.4148   4.867305    32.1698        380     1.5792  0.000e+00
     20.987    24.4136   4.867397    32.1714        381     1.5833  0.000e+00
     21.069    24.4125   4.867536    32.1732        382     1.5875  0.000e+00
     21.146    24.4115   4.867760    32.1755        383     1.5917  0.000e+00
     21.222    24.4107   4.867865    32.1769        384     1.5958  0.000e+00
     21.298    24.4099   4.868201    32.1799        385     1.6000  0.000e+00
     21.363    24.4085   4.868511    32.1831        386     1.6042  0.000e+00
     21.432    24.4069   4.868623    32.1851        387     1.6083  0.000e+00
     21.493    24.4058   4.868643    32.1861        388     1.6125  0.000e+00
     21.551    24.4048   4.868650    32.1868        389     1.6167  0.000e+00
     21.584    24.4044   4.868650    32.1871        390     1.6208  0.000e+00
     21.594    24.4039   4.868590    32.1869        391     1.6250  0.000e+00
     21.576    24.4039   4.868617    32.1871        392     1.6292  0.000e+00
     21.531    24.4038   4.867813    32.1813        393     1.6333  0.000e+00
     21.486    24.4038   4.868478    32.1862        394     1.6375  0.000e+00
     21.450    24.4041   4.868399    32.1854        395     1.6417  0.000e+00
     21.412    24.4047   4.868373    32.1848        396     1.6458  0.000e+00
     21.379    24.4051   4.868228    32.1835        397     1.6500  0.000e+00
     21.341    24.4056   4.868287    32.1835        398     1.6542  0.000e+00
     21.320    24.4061   4.868063    32.1816        399     1.6583  0.000e+00
     21.289    24.4069   4.867839    32.1793        400     1.6625  0.000e+00
     21.269    24.4083   4.868037    32.1798        401     1.6667  0.000e+00
     21.246    24.4089   4.867898    32.1784        402     1.6708  0.000e+00
     21.222    24.4095   4.867674    32.1763        403     1.6750  0.000e+00
     21.199    24.4105   4.867674    32.1756        404     1.6792  0.000e+00
     21.180    24.4112   4.867786    32.1759        405     1.6833  0.000e+00
     21.155    24.4117   4.867648    32.1745        406     1.6875  0.000e+00
     21.135    24.4122   4.867648    32.1742        407     1.6917  0.000e+00
     21.117    24.4127   4.867621    32.1736        408     1.6958  0.000e+00
     21.087    24.4130   4.867424    32.1719        409     1.7000  0.000e+00
     21.074    24.4136   4.867200    32.1699        410     1.7042  0.000e+00
     21.063    24.4140   4.867200    32.1696        411     1.7083  0.000e+00
     21.052    24.4150   4.867114    32.1683        412     1.7125  0.000e+00
     21.043    24.4152   4.867035    32.1675        413     1.7167  0.000e+00
     21.038    24.4155   4.866897    32.1663        414     1.7208  0.000e+00
     21.038    24.4159   4.867035    32.1670        415     1.7250  0.000e+00
     21.038    24.4160   4.867009    32.1667        416     1.7292  0.000e+00
     21.047    24.4165   4.867009    32.1664        417     1.7333  0.000e+00
     21.054    24.4166   4.866923    32.1657        418     1.7375  0.000e+00
     21.067    24.4167   4.866949    32.1658        419     1.7417  0.000e+00
     21.063    24.4167   4.866956    32.1659        420     1.7458  0.000e+00
