HB2304/sbe095.cnv
* Sea-Bird SBE 19plus V2 Data File:
* FileName = C:\cruise\data\sbe095.hex
* Software Version Seasave V 7.26.7.121
* Temperature SN = 7037
* Conductivity SN = 7037
* System UpLoad Time = Oct 23 2023 14:08:10
** Ship: Bigelow
** Cruise:  HB2304
** Program:  Fall Bottom Trawl
# nquan = 7
# nvalues = 1088                                  
# units = specified
# name 0 = depSM: Depth [salt water, m], lat = 40.00
# name 1 = tv290C: Temperature [ITS-90, deg C]
# name 2 = c0S/m: Conductivity [S/m]
# name 3 = sal00: Salinity, Practical [PSU]
# name 4 = scan: Scan Count
# name 5 = timeM: Time, Elapsed [minutes]
# name 6 = flag:  0.000e+00
# span 0 =     -0.024,     30.107                 
# span 1 =    11.7646,    15.1665                 
# span 2 =  -0.000394,   3.854908                 
# span 3 =     0.0000,    31.7024                 
# span 4 =         11,       1098                 
# span 5 =     0.0417,     4.5708                 
# span 6 = 0.0000e+00, 0.0000e+00                 
# interval = seconds: 0.25
# start_time = Oct 23 2023 14:08:10 [System UTC, header]
# bad_flag = -9.990e-29
*END*
[from data line 206]
     13.840    15.0073   3.812426    30.6577        217     0.9000  0.000e+00
     13.961    15.0119   3.811796    30.6483        218     0.9042  0.000e+00
     14.087    15.0156   3.811837    30.6457        219     0.9083  0.000e+00
     14.210    15.0183   3.812153    30.6464        220     0.9125  0.000e+00
     14.333    15.0214   3.813390    30.6550        221     0.9167  0.000e+00
     14.454    15.0237   3.815044    30.6679        222     0.9208  0.000e+00
     14.579    15.0263   3.816342    30.6775        223     0.9250  0.000e+00
     14.702    15.0299   3.816270    30.6739        224     0.9292  0.000e+00
     14.826    15.0324   3.815782    30.6676        225     0.9333  0.000e+00
     14.951    15.0335   3.814527    30.6555        226     0.9375  0.000e+00
     15.079    15.0329   3.812897    30.6413        227     0.9417  0.000e+00
     15.204    15.0302   3.811862    30.6342        228     0.9458  0.000e+00
     15.330    15.0269   3.810315    30.6228        229     0.9500  0.000e+00
     15.459    15.0232   3.809316    30.6168        230     0.9542  0.000e+00
     15.583    15.0193   3.808793    30.6151        231     0.9583  0.000e+00
     15.710    15.0158   3.807943    30.6102        232     0.9625  0.000e+00
     15.840    15.0130   3.806159    30.5964        233     0.9667  0.000e+00
     15.966    15.0097   3.804525    30.5843        234     0.9708  0.000e+00
     16.091    15.0061   3.804097    30.5832        235     0.9750  0.000e+00
     16.223    15.0020   3.803752    30.5833        236     0.9792  0.000e+00
     16.351    14.9985   3.804501    30.5927        237     0.9833  0.000e+00
     16.478    14.9956   3.806290    30.6109        238     0.9875  0.000e+00
     16.608    14.9939   3.807164    30.6201        239     0.9917  0.000e+00
     16.738    14.9927   3.807902    30.6275        240     0.9958  0.000e+00
     16.866    14.9926   3.807854    30.6271        241     1.0000  0.000e+00
     17.000    14.9931   3.807771    30.6259        242     1.0042  0.000e+00
     17.136    14.9938   3.808348    30.6305        243     1.0083  0.000e+00
     17.269    14.9953   3.809513    30.6397        244     1.0125  0.000e+00
     17.412    14.9983   3.810744    30.6483        245     1.0167  0.000e+00
     17.548    15.0018   3.812559    30.6617        246     1.0208  0.000e+00
     17.681    15.0061   3.815313    30.6830        247     1.0250  0.000e+00
     17.822    15.0112   3.819766    30.7188        248     1.0292  0.000e+00
     17.952    15.0162   3.824410    30.7564        249     1.0333  0.000e+00
     18.079    15.0234   3.827133    30.7750        250     1.0375  0.000e+00
     18.207    15.0313   3.828301    30.7792        251     1.0417  0.000e+00
     18.332    15.0375   3.828515    30.7762        252     1.0458  0.000e+00
     18.455    15.0428   3.828664    30.7733        253     1.0500  0.000e+00
     18.574    15.0484   3.829224    30.7739        254     1.0542  0.000e+00
     18.690    15.0542   3.829361    30.7705        255     1.0583  0.000e+00
     18.813    15.0589   3.829045    30.7639        256     1.0625  0.000e+00
     18.932    15.0624   3.828366    30.7550        257     1.0667  0.000e+00
     19.053    15.0648   3.827717    30.7473        258     1.0708  0.000e+00
     19.178    15.0663   3.827216    30.7416        259     1.0750  0.000e+00
     19.297    15.0670   3.826704    30.7365        260     1.0792  0.000e+00
     19.420    15.0673   3.826388    30.7334        261     1.0833  0.000e+00
     19.546    15.0679   3.825477    30.7247        262     1.0875  0.000e+00
     19.671    15.0675   3.824857    30.7194        263     1.0917  0.000e+00
     19.796    15.0667   3.823755    30.7102        264     1.0958  0.000e+00
     19.928    15.0650   3.823511    30.7092        265     1.1000  0.000e+00
     20.047    15.0630   3.823505    30.7108        266     1.1042  0.000e+00
     20.175    15.0612   3.823666    30.7136        267     1.1083  0.000e+00
     20.293    15.0601   3.824542    30.7222        268     1.1125  0.000e+00
     20.416    15.0593   3.825644    30.7326        269     1.1167  0.000e+00
     20.538    15.0582   3.827044    30.7459        270     1.1208  0.000e+00
     20.663    15.0585   3.828349    30.7574        271     1.1250  0.000e+00
     20.784    15.0600   3.831251    30.7821        272     1.1292  0.000e+00
     20.909    15.0620   3.846362    30.9155        273     1.1333  0.000e+00
     21.032    15.0631   3.848129    30.9305        274     1.1375  0.000e+00
     21.158    15.0631   3.848111    30.9302        275     1.1417  0.000e+00
     21.279    15.0626   3.848177    30.9312        276     1.1458  0.000e+00
     21.397    15.0626   3.848422    30.9334        277     1.1500  0.000e+00
     21.520    15.0634   3.847998    30.9289        278     1.1542  0.000e+00
     21.637    15.0630   3.847407    30.9238        279     1.1583  0.000e+00
     21.753    15.0596   3.847455    30.9269        280     1.1625  0.000e+00
     21.868    15.0564   3.847025    30.9256        281     1.1667  0.000e+00
     21.984    15.0526   3.846410    30.9230        282     1.1708  0.000e+00
     22.093    15.0468   3.846094    30.9248        283     1.1750  0.000e+00
     22.212    15.0410   3.845688    30.9256        284     1.1792  0.000e+00
     22.331    15.0347   3.845396    30.9280        285     1.1833  0.000e+00
     22.445    15.0286   3.844799    30.9274        286     1.1875  0.000e+00
     22.566    15.0217   3.844196    30.9274        287     1.1917  0.000e+00
     22.689    15.0137   3.843874    30.9308        288     1.1958  0.000e+00
     22.814    15.0061   3.843808    30.9362        289     1.2000  0.000e+00
     22.938    15.0001   3.843641    30.9394        290     1.2042  0.000e+00
     23.065    14.9953   3.843719    30.9438        291     1.2083  0.000e+00
     23.191    14.9926   3.843833    30.9470        292     1.2125  0.000e+00
     23.323    14.9912   3.843540    30.9454        293     1.2167  0.000e+00
     23.444    14.9895   3.842102    30.9338        294     1.2208  0.000e+00
     23.573    14.9815   3.840736    30.9278        295     1.2250  0.000e+00
     23.699    14.9672   3.840032    30.9328        296     1.2292  0.000e+00
     23.822    14.9519   3.839334    30.9386        297     1.2333  0.000e+00
     23.938    14.9375   3.838773    30.9449        298     1.2375  0.000e+00
     24.059    14.9243   3.837998    30.9484        299     1.2417  0.000e+00
     24.173    14.9112   3.837348    30.9530        300     1.2458  0.000e+00
     24.284    14.8979   3.836716    30.9578        301     1.2500  0.000e+00
     24.393    14.8856   3.836221    30.9631        302     1.2542  0.000e+00
     24.503    14.8749   3.836108    30.9704        303     1.2583  0.000e+00
     24.612    14.8664   3.835542    30.9721        304     1.2625  0.000e+00
     24.720    14.8584   3.834749    30.9713        305     1.2667  0.000e+00
     24.830    14.8480   3.834099    30.9736        306     1.2708  0.000e+00
     24.935    14.8364   3.833581    30.9782        307     1.2750  0.000e+00
     25.045    14.8247   3.833086    30.9830        308     1.2792  0.000e+00
     25.157    14.8127   3.832806    30.9899        309     1.2833  0.000e+00
     25.268    14.8021   3.832472    30.9953        310     1.2875  0.000e+00
     25.378    14.7925   3.832180    31.0002        311     1.2917  0.000e+00
     25.492    14.7839   3.831954    31.0050        312     1.2958  0.000e+00
     25.602    14.7762   3.831418    31.0062        313     1.3000  0.000e+00
     25.716    14.7673   3.830941    31.0090        314     1.3042  0.000e+00
     25.833    14.7566   3.830333    31.0120        315     1.3083  0.000e+00
     25.947    14.7446   3.829773    31.0165        316     1.3125  0.000e+00
     26.063    14.7316   3.828826    31.0183        317     1.3167  0.000e+00
     26.177    14.7166   3.828039    31.0231        318     1.3208  0.000e+00
     26.285    14.6997   3.827050    31.0276        319     1.3250  0.000e+00
     26.393    14.6823   3.826544    31.0368        320     1.3292  0.000e+00
     26.507    14.6662   3.825943    31.0442        321     1.3333  0.000e+00
     26.616    14.6521   3.825520    31.0516        322     1.3375  0.000e+00
     26.730    14.6394   3.825181    31.0587        323     1.3417  0.000e+00
     26.842    14.6286   3.824829    31.0641        324     1.3458  0.000e+00
     26.948    14.6195   3.824710    31.0703        325     1.3500  0.000e+00
     27.055    14.6127   3.824752    31.0760        326     1.3542  0.000e+00
     27.162    14.6072   3.824806    31.0808        327     1.3583  0.000e+00
     27.272    14.6031   3.824842    31.0844        328     1.3625  0.000e+00
     27.377    14.5996   3.824753    31.0864        329     1.3667  0.000e+00
     27.476    14.5960   3.824550    31.0874        330     1.3708  0.000e+00
     27.583    14.5906   3.824264    31.0891        331     1.3750  0.000e+00
     27.688    14.5834   3.823877    31.0913        332     1.3792  0.000e+00
     27.796    14.5747   3.823609    31.0958        333     1.3833  0.000e+00
     27.899    14.5663   3.823133    31.0981        334     1.3875  0.000e+00
     28.007    14.5578   3.822776    31.1017        335     1.3917  0.000e+00
     28.116    14.5494   3.822437    31.1053        336     1.3958  0.000e+00
     28.226    14.5421   3.821609    31.1036        337     1.4000  0.000e+00
     28.340    14.5333   3.820847    31.1037        338     1.4042  0.000e+00
     28.454    14.5228   3.820258    31.1068        339     1.4083  0.000e+00
     28.566    14.5114   3.819454    31.1086        340     1.4125  0.000e+00
     28.683    14.4995   3.818865    31.1128        341     1.4167  0.000e+00
     28.801    14.4874   3.818490    31.1190        342     1.4208  0.000e+00
     28.924    14.4767   3.817657    31.1200        343     1.4250  0.000e+00
     29.043    14.4658   3.816937    31.1222        344     1.4292  0.000e+00
     29.168    14.4540   3.816378    31.1265        345     1.4333  0.000e+00
     29.287    14.4425   3.816063    31.1329        346     1.4375  0.000e+00
     29.408    14.4327   3.815628    31.1367        347     1.4417  0.000e+00
     29.531    14.4237   3.815462    31.1424        348     1.4458  0.000e+00
     29.646    14.4166   3.815170    31.1454        349     1.4500  0.000e+00
     29.757    14.4103   3.814712    31.1463        350     1.4542  0.000e+00
     29.872    14.4038   3.813600    31.1413        351     1.4583  0.000e+00
     29.981    14.3944   3.812190    31.1360        352     1.4625  0.000e+00
     30.073    14.3801   3.810507    31.1322        353     1.4667  0.000e+00
     30.107    14.3615   3.807760    31.1222        354     1.4708  0.000e+00
     30.104    14.3372   3.805673    31.1227        355     1.4750  0.000e+00
     30.044    14.3086   3.805341    31.1427        356     1.4792  0.000e+00
     29.983    14.2850   3.807529    31.1817        357     1.4833  0.000e+00
     29.943    14.2784   3.808873    31.1993        358     1.4875  0.000e+00
     29.910    14.2833   3.810086    31.2064        359     1.4917  0.000e+00
     29.880    14.2936   3.811156    31.2078        360     1.4958  0.000e+00
     29.852    14.3066   3.811674    31.2021        361     1.5000  0.000e+00
     29.822    14.3188   3.812007    31.1953        362     1.5042  0.000e+00
     29.800    14.3284   3.812185    31.1892        363     1.5083  0.000e+00
     29.787    14.3363   3.812571    31.1863        364     1.5125  0.000e+00
     29.775    14.3431   3.812905    31.1839        365     1.5167  0.000e+00
     29.769    14.3496   3.813142    31.1808        366     1.5208  0.000e+00
     29.769    14.3555   3.813511    31.1794        367     1.5250  0.000e+00
     29.762    14.3608   3.813892    31.1786        368     1.5292  0.000e+00
     29.755    14.3671   3.814011    31.1747        369     1.5333  0.000e+00
     29.735    14.3724   3.814023    31.1705        370     1.5375  0.000e+00
     29.717    14.3761   3.814070    31.1680        371     1.5417  0.000e+00
     29.686    14.3785   3.814689    31.1716        372     1.5458  0.000e+00
     29.634    14.3830   3.814897    31.1700        373     1.5500  0.000e+00
     29.565    14.3882   3.815171    31.1683        374     1.5542  0.000e+00
     29.491    14.3933   3.815183    31.1643        375     1.5583  0.000e+00
     29.411    14.3968   3.815236    31.1620        376     1.5625  0.000e+00
     29.330    14.3995   3.815349    31.1609        377     1.5667  0.000e+00
     29.252    14.4021   3.815789    31.1628        378     1.5708  0.000e+00
     29.171    14.4055   3.816402    31.1657        379     1.5750  0.000e+00
     29.093    14.4120   3.816670    31.1629        380     1.5792  0.000e+00
     29.012    14.4190   3.817569    31.1655        381     1.5833  0.000e+00
     28.933    14.4276   3.817670    31.1595        382     1.5875  0.000e+00
     28.859    14.4344   3.817771    31.1550        383     1.5917  0.000e+00
     28.784    14.4398   3.818015    31.1529        384     1.5958  0.000e+00
     28.705    14.4447   3.818300    31.1516        385     1.6000  0.000e+00
     28.634    14.4498   3.818824    31.1522        386     1.6042  0.000e+00
     28.566    14.4550   3.819497    31.1542        387     1.6083  0.000e+00
     28.497    14.4629   3.819824    31.1509        388     1.6125  0.000e+00
     28.428    14.4725   3.820127    31.1460        389     1.6167  0.000e+00
     28.363    14.4797   3.820443    31.1431        390     1.6208  0.000e+00
     28.295    14.4858   3.820955    31.1428        391     1.6250  0.000e+00
     28.221    14.4931   3.821586    31.1427        392     1.6292  0.000e+00
     28.147    14.5017   3.821812    31.1379        393     1.6333  0.000e+00
     28.062    14.5087   3.821925    31.1333        394     1.6375  0.000e+00
     27.982    14.5138   3.821937    31.1294        395     1.6417  0.000e+00
     27.903    14.5175   3.821966    31.1267        396     1.6458  0.000e+00
     27.814    14.5197   3.822348    31.1284        397     1.6500  0.000e+00
     27.725    14.5231   3.822598    31.1280        398     1.6542  0.000e+00
     27.630    14.5269   3.822824    31.1270        399     1.6583  0.000e+00
     27.541    14.5312   3.823157    31.1266        400     1.6625  0.000e+00
     27.449    14.5360   3.823431    31.1253        401     1.6667  0.000e+00
     27.357    14.5419   3.823747    31.1235        402     1.6708  0.000e+00
     27.263    14.5493   3.824015    31.1200        403     1.6750  0.000e+00
     27.169    14.5605   3.824145    31.1123        404     1.6792  0.000e+00
     27.078    14.5709   3.824145    31.1039        405     1.6833  0.000e+00
     26.990    14.5783   3.824127    31.0979        406     1.6875  0.000e+00
     26.907    14.5837   3.824145    31.0938        407     1.6917  0.000e+00
     26.831    14.5879   3.824330    31.0921        408     1.6958  0.000e+00
     26.746    14.5919   3.824472    31.0902        409     1.7000  0.000e+00
     26.672    14.5954   3.824842    31.0908        410     1.7042  0.000e+00
     26.605    14.5999   3.825449    31.0927        411     1.7083  0.000e+00
     26.538    14.6073   3.825533    31.0876        412     1.7125  0.000e+00
     26.480    14.6137   3.825610    31.0832        413     1.7167  0.000e+00
     26.412    14.6184   3.825675    31.0800        414     1.7208  0.000e+00
     26.345    14.6218   3.826027    31.0805        415     1.7250  0.000e+00
     26.278    14.6255   3.826015    31.0775        416     1.7292  0.000e+00
     26.206    14.6287   3.826283    31.0774        417     1.7333  0.000e+00
     26.130    14.6319   3.826598    31.0777        418     1.7375  0.000e+00
     26.052    14.6362   3.826753    31.0757        419     1.7417  0.000e+00
     25.967    14.6405   3.826980    31.0743        420     1.7458  0.000e+00
