HB2304/sbe057.cnv
* Sea-Bird SBE 19plus V2 Data File:
* FileName = C:\cruise\data\sbe057.hex
* Software Version Seasave V 7.26.7.121
* Temperature SN = 7037
* Conductivity SN = 7037
* System UpLoad Time = Oct 11 2023 04:12:27
** Ship: Bigelow
** Cruise:  HB2304
** Program:  Fall Bottom Trawl
# nquan = 7
# nvalues = 1319                                  
# units = specified
# name 0 = depSM: Depth [salt water, m], lat = 40.00
# name 1 = tv290C: Temperature [ITS-90, deg C]
# name 2 = c0S/m: Conductivity [S/m]
# name 3 = sal00: Salinity, Practical [PSU]
# name 4 = scan: Scan Count
# name 5 = timeM: Time, Elapsed [minutes]
# name 6 = flag:  0.000e+00
# span 0 =     -0.090,     52.875                 
# span 1 =    12.4609,    18.2868                 
# span 2 =  -0.000023,   4.398504                 
# span 3 =     0.0000,    33.2377                 
# span 4 =         11,       1329                 
# span 5 =     0.0417,     5.5333                 
# span 6 = 0.0000e+00, 0.0000e+00                 
# interval = seconds: 0.25
# start_time = Oct 11 2023 04:12:27 [System UTC, header]
# bad_flag = -9.990e-29
*END*
[from data line 821]
     31.507    18.2536   4.396157    33.1332        832     3.4625  0.000e+00
     31.431    18.2571   4.396511    33.1333        833     3.4667  0.000e+00
     31.366    18.2604   4.396700    33.1323        834     3.4708  0.000e+00
     31.296    18.2639   4.396794    33.1303        835     3.4750  0.000e+00
     31.232    18.2666   4.397154    33.1312        836     3.4792  0.000e+00
     31.169    18.2703   4.397583    33.1318        837     3.4833  0.000e+00
     31.111    18.2733   4.397816    33.1314        838     3.4875  0.000e+00
     31.045    18.2758   4.398094    33.1318        839     3.4917  0.000e+00
     30.983    18.2783   4.398252    33.1311        840     3.4958  0.000e+00
     30.918    18.2815   4.398504    33.1307        841     3.5000  0.000e+00
     30.851    18.2840   4.398151    33.1257        842     3.5042  0.000e+00
     30.775    18.2856   4.397892    33.1223        843     3.5083  0.000e+00
     30.692    18.2857   4.398018    33.1232        844     3.5125  0.000e+00
     30.607    18.2859   4.397993    33.1229        845     3.5167  0.000e+00
     30.515    18.2868   4.398277    33.1246        846     3.5208  0.000e+00
     30.408    18.2868   4.397866    33.1212        847     3.5250  0.000e+00
     30.307    18.2858   4.397765    33.1212        848     3.5292  0.000e+00
     30.190    18.2846   4.397948    33.1237        849     3.5333  0.000e+00
     30.074    18.2848   4.397355    33.1186        850     3.5375  0.000e+00
     29.962    18.2850   4.397841    33.1226        851     3.5417  0.000e+00
     29.844    18.2843   4.397891    33.1236        852     3.5458  0.000e+00
     29.729    18.2847   4.397633    33.1212        853     3.5500  0.000e+00
     29.617    18.2849   4.397481    33.1197        854     3.5542  0.000e+00
     29.512    18.2838   4.396995    33.1166        855     3.5583  0.000e+00
     29.420    18.2818   4.395109    33.1023        856     3.5625  0.000e+00
     29.331    18.2754   4.387345    33.0422        857     3.5667  0.000e+00
     29.259    18.2586   4.380943    33.0018        858     3.5708  0.000e+00
     29.196    18.2342   4.373656    32.9601        859     3.5750  0.000e+00
     29.134    18.2019   4.364154    32.9059        860     3.5792  0.000e+00
     29.085    18.1669   4.360130    32.9001        861     3.5833  0.000e+00
     29.040    18.1337   4.355635    32.8888        862     3.5875  0.000e+00
     29.002    18.1029   4.353065    32.8919        863     3.5917  0.000e+00
     28.971    18.0757   4.348775    32.8775        864     3.5958  0.000e+00
     28.932    18.0498   4.346891    32.8824        865     3.6000  0.000e+00
     28.892    18.0276   4.342936    32.8669        866     3.6042  0.000e+00
     28.847    18.0053   4.339139    32.8527        867     3.6083  0.000e+00
     28.805    17.9828   4.335150    32.8370        868     3.6125  0.000e+00
     28.746    17.9601   4.332942    32.8365        869     3.6167  0.000e+00
     28.688    17.9405   4.331864    32.8432        870     3.6208  0.000e+00
     28.615    17.9248   4.329858    32.8389        871     3.6250  0.000e+00
     28.538    17.9103   4.327833    32.8333        872     3.6292  0.000e+00
     28.453    17.8966   4.327031    32.8376        873     3.6333  0.000e+00
     28.359    17.8853   4.324775    32.8276        874     3.6375  0.000e+00
     28.263    17.8737   4.321147    32.8062        875     3.6417  0.000e+00
     28.171    17.8598   4.319475    32.8032        876     3.6458  0.000e+00
     28.073    17.8467   4.318799    32.8081        877     3.6500  0.000e+00
     27.979    17.8358   4.318329    32.8129        878     3.6542  0.000e+00
     27.882    17.8274   4.317327    32.8111        879     3.6583  0.000e+00
     27.786    17.8201   4.315624    32.8026        880     3.6625  0.000e+00
     27.695    17.8130   4.314009    32.7947        881     3.6667  0.000e+00
     27.614    17.8056   4.312463    32.7875        882     3.6708  0.000e+00
     27.529    17.7978   4.310442    32.7766        883     3.6750  0.000e+00
     27.446    17.7886   4.306282    32.7486        884     3.6792  0.000e+00
     27.368    17.7755   4.300860    32.7132        885     3.6833  0.000e+00
     27.291    17.7554   4.291824    32.6525        886     3.6875  0.000e+00
     27.211    17.7275   4.284943    32.6164        887     3.6917  0.000e+00
     27.135    17.6968   4.282173    32.6174        888     3.6958  0.000e+00
     27.063    17.6692   4.279197    32.6143        889     3.7000  0.000e+00
     26.987    17.6439   4.275037    32.5991        890     3.7042  0.000e+00
     26.913    17.6203   4.272717    32.5984        891     3.7083  0.000e+00
     26.830    17.5999   4.271390    32.6034        892     3.7125  0.000e+00
     26.747    17.5835   4.271315    32.6160        893     3.7167  0.000e+00
     26.662    17.5719   4.271858    32.6300        894     3.7208  0.000e+00
     26.568    17.5643   4.268959    32.6114        895     3.7250  0.000e+00
     26.465    17.5549   4.265233    32.5872        896     3.7292  0.000e+00
     26.376    17.5425   4.263757    32.5845        897     3.7333  0.000e+00
     26.269    17.5303   4.263464    32.5918        898     3.7375  0.000e+00
     26.168    17.5210   4.263065    32.5960        899     3.7417  0.000e+00
     26.071    17.5138   4.262623    32.5980        900     3.7458  0.000e+00
     25.973    17.5082   4.262567    32.6021        901     3.7500  0.000e+00
     25.888    17.5042   4.262405    32.6040        902     3.7542  0.000e+00
     25.812    17.5010   4.262455    32.6069        903     3.7583  0.000e+00
     25.733    17.4990   4.262598    32.6098        904     3.7625  0.000e+00
     25.664    17.4981   4.262723    32.6116        905     3.7667  0.000e+00
     25.586    17.4974   4.262436    32.6097        906     3.7708  0.000e+00
     25.523    17.4967   4.262405    32.6100        907     3.7750  0.000e+00
     25.456    17.4959   4.262405    32.6107        908     3.7792  0.000e+00
     25.397    17.4952   4.262063    32.6084        909     3.7833  0.000e+00
     25.330    17.4940   4.261346    32.6033        910     3.7875  0.000e+00
     25.265    17.4920   4.260898    32.6011        911     3.7917  0.000e+00
     25.200    17.4896   4.260780    32.6020        912     3.7958  0.000e+00
     25.125    17.4877   4.260462    32.6009        913     3.8000  0.000e+00
     25.050    17.4858   4.260095    32.5993        914     3.8042  0.000e+00
     24.965    17.4839   4.259852    32.5988        915     3.8083  0.000e+00
     24.878    17.4824   4.259615    32.5979        916     3.8125  0.000e+00
     24.788    17.4804   4.259385    32.5976        917     3.8167  0.000e+00
     24.690    17.4790   4.258943    32.5950        918     3.8208  0.000e+00
     24.600    17.4770   4.258451    32.5925        919     3.8250  0.000e+00
     24.506    17.4748   4.257417    32.5854        920     3.8292  0.000e+00
     24.408    17.4722   4.257747    32.5904        921     3.8333  0.000e+00
     24.316    17.4699   4.257492    32.5900        922     3.8375  0.000e+00
     24.224    17.4680   4.256365    32.5820        923     3.8417  0.000e+00
     24.135    17.4650   4.255307    32.5754        924     3.8458  0.000e+00
     24.056    17.4605   4.252980    32.5591        925     3.8500  0.000e+00
     23.978    17.4532   4.250659    32.5452        926     3.8542  0.000e+00
     23.902    17.4441   4.250379    32.5501        927     3.8583  0.000e+00
     23.830    17.4368   4.250429    32.5564        928     3.8625  0.000e+00
     23.772    17.4313   4.249521    32.5531        929     3.8667  0.000e+00
     23.707    17.4267   4.250404    32.5643        930     3.8708  0.000e+00
     23.645    17.4250   4.250696    32.5683        931     3.8750  0.000e+00
     23.589    17.4240   4.250186    32.5647        932     3.8792  0.000e+00
     23.533    17.4225   4.249570    32.5606        933     3.8833  0.000e+00
     23.474    17.4205   4.249011    32.5575        934     3.8875  0.000e+00
     23.416    17.4180   4.248588    32.5559        935     3.8917  0.000e+00
     23.356    17.4152   4.248227    32.5551        936     3.8958  0.000e+00
     23.280    17.4127   4.247269    32.5489        937     3.9000  0.000e+00
     23.201    17.4095   4.246759    32.5472        938     3.9042  0.000e+00
     23.107    17.4063   4.246162    32.5447        939     3.9083  0.000e+00
     23.007    17.4030   4.245777    32.5440        940     3.9125  0.000e+00
     22.904    17.4001   4.245634    32.5451        941     3.9167  0.000e+00
     22.801    17.3984   4.245559    32.5460        942     3.9208  0.000e+00
     22.695    17.3970   4.245522    32.5468        943     3.9250  0.000e+00
     22.588    17.3960   4.245534    32.5478        944     3.9292  0.000e+00
     22.485    17.3958   4.245484    32.5475        945     3.9333  0.000e+00
     22.382    17.3954   4.245509    32.5480        946     3.9375  0.000e+00
     22.279    17.3954   4.245472    32.5478        947     3.9417  0.000e+00
     22.180    17.3952   4.245385    32.5473        948     3.9458  0.000e+00
     22.087    17.3951   4.245385    32.5474        949     3.9500  0.000e+00
     21.988    17.3950   4.245584    32.5492        950     3.9542  0.000e+00
     21.898    17.3954   4.245583    32.5489        951     3.9583  0.000e+00
     21.807    17.3955   4.245291    32.5463        952     3.9625  0.000e+00
     21.711    17.3954   4.245335    32.5468        953     3.9667  0.000e+00
     21.623    17.3954   4.245241    32.5461        954     3.9708  0.000e+00
     21.547    17.3955   4.245316    32.5466        955     3.9750  0.000e+00
     21.466    17.3956   4.245496    32.5481        956     3.9792  0.000e+00
     21.395    17.3961   4.245558    32.5483        957     3.9833  0.000e+00
     21.326    17.3968   4.245633    32.5484        958     3.9875  0.000e+00
     21.261    17.3972   4.245701    32.5487        959     3.9917  0.000e+00
     21.205    17.3978   4.245776    32.5489        960     3.9958  0.000e+00
     21.148    17.3985   4.245751    32.5481        961     4.0000  0.000e+00
     21.095    17.3988   4.245701    32.5475        962     4.0042  0.000e+00
     21.037    17.3989   4.245701    32.5474        963     4.0083  0.000e+00
     20.979    17.3991   4.245701    32.5473        964     4.0125  0.000e+00
     20.923    17.3992   4.245726    32.5474        965     4.0167  0.000e+00
     20.867    17.3993   4.245751    32.5476        966     4.0208  0.000e+00
     20.802    17.3996   4.245776    32.5476        967     4.0250  0.000e+00
     20.746    17.3996   4.245776    32.5476        968     4.0292  0.000e+00
     20.685    17.3999   4.245776    32.5474        969     4.0333  0.000e+00
     20.624    17.4001   4.245776    32.5473        970     4.0375  0.000e+00
     20.562    17.4003   4.245751    32.5469        971     4.0417  0.000e+00
     20.508    17.4004   4.245726    32.5466        972     4.0458  0.000e+00
     20.448    17.4003   4.245651    32.5461        973     4.0500  0.000e+00
     20.392    17.4002   4.245558    32.5453        974     4.0542  0.000e+00
     20.331    17.4002   4.245483    32.5447        975     4.0583  0.000e+00
     20.273    17.3999   4.245409    32.5444        976     4.0625  0.000e+00
     20.208    17.3996   4.245421    32.5447        977     4.0667  0.000e+00
     20.136    17.3995   4.245359    32.5443        978     4.0708  0.000e+00
     20.065    17.3994   4.245191    32.5430        979     4.0750  0.000e+00
     19.986    17.3991   4.245166    32.5430        980     4.0792  0.000e+00
     19.902    17.3991   4.245166    32.5430        981     4.0833  0.000e+00
     19.817    17.3990   4.245191    32.5434        982     4.0875  0.000e+00
     19.725    17.3994   4.245265    32.5438        983     4.0917  0.000e+00
     19.642    17.3999   4.245359    32.5442        984     4.0958  0.000e+00
     19.555    17.4009   4.245359    32.5434        985     4.1000  0.000e+00
     19.467    17.4015   4.245371    32.5431        986     4.1042  0.000e+00
     19.384    17.4020   4.245433    32.5432        987     4.1083  0.000e+00
     19.292    17.4028   4.245483    32.5430        988     4.1125  0.000e+00
     19.196    17.4035   4.245483    32.5425        989     4.1167  0.000e+00
     19.098    17.4039   4.245265    32.5403        990     4.1208  0.000e+00
     19.001    17.4043   4.245607    32.5430        991     4.1250  0.000e+00
     18.894    17.4049   4.245750    32.5438        992     4.1292  0.000e+00
     18.795    17.4059   4.245800    32.5434        993     4.1333  0.000e+00
     18.697    17.4069   4.245800    32.5426        994     4.1375  0.000e+00
     18.596    17.4078   4.245775    32.5418        995     4.1417  0.000e+00
     18.511    17.4082   4.245700    32.5408        996     4.1458  0.000e+00
     18.422    17.4083   4.245725    32.5410        997     4.1500  0.000e+00
     18.341    17.4083   4.245656    32.5405        998     4.1542  0.000e+00
     18.274    17.4079   4.245569    32.5401        999     4.1583  0.000e+00
     18.209    17.4074   4.245507    32.5400       1000     4.1625  0.000e+00
     18.151    17.4069   4.245482    32.5401       1001     4.1667  0.000e+00
     18.095    17.4064   4.245507    32.5408       1002     4.1708  0.000e+00
     18.043    17.4065   4.245520    32.5408       1003     4.1750  0.000e+00
     17.992    17.4064   4.245582    32.5414       1004     4.1792  0.000e+00
     17.952    17.4066   4.245681    32.5422       1005     4.1833  0.000e+00
     17.909    17.4071   4.245799    32.5428       1006     4.1875  0.000e+00
     17.864    17.4079   4.245955    32.5435       1007     4.1917  0.000e+00
     17.819    17.4090   4.246048    32.5435       1008     4.1958  0.000e+00
     17.772    17.4102   4.246091    32.5428       1009     4.2000  0.000e+00
     17.721    17.4112   4.246191    32.5429       1010     4.2042  0.000e+00
     17.685    17.4124   4.246185    32.5419       1011     4.2083  0.000e+00
     17.638    17.4131   4.246191    32.5414       1012     4.2125  0.000e+00
     17.593    17.4135   4.246241    32.5416       1013     4.2167  0.000e+00
     17.553    17.4141   4.246241    32.5411       1014     4.2208  0.000e+00
     17.519    17.4145   4.246066    32.5393       1015     4.2250  0.000e+00
     17.477    17.4146   4.245544    32.5348       1016     4.2292  0.000e+00
     17.450    17.4141   4.245407    32.5340       1017     4.2333  0.000e+00
     17.398    17.4134   4.245090    32.5318       1018     4.2375  0.000e+00
     17.354    17.4125   4.244823    32.5303       1019     4.2417  0.000e+00
     17.316    17.4116   4.244754    32.5305       1020     4.2458  0.000e+00
     17.255    17.4110   4.244773    32.5311       1021     4.2500  0.000e+00
     17.190    17.4105   4.244748    32.5313       1022     4.2542  0.000e+00
     17.123    17.4102   4.244773    32.5318       1023     4.2583  0.000e+00
     17.042    17.4100   4.244630    32.5307       1024     4.2625  0.000e+00
     16.960    17.4098   4.244456    32.5295       1025     4.2667  0.000e+00
     16.866    17.4093   4.244381    32.5293       1026     4.2708  0.000e+00
     16.769    17.4088   4.244356    32.5295       1027     4.2750  0.000e+00
     16.675    17.4084   4.244375    32.5300       1028     4.2792  0.000e+00
     16.581    17.4082   4.244673    32.5327       1029     4.2833  0.000e+00
     16.487    17.4086   4.244897    32.5344       1030     4.2875  0.000e+00
     16.389    17.4094   4.244847    32.5334       1031     4.2917  0.000e+00
     16.295    17.4099   4.244897    32.5334       1032     4.2958  0.000e+00
     16.205    17.4103   4.244499    32.5297       1033     4.3000  0.000e+00
     16.107    17.4101   4.244213    32.5274       1034     4.3042  0.000e+00
     16.015    17.4090   4.244213    32.5284       1035     4.3083  0.000e+00
