HB2304/sbe077.cnv
* Sea-Bird SBE 19plus V2 Data File:
* FileName = C:\cruise\data\sbe077.hex
* Software Version Seasave V 7.26.7.121
* Temperature SN = 7037
* Conductivity SN = 7037
* System UpLoad Time = Oct 18 2023 03:47:58
** Ship: Bigelow
** Cruise:  HB2304
** Program:  Fall Bottom Trawl
# nquan = 7
# nvalues = 3982                                  
# units = specified
# name 0 = depSM: Depth [salt water, m], lat = 40.00
# name 1 = tv290C: Temperature [ITS-90, deg C]
# name 2 = c0S/m: Conductivity [S/m]
# name 3 = sal00: Salinity, Practical [PSU]
# name 4 = scan: Scan Count
# name 5 = timeM: Time, Elapsed [minutes]
# name 6 = flag:  0.000e+00
# span 0 =     -0.022,    184.696                 
# span 1 =     5.6621,    14.5639                 
# span 2 =   0.000047,   3.872001                 
# span 3 =     0.0063,    34.6296                 
# span 4 =         11,       3992                 
# span 5 =     0.0417,    16.6292                 
# span 6 = 0.0000e+00, 0.0000e+00                 
# interval = seconds: 0.25
# start_time = Oct 18 2023 03:47:58 [System UTC, header]
# bad_flag = -9.990e-29
*END*
[from data line 1026]
    140.136     7.4774   3.479932    33.9235       1037     4.3167  0.000e+00
    140.272     7.4914   3.482243    33.9349       1038     4.3208  0.000e+00
    140.411     7.5076   3.486259    33.9625       1039     4.3250  0.000e+00
    140.547     7.5279   3.489938    33.9824       1040     4.3292  0.000e+00
    140.683     7.5520   3.491993    33.9809       1041     4.3333  0.000e+00
    140.820     7.5746   3.491488    33.9533       1042     4.3375  0.000e+00
    140.959     7.5903   3.492251    33.9462       1043     4.3417  0.000e+00
    141.104     7.6013   3.492900    33.9424       1044     4.3458  0.000e+00
    141.249     7.6097   3.493894    33.9448       1045     4.3500  0.000e+00
    141.403     7.6180   3.495910    33.9585       1046     4.3542  0.000e+00
    141.554     7.6274   3.498674    33.9791       1047     4.3583  0.000e+00
    141.708     7.6408   3.501358    33.9949       1048     4.3625  0.000e+00
    141.869     7.6580   3.505423    34.0219       1049     4.3667  0.000e+00
    142.039     7.6786   3.505848    34.0063       1050     4.3708  0.000e+00
    142.196     7.6963   3.507332    34.0049       1051     4.3750  0.000e+00
    142.352     7.7103   3.511814    34.0394       1052     4.3792  0.000e+00
    142.515     7.7295   3.514087    34.0451       1053     4.3833  0.000e+00
    142.674     7.7506   3.515763    34.0425       1054     4.3875  0.000e+00
    142.831     7.7697   3.516903    34.0360       1055     4.3917  0.000e+00
    142.988     7.7855   3.517553    34.0276       1056     4.3958  0.000e+00
    143.131     7.7981   3.518699    34.0275       1057     4.4000  0.000e+00
    143.271     7.8090   3.520617    34.0374       1058     4.4042  0.000e+00
    143.403     7.8205   3.523539    34.0576       1059     4.4083  0.000e+00
    143.527     7.8353   3.525631    34.0655       1060     4.4125  0.000e+00
    143.648     7.8526   3.527954    34.0735       1061     4.4167  0.000e+00
    143.777     7.8698   3.528599    34.0637       1062     4.4208  0.000e+00
    143.903     7.8839   3.530220    34.0672       1063     4.4250  0.000e+00
    144.030     7.8970   3.532936    34.0836       1064     4.4292  0.000e+00
    144.158     7.9119   3.536127    34.1032       1065     4.4333  0.000e+00
    144.290     7.9302   3.540607    34.1333       1066     4.4375  0.000e+00
    144.428     7.9536   3.543973    34.1466       1067     4.4417  0.000e+00
    144.569     7.9796   3.544660    34.1285       1068     4.4458  0.000e+00
    144.715     8.0009   3.545972    34.1217       1069     4.4500  0.000e+00
    144.862     8.0180   3.545844    34.1036       1070     4.4542  0.000e+00
    145.008     8.0298   3.545798    34.0915       1071     4.4583  0.000e+00
    145.151     8.0368   3.546699    34.0942       1072     4.4625  0.000e+00
    145.301     8.0434   3.547844    34.1000       1073     4.4667  0.000e+00
    145.449     8.0504   3.548312    34.0981       1074     4.4708  0.000e+00
    145.598     8.0563   3.549560    34.1056       1075     4.4750  0.000e+00
    145.746     8.0635   3.550635    34.1101       1076     4.4792  0.000e+00
    145.896     8.0708   3.551005    34.1068       1077     4.4833  0.000e+00
    146.045     8.0777   3.551843    34.1090       1078     4.4875  0.000e+00
    146.198     8.0839   3.552791    34.1130       1079     4.4917  0.000e+00
    146.356     8.0907   3.553630    34.1153       1080     4.4958  0.000e+00
    146.507     8.0971   3.554468    34.1179       1081     4.5000  0.000e+00
    146.667     8.1038   3.555313    34.1204       1082     4.5042  0.000e+00
    146.824     8.1108   3.556198    34.1230       1083     4.5083  0.000e+00
    146.976     8.1174   3.556649    34.1213       1084     4.5125  0.000e+00
    147.130     8.1237   3.557250    34.1215       1085     4.5167  0.000e+00
    147.278     8.1294   3.559368    34.1385       1086     4.5208  0.000e+00
    147.421     8.1374   3.561353    34.1518       1087     4.5250  0.000e+00
    147.553     8.1484   3.562151    34.1496       1088     4.5292  0.000e+00
    147.676     8.1586   3.562452    34.1428       1089     4.5333  0.000e+00
    147.784     8.1669   3.563511    34.1459       1090     4.5375  0.000e+00
    147.887     8.1745   3.564420    34.1482       1091     4.5417  0.000e+00
    147.983     8.1815   3.565416    34.1519       1092     4.5458  0.000e+00
    148.081     8.1893   3.566065    34.1512       1093     4.5500  0.000e+00
    148.173     8.1962   3.566736    34.1516       1094     4.5542  0.000e+00
    148.282     8.2025   3.567339    34.1519       1095     4.5583  0.000e+00
    148.399     8.2084   3.567622    34.1490       1096     4.5625  0.000e+00
    148.521     8.2136   3.568034    34.1483       1097     4.5667  0.000e+00
    148.656     8.2178   3.568682    34.1511       1098     4.5708  0.000e+00
    148.803     8.2219   3.568769    34.1479       1099     4.5750  0.000e+00
    148.962     8.2255   3.568705    34.1437       1100     4.5792  0.000e+00
    149.121     8.2277   3.568966    34.1443       1101     4.5833  0.000e+00
    149.302     8.2295   3.569377    34.1469       1102     4.5875  0.000e+00
    149.477     8.2315   3.569702    34.1482       1103     4.5917  0.000e+00
    149.667     8.2337   3.570131    34.1506       1104     4.5958  0.000e+00
    149.861     8.2361   3.570525    34.1523       1105     4.6000  0.000e+00
    150.049     8.2388   3.571063    34.1554       1106     4.6042  0.000e+00
    150.239     8.2422   3.571353    34.1551       1107     4.6083  0.000e+00
    150.420     8.2450   3.571695    34.1559       1108     4.6125  0.000e+00
    150.593     8.2480   3.572732    34.1640       1109     4.6167  0.000e+00
    150.761     8.2519   3.573862    34.1721       1110     4.6208  0.000e+00
    150.908     8.2576   3.575120    34.1798       1111     4.6250  0.000e+00
    151.049     8.2649   3.576245    34.1847       1112     4.6292  0.000e+00
    151.177     8.2733   3.577027    34.1848       1113     4.6333  0.000e+00
    151.298     8.2811   3.577723    34.1845       1114     4.6375  0.000e+00
    151.409     8.2880   3.578158    34.1824       1115     4.6417  0.000e+00
    151.521     8.2940   3.580895    34.2055       1116     4.6458  0.000e+00
    151.633     8.3028   3.583007    34.2194       1117     4.6500  0.000e+00
    151.754     8.3153   3.584463    34.2226       1118     4.6542  0.000e+00
    151.881     8.3282   3.585966    34.2260       1119     4.6583  0.000e+00
    152.009     8.3409   3.587335    34.2282       1120     4.6625  0.000e+00
    152.143     8.3529   3.588479    34.2285       1121     4.6667  0.000e+00
    152.284     8.3643   3.589251    34.2256       1122     4.6708  0.000e+00
    152.427     8.3740   3.589907    34.2231       1123     4.6750  0.000e+00
    152.575     8.3823   3.590650    34.2228       1124     4.6792  0.000e+00
    152.724     8.3894   3.591300    34.2228       1125     4.6833  0.000e+00
    152.876     8.3960   3.592264    34.2265       1126     4.6875  0.000e+00
    153.031     8.4026   3.594361    34.2422       1127     4.6917  0.000e+00
    153.190     8.4120   3.595843    34.2488       1128     4.6958  0.000e+00
    153.344     8.4230   3.597371    34.2542       1129     4.7000  0.000e+00
    153.492     8.4340   3.599504    34.2660       1130     4.7042  0.000e+00
    153.637     8.4468   3.601683    34.2766       1131     4.7083  0.000e+00
    153.773     8.4612   3.604771    34.2952       1132     4.7125  0.000e+00
    153.901     8.4785   3.607510    34.3073       1133     4.7167  0.000e+00
    154.028     8.4976   3.609261    34.3072       1134     4.7208  0.000e+00
    154.151     8.5159   3.610210    34.2994       1135     4.7250  0.000e+00
    154.277     8.5312   3.610384    34.2864       1136     4.7292  0.000e+00
    154.411     8.5413   3.610384    34.2765       1137     4.7333  0.000e+00
    154.554     8.5479   3.612491    34.2922       1138     4.7375  0.000e+00
    154.704     8.5558   3.613061    34.2905       1139     4.7417  0.000e+00
    154.856     8.5639   3.614470    34.2975       1140     4.7458  0.000e+00
    155.021     8.5719   3.615437    34.2999       1141     4.7500  0.000e+00
    155.184     8.5803   3.615833    34.2958       1142     4.7542  0.000e+00
    155.352     8.5873   3.617591    34.3075       1143     4.7583  0.000e+00
    155.522     8.5952   3.620207    34.3274       1144     4.7625  0.000e+00
    155.693     8.6063   3.623073    34.3468       1145     4.7667  0.000e+00
    155.862     8.6208   3.623714    34.3393       1146     4.7708  0.000e+00
    156.026     8.6347   3.625498    34.3446       1147     4.7750  0.000e+00
    156.176     8.6471   3.628873    34.3681       1148     4.7792  0.000e+00
    156.317     8.6635   3.630553    34.3698       1149     4.7833  0.000e+00
    156.448     8.6799   3.629759    34.3454       1150     4.7875  0.000e+00
    156.578     8.6913   3.630243    34.3394       1151     4.7917  0.000e+00
    156.708     8.6984   3.631194    34.3425       1152     4.7958  0.000e+00
    156.840     8.7048   3.631894    34.3436       1153     4.8000  0.000e+00
    156.974     8.7110   3.632343    34.3423       1154     4.8042  0.000e+00
    157.115     8.7163   3.632454    34.3382       1155     4.8083  0.000e+00
    157.267     8.7205   3.632810    34.3378       1156     4.8125  0.000e+00
    157.430     8.7239   3.632810    34.3344       1157     4.8167  0.000e+00
    157.596     8.7264   3.633329    34.3374       1158     4.8208  0.000e+00
    157.770     8.7287   3.635482    34.3578       1159     4.8250  0.000e+00
    157.943     8.7345   3.639025    34.3893       1160     4.8292  0.000e+00
    158.121     8.7466   3.639895    34.3866       1161     4.8333  0.000e+00
    158.298     8.7592   3.640852    34.3844       1162     4.8375  0.000e+00
    158.471     8.7698   3.642774    34.3942       1163     4.8417  0.000e+00
    158.636     8.7802   3.643726    34.3941       1164     4.8458  0.000e+00
    158.779     8.7902   3.643994    34.3871       1165     4.8500  0.000e+00
    158.916     8.7972   3.646027    34.4016       1166     4.8542  0.000e+00
    159.027     8.8053   3.648014    34.4145       1167     4.8583  0.000e+00
    159.133     8.8148   3.649434    34.4202       1168     4.8625  0.000e+00
    159.222     8.8249   3.649504    34.4112       1169     4.8667  0.000e+00
    159.307     8.8326   3.650386    34.4129       1170     4.8708  0.000e+00
    159.385     8.8388   3.650550    34.4085       1171     4.8750  0.000e+00
    159.475     8.8438   3.650906    34.4074       1172     4.8792  0.000e+00
    159.576     8.8479   3.651035    34.4047       1173     4.8833  0.000e+00
    159.685     8.8507   3.651193    34.4036       1174     4.8875  0.000e+00
    159.804     8.8530   3.650906    34.3984       1175     4.8917  0.000e+00
    159.936     8.8537   3.649656    34.3844       1176     4.8958  0.000e+00
    160.077     8.8507   3.649679    34.3876       1177     4.9000  0.000e+00
    160.229     8.8463   3.649855    34.3936       1178     4.9042  0.000e+00
    160.383     8.8429   3.649726    34.3954       1179     4.9083  0.000e+00
    160.553     8.8407   3.649861    34.3989       1180     4.9125  0.000e+00
    160.718     8.8394   3.649884    34.4003       1181     4.9167  0.000e+00
    160.893     8.8385   3.649598    34.3981       1182     4.9208  0.000e+00
    161.076     8.8373   3.649680    34.4001       1183     4.9250  0.000e+00
    161.250     8.8361   3.650346    34.4082       1184     4.9292  0.000e+00
    161.425     8.8363   3.650925    34.4140       1185     4.9333  0.000e+00
    161.606     8.8377   3.651194    34.4153       1186     4.9375  0.000e+00
    161.785     8.8387   3.651393    34.4164       1187     4.9417  0.000e+00
    161.952     8.8380   3.651819    34.4214       1188     4.9458  0.000e+00
    162.120     8.8362   3.651819    34.4231       1189     4.9500  0.000e+00
    162.288     8.8338   3.651749    34.4246       1190     4.9542  0.000e+00
    162.449     8.8313   3.652129    34.4309       1191     4.9583  0.000e+00
    162.617     8.8278   3.652416    34.4372       1192     4.9625  0.000e+00
    162.782     8.8233   3.652516    34.4426       1193     4.9667  0.000e+00
    162.952     8.8194   3.652621    34.4474       1194     4.9708  0.000e+00
    163.117     8.8162   3.652709    34.4513       1195     4.9750  0.000e+00
    163.268     8.8134   3.652732    34.4542       1196     4.9792  0.000e+00
    163.428     8.8108   3.652814    34.4575       1197     4.9833  0.000e+00
    163.565     8.8087   3.653106    34.4626       1198     4.9875  0.000e+00
    163.703     8.8066   3.653288    34.4665       1199     4.9917  0.000e+00
    163.827     8.8048   3.653645    34.4719       1200     4.9958  0.000e+00
    163.941     8.8032   3.653838    34.4755       1201     5.0000  0.000e+00
    164.053     8.8020   3.654446    34.4830       1202     5.0042  0.000e+00
    164.158     8.8011   3.654844    34.4880       1203     5.0083  0.000e+00
    164.258     8.8004   3.654955    34.4898       1204     5.0125  0.000e+00
    164.350     8.8001   3.655031    34.4908       1205     5.0167  0.000e+00
    164.451     8.7997   3.655136    34.4922       1206     5.0208  0.000e+00
    164.554     8.7994   3.655113    34.4922       1207     5.0250  0.000e+00
    164.661     8.7993   3.655177    34.4930       1208     5.0292  0.000e+00
    164.777     8.7991   3.655247    34.4939       1209     5.0333  0.000e+00
    164.903     8.7990   3.655271    34.4941       1210     5.0375  0.000e+00
    165.039     8.7989   3.655201    34.4935       1211     5.0417  0.000e+00
    165.173     8.7987   3.655201    34.4935       1212     5.0458  0.000e+00
    165.318     8.7984   3.655177    34.4935       1213     5.0500  0.000e+00
    165.475     8.7980   3.655248    34.4946       1214     5.0542  0.000e+00
    165.625     8.7980   3.655289    34.4950       1215     5.0583  0.000e+00
    165.792     8.7980   3.655394    34.4960       1216     5.0625  0.000e+00
    165.961     8.7981   3.655423    34.4961       1217     5.0667  0.000e+00
    166.137     8.7982   3.655581    34.4976       1218     5.0708  0.000e+00
    166.321     8.7984   3.655581    34.4973       1219     5.0750  0.000e+00
    166.506     8.7985   3.655646    34.4978       1220     5.0792  0.000e+00
    166.696     8.7987   3.655646    34.4976       1221     5.0833  0.000e+00
    166.882     8.7988   3.655669    34.4976       1222     5.0875  0.000e+00
    167.067     8.7987   3.655710    34.4980       1223     5.0917  0.000e+00
    167.255     8.7986   3.655739    34.4983       1224     5.0958  0.000e+00
    167.437     8.7987   3.655780    34.4986       1225     5.1000  0.000e+00
    167.615     8.7985   3.655781    34.4987       1226     5.1042  0.000e+00
    167.788     8.7985   3.655839    34.4993       1227     5.1083  0.000e+00
    167.962     8.7985   3.655939    34.5002       1228     5.1125  0.000e+00
    168.128     8.7987   3.655892    34.4994       1229     5.1167  0.000e+00
    168.289     8.7986   3.655945    34.5000       1230     5.1208  0.000e+00
    168.452     8.7985   3.656026    34.5009       1231     5.1250  0.000e+00
    168.602     8.7986   3.656138    34.5019       1232     5.1292  0.000e+00
    168.742     8.7987   3.656319    34.5036       1233     5.1333  0.000e+00
    168.875     8.7990   3.656266    34.5027       1234     5.1375  0.000e+00
    168.993     8.7993   3.656161    34.5013       1235     5.1417  0.000e+00
    169.112     8.7990   3.656097    34.5009       1236     5.1458  0.000e+00
    169.215     8.7989   3.656050    34.5004       1237     5.1500  0.000e+00
    169.310     8.7985   3.656179    34.5021       1238     5.1542  0.000e+00
    169.400     8.7984   3.656360    34.5040       1239     5.1583  0.000e+00
    169.490     8.7988   3.656454    34.5046       1240     5.1625  0.000e+00
