HB2304/sbe051.cnv
* Sea-Bird SBE 19plus V2 Data File:
* FileName = C:\cruise\data\sbe051.hex
* Software Version Seasave V 7.26.7.121
* Temperature SN = 7037
* Conductivity SN = 7037
* System UpLoad Time = Oct 09 2023 08:20:49
** Ship: Bigelow
** Cruise:  HB2304
** Program:  Fall Bottom Trawl
# nquan = 7
# nvalues = 1236                                  
# units = specified
# name 0 = depSM: Depth [salt water, m], lat = 40.00
# name 1 = tv290C: Temperature [ITS-90, deg C]
# name 2 = c0S/m: Conductivity [S/m]
# name 3 = sal00: Salinity, Practical [PSU]
# name 4 = scan: Scan Count
# name 5 = timeM: Time, Elapsed [minutes]
# name 6 = flag:  0.000e+00
# span 0 =     -0.101,     21.532                 
# span 1 =    12.7092,    18.9034                 
# span 2 =  -0.000007,   4.311344                 
# span 3 =     0.0000,    32.4642                 
# span 4 =         11,       1246                 
# span 5 =     0.0417,     5.1875                 
# span 6 = 0.0000e+00, 0.0000e+00                 
# interval = seconds: 0.25
# start_time = Oct 09 2023 08:20:49 [System UTC, header]
# bad_flag = -9.990e-29
*END*
[from data line 1026]
      4.177    18.6861   4.242052    31.5148       1037     4.3167  0.000e+00
      4.100    18.6844   4.241548    31.5120       1038     4.3208  0.000e+00
      4.018    18.6805   4.241673    31.5160       1039     4.3250  0.000e+00
      3.933    18.6783   4.242183    31.5220       1040     4.3292  0.000e+00
      3.863    18.6785   4.242667    31.5259       1041     4.3333  0.000e+00
      3.798    18.6803   4.242524    31.5234       1042     4.3375  0.000e+00
      3.756    18.6810   4.242015    31.5186       1043     4.3417  0.000e+00
      3.715    18.6803   4.241673    31.5163       1044     4.3458  0.000e+00
      3.686    18.6784   4.241238    31.5141       1045     4.3500  0.000e+00
      3.657    18.6755   4.241207    31.5161       1046     4.3542  0.000e+00
      3.625    18.6736   4.241082    31.5166       1047     4.3583  0.000e+00
      3.614    18.6722   4.241082    31.5176       1048     4.3625  0.000e+00
      3.621    18.6712   4.241008    31.5178       1049     4.3667  0.000e+00
      3.626    18.6704   4.241008    31.5184       1050     4.3708  0.000e+00
      3.643    18.6698   4.241057    31.5192       1051     4.3750  0.000e+00
      3.657    18.6698   4.241057    31.5192       1052     4.3792  0.000e+00
      3.668    18.6698   4.241008    31.5189       1053     4.3833  0.000e+00
      3.677    18.6696   4.241033    31.5192       1054     4.3875  0.000e+00
      3.681    18.6697   4.239249    31.5043       1055     4.3917  0.000e+00
      3.684    18.6705   4.241673    31.5238       1056     4.3958  0.000e+00
      3.665    18.6723   4.241393    31.5201       1057     4.4000  0.000e+00
      3.632    18.6728   4.241231    31.5184       1058     4.4042  0.000e+00
      3.603    18.6722   4.241449    31.5207       1059     4.4083  0.000e+00
      3.585    18.6731   4.241865    31.5235       1060     4.4125  0.000e+00
      3.572    18.6748   4.241617    31.5201       1061     4.4167  0.000e+00
      3.574    18.6755   4.241673    31.5200       1062     4.4208  0.000e+00
      3.583    18.6755   4.241691    31.5202       1063     4.4250  0.000e+00
      3.598    18.6760   4.241648    31.5194       1064     4.4292  0.000e+00
      3.598    18.6758   4.241337    31.5170       1065     4.4333  0.000e+00
      3.590    18.6748   4.241424    31.5185       1066     4.4375  0.000e+00
      3.578    18.6740   4.241207    31.5173       1067     4.4417  0.000e+00
      3.553    18.6724   4.240597    31.5135       1068     4.4458  0.000e+00
      3.525    18.6698   4.240597    31.5155       1069     4.4500  0.000e+00
      3.509    18.6676   4.240448    31.5159       1070     4.4542  0.000e+00
      3.480    18.6654   4.240983    31.5221       1071     4.4583  0.000e+00
      3.448    18.6660   4.241256    31.5239       1072     4.4625  0.000e+00
      3.423    18.6677   4.240778    31.5186       1073     4.4667  0.000e+00
      3.395    18.6671   4.240473    31.5165       1074     4.4708  0.000e+00
      3.365    18.6653   4.240473    31.5179       1075     4.4750  0.000e+00
      3.330    18.6640   4.240597    31.5200       1076     4.4792  0.000e+00
      3.294    18.6635   4.240597    31.5203       1077     4.4833  0.000e+00
      3.271    18.6638   4.240740    31.5213       1078     4.4875  0.000e+00
      3.236    18.6645   4.241057    31.5234       1079     4.4917  0.000e+00
      3.206    18.6657   4.241057    31.5225       1080     4.4958  0.000e+00
      3.175    18.6668   4.240983    31.5211       1081     4.5000  0.000e+00
      3.132    18.6674   4.241206    31.5225       1082     4.5042  0.000e+00
      3.094    18.6682   4.241032    31.5205       1083     4.5083  0.000e+00
      3.061    18.6684   4.241008    31.5201       1084     4.5125  0.000e+00
      3.025    18.6684   4.240753    31.5180       1085     4.5167  0.000e+00
      3.005    18.6680   4.240691    31.5178       1086     4.5208  0.000e+00
      3.002    18.6677   4.240840    31.5192       1087     4.5250  0.000e+00
      2.987    18.6677   4.240914    31.5199       1088     4.5292  0.000e+00
      2.957    18.6680   4.240889    31.5195       1089     4.5333  0.000e+00
      2.911    18.6683   4.241057    31.5207       1090     4.5375  0.000e+00
      2.863    18.6691   4.240964    31.5193       1091     4.5417  0.000e+00
      2.803    18.6696   4.241132    31.5203       1092     4.5458  0.000e+00
      2.754    18.6703   4.241256    31.5208       1093     4.5500  0.000e+00
      2.733    18.6712   4.241107    31.5189       1094     4.5542  0.000e+00
      2.718    18.6714   4.241132    31.5189       1095     4.5583  0.000e+00
      2.715    18.6710   4.241157    31.5195       1096     4.5625  0.000e+00
      2.729    18.6709   4.241256    31.5204       1097     4.5667  0.000e+00
      2.747    18.6709   4.241082    31.5189       1098     4.5708  0.000e+00
      2.747    18.6706   4.240815    31.5169       1099     4.5750  0.000e+00
      2.733    18.6693   4.240765    31.5175       1100     4.5792  0.000e+00
      2.711    18.6684   4.240815    31.5186       1101     4.5833  0.000e+00
      2.708    18.6679   4.240777    31.5187       1102     4.5875  0.000e+00
      2.709    18.6673   4.240740    31.5188       1103     4.5917  0.000e+00
      2.708    18.6668   4.240765    31.5194       1104     4.5958  0.000e+00
      2.702    18.6669   4.241007    31.5214       1105     4.6000  0.000e+00
      2.702    18.6678   4.240958    31.5202       1106     4.6042  0.000e+00
      2.681    18.6688   4.240715    31.5175       1107     4.6083  0.000e+00
      2.657    18.6684   4.240641    31.5172       1108     4.6125  0.000e+00
      2.632    18.6678   4.240964    31.5203       1109     4.6167  0.000e+00
      2.594    18.6685   4.240982    31.5200       1110     4.6208  0.000e+00
      2.560    18.6691   4.241032    31.5199       1111     4.6250  0.000e+00
      2.536    18.6698   4.241107    31.5200       1112     4.6292  0.000e+00
      2.502    18.6705   4.240982    31.5184       1113     4.6333  0.000e+00
      2.471    18.6706   4.241163    31.5199       1114     4.6375  0.000e+00
      2.451    18.6714   4.241306    31.5205       1115     4.6417  0.000e+00
      2.433    18.6721   4.241281    31.5197       1116     4.6458  0.000e+00
      2.423    18.6728   4.240964    31.5166       1117     4.6500  0.000e+00
      2.406    18.6719   4.240398    31.5126       1118     4.6542  0.000e+00
      2.383    18.6687   4.240205    31.5134       1119     4.6583  0.000e+00
      2.372    18.6661   4.240522    31.5181       1120     4.6625  0.000e+00
      2.356    18.6653   4.239957    31.5140       1121     4.6667  0.000e+00
      2.340    18.6634   4.240473    31.5198       1122     4.6708  0.000e+00
      2.331    18.6631   4.240373    31.5191       1123     4.6750  0.000e+00
      2.322    18.6634   4.239932    31.5153       1124     4.6792  0.000e+00
      2.334    18.6617   4.239932    31.5165       1125     4.6833  0.000e+00
      2.318    18.6607   4.240628    31.5231       1126     4.6875  0.000e+00
      2.291    18.6622   4.240765    31.5231       1127     4.6917  0.000e+00
      2.242    18.6643   4.240081    31.5158       1128     4.6958  0.000e+00
      2.168    18.6636   4.239932    31.5151       1129     4.7000  0.000e+00
      2.087    18.6615   4.239379    31.5122       1130     4.7042  0.000e+00
      2.009    18.6585   4.239932    31.5191       1131     4.7083  0.000e+00
      1.969    18.6577   4.239932    31.5197       1132     4.7125  0.000e+00
      1.957    18.6580   4.239298    31.5142       1133     4.7167  0.000e+00
      1.955    18.6560   4.239348    31.5162       1134     4.7208  0.000e+00
      1.953    18.6538   4.239447    31.5187       1135     4.7250  0.000e+00
      1.957    18.6529   4.239398    31.5190       1136     4.7292  0.000e+00
      1.962    18.6524   4.239640    31.5213       1137     4.7333  0.000e+00
      1.930    18.6531   4.239429    31.5190       1138     4.7375  0.000e+00
      1.895    18.6530   4.239789    31.5221       1139     4.7417  0.000e+00
      1.886    18.6546   4.240007    31.5227       1140     4.7458  0.000e+00
      1.893    18.6565   4.240106    31.5221       1141     4.7500  0.000e+00
      1.903    18.6583   4.240062    31.5204       1142     4.7542  0.000e+00
      1.913    18.6591   4.240498    31.5234       1143     4.7583  0.000e+00
      1.912    18.6613   4.240665    31.5231       1144     4.7625  0.000e+00
      1.895    18.6635   4.241032    31.5244       1145     4.7667  0.000e+00
      1.850    18.6660   4.240908    31.5215       1146     4.7708  0.000e+00
      1.774    18.6679   4.241399    31.5241       1147     4.7750  0.000e+00
      1.690    18.6702   4.241840    31.5261       1148     4.7792  0.000e+00
      1.630    18.6733   4.241815    31.5235       1149     4.7833  0.000e+00
      1.579    18.6755   4.241591    31.5200       1150     4.7875  0.000e+00
      1.536    18.6763   4.241324    31.5172       1151     4.7917  0.000e+00
      1.482    18.6761   4.241280    31.5171       1152     4.7958  0.000e+00
      1.404    18.6755   4.241081    31.5159       1153     4.8000  0.000e+00
      1.336    18.6746   4.241162    31.5173       1154     4.8042  0.000e+00
      1.323    18.6740   4.241106    31.5172       1155     4.8083  0.000e+00
      1.339    18.6737   4.241181    31.5181       1156     4.8125  0.000e+00
      1.368    18.6736   4.241032    31.5169       1157     4.8167  0.000e+00
      1.401    18.6733   4.240827    31.5154       1158     4.8208  0.000e+00
      1.437    18.6718   4.240715    31.5157       1159     4.8250  0.000e+00
      1.471    18.6705   4.240789    31.5173       1160     4.8292  0.000e+00
      1.453    18.6700   4.241374    31.5224       1161     4.8333  0.000e+00
      1.368    18.6715   4.241007    31.5183       1162     4.8375  0.000e+00
      1.251    18.6721   4.240957    31.5175       1163     4.8417  0.000e+00
      1.139    18.6718   4.240547    31.5144       1164     4.8458  0.000e+00
      1.043    18.6701   4.240789    31.5177       1165     4.8500  0.000e+00
      1.005    18.6696   4.240913    31.5191       1166     4.8542  0.000e+00
      1.007    18.6698   4.240982    31.5195       1167     4.8583  0.000e+00
      1.039    18.6705   4.240864    31.5180       1168     4.8625  0.000e+00
      1.087    18.6699   4.240789    31.5178       1169     4.8667  0.000e+00
      1.097    18.6695   4.240913    31.5192       1170     4.8708  0.000e+00
      1.085    18.6698   4.240907    31.5188       1171     4.8750  0.000e+00
      1.076    18.6699   4.240913    31.5188       1172     4.8792  0.000e+00
      1.070    18.6698   4.240814    31.5181       1173     4.8833  0.000e+00
      1.083    18.6696   4.240839    31.5185       1174     4.8875  0.000e+00
      1.094    18.6693   4.240752    31.5179       1175     4.8917  0.000e+00
      1.049    18.6691   4.241007    31.5203       1176     4.8958  0.000e+00
      0.969    18.6697   4.241305    31.5223       1177     4.9000  0.000e+00
      0.911    18.6719   4.241373    31.5212       1178     4.9042  0.000e+00
      0.886    18.6741   4.241311    31.5190       1179     4.9083  0.000e+00
      0.895    18.6755   4.241348    31.5182       1180     4.9125  0.000e+00
      0.935    18.6762   4.241181    31.5163       1181     4.9167  0.000e+00
      0.980    18.6761   4.241205    31.5166       1182     4.9208  0.000e+00
      1.002    18.6757   4.241311    31.5177       1183     4.9250  0.000e+00
      1.002    18.6763   4.241498    31.5188       1184     4.9292  0.000e+00
      0.971    18.6775   4.241547    31.5184       1185     4.9333  0.000e+00
      0.902    18.6785   4.241398    31.5164       1186     4.9375  0.000e+00
      0.798    18.6781   4.241261    31.5156       1187     4.9417  0.000e+00
      0.631    18.6770   4.240814    31.5127       1188     4.9458  0.000e+00
      0.462    18.6746   4.239888    31.5070       1189     4.9500  0.000e+00
      0.348    18.6698   4.240422    31.5151       1190     4.9542  0.000e+00
      0.346    18.6676   4.240727    31.5193       1191     4.9583  0.000e+00
      0.420    18.6680   4.240665    31.5185       1192     4.9625  0.000e+00
      0.521    18.6684   4.240640    31.5179       1193     4.9667  0.000e+00
      0.633    18.6684   4.240690    31.5183       1194     4.9708  0.000e+00
      0.729    18.6688   4.240851    31.5193       1195     4.9750  0.000e+00
      0.789    18.6695   4.241423    31.5235       1196     4.9792  0.000e+00
      0.751    18.6722   4.241672    31.5235       1197     4.9833  0.000e+00
      0.563    18.6751   4.240863    31.5146       1198     4.9875  0.000e+00
      0.312    18.6746   4.240341    31.5108       1199     4.9917  0.000e+00
      0.214    18.6717   4.240621    31.5154       1200     4.9958  0.000e+00
      0.234    18.6701   4.241106    31.5206       1201     5.0000  0.000e+00
      0.216    18.6709   4.240664    31.5163       1202     5.0042  0.000e+00
      0.238    18.6705   4.240546    31.5156       1203     5.0083  0.000e+00
      0.271    18.6695   4.240621    31.5170       1204     5.0125  0.000e+00
      0.309    18.6690   4.241106    31.5214       1205     5.0167  0.000e+00
      0.352    18.6705   4.241889    31.5268       1206     5.0208  0.000e+00
      0.386    18.6744   4.241336    31.5192       1207     5.0250  0.000e+00
      0.410    18.6762   4.241280    31.5173       1208     5.0292  0.000e+00
      0.310    18.6767   4.241522    31.5190       1209     5.0333  0.000e+00
      0.075    18.6767   4.240155    31.5077       1210     5.0375  0.000e+00
     -0.073    18.6731   2.961367    21.1705       1211     5.0417  0.000e+00
     -0.085    18.6554   0.792271     5.0628       1212     5.0458  0.000e+00
     -0.091    18.6173   0.436845     2.6827       1213     5.0500  0.000e+00
     -0.096    18.5483   0.325006     1.9632       1214     5.0542  0.000e+00
     -0.094    18.4590   0.289303     1.7394       1215     5.0583  0.000e+00
     -0.038    18.4033   0.346971     2.1114       1216     5.0625  0.000e+00
     -0.047    18.3959   0.597177     3.7638       1217     5.0667  0.000e+00
     -0.071    18.4343   0.632387     3.9978       1218     5.0708  0.000e+00
     -0.094    18.4817   0.384665     2.3511       1219     5.0750  0.000e+00
     -0.038    18.5233   0.420351     2.5809       1220     5.0792  0.000e+00
     -0.062    18.5530   2.970376    21.3030       1221     5.0833  0.000e+00
     -0.091    18.5749   4.164747    30.9595       1222     5.0875  0.000e+00
     -0.092    18.5887   1.350425     9.0084       1223     5.0917  0.000e+00
     -0.089    18.5879   0.462761     2.8544       1224     5.0958  0.000e+00
     -0.098    18.5731   0.345982     2.0965       1225     5.1000  0.000e+00
     -0.094    18.5505   0.283662     1.6999       1226     5.1042  0.000e+00
     -0.101    18.5300   0.251421     1.4972       1227     5.1083  0.000e+00
     -0.096    18.5205   0.228309     1.3527       1228     5.1125  0.000e+00
     -0.097    18.5126   0.208601     1.2302       1229     5.1167  0.000e+00
     -0.090    18.4968   0.196847     1.1578       1230     5.1208  0.000e+00
     -0.065    18.4903   0.262843     1.5706       1231     5.1250  0.000e+00
     -0.088    18.5145   0.889788     5.7544       1232     5.1292  0.000e+00
     -0.088    18.5365   1.429179     9.5906       1233     5.1333  0.000e+00
     -0.085    18.5439   0.493341     3.0589       1234     5.1375  0.000e+00
     -0.088    18.5354   0.341436     2.0692       1235     5.1417  0.000e+00
     -0.094    18.5227   0.291301     1.7495       1236     5.1458  0.000e+00
     -0.088    18.5084   0.251379     1.4977       1237     5.1500  0.000e+00
     -0.088    18.4975   0.215861     1.2758       1238     5.1542  0.000e+00
     -0.092    18.4938   0.189096     1.1100       1239     5.1583  0.000e+00
     -0.094    18.4934   0.171414     1.0013       1240     5.1625  0.000e+00
