HB2304/sbe086.cnv
* Sea-Bird SBE 19plus V2 Data File:
* FileName = C:\cruise\data\sbe086.hex
* Software Version Seasave V 7.26.7.121
* Temperature SN = 7037
* Conductivity SN = 7037
* System UpLoad Time = Oct 19 2023 13:28:06
** Ship: Bigelow
** Cruise:  HB2304
** Program:  Fall Bottom Trawl
# nquan = 7
# nvalues = 3189                                  
# units = specified
# name 0 = depSM: Depth [salt water, m], lat = 40.00
# name 1 = tv290C: Temperature [ITS-90, deg C]
# name 2 = c0S/m: Conductivity [S/m]
# name 3 = sal00: Salinity, Practical [PSU]
# name 4 = scan: Scan Count
# name 5 = timeM: Time, Elapsed [minutes]
# name 6 = flag:  0.000e+00
# span 0 =      0.020,     93.855                 
# span 1 =     8.6446,    14.7216                 
# span 2 =  -0.000044,   3.874313                 
# span 3 =     0.0000,    32.8274                 
# span 4 =         11,       3199                 
# span 5 =     0.0417,    13.3250                 
# span 6 = 0.0000e+00, 0.0000e+00                 
# interval = seconds: 0.25
# start_time = Oct 19 2023 13:28:06 [System UTC, header]
# bad_flag = -9.990e-29
*END*
[from data line 2257]
     40.343    10.8154   3.628387    32.4045       2268     9.4458  0.000e+00
     40.307    10.8203   3.627979    32.3961       2269     9.4500  0.000e+00
     40.269    10.8213   3.628171    32.3972       2270     9.4542  0.000e+00
     40.233    10.8227   3.628964    32.4039       2271     9.4583  0.000e+00
     40.200    10.8267   3.628900    32.3997       2272     9.4625  0.000e+00
     40.169    10.8296   3.628877    32.3969       2273     9.4667  0.000e+00
     40.140    10.8313   3.628848    32.3952       2274     9.4708  0.000e+00
     40.113    10.8325   3.629163    32.3972       2275     9.4750  0.000e+00
     40.088    10.8341   3.628568    32.3899       2276     9.4792  0.000e+00
     40.061    10.8333   3.627308    32.3781       2277     9.4833  0.000e+00
     40.034    10.8274   3.627063    32.3810       2278     9.4875  0.000e+00
     39.996    10.8212   3.627769    32.3934       2279     9.4917  0.000e+00
     39.963    10.8196   3.628696    32.4041       2280     9.4958  0.000e+00
     39.925    10.8224   3.629623    32.4108       2281     9.5000  0.000e+00
     39.876    10.8293   3.630224    32.4107       2282     9.5042  0.000e+00
     39.833    10.8369   3.630685    32.4086       2283     9.5083  0.000e+00
     39.777    10.8447   3.631723    32.4120       2284     9.5125  0.000e+00
     39.717    10.8535   3.632411    32.4110       2285     9.5167  0.000e+00
     39.663    10.8632   3.633426    32.4126       2286     9.5208  0.000e+00
     39.605    10.8736   3.633869    32.4078       2287     9.5250  0.000e+00
     39.544    10.8835   3.633846    32.3988       2288     9.5292  0.000e+00
     39.484    10.8900   3.633752    32.3922       2289     9.5333  0.000e+00
     39.426    10.8940   3.634003    32.3911       2290     9.5375  0.000e+00
     39.369    10.8971   3.634242    32.3908       2291     9.5417  0.000e+00
     39.314    10.9002   3.634114    32.3868       2292     9.5458  0.000e+00
     39.264    10.9019   3.634405    32.3882       2293     9.5500  0.000e+00
     39.220    10.9041   3.634464    32.3869       2294     9.5542  0.000e+00
     39.186    10.9061   3.635129    32.3917       2295     9.5583  0.000e+00
     39.150    10.9099   3.636103    32.3981       2296     9.5625  0.000e+00
     39.123    10.9162   3.637014    32.4015       2297     9.5667  0.000e+00
     39.096    10.9253   3.637329    32.3966       2298     9.5708  0.000e+00
     39.078    10.9334   3.637434    32.3905       2299     9.5750  0.000e+00
     39.061    10.9395   3.637895    32.3896       2300     9.5792  0.000e+00
     39.047    10.9442   3.637031    32.3770       2301     9.5833  0.000e+00
     39.040    10.9452   3.636266    32.3686       2302     9.5875  0.000e+00
     39.031    10.9416   3.637235    32.3813       2303     9.5917  0.000e+00
     39.018    10.9418   3.639512    32.4037       2304     9.5958  0.000e+00
     39.003    10.9523   3.643126    32.4302       2305     9.6000  0.000e+00
     38.987    10.9755   3.644212    32.4205       2306     9.6042  0.000e+00
     38.973    10.9989   3.643371    32.3915       2307     9.6083  0.000e+00
     38.951    11.0109   3.640708    32.3546       2308     9.6125  0.000e+00
     38.935    11.0074   3.639202    32.3427       2309     9.6167  0.000e+00
     38.913    10.9966   3.639003    32.3503       2310     9.6208  0.000e+00
     38.888    10.9857   3.638262    32.3526       2311     9.6250  0.000e+00
     38.868    10.9757   3.637696    32.3558       2312     9.6292  0.000e+00
     38.839    10.9680   3.637988    32.3655       2313     9.6333  0.000e+00
     38.808    10.9627   3.639891    32.3890       2314     9.6375  0.000e+00
     38.765    10.9672   3.639126    32.3775       2315     9.6417  0.000e+00
     38.728    10.9703   3.639581    32.3793       2316     9.6458  0.000e+00
     38.691    10.9721   3.640113    32.3830       2317     9.6500  0.000e+00
     38.653    10.9761   3.641351    32.3917       2318     9.6542  0.000e+00
     38.606    10.9835   3.642349    32.3951       2319     9.6583  0.000e+00
     38.560    10.9940   3.644860    32.4107       2320     9.6625  0.000e+00
     38.519    11.0104   3.645281    32.4004       2321     9.6667  0.000e+00
     38.479    11.0259   3.645345    32.3874       2322     9.6708  0.000e+00
     38.441    11.0368   3.645613    32.3804       2323     9.6750  0.000e+00
     38.403    11.0445   3.645940    32.3769       2324     9.6792  0.000e+00
     38.371    11.0505   3.646081    32.3730       2325     9.6833  0.000e+00
     38.334    11.0553   3.646256    32.3705       2326     9.6875  0.000e+00
     38.300    11.0592   3.646279    32.3674       2327     9.6917  0.000e+00
     38.277    11.0620   3.646449    32.3666       2328     9.6958  0.000e+00
     38.255    11.0643   3.646770    32.3677       2329     9.7000  0.000e+00
     38.221    11.0671   3.647898    32.3764       2330     9.7042  0.000e+00
     38.192    11.0734   3.649212    32.3838       2331     9.7083  0.000e+00
     38.164    11.0837   3.649721    32.3798       2332     9.7125  0.000e+00
     38.132    11.0940   3.649989    32.3734       2333     9.7167  0.000e+00
     38.099    11.1019   3.651188    32.3783       2334     9.7208  0.000e+00
     38.069    11.1113   3.651462    32.3727       2335     9.7250  0.000e+00
     38.034    11.1198   3.651544    32.3661       2336     9.7292  0.000e+00
     38.000    11.1256   3.651456    32.3601       2337     9.7333  0.000e+00
     37.962    11.1293   3.651813    32.3604       2338     9.7375  0.000e+00
     37.922    11.1323   3.652082    32.3604       2339     9.7417  0.000e+00
     37.881    11.1361   3.652771    32.3638       2340     9.7458  0.000e+00
     37.841    11.1412   3.653058    32.3622       2341     9.7500  0.000e+00
     37.799    11.1463   3.653526    32.3624       2342     9.7542  0.000e+00
     37.754    11.1514   3.653549    32.3582       2343     9.7583  0.000e+00
     37.718    11.1554   3.653748    32.3565       2344     9.7625  0.000e+00
     37.673    11.1587   3.653859    32.3548       2345     9.7667  0.000e+00
     37.635    11.1615   3.653946    32.3532       2346     9.7708  0.000e+00
     37.595    11.1637   3.654128    32.3531       2347     9.7750  0.000e+00
     37.557    11.1657   3.654192    32.3520       2348     9.7792  0.000e+00
     37.526    11.1675   3.654285    32.3513       2349     9.7833  0.000e+00
     37.481    11.1690   3.654379    32.3509       2350     9.7875  0.000e+00
     37.443    11.1705   3.654484    32.3507       2351     9.7917  0.000e+00
     37.407    11.1720   3.654753    32.3521       2352     9.7958  0.000e+00
     37.380    11.1741   3.655443    32.3570       2353     9.8000  0.000e+00
     37.347    11.1782   3.655660    32.3555       2354     9.8042  0.000e+00
     37.315    11.1827   3.655706    32.3521       2355     9.8083  0.000e+00
     37.282    11.1859   3.655753    32.3497       2356     9.8125  0.000e+00
     37.250    11.1877   3.655911    32.3497       2357     9.8167  0.000e+00
     37.223    11.1898   3.656127    32.3500       2358     9.8208  0.000e+00
     37.194    11.1918   3.655952    32.3465       2359     9.8250  0.000e+00
     37.165    11.1927   3.656039    32.3466       2360     9.8292  0.000e+00
     37.136    11.1935   3.656022    32.3458       2361     9.8333  0.000e+00
     37.112    11.1938   3.656268    32.3479       2362     9.8375  0.000e+00
     37.094    11.1948   3.656197    32.3463       2363     9.8417  0.000e+00
     37.074    11.1957   3.656197    32.3455       2364     9.8458  0.000e+00
     37.053    11.1964   3.656256    32.3456       2365     9.8500  0.000e+00
     37.033    11.1968   3.656308    32.3457       2366     9.8542  0.000e+00
     37.017    11.1972   3.656332    32.3456       2367     9.8583  0.000e+00
     36.998    11.1976   3.656308    32.3450       2368     9.8625  0.000e+00
     36.980    11.1980   3.656852    32.3500       2369     9.8667  0.000e+00
     36.953    11.1999   3.656689    32.3468       2370     9.8708  0.000e+00
     36.937    11.2013   3.656800    32.3466       2371     9.8750  0.000e+00
     36.912    11.2021   3.656958    32.3475       2372     9.8792  0.000e+00
     36.881    11.2036   3.656864    32.3453       2373     9.8833  0.000e+00
     36.847    11.2045   3.656776    32.3436       2374     9.8875  0.000e+00
     36.814    11.2043   3.656688    32.3430       2375     9.8917  0.000e+00
     36.774    11.2037   3.656618    32.3428       2376     9.8958  0.000e+00
     36.733    11.2030   3.656554    32.3428       2377     9.9000  0.000e+00
     36.691    11.2024   3.656355    32.3414       2378     9.9042  0.000e+00
     36.640    11.2012   3.656800    32.3468       2379     9.9083  0.000e+00
     36.593    11.2016   3.656981    32.3483       2380     9.9125  0.000e+00
     36.543    11.2033   3.657203    32.3490       2381     9.9167  0.000e+00
     36.496    11.2051   3.657671    32.3521       2382     9.9208  0.000e+00
     36.443    11.2084   3.657724    32.3496       2383     9.9250  0.000e+00
     36.396    11.2112   3.658250    32.3524       2384     9.9292  0.000e+00
     36.340    11.2149   3.658513    32.3518       2385     9.9333  0.000e+00
     36.295    11.2189   3.658496    32.3481       2386     9.9375  0.000e+00
     36.243    11.2217   3.658835    32.3490       2387     9.9417  0.000e+00
     36.194    11.2249   3.659543    32.3532       2388     9.9458  0.000e+00
     36.149    11.2298   3.660210    32.3555       2389     9.9500  0.000e+00
     36.105    11.2365   3.660842    32.3558       2390     9.9542  0.000e+00
     36.062    11.2438   3.661415    32.3551       2391     9.9583  0.000e+00
     36.015    11.2515   3.662176    32.3558       2392     9.9625  0.000e+00
     35.972    11.2598   3.662287    32.3497       2393     9.9667  0.000e+00
     35.939    11.2661   3.662527    32.3465       2394     9.9708  0.000e+00
     35.901    11.2713   3.662819    32.3448       2395     9.9750  0.000e+00
     35.860    11.2756   3.662533    32.3382       2396     9.9792  0.000e+00
     35.825    11.2780   3.662269    32.3336       2397     9.9833  0.000e+00
     35.791    11.2781   3.662708    32.3378       2398     9.9875  0.000e+00
     35.755    11.2791   3.662930    32.3391       2399     9.9917  0.000e+00
     35.720    11.2814   3.663001    32.3378       2400     9.9958  0.000e+00
     35.681    11.2834   3.663188    32.3379       2401    10.0000  0.000e+00
     35.644    11.2853   3.663135    32.3357       2402    10.0042  0.000e+00
     35.607    11.2866   3.663311    32.3363       2403    10.0083  0.000e+00
     35.574    11.2878   3.663358    32.3357       2404    10.0125  0.000e+00
     35.540    11.2892   3.663399    32.3349       2405    10.0167  0.000e+00
     35.503    11.2902   3.663533    32.3354       2406    10.0208  0.000e+00
     35.462    11.2915   3.663592    32.3349       2407    10.0250  0.000e+00
     35.431    11.2926   3.663691    32.3349       2408    10.0292  0.000e+00
     35.395    11.2935   3.663914    32.3363       2409    10.0333  0.000e+00
     35.362    11.2954   3.664048    32.3360       2410    10.0375  0.000e+00
     35.332    11.2973   3.663954    32.3334       2411    10.0417  0.000e+00
     35.295    11.2983   3.664048    32.3334       2412    10.0458  0.000e+00
     35.261    11.2993   3.664071    32.3328       2413    10.0500  0.000e+00
     35.223    11.3001   3.664276    32.3341       2414    10.0542  0.000e+00
     35.191    11.3013   3.664247    32.3328       2415    10.0583  0.000e+00
     35.151    11.3024   3.664136    32.3308       2416    10.0625  0.000e+00
     35.109    11.3024   3.664083    32.3303       2417    10.0667  0.000e+00
     35.066    11.3020   3.664095    32.3307       2418    10.0708  0.000e+00
     35.015    11.3019   3.664247    32.3324       2419    10.0750  0.000e+00
     34.972    11.3022   3.664136    32.3311       2420    10.0792  0.000e+00
     34.927    11.3024   3.664083    32.3303       2421    10.0833  0.000e+00
     34.878    11.3021   3.664071    32.3305       2422    10.0875  0.000e+00
     34.835    11.3017   3.664071    32.3309       2423    10.0917  0.000e+00
     34.788    11.3016   3.664171    32.3320       2424    10.0958  0.000e+00
     34.748    11.3019   3.664024    32.3303       2425    10.1000  0.000e+00
     34.703    11.3017   3.664136    32.3316       2426    10.1042  0.000e+00
     34.663    11.3018   3.664294    32.3330       2427    10.1083  0.000e+00
     34.627    11.3028   3.664381    32.3331       2428    10.1125  0.000e+00
     34.583    11.3034   3.664405    32.3328       2429    10.1167  0.000e+00
     34.545    11.3044   3.664452    32.3324       2430    10.1208  0.000e+00
     34.502    11.3050   3.664534    32.3326       2431    10.1250  0.000e+00
     34.462    11.3061   3.664340    32.3299       2432    10.1292  0.000e+00
     34.421    11.3060   3.664381    32.3303       2433    10.1333  0.000e+00
     34.377    11.3059   3.664727    32.3338       2434    10.1375  0.000e+00
     34.325    11.3072   3.664850    32.3339       2435    10.1417  0.000e+00
     34.282    11.3090   3.664920    32.3331       2436    10.1458  0.000e+00
     34.227    11.3105   3.664850    32.3310       2437    10.1500  0.000e+00
     34.180    11.3111   3.665049    32.3325       2438    10.1542  0.000e+00
     34.139    11.3124   3.665277    32.3337       2439    10.1583  0.000e+00
     34.084    11.3142   3.665634    32.3356       2440    10.1625  0.000e+00
     34.032    11.3170   3.665944    32.3362       2441    10.1667  0.000e+00
     33.978    11.3204   3.666102    32.3348       2442    10.1708  0.000e+00
     33.920    11.3236   3.666173    32.3327       2443    10.1750  0.000e+00
     33.871    11.3258   3.665985    32.3289       2444    10.1792  0.000e+00
     33.811    11.3268   3.666325    32.3314       2445    10.1833  0.000e+00
     33.763    11.3284   3.667156    32.3382       2446    10.1875  0.000e+00
     33.719    11.3328   3.667244    32.3353       2447    10.1917  0.000e+00
     33.672    11.3370   3.667226    32.3314       2448    10.1958  0.000e+00
     33.625    11.3400   3.667443    32.3310       2449    10.2000  0.000e+00
     33.596    11.3422   3.667443    32.3290       2450    10.2042  0.000e+00
     33.565    11.3440   3.667419    32.3273       2451    10.2083  0.000e+00
     33.537    11.3451   3.667332    32.3254       2452    10.2125  0.000e+00
     33.515    11.3454   3.667267    32.3245       2453    10.2167  0.000e+00
     33.495    11.3455   3.667355    32.3253       2454    10.2208  0.000e+00
     33.472    11.3455   3.667402    32.3257       2455    10.2250  0.000e+00
     33.450    11.3460   3.667554    32.3268       2456    10.2292  0.000e+00
     33.432    11.3468   3.667402    32.3247       2457    10.2333  0.000e+00
     33.414    11.3468   3.667525    32.3258       2458    10.2375  0.000e+00
     33.395    11.3472   3.667513    32.3254       2459    10.2417  0.000e+00
     33.379    11.3475   3.667466    32.3247       2460    10.2458  0.000e+00
     33.359    11.3474   3.667566    32.3258       2461    10.2500  0.000e+00
     33.329    11.3477   3.668046    32.3303       2462    10.2542  0.000e+00
     33.296    11.3498   3.668163    32.3296       2463    10.2583  0.000e+00
     33.264    11.3522   3.668233    32.3282       2464    10.2625  0.000e+00
     33.224    11.3540   3.668362    32.3278       2465    10.2667  0.000e+00
     33.186    11.3556   3.669123    32.3339       2466    10.2708  0.000e+00
     33.143    11.3597   3.670072    32.3397       2467    10.2750  0.000e+00
     33.090    11.3670   3.670758    32.3400       2468    10.2792  0.000e+00
     33.030    11.3751   3.671179    32.3370       2469    10.2833  0.000e+00
     32.969    11.3830   3.672099    32.3391       2470    10.2875  0.000e+00
     32.908    11.3916   3.673411    32.3446       2471    10.2917  0.000e+00
