HB2304/sbe003.cnv
* Sea-Bird SBE 19plus V2 Data File:
* FileName = C:\cruise\data\sbe003.hex
* Software Version Seasave V 7.26.7.121
* Temperature SN = 7037
* Conductivity SN = 7037
* System UpLoad Time = Sep 11 2023 14:47:27
** Ship: Bigelow
** Cruise:  HB2304
** Program:  Fall Bottom Trawl
# nquan = 7
# nvalues = 1845                                  
# units = specified
# name 0 = depSM: Depth [salt water, m], lat = 40.00
# name 1 = tv290C: Temperature [ITS-90, deg C]
# name 2 = c0S/m: Conductivity [S/m]
# name 3 = sal00: Salinity, Practical [PSU]
# name 4 = scan: Scan Count
# name 5 = timeM: Time, Elapsed [minutes]
# name 6 = flag:  0.000e+00
# span 0 =     -0.040,     74.251                 
# span 1 =     9.8890,    25.6235                 
# span 2 =  -0.096912,   5.330335                 
# span 3 =     0.0000,    35.3102                 
# span 4 =         11,       1855                 
# span 5 =     0.0417,     7.7250                 
# span 6 = 0.0000e+00, 0.0000e+00                 
# interval = seconds: 0.25
# start_time = Sep 11 2023 14:47:27 [System UTC, header]
# bad_flag = -9.990e-29
*END*
     -0.014    24.8609  -0.000028     0.0000         11     0.0417  0.000e+00
     -0.012    24.8616  -0.000028     0.0000         12     0.0458  0.000e+00
     -0.014    24.8619  -0.000028     0.0000         13     0.0500  0.000e+00
     -0.008    24.8610  -0.000028     0.0000         14     0.0542  0.000e+00
     -0.012    24.8608  -0.000028     0.0000         15     0.0583  0.000e+00
     -0.006    24.8604  -0.000028     0.0000         16     0.0625  0.000e+00
     -0.010    24.8607  -0.000028     0.0000         17     0.0667  0.000e+00
     -0.010    24.8606  -0.000028     0.0000         18     0.0708  0.000e+00
     -0.008    24.8599  -0.000034     0.0000         19     0.0750  0.000e+00
     -0.006    24.8594  -0.000028     0.0000         20     0.0792  0.000e+00
     -0.003    24.8588  -0.000028     0.0000         21     0.0833  0.000e+00
     -0.003    24.8582  -0.000028     0.0000         22     0.0875  0.000e+00
     -0.003    24.8576  -0.000028     0.0000         23     0.0917  0.000e+00
     -0.004    24.8571  -0.000028     0.0000         24     0.0958  0.000e+00
     -0.006    24.8569  -0.000028     0.0000         25     0.1000  0.000e+00
     -0.006    24.8575  -0.000028     0.0000         26     0.1042  0.000e+00
     -0.003    24.8584  -0.000034     0.0000         27     0.1083  0.000e+00
     -0.003    24.8592  -0.000023     0.0000         28     0.1125  0.000e+00
     -0.008    24.8600  -0.000034     0.0000         29     0.1167  0.000e+00
     -0.008    24.8605  -0.000034     0.0000         30     0.1208  0.000e+00
     -0.004    24.8613  -0.000028     0.0000         31     0.1250  0.000e+00
     -0.004    24.8615  -0.000028     0.0000         32     0.1292  0.000e+00
     -0.006    24.8611  -0.000034     0.0000         33     0.1333  0.000e+00
     -0.008    24.8600  -0.000034     0.0000         34     0.1375  0.000e+00
     -0.003    24.8594  -0.000028     0.0000         35     0.1417  0.000e+00
     -0.003    24.8584  -0.000028     0.0000         36     0.1458  0.000e+00
     -0.003    24.8578  -0.000028     0.0000         37     0.1500  0.000e+00
     -0.004    24.8570  -0.000023     0.0000         38     0.1542  0.000e+00
     -0.003    24.8563  -0.000028     0.0000         39     0.1583  0.000e+00
     -0.003    24.8554  -0.000028     0.0000         40     0.1625  0.000e+00
     -0.002    24.8545  -0.000034     0.0000         41     0.1667  0.000e+00
     -0.004    24.8542  -0.000034     0.0000         42     0.1708  0.000e+00
     -0.001    24.8540  -0.000028     0.0000         43     0.1750  0.000e+00
     -0.002    24.8542  -0.000028     0.0000         44     0.1792  0.000e+00
     -0.008    24.8543  -0.000028     0.0000         45     0.1833  0.000e+00
     -0.002    24.8549  -0.000028     0.0000         46     0.1875  0.000e+00
     -0.004    24.8556  -0.000023     0.0000         47     0.1917  0.000e+00
     -0.004    24.8567  -0.000028     0.0000         48     0.1958  0.000e+00
     -0.004    24.8575  -0.000028     0.0000         49     0.2000  0.000e+00
     -0.008    24.8581  -0.000028     0.0000         50     0.2042  0.000e+00
     -0.004    24.8586  -0.000028     0.0000         51     0.2083  0.000e+00
     -0.008    24.8588  -0.000034     0.0000         52     0.2125  0.000e+00
     -0.008    24.8593  -0.000028     0.0000         53     0.2167  0.000e+00
     -0.008    24.8592  -0.000028     0.0000         54     0.2208  0.000e+00
     -0.015    24.8593  -0.000028     0.0000         55     0.2250  0.000e+00
     -0.019    24.8599  -0.000028     0.0000         56     0.2292  0.000e+00
     -0.013    24.8611  -0.000028     0.0000         57     0.2333  0.000e+00
     -0.011    24.8623  -0.000028     0.0000         58     0.2375  0.000e+00
     -0.008    24.8626  -0.000023     0.0000         59     0.2417  0.000e+00
     -0.008    24.8626  -0.000028     0.0000         60     0.2458  0.000e+00
     -0.008    24.8625  -0.000028     0.0000         61     0.2500  0.000e+00
     -0.002    24.8618  -0.000028     0.0000         62     0.2542  0.000e+00
     -0.002    24.8606  -0.000028     0.0000         63     0.2583  0.000e+00
     -0.008    24.8594  -0.000028     0.0000         64     0.2625  0.000e+00
     -0.008    24.8585  -0.000028     0.0000         65     0.2667  0.000e+00
     -0.002    24.8581  -0.000023     0.0000         66     0.2708  0.000e+00
     -0.004    24.8576  -0.000028     0.0000         67     0.2750  0.000e+00
     -0.002    24.8570  -0.000028     0.0000         68     0.2792  0.000e+00
     -0.004    24.8558  -0.000028     0.0000         69     0.2833  0.000e+00
     -0.002    24.8549  -0.000028     0.0000         70     0.2875  0.000e+00
     -0.002    24.8541  -0.000028     0.0000         71     0.2917  0.000e+00
     -0.006    24.8531  -0.000028     0.0000         72     0.2958  0.000e+00
     -0.006    24.8520  -0.000028     0.0000         73     0.3000  0.000e+00
     -0.006    24.8515  -0.000028     0.0000         74     0.3042  0.000e+00
      0.007    24.8511  -0.000028     0.0000         75     0.3083  0.000e+00
      0.003    24.8503  -0.000028     0.0000         76     0.3125  0.000e+00
     -0.002    24.8482  -0.000028     0.0000         77     0.3167  0.000e+00
     -0.010    24.8461  -0.000028     0.0000         78     0.3208  0.000e+00
     -0.006    24.8452  -0.000028     0.0000         79     0.3250  0.000e+00
     -0.004    24.8462  -0.000028     0.0000         80     0.3292  0.000e+00
     -0.002    24.8492  -0.000028     0.0000         81     0.3333  0.000e+00
     -0.006    24.8534  -0.000023     0.0000         82     0.3375  0.000e+00
     -0.006    24.8586  -0.000028     0.0000         83     0.3417  0.000e+00
     -0.004    24.8643  -0.000028     0.0000         84     0.3458  0.000e+00
     -0.002    24.8700  -0.000028     0.0000         85     0.3500  0.000e+00
     -0.001    24.8763  -0.000028     0.0000         86     0.3542  0.000e+00
     -0.002    24.8825  -0.000028     0.0000         87     0.3583  0.000e+00
     -0.001    24.8884  -0.000023     0.0000         88     0.3625  0.000e+00
      0.001    24.8943  -0.000034     0.0000         89     0.3667  0.000e+00
     -0.000    24.8990  -0.000034     0.0000         90     0.3708  0.000e+00
     -0.004    24.9018  -0.000028     0.0000         91     0.3750  0.000e+00
     -0.002    24.9027  -0.000028     0.0000         92     0.3792  0.000e+00
     -0.002    24.9014  -0.000034     0.0000         93     0.3833  0.000e+00
     -0.002    24.9001  -0.000028     0.0000         94     0.3875  0.000e+00
     -0.002    24.8990  -0.000028     0.0000         95     0.3917  0.000e+00
     -0.002    24.8987  -0.000028     0.0000         96     0.3958  0.000e+00
     -0.001    24.8985  -0.000023     0.0000         97     0.4000  0.000e+00
     -0.002    24.8980  -0.000028     0.0000         98     0.4042  0.000e+00
     -0.006    24.8970  -0.000028     0.0000         99     0.4083  0.000e+00
     -0.008    24.8965  -0.000023     0.0000        100     0.4125  0.000e+00
     -0.006    24.8956  -0.000028     0.0000        101     0.4167  0.000e+00
     -0.004    24.8946  -0.000028     0.0000        102     0.4208  0.000e+00
     -0.006    24.8943  -0.000028     0.0000        103     0.4250  0.000e+00
     -0.006    24.8945  -0.000023     0.0000        104     0.4292  0.000e+00
     -0.004    24.8951  -0.000028     0.0000        105     0.4333  0.000e+00
     -0.006    24.8957  -0.000023     0.0000        106     0.4375  0.000e+00
     -0.004    24.8958  -0.000028     0.0000        107     0.4417  0.000e+00
     -0.006    24.8957  -0.000023     0.0000        108     0.4458  0.000e+00
     -0.004    24.8975  -0.000028     0.0000        109     0.4500  0.000e+00
     -0.001    24.8997  -0.000028     0.0000        110     0.4542  0.000e+00
     -0.001    24.9025  -0.000028     0.0000        111     0.4583  0.000e+00
     -0.002    24.9052  -0.000034     0.0000        112     0.4625  0.000e+00
     -0.004    24.9069  -0.000034     0.0000        113     0.4667  0.000e+00
     -0.004    24.9074  -0.000034     0.0000        114     0.4708  0.000e+00
     -0.004    24.9067  -0.000028     0.0000        115     0.4750  0.000e+00
     -0.006    24.9053  -0.000028     0.0000        116     0.4792  0.000e+00
     -0.006    24.9041  -0.000028     0.0000        117     0.4833  0.000e+00
     -0.011    24.9030  -0.000028     0.0000        118     0.4875  0.000e+00
     -0.008    24.9022  -0.000028     0.0000        119     0.4917  0.000e+00
     -0.008    24.9022  -0.000023     0.0000        120     0.4958  0.000e+00
     -0.006    24.9025  -0.000028     0.0000        121     0.5000  0.000e+00
     -0.002    24.9026  -0.000023     0.0000        122     0.5042  0.000e+00
     -0.004    24.9026  -0.000034     0.0000        123     0.5083  0.000e+00
     -0.004    24.9026  -0.000028     0.0000        124     0.5125  0.000e+00
     -0.006    24.9037  -0.000028     0.0000        125     0.5167  0.000e+00
     -0.004    24.9057  -0.000028     0.0000        126     0.5208  0.000e+00
     -0.002    24.9071  -0.000028     0.0000        127     0.5250  0.000e+00
     -0.002    24.9079  -0.000028     0.0000        128     0.5292  0.000e+00
     -0.008    24.9090  -0.000023     0.0000        129     0.5333  0.000e+00
     -0.004    24.9101  -0.000023     0.0000        130     0.5375  0.000e+00
     -0.002    24.9126  -0.000023     0.0000        131     0.5417  0.000e+00
     -0.001    24.9141  -0.000028     0.0000        132     0.5458  0.000e+00
     -0.001    24.9135  -0.000028     0.0000        133     0.5500  0.000e+00
     -0.002    24.9148  -0.000028     0.0000        134     0.5542  0.000e+00
     -0.001    24.9195  -0.000028     0.0000        135     0.5583  0.000e+00
      0.001    24.9228  -0.000028     0.0000        136     0.5625  0.000e+00
      0.005    24.9307  -0.000023     0.0000        137     0.5667  0.000e+00
      0.001    24.9511  -0.000028     0.0000        138     0.5708  0.000e+00
      0.012    24.9715  -0.096912     0.0000        139     0.5750  0.000e+00
      0.151    24.9949   1.512357     8.7958        140     0.5792  0.000e+00
      0.345    25.0531   2.388198    14.4436        141     0.5833  0.000e+00
      0.542    25.1216   1.829081    10.7823        142     0.5875  0.000e+00
      0.722    25.1856   1.601268     9.3190        143     0.5917  0.000e+00
      0.894    25.2301   1.749129    10.2468        144     0.5958  0.000e+00
      1.094    25.2609   2.281998    13.6808        145     0.6000  0.000e+00
      1.342    25.2809   2.581754    15.6516        146     0.6042  0.000e+00
      1.609    25.2899   4.046059    25.6811        147     0.6083  0.000e+00
      1.870    25.2950   3.605876    22.6004        148     0.6125  0.000e+00
      2.117    25.2984   3.076295    18.9657        149     0.6167  0.000e+00
      2.336    25.2977   3.360518    20.9062        150     0.6208  0.000e+00
      2.535    25.2936   2.884763    17.6730        151     0.6250  0.000e+00
      2.744    25.2842   3.783056    23.8385        152     0.6292  0.000e+00
      2.945    25.2695   4.411754    28.2892        153     0.6333  0.000e+00
      3.162    25.2502   4.397295    28.1977        154     0.6375  0.000e+00
      3.377    25.2280   3.190637    19.7737        155     0.6417  0.000e+00
      3.601    25.2063   1.009119     5.6563        156     0.6458  0.000e+00
      3.825    25.1895   2.655693    16.1754        157     0.6500  0.000e+00
      4.033    25.1832   4.926252    32.0613        158     0.6542  0.000e+00
      4.224    25.1844   4.939748    32.1588        159     0.6583  0.000e+00
      4.383    25.1851   4.935891    32.1302        160     0.6625  0.000e+00
      4.535    25.1866   4.934877    32.1216        161     0.6667  0.000e+00
      4.694    25.1890   4.926808    32.0610        162     0.6708  0.000e+00
      4.844    25.1912   4.749339    30.7693        163     0.6750  0.000e+00
      4.991    25.1904   4.470475    28.7588        164     0.6792  0.000e+00
      5.144    25.1877   3.020243    18.6302        165     0.6833  0.000e+00
      5.292    25.1860   2.701502    16.4827        166     0.6875  0.000e+00
      5.430    25.1846   3.497285    21.9012        167     0.6917  0.000e+00
      5.560    25.1846   3.466056    21.6852        168     0.6958  0.000e+00
      5.679    25.1931   4.837246    31.4058        169     0.7000  0.000e+00
      5.806    25.2000   4.943177    32.1723        170     0.7042  0.000e+00
      5.929    25.2117   4.944284    32.1721        171     0.7083  0.000e+00
      6.057    25.2365   4.945279    32.1617        172     0.7125  0.000e+00
      6.192    25.2646   4.945816    32.1457        173     0.7167  0.000e+00
      6.330    25.2901   4.945988    32.1289        174     0.7208  0.000e+00
      6.474    25.3094   4.945762    32.1136        175     0.7250  0.000e+00
      6.623    25.3234   4.945530    32.1019        176     0.7292  0.000e+00
      6.771    25.3310   4.945503    32.0963        177     0.7333  0.000e+00
      6.915    25.3355   4.945596    32.0938        178     0.7375  0.000e+00
      7.062    25.3394   4.945702    32.0917        179     0.7417  0.000e+00
      7.208    25.3439   4.945815    32.0894        180     0.7458  0.000e+00
      7.351    25.3471   4.945987    32.0883        181     0.7500  0.000e+00
      7.483    25.3487   4.946253    32.0891        182     0.7542  0.000e+00
      7.613    25.3498   4.946584    32.0907        183     0.7583  0.000e+00
      7.745    25.3522   4.946836    32.0908        184     0.7625  0.000e+00
      7.871    25.3556   4.947181    32.0909        185     0.7667  0.000e+00
      7.996    25.3584   4.947467    32.0909        186     0.7708  0.000e+00
      8.124    25.3632   4.947560    32.0881        187     0.7750  0.000e+00
      8.251    25.3682   4.947778    32.0862        188     0.7792  0.000e+00
      8.385    25.3726   4.947831    32.0834        189     0.7833  0.000e+00
      8.522    25.3765   4.947891    32.0811        190     0.7875  0.000e+00
      8.659    25.3789   4.947891    32.0793        191     0.7917  0.000e+00
      8.802    25.3802   4.947832    32.0780        192     0.7958  0.000e+00
      8.945    25.3809   4.947805    32.0772        193     0.8000  0.000e+00
      9.089    25.3814   4.947586    32.0753        194     0.8042  0.000e+00
      9.241    25.3812   4.947321    32.0734        195     0.8083  0.000e+00
      9.386    25.3796   4.947235    32.0739        196     0.8125  0.000e+00
      9.538    25.3777   4.947208    32.0750        197     0.8167  0.000e+00
      9.686    25.3746   4.947454    32.0789        198     0.8208  0.000e+00
      9.836    25.3692   4.948144    32.0877        199     0.8250  0.000e+00
      9.989    25.3621   4.949086    32.0995        200     0.8292  0.000e+00
     10.145    25.3517   4.950347    32.1159        201     0.8333  0.000e+00
     10.295    25.3376   4.952013    32.1380        202     0.8375  0.000e+00
     10.452    25.3192   4.954669    32.1703        203     0.8417  0.000e+00
     10.611    25.3000   4.957079    32.2014        204     0.8458  0.000e+00
     10.770    25.2807   4.960585    32.2406        205     0.8500  0.000e+00
     10.931    25.2636   4.963429    32.2734        206     0.8542  0.000e+00
     11.095    25.2443   4.965987    32.3057        207     0.8583  0.000e+00
     11.258    25.2263   4.970055    32.3481        208     0.8625  0.000e+00
     11.420    25.2111   4.973399    32.3833        209     0.8667  0.000e+00
     11.578    25.1978   4.976857    32.4180        210     0.8708  0.000e+00
     11.733    25.1838   4.979704    32.4488        211     0.8750  0.000e+00
     11.887    25.1707   4.982013    32.4750        212     0.8792  0.000e+00
     12.033    25.1586   4.986592    32.5171        213     0.8833  0.000e+00
     12.165    25.1488   4.993691    32.5760        214     0.8875  0.000e+00
     12.291    25.1402   5.001653    32.6404        215     0.8917  0.000e+00
