HB2304/sbe067.cnv
* Sea-Bird SBE 19plus V2 Data File:
* FileName = C:\cruise\data\sbe067.hex
* Software Version Seasave V 7.26.7.121
* Temperature SN = 7037
* Conductivity SN = 7037
* System UpLoad Time = Oct 13 2023 12:42:59
** Ship: Bigelow
** Cruise:  HB2304
** Program:  Fall Bottom Trawl
# nquan = 7
# nvalues = 4196                                  
# units = specified
# name 0 = depSM: Depth [salt water, m], lat = 40.00
# name 1 = tv290C: Temperature [ITS-90, deg C]
# name 2 = c0S/m: Conductivity [S/m]
# name 3 = sal00: Salinity, Practical [PSU]
# name 4 = scan: Scan Count
# name 5 = timeM: Time, Elapsed [minutes]
# name 6 = flag:  0.000e+00
# span 0 =      0.304,    333.097                 
# span 1 =     6.7113,    16.8982                 
# span 2 =   3.520250,   4.356505                 
# span 3 =    32.2217,    35.3877                 
# span 4 =         11,       4206                 
# span 5 =     0.0417,    17.5208                 
# span 6 = 0.0000e+00, 0.0000e+00                 
# interval = seconds: 0.25
# start_time = Oct 13 2023 12:42:59 [System UTC, header]
# bad_flag = -9.990e-29
*END*
[from data line 1642]
    262.354     9.5494   3.794595    35.1681       1653     6.8833  0.000e+00
    262.539     9.5466   3.794280    35.1676       1654     6.8875  0.000e+00
    262.740     9.5441   3.794417    35.1713       1655     6.8917  0.000e+00
    262.955     9.5423   3.794281    35.1716       1656     6.8958  0.000e+00
    263.183     9.5408   3.793907    35.1690       1657     6.9000  0.000e+00
    263.422     9.5389   3.793622    35.1678       1658     6.9042  0.000e+00
    263.676     9.5367   3.793325    35.1669       1659     6.9083  0.000e+00
    263.942     9.5340   3.792880    35.1647       1660     6.9125  0.000e+00
    264.212     9.5310   3.792411    35.1627       1661     6.9167  0.000e+00
    264.481     9.5271   3.792014    35.1623       1662     6.9208  0.000e+00
    264.760     9.5231   3.791503    35.1608       1663     6.9250  0.000e+00
    265.039     9.5189   3.790833    35.1578       1664     6.9292  0.000e+00
    265.308     9.5141   3.789919    35.1530       1665     6.9333  0.000e+00
    265.576     9.5079   3.788554    35.1448       1666     6.9375  0.000e+00
    265.835     9.4992   3.787255    35.1397       1667     6.9417  0.000e+00
    266.091     9.4890   3.785161    35.1280       1668     6.9458  0.000e+00
    266.340     9.4752   3.781947    35.1081       1669     6.9500  0.000e+00
    266.583     9.4571   3.779819    35.1036       1670     6.9542  0.000e+00
    266.814     9.4363   3.778734    35.1126       1671     6.9583  0.000e+00
    267.035     9.4175   3.777780    35.1210       1672     6.9625  0.000e+00
    267.252     9.4012   3.775677    35.1150       1673     6.9667  0.000e+00
    267.466     9.3841   3.772952    35.1035       1674     6.9708  0.000e+00
    267.669     9.3643   3.770849    35.1009       1675     6.9750  0.000e+00
    267.861     9.3430   3.769529    35.1080       1676     6.9792  0.000e+00
    268.034     9.3239   3.767623    35.1069       1677     6.9833  0.000e+00
    268.201     9.3058   3.765812    35.1057       1678     6.9875  0.000e+00
    268.360     9.2874   3.764356    35.1086       1679     6.9917  0.000e+00
    268.516     9.2701   3.762279    35.1038       1680     6.9958  0.000e+00
    268.655     9.2528   3.761516    35.1128       1681     7.0000  0.000e+00
    268.780     9.2372   3.760925    35.1219       1682     7.0042  0.000e+00
    268.905     9.2248   3.759641    35.1207       1683     7.0083  0.000e+00
    269.037     9.2131   3.758583    35.1211       1684     7.0125  0.000e+00
    269.167     9.2009   3.757767    35.1245       1685     7.0167  0.000e+00
    269.300     9.1903   3.756909    35.1260       1686     7.0208  0.000e+00
    269.439     9.1805   3.756040    35.1265       1687     7.0250  0.000e+00
    269.582     9.1712   3.755437    35.1293       1688     7.0292  0.000e+00
    269.752     9.1626   3.754775    35.1307       1689     7.0333  0.000e+00
    269.939     9.1543   3.754444    35.1353       1690     7.0375  0.000e+00
    270.132     9.1477   3.754066    35.1378       1691     7.0417  0.000e+00
    270.340     9.1418   3.751631    35.1181       1692     7.0458  0.000e+00
    270.565     9.1311   3.749013    35.1012       1693     7.0500  0.000e+00
    270.807     9.1146   3.745640    35.0821       1694     7.0542  0.000e+00
    271.061     9.0932   3.744058    35.0865       1695     7.0583  0.000e+00
    271.322     9.0719   3.742151    35.0874       1696     7.0625  0.000e+00
    271.588     9.0513   3.739932    35.0843       1697     7.0667  0.000e+00
    271.852     9.0305   3.737011    35.0741       1698     7.0708  0.000e+00
    272.125     9.0076   3.735884    35.0847       1699     7.0750  0.000e+00
    272.399     8.9867   3.734586    35.0917       1700     7.0792  0.000e+00
    272.656     8.9684   3.733259    35.0956       1701     7.0833  0.000e+00
    272.907     8.9526   3.732310    35.1012       1702     7.0875  0.000e+00
    273.146     8.9381   3.730541    35.0968       1703     7.0917  0.000e+00
    273.378     8.9228   3.727140    35.0761       1704     7.0958  0.000e+00
    273.601     8.9024   3.724841    35.0719       1705     7.1000  0.000e+00
    273.811     8.8798   3.724241    35.0878       1706     7.1042  0.000e+00
    274.013     8.8609   3.722385    35.0869       1707     7.1083  0.000e+00
    274.200     8.8439   3.721725    35.0966       1708     7.1125  0.000e+00
    274.386     8.8285   3.720064    35.0943       1709     7.1167  0.000e+00
    274.573     8.8142   3.719358    35.1010       1710     7.1208  0.000e+00
    274.763     8.8014   3.717821    35.0974       1711     7.1250  0.000e+00
    274.942     8.7890   3.717698    35.1083       1712     7.1292  0.000e+00
    275.130     8.7785   3.716479    35.1057       1713     7.1333  0.000e+00
    275.324     8.7683   3.715384    35.1042       1714     7.1375  0.000e+00
    275.525     8.7578   3.715178    35.1123       1715     7.1417  0.000e+00
    275.726     8.7492   3.714655    35.1152       1716     7.1458  0.000e+00
    275.934     8.7419   3.714496    35.1207       1717     7.1500  0.000e+00
    276.140     8.7360   3.714090    35.1221       1718     7.1542  0.000e+00
    276.358     8.7312   3.713637    35.1220       1719     7.1583  0.000e+00
    276.582     8.7263   3.713113    35.1212       1720     7.1625  0.000e+00
    276.799     8.7210   3.712589    35.1208       1721     7.1667  0.000e+00
    277.016     8.7157   3.711842    35.1181       1722     7.1708  0.000e+00
    277.232     8.7099   3.711395    35.1190       1723     7.1750  0.000e+00
    277.449     8.7044   3.711254    35.1229       1724     7.1792  0.000e+00
    277.648     8.6995   3.709989    35.1143       1725     7.1833  0.000e+00
    277.840     8.6934   3.708830    35.1080       1726     7.1875  0.000e+00
    278.021     8.6855   3.707648    35.1033       1727     7.1917  0.000e+00
    278.197     8.6760   3.705978    35.0949       1728     7.1958  0.000e+00
    278.365     8.6641   3.703667    35.0823       1729     7.2000  0.000e+00
    278.519     8.6487   3.700546    35.0645       1730     7.2042  0.000e+00
    278.667     8.6297   3.698424    35.0608       1731     7.2083  0.000e+00
    278.807     8.6091   3.697250    35.0687       1732     7.2125  0.000e+00
    278.959     8.5904   3.694283    35.0559       1733     7.2167  0.000e+00
    279.121     8.5701   3.691611    35.0476       1734     7.2208  0.000e+00
    279.286     8.5469   3.691224    35.0664       1735     7.2250  0.000e+00
    279.464     8.5268   3.690168    35.0751       1736     7.2292  0.000e+00
    279.647     8.5106   3.689851    35.0877       1737     7.2333  0.000e+00
    279.855     8.4981   3.689006    35.0911       1738     7.2375  0.000e+00
    280.068     8.4877   3.688120    35.0919       1739     7.2417  0.000e+00
    280.298     8.4783   3.686905    35.0883       1740     7.2458  0.000e+00
    280.526     8.4679   3.685520    35.0838       1741     7.2500  0.000e+00
    280.765     8.4565   3.683977    35.0786       1742     7.2542  0.000e+00
    280.999     8.4436   3.683150    35.0826       1743     7.2583  0.000e+00
    281.236     8.4313   3.682013    35.0826       1744     7.2625  0.000e+00
    281.462     8.4198   3.681057    35.0838       1745     7.2667  0.000e+00
    281.687     8.4085   3.680635    35.0904       1746     7.2708  0.000e+00
    281.904     8.3995   3.680207    35.0948       1747     7.2750  0.000e+00
    282.118     8.3918   3.679621    35.0960       1748     7.2792  0.000e+00
    282.333     8.3849   3.679486    35.1013       1749     7.2833  0.000e+00
    282.543     8.3796   3.679005    35.1014       1750     7.2875  0.000e+00
    282.757     8.3749   3.678524    35.1009       1751     7.2917  0.000e+00
    282.972     8.3704   3.678302    35.1029       1752     7.2958  0.000e+00
    283.182     8.3661   3.678302    35.1071       1753     7.3000  0.000e+00
    283.408     8.3632   3.678032    35.1070       1754     7.3042  0.000e+00
    283.636     8.3607   3.677516    35.1039       1755     7.3083  0.000e+00
    283.866     8.3574   3.677440    35.1063       1756     7.3125  0.000e+00
    284.098     8.3545   3.677399    35.1086       1757     7.3167  0.000e+00
    284.332     8.3524   3.677265    35.1092       1758     7.3208  0.000e+00
    284.565     8.3508   3.677206    35.1100       1759     7.3250  0.000e+00
    284.801     8.3492   3.677447    35.1141       1760     7.3292  0.000e+00
    285.021     8.3487   3.677670    35.1168       1761     7.3333  0.000e+00
    285.248     8.3490   3.677933    35.1192       1762     7.3375  0.000e+00
    285.461     8.3500   3.678033    35.1191       1763     7.3417  0.000e+00
    285.675     8.3513   3.678074    35.1182       1764     7.3458  0.000e+00
    285.874     8.3522   3.678174    35.1182       1765     7.3500  0.000e+00
    286.062     8.3530   3.678186    35.1175       1766     7.3542  0.000e+00
    286.242     8.3537   3.678280    35.1177       1767     7.3583  0.000e+00
    286.417     8.3544   3.678368    35.1179       1768     7.3625  0.000e+00
    286.587     8.3552   3.678438    35.1178       1769     7.3667  0.000e+00
    286.743     8.3562   3.678209    35.1143       1770     7.3708  0.000e+00
    286.897     8.3560   3.678086    35.1131       1771     7.3750  0.000e+00
    287.051     8.3554   3.678051    35.1132       1772     7.3792  0.000e+00
    287.208     8.3547   3.678145    35.1148       1773     7.3833  0.000e+00
    287.373     8.3545   3.678063    35.1140       1774     7.3875  0.000e+00
    287.542     8.3542   3.678368    35.1175       1775     7.3917  0.000e+00
    287.715     8.3546   3.678837    35.1220       1776     7.3958  0.000e+00
    287.909     8.3562   3.679007    35.1222       1777     7.4000  0.000e+00
    288.112     8.3580   3.679154    35.1218       1778     7.4042  0.000e+00
    288.322     8.3598   3.679265    35.1211       1779     7.4083  0.000e+00
    288.528     8.3614   3.679394    35.1208       1780     7.4125  0.000e+00
    288.738     8.3627   3.679447    35.1200       1781     7.4167  0.000e+00
    288.944     8.3639   3.679424    35.1185       1782     7.4208  0.000e+00
    289.156     8.3645   3.679524    35.1188       1783     7.4250  0.000e+00
    289.361     8.3651   3.679623    35.1191       1784     7.4292  0.000e+00
    289.551     8.3657   3.679606    35.1183       1785     7.4333  0.000e+00
    289.736     8.3663   3.679676    35.1183       1786     7.4375  0.000e+00
    289.915     8.3667   3.679852    35.1197       1787     7.4417  0.000e+00
    290.094     8.3674   3.679940    35.1199       1788     7.4458  0.000e+00
    290.275     8.3682   3.680064    35.1203       1789     7.4500  0.000e+00
    290.453     8.3692   3.680075    35.1193       1790     7.4542  0.000e+00
    290.630     8.3700   3.680075    35.1185       1791     7.4583  0.000e+00
    290.817     8.3704   3.680105    35.1183       1792     7.4625  0.000e+00
    291.016     8.3708   3.680210    35.1189       1793     7.4667  0.000e+00
    291.228     8.3714   3.680369    35.1199       1794     7.4708  0.000e+00
    291.448     8.3722   3.680404    35.1194       1795     7.4750  0.000e+00
    291.682     8.3728   3.680527    35.1200       1796     7.4792  0.000e+00
    291.932     8.3737   3.680527    35.1189       1797     7.4833  0.000e+00
    292.191     8.3742   3.680404    35.1170       1798     7.4875  0.000e+00
    292.453     8.3742   3.680369    35.1165       1799     7.4917  0.000e+00
    292.718     8.3739   3.680393    35.1169       1800     7.4958  0.000e+00
    292.995     8.3736   3.680340    35.1165       1801     7.5000  0.000e+00
    293.270     8.3733   3.680258    35.1158       1802     7.5042  0.000e+00
    293.540     8.3729   3.680235    35.1159       1803     7.5083  0.000e+00
    293.800     8.3724   3.680129    35.1152       1804     7.5125  0.000e+00
    294.052     8.3716   3.680006    35.1145       1805     7.5167  0.000e+00
    294.287     8.3706   3.680006    35.1154       1806     7.5208  0.000e+00
    294.510     8.3698   3.679913    35.1151       1807     7.5250  0.000e+00
    294.720     8.3690   3.680006    35.1168       1808     7.5292  0.000e+00
    294.901     8.3684   3.680007    35.1172       1809     7.5333  0.000e+00
    295.075     8.3683   3.680083    35.1181       1810     7.5375  0.000e+00
    295.232     8.3684   3.680142    35.1185       1811     7.5417  0.000e+00
    295.386     8.3686   3.680007    35.1169       1812     7.5458  0.000e+00
    295.527     8.3686   3.679977    35.1165       1813     7.5500  0.000e+00
    295.659     8.3681   3.680054    35.1178       1814     7.5542  0.000e+00
    295.793     8.3679   3.680077    35.1181       1815     7.5583  0.000e+00
    295.929     8.3679   3.679913    35.1163       1816     7.5625  0.000e+00
    296.068     8.3676   3.679743    35.1148       1817     7.5667  0.000e+00
    296.208     8.3666   3.679784    35.1161       1818     7.5708  0.000e+00
    296.362     8.3659   3.679831    35.1172       1819     7.5750  0.000e+00
    296.521     8.3657   3.679919    35.1183       1820     7.5792  0.000e+00
    296.691     8.3656   3.679919    35.1183       1821     7.5833  0.000e+00
    296.871     8.3659   3.679872    35.1174       1822     7.5875  0.000e+00
    297.066     8.3657   3.679966    35.1185       1823     7.5917  0.000e+00
    297.272     8.3658   3.679943    35.1180       1824     7.5958  0.000e+00
    297.481     8.3659   3.679978    35.1183       1825     7.6000  0.000e+00
    297.691     8.3658   3.679920    35.1176       1826     7.6042  0.000e+00
    297.910     8.3657   3.679873    35.1171       1827     7.6083  0.000e+00
    298.131     8.3654   3.679890    35.1175       1828     7.6125  0.000e+00
    298.362     8.3652   3.679855    35.1172       1829     7.6167  0.000e+00
    298.583     8.3650   3.679809    35.1168       1830     7.6208  0.000e+00
    298.799     8.3646   3.679809    35.1171       1831     7.6250  0.000e+00
    299.018     8.3643   3.679762    35.1168       1832     7.6292  0.000e+00
    299.241     8.3639   3.679744    35.1169       1833     7.6333  0.000e+00
    299.461     8.3634   3.679357    35.1132       1834     7.6375  0.000e+00
    299.675     8.3620   3.678865    35.1092       1835     7.6417  0.000e+00
    299.898     8.3594   3.677071    35.0926       1836     7.6458  0.000e+00
    300.106     8.3527   3.674293    35.0696       1837     7.6500  0.000e+00
    300.321     8.3397   3.668739    35.0234       1838     7.6542  0.000e+00
    300.532     8.3148   3.663867    34.9962       1839     7.6583  0.000e+00
    300.734     8.2786   3.661351    35.0053       1840     7.6625  0.000e+00
    300.943     8.2438   3.660029    35.0257       1841     7.6667  0.000e+00
    301.145     8.2147   3.657929    35.0321       1842     7.6708  0.000e+00
    301.348     8.1895   3.655765    35.0340       1843     7.6750  0.000e+00
    301.551     8.1656   3.653028    35.0285       1844     7.6792  0.000e+00
    301.754     8.1401   3.650784    35.0299       1845     7.6833  0.000e+00
    301.951     8.1157   3.648873    35.0337       1846     7.6875  0.000e+00
    302.156     8.0924   3.646851    35.0351       1847     7.6917  0.000e+00
    302.357     8.0700   3.645496    35.0429       1848     7.6958  0.000e+00
    302.563     8.0499   3.643411    35.0405       1849     7.7000  0.000e+00
    302.773     8.0303   3.641834    35.0431       1850     7.7042  0.000e+00
    302.985     8.0113   3.641017    35.0533       1851     7.7083  0.000e+00
    303.195     7.9953   3.640416    35.0627       1852     7.7125  0.000e+00
    303.414     7.9828   3.639622    35.0665       1853     7.7167  0.000e+00
    303.635     7.9724   3.638735    35.0673       1854     7.7208  0.000e+00
    303.852     7.9623   3.638023    35.0697       1855     7.7250  0.000e+00
    304.069     7.9527   3.637562    35.0742       1856     7.7292  0.000e+00
