HB2304/sbe029.cnv
* Sea-Bird SBE 19plus V2 Data File:
* FileName = C:\cruise\data\sbe029.hex
* Software Version Seasave V 7.26.7.121
* Temperature SN = 7037
* Conductivity SN = 7037
* System UpLoad Time = Sep 21 2023 04:53:43
** Ship: Bigelow
** Cruise:  HB2304
** Program:  Fall Bottom Trawl
# nquan = 7
# nvalues = 649                                   
# units = specified
# name 0 = depSM: Depth [salt water, m], lat = 40.00
# name 1 = tv290C: Temperature [ITS-90, deg C]
# name 2 = c0S/m: Conductivity [S/m]
# name 3 = sal00: Salinity, Practical [PSU]
# name 4 = scan: Scan Count
# name 5 = timeM: Time, Elapsed [minutes]
# name 6 = flag:  0.000e+00
# span 0 =      0.057,     14.733                 
# span 1 =    24.2780,    24.4213                 
# span 2 =   0.625987,   4.813000                 
# span 3 =     3.4562,    31.8254                 
# span 4 =         11,        659                 
# span 5 =     0.0417,     2.7417                 
# span 6 = 0.0000e+00, 0.0000e+00                 
# interval = seconds: 0.25
# start_time = Sep 21 2023 04:53:43 [System UTC, header]
# bad_flag = -9.990e-29
*END*
[from data line 616]
      4.378    24.3450   4.667917    30.7511        627     2.6083  0.000e+00
      4.127    24.3447   4.667917    30.7513        628     2.6125  0.000e+00
      3.878    24.3447   4.667968    30.7517        629     2.6167  0.000e+00
      3.643    24.3450   4.667781    30.7503        630     2.6208  0.000e+00
      3.419    24.3446   4.667703    30.7500        631     2.6250  0.000e+00
      3.195    24.3441   4.667308    30.7475        632     2.6292  0.000e+00
      2.962    24.3425   4.667017    30.7465        633     2.6333  0.000e+00
      2.736    24.3402   4.667043    30.7484        634     2.6375  0.000e+00
      2.533    24.3388   4.667256    30.7510        635     2.6417  0.000e+00
      2.334    24.3390   4.667411    30.7520        636     2.6458  0.000e+00
      2.127    24.3396   4.667256    30.7505        637     2.6500  0.000e+00
      1.901    24.3402   4.667411    30.7513        638     2.6542  0.000e+00
      1.680    24.3405   4.667560    30.7523        639     2.6583  0.000e+00
      1.472    24.3419   4.667780    30.7530        640     2.6625  0.000e+00
      1.268    24.3434   4.667831    30.7524        641     2.6667  0.000e+00
      1.061    24.3447   4.667488    30.7490        642     2.6708  0.000e+00
      0.853    24.3446   4.666938    30.7451        643     2.6750  0.000e+00
      0.616    24.3423   4.665993    30.7398        644     2.6792  0.000e+00
      0.497    24.3367   4.665566    30.7405        645     2.6833  0.000e+00
      0.464    24.3309   4.665618    30.7449        646     2.6875  0.000e+00
      0.482    24.3272   4.666330    30.7526        647     2.6917  0.000e+00
      0.502    24.3273   4.666654    30.7549        648     2.6958  0.000e+00
      0.499    24.3296   4.666485    30.7522        649     2.7000  0.000e+00
      0.455    24.3307   4.666304    30.7501        650     2.7042  0.000e+00
      0.407    24.3301   4.665275    30.7429        651     2.7083  0.000e+00
      0.396    24.3262   4.665379    30.7464        652     2.7125  0.000e+00
      0.419    24.3234   4.666019    30.7530        653     2.7167  0.000e+00
      0.434    24.3238   4.666304    30.7548        654     2.7208  0.000e+00
      0.430    24.3260   4.666252    30.7530        655     2.7250  0.000e+00
      0.416    24.3272   4.666278    30.7523        656     2.7292  0.000e+00
      0.428    24.3280   4.666129    30.7507        657     2.7333  0.000e+00
      0.464    24.3283   4.666252    30.7513        658     2.7375  0.000e+00
      0.491    24.3284   4.666485    30.7530        659     2.7417  0.000e+00
