HB2304/sbe089.cnv
* Sea-Bird SBE 19plus V2 Data File:
* FileName = C:\cruise\data\sbe089.hex
* Software Version Seasave V 7.26.7.121
* Temperature SN = 7037
* Conductivity SN = 7037
* System UpLoad Time = Oct 20 2023 13:20:24
** Ship: Bigelow
** Cruise:  HB2304
** Program:  Fall Bottom Trawl
# nquan = 7
# nvalues = 1187                                  
# units = specified
# name 0 = depSM: Depth [salt water, m], lat = 40.00
# name 1 = tv290C: Temperature [ITS-90, deg C]
# name 2 = c0S/m: Conductivity [S/m]
# name 3 = sal00: Salinity, Practical [PSU]
# name 4 = scan: Scan Count
# name 5 = timeM: Time, Elapsed [minutes]
# name 6 = flag:  0.000e+00
# span 0 =     -0.029,     52.890                 
# span 1 =    14.2521,    16.0415                 
# span 2 =  -0.000023,   4.009446                 
# span 3 =     0.0000,    32.3128                 
# span 4 =         11,       1197                 
# span 5 =     0.0417,     4.9833                 
# span 6 = 0.0000e+00, 0.0000e+00                 
# interval = seconds: 0.25
# start_time = Oct 20 2023 13:20:24 [System UTC, header]
# bad_flag = -9.990e-29
*END*
[from data line 616]
     38.003    14.4970   3.938253    32.1963        627     2.6083  0.000e+00
     37.904    14.4991   3.938253    32.1946        628     2.6125  0.000e+00
     37.817    14.5004   3.938531    32.1961        629     2.6167  0.000e+00
     37.739    14.5023   3.938482    32.1941        630     2.6208  0.000e+00
     37.669    14.5032   3.938434    32.1929        631     2.6250  0.000e+00
     37.608    14.5037   3.938133    32.1897        632     2.6292  0.000e+00
     37.543    14.5031   3.938084    32.1898        633     2.6333  0.000e+00
     37.479    14.5024   3.938157    32.1912        634     2.6375  0.000e+00
     37.402    14.5021   3.938832    32.1975        635     2.6417  0.000e+00
     37.331    14.5037   3.938717    32.1952        636     2.6458  0.000e+00
     37.248    14.5055   3.939043    32.1967        637     2.6500  0.000e+00
     37.163    14.5078   3.939254    32.1968        638     2.6542  0.000e+00
     37.065    14.5100   3.939441    32.1966        639     2.6583  0.000e+00
     36.959    14.5124   3.939844    32.1984        640     2.6625  0.000e+00
     36.852    14.5152   3.940303    32.2003        641     2.6667  0.000e+00
     36.738    14.5191   3.940719    32.2009        642     2.6708  0.000e+00
     36.623    14.5235   3.940791    32.1979        643     2.6750  0.000e+00
     36.509    14.5269   3.941002    32.1971        644     2.6792  0.000e+00
     36.389    14.5298   3.941906    32.2029        645     2.6833  0.000e+00
     36.279    14.5347   3.942214    32.2017        646     2.6875  0.000e+00
     36.167    14.5401   3.942587    32.2007        647     2.6917  0.000e+00
     36.064    14.5449   3.942961    32.2001        648     2.6958  0.000e+00
     35.957    14.5496   3.942979    32.1964        649     2.7000  0.000e+00
     35.905    14.5532   3.943100    32.1946        650     2.7042  0.000e+00
     35.869    14.5558   3.943329    32.1945        651     2.7083  0.000e+00
     35.869    14.5583   3.943329    32.1925        652     2.7125  0.000e+00
     35.892    14.5601   3.943474    32.1923        653     2.7167  0.000e+00
     35.916    14.5617   3.943474    32.1909        654     2.7208  0.000e+00
     35.930    14.5628   3.943450    32.1898        655     2.7250  0.000e+00
     35.938    14.5636   3.943425    32.1889        656     2.7292  0.000e+00
     35.950    14.5637   3.943401    32.1886        657     2.7333  0.000e+00
     35.959    14.5636   3.943329    32.1880        658     2.7375  0.000e+00
     35.965    14.5635   3.943287    32.1877        659     2.7417  0.000e+00
     35.956    14.5631   3.943238    32.1876        660     2.7458  0.000e+00
     35.943    14.5626   3.943124    32.1870        661     2.7500  0.000e+00
     35.920    14.5620   3.943027    32.1866        662     2.7542  0.000e+00
     35.896    14.5610   3.943051    32.1877        663     2.7583  0.000e+00
     35.869    14.5605   3.943051    32.1881        664     2.7625  0.000e+00
     35.835    14.5602   3.943100    32.1888        665     2.7667  0.000e+00
     35.795    14.5601   3.943214    32.1899        666     2.7708  0.000e+00
     35.753    14.5604   3.943498    32.1923        667     2.7750  0.000e+00
     35.705    14.5617   3.943425    32.1906        668     2.7792  0.000e+00
     35.654    14.5628   3.943516    32.1905        669     2.7833  0.000e+00
     35.598    14.5638   3.943962    32.1938        670     2.7875  0.000e+00
     35.538    14.5656   3.944239    32.1948        671     2.7917  0.000e+00
     35.480    14.5686   3.944402    32.1939        672     2.7958  0.000e+00
     35.417    14.5709   3.944613    32.1938        673     2.8000  0.000e+00
     35.370    14.5734   3.944800    32.1935        674     2.8042  0.000e+00
     35.332    14.5759   3.944849    32.1919        675     2.8083  0.000e+00
     35.301    14.5779   3.944987    32.1915        676     2.8125  0.000e+00
     35.273    14.5793   3.945011    32.1906        677     2.8167  0.000e+00
     35.245    14.5805   3.945060    32.1900        678     2.8208  0.000e+00
     35.222    14.5817   3.945102    32.1894        679     2.8250  0.000e+00
     35.200    14.5824   3.945150    32.1893        680     2.8292  0.000e+00
     35.175    14.5832   3.945174    32.1888        681     2.8333  0.000e+00
     35.142    14.5837   3.945150    32.1882        682     2.8375  0.000e+00
     35.103    14.5841   3.945150    32.1879        683     2.8417  0.000e+00
     35.059    14.5843   3.945361    32.1896        684     2.8458  0.000e+00
     35.003    14.5851   3.945663    32.1918        685     2.8500  0.000e+00
     34.949    14.5869   3.945759    32.1912        686     2.8542  0.000e+00
     34.891    14.5888   3.945807    32.1901        687     2.8583  0.000e+00
     34.822    14.5901   3.945898    32.1899        688     2.8625  0.000e+00
     34.759    14.5914   3.946272    32.1922        689     2.8667  0.000e+00
     34.694    14.5934   3.946622    32.1937        690     2.8708  0.000e+00
     34.631    14.5962   3.946760    32.1927        691     2.8750  0.000e+00
     34.562    14.5988   3.946947    32.1922        692     2.8792  0.000e+00
     34.499    14.6012   3.946947    32.1903        693     2.8833  0.000e+00
     34.432    14.6030   3.947110    32.1903        694     2.8875  0.000e+00
     34.367    14.6048   3.947231    32.1900        695     2.8917  0.000e+00
     34.309    14.6061   3.947442    32.1908        696     2.8958  0.000e+00
     34.255    14.6081   3.947695    32.1915        697     2.9000  0.000e+00
     34.206    14.6105   3.947792    32.1904        698     2.9042  0.000e+00
     34.159    14.6124   3.947816    32.1890        699     2.9083  0.000e+00
     34.109    14.6140   3.947906    32.1886        700     2.9125  0.000e+00
     34.063    14.6151   3.947955    32.1881        701     2.9167  0.000e+00
     34.011    14.6162   3.948003    32.1877        702     2.9208  0.000e+00
     33.964    14.6172   3.948045    32.1873        703     2.9250  0.000e+00
     33.904    14.6179   3.948208    32.1882        704     2.9292  0.000e+00
     33.845    14.6188   3.948341    32.1887        705     2.9333  0.000e+00
     33.789    14.6202   3.948419    32.1882        706     2.9375  0.000e+00
     33.725    14.6214   3.948492    32.1879        707     2.9417  0.000e+00
     33.660    14.6224   3.948558    32.1877        708     2.9458  0.000e+00
     33.599    14.6233   3.948654    32.1879        709     2.9500  0.000e+00
     33.530    14.6243   3.948769    32.1881        710     2.9542  0.000e+00
     33.460    14.6255   3.948956    32.1888        711     2.9583  0.000e+00
     33.393    14.6267   3.949143    32.1895        712     2.9625  0.000e+00
     33.322    14.6286   3.949215    32.1887        713     2.9667  0.000e+00
     33.248    14.6303   3.949143    32.1866        714     2.9708  0.000e+00
     33.171    14.6319   3.949427    32.1879        715     2.9750  0.000e+00
     33.091    14.6332   3.949638    32.1888        716     2.9792  0.000e+00
     33.004    14.6348   3.949843    32.1893        717     2.9833  0.000e+00
     32.912    14.6369   3.950054    32.1896        718     2.9875  0.000e+00
     32.822    14.6389   3.950151    32.1888        719     2.9917  0.000e+00
     32.721    14.6407   3.950241    32.1882        720     2.9958  0.000e+00
     32.625    14.6424   3.950386    32.1881        721     3.0000  0.000e+00
     32.527    14.6440   3.950826    32.1909        722     3.0042  0.000e+00
     32.428    14.6467   3.951134    32.1915        723     3.0083  0.000e+00
     32.334    14.6497   3.951176    32.1894        724     3.0125  0.000e+00
     32.249    14.6522   3.951200    32.1876        725     3.0167  0.000e+00
     32.155    14.6540   3.951297    32.1870        726     3.0208  0.000e+00
     32.077    14.6553   3.951460    32.1874        727     3.0250  0.000e+00
     32.008    14.6570   3.951484    32.1863        728     3.0292  0.000e+00
     31.938    14.6583   3.951484    32.1852        729     3.0333  0.000e+00
     31.877    14.6589   3.951526    32.1851        730     3.0375  0.000e+00
     31.819    14.6594   3.951599    32.1853        731     3.0417  0.000e+00
     31.768    14.6602   3.951623    32.1849        732     3.0458  0.000e+00
     31.712    14.6608   3.951737    32.1855        733     3.0500  0.000e+00
     31.660    14.6617   3.951834    32.1856        734     3.0542  0.000e+00
     31.605    14.6626   3.951858    32.1852        735     3.0583  0.000e+00
     31.551    14.6633   3.951882    32.1849        736     3.0625  0.000e+00
     31.501    14.6639   3.951973    32.1852        737     3.0667  0.000e+00
     31.448    14.6648   3.952033    32.1850        738     3.0708  0.000e+00
     31.398    14.6654   3.952256    32.1865        739     3.0750  0.000e+00
     31.349    14.6667   3.952347    32.1863        740     3.0792  0.000e+00
     31.300    14.6682   3.952510    32.1866        741     3.0833  0.000e+00
     31.249    14.6695   3.952745    32.1876        742     3.0875  0.000e+00
     31.204    14.6713   3.952697    32.1857        743     3.0917  0.000e+00
     31.155    14.6728   3.952794    32.1854        744     3.0958  0.000e+00
     31.108    14.6738   3.953071    32.1871        745     3.1000  0.000e+00
     31.061    14.6755   3.953307    32.1878        746     3.1042  0.000e+00
     31.005    14.6777   3.953307    32.1860        747     3.1083  0.000e+00
     30.958    14.6794   3.953470    32.1861        748     3.1125  0.000e+00
     30.901    14.6810   3.953470    32.1848        749     3.1167  0.000e+00
     30.843    14.6822   3.953494    32.1841        750     3.1208  0.000e+00
     30.772    14.6829   3.953705    32.1854        751     3.1250  0.000e+00
     30.702    14.6840   3.953892    32.1863        752     3.1292  0.000e+00
     30.620    14.6859   3.953940    32.1851        753     3.1333  0.000e+00
     30.526    14.6873   3.954170    32.1861        754     3.1375  0.000e+00
     30.427    14.6890   3.954713    32.1897        755     3.1417  0.000e+00
     30.311    14.6922   3.954804    32.1879        756     3.1458  0.000e+00
     30.190    14.6950   3.954900    32.1865        757     3.1500  0.000e+00
     30.060    14.6972   3.955299    32.1884        758     3.1542  0.000e+00
     29.932    14.7001   3.955413    32.1870        759     3.1583  0.000e+00
     29.800    14.7028   3.955625    32.1868        760     3.1625  0.000e+00
     29.675    14.7051   3.955691    32.1855        761     3.1667  0.000e+00
     29.549    14.7071   3.955691    32.1839        762     3.1708  0.000e+00
     29.438    14.7086   3.955781    32.1835        763     3.1750  0.000e+00
     29.339    14.7097   3.955811    32.1830        764     3.1792  0.000e+00
     29.258    14.7105   3.955902    32.1831        765     3.1833  0.000e+00
     29.184    14.7114   3.955926    32.1826        766     3.1875  0.000e+00
     29.128    14.7123   3.955902    32.1816        767     3.1917  0.000e+00
     29.077    14.7127   3.955926    32.1816        768     3.1958  0.000e+00
     29.039    14.7132   3.955999    32.1818        769     3.2000  0.000e+00
     28.997    14.7136   3.956071    32.1821        770     3.2042  0.000e+00
     28.967    14.7143   3.956047    32.1814        771     3.2083  0.000e+00
     28.936    14.7145   3.956137    32.1821        772     3.2125  0.000e+00
     28.894    14.7150   3.956234    32.1825        773     3.2167  0.000e+00
     28.842    14.7159   3.956161    32.1812        774     3.2208  0.000e+00
     28.791    14.7161   3.956234    32.1817        775     3.2250  0.000e+00
     28.728    14.7165   3.956463    32.1835        776     3.2292  0.000e+00
     28.659    14.7176   3.956463    32.1826        777     3.2333  0.000e+00
     28.584    14.7187   3.956723    32.1840        778     3.2375  0.000e+00
     28.497    14.7202   3.956771    32.1833        779     3.2417  0.000e+00
     28.399    14.7215   3.956844    32.1829        780     3.2458  0.000e+00
     28.302    14.7225   3.956819    32.1819        781     3.2500  0.000e+00
     28.191    14.7232   3.957007    32.1830        782     3.2542  0.000e+00
     28.081    14.7242   3.957357    32.1854        783     3.2583  0.000e+00
     27.967    14.7264   3.957429    32.1843        784     3.2625  0.000e+00
     27.848    14.7281   3.957550    32.1841        785     3.2667  0.000e+00
     27.741    14.7298   3.957755    32.1845        786     3.2708  0.000e+00
     27.629    14.7317   3.957755    32.1830        787     3.2750  0.000e+00
     27.521    14.7333   3.957918    32.1832        788     3.2792  0.000e+00
     27.423    14.7346   3.958015    32.1831        789     3.2833  0.000e+00
     27.329    14.7360   3.958130    32.1830        790     3.2875  0.000e+00
     27.241    14.7374   3.958154    32.1820        791     3.2917  0.000e+00
     27.161    14.7387   3.958341    32.1827        792     3.2958  0.000e+00
     27.093    14.7399   3.958667    32.1847        793     3.3000  0.000e+00
     27.027    14.7421   3.958619    32.1825        794     3.3042  0.000e+00
     26.979    14.7438   3.958643    32.1813        795     3.3083  0.000e+00
     26.946    14.7449   3.958691    32.1809        796     3.3125  0.000e+00
     26.917    14.7455   3.958764    32.1810        797     3.3167  0.000e+00
     26.888    14.7462   3.958806    32.1808        798     3.3208  0.000e+00
     26.870    14.7470   3.958854    32.1806        799     3.3250  0.000e+00
     26.856    14.7478   3.958764    32.1792        800     3.3292  0.000e+00
     26.836    14.7478   3.958788    32.1793        801     3.3333  0.000e+00
     26.818    14.7478   3.958806    32.1796        802     3.3375  0.000e+00
     26.791    14.7479   3.958806    32.1794        803     3.3417  0.000e+00
     26.747    14.7481   3.958806    32.1793        804     3.3458  0.000e+00
     26.702    14.7483   3.958878    32.1798        805     3.3500  0.000e+00
     26.643    14.7484   3.959114    32.1819        806     3.3542  0.000e+00
     26.570    14.7495   3.959229    32.1820        807     3.3583  0.000e+00
     26.487    14.7508   3.959301    32.1816        808     3.3625  0.000e+00
     26.389    14.7520   3.959392    32.1815        809     3.3667  0.000e+00
     26.268    14.7531   3.959512    32.1817        810     3.3708  0.000e+00
     26.142    14.7544   3.959488    32.1805        811     3.3750  0.000e+00
     25.999    14.7554   3.959536    32.1801        812     3.3792  0.000e+00
     25.853    14.7559   3.959700    32.1813        813     3.3833  0.000e+00
     25.701    14.7571   3.960074    32.1837        814     3.3875  0.000e+00
     25.549    14.7590   3.960237    32.1837        815     3.3917  0.000e+00
     25.399    14.7613   3.960237    32.1819        816     3.3958  0.000e+00
     25.260    14.7629   3.960261    32.1808        817     3.4000  0.000e+00
     25.128    14.7641   3.960545    32.1824        818     3.4042  0.000e+00
     25.005    14.7657   3.960660    32.1822        819     3.4083  0.000e+00
     24.902    14.7674   3.960756    32.1817        820     3.4125  0.000e+00
     24.817    14.7690   3.960708    32.1800        821     3.4167  0.000e+00
     24.747    14.7700   3.960732    32.1794        822     3.4208  0.000e+00
     24.691    14.7706   3.960732    32.1790        823     3.4250  0.000e+00
     24.653    14.7709   3.960762    32.1789        824     3.4292  0.000e+00
     24.615    14.7714   3.960847    32.1793        825     3.4333  0.000e+00
     24.591    14.7720   3.960847    32.1788        826     3.4375  0.000e+00
     24.564    14.7725   3.960895    32.1789        827     3.4417  0.000e+00
     24.541    14.7729   3.960919    32.1788        828     3.4458  0.000e+00
     24.508    14.7734   3.960943    32.1786        829     3.4500  0.000e+00
     24.468    14.7737   3.960919    32.1782        830     3.4542  0.000e+00
