HB2304/sbe005.cnv
* Sea-Bird SBE 19plus V2 Data File:
* FileName = C:\cruise\data\sbe005.hex
* Software Version Seasave V 7.26.7.121
* Temperature SN = 7037
* Conductivity SN = 7037
* System UpLoad Time = Sep 11 2023 23:34:54
** Ship: Bigelow
** Cruise:  HB2304
** Program:  Fall Bottom Trawl
# nquan = 7
# nvalues = 2445                                  
# units = specified
# name 0 = depSM: Depth [salt water, m], lat = 40.00
# name 1 = tv290C: Temperature [ITS-90, deg C]
# name 2 = c0S/m: Conductivity [S/m]
# name 3 = sal00: Salinity, Practical [PSU]
# name 4 = scan: Scan Count
# name 5 = timeM: Time, Elapsed [minutes]
# name 6 = flag:  0.000e+00
# span 0 =     -0.054,    108.007                 
# span 1 =    13.8094,    26.3853                 
# span 2 =  -0.000127,   5.308306                 
# span 3 =     0.0000,    35.7624                 
# span 4 =         11,       2455                 
# span 5 =     0.0417,    10.2250                 
# span 6 = 0.0000e+00, 0.0000e+00                 
# interval = seconds: 0.25
# start_time = Sep 11 2023 23:34:54 [System UTC, header]
# bad_flag = -9.990e-29
*END*
[from data line 1436]
     63.588    14.4352   4.256716    35.1620       1447     6.0250  0.000e+00
     63.503    14.4820   4.259417    35.1445       1448     6.0292  0.000e+00
     63.420    14.5202   4.260519    35.1201       1449     6.0333  0.000e+00
     63.331    14.5487   4.264162    35.1278       1450     6.0375  0.000e+00
     63.252    14.5764   4.264548    35.1063       1451     6.0417  0.000e+00
     63.179    14.5969   4.264080    35.0835       1452     6.0458  0.000e+00
     63.109    14.6088   4.263962    35.0717       1453     6.0500  0.000e+00
     63.044    14.6162   4.264354    35.0687       1454     6.0542  0.000e+00
     62.984    14.6218   4.264491    35.0649       1455     6.0583  0.000e+00
     62.935    14.6263   4.265114    35.0665       1456     6.0625  0.000e+00
     62.884    14.6308   4.266073    35.0713       1457     6.0667  0.000e+00
     62.836    14.6370   4.266865    35.0730       1458     6.0708  0.000e+00
     62.790    14.6437   4.267132    35.0695       1459     6.0750  0.000e+00
     62.754    14.6490   4.267139    35.0647       1460     6.0792  0.000e+00
     62.714    14.6526   4.267157    35.0616       1461     6.0833  0.000e+00
     62.675    14.6546   4.267450    35.0625       1462     6.0875  0.000e+00
     62.638    14.6571   4.267500    35.0607       1463     6.0917  0.000e+00
     62.590    14.6591   4.267600    35.0599       1464     6.0958  0.000e+00
     62.542    14.6607   4.267450    35.0571       1465     6.1000  0.000e+00
     62.499    14.6616   4.267138    35.0535       1466     6.1042  0.000e+00
     62.448    14.6614   4.266565    35.0484       1467     6.1083  0.000e+00
     62.396    14.6605   4.266640    35.0499       1468     6.1125  0.000e+00
     62.334    14.6598   4.266665    35.0508       1469     6.1167  0.000e+00
     62.273    14.6594   4.266490    35.0495       1470     6.1208  0.000e+00
     62.211    14.6591   4.266185    35.0471       1471     6.1250  0.000e+00
     62.143    14.6581   4.265755    35.0440       1472     6.1292  0.000e+00
     62.078    14.6568   4.264895    35.0373       1473     6.1333  0.000e+00
     62.007    14.6547   4.264671    35.0372       1474     6.1375  0.000e+00
     61.938    14.6529   4.264403    35.0364       1475     6.1417  0.000e+00
     61.875    14.6514   4.264303    35.0368       1476     6.1458  0.000e+00
     61.815    14.6507   4.264310    35.0375       1477     6.1500  0.000e+00
     61.757    14.6510   4.264453    35.0386       1478     6.1542  0.000e+00
     61.701    14.6521   4.264571    35.0388       1479     6.1583  0.000e+00
     61.643    14.6538   4.264870    35.0400       1480     6.1625  0.000e+00
     61.593    14.6569   4.265605    35.0440       1481     6.1667  0.000e+00
     61.544    14.6613   4.265954    35.0433       1482     6.1708  0.000e+00
     61.492    14.6663   4.266222    35.0412       1483     6.1750  0.000e+00
     61.444    14.6704   4.266222    35.0375       1484     6.1792  0.000e+00
     61.381    14.6734   4.266272    35.0353       1485     6.1833  0.000e+00
     61.321    14.6753   4.266589    35.0365       1486     6.1875  0.000e+00
     61.264    14.6780   4.267138    35.0392       1487     6.1917  0.000e+00
     61.197    14.6819   4.267256    35.0368       1488     6.1958  0.000e+00
     61.119    14.6852   4.267399    35.0351       1489     6.2000  0.000e+00
     61.036    14.6876   4.267449    35.0334       1490     6.2042  0.000e+00
     60.956    14.6895   4.267006    35.0277       1491     6.2083  0.000e+00
     60.873    14.6899   4.264277    35.0023       1492     6.2125  0.000e+00
     60.781    14.6867   4.263567    34.9987       1493     6.2167  0.000e+00
     60.692    14.6829   4.261942    34.9873       1494     6.2208  0.000e+00
     60.603    14.6773   4.256369    34.9411       1495     6.2250  0.000e+00
     60.520    14.6636   4.255336    34.9440       1496     6.2292  0.000e+00
     60.439    14.6503   4.253936    34.9431       1497     6.2333  0.000e+00
     60.363    14.6386   4.252473    34.9402       1498     6.2375  0.000e+00
     60.301    14.6276   4.249574    34.9236       1499     6.2417  0.000e+00
     60.236    14.6143   4.246763    34.9097       1500     6.2458  0.000e+00
     60.182    14.5985   4.245687    34.9140       1501     6.2500  0.000e+00
     60.135    14.5850   4.245526    34.9247       1502     6.2542  0.000e+00
     60.088    14.5760   4.245197    34.9299       1503     6.2583  0.000e+00
     60.048    14.5695   4.245271    34.9364       1504     6.2625  0.000e+00
     60.012    14.5657   4.245147    34.9387       1505     6.2667  0.000e+00
     59.978    14.5631   4.244886    34.9386       1506     6.2708  0.000e+00
     59.938    14.5605   4.243238    34.9258       1507     6.2750  0.000e+00
     59.900    14.5558   4.241703    34.9159       1508     6.2792  0.000e+00
     59.855    14.5484   4.240652    34.9129       1509     6.2833  0.000e+00
     59.804    14.5410   4.239354    34.9077       1510     6.2875  0.000e+00
     59.748    14.5331   4.238378    34.9058       1511     6.2917  0.000e+00
     59.692    14.5252   4.238235    34.9117       1512     6.2958  0.000e+00
     59.630    14.5199   4.238304    34.9171       1513     6.3000  0.000e+00
     59.571    14.5166   4.238335    34.9204       1514     6.3042  0.000e+00
     59.504    14.5147   4.238279    34.9216       1515     6.3083  0.000e+00
     59.439    14.5137   4.238260    34.9224       1516     6.3125  0.000e+00
     59.377    14.5128   4.238186    34.9225       1517     6.3167  0.000e+00
     59.316    14.5120   4.238260    34.9239       1518     6.3208  0.000e+00
     59.260    14.5117   4.238235    34.9240       1519     6.3250  0.000e+00
     59.207    14.5116   4.238235    34.9241       1520     6.3292  0.000e+00
     59.156    14.5115   4.238186    34.9238       1521     6.3333  0.000e+00
     59.104    14.5112   4.238105    34.9233       1522     6.3375  0.000e+00
     59.055    14.5112   4.238161    34.9239       1523     6.3417  0.000e+00
     59.001    14.5108   4.238111    34.9238       1524     6.3458  0.000e+00
     58.950    14.5108   4.238061    34.9233       1525     6.3500  0.000e+00
     58.898    14.5104   4.237316    34.9168       1526     6.3542  0.000e+00
     58.838    14.5087   4.236893    34.9145       1527     6.3583  0.000e+00
     58.773    14.5062   4.236527    34.9135       1528     6.3625  0.000e+00
     58.710    14.5036   4.235918    34.9102       1529     6.3667  0.000e+00
     58.643    14.5005   4.234849    34.9032       1530     6.3708  0.000e+00
     58.569    14.4962   4.233011    34.8901       1531     6.3750  0.000e+00
     58.494    14.4890   4.230918    34.8774       1532     6.3792  0.000e+00
     58.422    14.4796   4.230018    34.8775       1533     6.3833  0.000e+00
     58.344    14.4709   4.229304    34.8788       1534     6.3875  0.000e+00
     58.274    14.4638   4.229186    34.8842       1535     6.3917  0.000e+00
     58.207    14.4588   4.229186    34.8887       1536     6.3958  0.000e+00
     58.145    14.4559   4.229050    34.8901       1537     6.4000  0.000e+00
     58.089    14.4536   4.228969    34.8914       1538     6.4042  0.000e+00
     58.033    14.4522   4.228801    34.8912       1539     6.4083  0.000e+00
     57.992    14.4505   4.225710    34.8642       1540     6.4125  0.000e+00
     57.946    14.4445   4.224326    34.8568       1541     6.4167  0.000e+00
     57.905    14.4355   4.223861    34.8607       1542     6.4208  0.000e+00
     57.856    14.4284   4.223445    34.8632       1543     6.4250  0.000e+00
     57.814    14.4230   4.222986    34.8639       1544     6.4292  0.000e+00
     57.769    14.4185   4.222149    34.8602       1545     6.4333  0.000e+00
     57.722    14.4138   4.221262    34.8563       1546     6.4375  0.000e+00
     57.670    14.4090   4.220704    34.8555       1547     6.4417  0.000e+00
     57.619    14.4045   4.220170    34.8546       1548     6.4458  0.000e+00
     57.563    14.4005   4.219804    34.8549       1549     6.4500  0.000e+00
     57.501    14.3975   4.219538    34.8551       1550     6.4542  0.000e+00
     57.442    14.3956   4.220728    34.8679       1551     6.4583  0.000e+00
     57.373    14.3985   4.221386    34.8714       1552     6.4625  0.000e+00
     57.304    14.4039   4.221578    34.8683       1553     6.4667  0.000e+00
     57.235    14.4083   4.221336    34.8621       1554     6.4708  0.000e+00
     57.165    14.4103   4.221311    34.8601       1555     6.4750  0.000e+00
     57.087    14.4114   4.221503    34.8610       1556     6.4792  0.000e+00
     57.017    14.4127   4.221795    34.8625       1557     6.4833  0.000e+00
     56.943    14.4150   4.221845    34.8609       1558     6.4875  0.000e+00
     56.868    14.4169   4.221677    34.8577       1559     6.4917  0.000e+00
     56.798    14.4182   4.221745    34.8571       1560     6.4958  0.000e+00
     56.724    14.4190   4.221714    34.8562       1561     6.5000  0.000e+00
     56.662    14.4195   4.221627    34.8550       1562     6.5042  0.000e+00
     56.601    14.4194   4.221770    34.8564       1563     6.5083  0.000e+00
     56.545    14.4198   4.221962    34.8578       1564     6.5125  0.000e+00
     56.490    14.4207   4.221993    34.8574       1565     6.5167  0.000e+00
     56.434    14.4215   4.221894    34.8557       1566     6.5208  0.000e+00
     56.387    14.4217   4.221894    34.8555       1567     6.5250  0.000e+00
     56.340    14.4218   4.222173    34.8581       1568     6.5292  0.000e+00
     56.293    14.4229   4.222862    34.8635       1569     6.5333  0.000e+00
     56.251    14.4257   4.223011    34.8624       1570     6.5375  0.000e+00
     56.210    14.4286   4.223135    34.8609       1571     6.5417  0.000e+00
     56.166    14.4308   4.223240    34.8599       1572     6.5458  0.000e+00
     56.123    14.4327   4.223277    34.8586       1573     6.5500  0.000e+00
     56.074    14.4338   4.223277    34.8576       1574     6.5542  0.000e+00
     56.020    14.4346   4.223339    34.8575       1575     6.5583  0.000e+00
     55.967    14.4349   4.222502    34.8494       1576     6.5625  0.000e+00
     55.911    14.4335   4.221602    34.8425       1577     6.5667  0.000e+00
     55.853    14.4299   4.221044    34.8405       1578     6.5708  0.000e+00
     55.796    14.4259   4.220498    34.8391       1579     6.5750  0.000e+00
     55.731    14.4213   4.215921    34.8011       1580     6.5792  0.000e+00
     55.665    14.4091   4.217180    34.8237       1581     6.5833  0.000e+00
     55.606    14.4001   4.214068    34.8031       1582     6.5875  0.000e+00
     55.541    14.3890   4.212307    34.7968       1583     6.5917  0.000e+00
     55.481    14.3760   4.211775    34.8036       1584     6.5958  0.000e+00
     55.423    14.3661   4.211037    34.8058       1585     6.6000  0.000e+00
     55.363    14.3580   4.210783    34.8108       1586     6.6042  0.000e+00
     55.309    14.3519   4.210684    34.8153       1587     6.6083  0.000e+00
     55.257    14.3481   4.210430    34.8165       1588     6.6125  0.000e+00
     55.202    14.3446   4.209352    34.8096       1589     6.6167  0.000e+00
     55.148    14.3406   4.208485    34.8053       1590     6.6208  0.000e+00
     55.094    14.3353   4.207754    34.8032       1591     6.6250  0.000e+00
     55.041    14.3299   4.206038    34.7923       1592     6.6292  0.000e+00
     54.989    14.3222   4.204273    34.7830       1593     6.6333  0.000e+00
     54.924    14.3126   4.204118    34.7901       1594     6.6375  0.000e+00
     54.871    14.3052   4.204496    34.8004       1595     6.6417  0.000e+00
     54.812    14.3018   4.204254    34.8012       1596     6.6458  0.000e+00
     54.756    14.2990   4.200917    34.7728       1597     6.6500  0.000e+00
     54.692    14.2896   4.197203    34.7470       1598     6.6542  0.000e+00
     54.633    14.2731   4.195390    34.7451       1599     6.6583  0.000e+00
     54.575    14.2573   4.194524    34.7513       1600     6.6625  0.000e+00
     54.520    14.2446   4.192576    34.7447       1601     6.6667  0.000e+00
     54.457    14.2322   4.191394    34.7449       1602     6.6708  0.000e+00
     54.403    14.2202   4.190003    34.7429       1603     6.6750  0.000e+00
     54.349    14.2088   4.186386    34.7197       1604     6.6792  0.000e+00
     54.300    14.1935   4.184853    34.7192       1605     6.6833  0.000e+00
     54.240    14.1793   4.185162    34.7349       1606     6.6875  0.000e+00
     54.179    14.1711   4.185620    34.7466       1607     6.6917  0.000e+00
     54.119    14.1679   4.185360    34.7471       1608     6.6958  0.000e+00
     54.054    14.1667   4.186170    34.7557       1609     6.7000  0.000e+00
     53.987    14.1686   4.186819    34.7600       1610     6.7042  0.000e+00
     53.916    14.1727   4.186739    34.7556       1611     6.7083  0.000e+00
     53.839    14.1753   4.184896    34.7362       1612     6.7125  0.000e+00
     53.761    14.1736   4.183802    34.7276       1613     6.7167  0.000e+00
     53.689    14.1686   4.180286    34.6995       1614     6.7208  0.000e+00
     53.609    14.1597   4.178896    34.6946       1615     6.7250  0.000e+00
     53.533    14.1506   4.178569    34.6998       1616     6.7292  0.000e+00
     53.462    14.1451   4.179230    34.7110       1617     6.7333  0.000e+00
     53.394    14.1451   4.179465    34.7132       1618     6.7375  0.000e+00
     53.330    14.1473   4.177000    34.6883       1619     6.7417  0.000e+00
     53.269    14.1452   4.172641    34.6499       1620     6.7458  0.000e+00
     53.211    14.1367   4.170789    34.6403       1621     6.7500  0.000e+00
     53.155    14.1268   4.168974    34.6324       1622     6.7542  0.000e+00
     53.104    14.1165   4.167117    34.6244       1623     6.7583  0.000e+00
     53.052    14.1064   4.165507    34.6186       1624     6.7625  0.000e+00
     53.001    14.0969   4.164952    34.6219       1625     6.7667  0.000e+00
     52.952    14.0895   4.164483    34.6243       1626     6.7708  0.000e+00
     52.898    14.0840   4.163428    34.6194       1627     6.7750  0.000e+00
     52.846    14.0788   4.163330    34.6233       1628     6.7792  0.000e+00
     52.793    14.0750   4.163145    34.6249       1629     6.7833  0.000e+00
     52.741    14.0725   4.162682    34.6229       1630     6.7875  0.000e+00
     52.690    14.0703   4.162688    34.6250       1631     6.7917  0.000e+00
     52.641    14.0686   4.162386    34.6237       1632     6.7958  0.000e+00
     52.594    14.0671   4.162405    34.6252       1633     6.8000  0.000e+00
     52.547    14.0661   4.162331    34.6254       1634     6.8042  0.000e+00
     52.506    14.0655   4.162084    34.6237       1635     6.8083  0.000e+00
     52.469    14.0647   4.161973    34.6234       1636     6.8125  0.000e+00
     52.426    14.0638   4.161658    34.6213       1637     6.8167  0.000e+00
     52.392    14.0625   4.161523    34.6212       1638     6.8208  0.000e+00
     52.355    14.0616   4.161609    34.6229       1639     6.8250  0.000e+00
     52.323    14.0611   4.161665    34.6239       1640     6.8292  0.000e+00
     52.285    14.0609   4.161609    34.6236       1641     6.8333  0.000e+00
     52.245    14.0605   4.161356    34.6216       1642     6.8375  0.000e+00
     52.198    14.0600   4.161208    34.6207       1643     6.8417  0.000e+00
     52.151    14.0593   4.161140    34.6207       1644     6.8458  0.000e+00
     52.097    14.0588   4.161183    34.6216       1645     6.8500  0.000e+00
     52.039    14.0583   4.161035    34.6206       1646     6.8542  0.000e+00
     51.983    14.0583   4.160949    34.6199       1647     6.8583  0.000e+00
     51.910    14.0577   4.160813    34.6192       1648     6.8625  0.000e+00
     51.843    14.0579   4.162404    34.6339       1649     6.8667  0.000e+00
     51.773    14.0642   4.168166    34.6818       1650     6.8708  0.000e+00
     51.699    14.0878   4.175969    34.7331       1651     6.8750  0.000e+00
