HB2304/sbe040.cnv
* Sea-Bird SBE 19plus V2 Data File:
* FileName = C:\cruise\data\sbe040.hex
* Software Version Seasave V 7.26.7.121
* Temperature SN = 7037
* Conductivity SN = 7037
* System UpLoad Time = Sep 27 2023 01:45:44
** Ship: Bigelow
** Cruise:  HB2304
** Program:  Fall Bottom Trawl
# nquan = 7
# nvalues = 578                                   
# units = specified
# name 0 = depSM: Depth [salt water, m], lat = 40.00
# name 1 = tv290C: Temperature [ITS-90, deg C]
# name 2 = c0S/m: Conductivity [S/m]
# name 3 = sal00: Salinity, Practical [PSU]
# name 4 = scan: Scan Count
# name 5 = timeM: Time, Elapsed [minutes]
# name 6 = flag:  0.000e+00
# span 0 =      0.090,     20.967                 
# span 1 =    15.1690,    18.6113                 
# span 2 =   0.000057,   4.265254                 
# span 3 =     0.0078,    32.9768                 
# span 4 =         11,        588                 
# span 5 =     0.0417,     2.4458                 
# span 6 = 0.0000e+00, 0.0000e+00                 
# interval = seconds: 0.25
# start_time = Sep 27 2023 01:45:44 [System UTC, header]
# bad_flag = -9.990e-29
*END*
      0.121    15.1690   0.000063     0.0078         11     0.0417  0.000e+00
      0.123    15.1707   0.000063     0.0078         12     0.0458  0.000e+00
      0.121    15.1718   0.000063     0.0078         13     0.0500  0.000e+00
      0.121    15.1725   0.000063     0.0078         14     0.0542  0.000e+00
      0.121    15.1731   0.000063     0.0078         15     0.0583  0.000e+00
      0.125    15.1737   0.000063     0.0078         16     0.0625  0.000e+00
      0.119    15.1742   0.000065     0.0078         17     0.0667  0.000e+00
      0.117    15.1757   0.000063     0.0078         18     0.0708  0.000e+00
      0.119    15.1774   0.000068     0.0078         19     0.0750  0.000e+00
      0.121    15.1781   0.000057     0.0078         20     0.0792  0.000e+00
      0.125    15.1788   0.000063     0.0078         21     0.0833  0.000e+00
      0.121    15.1795   0.000068     0.0078         22     0.0875  0.000e+00
      0.121    15.1804   0.000068     0.0078         23     0.0917  0.000e+00
      0.119    15.1811   0.000063     0.0078         24     0.0958  0.000e+00
      0.123    15.1822   0.000063     0.0078         25     0.1000  0.000e+00
      0.128    15.1844   0.000063     0.0078         26     0.1042  0.000e+00
      0.125    15.1882   0.000068     0.0078         27     0.1083  0.000e+00
      0.125    15.1911   0.000063     0.0078         28     0.1125  0.000e+00
      0.123    15.1936   0.000068     0.0078         29     0.1167  0.000e+00
      0.121    15.1962   0.000063     0.0078         30     0.1208  0.000e+00
      0.121    15.1992   0.000068     0.0078         31     0.1250  0.000e+00
      0.114    15.2034   0.000063     0.0078         32     0.1292  0.000e+00
      0.112    15.2075   0.000063     0.0078         33     0.1333  0.000e+00
      0.116    15.2111   0.000063     0.0078         34     0.1375  0.000e+00
      0.114    15.2136   0.000068     0.0078         35     0.1417  0.000e+00
      0.112    15.2160   0.000063     0.0078         36     0.1458  0.000e+00
      0.110    15.2185   0.000063     0.0078         37     0.1500  0.000e+00
      0.110    15.2205   0.000063     0.0078         38     0.1542  0.000e+00
      0.105    15.2226   0.000063     0.0078         39     0.1583  0.000e+00
      0.105    15.2242   0.000063     0.0078         40     0.1625  0.000e+00
      0.109    15.2257   0.000063     0.0078         41     0.1667  0.000e+00
      0.109    15.2264   0.000063     0.0078         42     0.1708  0.000e+00
      0.109    15.2266   0.000063     0.0078         43     0.1750  0.000e+00
      0.109    15.2264   0.000063     0.0078         44     0.1792  0.000e+00
      0.112    15.2256   0.000057     0.0078         45     0.1833  0.000e+00
      0.118    15.2245   0.000063     0.0078         46     0.1875  0.000e+00
      0.114    15.2237   0.000063     0.0078         47     0.1917  0.000e+00
      0.118    15.2241   0.000063     0.0078         48     0.1958  0.000e+00
      0.119    15.2254   0.000063     0.0078         49     0.2000  0.000e+00
      0.121    15.2281   0.000063     0.0078         50     0.2042  0.000e+00
      0.125    15.2298   0.000068     0.0078         51     0.2083  0.000e+00
      0.129    15.2280   0.000063     0.0078         52     0.2125  0.000e+00
      0.129    15.2246   0.000063     0.0078         53     0.2167  0.000e+00
      0.132    15.2215   0.000063     0.0078         54     0.2208  0.000e+00
      0.136    15.2187   0.000063     0.0078         55     0.2250  0.000e+00
      0.134    15.2156   0.000063     0.0078         56     0.2292  0.000e+00
      0.138    15.2122   0.000063     0.0078         57     0.2333  0.000e+00
      0.136    15.2102   0.000063     0.0078         58     0.2375  0.000e+00
      0.130    15.2091   0.000057     0.0078         59     0.2417  0.000e+00
      0.112    15.2079   0.000063     0.0078         60     0.2458  0.000e+00
      0.101    15.2091   0.000063     0.0078         61     0.2500  0.000e+00
      0.112    15.2166   0.000068     0.0078         62     0.2542  0.000e+00
      0.127    15.2462   0.000063     0.0078         63     0.2583  0.000e+00
      0.123    15.2856   0.000068     0.0079         64     0.2625  0.000e+00
      0.114    15.3175   0.000063     0.0079         65     0.2667  0.000e+00
      0.105    15.3379   0.000068     0.0079         66     0.2708  0.000e+00
      0.112    15.3433   0.000063     0.0079         67     0.2750  0.000e+00
      0.110    15.3480   0.000068     0.0079         68     0.2792  0.000e+00
      0.107    15.3552   0.000063     0.0079         69     0.2833  0.000e+00
      0.110    15.3546   0.000063     0.0079         70     0.2875  0.000e+00
      0.112    15.3519   0.000063     0.0079         71     0.2917  0.000e+00
      0.107    15.3500   0.000063     0.0079         72     0.2958  0.000e+00
      0.109    15.3487   0.000068     0.0079         73     0.3000  0.000e+00
      0.112    15.3461   0.000068     0.0079         74     0.3042  0.000e+00
      0.116    15.3437   0.000057     0.0079         75     0.3083  0.000e+00
      0.121    15.3414   0.000063     0.0079         76     0.3125  0.000e+00
      0.118    15.3399   0.000063     0.0079         77     0.3167  0.000e+00
      0.114    15.3387   0.000057     0.0079         78     0.3208  0.000e+00
      0.116    15.3391   0.000068     0.0079         79     0.3250  0.000e+00
      0.401    15.3480   1.438389    10.4468         80     0.3292  0.000e+00
      0.519    15.3783   1.664530    12.2312         81     0.3333  0.000e+00
      0.586    15.6805   2.780711    21.2653         82     0.3375  0.000e+00
      0.602    16.1454   1.621849    11.6640         83     0.3417  0.000e+00
      0.647    16.5427   1.930670    13.9605         84     0.3458  0.000e+00
      0.739    16.8166   3.351561    25.3953         85     0.3500  0.000e+00
      0.860    16.9726   3.570024    27.1294         86     0.3542  0.000e+00
      0.998    17.0857   4.265254    32.9768         87     0.3583  0.000e+00
      1.083    17.2163   4.224017    32.5155         88     0.3625  0.000e+00
      1.160    17.3583   4.202593    32.2180         89     0.3667  0.000e+00
      1.287    17.4761   4.159329    31.7556         90     0.3708  0.000e+00
      1.316    17.7191   1.457180     9.9897         91     0.3750  0.000e+00
      1.363    17.9021   3.199168    23.4866         92     0.3792  0.000e+00
      1.520    17.8823   4.015963    30.2347         93     0.3833  0.000e+00
      1.758    17.7743   3.559744    26.5140         94     0.3875  0.000e+00
      1.834    17.6898   4.056667    30.7208         95     0.3917  0.000e+00
      1.981    17.6263   4.174511    31.7671         96     0.3958  0.000e+00
      2.022    17.5912   4.175469    31.8026         97     0.4000  0.000e+00
      1.983    17.5812   4.183556    31.8792         98     0.4042  0.000e+00
      1.852    17.6820   4.180076    31.7708         99     0.4083  0.000e+00
      1.753    17.8875   4.170365    31.5292        100     0.4125  0.000e+00
      1.648    18.0685   4.171221    31.3971        101     0.4167  0.000e+00
      1.506    18.2041   4.179741    31.3648        102     0.4208  0.000e+00
      1.301    18.3099   4.095115    30.5787        103     0.4250  0.000e+00
      1.029    18.3905   4.186907    31.2826        104     0.4292  0.000e+00
      0.720    18.4467   4.186888    31.2399        105     0.4333  0.000e+00
      0.346    18.4822   4.186522    31.2101        106     0.4375  0.000e+00
      0.136    18.5039   3.946160    29.2052        107     0.4417  0.000e+00
      0.118    18.5157   0.687604     4.3640        108     0.4458  0.000e+00
      0.120    18.5077   0.419885     2.5788        109     0.4500  0.000e+00
      0.114    18.4816   0.316424     1.9114        110     0.4542  0.000e+00
      0.111    18.4446   0.262139     1.5678        111     0.4583  0.000e+00
      0.118    18.4006   0.240311     1.4319        112     0.4625  0.000e+00
      0.183    18.3546   0.957906     6.2535        113     0.4667  0.000e+00
      0.228    18.3060   1.625159    11.0862        114     0.4708  0.000e+00
      0.232    18.2371   1.446316     9.7855        115     0.4750  0.000e+00
      0.232    18.1760   1.914693    13.2919        116     0.4792  0.000e+00
      0.270    18.1392   3.978435    29.7336        117     0.4833  0.000e+00
      0.324    18.1048   4.161114    31.2850        118     0.4875  0.000e+00
      0.335    18.0822   4.160775    31.2994        119     0.4917  0.000e+00
      0.429    18.0771   4.128148    31.0296        120     0.4958  0.000e+00
      0.597    18.0716   4.159320    31.2952        121     0.5000  0.000e+00
      0.817    18.0628   4.158371    31.2939        122     0.5042  0.000e+00
      1.039    18.0533   4.154174    31.2658        123     0.5083  0.000e+00
      1.278    18.0432   4.152831    31.2621        124     0.5125  0.000e+00
      1.525    18.0375   4.153743    31.2741        125     0.5167  0.000e+00
      1.778    18.0558   4.158156    31.2970        126     0.5208  0.000e+00
      2.017    18.1076   4.165673    31.3205        127     0.5250  0.000e+00
      2.241    18.1727   4.170695    31.3127        128     0.5292  0.000e+00
      2.438    18.2406   4.173163    31.2815        129     0.5333  0.000e+00
      2.566    18.3016   4.177714    31.2730        130     0.5375  0.000e+00
      2.619    18.3577   4.182464    31.2700        131     0.5417  0.000e+00
      2.568    18.4123   4.186456    31.2618        132     0.5458  0.000e+00
      2.434    18.4601   4.189194    31.2483        133     0.5500  0.000e+00
      2.214    18.4963   4.190270    31.2299        134     0.5542  0.000e+00
      1.964    18.5204   4.190715    31.2154        135     0.5583  0.000e+00
      1.654    18.5359   4.191265    31.2084        136     0.5625  0.000e+00
      1.283    18.5472   4.191048    31.1981        137     0.5667  0.000e+00
      0.887    18.5551   4.189817    31.1821        138     0.5708  0.000e+00
      0.439    18.5578   4.188494    31.1692        139     0.5750  0.000e+00
      0.172    18.5566   4.187183    31.1594        140     0.5792  0.000e+00
      0.118    18.5546   4.184722    31.1405        141     0.5833  0.000e+00
      0.118    18.5529   4.181917    31.1184        142     0.5875  0.000e+00
      0.167    18.5506   4.180928    31.1119        143     0.5917  0.000e+00
      0.443    18.5426   3.970304    29.3765        144     0.5958  0.000e+00
      0.756    18.5198   3.631863    26.6230        145     0.6000  0.000e+00
      1.021    18.4994   2.089235    14.5046        146     0.6042  0.000e+00
      1.274    18.4850   2.305942    16.1615        147     0.6083  0.000e+00
      1.518    18.4747   4.063957    30.1984        148     0.6125  0.000e+00
      1.748    18.4664   3.348109    24.3612        149     0.6167  0.000e+00
      1.970    18.4602   3.879385    28.6859        150     0.6208  0.000e+00
      2.187    18.4620   3.618983    26.5551        151     0.6250  0.000e+00
      2.425    18.4660   2.746394    19.5835        152     0.6292  0.000e+00
      2.691    18.4668   3.309171    24.0478        153     0.6333  0.000e+00
      2.955    18.4634   2.923654    20.9791        154     0.6375  0.000e+00
      3.224    18.4438   4.167390    31.0790        155     0.6417  0.000e+00
      3.520    18.4240   4.165786    31.0805        156     0.6458  0.000e+00
      3.681    18.4003   4.171489    31.1458        157     0.6500  0.000e+00
      3.741    18.4007   4.157603    31.0299        158     0.6542  0.000e+00
      3.609    18.4434   4.062291    30.2068        159     0.6583  0.000e+00
      3.358    18.4870   4.191099    31.2434        160     0.6625  0.000e+00
      3.163    18.5175   4.189720    31.2090        161     0.6667  0.000e+00
      3.011    18.5369   4.173012    31.0556        162     0.6708  0.000e+00
      2.949    18.5467   3.926164    29.0097        163     0.6750  0.000e+00
      2.955    18.5514   3.095344    22.2928        164     0.6792  0.000e+00
      3.018    18.5540   3.519105    25.6867        165     0.6833  0.000e+00
      3.144    18.5534   3.850384    28.3831        166     0.6875  0.000e+00
      3.318    18.5302   4.127497    30.6830        167     0.6917  0.000e+00
      3.531    18.5099   4.180942    31.1416        168     0.6958  0.000e+00
      3.746    18.4984   4.179009    31.1342        169     0.7000  0.000e+00
      3.968    18.4904   4.178286    31.1341        170     0.7042  0.000e+00
      4.211    18.4842   4.176761    31.1261        171     0.7083  0.000e+00
      4.474    18.4788   4.176372    31.1269        172     0.7125  0.000e+00
      4.740    18.4731   4.178688    31.1503        173     0.7167  0.000e+00
      5.015    18.4721   4.181988    31.1784        174     0.7208  0.000e+00
      5.275    18.4795   4.185035    31.1981        175     0.7250  0.000e+00
      5.517    18.4916   4.187464    31.2091        176     0.7292  0.000e+00
      5.647    18.5043   4.187439    31.1992        177     0.7333  0.000e+00
      5.833    18.5171   4.182321    31.1469        178     0.7375  0.000e+00
      6.091    18.5313   4.175915    31.0829        179     0.7417  0.000e+00
      6.200    18.5279   4.179800    31.1177        180     0.7458  0.000e+00
      6.200    18.5199   4.184453    31.1624        181     0.7500  0.000e+00
      6.153    18.5212   4.187414    31.1860        182     0.7542  0.000e+00
      6.104    18.5308   4.186382    31.1702        183     0.7583  0.000e+00
      6.111    18.5398   4.185207    31.1536        184     0.7625  0.000e+00
      6.167    18.5448   3.624204    26.5431        185     0.7667  0.000e+00
      6.249    18.5465   3.204434    23.1630        186     0.7708  0.000e+00
      6.319    18.5491   3.626401    26.5582        187     0.7750  0.000e+00
      6.386    18.5463   3.191284    23.0582        188     0.7792  0.000e+00
      6.447    18.5213   4.126442    30.6799        189     0.7833  0.000e+00
      6.505    18.4942   4.175909    31.1107        190     0.7875  0.000e+00
      6.568    18.4789   4.176657    31.1284        191     0.7917  0.000e+00
      6.632    18.4782   4.179486    31.1525        192     0.7958  0.000e+00
      6.699    18.4840   4.182223    31.1708        193     0.8000  0.000e+00
      6.753    18.4933   4.185208    31.1886        194     0.8042  0.000e+00
      6.791    18.5040   4.185758    31.1850        195     0.8083  0.000e+00
      6.807    18.5148   4.185492    31.1746        196     0.8125  0.000e+00
      6.798    18.5241   4.185109    31.1644        197     0.8167  0.000e+00
      6.769    18.5308   4.184855    31.1573        198     0.8208  0.000e+00
      6.764    18.5341   4.182154    31.1324        199     0.8250  0.000e+00
      6.778    18.5370   4.177039    31.0877        200     0.8292  0.000e+00
      6.823    18.5392   4.175835    31.0760        201     0.8333  0.000e+00
      6.908    18.5229   4.176249    31.0917        202     0.8375  0.000e+00
      7.027    18.4955   4.177540    31.1231        203     0.8417  0.000e+00
      7.186    18.4753   4.176824    31.1323        204     0.8458  0.000e+00
      7.362    18.4629   4.175867    31.1337        205     0.8500  0.000e+00
      7.564    18.4544   4.175311    31.1354        206     0.8542  0.000e+00
      7.770    18.4450   4.174595    31.1365        207     0.8583  0.000e+00
      7.982    18.4353   4.173762    31.1368        208     0.8625  0.000e+00
      8.173    18.4283   4.175460    31.1562        209     0.8667  0.000e+00
      8.327    18.4230   4.175886    31.1637        210     0.8708  0.000e+00
      8.529    18.4231   4.163784    31.0628        211     0.8750  0.000e+00
      8.742    18.4324   4.157648    31.0047        212     0.8792  0.000e+00
      8.900    18.4470   4.177362    31.1576        213     0.8833  0.000e+00
      8.968    18.4640   4.183188    31.1932        214     0.8875  0.000e+00
      8.963    18.4854   4.187336    31.2115        215     0.8917  0.000e+00
