HB2304/sbe016.cnv
* Sea-Bird SBE 19plus V2 Data File:
* FileName = C:\cruise\data\sbe016.hex
* Software Version Seasave V 7.26.7.121
* Temperature SN = 7037
* Conductivity SN = 7037
* System UpLoad Time = Sep 14 2023 06:25:59
** Ship: Bigelow
** Cruise:  HB2304
** Program:  Fall Bottom Trawl
# nquan = 7
# nvalues = 880                                   
# units = specified
# name 0 = depSM: Depth [salt water, m], lat = 40.00
# name 1 = tv290C: Temperature [ITS-90, deg C]
# name 2 = c0S/m: Conductivity [S/m]
# name 3 = sal00: Salinity, Practical [PSU]
# name 4 = scan: Scan Count
# name 5 = timeM: Time, Elapsed [minutes]
# name 6 = flag:  0.000e+00
# span 0 =     -0.044,     24.031                 
# span 1 =    17.7868,    25.7642                 
# span 2 =  -0.000063,   4.972471                 
# span 3 =     0.0000,    32.8112                 
# span 4 =         11,        890                 
# span 5 =     0.0417,     3.7042                 
# span 6 = 0.0000e+00, 0.0000e+00                 
# interval = seconds: 0.25
# start_time = Sep 14 2023 06:25:59 [System UTC, header]
# bad_flag = -9.990e-29
*END*
[from data line 411]
     18.447    19.9968   4.455400    32.2559        422     1.7542  0.000e+00
     18.476    19.9872   4.454455    32.2556        423     1.7583  0.000e+00
     18.512    19.9763   4.451188    32.2375        424     1.7625  0.000e+00
     18.543    19.9585   4.446008    32.2091        425     1.7667  0.000e+00
     18.575    19.9284   4.442864    32.2067        426     1.7708  0.000e+00
     18.602    19.8953   4.441350    32.2198        427     1.7750  0.000e+00
     18.621    19.8678   4.442232    32.2480        428     1.7792  0.000e+00
     18.639    19.8524   4.443474    32.2699        429     1.7833  0.000e+00
     18.651    19.8481   4.444057    32.2779        430     1.7875  0.000e+00
     18.653    19.8493   4.446548    32.2972        431     1.7917  0.000e+00
     18.651    19.8593   4.451786    32.3321        432     1.7958  0.000e+00
     18.644    19.8854   4.455706    32.3438        433     1.8000  0.000e+00
     18.633    19.9195   4.458416    32.3396        434     1.8042  0.000e+00
     18.622    19.9520   4.462040    32.3440        435     1.8083  0.000e+00
     18.601    19.9858   4.467272    32.3604        436     1.8125  0.000e+00
     18.577    20.0263   4.476969    32.4078        437     1.8167  0.000e+00
     18.557    20.0873   4.488139    32.4512        438     1.8208  0.000e+00
     18.527    20.1684   4.497032    32.4607        439     1.8250  0.000e+00
     18.494    20.2575   4.506520    32.4688        440     1.8292  0.000e+00
     18.462    20.3494   4.513770    32.4566        441     1.8333  0.000e+00
     18.425    20.4382   4.523234    32.4646        442     1.8375  0.000e+00
     18.382    20.5290   4.536069    32.4981        443     1.8417  0.000e+00
     18.335    20.6337   4.547716    32.5111        444     1.8458  0.000e+00
     18.290    20.7501   4.565367    32.5632        445     1.8500  0.000e+00
     18.246    20.8889   4.579388    32.5688        446     1.8542  0.000e+00
     18.210    21.0334   4.589404    32.5383        447     1.8583  0.000e+00
     18.174    21.1665   4.602562    32.5413        448     1.8625  0.000e+00
     18.151    21.2987   4.615181    32.5407        449     1.8667  0.000e+00
     18.132    21.4334   4.622981    32.5002        450     1.8708  0.000e+00
     18.132    21.5500   4.622902    32.4116        451     1.8750  0.000e+00
     18.145    21.6247   4.616774    32.3075        452     1.8792  0.000e+00
     18.165    21.6449   4.602940    32.1841        453     1.8833  0.000e+00
     18.192    21.6041   4.591156    32.1223        454     1.8875  0.000e+00
     18.225    21.5293   4.585305    32.1322        455     1.8917  0.000e+00
     18.272    21.4557   4.578070    32.1304        456     1.8958  0.000e+00
     18.319    21.3825   4.569385    32.1168        457     1.9000  0.000e+00
     18.375    21.3034   4.558124    32.0873        458     1.9042  0.000e+00
     18.432    21.2104   4.547228    32.0710        459     1.9083  0.000e+00
     18.488    21.1083   4.534718    32.0486        460     1.9125  0.000e+00
     18.546    20.9956   4.525704    32.0617        461     1.9167  0.000e+00
     18.602    20.8845   4.507391    31.9998        462     1.9208  0.000e+00
     18.649    20.7832   4.506117    32.0657        463     1.9250  0.000e+00
     18.693    20.6794   4.492376    32.0344        464     1.9292  0.000e+00
     18.723    20.5638   4.484040    32.0550        465     1.9333  0.000e+00
     18.749    20.4544   4.472088    32.0420        466     1.9375  0.000e+00
     18.763    20.3402   4.467426    32.0910        467     1.9417  0.000e+00
     18.769    20.2439   4.460785    32.1108        468     1.9458  0.000e+00
     18.758    20.1611   4.458114    32.1522        469     1.9500  0.000e+00
     18.734    20.0960   4.458248    32.2029        470     1.9542  0.000e+00
     18.709    20.0548   4.460064    32.2491        471     1.9583  0.000e+00
     18.651    20.0367   4.465036    32.3032        472     1.9625  0.000e+00
     18.597    20.0441   4.472716    32.3597        473     1.9667  0.000e+00
     18.528    20.0801   4.487789    32.4539        474     1.9708  0.000e+00
     18.461    20.1545   4.500263    32.4975        475     1.9750  0.000e+00
     18.391    20.2560   4.518889    32.5697        476     1.9792  0.000e+00
     18.348    20.3871   4.534371    32.5934        477     1.9833  0.000e+00
     18.295    20.5378   4.546917    32.5783        478     1.9875  0.000e+00
     18.266    20.6886   4.567529    32.6275        479     1.9917  0.000e+00
     18.236    20.8558   4.578618    32.5880        480     1.9958  0.000e+00
     18.221    21.0129   4.591968    32.5743        481     2.0000  0.000e+00
     18.219    21.1617   4.601886    32.5396        482     2.0042  0.000e+00
     18.219    21.2956   4.610301    32.5045        483     2.0083  0.000e+00
     18.234    21.4131   4.618600    32.4810        484     2.0125  0.000e+00
     18.263    21.5180   4.623057    32.4369        485     2.0167  0.000e+00
     18.306    21.6010   4.620549    32.3548        486     2.0208  0.000e+00
     18.355    21.6462   4.618049    32.3014        487     2.0250  0.000e+00
     18.391    21.6605   4.613411    32.2543        488     2.0292  0.000e+00
     18.449    21.6494   4.605829    32.2033        489     2.0333  0.000e+00
     18.523    21.6125   4.596227    32.1556        490     2.0375  0.000e+00
     18.584    21.5534   4.588831    32.1418        491     2.0417  0.000e+00
     18.639    21.4842   4.581575    32.1365        492     2.0458  0.000e+00
     18.698    21.4118   4.573586    32.1278        493     2.0500  0.000e+00
     18.756    21.3366   4.565590    32.1212        494     2.0542  0.000e+00
     18.803    21.2578   4.559765    32.1343        495     2.0583  0.000e+00
     18.836    21.1831   4.556288    32.1628        496     2.0625  0.000e+00
     18.863    21.1209   4.554438    32.1949        497     2.0667  0.000e+00
     18.895    21.0743   4.551461    32.2064        498     2.0708  0.000e+00
     18.929    21.0343   4.547762    32.2072        499     2.0750  0.000e+00
     18.946    20.9961   4.547602    32.2348        500     2.0792  0.000e+00
     18.940    20.9699   4.551520    32.2856        501     2.0833  0.000e+00
     18.911    20.9670   4.559654    32.3523        502     2.0875  0.000e+00
     18.888    20.9974   4.569089    32.4042        503     2.0917  0.000e+00
     18.861    21.0547   4.581036    32.4555        504     2.0958  0.000e+00
     18.835    21.1390   4.593335    32.4890        505     2.1000  0.000e+00
     18.801    21.2422   4.609858    32.5414        506     2.1042  0.000e+00
     18.767    21.3702   4.627507    32.5835        507     2.1083  0.000e+00
     18.747    21.5203   4.636858    32.5434        508     2.1125  0.000e+00
     18.727    21.6585   4.646191    32.5123        509     2.1167  0.000e+00
     18.703    21.7775   4.651331    32.4630        510     2.1208  0.000e+00
     18.693    21.8766   4.655646    32.4223        511     2.1250  0.000e+00
     18.696    21.9557   4.658386    32.3845        512     2.1292  0.000e+00
     18.696    22.0114   4.653776    32.3071        513     2.1333  0.000e+00
     18.709    22.0388   4.660706    32.3405        514     2.1375  0.000e+00
     18.725    22.0671   4.652490    32.2556        515     2.1417  0.000e+00
     18.749    22.0633   4.649175    32.2327        516     2.1458  0.000e+00
     18.767    22.0421   4.641303    32.1874        517     2.1500  0.000e+00
     18.787    22.0006   4.641046    32.2161        518     2.1542  0.000e+00
     18.801    21.9656   4.638058    32.2190        519     2.1583  0.000e+00
     18.808    21.9357   4.634942    32.2169        520     2.1625  0.000e+00
     18.817    21.9054   4.631749    32.2147        521     2.1667  0.000e+00
     18.825    21.8733   4.626662    32.1989        522     2.1708  0.000e+00
     18.830    21.8341   4.621435    32.1873        523     2.1750  0.000e+00
     18.835    21.7870   4.616430    32.1834        524     2.1792  0.000e+00
     18.837    21.7362   4.610970    32.1786        525     2.1833  0.000e+00
     18.843    21.6821   4.606054    32.1805        526     2.1875  0.000e+00
     18.845    21.6286   4.601018    32.1810        527     2.1917  0.000e+00
     18.848    21.5762   4.596305    32.1832        528     2.1958  0.000e+00
     18.852    21.5245   4.592115    32.1890        529     2.2000  0.000e+00
     18.870    21.4765   4.586892    32.1839        530     2.2042  0.000e+00
     18.875    21.4272   4.579509    32.1628        531     2.2083  0.000e+00
     18.879    21.3683   4.574048    32.1639        532     2.2125  0.000e+00
     18.884    21.3079   4.568520    32.1657        533     2.2167  0.000e+00
     18.888    21.2473   4.564117    32.1764        534     2.2208  0.000e+00
     18.899    21.1901   4.558920    32.1783        535     2.2250  0.000e+00
     18.899    21.1351   4.553701    32.1784        536     2.2292  0.000e+00
     18.910    21.0798   4.548759    32.1809        537     2.2333  0.000e+00
     18.920    21.0259   4.544940    32.1912        538     2.2375  0.000e+00
     18.931    20.9760   4.541019    32.1977        539     2.2417  0.000e+00
     18.944    20.9306   4.537950    32.2076        540     2.2458  0.000e+00
     18.951    20.8899   4.535693    32.2204        541     2.2500  0.000e+00
     18.953    20.8549   4.533201    32.2270        542     2.2542  0.000e+00
     18.958    20.8244   4.531668    32.2379        543     2.2583  0.000e+00
     18.960    20.7994   4.531029    32.2517        544     2.2625  0.000e+00
     18.958    20.7811   4.531138    32.2664        545     2.2667  0.000e+00
     18.957    20.7703   4.531317    32.2760        546     2.2708  0.000e+00
     18.955    20.7649   4.532026    32.2857        547     2.2750  0.000e+00
     18.960    20.7642   4.533388    32.2972        548     2.2792  0.000e+00
     18.964    20.7693   4.535005    32.3062        549     2.2833  0.000e+00
     18.973    20.7794   4.536999    32.3144        550     2.2875  0.000e+00
     18.984    20.7943   4.538956    32.3187        551     2.2917  0.000e+00
     19.000    20.8107   4.540049    32.3149        552     2.2958  0.000e+00
     19.018    20.8260   4.541379    32.3139        553     2.3000  0.000e+00
     19.031    20.8406   4.542882    32.3148        554     2.3042  0.000e+00
     19.050    20.8560   4.546004    32.3279        555     2.3083  0.000e+00
     19.067    20.8771   4.550497    32.3477        556     2.3125  0.000e+00
     19.078    20.9076   4.556856    32.3751        557     2.3167  0.000e+00
     19.079    20.9504   4.564621    32.4043        558     2.3208  0.000e+00
     19.076    21.0088   4.575831    32.4490        559     2.3250  0.000e+00
     19.063    21.0891   4.591068    32.5088        560     2.3292  0.000e+00
     19.043    21.1963   4.608011    32.5615        561     2.3333  0.000e+00
     19.016    21.3323   4.627618    32.6131        562     2.3375  0.000e+00
     18.984    21.4970   4.648686    32.6539        563     2.3417  0.000e+00
     18.942    21.6858   4.665007    32.6390        564     2.3458  0.000e+00
     18.888    21.8690   4.677504    32.5984        565     2.3500  0.000e+00
     18.832    22.0357   4.699058    32.6409        566     2.3542  0.000e+00
     18.770    22.2083   4.717364    32.6533        567     2.3583  0.000e+00
     18.702    22.3917   4.730578    32.6180        568     2.3625  0.000e+00
     18.636    22.5608   4.736942    32.5409        569     2.3667  0.000e+00
     18.568    22.6961   4.739545    32.4604        570     2.3708  0.000e+00
     18.504    22.7909   4.740540    32.3979        571     2.3750  0.000e+00
     18.448    22.8538   4.741835    32.3614        572     2.3792  0.000e+00
     18.401    22.8969   4.742987    32.3384        573     2.3833  0.000e+00
     18.378    22.9277   4.743769    32.3218        574     2.3875  0.000e+00
     18.374    22.9487   4.743957    32.3078        575     2.3917  0.000e+00
     18.380    22.9625   4.743638    32.2952        576     2.3958  0.000e+00
     18.400    22.9688   4.741586    32.2749        577     2.4000  0.000e+00
     18.441    22.9659   4.740459    32.2685        578     2.4042  0.000e+00
     18.490    22.9582   4.740537    32.2746        579     2.4083  0.000e+00
     18.553    22.9530   4.739677    32.2719        580     2.4125  0.000e+00
     18.615    22.9464   4.737769    32.2621        581     2.4167  0.000e+00
     18.683    22.9351   4.732073    32.2270        582     2.4208  0.000e+00
     18.754    22.9085   4.722678    32.1749        583     2.4250  0.000e+00
     18.822    22.8571   4.708589    32.1049        584     2.4292  0.000e+00
     18.880    22.7751   4.696055    32.0692        585     2.4333  0.000e+00
     18.927    22.6729   4.682421    32.0395        586     2.4375  0.000e+00
     18.980    22.5538   4.666708    32.0062        587     2.4417  0.000e+00
     19.020    22.4189   4.646967    31.9533        588     2.4458  0.000e+00
     19.041    22.2592   4.624451    31.8968        589     2.4500  0.000e+00
     19.036    22.0698   4.606570    31.8975        590     2.4542  0.000e+00
     19.020    21.8683   4.575433    31.8040        591     2.4583  0.000e+00
     19.009    21.6363   4.556499    31.8272        592     2.4625  0.000e+00
     18.974    21.4045   4.543360    31.8958        593     2.4667  0.000e+00
     18.924    21.2055   4.541265    32.0274        594     2.4708  0.000e+00
     18.868    21.0664   4.539924    32.1211        595     2.4750  0.000e+00
     18.817    20.9770   4.544544    32.2250        596     2.4792  0.000e+00
     18.759    20.9365   4.550522    32.3030        597     2.4833  0.000e+00
     18.705    20.9368   4.557521    32.3584        598     2.4875  0.000e+00
     18.647    20.9667   4.568987    32.4267        599     2.4917  0.000e+00
     18.597    21.0312   4.586250    32.5148        600     2.4958  0.000e+00
     18.555    21.1383   4.600202    32.5440        601     2.5000  0.000e+00
     18.519    21.2653   4.612510    32.5448        602     2.5042  0.000e+00
     18.485    21.3949   4.628596    32.5735        603     2.5083  0.000e+00
     18.454    21.5353   4.643041    32.5807        604     2.5125  0.000e+00
     18.436    21.6838   4.653549    32.5509        605     2.5167  0.000e+00
     18.432    21.8207   4.659694    32.4960        606     2.5208  0.000e+00
     18.432    21.9343   4.665637    32.4570        607     2.5250  0.000e+00
     18.432    22.0295   4.672657    32.4404        608     2.5292  0.000e+00
     18.445    22.1136   4.678400    32.4221        609     2.5333  0.000e+00
     18.467    22.1897   4.680886    32.3846        610     2.5375  0.000e+00
     18.490    22.2496   4.681320    32.3434        611     2.5417  0.000e+00
     18.519    22.2880   4.683535    32.3320        612     2.5458  0.000e+00
     18.535    22.3196   4.687145    32.3364        613     2.5500  0.000e+00
     18.557    22.3514   4.685712    32.3017        614     2.5542  0.000e+00
     18.575    22.3686   4.687967    32.3064        615     2.5583  0.000e+00
     18.584    22.3862   4.704037    32.4173        616     2.5625  0.000e+00
     18.586    22.4475   4.712558    32.4374        617     2.5667  0.000e+00
     18.575    22.5258   4.718802    32.4274        618     2.5708  0.000e+00
     18.562    22.6061   4.728531    32.4426        619     2.5750  0.000e+00
     18.535    22.6851   4.734251    32.4280        620     2.5792  0.000e+00
     18.512    22.7571   4.737824    32.4021        621     2.5833  0.000e+00
     18.481    22.8176   4.740083    32.3747        622     2.5875  0.000e+00
     18.452    22.8640   4.741268    32.3496        623     2.5917  0.000e+00
     18.420    22.8974   4.741912    32.3299        624     2.5958  0.000e+00
     18.392    22.9207   4.742805    32.3196        625     2.6000  0.000e+00
