HB2304/sbe093.cnv
* Sea-Bird SBE 19plus V2 Data File:
* FileName = C:\cruise\data\sbe093.hex
* Software Version Seasave V 7.26.7.121
* Temperature SN = 7037
* Conductivity SN = 7037
* System UpLoad Time = Oct 20 2023 22:59:41
** Ship: Bigelow
** Cruise:  HB2304
** Program:  Fall Bottom Trawl
# nquan = 7
# nvalues = 3398                                  
# units = specified
# name 0 = depSM: Depth [salt water, m], lat = 40.00
# name 1 = tv290C: Temperature [ITS-90, deg C]
# name 2 = c0S/m: Conductivity [S/m]
# name 3 = sal00: Salinity, Practical [PSU]
# name 4 = scan: Scan Count
# name 5 = timeM: Time, Elapsed [minutes]
# name 6 = flag:  0.000e+00
# span 0 =     -0.127,    146.245                 
# span 1 =     8.5097,    16.9211                 
# span 2 =  -0.051210,   3.992385                 
# span 3 =     0.0000,    34.8116                 
# span 4 =         11,       3408                 
# span 5 =     0.0417,    14.1958                 
# span 6 = 0.0000e+00, 0.0000e+00                 
# interval = seconds: 0.25
# start_time = Oct 20 2023 22:59:41 [System UTC, header]
# bad_flag = -9.990e-29
*END*
[from data line 411]
     46.157    10.3972   3.615727    32.6484        422     1.7542  0.000e+00
     46.277    10.3924   3.615529    32.6507        423     1.7583  0.000e+00
     46.403    10.3878   3.615406    32.6535        424     1.7625  0.000e+00
     46.528    10.3841   3.615290    32.6556        425     1.7667  0.000e+00
     46.662    10.3808   3.615022    32.6558        426     1.7708  0.000e+00
     46.797    10.3778   3.614714    32.6554        427     1.7750  0.000e+00
     46.944    10.3741   3.614627    32.6578        428     1.7792  0.000e+00
     47.095    10.3705   3.614429    32.6589        429     1.7833  0.000e+00
     47.253    10.3669   3.614359    32.6614        430     1.7875  0.000e+00
     47.421    10.3635   3.614120    32.6619        431     1.7917  0.000e+00
     47.587    10.3598   3.614016    32.6642        432     1.7958  0.000e+00
     47.761    10.3558   3.613905    32.6666        433     1.8000  0.000e+00
     47.934    10.3521   3.613859    32.6694        434     1.8042  0.000e+00
     48.100    10.3488   3.613818    32.6719        435     1.8083  0.000e+00
     48.263    10.3454   3.613393    32.6705        436     1.8125  0.000e+00
     48.413    10.3401   3.613178    32.6731        437     1.8167  0.000e+00
     48.552    10.3345   3.612584    32.6721        438     1.8208  0.000e+00
     48.673    10.3281   3.612101    32.6730        439     1.8250  0.000e+00
     48.787    10.3207   3.611490    32.6734        440     1.8292  0.000e+00
     48.889    10.3123   3.610897    32.6749        441     1.8333  0.000e+00
     48.995    10.3032   3.610431    32.6784        442     1.8375  0.000e+00
     49.100    10.2941   3.610280    32.6850        443     1.8417  0.000e+00
     49.209    10.2864   3.610304    32.6921        444     1.8458  0.000e+00
     49.321    10.2809   3.610438    32.6984        445     1.8500  0.000e+00
     49.438    10.2777   3.610438    32.7012        446     1.8542  0.000e+00
     49.565    10.2755   3.610438    32.7032        447     1.8583  0.000e+00
     49.698    10.2739   3.610479    32.7050        448     1.8625  0.000e+00
     49.828    10.2732   3.610601    32.7068        449     1.8667  0.000e+00
     49.973    10.2729   3.610787    32.7088        450     1.8708  0.000e+00
     50.121    10.2732   3.611113    32.7118        451     1.8750  0.000e+00
     50.277    10.2740   3.611294    32.7128        452     1.8792  0.000e+00
     50.432    10.2751   3.611206    32.7109        453     1.8833  0.000e+00
     50.589    10.2756   3.611311    32.7114        454     1.8875  0.000e+00
     50.750    10.2760   3.611311    32.7110        455     1.8917  0.000e+00
     50.908    10.2764   3.611224    32.7097        456     1.8958  0.000e+00
     51.063    10.2760   3.611206    32.7098        457     1.9000  0.000e+00
     51.217    10.2749   3.611335    32.7120        458     1.9042  0.000e+00
     51.367    10.2739   3.611247    32.7120        459     1.9083  0.000e+00
     51.511    10.2724   3.610939    32.7101        460     1.9125  0.000e+00
     51.665    10.2698   3.610503    32.7080        461     1.9167  0.000e+00
     51.817    10.2644   3.610177    32.7095        462     1.9208  0.000e+00
     51.972    10.2577   3.609956    32.7133        463     1.9250  0.000e+00
     52.128    10.2506   3.609275    32.7128        464     1.9292  0.000e+00
     52.283    10.2431   3.607297    32.6996        465     1.9333  0.000e+00
     52.444    10.2315   3.605721    32.6940        466     1.9375  0.000e+00
     52.599    10.2157   3.604977    32.7007        467     1.9417  0.000e+00
     52.755    10.1999   3.604268    32.7077        468     1.9458  0.000e+00
     52.910    10.1855   3.603925    32.7172        469     1.9500  0.000e+00
     53.059    10.1727   3.603774    32.7272        470     1.9542  0.000e+00
     53.201    10.1627   3.603378    32.7321        471     1.9583  0.000e+00
     53.337    10.1542   3.602919    32.7352        472     1.9625  0.000e+00
     53.469    10.1454   3.602350    32.7373        473     1.9667  0.000e+00
     53.594    10.1361   3.601954    32.7416        474     1.9708  0.000e+00
     53.713    10.1271   3.601670    32.7468        475     1.9750  0.000e+00
     53.827    10.1195   3.601251    32.7494        476     1.9792  0.000e+00
     53.939    10.1126   3.600902    32.7521        477     1.9833  0.000e+00
     54.047    10.1058   3.600554    32.7546        478     1.9875  0.000e+00
     54.163    10.0989   3.600356    32.7588        479     1.9917  0.000e+00
     54.270    10.0931   3.600316    32.7636        480     1.9958  0.000e+00
     54.383    10.0889   3.600252    32.7667        481     2.0000  0.000e+00
     54.496    10.0853   3.600095    32.7684        482     2.0042  0.000e+00
     54.615    10.0824   3.600078    32.7708        483     2.0083  0.000e+00
     54.732    10.0799   3.599921    32.7714        484     2.0125  0.000e+00
     54.853    10.0778   3.599723    32.7713        485     2.0167  0.000e+00
     54.980    10.0752   3.599136    32.7676        486     2.0208  0.000e+00
     55.106    10.0711   3.598590    32.7657        487     2.0250  0.000e+00
     55.237    10.0656   3.597951    32.7642        488     2.0292  0.000e+00
     55.369    10.0590   3.597318    32.7637        489     2.0333  0.000e+00
     55.508    10.0511   3.596010    32.7576        490     2.0375  0.000e+00
     55.643    10.0407   3.593693    32.7434        491     2.0417  0.000e+00
     55.790    10.0244   3.592014    32.7411        492     2.0458  0.000e+00
     55.931    10.0046   3.590859    32.7473        493     2.0500  0.000e+00
     56.073     9.9849   3.589332    32.7496        494     2.0542  0.000e+00
     56.223     9.9642   3.589530    32.7703        495     2.0583  0.000e+00
     56.368     9.9456   3.589159    32.7833        496     2.0625  0.000e+00
     56.514     9.9306   3.587069    32.7757        497     2.0667  0.000e+00
     56.654     9.9130   3.585827    32.7790        498     2.0708  0.000e+00
     56.800     9.8940   3.585218    32.7899        499     2.0750  0.000e+00
     56.936     9.8776   3.584261    32.7951        500     2.0792  0.000e+00
     57.075     9.8629   3.584192    32.8077        501     2.0833  0.000e+00
     57.216     9.8511   3.584035    32.8167        502     2.0875  0.000e+00
     57.351     9.8424   3.583670    32.8209        503     2.0917  0.000e+00
     57.487     9.8347   3.583890    32.8301        504     2.0958  0.000e+00
     57.633     9.8289   3.584239    32.8389        505     2.1000  0.000e+00
     57.776     9.8264   3.584349    32.8422        506     2.1042  0.000e+00
     57.923     9.8258   3.584326    32.8424        507     2.1083  0.000e+00
     58.073     9.8257   3.583891    32.8381        508     2.1125  0.000e+00
     58.221     9.8230   3.583566    32.8371        509     2.1167  0.000e+00
     58.362     9.8183   3.583607    32.8418        510     2.1208  0.000e+00
     58.503     9.8138   3.583781    32.8476        511     2.1250  0.000e+00
     58.638     9.8104   3.583932    32.8521        512     2.1292  0.000e+00
     58.776     9.8052   3.584280    32.8604        513     2.1333  0.000e+00
     58.906     9.7973   3.584309    32.8679        514     2.1375  0.000e+00
     59.031     9.7883   3.584414    32.8770        515     2.1417  0.000e+00
     59.155     9.7807   3.584280    32.8826        516     2.1458  0.000e+00
     59.278     9.7745   3.584066    32.8860        517     2.1500  0.000e+00
     59.407     9.7681   3.583932    32.8904        518     2.1542  0.000e+00
     59.531     9.7625   3.583915    32.8953        519     2.1583  0.000e+00
     59.669     9.7580   3.583828    32.8985        520     2.1625  0.000e+00
     59.810     9.7545   3.583759    32.9009        521     2.1667  0.000e+00
     59.947     9.7513   3.583585    32.9019        522     2.1708  0.000e+00
     60.095     9.7483   3.583567    32.9045        523     2.1750  0.000e+00
     60.242     9.7455   3.583393    32.9052        524     2.1792  0.000e+00
     60.388     9.7429   3.583306    32.9067        525     2.1833  0.000e+00
     60.540     9.7403   3.583144    32.9073        526     2.1875  0.000e+00
     60.685     9.7373   3.583196    32.9105        527     2.1917  0.000e+00
     60.831     9.7346   3.583150    32.9124        528     2.1958  0.000e+00
     60.972     9.7322   3.582889    32.9119        529     2.2000  0.000e+00
     61.111     9.7287   3.582588    32.9119        530     2.2042  0.000e+00
     61.238     9.7236   3.582437    32.9151        531     2.2083  0.000e+00
     61.368     9.7169   3.582263    32.9193        532     2.2125  0.000e+00
     61.491     9.7093   3.582176    32.9253        533     2.2167  0.000e+00
     61.605     9.7013   3.582002    32.9308        534     2.2208  0.000e+00
     61.715     9.6926   3.581654    32.9352        535     2.2250  0.000e+00
     61.827     9.6834   3.581132    32.9382        536     2.2292  0.000e+00
     61.934     9.6734   3.580523    32.9411        537     2.2333  0.000e+00
     62.044     9.6614   3.579961    32.9463        538     2.2375  0.000e+00
     62.158     9.6486   3.579567    32.9539        539     2.2417  0.000e+00
     62.279     9.6366   3.579219    32.9613        540     2.2458  0.000e+00
     62.404     9.6257   3.578500    32.9639        541     2.2500  0.000e+00
     62.536     9.6151   3.578199    32.9705        542     2.2542  0.000e+00
     62.671     9.6058   3.577984    32.9768        543     2.2583  0.000e+00
     62.810     9.5988   3.577811    32.9814        544     2.2625  0.000e+00
     62.955     9.5933   3.577677    32.9850        545     2.2667  0.000e+00
     63.100     9.5889   3.577724    32.9894        546     2.2708  0.000e+00
     63.250     9.5866   3.577851    32.9928        547     2.2750  0.000e+00
     63.403     9.5855   3.577678    32.9919        548     2.2792  0.000e+00
     63.548     9.5848   3.577654    32.9923        549     2.2833  0.000e+00
     63.694     9.5842   3.577330    32.9895        550     2.2875  0.000e+00
     63.839     9.5826   3.577179    32.9893        551     2.2917  0.000e+00
     63.976     9.5796   3.577179    32.9920        552     2.2958  0.000e+00
     64.108     9.5770   3.577202    32.9946        553     2.3000  0.000e+00
     64.235     9.5750   3.577266    32.9970        554     2.3042  0.000e+00
     64.356     9.5737   3.577220    32.9977        555     2.3083  0.000e+00
     64.481     9.5723   3.577527    33.0021        556     2.3125  0.000e+00
     64.606     9.5714   3.577614    33.0037        557     2.3167  0.000e+00
     64.736     9.5714   3.577701    33.0046        558     2.3208  0.000e+00
     64.868     9.5717   3.577591    33.0031        559     2.3250  0.000e+00
     65.001     9.5715   3.577678    33.0041        560     2.3292  0.000e+00
     65.137     9.5714   3.577742    33.0048        561     2.3333  0.000e+00
     65.276     9.5715   3.577702    33.0042        562     2.3375  0.000e+00
     65.417     9.5714   3.577655    33.0037        563     2.3417  0.000e+00
     65.560     9.5712   3.577615    33.0034        564     2.3458  0.000e+00
     65.701     9.5707   3.577418    33.0018        565     2.3500  0.000e+00
     65.840     9.5696   3.577221    33.0008        566     2.3542  0.000e+00
     65.970     9.5673   3.577058    33.0011        567     2.3583  0.000e+00
     66.099     9.5649   3.576745    33.0001        568     2.3625  0.000e+00
     66.209     9.5613   3.576508    33.0009        569     2.3667  0.000e+00
     66.328     9.5572   3.576421    33.0037        570     2.3708  0.000e+00
     66.450     9.5529   3.576461    33.0080        571     2.3750  0.000e+00
     66.565     9.5494   3.576531    33.0120        572     2.3792  0.000e+00
     66.688     9.5468   3.576508    33.0141        573     2.3833  0.000e+00
     66.809     9.5450   3.576595    33.0166        574     2.3875  0.000e+00
     66.939     9.5437   3.576636    33.0181        575     2.3917  0.000e+00
     67.066     9.5427   3.576920    33.0219        576     2.3958  0.000e+00
     67.200     9.5424   3.577332    33.0264        577     2.4000  0.000e+00
     67.330     9.5427   3.577552    33.0283        578     2.4042  0.000e+00
     67.460     9.5433   3.577656    33.0287        579     2.4083  0.000e+00
     67.596     9.5440   3.578004    33.0316        580     2.4125  0.000e+00
     67.729     9.5449   3.578439    33.0352        581     2.4167  0.000e+00
     67.869     9.5466   3.578886    33.0381        582     2.4208  0.000e+00
     68.013     9.5485   3.579680    33.0445        583     2.4250  0.000e+00
     68.152     9.5513   3.580243    33.0476        584     2.4292  0.000e+00
     68.295     9.5549   3.580417    33.0460        585     2.4333  0.000e+00
     68.434     9.5579   3.580788    33.0470        586     2.4375  0.000e+00
     68.575     9.5607   3.581136    33.0479        587     2.4417  0.000e+00
     68.709     9.5633   3.582198    33.0564        588     2.4458  0.000e+00
     68.843     9.5665   3.583242    33.0641        589     2.4500  0.000e+00
     68.973     9.5707   3.584309    33.0711        590     2.4542  0.000e+00
     69.105     9.5748   3.585592    33.0804        591     2.4583  0.000e+00
     69.235     9.5791   3.586358    33.0842        592     2.4625  0.000e+00
     69.367     9.5833   3.586834    33.0852        593     2.4667  0.000e+00
     69.495     9.5865   3.587107    33.0850        594     2.4708  0.000e+00
     69.626     9.5888   3.587513    33.0869        595     2.4750  0.000e+00
     69.759     9.5910   3.587728    33.0871        596     2.4792  0.000e+00
     69.893     9.5934   3.588273    33.0904        597     2.4833  0.000e+00
     70.029     9.5955   3.588599    33.0917        598     2.4875  0.000e+00
     70.164     9.5971   3.589034    33.0947        599     2.4917  0.000e+00
     70.294     9.5979   3.589168    33.0953        600     2.4958  0.000e+00
     70.430     9.5983   3.589713    33.1004        601     2.5000  0.000e+00
     70.557     9.5987   3.590149    33.1044        602     2.5042  0.000e+00
     70.685     9.5990   3.590236    33.1050        603     2.5083  0.000e+00
     70.804     9.5993   3.590335    33.1057        604     2.5125  0.000e+00
     70.922     9.5988   3.590474    33.1076        605     2.5167  0.000e+00
     71.032     9.5983   3.590631    33.1096        606     2.5208  0.000e+00
     71.142     9.5973   3.590782    33.1120        607     2.5250  0.000e+00
     71.245     9.5955   3.590910    33.1149        608     2.5292  0.000e+00
     71.356     9.5930   3.590933    33.1174        609     2.5333  0.000e+00
     71.471     9.5898   3.591043    33.1214        610     2.5375  0.000e+00
     71.594     9.5852   3.591067    33.1259        611     2.5417  0.000e+00
     71.721     9.5807   3.591154    33.1309        612     2.5458  0.000e+00
     71.869     9.5770   3.591352    33.1363        613     2.5500  0.000e+00
     72.026     9.5742   3.591566    33.1409        614     2.5542  0.000e+00
     72.194     9.5719   3.591764    33.1450        615     2.5583  0.000e+00
     72.370     9.5699   3.592025    33.1495        616     2.5625  0.000e+00
     72.550     9.5679   3.592113    33.1522        617     2.5667  0.000e+00
     72.733     9.5661   3.592136    33.1539        618     2.5708  0.000e+00
     72.914     9.5642   3.592200    33.1563        619     2.5750  0.000e+00
     73.100     9.5604   3.592246    33.1602        620     2.5792  0.000e+00
     73.272     9.5562   3.592421    33.1658        621     2.5833  0.000e+00
     73.434     9.5528   3.592525    33.1699        622     2.5875  0.000e+00
     73.586     9.5491   3.592967    33.1778        623     2.5917  0.000e+00
     73.716     9.5454   3.594361    33.1955        624     2.5958  0.000e+00
     73.832     9.5424   3.595976    33.2148        625     2.6000  0.000e+00
