HB2304/sbe009.cnv
* Sea-Bird SBE 19plus V2 Data File:
* FileName = C:\cruise\data\sbe009.hex
* Software Version Seasave V 7.26.7.121
* Temperature SN = 7037
* Conductivity SN = 7037
* System UpLoad Time = Sep 12 2023 17:49:22
** Ship: Bigelow
** Cruise:  HB2304
** Program:  Fall Bottom Trawl
# nquan = 7
# nvalues = 1432                                  
# units = specified
# name 0 = depSM: Depth [salt water, m], lat = 40.00
# name 1 = tv290C: Temperature [ITS-90, deg C]
# name 2 = c0S/m: Conductivity [S/m]
# name 3 = sal00: Salinity, Practical [PSU]
# name 4 = scan: Scan Count
# name 5 = timeM: Time, Elapsed [minutes]
# name 6 = flag:  0.000e+00
# span 0 =     -0.033,     40.177                 
# span 1 =    12.0089,    26.6578                 
# span 2 =  -0.000050,   4.960701                 
# span 3 =     0.0000,    32.7082                 
# span 4 =         11,       1442                 
# span 5 =     0.0417,     6.0042                 
# span 6 = 0.0000e+00, 0.0000e+00                 
# interval = seconds: 0.25
# start_time = Sep 12 2023 17:49:22 [System UTC, header]
# bad_flag = -9.990e-29
*END*
[from data line 1231]
      5.955    24.6629   4.754669    31.1694       1242     5.1708  0.000e+00
      5.928    24.6784   4.756208    31.1700       1243     5.1750  0.000e+00
      5.908    24.6940   4.757695    31.1702       1244     5.1792  0.000e+00
      5.899    24.7092   4.758719    31.1671       1245     5.1833  0.000e+00
      5.894    24.7229   4.759560    31.1639       1246     5.1875  0.000e+00
      5.906    24.7341   4.759664    31.1569       1247     5.1917  0.000e+00
      5.912    24.7417   4.759208    31.1483       1248     5.1958  0.000e+00
      5.924    24.7447   4.758614    31.1418       1249     5.2000  0.000e+00
      5.937    24.7442   4.757988    31.1376       1250     5.2042  0.000e+00
      5.944    24.7413   4.757609    31.1369       1251     5.2083  0.000e+00
      5.951    24.7377   4.757557    31.1390       1252     5.2125  0.000e+00
      5.959    24.7352   4.757772    31.1422       1253     5.2167  0.000e+00
      5.959    24.7343   4.758099    31.1452       1254     5.2208  0.000e+00
      5.955    24.7347   4.759097    31.1523       1255     5.2250  0.000e+00
      5.940    24.7390   4.761315    31.1656       1256     5.2292  0.000e+00
      5.915    24.7495   4.764566    31.1821       1257     5.2333  0.000e+00
      5.884    24.7682   4.770533    31.2129       1258     5.2375  0.000e+00
      5.848    24.8001   4.775798    31.2294       1259     5.2417  0.000e+00
      5.801    24.8399   4.778431    31.2212       1260     5.2458  0.000e+00
      5.752    24.8761   4.780169    31.2089       1261     5.2500  0.000e+00
      5.696    24.9051   4.782745    31.2077       1262     5.2542  0.000e+00
      5.642    24.9321   4.789075    31.2353       1263     5.2583  0.000e+00
      5.579    24.9684   4.794670    31.2511       1264     5.2625  0.000e+00
      5.517    25.0126   4.803856    31.2876       1265     5.2667  0.000e+00
      5.445    25.0697   4.810808    31.2988       1266     5.2708  0.000e+00
      5.375    25.1317   4.813908    31.2786       1267     5.2750  0.000e+00
      5.308    25.1843   4.816680    31.2626       1268     5.2792  0.000e+00
      5.246    25.2268   4.819868    31.2565       1269     5.2833  0.000e+00
      5.170    25.2641   4.823357    31.2561       1270     5.2875  0.000e+00
      5.100    25.3005   4.826008    31.2504       1271     5.2917  0.000e+00
      5.036    25.3326   4.826933    31.2351       1272     5.2958  0.000e+00
      4.982    25.3566   4.828948    31.2332       1273     5.3000  0.000e+00
      4.937    25.3771   4.831345    31.2365       1274     5.3042  0.000e+00
      4.885    25.3979   4.832172    31.2282       1275     5.3083  0.000e+00
      4.848    25.4134   4.832336    31.2188       1276     5.3125  0.000e+00
      4.809    25.4244   4.833557    31.2201       1277     5.3167  0.000e+00
      4.780    25.4340   4.833714    31.2147       1278     5.3208  0.000e+00
      4.742    25.4411   4.833629    31.2092       1279     5.3250  0.000e+00
      4.711    25.4452   4.834706    31.2142       1280     5.3292  0.000e+00
      4.667    25.4503   4.835231    31.2145       1281     5.3333  0.000e+00
      4.633    25.4553   4.834982    31.2093       1282     5.3375  0.000e+00
      4.599    25.4584   4.835678    31.2122       1283     5.3417  0.000e+00
      4.561    25.4614   4.835974    31.2123       1284     5.3458  0.000e+00
      4.523    25.4648   4.836690    31.2152       1285     5.3500  0.000e+00
      4.494    25.4689   4.836998    31.2146       1286     5.3542  0.000e+00
      4.461    25.4724   4.837215    31.2137       1287     5.3583  0.000e+00
      4.434    25.4755   4.837353    31.2126       1288     5.3625  0.000e+00
      4.407    25.4779   4.837589    31.2127       1289     5.3667  0.000e+00
      4.376    25.4801   4.837826    31.2129       1290     5.3708  0.000e+00
      4.355    25.4822   4.837964    31.2125       1291     5.3750  0.000e+00
      4.335    25.4839   4.838266    31.2135       1292     5.3792  0.000e+00
      4.317    25.4859   4.838489    31.2138       1293     5.3833  0.000e+00
      4.313    25.4877   4.838542    31.2130       1294     5.3875  0.000e+00
      4.309    25.4894   4.838457    31.2111       1295     5.3917  0.000e+00
      4.322    25.4899   4.838319    31.2098       1296     5.3958  0.000e+00
      4.333    25.4899   4.838266    31.2094       1297     5.4000  0.000e+00
      4.344    25.4892   4.838181    31.2093       1298     5.4042  0.000e+00
      4.362    25.4887   4.838128    31.2093       1299     5.4083  0.000e+00
      4.363    25.4880   4.838043    31.2091       1300     5.4125  0.000e+00
      4.365    25.4873   4.838069    31.2097       1301     5.4167  0.000e+00
      4.362    25.4871   4.838069    31.2099       1302     5.4208  0.000e+00
      4.362    25.4869   4.838069    31.2101       1303     5.4250  0.000e+00
      4.354    25.4868   4.837931    31.2091       1304     5.4292  0.000e+00
      4.342    25.4862   4.838043    31.2103       1305     5.4333  0.000e+00
      4.316    25.4862   4.838332    31.2124       1306     5.4375  0.000e+00
      4.282    25.4873   4.838765    31.2148       1307     5.4417  0.000e+00
      4.239    25.4890   4.839120    31.2162       1308     5.4458  0.000e+00
      4.197    25.4918   4.839284    31.2155       1309     5.4500  0.000e+00
      4.143    25.4940   4.839508    31.2156       1310     5.4542  0.000e+00
      4.087    25.4961   4.839764    31.2161       1311     5.4583  0.000e+00
      4.025    25.4985   4.840198    31.2175       1312     5.4625  0.000e+00
      3.953    25.5016   4.840723    31.2193       1313     5.4667  0.000e+00
      3.888    25.5049   4.841164    31.2202       1314     5.4708  0.000e+00
      3.817    25.5092   4.841913    31.2227       1315     5.4750  0.000e+00
      3.747    25.5146   4.842557    31.2237       1316     5.4792  0.000e+00
      3.676    25.5202   4.843129    31.2239       1317     5.4833  0.000e+00
      3.626    25.5261   4.843792    31.2247       1318     5.4875  0.000e+00
      3.570    25.5323   4.844371    31.2247       1319     5.4917  0.000e+00
      3.515    25.5385   4.844759    31.2233       1320     5.4958  0.000e+00
      3.474    25.5440   4.845008    31.2213       1321     5.5000  0.000e+00
      3.427    25.5482   4.845186    31.2197       1322     5.5042  0.000e+00
      3.374    25.5514   4.845370    31.2189       1323     5.5083  0.000e+00
      3.333    25.5546   4.845587    31.2182       1324     5.5125  0.000e+00
      3.304    25.5571   4.845896    31.2188       1325     5.5167  0.000e+00
      3.266    25.5600   4.846198    31.2190       1326     5.5208  0.000e+00
      3.237    25.5631   4.846468    31.2188       1327     5.5250  0.000e+00
      3.201    25.5662   4.846948    31.2202       1328     5.5292  0.000e+00
      3.163    25.5701   4.847526    31.2217       1329     5.5333  0.000e+00
      3.121    25.5749   4.848052    31.2222       1330     5.5375  0.000e+00
      3.081    25.5798   4.848414    31.2215       1331     5.5417  0.000e+00
      3.043    25.5845   4.848703    31.2204       1332     5.5458  0.000e+00
      3.007    25.5884   4.848854    31.2188       1333     5.5500  0.000e+00
      2.976    25.5917   4.848966    31.2174       1334     5.5542  0.000e+00
      2.946    25.5941   4.849157    31.2171       1335     5.5583  0.000e+00
      2.919    25.5962   4.849341    31.2170       1336     5.5625  0.000e+00
      2.890    25.5987   4.849492    31.2164       1337     5.5667  0.000e+00
      2.855    25.6008   4.849656    31.2162       1338     5.5708  0.000e+00
      2.832    25.6028   4.849933    31.2168       1339     5.5750  0.000e+00
      2.817    25.6050   4.850071    31.2162       1340     5.5792  0.000e+00
      2.803    25.6072   4.850110    31.2151       1341     5.5833  0.000e+00
      2.799    25.6086   4.850130    31.2142       1342     5.5875  0.000e+00
      2.799    25.6095   4.850130    31.2136       1343     5.5917  0.000e+00
      2.806    25.6098   4.850097    31.2132       1344     5.5958  0.000e+00
      2.819    25.6101   4.850097    31.2130       1345     5.6000  0.000e+00
      2.815    25.6100   4.850084    31.2130       1346     5.6042  0.000e+00
      2.821    25.6097   4.850044    31.2129       1347     5.6083  0.000e+00
      2.828    25.6096   4.850018    31.2127       1348     5.6125  0.000e+00
      2.839    25.6095   4.849906    31.2120       1349     5.6167  0.000e+00
      2.842    25.6090   4.849821    31.2118       1350     5.6208  0.000e+00
      2.848    25.6081   4.849735    31.2118       1351     5.6250  0.000e+00
      2.844    25.6071   4.849768    31.2127       1352     5.6292  0.000e+00
      2.833    25.6066   4.849992    31.2146       1353     5.6333  0.000e+00
      2.808    25.6072   4.850209    31.2158       1354     5.6375  0.000e+00
      2.774    25.6086   4.850544    31.2172       1355     5.6417  0.000e+00
      2.727    25.6110   4.850992    31.2189       1356     5.6458  0.000e+00
      2.663    25.6145   4.851511    31.2202       1357     5.6500  0.000e+00
      2.580    25.6186   4.852399    31.2239       1358     5.6542  0.000e+00
      2.492    25.6248   4.853399    31.2268       1359     5.6583  0.000e+00
      2.398    25.6327   4.854721    31.2309       1360     5.6625  0.000e+00
      2.305    25.6430   4.855728    31.2312       1361     5.6667  0.000e+00
      2.220    25.6541   4.857031    31.2330       1362     5.6708  0.000e+00
      2.146    25.6664   4.858308    31.2338       1363     5.6750  0.000e+00
      2.067    25.6795   4.859170    31.2311       1364     5.6792  0.000e+00
      2.005    25.6915   4.860058    31.2294       1365     5.6833  0.000e+00
      1.969    25.7029   4.860888    31.2275       1366     5.6875  0.000e+00
      1.937    25.7131   4.861250    31.2232       1367     5.6917  0.000e+00
      1.926    25.7210   4.861302    31.2181       1368     5.6958  0.000e+00
      1.911    25.7264   4.861394    31.2151       1369     5.7000  0.000e+00
      1.909    25.7299   4.861585    31.2141       1370     5.7042  0.000e+00
      1.906    25.7327   4.861750    31.2134       1371     5.7083  0.000e+00
      1.897    25.7350   4.861947    31.2132       1372     5.7125  0.000e+00
      1.884    25.7371   4.862329    31.2146       1373     5.7167  0.000e+00
      1.864    25.7401   4.862724    31.2154       1374     5.7208  0.000e+00
      1.833    25.7432   4.863113    31.2160       1375     5.7250  0.000e+00
      1.812    25.7470   4.863363    31.2152       1376     5.7292  0.000e+00
      1.776    25.7507   4.863804    31.2159       1377     5.7333  0.000e+00
      1.739    25.7544   4.864173    31.2160       1378     5.7375  0.000e+00
      1.689    25.7584   4.864640    31.2167       1379     5.7417  0.000e+00
      1.625    25.7626   4.865055    31.2168       1380     5.7458  0.000e+00
      1.560    25.7675   4.866728    31.2256       1381     5.7500  0.000e+00
      1.495    25.7763   4.868342    31.2311       1382     5.7542  0.000e+00
      1.437    25.7885   4.869705    31.2327       1383     5.7583  0.000e+00
      1.389    25.8017   4.870423    31.2288       1384     5.7625  0.000e+00
      1.342    25.8134   4.871148    31.2260       1385     5.7667  0.000e+00
      1.298    25.8235   4.872360    31.2278       1386     5.7708  0.000e+00
      1.262    25.8342   4.873408    31.2281       1387     5.7750  0.000e+00
      1.208    25.8453   4.875438    31.2351       1388     5.7792  0.000e+00
      1.155    25.8596   4.877179    31.2379       1389     5.7833  0.000e+00
      1.112    25.8754   4.878147    31.2340       1390     5.7875  0.000e+00
      1.081    25.8898   4.878536    31.2271       1391     5.7917  0.000e+00
      1.078    25.9008   4.878813    31.2215       1392     5.7958  0.000e+00
      1.074    25.9084   4.878925    31.2172       1393     5.8000  0.000e+00
      1.061    25.9132   4.879683    31.2193       1394     5.8042  0.000e+00
      1.031    25.9192   4.881748    31.2301       1395     5.8083  0.000e+00
      0.987    25.9298   4.882559    31.2287       1396     5.8125  0.000e+00
      0.956    25.9414   4.883139    31.2249       1397     5.8167  0.000e+00
      0.940    25.9509   4.884260    31.2265       1398     5.8208  0.000e+00
      0.933    25.9607   4.884458    31.2213       1399     5.8250  0.000e+00
      0.931    25.9679   4.884484    31.2166       1400     5.8292  0.000e+00
      0.936    25.9726   4.884570    31.2139       1401     5.8333  0.000e+00
      0.935    25.9758   4.885072    31.2154       1402     5.8375  0.000e+00
      0.907    25.9798   4.886550    31.2233       1403     5.8417  0.000e+00
      0.851    25.9872   4.887816    31.2273       1404     5.8458  0.000e+00
      0.799    25.9974   4.889908    31.2353       1405     5.8500  0.000e+00
      0.772    26.0116   4.891195    31.2349       1406     5.8542  0.000e+00
      0.767    26.0267   4.892311    31.2326       1407     5.8583  0.000e+00
      0.712    26.0406   4.894668    31.2400       1408     5.8625  0.000e+00
      0.644    26.0580   4.898478    31.2554       1409     5.8667  0.000e+00
      0.582    26.0836   4.901015    31.2562       1410     5.8708  0.000e+00
      0.568    26.1110   4.902184    31.2459       1411     5.8750  0.000e+00
      0.562    26.1337   4.902719    31.2343       1412     5.8792  0.000e+00
      0.542    26.1504   4.903683    31.2299       1413     5.8833  0.000e+00
      0.479    26.1644   4.907153    31.2451       1414     5.8875  0.000e+00
      0.414    26.1849   4.910611    31.2559       1415     5.8917  0.000e+00
      0.361    26.2115   4.914043    31.2623       1416     5.8958  0.000e+00
      0.334    26.2419   4.915961    31.2553       1417     5.9000  0.000e+00
      0.311    26.2692   4.916496    31.2406       1418     5.9042  0.000e+00
      0.307    26.2889   4.917158    31.2320       1419     5.9083  0.000e+00
      0.300    26.3032   4.918639    31.2329       1420     5.9125  0.000e+00
      0.293    26.3175   4.921346    31.2424       1421     5.9167  0.000e+00
      0.247    26.3358   4.923934    31.2484       1422     5.9208  0.000e+00
      0.172    26.3589   4.933550    31.3012       1423     5.9250  0.000e+00
      0.081    26.4046   4.941185    31.3244       1424     5.9292  0.000e+00
      0.003    26.4690   4.960701    31.4192       1425     5.9333  0.000e+00
     -0.033    26.5748   1.849890    10.5793       1426     5.9375  0.000e+00
     -0.033    26.6578   0.692423     3.6607       1427     5.9417  0.000e+00
     -0.031    26.6542   0.431434     2.2112       1428     5.9458  0.000e+00
     -0.033    26.6178   0.315899     1.5905       1429     5.9500  0.000e+00
     -0.033    26.5764   0.255133     1.2705       1430     5.9542  0.000e+00
     -0.031    26.5462   0.055220     0.2593       1431     5.9583  0.000e+00
     -0.029    26.5207   0.000893     0.0142       1432     5.9625  0.000e+00
     -0.031    26.4994   0.007761     0.0411       1433     5.9667  0.000e+00
     -0.027    26.4819   1.807000    10.3333       1434     5.9708  0.000e+00
     -0.011    26.4669   1.662562     9.4424       1435     5.9750  0.000e+00
      0.043    26.4496   2.398909    14.0827       1436     5.9792  0.000e+00
      0.081    26.4337   3.012307    18.0828       1437     5.9833  0.000e+00
      0.086    26.4250   4.792544    30.2583       1438     5.9875  0.000e+00
      0.050    26.4191   4.811636    30.3971       1439     5.9917  0.000e+00
      0.028    26.4260   4.900745    31.0231       1440     5.9958  0.000e+00
      0.032    26.4605   4.898558    30.9845       1441     6.0000  0.000e+00
      0.046    26.5031   4.884476    30.8563       1442     6.0042  0.000e+00
