HB2304/sbe008.cnv
* Sea-Bird SBE 19plus V2 Data File:
* FileName = C:\cruise\data\sbe008.hex
* Software Version Seasave V 7.26.7.121
* Temperature SN = 7037
* Conductivity SN = 7037
* System UpLoad Time = Sep 12 2023 15:33:56
** Ship: Bigelow
** Cruise:  HB2304
** Program:  Fall Bottom Trawl
# nquan = 7
# nvalues = 1310                                  
# units = specified
# name 0 = depSM: Depth [salt water, m], lat = 40.00
# name 1 = tv290C: Temperature [ITS-90, deg C]
# name 2 = c0S/m: Conductivity [S/m]
# name 3 = sal00: Salinity, Practical [PSU]
# name 4 = scan: Scan Count
# name 5 = timeM: Time, Elapsed [minutes]
# name 6 = flag:  0.000e+00
# span 0 =     -0.028,     38.091                 
# span 1 =    10.8295,    27.5507                 
# span 2 =  -0.000122,   4.904608                 
# span 3 =     0.0000,    32.9270                 
# span 4 =         11,       1320                 
# span 5 =     0.0417,     5.4958                 
# span 6 = 0.0000e+00, 0.0000e+00                 
# interval = seconds: 0.25
# start_time = Sep 12 2023 15:33:56 [System UTC, header]
# bad_flag = -9.990e-29
*END*
     -0.007    27.5507  -0.000039     0.0000         11     0.0417  0.000e+00
     -0.003    27.5501  -0.000044     0.0000         12     0.0458  0.000e+00
     -0.008    27.5495  -0.000044     0.0000         13     0.0500  0.000e+00
     -0.007    27.5491  -0.000042     0.0000         14     0.0542  0.000e+00
     -0.008    27.5483  -0.000044     0.0000         15     0.0583  0.000e+00
     -0.014    27.5480  -0.000044     0.0000         16     0.0625  0.000e+00
     -0.014    27.5472  -0.000044     0.0000         17     0.0667  0.000e+00
     -0.010    27.5469  -0.000039     0.0000         18     0.0708  0.000e+00
     -0.010    27.5464  -0.000044     0.0000         19     0.0750  0.000e+00
     -0.008    27.5458  -0.000042     0.0000         20     0.0792  0.000e+00
     -0.012    27.5451  -0.000044     0.0000         21     0.0833  0.000e+00
     -0.016    27.5445  -0.000039     0.0000         22     0.0875  0.000e+00
     -0.012    27.5440  -0.000039     0.0000         23     0.0917  0.000e+00
     -0.007    27.5434  -0.000039     0.0000         24     0.0958  0.000e+00
     -0.003    27.5428  -0.000039     0.0000         25     0.1000  0.000e+00
      0.002    27.5421  -0.000044     0.0000         26     0.1042  0.000e+00
     -0.008    27.5416  -0.000036     0.0000         27     0.1083  0.000e+00
     -0.007    27.5410  -0.000044     0.0000         28     0.1125  0.000e+00
     -0.008    27.5402  -0.000039     0.0000         29     0.1167  0.000e+00
     -0.008    27.5397  -0.000039     0.0000         30     0.1208  0.000e+00
     -0.007    27.5392  -0.000044     0.0000         31     0.1250  0.000e+00
     -0.008    27.5384  -0.000039     0.0000         32     0.1292  0.000e+00
     -0.007    27.5380  -0.000042     0.0000         33     0.1333  0.000e+00
     -0.008    27.5373  -0.000044     0.0000         34     0.1375  0.000e+00
     -0.008    27.5368  -0.000044     0.0000         35     0.1417  0.000e+00
     -0.008    27.5362  -0.000044     0.0000         36     0.1458  0.000e+00
     -0.006    27.5359  -0.000039     0.0000         37     0.1500  0.000e+00
     -0.006    27.5352  -0.000044     0.0000         38     0.1542  0.000e+00
     -0.006    27.5344  -0.000044     0.0000         39     0.1583  0.000e+00
     -0.005    27.5337  -0.000042     0.0000         40     0.1625  0.000e+00
     -0.006    27.5334  -0.000039     0.0000         41     0.1667  0.000e+00
     -0.008    27.5330  -0.000044     0.0000         42     0.1708  0.000e+00
     -0.006    27.5328  -0.000044     0.0000         43     0.1750  0.000e+00
     -0.008    27.5318  -0.000039     0.0000         44     0.1792  0.000e+00
     -0.006    27.5312  -0.000039     0.0000         45     0.1833  0.000e+00
     -0.006    27.5304  -0.000039     0.0000         46     0.1875  0.000e+00
     -0.005    27.5297  -0.000042     0.0000         47     0.1917  0.000e+00
     -0.005    27.5288  -0.000044     0.0000         48     0.1958  0.000e+00
     -0.007    27.5283  -0.000044     0.0000         49     0.2000  0.000e+00
     -0.016    27.5276  -0.000039     0.0000         50     0.2042  0.000e+00
     -0.010    27.5267  -0.000039     0.0000         51     0.2083  0.000e+00
     -0.012    27.5258  -0.000044     0.0000         52     0.2125  0.000e+00
     -0.007    27.5252  -0.000042     0.0000         53     0.2167  0.000e+00
     -0.003    27.5243  -0.000044     0.0000         54     0.2208  0.000e+00
     -0.005    27.5232  -0.000044     0.0000         55     0.2250  0.000e+00
     -0.008    27.5228  -0.000044     0.0000         56     0.2292  0.000e+00
     -0.008    27.5218  -0.000039     0.0000         57     0.2333  0.000e+00
     -0.003    27.5210  -0.000044     0.0000         58     0.2375  0.000e+00
     -0.007    27.5203  -0.000044     0.0000         59     0.2417  0.000e+00
     -0.006    27.5194  -0.000047     0.0000         60     0.2458  0.000e+00
     -0.001    27.5185  -0.000044     0.0000         61     0.2500  0.000e+00
     -0.006    27.5181  -0.000044     0.0000         62     0.2542  0.000e+00
     -0.008    27.5172  -0.000044     0.0000         63     0.2583  0.000e+00
     -0.012    27.5171  -0.000044     0.0000         64     0.2625  0.000e+00
     -0.008    27.5183  -0.000044     0.0000         65     0.2667  0.000e+00
     -0.006    27.5201  -0.000042     0.0000         66     0.2708  0.000e+00
     -0.006    27.5220  -0.000044     0.0000         67     0.2750  0.000e+00
     -0.008    27.5248  -0.000039     0.0000         68     0.2792  0.000e+00
     -0.010    27.5279  -0.000039     0.0000         69     0.2833  0.000e+00
     -0.005    27.5311  -0.000044     0.0000         70     0.2875  0.000e+00
     -0.008    27.5347  -0.000044     0.0000         71     0.2917  0.000e+00
     -0.006    27.5372  -0.000044     0.0000         72     0.2958  0.000e+00
     -0.010    27.5384  -0.000042     0.0000         73     0.3000  0.000e+00
     -0.006    27.5384  -0.000044     0.0000         74     0.3042  0.000e+00
     -0.008    27.5375  -0.000039     0.0000         75     0.3083  0.000e+00
     -0.005    27.5366  -0.000039     0.0000         76     0.3125  0.000e+00
     -0.006    27.5354  -0.000039     0.0000         77     0.3167  0.000e+00
     -0.008    27.5342  -0.000039     0.0000         78     0.3208  0.000e+00
     -0.012    27.5328  -0.000044     0.0000         79     0.3250  0.000e+00
     -0.005    27.5320  -0.000042     0.0000         80     0.3292  0.000e+00
     -0.003    27.5313  -0.000044     0.0000         81     0.3333  0.000e+00
     -0.005    27.5310  -0.000039     0.0000         82     0.3375  0.000e+00
     -0.006    27.5313  -0.000039     0.0000         83     0.3417  0.000e+00
     -0.003    27.5318  -0.000039     0.0000         84     0.3458  0.000e+00
     -0.006    27.5326  -0.000044     0.0000         85     0.3500  0.000e+00
     -0.003    27.5343  -0.000042     0.0000         86     0.3542  0.000e+00
     -0.003    27.5355  -0.000044     0.0000         87     0.3583  0.000e+00
     -0.005    27.5369  -0.000044     0.0000         88     0.3625  0.000e+00
     -0.005    27.5386  -0.000044     0.0000         89     0.3667  0.000e+00
     -0.005    27.5393  -0.000039     0.0000         90     0.3708  0.000e+00
     -0.003    27.5391  -0.000039     0.0000         91     0.3750  0.000e+00
     -0.003    27.5379  -0.000044     0.0000         92     0.3792  0.000e+00
     -0.005    27.5367  -0.000042     0.0000         93     0.3833  0.000e+00
     -0.001    27.5353  -0.000044     0.0000         94     0.3875  0.000e+00
     -0.003    27.5337  -0.000044     0.0000         95     0.3917  0.000e+00
      0.001    27.5320  -0.000039     0.0000         96     0.3958  0.000e+00
     -0.003    27.5310  -0.000039     0.0000         97     0.4000  0.000e+00
     -0.006    27.5293  -0.000044     0.0000         98     0.4042  0.000e+00
     -0.008    27.5277  -0.000042     0.0000         99     0.4083  0.000e+00
     -0.006    27.5264  -0.000039     0.0000        100     0.4125  0.000e+00
     -0.008    27.5252  -0.000084     0.0000        101     0.4167  0.000e+00
      0.006    27.5254  -0.000074     0.0000        102     0.4208  0.000e+00
      0.219    27.5277  -0.000068     0.0000        103     0.4250  0.000e+00
      0.373    27.5255  -0.000122     0.0000        104     0.4292  0.000e+00
      0.485    27.3116   1.622549     9.0328        105     0.4333  0.000e+00
      0.559    26.8751   2.504821    14.6307        106     0.4375  0.000e+00
      0.657    26.5387   3.385872    20.5218        107     0.4417  0.000e+00
      0.799    26.3286   3.129478    18.9007        108     0.4458  0.000e+00
      0.993    26.1827   3.624333    22.2945        109     0.4500  0.000e+00
      1.201    26.0863   4.261635    26.7389        110     0.4542  0.000e+00
      1.421    26.0194   4.887895    31.2058        111     0.4583  0.000e+00
      1.631    25.9765   4.894465    31.2819        112     0.4625  0.000e+00
      1.819    25.9488   4.899016    31.3334        113     0.4667  0.000e+00
      1.981    25.9346   4.901738    31.3625        114     0.4708  0.000e+00
      2.115    25.9274   4.897266    31.3353        115     0.4750  0.000e+00
      2.223    25.8955   4.876249    31.2065        116     0.4792  0.000e+00
      2.325    25.8260   4.865805    31.1788        117     0.4833  0.000e+00
      2.415    25.7511   4.864166    31.2181        118     0.4875  0.000e+00
      2.518    25.6939   4.877267    31.3514        119     0.4917  0.000e+00
      2.641    25.6530   4.892826    31.4915        120     0.4958  0.000e+00
      2.773    25.6762   4.897224    31.5072        121     0.5000  0.000e+00
      2.925    25.7244   4.898108    31.4803        122     0.5042  0.000e+00
      3.091    25.7681   4.897698    31.4473        123     0.5083  0.000e+00
      3.275    25.8008   4.897955    31.4266        124     0.5125  0.000e+00
      3.465    25.8215   4.899534    31.4237        125     0.5167  0.000e+00
      3.651    25.8345   4.902751    31.4379        126     0.5208  0.000e+00
      3.828    25.8453   4.903928    31.4389        127     0.5250  0.000e+00
      3.975    25.8540   4.904608    31.4377        128     0.5292  0.000e+00
      4.056    25.8561   4.901793    31.4161        129     0.5333  0.000e+00
      4.060    25.8243   4.886026    31.3246        130     0.5375  0.000e+00
      4.002    25.7654   4.868784    31.2410        131     0.5417  0.000e+00
      3.933    25.6761   4.859256    31.2335        132     0.5458  0.000e+00
      3.870    25.5814   4.859113    31.2973        133     0.5500  0.000e+00
      3.826    25.5078   4.870851    31.4327        134     0.5542  0.000e+00
      3.796    25.4556   4.884105    31.5646        135     0.5583  0.000e+00
      3.778    25.4476   4.885352    31.5792        136     0.5625  0.000e+00
      3.761    25.5182   4.886644    31.5396        137     0.5667  0.000e+00
      3.760    25.5957   4.891679    31.5225        138     0.5708  0.000e+00
      3.769    25.6654   4.892694    31.4817        139     0.5750  0.000e+00
      3.767    25.7198   4.891848    31.4382        140     0.5792  0.000e+00
      3.760    25.7667   4.890752    31.3981        141     0.5833  0.000e+00
      3.742    25.8002   4.891147    31.3780        142     0.5875  0.000e+00
      3.724    25.8223   4.890777    31.3602        143     0.5917  0.000e+00
      3.698    25.8354   4.889747    31.3439        144     0.5958  0.000e+00
      3.667    25.8431   4.888124    31.3269        145     0.6000  0.000e+00
      3.637    25.8460   4.886421    31.3127        146     0.6042  0.000e+00
      3.604    25.8445   4.885128    31.3045        147     0.6083  0.000e+00
      3.575    25.8406   4.883841    31.2979        148     0.6125  0.000e+00
      3.554    25.8351   4.882845    31.2945        149     0.6167  0.000e+00
      3.546    25.8297   4.882199    31.2936        150     0.6208  0.000e+00
      3.541    25.8219   4.881579    31.2945        151     0.6250  0.000e+00
      3.546    25.8160   4.880524    31.2909        152     0.6292  0.000e+00
      3.555    25.8122   4.879436    31.2857        153     0.6333  0.000e+00
      3.579    25.8089   4.877926    31.2771        154     0.6375  0.000e+00
      3.608    25.7989   4.876587    31.2743        155     0.6417  0.000e+00
      3.638    25.7920   4.875223    31.2693        156     0.6458  0.000e+00
      3.662    25.7832   4.873562    31.2633        157     0.6500  0.000e+00
      3.669    25.7745   4.872072    31.2585        158     0.6542  0.000e+00
      3.660    25.7614   4.870761    31.2581        159     0.6583  0.000e+00
      3.644    25.7410   4.869061    31.2598        160     0.6625  0.000e+00
      3.631    25.7210   4.867593    31.2629        161     0.6667  0.000e+00
      3.622    25.7031   4.865979    31.2635        162     0.6708  0.000e+00
      3.635    25.6882   4.864504    31.2631        163     0.6750  0.000e+00
      3.669    25.6760   4.862390    31.2562        164     0.6792  0.000e+00
      3.711    25.6567   4.860619    31.2567        165     0.6833  0.000e+00
      3.772    25.6351   4.859283    31.2618        166     0.6875  0.000e+00
      3.844    25.6249   4.857921    31.2589        167     0.6917  0.000e+00
      3.922    25.6149   4.856697    31.2570        168     0.6958  0.000e+00
      4.011    25.5950   4.855493    31.2619        169     0.7000  0.000e+00
      4.101    25.5774   4.854677    31.2680        170     0.7042  0.000e+00
      4.199    25.5610   4.853651    31.2718        171     0.7083  0.000e+00
      4.314    25.5478   4.852513    31.2726        172     0.7125  0.000e+00
      4.430    25.5455   4.852151    31.2715        173     0.7167  0.000e+00
      4.549    25.5380   4.851474    31.2717        174     0.7208  0.000e+00
      4.669    25.5268   4.850297    31.2709        175     0.7250  0.000e+00
      4.793    25.5143   4.849297    31.2722        176     0.7292  0.000e+00
      4.913    25.5034   4.848554    31.2743        177     0.7333  0.000e+00
      5.034    25.4929   4.847995    31.2774        178     0.7375  0.000e+00
      5.140    25.4873   4.847397    31.2769        179     0.7417  0.000e+00
      5.254    25.4812   4.846976    31.2780        180     0.7458  0.000e+00
      5.352    25.4752   4.846365    31.2777        181     0.7500  0.000e+00
      5.456    25.4731   4.845951    31.2761        182     0.7542  0.000e+00
      5.556    25.4637   4.845372    31.2784        183     0.7583  0.000e+00
      5.657    25.4567   4.844820    31.2792        184     0.7625  0.000e+00
      5.753    25.4510   4.844294    31.2792        185     0.7667  0.000e+00
      5.847    25.4427   4.843795    31.2813        186     0.7708  0.000e+00
      5.939    25.4367   4.843243    31.2814        187     0.7750  0.000e+00
      6.038    25.4300   4.842829    31.2829        188     0.7792  0.000e+00
      6.143    25.4285   4.842264    31.2799        189     0.7833  0.000e+00
      6.260    25.4240   4.841613    31.2782        190     0.7875  0.000e+00
      6.383    25.4193   4.841087    31.2776        191     0.7917  0.000e+00
      6.512    25.4168   4.840562    31.2755        192     0.7958  0.000e+00
      6.644    25.4132   4.840174    31.2751        193     0.8000  0.000e+00
      6.774    25.4081   4.839635    31.2747        194     0.8042  0.000e+00
      6.908    25.4019   4.839399    31.2772        195     0.8083  0.000e+00
      7.047    25.3893   4.839149    31.2840        196     0.8125  0.000e+00
      7.190    25.3819   4.838847    31.2868        197     0.8167  0.000e+00
      7.332    25.3740   4.838545    31.2901        198     0.8208  0.000e+00
      7.473    25.3680   4.838131    31.2912        199     0.8250  0.000e+00
      7.607    25.3610   4.837672    31.2926        200     0.8292  0.000e+00
      7.746    25.3533   4.837166    31.2942        201     0.8333  0.000e+00
      7.883    25.3468   4.836529    31.2940        202     0.8375  0.000e+00
      8.019    25.3431   4.836200    31.2941        203     0.8417  0.000e+00
      8.158    25.3363   4.835813    31.2959        204     0.8458  0.000e+00
      8.299    25.3326   4.835445    31.2958        205     0.8500  0.000e+00
      8.433    25.3271   4.834933    31.2959        206     0.8542  0.000e+00
      8.559    25.3246   4.834519    31.2945        207     0.8583  0.000e+00
      8.693    25.3151   4.834184    31.2986        208     0.8625  0.000e+00
      8.832    25.3043   4.833856    31.3036        209     0.8667  0.000e+00
      8.968    25.2955   4.833581    31.3076        210     0.8708  0.000e+00
      9.107    25.2880   4.833272    31.3105        211     0.8750  0.000e+00
      9.239    25.2817   4.832918    31.3122        212     0.8792  0.000e+00
      9.372    25.2766   4.832451    31.3123        213     0.8833  0.000e+00
      9.511    25.2749   4.832202    31.3116        214     0.8875  0.000e+00
      9.658    25.2690   4.832064    31.3147        215     0.8917  0.000e+00
