HB2304/sbe070.cnv
* Sea-Bird SBE 19plus V2 Data File:
* FileName = C:\cruise\data\sbe070.hex
* Software Version Seasave V 7.26.7.121
* Temperature SN = 7037
* Conductivity SN = 7037
* System UpLoad Time = Oct 14 2023 19:04:28
** Ship: Bigelow
** Cruise:  HB2304
** Program:  Fall Bottom Trawl
# nquan = 7
# nvalues = 1155                                  
# units = specified
# name 0 = depSM: Depth [salt water, m], lat = 40.00
# name 1 = tv290C: Temperature [ITS-90, deg C]
# name 2 = c0S/m: Conductivity [S/m]
# name 3 = sal00: Salinity, Practical [PSU]
# name 4 = scan: Scan Count
# name 5 = timeM: Time, Elapsed [minutes]
# name 6 = flag:  0.000e+00
# span 0 =     -0.130,     58.637                 
# span 1 =    14.1182,    15.1091                 
# span 2 =  -0.000028,   3.967811                 
# span 3 =     0.0000,    32.1814                 
# span 4 =         11,       1165                 
# span 5 =     0.0417,     4.8500                 
# span 6 = 0.0000e+00, 0.0000e+00                 
# interval = seconds: 0.25
# start_time = Oct 14 2023 19:04:28 [System UTC, header]
# bad_flag = -9.990e-29
*END*
[from data line 1026]
      2.249    14.8244   3.951911    32.0633       1037     4.3167  0.000e+00
      2.204    14.8244   3.951887    32.0631       1038     4.3208  0.000e+00
      2.159    14.8245   3.952008    32.0642       1039     4.3250  0.000e+00
      2.101    14.8246   3.951959    32.0637       1040     4.3292  0.000e+00
      2.036    14.8250   3.952147    32.0650       1041     4.3333  0.000e+00
      1.958    14.8258   3.952098    32.0640       1042     4.3375  0.000e+00
      1.888    14.8260   3.951959    32.0626       1043     4.3417  0.000e+00
      1.814    14.8258   3.952074    32.0638       1044     4.3458  0.000e+00
      1.754    14.8261   3.952146    32.0642       1045     4.3500  0.000e+00
      1.689    14.8265   3.952032    32.0629       1046     4.3542  0.000e+00
      1.649    14.8267   3.952056    32.0630       1047     4.3583  0.000e+00
      1.619    14.8266   3.952074    32.0633       1048     4.3625  0.000e+00
      1.590    14.8267   3.952008    32.0626       1049     4.3667  0.000e+00
      1.554    14.8265   3.951935    32.0621       1050     4.3708  0.000e+00
      1.510    14.8262   3.951935    32.0624       1051     4.3750  0.000e+00
      1.463    14.8261   3.952219    32.0650       1052     4.3792  0.000e+00
      1.402    14.8263   3.952261    32.0652       1053     4.3833  0.000e+00
      1.335    14.8273   3.952195    32.0639       1054     4.3875  0.000e+00
      1.277    14.8277   3.951935    32.0612       1055     4.3917  0.000e+00
      1.219    14.8271   3.951869    32.0611       1056     4.3958  0.000e+00
      1.172    14.8260   3.951681    32.0604       1057     4.4000  0.000e+00
      1.127    14.8248   3.951724    32.0617       1058     4.4042  0.000e+00
      1.091    14.8240   3.951796    32.0631       1059     4.4083  0.000e+00
      1.051    14.8239   3.952001    32.0650       1060     4.4125  0.000e+00
      0.990    14.8243   3.951935    32.0641       1061     4.4167  0.000e+00
      0.914    14.8251   3.951911    32.0633       1062     4.4208  0.000e+00
      0.836    14.8252   3.951911    32.0632       1063     4.4250  0.000e+00
      0.793    14.8251   3.951911    32.0633       1064     4.4292  0.000e+00
      0.759    14.8251   3.951959    32.0638       1065     4.4333  0.000e+00
      0.721    14.8253   3.952031    32.0642       1066     4.4375  0.000e+00
      0.690    14.8259   3.953553    32.0776       1067     4.4417  0.000e+00
      0.652    14.8298   3.952031    32.0606       1068     4.4458  0.000e+00
      0.605    14.8304   3.951681    32.0569       1069     4.4500  0.000e+00
      0.571    14.8281   3.952218    32.0637       1070     4.4542  0.000e+00
      0.531    14.8274   3.952357    32.0655       1071     4.4583  0.000e+00
      0.488    14.8286   3.951983    32.0612       1072     4.4625  0.000e+00
      0.439    14.8283   3.951536    32.0575       1073     4.4667  0.000e+00
      0.413    14.8263   3.951772    32.0612       1074     4.4708  0.000e+00
      0.404    14.8252   3.952055    32.0647       1075     4.4750  0.000e+00
      0.408    14.8255   3.951983    32.0638       1076     4.4792  0.000e+00
      0.381    14.8260   3.951935    32.0630       1077     4.4833  0.000e+00
      0.318    14.8268   3.958607    32.1226       1078     4.4875  0.000e+00
      0.254    14.8431   3.958257    32.1061       1079     4.4917  0.000e+00
      0.197    14.8638   3.953830    32.0491       1080     4.4958  0.000e+00
      0.121    14.8641   3.954041    32.0508       1081     4.5000  0.000e+00
      0.063    14.8601   3.963139    32.1362       1082     4.5042  0.000e+00
      0.014    14.8802   3.964637    32.1332       1083     4.5083  0.000e+00
      0.038    14.9130   3.967811    32.1349       1084     4.5125  0.000e+00
      0.047    14.9493   3.961609    32.0491       1085     4.5167  0.000e+00
      0.074    14.9450   3.956921    32.0104       1086     4.5208  0.000e+00
      0.117    14.9300   3.953763    31.9942       1087     4.5250  0.000e+00
      0.166    14.9014   3.954089    32.0205       1088     4.5292  0.000e+00
      0.184    14.8811   3.953196    32.0291       1089     4.5333  0.000e+00
      0.195    14.8664   3.953196    32.0412       1090     4.5375  0.000e+00
      0.189    14.8564   3.952333    32.0416       1091     4.5417  0.000e+00
      0.139    14.8484   3.954555    32.0683       1092     4.5458  0.000e+00
      0.068    14.8488   3.960510    32.1218       1093     4.5500  0.000e+00
      0.020    14.8695   3.944385    31.9592       1094     4.5542  0.000e+00
     -0.018    14.9014   3.948475    31.9699       1095     4.5583  0.000e+00
     -0.029    14.9296   3.960956    32.0594       1096     4.5625  0.000e+00
     -0.015    14.9394   3.961397    32.0553       1097     4.5667  0.000e+00
     -0.015    14.9379   3.961705    32.0593       1098     4.5708  0.000e+00
     -0.027    14.9341   3.963815    32.0815       1099     4.5750  0.000e+00
     -0.031    14.9390   3.957670    32.0220       1100     4.5792  0.000e+00
     -0.065    14.9324   3.951631    31.9730       1101     4.5833  0.000e+00
     -0.119    14.9109   1.680812    12.5088       1102     4.5875  0.000e+00
     -0.123    14.8900   0.614454     4.2307       1103     4.5917  0.000e+00
     -0.121    14.8575   0.425319     2.8598       1104     4.5958  0.000e+00
     -0.123    14.8132   0.323641     2.1420       1105     4.6000  0.000e+00
     -0.121    14.7724   0.272033     1.7841       1106     4.6042  0.000e+00
     -0.119    14.7505   0.229448     1.4913       1107     4.6083  0.000e+00
     -0.121    14.7421   0.205451     1.3277       1108     4.6125  0.000e+00
     -0.120    14.7399   0.187990     1.2092       1109     4.6167  0.000e+00
     -0.123    14.7409   0.174784     1.1200       1110     4.6208  0.000e+00
     -0.125    14.7432   0.162213     1.0355       1111     4.6250  0.000e+00
     -0.129    14.7468   0.149960     0.9535       1112     4.6292  0.000e+00
     -0.129    14.7511   0.137868     0.8730       1113     4.6333  0.000e+00
     -0.127    14.7550   0.127141     0.8019       1114     4.6375  0.000e+00
     -0.130    14.7589   0.118951     0.7479       1115     4.6417  0.000e+00
     -0.123    14.7624   0.112505     0.7055       1116     4.6458  0.000e+00
     -0.127    14.7656   0.149751     0.9516       1117     4.6500  0.000e+00
     -0.125    14.7686   0.251247     1.6405       1118     4.6542  0.000e+00
     -0.120    14.7711   0.257565     1.6840       1119     4.6583  0.000e+00
     -0.120    14.7735   0.235775     1.5338       1120     4.6625  0.000e+00
     -0.121    14.7757   0.208862     1.3497       1121     4.6667  0.000e+00
     -0.121    14.7782   0.191548     1.2321       1122     4.6708  0.000e+00
     -0.123    14.7776   0.178591     1.1446       1123     4.6750  0.000e+00
     -0.118    14.7653   0.159425     1.0163       1124     4.6792  0.000e+00
     -0.120    14.7473   0.141685     0.8984       1125     4.6833  0.000e+00
     -0.118    14.7370   0.127746     0.8063       1126     4.6875  0.000e+00
     -0.118    14.7333   0.118198     0.7434       1127     4.6917  0.000e+00
     -0.119    14.7333   0.107291     0.6719       1128     4.6958  0.000e+00
     -0.123    14.7348   0.094818     0.5906       1129     4.7000  0.000e+00
     -0.123    14.7371   0.084106     0.5213       1130     4.7042  0.000e+00
     -0.123    14.7395   0.074921     0.4622       1131     4.7083  0.000e+00
     -0.123    14.7420   0.067019     0.4117       1132     4.7125  0.000e+00
     -0.123    14.7442   0.059812     0.3660       1133     4.7167  0.000e+00
     -0.125    14.7465   0.052388     0.3192       1134     4.7208  0.000e+00
     -0.121    14.7498   0.042409     0.2568       1135     4.7250  0.000e+00
     -0.121    14.7532   0.019595     0.1173       1136     4.7292  0.000e+00
     -0.118    14.7564   0.017430     0.1044       1137     4.7333  0.000e+00
     -0.118    14.7594   0.012702     0.0765       1138     4.7375  0.000e+00
     -0.116    14.7600   0.000039     0.0076       1139     4.7417  0.000e+00
     -0.114    14.7514  -0.000002     0.0000       1140     4.7458  0.000e+00
     -0.114    14.7366  -0.000023     0.0000       1141     4.7500  0.000e+00
     -0.116    14.7262  -0.000023     0.0000       1142     4.7542  0.000e+00
     -0.118    14.7226  -0.000023     0.0000       1143     4.7583  0.000e+00
     -0.118    14.7228  -0.000023     0.0000       1144     4.7625  0.000e+00
     -0.120    14.7238  -0.000028     0.0000       1145     4.7667  0.000e+00
     -0.123    14.7242  -0.000028     0.0000       1146     4.7708  0.000e+00
     -0.118    14.7256  -0.000028     0.0000       1147     4.7750  0.000e+00
     -0.116    14.7278  -0.000018     0.0000       1148     4.7792  0.000e+00
     -0.114    14.7302  -0.000018     0.0000       1149     4.7833  0.000e+00
     -0.120    14.7329  -0.000023     0.0000       1150     4.7875  0.000e+00
     -0.122    14.7354  -0.000028     0.0000       1151     4.7917  0.000e+00
     -0.118    14.7376  -0.000023     0.0000       1152     4.7958  0.000e+00
     -0.116    14.7393  -0.000023     0.0000       1153     4.8000  0.000e+00
     -0.118    14.7419  -0.000023     0.0000       1154     4.8042  0.000e+00
     -0.116    14.7440  -0.000028     0.0000       1155     4.8083  0.000e+00
     -0.116    14.7461  -0.000023     0.0000       1156     4.8125  0.000e+00
     -0.114    14.7484  -0.000023     0.0000       1157     4.8167  0.000e+00
     -0.123    14.7502  -0.000028     0.0000       1158     4.8208  0.000e+00
     -0.123    14.7522  -0.000023     0.0000       1159     4.8250  0.000e+00
     -0.118    14.7541  -0.000023     0.0000       1160     4.8292  0.000e+00
     -0.121    14.7559  -0.000023     0.0000       1161     4.8333  0.000e+00
     -0.114    14.7577  -0.000028     0.0000       1162     4.8375  0.000e+00
     -0.111    14.7594  -0.000023     0.0000       1163     4.8417  0.000e+00
     -0.112    14.7610  -0.000023     0.0000       1164     4.8458  0.000e+00
     -0.118    14.7627  -0.000023     0.0000       1165     4.8500  0.000e+00
