HB2304/sbe074.cnv
* Sea-Bird SBE 19plus V2 Data File:
* FileName = C:\cruise\data\sbe074.hex
* Software Version Seasave V 7.26.7.121
* Temperature SN = 7037
* Conductivity SN = 7037
* System UpLoad Time = Oct 15 2023 18:33:20
** Ship: Bigelow
** Cruise:  HB2304
** Program:  Fall Bottom Trawl
# nquan = 7
# nvalues = 1542                                  
# units = specified
# name 0 = depSM: Depth [salt water, m], lat = 40.00
# name 1 = tv290C: Temperature [ITS-90, deg C]
# name 2 = c0S/m: Conductivity [S/m]
# name 3 = sal00: Salinity, Practical [PSU]
# name 4 = scan: Scan Count
# name 5 = timeM: Time, Elapsed [minutes]
# name 6 = flag:  0.000e+00
# span 0 =     -0.271,     33.810                 
# span 1 =    13.6748,    15.7082                 
# span 2 =  -0.000012,   4.036660                 
# span 3 =     0.0000,    32.2367                 
# span 4 =         11,       1552                 
# span 5 =     0.0417,     6.4625                 
# span 6 = 0.0000e+00, 0.0000e+00                 
# interval = seconds: 0.25
# start_time = Oct 15 2023 18:33:20 [System UTC, header]
# bad_flag = -9.990e-29
*END*
[from data line 1436]
      2.194    15.6810   4.032206    32.0820       1447     6.0250  0.000e+00
      2.156    15.6811   4.032352    32.0832       1448     6.0292  0.000e+00
      2.134    15.6821   4.032395    32.0828       1449     6.0333  0.000e+00
      2.138    15.6826   4.032346    32.0819       1450     6.0375  0.000e+00
      2.183    15.6828   4.032273    32.0811       1451     6.0417  0.000e+00
      2.259    15.6830   4.032322    32.0813       1452     6.0458  0.000e+00
      2.342    15.6829   4.032419    32.0822       1453     6.0500  0.000e+00
      2.412    15.6832   4.032468    32.0825       1454     6.0542  0.000e+00
      2.477    15.6837   4.032492    32.0822       1455     6.0583  0.000e+00
      2.521    15.6839   4.032468    32.0818       1456     6.0625  0.000e+00
      2.543    15.6842   4.032559    32.0824       1457     6.0667  0.000e+00
      2.528    15.6843   4.032444    32.0812       1458     6.0708  0.000e+00
      2.481    15.6843   4.032395    32.0809       1459     6.0750  0.000e+00
      2.405    15.6843   4.032444    32.0813       1460     6.0792  0.000e+00
      2.302    15.6840   4.032444    32.0816       1461     6.0833  0.000e+00
      2.179    15.6840   4.032346    32.0808       1462     6.0875  0.000e+00
      2.044    15.6838   4.032419    32.0816       1463     6.0917  0.000e+00
      1.919    15.6839   4.032370    32.0812       1464     6.0958  0.000e+00
      1.833    15.6837   4.032328    32.0810       1465     6.1000  0.000e+00
      1.766    15.6836   4.032346    32.0812       1466     6.1042  0.000e+00
      1.715    15.6836   4.032370    32.0815       1467     6.1083  0.000e+00
      1.704    15.6836   4.032370    32.0815       1468     6.1125  0.000e+00
      1.742    15.6836   4.032370    32.0815       1469     6.1167  0.000e+00
      1.836    15.6836   4.032370    32.0815       1470     6.1208  0.000e+00
      1.966    15.6836   4.032419    32.0818       1471     6.1250  0.000e+00
      2.107    15.6836   4.032444    32.0820       1472     6.1292  0.000e+00
      2.216    15.6837   4.032541    32.0827       1473     6.1333  0.000e+00
      2.264    15.6842   4.032675    32.0835       1474     6.1375  0.000e+00
      2.259    15.6848   4.032730    32.0835       1475     6.1417  0.000e+00
      2.214    15.6854   4.032803    32.0837       1476     6.1458  0.000e+00
      2.156    15.6857   4.032705    32.0826       1477     6.1500  0.000e+00
      2.071    15.6861   4.032602    32.0814       1478     6.1542  0.000e+00
      1.966    15.6859   4.032565    32.0812       1479     6.1583  0.000e+00
      1.829    15.6857   4.032395    32.0800       1480     6.1625  0.000e+00
      1.670    15.6848   4.032249    32.0794       1481     6.1667  0.000e+00
      1.464    15.6840   4.032096    32.0789       1482     6.1708  0.000e+00
      1.244    15.6827   4.031938    32.0786       1483     6.1750  0.000e+00
      1.041    15.6816   4.032181    32.0817       1484     6.1792  0.000e+00
      0.929    15.6813   4.032108    32.0814       1485     6.1833  0.000e+00
      0.922    15.6813   4.032145    32.0817       1486     6.1875  0.000e+00
      1.007    15.6813   4.032060    32.0809       1487     6.1917  0.000e+00
      1.133    15.6811   4.031962    32.0801       1488     6.1958  0.000e+00
      1.272    15.6807   4.031962    32.0804       1489     6.2000  0.000e+00
      1.410    15.6802   4.031938    32.0805       1490     6.2042  0.000e+00
      1.533    15.6799   4.031938    32.0807       1491     6.2083  0.000e+00
      1.641    15.6798   4.031865    32.0801       1492     6.2125  0.000e+00
      1.728    15.6796   4.031890    32.0805       1493     6.2167  0.000e+00
      1.762    15.6794   4.031914    32.0808       1494     6.2208  0.000e+00
      1.751    15.6797   4.032212    32.0833       1495     6.2250  0.000e+00
      1.715    15.6802   4.032273    32.0834       1496     6.2292  0.000e+00
      1.632    15.6809   4.032133    32.0816       1497     6.2333  0.000e+00
      1.484    15.6811   4.032084    32.0811       1498     6.2375  0.000e+00
      1.294    15.6809   4.031914    32.0798       1499     6.2417  0.000e+00
      1.068    15.6805   4.031774    32.0789       1500     6.2458  0.000e+00
      0.815    15.6800   4.031938    32.0809       1501     6.2500  0.000e+00
      0.660    15.6800   4.031913    32.0808       1502     6.2542  0.000e+00
      0.499    15.6799   4.031962    32.0813       1503     6.2583  0.000e+00
      0.284    15.6798   4.031913    32.0810       1504     6.2625  0.000e+00
     -0.007    15.6799   4.031889    32.0809       1505     6.2667  0.000e+00
     -0.234    15.6797   3.360390    26.2049       1506     6.2708  0.000e+00
     -0.271    15.6786   0.790072     5.4294       1507     6.2750  0.000e+00
     -0.222    15.6687   0.909021     6.3140       1508     6.2792  0.000e+00
      0.040    15.6563   3.377453    26.3677       1509     6.2833  0.000e+00
      0.328    15.6597   3.924737    31.1481       1510     6.2875  0.000e+00
      0.617    15.6656   3.970202    31.5455       1511     6.2917  0.000e+00
      0.891    15.6702   3.969543    31.5359       1512     6.2958  0.000e+00
      1.133    15.6733   3.967614    31.5162       1513     6.3000  0.000e+00
      1.343    15.6758   3.963824    31.4806       1514     6.3042  0.000e+00
      1.413    15.6773   3.979836    31.6211       1515     6.3083  0.000e+00
      1.513    15.6782   3.974225    31.5707       1516     6.3125  0.000e+00
      1.551    15.6789   3.964791    31.4866       1517     6.3167  0.000e+00
      1.460    15.6792   3.961388    31.4563       1518     6.3208  0.000e+00
      1.245    15.6794   3.975381    31.5801       1519     6.3250  0.000e+00
      1.030    15.6793   3.977311    31.5973       1520     6.3292  0.000e+00
      0.861    15.6791   3.981416    31.6338       1521     6.3333  0.000e+00
      0.709    15.6792   3.989903    31.7090       1522     6.3375  0.000e+00
      0.559    15.6794   3.983826    31.6551       1523     6.3417  0.000e+00
      0.441    15.6793   3.989485    31.7053       1524     6.3458  0.000e+00
      0.322    15.6786   3.994049    31.7463       1525     6.3500  0.000e+00
      0.190    15.6775   4.006583    31.8584       1526     6.3542  0.000e+00
      0.116    15.6764   4.012941    31.9156       1527     6.3583  0.000e+00
      0.187    15.6759   4.015779    31.9412       1528     6.3625  0.000e+00
      0.380    15.6753   4.011150    31.9005       1529     6.3667  0.000e+00
      0.622    15.6749   4.006857    31.8627       1530     6.3708  0.000e+00
      0.879    15.6749   4.001042    31.8111       1531     6.3750  0.000e+00
      1.130    15.6756   3.993977    31.7478       1532     6.3792  0.000e+00
      1.368    15.6762   3.990212    31.7139       1533     6.3833  0.000e+00
      1.582    15.6767   3.992885    31.7371       1534     6.3875  0.000e+00
      1.797    15.6775   3.990449    31.7148       1535     6.3917  0.000e+00
      1.996    15.6778   3.984111    31.6584       1536     6.3958  0.000e+00
      2.095    15.6779   3.984675    31.6632       1537     6.4000  0.000e+00
      2.102    15.6780   3.982846    31.6469       1538     6.4042  0.000e+00
      2.055    15.6780   3.984063    31.6577       1539     6.4083  0.000e+00
      1.970    15.6777   3.980593    31.6273       1540     6.4125  0.000e+00
      1.862    15.6769   3.971213    31.5449       1541     6.4167  0.000e+00
      1.699    15.6762   3.971636    31.5493       1542     6.4208  0.000e+00
      1.510    15.6759   3.975877    31.5872       1543     6.4250  0.000e+00
      1.287    15.6760   3.982034    31.6416       1544     6.4292  0.000e+00
      1.103    15.6761   3.984771    31.6659       1545     6.4333  0.000e+00
      0.930    15.6763   3.987655    31.6914       1546     6.4375  0.000e+00
      0.733    15.6761   3.988012    31.6947       1547     6.4417  0.000e+00
      0.498    15.6757   3.996632    31.7715       1548     6.4458  0.000e+00
      0.295    15.6755   4.004325    31.8399       1549     6.4500  0.000e+00
      0.247    15.6752   4.006941    31.8634       1550     6.4542  0.000e+00
      0.341    15.6749   4.005727    31.8528       1551     6.4583  0.000e+00
      0.480    15.6749   4.001807    31.8180       1552     6.4625  0.000e+00
