HB2304/sbe036.cnv
* Sea-Bird SBE 19plus V2 Data File:
* FileName = C:\cruise\data\sbe036.hex
* Software Version Seasave V 7.26.7.121
* Temperature SN = 7037
* Conductivity SN = 7037
* System UpLoad Time = Sep 25 2023 12:49:21
** Ship: Bigelow
** Cruise:  HB2304
** Program:  Fall Bottom Trawl
# nquan = 7
# nvalues = 368                                   
# units = specified
# name 0 = depSM: Depth [salt water, m], lat = 40.00
# name 1 = tv290C: Temperature [ITS-90, deg C]
# name 2 = c0S/m: Conductivity [S/m]
# name 3 = sal00: Salinity, Practical [PSU]
# name 4 = scan: Scan Count
# name 5 = timeM: Time, Elapsed [minutes]
# name 6 = flag:  0.000e+00
# span 0 =      0.128,     24.054                 
# span 1 =    19.8928,    20.0879                 
# span 2 =   4.382280,   4.422237                 
# span 3 =    31.7091,    31.9193                 
# span 4 =         11,        378                 
# span 5 =     0.0417,     1.5708                 
# span 6 = 0.0000e+00, 0.0000e+00                 
# interval = seconds: 0.25
# start_time = Sep 25 2023 12:49:21 [System UTC, header]
# bad_flag = -9.990e-29
*END*
      0.858    19.9796   4.388999    31.7378         11     0.0417  0.000e+00
      0.851    19.9814   4.389074    31.7371         12     0.0458  0.000e+00
      0.885    19.9832   4.389661    31.7405         13     0.0500  0.000e+00
      0.946    19.9859   4.389610    31.7380         14     0.0542  0.000e+00
      1.015    19.9872   4.389257    31.7341         15     0.0583  0.000e+00
      1.094    19.9869   4.389156    31.7336         16     0.0625  0.000e+00
      1.190    19.9867   4.389283    31.7347         17     0.0667  0.000e+00
      1.286    19.9861   4.388974    31.7326         18     0.0708  0.000e+00
      1.373    19.9852   4.389207    31.7351         19     0.0750  0.000e+00
      1.454    19.9841   4.388923    31.7336         20     0.0792  0.000e+00
      1.546    19.9825   4.388362    31.7303         21     0.0833  0.000e+00
      1.653    19.9794   4.387908    31.7290         22     0.0875  0.000e+00
      1.785    19.9754   4.388009    31.7327         23     0.0917  0.000e+00
      1.917    19.9729   4.387549    31.7309         24     0.0958  0.000e+00
      2.027    19.9696   4.386988    31.7288         25     0.1000  0.000e+00
      2.105    19.9654   4.386724    31.7297         26     0.1042  0.000e+00
      2.139    19.9612   4.386377    31.7301         27     0.1083  0.000e+00
      2.128    19.9577   4.386125    31.7308         28     0.1125  0.000e+00
      2.069    19.9545   4.385003    31.7240         29     0.1167  0.000e+00
      1.955    19.9493   4.384140    31.7210         30     0.1208  0.000e+00
      1.798    19.9432   4.384064    31.7251         31     0.1250  0.000e+00
      1.579    19.9380   4.384543    31.7330         32     0.1292  0.000e+00
      1.324    19.9357   4.385614    31.7435         33     0.1333  0.000e+00
      1.066    19.9375   4.386226    31.7471         34     0.1375  0.000e+00
      0.827    19.9420   4.387524    31.7543         35     0.1417  0.000e+00
      0.697    19.9502   4.387877    31.7510         36     0.1458  0.000e+00
      0.721    19.9563   4.387347    31.7421         37     0.1500  0.000e+00
      0.885    19.9603   4.387934    31.7438         38     0.1542  0.000e+00
      1.124    19.9645   4.387473    31.7368         39     0.1583  0.000e+00
      1.431    19.9654   4.387272    31.7344         40     0.1625  0.000e+00
      1.788    19.9644   4.387013    31.7329         41     0.1667  0.000e+00
      2.161    19.9622   4.386024    31.7265         42     0.1708  0.000e+00
      2.555    19.9575   4.385589    31.7264         43     0.1750  0.000e+00
      2.941    19.9520   4.385230    31.7275         44     0.1792  0.000e+00
      3.301    19.9471   4.385161    31.7305         45     0.1833  0.000e+00
      3.628    19.9436   4.384827    31.7304         46     0.1875  0.000e+00
      3.903    19.9405   4.384468    31.7297         47     0.1917  0.000e+00
      4.123    19.9373   4.384241    31.7302         48     0.1958  0.000e+00
      4.315    19.9347   4.384040    31.7305         49     0.2000  0.000e+00
      4.468    19.9319   4.383832    31.7309         50     0.2042  0.000e+00
      4.598    19.9290   4.383807    31.7328         51     0.2083  0.000e+00
      4.692    19.9261   4.383757    31.7346         52     0.2125  0.000e+00
      4.765    19.9234   4.383631    31.7356         53     0.2167  0.000e+00
      4.826    19.9210   4.383706    31.7380         54     0.2208  0.000e+00
      4.904    19.9187   4.383719    31.7398         55     0.2250  0.000e+00
      5.036    19.9169   4.383757    31.7414         56     0.2292  0.000e+00
      5.218    19.9162   4.383757    31.7418         57     0.2333  0.000e+00
      5.426    19.9145   4.383732    31.7429         58     0.2375  0.000e+00
      5.657    19.9137   4.383707    31.7432         59     0.2417  0.000e+00
      5.887    19.9140   4.383631    31.7422         60     0.2458  0.000e+00
      6.122    19.9146   4.383682    31.7422         61     0.2500  0.000e+00
      6.349    19.9149   4.383682    31.7418         62     0.2542  0.000e+00
      6.572    19.9150   4.383758    31.7423         63     0.2583  0.000e+00
      6.788    19.9147   4.383795    31.7428         64     0.2625  0.000e+00
      6.996    19.9138   4.383833    31.7437         65     0.2667  0.000e+00
      7.195    19.9132   4.383783    31.7437         66     0.2708  0.000e+00
      7.403    19.9122   4.383934    31.7456         67     0.2750  0.000e+00
      7.601    19.9112   4.384142    31.7480         68     0.2792  0.000e+00
      7.802    19.9101   4.385006    31.7557         69     0.2833  0.000e+00
      8.008    19.9089   4.385208    31.7582         70     0.2875  0.000e+00
      8.227    19.9073   4.385157    31.7589         71     0.2917  0.000e+00
      8.440    19.9060   4.385183    31.7600         72     0.2958  0.000e+00
      8.659    19.9051   4.385057    31.7596         73     0.3000  0.000e+00
      8.868    19.9044   4.384799    31.7579         74     0.3042  0.000e+00
      9.071    19.9042   4.384704    31.7573         75     0.3083  0.000e+00
      9.262    19.9041   4.384654    31.7569         76     0.3125  0.000e+00
      9.445    19.9038   4.384654    31.7571         77     0.3167  0.000e+00
      9.618    19.9036   4.384471    31.7557         78     0.3208  0.000e+00
      9.790    19.9031   4.384496    31.7562         79     0.3250  0.000e+00
      9.949    19.9024   4.384497    31.7567         80     0.3292  0.000e+00
     10.099    19.9020   4.384471    31.7568         81     0.3333  0.000e+00
     10.253    19.9017   4.384497    31.7571         82     0.3375  0.000e+00
     10.412    19.9009   4.384598    31.7585         83     0.3417  0.000e+00
     10.583    19.9004   4.384604    31.7588         84     0.3458  0.000e+00
     10.769    19.9002   4.384547    31.7585         85     0.3500  0.000e+00
     10.970    19.9006   4.384547    31.7581         86     0.3542  0.000e+00
     11.185    19.9012   4.384705    31.7588         87     0.3583  0.000e+00
     11.422    19.9017   4.385543    31.7652         88     0.3625  0.000e+00
     11.675    19.9014   4.386792    31.7754         89     0.3667  0.000e+00
     11.933    19.9018   4.387378    31.7798         90     0.3708  0.000e+00
     12.201    19.9020   4.387428    31.7800         91     0.3750  0.000e+00
     12.463    19.9021   4.387529    31.7806         92     0.3792  0.000e+00
     12.712    19.9023   4.388097    31.7849         93     0.3833  0.000e+00
     12.945    19.9024   4.388469    31.7878         94     0.3875  0.000e+00
     13.157    19.9025   4.388803    31.7904         95     0.3917  0.000e+00
     13.355    19.9028   4.389138    31.7928         96     0.3958  0.000e+00
     13.524    19.9029   4.389465    31.7953         97     0.4000  0.000e+00
     13.684    19.9032   4.389541    31.7956         98     0.4042  0.000e+00
     13.822    19.9035   4.389667    31.7964         99     0.4083  0.000e+00
     13.954    19.9034   4.389642    31.7962        100     0.4125  0.000e+00
     14.078    19.9031   4.389567    31.7958        101     0.4167  0.000e+00
     14.214    19.9032   4.389396    31.7943        102     0.4208  0.000e+00
     14.357    19.9026   4.388829    31.7901        103     0.4250  0.000e+00
     14.505    19.9018   4.388905    31.7913        104     0.4292  0.000e+00
     14.675    19.9010   4.388552    31.7890        105     0.4333  0.000e+00
     14.863    19.9002   4.388419    31.7884        106     0.4375  0.000e+00
     15.065    19.8990   4.387865    31.7848        107     0.4417  0.000e+00
     15.291    19.8974   4.387732    31.7849        108     0.4458  0.000e+00
     15.533    19.8959   4.387657    31.7853        109     0.4500  0.000e+00
     15.791    19.8951   4.387392    31.7837        110     0.4542  0.000e+00
     16.053    19.8940   4.387380    31.7843        111     0.4583  0.000e+00
     16.332    19.8935   4.388118    31.7906        112     0.4625  0.000e+00
     16.603    19.8940   4.388527    31.7934        113     0.4667  0.000e+00
     16.869    19.8953   4.389215    31.7979        114     0.4708  0.000e+00
     17.123    19.8972   4.390413    31.8061        115     0.4750  0.000e+00
     17.362    19.9005   4.391302    31.8107        116     0.4792  0.000e+00
     17.584    19.9043   4.392065    31.8139        117     0.4833  0.000e+00
     17.792    19.9081   4.392652    31.8158        118     0.4875  0.000e+00
     17.985    19.9113   4.393289    31.8184        119     0.4917  0.000e+00
     18.152    19.9147   4.393857    31.8204        120     0.4958  0.000e+00
     18.303    19.9177   4.394185    31.8207        121     0.5000  0.000e+00
     18.437    19.9202   4.394418    31.8207        122     0.5042  0.000e+00
     18.569    19.9223   4.394746    31.8217        123     0.5083  0.000e+00
     18.692    19.9242   4.395055    31.8228        124     0.5125  0.000e+00
     18.813    19.9263   4.395182    31.8221        125     0.5167  0.000e+00
     18.927    19.9273   4.395384    31.8230        126     0.5208  0.000e+00
     19.043    19.9287   4.395667    31.8242        127     0.5250  0.000e+00
     19.171    19.9300   4.395333    31.8204        128     0.5292  0.000e+00
     19.317    19.9308   4.395642    31.8223        129     0.5333  0.000e+00
     19.478    19.9313   4.396103    31.8256        130     0.5375  0.000e+00
     19.661    19.9326   4.396153    31.8249        131     0.5417  0.000e+00
     19.867    19.9341   4.397125    31.8316        132     0.5458  0.000e+00
     20.091    19.9363   4.398962    31.8447        133     0.5500  0.000e+00
     20.331    19.9422   4.399959    31.8482        134     0.5542  0.000e+00
     20.591    19.9482   4.401442    31.8556        135     0.5583  0.000e+00
     20.862    19.9553   4.403513    31.8669        136     0.5625  0.000e+00
     21.135    19.9641   4.405635    31.8773        137     0.5667  0.000e+00
     21.408    19.9749   4.407561    31.8846        138     0.5708  0.000e+00
     21.679    19.9861   4.409071    31.8883        139     0.5750  0.000e+00
     21.940    19.9964   4.409633    31.8849        140     0.5792  0.000e+00
     22.194    20.0048   4.411661    31.8949        141     0.5833  0.000e+00
     22.429    20.0136   4.413430    31.9024        142     0.5875  0.000e+00
     22.648    20.0229   4.414094    31.9006        143     0.5917  0.000e+00
     22.856    20.0312   4.414663    31.8989        144     0.5958  0.000e+00
     23.051    20.0371   4.414328    31.8917        145     0.6000  0.000e+00
     23.230    20.0407   4.414859    31.8931        146     0.6042  0.000e+00
     23.398    20.0438   4.415510    31.8960        147     0.6083  0.000e+00
     23.564    20.0471   4.416793    31.9038        148     0.6125  0.000e+00
     23.734    20.0515   4.416306    31.8965        149     0.6167  0.000e+00
     23.801    20.0549   4.416793    31.8978        150     0.6208  0.000e+00
     23.783    20.0570   4.417153    31.8992        151     0.6250  0.000e+00
     23.707    20.0588   4.417842    31.9034        152     0.6292  0.000e+00
     23.631    20.0615   4.417918    31.9020        153     0.6333  0.000e+00
     23.606    20.0639   4.417975    31.9006        154     0.6375  0.000e+00
     23.613    20.0655   4.418127    31.9006        155     0.6417  0.000e+00
     23.618    20.0665   4.418051    31.8992        156     0.6458  0.000e+00
     23.597    20.0672   4.418285    31.9006        157     0.6500  0.000e+00
     23.564    20.0676   4.418436    31.9015        158     0.6542  0.000e+00
     23.553    20.0686   4.418386    31.9004        159     0.6583  0.000e+00
     23.571    20.0692   4.418512    31.9009        160     0.6625  0.000e+00
     23.600    20.0697   4.418588    31.9012        161     0.6667  0.000e+00
     23.617    20.0699   4.418664    31.9016        162     0.6708  0.000e+00
     23.622    20.0702   4.418778    31.9023        163     0.6750  0.000e+00
     23.638    20.0708   4.419050    31.9041        164     0.6792  0.000e+00
     23.671    20.0715   4.418974    31.9029        165     0.6833  0.000e+00
     23.714    20.0720   4.418847    31.9015        166     0.6875  0.000e+00
     23.743    20.0721   4.418923    31.9020        167     0.6917  0.000e+00
     23.759    20.0722   4.418930    31.9020        168     0.6958  0.000e+00
     23.763    20.0722   4.418923    31.9019        169     0.7000  0.000e+00
     23.770    20.0723   4.419100    31.9033        170     0.7042  0.000e+00
     23.783    20.0726   4.419233    31.9041        171     0.7083  0.000e+00
     23.779    20.0732   4.419284    31.9040        172     0.7125  0.000e+00
     23.774    20.0737   4.419398    31.9046        173     0.7167  0.000e+00
     23.756    20.0743   4.419410    31.9042        174     0.7208  0.000e+00
     23.736    20.0747   4.419461    31.9044        175     0.7250  0.000e+00
     23.714    20.0750   4.419486    31.9044        176     0.7292  0.000e+00
     23.682    20.0754   4.419486    31.9041        177     0.7333  0.000e+00
     23.646    20.0754   4.419284    31.9024        178     0.7375  0.000e+00
     23.608    20.0751   4.419151    31.9016        179     0.7417  0.000e+00
     23.581    20.0747   4.418740    31.8986        180     0.7458  0.000e+00
     23.561    20.0738   4.418664    31.8987        181     0.7500  0.000e+00
     23.553    20.0727   4.418613    31.8991        182     0.7542  0.000e+00
     23.555    20.0724   4.418797    31.9008        183     0.7583  0.000e+00
     23.566    20.0721   4.419151    31.9039        184     0.7625  0.000e+00
     23.599    20.0727   4.418974    31.9020        185     0.7667  0.000e+00
     23.629    20.0727   4.418898    31.9014        186     0.7708  0.000e+00
     23.664    20.0724   4.418797    31.9008        187     0.7750  0.000e+00
     23.707    20.0718   4.418772    31.9010        188     0.7792  0.000e+00
     23.754    20.0714   4.418803    31.9016        189     0.7833  0.000e+00
     23.794    20.0713   4.418873    31.9022        190     0.7875  0.000e+00
     23.826    20.0713   4.418873    31.9022        191     0.7917  0.000e+00
     23.850    20.0714   4.418949    31.9027        192     0.7958  0.000e+00
     23.861    20.0719   4.418999    31.9028        193     0.8000  0.000e+00
     23.850    20.0721   4.418999    31.9026        194     0.8042  0.000e+00
     23.826    20.0723   4.418980    31.9023        195     0.8083  0.000e+00
     23.790    20.0727   4.419025    31.9024        196     0.8125  0.000e+00
     23.741    20.0729   4.419025    31.9022        197     0.8167  0.000e+00
     23.687    20.0731   4.418974    31.9017        198     0.8208  0.000e+00
     23.620    20.0729   4.419050    31.9025        199     0.8250  0.000e+00
     23.568    20.0731   4.419227    31.9038        200     0.8292  0.000e+00
     23.510    20.0735   4.419410    31.9049        201     0.8333  0.000e+00
     23.470    20.0740   4.419410    31.9046        202     0.8375  0.000e+00
     23.438    20.0747   4.419126    31.9018        203     0.8417  0.000e+00
     23.429    20.0747   4.418797    31.8991        204     0.8458  0.000e+00
     23.430    20.0737   4.418658    31.8988        205     0.8500  0.000e+00
     23.459    20.0727   4.418974    31.9021        206     0.8542  0.000e+00
     23.497    20.0729   4.419208    31.9038        207     0.8583  0.000e+00
     23.559    20.0732   4.419157    31.9032        208     0.8625  0.000e+00
     23.635    20.0734   4.419024    31.9019        209     0.8667  0.000e+00
     23.720    20.0732   4.418974    31.9016        210     0.8708  0.000e+00
     23.803    20.0729   4.419050    31.9024        211     0.8750  0.000e+00
     23.884    20.0730   4.419050    31.9023        212     0.8792  0.000e+00
     23.956    20.0730   4.419075    31.9025        213     0.8833  0.000e+00
     24.011    20.0730   4.419157    31.9032        214     0.8875  0.000e+00
     24.049    20.0731   4.419360    31.9047        215     0.8917  0.000e+00
