HB2304/sbe069.cnv
* Sea-Bird SBE 19plus V2 Data File:
* FileName = C:\cruise\data\sbe069.hex
* Software Version Seasave V 7.26.7.121
* Temperature SN = 7037
* Conductivity SN = 7037
* System UpLoad Time = Oct 14 2023 13:58:31
** Ship: Bigelow
** Cruise:  HB2304
** Program:  Fall Bottom Trawl
# nquan = 7
# nvalues = 5287                                  
# units = specified
# name 0 = depSM: Depth [salt water, m], lat = 40.00
# name 1 = tv290C: Temperature [ITS-90, deg C]
# name 2 = c0S/m: Conductivity [S/m]
# name 3 = sal00: Salinity, Practical [PSU]
# name 4 = scan: Scan Count
# name 5 = timeM: Time, Elapsed [minutes]
# name 6 = flag:  0.000e+00
# span 0 =     -0.072,    179.378                 
# span 1 =     8.5371,    19.0095                 
# span 2 =  -0.104979,   4.198359                 
# span 3 =     0.0000,    35.5502                 
# span 4 =         11,       5297                 
# span 5 =     0.0417,    22.0667                 
# span 6 = 0.0000e+00, 0.0000e+00                 
# interval = seconds: 0.25
# start_time = Oct 14 2023 13:58:31 [System UTC, header]
# bad_flag = -9.990e-29
*END*
[from data line 2872]
    101.891    11.4600   3.947713    34.9510       2883    12.0083  0.000e+00
    101.888    11.4587   3.948184    34.9569       2884    12.0125  0.000e+00
    101.898    11.4584   3.947339    34.9488       2885    12.0167  0.000e+00
    101.907    11.4578   3.948510    34.9610       2886    12.0208  0.000e+00
    101.909    11.4581   3.948673    34.9623       2887    12.0250  0.000e+00
    101.920    11.4606   3.948419    34.9574       2888    12.0292  0.000e+00
    101.918    11.4608   3.948999    34.9630       2889    12.0333  0.000e+00
    101.909    11.4623   3.948769    34.9593       2890    12.0375  0.000e+00
    101.896    11.4630   3.949234    34.9632       2891    12.0417  0.000e+00
    101.878    11.4639   3.948087    34.9510       2892    12.0458  0.000e+00
    101.858    11.4630   3.948860    34.9595       2893    12.0500  0.000e+00
    101.828    11.4627   3.947224    34.9437       2894    12.0542  0.000e+00
    101.788    11.4601   3.946150    34.9355       2895    12.0583  0.000e+00
    101.752    11.4553   3.946060    34.9392       2896    12.0625  0.000e+00
    101.701    11.4511   3.945752    34.9401       2897    12.0667  0.000e+00
    101.643    11.4483   3.946501    34.9502       2898    12.0708  0.000e+00
    101.589    11.4471   3.944727    34.9338       2899    12.0750  0.000e+00
    101.523    11.4437   3.944142    34.9313       2900    12.0792  0.000e+00
    101.462    11.4394   3.944775    34.9417       2901    12.0833  0.000e+00
    101.415    11.4374   3.945053    34.9463       2902    12.0875  0.000e+00
    101.359    11.4370   3.944842    34.9446       2903    12.0917  0.000e+00
    101.317    11.4368   3.944817    34.9446       2904    12.0958  0.000e+00
    101.270    11.4365   3.944914    34.9459       2905    12.1000  0.000e+00
    101.234    11.4366   3.945451    34.9511       2906    12.1042  0.000e+00
    101.192    11.4377   3.945288    34.9485       2907    12.1083  0.000e+00
    101.154    11.4384   3.945499    34.9499       2908    12.1125  0.000e+00
    101.107    11.4390   3.945801    34.9523       2909    12.1167  0.000e+00
    101.050    11.4403   3.945752    34.9507       2910    12.1208  0.000e+00
    100.992    11.4412   3.945264    34.9449       2911    12.1250  0.000e+00
    100.948    11.4408   3.945451    34.9472       2912    12.1292  0.000e+00
    100.887    11.4404   3.945149    34.9447       2913    12.1333  0.000e+00
    100.831    11.4398   3.945028    34.9441       2914    12.1375  0.000e+00
    100.769    11.4387   3.944775    34.9426       2915    12.1417  0.000e+00
    100.724    11.4378   3.944775    34.9435       2916    12.1458  0.000e+00
    100.679    11.4370   3.944817    34.9447       2917    12.1500  0.000e+00
    100.635    11.4365   3.944630    34.9433       2918    12.1542  0.000e+00
    100.612    11.4358   3.944630    34.9440       2919    12.1583  0.000e+00
    100.590    11.4353   3.944986    34.9480       2920    12.1625  0.000e+00
    100.574    11.4356   3.945191    34.9498       2921    12.1667  0.000e+00
    100.558    11.4364   3.944751    34.9446       2922    12.1708  0.000e+00
    100.543    11.4365   3.944889    34.9459       2923    12.1750  0.000e+00
    100.541    11.4363   3.945004    34.9473       2924    12.1792  0.000e+00
    100.521    11.4366   3.944727    34.9443       2925    12.1833  0.000e+00
    100.507    11.4363   3.944093    34.9383       2926    12.1875  0.000e+00
    100.492    11.4346   3.944003    34.9390       2927    12.1917  0.000e+00
    100.458    11.4330   3.943116    34.9318       2928    12.1958  0.000e+00
    100.424    11.4299   3.942953    34.9331       2929    12.2000  0.000e+00
    100.398    11.4271   3.942718    34.9335       2930    12.2042  0.000e+00
    100.349    11.4251   3.942905    34.9372       2931    12.2083  0.000e+00
    100.311    11.4235   3.943044    34.9401       2932    12.2125  0.000e+00
    100.259    11.4233   3.942839    34.9383       2933    12.2167  0.000e+00
    100.212    11.4226   3.941717    34.9279       2934    12.2208  0.000e+00
    100.149    11.4202   3.941530    34.9283       2935    12.2250  0.000e+00
    100.100    11.4177   3.942604    34.9413       2936    12.2292  0.000e+00
    100.033    11.4179   3.943581    34.9508       2937    12.2333  0.000e+00
     99.966    11.4204   3.943188    34.9446       2938    12.2375  0.000e+00
     99.906    11.4219   3.942205    34.9335       2939    12.2417  0.000e+00
     99.830    11.4206   3.943906    34.9516       2940    12.2458  0.000e+00
     99.760    11.4229   3.944304    34.9534       2941    12.2500  0.000e+00
     99.678    11.4260   3.944280    34.9503       2942    12.2542  0.000e+00
     99.602    11.4283   3.944238    34.9477       2943    12.2583  0.000e+00
     99.519    11.4296   3.944238    34.9465       2944    12.2625  0.000e+00
     99.448    11.4304   3.944262    34.9460       2945    12.2667  0.000e+00
     99.387    11.4309   3.944027    34.9432       2946    12.2708  0.000e+00
     99.331    11.4307   3.943743    34.9406       2947    12.2750  0.000e+00
     99.271    11.4300   3.943653    34.9405       2948    12.2792  0.000e+00
     99.239    11.4291   3.943441    34.9392       2949    12.2833  0.000e+00
     99.199    11.4282   3.943303    34.9387       2950    12.2875  0.000e+00
     99.175    11.4270   3.943393    34.9407       2951    12.2917  0.000e+00
     99.162    11.4262   3.943188    34.9394       2952    12.2958  0.000e+00
     99.148    11.4258   3.943580    34.9438       2953    12.3000  0.000e+00
     99.148    11.4260   3.943701    34.9448       2954    12.3042  0.000e+00
     99.153    11.4267   3.943604    34.9432       2955    12.3083  0.000e+00
     99.157    11.4267   3.942205    34.9293       2956    12.3125  0.000e+00
     99.164    11.4242   3.941204    34.9218       2957    12.3167  0.000e+00
     99.160    11.4196   3.942320    34.9371       2958    12.3208  0.000e+00
     99.160    11.4181   3.942464    34.9400       2959    12.3250  0.000e+00
     99.146    11.4183   3.942555    34.9407       2960    12.3292  0.000e+00
     99.120    11.4188   3.942531    34.9400       2961    12.3333  0.000e+00
     99.086    11.4188   3.939317    34.9082       2962    12.3375  0.000e+00
     99.032    11.4130   3.938804    34.9086       2963    12.3417  0.000e+00
     98.978    11.4058   3.938147    34.9090       2964    12.3458  0.000e+00
     98.907    11.4005   3.941228    34.9445       2965    12.3500  0.000e+00
     98.844    11.4015   3.942531    34.9565       2966    12.3542  0.000e+00
     98.771    11.4075   3.942344    34.9490       2967    12.3583  0.000e+00
     98.681    11.4121   3.944075    34.9618       2968    12.3625  0.000e+00
     98.610    11.4179   3.944280    34.9584       2969    12.3667  0.000e+00
     98.540    11.4231   3.944141    34.9521       2970    12.3708  0.000e+00
     98.462    11.4264   3.943912    34.9468       2971    12.3750  0.000e+00
     98.386    11.4278   3.943743    34.9438       2972    12.3792  0.000e+00
     98.307    11.4282   3.943791    34.9439       2973    12.3833  0.000e+00
     98.236    11.4284   3.943791    34.9438       2974    12.3875  0.000e+00
     98.171    11.4282   3.941179    34.9181       2975    12.3917  0.000e+00
     98.102    11.4236   3.936893    34.8801       2976    12.3958  0.000e+00
     98.048    11.4108   3.935634    34.8798       2977    12.4000  0.000e+00
     97.990    11.3969   3.935260    34.8892       2978    12.4042  0.000e+00
     97.963    11.3867   3.937056    34.9167       2979    12.4083  0.000e+00
     97.921    11.3828   3.936472    34.9146       2980    12.4125  0.000e+00
     97.890    11.3813   3.935471    34.9061       2981    12.4167  0.000e+00
     97.858    11.3780   3.935333    34.9079       2982    12.4208  0.000e+00
     97.834    11.3749   3.936122    34.9187       2983    12.4250  0.000e+00
     97.818    11.3744   3.937105    34.9288       2984    12.4292  0.000e+00
     97.811    11.3762   3.937593    34.9320       2985    12.4333  0.000e+00
     97.800    11.3791   3.938684    34.9401       2986    12.4375  0.000e+00
     97.786    11.3833   3.937358    34.9230       2987    12.4417  0.000e+00
     97.762    11.3845   3.936731    34.9157       2988    12.4458  0.000e+00
     97.742    11.3829   3.937147    34.9213       2989    12.4500  0.000e+00
     97.710    11.3823   3.939033    34.9406       2990    12.4542  0.000e+00
     97.677    11.3856   3.939106    34.9382       2991    12.4583  0.000e+00
     97.634    11.3893   3.939268    34.9363       2992    12.4625  0.000e+00
     97.590    11.3917   3.937285    34.9144       2993    12.4667  0.000e+00
     97.525    11.3902   3.937382    34.9168       2994    12.4708  0.000e+00
     97.485    11.3874   3.936429    34.9101       2995    12.4750  0.000e+00
     97.424    11.3839   3.936357    34.9126       2996    12.4792  0.000e+00
     97.368    11.3811   3.936194    34.9137       2997    12.4833  0.000e+00
     97.324    11.3789   3.936960    34.9234       2998    12.4875  0.000e+00
     97.277    11.3791   3.938684    34.9403       2999    12.4917  0.000e+00
     97.232    11.3824   3.939196    34.9423       3000    12.4958  0.000e+00
     97.187    11.3874   3.937381    34.9196       3001    12.5000  0.000e+00
     97.149    11.3878   3.936610    34.9116       3002    12.5042  0.000e+00
     97.102    11.3855   3.937146    34.9191       3003    12.5083  0.000e+00
     97.073    11.3839   3.936405    34.9133       3004    12.5125  0.000e+00
     97.024    11.3817   3.936447    34.9158       3005    12.5167  0.000e+00
     96.984    11.3802   3.935471    34.9076       3006    12.5208  0.000e+00
     96.939    11.3775   3.936007    34.9155       3007    12.5250  0.000e+00
     96.901    11.3758   3.936357    34.9206       3008    12.5292  0.000e+00
     96.852    11.3759   3.935519    34.9122       3009    12.5333  0.000e+00
     96.803    11.3749   3.935959    34.9175       3010    12.5375  0.000e+00
     96.749    11.3742   3.936146    34.9201       3011    12.5417  0.000e+00
     96.707    11.3743   3.936495    34.9234       3012    12.5458  0.000e+00
     96.651    11.3751   3.936519    34.9230       3013    12.5500  0.000e+00
     96.586    11.3760   3.934332    34.9004       3014    12.5542  0.000e+00
     96.532    11.3731   3.933982    34.8998       3015    12.5583  0.000e+00
     96.492    11.3688   3.933796    34.9020       3016    12.5625  0.000e+00
     96.443    11.3659   3.934404    34.9108       3017    12.5667  0.000e+00
     96.403    11.3647   3.935218    34.9200       3018    12.5708  0.000e+00
     96.363    11.3658   3.936055    34.9273       3019    12.5750  0.000e+00
     96.338    11.3684   3.936429    34.9285       3020    12.5792  0.000e+00
     96.306    11.3711   3.936079    34.9225       3021    12.5833  0.000e+00
     96.278    11.3727   3.935567    34.9160       3022    12.5875  0.000e+00
     96.266    11.3724   3.935260    34.9132       3023    12.5917  0.000e+00
     96.237    11.3715   3.935007    34.9116       3024    12.5958  0.000e+00
     96.219    11.3701   3.934519    34.9081       3025    12.6000  0.000e+00
     96.210    11.3683   3.934422    34.9088       3026    12.6042  0.000e+00
     96.182    11.3665   3.934844    34.9147       3027    12.6083  0.000e+00
     96.157    11.3661   3.934567    34.9124       3028    12.6125  0.000e+00
     96.128    11.3656   3.934217    34.9094       3029    12.6167  0.000e+00
     96.081    11.3646   3.934519    34.9134       3030    12.6208  0.000e+00
     96.025    11.3639   3.934145    34.9103       3031    12.6250  0.000e+00
     95.972    11.3635   3.934519    34.9144       3032    12.6292  0.000e+00
     95.893    11.3632   3.934796    34.9174       3033    12.6333  0.000e+00
     95.822    11.3640   3.935031    34.9191       3034    12.6375  0.000e+00
     95.732    11.3651   3.935519    34.9229       3035    12.6417  0.000e+00
     95.634    11.3672   3.935844    34.9242       3036    12.6458  0.000e+00
     95.526    11.3691   3.935543    34.9195       3037    12.6500  0.000e+00
     95.441    11.3701   3.935543    34.9186       3038    12.6542  0.000e+00
     95.358    11.3702   3.935567    34.9187       3039    12.6583  0.000e+00
     95.263    11.3705   3.935627    34.9191       3040    12.6625  0.000e+00
     95.178    11.3709   3.935729    34.9197       3041    12.6667  0.000e+00
     95.113    11.3712   3.935217    34.9144       3042    12.6708  0.000e+00
     95.064    11.3707   3.935332    34.9161       3043    12.6750  0.000e+00
     95.019    11.3700   3.935494    34.9184       3044    12.6792  0.000e+00
     94.996    11.3701   3.935585    34.9191       3045    12.6833  0.000e+00
     94.985    11.3703   3.935097    34.9141       3046    12.6875  0.000e+00
     94.987    11.3699   3.936567    34.9291       3047    12.6917  0.000e+00
     94.988    11.3720   3.940178    34.9629       3048    12.6958  0.000e+00
     95.008    11.3815   3.940739    34.9594       3049    12.7000  0.000e+00
     95.034    11.3907   3.940690    34.9502       3050    12.7042  0.000e+00
     95.059    11.3967   3.939430    34.9320       3051    12.7083  0.000e+00
     95.086    11.3978   3.935729    34.8943       3052    12.7125  0.000e+00
     95.115    11.3912   3.935705    34.9004       3053    12.7167  0.000e+00
     95.120    11.3841   3.935729    34.9073       3054    12.7208  0.000e+00
     95.124    11.3797   3.935820    34.9124       3055    12.7250  0.000e+00
     95.117    11.3771   3.936428    34.9209       3056    12.7292  0.000e+00
     95.097    11.3764   3.936308    34.9203       3057    12.7333  0.000e+00
     95.051    11.3764   3.935958    34.9169       3058    12.7375  0.000e+00
     94.983    11.3758   3.936380    34.9217       3059    12.7417  0.000e+00
     94.910    11.3760   3.936772    34.9254       3060    12.7458  0.000e+00
     94.831    11.3773   3.937730    34.9337       3061    12.7500  0.000e+00
     94.738    11.3799   3.938592    34.9397       3062    12.7542  0.000e+00
     94.637    11.3842   3.938496    34.9348       3063    12.7583  0.000e+00
     94.540    11.3873   3.937941    34.9264       3064    12.7625  0.000e+00
     94.433    11.3880   3.937893    34.9253       3065    12.7667  0.000e+00
     94.337    11.3877   3.937193    34.9187       3066    12.7708  0.000e+00
     94.239    11.3864   3.936753    34.9156       3067    12.7750  0.000e+00
     94.140    11.3842   3.934933    34.8997       3068    12.7792  0.000e+00
     94.055    11.3792   3.934958    34.9048       3069    12.7833  0.000e+00
     93.975    11.3745   3.934584    34.9055       3070    12.7875  0.000e+00
     93.905    11.3711   3.935331    34.9162       3071    12.7917  0.000e+00
     93.856    11.3698   3.934867    34.9128       3072    12.7958  0.000e+00
     93.802    11.3692   3.934469    34.9095       3073    12.8000  0.000e+00
     93.769    11.3675   3.934030    34.9068       3074    12.8042  0.000e+00
     93.751    11.3656   3.934120    34.9095       3075    12.8083  0.000e+00
     93.751    11.3642   3.934072    34.9103       3076    12.8125  0.000e+00
     93.762    11.3632   3.934168    34.9122       3077    12.8167  0.000e+00
     93.785    11.3628   3.934216    34.9130       3078    12.8208  0.000e+00
     93.814    11.3625   3.934054    34.9117       3079    12.8250  0.000e+00
     93.845    11.3622   3.934470    34.9161       3080    12.8292  0.000e+00
     93.877    11.3628   3.934584    34.9167       3081    12.8333  0.000e+00
     93.901    11.3632   3.934795    34.9183       3082    12.8375  0.000e+00
     93.908    11.3643   3.935006    34.9193       3083    12.8417  0.000e+00
     93.908    11.3651   3.934096    34.9096       3084    12.8458  0.000e+00
     93.872    11.3643   3.934120    34.9107       3085    12.8500  0.000e+00
     93.829    11.3632   3.933704    34.9075       3086    12.8542  0.000e+00
