HB2304/sbe094.cnv
* Sea-Bird SBE 19plus V2 Data File:
* FileName = C:\cruise\data\sbe094.hex
* Software Version Seasave V 7.26.7.121
* Temperature SN = 7037
* Conductivity SN = 7037
* System UpLoad Time = Oct 22 2023 17:19:05
** Ship: Bigelow
** Cruise:  HB2304
** Program:  Fall Bottom Trawl
# nquan = 7
# nvalues = 1809                                  
# units = specified
# name 0 = depSM: Depth [salt water, m], lat = 40.00
# name 1 = tv290C: Temperature [ITS-90, deg C]
# name 2 = c0S/m: Conductivity [S/m]
# name 3 = sal00: Salinity, Practical [PSU]
# name 4 = scan: Scan Count
# name 5 = timeM: Time, Elapsed [minutes]
# name 6 = flag:  0.000e+00
# span 0 =     -0.214,     83.171                 
# span 1 =     9.6902,    16.1158                 
# span 2 =   0.000004,   3.826441                 
# span 3 =     0.0081,    32.1687                 
# span 4 =         11,       1819                 
# span 5 =     0.0417,     7.5750                 
# span 6 = 0.0000e+00, 0.0000e+00                 
# interval = seconds: 0.25
# start_time = Oct 22 2023 17:19:05 [System UTC, header]
# bad_flag = -9.990e-29
*END*
[from data line 206]
     17.982    14.5382   3.824917    31.1405        217     0.9000  0.000e+00
     18.139    14.5371   3.824839    31.1407        218     0.9042  0.000e+00
     18.291    14.5373   3.824863    31.1407        219     0.9083  0.000e+00
     18.447    14.5380   3.825131    31.1425        220     0.9125  0.000e+00
     18.602    14.5394   3.825435    31.1440        221     0.9167  0.000e+00
     18.759    14.5407   3.825429    31.1429        222     0.9208  0.000e+00
     18.917    14.5409   3.825292    31.1414        223     0.9250  0.000e+00
     19.083    14.5417   3.825179    31.1397        224     0.9292  0.000e+00
     19.244    14.5433   3.825227    31.1388        225     0.9333  0.000e+00
     19.408    14.5440   3.825316    31.1390        226     0.9375  0.000e+00
     19.567    14.5432   3.825334    31.1397        227     0.9417  0.000e+00
     19.723    14.5415   3.825388    31.1415        228     0.9458  0.000e+00
     19.878    14.5404   3.825495    31.1433        229     0.9500  0.000e+00
     20.028    14.5402   3.825430    31.1428        230     0.9542  0.000e+00
     20.173    14.5404   3.825180    31.1404        231     0.9583  0.000e+00
     20.321    14.5413   3.825001    31.1380        232     0.9625  0.000e+00
     20.464    14.5432   3.824953    31.1359        233     0.9667  0.000e+00
     20.598    14.5441   3.824638    31.1323        234     0.9708  0.000e+00
     20.733    14.5445   3.820570    31.0951        235     0.9750  0.000e+00
     20.862    14.5287   3.807368    30.9881        236     0.9792  0.000e+00
     20.988    14.4630   3.805918    31.0274        237     0.9833  0.000e+00
     21.115    14.3942   3.805277    31.0767        238     0.9875  0.000e+00
     21.254    14.3424   3.803929    31.1060        239     0.9917  0.000e+00
     21.395    14.3014   3.803240    31.1326        240     0.9958  0.000e+00
     21.541    14.2687   3.801517    31.1432        241     1.0000  0.000e+00
     21.698    14.2370   3.799598    31.1512        242     1.0042  0.000e+00
     21.863    14.2015   3.796504    31.1516        243     1.0083  0.000e+00
     22.031    14.1566   3.792782    31.1537        244     1.0125  0.000e+00
     22.199    14.0998   3.789685    31.1712        245     1.0167  0.000e+00
     22.373    14.0375   3.786434    31.1917        246     1.0208  0.000e+00
     22.537    13.9718   3.781827    31.2027        247     1.0250  0.000e+00
     22.700    13.8987   3.775663    31.2052        248     1.0292  0.000e+00
     22.861    13.8157   3.771600    31.2353        249     1.0333  0.000e+00
     23.021    13.7290   3.762804    31.2247        250     1.0375  0.000e+00
     23.177    13.6264   3.757487    31.2591        251     1.0417  0.000e+00
     23.321    13.5033   3.759695    31.3804        252     1.0458  0.000e+00
     23.462    13.4146   3.761542    31.4706        253     1.0500  0.000e+00
     23.599    13.3680   3.756196    31.4592        254     1.0542  0.000e+00
     23.731    13.3137   3.751786    31.4628        255     1.0583  0.000e+00
     23.869    13.2352   3.750966    31.5200        256     1.0625  0.000e+00
     24.008    13.1606   3.750665    31.5790        257     1.0667  0.000e+00
     24.160    13.1025   3.750241    31.6234        258     1.0708  0.000e+00
     24.310    13.0625   3.746921    31.6255        259     1.0750  0.000e+00
     24.469    13.0236   3.738360    31.5774        260     1.0792  0.000e+00
     24.644    12.9604   3.734266    31.5916        261     1.0833  0.000e+00
     24.825    12.8921   3.730056    31.6088        262     1.0875  0.000e+00
     25.011    12.8260   3.728990    31.6540        263     1.0917  0.000e+00
     25.201    12.7735   3.728006    31.6886        264     1.0958  0.000e+00
     25.387    12.7375   3.723910    31.6800        265     1.1000  0.000e+00
     25.567    12.6980   3.722603    31.7007        266     1.1042  0.000e+00
     25.741    12.6590   3.717720    31.6872        267     1.1083  0.000e+00
     25.909    12.6177   3.711258    31.6605        268     1.1125  0.000e+00
     26.063    12.5579   3.706111    31.6619        269     1.1167  0.000e+00
     26.195    12.4876   3.703349    31.6948        270     1.1208  0.000e+00
     26.321    12.4256   3.701539    31.7298        271     1.1250  0.000e+00
     26.446    12.3706   3.696956    31.7325        272     1.1292  0.000e+00
     26.569    12.3119   3.690279    31.7183        273     1.1333  0.000e+00
     26.701    12.2426   3.690057    31.7748        274     1.1375  0.000e+00
     26.836    12.1830   3.687351    31.7995        275     1.1417  0.000e+00
     26.983    12.1359   3.684307    31.8103        276     1.1458  0.000e+00
     27.138    12.0878   3.683263    31.8412        277     1.1500  0.000e+00
     27.301    12.0475   3.681803    31.8614        278     1.1542  0.000e+00
     27.471    12.0156   3.681815    31.8887        279     1.1583  0.000e+00
     27.653    11.9928   3.681329    31.9034        280     1.1625  0.000e+00
     27.839    11.9776   3.681980    31.9227        281     1.1667  0.000e+00
     28.038    11.9697   3.681839    31.9279        282     1.1708  0.000e+00
     28.242    11.9664   3.681329    31.9258        283     1.1750  0.000e+00
     28.445    11.9619   3.679423    31.9112        284     1.1792  0.000e+00
     28.645    11.9524   3.678380    31.9091        285     1.1833  0.000e+00
     28.844    11.9389   3.677782    31.9148        286     1.1875  0.000e+00
     29.032    11.9265   3.675742    31.9057        287     1.1917  0.000e+00
     29.211    11.9102   3.674049    31.9032        288     1.1958  0.000e+00
     29.368    11.8912   3.671576    31.8955        289     1.2000  0.000e+00
     29.518    11.8680   3.670258    31.9027        290     1.2042  0.000e+00
     29.648    11.8447   3.668607    31.9066        291     1.2083  0.000e+00
     29.777    11.8235   3.667998    31.9188        292     1.2125  0.000e+00
     29.909    11.8065   3.667284    31.9264        293     1.2167  0.000e+00
     30.042    11.7929   3.666523    31.9307        294     1.2208  0.000e+00
     30.171    11.7804   3.665896    31.9353        295     1.2250  0.000e+00
     30.310    11.7705   3.665739    31.9422        296     1.2292  0.000e+00
     30.456    11.7622   3.665540    31.9474        297     1.2333  0.000e+00
     30.606    11.7561   3.665405    31.9512        298     1.2375  0.000e+00
     30.765    11.7518   3.665001    31.9510        299     1.2417  0.000e+00
     30.935    11.7478   3.664486    31.9494        300     1.2458  0.000e+00
     31.109    11.7432   3.664551    31.9539        301     1.2500  0.000e+00
     31.288    11.7398   3.665072    31.9617        302     1.2542  0.000e+00
     31.474    11.7391   3.665025    31.9618        303     1.2583  0.000e+00
     31.656    11.7398   3.664445    31.9556        304     1.2625  0.000e+00
     31.844    11.7380   3.663778    31.9505        305     1.2667  0.000e+00
     32.025    11.7346   3.663638    31.9520        306     1.2708  0.000e+00
     32.199    11.7309   3.663392    31.9528        307     1.2750  0.000e+00
     32.367    11.7277   3.663053    31.9522        308     1.2792  0.000e+00
     32.527    11.7242   3.662789    31.9525        309     1.2833  0.000e+00
     32.681    11.7205   3.662590    31.9537        310     1.2875  0.000e+00
     32.835    11.7175   3.662368    31.9541        311     1.2917  0.000e+00
     32.992    11.7145   3.662731    31.9601        312     1.2958  0.000e+00
     33.146    11.7133   3.662526    31.9591        313     1.3000  0.000e+00
     33.304    11.7126   3.662480    31.9592        314     1.3042  0.000e+00
     33.460    11.7117   3.662368    31.9588        315     1.3083  0.000e+00
     33.621    11.7109   3.662345    31.9593        316     1.3125  0.000e+00
     33.778    11.7101   3.662257    31.9590        317     1.3167  0.000e+00
     33.939    11.7096   3.662170    31.9585        318     1.3208  0.000e+00
     34.098    11.7086   3.662029    31.9580        319     1.3250  0.000e+00
     34.261    11.7076   3.662012    31.9586        320     1.3292  0.000e+00
     34.429    11.7068   3.662076    31.9598        321     1.3333  0.000e+00
     34.589    11.7061   3.661988    31.9595        322     1.3375  0.000e+00
     34.758    11.7057   3.661210    31.9522        323     1.3417  0.000e+00
     34.936    11.7034   3.659847    31.9409        324     1.3458  0.000e+00
     35.105    11.6964   3.658261    31.9314        325     1.3500  0.000e+00
     35.282    11.6841   3.656208    31.9220        326     1.3542  0.000e+00
     35.455    11.6672   3.654747    31.9223        327     1.3583  0.000e+00
     35.632    11.6489   3.653852    31.9293        328     1.3625  0.000e+00
     35.809    11.6316   3.652519    31.9311        329     1.3667  0.000e+00
     35.987    11.6138   3.652052    31.9419        330     1.3708  0.000e+00
     36.160    11.5980   3.651584    31.9508        331     1.3750  0.000e+00
     36.333    11.5845   3.649738    31.9444        332     1.3792  0.000e+00
     36.502    11.5689   3.647079    31.9319        333     1.3833  0.000e+00
     36.661    11.5467   3.645472    31.9353        334     1.3875  0.000e+00
     36.821    11.5214   3.641945    31.9227        335     1.3917  0.000e+00
     36.977    11.4906   3.640147    31.9317        336     1.3958  0.000e+00
     37.132    11.4588   3.639312    31.9509        337     1.4000  0.000e+00
     37.291    11.4333   3.637912    31.9593        338     1.4042  0.000e+00
     37.452    11.4115   3.636365    31.9629        339     1.4083  0.000e+00
     37.615    11.3903   3.633816    31.9562        340     1.4125  0.000e+00
     37.783    11.3680   3.632515    31.9627        341     1.4167  0.000e+00
     37.947    11.3442   3.629751    31.9562        342     1.4208  0.000e+00
     38.121    11.3193   3.628363    31.9641        343     1.4250  0.000e+00
     38.293    11.2937   3.625821    31.9613        344     1.4292  0.000e+00
     38.459    11.2679   3.623310    31.9590        345     1.4333  0.000e+00
     38.625    11.2381   3.620292    31.9552        346     1.4375  0.000e+00
     38.784    11.2077   3.618702    31.9658        347     1.4417  0.000e+00
     38.945    11.1795   3.617101    31.9745        348     1.4458  0.000e+00
     39.099    11.1542   3.615407    31.9798        349     1.4500  0.000e+00
     39.245    11.1301   3.614813    31.9948        350     1.4542  0.000e+00
     39.399    11.1100   3.613387    31.9982        351     1.4583  0.000e+00
     39.549    11.0922   3.612177    32.0017        352     1.4625  0.000e+00
     39.704    11.0761   3.612247    32.0163        353     1.4667  0.000e+00
     39.865    11.0641   3.611479    32.0192        354     1.4708  0.000e+00
     40.028    11.0549   3.610815    32.0205        355     1.4750  0.000e+00
     40.191    11.0452   3.610402    32.0248        356     1.4792  0.000e+00
     40.357    11.0373   3.610205    32.0297        357     1.4833  0.000e+00
     40.530    11.0319   3.609786    32.0302        358     1.4875  0.000e+00
     40.704    11.0263   3.609367    32.0309        359     1.4917  0.000e+00
     40.870    11.0209   3.607395    32.0161        360     1.4958  0.000e+00
     41.040    11.0119   3.604830    31.9986        361     1.5000  0.000e+00
     41.205    10.9957   3.602312    31.9877        362     1.5042  0.000e+00
     41.367    10.9736   3.600237    31.9864        363     1.5083  0.000e+00
     41.517    10.9500   3.598790    31.9927        364     1.5125  0.000e+00
     41.669    10.9277   3.598790    32.0121        365     1.5167  0.000e+00
     41.821    10.9101   3.597129    32.0109        366     1.5208  0.000e+00
     41.976    10.8949   3.594776    32.0008        367     1.5250  0.000e+00
     42.132    10.8755   3.594422    32.0142        368     1.5292  0.000e+00
     42.300    10.8584   3.594271    32.0276        369     1.5333  0.000e+00
     42.473    10.8468   3.594358    32.0385        370     1.5375  0.000e+00
     42.645    10.8402   3.594509    32.0457        371     1.5417  0.000e+00
     42.819    10.8355   3.594643    32.0510        372     1.5458  0.000e+00
     42.999    10.8340   3.594905    32.0549        373     1.5500  0.000e+00
     43.178    10.8338   3.594312    32.0491        374     1.5542  0.000e+00
     43.353    10.8325   3.594097    32.0481        375     1.5583  0.000e+00
     43.525    10.8299   3.592982    32.0392        376     1.5625  0.000e+00
     43.691    10.8249   3.591589    32.0297        377     1.5667  0.000e+00
     43.856    10.8164   3.589818    32.0195        378     1.5708  0.000e+00
     44.013    10.8044   3.587949    32.0114        379     1.5750  0.000e+00
     44.163    10.7890   3.586312    32.0085        380     1.5792  0.000e+00
     44.315    10.7718   3.584832    32.0088        381     1.5833  0.000e+00
     44.463    10.7539   3.582112    31.9974        382     1.5875  0.000e+00
     44.610    10.7336   3.579937    31.9936        383     1.5917  0.000e+00
     44.760    10.7101   3.576464    31.9796        384     1.5958  0.000e+00
     44.911    10.6813   3.573404    31.9743        385     1.6000  0.000e+00
     45.069    10.6499   3.571411    31.9819        386     1.6042  0.000e+00
     45.228    10.6188   3.569117    31.9862        387     1.6083  0.000e+00
     45.392    10.5894   3.566112    31.9819        388     1.6125  0.000e+00
     45.559    10.5597   3.563599    31.9828        389     1.6167  0.000e+00
     45.723    10.5299   3.562060    31.9935        390     1.6208  0.000e+00
     45.884    10.5021   3.559068    31.9881        391     1.6250  0.000e+00
     46.059    10.4736   3.558050    32.0028        392     1.6292  0.000e+00
     46.231    10.4484   3.556153    32.0060        393     1.6333  0.000e+00
     46.414    10.4245   3.554904    32.0144        394     1.6375  0.000e+00
     46.587    10.4038   3.553852    32.0220        395     1.6417  0.000e+00
     46.766    10.3856   3.554107    32.0404        396     1.6458  0.000e+00
     46.943    10.3727   3.551372    32.0244        397     1.6500  0.000e+00
     47.119    10.3571   3.549413    32.0184        398     1.6542  0.000e+00
     47.285    10.3372   3.547847    32.0202        399     1.6583  0.000e+00
     47.448    10.3167   3.546385    32.0235        400     1.6625  0.000e+00
     47.610    10.2965   3.545872    32.0361        401     1.6667  0.000e+00
     47.762    10.2803   3.545311    32.0447        402     1.6708  0.000e+00
     47.908    10.2679   3.544047    32.0428        403     1.6750  0.000e+00
     48.057    10.2559   3.542972    32.0426        404     1.6792  0.000e+00
     48.210    10.2431   3.540824    32.0322        405     1.6833  0.000e+00
     48.357    10.2287   3.539751    32.0341        406     1.6875  0.000e+00
     48.503    10.2131   3.538383    32.0341        407     1.6917  0.000e+00
     48.646    10.1979   3.537096    32.0344        408     1.6958  0.000e+00
     48.789    10.1828   3.536172    32.0385        409     1.7000  0.000e+00
     48.928    10.1688   3.534695    32.0359        410     1.7042  0.000e+00
     49.069    10.1552   3.534419    32.0451        411     1.7083  0.000e+00
     49.204    10.1434   3.533651    32.0477        412     1.7125  0.000e+00
     49.349    10.1341   3.533242    32.0518        413     1.7167  0.000e+00
     49.495    10.1264   3.532706    32.0531        414     1.7208  0.000e+00
     49.644    10.1198   3.532775    32.0596        415     1.7250  0.000e+00
     49.799    10.1149   3.532879    32.0649        416     1.7292  0.000e+00
     49.958    10.1129   3.532775    32.0656        417     1.7333  0.000e+00
     50.117    10.1113   3.532516    32.0643        418     1.7375  0.000e+00
     50.276    10.1095   3.532239    32.0630        419     1.7417  0.000e+00
     50.428    10.1072   3.530935    32.0519        420     1.7458  0.000e+00
