HB2304/sbe030.cnv
* Sea-Bird SBE 19plus V2 Data File:
* FileName = C:\cruise\data\sbe030.hex
* Software Version Seasave V 7.26.7.121
* Temperature SN = 7037
* Conductivity SN = 7037
* System UpLoad Time = Sep 21 2023 20:09:35
** Ship: Bigelow
** Cruise:  HB2304
** Program:  Fall Bottom Trawl
# nquan = 7
# nvalues = 807                                   
# units = specified
# name 0 = depSM: Depth [salt water, m], lat = 40.00
# name 1 = tv290C: Temperature [ITS-90, deg C]
# name 2 = c0S/m: Conductivity [S/m]
# name 3 = sal00: Salinity, Practical [PSU]
# name 4 = scan: Scan Count
# name 5 = timeM: Time, Elapsed [minutes]
# name 6 = flag:  0.000e+00
# span 0 =      0.020,     17.528                 
# span 1 =    23.6802,    24.2223                 
# span 2 =   0.000004,   4.893579                 
# span 3 =     0.0115,    32.7152                 
# span 4 =         11,        817                 
# span 5 =     0.0417,     3.4000                 
# span 6 = 0.0000e+00, 0.0000e+00                 
# interval = seconds: 0.25
# start_time = Sep 21 2023 20:09:35 [System UTC, header]
# bad_flag = -9.990e-29
*END*
[from data line 411]
     13.059    24.2154   4.810471    31.8933        422     1.7542  0.000e+00
     12.994    24.2155   4.810523    31.8936        423     1.7583  0.000e+00
     12.929    24.2154   4.810497    31.8935        424     1.7625  0.000e+00
     12.869    24.2155   4.810497    31.8935        425     1.7667  0.000e+00
     12.815    24.2157   4.810523    31.8935        426     1.7708  0.000e+00
     12.757    24.2160   4.810497    31.8931        427     1.7750  0.000e+00
     12.712    24.2157   4.810523    31.8936        428     1.7792  0.000e+00
     12.665    24.2158   4.810523    31.8935        429     1.7833  0.000e+00
     12.625    24.2158   4.810523    31.8935        430     1.7875  0.000e+00
     12.582    24.2157   4.810523    31.8936        431     1.7917  0.000e+00
     12.540    24.2155   4.810523    31.8938        432     1.7958  0.000e+00
     12.490    24.2158   4.810523    31.8935        433     1.8000  0.000e+00
     12.441    24.2159   4.810523    31.8935        434     1.8042  0.000e+00
     12.387    24.2158   4.810582    31.8940        435     1.8083  0.000e+00
     12.331    24.2159   4.810555    31.8938        436     1.8125  0.000e+00
     12.282    24.2160   4.810555    31.8937        437     1.8167  0.000e+00
     12.235    24.2160   4.810582    31.8939        438     1.8208  0.000e+00
     12.186    24.2158   4.810608    31.8943        439     1.8250  0.000e+00
     12.139    24.2159   4.810628    31.8944        440     1.8292  0.000e+00
     12.108    24.2165   4.810608    31.8938        441     1.8333  0.000e+00
     12.080    24.2165   4.810582    31.8936        442     1.8375  0.000e+00
     12.043    24.2166   4.810470    31.8927        443     1.8417  0.000e+00
     12.011    24.2162   4.810470    31.8930        444     1.8458  0.000e+00
     11.980    24.2156   4.810470    31.8935        445     1.8500  0.000e+00
     11.939    24.2152   4.810496    31.8939        446     1.8542  0.000e+00
     11.902    24.2149   4.810555    31.8946        447     1.8583  0.000e+00
     11.852    24.2147   4.810549    31.8947        448     1.8625  0.000e+00
     11.803    24.2146   4.810555    31.8948        449     1.8667  0.000e+00
     11.752    24.2147   4.810719    31.8960        450     1.8708  0.000e+00
     11.700    24.2154   4.810693    31.8953        451     1.8750  0.000e+00
     11.646    24.2160   4.810660    31.8947        452     1.8792  0.000e+00
     11.588    24.2163   4.810693    31.8947        453     1.8833  0.000e+00
     11.534    24.2164   4.810634    31.8942        454     1.8875  0.000e+00
     11.474    24.2166   4.810693    31.8945        455     1.8917  0.000e+00
     11.420    24.2165   4.810693    31.8946        456     1.8958  0.000e+00
     11.366    24.2166   4.810601    31.8939        457     1.9000  0.000e+00
     11.304    24.2163   4.810496    31.8933        458     1.9042  0.000e+00
     11.245    24.2160   4.810555    31.8940        459     1.9083  0.000e+00
     11.185    24.2154   4.810581    31.8947        460     1.9125  0.000e+00
     11.116    24.2151   4.810522    31.8944        461     1.9167  0.000e+00
     11.060    24.2152   4.810522    31.8943        462     1.9208  0.000e+00
     10.999    24.2152   4.810555    31.8946        463     1.9250  0.000e+00
     10.939    24.2151   4.810555    31.8947        464     1.9292  0.000e+00
     10.881    24.2151   4.810522    31.8945        465     1.9333  0.000e+00
     10.827    24.2151   4.810548    31.8947        466     1.9375  0.000e+00
     10.775    24.2151   4.810522    31.8945        467     1.9417  0.000e+00
     10.720    24.2151   4.810522    31.8945        468     1.9458  0.000e+00
     10.674    24.2149   4.810522    31.8947        469     1.9500  0.000e+00
     10.619    24.2150   4.810522    31.8946        470     1.9542  0.000e+00
     10.565    24.2150   4.810522    31.8946        471     1.9583  0.000e+00
     10.511    24.2150   4.810581    31.8951        472     1.9625  0.000e+00
     10.458    24.2151   4.810633    31.8954        473     1.9667  0.000e+00
     10.399    24.2156   4.810600    31.8949        474     1.9708  0.000e+00
     10.337    24.2160   4.810607    31.8947        475     1.9750  0.000e+00
     10.276    24.2162   4.810607    31.8945        476     1.9792  0.000e+00
     10.222    24.2165   4.810607    31.8943        477     1.9833  0.000e+00
     10.168    24.2167   4.810692    31.8948        478     1.9875  0.000e+00
     10.119    24.2171   4.810797    31.8954        479     1.9917  0.000e+00
     10.081    24.2179   4.810797    31.8948        480     1.9958  0.000e+00
     10.041    24.2184   4.810771    31.8942        481     2.0000  0.000e+00
     10.010    24.2189   4.810823    31.8943        482     2.0042  0.000e+00
      9.976    24.2191   4.810758    31.8937        483     2.0083  0.000e+00
      9.947    24.2194   4.810744    31.8934        484     2.0125  0.000e+00
      9.913    24.2191   4.810718    31.8934        485     2.0167  0.000e+00
      9.875    24.2189   4.810659    31.8931        486     2.0208  0.000e+00
      9.833    24.2183   4.810659    31.8935        487     2.0250  0.000e+00
      9.788    24.2180   4.810718    31.8942        488     2.0292  0.000e+00
      9.747    24.2179   4.810718    31.8943        489     2.0333  0.000e+00
      9.698    24.2180   4.810718    31.8942        490     2.0375  0.000e+00
      9.654    24.2182   4.810744    31.8943        491     2.0417  0.000e+00
      9.615    24.2184   4.810731    31.8941        492     2.0458  0.000e+00
      9.575    24.2183   4.810718    31.8941        493     2.0500  0.000e+00
      9.539    24.2182   4.810692    31.8939        494     2.0542  0.000e+00
      9.503    24.2184   4.810692    31.8938        495     2.0583  0.000e+00
      9.474    24.2183   4.810744    31.8943        496     2.0625  0.000e+00
      9.445    24.2186   4.810718    31.8939        497     2.0667  0.000e+00
      9.418    24.2184   4.810744    31.8942        498     2.0708  0.000e+00
      9.383    24.2184   4.810718    31.8940        499     2.0750  0.000e+00
      9.347    24.2184   4.810705    31.8939        500     2.0792  0.000e+00
      9.309    24.2185   4.810692    31.8938        501     2.0833  0.000e+00
      9.264    24.2186   4.810633    31.8933        502     2.0875  0.000e+00
      9.221    24.2183   4.810521    31.8927        503     2.0917  0.000e+00
      9.175    24.2178   4.810495    31.8929        504     2.0958  0.000e+00
      9.139    24.2172   4.810521    31.8936        505     2.1000  0.000e+00
      9.092    24.2169   4.810495    31.8935        506     2.1042  0.000e+00
      9.053    24.2167   4.810554    31.8941        507     2.1083  0.000e+00
      9.013    24.2169   4.810469    31.8934        508     2.1125  0.000e+00
      8.969    24.2165   4.810416    31.8933        509     2.1167  0.000e+00
      8.917    24.2160   4.810521    31.8945        510     2.1208  0.000e+00
      8.848    24.2160   4.810495    31.8943        511     2.1250  0.000e+00
      8.782    24.2160   4.810521    31.8945        512     2.1292  0.000e+00
      8.720    24.2163   4.810521    31.8943        513     2.1333  0.000e+00
      8.644    24.2164   4.810495    31.8940        514     2.1375  0.000e+00
      8.565    24.2163   4.810554    31.8946        515     2.1417  0.000e+00
      8.492    24.2164   4.810442    31.8937        516     2.1458  0.000e+00
      8.418    24.2162   4.810278    31.8926        517     2.1500  0.000e+00
      8.350    24.2154   4.810075    31.8918        518     2.1542  0.000e+00
      8.285    24.2141   4.810114    31.8930        519     2.1583  0.000e+00
      8.223    24.2134   4.810141    31.8937        520     2.1625  0.000e+00
      8.176    24.2132   4.810167    31.8940        521     2.1667  0.000e+00
      8.129    24.2130   4.810141    31.8940        522     2.1708  0.000e+00
      8.080    24.2128   4.810141    31.8942        523     2.1750  0.000e+00
      8.051    24.2128   4.810114    31.8940        524     2.1792  0.000e+00
      8.015    24.2128   4.810114    31.8940        525     2.1833  0.000e+00
      7.979    24.2128   4.810127    31.8941        526     2.1875  0.000e+00
      7.941    24.2129   4.810167    31.8943        527     2.1917  0.000e+00
      7.911    24.2131   4.810219    31.8946        528     2.1958  0.000e+00
      7.871    24.2134   4.810278    31.8948        529     2.2000  0.000e+00
      7.815    24.2139   4.810304    31.8947        530     2.2042  0.000e+00
      7.755    24.2143   4.810331    31.8946        531     2.2083  0.000e+00
      7.697    24.2147   4.810357    31.8945        532     2.2125  0.000e+00
      7.649    24.2150   4.810330    31.8941        533     2.2167  0.000e+00
      7.591    24.2152   4.810330    31.8940        534     2.2208  0.000e+00
      7.547    24.2154   4.810363    31.8941        535     2.2250  0.000e+00
      7.509    24.2155   4.810330    31.8938        536     2.2292  0.000e+00
      7.473    24.2159   4.810330    31.8935        537     2.2333  0.000e+00
      7.444    24.2159   4.810468    31.8946        538     2.2375  0.000e+00
      7.415    24.2160   4.810416    31.8941        539     2.2417  0.000e+00
      7.397    24.2165   4.810383    31.8935        540     2.2458  0.000e+00
      7.377    24.2163   4.810330    31.8933        541     2.2500  0.000e+00
      7.365    24.2159   4.810304    31.8934        542     2.2542  0.000e+00
      7.350    24.2157   4.810278    31.8933        543     2.2583  0.000e+00
      7.334    24.2158   4.810337    31.8937        544     2.2625  0.000e+00
      7.325    24.2155   4.810304    31.8937        545     2.2667  0.000e+00
      7.309    24.2155   4.810357    31.8941        546     2.2708  0.000e+00
      7.303    24.2155   4.810330    31.8939        547     2.2750  0.000e+00
      7.293    24.2154   4.810252    31.8934        548     2.2792  0.000e+00
      7.278    24.2151   4.810193    31.8931        549     2.2833  0.000e+00
      7.258    24.2149   4.810304    31.8941        550     2.2875  0.000e+00
      7.229    24.2148   4.810219    31.8935        551     2.2917  0.000e+00
      7.188    24.2144   4.810311    31.8945        552     2.2958  0.000e+00
      7.141    24.2144   4.810252    31.8941        553     2.3000  0.000e+00
      7.092    24.2145   4.810330    31.8946        554     2.3042  0.000e+00
      7.032    24.2147   4.810415    31.8951        555     2.3083  0.000e+00
      6.980    24.2149   4.810330    31.8944        556     2.3125  0.000e+00
      6.915    24.2151   4.810278    31.8939        557     2.3167  0.000e+00
      6.872    24.2150   4.810192    31.8933        558     2.3208  0.000e+00
      6.817    24.2145   4.810278    31.8943        559     2.3250  0.000e+00
      6.776    24.2145   4.810304    31.8945        560     2.3292  0.000e+00
      6.732    24.2147   4.810363    31.8948        561     2.3333  0.000e+00
      6.698    24.2148   4.810304    31.8943        562     2.3375  0.000e+00
      6.662    24.2149   4.810251    31.8939        563     2.3417  0.000e+00
      6.620    24.2147   4.810330    31.8946        564     2.3458  0.000e+00
      6.570    24.2149   4.810441    31.8953        565     2.3500  0.000e+00
      6.503    24.2156   4.810441    31.8949        566     2.3542  0.000e+00
      6.434    24.2160   4.810415    31.8944        567     2.3583  0.000e+00
      6.358    24.2163   4.810415    31.8942        568     2.3625  0.000e+00
      6.284    24.2163   4.810441    31.8944        569     2.3667  0.000e+00
      6.228    24.2163   4.810389    31.8941        570     2.3708  0.000e+00
      6.174    24.2163   4.810415    31.8943        571     2.3750  0.000e+00
      6.129    24.2162   4.810415    31.8944        572     2.3792  0.000e+00
      6.091    24.2164   4.810415    31.8942        573     2.3833  0.000e+00
      6.044    24.2163   4.810494    31.8949        574     2.3875  0.000e+00
      5.991    24.2167   4.810467    31.8944        575     2.3917  0.000e+00
      5.925    24.2168   4.810467    31.8943        576     2.3958  0.000e+00
      5.843    24.2171   4.810493    31.8944        577     2.4000  0.000e+00
      5.771    24.2168   4.810579    31.8952        578     2.4042  0.000e+00
      5.693    24.2174   4.810546    31.8946        579     2.4083  0.000e+00
      5.623    24.2176   4.810605    31.8949        580     2.4125  0.000e+00
      5.561    24.2176   4.810552    31.8946        581     2.4167  0.000e+00
      5.520    24.2179   4.810520    31.8941        582     2.4208  0.000e+00
      5.489    24.2176   4.810493    31.8941        583     2.4250  0.000e+00
      5.469    24.2175   4.810467    31.8940        584     2.4292  0.000e+00
      5.451    24.2175   4.810415    31.8936        585     2.4333  0.000e+00
      5.442    24.2171   4.810441    31.8941        586     2.4375  0.000e+00
      5.426    24.2171   4.810441    31.8941        587     2.4417  0.000e+00
      5.406    24.2169   4.810519    31.8948        588     2.4458  0.000e+00
      5.363    24.2174   4.810493    31.8943        589     2.4500  0.000e+00
      5.307    24.2175   4.810493    31.8943        590     2.4542  0.000e+00
      5.243    24.2179   4.810467    31.8938        591     2.4583  0.000e+00
      5.182    24.2178   4.810467    31.8939        592     2.4625  0.000e+00
      5.131    24.2177   4.810441    31.8938        593     2.4667  0.000e+00
      5.099    24.2176   4.810493    31.8943        594     2.4708  0.000e+00
      5.072    24.2173   4.810552    31.8949        595     2.4750  0.000e+00
      5.063    24.2177   4.810493    31.8942        596     2.4792  0.000e+00
      5.061    24.2178   4.810441    31.8937        597     2.4833  0.000e+00
      5.077    24.2172   4.810552    31.8950        598     2.4875  0.000e+00
      5.101    24.2172   4.810355    31.8935        599     2.4917  0.000e+00
      5.119    24.2166   4.810251    31.8931        600     2.4958  0.000e+00
      5.124    24.2158   4.810139    31.8929        601     2.5000  0.000e+00
      5.131    24.2151   4.810192    31.8937        602     2.5042  0.000e+00
      5.130    24.2148   4.810277    31.8946        603     2.5083  0.000e+00
      5.108    24.2150   4.810303    31.8947        604     2.5125  0.000e+00
      5.063    24.2151   4.809988    31.8923        605     2.5167  0.000e+00
      5.007    24.2141   4.809864    31.8921        606     2.5208  0.000e+00
      4.954    24.2129   4.809975    31.8938        607     2.5250  0.000e+00
      4.914    24.2124   4.809949    31.8940        608     2.5292  0.000e+00
      4.891    24.2120   4.810080    31.8953        609     2.5333  0.000e+00
      4.860    24.2123   4.810139    31.8955        610     2.5375  0.000e+00
      4.848    24.2127   4.810001    31.8942        611     2.5417  0.000e+00
      4.829    24.2125   4.810054    31.8947        612     2.5458  0.000e+00
      4.795    24.2125   4.810074    31.8949        613     2.5500  0.000e+00
      4.737    24.2128   4.810054    31.8945        614     2.5542  0.000e+00
      4.674    24.2127   4.809864    31.8932        615     2.5583  0.000e+00
      4.596    24.2120   4.810028    31.8950        616     2.5625  0.000e+00
      4.515    24.2117   4.809726    31.8929        617     2.5667  0.000e+00
      4.430    24.2110   4.809674    31.8931        618     2.5708  0.000e+00
      4.334    24.2101   4.810001    31.8961        619     2.5750  0.000e+00
      4.257    24.2106   4.809726    31.8938        620     2.5792  0.000e+00
      4.177    24.2100   4.809451    31.8922        621     2.5833  0.000e+00
      4.121    24.2090   4.809909    31.8963        622     2.5875  0.000e+00
      4.090    24.2093   4.810250    31.8987        623     2.5917  0.000e+00
      4.061    24.2113   4.810217    31.8970        624     2.5958  0.000e+00
      4.043    24.2126   4.809916    31.8938        625     2.6000  0.000e+00
