HB2304/sbe052.cnv
* Sea-Bird SBE 19plus V2 Data File:
* FileName = C:\cruise\data\sbe052.hex
* Software Version Seasave V 7.26.7.121
* Temperature SN = 7037
* Conductivity SN = 7037
* System UpLoad Time = Oct 09 2023 10:24:45
** Ship: Bigelow
** Cruise:  HB2304
** Program:  Fall Bottom Trawl
# nquan = 7
# nvalues = 991                                   
# units = specified
# name 0 = depSM: Depth [salt water, m], lat = 40.00
# name 1 = tv290C: Temperature [ITS-90, deg C]
# name 2 = c0S/m: Conductivity [S/m]
# name 3 = sal00: Salinity, Practical [PSU]
# name 4 = scan: Scan Count
# name 5 = timeM: Time, Elapsed [minutes]
# name 6 = flag:  0.000e+00
# span 0 =     -0.058,     22.327                 
# span 1 =    16.4054,    18.9155                 
# span 2 =   0.446407,   4.370546                 
# span 3 =     2.7521,    32.3979                 
# span 4 =         11,       1001                 
# span 5 =     0.0417,     4.1667                 
# span 6 = 0.0000e+00, 0.0000e+00                 
# interval = seconds: 0.25
# start_time = Oct 09 2023 10:24:45 [System UTC, header]
# bad_flag = -9.990e-29
*END*
      4.657    16.4054   3.996315    31.1887         11     0.0417  0.000e+00
      4.849    16.4527   3.992404    31.1177         12     0.0458  0.000e+00
      5.045    16.4906   3.990585    31.0724         13     0.0500  0.000e+00
      5.237    16.5503   3.997951    31.0899         14     0.0542  0.000e+00
      5.407    16.6800   4.020849    31.1871         15     0.0583  0.000e+00
      5.575    16.8623   4.051756    31.3119         16     0.0625  0.000e+00
      5.681    17.0663   4.114147    31.6889         17     0.0667  0.000e+00
      5.730    17.3027   4.143088    31.7514         18     0.0708  0.000e+00
      5.750    17.5630   4.148564    31.5947         19     0.0750  0.000e+00
      5.766    17.7723   4.137291    31.3373         20     0.0792  0.000e+00
      5.804    17.9149   4.080780    30.7528         21     0.0833  0.000e+00
      5.868    18.0299   4.067550    30.5557         22     0.0875  0.000e+00
      5.931    18.0569   4.056932    30.4468         23     0.0917  0.000e+00
      5.972    18.0106   4.058404    30.4935         24     0.0958  0.000e+00
      6.007    17.9567   4.063868    30.5795         25     0.1000  0.000e+00
      6.030    17.8976   4.069684    30.6726         26     0.1042  0.000e+00
      6.050    17.8789   4.085302    30.8179         27     0.1083  0.000e+00
      6.050    17.8991   4.103745    30.9577         28     0.1125  0.000e+00
      6.032    17.9525   4.114909    31.0111         29     0.1167  0.000e+00
      6.005    18.0175   4.121202    31.0147         30     0.1208  0.000e+00
      5.989    18.0777   4.115472    30.9210         31     0.1250  0.000e+00
      5.980    18.1120   4.082288    30.6177         32     0.1292  0.000e+00
      5.971    18.1253   4.058909    30.4125         33     0.1333  0.000e+00
      5.969    18.1593   4.051404    30.3247         34     0.1375  0.000e+00
      5.965    18.0749   4.049594    30.3721         35     0.1417  0.000e+00
      5.965    17.8484   4.049170    30.5371         36     0.1458  0.000e+00
      5.965    17.6428   4.048398    30.6850         37     0.1500  0.000e+00
      5.974    17.4878   4.047943    30.7984         38     0.1542  0.000e+00
      5.971    17.3504   4.046397    30.8898         39     0.1583  0.000e+00
      5.964    17.2439   4.043613    30.9474         40     0.1625  0.000e+00
      5.938    17.1732   4.043833    31.0035         41     0.1667  0.000e+00
      5.902    17.1337   4.054870    31.1282         42     0.1708  0.000e+00
      5.859    17.1062   4.060759    31.1999         43     0.1750  0.000e+00
      5.794    17.0991   4.069523    31.2805         44     0.1792  0.000e+00
      5.732    17.1999   4.091634    31.3916         45     0.1833  0.000e+00
      5.672    17.3773   4.107394    31.3886         46     0.1875  0.000e+00
      5.618    17.5548   4.108435    31.2604         47     0.1917  0.000e+00
      5.582    17.6973   4.082250    30.9299         48     0.1958  0.000e+00
      5.553    17.7896   4.057515    30.6516         49     0.2000  0.000e+00
      5.533    17.8864   4.047145    30.4919         50     0.2042  0.000e+00
      5.530    17.8514   4.043714    30.4892         51     0.2083  0.000e+00
      5.539    17.6633   4.041298    30.6098         52     0.2125  0.000e+00
      5.557    17.4839   4.039381    30.7289         53     0.2167  0.000e+00
      5.586    17.3596   4.037702    30.8090         54     0.2208  0.000e+00
      5.611    17.2689   4.035730    30.8613         55     0.2250  0.000e+00
      5.634    17.2061   4.035639    30.9084         56     0.2292  0.000e+00
      5.661    17.1790   4.044454    31.0044         57     0.2333  0.000e+00
      5.689    17.1742   4.055180    31.0998         58     0.2375  0.000e+00
      5.714    17.1826   4.061869    31.1505         59     0.2417  0.000e+00
      5.739    17.2063   4.067658    31.1816         60     0.2458  0.000e+00
      5.772    17.2868   4.073939    31.1732         61     0.2500  0.000e+00
      5.783    17.4198   4.087431    31.1858         62     0.2542  0.000e+00
      5.803    17.5638   4.109017    31.2583         63     0.2583  0.000e+00
      5.804    17.7096   4.130540    31.3285         64     0.2625  0.000e+00
      5.804    17.8417   4.142982    31.3320         65     0.2667  0.000e+00
      5.810    17.9584   4.147537    31.2809         66     0.2708  0.000e+00
      5.815    18.0593   4.150048    31.2250         67     0.2750  0.000e+00
      5.817    18.1416   4.151532    31.1747         68     0.2792  0.000e+00
      5.821    18.2076   4.152979    31.1367         69     0.2833  0.000e+00
      5.830    18.2605   4.152460    31.0923         70     0.2875  0.000e+00
      5.854    18.3005   4.149848    31.0402         71     0.2917  0.000e+00
      5.870    18.3260   4.138773    30.9286         72     0.2958  0.000e+00
      5.899    18.3269   4.107001    30.6634         73     0.3000  0.000e+00
      5.937    18.3144   4.087983    30.5144         74     0.3042  0.000e+00
      5.973    18.3319   4.078248    30.4205         75     0.3083  0.000e+00
      6.016    18.3019   4.065079    30.3332         76     0.3125  0.000e+00
      6.050    18.2396   4.058822    30.3271         77     0.3167  0.000e+00
      6.074    18.1270   4.055967    30.3866         78     0.3208  0.000e+00
      6.088    18.0160   4.056353    30.4723         79     0.3250  0.000e+00
      6.092    17.9359   4.056812    30.5359         80     0.3292  0.000e+00
      6.088    17.8793   4.054915    30.5623         81     0.3333  0.000e+00
      6.063    17.8374   4.049987    30.5522         82     0.3375  0.000e+00
      6.029    17.8054   4.045098    30.5351         83     0.3417  0.000e+00
      5.985    17.7902   4.042795    30.5271         84     0.3458  0.000e+00
      5.937    17.7864   4.040218    30.5082         85     0.3500  0.000e+00
      5.886    17.7141   4.040170    30.5620         86     0.3542  0.000e+00
      5.828    17.5544   4.042189    30.6993         87     0.3583  0.000e+00
      5.767    17.3886   4.045908    30.8566         88     0.3625  0.000e+00
      5.718    17.2507   4.046910    30.9704         89     0.3667  0.000e+00
      5.674    17.1604   4.045808    31.0302         90     0.3708  0.000e+00
      5.638    17.1141   4.047826    31.0831         91     0.3750  0.000e+00
      5.619    17.0521   4.051296    31.1607         92     0.3792  0.000e+00
      5.606    17.0011   4.055134    31.2330         93     0.3833  0.000e+00
      5.615    16.9797   4.048236    31.1904         94     0.3875  0.000e+00
      5.631    16.9706   4.043775    31.1591         95     0.3917  0.000e+00
      5.655    16.9038   4.042538    31.2002         96     0.3958  0.000e+00
      5.689    16.8386   4.041406    31.2411         97     0.4000  0.000e+00
      5.722    16.7930   4.039945    31.2639         98     0.4042  0.000e+00
      5.743    16.7629   4.038824    31.2777         99     0.4083  0.000e+00
      5.772    16.7422   4.037996    31.2867        100     0.4125  0.000e+00
      5.796    16.7269   4.037156    31.2914        101     0.4167  0.000e+00
      5.803    16.7145   4.036919    31.2990        102     0.4208  0.000e+00
      5.799    16.7043   4.038843    31.3236        103     0.4250  0.000e+00
      5.788    16.6972   4.041865    31.3552        104     0.4292  0.000e+00
      5.778    16.6922   4.042998    31.3689        105     0.4333  0.000e+00
      5.756    16.6891   4.041987    31.3626        106     0.4375  0.000e+00
      5.731    16.6880   4.038527    31.3336        107     0.4417  0.000e+00
      5.712    16.6861   4.034496    31.3002        108     0.4458  0.000e+00
      5.700    16.6850   4.033820    31.2952        109     0.4500  0.000e+00
      5.684    16.6818   4.034471    31.3034        110     0.4542  0.000e+00
      5.680    16.6531   4.034800    31.3287        111     0.4583  0.000e+00
      5.687    16.6342   4.034594    31.3417        112     0.4625  0.000e+00
      5.696    16.6299   4.034831    31.3470        113     0.4667  0.000e+00
      5.723    16.6276   4.035982    31.3589        114     0.4708  0.000e+00
      5.754    16.6246   4.036591    31.3664        115     0.4750  0.000e+00
      5.794    16.6213   4.036512    31.3683        116     0.4792  0.000e+00
      5.839    16.6163   4.035958    31.3674        117     0.4833  0.000e+00
      5.891    16.6111   4.035312    31.3658        118     0.4875  0.000e+00
      5.942    16.6071   4.037535    31.3883        119     0.4917  0.000e+00
      5.993    16.6025   4.039198    31.4063        120     0.4958  0.000e+00
      6.036    16.6022   4.039198    31.4064        121     0.5000  0.000e+00
      6.072    16.6446   4.043816    31.4132        122     0.5042  0.000e+00
      6.099    16.8123   4.072204    31.5271        123     0.5083  0.000e+00
      6.112    17.0634   4.109368    31.6500        124     0.5125  0.000e+00
      6.114    17.3159   4.129930    31.6284        125     0.5167  0.000e+00
      6.103    17.5419   4.143165    31.5651        126     0.5208  0.000e+00
      6.079    17.7312   4.152061    31.4938        127     0.5250  0.000e+00
      6.039    17.8871   4.157137    31.4164        128     0.5292  0.000e+00
      5.994    18.0141   4.160162    31.3444        129     0.5333  0.000e+00
      5.940    18.1147   4.159747    31.2640        130     0.5375  0.000e+00
      5.895    18.1906   4.154291    31.1605        131     0.5417  0.000e+00
      5.850    18.2366   4.123858    30.8715        132     0.5458  0.000e+00
      5.832    18.2576   4.095515    30.6194        133     0.5500  0.000e+00
      5.830    18.2811   4.070528    30.3939        134     0.5542  0.000e+00
      5.843    18.1858   4.056882    30.3508        135     0.5583  0.000e+00
      5.864    17.9632   4.053804    30.4903        136     0.5625  0.000e+00
      5.897    17.7198   4.053386    30.6691        137     0.5667  0.000e+00
      5.933    17.5123   4.054670    30.8368        138     0.5708  0.000e+00
      5.969    17.3704   4.067125    31.0508        139     0.5750  0.000e+00
      5.994    17.3040   4.085964    31.2624        140     0.5792  0.000e+00
      5.998    17.2947   4.099523    31.3853        141     0.5833  0.000e+00
      5.989    17.3005   4.101668    31.3991        142     0.5875  0.000e+00
      5.965    17.3811   4.116881    31.4663        143     0.5917  0.000e+00
      5.929    17.5437   4.147327    31.5991        144     0.5958  0.000e+00
      5.873    17.7275   4.173468    31.6779        145     0.6000  0.000e+00
      5.754    17.9077   4.187713    31.6585        146     0.6042  0.000e+00
      5.571    18.0811   4.195838    31.5928        147     0.6083  0.000e+00
      5.344    18.2281   4.202075    31.5320        148     0.6125  0.000e+00
      5.100    18.3343   4.202266    31.4522        149     0.6167  0.000e+00
      4.885    18.4056   4.202302    31.3981        150     0.6208  0.000e+00
      4.666    18.4529   4.202964    31.3676        151     0.6250  0.000e+00
      4.442    18.4862   4.203836    31.3497        152     0.6292  0.000e+00
      4.216    18.5106   4.204492    31.3366        153     0.6333  0.000e+00
      4.001    18.5282   4.205093    31.3283        154     0.6375  0.000e+00
      3.804    18.5408   4.203860    31.3086        155     0.6417  0.000e+00
      3.645    18.5491   4.202726    31.2929        156     0.6458  0.000e+00
      3.508    18.5543   4.203135    31.2924        157     0.6500  0.000e+00
      3.365    18.5570   4.203835    31.2962        158     0.6542  0.000e+00
      3.206    18.5570   4.204572    31.3024        159     0.6583  0.000e+00
      3.038    18.5581   4.205309    31.3077        160     0.6625  0.000e+00
      2.874    18.5599   4.212836    31.3690        161     0.6667  0.000e+00
      2.702    18.5650   4.218038    31.4083        162     0.6708  0.000e+00
      2.514    18.5735   4.218484    31.4057        163     0.6750  0.000e+00
      2.319    18.5804   4.218682    31.4021        164     0.6792  0.000e+00
      2.138    18.5853   4.218800    31.3994        165     0.6833  0.000e+00
      1.972    18.5895   4.218924    31.3973        166     0.6875  0.000e+00
      1.811    18.5924   4.218974    31.3956        167     0.6917  0.000e+00
      1.629    18.5944   4.219116    31.3953        168     0.6958  0.000e+00
      1.423    18.5953   4.219079    31.3943        169     0.7000  0.000e+00
      1.193    18.5955   4.219141    31.3948        170     0.7042  0.000e+00
      0.899    18.5958   4.219091    31.3942        171     0.7083  0.000e+00
      0.684    18.5963   4.218775    31.3913        172     0.7125  0.000e+00
      0.628    18.5954   4.218682    31.3913        173     0.7167  0.000e+00
      0.680    18.5950   4.218682    31.3916        174     0.7208  0.000e+00
      0.740    18.5942   4.218440    31.3901        175     0.7250  0.000e+00
      0.774    18.5920   4.218799    31.3948        176     0.7292  0.000e+00
      0.763    18.5913   4.219091    31.3977        177     0.7333  0.000e+00
      0.760    18.5924   4.219066    31.3967        178     0.7375  0.000e+00
      0.781    18.5932   4.219029    31.3957        179     0.7417  0.000e+00
      0.814    18.5934   4.218973    31.3951        180     0.7458  0.000e+00
      0.843    18.5928   4.218849    31.3946        181     0.7500  0.000e+00
      0.852    18.5923   4.219153    31.3975        182     0.7542  0.000e+00
      0.852    18.5928   4.218948    31.3954        183     0.7583  0.000e+00
      0.848    18.5936   4.219240    31.3972        184     0.7625  0.000e+00
      0.834    18.5936   4.219190    31.3968        185     0.7667  0.000e+00
      0.819    18.5935   4.219252    31.3974        186     0.7708  0.000e+00
      0.821    18.5936   4.219190    31.3968        187     0.7750  0.000e+00
      0.857    18.5937   4.219531    31.3996        188     0.7792  0.000e+00
      0.913    18.5946   4.219637    31.3997        189     0.7833  0.000e+00
      0.966    18.5959   4.219581    31.3982        190     0.7875  0.000e+00
      0.986    18.5963   4.219699    31.3989        191     0.7917  0.000e+00
      0.973    18.5966   4.219941    31.4007        192     0.7958  0.000e+00
      0.935    18.5977   4.220040    31.4007        193     0.8000  0.000e+00
      0.850    18.5987   4.220015    31.3997        194     0.8042  0.000e+00
      0.705    18.5992   4.219848    31.3981        195     0.8083  0.000e+00
      0.498    18.5990   4.219810    31.3979        196     0.8125  0.000e+00
      0.241    18.5983   4.219674    31.3974        197     0.8167  0.000e+00
      0.035    18.5974   4.219674    31.3982        198     0.8208  0.000e+00
     -0.032    18.5969   1.372851     9.1686        199     0.8250  0.000e+00
     -0.037    18.5841   0.640619     4.0390        200     0.8292  0.000e+00
      0.024    18.5478   0.593042     3.7224        201     0.8333  0.000e+00
      0.277    18.5158   1.248791     8.2919        202     0.8375  0.000e+00
      0.555    18.5059   3.316380    24.0835        203     0.8417  0.000e+00
      0.736    18.5202   2.661861    18.8982        204     0.8458  0.000e+00
      0.836    18.5397   4.121512    30.6272        205     0.8500  0.000e+00
      0.859    18.5564   4.173566    31.0463        206     0.8542  0.000e+00
      0.836    18.5696   4.166518    30.9779        207     0.8583  0.000e+00
      0.792    18.5786   4.169208    30.9934        208     0.8625  0.000e+00
      0.769    18.5851   4.170806    31.0018        209     0.8667  0.000e+00
      0.807    18.5888   4.171109    31.0015        210     0.8708  0.000e+00
      0.884    18.5903   4.174208    31.0261        211     0.8750  0.000e+00
      0.985    18.5908   4.180736    31.0798        212     0.8792  0.000e+00
      1.117    18.5915   4.183709    31.1039        213     0.8833  0.000e+00
      1.296    18.5914   4.182436    31.0933        214     0.8875  0.000e+00
      1.509    18.5903   4.180014    31.0739        215     0.8917  0.000e+00
