HB2304/sbe029.cnv
* Sea-Bird SBE 19plus V2 Data File:
* FileName = C:\cruise\data\sbe029.hex
* Software Version Seasave V 7.26.7.121
* Temperature SN = 7037
* Conductivity SN = 7037
* System UpLoad Time = Sep 21 2023 04:53:43
** Ship: Bigelow
** Cruise:  HB2304
** Program:  Fall Bottom Trawl
# nquan = 7
# nvalues = 649                                   
# units = specified
# name 0 = depSM: Depth [salt water, m], lat = 40.00
# name 1 = tv290C: Temperature [ITS-90, deg C]
# name 2 = c0S/m: Conductivity [S/m]
# name 3 = sal00: Salinity, Practical [PSU]
# name 4 = scan: Scan Count
# name 5 = timeM: Time, Elapsed [minutes]
# name 6 = flag:  0.000e+00
# span 0 =      0.057,     14.733                 
# span 1 =    24.2780,    24.4213                 
# span 2 =   0.625987,   4.813000                 
# span 3 =     3.4562,    31.8254                 
# span 4 =         11,        659                 
# span 5 =     0.0417,     2.7417                 
# span 6 = 0.0000e+00, 0.0000e+00                 
# interval = seconds: 0.25
# start_time = Sep 21 2023 04:53:43 [System UTC, header]
# bad_flag = -9.990e-29
*END*
      0.059    24.3310   0.919495     5.2167         11     0.0417  0.000e+00
      0.057    24.3174   0.625987     3.4562         12     0.0458  0.000e+00
      0.099    24.2934   1.233694     7.1659         13     0.0500  0.000e+00
      0.160    24.2780   2.648340    16.4530         14     0.0542  0.000e+00
      0.232    24.2835   4.539664    29.8505         15     0.0583  0.000e+00
      0.294    24.2966   4.610608    30.3632         16     0.0625  0.000e+00
      0.341    24.3077   4.606457    30.3251         17     0.0667  0.000e+00
      0.411    24.3158   4.601490    30.2831         18     0.0708  0.000e+00
      0.474    24.3224   4.602133    30.2834         19     0.0750  0.000e+00
      0.512    24.3293   4.602063    30.2782         20     0.0792  0.000e+00
      0.523    24.3347   4.601934    30.2736         21     0.0833  0.000e+00
      0.552    24.3378   4.601696    30.2698         22     0.0875  0.000e+00
      0.603    24.3395   4.602609    30.2753         23     0.0917  0.000e+00
      0.641    24.3408   4.601001    30.2626         24     0.0958  0.000e+00
      0.679    24.3414   4.601644    30.2669         25     0.1000  0.000e+00
      0.699    24.3418   4.601882    30.2684         26     0.1042  0.000e+00
      0.693    24.3422   4.602429    30.2722         27     0.1083  0.000e+00
      0.691    24.3434   4.602764    30.2738         28     0.1125  0.000e+00
      0.717    24.3438   4.602995    30.2752         29     0.1167  0.000e+00
      0.751    24.3436   4.603349    30.2780         30     0.1208  0.000e+00
      0.787    24.3437   4.602789    30.2738         31     0.1250  0.000e+00
      0.818    24.3435   4.603491    30.2791         32     0.1292  0.000e+00
      0.856    24.3437   4.603291    30.2774         33     0.1333  0.000e+00
      0.881    24.3440   4.602764    30.2733         34     0.1375  0.000e+00
      0.897    24.3446   4.603561    30.2788         35     0.1417  0.000e+00
      0.906    24.3448   4.602300    30.2694         36     0.1458  0.000e+00
      0.910    24.3452   4.603105    30.2751         37     0.1500  0.000e+00
      0.919    24.3456   4.603458    30.2774         38     0.1542  0.000e+00
      0.914    24.3460   4.603182    30.2750         39     0.1583  0.000e+00
      0.899    24.3462   4.603130    30.2745         40     0.1625  0.000e+00
      0.858    24.3452   4.602210    30.2685         41     0.1667  0.000e+00
      0.802    24.3435   4.602867    30.2745         42     0.1708  0.000e+00
      0.735    24.3423   4.603130    30.2772         43     0.1750  0.000e+00
      0.673    24.3414   4.602506    30.2732         44     0.1792  0.000e+00
      0.626    24.3407   4.603568    30.2816         45     0.1833  0.000e+00
      0.594    24.3412   4.604674    30.2893         46     0.1875  0.000e+00
      0.576    24.3422   4.603259    30.2783         47     0.1917  0.000e+00
      0.565    24.3429   4.603336    30.2784         48     0.1958  0.000e+00
      0.547    24.3436   4.604346    30.2854         49     0.2000  0.000e+00
      0.516    24.3437   4.605363    30.2928         50     0.2042  0.000e+00
      0.521    24.3438   4.606103    30.2981         51     0.2083  0.000e+00
      0.570    24.3438   4.607177    30.3060         52     0.2125  0.000e+00
      0.679    24.3442   4.605697    30.2948         53     0.2167  0.000e+00
      0.841    24.3445   4.602371    30.2701         54     0.2208  0.000e+00
      1.044    24.3439   4.603568    30.2793         55     0.2250  0.000e+00
      1.264    24.3430   4.600455    30.2569         56     0.2292  0.000e+00
      1.483    24.3420   4.598108    30.2403         57     0.2333  0.000e+00
      1.700    24.3412   4.598667    30.2449         58     0.2375  0.000e+00
      1.915    24.3405   4.597349    30.2356         59     0.2417  0.000e+00
      2.142    24.3404   4.597915    30.2398         60     0.2458  0.000e+00
      2.357    24.3410   4.597864    30.2389         61     0.2500  0.000e+00
      2.551    24.3418   4.597973    30.2392         62     0.2542  0.000e+00
      2.731    24.3423   4.598668    30.2439         63     0.2583  0.000e+00
      2.907    24.3423   4.599420    30.2493         64     0.2625  0.000e+00
      3.086    24.3426   4.595492    30.2202         65     0.2667  0.000e+00
      3.277    24.3428   4.596597    30.2281         66     0.2708  0.000e+00
      3.469    24.3430   4.595492    30.2198         67     0.2750  0.000e+00
      3.666    24.3430   4.595273    30.2182         68     0.2792  0.000e+00
      3.861    24.3428   4.597138    30.2319         69     0.2833  0.000e+00
      4.071    24.3426   4.596572    30.2279         70     0.2875  0.000e+00
      4.291    24.3421   4.594708    30.2145         71     0.2917  0.000e+00
      4.526    24.3416   4.591822    30.1935         72     0.2958  0.000e+00
      4.757    24.3414   4.592427    30.1980         73     0.3000  0.000e+00
      4.983    24.3411   4.591861    30.1940         74     0.3042  0.000e+00
      5.209    24.3411   4.589644    30.1777         75     0.3083  0.000e+00
      5.437    24.3412   4.591649    30.1922         76     0.3125  0.000e+00
      5.666    24.3415   4.591148    30.1883         77     0.3167  0.000e+00
      5.890    24.3421   4.590775    30.1851         78     0.3208  0.000e+00
      6.107    24.3427   4.590904    30.1856         79     0.3250  0.000e+00
      6.308    24.3435   4.591746    30.1912         80     0.3292  0.000e+00
      6.505    24.3438   4.590564    30.1822         81     0.3333  0.000e+00
      6.704    24.3442   4.586221    30.1500         82     0.3375  0.000e+00
      6.891    24.3446   4.590435    30.1806         83     0.3417  0.000e+00
      7.081    24.3451   4.592427    30.1949         84     0.3458  0.000e+00
      7.260    24.3460   4.595063    30.2136         85     0.3500  0.000e+00
      7.437    24.3478   4.593462    30.2005         86     0.3542  0.000e+00
      7.616    24.3495   4.594497    30.2069         87     0.3583  0.000e+00
      7.797    24.3505   4.592479    30.1914         88     0.3625  0.000e+00
      7.981    24.3513   4.598284    30.2335         89     0.3667  0.000e+00
      8.175    24.3538   4.619253    30.3858         90     0.3708  0.000e+00
      8.357    24.3590   4.649478    30.6045         91     0.3750  0.000e+00
      8.550    24.3644   4.666514    30.7262         92     0.3792  0.000e+00
      8.751    24.3684   4.683557    30.8489         93     0.3833  0.000e+00
      8.954    24.3736   4.692498    30.9112         94     0.3875  0.000e+00
      9.154    24.3786   4.697992    30.9481         95     0.3917  0.000e+00
      9.358    24.3835   4.705067    30.9968         96     0.3958  0.000e+00
      9.559    24.3898   4.708107    31.0148         97     0.4000  0.000e+00
      9.754    24.3951   4.711634    31.0371         98     0.4042  0.000e+00
      9.951    24.3997   4.715162    31.0599         99     0.4083  0.000e+00
     10.143    24.4031   4.715052    31.0566        100     0.4125  0.000e+00
     10.336    24.4052   4.717944    31.0764        101     0.4167  0.000e+00
     10.522    24.4059   4.720272    31.0931        102     0.4208  0.000e+00
     10.717    24.4060   4.721273    31.1003        103     0.4250  0.000e+00
     10.909    24.4049   4.722307    31.1086        104     0.4292  0.000e+00
     11.102    24.4037   4.723536    31.1184        105     0.4333  0.000e+00
     11.299    24.4024   4.723673    31.1203        106     0.4375  0.000e+00
     11.505    24.4012   4.725390    31.1338        107     0.4417  0.000e+00
     11.707    24.3998   4.726087    31.1398        108     0.4458  0.000e+00
     11.917    24.3986   4.726516    31.1437        109     0.4500  0.000e+00
     12.127    24.3974   4.727349    31.1506        110     0.4542  0.000e+00
     12.344    24.3971   4.729249    31.1648        111     0.4583  0.000e+00
     12.562    24.3964   4.731156    31.1792        112     0.4625  0.000e+00
     12.781    24.3968   4.735185    31.2086        113     0.4667  0.000e+00
     13.000    24.3973   4.735804    31.2128        114     0.4708  0.000e+00
     13.224    24.3976   4.738656    31.2335        115     0.4750  0.000e+00
     13.450    24.3977   4.742617    31.2626        116     0.4792  0.000e+00
     13.679    24.3979   4.745660    31.2848        117     0.4833  0.000e+00
     13.907    24.3977   4.751637    31.3290        118     0.4875  0.000e+00
     14.133    24.3969   4.756027    31.3619        119     0.4917  0.000e+00
     14.355    24.3958   4.768532    31.4549        120     0.4958  0.000e+00
     14.595    24.3921   4.776116    31.5135        121     0.5000  0.000e+00
     14.696    24.3871   4.777658    31.5283        122     0.5042  0.000e+00
     14.733    24.3829   4.795312    31.6617        123     0.5083  0.000e+00
     14.713    24.3751   4.801460    31.7127        124     0.5125  0.000e+00
     14.675    24.3664   4.803320    31.7326        125     0.5167  0.000e+00
     14.677    24.3600   4.804991    31.7495        126     0.5208  0.000e+00
     14.698    24.3549   4.808005    31.7754        127     0.5250  0.000e+00
     14.700    24.3506   4.808988    31.7857        128     0.5292  0.000e+00
     14.673    24.3464   4.811649    31.8084        129     0.5333  0.000e+00
     14.626    24.3424   4.812770    31.8196        130     0.5375  0.000e+00
     14.588    24.3387   4.813000    31.8239        131     0.5417  0.000e+00
     14.572    24.3362   4.812967    31.8254        132     0.5458  0.000e+00
     14.554    24.3346   4.812606    31.8239        133     0.5500  0.000e+00
     14.523    24.3339   4.812554    31.8240        134     0.5542  0.000e+00
     14.483    24.3335   4.812580    31.8245        135     0.5583  0.000e+00
     14.449    24.3332   4.812528    31.8243        136     0.5625  0.000e+00
     14.427    24.3331   4.812416    31.8236        137     0.5667  0.000e+00
     14.411    24.3332   4.812252    31.8223        138     0.5708  0.000e+00
     14.395    24.3332   4.812167    31.8217        139     0.5750  0.000e+00
     14.378    24.3333   4.811997    31.8203        140     0.5792  0.000e+00
     14.373    24.3334   4.811676    31.8179        141     0.5833  0.000e+00
     14.371    24.3340   4.811400    31.8155        142     0.5875  0.000e+00
     14.375    24.3345   4.811210    31.8137        143     0.5917  0.000e+00
     14.391    24.3349   4.811046    31.8122        144     0.5958  0.000e+00
     14.409    24.3355   4.810659    31.8089        145     0.6000  0.000e+00
     14.427    24.3359   4.810718    31.8090        146     0.6042  0.000e+00
     14.456    24.3363   4.810581    31.8077        147     0.6083  0.000e+00
     14.487    24.3370   4.810600    31.8074        148     0.6125  0.000e+00
     14.518    24.3371   4.810633    31.8076        149     0.6167  0.000e+00
     14.550    24.3371   4.810823    31.8089        150     0.6208  0.000e+00
     14.585    24.3367   4.811184    31.8118        151     0.6250  0.000e+00
     14.615    24.3365   4.811623    31.8152        152     0.6292  0.000e+00
     14.635    24.3354   4.811564    31.8156        153     0.6333  0.000e+00
     14.651    24.3349   4.811512    31.8155        154     0.6375  0.000e+00
     14.664    24.3343   4.811400    31.8152        155     0.6417  0.000e+00
     14.668    24.3343   4.811427    31.8153        156     0.6458  0.000e+00
     14.660    24.3342   4.811551    31.8163        157     0.6500  0.000e+00
     14.650    24.3343   4.811564    31.8164        158     0.6542  0.000e+00
     14.639    24.3342   4.811538    31.8163        159     0.6583  0.000e+00
     14.615    24.3343   4.811486    31.8158        160     0.6625  0.000e+00
     14.590    24.3341   4.811374    31.8151        161     0.6667  0.000e+00
     14.561    24.3343   4.811374    31.8150        162     0.6708  0.000e+00
     14.530    24.3346   4.811322    31.8144        163     0.6750  0.000e+00
     14.505    24.3345   4.811099    31.8128        164     0.6792  0.000e+00
     14.489    24.3351   4.811099    31.8124        165     0.6833  0.000e+00
     14.467    24.3356   4.811046    31.8117        166     0.6875  0.000e+00
     14.455    24.3356   4.811046    31.8117        167     0.6917  0.000e+00
     14.445    24.3357   4.811046    31.8116        168     0.6958  0.000e+00
     14.444    24.3357   4.811072    31.8118        169     0.7000  0.000e+00
     14.447    24.3359   4.810994    31.8111        170     0.7042  0.000e+00
     14.449    24.3359   4.811046    31.8115        171     0.7083  0.000e+00
     14.458    24.3358   4.811184    31.8126        172     0.7125  0.000e+00
     14.469    24.3355   4.811348    31.8140        173     0.7167  0.000e+00
     14.489    24.3350   4.811315    31.8140        174     0.7208  0.000e+00
     14.503    24.3348   4.811374    31.8146        175     0.7250  0.000e+00
     14.520    24.3347   4.811426    31.8151        176     0.7292  0.000e+00
     14.539    24.3346   4.811597    31.8164        177     0.7333  0.000e+00
     14.561    24.3346   4.811787    31.8178        178     0.7375  0.000e+00
     14.581    24.3340   4.811813    31.8185        179     0.7417  0.000e+00
     14.599    24.3337   4.811728    31.8180        180     0.7458  0.000e+00
     14.612    24.3335   4.811676    31.8177        181     0.7500  0.000e+00
     14.626    24.3334   4.811761    31.8184        182     0.7542  0.000e+00
     14.642    24.3333   4.811813    31.8189        183     0.7583  0.000e+00
     14.646    24.3333   4.811925    31.8197        184     0.7625  0.000e+00
     14.650    24.3333   4.812003    31.8203        185     0.7667  0.000e+00
     14.641    24.3334   4.812115    31.8211        186     0.7708  0.000e+00
     14.628    24.3332   4.812200    31.8218        187     0.7750  0.000e+00
     14.612    24.3331   4.812253    31.8223        188     0.7792  0.000e+00
     14.588    24.3329   4.812338    31.8231        189     0.7833  0.000e+00
     14.563    24.3327   4.812062    31.8212        190     0.7875  0.000e+00
     14.530    24.3329   4.811787    31.8190        191     0.7917  0.000e+00
     14.501    24.3333   4.811676    31.8179        192     0.7958  0.000e+00
     14.473    24.3337   4.811295    31.8148        193     0.8000  0.000e+00
     14.444    24.3344   4.811125    31.8131        194     0.8042  0.000e+00
     14.424    24.3348   4.811072    31.8124        195     0.8083  0.000e+00
     14.409    24.3355   4.810909    31.8108        196     0.8125  0.000e+00
     14.400    24.3359   4.810909    31.8105        197     0.8167  0.000e+00
     14.397    24.3363   4.810935    31.8103        198     0.8208  0.000e+00
     14.402    24.3363   4.810915    31.8102        199     0.8250  0.000e+00
     14.411    24.3364   4.810909    31.8101        200     0.8292  0.000e+00
     14.427    24.3364   4.810961    31.8105        201     0.8333  0.000e+00
     14.454    24.3362   4.811072    31.8114        202     0.8375  0.000e+00
     14.474    24.3361   4.811099    31.8117        203     0.8417  0.000e+00
     14.503    24.3359   4.811400    31.8141        204     0.8458  0.000e+00
     14.538    24.3354   4.811485    31.8151        205     0.8500  0.000e+00
     14.563    24.3344   4.811676    31.8171        206     0.8542  0.000e+00
     14.596    24.3340   4.811649    31.8172        207     0.8583  0.000e+00
     14.623    24.3333   4.811604    31.8174        208     0.8625  0.000e+00
     14.639    24.3328   4.811538    31.8172        209     0.8667  0.000e+00
     14.657    24.3327   4.811623    31.8179        210     0.8708  0.000e+00
     14.668    24.3326   4.811649    31.8182        211     0.8750  0.000e+00
     14.677    24.3324   4.811597    31.8180        212     0.8792  0.000e+00
     14.680    24.3327   4.811564    31.8175        213     0.8833  0.000e+00
     14.675    24.3327   4.811623    31.8179        214     0.8875  0.000e+00
     14.662    24.3329   4.811728    31.8186        215     0.8917  0.000e+00
