HB2304/sbe098.cnv
* Sea-Bird SBE 19plus V2 Data File:
* FileName = C:\cruise\data\sbe098.hex
* Software Version Seasave V 7.26.7.121
* Temperature SN = 7037
* Conductivity SN = 7037
* System UpLoad Time = Oct 31 2023 04:43:51
** Ship: Bigelow
** Cruise:  HB2304
** Program:  Fall Bottom Trawl
# nquan = 8
# nvalues = 1431                                  
# units = specified
# name 0 = depSM: Depth [salt water, m], lat = 40.00
# name 1 = tv290C: Temperature [ITS-90, deg C]
# name 2 = c0S/m: Conductivity [S/m]
# name 3 = sal00: Salinity, Practical [PSU]
# name 4 = scan: Scan Count
# name 5 = timeM: Time, Elapsed [minutes]
# name 6 = sbeox0V: Oxygen raw, SBE 43 [V]
# name 7 = flag:  0.000e+00
# span 0 =     -0.076,     22.435                 
# span 1 =    11.4810,    15.6005                 
# span 2 =   0.000002,   3.934992                 
# span 3 =     0.0059,    31.6120                 
# span 4 =         11,       1441                 
# span 5 =     0.0417,     6.0000                 
# span 6 =     2.6255,     3.3206                 
# span 7 = 0.0000e+00, 0.0000e+00                 
# interval = seconds: 0.25
# start_time = Oct 31 2023 04:43:51 [System UTC, header]
# bad_flag = -9.990e-29
*END*
[from data line 720]
     13.960    15.5392   3.926155    31.2510        731     3.0417     3.1419  0.000e+00
     13.908    15.5406   3.926227    31.2505        732     3.0458     3.1420  0.000e+00
     13.859    15.5418   3.926203    31.2494        733     3.0500     3.1420  0.000e+00
     13.816    15.5425   3.926131    31.2482        734     3.0542     3.1420  0.000e+00
     13.778    15.5429   3.926089    31.2475        735     3.0583     3.1423  0.000e+00
     13.751    15.5426   3.926107    31.2480        736     3.0625     3.1419  0.000e+00
     13.727    15.5428   3.926065    31.2474        737     3.0667     3.1422  0.000e+00
     13.715    15.5429   3.926107    31.2477        738     3.0708     3.1435  0.000e+00
     13.702    15.5429   3.925944    31.2463        739     3.0750     3.1436  0.000e+00
     13.702    15.5429   3.925342    31.2410        740     3.0792     3.1428  0.000e+00
     13.700    15.5415   3.925463    31.2431        741     3.0833     3.1444  0.000e+00
     13.702    15.5404   3.925830    31.2473        742     3.0875     3.1439  0.000e+00
     13.706    15.5404   3.926017    31.2489        743     3.0917     3.1442  0.000e+00
     13.704    15.5410   3.926041    31.2486        744     3.0958     3.1445  0.000e+00
     13.704    15.5414   3.926059    31.2485        745     3.1000     3.1458  0.000e+00
     13.697    15.5417   3.926017    31.2479        746     3.1042     3.1458  0.000e+00
     13.686    15.5421   3.926017    31.2476        747     3.1083     3.1471  0.000e+00
     13.671    15.5423   3.925968    31.2469        748     3.1125     3.1473  0.000e+00
     13.646    15.5423   3.926041    31.2476        749     3.1167     3.1483  0.000e+00
     13.619    15.5422   3.925902    31.2465        750     3.1208     3.1471  0.000e+00
     13.590    15.5420   3.926089    31.2483        751     3.1250     3.1463  0.000e+00
     13.558    15.5420   3.926342    31.2505        752     3.1292     3.1450  0.000e+00
     13.514    15.5428   3.926480    31.2512        753     3.1333     3.1434  0.000e+00
     13.480    15.5438   3.926805    31.2533        754     3.1375     3.1430  0.000e+00
     13.445    15.5451   3.927528    31.2587        755     3.1417     3.1432  0.000e+00
     13.422    15.5476   3.927503    31.2565        756     3.1458     3.1433  0.000e+00
     13.406    15.5494   3.927365    31.2539        757     3.1500     3.1425  0.000e+00
     13.389    15.5502   3.926943    31.2494        758     3.1542     3.1400  0.000e+00
     13.378    15.5498   3.926805    31.2485        759     3.1583     3.1384  0.000e+00
     13.373    15.5493   3.926504    31.2463        760     3.1625     3.1376  0.000e+00
     13.371    15.5480   3.926528    31.2475        761     3.1667     3.1378  0.000e+00
     13.371    15.5471   3.926528    31.2483        762     3.1708     3.1382  0.000e+00
     13.371    15.5467   3.926456    31.2479        763     3.1750     3.1375  0.000e+00
     13.377    15.5460   3.925691    31.2417        764     3.1792     3.1368  0.000e+00
     13.375    15.5445   3.925065    31.2374        765     3.1833     3.1383  0.000e+00
     13.378    15.5415   3.924789    31.2373        766     3.1875     3.1376  0.000e+00
     13.377    15.5385   3.925066    31.2421        767     3.1917     3.1352  0.000e+00
     13.371    15.5373   3.926041    31.2517        768     3.1958     3.1356  0.000e+00
     13.360    15.5385   3.926203    31.2522        769     3.2000     3.1341  0.000e+00
     13.351    15.5401   3.925300    31.2430        770     3.2042     3.1363  0.000e+00
     13.337    15.5395   3.925276    31.2432        771     3.2083     3.1359  0.000e+00
     13.317    15.5389   3.925902    31.2492        772     3.2125     3.1365  0.000e+00
     13.288    15.5392   3.926829    31.2572        773     3.2167     3.1365  0.000e+00
     13.263    15.5419   3.926829    31.2551        774     3.2208     3.1363  0.000e+00
     13.232    15.5439   3.926366    31.2494        775     3.2250     3.1356  0.000e+00
     13.204    15.5446   3.925992    31.2455        776     3.2292     3.1357  0.000e+00
     13.177    15.5438   3.926155    31.2477        777     3.2333     3.1376  0.000e+00
     13.157    15.5435   3.926107    31.2474        778     3.2375     3.1382  0.000e+00
     13.131    15.5434   3.925890    31.2456        779     3.2417     3.1376  0.000e+00
     13.110    15.5427   3.925625    31.2438        780     3.2458     3.1379  0.000e+00
     13.084    15.5420   3.926107    31.2486        781     3.2500     3.1384  0.000e+00
     13.057    15.5422   3.926227    31.2496        782     3.2542     3.1391  0.000e+00
     13.037    15.5428   3.925342    31.2413        783     3.2583     3.1398  0.000e+00
     13.014    15.5416   3.924927    31.2386        784     3.2625     3.1406  0.000e+00
     12.994    15.5394   3.924951    31.2405        785     3.2667     3.1406  0.000e+00
     12.972    15.5379   3.924951    31.2417        786     3.2708     3.1422  0.000e+00
     12.952    15.5371   3.925089    31.2435        787     3.2750     3.1429  0.000e+00
     12.929    15.5368   3.924879    31.2420        788     3.2792     3.1437  0.000e+00
     12.913    15.5361   3.924813    31.2419        789     3.2833     3.1440  0.000e+00
     12.894    15.5356   3.925156    31.2453        790     3.2875     3.1435  0.000e+00
     12.882    15.5357   3.924740    31.2416        791     3.2917     3.1435  0.000e+00
     12.878    15.5352   3.924439    31.2394        792     3.2958     3.1456  0.000e+00
     12.873    15.5343   3.924554    31.2411        793     3.3000     3.1451  0.000e+00
     12.873    15.5334   3.924391    31.2404        794     3.3042     3.1442  0.000e+00
     12.880    15.5327   3.924349    31.2405        795     3.3083     3.1448  0.000e+00
     12.886    15.5320   3.924391    31.2414        796     3.3125     3.1439  0.000e+00
     12.900    15.5319   3.924349    31.2412        797     3.3167     3.1440  0.000e+00
     12.918    15.5315   3.924205    31.2402        798     3.3208     3.1438  0.000e+00
     12.934    15.5309   3.924163    31.2403        799     3.3250     3.1445  0.000e+00
     12.949    15.5305   3.923880    31.2381        800     3.3292     3.1442  0.000e+00
     12.967    15.5296   3.923350    31.2341        801     3.3333     3.1439  0.000e+00
     12.965    15.5275   3.923417    31.2363        802     3.3375     3.1434  0.000e+00
     12.960    15.5262   3.923555    31.2386        803     3.3417     3.1432  0.000e+00
     12.940    15.5257   3.923742    31.2406        804     3.3458     3.1417  0.000e+00
     12.915    15.5260   3.923814    31.2410        805     3.3500     3.1409  0.000e+00
     12.877    15.5263   3.924000    31.2425        806     3.3542     3.1399  0.000e+00
     12.835    15.5271   3.924277    31.2443        807     3.3583     3.1390  0.000e+00
     12.804    15.5282   3.924121    31.2421        808     3.3625     3.1385  0.000e+00
     12.772    15.5287   3.923790    31.2388        809     3.3667     3.1398  0.000e+00
     12.739    15.5282   3.923765    31.2390        810     3.3708     3.1396  0.000e+00
     12.723    15.5275   3.923765    31.2395        811     3.3750     3.1419  0.000e+00
     12.709    15.5272   3.923699    31.2392        812     3.3792     3.1423  0.000e+00
     12.694    15.5269   3.923790    31.2402        813     3.3833     3.1435  0.000e+00
     12.689    15.5270   3.923765    31.2400        814     3.3875     3.1458  0.000e+00
     12.681    15.5269   3.923741    31.2398        815     3.3917     3.1452  0.000e+00
     12.678    15.5268   3.923627    31.2389        816     3.3958     3.1454  0.000e+00
     12.680    15.5266   3.924367    31.2456        817     3.4000     3.1443  0.000e+00
     12.676    15.5279   3.924464    31.2454        818     3.4042     3.1440  0.000e+00
     12.678    15.5293   3.924578    31.2453        819     3.4083     3.1436  0.000e+00
     12.669    15.5306   3.924464    31.2433        820     3.4125     3.1427  0.000e+00
     12.667    15.5311   3.923789    31.2369        821     3.4167     3.1414  0.000e+00
     12.665    15.5300   3.923814    31.2380        822     3.4208     3.1418  0.000e+00
     12.654    15.5286   3.924000    31.2407        823     3.4250     3.1400  0.000e+00
     12.642    15.5285   3.924831    31.2482        824     3.4292     3.1425  0.000e+00
     12.624    15.5300   3.925318    31.2514        825     3.4333     3.1425  0.000e+00
     12.608    15.5327   3.924788    31.2445        826     3.4375     3.1436  0.000e+00
     12.590    15.5339   3.924951    31.2450        827     3.4417     3.1450  0.000e+00
     12.573    15.5342   3.925553    31.2501        828     3.4458     3.1458  0.000e+00
     12.555    15.5359   3.926131    31.2539        829     3.4500     3.1465  0.000e+00
     12.533    15.5384   3.926480    31.2550        830     3.4542     3.1439  0.000e+00
     12.512    15.5415   3.926432    31.2522        831     3.4583     3.1434  0.000e+00
     12.490    15.5434   3.926432    31.2506        832     3.4625     3.1430  0.000e+00
     12.468    15.5446   3.926552    31.2507        833     3.4667     3.1425  0.000e+00
     12.445    15.5456   3.927202    31.2558        834     3.4708     3.1425  0.000e+00
     12.430    15.5475   3.927942    31.2608        835     3.4750     3.1420  0.000e+00
     12.422    15.5503   3.928201    31.2609        836     3.4792     3.1402  0.000e+00
     12.418    15.5533   3.928617    31.2622        837     3.4833     3.1402  0.000e+00
     12.423    15.5559   3.928364    31.2579        838     3.4875     3.1411  0.000e+00
     12.432    15.5575   3.928316    31.2562        839     3.4917     3.1405  0.000e+00
     12.449    15.5580   3.928803    31.2601        840     3.4958     3.1408  0.000e+00
     12.470    15.5593   3.929430    31.2646        841     3.5000     3.1394  0.000e+00
     12.490    15.5616   3.929779    31.2658        842     3.5042     3.1393  0.000e+00
     12.512    15.5643   3.929219    31.2587        843     3.5083     3.1384  0.000e+00
     12.533    15.5647   3.929291    31.2591        844     3.5125     3.1391  0.000e+00
     12.549    15.5650   3.929430    31.2600        845     3.5167     3.1367  0.000e+00
     12.570    15.5653   3.928502    31.2516        846     3.5208     3.1359  0.000e+00
     12.573    15.5638   3.928177    31.2499        847     3.5250     3.1339  0.000e+00
     12.573    15.5618   3.928039    31.2503        848     3.5292     3.1351  0.000e+00
     12.566    15.5602   3.929056    31.2606        849     3.5333     3.1327  0.000e+00
     12.555    15.5607   3.929893    31.2676        850     3.5375     3.1326  0.000e+00
     12.537    15.5635   3.930128    31.2675        851     3.5417     3.1322  0.000e+00
     12.519    15.5661   3.929544    31.2602        852     3.5458     3.1323  0.000e+00
     12.499    15.5669   3.930429    31.2675        853     3.5500     3.1301  0.000e+00
     12.472    15.5682   3.928430    31.2487        854     3.5542     3.1312  0.000e+00
     12.449    15.5666   3.928593    31.2514        855     3.5583     3.1323  0.000e+00
     12.421    15.5639   3.929152    31.2585        856     3.5625     3.1327  0.000e+00
     12.398    15.5636   3.928316    31.2513        857     3.5667     3.1309  0.000e+00
     12.378    15.5624   3.926642    31.2375        858     3.5708     3.1301  0.000e+00
     12.365    15.5579   3.928177    31.2547        859     3.5750     3.1306  0.000e+00
     12.355    15.5570   3.927407    31.2486        860     3.5792     3.1296  0.000e+00
     12.342    15.5559   3.926642    31.2427        861     3.5833     3.1296  0.000e+00
     12.335    15.5531   3.926431    31.2430        862     3.5875     3.1294  0.000e+00
     12.335    15.5507   3.926413    31.2448        863     3.5917     3.1291  0.000e+00
     12.337    15.5490   3.926618    31.2479        864     3.5958     3.1306  0.000e+00
     12.333    15.5483   3.926781    31.2499        865     3.6000     3.1310  0.000e+00
     12.337    15.5485   3.926666    31.2487        866     3.6042     3.1319  0.000e+00
     12.337    15.5483   3.926504    31.2475        867     3.6083     3.1322  0.000e+00
     12.331    15.5479   3.926251    31.2456        868     3.6125     3.1339  0.000e+00
     12.326    15.5470   3.926179    31.2456        869     3.6167     3.1345  0.000e+00
     12.319    15.5461   3.926106    31.2457        870     3.6208     3.1346  0.000e+00
     12.315    15.5453   3.925926    31.2447        871     3.6250     3.1360  0.000e+00
     12.323    15.5442   3.926130    31.2474        872     3.6292     3.1344  0.000e+00
     12.335    15.5440   3.926317    31.2492        873     3.6333     3.1353  0.000e+00
     12.350    15.5442   3.926203    31.2480        874     3.6375     3.1370  0.000e+00
     12.366    15.5445   3.925854    31.2447        875     3.6417     3.1370  0.000e+00
     12.386    15.5436   3.924578    31.2341        876     3.6458     3.1381  0.000e+00
     12.395    15.5401   3.923976    31.2315        877     3.6500     3.1384  0.000e+00
     12.406    15.5358   3.923705    31.2325        878     3.6542     3.1388  0.000e+00
     12.417    15.5316   3.923488    31.2339        879     3.6583     3.1397  0.000e+00
     12.422    15.5285   3.923164    31.2335        880     3.6625     3.1402  0.000e+00
     12.415    15.5255   3.923302    31.2371        881     3.6667     3.1389  0.000e+00
     12.399    15.5240   3.923489    31.2400        882     3.6708     3.1388  0.000e+00
     12.382    15.5234   3.922887    31.2351        883     3.6750     3.1396  0.000e+00
     12.352    15.5218   3.923049    31.2378        884     3.6792     3.1384  0.000e+00
     12.323    15.5210   3.922676    31.2352        885     3.6833     3.1391  0.000e+00
     12.292    15.5196   3.922652    31.2361        886     3.6875     3.1394  0.000e+00
     12.257    15.5186   3.922748    31.2377        887     3.6917     3.1402  0.000e+00
     12.228    15.5181   3.922652    31.2373        888     3.6958     3.1417  0.000e+00
     12.205    15.5178   3.922815    31.2390        889     3.7000     3.1415  0.000e+00
     12.187    15.5179   3.922700    31.2379        890     3.7042     3.1430  0.000e+00
     12.174    15.5180   3.923465    31.2446        891     3.7083     3.1426  0.000e+00
     12.172    15.5194   3.923326    31.2422        892     3.7125     3.1423  0.000e+00
     12.169    15.5207   3.923904    31.2464        893     3.7167     3.1454  0.000e+00
     12.173    15.5224   3.924253    31.2481        894     3.7208     3.1443  0.000e+00
     12.180    15.5245   3.924024    31.2444        895     3.7250     3.1453  0.000e+00
     12.185    15.5256   3.923880    31.2422        896     3.7292     3.1458  0.000e+00
     12.198    15.5258   3.923838    31.2417        897     3.7333     3.1465  0.000e+00
     12.205    15.5256   3.923976    31.2431        898     3.7375     3.1448  0.000e+00
     12.211    15.5260   3.923976    31.2428        899     3.7417     3.1455  0.000e+00
     12.205    15.5264   3.924187    31.2443        900     3.7458     3.1444  0.000e+00
     12.202    15.5269   3.924277    31.2447        901     3.7500     3.1452  0.000e+00
     12.193    15.5278   3.924301    31.2443        902     3.7542     3.1444  0.000e+00
     12.184    15.5285   3.925137    31.2511        903     3.7583     3.1439  0.000e+00
     12.171    15.5306   3.927202    31.2677        904     3.7625     3.1417  0.000e+00
     12.157    15.5364   3.926919    31.2606        905     3.7667     3.1404  0.000e+00
     12.153    15.5414   3.926738    31.2551        906     3.7708     3.1412  0.000e+00
     12.139    15.5442   3.927082    31.2559        907     3.7750     3.1413  0.000e+00
     12.122    15.5461   3.927665    31.2596        908     3.7792     3.1392  0.000e+00
