HB2304/sbe039.cnv
* Sea-Bird SBE 19plus V2 Data File:
* FileName = C:\cruise\data\sbe039.hex
* Software Version Seasave V 7.26.7.121
* Temperature SN = 7037
* Conductivity SN = 7037
* System UpLoad Time = Sep 25 2023 18:41:11
** Ship: Bigelow
** Cruise:  HB2304
** Program:  Fall Bottom Trawl
# nquan = 7
# nvalues = 1407                                  
# units = specified
# name 0 = depSM: Depth [salt water, m], lat = 40.00
# name 1 = tv290C: Temperature [ITS-90, deg C]
# name 2 = c0S/m: Conductivity [S/m]
# name 3 = sal00: Salinity, Practical [PSU]
# name 4 = scan: Scan Count
# name 5 = timeM: Time, Elapsed [minutes]
# name 6 = flag:  0.000e+00
# span 0 =     -0.044,     29.721                 
# span 1 =    19.3933,    20.5279                 
# span 2 =   0.000015,   4.518814                 
# span 3 =     0.0102,    32.9171                 
# span 4 =         11,       1417                 
# span 5 =     0.0417,     5.9000                 
# span 6 = 0.0000e+00, 0.0000e+00                 
# interval = seconds: 0.25
# start_time = Sep 25 2023 18:41:11 [System UTC, header]
# bad_flag = -9.990e-29
*END*
[from data line 616]
     22.258    19.3939   4.448738    32.6671        627     2.6083  0.000e+00
     22.219    19.3938   4.448737    32.6673        628     2.6125  0.000e+00
     22.186    19.3937   4.448737    32.6673        629     2.6167  0.000e+00
     22.159    19.3938   4.448737    32.6672        630     2.6208  0.000e+00
     22.135    19.3938   4.448680    32.6668        631     2.6250  0.000e+00
     22.121    19.3937   4.448737    32.6674        632     2.6292  0.000e+00
     22.101    19.3937   4.448763    32.6676        633     2.6333  0.000e+00
     22.083    19.3938   4.448389    32.6644        634     2.6375  0.000e+00
     22.067    19.3938   4.448788    32.6677        635     2.6417  0.000e+00
     22.049    19.3938   4.448763    32.6675        636     2.6458  0.000e+00
     22.029    19.3938   4.448712    32.6671        637     2.6500  0.000e+00
     22.011    19.3938   4.448737    32.6673        638     2.6542  0.000e+00
     21.984    19.3938   4.448737    32.6673        639     2.6583  0.000e+00
     21.957    19.3938   4.448737    32.6673        640     2.6625  0.000e+00
     21.924    19.3938   4.448737    32.6673        641     2.6667  0.000e+00
     21.892    19.3938   4.448712    32.6672        642     2.6708  0.000e+00
     21.863    19.3938   4.448655    32.6667        643     2.6750  0.000e+00
     21.830    19.3939   4.448737    32.6673        644     2.6792  0.000e+00
     21.794    19.3941   4.448687    32.6667        645     2.6833  0.000e+00
     21.756    19.3943   4.448737    32.6670        646     2.6875  0.000e+00
     21.716    19.3943   4.448737    32.6670        647     2.6917  0.000e+00
     21.675    19.3946   4.448737    32.6668        648     2.6958  0.000e+00
     21.630    19.3943   4.448763    32.6672        649     2.7000  0.000e+00
     21.574    19.3946   4.448737    32.6668        650     2.7042  0.000e+00
     21.523    19.3947   4.448712    32.6666        651     2.7083  0.000e+00
     21.461    19.3947   4.448712    32.6665        652     2.7125  0.000e+00
     21.395    19.3947   4.448686    32.6664        653     2.7167  0.000e+00
     21.331    19.3948   4.448680    32.6662        654     2.7208  0.000e+00
     21.266    19.3947   4.448680    32.6664        655     2.7250  0.000e+00
     21.197    19.3947   4.448680    32.6664        656     2.7292  0.000e+00
     21.129    19.3945   4.448686    32.6667        657     2.7333  0.000e+00
     21.075    19.3948   4.448680    32.6663        658     2.7375  0.000e+00
     21.029    19.3946   4.448712    32.6668        659     2.7417  0.000e+00
     20.981    19.3947   4.448712    32.6667        660     2.7458  0.000e+00
     20.952    19.3945   4.448712    32.6669        661     2.7500  0.000e+00
     20.928    19.3946   4.448712    32.6669        662     2.7542  0.000e+00
     20.912    19.3945   4.448680    32.6667        663     2.7583  0.000e+00
     20.903    19.3943   4.448712    32.6671        664     2.7625  0.000e+00
     20.908    19.3942   4.448712    32.6671        665     2.7667  0.000e+00
     20.919    19.3941   4.448737    32.6674        666     2.7708  0.000e+00
     20.932    19.3940   4.448712    32.6673        667     2.7750  0.000e+00
     20.955    19.3941   4.448686    32.6670        668     2.7792  0.000e+00
     20.986    19.3941   4.448680    32.6669        669     2.7833  0.000e+00
     21.004    19.3943   4.448712    32.6670        670     2.7875  0.000e+00
     21.026    19.3942   4.448712    32.6671        671     2.7917  0.000e+00
     21.042    19.3942   4.448686    32.6669        672     2.7958  0.000e+00
     21.048    19.3942   4.448680    32.6668        673     2.8000  0.000e+00
     21.035    19.3945   4.448737    32.6671        674     2.8042  0.000e+00
     21.011    19.3943   4.448737    32.6672        675     2.8083  0.000e+00
     20.955    19.3940   4.448712    32.6673        676     2.8125  0.000e+00
     20.876    19.3940   4.448654    32.6668        677     2.8167  0.000e+00
     20.784    19.3938   4.448680    32.6673        678     2.8208  0.000e+00
     20.653    19.3937   4.448711    32.6677        679     2.8250  0.000e+00
     20.518    19.3937   4.448661    32.6673        680     2.8292  0.000e+00
     20.381    19.3938   4.448629    32.6670        681     2.8333  0.000e+00
     20.225    19.3938   4.448603    32.6668        682     2.8375  0.000e+00
     20.073    19.3941   4.448603    32.6666        683     2.8417  0.000e+00
     19.943    19.3942   4.448610    32.6666        684     2.8458  0.000e+00
     19.811    19.3941   4.448603    32.6667        685     2.8500  0.000e+00
     19.697    19.3939   4.448603    32.6669        686     2.8542  0.000e+00
     19.623    19.3938   4.448603    32.6670        687     2.8583  0.000e+00
     19.569    19.3938   4.448584    32.6668        688     2.8625  0.000e+00
     19.558    19.3938   4.448603    32.6670        689     2.8667  0.000e+00
     19.569    19.3938   4.448603    32.6670        690     2.8708  0.000e+00
     19.603    19.3938   4.448603    32.6670        691     2.8750  0.000e+00
     19.654    19.3938   4.448610    32.6670        692     2.8792  0.000e+00
     19.721    19.3936   4.448629    32.6674        693     2.8833  0.000e+00
     19.795    19.3936   4.448629    32.6673        694     2.8875  0.000e+00
     19.867    19.3937   4.448610    32.6671        695     2.8917  0.000e+00
     19.934    19.3937   4.448629    32.6672        696     2.8958  0.000e+00
     19.996    19.3937   4.448629    32.6672        697     2.9000  0.000e+00
     20.046    19.3936   4.448654    32.6675        698     2.9042  0.000e+00
     20.093    19.3938   4.448660    32.6674        699     2.9083  0.000e+00
     20.115    19.3936   4.448629    32.6672        700     2.9125  0.000e+00
     20.126    19.3938   4.448654    32.6672        701     2.9167  0.000e+00
     20.118    19.3937   4.448629    32.6672        702     2.9208  0.000e+00
     20.093    19.3935   4.448635    32.6674        703     2.9250  0.000e+00
     20.050    19.3936   4.448629    32.6673        704     2.9292  0.000e+00
     19.986    19.3938   4.448629    32.6671        705     2.9333  0.000e+00
     19.909    19.3936   4.448629    32.6673        706     2.9375  0.000e+00
     19.813    19.3938   4.448559    32.6666        707     2.9417  0.000e+00
     19.715    19.3936   4.448629    32.6674        708     2.9458  0.000e+00
     19.607    19.3936   4.448603    32.6672        709     2.9500  0.000e+00
     19.493    19.3933   4.448578    32.6672        710     2.9542  0.000e+00
     19.377    19.3935   4.448559    32.6670        711     2.9583  0.000e+00
     19.274    19.3937   4.448578    32.6670        712     2.9625  0.000e+00
     19.166    19.3937   4.448552    32.6669        713     2.9667  0.000e+00
     19.081    19.3937   4.448552    32.6669        714     2.9708  0.000e+00
     18.998    19.3937   4.448559    32.6670        715     2.9750  0.000e+00
     18.931    19.3938   4.448552    32.6669        716     2.9792  0.000e+00
     18.880    19.3936   4.448552    32.6670        717     2.9833  0.000e+00
     18.839    19.3938   4.448552    32.6669        718     2.9875  0.000e+00
     18.812    19.3939   4.448558    32.6668        719     2.9917  0.000e+00
     18.799    19.3937   4.448552    32.6670        720     2.9958  0.000e+00
     18.805    19.3938   4.448527    32.6666        721     3.0000  0.000e+00
     18.821    19.3937   4.448558    32.6670        722     3.0042  0.000e+00
     18.850    19.3938   4.448552    32.6668        723     3.0083  0.000e+00
     18.888    19.3937   4.448578    32.6672        724     3.0125  0.000e+00
     18.922    19.3938   4.448552    32.6669        725     3.0167  0.000e+00
     18.956    19.3938   4.448559    32.6669        726     3.0208  0.000e+00
     18.987    19.3938   4.448552    32.6668        727     3.0250  0.000e+00
     19.005    19.3936   4.448552    32.6670        728     3.0292  0.000e+00
     19.020    19.3936   4.448578    32.6672        729     3.0333  0.000e+00
     19.025    19.3937   4.448609    32.6674        730     3.0375  0.000e+00
     19.025    19.3940   4.448603    32.6670        731     3.0417  0.000e+00
     19.007    19.3941   4.448578    32.6668        732     3.0458  0.000e+00
     18.987    19.3941   4.448603    32.6670        733     3.0500  0.000e+00
     18.956    19.3940   4.448559    32.6667        734     3.0542  0.000e+00
     18.909    19.3939   4.448578    32.6669        735     3.0583  0.000e+00
     18.855    19.3941   4.448578    32.6668        736     3.0625  0.000e+00
     18.794    19.3939   4.448578    32.6670        737     3.0667  0.000e+00
     18.720    19.3939   4.448558    32.6669        738     3.0708  0.000e+00
     18.638    19.3938   4.448577    32.6671        739     3.0750  0.000e+00
     18.552    19.3939   4.448577    32.6671        740     3.0792  0.000e+00
     18.474    19.3940   4.448527    32.6666        741     3.0833  0.000e+00
     18.396    19.3939   4.448514    32.6666        742     3.0875  0.000e+00
     18.317    19.3939   4.448527    32.6667        743     3.0917  0.000e+00
     18.244    19.3939   4.448501    32.6665        744     3.0958  0.000e+00
     18.178    19.3938   4.448527    32.6669        745     3.1000  0.000e+00
     18.111    19.3937   4.448514    32.6669        746     3.1042  0.000e+00
     18.053    19.3938   4.448501    32.6667        747     3.1083  0.000e+00
     17.997    19.3938   4.448501    32.6667        748     3.1125  0.000e+00
     17.944    19.3939   4.448501    32.6667        749     3.1167  0.000e+00
     17.897    19.3940   4.448488    32.6665        750     3.1208  0.000e+00
     17.856    19.3943   4.448501    32.6664        751     3.1250  0.000e+00
     17.814    19.3938   4.448501    32.6668        752     3.1292  0.000e+00
     17.773    19.3939   4.448463    32.6664        753     3.1333  0.000e+00
     17.749    19.3939   4.448476    32.6665        754     3.1375  0.000e+00
     17.738    19.3941   4.448526    32.6668        755     3.1417  0.000e+00
     17.727    19.3941   4.448501    32.6666        756     3.1458  0.000e+00
     17.729    19.3942   4.448514    32.6666        757     3.1500  0.000e+00
     17.742    19.3942   4.448501    32.6665        758     3.1542  0.000e+00
     17.769    19.3941   4.448526    32.6668        759     3.1583  0.000e+00
     17.805    19.3942   4.448501    32.6665        760     3.1625  0.000e+00
     17.838    19.3943   4.448514    32.6665        761     3.1667  0.000e+00
     17.870    19.3943   4.448526    32.6666        762     3.1708  0.000e+00
     17.892    19.3942   4.448526    32.6667        763     3.1750  0.000e+00
     17.914    19.3941   4.448501    32.6665        764     3.1792  0.000e+00
     17.926    19.3941   4.448558    32.6670        765     3.1833  0.000e+00
     17.917    19.3944   4.448501    32.6663        766     3.1875  0.000e+00
     17.901    19.3944   4.448501    32.6663        767     3.1917  0.000e+00
     17.874    19.3945   4.448501    32.6663        768     3.1958  0.000e+00
     17.836    19.3945   4.448514    32.6664        769     3.2000  0.000e+00
     17.782    19.3947   4.448526    32.6664        770     3.2042  0.000e+00
     17.720    19.3948   4.448526    32.6662        771     3.2083  0.000e+00
     17.639    19.3951   4.448526    32.6660        772     3.2125  0.000e+00
     17.545    19.3950   4.448539    32.6663        773     3.2167  0.000e+00
     17.440    19.3951   4.448552    32.6663        774     3.2208  0.000e+00
     17.337    19.3950   4.448501    32.6660        775     3.2250  0.000e+00
     17.250    19.3951   4.448501    32.6660        776     3.2292  0.000e+00
     17.158    19.3953   4.448539    32.6662        777     3.2333  0.000e+00
     17.089    19.3949   4.448526    32.6664        778     3.2375  0.000e+00
     17.023    19.3948   4.448501    32.6663        779     3.2417  0.000e+00
     16.965    19.3950   4.448513    32.6662        780     3.2458  0.000e+00
     16.921    19.3950   4.448501    32.6662        781     3.2500  0.000e+00
     16.882    19.3951   4.448501    32.6661        782     3.2542  0.000e+00
     16.862    19.3951   4.448501    32.6661        783     3.2583  0.000e+00
     16.844    19.3951   4.448463    32.6658        784     3.2625  0.000e+00
     16.829    19.3950   4.448475    32.6660        785     3.2667  0.000e+00
     16.826    19.3947   4.448475    32.6662        786     3.2708  0.000e+00
     16.827    19.3947   4.448475    32.6662        787     3.2750  0.000e+00
     16.822    19.3948   4.448488    32.6662        788     3.2792  0.000e+00
     16.818    19.3948   4.448475    32.6661        789     3.2833  0.000e+00
     16.824    19.3951   4.448526    32.6663        790     3.2875  0.000e+00
     16.827    19.3951   4.448501    32.6661        791     3.2917  0.000e+00
     16.845    19.3950   4.448513    32.6663        792     3.2958  0.000e+00
     16.880    19.3951   4.448526    32.6663        793     3.3000  0.000e+00
     16.918    19.3949   4.448526    32.6664        794     3.3042  0.000e+00
     16.961    19.3950   4.448501    32.6661        795     3.3083  0.000e+00
     17.001    19.3950   4.448513    32.6662        796     3.3125  0.000e+00
     17.033    19.3949   4.448526    32.6664        797     3.3167  0.000e+00
     17.055    19.3949   4.448526    32.6664        798     3.3208  0.000e+00
     17.059    19.3949   4.448501    32.6662        799     3.3250  0.000e+00
     17.048    19.3951   4.448539    32.6664        800     3.3292  0.000e+00
     17.022    19.3953   4.448551    32.6663        801     3.3333  0.000e+00
     16.979    19.3952   4.448602    32.6668        802     3.3375  0.000e+00
     16.925    19.3956   4.448602    32.6666        803     3.3417  0.000e+00
     16.847    19.3959   4.448608    32.6664        804     3.3458  0.000e+00
     16.759    19.3965   4.448602    32.6658        805     3.3500  0.000e+00
     16.656    19.3965   4.448551    32.6655        806     3.3542  0.000e+00
     16.547    19.3965   4.448577    32.6657        807     3.3583  0.000e+00
     16.426    19.3966   4.448583    32.6657        808     3.3625  0.000e+00
     16.314    19.3965   4.448576    32.6658        809     3.3667  0.000e+00
     16.200    19.3966   4.448551    32.6656        810     3.3708  0.000e+00
     16.086    19.3967   4.448538    32.6654        811     3.3750  0.000e+00
     15.987    19.3966   4.448526    32.6654        812     3.3792  0.000e+00
     15.887    19.3964   4.448525    32.6657        813     3.3833  0.000e+00
     15.806    19.3964   4.448525    32.6657        814     3.3875  0.000e+00
     15.737    19.3959   4.448513    32.6660        815     3.3917  0.000e+00
     15.683    19.3962   4.448551    32.6661        816     3.3958  0.000e+00
     15.649    19.3964   4.448576    32.6662        817     3.4000  0.000e+00
     15.625    19.3966   4.448551    32.6657        818     3.4042  0.000e+00
     15.625    19.3969   4.448538    32.6654        819     3.4083  0.000e+00
     15.636    19.3967   4.448525    32.6655        820     3.4125  0.000e+00
     15.663    19.3965   4.448500    32.6654        821     3.4167  0.000e+00
     15.699    19.3962   4.448500    32.6657        822     3.4208  0.000e+00
     15.739    19.3962   4.448513    32.6658        823     3.4250  0.000e+00
     15.786    19.3960   4.448500    32.6658        824     3.4292  0.000e+00
     15.840    19.3961   4.448449    32.6653        825     3.4333  0.000e+00
     15.895    19.3958   4.448500    32.6659        826     3.4375  0.000e+00
     15.949    19.3960   4.448513    32.6658        827     3.4417  0.000e+00
     15.996    19.3958   4.448526    32.6660        828     3.4458  0.000e+00
     16.037    19.3958   4.448500    32.6658        829     3.4500  0.000e+00
     16.063    19.3959   4.448526    32.6660        830     3.4542  0.000e+00
