HB2304/sbe041.cnv
* Sea-Bird SBE 19plus V2 Data File:
* FileName = C:\cruise\data\sbe041.hex
* Software Version Seasave V 7.26.7.121
* Temperature SN = 7037
* Conductivity SN = 7037
* System UpLoad Time = Oct 06 2023 10:29:43
** Ship: Bigelow
** Cruise:  HB2304
** Program:  Fall Bottom Trawl
# nquan = 7
# nvalues = 1238                                  
# units = specified
# name 0 = depSM: Depth [salt water, m], lat = 40.00
# name 1 = tv290C: Temperature [ITS-90, deg C]
# name 2 = c0S/m: Conductivity [S/m]
# name 3 = sal00: Salinity, Practical [PSU]
# name 4 = scan: Scan Count
# name 5 = timeM: Time, Elapsed [minutes]
# name 6 = flag:  0.000e+00
# span 0 =     -0.002,     40.908                 
# span 1 =    15.0830,    17.2665                 
# span 2 =  -0.109958,   4.233049                 
# span 3 =     0.0000,    32.8422                 
# span 4 =         11,       1248                 
# span 5 =     0.0417,     5.1958                 
# span 6 = 0.0000e+00, 0.0000e+00                 
# interval = seconds: 0.25
# start_time = Oct 06 2023 10:29:43 [System UTC, header]
# bad_flag = -9.990e-29
*END*
[from data line 206]
     12.277    16.9019   4.183934    32.4191        217     0.9000  0.000e+00
     12.434    16.9238   4.182945    32.3928        218     0.9042  0.000e+00
     12.599    16.9392   4.180955    32.3631        219     0.9083  0.000e+00
     12.763    16.9443   4.178935    32.3415        220     0.9125  0.000e+00
     12.929    16.9423   4.175816    32.3161        221     0.9167  0.000e+00
     13.096    16.9341   4.170284    32.2748        222     0.9208  0.000e+00
     13.260    16.9169   4.165718    32.2492        223     0.9250  0.000e+00
     13.419    16.8762   4.162949    32.2578        224     0.9292  0.000e+00
     13.575    16.8024   4.158646    32.2798        225     0.9333  0.000e+00
     13.726    16.7245   4.155485    32.3150        226     0.9375  0.000e+00
     13.880    16.6598   4.156306    32.3743        227     0.9417  0.000e+00
     14.032    16.6200   4.160276    32.4409        228     0.9458  0.000e+00
     14.185    16.6023   4.163354    32.4820        229     0.9500  0.000e+00
     14.342    16.5830   4.165291    32.5146        230     0.9542  0.000e+00
     14.491    16.5573   4.165798    32.5398        231     0.9583  0.000e+00
     14.646    16.5328   4.167100    32.5710        232     0.9625  0.000e+00
     14.802    16.5104   4.168377    32.6004        233     0.9667  0.000e+00
     14.957    16.4886   4.169945    32.6318        234     0.9708  0.000e+00
     15.116    16.4674   4.172520    32.6716        235     0.9750  0.000e+00
     15.273    16.4445   4.173767    32.7012        236     0.9792  0.000e+00
     15.429    16.4191   4.173811    32.7224        237     0.9833  0.000e+00
     15.589    16.3958   4.173478    32.7385        238     0.9875  0.000e+00
     15.741    16.3805   4.172768    32.7448        239     0.9917  0.000e+00
     15.895    16.3740   4.171274    32.7369        240     0.9958  0.000e+00
     16.045    16.3744   4.169497    32.7210        241     1.0000  0.000e+00
     16.189    16.3767   4.167948    32.7055        242     1.0042  0.000e+00
     16.336    16.3766   4.166992    32.6971        243     1.0083  0.000e+00
     16.475    16.3740   4.167103    32.7002        244     1.0125  0.000e+00
     16.614    16.3692   4.168713    32.7182        245     1.0167  0.000e+00
     16.757    16.3646   4.170293    32.7357        246     1.0208  0.000e+00
     16.901    16.3613   4.171633    32.7502        247     1.0250  0.000e+00
     17.041    16.3594   4.173145    32.7649        248     1.0292  0.000e+00
     17.183    16.3584   4.174152    32.7745        249     1.0333  0.000e+00
     17.326    16.3563   4.174652    32.7805        250     1.0375  0.000e+00
     17.476    16.3528   4.175270    32.7887        251     1.0417  0.000e+00
     17.630    16.3582   4.176499    32.7951        252     1.0458  0.000e+00
     17.783    16.3835   4.178574    32.7923        253     1.0500  0.000e+00
     17.950    16.4358   4.180167    32.7633        254     1.0542  0.000e+00
     18.103    16.5053   4.179715    32.7024        255     1.0583  0.000e+00
     18.268    16.5641   4.178016    32.6394        256     1.0625  0.000e+00
     18.427    16.6006   4.174964    32.5830        257     1.0667  0.000e+00
     18.586    16.6110   4.171365    32.5432        258     1.0708  0.000e+00
     18.741    16.6033   4.169668    32.5346        259     1.0750  0.000e+00
     18.895    16.5871   4.167730    32.5308        260     1.0792  0.000e+00
     19.039    16.5634   4.164781    32.5243        261     1.0833  0.000e+00
     19.184    16.5250   4.163289    32.5425        262     1.0875  0.000e+00
     19.327    16.4753   4.164480    32.5933        263     1.0917  0.000e+00
     19.464    16.4399   4.166875    32.6431        264     1.0958  0.000e+00
     19.598    16.4216   4.170269    32.6877        265     1.1000  0.000e+00
     19.735    16.4021   4.173430    32.7313        266     1.1042  0.000e+00
     19.874    16.3667   4.176574    32.7879        267     1.1083  0.000e+00
     20.019    16.3475   4.180978    32.8422        268     1.1125  0.000e+00
     20.169    16.4082   4.183746    32.8165        269     1.1167  0.000e+00
     20.315    16.5251   4.184659    32.7285        270     1.1208  0.000e+00
     20.469    16.6362   4.185115    32.6417        271     1.1250  0.000e+00
     20.631    16.7297   4.185355    32.5676        272     1.1292  0.000e+00
     20.790    16.8070   4.185107    32.5027        273     1.1333  0.000e+00
     20.951    16.8687   4.184778    32.4499        274     1.1375  0.000e+00
     21.112    16.9134   4.184079    32.4078        275     1.1417  0.000e+00
     21.273    16.9403   4.181891    32.3672        276     1.1458  0.000e+00
     21.437    16.9488   4.179995    32.3439        277     1.1500  0.000e+00
     21.596    16.9511   4.178290    32.3272        278     1.1542  0.000e+00
     21.759    16.9533   4.175918    32.3050        279     1.1583  0.000e+00
     21.918    16.9525   4.173189    32.2819        280     1.1625  0.000e+00
     22.073    16.9449   4.168498    32.2475        281     1.1667  0.000e+00
     22.227    16.8943   4.165414    32.2614        282     1.1708  0.000e+00
     22.381    16.8117   4.163953    32.3150        283     1.1750  0.000e+00
     22.540    16.7372   4.162689    32.3641        284     1.1792  0.000e+00
     22.690    16.6753   4.161013    32.3994        285     1.1833  0.000e+00
     22.842    16.6142   4.159324    32.4341        286     1.1875  0.000e+00
     22.999    16.5553   4.157482    32.4658        287     1.1917  0.000e+00
     23.151    16.5066   4.154037    32.4752        288     1.1958  0.000e+00
     23.308    16.4585   4.150225    32.4810        289     1.2000  0.000e+00
     23.465    16.3999   4.144739    32.4806        290     1.2042  0.000e+00
     23.619    16.3371   4.131315    32.4142        291     1.2083  0.000e+00
     23.769    16.2723   4.041829    31.6834        292     1.2125  0.000e+00
     23.913    16.1221   4.025479    31.6598        293     1.2167  0.000e+00
     24.054    15.9480   4.024095    31.7867        294     1.2208  0.000e+00
     24.195    15.8301   4.023184    31.8733        295     1.2250  0.000e+00
     24.333    15.7546   4.022383    31.9270        296     1.2292  0.000e+00
     24.466    15.7054   4.021538    31.9593        297     1.2333  0.000e+00
     24.600    15.6722   4.020706    31.9787        298     1.2375  0.000e+00
     24.725    15.6486   4.019916    31.9908        299     1.2417  0.000e+00
     24.853    15.6310   4.018962    31.9966        300     1.2458  0.000e+00
     24.987    15.6169   4.018396    32.0029        301     1.2500  0.000e+00
     25.120    15.6059   4.017813    32.0066        302     1.2542  0.000e+00
     25.260    15.5965   4.017315    32.0098        303     1.2583  0.000e+00
     25.404    15.5880   4.017242    32.0160        304     1.2625  0.000e+00
     25.558    15.5816   4.016957    32.0186        305     1.2667  0.000e+00
     25.715    15.5771   4.016683    32.0198        306     1.2708  0.000e+00
     25.885    15.5726   4.016216    32.0192        307     1.2750  0.000e+00
     26.057    15.5684   4.015742    32.0183        308     1.2792  0.000e+00
     26.234    15.5639   4.015742    32.0219        309     1.2833  0.000e+00
     26.416    15.5606   4.015025    32.0182        310     1.2875  0.000e+00
     26.601    15.5566   4.014673    32.0182        311     1.2917  0.000e+00
     26.779    15.5522   4.014235    32.0178        312     1.2958  0.000e+00
     26.960    15.5477   4.014169    32.0209        313     1.3000  0.000e+00
     27.134    15.5443   4.014023    32.0222        314     1.3042  0.000e+00
     27.304    15.5419   4.013786    32.0220        315     1.3083  0.000e+00
     27.461    15.5392   4.013464    32.0213        316     1.3125  0.000e+00
     27.606    15.5365   4.013355    32.0224        317     1.3167  0.000e+00
     27.741    15.5344   4.013264    32.0233        318     1.3208  0.000e+00
     27.868    15.5324   4.013142    32.0238        319     1.3250  0.000e+00
     27.985    15.5306   4.012997    32.0239        320     1.3292  0.000e+00
     28.104    15.5289   4.012930    32.0247        321     1.3333  0.000e+00
     28.224    15.5274   4.012778    32.0245        322     1.3375  0.000e+00
     28.341    15.5259   4.012523    32.0234        323     1.3417  0.000e+00
     28.458    15.5242   4.012286    32.0226        324     1.3458  0.000e+00
     28.589    15.5218   4.012001    32.0220        325     1.3500  0.000e+00
     28.713    15.5196   4.011904    32.0228        326     1.3542  0.000e+00
     28.843    15.5174   4.011843    32.0240        327     1.3583  0.000e+00
     28.975    15.5161   4.011473    32.0218        328     1.3625  0.000e+00
     29.116    15.5140   4.011072    32.0199        329     1.3667  0.000e+00
     29.261    15.5112   4.010762    32.0193        330     1.3708  0.000e+00
     29.406    15.5081   4.010568    32.0200        331     1.3750  0.000e+00
     29.563    15.5054   4.010519    32.0218        332     1.3792  0.000e+00
     29.718    15.5035   4.010519    32.0233        333     1.3833  0.000e+00
     29.883    15.5021   4.010258    32.0220        334     1.3875  0.000e+00
     30.045    15.5007   4.010258    32.0231        335     1.3917  0.000e+00
     30.210    15.4994   4.009973    32.0215        336     1.3958  0.000e+00
     30.376    15.4977   4.009906    32.0223        337     1.4000  0.000e+00
     30.539    15.4959   4.009882    32.0235        338     1.4042  0.000e+00
     30.703    15.4949   4.009639    32.0220        339     1.4083  0.000e+00
     30.859    15.4935   4.009403    32.0210        340     1.4125  0.000e+00
     31.020    15.4915   4.009263    32.0214        341     1.4167  0.000e+00
     31.173    15.4896   4.009142    32.0218        342     1.4208  0.000e+00
     31.327    15.4878   4.008954    32.0215        343     1.4250  0.000e+00
     31.475    15.4862   4.008966    32.0228        344     1.4292  0.000e+00
     31.623    15.4852   4.008881    32.0229        345     1.4333  0.000e+00
     31.766    15.4841   4.008759    32.0226        346     1.4375  0.000e+00
     31.907    15.4829   4.008644    32.0225        347     1.4417  0.000e+00
     32.050    15.4816   4.008547    32.0226        348     1.4458  0.000e+00
     32.189    15.4803   4.008511    32.0233        349     1.4500  0.000e+00
     32.332    15.4793   4.008408    32.0231        350     1.4542  0.000e+00
     32.472    15.4782   4.008310    32.0231        351     1.4583  0.000e+00
     32.608    15.4774   4.008286    32.0235        352     1.4625  0.000e+00
     32.744    15.4767   4.008286    32.0240        353     1.4667  0.000e+00
     32.886    15.4760   4.008238    32.0241        354     1.4708  0.000e+00
     33.029    15.4756   4.008238    32.0244        355     1.4750  0.000e+00
     33.172    15.4752   4.008165    32.0240        356     1.4792  0.000e+00
     33.313    15.4749   4.008165    32.0242        357     1.4833  0.000e+00
     33.459    15.4743   4.008165    32.0246        358     1.4875  0.000e+00
     33.609    15.4741   4.008189    32.0250        359     1.4917  0.000e+00
     33.765    15.4738   4.008123    32.0245        360     1.4958  0.000e+00
     33.915    15.4734   4.008080    32.0245        361     1.5000  0.000e+00
     34.068    15.4731   4.007977    32.0237        362     1.5042  0.000e+00
     34.218    15.4726   4.007929    32.0236        363     1.5083  0.000e+00
     34.361    15.4719   4.007904    32.0240        364     1.5125  0.000e+00
     34.507    15.4711   4.007856    32.0241        365     1.5167  0.000e+00
     34.643    15.4706   4.007850    32.0244        366     1.5208  0.000e+00
     34.779    15.4703   4.007741    32.0236        367     1.5250  0.000e+00
     34.916    15.4695   4.007741    32.0242        368     1.5292  0.000e+00
     35.051    15.4689   4.007668    32.0240        369     1.5333  0.000e+00
     35.180    15.4683   4.007595    32.0238        370     1.5375  0.000e+00
     35.308    15.4674   4.007547    32.0241        371     1.5417  0.000e+00
     35.435    15.4666   4.007486    32.0241        372     1.5458  0.000e+00
     35.561    15.4660   4.007407    32.0239        373     1.5500  0.000e+00
     35.693    15.4651   4.007334    32.0239        374     1.5542  0.000e+00
     35.827    15.4644   4.007334    32.0244        375     1.5583  0.000e+00
     35.961    15.4638   4.007262    32.0242        376     1.5625  0.000e+00
     36.105    15.4632   4.007262    32.0247        377     1.5667  0.000e+00
     36.248    15.4626   4.007237    32.0248        378     1.5708  0.000e+00
     36.398    15.4623   4.007219    32.0249        379     1.5750  0.000e+00
     36.552    15.4618   4.007171    32.0248        380     1.5792  0.000e+00
     36.707    15.4613   4.007098    32.0245        381     1.5833  0.000e+00
     36.855    15.4606   4.007025    32.0243        382     1.5875  0.000e+00
     37.011    15.4600   4.006977    32.0243        383     1.5917  0.000e+00
     37.164    15.4593   4.006849    32.0237        384     1.5958  0.000e+00
     37.320    15.4584   4.006861    32.0245        385     1.6000  0.000e+00
     37.468    15.4577   4.006813    32.0246        386     1.6042  0.000e+00
     37.615    15.4573   4.006625    32.0232        387     1.6083  0.000e+00
     37.761    15.4559   4.006340    32.0217        388     1.6125  0.000e+00
     37.898    15.4538   4.006030    32.0206        389     1.6167  0.000e+00
     38.037    15.4513   4.005708    32.0198        390     1.6208  0.000e+00
     38.182    15.4479   4.005460    32.0202        391     1.6250  0.000e+00
     38.323    15.4444   4.005029    32.0192        392     1.6292  0.000e+00
     38.464    15.4401   4.004343    32.0165        393     1.6333  0.000e+00
     38.610    15.4345   4.003839    32.0166        394     1.6375  0.000e+00
     38.757    15.4282   4.003269    32.0165        395     1.6417  0.000e+00
     38.912    15.4216   4.002480    32.0148        396     1.6458  0.000e+00
     39.077    15.4136   4.000351    32.0023        397     1.6500  0.000e+00
     39.236    15.3993   3.996912    31.9832        398     1.6542  0.000e+00
     39.397    15.3734   3.994868    31.9859        399     1.6583  0.000e+00
     39.563    15.3449   3.993523    31.9971        400     1.6625  0.000e+00
     39.736    15.3192   3.991983    32.0042        401     1.6667  0.000e+00
     39.908    15.2969   3.991662    32.0194        402     1.6708  0.000e+00
     40.083    15.2793   3.989190    32.0116        403     1.6750  0.000e+00
     40.251    15.2579   3.986991    32.0093        404     1.6792  0.000e+00
     40.418    15.2335   3.985404    32.0149        405     1.6833  0.000e+00
     40.577    15.2091   3.984605    32.0277        406     1.6875  0.000e+00
     40.730    15.1890   3.984181    32.0402        407     1.6917  0.000e+00
     40.853    15.1738   3.981650    32.0299        408     1.6958  0.000e+00
     40.908    15.1539   3.979882    32.0303        409     1.7000  0.000e+00
     40.893    15.1312   3.978799    32.0392        410     1.7042  0.000e+00
     40.819    15.1119   3.978030    32.0481        411     1.7083  0.000e+00
     40.734    15.0955   3.978563    32.0663        412     1.7125  0.000e+00
     40.687    15.0869   3.978678    32.0744        413     1.7167  0.000e+00
     40.649    15.0833   3.979126    32.0814        414     1.7208  0.000e+00
     40.600    15.0830   3.979362    32.0838        415     1.7250  0.000e+00
     40.539    15.0844   3.979507    32.0840        416     1.7292  0.000e+00
     40.483    15.0862   3.979719    32.0844        417     1.7333  0.000e+00
     40.425    15.0885   3.979998    32.0851        418     1.7375  0.000e+00
     40.365    15.0912   3.980210    32.0848        419     1.7417  0.000e+00
     40.311    15.0941   3.980355    32.0838        420     1.7458  0.000e+00
