HB2304/sbe076.cnv
* Sea-Bird SBE 19plus V2 Data File:
* FileName = C:\cruise\data\sbe076.hex
* Software Version Seasave V 7.26.7.121
* Temperature SN = 7037
* Conductivity SN = 7037
* System UpLoad Time = Oct 17 2023 11:34:35
** Ship: Bigelow
** Cruise:  HB2304
** Program:  Fall Bottom Trawl
# nquan = 7
# nvalues = 1517                                  
# units = specified
# name 0 = depSM: Depth [salt water, m], lat = 40.00
# name 1 = tv290C: Temperature [ITS-90, deg C]
# name 2 = c0S/m: Conductivity [S/m]
# name 3 = sal00: Salinity, Practical [PSU]
# name 4 = scan: Scan Count
# name 5 = timeM: Time, Elapsed [minutes]
# name 6 = flag:  0.000e+00
# span 0 =     -0.118,     47.995                 
# span 1 =    13.3743,    14.6263                 
# span 2 =  -0.000015,   4.002656                 
# span 3 =     0.0000,    32.8975                 
# span 4 =         11,       1527                 
# span 5 =     0.0417,     6.3583                 
# span 6 = 0.0000e+00, 0.0000e+00                 
# interval = seconds: 0.25
# start_time = Oct 17 2023 11:34:35 [System UTC, header]
# bad_flag = -9.990e-29
*END*
[from data line 1231]
     11.294    14.4071   3.900372    31.9357       1242     5.1708  0.000e+00
     11.260    14.4127   3.900606    31.9332       1243     5.1750  0.000e+00
     11.233    14.4187   3.900210    31.9246       1244     5.1792  0.000e+00
     11.204    14.4220   3.900048    31.9205       1245     5.1833  0.000e+00
     11.164    14.4230   3.898649    31.9069       1246     5.1875  0.000e+00
     11.123    14.4199   3.899129    31.9138       1247     5.1917  0.000e+00
     11.072    14.4170   3.900372    31.9275       1248     5.1958  0.000e+00
     11.025    14.4195   3.900672    31.9283       1249     5.2000  0.000e+00
     10.965    14.4235   3.900822    31.9264       1250     5.2042  0.000e+00
     10.913    14.4279   3.903092    31.9435       1251     5.2083  0.000e+00
     10.855    14.4370   3.902996    31.9351       1252     5.2125  0.000e+00
     10.803    14.4453   3.902792    31.9264       1253     5.2167  0.000e+00
     10.763    14.4502   3.903710    31.9307       1254     5.2208  0.000e+00
     10.725    14.4560   3.903506    31.9241       1255     5.2250  0.000e+00
     10.685    14.4600   3.903668    31.9223       1256     5.2292  0.000e+00
     10.656    14.4627   3.902767    31.9119       1257     5.2333  0.000e+00
     10.626    14.4617   3.902353    31.9089       1258     5.2375  0.000e+00
     10.597    14.4582   3.902125    31.9098       1259     5.2417  0.000e+00
     10.559    14.4548   3.902467    31.9157       1260     5.2458  0.000e+00
     10.528    14.4535   3.902311    31.9153       1261     5.2500  0.000e+00
     10.490    14.4530   3.902515    31.9176       1262     5.2542  0.000e+00
     10.447    14.4534   3.903182    31.9234       1263     5.2583  0.000e+00
     10.400    14.4552   3.904335    31.9324       1264     5.2625  0.000e+00
     10.351    14.4610   3.904311    31.9275       1265     5.2667  0.000e+00
     10.299    14.4659   3.904839    31.9282       1266     5.2708  0.000e+00
     10.243    14.4708   3.904611    31.9222       1267     5.2750  0.000e+00
     10.190    14.4740   3.904773    31.9210       1268     5.2792  0.000e+00
     10.136    14.4760   3.904587    31.9177       1269     5.2833  0.000e+00
     10.084    14.4769   3.904911    31.9200       1270     5.2875  0.000e+00
     10.033    14.4783   3.904935    31.9190       1271     5.2917  0.000e+00
      9.995    14.4796   3.904821    31.9169       1272     5.2958  0.000e+00
      9.972    14.4801   3.904749    31.9159       1273     5.3000  0.000e+00
      9.936    14.4800   3.905025    31.9185       1274     5.3042  0.000e+00
      9.905    14.4807   3.904935    31.9171       1275     5.3083  0.000e+00
      9.876    14.4813   3.905073    31.9179       1276     5.3125  0.000e+00
      9.838    14.4817   3.905049    31.9173       1277     5.3167  0.000e+00
      9.804    14.4820   3.905578    31.9219       1278     5.3208  0.000e+00
      9.757    14.4836   3.905325    31.9184       1279     5.3250  0.000e+00
      9.708    14.4853   3.906016    31.9232       1280     5.3292  0.000e+00
      9.659    14.4878   3.905416    31.9157       1281     5.3333  0.000e+00
      9.594    14.4887   3.905698    31.9176       1282     5.3375  0.000e+00
      9.516    14.4890   3.906755    31.9270       1283     5.3417  0.000e+00
      9.422    14.4928   3.907038    31.9264       1284     5.3458  0.000e+00
      9.318    14.4982   3.907332    31.9247       1285     5.3500  0.000e+00
      9.208    14.5033   3.907656    31.9235       1286     5.3542  0.000e+00
      9.099    14.5081   3.907957    31.9224       1287     5.3583  0.000e+00
      8.983    14.5124   3.907704    31.9166       1288     5.3625  0.000e+00
      8.880    14.5147   3.907656    31.9143       1289     5.3667  0.000e+00
      8.794    14.5156   3.907704    31.9140       1290     5.3708  0.000e+00
      8.723    14.5161   3.907932    31.9157       1291     5.3750  0.000e+00
      8.671    14.5174   3.908257    31.9176       1292     5.3792  0.000e+00
      8.638    14.5192   3.908395    31.9174       1293     5.3833  0.000e+00
      8.626    14.5210   3.908299    31.9150       1294     5.3875  0.000e+00
      8.620    14.5221   3.908347    31.9145       1295     5.3917  0.000e+00
      8.624    14.5231   3.908419    31.9144       1296     5.3958  0.000e+00
      8.629    14.5237   3.908389    31.9136       1297     5.4000  0.000e+00
      8.640    14.5241   3.908419    31.9136       1298     5.4042  0.000e+00
      8.638    14.5242   3.908281    31.9122       1299     5.4083  0.000e+00
      8.638    14.5242   3.908281    31.9122       1300     5.4125  0.000e+00
      8.635    14.5241   3.908233    31.9119       1301     5.4167  0.000e+00
      8.622    14.5237   3.908233    31.9122       1302     5.4208  0.000e+00
      8.595    14.5234   3.908299    31.9130       1303     5.4250  0.000e+00
      8.553    14.5234   3.908281    31.9129       1304     5.4292  0.000e+00
      8.505    14.5234   3.908209    31.9123       1305     5.4333  0.000e+00
      8.447    14.5234   3.908233    31.9126       1306     5.4375  0.000e+00
      8.380    14.5231   3.908142    31.9120       1307     5.4417  0.000e+00
      8.309    14.5229   3.908371    31.9142       1308     5.4458  0.000e+00
      8.235    14.5231   3.908581    31.9160       1309     5.4500  0.000e+00
      8.168    14.5241   3.908845    31.9177       1310     5.4542  0.000e+00
      8.098    14.5258   3.908809    31.9159       1311     5.4583  0.000e+00
      8.029    14.5272   3.908737    31.9141       1312     5.4625  0.000e+00
      7.959    14.5285   3.908719    31.9129       1313     5.4667  0.000e+00
      7.885    14.5295   3.908322    31.9086       1314     5.4708  0.000e+00
      7.811    14.5297   3.908437    31.9095       1315     5.4750  0.000e+00
      7.726    14.5298   3.908394    31.9090       1316     5.4792  0.000e+00
      7.641    14.5301   3.908208    31.9071       1317     5.4833  0.000e+00
      7.559    14.5303   3.908208    31.9070       1318     5.4875  0.000e+00
      7.473    14.5301   3.908232    31.9074       1319     5.4917  0.000e+00
      7.384    14.5303   3.908070    31.9058       1320     5.4958  0.000e+00
      7.301    14.5304   3.907980    31.9049       1321     5.5000  0.000e+00
      7.218    14.5304   3.908004    31.9051       1322     5.5042  0.000e+00
      7.151    14.5308   3.908052    31.9053       1323     5.5083  0.000e+00
      7.091    14.5314   3.908004    31.9044       1324     5.5125  0.000e+00
      7.048    14.5318   3.908160    31.9055       1325     5.5167  0.000e+00
      7.014    14.5339   3.908232    31.9045       1326     5.5208  0.000e+00
      7.001    14.5365   3.908298    31.9029       1327     5.5250  0.000e+00
      6.998    14.5389   3.908021    31.8984       1328     5.5292  0.000e+00
      7.012    14.5388   3.908118    31.8994       1329     5.5333  0.000e+00
      7.034    14.5371   3.908118    31.9008       1330     5.5375  0.000e+00
      7.059    14.5358   3.908094    31.9016       1331     5.5417  0.000e+00
      7.081    14.5346   3.908118    31.9028       1332     5.5458  0.000e+00
      7.104    14.5337   3.908046    31.9029       1333     5.5500  0.000e+00
      7.115    14.5333   3.908208    31.9047       1334     5.5542  0.000e+00
      7.109    14.5333   3.908346    31.9059       1335     5.5583  0.000e+00
      7.095    14.5333   3.908292    31.9055       1336     5.5625  0.000e+00
      7.057    14.5335   3.908094    31.9035       1337     5.5667  0.000e+00
      7.006    14.5330   3.908256    31.9054       1338     5.5708  0.000e+00
      6.943    14.5329   3.908508    31.9078       1339     5.5750  0.000e+00
      6.856    14.5336   3.908322    31.9056       1340     5.5792  0.000e+00
      6.750    14.5337   3.908232    31.9047       1341     5.5833  0.000e+00
      6.632    14.5336   3.908418    31.9065       1342     5.5875  0.000e+00
      6.515    14.5339   3.908370    31.9059       1343     5.5917  0.000e+00
      6.394    14.5343   3.908436    31.9062       1344     5.5958  0.000e+00
      6.285    14.5346   3.908370    31.9054       1345     5.6000  0.000e+00
      6.179    14.5345   3.908580    31.9074       1346     5.6042  0.000e+00
      6.088    14.5360   3.908971    31.9098       1347     5.6083  0.000e+00
      6.024    14.5442   3.909019    31.9035       1348     5.6125  0.000e+00
      5.986    14.5523   3.909199    31.8985       1349     5.6167  0.000e+00
      5.966    14.5616   3.909277    31.8916       1350     5.6208  0.000e+00
      5.946    14.5698   3.909223    31.8844       1351     5.6250  0.000e+00
      5.922    14.5734   3.909199    31.8811       1352     5.6292  0.000e+00
      5.935    14.5749   3.909247    31.8804       1353     5.6333  0.000e+00
      5.935    14.5756   3.909108    31.8785       1354     5.6375  0.000e+00
      5.922    14.5727   3.909036    31.8802       1355     5.6417  0.000e+00
      5.910    14.5683   3.909060    31.8841       1356     5.6458  0.000e+00
      5.870    14.5654   3.909084    31.8867       1357     5.6500  0.000e+00
      5.809    14.5634   3.908946    31.8872       1358     5.6542  0.000e+00
      5.724    14.5605   3.908970    31.8897       1359     5.6583  0.000e+00
      5.630    14.5583   3.908970    31.8917       1360     5.6625  0.000e+00
      5.538    14.5583   3.908994    31.8919       1361     5.6667  0.000e+00
      5.453    14.5583   3.909084    31.8927       1362     5.6708  0.000e+00
      5.355    14.5599   3.909204    31.8925       1363     5.6750  0.000e+00
      5.268    14.5624   3.909198    31.8905       1364     5.6792  0.000e+00
      5.192    14.5641   3.909132    31.8885       1365     5.6833  0.000e+00
      5.131    14.5644   3.909156    31.8885       1366     5.6875  0.000e+00
      5.080    14.5643   3.909337    31.8902       1367     5.6917  0.000e+00
      5.031    14.5670   3.909457    31.8892       1368     5.6958  0.000e+00
      4.997    14.5693   3.909360    31.8864       1369     5.7000  0.000e+00
      4.979    14.5711   3.909433    31.8855       1370     5.7042  0.000e+00
      4.968    14.5719   3.909384    31.8845       1371     5.7083  0.000e+00
      4.947    14.5720   3.909336    31.8840       1372     5.7125  0.000e+00
      4.927    14.5710   3.909384    31.8852       1373     5.7167  0.000e+00
      4.892    14.5709   3.909499    31.8863       1374     5.7208  0.000e+00
      4.860    14.5724   3.909523    31.8854       1375     5.7250  0.000e+00
      4.818    14.5748   3.909499    31.8832       1376     5.7292  0.000e+00
      4.771    14.5768   3.909499    31.8816       1377     5.7333  0.000e+00
      4.712    14.5770   3.909498    31.8814       1378     5.7375  0.000e+00
      4.658    14.5775   3.909456    31.8807       1379     5.7417  0.000e+00
      4.600    14.5766   3.909432    31.8812       1380     5.7458  0.000e+00
      4.544    14.5745   3.909498    31.8835       1381     5.7500  0.000e+00
      4.491    14.5731   3.909498    31.8847       1382     5.7542  0.000e+00
      4.444    14.5729   3.909547    31.8853       1383     5.7583  0.000e+00
      4.401    14.5732   3.909547    31.8851       1384     5.7625  0.000e+00
      4.360    14.5739   3.909522    31.8843       1385     5.7667  0.000e+00
      4.322    14.5744   3.909546    31.8841       1386     5.7708  0.000e+00
      4.287    14.5749   3.909546    31.8837       1387     5.7750  0.000e+00
      4.253    14.5757   3.909546    31.8831       1388     5.7792  0.000e+00
      4.226    14.5765   3.909522    31.8822       1389     5.7833  0.000e+00
      4.202    14.5771   3.909546    31.8820       1390     5.7875  0.000e+00
      4.186    14.5780   3.909546    31.8812       1391     5.7917  0.000e+00
      4.154    14.5792   3.909594    31.8807       1392     5.7958  0.000e+00
      4.126    14.5801   3.909594    31.8800       1393     5.8000  0.000e+00
      4.105    14.5800   3.909612    31.8802       1394     5.8042  0.000e+00
      4.083    14.5799   3.909612    31.8803       1395     5.8083  0.000e+00
      4.058    14.5812   3.909612    31.8792       1396     5.8125  0.000e+00
      4.031    14.5830   3.909636    31.8780       1397     5.8167  0.000e+00
      3.984    14.5839   3.909636    31.8773       1398     5.8208  0.000e+00
      3.935    14.5823   3.909594    31.8782       1399     5.8250  0.000e+00
      3.864    14.5801   3.909612    31.8802       1400     5.8292  0.000e+00
      3.785    14.5794   3.909660    31.8813       1401     5.8333  0.000e+00
      3.702    14.5798   3.909660    31.8810       1402     5.8375  0.000e+00
      3.604    14.5799   3.909732    31.8816       1403     5.8417  0.000e+00
      3.496    14.5811   3.909690    31.8802       1404     5.8458  0.000e+00
      3.387    14.5818   3.909636    31.8793       1405     5.8500  0.000e+00
      3.281    14.5818   3.909660    31.8795       1406     5.8542  0.000e+00
      3.169    14.5831   3.909612    31.8780       1407     5.8583  0.000e+00
      3.086    14.5852   3.909636    31.8766       1408     5.8625  0.000e+00
      3.031    14.5868   3.909612    31.8750       1409     5.8667  0.000e+00
      2.997    14.5875   3.909660    31.8749       1410     5.8708  0.000e+00
      2.988    14.5873   3.909684    31.8753       1411     5.8750  0.000e+00
      2.986    14.5875   3.909732    31.8756       1412     5.8792  0.000e+00
      2.995    14.5885   3.909732    31.8748       1413     5.8833  0.000e+00
      3.011    14.5898   3.909708    31.8734       1414     5.8875  0.000e+00
      3.024    14.5910   3.909750    31.8729       1415     5.8917  0.000e+00
      3.035    14.5915   3.909732    31.8723       1416     5.8958  0.000e+00
      3.033    14.5919   3.909474    31.8696       1417     5.9000  0.000e+00
      3.013    14.5930   3.909498    31.8689       1418     5.9042  0.000e+00
      2.988    14.5943   3.909570    31.8685       1419     5.9083  0.000e+00
      2.934    14.5945   3.909684    31.8694       1420     5.9125  0.000e+00
      2.876    14.5937   3.909708    31.8703       1421     5.9167  0.000e+00
      2.813    14.5930   3.909684    31.8707       1422     5.9208  0.000e+00
      2.731    14.5919   3.909708    31.8718       1423     5.9250  0.000e+00
      2.637    14.5905   3.909708    31.8730       1424     5.9292  0.000e+00
      2.525    14.5908   3.909708    31.8729       1425     5.9333  0.000e+00
      2.413    14.5917   3.909684    31.8719       1426     5.9375  0.000e+00
      2.325    14.5926   3.909612    31.8706       1427     5.9417  0.000e+00
      2.256    14.5939   3.909612    31.8695       1428     5.9458  0.000e+00
      2.222    14.5946   3.909569    31.8686       1429     5.9500  0.000e+00
      2.223    14.5953   3.909732    31.8695       1430     5.9542  0.000e+00
      2.249    14.5956   3.909738    31.8692       1431     5.9583  0.000e+00
      2.296    14.5954   3.909732    31.8693       1432     5.9625  0.000e+00
      2.355    14.5956   3.909750    31.8694       1433     5.9667  0.000e+00
      2.413    14.5953   3.909798    31.8700       1434     5.9708  0.000e+00
      2.476    14.5949   3.909846    31.8707       1435     5.9750  0.000e+00
      2.523    14.5948   3.909870    31.8710       1436     5.9792  0.000e+00
      2.545    14.5947   3.909750    31.8700       1437     5.9833  0.000e+00
      2.551    14.5944   3.909750    31.8702       1438     5.9875  0.000e+00
      2.511    14.5943   3.909774    31.8705       1439     5.9917  0.000e+00
      2.429    14.5940   3.909798    31.8710       1440     5.9958  0.000e+00
      2.308    14.5940   3.909732    31.8705       1441     6.0000  0.000e+00
      2.177    14.5946   3.909774    31.8704       1442     6.0042  0.000e+00
      2.043    14.5953   3.909798    31.8701       1443     6.0083  0.000e+00
      1.933    14.5959   3.909870    31.8703       1444     6.0125  0.000e+00
      1.830    14.5964   3.909738    31.8688       1445     6.0167  0.000e+00
