HB2304/sbe046.cnv
* Sea-Bird SBE 19plus V2 Data File:
* FileName = C:\cruise\data\sbe046.hex
* Software Version Seasave V 7.26.7.121
* Temperature SN = 7037
* Conductivity SN = 7037
* System UpLoad Time = Oct 07 2023 06:14:05
** Ship: Bigelow
** Cruise:  HB2304
** Program:  Fall Bottom Trawl
# nquan = 7
# nvalues = 1295                                  
# units = specified
# name 0 = depSM: Depth [salt water, m], lat = 40.00
# name 1 = tv290C: Temperature [ITS-90, deg C]
# name 2 = c0S/m: Conductivity [S/m]
# name 3 = sal00: Salinity, Practical [PSU]
# name 4 = scan: Scan Count
# name 5 = timeM: Time, Elapsed [minutes]
# name 6 = flag:  0.000e+00
# span 0 =     -0.079,     42.850                 
# span 1 =    15.9561,    17.7941                 
# span 2 =  -0.029156,   4.178207                 
# span 3 =     0.0000,    32.2889                 
# span 4 =         11,       1305                 
# span 5 =     0.0417,     5.4333                 
# span 6 = 0.0000e+00, 0.0000e+00                 
# interval = seconds: 0.25
# start_time = Oct 07 2023 06:14:05 [System UTC, header]
# bad_flag = -9.990e-29
*END*
     -0.044    17.7787   0.000004     0.0092         11     0.0417  0.000e+00
     -0.040    17.7790  -0.000002     0.0000         12     0.0458  0.000e+00
     -0.039    17.7797   0.000004     0.0092         13     0.0500  0.000e+00
     -0.042    17.7801  -0.000002     0.0000         14     0.0542  0.000e+00
     -0.044    17.7803  -0.000002     0.0000         15     0.0583  0.000e+00
     -0.040    17.7806  -0.000002     0.0000         16     0.0625  0.000e+00
     -0.044    17.7811  -0.000002     0.0000         17     0.0667  0.000e+00
     -0.044    17.7814  -0.000002     0.0000         18     0.0708  0.000e+00
     -0.042    17.7818  -0.000002     0.0000         19     0.0750  0.000e+00
     -0.039    17.7820  -0.000004     0.0000         20     0.0792  0.000e+00
     -0.042    17.7823  -0.000002     0.0000         21     0.0833  0.000e+00
     -0.040    17.7825  -0.000002     0.0000         22     0.0875  0.000e+00
     -0.042    17.7827  -0.000002     0.0000         23     0.0917  0.000e+00
     -0.044    17.7828  -0.000002     0.0000         24     0.0958  0.000e+00
     -0.044    17.7828  -0.000002     0.0000         25     0.1000  0.000e+00
     -0.044    17.7826   0.000001     0.0092         26     0.1042  0.000e+00
     -0.044    17.7827  -0.000002     0.0000         27     0.1083  0.000e+00
     -0.042    17.7827  -0.000002     0.0000         28     0.1125  0.000e+00
     -0.042    17.7828  -0.000002     0.0000         29     0.1167  0.000e+00
     -0.044    17.7831  -0.000002     0.0000         30     0.1208  0.000e+00
     -0.044    17.7832   0.000004     0.0092         31     0.1250  0.000e+00
     -0.046    17.7833  -0.000002     0.0000         32     0.1292  0.000e+00
     -0.047    17.7833  -0.000004     0.0000         33     0.1333  0.000e+00
     -0.046    17.7835  -0.000002     0.0000         34     0.1375  0.000e+00
     -0.038    17.7840  -0.000002     0.0000         35     0.1417  0.000e+00
     -0.038    17.7835  -0.000002     0.0000         36     0.1458  0.000e+00
     -0.040    17.7835  -0.000002     0.0000         37     0.1500  0.000e+00
     -0.046    17.7833  -0.000002     0.0000         38     0.1542  0.000e+00
     -0.038    17.7830  -0.000004     0.0000         39     0.1583  0.000e+00
     -0.038    17.7836  -0.000007     0.0000         40     0.1625  0.000e+00
     -0.038    17.7830  -0.000002     0.0000         41     0.1667  0.000e+00
     -0.044    17.7824   0.000004     0.0092         42     0.1708  0.000e+00
     -0.042    17.7824  -0.000002     0.0000         43     0.1750  0.000e+00
     -0.042    17.7826  -0.000007     0.0000         44     0.1792  0.000e+00
     -0.044    17.7828  -0.000002     0.0000         45     0.1833  0.000e+00
     -0.042    17.7826   0.000001     0.0092         46     0.1875  0.000e+00
     -0.046    17.7821  -0.000002     0.0000         47     0.1917  0.000e+00
     -0.040    17.7817  -0.000002     0.0000         48     0.1958  0.000e+00
     -0.042    17.7815  -0.000007     0.0000         49     0.2000  0.000e+00
     -0.042    17.7817  -0.000007     0.0000         50     0.2042  0.000e+00
     -0.044    17.7813  -0.000002     0.0000         51     0.2083  0.000e+00
     -0.042    17.7811  -0.000002     0.0000         52     0.2125  0.000e+00
     -0.038    17.7807   0.000001     0.0092         53     0.2167  0.000e+00
     -0.043    17.7808  -0.000007     0.0000         54     0.2208  0.000e+00
     -0.042    17.7811  -0.000007     0.0000         55     0.2250  0.000e+00
     -0.043    17.7811  -0.000007     0.0000         56     0.2292  0.000e+00
     -0.043    17.7809  -0.000002     0.0000         57     0.2333  0.000e+00
     -0.043    17.7808  -0.000007     0.0000         58     0.2375  0.000e+00
     -0.047    17.7807  -0.000004     0.0000         59     0.2417  0.000e+00
     -0.043    17.7807  -0.000007     0.0000         60     0.2458  0.000e+00
     -0.045    17.7809  -0.000007     0.0000         61     0.2500  0.000e+00
     -0.042    17.7811  -0.000002     0.0000         62     0.2542  0.000e+00
     -0.047    17.7811  -0.000007     0.0000         63     0.2583  0.000e+00
     -0.043    17.7810  -0.000002     0.0000         64     0.2625  0.000e+00
     -0.042    17.7811  -0.000002     0.0000         65     0.2667  0.000e+00
     -0.042    17.7811   0.000001     0.0092         66     0.2708  0.000e+00
     -0.045    17.7811  -0.000007     0.0000         67     0.2750  0.000e+00
     -0.042    17.7811  -0.000002     0.0000         68     0.2792  0.000e+00
     -0.040    17.7811  -0.000007     0.0000         69     0.2833  0.000e+00
     -0.044    17.7813  -0.000002     0.0000         70     0.2875  0.000e+00
     -0.042    17.7813  -0.000002     0.0000         71     0.2917  0.000e+00
     -0.042    17.7814   0.000001     0.0092         72     0.2958  0.000e+00
     -0.038    17.7814  -0.000002     0.0000         73     0.3000  0.000e+00
     -0.040    17.7813  -0.000002     0.0000         74     0.3042  0.000e+00
     -0.038    17.7811  -0.000007     0.0000         75     0.3083  0.000e+00
     -0.036    17.7811  -0.000007     0.0000         76     0.3125  0.000e+00
     -0.038    17.7809  -0.000002     0.0000         77     0.3167  0.000e+00
     -0.038    17.7809  -0.000007     0.0000         78     0.3208  0.000e+00
     -0.036    17.7808   0.000001     0.0092         79     0.3250  0.000e+00
     -0.042    17.7807  -0.000002     0.0000         80     0.3292  0.000e+00
     -0.040    17.7806  -0.000002     0.0000         81     0.3333  0.000e+00
     -0.038    17.7807  -0.000002     0.0000         82     0.3375  0.000e+00
     -0.045    17.7807  -0.000002     0.0000         83     0.3417  0.000e+00
     -0.044    17.7807  -0.000002     0.0000         84     0.3458  0.000e+00
     -0.055    17.7803  -0.000002     0.0000         85     0.3500  0.000e+00
     -0.049    17.7803  -0.000004     0.0000         86     0.3542  0.000e+00
     -0.044    17.7804  -0.000002     0.0000         87     0.3583  0.000e+00
     -0.044    17.7802  -0.000002     0.0000         88     0.3625  0.000e+00
     -0.047    17.7801  -0.000007     0.0000         89     0.3667  0.000e+00
     -0.051    17.7800  -0.000007     0.0000         90     0.3708  0.000e+00
     -0.051    17.7798  -0.000007     0.0000         91     0.3750  0.000e+00
     -0.045    17.7796  -0.000004     0.0000         92     0.3792  0.000e+00
     -0.044    17.7792  -0.000002     0.0000         93     0.3833  0.000e+00
     -0.042    17.7790  -0.000002     0.0000         94     0.3875  0.000e+00
     -0.044    17.7786  -0.000002     0.0000         95     0.3917  0.000e+00
     -0.042    17.7785  -0.000007     0.0000         96     0.3958  0.000e+00
     -0.036    17.7789  -0.000007     0.0000         97     0.4000  0.000e+00
     -0.038    17.7790  -0.000007     0.0000         98     0.4042  0.000e+00
     -0.040    17.7790  -0.000004     0.0000         99     0.4083  0.000e+00
     -0.044    17.7791  -0.000007     0.0000        100     0.4125  0.000e+00
     -0.038    17.7789  -0.000002     0.0000        101     0.4167  0.000e+00
     -0.036    17.7788  -0.000002     0.0000        102     0.4208  0.000e+00
     -0.038    17.7788  -0.000007     0.0000        103     0.4250  0.000e+00
     -0.038    17.7786  -0.000007     0.0000        104     0.4292  0.000e+00
     -0.042    17.7785  -0.000004     0.0000        105     0.4333  0.000e+00
     -0.042    17.7786  -0.000002     0.0000        106     0.4375  0.000e+00
     -0.038    17.7788  -0.000002     0.0000        107     0.4417  0.000e+00
     -0.038    17.7790  -0.000002     0.0000        108     0.4458  0.000e+00
     -0.036    17.7787  -0.000007     0.0000        109     0.4500  0.000e+00
     -0.035    17.7785  -0.000002     0.0000        110     0.4542  0.000e+00
     -0.036    17.7786  -0.000002     0.0000        111     0.4583  0.000e+00
     -0.036    17.7785  -0.000004     0.0000        112     0.4625  0.000e+00
     -0.045    17.7785  -0.000002     0.0000        113     0.4667  0.000e+00
      0.236    17.7792   0.000004     0.0092        114     0.4708  0.000e+00
      0.495    17.7863  -0.000018     0.0000        115     0.4750  0.000e+00
      0.703    17.7941  -0.029156     0.0000        116     0.4792  0.000e+00
      0.903    17.7927   2.462429    17.6598        117     0.4833  0.000e+00
      1.115    17.7426   2.302596    16.4289        118     0.4875  0.000e+00
      1.328    17.6698   2.433989    17.4888        119     0.4917  0.000e+00
      1.505    17.6193   2.708862    19.6909        120     0.4958  0.000e+00
      1.704    17.5845   3.926663    29.7034        121     0.5000  0.000e+00
      1.751    17.5595   4.040914    30.6861        122     0.5042  0.000e+00
      1.709    17.5419   4.155512    31.6716        123     0.5083  0.000e+00
      1.668    17.5207   3.824808    28.8930        124     0.5125  0.000e+00
      1.642    17.4989   3.761644    28.3786        125     0.5167  0.000e+00
      1.677    17.4847   4.058073    30.8881        126     0.5208  0.000e+00
      1.753    17.4888   4.159902    31.7504        127     0.5250  0.000e+00
      1.838    17.4938   4.175600    31.8802        128     0.5292  0.000e+00
      1.953    17.4929   4.173532    31.8632        129     0.5333  0.000e+00
      2.114    17.4867   4.178207    31.9078        130     0.5375  0.000e+00
      2.325    17.4808   4.177898    31.9098        131     0.5417  0.000e+00
      2.562    17.4767   4.177509    31.9096        132     0.5458  0.000e+00
      2.812    17.4715   4.177250    31.9114        133     0.5500  0.000e+00
      3.068    17.4683   4.177102    31.9125        134     0.5542  0.000e+00
      3.316    17.4683   4.176719    31.9092        135     0.5583  0.000e+00
      3.563    17.4692   4.176824    31.9093        136     0.5625  0.000e+00
      3.791    17.4708   4.176861    31.9083        137     0.5667  0.000e+00
      4.017    17.4708   4.176750    31.9072        138     0.5708  0.000e+00
      4.237    17.4703   4.176311    31.9038        139     0.5750  0.000e+00
      4.481    17.4705   4.176287    31.9034        140     0.5792  0.000e+00
      4.723    17.4672   4.176077    31.9041        141     0.5833  0.000e+00
      4.913    17.4636   4.176046    31.9066        142     0.5875  0.000e+00
      5.048    17.4594   4.176676    31.9152        143     0.5917  0.000e+00
      5.132    17.4576   4.177053    31.9199        144     0.5958  0.000e+00
      5.202    17.4589   4.175954    31.9094        145     0.6000  0.000e+00
      5.271    17.4607   4.175725    31.9061        146     0.6042  0.000e+00
      5.341    17.4584   4.175472    31.9057        147     0.6083  0.000e+00
      5.421    17.4558   4.175546    31.9083        148     0.6125  0.000e+00
      5.500    17.4538   4.175688    31.9111        149     0.6167  0.000e+00
      5.583    17.4524   4.175787    31.9129        150     0.6208  0.000e+00
      5.685    17.4527   4.175522    31.9104        151     0.6250  0.000e+00
      5.789    17.4534   4.175114    31.9064        152     0.6292  0.000e+00
      5.910    17.4526   4.174997    31.9060        153     0.6333  0.000e+00
      6.048    17.4513   4.174824    31.9054        154     0.6375  0.000e+00
      6.203    17.4503   4.174750    31.9056        155     0.6417  0.000e+00
      6.377    17.4499   4.174633    31.9048        156     0.6458  0.000e+00
      6.563    17.4491   4.174608    31.9052        157     0.6500  0.000e+00
      6.752    17.4485   4.174497    31.9046        158     0.6542  0.000e+00
      6.957    17.4477   4.174516    31.9054        159     0.6583  0.000e+00
      7.163    17.4469   4.174423    31.9051        160     0.6625  0.000e+00
      7.389    17.4461   4.174374    31.9053        161     0.6667  0.000e+00
      7.607    17.4452   4.174349    31.9057        162     0.6708  0.000e+00
      7.820    17.4445   4.174325    31.9060        163     0.6750  0.000e+00
      8.023    17.4437   4.174300    31.9063        164     0.6792  0.000e+00
      8.214    17.4429   4.174325    31.9070        165     0.6833  0.000e+00
      8.382    17.4425   4.174350    31.9075        166     0.6875  0.000e+00
      8.540    17.4427   4.174226    31.9063        167     0.6917  0.000e+00
      8.681    17.4421   4.174103    31.9056        168     0.6958  0.000e+00
      8.811    17.4414   4.173918    31.9045        169     0.7000  0.000e+00
      8.932    17.4405   4.173801    31.9042        170     0.7042  0.000e+00
      9.053    17.4394   4.173628    31.9035        171     0.7083  0.000e+00
      9.183    17.4384   4.173498    31.9032        172     0.7125  0.000e+00
      9.320    17.4372   4.173294    31.9023        173     0.7167  0.000e+00
      9.465    17.4360   4.173078    31.9014        174     0.7208  0.000e+00
      9.618    17.4340   4.172776    31.9003        175     0.7250  0.000e+00
      9.777    17.4323   4.172554    31.8997        176     0.7292  0.000e+00
      9.940    17.4313   4.172350    31.8987        177     0.7333  0.000e+00
     10.103    17.4297   4.172147    31.8982        178     0.7375  0.000e+00
     10.269    17.4276   4.171980    31.8984        179     0.7417  0.000e+00
     10.432    17.4256   4.171678    31.8973        180     0.7458  0.000e+00
     10.601    17.4236   4.171283    31.8954        181     0.7500  0.000e+00
     10.766    17.4222   4.170875    31.8930        182     0.7542  0.000e+00
     10.923    17.4203   4.170234    31.8890        183     0.7583  0.000e+00
     11.069    17.4169   4.169271    31.8834        184     0.7625  0.000e+00
     11.210    17.4116   4.168333    31.8795        185     0.7667  0.000e+00
     11.344    17.4033   4.167266    31.8768        186     0.7708  0.000e+00
     11.476    17.3952   4.166112    31.8733        187     0.7750  0.000e+00
     11.613    17.3853   4.164854    31.8703        188     0.7792  0.000e+00
     11.745    17.3739   4.162245    31.8570        189     0.7833  0.000e+00
     11.879    17.3587   4.159834    31.8482        190     0.7875  0.000e+00
     12.011    17.3409   4.158114    31.8475        191     0.7917  0.000e+00
     12.148    17.3201   4.156117    31.8468        192     0.7958  0.000e+00
     12.286    17.3014   4.153973    31.8432        193     0.8000  0.000e+00
     12.427    17.2800   4.151306    31.8371        194     0.8042  0.000e+00
     12.575    17.2558   4.148405    31.8312        195     0.8083  0.000e+00
     12.718    17.2317   4.146096    31.8304        196     0.8125  0.000e+00
     12.868    17.2046   4.143603    31.8304        197     0.8167  0.000e+00
     13.014    17.1792   4.140348    31.8224        198     0.8208  0.000e+00
     13.160    17.1534   4.137936    31.8220        199     0.8250  0.000e+00
     13.303    17.1254   4.135943    31.8269        200     0.8292  0.000e+00
     13.448    17.0952   4.133767    31.8320        201     0.8333  0.000e+00
     13.585    17.0657   4.132586    31.8451        202     0.8375  0.000e+00
     13.722    17.0403   4.130884    31.8504        203     0.8417  0.000e+00
     13.854    17.0196   4.128978    31.8504        204     0.8458  0.000e+00
     13.988    16.9985   4.127190    31.8516        205     0.8500  0.000e+00
     14.118    16.9782   4.125630    31.8542        206     0.8542  0.000e+00
     14.261    16.9582   4.124321    31.8587        207     0.8583  0.000e+00
     14.400    16.9389   4.122024    31.8541        208     0.8625  0.000e+00
     14.550    16.9212   4.121146    31.8605        209     0.8667  0.000e+00
     14.707    16.8985   4.120065    31.8691        210     0.8708  0.000e+00
     14.866    16.8799   4.118438    31.8698        211     0.8750  0.000e+00
     15.029    16.8614   4.117119    31.8730        212     0.8792  0.000e+00
     15.195    16.8435   4.115983    31.8773        213     0.8833  0.000e+00
     15.372    16.8254   4.114461    31.8785        214     0.8875  0.000e+00
     15.547    16.8091   4.113130    31.8798        215     0.8917  0.000e+00
