HB2304/sbe032.cnv
* Sea-Bird SBE 19plus V2 Data File:
* FileName = C:\cruise\data\sbe032.hex
* Software Version Seasave V 7.26.7.121
* Temperature SN = 7037
* Conductivity SN = 7037
* System UpLoad Time = Sep 22 2023 11:34:10
** Ship: Bigelow
** Cruise:  HB2304
** Program:  Fall Bottom Trawl
# nquan = 7
# nvalues = 570                                   
# units = specified
# name 0 = depSM: Depth [salt water, m], lat = 40.00
# name 1 = tv290C: Temperature [ITS-90, deg C]
# name 2 = c0S/m: Conductivity [S/m]
# name 3 = sal00: Salinity, Practical [PSU]
# name 4 = scan: Scan Count
# name 5 = timeM: Time, Elapsed [minutes]
# name 6 = flag:  0.000e+00
# span 0 =      0.068,     15.622                 
# span 1 =    22.6782,    22.9303                 
# span 2 =   0.102758,   4.579617                 
# span 3 =     0.5331,    31.0843                 
# span 4 =         11,        580                 
# span 5 =     0.0417,     2.4125                 
# span 6 = 0.0000e+00, 0.0000e+00                 
# interval = seconds: 0.25
# start_time = Sep 22 2023 11:34:10 [System UTC, header]
# bad_flag = -9.990e-29
*END*
      1.073    22.9016   4.575949    31.0688         11     0.0417  0.000e+00
      1.160    22.9018   4.575923    31.0685         12     0.0458  0.000e+00
      1.252    22.9016   4.575872    31.0682         13     0.0500  0.000e+00
      1.340    22.9012   4.575872    31.0685         14     0.0542  0.000e+00
      1.400    22.9011   4.575872    31.0685         15     0.0583  0.000e+00
      1.407    22.9010   4.576000    31.0696         16     0.0625  0.000e+00
      1.362    22.9014   4.576167    31.0705         17     0.0667  0.000e+00
      1.256    22.9023   4.572061    31.0388         18     0.0708  0.000e+00
      1.109    22.9031   4.576206    31.0697         19     0.0750  0.000e+00
      0.950    22.9036   4.576244    31.0697         20     0.0792  0.000e+00
      0.815    22.9039   4.576231    31.0694         21     0.0833  0.000e+00
      0.728    22.9043   4.576218    31.0690         22     0.0875  0.000e+00
      0.751    22.9043   4.576077    31.0680         23     0.0917  0.000e+00
      0.910    22.9042   4.575846    31.0662         24     0.0958  0.000e+00
      1.152    22.9035   4.575872    31.0669         25     0.1000  0.000e+00
      1.442    22.9030   4.575981    31.0680         26     0.1042  0.000e+00
      1.754    22.9025   4.575949    31.0680         27     0.1083  0.000e+00
      2.063    22.9022   4.575872    31.0675         28     0.1125  0.000e+00
      2.367    22.9019   4.576116    31.0695         29     0.1167  0.000e+00
      2.623    22.9020   4.576181    31.0698         30     0.1208  0.000e+00
      2.833    22.9023   4.576219    31.0699         31     0.1250  0.000e+00
      2.994    22.9027   4.576181    31.0692         32     0.1292  0.000e+00
      3.120    22.9030   4.576277    31.0697         33     0.1333  0.000e+00
      3.225    22.9030   4.576207    31.0691         34     0.1375  0.000e+00
      3.303    22.9032   4.576155    31.0686         35     0.1417  0.000e+00
      3.357    22.9030   4.576245    31.0694         36     0.1458  0.000e+00
      3.397    22.9030   4.576341    31.0701         37     0.1500  0.000e+00
      3.442    22.9033   4.576329    31.0698         38     0.1542  0.000e+00
      3.509    22.9035   4.576181    31.0685         39     0.1583  0.000e+00
      3.608    22.9031   4.576033    31.0676         40     0.1625  0.000e+00
      3.727    22.9024   4.576027    31.0681         41     0.1667  0.000e+00
      3.885    22.9018   4.576027    31.0684         42     0.1708  0.000e+00
      4.076    22.9017   4.576034    31.0685         43     0.1750  0.000e+00
      4.304    22.9013   4.575848    31.0673         44     0.1792  0.000e+00
      4.559    22.9006   4.575925    31.0683         45     0.1833  0.000e+00
      4.830    22.9000   4.576002    31.0692         46     0.1875  0.000e+00
      5.094    22.9000   4.576060    31.0696         47     0.1917  0.000e+00
      5.352    22.9002   4.576079    31.0695         48     0.1958  0.000e+00
      5.614    22.9005   4.576143    31.0697         49     0.2000  0.000e+00
      5.872    22.9009   4.576233    31.0700         50     0.2042  0.000e+00
      6.129    22.9014   4.576208    31.0694         51     0.2083  0.000e+00
      6.377    22.9018   4.576304    31.0698         52     0.2125  0.000e+00
      6.606    22.9023   4.576446    31.0704         53     0.2167  0.000e+00
      6.830    22.9026   4.576542    31.0709         54     0.2208  0.000e+00
      7.043    22.9029   4.576574    31.0708         55     0.2250  0.000e+00
      7.251    22.9031   4.576625    31.0710         56     0.2292  0.000e+00
      7.455    22.9034   4.576728    31.0715         57     0.2333  0.000e+00
      7.649    22.9037   4.576831    31.0720         58     0.2375  0.000e+00
      7.838    22.9039   4.576947    31.0727         59     0.2417  0.000e+00
      8.043    22.9044   4.576985    31.0726         60     0.2458  0.000e+00
      8.245    22.9051   4.576895    31.0713         61     0.2500  0.000e+00
      8.455    22.9048   4.576857    31.0712         62     0.2542  0.000e+00
      8.668    22.9045   4.576921    31.0718         63     0.2583  0.000e+00
      8.868    22.9035   4.577088    31.0738         64     0.2625  0.000e+00
      9.064    22.9033   4.577088    31.0738         65     0.2667  0.000e+00
      9.259    22.9034   4.577082    31.0737         66     0.2708  0.000e+00
      9.450    22.9035   4.577140    31.0740         67     0.2750  0.000e+00
      9.638    22.9032   4.577166    31.0743         68     0.2792  0.000e+00
      9.810    22.9030   4.577217    31.0748         69     0.2833  0.000e+00
      9.967    22.9029   4.577134    31.0742         70     0.2875  0.000e+00
     10.108    22.9026   4.577012    31.0734         71     0.2917  0.000e+00
     10.245    22.9015   4.576787    31.0725         72     0.2958  0.000e+00
     10.372    22.9000   4.576730    31.0731         73     0.3000  0.000e+00
     10.489    22.8986   4.576704    31.0738         74     0.3042  0.000e+00
     10.602    22.8972   4.576653    31.0744         75     0.3083  0.000e+00
     10.704    22.8962   4.576653    31.0751         76     0.3125  0.000e+00
     10.806    22.8954   4.576736    31.0762         77     0.3167  0.000e+00
     10.923    22.8952   4.576807    31.0769         78     0.3208  0.000e+00
     11.061    22.8957   4.577134    31.0790         79     0.3250  0.000e+00
     11.212    22.8975   4.577449    31.0800         80     0.3292  0.000e+00
     11.373    22.9009   4.577782    31.0801         81     0.3333  0.000e+00
     11.556    22.9049   4.577782    31.0772         82     0.3375  0.000e+00
     11.762    22.9077   4.577860    31.0758         83     0.3417  0.000e+00
     11.989    22.9101   4.577783    31.0734         84     0.3458  0.000e+00
     12.241    22.9119   4.577808    31.0723         85     0.3500  0.000e+00
     12.497    22.9131   4.577834    31.0715         86     0.3542  0.000e+00
     12.765    22.9141   4.577809    31.0706         87     0.3583  0.000e+00
     13.045    22.9146   4.577655    31.0690         88     0.3625  0.000e+00
     13.330    22.9148   4.577809    31.0699         89     0.3667  0.000e+00
     13.616    22.9150   4.577860    31.0701         90     0.3708  0.000e+00
     13.901    22.9152   4.577809    31.0695         91     0.3750  0.000e+00
     14.174    22.9152   4.577706    31.0686         92     0.3792  0.000e+00
     14.431    22.9150   4.577809    31.0694         93     0.3833  0.000e+00
     14.678    22.9149   4.577835    31.0696         94     0.3875  0.000e+00
     14.917    22.9152   4.577887    31.0697         95     0.3917  0.000e+00
     15.123    22.9155   4.577835    31.0691         96     0.3958  0.000e+00
     15.316    22.9159   4.577707    31.0678         97     0.4000  0.000e+00
     15.506    22.9156   4.577758    31.0683         98     0.4042  0.000e+00
     15.555    22.9157   4.577784    31.0684         99     0.4083  0.000e+00
     15.522    22.9163   4.577835    31.0684        100     0.4125  0.000e+00
     15.461    22.9168   4.577938    31.0688        101     0.4167  0.000e+00
     15.396    22.9174   4.577964    31.0686        102     0.4208  0.000e+00
     15.372    22.9178   4.577944    31.0682        103     0.4250  0.000e+00
     15.358    22.9177   4.577964    31.0684        104     0.4292  0.000e+00
     15.340    22.9177   4.577944    31.0683        105     0.4333  0.000e+00
     15.305    22.9178   4.577964    31.0683        106     0.4375  0.000e+00
     15.264    22.9177   4.577919    31.0681        107     0.4417  0.000e+00
     15.248    22.9178   4.577912    31.0680        108     0.4458  0.000e+00
     15.248    22.9178   4.577944    31.0682        109     0.4500  0.000e+00
     15.253    22.9175   4.577964    31.0686        110     0.4542  0.000e+00
     15.242    22.9175   4.577938    31.0684        111     0.4583  0.000e+00
     15.224    22.9174   4.577893    31.0681        112     0.4625  0.000e+00
     15.211    22.9171   4.577938    31.0687        113     0.4667  0.000e+00
     15.210    22.9169   4.577919    31.0687        114     0.4708  0.000e+00
     15.199    22.9169   4.577938    31.0688        115     0.4750  0.000e+00
     15.175    22.9169   4.577944    31.0689        116     0.4792  0.000e+00
     15.157    22.9171   4.577835    31.0679        117     0.4833  0.000e+00
     15.126    22.9174   4.577938    31.0685        118     0.4875  0.000e+00
     15.096    22.9177   4.577893    31.0679        119     0.4917  0.000e+00
     15.067    22.9181   4.577861    31.0674        120     0.4958  0.000e+00
     15.040    22.9182   4.577810    31.0670        121     0.5000  0.000e+00
     15.020    22.9182   4.577835    31.0672        122     0.5042  0.000e+00
     15.016    22.9184   4.577970    31.0680        123     0.5083  0.000e+00
     15.022    22.9187   4.578098    31.0688        124     0.5125  0.000e+00
     15.031    22.9190   4.578098    31.0686        125     0.5167  0.000e+00
     15.040    22.9192   4.578291    31.0699        126     0.5208  0.000e+00
     15.054    22.9198   4.578201    31.0688        127     0.5250  0.000e+00
     15.067    22.9202   4.578349    31.0696        128     0.5292  0.000e+00
     15.070    22.9209   4.578432    31.0698        129     0.5333  0.000e+00
     15.074    22.9220   4.578509    31.0696        130     0.5375  0.000e+00
     15.067    22.9226   4.578843    31.0717        131     0.5417  0.000e+00
     15.052    22.9232   4.578586    31.0693        132     0.5458  0.000e+00
     15.036    22.9234   4.578695    31.0700        133     0.5500  0.000e+00
     15.020    22.9238   4.578612    31.0691        134     0.5542  0.000e+00
     15.009    22.9242   4.578881    31.0709        135     0.5583  0.000e+00
     15.003    22.9246   4.578843    31.0703        136     0.5625  0.000e+00
     15.018    22.9250   4.578965    31.0709        137     0.5667  0.000e+00
     15.052    22.9251   4.578997    31.0711        138     0.5708  0.000e+00
     15.107    22.9247   4.578894    31.0706        139     0.5750  0.000e+00
     15.173    22.9244   4.579100    31.0723        140     0.5792  0.000e+00
     15.258    22.9242   4.579177    31.0730        141     0.5833  0.000e+00
     15.347    22.9240   4.579209    31.0734        142     0.5875  0.000e+00
     15.430    22.9236   4.579228    31.0738        143     0.5917  0.000e+00
     15.506    22.9234   4.579260    31.0742        144     0.5958  0.000e+00
     15.562    22.9231   4.579356    31.0751        145     0.6000  0.000e+00
     15.605    22.9230   4.579408    31.0755        146     0.6042  0.000e+00
     15.622    22.9231   4.579421    31.0756        147     0.6083  0.000e+00
     15.611    22.9234   4.579382    31.0751        148     0.6125  0.000e+00
     15.584    22.9240   4.579369    31.0745        149     0.6167  0.000e+00
     15.535    22.9242   4.579382    31.0745        150     0.6208  0.000e+00
     15.479    22.9246   4.579446    31.0747        151     0.6250  0.000e+00
     15.405    22.9250   4.579408    31.0742        152     0.6292  0.000e+00
     15.329    22.9257   4.579151    31.0717        153     0.6333  0.000e+00
     15.258    22.9263   4.578913    31.0695        154     0.6375  0.000e+00
     15.191    22.9264   4.579125    31.0711        155     0.6417  0.000e+00
     15.141    22.9262   4.579177    31.0716        156     0.6458  0.000e+00
     15.101    22.9260   4.579177    31.0718        157     0.6500  0.000e+00
     15.074    22.9261   4.579209    31.0720        158     0.6542  0.000e+00
     15.069    22.9262   4.579151    31.0715        159     0.6583  0.000e+00
     15.063    22.9265   4.578663    31.0676        160     0.6625  0.000e+00
     15.072    22.9267   4.578746    31.0680        161     0.6667  0.000e+00
     15.079    22.9268   4.579099    31.0706        162     0.6708  0.000e+00
     15.088    22.9264   4.578939    31.0697        163     0.6750  0.000e+00
     15.101    22.9265   4.578843    31.0689        164     0.6792  0.000e+00
     15.099    22.9265   4.579074    31.0707        165     0.6833  0.000e+00
     15.101    22.9266   4.579202    31.0716        166     0.6875  0.000e+00
     15.097    22.9267   4.579228    31.0717        167     0.6917  0.000e+00
     15.101    22.9267   4.579209    31.0715        168     0.6958  0.000e+00
     15.105    22.9266   4.578997    31.0700        169     0.7000  0.000e+00
     15.096    22.9267   4.578881    31.0691        170     0.7042  0.000e+00
     15.103    22.9269   4.579125    31.0708        171     0.7083  0.000e+00
     15.107    22.9276   4.579125    31.0703        172     0.7125  0.000e+00
     15.123    22.9278   4.579125    31.0702        173     0.7167  0.000e+00
     15.148    22.9277   4.579074    31.0699        174     0.7208  0.000e+00
     15.181    22.9277   4.578830    31.0680        175     0.7250  0.000e+00
     15.222    22.9277   4.578868    31.0683        176     0.7292  0.000e+00
     15.260    22.9279   4.578913    31.0685        177     0.7333  0.000e+00
     15.302    22.9283   4.578689    31.0665        178     0.7375  0.000e+00
     15.304    22.9282   4.578747    31.0670        179     0.7417  0.000e+00
     15.271    22.9279   4.578868    31.0681        180     0.7458  0.000e+00
     15.186    22.9278   4.578843    31.0680        181     0.7500  0.000e+00
     15.067    22.9276   4.578856    31.0683        182     0.7542  0.000e+00
     14.933    22.9276   4.579279    31.0715        183     0.7583  0.000e+00
     14.783    22.9281   4.579042    31.0694        184     0.7625  0.000e+00
     14.611    22.9289   4.579561    31.0729        185     0.7667  0.000e+00
     14.420    22.9297   4.579606    31.0727        186     0.7708  0.000e+00
     14.203    22.9299   4.579593    31.0725        187     0.7750  0.000e+00
     13.984    22.9303   4.579535    31.0718        188     0.7792  0.000e+00
     13.782    22.9302   4.579394    31.0709        189     0.7833  0.000e+00
     13.601    22.9299   4.579330    31.0707        190     0.7875  0.000e+00
     13.433    22.9293   4.579234    31.0704        191     0.7917  0.000e+00
     13.289    22.9295   4.579278    31.0707        192     0.7958  0.000e+00
     13.162    22.9297   4.579285    31.0706        193     0.8000  0.000e+00
     13.070    22.9297   4.579253    31.0704        194     0.8042  0.000e+00
     13.017    22.9297   4.579227    31.0702        195     0.8083  0.000e+00
     12.983    22.9296   4.579150    31.0697        196     0.8125  0.000e+00
     12.956    22.9296   4.579227    31.0703        197     0.8167  0.000e+00
     12.933    22.9296   4.579259    31.0706        198     0.8208  0.000e+00
     12.905    22.9297   4.579150    31.0697        199     0.8250  0.000e+00
     12.887    22.9298   4.579098    31.0692        200     0.8292  0.000e+00
     12.862    22.9299   4.579175    31.0697        201     0.8333  0.000e+00
     12.826    22.9299   4.579150    31.0696        202     0.8375  0.000e+00
     12.766    22.9295   4.579175    31.0701        203     0.8417  0.000e+00
     12.696    22.9295   4.579175    31.0701        204     0.8458  0.000e+00
     12.600    22.9296   4.579150    31.0698        205     0.8500  0.000e+00
     12.492    22.9296   4.579124    31.0697        206     0.8542  0.000e+00
     12.372    22.9298   4.579150    31.0698        207     0.8583  0.000e+00
     12.233    22.9297   4.579201    31.0703        208     0.8625  0.000e+00
     12.085    22.9290   4.579072    31.0698        209     0.8667  0.000e+00
     11.928    22.9289   4.579072    31.0700        210     0.8708  0.000e+00
     11.781    22.9285   4.579380    31.0726        211     0.8750  0.000e+00
     11.626    22.9276   4.579445    31.0738        212     0.8792  0.000e+00
     11.469    22.9268   4.579432    31.0743        213     0.8833  0.000e+00
     11.317    22.9264   4.579419    31.0745        214     0.8875  0.000e+00
     11.167    22.9264   4.579457    31.0748        215     0.8917  0.000e+00
