HB2304/sbe092.cnv
* Sea-Bird SBE 19plus V2 Data File:
* FileName = C:\cruise\data\sbe092.hex
* Software Version Seasave V 7.26.7.121
* Temperature SN = 7037
* Conductivity SN = 7037
* System UpLoad Time = Oct 20 2023 18:14:41
** Ship: Bigelow
** Cruise:  HB2304
** Program:  Fall Bottom Trawl
# nquan = 7
# nvalues = 1468                                  
# units = specified
# name 0 = depSM: Depth [salt water, m], lat = 40.00
# name 1 = tv290C: Temperature [ITS-90, deg C]
# name 2 = c0S/m: Conductivity [S/m]
# name 3 = sal00: Salinity, Practical [PSU]
# name 4 = scan: Scan Count
# name 5 = timeM: Time, Elapsed [minutes]
# name 6 = flag:  0.000e+00
# span 0 =     -0.080,     65.596                 
# span 1 =    13.4805,    17.1658                 
# span 2 =  -0.000018,   3.993890                 
# span 3 =     0.0000,    32.3609                 
# span 4 =         11,       1478                 
# span 5 =     0.0417,     6.1542                 
# span 6 = 0.0000e+00, 0.0000e+00                 
# interval = seconds: 0.25
# start_time = Oct 20 2023 18:14:41 [System UTC, header]
# bad_flag = -9.990e-29
*END*
[from data line 1026]
     28.716    13.6320   3.862074    32.2222       1037     4.3167  0.000e+00
     28.649    13.6324   3.861960    32.2209       1038     4.3208  0.000e+00
     28.579    13.6324   3.862026    32.2215       1039     4.3250  0.000e+00
     28.499    13.6326   3.862026    32.2214       1040     4.3292  0.000e+00
     28.418    13.6328   3.862187    32.2227       1041     4.3333  0.000e+00
     28.326    13.6336   3.862480    32.2248       1042     4.3375  0.000e+00
     28.228    13.6355   3.862073    32.2194       1043     4.3417  0.000e+00
     28.130    13.6355   3.862414    32.2227       1044     4.3458  0.000e+00
     28.031    13.6362   3.863437    32.2316       1045     4.3500  0.000e+00
     27.928    13.6405   3.863730    32.2308       1046     4.3542  0.000e+00
     27.823    13.6456   3.863730    32.2265       1047     4.3583  0.000e+00
     27.717    13.6494   3.863730    32.2234       1048     4.3625  0.000e+00
     27.614    13.6517   3.863730    32.2215       1049     4.3667  0.000e+00
     27.516    13.6530   3.863730    32.2204       1050     4.3708  0.000e+00
     27.411    13.6540   3.863706    32.2194       1051     4.3750  0.000e+00
     27.321    13.6543   3.863688    32.2190       1052     4.3792  0.000e+00
     27.225    13.6548   3.863712    32.2189       1053     4.3833  0.000e+00
     27.143    13.6549   3.863688    32.2186       1054     4.3875  0.000e+00
     27.064    13.6550   3.863712    32.2187       1055     4.3917  0.000e+00
     26.986    13.6551   3.863682    32.2184       1056     4.3958  0.000e+00
     26.921    13.6552   3.863688    32.2184       1057     4.4000  0.000e+00
     26.854    13.6551   3.863640    32.2181       1058     4.4042  0.000e+00
     26.804    13.6550   3.863640    32.2182       1059     4.4083  0.000e+00
     26.757    13.6551   3.863640    32.2181       1060     4.4125  0.000e+00
     26.710    13.6550   3.863574    32.2176       1061     4.4167  0.000e+00
     26.661    13.6544   3.862754    32.2105       1062     4.4208  0.000e+00
     26.625    13.6512   3.862049    32.2066       1063     4.4250  0.000e+00
     26.581    13.6457   3.861798    32.2089       1064     4.4292  0.000e+00
     26.527    13.6403   3.862073    32.2161       1065     4.4333  0.000e+00
     26.478    13.6378   3.862366    32.2210       1066     4.4375  0.000e+00
     26.419    13.6374   3.862019    32.2181       1067     4.4417  0.000e+00
     26.361    13.6366   3.861750    32.2163       1068     4.4458  0.000e+00
     26.294    13.6346   3.861523    32.2159       1069     4.4500  0.000e+00
     26.222    13.6321   3.861594    32.2187       1070     4.4542  0.000e+00
     26.140    13.6305   3.861499    32.2192       1071     4.4583  0.000e+00
     26.066    13.6296   3.861469    32.2197       1072     4.4625  0.000e+00
     25.980    13.6287   3.861319    32.2191       1073     4.4667  0.000e+00
     25.893    13.6276   3.861343    32.2203       1074     4.4708  0.000e+00
     25.803    13.6267   3.861319    32.2208       1075     4.4750  0.000e+00
     25.716    13.6261   3.861206    32.2203       1076     4.4792  0.000e+00
     25.631    13.6252   3.861235    32.2214       1077     4.4833  0.000e+00
     25.544    13.6248   3.861367    32.2230       1078     4.4875  0.000e+00
     25.461    13.6249   3.861343    32.2227       1079     4.4917  0.000e+00
     25.376    13.6252   3.861433    32.2233       1080     4.4958  0.000e+00
     25.300    13.6256   3.862868    32.2363       1081     4.5000  0.000e+00
     25.217    13.6307   3.862754    32.2311       1082     4.5042  0.000e+00
     25.134    13.6361   3.862527    32.2244       1083     4.5083  0.000e+00
     25.054    13.6383   3.862072    32.2183       1084     4.5125  0.000e+00
     24.967    13.6382   3.862024    32.2180       1085     4.5167  0.000e+00
     24.886    13.6369   3.862138    32.2202       1086     4.5208  0.000e+00
     24.805    13.6365   3.862018    32.2195       1087     4.5250  0.000e+00
     24.716    13.6360   3.862186    32.2215       1088     4.5292  0.000e+00
     24.624    13.6360   3.861935    32.2192       1089     4.5333  0.000e+00
     24.530    13.6355   3.861935    32.2196       1090     4.5375  0.000e+00
     24.436    13.6346   3.861319    32.2147       1091     4.5417  0.000e+00
     24.342    13.6320   3.861707    32.2206       1092     4.5458  0.000e+00
     24.252    13.6305   3.861875    32.2234       1093     4.5500  0.000e+00
     24.167    13.6315   3.862204    32.2257       1094     4.5542  0.000e+00
     24.094    13.6329   3.863298    32.2347       1095     4.5583  0.000e+00
     24.017    13.6385   3.861976    32.2177       1096     4.5625  0.000e+00
     23.955    13.6395   3.863208    32.2284       1097     4.5667  0.000e+00
     23.905    13.6422   3.863376    32.2276       1098     4.5708  0.000e+00
     23.850    13.6460   3.863387    32.2245       1099     4.5750  0.000e+00
     23.805    13.6488   3.863411    32.2224       1100     4.5792  0.000e+00
     23.760    13.6508   3.863411    32.2208       1101     4.5833  0.000e+00
     23.725    13.6518   3.863435    32.2202       1102     4.5875  0.000e+00
     23.678    13.6526   3.863447    32.2196       1103     4.5917  0.000e+00
     23.628    13.6529   3.863459    32.2195       1104     4.5958  0.000e+00
     23.574    13.6533   3.863411    32.2188       1105     4.6000  0.000e+00
     23.510    13.6537   3.863435    32.2186       1106     4.6042  0.000e+00
     23.447    13.6537   3.863435    32.2187       1107     4.6083  0.000e+00
     23.369    13.6539   3.863471    32.2189       1108     4.6125  0.000e+00
     23.286    13.6543   3.863549    32.2193       1109     4.6167  0.000e+00
     23.203    13.6545   3.863549    32.2192       1110     4.6208  0.000e+00
     23.113    13.6548   3.863572    32.2191       1111     4.6250  0.000e+00
     23.019    13.6550   3.863572    32.2190       1112     4.6292  0.000e+00
     22.924    13.6554   3.863632    32.2193       1113     4.6333  0.000e+00
     22.831    13.6556   3.863638    32.2192       1114     4.6375  0.000e+00
     22.729    13.6558   3.863662    32.2193       1115     4.6417  0.000e+00
     22.624    13.6562   3.863728    32.2196       1116     4.6458  0.000e+00
     22.516    13.6566   3.863752    32.2195       1117     4.6500  0.000e+00
     22.415    13.6569   3.863799    32.2198       1118     4.6542  0.000e+00
     22.312    13.6574   3.863799    32.2194       1119     4.6583  0.000e+00
     22.212    13.6577   3.863799    32.2192       1120     4.6625  0.000e+00
     22.122    13.6580   3.863823    32.2192       1121     4.6667  0.000e+00
     22.030    13.6582   3.863841    32.2192       1122     4.6708  0.000e+00
     21.956    13.6585   3.863865    32.2193       1123     4.6750  0.000e+00
     21.889    13.6588   3.863871    32.2191       1124     4.6792  0.000e+00
     21.831    13.6590   3.863889    32.2191       1125     4.6833  0.000e+00
     21.782    13.6593   3.863889    32.2189       1126     4.6875  0.000e+00
     21.750    13.6592   3.863913    32.2192       1127     4.6917  0.000e+00
     21.712    13.6593   3.863913    32.2191       1128     4.6958  0.000e+00
     21.690    13.6595   3.863919    32.2190       1129     4.7000  0.000e+00
     21.663    13.6598   3.863955    32.2191       1130     4.7042  0.000e+00
     21.636    13.6599   3.863955    32.2190       1131     4.7083  0.000e+00
     21.600    13.6600   3.863979    32.2191       1132     4.7125  0.000e+00
     21.564    13.6603   3.864002    32.2191       1133     4.7167  0.000e+00
     21.513    13.6604   3.864002    32.2191       1134     4.7208  0.000e+00
     21.452    13.6606   3.863990    32.2188       1135     4.7250  0.000e+00
     21.383    13.6607   3.864026    32.2191       1136     4.7292  0.000e+00
     21.300    13.6610   3.864026    32.2189       1137     4.7333  0.000e+00
     21.209    13.6610   3.864002    32.2187       1138     4.7375  0.000e+00
     21.108    13.6611   3.864026    32.2188       1139     4.7417  0.000e+00
     21.003    13.6613   3.864086    32.2193       1140     4.7458  0.000e+00
     20.886    13.6614   3.864092    32.2193       1141     4.7500  0.000e+00
     20.772    13.6617   3.864050    32.2187       1142     4.7542  0.000e+00
     20.647    13.6619   3.864050    32.2186       1143     4.7583  0.000e+00
     20.528    13.6618   3.864026    32.2185       1144     4.7625  0.000e+00
     20.412    13.6619   3.864062    32.2188       1145     4.7667  0.000e+00
     20.300    13.6621   3.864229    32.2202       1146     4.7708  0.000e+00
     20.195    13.6625   3.864253    32.2201       1147     4.7750  0.000e+00
     20.098    13.6631   3.864277    32.2199       1148     4.7792  0.000e+00
     20.009    13.6637   3.864277    32.2194       1149     4.7833  0.000e+00
     19.933    13.6639   3.864253    32.2190       1150     4.7875  0.000e+00
     19.859    13.6642   3.864277    32.2191       1151     4.7917  0.000e+00
     19.801    13.6642   3.864253    32.2189       1152     4.7958  0.000e+00
     19.745    13.6644   3.864301    32.2192       1153     4.8000  0.000e+00
     19.704    13.6647   3.864319    32.2191       1154     4.8042  0.000e+00
     19.657    13.6648   3.864367    32.2195       1155     4.8083  0.000e+00
     19.610    13.6651   3.864373    32.2193       1156     4.8125  0.000e+00
     19.577    13.6654   3.864343    32.2188       1157     4.8167  0.000e+00
     19.541    13.6654   3.864367    32.2190       1158     4.8208  0.000e+00
     19.501    13.6656   3.864390    32.2191       1159     4.8250  0.000e+00
     19.445    13.6658   3.864390    32.2190       1160     4.8292  0.000e+00
     19.389    13.6659   3.864372    32.2188       1161     4.8333  0.000e+00
     19.326    13.6659   3.864390    32.2189       1162     4.8375  0.000e+00
     19.252    13.6661   3.864432    32.2192       1163     4.8417  0.000e+00
     19.176    13.6662   3.864504    32.2197       1164     4.8458  0.000e+00
     19.102    13.6665   3.864546    32.2199       1165     4.8500  0.000e+00
     19.024    13.6670   3.864564    32.2197       1166     4.8542  0.000e+00
     18.944    13.6675   3.864594    32.2196       1167     4.8583  0.000e+00
     18.874    13.6682   3.864641    32.2195       1168     4.8625  0.000e+00
     18.803    13.6685   3.864659    32.2195       1169     4.8667  0.000e+00
     18.744    13.6688   3.864683    32.2194       1170     4.8708  0.000e+00
     18.677    13.6691   3.864641    32.2189       1171     4.8750  0.000e+00
     18.621    13.6693   3.864611    32.2184       1172     4.8792  0.000e+00
     18.570    13.6691   3.864641    32.2188       1173     4.8833  0.000e+00
     18.516    13.6692   3.864617    32.2186       1174     4.8875  0.000e+00
     18.460    13.6692   3.864617    32.2186       1175     4.8917  0.000e+00
     18.417    13.6692   3.864641    32.2188       1176     4.8958  0.000e+00
     18.362    13.6693   3.864635    32.2187       1177     4.9000  0.000e+00
     18.303    13.6692   3.864617    32.2187       1178     4.9042  0.000e+00
     18.239    13.6693   3.864617    32.2186       1179     4.9083  0.000e+00
     18.169    13.6692   3.864617    32.2187       1180     4.9125  0.000e+00
     18.091    13.6693   3.864641    32.2189       1181     4.9167  0.000e+00
     17.999    13.6693   3.864611    32.2186       1182     4.9208  0.000e+00
     17.909    13.6694   3.864617    32.2186       1183     4.9250  0.000e+00
     17.798    13.6694   3.864617    32.2187       1184     4.9292  0.000e+00
     17.692    13.6696   3.864593    32.2184       1185     4.9333  0.000e+00
     17.578    13.6695   3.864617    32.2187       1186     4.9375  0.000e+00
     17.460    13.6696   3.864641    32.2188       1187     4.9417  0.000e+00
     17.354    13.6697   3.864611    32.2185       1188     4.9458  0.000e+00
     17.236    13.6696   3.864659    32.2191       1189     4.9500  0.000e+00
     17.131    13.6699   3.864683    32.2191       1190     4.9542  0.000e+00
     17.039    13.6703   3.864659    32.2186       1191     4.9583  0.000e+00
     16.951    13.6703   3.864659    32.2186       1192     4.9625  0.000e+00
     16.875    13.6707   3.864683    32.2186       1193     4.9667  0.000e+00
     16.813    13.6707   3.864683    32.2186       1194     4.9708  0.000e+00
     16.758    13.6706   3.864682    32.2187       1195     4.9750  0.000e+00
     16.723    13.6707   3.864659    32.2184       1196     4.9792  0.000e+00
     16.689    13.6707   3.864659    32.2184       1197     4.9833  0.000e+00
     16.676    13.6707   3.864635    32.2182       1198     4.9875  0.000e+00
     16.655    13.6706   3.864659    32.2185       1199     4.9917  0.000e+00
     16.644    13.6707   3.864641    32.2183       1200     4.9958  0.000e+00
     16.629    13.6707   3.864659    32.2184       1201     5.0000  0.000e+00
     16.613    13.6708   3.864641    32.2182       1202     5.0042  0.000e+00
     16.589    13.6706   3.864617    32.2181       1203     5.0083  0.000e+00
     16.564    13.6705   3.864635    32.2184       1204     5.0125  0.000e+00
     16.524    13.6705   3.864641    32.2185       1205     5.0167  0.000e+00
     16.470    13.6705   3.864641    32.2185       1206     5.0208  0.000e+00
     16.396    13.6705   3.864640    32.2185       1207     5.0250  0.000e+00
     16.304    13.6705   3.864593    32.2182       1208     5.0292  0.000e+00
     16.199    13.6702   3.864563    32.2181       1209     5.0333  0.000e+00
     16.084    13.6704   3.864593    32.2183       1210     5.0375  0.000e+00
     15.957    13.6703   3.864569    32.2182       1211     5.0417  0.000e+00
     15.832    13.6704   3.864592    32.2184       1212     5.0458  0.000e+00
     15.713    13.6704   3.864592    32.2184       1213     5.0500  0.000e+00
     15.601    13.6705   3.864586    32.2184       1214     5.0542  0.000e+00
     15.496    13.6705   3.864568    32.2182       1215     5.0583  0.000e+00
     15.399    13.6705   3.864640    32.2190       1216     5.0625  0.000e+00
     15.319    13.6708   3.864658    32.2189       1217     5.0667  0.000e+00
     15.247    13.6710   3.864658    32.2187       1218     5.0708  0.000e+00
     15.189    13.6714   3.864682    32.2186       1219     5.0750  0.000e+00
     15.138    13.6716   3.864682    32.2184       1220     5.0792  0.000e+00
     15.099    13.6716   3.864682    32.2185       1221     5.0833  0.000e+00
     15.070    13.6719   3.864658    32.2181       1222     5.0875  0.000e+00
     15.046    13.6721   3.864658    32.2179       1223     5.0917  0.000e+00
     15.026    13.6719   3.864682    32.2182       1224     5.0958  0.000e+00
     15.003    13.6720   3.864682    32.2182       1225     5.1000  0.000e+00
     14.975    13.6719   3.864682    32.2183       1226     5.1042  0.000e+00
     14.952    13.6720   3.864658    32.2180       1227     5.1083  0.000e+00
     14.918    13.6719   3.864682    32.2183       1228     5.1125  0.000e+00
     14.871    13.6719   3.864658    32.2181       1229     5.1167  0.000e+00
     14.818    13.6720   3.864658    32.2180       1230     5.1208  0.000e+00
     14.760    13.6719   3.864658    32.2181       1231     5.1250  0.000e+00
     14.688    13.6720   3.864682    32.2183       1232     5.1292  0.000e+00
     14.605    13.6721   3.864682    32.2183       1233     5.1333  0.000e+00
     14.516    13.6721   3.864682    32.2183       1234     5.1375  0.000e+00
     14.426    13.6722   3.864658    32.2180       1235     5.1417  0.000e+00
     14.328    13.6722   3.864658    32.2181       1236     5.1458  0.000e+00
     14.223    13.6721   3.864705    32.2187       1237     5.1500  0.000e+00
     14.122    13.6724   3.864705    32.2184       1238     5.1542  0.000e+00
     14.023    13.6725   3.864705    32.2184       1239     5.1583  0.000e+00
     13.925    13.6725   3.864705    32.2184       1240     5.1625  0.000e+00
