HB2304/sbe033.cnv
* Sea-Bird SBE 19plus V2 Data File:
* FileName = C:\cruise\data\sbe033.hex
* Software Version Seasave V 7.26.7.121
* Temperature SN = 7037
* Conductivity SN = 7037
* System UpLoad Time = Sep 25 2023 05:50:48
** Ship: Bigelow
** Cruise:  HB2304
** Program:  Fall Bottom Trawl
# nquan = 7
# nvalues = 1418                                  
# units = specified
# name 0 = depSM: Depth [salt water, m], lat = 40.00
# name 1 = tv290C: Temperature [ITS-90, deg C]
# name 2 = c0S/m: Conductivity [S/m]
# name 3 = sal00: Salinity, Practical [PSU]
# name 4 = scan: Scan Count
# name 5 = timeM: Time, Elapsed [minutes]
# name 6 = flag:  0.000e+00
# span 0 =     -0.072,     15.578                 
# span 1 =    20.1390,    20.7116                 
# span 2 =  -0.000095,   4.456153                 
# span 3 =     0.0000,    31.8721                 
# span 4 =         11,       1428                 
# span 5 =     0.0417,     5.9458                 
# span 6 = 0.0000e+00, 0.0000e+00                 
# interval = seconds: 0.25
# start_time = Sep 25 2023 05:50:48 [System UTC, header]
# bad_flag = -9.990e-29
*END*
[from data line 1231]
      1.276    20.6827   4.302328    30.5276       1242     5.1708  0.000e+00
      1.142    20.6824   4.302403    30.5285       1243     5.1750  0.000e+00
      1.032    20.6823   4.302697    30.5309       1244     5.1792  0.000e+00
      0.934    20.6831   4.302528    30.5291       1245     5.1833  0.000e+00
      0.874    20.6829   4.302078    30.5256       1246     5.1875  0.000e+00
      0.854    20.6816   4.301928    30.5254       1247     5.1917  0.000e+00
      0.873    20.6800   4.302003    30.5271       1248     5.1958  0.000e+00
      0.916    20.6791   4.301853    30.5265       1249     5.2000  0.000e+00
      0.948    20.6782   4.301796    30.5268       1250     5.2042  0.000e+00
      1.019    20.6772   4.301778    30.5273       1251     5.2083  0.000e+00
      1.125    20.6764   4.301728    30.5274       1252     5.2125  0.000e+00
      1.219    20.6759   4.301853    30.5287       1253     5.2167  0.000e+00
      1.321    20.6758   4.301803    30.5284       1254     5.2208  0.000e+00
      1.409    20.6760   4.301803    30.5282       1255     5.2250  0.000e+00
      1.469    20.6758   4.301878    30.5289       1256     5.2292  0.000e+00
      1.483    20.6759   4.301878    30.5289       1257     5.2333  0.000e+00
      1.492    20.6762   4.302028    30.5298       1258     5.2375  0.000e+00
      1.514    20.6771   4.302003    30.5290       1259     5.2417  0.000e+00
      1.556    20.6774   4.301928    30.5281       1260     5.2458  0.000e+00
      1.605    20.6774   4.301847    30.5275       1261     5.2500  0.000e+00
      1.646    20.6769   4.301978    30.5289       1262     5.2542  0.000e+00
      1.633    20.6769   4.302203    30.5307       1263     5.2583  0.000e+00
      1.597    20.6779   4.302453    30.5320       1264     5.2625  0.000e+00
      1.536    20.6794   4.302228    30.5291       1265     5.2667  0.000e+00
      1.456    20.6799   4.302303    30.5294       1266     5.2708  0.000e+00
      1.372    20.6802   4.302278    30.5290       1267     5.2750  0.000e+00
      1.278    20.6803   4.302228    30.5285       1268     5.2792  0.000e+00
      1.187    20.6803   4.302128    30.5278       1269     5.2833  0.000e+00
      1.062    20.6800   4.302128    30.5281       1270     5.2875  0.000e+00
      0.932    20.6797   4.302159    30.5286       1271     5.2917  0.000e+00
      0.848    20.6798   4.302103    30.5281       1272     5.2958  0.000e+00
      0.837    20.6796   4.302103    30.5282       1273     5.3000  0.000e+00
      0.857    20.6792   4.302103    30.5285       1274     5.3042  0.000e+00
      0.891    20.6789   4.302078    30.5285       1275     5.3083  0.000e+00
      0.913    20.6788   4.302103    30.5287       1276     5.3125  0.000e+00
      0.905    20.6786   4.302078    30.5287       1277     5.3167  0.000e+00
      0.876    20.6787   4.301953    30.5276       1278     5.3208  0.000e+00
      0.799    20.6788   4.302078    30.5286       1279     5.3250  0.000e+00
      0.705    20.6788   4.302028    30.5282       1280     5.3292  0.000e+00
      0.678    20.6786   4.301978    30.5280       1281     5.3333  0.000e+00
      0.773    20.6784   4.301878    30.5273       1282     5.3375  0.000e+00
      0.885    20.6776   4.302128    30.5298       1283     5.3417  0.000e+00
      0.961    20.6779   4.302153    30.5298       1284     5.3458  0.000e+00
      1.034    20.6786   4.302178    30.5295       1285     5.3500  0.000e+00
      1.079    20.6787   4.302128    30.5289       1286     5.3542  0.000e+00
      1.106    20.6790   4.302103    30.5285       1287     5.3583  0.000e+00
      1.146    20.6791   4.302078    30.5283       1288     5.3625  0.000e+00
      1.184    20.6791   4.302078    30.5282       1289     5.3667  0.000e+00
      1.236    20.6787   4.302103    30.5287       1290     5.3708  0.000e+00
      1.297    20.6785   4.302103    30.5289       1291     5.3750  0.000e+00
      1.355    20.6785   4.302159    30.5293       1292     5.3792  0.000e+00
      1.393    20.6786   4.301978    30.5278       1293     5.3833  0.000e+00
      1.408    20.6782   4.301978    30.5281       1294     5.3875  0.000e+00
      1.397    20.6777   4.301878    30.5276       1295     5.3917  0.000e+00
      1.375    20.6771   4.301928    30.5285       1296     5.3958  0.000e+00
      1.326    20.6765   4.302053    30.5299       1297     5.4000  0.000e+00
      1.221    20.6770   4.302203    30.5308       1298     5.4042  0.000e+00
      1.053    20.6779   4.302028    30.5288       1299     5.4083  0.000e+00
      0.808    20.6778   4.301878    30.5277       1300     5.4125  0.000e+00
      0.564    20.6769   4.301902    30.5287       1301     5.4167  0.000e+00
      0.363    20.6760   4.301927    30.5295       1302     5.4208  0.000e+00
      0.251    20.6758   4.301527    30.5265       1303     5.4250  0.000e+00
      0.332    20.6746   4.301577    30.5278       1304     5.4292  0.000e+00
      0.388    20.6736   4.301602    30.5287       1305     5.4333  0.000e+00
      0.443    20.6727   4.301602    30.5293       1306     5.4375  0.000e+00
      0.508    20.6724   4.301527    30.5289       1307     5.4417  0.000e+00
      0.519    20.6719   4.301502    30.5291       1308     5.4458  0.000e+00
      0.537    20.6712   4.301484    30.5294       1309     5.4500  0.000e+00
      0.575    20.6707   4.301484    30.5298       1310     5.4542  0.000e+00
      0.634    20.6704   4.301502    30.5301       1311     5.4583  0.000e+00
      0.687    20.6703   4.301540    30.5305       1312     5.4625  0.000e+00
      0.710    20.6704   4.301484    30.5299       1313     5.4667  0.000e+00
      0.721    20.6705   4.301527    30.5302       1314     5.4708  0.000e+00
      0.759    20.6702   4.301553    30.5306       1315     5.4750  0.000e+00
      0.809    20.6703   4.301603    30.5309       1316     5.4792  0.000e+00
      0.869    20.6706   4.301778    30.5321       1317     5.4833  0.000e+00
      0.929    20.6713   4.301928    30.5327       1318     5.4875  0.000e+00
      0.947    20.6725   4.301953    30.5321       1319     5.4917  0.000e+00
      0.945    20.6733   4.301903    30.5311       1320     5.4958  0.000e+00
      0.893    20.6739   4.301978    30.5313       1321     5.5000  0.000e+00
      0.766    20.6742   4.301953    30.5309       1322     5.5042  0.000e+00
      0.627    20.6744   4.301796    30.5296       1323     5.5083  0.000e+00
      0.537    20.6741   4.301434    30.5269       1324     5.5125  0.000e+00
      0.493    20.6720   4.301434    30.5285       1325     5.5167  0.000e+00
      0.486    20.6705   4.301434    30.5296       1326     5.5208  0.000e+00
      0.502    20.6698   4.301502    30.5306       1327     5.5250  0.000e+00
      0.529    20.6695   4.301652    30.5319       1328     5.5292  0.000e+00
      0.558    20.6697   4.301577    30.5312       1329     5.5333  0.000e+00
      0.580    20.6699   4.301577    30.5311       1330     5.5375  0.000e+00
      0.580    20.6699   4.301728    30.5323       1331     5.5417  0.000e+00
      0.538    20.6704   4.301828    30.5327       1332     5.5458  0.000e+00
      0.484    20.6713   4.301903    30.5327       1333     5.5500  0.000e+00
      0.428    20.6722   4.301752    30.5309       1334     5.5542  0.000e+00
      0.423    20.6722   4.301552    30.5293       1335     5.5583  0.000e+00
      0.490    20.6712   4.301777    30.5317       1336     5.5625  0.000e+00
      0.542    20.6712   4.301752    30.5315       1337     5.5667  0.000e+00
      0.569    20.6715   4.301878    30.5323       1338     5.5708  0.000e+00
      0.586    20.6720   4.301828    30.5316       1339     5.5750  0.000e+00
      0.614    20.6723   4.301803    30.5312       1340     5.5792  0.000e+00
      0.656    20.6721   4.301903    30.5321       1341     5.5833  0.000e+00
      0.690    20.6725   4.301978    30.5324       1342     5.5875  0.000e+00
      0.732    20.6730   4.302159    30.5334       1343     5.5917  0.000e+00
      0.748    20.6740   4.301928    30.5309       1344     5.5958  0.000e+00
      0.732    20.6741   4.302003    30.5314       1345     5.6000  0.000e+00
      0.645    20.6740   4.302103    30.5323       1346     5.6042  0.000e+00
      0.522    20.6750   4.302328    30.5334       1347     5.6083  0.000e+00
      0.376    20.6761   4.302378    30.5330       1348     5.6125  0.000e+00
      0.239    20.6774   4.302302    30.5315       1349     5.6167  0.000e+00
      0.144    20.6779   4.302152    30.5300       1350     5.6208  0.000e+00
      0.155    20.6778   4.301952    30.5285       1351     5.6250  0.000e+00
      0.269    20.6769   4.301902    30.5288       1352     5.6292  0.000e+00
      0.316    20.6760   4.301902    30.5293       1353     5.6333  0.000e+00
      0.275    20.6753   4.301746    30.5287       1354     5.6375  0.000e+00
      0.202    20.6747   4.301877    30.5301       1355     5.6417  0.000e+00
      0.157    20.6743   4.302202    30.5330       1356     5.6458  0.000e+00
      0.072    20.6754   4.302052    30.5311       1357     5.6500  0.000e+00
     -0.038    20.6757   2.917639    19.8607       1358     5.6542  0.000e+00
     -0.069    20.6711   0.749695     4.5505       1359     5.6583  0.000e+00
     -0.067    20.6584   0.441334     2.5853       1360     5.6625  0.000e+00
     -0.052    20.6362   0.949712     5.8709       1361     5.6667  0.000e+00
     -0.007    20.6228   3.845562    26.9808       1362     5.6708  0.000e+00
      0.034    20.6302   2.529416    16.9969       1363     5.6750  0.000e+00
      0.128    20.6414   3.344974    23.1091       1364     5.6792  0.000e+00
      0.156    20.6498   4.298127    30.5183       1365     5.6833  0.000e+00
      0.159    20.6563   3.873344    27.1759       1366     5.6875  0.000e+00
      0.161    20.6609   1.563291    10.0521       1367     5.6917  0.000e+00
      0.186    20.6635   0.957992     5.9222       1368     5.6958  0.000e+00
      0.217    20.6650   2.193877    14.5344       1369     5.7000  0.000e+00
      0.228    20.6662   1.471421     9.4121       1370     5.7042  0.000e+00
      0.228    20.6675   0.774330     4.7114       1371     5.7083  0.000e+00
      0.253    20.6686   2.384971    15.9226       1372     5.7125  0.000e+00
      0.269    20.6692   2.285403    15.1968       1373     5.7167  0.000e+00
      0.313    20.6703   2.979023    20.3235       1374     5.7208  0.000e+00
      0.345    20.6714   3.822600    26.7713       1375     5.7250  0.000e+00
      0.282    20.6726   3.766706    26.3365       1376     5.7292  0.000e+00
      0.150    20.6741   1.162699     7.2947       1377     5.7333  0.000e+00
      0.121    20.6741   1.711318    11.0862       1378     5.7375  0.000e+00
      0.136    20.6727   1.314402     8.3284       1379     5.7417  0.000e+00
      0.143    20.6721   0.690258     4.1651       1380     5.7458  0.000e+00
      0.062    20.6715   1.299559     8.2270       1381     5.7500  0.000e+00
     -0.029    20.6700   2.127509    14.0534       1382     5.7542  0.000e+00
     -0.065    20.6685   0.849837     5.2061       1383     5.7583  0.000e+00
     -0.059    20.6680   0.930912     5.7417       1384     5.7625  0.000e+00
      0.022    20.6687   2.243964    14.8960       1385     5.7667  0.000e+00
      0.011    20.6691   3.217943    22.1277       1386     5.7708  0.000e+00
     -0.061    20.6687   3.197447    21.9725       1387     5.7750  0.000e+00
     -0.069    20.6680   3.431605    23.7567       1388     5.7792  0.000e+00
     -0.065    20.6677   4.089492    28.8599       1389     5.7833  0.000e+00
     -0.065    20.6659   0.898847     5.5296       1390     5.7875  0.000e+00
     -0.068    20.6613   0.446004     2.6142       1391     5.7917  0.000e+00
     -0.063    20.6557   0.341946     1.9720       1392     5.7958  0.000e+00
     -0.067    20.6526   0.272415     1.5506       1393     5.8000  0.000e+00
     -0.039    20.6513   0.184958     1.0314       1394     5.8042  0.000e+00
      0.064    20.6530   0.314520     1.8050       1395     5.8083  0.000e+00
      0.018    20.6560   0.330358     1.9013       1396     5.8125  0.000e+00
      0.033    20.6577   0.310525     1.7806       1397     5.8167  0.000e+00
      0.047    20.6592   0.423647     2.4752       1398     5.8208  0.000e+00
      0.058    20.6608   1.398623     8.9099       1399     5.8250  0.000e+00
      0.062    20.6624   2.378545    15.8780       1400     5.8292  0.000e+00
     -0.027    20.6631   2.773877    18.7931       1401     5.8333  0.000e+00
     -0.065    20.6623   3.158219    21.6786       1402     5.8375  0.000e+00
     -0.063    20.6619   4.276536    30.3387       1403     5.8417  0.000e+00
     -0.068    20.6619   3.963952    27.8797       1404     5.8458  0.000e+00
     -0.070    20.6620   2.856604    19.4105       1405     5.8500  0.000e+00
     -0.072    20.6617   1.056143     6.5783       1406     5.8542  0.000e+00
     -0.070    20.6608   0.404067     2.3538       1407     5.8583  0.000e+00
     -0.068    20.6581   0.317528     1.8231       1408     5.8625  0.000e+00
     -0.070    20.6514   0.270480     1.5390       1409     5.8667  0.000e+00
     -0.072    20.6414   0.231786     1.3080       1410     5.8708  0.000e+00
     -0.067    20.6304   0.194937     1.0904       1411     5.8750  0.000e+00
     -0.067    20.6182   0.159068     0.8811       1412     5.8792  0.000e+00
     -0.067    20.6086   0.137046     0.7541       1413     5.8833  0.000e+00
     -0.065    20.6053   0.095798     0.5192       1414     5.8875  0.000e+00
     -0.063    20.6047   0.000738     0.0120       1415     5.8917  0.000e+00
     -0.063    20.6042  -0.000090     0.0000       1416     5.8958  0.000e+00
     -0.061    20.6026  -0.000095     0.0000       1417     5.9000  0.000e+00
     -0.063    20.6018  -0.000095     0.0000       1418     5.9042  0.000e+00
     -0.061    20.6021  -0.000079     0.0000       1419     5.9083  0.000e+00
     -0.056    20.6028  -0.000044     0.0000       1420     5.9125  0.000e+00
     -0.059    20.6045  -0.000042     0.0000       1421     5.9167  0.000e+00
     -0.056    20.6053  -0.000044     0.0000       1422     5.9208  0.000e+00
     -0.052    20.6049  -0.000044     0.0000       1423     5.9250  0.000e+00
     -0.056    20.6056  -0.000044     0.0000       1424     5.9292  0.000e+00
     -0.054    20.6063  -0.000044     0.0000       1425     5.9333  0.000e+00
     -0.054    20.6072  -0.000044     0.0000       1426     5.9375  0.000e+00
     -0.061    20.6080  -0.000044     0.0000       1427     5.9417  0.000e+00
     -0.067    20.6081  -0.000042     0.0000       1428     5.9458  0.000e+00
