HB2304/sbe038.cnv
* Sea-Bird SBE 19plus V2 Data File:
* FileName = C:\cruise\data\sbe038.hex
* Software Version Seasave V 7.26.7.121
* Temperature SN = 7037
* Conductivity SN = 7037
* System UpLoad Time = Sep 25 2023 16:28:15
** Ship: Bigelow
** Cruise:  HB2304
** Program:  Fall Bottom Trawl
# nquan = 7
# nvalues = 1350                                  
# units = specified
# name 0 = depSM: Depth [salt water, m], lat = 40.00
# name 1 = tv290C: Temperature [ITS-90, deg C]
# name 2 = c0S/m: Conductivity [S/m]
# name 3 = sal00: Salinity, Practical [PSU]
# name 4 = scan: Scan Count
# name 5 = timeM: Time, Elapsed [minutes]
# name 6 = flag:  0.000e+00
# span 0 =     -0.035,     45.301                 
# span 1 =    13.5482,    25.0016                 
# span 2 =  -0.000060,   4.608708                 
# span 3 =     0.0000,    33.6283                 
# span 4 =         11,       1360                 
# span 5 =     0.0417,     5.6625                 
# span 6 = 0.0000e+00, 0.0000e+00                 
# interval = seconds: 0.25
# start_time = Sep 25 2023 16:28:15 [System UTC, header]
# bad_flag = -9.990e-29
*END*
     -0.022    24.9930   0.000025     0.0119         11     0.0417  0.000e+00
     -0.017    24.9941   0.000025     0.0119         12     0.0458  0.000e+00
     -0.017    24.9949   0.000025     0.0119         13     0.0500  0.000e+00
     -0.020    24.9959   0.000025     0.0120         14     0.0542  0.000e+00
     -0.020    24.9969   0.000020     0.0120         15     0.0583  0.000e+00
     -0.017    24.9974   0.000025     0.0120         16     0.0625  0.000e+00
     -0.017    24.9976   0.000020     0.0120         17     0.0667  0.000e+00
     -0.015    24.9978   0.000025     0.0120         18     0.0708  0.000e+00
     -0.018    24.9985   0.000025     0.0120         19     0.0750  0.000e+00
     -0.020    24.9994   0.000020     0.0120         20     0.0792  0.000e+00
     -0.020    25.0004   0.000025     0.0120         21     0.0833  0.000e+00
     -0.020    25.0009   0.000025     0.0120         22     0.0875  0.000e+00
     -0.022    25.0014   0.000025     0.0120         23     0.0917  0.000e+00
     -0.020    25.0015   0.000025     0.0120         24     0.0958  0.000e+00
     -0.020    25.0016   0.000025     0.0120         25     0.1000  0.000e+00
     -0.020    25.0014   0.000025     0.0120         26     0.1042  0.000e+00
     -0.020    25.0007   0.000020     0.0120         27     0.1083  0.000e+00
     -0.020    25.0001   0.000020     0.0120         28     0.1125  0.000e+00
     -0.022    24.9990   0.000025     0.0120         29     0.1167  0.000e+00
     -0.026    24.9982   0.000025     0.0120         30     0.1208  0.000e+00
     -0.026    24.9971   0.000025     0.0120         31     0.1250  0.000e+00
     -0.024    24.9966   0.000025     0.0120         32     0.1292  0.000e+00
     -0.024    24.9962   0.000020     0.0120         33     0.1333  0.000e+00
     -0.018    24.9958   0.000020     0.0120         34     0.1375  0.000e+00
     -0.022    24.9949   0.000020     0.0120         35     0.1417  0.000e+00
     -0.024    24.9944   0.000025     0.0119         36     0.1458  0.000e+00
     -0.022    24.9936   0.000020     0.0120         37     0.1500  0.000e+00
     -0.022    24.9930   0.000020     0.0120         38     0.1542  0.000e+00
     -0.022    24.9922   0.000025     0.0119         39     0.1583  0.000e+00
     -0.020    24.9918   0.000020     0.0120         40     0.1625  0.000e+00
     -0.017    24.9910   0.000020     0.0120         41     0.1667  0.000e+00
     -0.018    24.9906   0.000020     0.0120         42     0.1708  0.000e+00
     -0.020    24.9903   0.000020     0.0120         43     0.1750  0.000e+00
     -0.022    24.9906   0.000020     0.0120         44     0.1792  0.000e+00
     -0.018    24.9907   0.000025     0.0119         45     0.1833  0.000e+00
     -0.020    24.9907   0.000025     0.0119         46     0.1875  0.000e+00
     -0.020    24.9905   0.000020     0.0120         47     0.1917  0.000e+00
     -0.013    24.9903   0.000020     0.0120         48     0.1958  0.000e+00
     -0.017    24.9910   0.000020     0.0120         49     0.2000  0.000e+00
     -0.020    24.9919   0.000025     0.0119         50     0.2042  0.000e+00
     -0.017    24.9930   0.000020     0.0120         51     0.2083  0.000e+00
     -0.017    24.9942   0.000025     0.0119         52     0.2125  0.000e+00
     -0.013    24.9948   0.000020     0.0120         53     0.2167  0.000e+00
     -0.016    24.9944   0.000025     0.0119         54     0.2208  0.000e+00
     -0.016    24.9923   0.000020     0.0120         55     0.2250  0.000e+00
     -0.016    24.9895   0.000020     0.0120         56     0.2292  0.000e+00
     -0.015    24.9873   0.000020     0.0120         57     0.2333  0.000e+00
     -0.016    24.9839   0.000025     0.0119         58     0.2375  0.000e+00
     -0.016    24.9798   0.000015     0.0120         59     0.2417  0.000e+00
     -0.016    24.9755   0.000015     0.0120         60     0.2458  0.000e+00
     -0.018    24.9717   0.000025     0.0119         61     0.2500  0.000e+00
     -0.020    24.9679   0.000020     0.0120         62     0.2542  0.000e+00
     -0.016    24.9636   0.000020     0.0120         63     0.2583  0.000e+00
     -0.002    24.9586   0.000020     0.0120         64     0.2625  0.000e+00
     -0.013    24.9513   0.000020     0.0120         65     0.2667  0.000e+00
     -0.018    24.9368   0.000020     0.0120         66     0.2708  0.000e+00
     -0.022    24.9198   0.000015     0.0120         67     0.2750  0.000e+00
     -0.022    24.9088   0.000020     0.0119         68     0.2792  0.000e+00
     -0.024    24.9051   0.000020     0.0119         69     0.2833  0.000e+00
     -0.016    24.9051   0.000020     0.0119         70     0.2875  0.000e+00
     -0.015    24.9069   0.000020     0.0119         71     0.2917  0.000e+00
     -0.018    24.9104   0.000020     0.0119         72     0.2958  0.000e+00
     -0.018    24.9152   0.000025     0.0119         73     0.3000  0.000e+00
     -0.015    24.9190   0.000025     0.0119         74     0.3042  0.000e+00
     -0.018    24.9207   0.000025     0.0119         75     0.3083  0.000e+00
     -0.018    24.9222   0.000025     0.0119         76     0.3125  0.000e+00
     -0.015    24.9247   0.000020     0.0120         77     0.3167  0.000e+00
     -0.015    24.9285   0.000025     0.0119         78     0.3208  0.000e+00
     -0.015    24.9335   0.000025     0.0119         79     0.3250  0.000e+00
     -0.015    24.9384   0.000020     0.0120         80     0.3292  0.000e+00
     -0.016    24.9430   0.000020     0.0120         81     0.3333  0.000e+00
     -0.013    24.9469   0.000025     0.0119         82     0.3375  0.000e+00
     -0.015    24.9502   0.000020     0.0120         83     0.3417  0.000e+00
     -0.016    24.9525   0.000020     0.0120         84     0.3458  0.000e+00
     -0.013    24.9532   0.000020     0.0120         85     0.3500  0.000e+00
     -0.011    24.9540   0.000025     0.0119         86     0.3542  0.000e+00
     -0.009    24.9557   0.000020     0.0120         87     0.3583  0.000e+00
     -0.013    24.9575   0.000020     0.0120         88     0.3625  0.000e+00
     -0.011    24.9568   0.000025     0.0119         89     0.3667  0.000e+00
     -0.013    24.9559   0.000025     0.0119         90     0.3708  0.000e+00
     -0.016    24.9562   0.000025     0.0119         91     0.3750  0.000e+00
     -0.013    24.9586   0.000020     0.0120         92     0.3792  0.000e+00
     -0.011    24.9616   0.000020     0.0120         93     0.3833  0.000e+00
     -0.015    24.9635   0.000025     0.0119         94     0.3875  0.000e+00
     -0.015    24.9635   0.000025     0.0119         95     0.3917  0.000e+00
     -0.015    24.9626   0.000025     0.0119         96     0.3958  0.000e+00
     -0.018    24.9632   0.000025     0.0119         97     0.4000  0.000e+00
     -0.018    24.9653   0.000025     0.0119         98     0.4042  0.000e+00
     -0.016    24.9665   0.000020     0.0120         99     0.4083  0.000e+00
     -0.018    24.9672   0.000025     0.0119        100     0.4125  0.000e+00
     -0.024    24.9684   0.000025     0.0119        101     0.4167  0.000e+00
     -0.020    24.9701   0.000025     0.0119        102     0.4208  0.000e+00
     -0.024    24.9722   0.000020     0.0120        103     0.4250  0.000e+00
     -0.020    24.9734   0.000025     0.0119        104     0.4292  0.000e+00
     -0.024    24.9740   0.000020     0.0120        105     0.4333  0.000e+00
     -0.018    24.9760   0.000025     0.0119        106     0.4375  0.000e+00
     -0.025    24.9780   0.000025     0.0119        107     0.4417  0.000e+00
     -0.020    24.9800   0.000025     0.0119        108     0.4458  0.000e+00
     -0.022    24.9813   0.000020     0.0120        109     0.4500  0.000e+00
     -0.018    24.9829   0.000020     0.0120        110     0.4542  0.000e+00
     -0.013    24.9848   0.000025     0.0119        111     0.4583  0.000e+00
     -0.013    24.9871   0.000025     0.0119        112     0.4625  0.000e+00
     -0.018    24.9894   0.000025     0.0119        113     0.4667  0.000e+00
     -0.018    24.9908   0.000025     0.0119        114     0.4708  0.000e+00
     -0.018    24.9905   0.000020     0.0120        115     0.4750  0.000e+00
     -0.015    24.9884   0.000025     0.0119        116     0.4792  0.000e+00
     -0.005    24.9870   0.000025     0.0119        117     0.4833  0.000e+00
     -0.005    24.9851   0.000025     0.0119        118     0.4875  0.000e+00
     -0.011    24.9818   0.000025     0.0119        119     0.4917  0.000e+00
     -0.025    24.9816   0.000025     0.0119        120     0.4958  0.000e+00
     -0.025    24.9830   0.000025     0.0119        121     0.5000  0.000e+00
     -0.013    24.9831   0.000025     0.0119        122     0.5042  0.000e+00
      0.215    24.9686   0.000031     0.0119        123     0.5083  0.000e+00
      0.421    24.9499  -0.000058     0.0000        124     0.5125  0.000e+00
      0.490    24.7626  -0.000060     0.0000        125     0.5167  0.000e+00
      0.448    23.9113   0.645941     3.6061        126     0.5208  0.000e+00
      0.340    22.9375   1.747078    10.7660        127     0.5250  0.000e+00
      0.206    22.3103   0.534131     3.0507        128     0.5292  0.000e+00
      0.060    21.8561   0.811266     4.8196        129     0.5333  0.000e+00
     -0.005    21.5089   3.250340    21.9413        130     0.5375  0.000e+00
     -0.011    21.2662   4.508621    31.7313        131     0.5417  0.000e+00
     -0.011    21.0639   3.200211    21.7918        132     0.5458  0.000e+00
      0.047    20.9360   2.359038    15.6357        133     0.5500  0.000e+00
      0.229    20.9174   4.456280    31.5760        134     0.5542  0.000e+00
      0.396    21.0015   3.145658    21.4134        135     0.5583  0.000e+00
      0.549    21.0807   2.939408    19.8357        136     0.5625  0.000e+00
      0.701    21.1347   2.930677    19.7461        137     0.5667  0.000e+00
      0.878    21.1779   4.191389    29.3098        138     0.5708  0.000e+00
      1.095    21.2345   4.580743    32.3230        139     0.5750  0.000e+00
      1.348    21.2775   4.042431    28.0872        140     0.5792  0.000e+00
      1.617    21.2732   3.908469    27.0570        141     0.5833  0.000e+00
      1.892    21.2097   3.321371    22.6269        142     0.5875  0.000e+00
      2.159    21.1570   3.236240    22.0144        143     0.5917  0.000e+00
      2.416    21.1545   3.227824    21.9525        144     0.5958  0.000e+00
      2.655    21.1688   3.384332    23.1230        145     0.6000  0.000e+00
      2.875    21.1764   4.431514    31.1898        146     0.6042  0.000e+00
      3.074    21.1783   4.508674    31.7958        147     0.6083  0.000e+00
      3.247    21.1495   4.243615    29.7362        148     0.6125  0.000e+00
      3.385    21.0413   3.852390    26.7698        149     0.6167  0.000e+00
      3.484    20.8875   4.540630    32.2665        150     0.6208  0.000e+00
      3.549    20.6651   4.500535    32.1152        151     0.6250  0.000e+00
      3.603    20.3963   4.486874    32.2096        152     0.6292  0.000e+00
      3.676    20.1747   3.765671    26.6376        153     0.6333  0.000e+00
      3.755    19.9962   3.970474    28.3714        154     0.6375  0.000e+00
      3.855    19.9974   4.579498    33.2673        155     0.6417  0.000e+00
      3.965    20.1616   4.591402    33.2343        156     0.6458  0.000e+00
      4.088    20.3070   4.598143    33.1744        157     0.6500  0.000e+00
      4.221    20.4992   4.599169    33.0324        158     0.6542  0.000e+00
      4.359    20.6864   4.598948    32.8852        159     0.6583  0.000e+00
      4.510    20.8356   4.599165    32.7718        160     0.6625  0.000e+00
      4.671    20.9262   4.597453    32.6886        161     0.6667  0.000e+00
      4.848    20.9883   4.595922    32.6289        162     0.6708  0.000e+00
      5.024    21.0366   4.596956    32.6001        163     0.6750  0.000e+00
      5.208    21.0697   4.600351    32.6018        164     0.6792  0.000e+00
      5.396    21.0958   4.604995    32.6186        165     0.6833  0.000e+00
      5.593    21.1184   4.608399    32.6283        166     0.6875  0.000e+00
      5.788    21.1348   4.607755    32.6107        167     0.6917  0.000e+00
      5.987    21.1404   4.608708    32.6139        168     0.6958  0.000e+00
      6.186    21.1038   4.606347    32.6230        169     0.7000  0.000e+00
      6.393    20.9620   4.593063    32.6257        170     0.7042  0.000e+00
      6.596    20.7953   4.568882    32.5605        171     0.7083  0.000e+00
      6.793    20.6023   4.546617    32.5303        172     0.7125  0.000e+00
      6.988    20.3955   4.522292    32.4936        173     0.7167  0.000e+00
      7.181    20.1985   4.498919    32.4566        174     0.7208  0.000e+00
      7.362    20.0213   4.483566    32.4689        175     0.7250  0.000e+00
      7.536    19.8614   4.471933    32.4979        176     0.7292  0.000e+00
      7.695    19.7198   4.465321    32.5537        177     0.7333  0.000e+00
      7.841    19.6043   4.461469    32.6121        178     0.7375  0.000e+00
      7.971    19.5163   4.457497    32.6482        179     0.7417  0.000e+00
      8.098    19.4488   4.453913    32.6715        180     0.7458  0.000e+00
      8.202    19.3976   4.452150    32.6971        181     0.7500  0.000e+00
      8.284    19.3606   4.452912    32.7323        182     0.7542  0.000e+00
      8.360    19.3340   4.456097    32.7794        183     0.7583  0.000e+00
      8.430    19.3146   4.460356    32.8297        184     0.7625  0.000e+00
      8.497    19.3029   4.465715    32.8831        185     0.7667  0.000e+00
      8.569    19.3004   4.475424    32.9650        186     0.7708  0.000e+00
      8.647    19.3074   4.505478    33.2071        187     0.7750  0.000e+00
      8.728    19.3118   4.532146    33.4237        188     0.7792  0.000e+00
      8.815    19.3022   4.549831    33.5774        189     0.7833  0.000e+00
      8.915    19.3956   4.565127    33.6283        190     0.7875  0.000e+00
      9.028    19.6466   4.562290    33.4036        191     0.7917  0.000e+00
      9.160    19.9352   4.553887    33.1061        192     0.7958  0.000e+00
      9.312    20.1476   4.543963    32.8592        193     0.8000  0.000e+00
      9.487    20.2619   4.538473    32.7260        194     0.8042  0.000e+00
      9.675    20.3151   4.534720    32.6546        195     0.8083  0.000e+00
      9.883    20.3654   4.532386    32.5970        196     0.8125  0.000e+00
     10.104    20.4210   4.533069    32.5596        197     0.8167  0.000e+00
     10.333    20.4763   4.536891    32.5477        198     0.8208  0.000e+00
     10.579    20.5185   4.537402    32.5194        199     0.8250  0.000e+00
     10.828    20.5343   4.533969    32.4797        200     0.8292  0.000e+00
     11.083    20.5211   4.536584    32.5106        201     0.8333  0.000e+00
     11.338    20.4564   4.531587    32.5201        202     0.8375  0.000e+00
     11.577    20.3274   4.524095    32.5589        203     0.8417  0.000e+00
     11.804    20.1791   4.518492    32.6280        204     0.8458  0.000e+00
     12.026    20.0377   4.510870    32.6758        205     0.8500  0.000e+00
     12.234    19.9122   4.492595    32.6248        206     0.8542  0.000e+00
     12.420    19.8001   4.475489    32.5726        207     0.8583  0.000e+00
     12.579    19.6952   4.455002    32.4870        208     0.8625  0.000e+00
     12.706    19.5990   4.445541    32.4844        209     0.8667  0.000e+00
     12.804    19.5036   4.442361    32.5325        210     0.8708  0.000e+00
     12.879    19.4178   4.442179    32.5978        211     0.8750  0.000e+00
     12.948    19.3505   4.446921    32.6894        212     0.8792  0.000e+00
     13.011    19.3106   4.466003    32.8778        213     0.8833  0.000e+00
     13.080    19.2889   4.498591    33.1635        214     0.8875  0.000e+00
     13.145    19.2609   4.511283    33.2906        215     0.8917  0.000e+00
