HB2304/sbe010.cnv
* Sea-Bird SBE 19plus V2 Data File:
* FileName = C:\cruise\data\sbe010.hex
* Software Version Seasave V 7.26.7.121
* Temperature SN = 7037
* Conductivity SN = 7037
* System UpLoad Time = Sep 12 2023 20:41:04
** Ship: Bigelow
** Cruise:  HB2304
** Program:  Fall Bottom Trawl
# nquan = 7
# nvalues = 1382                                  
# units = specified
# name 0 = depSM: Depth [salt water, m], lat = 40.00
# name 1 = tv290C: Temperature [ITS-90, deg C]
# name 2 = c0S/m: Conductivity [S/m]
# name 3 = sal00: Salinity, Practical [PSU]
# name 4 = scan: Scan Count
# name 5 = timeM: Time, Elapsed [minutes]
# name 6 = flag:  0.000e+00
# span 0 =     -0.050,     52.616                 
# span 1 =    10.1440,    31.6450                 
# span 2 =  -0.000138,   5.187102                 
# span 3 =     0.0000,    34.6323                 
# span 4 =         11,       1392                 
# span 5 =     0.0417,     5.7958                 
# span 6 = 0.0000e+00, 0.0000e+00                 
# interval = seconds: 0.25
# start_time = Sep 12 2023 20:41:04 [System UTC, header]
# bad_flag = -9.990e-29
*END*
[from data line 1231]
      6.251    25.4948   4.937033    31.9199       1242     5.1708  0.000e+00
      6.220    25.4940   4.937504    31.9238       1243     5.1750  0.000e+00
      6.193    25.4944   4.937504    31.9235       1244     5.1792  0.000e+00
      6.163    25.4954   4.938909    31.9330       1245     5.1833  0.000e+00
      6.132    25.4999   4.939545    31.9345       1246     5.1875  0.000e+00
      6.099    25.5060   4.941256    31.9426       1247     5.1917  0.000e+00
      6.063    25.5163   4.943172    31.9493       1248     5.1958  0.000e+00
      6.030    25.5316   4.943928    31.9441       1249     5.2000  0.000e+00
      5.982    25.5442   4.944140    31.9368       1250     5.2042  0.000e+00
      5.945    25.5534   4.944451    31.9326       1251     5.2083  0.000e+00
      5.907    25.5604   4.945970    31.9387       1252     5.2125  0.000e+00
      5.868    25.5688   4.946918    31.9397       1253     5.2167  0.000e+00
      5.826    25.5779   4.948782    31.9468       1254     5.2208  0.000e+00
      5.781    25.5912   4.950467    31.9497       1255     5.2250  0.000e+00
      5.727    25.6072   4.950016    31.9353       1256     5.2292  0.000e+00
      5.680    25.6177   4.951947    31.9419       1257     5.2333  0.000e+00
      5.620    25.6289   4.953228    31.9433       1258     5.2375  0.000e+00
      5.546    25.6432   4.953626    31.9362       1259     5.2417  0.000e+00
      5.475    25.6544   4.953884    31.9303       1260     5.2458  0.000e+00
      5.396    25.6624   4.953811    31.9242       1261     5.2500  0.000e+00
      5.327    25.6672   4.954422    31.9253       1262     5.2542  0.000e+00
      5.253    25.6719   4.956081    31.9340       1263     5.2583  0.000e+00
      5.186    25.6800   4.956585    31.9320       1264     5.2625  0.000e+00
      5.110    25.6875   4.956931    31.9293       1265     5.2667  0.000e+00
      5.036    25.6936   4.957070    31.9261       1266     5.2708  0.000e+00
      4.960    25.6980   4.958411    31.9327       1267     5.2750  0.000e+00
      4.898    25.7043   4.959859    31.9387       1268     5.2792  0.000e+00
      4.819    25.7135   4.961486    31.9441       1269     5.2833  0.000e+00
      4.746    25.7255   4.963591    31.9509       1270     5.2875  0.000e+00
      4.678    25.7413   4.964076    31.9434       1271     5.2917  0.000e+00
      4.622    25.7539   4.964853    31.9402       1272     5.2958  0.000e+00
      4.567    25.7643   4.965703    31.9391       1273     5.3000  0.000e+00
      4.515    25.7736   4.966274    31.9367       1274     5.3042  0.000e+00
      4.479    25.7817   4.966733    31.9344       1275     5.3083  0.000e+00
      4.446    25.7885   4.967563    31.9357       1276     5.3125  0.000e+00
      4.423    25.7946   4.967556    31.9313       1277     5.3167  0.000e+00
      4.397    25.7996   4.967563    31.9279       1278     5.3208  0.000e+00
      4.365    25.8027   4.967583    31.9259       1279     5.3250  0.000e+00
      4.338    25.8045   4.967596    31.9247       1280     5.3292  0.000e+00
      4.300    25.8057   4.967669    31.9245       1281     5.3333  0.000e+00
      4.251    25.8071   4.967842    31.9247       1282     5.3375  0.000e+00
      4.197    25.8086   4.968327    31.9272       1283     5.3417  0.000e+00
      4.144    25.8123   4.969238    31.9312       1284     5.3458  0.000e+00
      4.081    25.8188   4.970214    31.9337       1285     5.3500  0.000e+00
      4.027    25.8260   4.970613    31.9316       1286     5.3542  0.000e+00
      3.954    25.8318   4.971471    31.9338       1287     5.3583  0.000e+00
      3.887    25.8379   4.972973    31.9403       1288     5.3625  0.000e+00
      3.815    25.8483   4.975327    31.9500       1289     5.3667  0.000e+00
      3.750    25.8664   4.977980    31.9565       1290     5.3708  0.000e+00
      3.692    25.8917   4.980507    31.9571       1291     5.3750  0.000e+00
      3.645    25.9209   4.981971    31.9473       1292     5.3792  0.000e+00
      3.593    25.9474   4.982742    31.9343       1293     5.3833  0.000e+00
      3.544    25.9686   4.983294    31.9236       1294     5.3875  0.000e+00
      3.479    25.9850   4.983999    31.9173       1295     5.3917  0.000e+00
      3.410    25.9992   4.984531    31.9112       1296     5.3958  0.000e+00
      3.318    26.0129   4.985323    31.9074       1297     5.4000  0.000e+00
      3.235    26.0278   4.986794    31.9077       1298     5.4042  0.000e+00
      3.148    26.0428   4.988531    31.9097       1299     5.4083  0.000e+00
      3.079    26.0595   4.989882    31.9078       1300     5.4125  0.000e+00
      3.019    26.0761   4.991573    31.9084       1301     5.4167  0.000e+00
      2.967    26.0930   4.992978    31.9068       1302     5.4208  0.000e+00
      2.909    26.1091   4.994330    31.9053       1303     5.4250  0.000e+00
      2.866    26.1241   4.995715    31.9048       1304     5.4292  0.000e+00
      2.828    26.1383   4.996661    31.9017       1305     5.4333  0.000e+00
      2.775    26.1513   4.998147    31.9033       1306     5.4375  0.000e+00
      2.712    26.1642   4.999499    31.9041       1307     5.4417  0.000e+00
      2.634    26.1772   5.000805    31.9045       1308     5.4458  0.000e+00
      2.560    26.1901   5.001684    31.9018       1309     5.4500  0.000e+00
      2.490    26.2026   5.003337    31.9050       1310     5.4542  0.000e+00
      2.430    26.2162   5.005064    31.9079       1311     5.4583  0.000e+00
      2.381    26.2313   5.005697    31.9020       1312     5.4625  0.000e+00
      2.332    26.2443   5.006203    31.8966       1313     5.4667  0.000e+00
      2.298    26.2547   5.006590    31.8922       1314     5.4708  0.000e+00
      2.258    26.2628   5.007143    31.8905       1315     5.4750  0.000e+00
      2.211    26.2697   5.007863    31.8909       1316     5.4792  0.000e+00
      2.175    26.2765   5.008497    31.8907       1317     5.4833  0.000e+00
      2.144    26.2834   5.008837    31.8884       1318     5.4875  0.000e+00
      2.101    26.2896   5.009330    31.8877       1319     5.4917  0.000e+00
      2.065    26.2951   5.010030    31.8889       1320     5.4958  0.000e+00
      2.028    26.3014   5.010604    31.8886       1321     5.5000  0.000e+00
      1.996    26.3078   5.010944    31.8866       1322     5.5042  0.000e+00
      1.967    26.3137   5.011304    31.8851       1323     5.5083  0.000e+00
      1.922    26.3193   5.012244    31.8879       1324     5.5125  0.000e+00
      1.884    26.3267   5.013105    31.8890       1325     5.5167  0.000e+00
      1.833    26.3360   5.013398    31.8846       1326     5.5208  0.000e+00
      1.775    26.3438   5.014746    31.8889       1327     5.5250  0.000e+00
      1.728    26.3538   5.016688    31.8958       1328     5.5292  0.000e+00
      1.676    26.3680   5.018576    31.8995       1329     5.5333  0.000e+00
      1.629    26.3842   5.019497    31.8949       1330     5.5375  0.000e+00
      1.571    26.3990   5.021813    31.9012       1331     5.5417  0.000e+00
      1.500    26.4159   5.026014    31.9194       1332     5.5458  0.000e+00
      1.439    26.4403   5.028491    31.9202       1333     5.5500  0.000e+00
      1.383    26.4656   5.031197    31.9220       1334     5.5542  0.000e+00
      1.337    26.4918   5.033288    31.9188       1335     5.5583  0.000e+00
      1.296    26.5183   5.040260    31.9500       1336     5.5625  0.000e+00
      1.238    26.5570   5.051018    31.9997       1337     5.5667  0.000e+00
      1.173    26.6198   5.059942    32.0196       1338     5.5708  0.000e+00
      1.117    26.6941   5.060865    31.9749       1339     5.5750  0.000e+00
      1.066    26.7494   5.065662    31.9708       1340     5.5792  0.000e+00
      1.021    26.7983   5.068067    31.9541       1341     5.5833  0.000e+00
      0.972    26.8431   5.076039    31.9796       1342     5.5875  0.000e+00
      0.925    26.8901   5.078755    31.9665       1343     5.5917  0.000e+00
      0.894    26.9381   5.092570    32.0309       1344     5.5958  0.000e+00
      0.853    27.0083   5.092092    31.9793       1345     5.6000  0.000e+00
      0.826    27.0624   5.090023    31.9276       1346     5.6042  0.000e+00
      0.793    27.0876   5.091339    31.9196       1347     5.6083  0.000e+00
      0.750    27.1052   5.093615    31.9236       1348     5.6125  0.000e+00
      0.681    27.1234   5.099999    31.9560       1349     5.6167  0.000e+00
      0.601    27.1562   5.102976    31.9544       1350     5.6208  0.000e+00
      0.538    27.1887   5.103944    31.9390       1351     5.6250  0.000e+00
      0.489    27.2135   5.105819    31.9352       1352     5.6292  0.000e+00
      0.460    27.2362   5.107406    31.9308       1353     5.6333  0.000e+00
      0.426    27.2555   5.106383    31.9105       1354     5.6375  0.000e+00
      0.397    27.2648   5.105536    31.8982       1355     5.6417  0.000e+00
      0.383    27.2671   5.107923    31.9134       1356     5.6458  0.000e+00
      0.350    27.2749   5.107533    31.9053       1357     5.6500  0.000e+00
      0.310    27.2802   5.107634    31.9024       1358     5.6542  0.000e+00
      0.294    27.2833   5.107553    31.8997       1359     5.6583  0.000e+00
      0.267    27.2853   5.106954    31.8942       1360     5.6625  0.000e+00
      0.263    27.2846   5.107351    31.8974       1361     5.6667  0.000e+00
      0.223    27.2844   5.107271    31.8971       1362     5.6708  0.000e+00
      0.162    27.2847   5.107351    31.8974       1363     5.6750  0.000e+00
      0.135    27.2852   5.108320    31.9039       1364     5.6792  0.000e+00
      0.117    27.2879   5.108286    31.9018       1365     5.6833  0.000e+00
      0.057    27.2903   5.107977    31.8980       1366     5.6875  0.000e+00
      0.006    27.2898   5.107593    31.8957       1367     5.6917  0.000e+00
     -0.041    27.2852   0.681888     3.5540       1368     5.6958  0.000e+00
     -0.048    27.2549   0.635092     3.2960       1369     5.7000  0.000e+00
     -0.048    27.1795   0.430869     2.1839       1370     5.7042  0.000e+00
     -0.048    27.0647   0.320810     1.6016       1371     5.7083  0.000e+00
     -0.048    26.9681   0.261202     1.2918       1372     5.7125  0.000e+00
     -0.048    26.9144   0.228338     1.1225       1373     5.7167  0.000e+00
     -0.046    26.8862   0.196282     0.9581       1374     5.7208  0.000e+00
     -0.048    26.8727   0.172041     0.8347       1375     5.7250  0.000e+00
     -0.046    26.8645   0.101342     0.4810       1376     5.7292  0.000e+00
     -0.050    26.8594   0.070279     0.3298       1377     5.7333  0.000e+00
     -0.048    26.8564   0.042806     0.1992       1378     5.7375  0.000e+00
     -0.048    26.8505  -0.000127     0.0000       1379     5.7417  0.000e+00
     -0.043    26.8402  -0.000132     0.0000       1380     5.7458  0.000e+00
     -0.043    26.8227  -0.000132     0.0000       1381     5.7500  0.000e+00
     -0.047    26.8064  -0.000138     0.0000       1382     5.7542  0.000e+00
     -0.048    26.7959  -0.000132     0.0000       1383     5.7583  0.000e+00
     -0.045    26.7894  -0.000132     0.0000       1384     5.7625  0.000e+00
     -0.043    26.7836  -0.000132     0.0000       1385     5.7667  0.000e+00
     -0.040    26.7786  -0.000132     0.0000       1386     5.7708  0.000e+00
     -0.045    26.7734  -0.000138     0.0000       1387     5.7750  0.000e+00
     -0.043    26.7645  -0.000132     0.0000       1388     5.7792  0.000e+00
     -0.045    26.7537  -0.000132     0.0000       1389     5.7833  0.000e+00
     -0.045    26.7432  -0.000127     0.0000       1390     5.7875  0.000e+00
     -0.045    26.7341  -0.000116     0.0000       1391     5.7917  0.000e+00
     -0.043    26.7271  -0.000116     0.0000       1392     5.7958  0.000e+00
