HB2304/sbe064.cnv
* Sea-Bird SBE 19plus V2 Data File:
* FileName = C:\cruise\data\sbe064.hex
* Software Version Seasave V 7.26.7.121
* Temperature SN = 7037
* Conductivity SN = 7037
* System UpLoad Time = Oct 13 2023 01:54:32
** Ship: Bigelow
** Cruise:  HB2304
** Program:  Fall Bottom Trawl
# nquan = 7
# nvalues = 1994                                  
# units = specified
# name 0 = depSM: Depth [salt water, m], lat = 40.00
# name 1 = tv290C: Temperature [ITS-90, deg C]
# name 2 = c0S/m: Conductivity [S/m]
# name 3 = sal00: Salinity, Practical [PSU]
# name 4 = scan: Scan Count
# name 5 = timeM: Time, Elapsed [minutes]
# name 6 = flag:  0.000e+00
# span 0 =     -0.096,     92.217                 
# span 1 =     9.9487,    17.8450                 
# span 2 =  -0.057898,   4.399488                 
# span 3 =     0.0000,    34.1669                 
# span 4 =         11,       2004                 
# span 5 =     0.0417,     8.3458                 
# span 6 = 0.0000e+00, 0.0000e+00                 
# interval = seconds: 0.25
# start_time = Oct 13 2023 01:54:32 [System UTC, header]
# bad_flag = -9.990e-29
*END*
     -0.046    16.1415   0.000057     0.0083         11     0.0417  0.000e+00
     -0.047    16.1415   0.000057     0.0083         12     0.0458  0.000e+00
     -0.049    16.1414   0.000057     0.0083         13     0.0500  0.000e+00
     -0.047    16.1414   0.000063     0.0083         14     0.0542  0.000e+00
     -0.045    16.1415   0.000057     0.0083         15     0.0583  0.000e+00
     -0.054    16.1417   0.000057     0.0083         16     0.0625  0.000e+00
     -0.047    16.1415   0.000057     0.0083         17     0.0667  0.000e+00
     -0.051    16.1415   0.000057     0.0083         18     0.0708  0.000e+00
     -0.049    16.1414   0.000057     0.0083         19     0.0750  0.000e+00
     -0.047    16.1413   0.000057     0.0083         20     0.0792  0.000e+00
     -0.049    16.1411   0.000057     0.0083         21     0.0833  0.000e+00
     -0.052    16.1411   0.000052     0.0083         22     0.0875  0.000e+00
     -0.052    16.1411   0.000057     0.0083         23     0.0917  0.000e+00
     -0.052    16.1412   0.000057     0.0083         24     0.0958  0.000e+00
     -0.052    16.1411   0.000057     0.0083         25     0.1000  0.000e+00
     -0.051    16.1411   0.000057     0.0083         26     0.1042  0.000e+00
     -0.049    16.1409   0.000057     0.0083         27     0.1083  0.000e+00
     -0.047    16.1409   0.000057     0.0083         28     0.1125  0.000e+00
     -0.051    16.1409   0.000052     0.0083         29     0.1167  0.000e+00
     -0.051    16.1408   0.000057     0.0083         30     0.1208  0.000e+00
     -0.051    16.1408   0.000063     0.0083         31     0.1250  0.000e+00
     -0.049    16.1410   0.000057     0.0083         32     0.1292  0.000e+00
     -0.045    16.1410   0.000057     0.0083         33     0.1333  0.000e+00
     -0.043    16.1411   0.000063     0.0083         34     0.1375  0.000e+00
     -0.045    16.1412   0.000057     0.0083         35     0.1417  0.000e+00
     -0.047    16.1414   0.000057     0.0083         36     0.1458  0.000e+00
     -0.050    16.1414   0.000063     0.0083         37     0.1500  0.000e+00
     -0.050    16.1413   0.000057     0.0083         38     0.1542  0.000e+00
     -0.047    16.1410   0.000057     0.0083         39     0.1583  0.000e+00
     -0.047    16.1407   0.000057     0.0083         40     0.1625  0.000e+00
     -0.051    16.1406   0.000057     0.0083         41     0.1667  0.000e+00
     -0.049    16.1403   0.000063     0.0083         42     0.1708  0.000e+00
     -0.047    16.1401   0.000057     0.0083         43     0.1750  0.000e+00
     -0.045    16.1401   0.000057     0.0083         44     0.1792  0.000e+00
     -0.050    16.1398   0.000063     0.0083         45     0.1833  0.000e+00
     -0.049    16.1396   0.000057     0.0083         46     0.1875  0.000e+00
     -0.047    16.1393   0.000052     0.0083         47     0.1917  0.000e+00
     -0.052    16.1392   0.000057     0.0083         48     0.1958  0.000e+00
     -0.054    16.1393   0.000057     0.0083         49     0.2000  0.000e+00
     -0.058    16.1393   0.000057     0.0083         50     0.2042  0.000e+00
     -0.052    16.1395   0.000052     0.0083         51     0.2083  0.000e+00
     -0.047    16.1395   0.000057     0.0083         52     0.2125  0.000e+00
     -0.049    16.1396   0.000057     0.0083         53     0.2167  0.000e+00
     -0.047    16.1396   0.000057     0.0083         54     0.2208  0.000e+00
     -0.052    16.1395   0.000052     0.0083         55     0.2250  0.000e+00
     -0.051    16.1395   0.000057     0.0083         56     0.2292  0.000e+00
     -0.045    16.1395   0.000057     0.0083         57     0.2333  0.000e+00
     -0.049    16.1395   0.000057     0.0083         58     0.2375  0.000e+00
     -0.050    16.1396   0.000057     0.0083         59     0.2417  0.000e+00
     -0.054    16.1395   0.000057     0.0083         60     0.2458  0.000e+00
     -0.047    16.1397   0.000057     0.0083         61     0.2500  0.000e+00
     -0.045    16.1399   0.000057     0.0083         62     0.2542  0.000e+00
     -0.043    16.1400   0.000057     0.0083         63     0.2583  0.000e+00
     -0.050    16.1402   0.000063     0.0083         64     0.2625  0.000e+00
     -0.051    16.1402   0.000063     0.0083         65     0.2667  0.000e+00
     -0.043    16.1402   0.000057     0.0083         66     0.2708  0.000e+00
     -0.040    16.1400   0.000063     0.0083         67     0.2750  0.000e+00
     -0.040    16.1402   0.000057     0.0083         68     0.2792  0.000e+00
     -0.043    16.1402   0.000052     0.0083         69     0.2833  0.000e+00
     -0.047    16.1402   0.000057     0.0083         70     0.2875  0.000e+00
     -0.049    16.1402   0.000057     0.0083         71     0.2917  0.000e+00
     -0.049    16.1403   0.000057     0.0083         72     0.2958  0.000e+00
     -0.041    16.1402   0.000057     0.0083         73     0.3000  0.000e+00
     -0.040    16.1408   0.000057     0.0083         74     0.3042  0.000e+00
      0.101    16.1493   0.000063     0.0083         75     0.3083  0.000e+00
      0.280    16.1648  -0.057898     0.0000         76     0.3125  0.000e+00
      0.425    16.1792   1.468124    10.4606         77     0.3167  0.000e+00
      0.584    16.1844   1.282432     9.0345         78     0.3208  0.000e+00
      0.741    16.1897   2.098444    15.4237         79     0.3250  0.000e+00
      0.889    16.1941   1.366758     9.6767         80     0.3292  0.000e+00
      1.024    16.1978   0.666100     4.4633         81     0.3333  0.000e+00
      1.041    16.2008   0.554585     3.6690         82     0.3375  0.000e+00
      1.032    16.2027   0.387444     2.5040         83     0.3417  0.000e+00
      0.988    16.2056   2.236761    16.5311         84     0.3458  0.000e+00
      0.972    16.2082   3.780149    29.4637         85     0.3500  0.000e+00
      0.990    16.2095   4.039707    31.7232         86     0.3542  0.000e+00
      1.019    16.2109   4.051464    31.8250         87     0.3583  0.000e+00
      1.041    16.2120   4.108696    32.3259         88     0.3625  0.000e+00
      1.053    16.2127   4.138085    32.5835         89     0.3667  0.000e+00
      1.053    16.2131   4.139734    32.5977         90     0.3708  0.000e+00
      1.037    16.2132   4.142781    32.6243         91     0.3750  0.000e+00
      0.999    16.2131   4.149326    32.6819         92     0.3792  0.000e+00
      0.943    16.2164   4.161424    32.7856         93     0.3833  0.000e+00
      0.867    16.2320   4.144319    32.6225         94     0.3875  0.000e+00
      0.768    16.2546   4.128498    32.4652         95     0.3917  0.000e+00
      0.667    16.2773   4.122451    32.3936         96     0.3958  0.000e+00
      0.562    16.2971   4.121763    32.3715         97     0.4000  0.000e+00
      0.454    16.3120   4.121714    32.3591         98     0.4042  0.000e+00
      0.398    16.3204   4.065103    31.8570         99     0.4083  0.000e+00
      0.396    16.3236   3.674671    28.4696        100     0.4125  0.000e+00
      0.482    16.3244   3.873201    30.1834        101     0.4167  0.000e+00
      0.641    16.3225   4.126039    32.3884        102     0.4208  0.000e+00
      0.857    16.3206   4.126592    32.3946        103     0.4250  0.000e+00
      1.081    16.3205   4.128024    32.4072        104     0.4292  0.000e+00
      1.301    16.3205   4.129702    32.4218        105     0.4333  0.000e+00
      1.507    16.3202   4.128190    32.4088        106     0.4375  0.000e+00
      1.697    16.3189   4.126150    32.3919        107     0.4417  0.000e+00
      1.867    16.3174   4.125541    32.3877        108     0.4458  0.000e+00
      1.930    16.3204   4.126813    32.3964        109     0.4500  0.000e+00
      1.908    16.3364   4.130981    32.4199        110     0.4542  0.000e+00
      1.811    16.3612   4.133796    32.4244        111     0.4583  0.000e+00
      1.731    16.3879   4.135690    32.4193        112     0.4625  0.000e+00
      1.679    16.4101   4.134589    32.3916        113     0.4667  0.000e+00
      1.635    16.4227   4.131643    32.3557        114     0.4708  0.000e+00
      1.589    16.4266   4.131158    32.3483        115     0.4750  0.000e+00
      1.538    16.4294   4.133961    32.3706        116     0.4792  0.000e+00
      1.491    16.4352   4.135554    32.3798        117     0.4833  0.000e+00
      1.451    16.4432   4.135191    32.3701        118     0.4875  0.000e+00
      1.420    16.4484   4.133426    32.3506        119     0.4917  0.000e+00
      1.397    16.4491   4.132756    32.3441        120     0.4958  0.000e+00
      1.372    16.4479   4.133131    32.3483        121     0.5000  0.000e+00
      1.348    16.4473   4.132756    32.3456        122     0.5042  0.000e+00
      1.321    16.4441   4.131108    32.3338        123     0.5083  0.000e+00
      1.289    16.4400   4.130856    32.3349        124     0.5125  0.000e+00
      1.256    16.4381   4.131852    32.3452        125     0.5167  0.000e+00
      1.225    16.4383   4.132190    32.3480        126     0.5208  0.000e+00
      1.227    16.4389   4.130530    32.3330        127     0.5250  0.000e+00
      1.227    16.4379   4.117579    32.2207        128     0.5292  0.000e+00
      1.249    16.4348   3.991996    31.1295        129     0.5333  0.000e+00
      1.287    16.4309   3.945723    30.7308        130     0.5375  0.000e+00
      1.337    16.4272   3.960092    30.8583        131     0.5417  0.000e+00
      1.401    16.4239   3.991597    31.1344        132     0.5458  0.000e+00
      1.464    16.4217   3.953321    30.8037        133     0.5500  0.000e+00
      1.518    16.4188   3.950418    30.7808        134     0.5542  0.000e+00
      1.574    16.4191   3.948619    30.7649        135     0.5583  0.000e+00
      1.616    16.4168   3.932159    30.6239        136     0.5625  0.000e+00
      1.645    16.4172   3.931930    30.6216        137     0.5667  0.000e+00
      1.670    16.4166   3.935467    30.6527        138     0.5708  0.000e+00
      1.693    16.4149   3.938046    30.6764        139     0.5750  0.000e+00
      1.735    16.4144   4.063911    31.7711        140     0.5792  0.000e+00
      1.796    16.4143   4.128853    32.3380        141     0.5833  0.000e+00
      1.878    16.4147   4.129775    32.3458        142     0.5875  0.000e+00
      1.977    16.4118   4.129959    32.3497        143     0.5917  0.000e+00
      2.087    16.4106   4.129849    32.3496        144     0.5958  0.000e+00
      2.210    16.4117   4.129726    32.3477        145     0.6000  0.000e+00
      2.340    16.4122   4.129677    32.3468        146     0.6042  0.000e+00
      2.481    16.4122   4.129824    32.3480        147     0.6083  0.000e+00
      2.633    16.4122   4.130150    32.3508        148     0.6125  0.000e+00
      2.787    16.4122   4.130439    32.3533        149     0.6167  0.000e+00
      2.949    16.4118   4.130531    32.3543        150     0.6208  0.000e+00
      3.115    16.4117   4.130415    32.3534        151     0.6250  0.000e+00
      3.280    16.4116   4.129800    32.3480        152     0.6292  0.000e+00
      3.446    16.4110   4.129155    32.3428        153     0.6333  0.000e+00
      3.607    16.4100   4.129302    32.3448        154     0.6375  0.000e+00
      3.775    16.4087   4.129259    32.3455        155     0.6417  0.000e+00
      3.930    16.4112   4.129751    32.3477        156     0.6458  0.000e+00
      4.073    16.4265   4.133231    32.3656        157     0.6500  0.000e+00
      4.209    16.4499   4.137210    32.3813        158     0.6542  0.000e+00
      4.335    16.4748   4.139264    32.3790        159     0.6583  0.000e+00
      4.453    16.4993   4.141713    32.3805        160     0.6625  0.000e+00
      4.565    16.5192   4.143868    32.3832        161     0.6667  0.000e+00
      4.669    16.5359   4.145086    32.3802        162     0.6708  0.000e+00
      4.772    16.5500   4.145948    32.3762        163     0.6750  0.000e+00
      4.870    16.5618   4.145985    32.3670        164     0.6792  0.000e+00
      4.962    16.5712   4.143867    32.3410        165     0.6833  0.000e+00
      5.060    16.5797   4.139103    32.2925        166     0.6875  0.000e+00
      5.159    16.5861   4.137307    32.2717        167     0.6917  0.000e+00
      5.269    16.5908   4.135548    32.2525        168     0.6958  0.000e+00
      5.380    16.5830   4.133623    32.2421        169     0.7000  0.000e+00
      5.501    16.5676   4.132658    32.2460        170     0.7042  0.000e+00
      5.633    16.5471   4.132566    32.2617        171     0.7083  0.000e+00
      5.768    16.5225   4.132941    32.2848        172     0.7125  0.000e+00
      5.916    16.4973   4.133526    32.3102        173     0.7167  0.000e+00
      6.081    16.4770   4.134055    32.3311        174     0.7208  0.000e+00
      6.247    16.4648   4.134000    32.3405        175     0.7250  0.000e+00
      6.429    16.4557   4.134129    32.3489        176     0.7292  0.000e+00
      6.605    16.4480   4.134345    32.3569        177     0.7333  0.000e+00
      6.785    16.4423   4.135292    32.3698        178     0.7375  0.000e+00
      6.973    16.4389   4.136719    32.3850        179     0.7417  0.000e+00
      7.154    16.4365   4.137826    32.3965        180     0.7458  0.000e+00
      7.324    16.4370   4.138030    32.3978        181     0.7500  0.000e+00
      7.497    16.4467   4.140503    32.4115        182     0.7542  0.000e+00
      7.655    16.4692   4.145409    32.4360        183     0.7583  0.000e+00
      7.794    16.4979   4.151099    32.4624        184     0.7625  0.000e+00
      7.935    16.5316   4.155510    32.4734        185     0.7667  0.000e+00
      8.058    16.5622   4.157223    32.4635        186     0.7708  0.000e+00
      8.177    16.5861   4.155583    32.4297        187     0.7750  0.000e+00
      8.296    16.6043   4.149434    32.3614        188     0.7792  0.000e+00
      8.419    16.6182   4.143646    32.2998        189     0.7833  0.000e+00
      8.546    16.6307   4.142261    32.2776        190     0.7875  0.000e+00
      8.672    16.6386   4.138415    32.2378        191     0.7917  0.000e+00
      8.813    16.6235   4.136219    32.2307        192     0.7958  0.000e+00
      8.952    16.5921   4.135309    32.2481        193     0.8000  0.000e+00
      9.104    16.5562   4.135125    32.2753        194     0.8042  0.000e+00
      9.257    16.5224   4.135181    32.3031        195     0.8083  0.000e+00
      9.413    16.4980   4.135618    32.3266        196     0.8125  0.000e+00
      9.581    16.4832   4.137433    32.3543        197     0.8167  0.000e+00
      9.747    16.4765   4.141002    32.3909        198     0.8208  0.000e+00
      9.917    16.4759   4.144116    32.4185        199     0.8250  0.000e+00
     10.087    16.4791   4.146678    32.4382        200     0.8292  0.000e+00
     10.253    16.4831   4.148845    32.4538        201     0.8333  0.000e+00
     10.412    16.4966   4.152135    32.4715        202     0.8375  0.000e+00
     10.564    16.5325   4.160085    32.5116        203     0.8417  0.000e+00
     10.714    16.5844   4.169263    32.5493        204     0.8458  0.000e+00
     10.853    16.6347   4.176616    32.5725        205     0.8500  0.000e+00
     10.996    16.6805   4.183949    32.5990        206     0.8542  0.000e+00
     11.129    16.7175   4.188597    32.6092        207     0.8583  0.000e+00
     11.267    16.7463   4.190236    32.6000        208     0.8625  0.000e+00
     11.399    16.7692   4.186031    32.5448        209     0.8667  0.000e+00
     11.529    16.7866   4.175774    32.4417        210     0.8708  0.000e+00
     11.663    16.7988   4.166145    32.3483        211     0.8750  0.000e+00
     11.796    16.8088   4.162635    32.3098        212     0.8792  0.000e+00
     11.935    16.8206   4.158368    32.2633        213     0.8833  0.000e+00
     12.071    16.8181   4.149895    32.1919        214     0.8875  0.000e+00
     12.214    16.7960   4.144679    32.1644        215     0.8917  0.000e+00
