HB2304/sbe099.cnv
* Sea-Bird SBE 19plus V2 Data File:
* FileName = C:\cruise\data\sbe099.hex
* Software Version Seasave V 7.26.7.121
* Temperature SN = 7037
* Conductivity SN = 7037
* System UpLoad Time = Oct 31 2023 06:27:10
** Ship: Bigelow
** Cruise:  HB2304
** Program:  Fall Bottom Trawl
# nquan = 8
# nvalues = 606                                   
# units = specified
# name 0 = depSM: Depth [salt water, m], lat = 40.00
# name 1 = tv290C: Temperature [ITS-90, deg C]
# name 2 = c0S/m: Conductivity [S/m]
# name 3 = sal00: Salinity, Practical [PSU]
# name 4 = scan: Scan Count
# name 5 = timeM: Time, Elapsed [minutes]
# name 6 = sbeox0V: Oxygen raw, SBE 43 [V]
# name 7 = flag:  0.000e+00
# span 0 =     -0.042,     14.759                 
# span 1 =    14.7740,    15.0412                 
# span 2 =   0.067292,   3.862507                 
# span 3 =     0.4126,    31.0827                 
# span 4 =         11,        616                 
# span 5 =     0.0417,     2.5625                 
# span 6 =     2.6332,     3.2253                 
# span 7 = 0.0000e+00, 0.0000e+00                 
# interval = seconds: 0.25
# start_time = Oct 31 2023 06:27:10 [System UTC, header]
# bad_flag = -9.990e-29
*END*
[from data line 540]
      4.621    15.0248   3.860663    31.0790        551     2.2917     3.2228  0.000e+00
      4.458    15.0246   3.860639    31.0791        552     2.2958     3.2231  0.000e+00
      4.258    15.0245   3.860639    31.0792        553     2.3000     3.2229  0.000e+00
      4.030    15.0244   3.860752    31.0804        554     2.3042     3.2233  0.000e+00
      3.784    15.0245   3.860728    31.0802        555     2.3083     3.2227  0.000e+00
      3.531    15.0250   3.860710    31.0797        556     2.3125     3.2241  0.000e+00
      3.256    15.0251   3.860728    31.0799        557     2.3167     3.2238  0.000e+00
      2.967    15.0252   3.860614    31.0789        558     2.3208     3.2241  0.000e+00
      2.714    15.0249   3.860429    31.0776        559     2.3250     3.2232  0.000e+00
      2.528    15.0241   3.860453    31.0785        560     2.3292     3.2253  0.000e+00
      2.401    15.0237   3.860542    31.0797        561     2.3333     3.2235  0.000e+00
      2.273    15.0237   3.860566    31.0800        562     2.3375     3.2239  0.000e+00
      2.141    15.0237   3.860638    31.0806        563     2.3417     3.2228  0.000e+00
      1.993    15.0241   3.860453    31.0787        564     2.3458     3.2221  0.000e+00
      1.817    15.0240   3.860339    31.0778        565     2.3500     3.2215  0.000e+00
      1.611    15.0231   3.860255    31.0779        566     2.3542     3.2219  0.000e+00
      1.355    15.0224   3.860088    31.0771        567     2.3583     3.2226  0.000e+00
      1.082    15.0217   3.859998    31.0768        568     2.3625     3.2221  0.000e+00
      0.849    15.0209   3.860046    31.0780        569     2.3667     3.2220  0.000e+00
      0.691    15.0203   3.860087    31.0790        570     2.3708     3.2230  0.000e+00
      0.597    15.0199   3.860159    31.0800        571     2.3750     3.2238  0.000e+00
      0.534    15.0199   3.860135    31.0798        572     2.3792     3.2199  0.000e+00
      0.484    15.0200   3.860111    31.0795        573     2.3833     3.2204  0.000e+00
      0.375    15.0198   3.860046    31.0791        574     2.3875     3.2199  0.000e+00
      0.184    15.0196   3.860022    31.0791        575     2.3917     3.2203  0.000e+00
      0.008    15.0191   2.806895    21.8489        576     2.3958     3.2186  0.000e+00
     -0.026    15.0132   0.730070     5.0726        577     2.4000     3.2192  0.000e+00
     -0.028    14.9854   0.511798     3.4718        578     2.4042     3.2198  0.000e+00
     -0.026    14.9304   0.400755     2.6795        579     2.4083     3.2195  0.000e+00
     -0.026    14.8573   0.392827     2.6281        580     2.4125     3.2202  0.000e+00
     -0.028    14.8082   0.349320     2.3230        581     2.4167     3.2234  0.000e+00
     -0.024    14.7853   0.328629     2.1786        582     2.4208     3.2249  0.000e+00
     -0.030    14.7763   0.308685     2.0392        583     2.4250     3.2245  0.000e+00
     -0.028    14.7740   0.290446     1.9120        584     2.4292     3.2234  0.000e+00
     -0.031    14.7748   0.269805     1.7685        585     2.4333     3.2207  0.000e+00
     -0.031    14.7775   0.255034     1.6662        586     2.4375     3.2172  0.000e+00
     -0.037    14.7805   0.248127     1.6185        587     2.4417     3.2128  0.000e+00
     -0.039    14.7839   0.247089     1.6112        588     2.4458     3.2089  0.000e+00
     -0.035    14.7876   0.233200     1.5156        589     2.4500     3.2054  0.000e+00
     -0.033    14.7913   0.221996     1.4388        590     2.4542     3.2023  0.000e+00
     -0.033    14.7948   0.213861     1.3831        591     2.4583     3.2003  0.000e+00
     -0.035    14.7984   0.213537     1.3808        592     2.4625     3.1976  0.000e+00
     -0.031    14.8018   0.208556     1.3468        593     2.4667     3.1950  0.000e+00
     -0.035    14.8048   0.196583     1.2654        594     2.4708     3.1929  0.000e+00
     -0.031    14.8076   0.194268     1.2496        595     2.4750     3.1902  0.000e+00
     -0.033    14.8101   0.194973     1.2543        596     2.4792     3.1895  0.000e+00
     -0.031    14.8134   0.192336     1.2364        597     2.4833     3.1871  0.000e+00
     -0.031    14.8164   0.184437     1.1829        598     2.4875     3.1862  0.000e+00
     -0.033    14.8194   0.176808     1.1314        599     2.4917     3.1846  0.000e+00
     -0.035    14.8220   0.169618     1.0831        600     2.4958     3.1839  0.000e+00
     -0.031    14.8241   0.165389     1.0547        601     2.5000     3.1838  0.000e+00
     -0.037    14.8265   0.170889     1.0915        602     2.5042     3.1819  0.000e+00
     -0.040    14.8267   0.157250     1.0002        603     2.5083     3.1816  0.000e+00
     -0.040    14.8264   0.135345     0.8546        604     2.5125     3.1813  0.000e+00
     -0.037    14.8266   0.101285     0.6312        605     2.5167     3.1802  0.000e+00
     -0.037    14.8277   0.101813     0.6346        606     2.5208     3.1806  0.000e+00
     -0.037    14.8285   0.131205     0.8272        607     2.5250     3.1797  0.000e+00
     -0.035    14.8255   0.123078     0.7738        608     2.5292     3.1795  0.000e+00
     -0.040    14.8241   0.108796     0.6802        609     2.5333     3.1796  0.000e+00
     -0.042    14.8245   0.105487     0.6586        610     2.5375     3.1786  0.000e+00
     -0.038    14.8255   0.111774     0.6996        611     2.5417     3.1780  0.000e+00
     -0.033    14.8277   0.110108     0.6887        612     2.5458     3.1789  0.000e+00
     -0.036    14.8296   0.101667     0.6337        613     2.5500     3.1780  0.000e+00
     -0.038    14.8313   0.092658     0.5752        614     2.5542     3.1777  0.000e+00
     -0.038    14.8316   0.083925     0.5189        615     2.5583     3.1777  0.000e+00
     -0.036    14.8319   0.067292     0.4126        616     2.5625     3.1787  0.000e+00
