HB2304/sbe055.cnv
* Sea-Bird SBE 19plus V2 Data File:
* FileName = C:\cruise\data\sbe055.hex
* Software Version Seasave V 7.26.7.121
* Temperature SN = 7037
* Conductivity SN = 7037
* System UpLoad Time = Oct 10 2023 20:51:04
** Ship: Bigelow
** Cruise:  HB2304
** Program:  Fall Bottom Trawl
# nquan = 7
# nvalues = 1306                                  
# units = specified
# name 0 = depSM: Depth [salt water, m], lat = 40.00
# name 1 = tv290C: Temperature [ITS-90, deg C]
# name 2 = c0S/m: Conductivity [S/m]
# name 3 = sal00: Salinity, Practical [PSU]
# name 4 = scan: Scan Count
# name 5 = timeM: Time, Elapsed [minutes]
# name 6 = flag:  0.000e+00
# span 0 =     -0.109,     62.306                 
# span 1 =    11.7632,    18.9914                 
# span 2 =  -0.000018,   4.507544                 
# span 3 =     0.0000,    33.8317                 
# span 4 =         11,       1316                 
# span 5 =     0.0417,     5.4792                 
# span 6 = 0.0000e+00, 0.0000e+00                 
# interval = seconds: 0.25
# start_time = Oct 10 2023 20:51:04 [System UTC, header]
# bad_flag = -9.990e-29
*END*
     -0.068    17.1069  -0.000012     0.0000         11     0.0417  0.000e+00
     -0.066    17.1049  -0.000015     0.0000         12     0.0458  0.000e+00
     -0.064    17.1030  -0.000012     0.0000         13     0.0500  0.000e+00
     -0.069    17.0989  -0.000012     0.0000         14     0.0542  0.000e+00
     -0.069    17.0949  -0.000012     0.0000         15     0.0583  0.000e+00
     -0.066    17.0900  -0.000012     0.0000         16     0.0625  0.000e+00
     -0.069    17.0883  -0.000018     0.0000         17     0.0667  0.000e+00
     -0.066    17.0867  -0.000012     0.0000         18     0.0708  0.000e+00
     -0.077    17.0848  -0.000015     0.0000         19     0.0750  0.000e+00
     -0.069    17.0875  -0.000012     0.0000         20     0.0792  0.000e+00
     -0.071    17.0915  -0.000018     0.0000         21     0.0833  0.000e+00
     -0.066    17.0969  -0.000012     0.0000         22     0.0875  0.000e+00
     -0.067    17.1001  -0.000018     0.0000         23     0.0917  0.000e+00
     -0.066    17.1028  -0.000012     0.0000         24     0.0958  0.000e+00
     -0.066    17.1054  -0.000015     0.0000         25     0.1000  0.000e+00
     -0.066    17.1060  -0.000018     0.0000         26     0.1042  0.000e+00
     -0.064    17.1027  -0.000018     0.0000         27     0.1083  0.000e+00
     -0.064    17.1004  -0.000018     0.0000         28     0.1125  0.000e+00
     -0.066    17.1029  -0.000018     0.0000         29     0.1167  0.000e+00
     -0.066    17.1103  -0.000012     0.0000         30     0.1208  0.000e+00
     -0.066    17.1160  -0.000018     0.0000         31     0.1250  0.000e+00
     -0.064    17.1217  -0.000018     0.0000         32     0.1292  0.000e+00
     -0.066    17.1277  -0.000012     0.0000         33     0.1333  0.000e+00
     -0.066    17.1339  -0.000012     0.0000         34     0.1375  0.000e+00
     -0.064    17.1401  -0.000012     0.0000         35     0.1417  0.000e+00
     -0.066    17.1465  -0.000018     0.0000         36     0.1458  0.000e+00
     -0.064    17.1518  -0.000018     0.0000         37     0.1500  0.000e+00
     -0.066    17.1584  -0.000015     0.0000         38     0.1542  0.000e+00
     -0.062    17.1646  -0.000012     0.0000         39     0.1583  0.000e+00
     -0.064    17.1658  -0.000018     0.0000         40     0.1625  0.000e+00
     -0.066    17.1648  -0.000012     0.0000         41     0.1667  0.000e+00
     -0.067    17.1671  -0.000018     0.0000         42     0.1708  0.000e+00
     -0.067    17.1737  -0.000012     0.0000         43     0.1750  0.000e+00
     -0.060    17.1822  -0.000018     0.0000         44     0.1792  0.000e+00
     -0.058    17.1894  -0.000018     0.0000         45     0.1833  0.000e+00
     -0.062    17.1951  -0.000018     0.0000         46     0.1875  0.000e+00
     -0.064    17.1996  -0.000012     0.0000         47     0.1917  0.000e+00
     -0.064    17.2037  -0.000018     0.0000         48     0.1958  0.000e+00
     -0.062    17.2075  -0.000018     0.0000         49     0.2000  0.000e+00
     -0.060    17.2076  -0.000018     0.0000         50     0.2042  0.000e+00
     -0.064    17.2063  -0.000018     0.0000         51     0.2083  0.000e+00
     -0.067    17.2066  -0.000015     0.0000         52     0.2125  0.000e+00
     -0.065    17.2097  -0.000018     0.0000         53     0.2167  0.000e+00
     -0.065    17.2135  -0.000018     0.0000         54     0.2208  0.000e+00
     -0.069    17.2188  -0.000018     0.0000         55     0.2250  0.000e+00
     -0.065    17.2241  -0.000018     0.0000         56     0.2292  0.000e+00
     -0.062    17.2263  -0.000018     0.0000         57     0.2333  0.000e+00
     -0.065    17.2236  -0.000010     0.0000         58     0.2375  0.000e+00
     -0.065    17.2201  -0.000012     0.0000         59     0.2417  0.000e+00
     -0.067    17.2195  -0.000012     0.0000         60     0.2458  0.000e+00
     -0.067    17.2123  -0.000012     0.0000         61     0.2500  0.000e+00
     -0.061    17.1996  -0.000012     0.0000         62     0.2542  0.000e+00
     -0.060    17.1946  -0.000018     0.0000         63     0.2583  0.000e+00
      0.101    17.2076   0.244457     1.5003         64     0.2625  0.000e+00
      0.282    17.2540   0.934726     6.2556         65     0.2667  0.000e+00
      0.486    17.3509   1.849959    13.0631         66     0.2708  0.000e+00
      0.737    17.4481   1.563639    10.8552         67     0.2750  0.000e+00
      1.003    17.5309   2.308390    16.5596         68     0.2792  0.000e+00
      1.254    17.5923   1.853063    13.0098         69     0.2833  0.000e+00
      1.489    17.6345   2.700121    19.6138         70     0.2875  0.000e+00
      1.696    17.6611   2.259706    16.1265         71     0.2917  0.000e+00
      1.861    17.6784   3.554632    26.5340         72     0.2958  0.000e+00
      1.986    17.6891   4.004536    30.2818         73     0.3000  0.000e+00
      2.096    17.6936   4.063088    30.7720         74     0.3042  0.000e+00
      2.186    17.6953   4.208442    32.0009         75     0.3083  0.000e+00
      2.275    17.6944   4.235869    32.2345         76     0.3125  0.000e+00
      2.380    17.6924   4.263720    32.4728         77     0.3167  0.000e+00
      2.499    17.6919   4.264262    32.4778         78     0.3208  0.000e+00
      2.651    17.6943   4.264336    32.4765         79     0.3250  0.000e+00
      2.822    17.6968   4.264349    32.4745         80     0.3292  0.000e+00
      3.003    17.6995   4.264237    32.4714         81     0.3333  0.000e+00
      3.166    17.7012   4.264137    32.4691         82     0.3375  0.000e+00
      3.316    17.7014   4.263695    32.4651         83     0.3417  0.000e+00
      3.442    17.7014   4.263029    32.4594         84     0.3458  0.000e+00
      3.567    17.7011   4.262555    32.4556         85     0.3500  0.000e+00
      3.686    17.6993   4.262518    32.4567         86     0.3542  0.000e+00
      3.796    17.6926   4.262144    32.4588         87     0.3583  0.000e+00
      3.896    17.6852   4.261877    32.4624         88     0.3625  0.000e+00
      3.984    17.6788   4.262562    32.4733         89     0.3667  0.000e+00
      4.085    17.6737   4.263920    32.4889         90     0.3708  0.000e+00
      4.214    17.6692   4.264531    32.4976         91     0.3750  0.000e+00
      4.364    17.6685   4.264431    32.4973         92     0.3792  0.000e+00
      4.530    17.6737   4.264362    32.4925         93     0.3833  0.000e+00
      4.694    17.6790   4.264481    32.4892         94     0.3875  0.000e+00
      4.862    17.6835   4.264481    32.4856         95     0.3917  0.000e+00
      5.027    17.6869   4.264450    32.4825         96     0.3958  0.000e+00
      5.191    17.6890   4.264412    32.4804         97     0.4000  0.000e+00
      5.361    17.6903   4.264313    32.4785         98     0.4042  0.000e+00
      5.527    17.6901   4.263796    32.4742         99     0.4083  0.000e+00
      5.692    17.6890   4.263055    32.4688        100     0.4125  0.000e+00
      5.845    17.6869   4.262039    32.4617        101     0.4167  0.000e+00
      5.994    17.6847   4.261535    32.4591        102     0.4208  0.000e+00
      6.125    17.6794   4.260869    32.4576        103     0.4250  0.000e+00
      6.245    17.6729   4.259617    32.4522        104     0.4292  0.000e+00
      6.360    17.6664   4.258783    32.4502        105     0.4333  0.000e+00
      6.476    17.6596   4.258783    32.4556        106     0.4375  0.000e+00
      6.597    17.6548   4.259842    32.4684        107     0.4417  0.000e+00
      6.727    17.6499   4.260770    32.4801        108     0.4458  0.000e+00
      6.861    17.6483   4.261586    32.4883        109     0.4500  0.000e+00
      7.002    17.6451   4.262053    32.4948        110     0.4542  0.000e+00
      7.156    17.6415   4.262221    32.4991        111     0.4583  0.000e+00
      7.309    17.6398   4.262271    32.5008        112     0.4625  0.000e+00
      7.475    17.6375   4.261979    32.5001        113     0.4667  0.000e+00
      7.643    17.6355   4.260995    32.4932        114     0.4708  0.000e+00
      7.810    17.6336   4.259351    32.4807        115     0.4750  0.000e+00
      7.980    17.6319   4.258554    32.4752        116     0.4792  0.000e+00
      8.144    17.6311   4.257508    32.4669        117     0.4833  0.000e+00
      8.312    17.6300   4.256574    32.4597        118     0.4875  0.000e+00
      8.478    17.6260   4.255423    32.4530        119     0.4917  0.000e+00
      8.634    17.6162   4.254097    32.4495        120     0.4958  0.000e+00
      8.797    17.6035   4.253002    32.4503        121     0.5000  0.000e+00
      8.948    17.5922   4.252281    32.4531        122     0.5042  0.000e+00
      9.104    17.5820   4.251646    32.4558        123     0.5083  0.000e+00
      9.257    17.5722   4.251329    32.4609        124     0.5125  0.000e+00
      9.411    17.5634   4.251106    32.4660        125     0.5167  0.000e+00
      9.559    17.5562   4.250857    32.4695        126     0.5208  0.000e+00
      9.716    17.5504   4.250571    32.4717        127     0.5250  0.000e+00
      9.870    17.5457   4.250104    32.4714        128     0.5292  0.000e+00
     10.029    17.5414   4.249395    32.4687        129     0.5333  0.000e+00
     10.186    17.5378   4.248450    32.4635        130     0.5375  0.000e+00
     10.343    17.5342   4.247828    32.4610        131     0.5417  0.000e+00
     10.506    17.5308   4.247287    32.4590        132     0.5458  0.000e+00
     10.659    17.5276   4.246653    32.4562        133     0.5500  0.000e+00
     10.813    17.5248   4.245720    32.4504        134     0.5542  0.000e+00
     10.956    17.5223   4.244595    32.4427        135     0.5583  0.000e+00
     11.098    17.5196   4.243718    32.4373        136     0.5625  0.000e+00
     11.238    17.5169   4.243302    32.4359        137     0.5667  0.000e+00
     11.366    17.5132   4.243252    32.4383        138     0.5708  0.000e+00
     11.500    17.5098   4.243346    32.4418        139     0.5750  0.000e+00
     11.624    17.5069   4.243476    32.4452        140     0.5792  0.000e+00
     11.753    17.5046   4.243719    32.4491        141     0.5833  0.000e+00
     11.883    17.5024   4.243887    32.4522        142     0.5875  0.000e+00
     12.013    17.5007   4.243986    32.4544        143     0.5917  0.000e+00
     12.147    17.4993   4.244328    32.4584        144     0.5958  0.000e+00
     12.282    17.4981   4.244645    32.4620        145     0.6000  0.000e+00
     12.421    17.4970   4.245211    32.4677        146     0.6042  0.000e+00
     12.561    17.4962   4.246256    32.4771        147     0.6083  0.000e+00
     12.707    17.4955   4.247071    32.4847        148     0.6125  0.000e+00
     12.853    17.4949   4.247581    32.4894        149     0.6167  0.000e+00
     13.011    17.4943   4.248072    32.4940        150     0.6208  0.000e+00
     13.170    17.4938   4.248887    32.5014        151     0.6250  0.000e+00
     13.331    17.4930   4.249789    32.5096        152     0.6292  0.000e+00
     13.500    17.4923   4.250107    32.5129        153     0.6333  0.000e+00
     13.674    17.4914   4.250132    32.5138        154     0.6375  0.000e+00
     13.847    17.4908   4.249765    32.5110        155     0.6417  0.000e+00
     14.021    17.4902   4.249118    32.5059        156     0.6458  0.000e+00
     14.194    17.4897   4.248514    32.5011        157     0.6500  0.000e+00
     14.370    17.4890   4.247781    32.4953        158     0.6542  0.000e+00
     14.547    17.4884   4.246630    32.4859        159     0.6583  0.000e+00
     14.715    17.4879   4.245772    32.4789        160     0.6625  0.000e+00
     14.888    17.4875   4.244404    32.4675        161     0.6667  0.000e+00
     15.058    17.4870   4.242962    32.4555        162     0.6708  0.000e+00
     15.230    17.4861   4.241986    32.4478        163     0.6750  0.000e+00
     15.408    17.4844   4.241128    32.4418        164     0.6792  0.000e+00
     15.575    17.4825   4.240687    32.4395        165     0.6833  0.000e+00
     15.741    17.4803   4.240296    32.4379        166     0.6875  0.000e+00
     15.902    17.4782   4.240029    32.4372        167     0.6917  0.000e+00
     16.057    17.4769   4.239830    32.4365        168     0.6958  0.000e+00
     16.205    17.4754   4.239687    32.4364        169     0.7000  0.000e+00
     16.343    17.4745   4.239662    32.4369        170     0.7042  0.000e+00
     16.487    17.4736   4.239712    32.4379        171     0.7083  0.000e+00
     16.616    17.4732   4.239805    32.4390        172     0.7125  0.000e+00
     16.751    17.4729   4.239954    32.4404        173     0.7167  0.000e+00
     16.887    17.4732   4.240178    32.4421        174     0.7208  0.000e+00
     17.026    17.4731   4.240887    32.4482        175     0.7250  0.000e+00
     17.170    17.4732   4.242229    32.4595        176     0.7292  0.000e+00
     17.320    17.4732   4.243709    32.4721        177     0.7333  0.000e+00
     17.481    17.4728   4.245089    32.4842        178     0.7375  0.000e+00
     17.649    17.4729   4.246731    32.4981        179     0.7417  0.000e+00
     17.825    17.4732   4.248149    32.5099        180     0.7458  0.000e+00
     18.002    17.4736   4.249916    32.5246        181     0.7500  0.000e+00
     18.188    17.4762   4.251409    32.5352        182     0.7542  0.000e+00
     18.387    17.4786   4.252436    32.5420        183     0.7583  0.000e+00
     18.584    17.4832   4.252143    32.5357        184     0.7625  0.000e+00
     18.784    17.4897   4.250426    32.5158        185     0.7667  0.000e+00
     18.985    17.4946   4.248342    32.4940        186     0.7708  0.000e+00
     19.185    17.4974   4.246414    32.4752        187     0.7750  0.000e+00
     19.379    17.4989   4.243890    32.4524        188     0.7792  0.000e+00
     19.565    17.4985   4.241838    32.4351        189     0.7833  0.000e+00
     19.744    17.4969   4.241130    32.4302        190     0.7875  0.000e+00
     19.905    17.4961   4.242013    32.4384        191     0.7917  0.000e+00
     20.055    17.4980   4.243430    32.4489        192     0.7958  0.000e+00
     20.190    17.5114   4.247584    32.4736        193     0.8000  0.000e+00
     20.321    17.5396   4.252392    32.4920        194     0.8042  0.000e+00
     20.449    17.5753   4.257122    32.5038        195     0.8083  0.000e+00
     20.574    17.6121   4.260801    32.5057        196     0.8125  0.000e+00
     20.700    17.6486   4.263603    32.5003        197     0.8167  0.000e+00
     20.828    17.6762   4.265378    32.4933        198     0.8208  0.000e+00
     20.964    17.6991   4.266693    32.4861        199     0.8250  0.000e+00
     21.101    17.7196   4.267858    32.4797        200     0.8292  0.000e+00
     21.240    17.7382   4.271928    32.4993        201     0.8333  0.000e+00
     21.389    17.7545   4.280091    32.5556        202     0.8375  0.000e+00
     21.546    17.7722   4.285533    32.5876        203     0.8417  0.000e+00
     21.701    17.7962   4.292590    32.6283        204     0.8458  0.000e+00
     21.876    17.8264   4.299194    32.6602        205     0.8500  0.000e+00
     22.053    17.8697   4.304283    32.6686        206     0.8542  0.000e+00
     22.240    17.9085   4.308198    32.6706        207     0.8583  0.000e+00
     22.426    17.9383   4.311264    32.6727        208     0.8625  0.000e+00
     22.615    17.9685   4.313304    32.6657        209     0.8667  0.000e+00
     22.800    18.0017   4.318619    32.6841        210     0.8708  0.000e+00
     22.984    18.0437   4.327428    32.7249        211     0.8750  0.000e+00
     23.170    18.0945   4.339870    32.7893        212     0.8792  0.000e+00
     23.349    18.1521   4.349381    32.8234        213     0.8833  0.000e+00
     23.524    18.2158   4.358058    32.8454        214     0.8875  0.000e+00
     23.696    18.2811   4.365792    32.8582        215     0.8917  0.000e+00
