HB2304/sbe079.cnv
* Sea-Bird SBE 19plus V2 Data File:
* FileName = C:\cruise\data\sbe079.hex
* Software Version Seasave V 7.26.7.121
* Temperature SN = 7037
* Conductivity SN = 7037
* System UpLoad Time = Oct 18 2023 10:00:33
** Ship: Bigelow
** Cruise:  HB2304
** Program:  Fall Bottom Trawl
# nquan = 7
# nvalues = 4244                                  
# units = specified
# name 0 = depSM: Depth [salt water, m], lat = 40.00
# name 1 = tv290C: Temperature [ITS-90, deg C]
# name 2 = c0S/m: Conductivity [S/m]
# name 3 = sal00: Salinity, Practical [PSU]
# name 4 = scan: Scan Count
# name 5 = timeM: Time, Elapsed [minutes]
# name 6 = flag:  0.000e+00
# span 0 =      0.004,    200.131                 
# span 1 =     6.5555,    15.2348                 
# span 2 =  -0.000007,   3.861134                 
# span 3 =     0.0000,    34.7484                 
# span 4 =         11,       4254                 
# span 5 =     0.0417,    17.7208                 
# span 6 = 0.0000e+00, 0.0000e+00                 
# interval = seconds: 0.25
# start_time = Oct 18 2023 10:00:33 [System UTC, header]
# bad_flag = -9.990e-29
*END*
[from data line 206]
     15.054    15.2229   3.847020    30.7969        217     0.9000  0.000e+00
     15.217    15.2204   3.847994    30.8074        218     0.9042  0.000e+00
     15.376    15.2192   3.850054    30.8267        219     0.9083  0.000e+00
     15.528    15.2186   3.850825    30.8340        220     0.9125  0.000e+00
     15.665    15.2178   3.851428    30.8400        221     0.9167  0.000e+00
     15.802    15.2167   3.851757    30.8437        222     0.9208  0.000e+00
     15.931    15.2161   3.852276    30.8487        223     0.9250  0.000e+00
     16.055    15.2160   3.851894    30.8454        224     0.9292  0.000e+00
     16.184    15.2166   3.851823    30.8442        225     0.9333  0.000e+00
     16.308    15.2173   3.851733    30.8428        226     0.9375  0.000e+00
     16.435    15.2183   3.851327    30.8383        227     0.9417  0.000e+00
     16.561    15.2189   3.850688    30.8322        228     0.9458  0.000e+00
     16.690    15.2184   3.850646    30.8321        229     0.9500  0.000e+00
     16.809    15.2183   3.850742    30.8330        230     0.9542  0.000e+00
     16.934    15.2176   3.850347    30.8300        231     0.9583  0.000e+00
     17.049    15.2165   3.850055    30.8283        232     0.9625  0.000e+00
     17.165    15.2149   3.849350    30.8232        233     0.9667  0.000e+00
     17.270    15.2119   3.848060    30.8140        234     0.9708  0.000e+00
     17.376    15.2083   3.842121    30.7639        235     0.9750  0.000e+00
     17.488    15.2024   3.834521    30.7008        236     0.9792  0.000e+00
     17.601    15.1964   3.833257    30.6941        237     0.9833  0.000e+00
     17.725    15.1919   3.830599    30.6739        238     0.9875  0.000e+00
     17.859    15.1774   3.829169    30.6724        239     0.9917  0.000e+00
     17.996    15.1476   3.829539    30.6990        240     0.9958  0.000e+00
     18.146    15.1196   3.834338    30.7638        241     1.0000  0.000e+00
     18.305    15.1054   3.841770    30.8413        242     1.0042  0.000e+00
     18.468    15.0989   3.847746    30.8997        243     1.0083  0.000e+00
     18.636    15.1013   3.853916    30.9529        244     1.0125  0.000e+00
     18.813    15.1066   3.856731    30.9738        245     1.0167  0.000e+00
     18.990    15.1122   3.857842    30.9792        246     1.0208  0.000e+00
     19.167    15.1170   3.858123    30.9779        247     1.0250  0.000e+00
     19.353    15.1201   3.857980    30.9741        248     1.0292  0.000e+00
     19.536    15.1232   3.858249    30.9740        249     1.0333  0.000e+00
     19.715    15.1260   3.858913    30.9776        250     1.0375  0.000e+00
     19.892    15.1276   3.858703    30.9744        251     1.0417  0.000e+00
     20.067    15.1277   3.858572    30.9731        252     1.0458  0.000e+00
     20.235    15.1239   3.858476    30.9752        253     1.0500  0.000e+00
     20.400    15.1177   3.858363    30.9791        254     1.0542  0.000e+00
     20.555    15.1096   3.858662    30.9881        255     1.0583  0.000e+00
     20.711    15.0925   3.857616    30.9922        256     1.0625  0.000e+00
     20.861    15.0572   3.855561    31.0017        257     1.0667  0.000e+00
     21.011    15.0053   3.852669    31.0169        258     1.0708  0.000e+00
     21.150    14.9399   3.849289    31.0385        259     1.0750  0.000e+00
     21.280    14.8718   3.845779    31.0610        260     1.0792  0.000e+00
     21.410    14.7951   3.841728    31.0856        261     1.0833  0.000e+00
     21.533    14.7128   3.835996    31.0996        262     1.0875  0.000e+00
     21.648    14.6305   3.830715    31.1176        263     1.0917  0.000e+00
     21.755    14.5397   3.825538    31.1436        264     1.0958  0.000e+00
     21.858    14.4343   3.821233    31.1892        265     1.1000  0.000e+00
     21.948    14.3293   3.818823    31.2519        266     1.1042  0.000e+00
     22.042    14.2396   3.817973    31.3166        267     1.1083  0.000e+00
     22.140    14.1658   3.820319    31.3979        268     1.1125  0.000e+00
     22.243    14.1266   3.823273    31.4569        269     1.1167  0.000e+00
     22.355    14.1028   3.784974    31.1256        270     1.1208  0.000e+00
     22.482    14.0014   3.771183    31.0811        271     1.1250  0.000e+00
     22.637    13.8427   3.770243    31.2009        272     1.1292  0.000e+00
     22.803    13.7196   3.769339    31.2928        273     1.1333  0.000e+00
     22.980    13.6373   3.769559    31.3620        274     1.1375  0.000e+00
     23.168    13.5865   3.768654    31.3952        275     1.1417  0.000e+00
     23.371    13.5544   3.765694    31.3941        276     1.1458  0.000e+00
     23.593    13.5227   3.764044    31.4047        277     1.1500  0.000e+00
     23.828    13.4912   3.761174    31.4039        278     1.1542  0.000e+00
     24.057    13.4586   3.756946    31.3913        279     1.1583  0.000e+00
     24.290    13.4202   3.749693    31.3553        280     1.1625  0.000e+00
     24.523    13.3634   3.744141    31.3502        281     1.1667  0.000e+00
     24.751    13.2969   3.743617    31.4001        282     1.1708  0.000e+00
     24.984    13.2443   3.738818    31.3986        283     1.1750  0.000e+00
     25.210    13.1957   3.734877    31.4018        284     1.1792  0.000e+00
     25.423    13.1421   3.730991    31.4096        285     1.1833  0.000e+00
     25.624    13.0877   3.728238    31.4287        286     1.1875  0.000e+00
     25.810    13.0375   3.725739    31.4468        287     1.1917  0.000e+00
     25.989    12.9934   3.724320    31.4700        288     1.1958  0.000e+00
     26.154    12.9569   3.723213    31.4899        289     1.2000  0.000e+00
     26.305    12.9272   3.721451    31.4980        290     1.2042  0.000e+00
     26.445    12.9002   3.720492    31.5113        291     1.2083  0.000e+00
     26.586    12.8756   3.719014    31.5179        292     1.2125  0.000e+00
     26.716    12.8505   3.717448    31.5239        293     1.2167  0.000e+00
     26.842    12.8256   3.716035    31.5313        294     1.2208  0.000e+00
     26.969    12.8012   3.714587    31.5380        295     1.2250  0.000e+00
     27.095    12.7752   3.712298    31.5380        296     1.2292  0.000e+00
     27.224    12.7468   3.710274    31.5425        297     1.2333  0.000e+00
     27.352    12.7173   3.707786    31.5436        298     1.2375  0.000e+00
     27.491    12.6848   3.706228    31.5560        299     1.2417  0.000e+00
     27.630    12.6541   3.704705    31.5672        300     1.2458  0.000e+00
     27.784    12.6256   3.702442    31.5695        301     1.2500  0.000e+00
     27.943    12.5964   3.700591    31.5764        302     1.2542  0.000e+00
     28.111    12.5644   3.699575    31.5936        303     1.2583  0.000e+00
     28.291    12.5350   3.699029    31.6130        304     1.2625  0.000e+00
     28.479    12.5118   3.697995    31.6225        305     1.2667  0.000e+00
     28.680    12.4922   3.696003    31.6200        306     1.2708  0.000e+00
     28.891    12.4697   3.694406    31.6236        307     1.2750  0.000e+00
     29.112    12.4450   3.691358    31.6153        308     1.2792  0.000e+00
     29.340    12.4124   3.688265    31.6132        309     1.2833  0.000e+00
     29.573    12.3717   3.684786    31.6142        310     1.2875  0.000e+00
     29.806    12.3231   3.680229    31.6116        311     1.2917  0.000e+00
     30.037    12.2665   3.671947    31.5800        312     1.2958  0.000e+00
     30.263    12.1903   3.657365    31.5045        313     1.3000  0.000e+00
     30.476    12.0677   3.627314    31.3194        314     1.3042  0.000e+00
     30.682    11.8472   3.606550    31.3047        315     1.3083  0.000e+00
     30.879    11.5726   3.599674    31.4700        316     1.3125  0.000e+00
     31.062    11.3299   3.588762    31.5705        317     1.3167  0.000e+00
     31.234    11.1267   3.575469    31.6142        318     1.3208  0.000e+00
     31.393    10.9318   3.558752    31.6173        319     1.3250  0.000e+00
     31.539    10.7308   3.543048    31.6354        320     1.3292  0.000e+00
     31.675    10.5204   3.533485    31.7228        321     1.3333  0.000e+00
     31.803    10.3165   3.518062    31.7464        322     1.3375  0.000e+00
     31.922    10.1207   3.511363    31.8506        323     1.3417  0.000e+00
     32.042     9.9482   3.511239    32.0017        324     1.3458  0.000e+00
     32.172     9.8279   3.510458    32.1005        325     1.3500  0.000e+00
     32.311     9.7491   3.499095    32.0552        326     1.3542  0.000e+00
     32.457     9.6639   3.500367    32.1441        327     1.3583  0.000e+00
     32.614     9.5917   3.498040    32.1849        328     1.3625  0.000e+00
     32.784     9.5435   3.493140    32.1780        329     1.3667  0.000e+00
     32.963     9.4909   3.489305    32.1858        330     1.3708  0.000e+00
     33.149     9.4395   3.487423    32.2126        331     1.3750  0.000e+00
     33.344     9.3943   3.486982    32.2486        332     1.3792  0.000e+00
     33.547     9.3608   3.486414    32.2730        333     1.3833  0.000e+00
     33.751     9.3367   3.481722    32.2464        334     1.3875  0.000e+00
     33.959     9.3074   3.477605    32.2303        335     1.3917  0.000e+00
     34.160     9.2681   3.472717    32.2153        336     1.3958  0.000e+00
     34.355     9.2192   3.468461    32.2155        337     1.4000  0.000e+00
     34.543     9.1668   3.465135    32.2285        338     1.4042  0.000e+00
     34.718     9.1157   3.462211    32.2444        339     1.4083  0.000e+00
     34.884     9.0698   3.460324    32.2663        340     1.4125  0.000e+00
     35.049     9.0300   3.458917    32.2878        341     1.4167  0.000e+00
     35.206     8.9976   3.457453    32.3020        342     1.4208  0.000e+00
     35.367     8.9710   3.455869    32.3096        343     1.4250  0.000e+00
     35.535     8.9464   3.455057    32.3235        344     1.4292  0.000e+00
     35.701     8.9264   3.454183    32.3325        345     1.4333  0.000e+00
     35.882     8.9098   3.453331    32.3387        346     1.4375  0.000e+00
     36.057     8.8954   3.453143    32.3498        347     1.4417  0.000e+00
     36.240     8.8844   3.452440    32.3524        348     1.4458  0.000e+00
     36.422     8.8756   3.452349    32.3594        349     1.4500  0.000e+00
     36.601     8.8688   3.451977    32.3617        350     1.4542  0.000e+00
     36.775     8.8637   3.451023    32.3563        351     1.4583  0.000e+00
     36.941     8.8565   3.450017    32.3523        352     1.4625  0.000e+00
     37.095     8.8475   3.449749    32.3576        353     1.4667  0.000e+00
     37.241     8.8389   3.449086    32.3585        354     1.4708  0.000e+00
     37.380     8.8308   3.448297    32.3576        355     1.4750  0.000e+00
     37.510     8.8220   3.448001    32.3625        356     1.4792  0.000e+00
     37.635     8.8144   3.448109    32.3705        357     1.4833  0.000e+00
     37.749     8.8088   3.447607    32.3703        358     1.4875  0.000e+00
     37.870     8.8039   3.448127    32.3802        359     1.4917  0.000e+00
     37.995     8.8011   3.447652    32.3777        360     1.4958  0.000e+00
     38.137     8.7989   3.447424    32.3773        361     1.5000  0.000e+00
     38.282     8.7965   3.447013    32.3751        362     1.5042  0.000e+00
     38.452     8.7932   3.446904    32.3769        363     1.5083  0.000e+00
     38.625     8.7898   3.446739    32.3782        364     1.5125  0.000e+00
     38.810     8.7869   3.446590    32.3792        365     1.5167  0.000e+00
     39.005     8.7849   3.446036    32.3752        366     1.5208  0.000e+00
     39.204     8.7814   3.445014    32.3676        367     1.5250  0.000e+00
     39.410     8.7756   3.445345    32.3763        368     1.5292  0.000e+00
     39.612     8.7709   3.444534    32.3720        369     1.5333  0.000e+00
     39.809     8.7662   3.443581    32.3663        370     1.5375  0.000e+00
     40.001     8.7597   3.442353    32.3594        371     1.5417  0.000e+00
     40.176     8.7505   3.442045    32.3644        372     1.5458  0.000e+00
     40.335     8.7417   3.441446    32.3662        373     1.5500  0.000e+00
     40.478     8.7337   3.440818    32.3669        374     1.5542  0.000e+00
     40.604     8.7261   3.440030    32.3656        375     1.5583  0.000e+00
     40.733     8.7180   3.438581    32.3578        376     1.5625  0.000e+00
     40.848     8.7074   3.436840    32.3492        377     1.5667  0.000e+00
     40.968     8.6930   3.434439    32.3372        378     1.5708  0.000e+00
     41.100     8.6732   3.431815    32.3278        379     1.5750  0.000e+00
     41.241     8.6497   3.428264    32.3121        380     1.5792  0.000e+00
     41.403     8.6196   3.425619    32.3118        381     1.5833  0.000e+00
     41.562     8.5874   3.425101    32.3358        382     1.5875  0.000e+00
     41.738     8.5611   3.425090    32.3597        383     1.5917  0.000e+00
     41.918     8.5434   3.424794    32.3727        384     1.5958  0.000e+00
     42.103     8.5315   3.424680    32.3824        385     1.6000  0.000e+00
     42.296     8.5232   3.422487    32.3668        386     1.6042  0.000e+00
     42.497     8.5112   3.418552    32.3364        387     1.6083  0.000e+00
     42.701     8.4880   3.415142    32.3218        388     1.6125  0.000e+00
     42.900     8.4576   3.410989    32.3059        389     1.6167  0.000e+00
     43.079     8.4214   3.406741    32.2944        390     1.6208  0.000e+00
     43.250     8.3784   3.404524    32.3103        391     1.6250  0.000e+00
     43.406     8.3373   3.403012    32.3321        392     1.6292  0.000e+00
     43.551     8.3018   3.400518    32.3384        393     1.6333  0.000e+00
     43.686     8.2676   3.399331    32.3572        394     1.6375  0.000e+00
     43.807     8.2365   3.398922    32.3815        395     1.6417  0.000e+00
     43.930     8.2127   3.398996    32.4042        396     1.6458  0.000e+00
     44.049     8.1958   3.398559    32.4151        397     1.6500  0.000e+00
     44.169     8.1830   3.398656    32.4278        398     1.6542  0.000e+00
     44.284     8.1740   3.398560    32.4351        399     1.6583  0.000e+00
     44.404     8.1666   3.399128    32.4479        400     1.6625  0.000e+00
     44.521     8.1620   3.398849    32.4491        401     1.6667  0.000e+00
     44.640     8.1581   3.398514    32.4492        402     1.6708  0.000e+00
     44.758     8.1537   3.398634    32.4545        403     1.6750  0.000e+00
     44.884     8.1500   3.398515    32.4566        404     1.6792  0.000e+00
     45.015     8.1473   3.397986    32.4534        405     1.6833  0.000e+00
     45.148     8.1439   3.397651    32.4529        406     1.6875  0.000e+00
     45.293     8.1392   3.397578    32.4564        407     1.6917  0.000e+00
     45.445     8.1353   3.396987    32.4537        408     1.6958  0.000e+00
     45.600     8.1313   3.396516    32.4523        409     1.7000  0.000e+00
     45.766     8.1253   3.396226    32.4547        410     1.7042  0.000e+00
     45.942     8.1211   3.396323    32.4596        411     1.7083  0.000e+00
     46.128     8.1167   3.396760    32.4682        412     1.7125  0.000e+00
     46.318     8.1141   3.397413    32.4774        413     1.7167  0.000e+00
     46.504     8.1139   3.397720    32.4808        414     1.7208  0.000e+00
     46.701     8.1159   3.397947    32.4813        415     1.7250  0.000e+00
     46.894     8.1171   3.397743    32.4779        416     1.7292  0.000e+00
     47.093     8.1166   3.397005    32.4705        417     1.7333  0.000e+00
     47.296     8.1130   3.396857    32.4721        418     1.7375  0.000e+00
     47.484     8.1080   3.396738    32.4754        419     1.7417  0.000e+00
     47.681     8.1030   3.396625    32.4787        420     1.7458  0.000e+00
