HB2304/sbe097.cnv
* Sea-Bird SBE 19plus V2 Data File:
* FileName = C:\cruise\data\sbe097.hex
* Software Version Seasave V 7.26.7.121
* Temperature SN = 7037
* Conductivity SN = 7037
* System UpLoad Time = Oct 31 2023 03:45:05
** Ship: Bigelow
** Cruise:  HB2304
** Program:  Fall Bottom Trawl
# nquan = 8
# nvalues = 1426                                  
# units = specified
# name 0 = depSM: Depth [salt water, m], lat = 40.00
# name 1 = tv290C: Temperature [ITS-90, deg C]
# name 2 = c0S/m: Conductivity [S/m]
# name 3 = sal00: Salinity, Practical [PSU]
# name 4 = scan: Scan Count
# name 5 = timeM: Time, Elapsed [minutes]
# name 6 = sbeox0V: Oxygen raw, SBE 43 [V]
# name 7 = flag:  0.000e+00
# span 0 =     -0.087,     29.494                 
# span 1 =    12.0966,    15.5758                 
# span 2 =  -0.000014,   3.949876                 
# span 3 =     0.0000,    31.9079                 
# span 4 =         11,       1436                 
# span 5 =     0.0417,     5.9792                 
# span 6 =     2.4523,     3.1518                 
# span 7 = 0.0000e+00, 0.0000e+00                 
# interval = seconds: 0.25
# start_time = Oct 31 2023 03:45:05 [System UTC, header]
# bad_flag = -9.990e-29
*END*
[from data line 540]
     26.202    15.5580   3.949803    31.4412        551     2.2917     3.0768  0.000e+00
     26.099    15.5581   3.949803    31.4412        552     2.2958     3.0775  0.000e+00
     25.997    15.5581   3.949755    31.4408        553     2.3000     3.0778  0.000e+00
     25.885    15.5579   3.949803    31.4414        554     2.3042     3.0729  0.000e+00
     25.784    15.5579   3.949779    31.4413        555     2.3083     3.0723  0.000e+00
     25.688    15.5578   3.949827    31.4418        556     2.3125     3.0765  0.000e+00
     25.598    15.5578   3.949755    31.4412        557     2.3167     3.0741  0.000e+00
     25.518    15.5579   3.949640    31.4401        558     2.3208     3.0728  0.000e+00
     25.444    15.5577   3.949640    31.4403        559     2.3250     3.0732  0.000e+00
     25.383    15.5575   3.949640    31.4404        560     2.3292     3.0782  0.000e+00
     25.325    15.5576   3.949616    31.4402        561     2.3333     3.0735  0.000e+00
     25.278    15.5576   3.949616    31.4402        562     2.3375     3.0719  0.000e+00
     25.231    15.5575   3.949592    31.4401        563     2.3417     3.0720  0.000e+00
     25.180    15.5572   3.949592    31.4404        564     2.3458     3.0745  0.000e+00
     25.129    15.5574   3.949616    31.4404        565     2.3500     3.0767  0.000e+00
     25.081    15.5575   3.949616    31.4404        566     2.3542     3.0748  0.000e+00
     25.026    15.5575   3.949640    31.4406        567     2.3583     3.0752  0.000e+00
     24.972    15.5574   3.949730    31.4415        568     2.3625     3.0774  0.000e+00
     24.911    15.5578   3.949778    31.4416        569     2.3667     3.0751  0.000e+00
     24.844    15.5579   3.949754    31.4414        570     2.3708     3.0773  0.000e+00
     24.773    15.5582   3.949664    31.4404        571     2.3750     3.0756  0.000e+00
     24.703    15.5584   3.949543    31.4391        572     2.3792     3.0739  0.000e+00
     24.634    15.5581   3.949543    31.4394        573     2.3833     3.0760  0.000e+00
     24.574    15.5578   3.949543    31.4397        574     2.3875     3.0761  0.000e+00
     24.507    15.5577   3.949543    31.4398        575     2.3917     3.0745  0.000e+00
     24.446    15.5578   3.949543    31.4397        576     2.3958     3.0759  0.000e+00
     24.386    15.5575   3.949543    31.4400        577     2.4000     3.0770  0.000e+00
     24.327    15.5576   3.949543    31.4399        578     2.4042     3.0762  0.000e+00
     24.265    15.5575   3.949543    31.4400        579     2.4083     3.0783  0.000e+00
     24.204    15.5575   3.949519    31.4398        580     2.4125     3.0729  0.000e+00
     24.122    15.5576   3.949519    31.4398        581     2.4167     3.0725  0.000e+00
     24.035    15.5575   3.949519    31.4399        582     2.4208     3.0721  0.000e+00
     23.947    15.5575   3.949519    31.4399        583     2.4250     3.0722  0.000e+00
     23.853    15.5576   3.949519    31.4399        584     2.4292     3.0735  0.000e+00
     23.755    15.5577   3.949476    31.4395        585     2.4333     3.0706  0.000e+00
     23.654    15.5575   3.949500    31.4399        586     2.4375     3.0741  0.000e+00
     23.562    15.5573   3.949476    31.4398        587     2.4417     3.0738  0.000e+00
     23.464    15.5573   3.949500    31.4401        588     2.4458     3.0746  0.000e+00
     23.367    15.5572   3.949452    31.4398        589     2.4500     3.0772  0.000e+00
     23.289    15.5573   3.949452    31.4397        590     2.4542     3.0769  0.000e+00
     23.211    15.5572   3.949464    31.4399        591     2.4583     3.0772  0.000e+00
     23.146    15.5572   3.949452    31.4399        592     2.4625     3.0789  0.000e+00
     23.098    15.5571   3.949452    31.4400        593     2.4667     3.0788  0.000e+00
     23.049    15.5572   3.949476    31.4402        594     2.4708     3.0785  0.000e+00
     23.005    15.5572   3.949452    31.4400        595     2.4750     3.0786  0.000e+00
     22.969    15.5572   3.949476    31.4401        596     2.4792     3.0781  0.000e+00
     22.937    15.5572   3.949500    31.4403        597     2.4833     3.0775  0.000e+00
     22.908    15.5572   3.949476    31.4402        598     2.4875     3.0780  0.000e+00
     22.884    15.5572   3.949500    31.4404        599     2.4917     3.0792  0.000e+00
     22.855    15.5573   3.949476    31.4401        600     2.4958     3.0773  0.000e+00
     22.828    15.5572   3.949452    31.4400        601     2.5000     3.0793  0.000e+00
     22.792    15.5573   3.949476    31.4401        602     2.5042     3.0793  0.000e+00
     22.754    15.5572   3.949476    31.4403        603     2.5083     3.0783  0.000e+00
     22.705    15.5572   3.949452    31.4400        604     2.5125     3.0786  0.000e+00
     22.658    15.5572   3.949476    31.4403        605     2.5167     3.0782  0.000e+00
     22.604    15.5574   3.949452    31.4399        606     2.5208     3.0763  0.000e+00
     22.553    15.5572   3.949452    31.4401        607     2.5250     3.0768  0.000e+00
     22.494    15.5575   3.949518    31.4405        608     2.5292     3.0768  0.000e+00
     22.427    15.5576   3.949542    31.4406        609     2.5333     3.0757  0.000e+00
     22.367    15.5579   3.949518    31.4401        610     2.5375     3.0713  0.000e+00
     22.299    15.5582   3.949518    31.4400        611     2.5417     3.0767  0.000e+00
     22.233    15.5585   3.949518    31.4398        612     2.5458     3.0735  0.000e+00
     22.170    15.5586   3.949542    31.4399        613     2.5500     3.0771  0.000e+00
     22.103    15.5586   3.949500    31.4396        614     2.5542     3.0728  0.000e+00
     22.027    15.5585   3.949500    31.4397        615     2.5583     3.0769  0.000e+00
     21.953    15.5585   3.949476    31.4395        616     2.5625     3.0735  0.000e+00
     21.866    15.5583   3.949476    31.4396        617     2.5667     3.0739  0.000e+00
     21.792    15.5582   3.949476    31.4398        618     2.5708     3.0770  0.000e+00
     21.722    15.5581   3.949451    31.4397        619     2.5750     3.0709  0.000e+00
     21.658    15.5580   3.949427    31.4395        620     2.5792     3.0769  0.000e+00
     21.599    15.5582   3.949476    31.4399        621     2.5833     3.0754  0.000e+00
     21.546    15.5585   3.949427    31.4392        622     2.5875     3.0770  0.000e+00
     21.498    15.5587   3.949451    31.4392        623     2.5917     3.0751  0.000e+00
     21.452    15.5587   3.949403    31.4388        624     2.5958     3.0767  0.000e+00
     21.409    15.5590   3.949379    31.4384        625     2.6000     3.0776  0.000e+00
     21.373    15.5592   3.949373    31.4382        626     2.6042     3.0761  0.000e+00
     21.335    15.5594   3.949403    31.4384        627     2.6083     3.0767  0.000e+00
     21.295    15.5590   3.949403    31.4386        628     2.6125     3.0774  0.000e+00
     21.246    15.5590   3.949403    31.4387        629     2.6167     3.0769  0.000e+00
     21.210    15.5586   3.949379    31.4388        630     2.6208     3.0793  0.000e+00
     21.165    15.5586   3.949379    31.4388        631     2.6250     3.0790  0.000e+00
     21.127    15.5586   3.949355    31.4386        632     2.6292     3.0800  0.000e+00
     21.084    15.5589   3.949379    31.4386        633     2.6333     3.0796  0.000e+00
     21.048    15.5588   3.949355    31.4385        634     2.6375     3.0813  0.000e+00
     21.006    15.5590   3.949379    31.4386        635     2.6417     3.0792  0.000e+00
     20.975    15.5589   3.949403    31.4389        636     2.6458     3.0785  0.000e+00
     20.943    15.5589   3.949403    31.4389        637     2.6500     3.0796  0.000e+00
     20.917    15.5590   3.949403    31.4388        638     2.6542     3.0800  0.000e+00
     20.894    15.5587   3.949403    31.4390        639     2.6583     3.0795  0.000e+00
     20.881    15.5590   3.949379    31.4386        640     2.6625     3.0794  0.000e+00
     20.852    15.5591   3.949379    31.4385        641     2.6667     3.0786  0.000e+00
     20.829    15.5594   3.949330    31.4379        642     2.6708     3.0788  0.000e+00
     20.802    15.5598   3.949288    31.4372        643     2.6750     3.0785  0.000e+00
     20.760    15.5600   3.949288    31.4371        644     2.6792     3.0780  0.000e+00
     20.718    15.5601   3.949379    31.4378        645     2.6833     3.0773  0.000e+00
     20.668    15.5598   3.949379    31.4380        646     2.6875     3.0782  0.000e+00
     20.612    15.5597   3.949379    31.4382        647     2.6917     3.0777  0.000e+00
     20.547    15.5594   3.949330    31.4380        648     2.6958     3.0785  0.000e+00
     20.478    15.5594   3.949312    31.4379        649     2.7000     3.0766  0.000e+00
     20.404    15.5597   3.949330    31.4378        650     2.7042     3.0774  0.000e+00
     20.326    15.5598   3.949330    31.4377        651     2.7083     3.0789  0.000e+00
     20.252    15.5598   3.949288    31.4374        652     2.7125     3.0790  0.000e+00
     20.187    15.5598   3.949288    31.4375        653     2.7167     3.0790  0.000e+00
     20.120    15.5598   3.949240    31.4371        654     2.7208     3.0796  0.000e+00
     20.057    15.5599   3.949288    31.4374        655     2.7250     3.0793  0.000e+00
     20.003    15.5600   3.949215    31.4367        656     2.7292     3.0789  0.000e+00
     19.961    15.5601   3.949167    31.4362        657     2.7333     3.0788  0.000e+00
     19.916    15.5605   3.949240    31.4365        658     2.7375     3.0781  0.000e+00
     19.880    15.5608   3.949167    31.4357        659     2.7417     3.0783  0.000e+00
     19.853    15.5610   3.948588    31.4304        660     2.7458     3.0793  0.000e+00
     19.831    15.5620   3.948564    31.4293        661     2.7500     3.0792  0.000e+00
     19.818    15.5633   3.948491    31.4277        662     2.7542     3.0793  0.000e+00
     19.800    15.5642   3.948304    31.4253        663     2.7583     3.0785  0.000e+00
     19.795    15.5651   3.948214    31.4238        664     2.7625     3.0797  0.000e+00
     19.782    15.5657   3.948328    31.4243        665     2.7667     3.0805  0.000e+00
     19.769    15.5663   3.948515    31.4255        666     2.7708     3.0832  0.000e+00
     19.762    15.5662   3.948256    31.4233        667     2.7750     3.0838  0.000e+00
     19.742    15.5665   3.947906    31.4200        668     2.7792     3.0854  0.000e+00
     19.724    15.5669   3.947858    31.4193        669     2.7833     3.0864  0.000e+00
     19.701    15.5674   3.947719    31.4176        670     2.7875     3.0864  0.000e+00
     19.670    15.5680   3.947695    31.4170        671     2.7917     3.0878  0.000e+00
     19.637    15.5684   3.947556    31.4154        672     2.7958     3.0864  0.000e+00
     19.601    15.5688   3.947417    31.4139        673     2.8000     3.0887  0.000e+00
     19.565    15.5692   3.947369    31.4131        674     2.8042     3.0886  0.000e+00
     19.527    15.5698   3.947345    31.4125        675     2.8083     3.0872  0.000e+00
     19.495    15.5700   3.947303    31.4119        676     2.8125     3.0880  0.000e+00
     19.460    15.5702   3.947441    31.4131        677     2.8167     3.0905  0.000e+00
     19.419    15.5703   3.947490    31.4134        678     2.8208     3.0904  0.000e+00
     19.384    15.5702   3.947508    31.4136        679     2.8250     3.0931  0.000e+00
     19.339    15.5702   3.947417    31.4129        680     2.8292     3.0943  0.000e+00
     19.307    15.5703   3.947091    31.4099        681     2.8333     3.0945  0.000e+00
     19.271    15.5707   3.947115    31.4098        682     2.8375     3.0970  0.000e+00
     19.233    15.5711   3.947091    31.4093        683     2.8417     3.0988  0.000e+00
     19.196    15.5714   3.947115    31.4093        684     2.8458     3.0986  0.000e+00
     19.155    15.5716   3.946832    31.4066        685     2.8500     3.0996  0.000e+00
     19.112    15.5718   3.946784    31.4060        686     2.8542     3.1006  0.000e+00
     19.068    15.5721   3.946808    31.4060        687     2.8583     3.1012  0.000e+00
     19.025    15.5724   3.946808    31.4058        688     2.8625     3.1018  0.000e+00
     18.978    15.5726   3.946645    31.4042        689     2.8667     3.1021  0.000e+00
     18.938    15.5729   3.946367    31.4015        690     2.8708     3.1025  0.000e+00
     18.893    15.5734   3.946319    31.4007        691     2.8750     3.1028  0.000e+00
     18.855    15.5736   3.946247    31.4000        692     2.8792     3.1026  0.000e+00
     18.817    15.5737   3.946060    31.3982        693     2.8833     3.1037  0.000e+00
     18.788    15.5741   3.945993    31.3973        694     2.8875     3.1038  0.000e+00
     18.764    15.5743   3.946108    31.3982        695     2.8917     3.1041  0.000e+00
     18.736    15.5746   3.945897    31.3961        696     2.8958     3.1050  0.000e+00
     18.710    15.5747   3.945969    31.3966        697     2.9000     3.1057  0.000e+00
     18.690    15.5750   3.945873    31.3956        698     2.9042     3.1059  0.000e+00
     18.665    15.5752   3.945848    31.3952        699     2.9083     3.1083  0.000e+00
     18.636    15.5752   3.945945    31.3961        700     2.9125     3.1081  0.000e+00
     18.605    15.5753   3.945945    31.3960        701     2.9167     3.1089  0.000e+00
     18.584    15.5752   3.945993    31.3965        702     2.9208     3.1101  0.000e+00
     18.558    15.5753   3.946084    31.3973        703     2.9250     3.1105  0.000e+00
     18.533    15.5751   3.945830    31.3952        704     2.9292     3.1131  0.000e+00
     18.510    15.5753   3.945619    31.3932        705     2.9333     3.1128  0.000e+00
     18.483    15.5751   3.945710    31.3942        706     2.9375     3.1142  0.000e+00
     18.454    15.5745   3.945710    31.3946        707     2.9417     3.1147  0.000e+00
     18.432    15.5739   3.945571    31.3939        708     2.9458     3.1154  0.000e+00
     18.412    15.5736   3.945734    31.3956        709     2.9500     3.1158  0.000e+00
     18.394    15.5732   3.945897    31.3973        710     2.9542     3.1162  0.000e+00
     18.365    15.5732   3.945993    31.3982        711     2.9583     3.1188  0.000e+00
     18.336    15.5730   3.946271    31.4008        712     2.9625     3.1174  0.000e+00
     18.298    15.5732   3.946017    31.3985        713     2.9667     3.1184  0.000e+00
     18.262    15.5733   3.945758    31.3961        714     2.9708     3.1178  0.000e+00
     18.221    15.5729   3.945806    31.3968        715     2.9750     3.1165  0.000e+00
     18.175    15.5724   3.945547    31.3950        716     2.9792     3.1152  0.000e+00
     18.130    15.5719   3.945245    31.3927        717     2.9833     3.1147  0.000e+00
     18.078    15.5715   3.944756    31.3887        718     2.9875     3.1141  0.000e+00
     18.024    15.5713   3.944919    31.3904        719     2.9917     3.1147  0.000e+00
     17.978    15.5709   3.944756    31.3892        720     2.9958     3.1150  0.000e+00
     17.935    15.5709   3.945197    31.3932        721     3.0000     3.1147  0.000e+00
     17.886    15.5708   3.945571    31.3966        722     3.0042     3.1157  0.000e+00
     17.852    15.5709   3.945130    31.3925        723     3.0083     3.1163  0.000e+00
     17.825    15.5710   3.944847    31.3900        724     3.0125     3.1155  0.000e+00
     17.798    15.5713   3.944756    31.3890        725     3.0167     3.1155  0.000e+00
     17.791    15.5714   3.944449    31.3861        726     3.0208     3.1150  0.000e+00
     17.787    15.5713   3.944449    31.3863        727     3.0250     3.1142  0.000e+00
     17.785    15.5713   3.944497    31.3866        728     3.0292     3.1151  0.000e+00
     17.785    15.5712   3.944449    31.3863        729     3.0333     3.1171  0.000e+00
