HB2304/sbe044.cnv
* Sea-Bird SBE 19plus V2 Data File:
* FileName = C:\cruise\data\sbe044.hex
* Software Version Seasave V 7.26.7.121
* Temperature SN = 7037
* Conductivity SN = 7037
* System UpLoad Time = Oct 06 2023 20:06:29
** Ship: Bigelow
** Cruise:  HB2304
** Program:  Fall Bottom Trawl
# nquan = 7
# nvalues = 1400                                  
# units = specified
# name 0 = depSM: Depth [salt water, m], lat = 40.00
# name 1 = tv290C: Temperature [ITS-90, deg C]
# name 2 = c0S/m: Conductivity [S/m]
# name 3 = sal00: Salinity, Practical [PSU]
# name 4 = scan: Scan Count
# name 5 = timeM: Time, Elapsed [minutes]
# name 6 = flag:  0.000e+00
# span 0 =     -0.043,     58.981                 
# span 1 =    13.1321,    20.8524                 
# span 2 =  -0.000090,   4.383861                 
# span 3 =     0.0000,    33.5650                 
# span 4 =         11,       1410                 
# span 5 =     0.0417,     5.8708                 
# span 6 = 0.0000e+00, 0.0000e+00                 
# interval = seconds: 0.25
# start_time = Oct 06 2023 20:06:29 [System UTC, header]
# bad_flag = -9.990e-29
*END*
[from data line 411]
     53.746    13.3762   3.846807    32.2861        422     1.7542  0.000e+00
     53.851    13.3721   3.846467    32.2863        423     1.7583  0.000e+00
     53.959    13.3684   3.846264    32.2875        424     1.7625  0.000e+00
     54.079    13.3651   3.846037    32.2881        425     1.7667  0.000e+00
     54.200    13.3623   3.845894    32.2891        426     1.7708  0.000e+00
     54.325    13.3596   3.845763    32.2901        427     1.7750  0.000e+00
     54.457    13.3571   3.845428    32.2891        428     1.7792  0.000e+00
     54.587    13.3542   3.845608    32.2931        429     1.7833  0.000e+00
     54.729    13.3526   3.845542    32.2938        430     1.7875  0.000e+00
     54.876    13.3511   3.845268    32.2925        431     1.7917  0.000e+00
     55.030    13.3494   3.845130    32.2925        432     1.7958  0.000e+00
     55.185    13.3478   3.845220    32.2947        433     1.8000  0.000e+00
     55.349    13.3469   3.844736    32.2908        434     1.8042  0.000e+00
     55.516    13.3447   3.844432    32.2898        435     1.8083  0.000e+00
     55.684    13.3417   3.844158    32.2897        436     1.8125  0.000e+00
     55.863    13.3382   3.843525    32.2867        437     1.8167  0.000e+00
     56.047    13.3336   3.843084    32.2864        438     1.8208  0.000e+00
     56.241    13.3283   3.842779    32.2879        439     1.8250  0.000e+00
     56.443    13.3232   3.842398    32.2886        440     1.8292  0.000e+00
     56.647    13.3179   3.841491    32.2846        441     1.8333  0.000e+00
     56.866    13.3117   3.841497    32.2898        442     1.8375  0.000e+00
     57.077    13.3062   3.840339    32.2836        443     1.8417  0.000e+00
     57.294    13.2989   3.839635    32.2831        444     1.8458  0.000e+00
     57.515    13.2907   3.838598    32.2802        445     1.8500  0.000e+00
     57.723    13.2812   3.835854    32.2625        446     1.8542  0.000e+00
     57.925    13.2638   3.833857    32.2584        447     1.8583  0.000e+00
     58.113    13.2427   3.833183    32.2699        448     1.8625  0.000e+00
     58.283    13.2243   3.831717    32.2717        449     1.8667  0.000e+00
     58.424    13.2078   3.830811    32.2772        450     1.8708  0.000e+00
     58.545    13.1928   3.829804    32.2804        451     1.8750  0.000e+00
     58.654    13.1787   3.829465    32.2891        452     1.8792  0.000e+00
     58.748    13.1676   3.828517    32.2897        453     1.8833  0.000e+00
     58.831    13.1574   3.828172    32.2951        454     1.8875  0.000e+00
     58.903    13.1489   3.827779    32.2985        455     1.8917  0.000e+00
     58.981    13.1419   3.827731    32.3040        456     1.8958  0.000e+00
     58.952    13.1371   3.827636    32.3072        457     1.9000  0.000e+00
     58.878    13.1342   3.827576    32.3092        458     1.9042  0.000e+00
     58.753    13.1321   3.827934    32.3143        459     1.9083  0.000e+00
     58.634    13.1321   3.828274    32.3176        460     1.9125  0.000e+00
     58.533    13.1340   3.828506    32.3182        461     1.9167  0.000e+00
     58.442    13.1363   3.828095    32.3124        462     1.9208  0.000e+00
     58.363    13.1366   3.828500    32.3160        463     1.9250  0.000e+00
     58.281    13.1378   3.829257    32.3221        464     1.9292  0.000e+00
     58.209    13.1417   3.828810    32.3146        465     1.9333  0.000e+00
     58.148    13.1435   3.829286    32.3176        466     1.9375  0.000e+00
     58.097    13.1455   3.829984    32.3225        467     1.9417  0.000e+00
     58.054    13.1499   3.827892    32.2991        468     1.9458  0.000e+00
     58.025    13.1476   3.828744    32.3091        469     1.9500  0.000e+00
     58.005    13.1451   3.828655    32.3103        470     1.9542  0.000e+00
     57.988    13.1446   3.828953    32.3136        471     1.9583  0.000e+00
     57.972    13.1451   3.828702    32.3108        472     1.9625  0.000e+00
     57.959    13.1451   3.828833    32.3121        473     1.9667  0.000e+00
     57.949    13.1453   3.829107    32.3145        474     1.9708  0.000e+00
     57.938    13.1467   3.829376    32.3158        475     1.9750  0.000e+00
     57.940    13.1484   3.828404    32.3052        476     1.9792  0.000e+00
     57.932    13.1465   3.828047    32.3035        477     1.9833  0.000e+00
     57.931    13.1430   3.828273    32.3086        478     1.9875  0.000e+00
     57.927    13.1414   3.828929    32.3162        479     1.9917  0.000e+00
     57.931    13.1429   3.829399    32.3193        480     1.9958  0.000e+00
     57.941    13.1462   3.829352    32.3160        481     2.0000  0.000e+00
     57.956    13.1490   3.829727    32.3171        482     2.0042  0.000e+00
     57.969    13.1518   3.830210    32.3193        483     2.0083  0.000e+00
     57.978    13.1560   3.830860    32.3218        484     2.0125  0.000e+00
     57.994    13.1612   3.830955    32.3183        485     2.0167  0.000e+00
     58.012    13.1655   3.830389    32.3093        486     2.0208  0.000e+00
     58.019    13.1663   3.829959    32.3046        487     2.0250  0.000e+00
     58.037    13.1638   3.828517    32.2932        488     2.0292  0.000e+00
     58.044    13.1571   3.828762    32.3012        489     2.0333  0.000e+00
     58.043    13.1520   3.828923    32.3070        490     2.0375  0.000e+00
     58.032    13.1502   3.828857    32.3079        491     2.0417  0.000e+00
     58.012    13.1488   3.828678    32.3074        492     2.0458  0.000e+00
     57.977    13.1479   3.828952    32.3108        493     2.0500  0.000e+00
     57.930    13.1482   3.830121    32.3215        494     2.0542  0.000e+00
     57.873    13.1523   3.830031    32.3172        495     2.0583  0.000e+00
     57.795    13.1561   3.829262    32.3068        496     2.0625  0.000e+00
     57.706    13.1561   3.830508    32.3185        497     2.0667  0.000e+00
     57.605    13.1600   3.829530    32.3061        498     2.0708  0.000e+00
     57.497    13.1596   3.829733    32.3084        499     2.0750  0.000e+00
     57.384    13.1588   3.829161    32.3037        500     2.0792  0.000e+00
     57.263    13.1567   3.831020    32.3230        501     2.0833  0.000e+00
     57.155    13.1612   3.831855    32.3270        502     2.0875  0.000e+00
     57.048    13.1697   3.833321    32.3337        503     2.0917  0.000e+00
     56.961    13.1812   3.833923    32.3296        504     2.0958  0.000e+00
     56.886    13.1918   3.834173    32.3230        505     2.1000  0.000e+00
     56.824    13.2000   3.834018    32.3145        506     2.1042  0.000e+00
     56.779    13.2047   3.833815    32.3086        507     2.1083  0.000e+00
     56.759    13.2067   3.833708    32.3060        508     2.1125  0.000e+00
     56.757    13.2074   3.834084    32.3089        509     2.1167  0.000e+00
     56.757    13.2089   3.834465    32.3112        510     2.1208  0.000e+00
     56.784    13.2115   3.834650    32.3107        511     2.1250  0.000e+00
     56.820    13.2144   3.834650    32.3083        512     2.1292  0.000e+00
     56.849    13.2164   3.834942    32.3093        513     2.1333  0.000e+00
     56.875    13.2189   3.835324    32.3107        514     2.1375  0.000e+00
     56.900    13.2219   3.835240    32.3074        515     2.1417  0.000e+00
     56.920    13.2239   3.835753    32.3105        516     2.1458  0.000e+00
     56.929    13.2269   3.836344    32.3134        517     2.1500  0.000e+00
     56.929    13.2311   3.835729    32.3041        518     2.1542  0.000e+00
     56.916    13.2327   3.836302    32.3081        519     2.1583  0.000e+00
     56.893    13.2349   3.836564    32.3088        520     2.1625  0.000e+00
     56.853    13.2378   3.836791    32.3084        521     2.1667  0.000e+00
     56.804    13.2408   3.837244    32.3102        522     2.1708  0.000e+00
     56.750    13.2442   3.837793    32.3124        523     2.1750  0.000e+00
     56.701    13.2492   3.838508    32.3149        524     2.1792  0.000e+00
     56.654    13.2551   3.838872    32.3133        525     2.1833  0.000e+00
     56.609    13.2615   3.839457    32.3134        526     2.1875  0.000e+00
     56.565    13.2678   3.839564    32.3091        527     2.1917  0.000e+00
     56.527    13.2726   3.839594    32.3053        528     2.1958  0.000e+00
     56.495    13.2756   3.839618    32.3030        529     2.2000  0.000e+00
     56.468    13.2777   3.839618    32.3012        530     2.2042  0.000e+00
     56.442    13.2790   3.839629    32.3002        531     2.2083  0.000e+00
     56.415    13.2797   3.839635    32.2997        532     2.2125  0.000e+00
     56.388    13.2802   3.839659    32.2995        533     2.2167  0.000e+00
     56.367    13.2805   3.839659    32.2992        534     2.2208  0.000e+00
     56.338    13.2809   3.839653    32.2989        535     2.2250  0.000e+00
     56.296    13.2811   3.839635    32.2985        536     2.2292  0.000e+00
     56.264    13.2812   3.839659    32.2987        537     2.2333  0.000e+00
     56.217    13.2811   3.839683    32.2990        538     2.2375  0.000e+00
     56.164    13.2812   3.839749    32.2995        539     2.2417  0.000e+00
     56.108    13.2816   3.839772    32.2995        540     2.2458  0.000e+00
     56.054    13.2822   3.839749    32.2988        541     2.2500  0.000e+00
     55.994    13.2823   3.839862    32.2997        542     2.2542  0.000e+00
     55.934    13.2831   3.839892    32.2994        543     2.2583  0.000e+00
     55.871    13.2837   3.839862    32.2987        544     2.2625  0.000e+00
     55.804    13.2837   3.840112    32.3010        545     2.2667  0.000e+00
     55.723    13.2847   3.840178    32.3008        546     2.2708  0.000e+00
     55.651    13.2862   3.840673    32.3042        547     2.2750  0.000e+00
     55.578    13.2887   3.840948    32.3047        548     2.2792  0.000e+00
     55.506    13.2921   3.841150    32.3037        549     2.2833  0.000e+00
     55.446    13.2949   3.841174    32.3016        550     2.2875  0.000e+00
     55.380    13.2972   3.841049    32.2984        551     2.2917  0.000e+00
     55.311    13.2982   3.841264    32.2997        552     2.2958  0.000e+00
     55.242    13.2993   3.841693    32.3028        553     2.3000  0.000e+00
     55.177    13.3019   3.841920    32.3027        554     2.3042  0.000e+00
     55.107    13.3049   3.842021    32.3012        555     2.3083  0.000e+00
     55.032    13.3073   3.842236    32.3011        556     2.3125  0.000e+00
     54.955    13.3101   3.842260    32.2991        557     2.3167  0.000e+00
     54.862    13.3117   3.842325    32.2983        558     2.3208  0.000e+00
     54.770    13.3132   3.842540    32.2991        559     2.3250  0.000e+00
     54.673    13.3150   3.842618    32.2983        560     2.3292  0.000e+00
     54.575    13.3167   3.842731    32.2980        561     2.3333  0.000e+00
     54.467    13.3185   3.843029    32.2993        562     2.3375  0.000e+00
     54.360    13.3205   3.843131    32.2986        563     2.3417  0.000e+00
     54.257    13.3225   3.843184    32.2975        564     2.3458  0.000e+00
     54.152    13.3242   3.843322    32.2974        565     2.3500  0.000e+00
     54.051    13.3256   3.843548    32.2984        566     2.3542  0.000e+00
     53.957    13.3274   3.843841    32.2996        567     2.3583  0.000e+00
     53.865    13.3300   3.844068    32.2995        568     2.3625  0.000e+00
     53.772    13.3328   3.844450    32.3008        569     2.3667  0.000e+00
     53.682    13.3360   3.844724    32.3006        570     2.3708  0.000e+00
     53.592    13.3398   3.844808    32.2983        571     2.3750  0.000e+00
     53.505    13.3425   3.844861    32.2965        572     2.3792  0.000e+00
     53.409    13.3448   3.844951    32.2954        573     2.3833  0.000e+00
     53.319    13.3462   3.845064    32.2953        574     2.3875  0.000e+00
     53.224    13.3478   3.845315    32.2964        575     2.3917  0.000e+00
     53.132    13.3498   3.845518    32.2966        576     2.3958  0.000e+00
     53.038    13.3524   3.845697    32.2961        577     2.4000  0.000e+00
     52.953    13.3549   3.846013    32.2970        578     2.4042  0.000e+00
     52.870    13.3578   3.846329    32.2975        579     2.4083  0.000e+00
     52.787    13.3611   3.846538    32.2967        580     2.4125  0.000e+00
     52.713    13.3642   3.846693    32.2955        581     2.4167  0.000e+00
     52.639    13.3670   3.846783    32.2940        582     2.4208  0.000e+00
     52.572    13.3692   3.846849    32.2928        583     2.4250  0.000e+00
     52.499    13.3709   3.846890    32.2918        584     2.4292  0.000e+00
     52.440    13.3722   3.846944    32.2913        585     2.4333  0.000e+00
     52.375    13.3733   3.847034    32.2911        586     2.4375  0.000e+00
     52.311    13.3744   3.847171    32.2915        587     2.4417  0.000e+00
     52.255    13.3760   3.847338    32.2918        588     2.4458  0.000e+00
     52.187    13.3776   3.847463    32.2916        589     2.4500  0.000e+00
     52.120    13.3794   3.847505    32.2905        590     2.4542  0.000e+00
     52.046    13.3807   3.847529    32.2896        591     2.4583  0.000e+00
     51.966    13.3818   3.847553    32.2890        592     2.4625  0.000e+00
     51.878    13.3826   3.847624    32.2890        593     2.4667  0.000e+00
     51.775    13.3832   3.847618    32.2885        594     2.4708  0.000e+00
     51.664    13.3837   3.847690    32.2887        595     2.4750  0.000e+00
     51.545    13.3846   3.847779    32.2889        596     2.4792  0.000e+00
     51.413    13.3851   3.847815    32.2889        597     2.4833  0.000e+00
     51.274    13.3860   3.847893    32.2889        598     2.4875  0.000e+00
     51.129    13.3869   3.848299    32.2920        599     2.4917  0.000e+00
     50.985    13.3888   3.849702    32.3035        600     2.4958  0.000e+00
     50.833    13.3956   3.850891    32.3089        601     2.5000  0.000e+00
     50.697    13.4061   3.851476    32.3055        602     2.5042  0.000e+00
     50.556    13.4160   3.851816    32.3005        603     2.5083  0.000e+00
     50.433    13.4240   3.852085    32.2962        604     2.5125  0.000e+00
     50.308    13.4305   3.852264    32.2924        605     2.5167  0.000e+00
     50.191    13.4353   3.852455    32.2901        606     2.5208  0.000e+00
     50.082    13.4395   3.852700    32.2890        607     2.5250  0.000e+00
     49.981    13.4430   3.852992    32.2888        608     2.5292  0.000e+00
     49.894    13.4463   3.853195    32.2879        609     2.5333  0.000e+00
     49.818    13.4495   3.853381    32.2869        610     2.5375  0.000e+00
     49.746    13.4525   3.853476    32.2854        611     2.5417  0.000e+00
     49.674    13.4547   3.853608    32.2848        612     2.5458  0.000e+00
     49.612    13.4568   3.853607    32.2830        613     2.5500  0.000e+00
     49.553    13.4581   3.853649    32.2823        614     2.5542  0.000e+00
     49.495    13.4592   3.853739    32.2823        615     2.5583  0.000e+00
     49.435    13.4601   3.853811    32.2821        616     2.5625  0.000e+00
     49.368    13.4611   3.853990    32.2830        617     2.5667  0.000e+00
     49.301    13.4623   3.854151    32.2835        618     2.5708  0.000e+00
     49.225    13.4640   3.854402    32.2845        619     2.5750  0.000e+00
     49.142    13.4662   3.854617    32.2846        620     2.5792  0.000e+00
     49.059    13.4684   3.854850    32.2850        621     2.5833  0.000e+00
     48.962    13.4712   3.855101    32.2850        622     2.5875  0.000e+00
     48.864    13.4738   3.855441    32.2860        623     2.5917  0.000e+00
     48.765    13.4771   3.855896    32.2875        624     2.5958  0.000e+00
     48.656    13.4810   3.856421    32.2891        625     2.6000  0.000e+00
