HB2304/sbe015.cnv
* Sea-Bird SBE 19plus V2 Data File:
* FileName = C:\cruise\data\sbe015.hex
* Software Version Seasave V 7.26.7.121
* Temperature SN = 7037
* Conductivity SN = 7037
* System UpLoad Time = Sep 14 2023 04:23:25
** Ship: Bigelow
** Cruise:  HB2304
** Program:  Fall Bottom Trawl
# nquan = 7
# nvalues = 1014                                  
# units = specified
# name 0 = depSM: Depth [salt water, m], lat = 40.00
# name 1 = tv290C: Temperature [ITS-90, deg C]
# name 2 = c0S/m: Conductivity [S/m]
# name 3 = sal00: Salinity, Practical [PSU]
# name 4 = scan: Scan Count
# name 5 = timeM: Time, Elapsed [minutes]
# name 6 = flag:  0.000e+00
# span 0 =     -0.059,     22.987                 
# span 1 =    16.1032,    25.7484                 
# span 2 =  -0.000100,   4.948592                 
# span 3 =     0.0000,    33.0215                 
# span 4 =         11,       1024                 
# span 5 =     0.0417,     4.2625                 
# span 6 = 0.0000e+00, 0.0000e+00                 
# interval = seconds: 0.25
# start_time = Sep 14 2023 04:23:25 [System UTC, header]
# bad_flag = -9.990e-29
*END*
[from data line 616]
     10.433    25.0289   4.878726    31.8212        627     2.6083  0.000e+00
     10.374    25.0425   4.879979    31.8208        628     2.6125  0.000e+00
     10.321    25.0547   4.881119    31.8206        629     2.6167  0.000e+00
     10.263    25.0666   4.882742    31.8241        630     2.6208  0.000e+00
     10.218    25.0790   4.885737    31.8372        631     2.6250  0.000e+00
     10.173    25.0953   4.887716    31.8403        632     2.6292  0.000e+00
     10.139    25.1126   4.890204    31.8463        633     2.6333  0.000e+00
     10.113    25.1311   4.892356    31.8490        634     2.6375  0.000e+00
     10.088    25.1498   4.893339    31.8431        635     2.6417  0.000e+00
     10.077    25.1650   4.893986    31.8371        636     2.6458  0.000e+00
     10.061    25.1769   4.894349    31.8314        637     2.6500  0.000e+00
     10.061    25.1858   4.894831    31.8286        638     2.6542  0.000e+00
     10.061    25.1927   4.897433    31.8428        639     2.6583  0.000e+00
     10.059    25.2026   4.898470    31.8434        640     2.6625  0.000e+00
     10.050    25.2143   4.898391    31.8346        641     2.6667  0.000e+00
     10.043    25.2216   4.898245    31.8284        642     2.6708  0.000e+00
     10.030    25.2256   4.899229    31.8328        643     2.6750  0.000e+00
     10.010    25.2306   4.899956    31.8346        644     2.6792  0.000e+00
      9.992    25.2366   4.900352    31.8333        645     2.6833  0.000e+00
      9.960    25.2421   4.900577    31.8311        646     2.6875  0.000e+00
      9.922    25.2467   4.901977    31.8380        647     2.6917  0.000e+00
      9.876    25.2534   4.903187    31.8421        648     2.6958  0.000e+00
      9.824    25.2624   4.905995    31.8563        649     2.7000  0.000e+00
      9.768    25.2775   4.911813    31.8881        650     2.7042  0.000e+00
      9.708    25.3037   4.912488    31.8746        651     2.7083  0.000e+00
      9.645    25.3278   4.913446    31.8647        652     2.7125  0.000e+00
      9.587    25.3459   4.914954    31.8630        653     2.7167  0.000e+00
      9.524    25.3613   4.919446    31.8848        654     2.7208  0.000e+00
      9.461    25.3862   4.923384    31.8960        655     2.7250  0.000e+00
      9.401    25.4202   4.923145    31.8705        656     2.7292  0.000e+00
      9.351    25.4428   4.925369    31.8708        657     2.7333  0.000e+00
      9.303    25.4635   4.929276    31.8846        658     2.7375  0.000e+00
      9.262    25.4897   4.927746    31.8553        659     2.7417  0.000e+00
      9.222    25.5063   4.928534    31.8494        660     2.7458  0.000e+00
      9.190    25.5182   4.928924    31.8439        661     2.7500  0.000e+00
      9.163    25.5256   4.926361    31.8202        662     2.7542  0.000e+00
      9.139    25.5214   4.926639    31.8252        663     2.7583  0.000e+00
      9.117    25.5169   4.927037    31.8312        664     2.7625  0.000e+00
      9.103    25.5162   4.928507    31.8423        665     2.7667  0.000e+00
      9.087    25.5212   4.930064    31.8501        666     2.7708  0.000e+00
      9.079    25.5301   4.930739    31.8487        667     2.7750  0.000e+00
      9.069    25.5397   4.931421    31.8470        668     2.7792  0.000e+00
      9.051    25.5486   4.931845    31.8438        669     2.7833  0.000e+00
      9.043    25.5562   4.932666    31.8445        670     2.7875  0.000e+00
      9.032    25.5647   4.932865    31.8400        671     2.7917  0.000e+00
      9.023    25.5715   4.933879    31.8426        672     2.7958  0.000e+00
      9.011    25.5793   4.934170    31.8393        673     2.8000  0.000e+00
      9.004    25.5868   4.935184    31.8414        674     2.8042  0.000e+00
      8.991    25.5948   4.935383    31.8372        675     2.8083  0.000e+00
      8.964    25.6014   4.935694    31.8349        676     2.8125  0.000e+00
      8.946    25.6065   4.935548    31.8303        677     2.8167  0.000e+00
      8.915    25.6096   4.935343    31.8266        678     2.8208  0.000e+00
      8.875    25.6109   4.936482    31.8340        679     2.8250  0.000e+00
      8.826    25.6145   4.935919    31.8274        680     2.8292  0.000e+00
      8.767    25.6171   4.936297    31.8283        681     2.8333  0.000e+00
      8.700    25.6191   4.937450    31.8353        682     2.8375  0.000e+00
      8.619    25.6246   4.938583    31.8397        683     2.8417  0.000e+00
      8.532    25.6329   4.938550    31.8337        684     2.8458  0.000e+00
      8.434    25.6391   4.939829    31.8386        685     2.8500  0.000e+00
      8.331    25.6470   4.941606    31.8459        686     2.8542  0.000e+00
      8.223    25.6597   4.943171    31.8485        687     2.8583  0.000e+00
      8.114    25.6734   4.944497    31.8485        688     2.8625  0.000e+00
      8.004    25.6878   4.944622    31.8394        689     2.8667  0.000e+00
      7.897    25.6984   4.944337    31.8300        690     2.8708  0.000e+00
      7.791    25.7042   4.944251    31.8254        691     2.8750  0.000e+00
      7.691    25.7070   4.944337    31.8241        692     2.8792  0.000e+00
      7.601    25.7087   4.944416    31.8235        693     2.8833  0.000e+00
      7.516    25.7103   4.944277    31.8214        694     2.8875  0.000e+00
      7.446    25.7105   4.944496    31.8229        695     2.8917  0.000e+00
      7.381    25.7111   4.944390    31.8217        696     2.8958  0.000e+00
      7.332    25.7117   4.944741    31.8238        697     2.9000  0.000e+00
      7.288    25.7132   4.945756    31.8301        698     2.9042  0.000e+00
      7.256    25.7168   4.945723    31.8274        699     2.9083  0.000e+00
      7.234    25.7199   4.945344    31.8225        700     2.9125  0.000e+00
      7.220    25.7205   4.945072    31.8201        701     2.9167  0.000e+00
      7.212    25.7198   4.945291    31.8222        702     2.9208  0.000e+00
      7.209    25.7198   4.944986    31.8200        703     2.9250  0.000e+00
      7.207    25.7190   4.944635    31.8180        704     2.9292  0.000e+00
      7.209    25.7176   4.944900    31.8209        705     2.9333  0.000e+00
      7.212    25.7168   4.945245    31.8240        706     2.9375  0.000e+00
      7.218    25.7174   4.944907    31.8211        707     2.9417  0.000e+00
      7.220    25.7174   4.944814    31.8204        708     2.9458  0.000e+00
      7.225    25.7168   4.944277    31.8170        709     2.9500  0.000e+00
      7.220    25.7149   4.944701    31.8214        710     2.9542  0.000e+00
      7.214    25.7143   4.945723    31.8291        711     2.9583  0.000e+00
      7.207    25.7170   4.946552    31.8332        712     2.9625  0.000e+00
      7.184    25.7217   4.946207    31.8275        713     2.9667  0.000e+00
      7.165    25.7248   4.945941    31.8234        714     2.9708  0.000e+00
      7.135    25.7256   4.946353    31.8258        715     2.9750  0.000e+00
      7.108    25.7275   4.946571    31.8261        716     2.9792  0.000e+00
      7.070    25.7285   4.946379    31.8240        717     2.9833  0.000e+00
      7.030    25.7297   4.946598    31.8248        718     2.9875  0.000e+00
      6.983    25.7307   4.946664    31.8246        719     2.9917  0.000e+00
      6.925    25.7317   4.946631    31.8237        720     2.9958  0.000e+00
      6.871    25.7322   4.946651    31.8234        721     3.0000  0.000e+00
      6.809    25.7329   4.946750    31.8237        722     3.0042  0.000e+00
      6.752    25.7331   4.946737    31.8235        723     3.0083  0.000e+00
      6.701    25.7334   4.946432    31.8211        724     3.0125  0.000e+00
      6.643    25.7329   4.946677    31.8232        725     3.0167  0.000e+00
      6.593    25.7325   4.946830    31.8246        726     3.0208  0.000e+00
      6.549    25.7331   4.947062    31.8259        727     3.0250  0.000e+00
      6.504    25.7346   4.946982    31.8243        728     3.0292  0.000e+00
      6.470    25.7348   4.946942    31.8239        729     3.0333  0.000e+00
      6.435    25.7353   4.946651    31.8215        730     3.0375  0.000e+00
      6.408    25.7347   4.946916    31.8238        731     3.0417  0.000e+00
      6.379    25.7345   4.947088    31.8252        732     3.0458  0.000e+00
      6.352    25.7349   4.947062    31.8247        733     3.0500  0.000e+00
      6.323    25.7356   4.947062    31.8242        734     3.0542  0.000e+00
      6.301    25.7359   4.947062    31.8240        735     3.0583  0.000e+00
      6.276    25.7361   4.947115    31.8243        736     3.0625  0.000e+00
      6.244    25.7362   4.947174    31.8247        737     3.0667  0.000e+00
      6.209    25.7365   4.947062    31.8236        738     3.0708  0.000e+00
      6.177    25.7366   4.947115    31.8239        739     3.0750  0.000e+00
      6.139    25.7365   4.947088    31.8238        740     3.0792  0.000e+00
      6.094    25.7362   4.946975    31.8233        741     3.0833  0.000e+00
      6.043    25.7361   4.946955    31.8232        742     3.0875  0.000e+00
      5.983    25.7355   4.946803    31.8225        743     3.0917  0.000e+00
      5.924    25.7352   4.946405    31.8199        744     3.0958  0.000e+00
      5.855    25.7336   4.946378    31.8208        745     3.1000  0.000e+00
      5.785    25.7320   4.946650    31.8239        746     3.1042  0.000e+00
      5.718    25.7321   4.946889    31.8256        747     3.1083  0.000e+00
      5.644    25.7322   4.946942    31.8259        748     3.1125  0.000e+00
      5.577    25.7331   4.946929    31.8252        749     3.1167  0.000e+00
      5.517    25.7332   4.946942    31.8252        750     3.1208  0.000e+00
      5.461    25.7335   4.946869    31.8246        751     3.1250  0.000e+00
      5.412    25.7335   4.946862    31.8245        752     3.1292  0.000e+00
      5.371    25.7334   4.946517    31.8221        753     3.1333  0.000e+00
      5.338    25.7327   4.946551    31.8228        754     3.1375  0.000e+00
      5.318    25.7320   4.946604    31.8237        755     3.1417  0.000e+00
      5.307    25.7319   4.946650    31.8241        756     3.1458  0.000e+00
      5.293    25.7318   4.947002    31.8267        757     3.1500  0.000e+00
      5.284    25.7322   4.947201    31.8279        758     3.1542  0.000e+00
      5.277    25.7338   4.947061    31.8258        759     3.1583  0.000e+00
      5.271    25.7344   4.947088    31.8256        760     3.1625  0.000e+00
      5.269    25.7347   4.947174    31.8260        761     3.1667  0.000e+00
      5.264    25.7352   4.947254    31.8262        762     3.1708  0.000e+00
      5.259    25.7358   4.947174    31.8252        763     3.1750  0.000e+00
      5.242    25.7362   4.947141    31.8247        764     3.1792  0.000e+00
      5.221    25.7359   4.947227    31.8255        765     3.1833  0.000e+00
      5.199    25.7364   4.947260    31.8254        766     3.1875  0.000e+00
      5.172    25.7368   4.947174    31.8245        767     3.1917  0.000e+00
      5.150    25.7365   4.946630    31.8208        768     3.1958  0.000e+00
      5.132    25.7352   4.946869    31.8235        769     3.2000  0.000e+00
      5.114    25.7341   4.946975    31.8250        770     3.2042  0.000e+00
      5.083    25.7343   4.946942    31.8246        771     3.2083  0.000e+00
      5.060    25.7344   4.946544    31.8217        772     3.2125  0.000e+00
      5.027    25.7331   4.946464    31.8220        773     3.2167  0.000e+00
      4.987    25.7319   4.946431    31.8226        774     3.2208  0.000e+00
      4.957    25.7312   4.946491    31.8235        775     3.2250  0.000e+00
      4.924    25.7306   4.946597    31.8248        776     3.2292  0.000e+00
      4.892    25.7309   4.946915    31.8268        777     3.2333  0.000e+00
      4.850    25.7317   4.947459    31.8302        778     3.2375  0.000e+00
      4.810    25.7341   4.947579    31.8294        779     3.2417  0.000e+00
      4.771    25.7362   4.947287    31.8259        780     3.2458  0.000e+00
      4.722    25.7365   4.947174    31.8249        781     3.2500  0.000e+00
      4.684    25.7363   4.947260    31.8257        782     3.2542  0.000e+00
      4.648    25.7359   4.947087    31.8247        783     3.2583  0.000e+00
      4.613    25.7349   4.947141    31.8257        784     3.2625  0.000e+00
      4.588    25.7348   4.947340    31.8273        785     3.2667  0.000e+00
      4.570    25.7353   4.947306    31.8267        786     3.2708  0.000e+00
      4.557    25.7357   4.947539    31.8281        787     3.2750  0.000e+00
      4.546    25.7367   4.947578    31.8277        788     3.2792  0.000e+00
      4.535    25.7378   4.947539    31.8266        789     3.2833  0.000e+00
      4.523    25.7385   4.947718    31.8274        790     3.2875  0.000e+00
      4.517    25.7392   4.947771    31.8274        791     3.2917  0.000e+00
      4.510    25.7402   4.947797    31.8268        792     3.2958  0.000e+00
      4.510    25.7405   4.947718    31.8260        793     3.3000  0.000e+00
      4.508    25.7404   4.947485    31.8244        794     3.3042  0.000e+00
      4.507    25.7399   4.946789    31.8198        795     3.3083  0.000e+00
      4.501    25.7366   4.946663    31.8212        796     3.3125  0.000e+00
      4.488    25.7336   4.946490    31.8220        797     3.3167  0.000e+00
      4.472    25.7311   4.947260    31.8293        798     3.3208  0.000e+00
      4.452    25.7319   4.947227    31.8285        799     3.3250  0.000e+00
      4.422    25.7334   4.946981    31.8257        800     3.3292  0.000e+00
      4.384    25.7332   4.946975    31.8258        801     3.3333  0.000e+00
      4.342    25.7328   4.947008    31.8263        802     3.3375  0.000e+00
      4.284    25.7327   4.946915    31.8258        803     3.3417  0.000e+00
      4.226    25.7324   4.946789    31.8251        804     3.3458  0.000e+00
      4.154    25.7317   4.946776    31.8255        805     3.3500  0.000e+00
      4.084    25.7310   4.946975    31.8274        806     3.3542  0.000e+00
      4.013    25.7315   4.947253    31.8291        807     3.3583  0.000e+00
      3.944    25.7328   4.947260    31.8283        808     3.3625  0.000e+00
      3.876    25.7340   4.947333    31.8280        809     3.3667  0.000e+00
      3.811    25.7352   4.947339    31.8273        810     3.3708  0.000e+00
      3.744    25.7357   4.947445    31.8276        811     3.3750  0.000e+00
      3.690    25.7363   4.947226    31.8257        812     3.3792  0.000e+00
      3.635    25.7365   4.947226    31.8256        813     3.3833  0.000e+00
      3.583    25.7362   4.946974    31.8240        814     3.3875  0.000e+00
      3.540    25.7353   4.947114    31.8256        815     3.3917  0.000e+00
      3.505    25.7345   4.947140    31.8264        816     3.3958  0.000e+00
      3.473    25.7349   4.947458    31.8284        817     3.4000  0.000e+00
      3.456    25.7356   4.947359    31.8272        818     3.4042  0.000e+00
      3.440    25.7361   4.947173    31.8255        819     3.4083  0.000e+00
      3.447    25.7359   4.946981    31.8242        820     3.4125  0.000e+00
      3.462    25.7347   4.947113    31.8260        821     3.4167  0.000e+00
      3.496    25.7344   4.947286    31.8275        822     3.4208  0.000e+00
      3.541    25.7349   4.947226    31.8267        823     3.4250  0.000e+00
      3.594    25.7354   4.947259    31.8266        824     3.4292  0.000e+00
      3.646    25.7355   4.947386    31.8274        825     3.4333  0.000e+00
      3.697    25.7358   4.947425    31.8274        826     3.4375  0.000e+00
      3.737    25.7365   4.947332    31.8263        827     3.4417  0.000e+00
      3.760    25.7364   4.947372    31.8266        828     3.4458  0.000e+00
      3.762    25.7362   4.947372    31.8268        829     3.4500  0.000e+00
      3.747    25.7362   4.947333    31.8265        830     3.4542  0.000e+00
