HB2304/sbe090.cnv
* Sea-Bird SBE 19plus V2 Data File:
* FileName = C:\cruise\data\sbe090.hex
* Software Version Seasave V 7.26.7.121
* Temperature SN = 7037
* Conductivity SN = 7037
* System UpLoad Time = Oct 20 2023 14:27:29
** Ship: Bigelow
** Cruise:  HB2304
** Program:  Fall Bottom Trawl
# nquan = 7
# nvalues = 1132                                  
# units = specified
# name 0 = depSM: Depth [salt water, m], lat = 40.00
# name 1 = tv290C: Temperature [ITS-90, deg C]
# name 2 = c0S/m: Conductivity [S/m]
# name 3 = sal00: Salinity, Practical [PSU]
# name 4 = scan: Scan Count
# name 5 = timeM: Time, Elapsed [minutes]
# name 6 = flag:  0.000e+00
# span 0 =      0.002,     52.129                 
# span 1 =    14.2860,    15.1527                 
# span 2 =   0.415664,   3.997800                 
# span 3 =     2.7808,    32.2883                 
# span 4 =         11,       1142                 
# span 5 =     0.0417,     4.7542                 
# span 6 = 0.0000e+00, 0.0000e+00                 
# interval = seconds: 0.25
# start_time = Oct 20 2023 14:27:29 [System UTC, header]
# bad_flag = -9.990e-29
*END*
[from data line 1026]
     19.859    14.7116   3.955784    32.1848       1037     4.3167  0.000e+00
     19.577    14.7140   3.956025    32.1850       1038     4.3208  0.000e+00
     19.293    14.7169   3.956297    32.1852       1039     4.3250  0.000e+00
     19.013    14.7199   3.956580    32.1855       1040     4.3292  0.000e+00
     18.753    14.7228   3.956695    32.1842       1041     4.3333  0.000e+00
     18.507    14.7255   3.956930    32.1841       1042     4.3375  0.000e+00
     18.283    14.7280   3.957214    32.1848       1043     4.3417  0.000e+00
     18.070    14.7308   3.957353    32.1838       1044     4.3458  0.000e+00
     17.878    14.7335   3.957468    32.1826       1045     4.3500  0.000e+00
     17.707    14.7356   3.957776    32.1838       1046     4.3542  0.000e+00
     17.549    14.7380   3.957939    32.1833       1047     4.3583  0.000e+00
     17.405    14.7406   3.958102    32.1827       1048     4.3625  0.000e+00
     17.260    14.7430   3.958265    32.1822       1049     4.3667  0.000e+00
     17.119    14.7452   3.958289    32.1807       1050     4.3708  0.000e+00
     16.980    14.7471   3.958403    32.1802       1051     4.3750  0.000e+00
     16.825    14.7486   3.958500    32.1799       1052     4.3792  0.000e+00
     16.657    14.7499   3.958663    32.1804       1053     4.3833  0.000e+00
     16.487    14.7514   3.958802    32.1804       1054     4.3875  0.000e+00
     16.293    14.7528   3.958947    32.1807       1055     4.3917  0.000e+00
     16.085    14.7544   3.959134    32.1811       1056     4.3958  0.000e+00
     15.860    14.7566   3.959533    32.1830       1057     4.4000  0.000e+00
     15.621    14.7592   3.959696    32.1824       1058     4.4042  0.000e+00
     15.381    14.7617   3.959683    32.1803       1059     4.4083  0.000e+00
     15.120    14.7638   3.959955    32.1812       1060     4.4125  0.000e+00
     14.846    14.7658   3.960142    32.1813       1061     4.4167  0.000e+00
     14.566    14.7679   3.960444    32.1825       1062     4.4208  0.000e+00
     14.280    14.7709   3.965563    32.2264       1063     4.4250  0.000e+00
     14.015    14.7850   3.967933    32.2363       1064     4.4292  0.000e+00
     13.736    14.8123   3.972239    32.2528       1065     4.4333  0.000e+00
     13.474    14.8438   3.971367    32.2190       1066     4.4375  0.000e+00
     13.216    14.8676   3.972685    32.2113       1067     4.4417  0.000e+00
     12.986    14.8859   3.973913    32.2074       1068     4.4458  0.000e+00
     12.773    14.9024   3.973084    32.1864       1069     4.4500  0.000e+00
     12.576    14.9118   3.973253    32.1802       1070     4.4542  0.000e+00
     12.395    14.9172   3.973368    32.1769       1071     4.4583  0.000e+00
     12.226    14.9209   3.973078    32.1713       1072     4.4625  0.000e+00
     12.065    14.9230   3.973580    32.1742       1073     4.4667  0.000e+00
     11.920    14.9245   3.973108    32.1687       1074     4.4708  0.000e+00
     11.790    14.9253   3.972660    32.1640       1075     4.4750  0.000e+00
     11.651    14.9232   3.972660    32.1658       1076     4.4792  0.000e+00
     11.501    14.9217   3.972708    32.1675       1077     4.4833  0.000e+00
     11.342    14.9210   3.974354    32.1830       1078     4.4875  0.000e+00
     11.172    14.9247   3.974426    32.1807       1079     4.4917  0.000e+00
     10.993    14.9305   3.974783    32.1792       1080     4.4958  0.000e+00
     10.805    14.9348   3.975509    32.1822       1081     4.5000  0.000e+00
     10.594    14.9406   3.975394    32.1765       1082     4.5042  0.000e+00
     10.379    14.9448   3.975176    32.1712       1083     4.5083  0.000e+00
     10.146    14.9469   3.975037    32.1683       1084     4.5125  0.000e+00
      9.911    14.9474   3.975230    32.1698       1085     4.5167  0.000e+00
      9.665    14.9480   3.975394    32.1708       1086     4.5208  0.000e+00
      9.419    14.9489   3.975442    32.1706       1087     4.5250  0.000e+00
      9.159    14.9502   3.975484    32.1700       1088     4.5292  0.000e+00
      8.908    14.9511   3.975678    32.1711       1089     4.5333  0.000e+00
      8.660    14.9523   3.976125    32.1742       1090     4.5375  0.000e+00
      8.407    14.9548   3.976900    32.1793       1091     4.5417  0.000e+00
      8.158    14.9594   3.976876    32.1753       1092     4.5458  0.000e+00
      7.910    14.9633   3.975907    32.1635       1093     4.5500  0.000e+00
      7.664    14.9626   3.975919    32.1642       1094     4.5542  0.000e+00
      7.417    14.9611   3.975629    32.1630       1095     4.5583  0.000e+00
      7.171    14.9595   3.975889    32.1668       1096     4.5625  0.000e+00
      6.922    14.9586   3.976264    32.1710       1097     4.5667  0.000e+00
      6.676    14.9597   3.976191    32.1695       1098     4.5708  0.000e+00
      6.410    14.9608   3.976379    32.1704       1099     4.5750  0.000e+00
      6.166    14.9619   3.976548    32.1711       1100     4.5792  0.000e+00
      5.912    14.9633   3.976639    32.1708       1101     4.5833  0.000e+00
      5.673    14.9648   3.976996    32.1729       1102     4.5875  0.000e+00
      5.429    14.9669   3.976687    32.1685       1103     4.5917  0.000e+00
      5.187    14.9677   3.976529    32.1665       1104     4.5958  0.000e+00
      4.966    14.9676   3.976826    32.1694       1105     4.6000  0.000e+00
      4.753    14.9682   3.977346    32.1736       1106     4.6042  0.000e+00
      4.573    14.9701   3.977062    32.1696       1107     4.6083  0.000e+00
      4.410    14.9718   3.977510    32.1723       1108     4.6125  0.000e+00
      4.280    14.9734   3.977207    32.1683       1109     4.6167  0.000e+00
      4.166    14.9746   3.976947    32.1650       1110     4.6208  0.000e+00
      4.074    14.9742   3.976825    32.1642       1111     4.6250  0.000e+00
      3.987    14.9733   3.976922    32.1659       1112     4.6292  0.000e+00
      3.909    14.9726   3.976801    32.1654       1113     4.6333  0.000e+00
      3.821    14.9722   3.976729    32.1651       1114     4.6375  0.000e+00
      3.712    14.9714   3.976801    32.1665       1115     4.6417  0.000e+00
      3.584    14.9709   3.976547    32.1646       1116     4.6458  0.000e+00
      3.432    14.9702   3.976686    32.1665       1117     4.6500  0.000e+00
      3.239    14.9699   3.976662    32.1666       1118     4.6542  0.000e+00
      3.017    14.9697   3.976686    32.1671       1119     4.6583  0.000e+00
      2.758    14.9696   3.976849    32.1688       1120     4.6625  0.000e+00
      2.460    14.9701   3.977206    32.1717       1121     4.6667  0.000e+00
      2.137    14.9717   3.977418    32.1724       1122     4.6708  0.000e+00
      1.792    14.9739   3.976825    32.1654       1123     4.6750  0.000e+00
      1.452    14.9729   3.974119    32.1419       1124     4.6792  0.000e+00
      1.107    14.9652   3.975735    32.1630       1125     4.6833  0.000e+00
      0.787    14.9619   3.976994    32.1772       1126     4.6875  0.000e+00
      0.586    14.9647   3.977109    32.1759       1127     4.6917  0.000e+00
      0.483    14.9679   3.976449    32.1674       1128     4.6958  0.000e+00
      0.456    14.9683   3.975928    32.1624       1129     4.7000  0.000e+00
      0.451    14.9671   3.975674    32.1611       1130     4.7042  0.000e+00
      0.444    14.9653   3.975414    32.1603       1131     4.7083  0.000e+00
      0.435    14.9633   3.975227    32.1602       1132     4.7125  0.000e+00
      0.427    14.9621   3.975269    32.1616       1133     4.7167  0.000e+00
      0.465    14.9617   3.975390    32.1630       1134     4.7208  0.000e+00
      0.539    14.9622   3.975644    32.1648       1135     4.7250  0.000e+00
      0.621    14.9626   3.975741    32.1653       1136     4.7292  0.000e+00
      0.691    14.9632   3.975814    32.1655       1137     4.7333  0.000e+00
      0.731    14.9633   3.975953    32.1666       1138     4.7375  0.000e+00
      0.781    14.9637   3.976140    32.1680       1139     4.7417  0.000e+00
      0.845    14.9642   3.976165    32.1678       1140     4.7458  0.000e+00
      0.904    14.9650   3.976286    32.1681       1141     4.7500  0.000e+00
      0.949    14.9660   3.976546    32.1696       1142     4.7542  0.000e+00
