HB2304/sbe081.cnv
* Sea-Bird SBE 19plus V2 Data File:
* FileName = C:\cruise\data\sbe081.hex
* Software Version Seasave V 7.26.7.121
* Temperature SN = 7037
* Conductivity SN = 7037
* System UpLoad Time = Oct 18 2023 17:07:53
** Ship: Bigelow
** Cruise:  HB2304
** Program:  Fall Bottom Trawl
# nquan = 7
# nvalues = 3491                                  
# units = specified
# name 0 = depSM: Depth [salt water, m], lat = 40.00
# name 1 = tv290C: Temperature [ITS-90, deg C]
# name 2 = c0S/m: Conductivity [S/m]
# name 3 = sal00: Salinity, Practical [PSU]
# name 4 = scan: Scan Count
# name 5 = timeM: Time, Elapsed [minutes]
# name 6 = flag:  0.000e+00
# span 0 =     -0.000,    166.315                 
# span 1 =     6.4255,    21.8137                 
# span 2 =  -0.000028,   4.125527                 
# span 3 =     0.0000,    34.7828                 
# span 4 =         11,       3501                 
# span 5 =     0.0417,    14.5833                 
# span 6 = 0.0000e+00, 0.0000e+00                 
# interval = seconds: 0.25
# start_time = Oct 18 2023 17:07:53 [System UTC, header]
# bad_flag = -9.990e-29
*END*
      0.040    21.8092  -0.000018     0.0000         11     0.0417  0.000e+00
      0.041    21.8106  -0.000015     0.0000         12     0.0458  0.000e+00
      0.038    21.8122  -0.000023     0.0000         13     0.0500  0.000e+00
      0.038    21.8130  -0.000018     0.0000         14     0.0542  0.000e+00
      0.041    21.8137  -0.000012     0.0000         15     0.0583  0.000e+00
      0.036    21.8136  -0.000018     0.0000         16     0.0625  0.000e+00
      0.040    21.8137  -0.000018     0.0000         17     0.0667  0.000e+00
      0.040    21.8131  -0.000018     0.0000         18     0.0708  0.000e+00
      0.036    21.8127  -0.000018     0.0000         19     0.0750  0.000e+00
      0.036    21.8116  -0.000018     0.0000         20     0.0792  0.000e+00
      0.038    21.8102  -0.000023     0.0000         21     0.0833  0.000e+00
      0.040    21.8091  -0.000018     0.0000         22     0.0875  0.000e+00
      0.038    21.8082  -0.000018     0.0000         23     0.0917  0.000e+00
      0.036    21.8075  -0.000018     0.0000         24     0.0958  0.000e+00
      0.038    21.8066  -0.000018     0.0000         25     0.1000  0.000e+00
      0.036    21.8058  -0.000018     0.0000         26     0.1042  0.000e+00
      0.038    21.8053  -0.000018     0.0000         27     0.1083  0.000e+00
      0.038    21.8048  -0.000018     0.0000         28     0.1125  0.000e+00
      0.034    21.8043  -0.000018     0.0000         29     0.1167  0.000e+00
      0.038    21.8044  -0.000018     0.0000         30     0.1208  0.000e+00
      0.038    21.8046  -0.000018     0.0000         31     0.1250  0.000e+00
      0.040    21.8047  -0.000015     0.0000         32     0.1292  0.000e+00
      0.038    21.8050  -0.000018     0.0000         33     0.1333  0.000e+00
      0.038    21.8051  -0.000023     0.0000         34     0.1375  0.000e+00
      0.040    21.8057  -0.000018     0.0000         35     0.1417  0.000e+00
      0.040    21.8063  -0.000018     0.0000         36     0.1458  0.000e+00
      0.043    21.8067  -0.000023     0.0000         37     0.1500  0.000e+00
      0.038    21.8072  -0.000018     0.0000         38     0.1542  0.000e+00
      0.036    21.8077  -0.000015     0.0000         39     0.1583  0.000e+00
      0.036    21.8079  -0.000018     0.0000         40     0.1625  0.000e+00
      0.040    21.8082  -0.000018     0.0000         41     0.1667  0.000e+00
      0.042    21.8082  -0.000018     0.0000         42     0.1708  0.000e+00
      0.043    21.8082  -0.000018     0.0000         43     0.1750  0.000e+00
      0.038    21.8084  -0.000018     0.0000         44     0.1792  0.000e+00
      0.038    21.8086  -0.000018     0.0000         45     0.1833  0.000e+00
      0.036    21.8088  -0.000018     0.0000         46     0.1875  0.000e+00
      0.036    21.8084  -0.000018     0.0000         47     0.1917  0.000e+00
      0.040    21.8082  -0.000018     0.0000         48     0.1958  0.000e+00
      0.043    21.8081  -0.000018     0.0000         49     0.2000  0.000e+00
      0.036    21.8076  -0.000018     0.0000         50     0.2042  0.000e+00
      0.038    21.8074  -0.000018     0.0000         51     0.2083  0.000e+00
      0.038    21.8067  -0.000018     0.0000         52     0.2125  0.000e+00
      0.038    21.8064  -0.000023     0.0000         53     0.2167  0.000e+00
      0.040    21.7982  -0.000023     0.0000         54     0.2208  0.000e+00
      0.063    21.7621  -0.000023     0.0000         55     0.2250  0.000e+00
      0.192    21.7229  -0.000028     0.0000         56     0.2292  0.000e+00
      0.300    21.6834   1.719115    10.8844         57     0.2333  0.000e+00
      0.381    21.2331   1.954189    12.6434         58     0.2375  0.000e+00
      0.437    20.0265   1.801093    11.8988         59     0.2417  0.000e+00
      0.472    19.1393   1.916561    13.0017         60     0.2458  0.000e+00
      0.501    18.5565   2.122982    14.7403         61     0.2500  0.000e+00
      0.537    18.1910   0.849482     5.5175         62     0.2542  0.000e+00
      0.591    17.9658   1.115941     7.4415         63     0.2583  0.000e+00
      0.651    17.8176   0.576406     3.6749         64     0.2625  0.000e+00
      0.714    17.7280   2.382004    17.0561         65     0.2667  0.000e+00
      0.768    17.6764   2.637579    19.0961         66     0.2708  0.000e+00
      0.811    17.6474   2.934460    21.4869         67     0.2750  0.000e+00
      0.853    17.6392   2.821936    20.5862         68     0.2792  0.000e+00
      0.914    17.5305   2.894954    21.2294         69     0.2833  0.000e+00
      0.994    17.3783   4.083813    31.1886         70     0.2875  0.000e+00
      1.097    17.3552   4.075074    31.1318         71     0.2917  0.000e+00
      1.227    17.3531   4.072140    31.1085         72     0.2958  0.000e+00
      1.361    17.3061   4.074940    31.1684         73     0.3000  0.000e+00
      1.489    17.2693   4.098885    31.4012         74     0.3042  0.000e+00
      1.619    17.2538   4.108799    31.4979         75     0.3083  0.000e+00
      1.744    17.2548   4.107259    31.4839         76     0.3125  0.000e+00
      1.861    17.2338   4.099326    31.4324         77     0.3167  0.000e+00
      1.970    17.1090   4.080507    31.3683         78     0.3208  0.000e+00
      2.073    16.9350   4.061682    31.3419         79     0.3250  0.000e+00
      2.131    16.7867   4.018318    31.0836         80     0.3292  0.000e+00
      2.129    16.6335   3.975369    30.8313         81     0.3333  0.000e+00
      2.049    16.4669   3.953460    30.7699         82     0.3375  0.000e+00
      1.930    16.3135   3.936113    30.7375         83     0.3417  0.000e+00
      1.814    16.1570   3.933560    30.8363         84     0.3458  0.000e+00
      1.710    16.0147   3.931634    30.9300         85     0.3500  0.000e+00
      1.594    15.9013   3.929099    30.9963         86     0.3542  0.000e+00
      1.484    15.8192   3.926752    31.0400         87     0.3583  0.000e+00
      1.373    15.7588   3.925663    31.0778         88     0.3625  0.000e+00
      1.279    15.7174   3.926061    31.1140         89     0.3667  0.000e+00
      1.207    15.6880   3.925760    31.1345         90     0.3708  0.000e+00
      1.160    15.6736   3.926501    31.1524         91     0.3750  0.000e+00
      1.133    15.6694   3.927476    31.1644         92     0.3792  0.000e+00
      1.139    15.6684   3.931566    31.2013         93     0.3833  0.000e+00
      1.166    15.6650   3.934705    31.2317         94     0.3875  0.000e+00
      1.204    15.6641   3.935964    31.2436         95     0.3917  0.000e+00
      1.269    15.6674   3.937266    31.2524         96     0.3958  0.000e+00
      1.341    15.6757   3.939714    31.2675         97     0.4000  0.000e+00
      1.415    15.6790   3.939412    31.2622         98     0.4042  0.000e+00
      1.478    15.6752   3.936519    31.2396         99     0.4083  0.000e+00
      1.531    15.6709   3.932638    31.2087        100     0.4125  0.000e+00
      1.571    15.6732   3.933241    31.2122        101     0.4167  0.000e+00
      1.599    15.6764   3.928663    31.1692        102     0.4208  0.000e+00
      1.610    15.6718   3.927428    31.1618        103     0.4250  0.000e+00
      1.587    15.6638   3.922396    31.1238        104     0.4292  0.000e+00
      1.538    15.6516   3.919803    31.1105        105     0.4333  0.000e+00
      1.466    15.6323   3.918666    31.1156        106     0.4375  0.000e+00
      1.383    15.6095   3.918131    31.1289        107     0.4417  0.000e+00
      1.300    15.5959   3.918227    31.1405        108     0.4458  0.000e+00
      1.218    15.5910   3.918065    31.1430        109     0.4500  0.000e+00
      1.159    15.5952   3.918528    31.1438        110     0.4542  0.000e+00
      1.140    15.6045   3.920056    31.1500        111     0.4583  0.000e+00
      1.173    15.6165   3.924924    31.1836        112     0.4625  0.000e+00
      1.253    15.6258   3.922884    31.1582        113     0.4667  0.000e+00
      1.363    15.6337   2.653057    20.2186        114     0.4708  0.000e+00
      1.495    15.6550   2.892933    22.2255        115     0.4750  0.000e+00
      1.641    15.6929   3.936265    31.2233        116     0.4792  0.000e+00
      1.793    15.7389   3.939164    31.2125        117     0.4833  0.000e+00
      1.956    15.7710   3.943795    31.2279        118     0.4875  0.000e+00
      2.113    15.7889   3.949327    31.2625        119     0.4917  0.000e+00
      2.264    15.7998   3.947855    31.2409        120     0.4958  0.000e+00
      2.404    15.8059   3.946244    31.2219        121     0.5000  0.000e+00
      2.541    15.7981   3.944519    31.2127        122     0.5042  0.000e+00
      2.660    15.7815   3.942951    31.2120        123     0.5083  0.000e+00
      2.765    15.7654   3.940949    31.2069        124     0.5125  0.000e+00
      2.868    15.7450   3.938128    31.1982        125     0.5167  0.000e+00
      2.949    15.7226   3.936169    31.1985        126     0.5208  0.000e+00
      3.025    15.6955   3.933681    31.1979        127     0.5250  0.000e+00
      3.096    15.6585   3.933193    31.2228        128     0.5292  0.000e+00
      3.164    15.6244   3.933965    31.2566        129     0.5333  0.000e+00
      3.247    15.5988   3.939203    31.3233        130     0.5375  0.000e+00
      3.340    15.5853   3.951437    31.4424        131     0.5417  0.000e+00
      3.446    15.5782   3.953170    31.4634        132     0.5458  0.000e+00
      3.571    15.5850   3.955766    31.4809        133     0.5500  0.000e+00
      3.712    15.6074   3.956750    31.4717        134     0.5542  0.000e+00
      3.849    15.6406   3.958037    31.4565        135     0.5583  0.000e+00
      3.999    15.6938   3.959208    31.4244        136     0.5625  0.000e+00
      4.156    15.7457   3.961274    31.4014        137     0.5667  0.000e+00
      4.317    15.7912   3.965238    31.4003        138     0.5708  0.000e+00
      4.482    15.8241   3.962354    31.3487        139     0.5750  0.000e+00
      4.642    15.8386   3.958107    31.2997        140     0.5792  0.000e+00
      4.807    15.8260   3.950451    31.2422        141     0.5833  0.000e+00
      4.971    15.7832   3.941348    31.1956        142     0.5875  0.000e+00
      5.132    15.7294   3.934754    31.1798        143     0.5917  0.000e+00
      5.280    15.6793   3.931170    31.1877        144     0.5958  0.000e+00
      5.432    15.6392   3.930170    31.2105        145     0.6000  0.000e+00
      5.580    15.6062   3.930056    31.2355        146     0.6042  0.000e+00
      5.725    15.5772   3.929454    31.2531        147     0.6083  0.000e+00
      5.868    15.5510   3.929106    31.2708        148     0.6125  0.000e+00
      6.003    15.5287   3.928781    31.2855        149     0.6167  0.000e+00
      6.135    15.5121   3.929708    31.3068        150     0.6208  0.000e+00
      6.267    15.5022   3.931570    31.3312        151     0.6250  0.000e+00
      6.395    15.4961   3.933172    31.3503        152     0.6292  0.000e+00
      6.513    15.4939   3.935523    31.3728        153     0.6333  0.000e+00
      6.637    15.4950   3.938759    31.4007        154     0.6375  0.000e+00
      6.760    15.5003   3.945526    31.4565        155     0.6417  0.000e+00
      6.883    15.5101   3.954108    31.5248        156     0.6458  0.000e+00
      6.997    15.5213   3.956402    31.5361        157     0.6500  0.000e+00
      7.120    15.5249   3.961326    31.5770        158     0.6542  0.000e+00
      7.246    15.5443   3.964632    31.5908        159     0.6583  0.000e+00
      7.380    15.5987   3.963857    31.5403        160     0.6625  0.000e+00
      7.519    15.6716   3.961228    31.4587        161     0.6667  0.000e+00
      7.666    15.7321   3.958834    31.3894        162     0.6708  0.000e+00
      7.819    15.7709   3.957451    31.3463        163     0.6750  0.000e+00
      7.982    15.7936   3.957710    31.3306        164     0.6792  0.000e+00
      8.146    15.8061   3.959444    31.3359        165     0.6833  0.000e+00
      8.318    15.8199   3.964320    31.3679        166     0.6875  0.000e+00
      8.493    15.8403   3.964725    31.3553        167     0.6917  0.000e+00
      8.669    15.8651   3.964374    31.3325        168     0.6958  0.000e+00
      8.837    15.8875   3.962706    31.3000        169     0.7000  0.000e+00
      9.012    15.8901   3.955879    31.2378        170     0.7042  0.000e+00
      9.176    15.8494   3.944376    31.1686        171     0.7083  0.000e+00
      9.323    15.7907   3.934170    31.1249        172     0.7125  0.000e+00
      9.466    15.7285   3.929032    31.1285        173     0.7167  0.000e+00
      9.594    15.6705   3.927943    31.1646        174     0.7208  0.000e+00
      9.704    15.6265   3.929455    31.2127        175     0.7250  0.000e+00
      9.811    15.5912   3.931642    31.2599        176     0.7292  0.000e+00
      9.912    15.5659   3.935499    31.3141        177     0.7333  0.000e+00
     10.013    15.5514   3.949032    31.4456        178     0.7375  0.000e+00
     10.123    15.5428   3.954712    31.5028        179     0.7417  0.000e+00
     10.235    15.5451   3.954785    31.5016        180     0.7458  0.000e+00
     10.364    15.5998   3.950154    31.4169        181     0.7500  0.000e+00
     10.497    15.6575   3.949121    31.3617        182     0.7542  0.000e+00
     10.642    15.6871   3.950690    31.3521        183     0.7583  0.000e+00
     10.806    15.7096   3.952561    31.3507        184     0.7625  0.000e+00
     10.971    15.7296   3.954107    31.3484        185     0.7667  0.000e+00
     11.141    15.7508   3.953213    31.3236        186     0.7708  0.000e+00
     11.316    15.7673   3.953684    31.3147        187     0.7750  0.000e+00
     11.491    15.7762   3.954034    31.3106        188     0.7792  0.000e+00
     11.672    15.7715   3.953050    31.3057        189     0.7833  0.000e+00
     11.845    15.7455   3.948632    31.2872        190     0.7875  0.000e+00
     12.015    15.7042   3.940579    31.2487        191     0.7917  0.000e+00
     12.176    15.6545   3.933805    31.2280        192     0.7958  0.000e+00
     12.323    15.6040   3.930336    31.2372        193     0.8000  0.000e+00
     12.464    15.5604   3.928807    31.2582        194     0.8042  0.000e+00
     12.601    15.5276   3.928759    31.2838        195     0.8083  0.000e+00
     12.731    15.5067   3.930175    31.3129        196     0.8125  0.000e+00
     12.854    15.4951   3.931362    31.3326        197     0.8167  0.000e+00
     12.977    15.4886   3.932874    31.3511        198     0.8208  0.000e+00
     13.109    15.4870   3.934597    31.3676        199     0.8250  0.000e+00
     13.244    15.4900   3.936712    31.3841        200     0.8292  0.000e+00
     13.380    15.4972   3.938907    31.3977        201     0.8333  0.000e+00
     13.523    15.5069   3.940468    31.4038        202     0.8375  0.000e+00
     13.674    15.5162   3.941656    31.4069        203     0.8417  0.000e+00
     13.835    15.5242   3.943332    31.4153        204     0.8458  0.000e+00
     13.998    15.5302   3.943007    31.4075        205     0.8500  0.000e+00
     14.166    15.5335   3.940347    31.3813        206     0.8542  0.000e+00
     14.334    15.5315   3.938997    31.3708        207     0.8583  0.000e+00
     14.495    15.5282   3.937996    31.3645        208     0.8625  0.000e+00
     14.656    15.5260   3.937249    31.3596        209     0.8667  0.000e+00
     14.815    15.5263   3.937134    31.3583        210     0.8708  0.000e+00
     14.959    15.5310   3.938231    31.3642        211     0.8750  0.000e+00
     15.100    15.5387   3.941119    31.3837        212     0.8792  0.000e+00
     15.236    15.5478   3.945082    31.4115        213     0.8833  0.000e+00
     15.371    15.5612   3.949523    31.4402        214     0.8875  0.000e+00
     15.501    15.5766   3.955258    31.4787        215     0.8917  0.000e+00
