HB2304/sbe087.cnv
* Sea-Bird SBE 19plus V2 Data File:
* FileName = C:\cruise\data\sbe087.hex
* Software Version Seasave V 7.26.7.121
* Temperature SN = 7037
* Conductivity SN = 7037
* System UpLoad Time = Oct 19 2023 15:56:18
** Ship: Bigelow
** Cruise:  HB2304
** Program:  Fall Bottom Trawl
# nquan = 7
# nvalues = 3365                                  
# units = specified
# name 0 = depSM: Depth [salt water, m], lat = 40.00
# name 1 = tv290C: Temperature [ITS-90, deg C]
# name 2 = c0S/m: Conductivity [S/m]
# name 3 = sal00: Salinity, Practical [PSU]
# name 4 = scan: Scan Count
# name 5 = timeM: Time, Elapsed [minutes]
# name 6 = flag:  0.000e+00
# span 0 =      0.010,    145.923                 
# span 1 =     7.2802,    21.0241                 
# span 2 =  -0.000028,   4.000347                 
# span 3 =     0.0000,    34.9202                 
# span 4 =         11,       3375                 
# span 5 =     0.0417,    14.0583                 
# span 6 = 0.0000e+00, 0.0000e+00                 
# interval = seconds: 0.25
# start_time = Oct 19 2023 15:56:18 [System UTC, header]
# bad_flag = -9.990e-29
*END*
[from data line 1026]
    129.663     9.0027   3.709126    34.8771       1037     4.3167  0.000e+00
    129.846     9.0029   3.709020    34.8756       1038     4.3208  0.000e+00
    130.034     9.0023   3.708956    34.8754       1039     4.3250  0.000e+00
    130.220     9.0013   3.708956    34.8764       1040     4.3292  0.000e+00
    130.410     9.0006   3.708891    34.8763       1041     4.3333  0.000e+00
    130.598     8.9995   3.708615    34.8743       1042     4.3375  0.000e+00
    130.791     8.9975   3.708162    34.8715       1043     4.3417  0.000e+00
    130.977     8.9935   3.707592    34.8693       1044     4.3458  0.000e+00
    131.162     8.9881   3.707662    34.8753       1045     4.3500  0.000e+00
    131.348     8.9837   3.707462    34.8775       1046     4.3542  0.000e+00
    131.531     8.9796   3.706916    34.8757       1047     4.3583  0.000e+00
    131.708     8.9745   3.706686    34.8781       1048     4.3625  0.000e+00
    131.885     8.9696   3.706551    34.8814       1049     4.3667  0.000e+00
    132.059     8.9654   3.706369    34.8836       1050     4.3708  0.000e+00
    132.232     8.9617   3.706228    34.8857       1051     4.3750  0.000e+00
    132.402     8.9586   3.706075    34.8871       1052     4.3792  0.000e+00
    132.578     8.9557   3.706122    34.8903       1053     4.3833  0.000e+00
    132.746     8.9537   3.706205    34.8931       1054     4.3875  0.000e+00
    132.907     8.9526   3.706122    34.8931       1055     4.3917  0.000e+00
    133.079     8.9516   3.705899    34.8917       1056     4.3958  0.000e+00
    133.243     8.9501   3.705764    34.8917       1057     4.4000  0.000e+00
    133.410     8.9481   3.705740    34.8934       1058     4.4042  0.000e+00
    133.580     8.9465   3.705858    34.8961       1059     4.4083  0.000e+00
    133.755     8.9458   3.705805    34.8961       1060     4.4125  0.000e+00
    133.929     8.9451   3.705817    34.8968       1061     4.4167  0.000e+00
    134.106     8.9444   3.705764    34.8969       1062     4.4208  0.000e+00
    134.287     8.9438   3.705694    34.8967       1063     4.4250  0.000e+00
    134.471     8.9428   3.705705    34.8977       1064     4.4292  0.000e+00
    134.659     8.9417   3.705559    34.8971       1065     4.4333  0.000e+00
    134.853     8.9404   3.705535    34.8981       1066     4.4375  0.000e+00
    135.039     8.9392   3.705559    34.8994       1067     4.4417  0.000e+00
    135.229     8.9384   3.705671    34.9013       1068     4.4458  0.000e+00
    135.420     8.9377   3.705559    34.9006       1069     4.4500  0.000e+00
    135.608     8.9367   3.705559    34.9016       1070     4.4542  0.000e+00
    135.802     8.9353   3.705577    34.9031       1071     4.4583  0.000e+00
    135.999     8.9344   3.705583    34.9039       1072     4.4625  0.000e+00
    136.187     8.9332   3.705606    34.9052       1073     4.4667  0.000e+00
    136.371     8.9325   3.705624    34.9060       1074     4.4708  0.000e+00
    136.561     8.9320   3.705583    34.9060       1075     4.4750  0.000e+00
    136.748     8.9316   3.705624    34.9068       1076     4.4792  0.000e+00
    136.934     8.9311   3.705648    34.9074       1077     4.4833  0.000e+00
    137.115     8.9310   3.705671    34.9076       1078     4.4875  0.000e+00
    137.295     8.9311   3.705560    34.9063       1079     4.4917  0.000e+00
    137.475     8.9308   3.705583    34.9067       1080     4.4958  0.000e+00
    137.648     8.9305   3.705577    34.9069       1081     4.5000  0.000e+00
    137.820     8.9302   3.705536    34.9067       1082     4.5042  0.000e+00
    137.990     8.9298   3.705560    34.9072       1083     4.5083  0.000e+00
    138.156     8.9295   3.705607    34.9079       1084     4.5125  0.000e+00
    138.323     8.9291   3.705625    34.9085       1085     4.5167  0.000e+00
    138.491     8.9288   3.705689    34.9093       1086     4.5208  0.000e+00
    138.652     8.9286   3.705784    34.9104       1087     4.5250  0.000e+00
    138.815     8.9288   3.705772    34.9101       1088     4.5292  0.000e+00
    138.979     8.9288   3.705807    34.9103       1089     4.5333  0.000e+00
    139.142     8.9290   3.705854    34.9106       1090     4.5375  0.000e+00
    139.305     8.9292   3.705860    34.9104       1091     4.5417  0.000e+00
    139.475     8.9292   3.705878    34.9105       1092     4.5458  0.000e+00
    139.645     8.9294   3.705966    34.9111       1093     4.5500  0.000e+00
    139.827     8.9297   3.706013    34.9112       1094     4.5542  0.000e+00
    140.003     8.9299   3.705966    34.9105       1095     4.5583  0.000e+00
    140.193     8.9300   3.705949    34.9100       1096     4.5625  0.000e+00
    140.383     8.9299   3.705967    34.9102       1097     4.5667  0.000e+00
    140.578     8.9299   3.705990    34.9104       1098     4.5708  0.000e+00
    140.779     8.9299   3.705943    34.9099       1099     4.5750  0.000e+00
    140.981     8.9297   3.705879    34.9093       1100     4.5792  0.000e+00
    141.175     8.9293   3.705796    34.9086       1101     4.5833  0.000e+00
    141.374     8.9284   3.705808    34.9096       1102     4.5875  0.000e+00
    141.569     8.9276   3.705691    34.9091       1103     4.5917  0.000e+00
    141.764     8.9265   3.705585    34.9090       1104     4.5958  0.000e+00
    141.952     8.9253   3.705585    34.9101       1105     4.6000  0.000e+00
    142.136     8.9243   3.705561    34.9107       1106     4.6042  0.000e+00
    142.319     8.9234   3.705426    34.9100       1107     4.6083  0.000e+00
    142.498     8.9225   3.705426    34.9108       1108     4.6125  0.000e+00
    142.675     8.9216   3.705468    34.9121       1109     4.6167  0.000e+00
    142.847     8.9213   3.705332    34.9109       1110     4.6208  0.000e+00
    143.019     8.9206   3.705215    34.9103       1111     4.6250  0.000e+00
    143.185     8.9195   3.705197    34.9110       1112     4.6292  0.000e+00
    143.354     8.9187   3.705233    34.9122       1113     4.6333  0.000e+00
    143.522     8.9181   3.705197    34.9122       1114     4.6375  0.000e+00
    143.690     8.9179   3.705156    34.9120       1115     4.6417  0.000e+00
    143.860     8.9174   3.705015    34.9109       1116     4.6458  0.000e+00
    144.024     8.9166   3.705039    34.9118       1117     4.6500  0.000e+00
    144.196     8.9160   3.705086    34.9129       1118     4.6542  0.000e+00
    144.368     8.9157   3.705221    34.9145       1119     4.6583  0.000e+00
    144.540     8.9159   3.705245    34.9144       1120     4.6625  0.000e+00
    144.708     8.9162   3.705063    34.9122       1121     4.6667  0.000e+00
    144.878     8.9158   3.704927    34.9111       1122     4.6708  0.000e+00
    145.052     8.9152   3.704933    34.9116       1123     4.6750  0.000e+00
    145.231     8.9145   3.704681    34.9096       1124     4.6792  0.000e+00
    145.317     8.9134   3.704340    34.9071       1125     4.6833  0.000e+00
    145.368     8.9113   3.704263    34.9083       1126     4.6875  0.000e+00
    145.348     8.9092   3.704340    34.9111       1127     4.6917  0.000e+00
    145.314     8.9082   3.704910    34.9182       1128     4.6958  0.000e+00
    145.328     8.9094   3.705133    34.9193       1129     4.7000  0.000e+00
    145.382     8.9115   3.705063    34.9164       1130     4.7042  0.000e+00
    145.438     8.9127   3.705016    34.9147       1131     4.7083  0.000e+00
    145.463     8.9134   3.704745    34.9112       1132     4.7125  0.000e+00
    145.472     8.9131   3.704540    34.9094       1133     4.7167  0.000e+00
    145.481     8.9119   3.704410    34.9092       1134     4.7208  0.000e+00
    145.496     8.9103   3.704269    34.9092       1135     4.7250  0.000e+00
    145.516     8.9089   3.704281    34.9107       1136     4.7292  0.000e+00
    145.532     8.9080   3.704475    34.9137       1137     4.7333  0.000e+00
    145.534     8.9078   3.704610    34.9153       1138     4.7375  0.000e+00
    145.539     8.9084   3.704745    34.9161       1139     4.7417  0.000e+00
    145.546     8.9094   3.704546    34.9131       1140     4.7458  0.000e+00
    145.555     8.9096   3.704610    34.9135       1141     4.7500  0.000e+00
    145.564     8.9098   3.704634    34.9136       1142     4.7542  0.000e+00
    145.570     8.9098   3.704281    34.9099       1143     4.7583  0.000e+00
    145.573     8.9089   3.704228    34.9101       1144     4.7625  0.000e+00
    145.591     8.9078   3.704046    34.9093       1145     4.7667  0.000e+00
    145.606     8.9063   3.703481    34.9049       1146     4.7708  0.000e+00
    145.633     8.9036   3.703346    34.9060       1147     4.7750  0.000e+00
    145.649     8.9009   3.703223    34.9075       1148     4.7792  0.000e+00
    145.671     8.8989   3.703252    34.9097       1149     4.7833  0.000e+00
    145.691     8.8974   3.703252    34.9112       1150     4.7875  0.000e+00
    145.710     8.8965   3.703393    34.9135       1151     4.7917  0.000e+00
    145.725     8.8965   3.703958    34.9195       1152     4.7958  0.000e+00
    145.748     8.8983   3.704199    34.9202       1153     4.8000  0.000e+00
    145.765     8.9007   3.704387    34.9198       1154     4.8042  0.000e+00
    145.792     8.9029   3.704387    34.9176       1155     4.8083  0.000e+00
    145.813     8.9048   3.704346    34.9153       1156     4.8125  0.000e+00
    145.839     8.9056   3.704252    34.9135       1157     4.8167  0.000e+00
    145.864     8.9057   3.703869    34.9094       1158     4.8208  0.000e+00
    145.887     8.9047   3.703570    34.9073       1159     4.8250  0.000e+00
    145.900     8.9028   3.703458    34.9080       1160     4.8292  0.000e+00
    145.909     8.9009   3.703376    34.9089       1161     4.8333  0.000e+00
    145.918     8.8995   3.703370    34.9102       1162     4.8375  0.000e+00
    145.914     8.8983   3.703264    34.9103       1163     4.8417  0.000e+00
    145.913     8.8974   3.703211    34.9107       1164     4.8458  0.000e+00
    145.898     8.8965   3.703188    34.9112       1165     4.8500  0.000e+00
    145.880     8.8958   3.703223    34.9123       1166     4.8542  0.000e+00
    145.860     8.8954   3.703346    34.9140       1167     4.8583  0.000e+00
    145.833     8.8956   3.703546    34.9159       1168     4.8625  0.000e+00
    145.813     8.8965   3.703593    34.9156       1169     4.8667  0.000e+00
    145.793     8.8974   3.703705    34.9159       1170     4.8708  0.000e+00
    145.780     8.8983   3.703611    34.9140       1171     4.8750  0.000e+00
    145.775     8.8988   3.703570    34.9131       1172     4.8792  0.000e+00
    145.771     8.8989   3.703481    34.9120       1173     4.8833  0.000e+00
    145.778     8.8988   3.703346    34.9108       1174     4.8875  0.000e+00
    145.789     8.8981   3.703299    34.9110       1175     4.8917  0.000e+00
    145.807     8.8974   3.703311    34.9118       1176     4.8958  0.000e+00
    145.822     8.8969   3.703346    34.9126       1177     4.9000  0.000e+00
    145.843     8.8967   3.703376    34.9131       1178     4.9042  0.000e+00
    145.863     8.8968   3.703458    34.9138       1179     4.9083  0.000e+00
    145.881     8.8970   3.703458    34.9137       1180     4.9125  0.000e+00
    145.899     8.8973   3.703458    34.9133       1181     4.9167  0.000e+00
    145.912     8.8977   3.703482    34.9131       1182     4.9208  0.000e+00
    145.923     8.8978   3.703458    34.9128       1183     4.9250  0.000e+00
    145.921     8.8978   3.703523    34.9135       1184     4.9292  0.000e+00
    145.914     8.8981   3.703482    34.9128       1185     4.9333  0.000e+00
    145.901     8.8982   3.703458    34.9125       1186     4.9375  0.000e+00
    145.881     8.8982   3.703482    34.9127       1187     4.9417  0.000e+00
    145.856     8.8981   3.703505    34.9130       1188     4.9458  0.000e+00
    145.823     8.8981   3.703523    34.9132       1189     4.9500  0.000e+00
    145.781     8.8984   3.703523    34.9130       1190     4.9542  0.000e+00
    145.738     8.8984   3.703805    34.9159       1191     4.9583  0.000e+00
    145.700     8.8991   3.704046    34.9179       1192     4.9625  0.000e+00
    145.664     8.9008   3.704175    34.9175       1193     4.9667  0.000e+00
    145.629     8.9025   3.704410    34.9183       1194     4.9708  0.000e+00
    145.596     8.9043   3.704704    34.9197       1195     4.9750  0.000e+00
    145.562     8.9066   3.704693    34.9173       1196     4.9792  0.000e+00
    145.531     8.9082   3.704252    34.9112       1197     4.9833  0.000e+00
    145.502     8.9082   3.704063    34.9092       1198     4.9875  0.000e+00
    145.480     8.9071   3.704022    34.9098       1199     4.9917  0.000e+00
    145.457     8.9061   3.704022    34.9108       1200     4.9958  0.000e+00
    145.428     8.9052   3.704046    34.9119       1201     5.0000  0.000e+00
    145.403     8.9049   3.704157    34.9134       1202     5.0042  0.000e+00
    145.375     8.9050   3.704240    34.9142       1203     5.0083  0.000e+00
    145.347     8.9055   3.704204    34.9134       1204     5.0125  0.000e+00
    145.323     8.9060   3.704269    34.9136       1205     5.0167  0.000e+00
    145.292     8.9063   3.704328    34.9139       1206     5.0208  0.000e+00
    145.254     8.9068   3.704316    34.9133       1207     5.0250  0.000e+00
    145.222     8.9071   3.704328    34.9131       1208     5.0292  0.000e+00
    145.174     8.9073   3.704204    34.9116       1209     5.0333  0.000e+00
    145.136     8.9074   3.704316    34.9128       1210     5.0375  0.000e+00
    145.084     8.9073   3.704304    34.9128       1211     5.0417  0.000e+00
    145.041     8.9074   3.704134    34.9109       1212     5.0458  0.000e+00
    144.986     8.9070   3.703999    34.9099       1213     5.0500  0.000e+00
    144.939     8.9062   3.703863    34.9093       1214     5.0542  0.000e+00
    144.888     8.9052   3.703728    34.9089       1215     5.0583  0.000e+00
    144.838     8.9041   3.703828    34.9110       1216     5.0625  0.000e+00
    144.794     8.9034   3.703681    34.9102       1217     5.0667  0.000e+00
    144.745     8.9028   3.703981    34.9140       1218     5.0708  0.000e+00
    144.702     8.9031   3.704093    34.9149       1219     5.0750  0.000e+00
    144.658     8.9040   3.704045    34.9135       1220     5.0792  0.000e+00
    144.599     8.9045   3.704045    34.9130       1221     5.0833  0.000e+00
    144.528     8.9047   3.704204    34.9145       1222     5.0875  0.000e+00
    144.434     8.9054   3.704216    34.9140       1223     5.0917  0.000e+00
    144.338     8.9060   3.704134    34.9126       1224     5.0958  0.000e+00
    144.242     8.9063   3.704181    34.9128       1225     5.1000  0.000e+00
    144.146     8.9064   3.704110    34.9120       1226     5.1042  0.000e+00
    144.045     8.9064   3.704204    34.9131       1227     5.1083  0.000e+00
    143.945     8.9066   3.704657    34.9177       1228     5.1125  0.000e+00
    143.844     8.9079   3.704327    34.9130       1229     5.1167  0.000e+00
    143.743     8.9085   3.704292    34.9121       1230     5.1208  0.000e+00
    143.645     8.9083   3.704457    34.9141       1231     5.1250  0.000e+00
    143.540     8.9088   3.704815    34.9174       1232     5.1292  0.000e+00
    143.439     8.9100   3.704839    34.9165       1233     5.1333  0.000e+00
    143.341     8.9114   3.704845    34.9152       1234     5.1375  0.000e+00
    143.234     8.9124   3.704839    34.9142       1235     5.1417  0.000e+00
    143.126     8.9130   3.704844    34.9138       1236     5.1458  0.000e+00
    143.015     8.9133   3.704609    34.9111       1237     5.1500  0.000e+00
    142.900     8.9129   3.704821    34.9137       1238     5.1542  0.000e+00
    142.782     8.9131   3.704862    34.9140       1239     5.1583  0.000e+00
    142.664     8.9134   3.704744    34.9126       1240     5.1625  0.000e+00
