HB2304/sbe045.cnv
* Sea-Bird SBE 19plus V2 Data File:
* FileName = C:\cruise\data\sbe045.hex
* Software Version Seasave V 7.26.7.121
* Temperature SN = 7037
* Conductivity SN = 7037
* System UpLoad Time = Oct 06 2023 23:29:51
** Ship: Bigelow
** Cruise:  HB2304
** Program:  Fall Bottom Trawl
# nquan = 7
# nvalues = 1815                                  
# units = specified
# name 0 = depSM: Depth [salt water, m], lat = 40.00
# name 1 = tv290C: Temperature [ITS-90, deg C]
# name 2 = c0S/m: Conductivity [S/m]
# name 3 = sal00: Salinity, Practical [PSU]
# name 4 = scan: Scan Count
# name 5 = timeM: Time, Elapsed [minutes]
# name 6 = flag:  0.000e+00
# span 0 =     -0.046,     69.055                 
# span 1 =    11.6648,    18.1904                 
# span 2 =  -0.000034,   4.241386                 
# span 3 =     0.0000,    32.5659                 
# span 4 =         11,       1825                 
# span 5 =     0.0417,     7.6000                 
# span 6 = 0.0000e+00, 0.0000e+00                 
# interval = seconds: 0.25
# start_time = Oct 06 2023 23:29:51 [System UTC, header]
# bad_flag = -9.990e-29
*END*
      0.002    18.1679   0.000009     0.0093         11     0.0417  0.000e+00
     -0.003    18.1698   0.000020     0.0092         12     0.0458  0.000e+00
     -0.001    18.1716   0.000015     0.0093         13     0.0500  0.000e+00
     -0.003    18.1737   0.000009     0.0093         14     0.0542  0.000e+00
     -0.005    18.1760   0.000009     0.0093         15     0.0583  0.000e+00
     -0.001    18.1780   0.000009     0.0093         16     0.0625  0.000e+00
     -0.001    18.1796   0.000009     0.0093         17     0.0667  0.000e+00
     -0.001    18.1808   0.000009     0.0093         18     0.0708  0.000e+00
      0.003    18.1816   0.000009     0.0093         19     0.0750  0.000e+00
     -0.006    18.1822   0.000009     0.0093         20     0.0792  0.000e+00
     -0.001    18.1832   0.000009     0.0093         21     0.0833  0.000e+00
     -0.001    18.1848   0.000015     0.0093         22     0.0875  0.000e+00
      0.003    18.1869   0.000009     0.0093         23     0.0917  0.000e+00
      0.003    18.1892   0.000009     0.0093         24     0.0958  0.000e+00
      0.003    18.1904   0.000015     0.0093         25     0.1000  0.000e+00
     -0.004    18.1896   0.000009     0.0093         26     0.1042  0.000e+00
     -0.003    18.1870   0.000004     0.0094         27     0.1083  0.000e+00
     -0.001    18.1831   0.000009     0.0093         28     0.1125  0.000e+00
     -0.001    18.1793   0.000004     0.0094         29     0.1167  0.000e+00
     -0.001    18.1759   0.000015     0.0093         30     0.1208  0.000e+00
     -0.003    18.1737   0.000004     0.0094         31     0.1250  0.000e+00
     -0.001    18.1706   0.000004     0.0094         32     0.1292  0.000e+00
     -0.003    18.1672   0.000004     0.0094         33     0.1333  0.000e+00
     -0.003    18.1634   0.000009     0.0093         34     0.1375  0.000e+00
     -0.001    18.1601   0.000009     0.0093         35     0.1417  0.000e+00
     -0.002    18.1575   0.000015     0.0093         36     0.1458  0.000e+00
      0.003    18.1551   0.000009     0.0093         37     0.1500  0.000e+00
      0.005    18.1525   0.000004     0.0094         38     0.1542  0.000e+00
      0.003    18.1491   0.000009     0.0093         39     0.1583  0.000e+00
      0.003    18.1451   0.000004     0.0093         40     0.1625  0.000e+00
      0.001    18.1412   0.000009     0.0093         41     0.1667  0.000e+00
      0.007    18.1373   0.000009     0.0093         42     0.1708  0.000e+00
     -0.001    18.1330   0.000004     0.0093         43     0.1750  0.000e+00
     -0.002    18.1296   0.000009     0.0093         44     0.1792  0.000e+00
     -0.001    18.1263   0.000004     0.0093         45     0.1833  0.000e+00
     -0.002    18.1242   0.000004     0.0093         46     0.1875  0.000e+00
      0.001    18.1235   0.000009     0.0093         47     0.1917  0.000e+00
     -0.004    18.1225   0.000004     0.0093         48     0.1958  0.000e+00
     -0.002    18.1198   0.000009     0.0093         49     0.2000  0.000e+00
     -0.004    18.1195   0.000004     0.0093         50     0.2042  0.000e+00
     -0.001    18.1242   0.000004     0.0093         51     0.2083  0.000e+00
     -0.002    18.1302   0.000009     0.0093         52     0.2125  0.000e+00
     -0.004    18.1362   0.000004     0.0093         53     0.2167  0.000e+00
      0.001    18.1403   0.000004     0.0093         54     0.2208  0.000e+00
      0.003    18.1444   0.000004     0.0093         55     0.2250  0.000e+00
     -0.001    18.1500   0.000004     0.0094         56     0.2292  0.000e+00
      0.003    18.1562   0.000004     0.0094         57     0.2333  0.000e+00
     -0.012    18.1623   0.000004     0.0094         58     0.2375  0.000e+00
      0.068    18.1687   0.000009     0.0093         59     0.2417  0.000e+00
      0.390    18.1782   0.000009     0.0093         60     0.2458  0.000e+00
      0.673    18.1903  -0.000034     0.0000         61     0.2500  0.000e+00
      0.881    18.1593   0.235570     1.4102         62     0.2542  0.000e+00
      1.082    18.0554   1.910206    13.2966         63     0.2583  0.000e+00
      1.268    17.9650   1.734986    12.0011         64     0.2625  0.000e+00
      1.463    17.9243   1.679401    11.5952         65     0.2667  0.000e+00
      1.651    17.9093   1.310518     8.8646         66     0.2708  0.000e+00
      1.720    17.9029   1.884401    13.1496         67     0.2750  0.000e+00
      1.918    17.9023   4.040647    30.4267         68     0.2792  0.000e+00
      2.036    17.9047   4.185987    31.6475         69     0.2833  0.000e+00
      1.965    17.8843   4.198117    31.7657         70     0.2875  0.000e+00
      1.850    17.8368   4.079929    30.8059         71     0.2917  0.000e+00
      1.779    17.7870   3.493352    25.9586         72     0.2958  0.000e+00
      1.812    17.7615   4.229875    32.1308         73     0.3000  0.000e+00
      1.906    17.7773   4.238546    32.1918         74     0.3042  0.000e+00
      2.049    17.8002   4.237334    32.1634         75     0.3083  0.000e+00
      2.200    17.8118   4.236967    32.1511         76     0.3125  0.000e+00
      2.368    17.8102   4.237918    32.1603         77     0.3167  0.000e+00
      2.493    17.8086   4.239391    32.1740         78     0.3208  0.000e+00
      2.596    17.8095   4.241386    32.1902         79     0.3250  0.000e+00
      2.658    17.8108   4.240802    32.1842         80     0.3292  0.000e+00
      2.678    17.8096   4.237626    32.1583         81     0.3333  0.000e+00
      2.679    17.7946   4.231247    32.1160         82     0.3375  0.000e+00
      2.661    17.7677   4.226809    32.0996         83     0.3417  0.000e+00
      2.623    17.7399   4.224718    32.1038         84     0.3458  0.000e+00
      2.571    17.7158   4.223297    32.1107         85     0.3500  0.000e+00
      2.500    17.6968   4.221852    32.1135         86     0.3542  0.000e+00
      2.426    17.6824   4.221536    32.1222         87     0.3583  0.000e+00
      2.368    17.6708   4.221412    32.1303         88     0.3625  0.000e+00
      2.336    17.6621   4.221598    32.1388         89     0.3667  0.000e+00
      2.311    17.6560   4.222237    32.1491         90     0.3708  0.000e+00
      2.285    17.6522   4.223211    32.1603         91     0.3750  0.000e+00
      2.249    17.6501   4.224291    32.1712         92     0.3792  0.000e+00
      2.195    17.6486   4.221244    32.1465         93     0.3833  0.000e+00
      2.114    17.6468   4.219080    32.1295         94     0.3875  0.000e+00
      2.023    17.6441   4.217771    32.1206         95     0.3917  0.000e+00
      1.913    17.6400   4.217015    32.1175         96     0.3958  0.000e+00
      1.788    17.6363   4.216872    32.1192         97     0.4000  0.000e+00
      1.680    17.6338   4.217455    32.1262         98     0.4042  0.000e+00
      1.619    17.6324   4.216531    32.1195         99     0.4083  0.000e+00
      1.593    17.6317   4.216388    32.1188        100     0.4125  0.000e+00
      1.606    17.6317   4.217771    32.1306        101     0.4167  0.000e+00
      1.656    17.6397   4.220686    32.1490        102     0.4208  0.000e+00
      1.721    17.6504   4.222069    32.1523        103     0.4250  0.000e+00
      1.794    17.6593   4.223577    32.1580        104     0.4292  0.000e+00
      1.884    17.6702   4.224086    32.1537        105     0.4333  0.000e+00
      2.012    17.6796   4.225631    32.1593        106     0.4375  0.000e+00
      2.179    17.6870   4.227685    32.1709        107     0.4417  0.000e+00
      2.378    17.6968   4.229119    32.1753        108     0.4458  0.000e+00
      2.589    17.7118   4.230050    32.1712        109     0.4500  0.000e+00
      2.782    17.7240   4.230702    32.1670        110     0.4542  0.000e+00
      2.967    17.7342   4.231143    32.1626        111     0.4583  0.000e+00
      3.126    17.7430   4.231410    32.1580        112     0.4625  0.000e+00
      3.258    17.7505   4.231701    32.1544        113     0.4667  0.000e+00
      3.353    17.7566   4.231850    32.1508        114     0.4708  0.000e+00
      3.393    17.7609   4.230726    32.1379        115     0.4750  0.000e+00
      3.384    17.7627   4.229876    32.1292        116     0.4792  0.000e+00
      3.348    17.7599   4.227840    32.1143        117     0.4833  0.000e+00
      3.305    17.7460   4.224768    32.0991        118     0.4875  0.000e+00
      3.261    17.7255   4.223986    32.1087        119     0.4917  0.000e+00
      3.232    17.7068   4.228300    32.1601        120     0.4958  0.000e+00
      3.232    17.6924   4.231510    32.1988        121     0.5000  0.000e+00
      3.276    17.6940   4.232218    32.2035        122     0.5042  0.000e+00
      3.337    17.7168   4.231826    32.1821        123     0.5083  0.000e+00
      3.429    17.7391   4.231807    32.1643        124     0.5125  0.000e+00
      3.556    17.7559   4.232285    32.1550        125     0.5167  0.000e+00
      3.700    17.7679   4.233335    32.1544        126     0.5208  0.000e+00
      3.859    17.7765   4.233894    32.1523        127     0.5250  0.000e+00
      4.033    17.7839   4.234248    32.1494        128     0.5292  0.000e+00
      4.224    17.7896   4.234527    32.1472        129     0.5333  0.000e+00
      4.410    17.7937   4.234800    32.1462        130     0.5375  0.000e+00
      4.598    17.7971   4.235012    32.1452        131     0.5417  0.000e+00
      4.793    17.8000   4.235210    32.1446        132     0.5458  0.000e+00
      4.983    17.8018   4.235360    32.1443        133     0.5500  0.000e+00
      5.149    17.8032   4.234360    32.1347        134     0.5542  0.000e+00
      5.290    17.8040   4.233279    32.1249        135     0.5583  0.000e+00
      5.411    17.8010   4.231993    32.1163        136     0.5625  0.000e+00
      5.514    17.7837   4.227269    32.0899        137     0.5667  0.000e+00
      5.616    17.7587   4.224669    32.0874        138     0.5708  0.000e+00
      5.719    17.7349   4.226749    32.1238        139     0.5750  0.000e+00
      5.823    17.7157   4.232243    32.1857        140     0.5792  0.000e+00
      5.941    17.7017   4.234554    32.2163        141     0.5833  0.000e+00
      6.069    17.7154   4.233920    32.2000        142     0.5875  0.000e+00
      6.212    17.7411   4.234019    32.1805        143     0.5917  0.000e+00
      6.366    17.7610   4.234385    32.1678        144     0.5958  0.000e+00
      6.523    17.7763   4.234628    32.1577        145     0.6000  0.000e+00
      6.693    17.7878   4.234758    32.1497        146     0.6042  0.000e+00
      6.870    17.7956   4.234895    32.1446        147     0.6083  0.000e+00
      7.056    17.8006   4.235069    32.1421        148     0.6125  0.000e+00
      7.251    17.8043   4.235236    32.1405        149     0.6167  0.000e+00
      7.446    17.8069   4.235367    32.1395        150     0.6208  0.000e+00
      7.641    17.8090   4.235435    32.1384        151     0.6250  0.000e+00
      7.826    17.8103   4.235578    32.1385        152     0.6292  0.000e+00
      7.994    17.8116   4.235653    32.1380        153     0.6333  0.000e+00
      8.127    17.8125   4.235802    32.1385        154     0.6375  0.000e+00
      8.239    17.8133   4.235802    32.1379        155     0.6417  0.000e+00
      8.342    17.8138   4.235628    32.1360        156     0.6458  0.000e+00
      8.434    17.8139   4.235653    32.1361        157     0.6500  0.000e+00
      8.528    17.8140   4.235647    32.1359        158     0.6542  0.000e+00
      8.617    17.8145   4.235628    32.1353        159     0.6583  0.000e+00
      8.702    17.8148   4.235460    32.1336        160     0.6625  0.000e+00
      8.794    17.8153   4.235212    32.1311        161     0.6667  0.000e+00
      8.893    17.8148   4.234808    32.1280        162     0.6708  0.000e+00
      8.998    17.8143   4.234554    32.1262        163     0.6750  0.000e+00
      9.123    17.8122   4.233995    32.1231        164     0.6792  0.000e+00
      9.255    17.8107   4.233510    32.1201        165     0.6833  0.000e+00
      9.401    17.8079   4.233026    32.1182        166     0.6875  0.000e+00
      9.562    17.8051   4.232877    32.1191        167     0.6917  0.000e+00
      9.739    17.8019   4.232728    32.1203        168     0.6958  0.000e+00
      9.922    17.7994   4.232697    32.1219        169     0.7000  0.000e+00
     10.113    17.7971   4.232803    32.1245        170     0.7042  0.000e+00
     10.310    17.7949   4.232921    32.1272        171     0.7083  0.000e+00
     10.495    17.7937   4.233145    32.1300        172     0.7125  0.000e+00
     10.673    17.7927   4.233281    32.1319        173     0.7167  0.000e+00
     10.843    17.7921   4.233412    32.1334        174     0.7208  0.000e+00
     11.002    17.7921   4.233536    32.1344        175     0.7250  0.000e+00
     11.141    17.7920   4.233486    32.1341        176     0.7292  0.000e+00
     11.246    17.7920   4.233132    32.1310        177     0.7333  0.000e+00
     11.338    17.7920   4.232878    32.1288        178     0.7375  0.000e+00
     11.420    17.7919   4.232629    32.1268        179     0.7417  0.000e+00
     11.496    17.7914   4.232387    32.1251        180     0.7458  0.000e+00
     11.581    17.7904   4.231934    32.1220        181     0.7500  0.000e+00
     11.675    17.7883   4.231512    32.1200        182     0.7542  0.000e+00
     11.781    17.7857   4.231295    32.1202        183     0.7583  0.000e+00
     11.897    17.7832   4.230817    32.1181        184     0.7625  0.000e+00
     12.021    17.7808   4.230463    32.1169        185     0.7667  0.000e+00
     12.152    17.7773   4.229612    32.1125        186     0.7708  0.000e+00
     12.291    17.7743   4.229395    32.1129        187     0.7750  0.000e+00
     12.439    17.7696   4.228961    32.1129        188     0.7792  0.000e+00
     12.593    17.7673   4.228880    32.1139        189     0.7833  0.000e+00
     12.752    17.7634   4.228663    32.1151        190     0.7875  0.000e+00
     12.912    17.7607   4.228396    32.1149        191     0.7917  0.000e+00
     13.073    17.7576   4.228123    32.1150        192     0.7958  0.000e+00
     13.236    17.7548   4.228030    32.1163        193     0.8000  0.000e+00
     13.404    17.7520   4.227813    32.1167        194     0.8042  0.000e+00
     13.567    17.7497   4.227465    32.1155        195     0.8083  0.000e+00
     13.726    17.7475   4.226838    32.1118        196     0.8125  0.000e+00
     13.888    17.7449   4.226181    32.1082        197     0.8167  0.000e+00
     14.053    17.7397   4.225622    32.1075        198     0.8208  0.000e+00
     14.215    17.7331   4.225231    32.1094        199     0.8250  0.000e+00
     14.380    17.7263   4.224847    32.1115        200     0.8292  0.000e+00
     14.541    17.7193   4.224332    32.1125        201     0.8333  0.000e+00
     14.701    17.7140   4.223885    32.1128        202     0.8375  0.000e+00
     14.853    17.7078   4.223091    32.1110        203     0.8417  0.000e+00
     15.000    17.7015   4.222657    32.1122        204     0.8458  0.000e+00
     15.132    17.6940   4.221925    32.1118        205     0.8500  0.000e+00
     15.253    17.6875   4.220666    32.1062        206     0.8542  0.000e+00
     15.361    17.6810   4.220517    32.1101        207     0.8583  0.000e+00
     15.462    17.6698   4.220425    32.1181        208     0.8625  0.000e+00
     15.553    17.6595   4.219476    32.1181        209     0.8667  0.000e+00
     15.628    17.6549   4.218843    32.1164        210     0.8708  0.000e+00
     15.706    17.6486   4.218409    32.1176        211     0.8750  0.000e+00
     15.780    17.6430   4.217634    32.1154        212     0.8792  0.000e+00
     15.845    17.6372   4.216537    32.1107        213     0.8833  0.000e+00
     15.910    17.6311   4.214720    32.1000        214     0.8875  0.000e+00
     15.984    17.6223   4.212514    32.0881        215     0.8917  0.000e+00
