HB2304/sbe025.cnv
* Sea-Bird SBE 19plus V2 Data File:
* FileName = C:\cruise\data\sbe025.hex
* Software Version Seasave V 7.26.7.121
* Temperature SN = 7037
* Conductivity SN = 7037
* System UpLoad Time = Sep 18 2023 20:26:44
** Ship: Bigelow
** Cruise:  HB2304
** Program:  Fall Bottom Trawl
# nquan = 7
# nvalues = 2019                                  
# units = specified
# name 0 = depSM: Depth [salt water, m], lat = 40.00
# name 1 = tv290C: Temperature [ITS-90, deg C]
# name 2 = c0S/m: Conductivity [S/m]
# name 3 = sal00: Salinity, Practical [PSU]
# name 4 = scan: Scan Count
# name 5 = timeM: Time, Elapsed [minutes]
# name 6 = flag:  0.000e+00
# span 0 =     -0.122,     92.148                 
# span 1 =    11.9828,    29.0795                 
# span 2 =  -0.000055,   5.839091                 
# span 3 =     0.0000,    35.9697                 
# span 4 =         11,       2029                 
# span 5 =     0.0417,     8.4500                 
# span 6 = 0.0000e+00, 0.0000e+00                 
# interval = seconds: 0.25
# start_time = Sep 18 2023 20:26:44 [System UTC, header]
# bad_flag = -9.990e-29
*END*
[from data line 1436]
     38.254    24.4082   5.281190    35.2564       1447     6.0250  0.000e+00
     38.243    24.4113   5.281491    35.2562       1448     6.0292  0.000e+00
     38.244    24.4145   5.281600    35.2545       1449     6.0333  0.000e+00
     38.246    24.4168   5.281784    35.2541       1450     6.0375  0.000e+00
     38.253    24.4183   5.281927    35.2540       1451     6.0417  0.000e+00
     38.257    24.4201   5.282016    35.2533       1452     6.0458  0.000e+00
     38.250    24.4213   5.281975    35.2520       1453     6.0500  0.000e+00
     38.246    24.4216   5.282077    35.2525       1454     6.0542  0.000e+00
     38.230    24.4218   5.282227    35.2535       1455     6.0583  0.000e+00
     38.201    24.4221   5.282521    35.2555       1456     6.0625  0.000e+00
     38.175    24.4241   5.282937    35.2571       1457     6.0667  0.000e+00
     38.127    24.4269   5.283415    35.2584       1458     6.0708  0.000e+00
     38.071    24.4303   5.285606    35.2723       1459     6.0750  0.000e+00
     38.002    24.4419   5.303490    35.3974       1460     6.0792  0.000e+00
     37.924    24.5004   5.324358    35.5079       1461     6.0833  0.000e+00
     37.843    24.6107   5.351313    35.6227       1462     6.0875  0.000e+00
     37.743    24.7632   5.367587    35.6236       1463     6.0917  0.000e+00
     37.644    24.9258   5.387069    35.6405       1464     6.0958  0.000e+00
     37.544    25.0887   5.417707    35.7397       1465     6.1000  0.000e+00
     37.447    25.2810   5.437468    35.7345       1466     6.1042  0.000e+00
     37.344    25.4705   5.444696    35.6389       1467     6.1083  0.000e+00
     37.250    25.6174   5.455576    35.6040       1468     6.1125  0.000e+00
     37.157    25.7402   5.490527    35.7647       1469     6.1167  0.000e+00
     37.056    25.9104   5.508020    35.7596       1470     6.1208  0.000e+00
     36.958    26.0979   5.528050    35.7595       1471     6.1250  0.000e+00
     36.861    26.2805   5.538284    35.6919       1472     6.1292  0.000e+00
     36.770    26.4357   5.551756    35.6693       1473     6.1333  0.000e+00
     36.678    26.5734   5.566848    35.6719       1474     6.1375  0.000e+00
     36.581    26.7069   5.583959    35.6923       1475     6.1417  0.000e+00
     36.488    26.8441   5.603879    35.7298       1476     6.1458  0.000e+00
     36.395    26.9893   5.618444    35.7225       1477     6.1500  0.000e+00
     36.315    27.1284   5.632500    35.7162       1478     6.1542  0.000e+00
     36.235    27.2568   5.647598    35.7255       1479     6.1583  0.000e+00
     36.176    27.3799   5.657473    35.7016       1480     6.1625  0.000e+00
     36.118    27.4863   5.662964    35.6594       1481     6.1667  0.000e+00
     36.066    27.5706   5.669839    35.6439       1482     6.1708  0.000e+00
     36.024    27.6407   5.674787    35.6256       1483     6.1750  0.000e+00
     35.989    27.6988   5.677349    35.5996       1484     6.1792  0.000e+00
     35.955    27.7440   5.679103    35.5777       1485     6.1833  0.000e+00
     35.924    27.7774   5.680201    35.5602       1486     6.1875  0.000e+00
     35.886    27.8015   5.682082    35.5552       1487     6.1917  0.000e+00
     35.847    27.8210   5.684562    35.5579       1488     6.1958  0.000e+00
     35.801    27.8388   5.687106    35.5624       1489     6.2000  0.000e+00
     35.756    27.8577   5.689397    35.5643       1490     6.2042  0.000e+00
     35.707    27.8753   5.691124    35.5631       1491     6.2083  0.000e+00
     35.657    27.8919   5.693232    35.5654       1492     6.2125  0.000e+00
     35.609    27.9073   5.696673    35.5780       1493     6.2167  0.000e+00
     35.564    27.9257   5.700596    35.5917       1494     6.2208  0.000e+00
     35.515    27.9477   5.705479    35.6095       1495     6.2250  0.000e+00
     35.456    27.9745   5.709171    35.6152       1496     6.2292  0.000e+00
     35.396    28.0025   5.719823    35.6690       1497     6.2333  0.000e+00
     35.336    28.0450   5.729698    35.7062       1498     6.2375  0.000e+00
     35.266    28.1006   5.737380    35.7180       1499     6.2417  0.000e+00
     35.199    28.1573   5.741993    35.7075       1500     6.2458  0.000e+00
     35.125    28.2062   5.743132    35.6785       1501     6.2500  0.000e+00
     35.034    28.2410   5.744052    35.6587       1502     6.2542  0.000e+00
     34.944    28.2653   5.745007    35.6471       1503     6.2583  0.000e+00
     34.846    28.2820   5.747039    35.6487       1504     6.2625  0.000e+00
     34.745    28.2969   5.751387    35.6680       1505     6.2667  0.000e+00
     34.640    28.3151   5.754242    35.6742       1506     6.2708  0.000e+00
     34.544    28.3346   5.757367    35.6814       1507     6.2750  0.000e+00
     34.443    28.3553   5.765704    35.7241       1508     6.2792  0.000e+00
     34.349    28.3854   5.771612    35.7427       1509     6.2833  0.000e+00
     34.263    28.4208   5.774499    35.7361       1510     6.2875  0.000e+00
     34.181    28.4513   5.776195    35.7250       1511     6.2917  0.000e+00
     34.102    28.4740   5.776421    35.7094       1512     6.2958  0.000e+00
     34.037    28.4891   5.773746    35.6794       1513     6.3000  0.000e+00
     33.972    28.4944   5.770141    35.6503       1514     6.3042  0.000e+00
     33.914    28.4905   5.766623    35.6288       1515     6.3083  0.000e+00
     33.852    28.4808   5.764517    35.6214       1516     6.3125  0.000e+00
     33.796    28.4699   5.760851    35.6040       1517     6.3167  0.000e+00
     33.746    28.4567   5.756216    35.5817       1518     6.3208  0.000e+00
     33.695    28.4400   5.750825    35.5566       1519     6.3250  0.000e+00
     33.643    28.4197   5.747007    35.5453       1520     6.3292  0.000e+00
     33.595    28.3982   5.745761    35.5527       1521     6.3333  0.000e+00
     33.556    28.3814   5.745287    35.5620       1522     6.3375  0.000e+00
     33.509    28.3701   5.744431    35.5646       1523     6.3417  0.000e+00
     33.460    28.3616   5.742300    35.5561       1524     6.3458  0.000e+00
     33.413    28.3519   5.742137    35.5623       1525     6.3500  0.000e+00
     33.369    28.3441   5.740368    35.5558       1526     6.3542  0.000e+00
     33.324    28.3375   5.738422    35.5472       1527     6.3583  0.000e+00
     33.270    28.3287   5.738167    35.5520       1528     6.3625  0.000e+00
     33.216    28.3218   5.738804    35.5616       1529     6.3667  0.000e+00
     33.167    28.3183   5.735853    35.5437       1530     6.3708  0.000e+00
     33.111    28.3116   5.733724    35.5338       1531     6.3750  0.000e+00
     33.055    28.3025   5.731503    35.5252       1532     6.3792  0.000e+00
     32.991    28.2927   5.733278    35.5450       1533     6.3833  0.000e+00
     32.941    28.2877   5.732267    35.5417       1534     6.3875  0.000e+00
     32.881    28.2846   5.729791    35.5267       1535     6.3917  0.000e+00
     32.816    28.2781   5.728936    35.5257       1536     6.3958  0.000e+00
     32.754    28.2711   5.730881    35.5445       1537     6.4000  0.000e+00
     32.698    28.2696   5.730485    35.5429       1538     6.4042  0.000e+00
     32.646    28.2694   5.728936    35.5323       1539     6.4083  0.000e+00
     32.584    28.2657   5.723421    35.4965       1540     6.4125  0.000e+00
     32.521    28.2544   5.718071    35.4676       1541     6.4167  0.000e+00
     32.456    28.2339   5.717789    35.4810       1542     6.4208  0.000e+00
     32.382    28.2171   5.708946    35.4317       1543     6.4250  0.000e+00
     32.308    28.1966   5.712258    35.4704       1544     6.4292  0.000e+00
     32.230    28.1825   5.702982    35.4160       1545     6.4333  0.000e+00
     32.150    28.1619   5.702636    35.4291       1546     6.4375  0.000e+00
     32.060    28.1430   5.696688    35.4016       1547     6.4417  0.000e+00
     31.971    28.1217   5.699454    35.4370       1548     6.4458  0.000e+00
     31.883    28.1108   5.699991    35.4490       1549     6.4500  0.000e+00
     31.792    28.1054   5.698826    35.4449       1550     6.4542  0.000e+00
     31.702    28.1001   5.695462    35.4253       1551     6.4583  0.000e+00
     31.622    28.0925   5.695814    35.4336       1552     6.4625  0.000e+00
     31.534    28.0856   5.693416    35.4219       1553     6.4667  0.000e+00
     31.456    28.0781   5.690836    35.4095       1554     6.4708  0.000e+00
     31.388    28.0682   5.687790    35.3956       1555     6.4750  0.000e+00
     31.324    28.0561   5.687099    35.3998       1556     6.4792  0.000e+00
     31.272    28.0470   5.682829    35.3767       1557     6.4833  0.000e+00
     31.216    28.0343   5.686155    35.4096       1558     6.4875  0.000e+00
     31.165    28.0289   5.693163    35.4630       1559     6.4917  0.000e+00
     31.118    28.0387   5.691435    35.4434       1560     6.4958  0.000e+00
     31.073    28.0444   5.686155    35.4021       1561     6.5000  0.000e+00
     31.029    28.0385   5.684365    35.3940       1562     6.5042  0.000e+00
     30.980    28.0296   5.684154    35.3992       1563     6.5083  0.000e+00
     30.935    28.0234   5.681793    35.3873       1564     6.5125  0.000e+00
     30.895    28.0150   5.681201    35.3895       1565     6.5167  0.000e+00
     30.854    28.0082   5.681920    35.3996       1566     6.5208  0.000e+00
     30.803    28.0048   5.683210    35.4113       1567     6.5250  0.000e+00
     30.758    28.0054   5.687854    35.4435       1568     6.5292  0.000e+00
     30.713    28.0135   5.683519    35.4069       1569     6.5333  0.000e+00
     30.669    28.0147   5.681201    35.3897       1570     6.5375  0.000e+00
     30.628    28.0088   5.681265    35.3947       1571     6.5417  0.000e+00
     30.577    28.0044   5.682012    35.4032       1572     6.5458  0.000e+00
     30.526    28.0027   5.682737    35.4096       1573     6.5500  0.000e+00
     30.469    28.0040   5.683583    35.4146       1574     6.5542  0.000e+00
     30.411    28.0067   5.684400    35.4183       1575     6.5583  0.000e+00
     30.348    28.0111   5.682892    35.4044       1576     6.5625  0.000e+00
     30.272    28.0111   5.681426    35.3942       1577     6.5667  0.000e+00
     30.192    28.0066   5.682984    35.4085       1578     6.5708  0.000e+00
     30.113    28.0062   5.686155    35.4311       1579     6.5750  0.000e+00
     30.026    28.0130   5.688263    35.4408       1580     6.5792  0.000e+00
     29.934    28.0231   5.687663    35.4290       1581     6.5833  0.000e+00
     29.840    28.0302   5.690208    35.4416       1582     6.5875  0.000e+00
     29.751    28.0387   5.692817    35.4535       1583     6.5917  0.000e+00
     29.659    28.0500   5.695461    35.4636       1584     6.5958  0.000e+00
     29.561    28.0639   5.697408    35.4669       1585     6.6000  0.000e+00
     29.469    28.0771   5.699552    35.4720       1586     6.6042  0.000e+00
     29.379    28.0904   5.702354    35.4817       1587     6.6083  0.000e+00
     29.281    28.1048   5.704929    35.4890       1588     6.6125  0.000e+00
     29.196    28.1199   5.705444    35.4812       1589     6.6167  0.000e+00
     29.107    28.1316   5.705571    35.4733       1590     6.6208  0.000e+00
     29.033    28.1393   5.705345    35.4660       1591     6.6250  0.000e+00
     28.965    28.1440   5.706326    35.4694       1592     6.6292  0.000e+00
     28.896    28.1484   5.707237    35.4725       1593     6.6333  0.000e+00
     28.833    28.1528   5.706990    35.4674       1594     6.6375  0.000e+00
     28.771    28.1564   5.707618    35.4691       1595     6.6417  0.000e+00
     28.722    28.1592   5.707448    35.4658       1596     6.6458  0.000e+00
     28.681    28.1615   5.707836    35.4669       1597     6.6500  0.000e+00
     28.650    28.1632   5.707935    35.4663       1598     6.6542  0.000e+00
     28.635    28.1646   5.707900    35.4650       1599     6.6583  0.000e+00
     28.630    28.1656   5.707808    35.4636       1600     6.6625  0.000e+00
     28.630    28.1660   5.707836    35.4635       1601     6.6667  0.000e+00
     28.632    28.1659   5.707208    35.4592       1602     6.6708  0.000e+00
     28.639    28.1650   5.706926    35.4579       1603     6.6750  0.000e+00
     28.641    28.1630   5.707667    35.4645       1604     6.6792  0.000e+00
     28.637    28.1629   5.707653    35.4645       1605     6.6833  0.000e+00
     28.617    28.1635   5.707526    35.4632       1606     6.6875  0.000e+00
     28.596    28.1638   5.707589    35.4634       1607     6.6917  0.000e+00
     28.563    28.1640   5.707589    35.4633       1608     6.6958  0.000e+00
     28.518    28.1643   5.707554    35.4629       1609     6.7000  0.000e+00
     28.462    28.1644   5.707554    35.4628       1610     6.7042  0.000e+00
     28.395    28.1649   5.707462    35.4618       1611     6.7083  0.000e+00
     28.317    28.1648   5.706657    35.4563       1612     6.7125  0.000e+00
     28.228    28.1632   5.705217    35.4474       1613     6.7167  0.000e+00
     28.118    28.1596   5.705062    35.4490       1614     6.7208  0.000e+00
     28.010    28.1563   5.705252    35.4529       1615     6.7250  0.000e+00
     27.889    28.1545   5.701406    35.4273       1616     6.7292  0.000e+00
     27.767    28.1480   5.699106    35.4161       1617     6.7333  0.000e+00
     27.641    28.1375   5.696968    35.4091       1618     6.7375  0.000e+00
     27.514    28.1267   5.694641    35.4008       1619     6.7417  0.000e+00
     27.379    28.1159   5.694704    35.4095       1620     6.7458  0.000e+00
     27.259    28.1081   5.695177    35.4187       1621     6.7500  0.000e+00
     27.142    28.1042   5.695551    35.4243       1622     6.7542  0.000e+00
     27.026    28.1033   5.695741    35.4263       1623     6.7583  0.000e+00
     26.925    28.1034   5.695677    35.4258       1624     6.7625  0.000e+00
     26.842    28.1040   5.697751    35.4399       1625     6.7667  0.000e+00
     26.782    28.1090   5.698859    35.4439       1626     6.7708  0.000e+00
     26.737    28.1156   5.698887    35.4392       1627     6.7750  0.000e+00
     26.694    28.1204   5.698915    35.4358       1628     6.7792  0.000e+00
     26.668    28.1237   5.698506    35.4305       1629     6.7833  0.000e+00
     26.645    28.1250   5.698908    35.4323       1630     6.7875  0.000e+00
     26.638    28.1260   5.698351    35.4277       1631     6.7917  0.000e+00
     26.636    28.1256   5.698160    35.4266       1632     6.7958  0.000e+00
     26.634    28.1252   5.698449    35.4290       1633     6.8000  0.000e+00
     26.636    28.1250   5.699014    35.4330       1634     6.8042  0.000e+00
     26.641    28.1260   5.699042    35.4325       1635     6.8083  0.000e+00
     26.636    28.1269   5.699077    35.4321       1636     6.8125  0.000e+00
     26.634    28.1276   5.699077    35.4316       1637     6.8167  0.000e+00
     26.634    28.1281   5.699204    35.4321       1638     6.8208  0.000e+00
     26.628    28.1285   5.699204    35.4318       1639     6.8250  0.000e+00
     26.615    28.1291   5.699035    35.4302       1640     6.8292  0.000e+00
     26.592    28.1291   5.698858    35.4289       1641     6.8333  0.000e+00
     26.556    28.1286   5.698731    35.4284       1642     6.8375  0.000e+00
     26.518    28.1278   5.694668    35.4005       1643     6.8417  0.000e+00
     26.458    28.1221   5.691586    35.3832       1644     6.8458  0.000e+00
     26.384    28.1125   5.690049    35.3797       1645     6.8500  0.000e+00
     26.297    28.1028   5.686532    35.3623       1646     6.8542  0.000e+00
     26.194    28.0904   5.684488    35.3574       1647     6.8583  0.000e+00
     26.084    28.0779   5.685397    35.3731       1648     6.8625  0.000e+00
     25.974    28.0710   5.675837    35.3113       1649     6.8667  0.000e+00
     25.861    28.0528   5.667917    35.2694       1650     6.8708  0.000e+00
     25.755    28.0248   5.666826    35.2827       1651     6.8750  0.000e+00
