HB2304/sbe088.cnv
* Sea-Bird SBE 19plus V2 Data File:
* FileName = C:\cruise\data\sbe088.hex
* Software Version Seasave V 7.26.7.121
* Temperature SN = 7037
* Conductivity SN = 7037
* System UpLoad Time = Oct 20 2023 11:33:34
** Ship: Bigelow
** Cruise:  HB2304
** Program:  Fall Bottom Trawl
# nquan = 7
# nvalues = 1322                                  
# units = specified
# name 0 = depSM: Depth [salt water, m], lat = 40.00
# name 1 = tv290C: Temperature [ITS-90, deg C]
# name 2 = c0S/m: Conductivity [S/m]
# name 3 = sal00: Salinity, Practical [PSU]
# name 4 = scan: Scan Count
# name 5 = timeM: Time, Elapsed [minutes]
# name 6 = flag:  0.000e+00
# span 0 =     -0.037,     53.467                 
# span 1 =    14.1721,    15.1946                 
# span 2 =  -0.000012,   3.973528                 
# span 3 =     0.0000,    32.2485                 
# span 4 =         11,       1332                 
# span 5 =     0.0417,     5.5458                 
# span 6 = 0.0000e+00, 0.0000e+00                 
# interval = seconds: 0.25
# start_time = Oct 20 2023 11:33:34 [System UTC, header]
# bad_flag = -9.990e-29
*END*
[from data line 821]
     30.875    14.4676   3.933520    32.1803        832     3.4625  0.000e+00
     30.837    14.4637   3.932779    32.1768        833     3.4667  0.000e+00
     30.796    14.4580   3.932755    32.1813        834     3.4708  0.000e+00
     30.745    14.4533   3.933894    32.1956        835     3.4750  0.000e+00
     30.687    14.4541   3.935153    32.2065        836     3.4792  0.000e+00
     30.617    14.4596   3.935804    32.2078        837     3.4833  0.000e+00
     30.539    14.4671   3.935014    32.1944        838     3.4875  0.000e+00
     30.452    14.4707   3.934418    32.1861        839     3.4917  0.000e+00
     30.358    14.4700   3.935267    32.1944        840     3.4958  0.000e+00
     30.255    14.4714   3.937805    32.2164        841     3.5000  0.000e+00
     30.149    14.4812   3.938202    32.2120        842     3.5042  0.000e+00
     30.026    14.4920   3.938763    32.2081        843     3.5083  0.000e+00
     29.912    14.5006   3.938365    32.1974        844     3.5125  0.000e+00
     29.793    14.5056   3.937901    32.1891        845     3.5167  0.000e+00
     29.673    14.5068   3.938901    32.1973        846     3.5208  0.000e+00
     29.561    14.5102   3.939227    32.1974        847     3.5250  0.000e+00
     29.451    14.5148   3.939600    32.1971        848     3.5292  0.000e+00
     29.355    14.5188   3.939667    32.1944        849     3.5333  0.000e+00
     29.265    14.5222   3.939926    32.1939        850     3.5375  0.000e+00
     29.177    14.5253   3.939974    32.1918        851     3.5417  0.000e+00
     29.102    14.5276   3.940553    32.1953        852     3.5458  0.000e+00
     29.037    14.5309   3.940878    32.1955        853     3.5500  0.000e+00
     28.974    14.5351   3.940715    32.1906        854     3.5542  0.000e+00
     28.923    14.5375   3.940764    32.1890        855     3.5583  0.000e+00
     28.882    14.5388   3.941204    32.1919        856     3.5625  0.000e+00
     28.857    14.5410   3.941463    32.1925        857     3.5667  0.000e+00
     28.837    14.5437   3.941535    32.1909        858     3.5708  0.000e+00
     28.811    14.5461   3.941553    32.1891        859     3.5750  0.000e+00
     28.790    14.5476   3.941626    32.1886        860     3.5792  0.000e+00
     28.759    14.5490   3.941650    32.1876        861     3.5833  0.000e+00
     28.719    14.5498   3.941740    32.1878        862     3.5875  0.000e+00
     28.678    14.5506   3.941861    32.1883        863     3.5917  0.000e+00
     28.625    14.5516   3.941885    32.1876        864     3.5958  0.000e+00
     28.560    14.5524   3.941698    32.1853        865     3.6000  0.000e+00
     28.483    14.5525   3.941861    32.1867        866     3.6042  0.000e+00
     28.398    14.5523   3.941788    32.1863        867     3.6083  0.000e+00
     28.296    14.5526   3.941975    32.1878        868     3.6125  0.000e+00
     28.177    14.5535   3.942488    32.1918        869     3.6167  0.000e+00
     28.058    14.5558   3.943658    32.2005        870     3.6208  0.000e+00
     27.930    14.5614   3.943772    32.1970        871     3.6250  0.000e+00
     27.799    14.5671   3.943700    32.1916        872     3.6292  0.000e+00
     27.667    14.5705   3.943959    32.1912        873     3.6333  0.000e+00
     27.543    14.5735   3.944236    32.1913        874     3.6375  0.000e+00
     27.427    14.5766   3.945099    32.1966        875     3.6417  0.000e+00
     27.322    14.5811   3.944984    32.1919        876     3.6458  0.000e+00
     27.230    14.5851   3.944423    32.1835        877     3.6500  0.000e+00
     27.149    14.5857   3.946034    32.1977        878     3.6542  0.000e+00
     27.078    14.5903   3.945756    32.1914        879     3.6583  0.000e+00
     27.017    14.5944   3.945708    32.1875        880     3.6625  0.000e+00
     26.957    14.5965   3.945991    32.1884        881     3.6667  0.000e+00
     26.910    14.5986   3.946220    32.1888        882     3.6708  0.000e+00
     26.854    14.6011   3.946407    32.1885        883     3.6750  0.000e+00
     26.800    14.6032   3.946383    32.1865        884     3.6792  0.000e+00
     26.751    14.6050   3.946359    32.1848        885     3.6833  0.000e+00
     26.699    14.6059   3.946341    32.1839        886     3.6875  0.000e+00
     26.646    14.6064   3.946407    32.1841        887     3.6917  0.000e+00
     26.594    14.6071   3.946317    32.1827        888     3.6958  0.000e+00
     26.543    14.6071   3.946528    32.1847        889     3.7000  0.000e+00
     26.489    14.6078   3.946528    32.1841        890     3.7042  0.000e+00
     26.438    14.6082   3.946455    32.1832        891     3.7083  0.000e+00
     26.381    14.6085   3.946268    32.1812        892     3.7125  0.000e+00
     26.325    14.6079   3.946359    32.1826        893     3.7167  0.000e+00
     26.265    14.6075   3.946618    32.1853        894     3.7208  0.000e+00
     26.200    14.6082   3.946667    32.1851        895     3.7250  0.000e+00
     26.124    14.6094   3.947041    32.1876        896     3.7292  0.000e+00
     26.053    14.6113   3.947089    32.1865        897     3.7333  0.000e+00
     25.976    14.6130   3.946944    32.1838        898     3.7375  0.000e+00
     25.887    14.6137   3.946666    32.1807        899     3.7417  0.000e+00
     25.799    14.6131   3.946642    32.1810        900     3.7458  0.000e+00
     25.707    14.6121   3.946781    32.1831        901     3.7500  0.000e+00
     25.609    14.6124   3.947414    32.1887        902     3.7542  0.000e+00
     25.504    14.6144   3.947505    32.1879        903     3.7583  0.000e+00
     25.392    14.6166   3.947855    32.1893        904     3.7625  0.000e+00
     25.271    14.6195   3.947625    32.1849        905     3.7667  0.000e+00
     25.155    14.6211   3.948066    32.1875        906     3.7708  0.000e+00
     25.027    14.6231   3.948162    32.1869        907     3.7750  0.000e+00
     24.904    14.6252   3.948138    32.1849        908     3.7792  0.000e+00
     24.783    14.6266   3.948204    32.1844        909     3.7833  0.000e+00
     24.667    14.6278   3.948277    32.1841        910     3.7875  0.000e+00
     24.559    14.6287   3.948464    32.1851        911     3.7917  0.000e+00
     24.454    14.6300   3.948355    32.1831        912     3.7958  0.000e+00
     24.371    14.6308   3.948391    32.1828        913     3.8000  0.000e+00
     24.301    14.6312   3.948349    32.1821        914     3.8042  0.000e+00
     24.235    14.6314   3.948440    32.1828        915     3.8083  0.000e+00
     24.192    14.6318   3.948723    32.1850        916     3.8125  0.000e+00
     24.158    14.6331   3.948723    32.1840        917     3.8167  0.000e+00
     24.134    14.6341   3.948765    32.1835        918     3.8208  0.000e+00
     24.114    14.6350   3.948789    32.1831        919     3.8250  0.000e+00
     24.102    14.6357   3.948928    32.1838        920     3.8292  0.000e+00
     24.091    14.6366   3.948976    32.1834        921     3.8333  0.000e+00
     24.067    14.6374   3.949049    32.1834        922     3.8375  0.000e+00
     24.031    14.6383   3.949188    32.1839        923     3.8417  0.000e+00
     23.986    14.6393   3.949049    32.1819        924     3.8458  0.000e+00
     23.934    14.6397   3.949188    32.1828        925     3.8500  0.000e+00
     23.854    14.6401   3.949139    32.1821        926     3.8542  0.000e+00
     23.758    14.6406   3.949212    32.1823        927     3.8583  0.000e+00
     23.646    14.6412   3.949489    32.1845        928     3.8625  0.000e+00
     23.520    14.6422   3.949562    32.1843        929     3.8667  0.000e+00
     23.373    14.6435   3.949652    32.1841        930     3.8708  0.000e+00
     23.207    14.6448   3.949749    32.1839        931     3.8750  0.000e+00
     23.041    14.6461   3.949748    32.1830        932     3.8792  0.000e+00
     22.876    14.6470   3.949960    32.1842        933     3.8833  0.000e+00
     22.714    14.6480   3.949984    32.1836        934     3.8875  0.000e+00
     22.566    14.6492   3.950008    32.1829        935     3.8917  0.000e+00
     22.427    14.6501   3.950050    32.1826        936     3.8958  0.000e+00
     22.309    14.6511   3.950171    32.1829        937     3.9000  0.000e+00
     22.213    14.6518   3.950146    32.1822        938     3.9042  0.000e+00
     22.146    14.6524   3.950171    32.1819        939     3.9083  0.000e+00
     22.096    14.6530   3.950237    32.1820        940     3.9125  0.000e+00
     22.079    14.6535   3.950237    32.1817        941     3.9167  0.000e+00
     22.083    14.6538   3.950237    32.1814        942     3.9208  0.000e+00
     22.099    14.6542   3.950237    32.1811        943     3.9250  0.000e+00
     22.126    14.6542   3.950237    32.1810        944     3.9292  0.000e+00
     22.157    14.6544   3.950261    32.1811        945     3.9333  0.000e+00
     22.186    14.6544   3.950285    32.1813        946     3.9375  0.000e+00
     22.211    14.6546   3.950285    32.1811        947     3.9417  0.000e+00
     22.220    14.6547   3.950303    32.1812        948     3.9458  0.000e+00
     22.222    14.6549   3.950382    32.1817        949     3.9500  0.000e+00
     22.208    14.6552   3.950358    32.1813        950     3.9542  0.000e+00
     22.182    14.6559   3.951571    32.1917        951     3.9583  0.000e+00
     22.143    14.6597   3.951692    32.1897        952     3.9625  0.000e+00
     22.078    14.6643   3.951691    32.1859        953     3.9667  0.000e+00
     21.991    14.6672   3.951643    32.1831        954     3.9708  0.000e+00
     21.884    14.6686   3.951546    32.1811        955     3.9750  0.000e+00
     21.763    14.6692   3.951522    32.1804        956     3.9792  0.000e+00
     21.633    14.6694   3.951570    32.1808        957     3.9833  0.000e+00
     21.488    14.6697   3.951733    32.1820        958     3.9875  0.000e+00
     21.340    14.6703   3.951709    32.1814        959     3.9917  0.000e+00
     21.205    14.6710   3.951691    32.1807        960     3.9958  0.000e+00
     21.069    14.6715   3.952645    32.1890        961     4.0000  0.000e+00
     20.950    14.6742   3.953001    32.1900        962     4.0042  0.000e+00
     20.831    14.6788   3.953019    32.1864        963     4.0083  0.000e+00
     20.737    14.6820   3.953019    32.1838        964     4.0125  0.000e+00
     20.645    14.6842   3.953001    32.1819        965     4.0167  0.000e+00
     20.565    14.6855   3.953067    32.1815        966     4.0208  0.000e+00
     20.496    14.6865   3.953188    32.1818        967     4.0250  0.000e+00
     20.435    14.6877   3.953677    32.1852        968     4.0292  0.000e+00
     20.386    14.6900   3.954051    32.1867        969     4.0333  0.000e+00
     20.341    14.6933   3.954003    32.1836        970     4.0375  0.000e+00
     20.294    14.6958   3.954099    32.1824        971     4.0417  0.000e+00
     20.258    14.6974   3.953978    32.1800        972     4.0458  0.000e+00
     20.220    14.6983   3.953912    32.1786        973     4.0500  0.000e+00
     20.182    14.6984   3.953604    32.1758        974     4.0542  0.000e+00
     20.144    14.6976   3.953936    32.1795        975     4.0583  0.000e+00
     20.104    14.6974   3.954069    32.1808        976     4.0625  0.000e+00
     20.063    14.6984   3.953978    32.1792        977     4.0667  0.000e+00
     20.016    14.6988   3.953888    32.1781        978     4.0708  0.000e+00
     19.961    14.6986   3.953978    32.1791        979     4.0750  0.000e+00
     19.898    14.6986   3.953912    32.1785        980     4.0792  0.000e+00
     19.831    14.6987   3.953773    32.1772        981     4.0833  0.000e+00
     19.745    14.6982   3.953791    32.1778        982     4.0875  0.000e+00
     19.654    14.6976   3.953700    32.1775        983     4.0917  0.000e+00
     19.548    14.6972   3.953725    32.1781        984     4.0958  0.000e+00
     19.441    14.6969   3.953628    32.1775        985     4.1000  0.000e+00
     19.336    14.6963   3.953628    32.1780        986     4.1042  0.000e+00
     19.235    14.6960   3.953628    32.1784        987     4.1083  0.000e+00
     19.137    14.6958   3.953652    32.1788        988     4.1125  0.000e+00
     19.049    14.6955   3.953489    32.1776        989     4.1167  0.000e+00
     18.969    14.6951   3.953326    32.1764        990     4.1208  0.000e+00
     18.906    14.6941   3.953187    32.1760        991     4.1250  0.000e+00
     18.848    14.6927   3.953042    32.1759        992     4.1292  0.000e+00
     18.816    14.6912   3.953018    32.1769        993     4.1333  0.000e+00
     18.794    14.6902   3.953018    32.1778        994     4.1375  0.000e+00
     18.785    14.6896   3.953302    32.1808        995     4.1417  0.000e+00
     18.774    14.6900   3.953579    32.1831        996     4.1458  0.000e+00
     18.772    14.6914   3.953441    32.1807        997     4.1500  0.000e+00
     18.769    14.6925   3.953278    32.1782        998     4.1542  0.000e+00
     18.761    14.6921   3.953229    32.1781        999     4.1583  0.000e+00
     18.743    14.6917   3.953253    32.1786       1000     4.1625  0.000e+00
     18.722    14.6914   3.953374    32.1800       1001     4.1667  0.000e+00
     18.693    14.6919   3.953531    32.1811       1002     4.1708  0.000e+00
     18.633    14.6926   3.953489    32.1801       1003     4.1750  0.000e+00
     18.566    14.6931   3.953253    32.1776       1004     4.1792  0.000e+00
     18.472    14.6926   3.952764    32.1736       1005     4.1833  0.000e+00
     18.369    14.6908   3.954165    32.1878       1006     4.1875  0.000e+00
     18.239    14.6930   3.954449    32.1887       1007     4.1917  0.000e+00
     18.096    14.6972   3.954400    32.1848       1008     4.1958  0.000e+00
     17.941    14.7002   3.954376    32.1821       1009     4.2000  0.000e+00
     17.780    14.7018   3.954310    32.1802       1010     4.2042  0.000e+00
     17.621    14.7027   3.954237    32.1789       1011     4.2083  0.000e+00
     17.469    14.7029   3.954563    32.1818       1012     4.2125  0.000e+00
     17.316    14.7040   3.954521    32.1806       1013     4.2167  0.000e+00
     17.184    14.7052   3.954726    32.1815       1014     4.2208  0.000e+00
     17.075    14.7064   3.954684    32.1801       1015     4.2250  0.000e+00
     16.976    14.7073   3.954684    32.1794       1016     4.2292  0.000e+00
     16.897    14.7078   3.954726    32.1794       1017     4.2333  0.000e+00
     16.828    14.7083   3.954822    32.1799       1018     4.2375  0.000e+00
     16.784    14.7092   3.955106    32.1818       1019     4.2417  0.000e+00
     16.754    14.7104   3.955082    32.1805       1020     4.2458  0.000e+00
     16.734    14.7117   3.954871    32.1776       1021     4.2500  0.000e+00
     16.727    14.7117   3.954520    32.1744       1022     4.2542  0.000e+00
     16.727    14.7100   3.954309    32.1739       1023     4.2583  0.000e+00
     16.719    14.7081   3.954726    32.1792       1024     4.2625  0.000e+00
     16.721    14.7081   3.955106    32.1827       1025     4.2667  0.000e+00
     16.716    14.7097   3.954846    32.1790       1026     4.2708  0.000e+00
     16.700    14.7105   3.955058    32.1803       1027     4.2750  0.000e+00
     16.672    14.7108   3.955124    32.1806       1028     4.2792  0.000e+00
     16.642    14.7120   3.955058    32.1790       1029     4.2833  0.000e+00
     16.596    14.7126   3.955082    32.1788       1030     4.2875  0.000e+00
     16.539    14.7127   3.955148    32.1793       1031     4.2917  0.000e+00
     16.466    14.7133   3.955172    32.1791       1032     4.2958  0.000e+00
     16.378    14.7137   3.955124    32.1783       1033     4.3000  0.000e+00
     16.284    14.7140   3.955058    32.1775       1034     4.3042  0.000e+00
     16.186    14.7137   3.954985    32.1771       1035     4.3083  0.000e+00
