HB2304/sbe075.cnv
* Sea-Bird SBE 19plus V2 Data File:
* FileName = C:\cruise\data\sbe075.hex
* Software Version Seasave V 7.26.7.121
* Temperature SN = 7037
* Conductivity SN = 7037
* System UpLoad Time = Oct 15 2023 22:23:01
** Ship: Bigelow
** Cruise:  HB2304
** Program:  Fall Bottom Trawl
# nquan = 7
# nvalues = 1148                                  
# units = specified
# name 0 = depSM: Depth [salt water, m], lat = 40.00
# name 1 = tv290C: Temperature [ITS-90, deg C]
# name 2 = c0S/m: Conductivity [S/m]
# name 3 = sal00: Salinity, Practical [PSU]
# name 4 = scan: Scan Count
# name 5 = timeM: Time, Elapsed [minutes]
# name 6 = flag:  0.000e+00
# span 0 =     -0.278,     52.873                 
# span 1 =    12.8475,    15.1564                 
# span 2 =  -0.062956,   3.994462                 
# span 3 =     0.0000,    32.6705                 
# span 4 =         11,       1158                 
# span 5 =     0.0417,     4.8208                 
# span 6 = 0.0000e+00, 0.0000e+00                 
# interval = seconds: 0.25
# start_time = Oct 15 2023 22:23:01 [System UTC, header]
# bad_flag = -9.990e-29
*END*
[from data line 206]
     24.360    14.8541   3.980988    32.2933        217     0.9000  0.000e+00
     24.474    14.9187   3.981320    32.2428        218     0.9042  0.000e+00
     24.555    14.9631   3.981386    32.2067        219     0.9083  0.000e+00
     24.629    14.9919   3.981434    32.1833        220     0.9125  0.000e+00
     24.701    15.0097   3.981434    32.1687        221     0.9167  0.000e+00
     24.772    15.0207   3.981294    32.1583        222     0.9208  0.000e+00
     24.851    15.0268   3.981197    32.1525        223     0.9250  0.000e+00
     24.942    15.0302   3.981282    32.1504        224     0.9292  0.000e+00
     25.052    15.0324   3.981482    32.1503        225     0.9333  0.000e+00
     25.173    15.0341   3.981579    32.1497        226     0.9375  0.000e+00
     25.316    15.0359   3.981670    32.1490        227     0.9417  0.000e+00
     25.477    15.0374   3.981767    32.1486        228     0.9458  0.000e+00
     25.646    15.0385   3.981906    32.1489        229     0.9500  0.000e+00
     25.836    15.0396   3.982070    32.1494        230     0.9542  0.000e+00
     26.033    15.0409   3.982118    32.1486        231     0.9583  0.000e+00
     26.239    15.0422   3.981882    32.1454        232     0.9625  0.000e+00
     26.449    15.0423   3.981870    32.1452        233     0.9667  0.000e+00
     26.662    15.0419   3.981955    32.1462        234     0.9708  0.000e+00
     26.872    15.0414   3.981979    32.1467        235     0.9750  0.000e+00
     27.094    15.0416   3.982070    32.1473        236     0.9792  0.000e+00
     27.302    15.0417   3.982028    32.1467        237     0.9833  0.000e+00
     27.499    15.0417   3.982004    32.1464        238     0.9875  0.000e+00
     27.662    15.0414   3.982004    32.1466        239     0.9917  0.000e+00
     27.808    15.0413   3.982070    32.1473        240     0.9958  0.000e+00
     27.927    15.0416   3.982167    32.1479        241     1.0000  0.000e+00
     28.018    15.0418   3.982234    32.1482        242     1.0042  0.000e+00
     28.103    15.0423   3.982192    32.1474        243     1.0083  0.000e+00
     28.180    15.0423   3.982240    32.1478        244     1.0125  0.000e+00
     28.254    15.0426   3.982288    32.1480        245     1.0167  0.000e+00
     28.339    15.0429   3.982331    32.1481        246     1.0208  0.000e+00
     28.422    15.0433   3.982379    32.1482        247     1.0250  0.000e+00
     28.518    15.0436   3.982355    32.1477        248     1.0292  0.000e+00
     28.628    15.0437   3.982307    32.1471        249     1.0333  0.000e+00
     28.758    15.0437   3.982289    32.1469        250     1.0375  0.000e+00
     28.908    15.0433   3.982301    32.1472        251     1.0417  0.000e+00
     29.078    15.0431   3.982192    32.1464        252     1.0458  0.000e+00
     29.264    15.0426   3.982144    32.1462        253     1.0500  0.000e+00
     29.469    15.0419   3.982095    32.1463        254     1.0542  0.000e+00
     29.686    15.0414   3.982071    32.1465        255     1.0583  0.000e+00
     29.915    15.0408   3.982029    32.1465        256     1.0625  0.000e+00
     30.150    15.0402   3.982029    32.1469        257     1.0667  0.000e+00
     30.383    15.0399   3.982053    32.1473        258     1.0708  0.000e+00
     30.595    15.0393   3.982096    32.1480        259     1.0750  0.000e+00
     30.822    15.0393   3.982120    32.1482        260     1.0792  0.000e+00
     31.063    15.0394   3.982120    32.1480        261     1.0833  0.000e+00
     31.280    15.0394   3.982005    32.1469        262     1.0875  0.000e+00
     31.464    15.0392   3.982054    32.1475        263     1.0917  0.000e+00
     31.607    15.0385   3.982072    32.1481        264     1.0958  0.000e+00
     31.726    15.0385   3.981957    32.1471        265     1.1000  0.000e+00
     31.816    15.0381   3.981363    32.1420        266     1.1042  0.000e+00
     31.892    15.0351   3.978651    32.1201        267     1.1083  0.000e+00
     31.976    15.0238   3.978016    32.1235        268     1.1125  0.000e+00
     32.059    15.0120   3.977901    32.1322        269     1.1167  0.000e+00
     32.144    15.0038   3.977598    32.1362        270     1.1208  0.000e+00
     32.247    14.9974   3.977478    32.1403        271     1.1250  0.000e+00
     32.366    14.9927   3.977357    32.1430        272     1.1292  0.000e+00
     32.505    14.9892   3.977332    32.1456        273     1.1333  0.000e+00
     32.660    14.9868   3.977284    32.1471        274     1.1375  0.000e+00
     32.834    14.9852   3.977284    32.1484        275     1.1417  0.000e+00
     33.026    14.9841   3.977309    32.1495        276     1.1458  0.000e+00
     33.239    14.9836   3.977405    32.1506        277     1.1500  0.000e+00
     33.459    14.9834   3.977381    32.1505        278     1.1542  0.000e+00
     33.692    14.9832   3.977430    32.1510        279     1.1583  0.000e+00
     33.927    14.9832   3.977418    32.1508        280     1.1625  0.000e+00
     34.132    14.9831   3.977333    32.1500        281     1.1667  0.000e+00
     34.339    14.9829   3.977242    32.1493        282     1.1708  0.000e+00
     34.582    14.9823   3.977218    32.1495        283     1.1750  0.000e+00
     34.786    14.9817   3.977218    32.1500        284     1.1792  0.000e+00
     34.932    14.9814   3.977333    32.1512        285     1.1833  0.000e+00
     35.037    14.9814   3.978278    32.1596        286     1.1875  0.000e+00
     35.109    14.9846   3.978865    32.1623        287     1.1917  0.000e+00
     35.183    14.9894   3.979077    32.1602        288     1.1958  0.000e+00
     35.250    14.9941   3.978889    32.1546        289     1.2000  0.000e+00
     35.326    14.9966   3.979162    32.1550        290     1.2042  0.000e+00
     35.429    14.9988   3.979834    32.1592        291     1.2083  0.000e+00
     35.541    15.0019   3.979785    32.1561        292     1.2125  0.000e+00
     35.675    15.0049   3.979646    32.1523        293     1.2167  0.000e+00
     35.832    15.0064   3.979507    32.1498        294     1.2208  0.000e+00
     35.997    15.0064   3.979598    32.1506        295     1.2250  0.000e+00
     36.181    15.0066   3.979809    32.1522        296     1.2292  0.000e+00
     36.387    15.0075   3.979955    32.1527        297     1.2333  0.000e+00
     36.620    15.0088   3.979834    32.1505        298     1.2375  0.000e+00
     36.880    15.0092   3.979683    32.1487        299     1.2417  0.000e+00
     37.159    15.0089   3.979483    32.1471        300     1.2458  0.000e+00
     37.441    15.0079   3.979247    32.1456        301     1.2500  0.000e+00
     37.694    15.0063   3.979078    32.1454        302     1.2542  0.000e+00
     37.916    15.0043   3.978963    32.1458        303     1.2583  0.000e+00
     38.104    15.0024   3.978587    32.1440        304     1.2625  0.000e+00
     38.295    15.0000   3.978442    32.1446        305     1.2667  0.000e+00
     38.568    14.9974   3.978376    32.1460        306     1.2708  0.000e+00
     38.803    14.9957   3.978231    32.1460        307     1.2750  0.000e+00
     38.993    14.9935   3.978140    32.1469        308     1.2792  0.000e+00
     39.148    14.9918   3.978055    32.1475        309     1.2833  0.000e+00
     39.266    14.9901   3.977759    32.1462        310     1.2875  0.000e+00
     39.369    14.9882   3.977692    32.1471        311     1.2917  0.000e+00
     39.479    14.9865   3.977595    32.1476        312     1.2958  0.000e+00
     39.602    14.9848   3.977595    32.1490        313     1.3000  0.000e+00
     39.729    14.9838   3.977596    32.1497        314     1.3042  0.000e+00
     39.866    14.9833   3.977547    32.1497        315     1.3083  0.000e+00
     40.018    14.9828   3.977523    32.1498        316     1.3125  0.000e+00
     40.177    14.9824   3.977547    32.1503        317     1.3167  0.000e+00
     40.354    14.9817   3.977547    32.1507        318     1.3208  0.000e+00
     40.544    14.9807   3.977535    32.1515        319     1.3250  0.000e+00
     40.748    14.9810   3.977523    32.1510        320     1.3292  0.000e+00
     40.958    14.9818   3.977523    32.1502        321     1.3333  0.000e+00
     41.182    14.9811   3.977499    32.1505        322     1.3375  0.000e+00
     41.419    14.9817   3.977499    32.1500        323     1.3417  0.000e+00
     41.650    14.9810   3.977499    32.1505        324     1.3458  0.000e+00
     41.878    14.9804   3.977524    32.1510        325     1.3500  0.000e+00
     42.104    14.9803   3.977572    32.1515        326     1.3542  0.000e+00
     42.312    14.9800   3.977597    32.1518        327     1.3583  0.000e+00
     42.499    14.9804   3.977572    32.1512        328     1.3625  0.000e+00
     42.664    14.9803   3.977597    32.1515        329     1.3667  0.000e+00
     42.818    14.9806   3.977579    32.1510        330     1.3708  0.000e+00
     42.948    14.9807   3.977548    32.1506        331     1.3750  0.000e+00
     43.078    14.9807   3.977573    32.1508        332     1.3792  0.000e+00
     43.210    14.9805   3.977500    32.1502        333     1.3833  0.000e+00
     43.336    14.9800   3.977573    32.1512        334     1.3875  0.000e+00
     43.466    14.9799   3.977524    32.1509        335     1.3917  0.000e+00
     43.604    14.9797   3.977458    32.1504        336     1.3958  0.000e+00
     43.754    14.9794   3.977458    32.1506        337     1.4000  0.000e+00
     43.916    14.9793   3.977482    32.1508        338     1.4042  0.000e+00
     44.095    14.9790   3.977500    32.1512        339     1.4083  0.000e+00
     44.294    14.9790   3.977537    32.1514        340     1.4125  0.000e+00
     44.498    14.9789   3.977434    32.1505        341     1.4167  0.000e+00
     44.724    14.9789   3.977458    32.1506        342     1.4208  0.000e+00
     44.959    14.9784   3.977525    32.1515        343     1.4250  0.000e+00
     45.209    14.9785   3.977525    32.1514        344     1.4292  0.000e+00
     45.462    14.9786   3.977549    32.1514        345     1.4333  0.000e+00
     45.715    14.9787   3.977574    32.1514        346     1.4375  0.000e+00
     45.953    14.9788   3.977550    32.1510        347     1.4417  0.000e+00
     46.179    14.9788   3.977550    32.1510        348     1.4458  0.000e+00
     46.405    14.9787   3.977574    32.1512        349     1.4500  0.000e+00
     46.628    14.9786   3.977653    32.1519        350     1.4542  0.000e+00
     46.852    14.9789   3.977713    32.1521        351     1.4583  0.000e+00
     47.089    14.9793   3.977810    32.1526        352     1.4625  0.000e+00
     47.291    14.9799   3.977810    32.1520        353     1.4667  0.000e+00
     47.472    14.9802   3.977810    32.1517        354     1.4708  0.000e+00
     47.631    14.9805   3.977907    32.1522        355     1.4750  0.000e+00
     47.774    14.9808   3.978022    32.1530        356     1.4792  0.000e+00
     47.911    14.9815   3.977883    32.1511        357     1.4833  0.000e+00
     48.039    14.9817   3.977811    32.1503        358     1.4875  0.000e+00
     48.175    14.9814   3.977835    32.1506        359     1.4917  0.000e+00
     48.312    14.9810   3.977829    32.1508        360     1.4958  0.000e+00
     48.466    14.9809   3.977787    32.1505        361     1.5000  0.000e+00
     48.618    14.9805   3.977787    32.1508        362     1.5042  0.000e+00
     48.780    14.9804   3.977763    32.1506        363     1.5083  0.000e+00
     48.950    14.9802   3.977811    32.1511        364     1.5125  0.000e+00
     49.133    14.9800   3.977811    32.1512        365     1.5167  0.000e+00
     49.339    14.9800   3.977787    32.1509        366     1.5208  0.000e+00
     49.547    14.9799   3.977787    32.1509        367     1.5250  0.000e+00
     49.758    14.9799   3.977787    32.1509        368     1.5292  0.000e+00
     49.984    14.9796   3.977787    32.1510        369     1.5333  0.000e+00
     50.214    14.9795   3.977745    32.1506        370     1.5375  0.000e+00
     50.443    14.9792   3.977715    32.1505        371     1.5417  0.000e+00
     50.676    14.9788   3.977672    32.1504        372     1.5458  0.000e+00
     50.917    14.9784   3.977624    32.1502        373     1.5500  0.000e+00
     51.150    14.9779   3.977648    32.1507        374     1.5542  0.000e+00
     51.374    14.9777   3.977600    32.1503        375     1.5583  0.000e+00
     51.602    14.9773   3.977649    32.1510        376     1.5625  0.000e+00
     51.824    14.9772   3.977715    32.1516        377     1.5667  0.000e+00
     51.992    14.9773   3.977812    32.1524        378     1.5708  0.000e+00
     52.121    14.9776   3.977836    32.1522        379     1.5750  0.000e+00
     52.169    14.9781   3.977855    32.1520        380     1.5792  0.000e+00
     52.162    14.9785   3.977909    32.1522        381     1.5833  0.000e+00
     52.141    14.9789   3.977933    32.1521        382     1.5875  0.000e+00
     52.157    14.9793   3.977933    32.1518        383     1.5917  0.000e+00
     52.197    14.9795   3.977933    32.1516        384     1.5958  0.000e+00
     52.211    14.9797   3.977933    32.1514        385     1.6000  0.000e+00
     52.204    14.9797   3.977909    32.1512        386     1.6042  0.000e+00
     52.180    14.9796   3.977933    32.1514        387     1.6083  0.000e+00
     52.155    14.9797   3.977933    32.1514        388     1.6125  0.000e+00
     52.151    14.9797   3.977933    32.1514        389     1.6167  0.000e+00
     52.157    14.9798   3.977945    32.1514        390     1.6208  0.000e+00
     52.164    14.9798   3.977933    32.1513        391     1.6250  0.000e+00
     52.187    14.9799   3.977885    32.1508        392     1.6292  0.000e+00
     52.218    14.9797   3.977885    32.1509        393     1.6333  0.000e+00
     52.262    14.9796   3.977933    32.1514        394     1.6375  0.000e+00
     52.303    14.9796   3.977933    32.1514        395     1.6417  0.000e+00
     52.348    14.9797   3.977933    32.1513        396     1.6458  0.000e+00
     52.403    14.9797   3.977933    32.1513        397     1.6500  0.000e+00
     52.455    14.9797   3.977952    32.1514        398     1.6542  0.000e+00
     52.502    14.9798   3.977952    32.1514        399     1.6583  0.000e+00
     52.538    14.9798   3.977946    32.1513        400     1.6625  0.000e+00
     52.578    14.9800   3.977933    32.1510        401     1.6667  0.000e+00
     52.610    14.9800   3.977952    32.1511        402     1.6708  0.000e+00
     52.641    14.9800   3.977952    32.1512        403     1.6750  0.000e+00
     52.681    14.9800   3.977952    32.1512        404     1.6792  0.000e+00
     52.723    14.9800   3.977952    32.1511        405     1.6833  0.000e+00
     52.744    14.9799   3.977952    32.1512        406     1.6875  0.000e+00
     52.750    14.9799   3.977976    32.1514        407     1.6917  0.000e+00
     52.762    14.9800   3.977952    32.1511        408     1.6958  0.000e+00
     52.786    14.9800   3.977976    32.1513        409     1.7000  0.000e+00
     52.808    14.9801   3.977994    32.1514        410     1.7042  0.000e+00
     52.826    14.9801   3.977976    32.1512        411     1.7083  0.000e+00
     52.836    14.9801   3.977976    32.1512        412     1.7125  0.000e+00
     52.840    14.9802   3.977976    32.1511        413     1.7167  0.000e+00
     52.856    14.9803   3.977976    32.1511        414     1.7208  0.000e+00
     52.865    14.9801   3.978000    32.1514        415     1.7250  0.000e+00
     52.867    14.9802   3.977976    32.1511        416     1.7292  0.000e+00
     52.873    14.9802   3.977976    32.1511        417     1.7333  0.000e+00
     52.869    14.9803   3.977976    32.1510        418     1.7375  0.000e+00
     52.860    14.9801   3.978000    32.1514        419     1.7417  0.000e+00
     52.853    14.9802   3.977994    32.1513        420     1.7458  0.000e+00
