HB2304/sbe091.cnv
* Sea-Bird SBE 19plus V2 Data File:
* FileName = C:\cruise\data\sbe091.hex
* Software Version Seasave V 7.26.7.121
* Temperature SN = 7037
* Conductivity SN = 7037
* System UpLoad Time = Oct 20 2023 16:42:53
** Ship: Bigelow
** Cruise:  HB2304
** Program:  Fall Bottom Trawl
# nquan = 7
# nvalues = 1472                                  
# units = specified
# name 0 = depSM: Depth [salt water, m], lat = 40.00
# name 1 = tv290C: Temperature [ITS-90, deg C]
# name 2 = c0S/m: Conductivity [S/m]
# name 3 = sal00: Salinity, Practical [PSU]
# name 4 = scan: Scan Count
# name 5 = timeM: Time, Elapsed [minutes]
# name 6 = flag:  0.000e+00
# span 0 =     -0.063,     63.807                 
# span 1 =    13.4135,    18.2532                 
# span 2 =  -0.000028,   4.000833                 
# span 3 =     0.0000,    32.2708                 
# span 4 =         11,       1482                 
# span 5 =     0.0417,     6.1708                 
# span 6 = 0.0000e+00, 0.0000e+00                 
# interval = seconds: 0.25
# start_time = Oct 20 2023 16:42:53 [System UTC, header]
# bad_flag = -9.990e-29
*END*
[from data line 821]
     40.183    13.5494   3.856483    32.2353        832     3.4625  0.000e+00
     40.129    13.5498   3.856507    32.2352        833     3.4667  0.000e+00
     40.071    13.5502   3.856531    32.2352        834     3.4708  0.000e+00
     40.021    13.5506   3.856537    32.2349        835     3.4750  0.000e+00
     39.968    13.5509   3.856621    32.2354        836     3.4792  0.000e+00
     39.919    13.5515   3.856662    32.2353        837     3.4833  0.000e+00
     39.865    13.5522   3.856734    32.2354        838     3.4875  0.000e+00
     39.809    13.5530   3.856758    32.2350        839     3.4917  0.000e+00
     39.753    13.5535   3.856842    32.2354        840     3.4958  0.000e+00
     39.692    13.5544   3.856800    32.2343        841     3.5000  0.000e+00
     39.618    13.5548   3.856913    32.2350        842     3.5042  0.000e+00
     39.549    13.5555   3.857075    32.2359        843     3.5083  0.000e+00
     39.466    13.5567   3.857009    32.2344        844     3.5125  0.000e+00
     39.374    13.5574   3.857057    32.2342        845     3.5167  0.000e+00
     39.281    13.5581   3.857236    32.2354        846     3.5208  0.000e+00
     39.178    13.5592   3.857391    32.2359        847     3.5250  0.000e+00
     39.072    13.5608   3.857481    32.2354        848     3.5292  0.000e+00
     38.961    13.5622   3.857642    32.2358        849     3.5333  0.000e+00
     38.851    13.5640   3.857648    32.2344        850     3.5375  0.000e+00
     38.741    13.5654   3.857803    32.2346        851     3.5417  0.000e+00
     38.631    13.5669   3.857869    32.2341        852     3.5458  0.000e+00
     38.524    13.5684   3.857917    32.2333        853     3.5500  0.000e+00
     38.423    13.5695   3.857959    32.2328        854     3.5542  0.000e+00
     38.330    13.5705   3.857887    32.2314        855     3.5583  0.000e+00
     38.245    13.5711   3.857935    32.2313        856     3.5625  0.000e+00
     38.171    13.5716   3.857982    32.2314        857     3.5667  0.000e+00
     38.110    13.5720   3.858096    32.2321        858     3.5708  0.000e+00
     38.052    13.5728   3.858096    32.2314        859     3.5750  0.000e+00
     38.009    13.5736   3.858126    32.2311        860     3.5792  0.000e+00
     37.967    13.5740   3.858048    32.2300        861     3.5833  0.000e+00
     37.931    13.5742   3.858048    32.2298        862     3.5875  0.000e+00
     37.900    13.5741   3.858389    32.2331        863     3.5917  0.000e+00
     37.871    13.5754   3.858484    32.2329        864     3.5958  0.000e+00
     37.842    13.5770   3.858502    32.2317        865     3.6000  0.000e+00
     37.808    13.5785   3.858598    32.2314        866     3.6042  0.000e+00
     37.766    13.5797   3.858598    32.2304        867     3.6083  0.000e+00
     37.728    13.5805   3.858616    32.2299        868     3.6125  0.000e+00
     37.681    13.5809   3.858640    32.2298        869     3.6167  0.000e+00
     37.624    13.5815   3.858693    32.2299        870     3.6208  0.000e+00
     37.560    13.5821   3.858915    32.2314        871     3.6250  0.000e+00
     37.486    13.5835   3.859208    32.2330        872     3.6292  0.000e+00
     37.407    13.5858   3.859369    32.2326        873     3.6333  0.000e+00
     37.320    13.5881   3.859482    32.2317        874     3.6375  0.000e+00
     37.222    13.5904   3.859715    32.2320        875     3.6417  0.000e+00
     37.119    13.5927   3.859937    32.2321        876     3.6458  0.000e+00
     37.020    13.5957   3.860188    32.2320        877     3.6500  0.000e+00
     36.919    13.5984   3.860367    32.2315        878     3.6542  0.000e+00
     36.817    13.6015   3.860552    32.2305        879     3.6583  0.000e+00
     36.714    13.6042   3.860809    32.2307        880     3.6625  0.000e+00
     36.622    13.6072   3.861096    32.2309        881     3.6667  0.000e+00
     36.530    13.6106   3.861616    32.2330        882     3.6708  0.000e+00
     36.441    13.6150   3.862095    32.2337        883     3.6750  0.000e+00
     36.358    13.6202   3.862394    32.2321        884     3.6792  0.000e+00
     36.284    13.6256   3.862878    32.2321        885     3.6833  0.000e+00
     36.215    13.6310   3.863213    32.2307        886     3.6875  0.000e+00
     36.145    13.6362   3.863416    32.2282        887     3.6917  0.000e+00
     36.071    13.6409   3.863643    32.2264        888     3.6958  0.000e+00
     36.016    13.6449   3.863942    32.2258        889     3.7000  0.000e+00
     35.959    13.6488   3.864068    32.2238        890     3.7042  0.000e+00
     35.899    13.6518   3.864439    32.2247        891     3.7083  0.000e+00
     35.836    13.6553   3.864624    32.2235        892     3.7125  0.000e+00
     35.772    13.6586   3.864714    32.2216        893     3.7167  0.000e+00
     35.713    13.6613   3.864851    32.2206        894     3.7208  0.000e+00
     35.646    13.6634   3.864899    32.2193        895     3.7250  0.000e+00
     35.574    13.6653   3.865102    32.2196        896     3.7292  0.000e+00
     35.499    13.6672   3.865330    32.2202        897     3.7333  0.000e+00
     35.420    13.6694   3.865443    32.2194        898     3.7375  0.000e+00
     35.337    13.6718   3.865647    32.2193        899     3.7417  0.000e+00
     35.259    13.6741   3.865922    32.2200        900     3.7458  0.000e+00
     35.183    13.6767   3.866017    32.2187        901     3.7500  0.000e+00
     35.095    13.6790   3.866149    32.2180        902     3.7542  0.000e+00
     35.006    13.6812   3.866263    32.2172        903     3.7583  0.000e+00
     34.930    13.6830   3.866286    32.2160        904     3.7625  0.000e+00
     34.849    13.6845   3.866580    32.2174        905     3.7667  0.000e+00
     34.773    13.6865   3.866879    32.2186        906     3.7708  0.000e+00
     34.697    13.6890   3.867058    32.2181        907     3.7750  0.000e+00
     34.628    13.6919   3.867154    32.2166        908     3.7792  0.000e+00
     34.559    13.6944   3.867561    32.2184        909     3.7833  0.000e+00
     34.493    13.6972   3.867746    32.2177        910     3.7875  0.000e+00
     34.437    13.7005   3.867902    32.2165        911     3.7917  0.000e+00
     34.379    13.7030   3.867854    32.2139        912     3.7958  0.000e+00
     34.324    13.7046   3.867860    32.2126        913     3.8000  0.000e+00
     34.276    13.7056   3.868063    32.2137        914     3.8042  0.000e+00
     34.232    13.7071   3.868111    32.2129        915     3.8083  0.000e+00
     34.183    13.7083   3.868224    32.2130        916     3.8125  0.000e+00
     34.135    13.7094   3.868260    32.2124        917     3.8167  0.000e+00
     34.084    13.7104   3.868224    32.2113        918     3.8208  0.000e+00
     34.037    13.7109   3.868452    32.2129        919     3.8250  0.000e+00
     33.981    13.7122   3.868518    32.2125        920     3.8292  0.000e+00
     33.912    13.7133   3.868607    32.2124        921     3.8333  0.000e+00
     33.840    13.7145   3.869020    32.2152        922     3.8375  0.000e+00
     33.759    13.7167   3.869619    32.2190        923     3.8417  0.000e+00
     33.666    13.7208   3.870367    32.2226        924     3.8458  0.000e+00
     33.576    13.7269   3.870594    32.2196        925     3.8500  0.000e+00
     33.480    13.7326   3.870732    32.2161        926     3.8542  0.000e+00
     33.386    13.7369   3.870821    32.2134        927     3.8583  0.000e+00
     33.290    13.7401   3.871001    32.2124        928     3.8625  0.000e+00
     33.189    13.7429   3.871049    32.2105        929     3.8667  0.000e+00
     33.092    13.7453   3.871162    32.2096        930     3.8708  0.000e+00
     33.001    13.7471   3.871234    32.2087        931     3.8750  0.000e+00
     32.922    13.7488   3.871234    32.2073        932     3.8792  0.000e+00
     32.844    13.7501   3.871252    32.2065        933     3.8833  0.000e+00
     32.772    13.7510   3.871252    32.2057        934     3.8875  0.000e+00
     32.710    13.7516   3.871288    32.2056        935     3.8917  0.000e+00
     32.658    13.7522   3.871324    32.2054        936     3.8958  0.000e+00
     32.609    13.7526   3.871461    32.2064        937     3.9000  0.000e+00
     32.562    13.7538   3.871575    32.2064        938     3.9042  0.000e+00
     32.513    13.7551   3.871641    32.2060        939     3.9083  0.000e+00
     32.470    13.7561   3.871671    32.2054        940     3.9125  0.000e+00
     32.426    13.7575   3.871713    32.2047        941     3.9167  0.000e+00
     32.385    13.7581   3.871802    32.2050        942     3.9208  0.000e+00
     32.343    13.7592   3.871868    32.2047        943     3.9250  0.000e+00
     32.289    13.7602   3.871916    32.2043        944     3.9292  0.000e+00
     32.240    13.7612   3.872006    32.2043        945     3.9333  0.000e+00
     32.180    13.7621   3.872311    32.2064        946     3.9375  0.000e+00
     32.124    13.7639   3.872347    32.2053        947     3.9417  0.000e+00
     32.063    13.7656   3.872443    32.2048        948     3.9458  0.000e+00
     31.998    13.7668   3.872598    32.2052        949     3.9500  0.000e+00
     31.933    13.7686   3.872622    32.2039        950     3.9542  0.000e+00
     31.866    13.7700   3.872532    32.2020        951     3.9583  0.000e+00
     31.803    13.7708   3.872646    32.2024        952     3.9625  0.000e+00
     31.730    13.7715   3.872694    32.2022        953     3.9667  0.000e+00
     31.664    13.7723   3.872850    32.2031        954     3.9708  0.000e+00
     31.588    13.7735   3.872832    32.2019        955     3.9750  0.000e+00
     31.519    13.7747   3.872873    32.2014        956     3.9792  0.000e+00
     31.447    13.7754   3.872921    32.2012        957     3.9833  0.000e+00
     31.380    13.7762   3.872885    32.2002        958     3.9875  0.000e+00
     31.320    13.7769   3.872897    32.1998        959     3.9917  0.000e+00
     31.244    13.7774   3.872897    32.1994        960     3.9958  0.000e+00
     31.170    13.7778   3.872831    32.1985        961     4.0000  0.000e+00
     31.100    13.7776   3.872897    32.1992        962     4.0042  0.000e+00
     31.033    13.7777   3.872897    32.1992        963     4.0083  0.000e+00
     30.960    13.7779   3.872909    32.1992        964     4.0125  0.000e+00
     30.890    13.7782   3.872897    32.1988        965     4.0167  0.000e+00
     30.819    13.7785   3.872897    32.1986        966     4.0208  0.000e+00
     30.752    13.7787   3.872897    32.1984        967     4.0250  0.000e+00
     30.682    13.7791   3.872873    32.1979        968     4.0292  0.000e+00
     30.617    13.7794   3.872897    32.1979        969     4.0333  0.000e+00
     30.548    13.7796   3.872885    32.1977        970     4.0375  0.000e+00
     30.481    13.7798   3.872873    32.1975        971     4.0417  0.000e+00
     30.414    13.7799   3.872897    32.1976        972     4.0458  0.000e+00
     30.340    13.7799   3.872873    32.1974        973     4.0500  0.000e+00
     30.264    13.7803   3.872897    32.1973        974     4.0542  0.000e+00
     30.196    13.7805   3.872921    32.1974        975     4.0583  0.000e+00
     30.127    13.7810   3.872933    32.1971        976     4.0625  0.000e+00
     30.056    13.7813   3.872849    32.1961        977     4.0667  0.000e+00
     29.984    13.7817   3.872921    32.1965        978     4.0708  0.000e+00
     29.912    13.7819   3.872897    32.1962        979     4.0750  0.000e+00
     29.843    13.7816   3.872921    32.1966        980     4.0792  0.000e+00
     29.774    13.7820   3.872945    32.1965        981     4.0833  0.000e+00
     29.700    13.7822   3.872933    32.1963        982     4.0875  0.000e+00
     29.630    13.7826   3.872921    32.1959        983     4.0917  0.000e+00
     29.558    13.7827   3.872986    32.1964        984     4.0958  0.000e+00
     29.485    13.7832   3.872986    32.1960        985     4.1000  0.000e+00
     29.415    13.7836   3.872962    32.1955        986     4.1042  0.000e+00
     29.341    13.7842   3.873058    32.1959        987     4.1083  0.000e+00
     29.263    13.7849   3.873076    32.1955        988     4.1125  0.000e+00
     29.187    13.7854   3.873196    32.1963        989     4.1167  0.000e+00
     29.109    13.7862   3.873172    32.1953        990     4.1208  0.000e+00
     29.028    13.7870   3.873788    32.2005        991     4.1250  0.000e+00
     28.948    13.7897   3.873968    32.1998        992     4.1292  0.000e+00
     28.871    13.7933   3.873854    32.1958        993     4.1333  0.000e+00
     28.800    13.7954   3.874028    32.1957        994     4.1375  0.000e+00
     28.726    13.7973   3.874082    32.1946        995     4.1417  0.000e+00
     28.661    13.7989   3.873944    32.1921        996     4.1458  0.000e+00
     28.594    13.7993   3.873878    32.1911        997     4.1500  0.000e+00
     28.533    13.7993   3.874016    32.1925        998     4.1542  0.000e+00
     28.471    13.7996   3.874057    32.1926        999     4.1583  0.000e+00
     28.412    13.8004   3.874147    32.1928       1000     4.1625  0.000e+00
     28.350    13.8010   3.874195    32.1928       1001     4.1667  0.000e+00
     28.292    13.8019   3.874333    32.1932       1002     4.1708  0.000e+00
     28.234    13.8030   3.874770    32.1964       1003     4.1750  0.000e+00
     28.173    13.8054   3.875039    32.1969       1004     4.1792  0.000e+00
     28.110    13.8087   3.875063    32.1944       1005     4.1833  0.000e+00
     28.050    13.8111   3.875087    32.1926       1006     4.1875  0.000e+00
     27.988    13.8127   3.875297    32.1932       1007     4.1917  0.000e+00
     27.927    13.8144   3.875452    32.1933       1008     4.1958  0.000e+00
     27.864    13.8164   3.875524    32.1923       1009     4.2000  0.000e+00
     27.808    13.8179   3.875500    32.1908       1010     4.2042  0.000e+00
     27.741    13.8192   3.875542    32.1902       1011     4.2083  0.000e+00
     27.681    13.8201   3.875794    32.1918       1012     4.2125  0.000e+00
     27.627    13.8216   3.876033    32.1928       1013     4.2167  0.000e+00
     27.571    13.8237   3.876183    32.1924       1014     4.2208  0.000e+00
     27.513    13.8258   3.876045    32.1894       1015     4.2250  0.000e+00
     27.457    13.8276   3.876392    32.1911       1016     4.2292  0.000e+00
     27.397    13.8292   3.876734    32.1929       1017     4.2333  0.000e+00
     27.332    13.8316   3.877075    32.1941       1018     4.2375  0.000e+00
     27.258    13.8346   3.877159    32.1924       1019     4.2417  0.000e+00
     27.179    13.8373   3.877302    32.1915       1020     4.2458  0.000e+00
     27.094    13.8395   3.877374    32.1903       1021     4.2500  0.000e+00
     27.000    13.8414   3.877350    32.1886       1022     4.2542  0.000e+00
     26.895    13.8429   3.877374    32.1875       1023     4.2583  0.000e+00
     26.774    13.8443   3.877416    32.1868       1024     4.2625  0.000e+00
     26.654    13.8452   3.877416    32.1861       1025     4.2667  0.000e+00
     26.526    13.8462   3.877422    32.1854       1026     4.2708  0.000e+00
     26.407    13.8470   3.877440    32.1850       1027     4.2750  0.000e+00
     26.287    13.8475   3.877440    32.1846       1028     4.2792  0.000e+00
     26.173    13.8479   3.877398    32.1839       1029     4.2833  0.000e+00
     26.074    13.8481   3.877398    32.1838       1030     4.2875  0.000e+00
     25.984    13.8482   3.877416    32.1838       1031     4.2917  0.000e+00
     25.906    13.8484   3.877398    32.1836       1032     4.2958  0.000e+00
     25.841    13.8486   3.877398    32.1834       1033     4.3000  0.000e+00
     25.787    13.8487   3.877398    32.1834       1034     4.3042  0.000e+00
     25.745    13.8487   3.877398    32.1833       1035     4.3083  0.000e+00
