HB2304/sbe013.cnv
* Sea-Bird SBE 19plus V2 Data File:
* FileName = C:\cruise\data\sbe013.hex
* Software Version Seasave V 7.26.7.121
* Temperature SN = 7037
* Conductivity SN = 7037
* System UpLoad Time = Sep 13 2023 04:25:43
** Ship: Bigelow
** Cruise:  HB2304
** Program:  Fall Bottom Trawl
# nquan = 7
# nvalues = 1272                                  
# units = specified
# name 0 = depSM: Depth [salt water, m], lat = 40.00
# name 1 = tv290C: Temperature [ITS-90, deg C]
# name 2 = c0S/m: Conductivity [S/m]
# name 3 = sal00: Salinity, Practical [PSU]
# name 4 = scan: Scan Count
# name 5 = timeM: Time, Elapsed [minutes]
# name 6 = flag:  0.000e+00
# span 0 =     -0.047,     24.549                 
# span 1 =    16.7666,    25.6353                 
# span 2 =  -0.000012,   4.888497                 
# span 3 =     0.0000,    32.2917                 
# span 4 =         11,       1282                 
# span 5 =     0.0417,     5.3375                 
# span 6 = 0.0000e+00, 0.0000e+00                 
# interval = seconds: 0.25
# start_time = Sep 13 2023 04:25:43 [System UTC, header]
# bad_flag = -9.990e-29
*END*
[from data line 821]
     10.206    24.0522   4.734734    31.4471        832     3.4625  0.000e+00
     10.125    24.0770   4.737370    31.4492        833     3.4667  0.000e+00
     10.049    24.1051   4.747305    31.5033        834     3.4708  0.000e+00
      9.987    24.1568   4.759081    31.5543        835     3.4750  0.000e+00
      9.938    24.2314   4.766828    31.5591        836     3.4792  0.000e+00
      9.899    24.3070   4.773691    31.5567        837     3.4833  0.000e+00
      9.868    24.3789   4.778578    31.5423        838     3.4875  0.000e+00
      9.850    24.4404   4.785762    31.5521        839     3.4917  0.000e+00
      9.832    24.5008   4.785159    31.5053        840     3.4958  0.000e+00
      9.817    24.5434   4.780615    31.4420        841     3.5000  0.000e+00
      9.808    24.5515   4.774987    31.3950        842     3.5042  0.000e+00
      9.805    24.5355   4.762378    31.3134        843     3.5083  0.000e+00
      9.805    24.4847   4.753375    31.2824        844     3.5125  0.000e+00
      9.805    24.4185   4.748193    31.2903        845     3.5167  0.000e+00
      9.801    24.3592   4.750189    31.3464        846     3.5208  0.000e+00
      9.803    24.3213   4.744636    31.3319        847     3.5250  0.000e+00
      9.812    24.2865   4.743340    31.3466        848     3.5292  0.000e+00
      9.819    24.2576   4.743340    31.3669        849     3.5333  0.000e+00
      9.828    24.2394   4.743100    31.3778        850     3.5375  0.000e+00
      9.837    24.2274   4.744045    31.3932        851     3.5417  0.000e+00
      9.848    24.2230   4.746091    31.4114        852     3.5458  0.000e+00
      9.860    24.2251   4.744585    31.3988        853     3.5500  0.000e+00
      9.877    24.2200   4.746547    31.4169        854     3.5542  0.000e+00
      9.891    24.2168   4.745772    31.4134        855     3.5583  0.000e+00
      9.918    24.2161   4.746228    31.4173        856     3.5625  0.000e+00
      9.949    24.2141   4.745524    31.4135        857     3.5667  0.000e+00
      9.987    24.2088   4.741563    31.3878        858     3.5708  0.000e+00
     10.029    24.1958   4.740462    31.3887        859     3.5750  0.000e+00
     10.072    24.1780   4.742378    31.4154        860     3.5792  0.000e+00
     10.112    24.1572   4.742430    31.4304        861     3.5833  0.000e+00
     10.162    24.1379   4.740248    31.4278        862     3.5875  0.000e+00
     10.204    24.1148   4.736803    31.4184        863     3.5917  0.000e+00
     10.240    24.0871   4.735807    31.4305        864     3.5958  0.000e+00
     10.274    24.0647   4.732826    31.4241        865     3.6000  0.000e+00
     10.296    24.0431   4.731186    31.4271        866     3.6042  0.000e+00
     10.314    24.0216   4.731024    31.4410        867     3.6083  0.000e+00
     10.321    24.0071   4.730842    31.4498        868     3.6125  0.000e+00
     10.318    23.9978   4.731512    31.4613        869     3.6167  0.000e+00
     10.312    23.9945   4.731538    31.4639        870     3.6208  0.000e+00
     10.303    23.9939   4.732131    31.4687        871     3.6250  0.000e+00
     10.281    23.9949   4.731376    31.4624        872     3.6292  0.000e+00
     10.263    23.9935   4.732105    31.4688        873     3.6333  0.000e+00
     10.225    23.9955   4.734793    31.4874        874     3.6375  0.000e+00
     10.182    24.0050   4.734819    31.4809        875     3.6417  0.000e+00
     10.131    24.0139   4.736857    31.4899        876     3.6458  0.000e+00
     10.077    24.0270   4.739364    31.4993        877     3.6500  0.000e+00
     10.014    24.0436   4.741435    31.5030        878     3.6542  0.000e+00
      9.940    24.0648   4.742295    31.4945        879     3.6583  0.000e+00
      9.864    24.0971   4.745018    31.4919        880     3.6625  0.000e+00
      9.790    24.1408   4.759760    31.5707        881     3.6667  0.000e+00
      9.714    24.2162   4.771732    31.6063        882     3.6708  0.000e+00
      9.640    24.3110   4.784508    31.6340        883     3.6750  0.000e+00
      9.562    24.4183   4.797358    31.6534        884     3.6792  0.000e+00
      9.490    24.5275   4.804167    31.6268        885     3.6833  0.000e+00
      9.418    24.6269   4.809473    31.5961        886     3.6875  0.000e+00
      9.349    24.7071   4.812683    31.5635        887     3.6917  0.000e+00
      9.280    24.7689   4.816551    31.5487        888     3.6958  0.000e+00
      9.213    24.8222   4.821417    31.5471        889     3.7000  0.000e+00
      9.152    24.8729   4.825406    31.5409        890     3.7042  0.000e+00
      9.092    24.9192   4.827992    31.5275        891     3.7083  0.000e+00
      9.049    24.9600   4.831268    31.5231        892     3.7125  0.000e+00
      9.004    24.9970   4.833526    31.5138        893     3.7167  0.000e+00
      8.962    25.0290   4.834110    31.4958        894     3.7208  0.000e+00
      8.933    25.0522   4.834189    31.4803        895     3.7250  0.000e+00
      8.897    25.0665   4.834202    31.4705        896     3.7292  0.000e+00
      8.872    25.0752   4.834412    31.4660        897     3.7333  0.000e+00
      8.846    25.0812   4.835265    31.4680        898     3.7375  0.000e+00
      8.827    25.0885   4.837033    31.4759        899     3.7417  0.000e+00
      8.812    25.0981   4.838274    31.4782        900     3.7458  0.000e+00
      8.799    25.1095   4.837748    31.4665        901     3.7500  0.000e+00
      8.801    25.1152   4.837012    31.4572        902     3.7542  0.000e+00
      8.805    25.1157   4.837446    31.4600        903     3.7583  0.000e+00
      8.817    25.1175   4.835817    31.4469        904     3.7625  0.000e+00
      8.835    25.1140   4.833859    31.4350        905     3.7667  0.000e+00
      8.868    25.1033   4.834050    31.4439        906     3.7708  0.000e+00
      8.906    25.0958   4.833360    31.4440        907     3.7750  0.000e+00
      8.955    25.0878   4.826913    31.4026        908     3.7792  0.000e+00
      9.000    25.0626   4.821932    31.3837        909     3.7833  0.000e+00
      9.056    25.0243   4.814790    31.3582        910     3.7875  0.000e+00
      9.106    24.9744   4.812266    31.3743        911     3.7917  0.000e+00
      9.163    24.9293   4.809553    31.3858        912     3.7958  0.000e+00
      9.222    24.8919   4.808020    31.4005        913     3.8000  0.000e+00
      9.285    24.8619   4.804129    31.3929        914     3.8042  0.000e+00
      9.347    24.8302   4.797678    31.3677        915     3.8083  0.000e+00
      9.406    24.7910   4.795277    31.3773        916     3.8125  0.000e+00
      9.466    24.7523   4.788478    31.3543        917     3.8167  0.000e+00
      9.509    24.7072   4.778710    31.3141        918     3.8208  0.000e+00
      9.551    24.6450   4.771321    31.3030        919     3.8250  0.000e+00
      9.589    24.5775   4.771296    31.3497        920     3.8292  0.000e+00
      9.603    24.5298   4.753022    31.2485        921     3.8333  0.000e+00
      9.613    24.4481   4.750239    31.2848        922     3.8375  0.000e+00
      9.611    24.3721   4.753377    31.3610        923     3.8417  0.000e+00
      9.587    24.3367   4.764548    31.4683        924     3.8458  0.000e+00
      9.556    24.3580   4.785489    31.6082        925     3.8500  0.000e+00
      9.511    24.4395   4.793508    31.6101        926     3.8542  0.000e+00
      9.461    24.5299   4.799104    31.5878        927     3.8583  0.000e+00
      9.401    24.6084   4.802600    31.5585        928     3.8625  0.000e+00
      9.332    24.6701   4.807008    31.5477        929     3.8667  0.000e+00
      9.258    24.7235   4.812709    31.5522        930     3.8708  0.000e+00
      9.181    24.7770   4.817568    31.5505        931     3.8750  0.000e+00
      9.099    24.8289   4.820971    31.5392        932     3.8792  0.000e+00
      9.014    24.8756   4.828505    31.5618        933     3.8833  0.000e+00
      8.926    24.9326   4.840649    31.6108        934     3.8875  0.000e+00
      8.843    25.0103   4.842725    31.5717        935     3.8917  0.000e+00
      8.745    25.0746   4.844519    31.5401        936     3.8958  0.000e+00
      8.649    25.1214   4.849390    31.5431        937     3.9000  0.000e+00
      8.553    25.1666   4.857878    31.5734        938     3.9042  0.000e+00
      8.461    25.2249   4.859456    31.5444        939     3.9083  0.000e+00
      8.371    25.2769   4.863123    31.5350        940     3.9125  0.000e+00
      8.288    25.3174   4.863814    31.5119        941     3.9167  0.000e+00
      8.217    25.3475   4.865328    31.5021        942     3.9208  0.000e+00
      8.168    25.3707   4.862423    31.4650        943     3.9250  0.000e+00
      8.134    25.3774   4.862450    31.4606        944     3.9292  0.000e+00
      8.114    25.3774   4.864287    31.4739        945     3.9333  0.000e+00
      8.114    25.3839   4.863424    31.4632        946     3.9375  0.000e+00
      8.118    25.3865   4.863108    31.4591        947     3.9417  0.000e+00
      8.132    25.3855   4.861093    31.4452        948     3.9458  0.000e+00
      8.161    25.3786   4.856064    31.4135        949     3.9500  0.000e+00
      8.195    25.3585   4.854432    31.4156        950     3.9542  0.000e+00
      8.237    25.3339   4.854571    31.4335        951     3.9583  0.000e+00
      8.282    25.3176   4.852907    31.4327        952     3.9625  0.000e+00
      8.333    25.3024   4.851440    31.4326        953     3.9667  0.000e+00
      8.383    25.2877   4.851407    31.4424        954     3.9708  0.000e+00
      8.434    25.2768   4.850217    31.4413        955     3.9750  0.000e+00
      8.483    25.2667   4.846153    31.4189        956     3.9792  0.000e+00
      8.533    25.2458   4.846179    31.4334        957     3.9833  0.000e+00
      8.578    25.2295   4.846811    31.4493        958     3.9875  0.000e+00
      8.634    25.2224   4.842833    31.4253        959     3.9917  0.000e+00
      8.685    25.2045   4.836531    31.3919        960     3.9958  0.000e+00
      8.730    25.1703   4.835179    31.4057        961     4.0000  0.000e+00
      8.777    25.1395   4.834936    31.4253        962     4.0042  0.000e+00
      8.810    25.1192   4.834601    31.4369        963     4.0083  0.000e+00
      8.840    25.1063   4.835567    31.4528        964     4.0125  0.000e+00
      8.862    25.1010   4.835679    31.4573        965     4.0167  0.000e+00
      8.877    25.0987   4.834963    31.4537        966     4.0208  0.000e+00
      8.873    25.0968   4.837118    31.4707        967     4.0250  0.000e+00
      8.868    25.1005   4.837197    31.4687        968     4.0292  0.000e+00
      8.853    25.1061   4.839240    31.4797        969     4.0333  0.000e+00
      8.828    25.1157   4.840456    31.4819        970     4.0375  0.000e+00
      8.793    25.1270   4.842138    31.4863        971     4.0417  0.000e+00
      8.750    25.1406   4.843255    31.4850        972     4.0458  0.000e+00
      8.705    25.1541   4.846483    31.4992        973     4.0500  0.000e+00
      8.660    25.1730   4.849166    31.5056        974     4.0542  0.000e+00
      8.602    25.1971   4.851580    31.5065        975     4.0583  0.000e+00
      8.540    25.2212   4.852467    31.4962        976     4.0625  0.000e+00
      8.481    25.2425   4.854171    31.4938        977     4.0667  0.000e+00
      8.419    25.2607   4.855151    31.4883        978     4.0708  0.000e+00
      8.351    25.2757   4.855177    31.4781        979     4.0750  0.000e+00
      8.277    25.2863   4.855375    31.4723        980     4.0792  0.000e+00
      8.211    25.2929   4.856263    31.4741        981     4.0833  0.000e+00
      8.134    25.3002   4.857612    31.4789        982     4.0875  0.000e+00
      8.063    25.3096   4.858593    31.4796        983     4.0917  0.000e+00
      7.989    25.3198   4.859981    31.4826        984     4.0958  0.000e+00
      7.922    25.3314   4.862035    31.4895        985     4.1000  0.000e+00
      7.857    25.3468   4.864584    31.4973        986     4.1042  0.000e+00
      7.801    25.3660   4.865090    31.4877        987     4.1083  0.000e+00
      7.761    25.3809   4.865485    31.4803        988     4.1125  0.000e+00
      7.725    25.3912   4.865703    31.4747        989     4.1167  0.000e+00
      7.707    25.3987   4.867066    31.4795        990     4.1208  0.000e+00
      7.700    25.4074   4.867349    31.4755        991     4.1250  0.000e+00
      7.700    25.4145   4.867290    31.4702        992     4.1292  0.000e+00
      7.718    25.4192   4.868100    31.4728        993     4.1333  0.000e+00
      7.743    25.4245   4.869049    31.4760        994     4.1375  0.000e+00
      7.774    25.4310   4.870966    31.4853        995     4.1417  0.000e+00
      7.814    25.4419   4.871717    31.4832        996     4.1458  0.000e+00
      7.866    25.4522   4.870682    31.4686        997     4.1500  0.000e+00
      7.915    25.4560   4.871618    31.4728        998     4.1542  0.000e+00
      7.980    25.4598   4.868930    31.4507        999     4.1583  0.000e+00
      8.040    25.4533   4.861783    31.4034       1000     4.1625  0.000e+00
      8.097    25.4246   4.859618    31.4075       1001     4.1667  0.000e+00
      8.159    25.3939   4.857393    31.4126       1002     4.1708  0.000e+00
      8.211    25.3675   4.857953    31.4348       1003     4.1750  0.000e+00
      8.258    25.3506   4.857513    31.4433       1004     4.1792  0.000e+00
      8.300    25.3400   4.857315    31.4492       1005     4.1833  0.000e+00
      8.332    25.3329   4.856150    31.4456       1006     4.1875  0.000e+00
      8.358    25.3237   4.852518    31.4256       1007     4.1917  0.000e+00
      8.374    25.3065   4.855374    31.4583       1008     4.1958  0.000e+00
      8.378    25.3001   4.856151    31.4683       1009     4.2000  0.000e+00
      8.367    25.3032   4.856236    31.4668       1010     4.2042  0.000e+00
      8.345    25.3061   4.856144    31.4642       1011     4.2083  0.000e+00
      8.314    25.3076   4.856565    31.4662       1012     4.2125  0.000e+00
      8.267    25.3099   4.856954    31.4674       1013     4.2167  0.000e+00
      8.211    25.3130   4.857125    31.4665       1014     4.2208  0.000e+00
      8.153    25.3155   4.856012    31.4568       1015     4.2250  0.000e+00
      8.083    25.3134   4.858783    31.4783       1016     4.2292  0.000e+00
      8.005    25.3210   4.866125    31.5263       1017     4.2333  0.000e+00
      7.918    25.3511   4.872193    31.5495       1018     4.2375  0.000e+00
      7.819    25.3952   4.870242    31.5048       1019     4.2417  0.000e+00
      7.718    25.4222   4.872205    31.5004       1020     4.2458  0.000e+00
      7.622    25.4393   4.874505    31.5052       1021     4.2500  0.000e+00
      7.524    25.4602   4.875197    31.4958       1022     4.2542  0.000e+00
      7.438    25.4761   4.875849    31.4896       1023     4.2583  0.000e+00
      7.365    25.4884   4.878882    31.5030       1024     4.2625  0.000e+00
      7.304    25.5063   4.878235    31.4860       1025     4.2667  0.000e+00
      7.252    25.5172   4.878182    31.4781       1026     4.2708  0.000e+00
      7.210    25.5232   4.878426    31.4758       1027     4.2750  0.000e+00
      7.179    25.5273   4.878406    31.4729       1028     4.2792  0.000e+00
      7.158    25.5294   4.878321    31.4708       1029     4.2833  0.000e+00
      7.139    25.5309   4.878934    31.4742       1030     4.2875  0.000e+00
      7.129    25.5337   4.879765    31.4782       1031     4.2917  0.000e+00
      7.123    25.5382   4.880081    31.4775       1032     4.2958  0.000e+00
      7.134    25.5418   4.878096    31.4606       1033     4.3000  0.000e+00
      7.145    25.5388   4.876949    31.4544       1034     4.3042  0.000e+00
      7.161    25.5318   4.876231    31.4540       1035     4.3083  0.000e+00
