HB2304/sbe083.cnv
* Sea-Bird SBE 19plus V2 Data File:
* FileName = C:\cruise\data\sbe083.hex
* Software Version Seasave V 7.26.7.121
* Temperature SN = 7037
* Conductivity SN = 7037
* System UpLoad Time = Oct 19 2023 04:25:21
** Ship: Bigelow
** Cruise:  HB2304
** Program:  Fall Bottom Trawl
# nquan = 7
# nvalues = 1768                                  
# units = specified
# name 0 = depSM: Depth [salt water, m], lat = 40.00
# name 1 = tv290C: Temperature [ITS-90, deg C]
# name 2 = c0S/m: Conductivity [S/m]
# name 3 = sal00: Salinity, Practical [PSU]
# name 4 = scan: Scan Count
# name 5 = timeM: Time, Elapsed [minutes]
# name 6 = flag:  0.000e+00
# span 0 =      0.063,     82.015                 
# span 1 =     9.4385,    14.4357                 
# span 2 =  -0.000002,   3.906201                 
# span 3 =     0.0000,    32.7326                 
# span 4 =         11,       1778                 
# span 5 =     0.0417,     7.4042                 
# span 6 = 0.0000e+00, 0.0000e+00                 
# interval = seconds: 0.25
# start_time = Oct 19 2023 04:25:21 [System UTC, header]
# bad_flag = -9.990e-29
*END*
[from data line 1026]
     56.675     9.7009   3.553708    32.6443       1037     4.3167  0.000e+00
     56.599     9.7032   3.554055    32.6458       1038     4.3208  0.000e+00
     56.521     9.7063   3.554378    32.6464       1039     4.3250  0.000e+00
     56.436     9.7103   3.554615    32.6452       1040     4.3292  0.000e+00
     56.344     9.7141   3.554852    32.6442       1041     4.3333  0.000e+00
     56.248     9.7176   3.554014    32.6325       1042     4.3375  0.000e+00
     56.142     9.7174   3.553216    32.6246       1043     4.3417  0.000e+00
     56.037     9.7122   3.555089    32.6485       1044     4.3458  0.000e+00
     55.916     9.7146   3.555263    32.6481       1045     4.3500  0.000e+00
     55.797     9.7203   3.555303    32.6434       1046     4.3542  0.000e+00
     55.677     9.7249   3.555240    32.6387       1047     4.3583  0.000e+00
     55.554     9.7272   3.554788    32.6320       1048     4.3625  0.000e+00
     55.429     9.7266   3.554875    32.6335       1049     4.3667  0.000e+00
     55.314     9.7260   3.555043    32.6358       1050     4.3708  0.000e+00
     55.202     9.7266   3.555390    32.6389       1051     4.3750  0.000e+00
     55.095     9.7285   3.555043    32.6336       1052     4.3792  0.000e+00
     54.988     9.7289   3.554915    32.6320       1053     4.3833  0.000e+00
     54.898     9.7277   3.554250    32.6264       1054     4.3875  0.000e+00
     54.802     9.7250   3.554742    32.6339       1055     4.3917  0.000e+00
     54.723     9.7232   3.555540    32.6437       1056     4.3958  0.000e+00
     54.643     9.7267   3.555650    32.6416       1057     4.4000  0.000e+00
     54.567     9.7307   3.555603    32.6376       1058     4.4042  0.000e+00
     54.497     9.7329   3.555216    32.6317       1059     4.4083  0.000e+00
     54.419     9.7329   3.555280    32.6323       1060     4.4125  0.000e+00
     54.348     9.7326   3.555262    32.6325       1061     4.4167  0.000e+00
     54.269     9.7320   3.555349    32.6339       1062     4.4208  0.000e+00
     54.186     9.7326   3.555366    32.6336       1063     4.4250  0.000e+00
     54.095     9.7329   3.555412    32.6338       1064     4.4292  0.000e+00
     54.005     9.7333   3.555002    32.6294       1065     4.4333  0.000e+00
     53.906     9.7318   3.554892    32.6296       1066     4.4375  0.000e+00
     53.801     9.7300   3.555389    32.6364       1067     4.4417  0.000e+00
     53.696     9.7309   3.556187    32.6438       1068     4.4458  0.000e+00
     53.584     9.7353   3.556187    32.6398       1069     4.4500  0.000e+00
     53.466     9.7393   3.556147    32.6358       1070     4.4542  0.000e+00
     53.347     9.7418   3.556077    32.6329       1071     4.4583  0.000e+00
     53.240     9.7430   3.556187    32.6330       1072     4.4625  0.000e+00
     53.126     9.7442   3.556551    32.6356       1073     4.4667  0.000e+00
     53.027     9.7464   3.556100    32.6291       1074     4.4708  0.000e+00
     52.938     9.7466   3.556187    32.6299       1075     4.4750  0.000e+00
     52.857     9.7466   3.556146    32.6295       1076     4.4792  0.000e+00
     52.790     9.7463   3.556598    32.6344       1077     4.4833  0.000e+00
     52.734     9.7480   3.556401    32.6309       1078     4.4875  0.000e+00
     52.684     9.7493   3.556488    32.6306       1079     4.4917  0.000e+00
     52.638     9.7497   3.556684    32.6323       1080     4.4958  0.000e+00
     52.593     9.7510   3.556858    32.6329       1081     4.5000  0.000e+00
     52.548     9.7529   3.556858    32.6312       1082     4.5042  0.000e+00
     52.503     9.7544   3.556725    32.6285       1083     4.5083  0.000e+00
     52.454     9.7549   3.556898    32.6298       1084     4.5125  0.000e+00
     52.396     9.7555   3.556962    32.6299       1085     4.5167  0.000e+00
     52.329     9.7564   3.556511    32.6245       1086     4.5208  0.000e+00
     52.255     9.7554   3.556939    32.6298       1087     4.5250  0.000e+00
     52.167     9.7555   3.557008    32.6305       1088     4.5292  0.000e+00
     52.062     9.7568   3.557072    32.6300       1089     4.5333  0.000e+00
     51.950     9.7580   3.557372    32.6320       1090     4.5375  0.000e+00
     51.830     9.7600   3.557436    32.6309       1091     4.5417  0.000e+00
     51.702     9.7623   3.558257    32.6372       1092     4.5458  0.000e+00
     51.564     9.7669   3.558859    32.6393       1093     4.5500  0.000e+00
     51.425     9.7737   3.558772    32.6323       1094     4.5542  0.000e+00
     51.283     9.7783   3.558691    32.6274       1095     4.5583  0.000e+00
     51.145     9.7807   3.558604    32.6244       1096     4.5625  0.000e+00
     51.022     9.7817   3.558644    32.6239       1097     4.5667  0.000e+00
     50.901     9.7823   3.558459    32.6216       1098     4.5708  0.000e+00
     50.789     9.7823   3.558558    32.6226       1099     4.5750  0.000e+00
     50.684     9.7822   3.558517    32.6224       1100     4.5792  0.000e+00
     50.588     9.7823   3.558407    32.6212       1101     4.5833  0.000e+00
     50.512     9.7819   3.558384    32.6213       1102     4.5875  0.000e+00
     50.429     9.7814   3.558644    32.6245       1103     4.5917  0.000e+00
     50.364     9.7819   3.558604    32.6236       1104     4.5958  0.000e+00
     50.297     9.7827   3.558644    32.6233       1105     4.6000  0.000e+00
     50.230     9.7832   3.558708    32.6236       1106     4.6042  0.000e+00
     50.165     9.7837   3.558858    32.6246       1107     4.6083  0.000e+00
     50.095     9.7849   3.558945    32.6245       1108     4.6125  0.000e+00
     50.019     9.7861   3.558945    32.6235       1109     4.6167  0.000e+00
     49.947     9.7873   3.558881    32.6217       1110     4.6208  0.000e+00
     49.869     9.7873   3.558928    32.6222       1111     4.6250  0.000e+00
     49.786     9.7879   3.559008    32.6225       1112     4.6292  0.000e+00
     49.699     9.7885   3.559078    32.6228       1113     4.6333  0.000e+00
     49.607     9.7895   3.560218    32.6335       1114     4.6375  0.000e+00
     49.504     9.7946   3.560200    32.6288       1115     4.6417  0.000e+00
     49.401     9.7994   3.560848    32.6310       1116     4.6458  0.000e+00
     49.298     9.8045   3.561491    32.6330       1117     4.6500  0.000e+00
     49.184     9.8117   3.560999    32.6215       1118     4.6542  0.000e+00
     49.074     9.8150   3.561236    32.6210       1119     4.6583  0.000e+00
     48.965     9.8173   3.562162    32.6284       1120     4.6625  0.000e+00
     48.857     9.8229   3.562139    32.6232       1121     4.6667  0.000e+00
     48.755     9.8275   3.562011    32.6178       1122     4.6708  0.000e+00
     48.658     9.8298   3.562138    32.6170       1123     4.6750  0.000e+00
     48.557     9.8318   3.562208    32.6159       1124     4.6792  0.000e+00
     48.466     9.8334   3.562358    32.6161       1125     4.6833  0.000e+00
     48.378     9.8351   3.562572    32.6168       1126     4.6875  0.000e+00
     48.296     9.8372   3.562619    32.6154       1127     4.6917  0.000e+00
     48.215     9.8389   3.562636    32.6140       1128     4.6958  0.000e+00
     48.141     9.8402   3.562746    32.6140       1129     4.7000  0.000e+00
     48.072     9.8416   3.562786    32.6132       1130     4.7042  0.000e+00
     48.009     9.8425   3.562659    32.6111       1131     4.7083  0.000e+00
     47.944     9.8429   3.562809    32.6123       1132     4.7125  0.000e+00
     47.879     9.8435   3.562943    32.6132       1133     4.7167  0.000e+00
     47.803     9.8447   3.563157    32.6143       1134     4.7208  0.000e+00
     47.727     9.8464   3.563047    32.6116       1135     4.7250  0.000e+00
     47.651     9.8475   3.563243    32.6127       1136     4.7292  0.000e+00
     47.559     9.8486   3.563417    32.6135       1137     4.7333  0.000e+00
     47.463     9.8505   3.563515    32.6129       1138     4.7375  0.000e+00
     47.362     9.8522   3.563481    32.6109       1139     4.7417  0.000e+00
     47.250     9.8532   3.563654    32.6119       1140     4.7458  0.000e+00
     47.138     9.8545   3.563654    32.6108       1141     4.7500  0.000e+00
     47.018     9.8557   3.563677    32.6100       1142     4.7542  0.000e+00
     46.892     9.8570   3.565165    32.6240       1143     4.7583  0.000e+00
     46.758     9.8627   3.565298    32.6202       1144     4.7625  0.000e+00
     46.633     9.8693   3.565790    32.6193       1145     4.7667  0.000e+00
     46.501     9.8765   3.567678    32.6321       1146     4.7708  0.000e+00
     46.382     9.8885   3.567979    32.6243       1147     4.7750  0.000e+00
     46.265     9.9003   3.568778    32.6218       1148     4.7792  0.000e+00
     46.152     9.9111   3.568581    32.6101       1149     4.7833  0.000e+00
     46.049     9.9184   3.568564    32.6034       1150     4.7875  0.000e+00
     45.952     9.9227   3.569189    32.6059       1151     4.7917  0.000e+00
     45.856     9.9274   3.569820    32.6081       1152     4.7958  0.000e+00
     45.766     9.9340   3.569577    32.5997       1153     4.8000  0.000e+00
     45.682     9.9381   3.569623    32.5965       1154     4.8042  0.000e+00
     45.607     9.9405   3.569861    32.5968       1155     4.8083  0.000e+00
     45.531     9.9433   3.571095    32.6068       1156     4.8125  0.000e+00
     45.464     9.9496   3.571680    32.6071       1157     4.8167  0.000e+00
     45.399     9.9579   3.571465    32.5974       1158     4.8208  0.000e+00
     45.343     9.9634   3.571482    32.5927       1159     4.8250  0.000e+00
     45.285     9.9662   3.571482    32.5901       1160     4.8292  0.000e+00
     45.220     9.9681   3.571401    32.5876       1161     4.8333  0.000e+00
     45.165     9.9689   3.571314    32.5861       1162     4.8375  0.000e+00
     45.106     9.9689   3.571569    32.5887       1163     4.8417  0.000e+00
     45.043     9.9702   3.572827    32.6003       1164     4.8458  0.000e+00
     44.977     9.9754   3.573087    32.5983       1165     4.8500  0.000e+00
     44.903     9.9821   3.573197    32.5934       1166     4.8542  0.000e+00
     44.815     9.9871   3.573220    32.5892       1167     4.8583  0.000e+00
     44.722     9.9906   3.573157    32.5854       1168     4.8625  0.000e+00
     44.625     9.9923   3.573174    32.5841       1169     4.8667  0.000e+00
     44.518     9.9935   3.574130    32.5927       1170     4.8708  0.000e+00
     44.408     9.9980   3.574652    32.5940       1171     4.8750  0.000e+00
     44.290    10.0042   3.575515    32.5972       1172     4.8792  0.000e+00
     44.166    10.0123   3.576321    32.5982       1173     4.8833  0.000e+00
     44.041    10.0223   3.576535    32.5914       1174     4.8875  0.000e+00
     43.918    10.0301   3.576668    32.5857       1175     4.8917  0.000e+00
     43.799    10.0359   3.577538    32.5893       1176     4.8958  0.000e+00
     43.681    10.0430   3.578448    32.5923       1177     4.9000  0.000e+00
     43.578    10.0526   3.579788    32.5972       1178     4.9042  0.000e+00
     43.481    10.0644   3.582618    32.6152       1179     4.9083  0.000e+00
     43.387    10.0840   3.586169    32.6336       1180     4.9125  0.000e+00
     43.302    10.1140   3.590592    32.6512       1181     4.9167  0.000e+00
     43.219    10.1528   3.596464    32.6756       1182     4.9208  0.000e+00
     43.136    10.2049   3.599369    32.6580       1183     4.9250  0.000e+00
     43.052    10.2571   3.601118    32.6287       1184     4.9292  0.000e+00
     42.967    10.3011   3.606595    32.6443       1185     4.9333  0.000e+00
     42.883    10.3498   3.606397    32.5986       1186     4.9375  0.000e+00
     42.794    10.3877   3.605646    32.5572       1187     4.9417  0.000e+00
     42.702    10.4078   3.604093    32.5236       1188     4.9458  0.000e+00
     42.610    10.4136   3.604070    32.5182       1189     4.9500  0.000e+00
     42.501    10.4144   3.604488    32.5218       1190     4.9542  0.000e+00
     42.396    10.4162   3.603785    32.5131       1191     4.9583  0.000e+00
     42.290    10.4152   3.604093    32.5172       1192     4.9625  0.000e+00
     42.178    10.4159   3.609182    32.5677       1193     4.9667  0.000e+00
     42.056    10.4348   3.610387    32.5629       1194     4.9708  0.000e+00
     41.937    10.4584   3.610916    32.5472       1195     4.9750  0.000e+00
     41.818    10.4775   3.610735    32.5283       1196     4.9792  0.000e+00
     41.697    10.4889   3.610607    32.5169       1197     4.9833  0.000e+00
     41.581    10.4950   3.610584    32.5113       1198     4.9875  0.000e+00
     41.463    10.4990   3.611835    32.5203       1199     4.9917  0.000e+00
     41.355    10.5057   3.611579    32.5118       1200     4.9958  0.000e+00
     41.245    10.5112   3.613086    32.5220       1201     5.0000  0.000e+00
     41.133    10.5186   3.613418    32.5187       1202     5.0042  0.000e+00
     41.033    10.5276   3.613790    32.5145       1203     5.0083  0.000e+00
     40.930    10.5343   3.614669    32.5174       1204     5.0125  0.000e+00
     40.836    10.5435   3.614273    32.5052       1205     5.0167  0.000e+00
     40.748    10.5486   3.614098    32.4990       1206     5.0208  0.000e+00
     40.661    10.5504   3.614756    32.5040       1207     5.0250  0.000e+00
     40.580    10.5539   3.616561    32.5190       1208     5.0292  0.000e+00
     40.495    10.5635   3.615857    32.5034       1209     5.0333  0.000e+00
     40.406    10.5698   3.616276    32.5020       1210     5.0375  0.000e+00
     40.319    10.5741   3.615944    32.4949       1211     5.0417  0.000e+00
     40.236    10.5764   3.614878    32.4822       1212     5.0458  0.000e+00
     40.151    10.5723   3.614273    32.4799       1213     5.0500  0.000e+00
     40.063    10.5667   3.614424    32.4864       1214     5.0542  0.000e+00
     39.969    10.5625   3.614313    32.4890       1215     5.0583  0.000e+00
     39.878    10.5599   3.617417    32.5225       1216     5.0625  0.000e+00
     39.781    10.5681   3.618978    32.5308       1217     5.0667  0.000e+00
     39.683    10.5878   3.621885    32.5423       1218     5.0708  0.000e+00
     39.576    10.6104   3.622170    32.5251       1219     5.0750  0.000e+00
     39.464    10.6306   3.624046    32.5258       1220     5.0792  0.000e+00
     39.352    10.6505   3.625101    32.5186       1221     5.0833  0.000e+00
     39.237    10.6697   3.627374    32.5243       1222     5.0875  0.000e+00
     39.121    10.6923   3.627689    32.5074       1223     5.0917  0.000e+00
     39.002    10.7101   3.628808    32.5027       1224     5.0958  0.000e+00
     38.891    10.7256   3.629362    32.4945       1225     5.1000  0.000e+00
     38.774    10.7395   3.629210    32.4807       1226     5.1042  0.000e+00
     38.655    10.7484   3.629869    32.4794       1227     5.1083  0.000e+00
     38.532    10.7560   3.631023    32.4842       1228     5.1125  0.000e+00
     38.418    10.7656   3.630883    32.4744       1229     5.1167  0.000e+00
     38.300    10.7722   3.633823    32.4977       1230     5.1208  0.000e+00
     38.179    10.7902   3.652706    32.6696       1231     5.1250  0.000e+00
     38.062    10.8734   3.654786    32.6162       1232     5.1292  0.000e+00
     37.943    10.9629   3.663181    32.6199       1233     5.1333  0.000e+00
     37.821    11.0481   3.660055    32.5134       1234     5.1375  0.000e+00
     37.702    11.1010   3.671542    32.5800       1235     5.1417  0.000e+00
     37.581    11.1759   3.693737    32.7326       1236     5.1458  0.000e+00
     37.460    11.3212   3.701309    32.6782       1237     5.1500  0.000e+00
     37.333    11.4692   3.700408    32.5389       1238     5.1542  0.000e+00
     37.205    11.5696   3.703140    32.4774       1239     5.1583  0.000e+00
     37.082    11.6378   3.707732    32.4625       1240     5.1625  0.000e+00
