HB2304/sbe080.cnv
* Sea-Bird SBE 19plus V2 Data File:
* FileName = C:\cruise\data\sbe080.hex
* Software Version Seasave V 7.26.7.121
* Temperature SN = 7037
* Conductivity SN = 7037
* System UpLoad Time = Oct 18 2023 10:24:37
** Ship: Bigelow
** Cruise:  HB2304
** Program:  Fall Bottom Trawl
# nquan = 7
# nvalues = 2871                                  
# units = specified
# name 0 = depSM: Depth [salt water, m], lat = 40.00
# name 1 = tv290C: Temperature [ITS-90, deg C]
# name 2 = c0S/m: Conductivity [S/m]
# name 3 = sal00: Salinity, Practical [PSU]
# name 4 = scan: Scan Count
# name 5 = timeM: Time, Elapsed [minutes]
# name 6 = flag:  0.000e+00
# span 0 =      0.051,    254.495                 
# span 1 =     6.5901,    15.2440                 
# span 2 =   0.439177,   3.863138                 
# span 3 =     2.9399,    34.9131                 
# span 4 =         11,       2881                 
# span 5 =     0.0417,    12.0000                 
# span 6 = 0.0000e+00, 0.0000e+00                 
# interval = seconds: 0.25
# start_time = Oct 18 2023 10:24:37 [System UTC, header]
# bad_flag = -9.990e-29
*END*
[from data line 2667]
     40.389     8.6354   3.435620    32.4025       2678    11.1542  0.000e+00
     40.218     8.6441   3.436413    32.4029       2679    11.1583  0.000e+00
     40.050     8.6531   3.437006    32.4010       2680    11.1625  0.000e+00
     39.874     8.6613   3.437463    32.3983       2681    11.1667  0.000e+00
     39.704     8.6689   3.439802    32.4159       2682    11.1708  0.000e+00
     39.525     8.6801   3.440972    32.4179       2683    11.1750  0.000e+00
     39.339     8.6938   3.441960    32.4158       2684    11.1792  0.000e+00
     39.146     8.7070   3.445306    32.4388       2685    11.1833  0.000e+00
     38.943     8.7266   3.452288    32.4939       2686    11.1875  0.000e+00
     38.732     8.7660   3.459670    32.5349       2687    11.1917  0.000e+00
     38.506     8.8298   3.462113    32.5020       2688    11.1958  0.000e+00
     38.262     8.8907   3.465959    32.4864       2689    11.2000  0.000e+00
     38.011     8.9463   3.469789    32.4755       2690    11.2042  0.000e+00
     37.749     8.9997   3.473541    32.4658       2691    11.2083  0.000e+00
     37.481     9.0513   3.481032    32.4965       2692    11.2125  0.000e+00
     37.203     9.1139   3.496484    32.5995       2693    11.2167  0.000e+00
     36.919     9.2187   3.539978    32.9536       2694    11.2208  0.000e+00
     36.655     9.4598   3.569973    33.0406       2695    11.2250  0.000e+00
     36.391     9.8073   3.615777    33.1897       2696    11.2292  0.000e+00
     36.162    10.2472   3.646422    33.0976       2697    11.2333  0.000e+00
     35.940    10.7330   3.649596    32.6907       2698    11.2375  0.000e+00
     35.741    11.1044   3.650631    32.3715       2699    11.2417  0.000e+00
     35.558    11.3475   3.657687    32.2280       2700    11.2458  0.000e+00
     35.390    11.5234   3.662728    32.1242       2701    11.2500  0.000e+00
     35.233    11.6716   3.663224    32.0009       2702    11.2542  0.000e+00
     35.081    11.7743   3.666794    31.9473       2703    11.2583  0.000e+00
     34.935    11.8537   3.668357    31.8943       2704    11.2625  0.000e+00
     34.785    11.9151   3.669896    31.8566       2705    11.2667  0.000e+00
     34.629    11.9624   3.674132    31.8571       2706    11.2708  0.000e+00
     34.461    12.0111   3.677115    31.8444       2707    11.2750  0.000e+00
     34.288    12.0623   3.681987    31.8477       2708    11.2792  0.000e+00
     34.091    12.1185   3.686322    31.8415       2709    11.2833  0.000e+00
     33.876    12.1838   3.687107    31.7936       2710    11.2875  0.000e+00
     33.655    12.2339   3.689496    31.7741       2711    11.2917  0.000e+00
     33.422    12.2751   3.691432    31.7578       2712    11.2958  0.000e+00
     33.185    12.3137   3.697323    31.7814       2713    11.3000  0.000e+00
     32.929    12.3596   3.705687    31.8226       2714    11.3042  0.000e+00
     32.659    12.4352   3.708897    31.7893       2715    11.3083  0.000e+00
     32.390    12.5151   3.718932    31.8174       2716    11.3125  0.000e+00
     32.113    12.6062   3.720409    31.7546       2717    11.3167  0.000e+00
     31.853    12.6905   3.722540    31.7039       2718    11.3208  0.000e+00
     31.597    12.7560   3.723500    31.6581       2719    11.3250  0.000e+00
     31.360    12.8029   3.726245    31.6449       2720    11.3292  0.000e+00
     31.139    12.8430   3.726875    31.6174       2721    11.3333  0.000e+00
     30.935    12.8782   3.738335    31.6961       2722    11.3375  0.000e+00
     30.753    12.9418   3.742324    31.6806       2723    11.3417  0.000e+00
     30.581    13.0217   3.746362    31.6518       2724    11.3458  0.000e+00
     30.415    13.0933   3.749103    31.6179       2725    11.3500  0.000e+00
     30.250    13.1569   3.747589    31.5509       2726    11.3542  0.000e+00
     30.096    13.1958   3.747748    31.5201       2727    11.3583  0.000e+00
     29.937    13.2157   3.747281    31.4993       2728    11.3625  0.000e+00
     29.780    13.2267   3.748280    31.4997       2729    11.3667  0.000e+00
     29.607    13.2370   3.753716    31.5420       2730    11.3708  0.000e+00
     29.426    13.2668   3.752545    31.5064       2731    11.3750  0.000e+00
     29.231    13.2921   3.756311    31.5207       2732    11.3792  0.000e+00
     29.023    13.3178   3.766433    31.5940       2733    11.3833  0.000e+00
     28.813    13.3815   3.775695    31.6276       2734    11.3875  0.000e+00
     28.596    13.4792   3.775913    31.5489       2735    11.3917  0.000e+00
     28.365    13.5595   3.779593    31.5168       2736    11.3958  0.000e+00
     28.130    13.6224   3.780742    31.4759       2737    11.4000  0.000e+00
     27.899    13.6736   3.794346    31.5597       2738    11.4042  0.000e+00
     27.667    13.7606   3.801234    31.5519       2739    11.4083  0.000e+00
     27.436    13.8703   3.799896    31.4497       2740    11.4125  0.000e+00
     27.201    13.9450   3.801808    31.4063       2741    11.4167  0.000e+00
     26.961    13.9957   3.802616    31.3724       2742    11.4208  0.000e+00
     26.730    14.0337   3.803180    31.3467       2743    11.4250  0.000e+00
     26.496    14.0600   3.803488    31.3282       2744    11.4292  0.000e+00
     26.265    14.0794   3.802882    31.3070       2745    11.4333  0.000e+00
     26.030    14.0888   3.805425    31.3227       2746    11.4375  0.000e+00
     25.786    14.1024   3.804807    31.3061       2747    11.4417  0.000e+00
     25.546    14.1135   3.807333    31.3203       2748    11.4458  0.000e+00
     25.313    14.1289   3.809682    31.3294       2749    11.4500  0.000e+00
     25.078    14.1541   3.810288    31.3146       2750    11.4542  0.000e+00
     24.848    14.1768   3.812102    31.3129       2751    11.4583  0.000e+00
     24.615    14.1985   3.813868    31.3115       2752    11.4625  0.000e+00
     24.380    14.2231   3.815909    31.3103       2753    11.4667  0.000e+00
     24.151    14.2506   3.818063    31.3077       2754    11.4708  0.000e+00
     23.930    14.2789   3.817902    31.2835       2755    11.4750  0.000e+00
     23.719    14.3002   3.819265    31.2787       2756    11.4792  0.000e+00
     23.518    14.3194   3.821545    31.2841       2757    11.4833  0.000e+00
     23.317    14.3423   3.821967    31.2695       2758    11.4875  0.000e+00
     23.120    14.3638   3.819728    31.2318       2759    11.4917  0.000e+00
     22.931    14.3666   3.820710    31.2385       2760    11.4958  0.000e+00
     22.739    14.3684   3.829437    31.3166       2761    11.5000  0.000e+00
     22.546    14.4069   3.832524    31.3136       2762    11.5042  0.000e+00
     22.345    14.4617   3.834192    31.2846       2763    11.5083  0.000e+00
     22.141    14.5090   3.834550    31.2498       2764    11.5125  0.000e+00
     21.935    14.5463   3.834889    31.2229       2765    11.5167  0.000e+00
     21.720    14.5734   3.835097    31.2031       2766    11.5208  0.000e+00
     21.503    14.5937   3.836266    31.1975       2767    11.5250  0.000e+00
     21.293    14.6147   3.839946    31.2139       2768    11.5292  0.000e+00
     21.084    14.6493   3.839563    31.1828       2769    11.5333  0.000e+00
     20.879    14.6786   3.839127    31.1554       2770    11.5375  0.000e+00
     20.684    14.6948   3.841460    31.1636       2771    11.5417  0.000e+00
     20.496    14.7178   3.847071    31.1960       2772    11.5458  0.000e+00
     20.307    14.7668   3.849972    31.1829       2773    11.5500  0.000e+00
     20.110    14.8242   3.850676    31.1435       2774    11.5542  0.000e+00
     19.905    14.8711   3.853507    31.1316       2775    11.5583  0.000e+00
     19.710    14.9162   3.856548    31.1230       2776    11.5625  0.000e+00
     19.508    14.9697   3.857115    31.0856       2777    11.5667  0.000e+00
     19.298    15.0141   3.857479    31.0536       2778    11.5708  0.000e+00
     19.081    15.0499   3.857479    31.0253       2779    11.5750  0.000e+00
     18.861    15.0778   3.858363    31.0111       2780    11.5792  0.000e+00
     18.641    15.1022   3.858912    30.9968       2781    11.5833  0.000e+00
     18.417    15.1243   3.859002    30.9802       2782    11.5875  0.000e+00
     18.189    15.1387   3.859270    30.9713       2783    11.5917  0.000e+00
     17.963    15.1493   3.859569    30.9657       2784    11.5958  0.000e+00
     17.748    15.1614   3.860023    30.9603       2785    11.6000  0.000e+00
     17.527    15.1761   3.860298    30.9512       2786    11.6042  0.000e+00
     17.314    15.1897   3.860501    30.9424       2787    11.6083  0.000e+00
     17.108    15.2003   3.860638    30.9353       2788    11.6125  0.000e+00
     16.898    15.2080   3.860710    30.9300       2789    11.6167  0.000e+00
     16.691    15.2128   3.860728    30.9264       2790    11.6208  0.000e+00
     16.488    15.2157   3.860794    30.9248       2791    11.6250  0.000e+00
     16.273    15.2177   3.860889    30.9241       2792    11.6292  0.000e+00
     16.058    15.2196   3.861272    30.9261       2793    11.6333  0.000e+00
     15.827    15.2220   3.861212    30.9238       2794    11.6375  0.000e+00
     15.590    15.2239   3.861295    30.9231       2795    11.6417  0.000e+00
     15.346    15.2252   3.861774    30.9264       2796    11.6458  0.000e+00
     15.091    15.2273   3.861750    30.9247       2797    11.6500  0.000e+00
     14.833    15.2285   3.861702    30.9234       2798    11.6542  0.000e+00
     14.565    15.2294   3.861731    30.9230       2799    11.6583  0.000e+00
     14.296    15.2302   3.861683    30.9220       2800    11.6625  0.000e+00
     14.020    15.2306   3.861612    30.9212       2801    11.6667  0.000e+00
     13.756    15.2308   3.861749    30.9224       2802    11.6708  0.000e+00
     13.497    15.2311   3.861821    30.9229       2803    11.6750  0.000e+00
     13.243    15.2317   3.862066    30.9247       2804    11.6792  0.000e+00
     13.000    15.2324   3.862137    30.9248       2805    11.6833  0.000e+00
     12.771    15.2334   3.862113    30.9240       2806    11.6875  0.000e+00
     12.558    15.2339   3.862341    30.9256       2807    11.6917  0.000e+00
     12.366    15.2351   3.862065    30.9223       2808    11.6958  0.000e+00
     12.198    15.2356   3.861910    30.9206       2809    11.7000  0.000e+00
     12.050    15.2351   3.861874    30.9207       2810    11.7042  0.000e+00
     11.922    15.2346   3.861976    30.9221       2811    11.7083  0.000e+00
     11.813    15.2345   3.862113    30.9235       2812    11.7125  0.000e+00
     11.714    15.2349   3.862275    30.9246       2813    11.7167  0.000e+00
     11.613    15.2356   3.862292    30.9242       2814    11.7208  0.000e+00
     11.515    15.2364   3.862376    30.9244       2815    11.7250  0.000e+00
     11.407    15.2370   3.862454    30.9247       2816    11.7292  0.000e+00
     11.280    15.2375   3.862502    30.9247       2817    11.7333  0.000e+00
     11.143    15.2382   3.862502    30.9242       2818    11.7375  0.000e+00
     10.984    15.2384   3.862543    30.9245       2819    11.7417  0.000e+00
     10.798    15.2388   3.862657    30.9252       2820    11.7458  0.000e+00
     10.574    15.2395   3.862657    30.9248       2821    11.7500  0.000e+00
     10.317    15.2400   3.862752    30.9253       2822    11.7542  0.000e+00
     10.041    15.2404   3.862908    30.9265       2823    11.7583  0.000e+00
      9.732    15.2412   3.862979    30.9267       2824    11.7625  0.000e+00
      9.405    15.2420   3.862943    30.9258       2825    11.7667  0.000e+00
      9.061    15.2428   3.863045    30.9262       2826    11.7708  0.000e+00
      8.713    15.2434   3.862865    30.9242       2827    11.7750  0.000e+00
      8.335    15.2435   3.862931    30.9249       2828    11.7792  0.000e+00
      7.959    15.2434   3.863021    30.9259       2829    11.7833  0.000e+00
      7.601    15.2440   3.862656    30.9223       2830    11.7875  0.000e+00
      7.253    15.2437   3.862201    30.9187       2831    11.7917  0.000e+00
      6.938    15.2418   3.861950    30.9180       2832    11.7958  0.000e+00
      6.685    15.2397   3.861836    30.9187       2833    11.8000  0.000e+00
      6.495    15.2375   3.861382    30.9165       2834    11.8042  0.000e+00
      6.362    15.2347   3.861471    30.9195       2835    11.8083  0.000e+00
      6.277    15.2324   3.861232    30.9192       2836    11.8125  0.000e+00
      6.221    15.2305   3.861178    30.9203       2837    11.8167  0.000e+00
      6.185    15.2287   3.861088    30.9209       2838    11.8208  0.000e+00
      6.148    15.2270   3.861017    30.9217       2839    11.8250  0.000e+00
      6.103    15.2253   3.861017    30.9230       2840    11.8292  0.000e+00
      6.038    15.2246   3.861112    30.9244       2841    11.8333  0.000e+00
      5.957    15.2244   3.860999    30.9236       2842    11.8375  0.000e+00
      5.841    15.2242   3.861065    30.9244       2843    11.8417  0.000e+00
      5.669    15.2238   3.861088    30.9250       2844    11.8458  0.000e+00
      5.467    15.2235   3.861130    30.9256       2845    11.8500  0.000e+00
      5.216    15.2238   3.861160    30.9258       2846    11.8542  0.000e+00
      4.934    15.2241   3.861112    30.9252       2847    11.8583  0.000e+00
      4.605    15.2242   3.861088    30.9251       2848    11.8625  0.000e+00
      4.247    15.2239   3.861088    30.9254       2849    11.8667  0.000e+00
      3.907    15.2240   3.860998    30.9246       2850    11.8708  0.000e+00
      3.593    15.2239   3.861064    30.9255       2851    11.8750  0.000e+00
      3.306    15.2241   3.861040    30.9252       2852    11.8792  0.000e+00
      3.047    15.2245   3.861063    30.9252       2853    11.8833  0.000e+00
      2.821    15.2249   3.861153    30.9257       2854    11.8875  0.000e+00
      2.610    15.2253   3.861201    30.9259       2855    11.8917  0.000e+00
      2.420    15.2258   3.861135    30.9250       2856    11.8958  0.000e+00
      2.254    15.2264   3.861111    30.9244       2857    11.9000  0.000e+00
      2.111    15.2265   3.860884    30.9223       2858    11.9042  0.000e+00
      1.963    15.2253   3.860788    30.9224       2859    11.9083  0.000e+00
      1.817    15.2243   3.860902    30.9243       2860    11.9125  0.000e+00
      1.654    15.2241   3.860991    30.9253       2861    11.9167  0.000e+00
      1.484    15.2242   3.860746    30.9231       2862    11.9208  0.000e+00
      1.289    15.2238   3.860333    30.9199       2863    11.9250  0.000e+00
      1.058    15.2221   3.860632    30.9240       2864    11.9292  0.000e+00
      0.814    15.2212   3.860333    30.9221       2865    11.9333  0.000e+00
      0.675    15.2205   3.860208    30.9215       2866    11.9375  0.000e+00
      0.608    15.2193   3.860178    30.9222       2867    11.9417  0.000e+00
      0.563    15.2184   3.860698    30.9276       2868    11.9458  0.000e+00
      0.462    15.2191   3.860357    30.9241       2869    11.9500  0.000e+00
      0.270    15.2193   3.860040    30.9211       2870    11.9542  0.000e+00
      0.100    15.2178   3.860207    30.9239       2871    11.9583  0.000e+00
      0.053    15.2172   1.579453    11.6010       2872    11.9625  0.000e+00
      0.220    15.2112   2.650958    20.4185       2873    11.9667  0.000e+00
      0.478    15.2068   3.771486    30.1426       2874    11.9708  0.000e+00
      0.673    15.2074   3.795742    30.3577       2875    11.9750  0.000e+00
      0.819    15.2091   3.799044    30.3858       2876    11.9792  0.000e+00
      0.931    15.2115   3.795670    30.3538       2877    11.9833  0.000e+00
      1.034    15.2141   3.797036    30.3639       2878    11.9875  0.000e+00
      1.110    15.2155   3.792666    30.3239       2879    11.9917  0.000e+00
      1.128    15.2154   3.790803    30.3074       2880    11.9958  0.000e+00
      1.088    15.2161   3.794833    30.3428       2881    12.0000  0.000e+00
