HB2304/sbe073.cnv
* Sea-Bird SBE 19plus V2 Data File:
* FileName = C:\cruise\data\sbe073.hex
* Software Version Seasave V 7.26.7.121
* Temperature SN = 7037
* Conductivity SN = 7037
* System UpLoad Time = Oct 15 2023 16:14:24
** Ship: Bigelow
** Cruise:  HB2304
** Program:  Fall Bottom Trawl
# nquan = 7
# nvalues = 1313                                  
# units = specified
# name 0 = depSM: Depth [salt water, m], lat = 40.00
# name 1 = tv290C: Temperature [ITS-90, deg C]
# name 2 = c0S/m: Conductivity [S/m]
# name 3 = sal00: Salinity, Practical [PSU]
# name 4 = scan: Scan Count
# name 5 = timeM: Time, Elapsed [minutes]
# name 6 = flag:  0.000e+00
# span 0 =     -0.304,     46.099                 
# span 1 =    13.1076,    15.2024                 
# span 2 =   0.000031,   3.975748                 
# span 3 =     0.0068,    32.0523                 
# span 4 =         11,       1323                 
# span 5 =     0.0417,     5.5083                 
# span 6 = 0.0000e+00, 0.0000e+00                 
# interval = seconds: 0.25
# start_time = Oct 15 2023 16:14:24 [System UTC, header]
# bad_flag = -9.990e-29
*END*
[from data line 206]
     24.156    15.1957   3.974997    31.9587        217     0.9000  0.000e+00
     24.283    15.1963   3.975039    31.9586        218     0.9042  0.000e+00
     24.397    15.1967   3.975039    31.9581        219     0.9083  0.000e+00
     24.512    15.1971   3.975209    31.9594        220     0.9125  0.000e+00
     24.626    15.1977   3.975324    31.9598        221     0.9167  0.000e+00
     24.742    15.1985   3.975160    31.9577        222     0.9208  0.000e+00
     24.861    15.1988   3.975088    31.9567        223     0.9250  0.000e+00
     24.980    15.1986   3.975136    31.9573        224     0.9292  0.000e+00
     25.109    15.1988   3.975112    31.9569        225     0.9333  0.000e+00
     25.250    15.1983   3.975136    31.9574        226     0.9375  0.000e+00
     25.391    15.1978   3.975185    31.9582        227     0.9417  0.000e+00
     25.539    15.1978   3.975300    31.9592        228     0.9458  0.000e+00
     25.680    15.1979   3.975421    31.9601        229     0.9500  0.000e+00
     25.815    15.1986   3.975427    31.9596        230     0.9542  0.000e+00
     25.965    15.1990   3.975512    31.9599        231     0.9583  0.000e+00
     26.114    15.1995   3.975608    31.9604        232     0.9625  0.000e+00
     26.260    15.2000   3.975657    31.9603        233     0.9667  0.000e+00
     26.406    15.2006   3.975681    31.9600        234     0.9708  0.000e+00
     26.547    15.2011   3.975699    31.9597        235     0.9750  0.000e+00
     26.685    15.2016   3.975681    31.9591        236     0.9792  0.000e+00
     26.815    15.2017   3.975700    31.9591        237     0.9833  0.000e+00
     26.941    15.2019   3.975748    31.9593        238     0.9875  0.000e+00
     27.064    15.2023   3.975748    31.9590        239     0.9917  0.000e+00
     27.178    15.2024   3.975700    31.9584        240     0.9958  0.000e+00
     27.292    15.2024   3.975446    31.9561        241     1.0000  0.000e+00
     27.398    15.2020   3.975161    31.9538        242     1.0042  0.000e+00
     27.503    15.2008   3.975040    31.9537        243     1.0083  0.000e+00
     27.613    15.1996   3.975064    31.9548        244     1.0125  0.000e+00
     27.733    15.1989   3.975016    31.9549        245     1.0167  0.000e+00
     27.863    15.1981   3.975016    31.9555        246     1.0208  0.000e+00
     27.995    15.1977   3.974974    31.9554        247     1.0250  0.000e+00
     28.130    15.1972   3.975040    31.9564        248     1.0292  0.000e+00
     28.288    15.1970   3.974950    31.9557        249     1.0333  0.000e+00
     28.445    15.1964   3.974926    31.9558        250     1.0375  0.000e+00
     28.604    15.1963   3.974726    31.9541        251     1.0417  0.000e+00
     28.763    15.1957   3.974641    31.9538        252     1.0458  0.000e+00
     28.924    15.1950   3.974805    31.9557        253     1.0500  0.000e+00
     29.077    15.1949   3.974926    31.9569        254     1.0542  0.000e+00
     29.222    15.1952   3.974787    31.9553        255     1.0583  0.000e+00
     29.359    15.1950   3.974642    31.9541        256     1.0625  0.000e+00
     29.486    15.1946   3.974593    31.9539        257     1.0667  0.000e+00
     29.598    15.1943   3.974527    31.9536        258     1.0708  0.000e+00
     29.703    15.1937   3.974478    31.9536        259     1.0750  0.000e+00
     29.802    15.1933   3.974478    31.9539        260     1.0792  0.000e+00
     29.898    15.1931   3.974527    31.9545        261     1.0833  0.000e+00
     29.997    15.1929   3.974545    31.9548        262     1.0875  0.000e+00
     30.111    15.1929   3.974739    31.9564        263     1.0917  0.000e+00
     30.230    15.1932   3.974666    31.9555        264     1.0958  0.000e+00
     30.357    15.1933   3.974551    31.9543        265     1.1000  0.000e+00
     30.482    15.1932   3.974551    31.9544        266     1.1042  0.000e+00
     30.615    15.1928   3.974527    31.9544        267     1.1083  0.000e+00
     30.763    15.1925   3.974594    31.9552        268     1.1125  0.000e+00
     30.917    15.1924   3.974739    31.9565        269     1.1167  0.000e+00
     31.074    15.1926   3.974830    31.9571        270     1.1208  0.000e+00
     31.232    15.1931   3.974878    31.9571        271     1.1250  0.000e+00
     31.392    15.1939   3.974975    31.9573        272     1.1292  0.000e+00
     31.548    15.1943   3.975024    31.9573        273     1.1333  0.000e+00
     31.707    15.1950   3.975042    31.9569        274     1.1375  0.000e+00
     31.857    15.1955   3.975066    31.9566        275     1.1417  0.000e+00
     31.998    15.1956   3.975042    31.9563        276     1.1458  0.000e+00
     32.128    15.1958   3.975018    31.9558        277     1.1500  0.000e+00
     32.258    15.1959   3.975018    31.9557        278     1.1542  0.000e+00
     32.385    15.1960   3.975000    31.9554        279     1.1583  0.000e+00
     32.497    15.1959   3.974976    31.9552        280     1.1625  0.000e+00
     32.611    15.1955   3.974740    31.9534        281     1.1667  0.000e+00
     32.726    15.1950   3.974576    31.9522        282     1.1708  0.000e+00
     32.844    15.1939   3.974359    31.9512        283     1.1750  0.000e+00
     32.961    15.1929   3.974322    31.9517        284     1.1792  0.000e+00
     33.088    15.1918   3.974220    31.9516        285     1.1833  0.000e+00
     33.223    15.1907   3.974268    31.9529        286     1.1875  0.000e+00
     33.364    15.1901   3.974268    31.9532        287     1.1917  0.000e+00
     33.511    15.1900   3.974220    31.9529        288     1.1958  0.000e+00
     33.673    15.1897   3.974196    31.9529        289     1.2000  0.000e+00
     33.832    15.1893   3.974147    31.9526        290     1.2042  0.000e+00
     33.984    15.1891   3.974147    31.9528        291     1.2083  0.000e+00
     34.140    15.1889   3.974196    31.9533        292     1.2125  0.000e+00
     34.284    15.1889   3.974172    31.9531        293     1.2167  0.000e+00
     34.418    15.1886   3.974196    31.9534        294     1.2208  0.000e+00
     34.548    15.1886   3.974232    31.9537        295     1.2250  0.000e+00
     34.655    15.1886   3.974172    31.9531        296     1.2292  0.000e+00
     34.763    15.1886   3.974196    31.9533        297     1.2333  0.000e+00
     34.859    15.1886   3.974317    31.9543        298     1.2375  0.000e+00
     34.956    15.1893   3.974269    31.9534        299     1.2417  0.000e+00
     35.060    15.1893   3.974293    31.9535        300     1.2458  0.000e+00
     35.172    15.1894   3.974293    31.9534        301     1.2500  0.000e+00
     35.285    15.1896   3.974220    31.9525        302     1.2542  0.000e+00
     35.408    15.1894   3.974172    31.9522        303     1.2583  0.000e+00
     35.544    15.1888   3.974106    31.9520        304     1.2625  0.000e+00
     35.678    15.1884   3.974130    31.9525        305     1.2667  0.000e+00
     35.822    15.1881   3.974118    31.9526        306     1.2708  0.000e+00
     35.976    15.1885   3.974148    31.9525        307     1.2750  0.000e+00
     36.124    15.1877   3.974082    31.9525        308     1.2792  0.000e+00
     36.279    15.1876   3.974033    31.9521        309     1.2833  0.000e+00
     36.435    15.1876   3.973985    31.9516        310     1.2875  0.000e+00
     36.585    15.1880   3.973937    31.9508        311     1.2917  0.000e+00
     36.738    15.1868   3.973894    31.9514        312     1.2958  0.000e+00
     36.883    15.1862   3.973870    31.9515        313     1.3000  0.000e+00
     37.029    15.1858   3.973846    31.9516        314     1.3042  0.000e+00
     37.174    15.1853   3.973846    31.9520        315     1.3083  0.000e+00
     37.310    15.1855   3.973846    31.9518        316     1.3125  0.000e+00
     37.452    15.1851   3.973895    31.9524        317     1.3167  0.000e+00
     37.590    15.1851   3.973961    31.9530        318     1.3208  0.000e+00
     37.727    15.1857   3.973985    31.9527        319     1.3250  0.000e+00
     37.863    15.1857   3.973985    31.9526        320     1.3292  0.000e+00
     37.989    15.1861   3.974010    31.9525        321     1.3333  0.000e+00
     38.116    15.1856   3.973986    31.9526        322     1.3375  0.000e+00
     38.237    15.1859   3.973937    31.9519        323     1.3417  0.000e+00
     38.352    15.1863   3.973919    31.9514        324     1.3458  0.000e+00
     38.472    15.1856   3.973937    31.9520        325     1.3500  0.000e+00
     38.584    15.1855   3.973919    31.9519        326     1.3542  0.000e+00
     38.707    15.1857   3.973986    31.9523        327     1.3583  0.000e+00
     38.828    15.1855   3.973943    31.9521        328     1.3625  0.000e+00
     38.958    15.1855   3.973937    31.9519        329     1.3667  0.000e+00
     39.088    15.1854   3.973938    31.9520        330     1.3708  0.000e+00
     39.231    15.1854   3.973938    31.9519        331     1.3750  0.000e+00
     39.374    15.1855   3.973938    31.9518        332     1.3792  0.000e+00
     39.516    15.1854   3.973962    31.9521        333     1.3833  0.000e+00
     39.659    15.1851   3.973938    31.9520        334     1.3875  0.000e+00
     39.800    15.1854   3.973938    31.9517        335     1.3917  0.000e+00
     39.930    15.1852   3.973962    31.9520        336     1.3958  0.000e+00
     40.055    15.1853   3.973962    31.9519        337     1.4000  0.000e+00
     40.169    15.1852   3.973986    31.9522        338     1.4042  0.000e+00
     40.272    15.1851   3.974053    31.9528        339     1.4083  0.000e+00
     40.378    15.1854   3.974107    31.9530        340     1.4125  0.000e+00
     40.480    15.1857   3.974174    31.9533        341     1.4167  0.000e+00
     40.586    15.1862   3.974247    31.9536        342     1.4208  0.000e+00
     40.702    15.1868   3.974150    31.9522        343     1.4250  0.000e+00
     40.836    15.1869   3.974059    31.9512        344     1.4292  0.000e+00
     40.979    15.1866   3.973987    31.9507        345     1.4333  0.000e+00
     41.139    15.1861   3.974011    31.9513        346     1.4375  0.000e+00
     41.309    15.1858   3.974011    31.9515        347     1.4417  0.000e+00
     41.494    15.1855   3.974035    31.9518        348     1.4458  0.000e+00
     41.673    15.1855   3.974011    31.9516        349     1.4500  0.000e+00
     41.861    15.1853   3.974011    31.9517        350     1.4542  0.000e+00
     42.047    15.1852   3.974054    31.9521        351     1.4583  0.000e+00
     42.224    15.1854   3.974108    31.9524        352     1.4625  0.000e+00
     42.392    15.1855   3.974108    31.9522        353     1.4667  0.000e+00
     42.533    15.1855   3.974199    31.9529        354     1.4708  0.000e+00
     42.658    15.1858   3.974199    31.9526        355     1.4750  0.000e+00
     42.762    15.1860   3.974175    31.9522        356     1.4792  0.000e+00
     42.846    15.1861   3.974223    31.9526        357     1.4833  0.000e+00
     42.916    15.1863   3.974248    31.9526        358     1.4875  0.000e+00
     42.988    15.1867   3.974199    31.9518        359     1.4917  0.000e+00
     43.064    15.1868   3.974199    31.9517        360     1.4958  0.000e+00
     43.149    15.1865   3.974084    31.9508        361     1.5000  0.000e+00
     43.249    15.1864   3.974012    31.9503        362     1.5042  0.000e+00
     43.359    15.1859   3.974060    31.9511        363     1.5083  0.000e+00
     43.494    15.1855   3.974084    31.9515        364     1.5125  0.000e+00
     43.639    15.1856   3.974060    31.9512        365     1.5167  0.000e+00
     43.802    15.1853   3.974036    31.9512        366     1.5208  0.000e+00
     43.964    15.1850   3.974060    31.9516        367     1.5250  0.000e+00
     44.136    15.1850   3.974036    31.9513        368     1.5292  0.000e+00
     44.302    15.1848   3.974036    31.9514        369     1.5333  0.000e+00
     44.474    15.1848   3.974109    31.9520        370     1.5375  0.000e+00
     44.629    15.1849   3.974109    31.9518        371     1.5417  0.000e+00
     44.781    15.1851   3.974272    31.9531        372     1.5458  0.000e+00
     44.922    15.1854   3.974418    31.9541        373     1.5500  0.000e+00
     45.047    15.1863   3.974460    31.9537        374     1.5542  0.000e+00
     45.155    15.1867   3.974460    31.9533        375     1.5583  0.000e+00
     45.253    15.1872   3.974533    31.9536        376     1.5625  0.000e+00
     45.347    15.1876   3.974648    31.9542        377     1.5667  0.000e+00
     45.439    15.1882   3.974624    31.9535        378     1.5708  0.000e+00
     45.548    15.1887   3.974769    31.9543        379     1.5750  0.000e+00
     45.663    15.1891   3.974672    31.9531        380     1.5792  0.000e+00
     45.786    15.1895   3.974533    31.9515        381     1.5833  0.000e+00
     45.929    15.1890   3.974533    31.9518        382     1.5875  0.000e+00
     45.996    15.1887   3.974672    31.9533        383     1.5917  0.000e+00
     46.043    15.1888   3.974848    31.9548        384     1.5958  0.000e+00
     46.052    15.1893   3.974860    31.9545        385     1.6000  0.000e+00
     46.037    15.1900   3.974321    31.9491        386     1.6042  0.000e+00
     46.045    15.1892   3.974225    31.9488        387     1.6083  0.000e+00
     46.074    15.1883   3.974249    31.9498        388     1.6125  0.000e+00
     46.092    15.1874   3.974297    31.9509        389     1.6167  0.000e+00
     46.099    15.1869   3.974297    31.9513        390     1.6208  0.000e+00
     46.099    15.1869   3.974249    31.9509        391     1.6250  0.000e+00
     46.084    15.1865   3.974249    31.9513        392     1.6292  0.000e+00
     46.065    15.1862   3.974346    31.9524        393     1.6333  0.000e+00
     46.036    15.1865   3.974346    31.9521        394     1.6375  0.000e+00
     46.003    15.1867   3.974237    31.9510        395     1.6417  0.000e+00
     45.962    15.1865   3.974249    31.9513        396     1.6458  0.000e+00
     45.915    15.1865   3.974224    31.9511        397     1.6500  0.000e+00
     45.873    15.1862   3.974249    31.9516        398     1.6542  0.000e+00
     45.826    15.1861   3.974297    31.9521        399     1.6583  0.000e+00
     45.783    15.1863   3.974364    31.9525        400     1.6625  0.000e+00
     45.752    15.1866   3.974648    31.9548        401     1.6667  0.000e+00
     45.729    15.1874   3.974721    31.9549        402     1.6708  0.000e+00
     45.714    15.1884   3.974696    31.9538        403     1.6750  0.000e+00
     45.709    15.1889   3.974509    31.9518        404     1.6792  0.000e+00
     45.710    15.1888   3.974297    31.9499        405     1.6833  0.000e+00
     45.721    15.1882   3.974370    31.9511        406     1.6875  0.000e+00
     45.729    15.1876   3.974297    31.9509        407     1.6917  0.000e+00
     45.739    15.1872   3.974200    31.9503        408     1.6958  0.000e+00
     45.743    15.1869   3.974061    31.9493        409     1.7000  0.000e+00
     45.748    15.1861   3.974037    31.9498        410     1.7042  0.000e+00
     45.739    15.1856   3.973704    31.9472        411     1.7083  0.000e+00
     45.723    15.1846   3.973541    31.9466        412     1.7125  0.000e+00
     45.691    15.1834   3.973565    31.9478        413     1.7167  0.000e+00
     45.651    15.1824   3.973613    31.9490        414     1.7208  0.000e+00
     45.607    15.1820   3.973704    31.9502        415     1.7250  0.000e+00
     45.560    15.1821   3.973613    31.9493        416     1.7292  0.000e+00
     45.517    15.1820   3.973650    31.9498        417     1.7333  0.000e+00
     45.483    15.1818   3.973662    31.9500        418     1.7375  0.000e+00
     45.450    15.1820   3.973662    31.9499        419     1.7417  0.000e+00
     45.418    15.1817   3.973329    31.9472        420     1.7458  0.000e+00
