HB2304/sbe014.cnv
* Sea-Bird SBE 19plus V2 Data File:
* FileName = C:\cruise\data\sbe014.hex
* Software Version Seasave V 7.26.7.121
* Temperature SN = 7037
* Conductivity SN = 7037
* System UpLoad Time = Sep 14 2023 00:19:30
** Ship: Bigelow
** Cruise:  HB2304
** Program:  Fall Bottom Trawl
# nquan = 7
# nvalues = 1160                                  
# units = specified
# name 0 = depSM: Depth [salt water, m], lat = 40.00
# name 1 = tv290C: Temperature [ITS-90, deg C]
# name 2 = c0S/m: Conductivity [S/m]
# name 3 = sal00: Salinity, Practical [PSU]
# name 4 = scan: Scan Count
# name 5 = timeM: Time, Elapsed [minutes]
# name 6 = flag:  0.000e+00
# span 0 =     -0.058,     22.518                 
# span 1 =    20.3054,    25.7867                 
# span 2 =   0.000009,   4.912873                 
# span 3 =     0.0119,    33.5447                 
# span 4 =         11,       1170                 
# span 5 =     0.0417,     4.8708                 
# span 6 = 0.0000e+00, 0.0000e+00                 
# interval = seconds: 0.25
# start_time = Sep 14 2023 00:19:30 [System UTC, header]
# bad_flag = -9.990e-29
*END*
[from data line 616]
     12.443    23.5198   4.756900    31.9917        627     2.6083  0.000e+00
     12.476    23.5199   4.756959    31.9920        628     2.6125  0.000e+00
     12.512    23.5204   4.757011    31.9921        629     2.6167  0.000e+00
     12.539    23.5204   4.757064    31.9925        630     2.6208  0.000e+00
     12.561    23.5207   4.757090    31.9925        631     2.6250  0.000e+00
     12.564    23.5204   4.757116    31.9929        632     2.6292  0.000e+00
     12.557    23.5209   4.757116    31.9925        633     2.6333  0.000e+00
     12.541    23.5208   4.757090    31.9924        634     2.6375  0.000e+00
     12.503    23.5206   4.757090    31.9925        635     2.6417  0.000e+00
     12.445    23.5208   4.756926    31.9912        636     2.6458  0.000e+00
     12.369    23.5207   4.756737    31.9899        637     2.6500  0.000e+00
     12.286    23.5206   4.756418    31.9876        638     2.6542  0.000e+00
     12.187    23.5198   4.755661    31.9824        639     2.6583  0.000e+00
     12.062    23.5190   4.753580    31.9674        640     2.6625  0.000e+00
     11.928    23.5183   4.751474    31.9521        641     2.6667  0.000e+00
     11.789    23.5165   4.747315    31.9221        642     2.6708  0.000e+00
     11.621    23.5140   4.744350    31.9016        643     2.6750  0.000e+00
     11.456    23.5132   4.742252    31.8865        644     2.6792  0.000e+00
     11.294    23.5160   4.740877    31.8742        645     2.6833  0.000e+00
     11.133    23.5245   4.740206    31.8630        646     2.6875  0.000e+00
     10.985    23.5366   4.739743    31.8509        647     2.6917  0.000e+00
     10.835    23.5500   4.738942    31.8353        648     2.6958  0.000e+00
     10.692    23.5647   4.737242    31.8120        649     2.7000  0.000e+00
     10.574    23.5808   4.736571    31.7955        650     2.7042  0.000e+00
     10.471    23.5999   4.738537    31.7966        651     2.7083  0.000e+00
     10.381    23.6239   4.740041    31.7907        652     2.7125  0.000e+00
     10.305    23.6555   4.742412    31.7859        653     2.7167  0.000e+00
     10.251    23.6946   4.747474    31.7960        654     2.7208  0.000e+00
     10.207    23.7420   4.753061    31.8039        655     2.7250  0.000e+00
     10.180    23.7941   4.757143    31.7972        656     2.7292  0.000e+00
     10.173    23.8432   4.759008    31.7761        657     2.7333  0.000e+00
     10.175    23.8818   4.758871    31.7476        658     2.7375  0.000e+00
     10.184    23.9060   4.757298    31.7186        659     2.7417  0.000e+00
     10.211    23.9149   4.754356    31.6903        660     2.7458  0.000e+00
     10.245    23.9093   4.750496    31.6655        661     2.7500  0.000e+00
     10.283    23.8913   4.746950    31.6517        662     2.7542  0.000e+00
     10.329    23.8646   4.743966    31.6485        663     2.7583  0.000e+00
     10.376    23.8329   4.741758    31.6545        664     2.7625  0.000e+00
     10.426    23.8003   4.741113    31.6728        665     2.7667  0.000e+00
     10.480    23.7698   4.740658    31.6911        666     2.7708  0.000e+00
     10.526    23.7417   4.739525    31.7026        667     2.7750  0.000e+00
     10.578    23.7172   4.738613    31.7133        668     2.7792  0.000e+00
     10.611    23.6967   4.738047    31.7236        669     2.7833  0.000e+00
     10.641    23.6802   4.737618    31.7322        670     2.7875  0.000e+00
     10.667    23.6680   4.737377    31.7391        671     2.7917  0.000e+00
     10.688    23.6591   4.737240    31.7444        672     2.7958  0.000e+00
     10.695    23.6533   4.737351    31.7494        673     2.8000  0.000e+00
     10.697    23.6500   4.737703    31.7544        674     2.8042  0.000e+00
     10.681    23.6497   4.738321    31.7592        675     2.8083  0.000e+00
     10.657    23.6527   4.739259    31.7642        676     2.8125  0.000e+00
     10.625    23.6608   4.740523    31.7679        677     2.8167  0.000e+00
     10.587    23.6755   4.741682    31.7661        678     2.8208  0.000e+00
     10.538    23.6990   4.745154    31.7753        679     2.8250  0.000e+00
     10.489    23.7331   4.751874    31.8013        680     2.8292  0.000e+00
     10.426    23.7813   4.761391    31.8381        681     2.8333  0.000e+00
     10.358    23.8463   4.771987    31.8709        682     2.8375  0.000e+00
     10.291    23.9301   4.780762    31.8765        683     2.8417  0.000e+00
     10.215    24.0224   4.790812    31.8855        684     2.8458  0.000e+00
     10.148    24.1204   4.795150    31.8479        685     2.8500  0.000e+00
     10.076    24.2083   4.798317    31.8089        686     2.8542  0.000e+00
     10.005    24.2784   4.802173    31.7878        687     2.8583  0.000e+00
      9.942    24.3386   4.805565    31.7703        688     2.8625  0.000e+00
      9.871    24.3929   4.808710    31.7551        689     2.8667  0.000e+00
      9.803    24.4412   4.811121    31.7389        690     2.8708  0.000e+00
      9.739    24.4826   4.813343    31.7261        691     2.8750  0.000e+00
      9.678    24.5186   4.815499    31.7165        692     2.8792  0.000e+00
      9.606    24.5506   4.817925    31.7119        693     2.8833  0.000e+00
      9.537    24.5808   4.820319    31.7083        694     2.8875  0.000e+00
      9.468    24.6091   4.822602    31.7052        695     2.8917  0.000e+00
      9.401    24.6360   4.824308    31.6988        696     2.8958  0.000e+00
      9.331    24.6617   4.825981    31.6930        697     2.9000  0.000e+00
      9.262    24.6870   4.827799    31.6887        698     2.9042  0.000e+00
      9.197    24.7112   4.829223    31.6821        699     2.9083  0.000e+00
      9.136    24.7336   4.830805    31.6780        700     2.9125  0.000e+00
      9.074    24.7552   4.832262    31.6736        701     2.9167  0.000e+00
      9.020    24.7765   4.834114    31.6723        702     2.9208  0.000e+00
      8.960    24.7988   4.836236    31.6722        703     2.9250  0.000e+00
      8.908    24.8225   4.838502    31.6722        704     2.9292  0.000e+00
      8.856    24.8470   4.840125    31.6669        705     2.9333  0.000e+00
      8.803    24.8717   4.842530    31.6672        706     2.9375  0.000e+00
      8.753    24.8971   4.845047    31.6678        707     2.9417  0.000e+00
      8.700    24.9253   4.846960    31.6621        708     2.9458  0.000e+00
      8.652    24.9549   4.848920    31.6558        709     2.9500  0.000e+00
      8.605    24.9848   4.850550    31.6468        710     2.9542  0.000e+00
      8.563    25.0139   4.851773    31.6354        711     2.9583  0.000e+00
      8.532    25.0415   4.852964    31.6248        712     2.9625  0.000e+00
      8.494    25.0684   4.853411    31.6093        713     2.9667  0.000e+00
      8.471    25.0887   4.853772    31.5978        714     2.9708  0.000e+00
      8.453    25.1027   4.854048    31.5901        715     2.9750  0.000e+00
      8.444    25.1135   4.854377    31.5850        716     2.9792  0.000e+00
      8.449    25.1228   4.854515    31.5795        717     2.9833  0.000e+00
      8.462    25.1292   4.854548    31.5753        718     2.9875  0.000e+00
      8.483    25.1329   4.854462    31.5721        719     2.9917  0.000e+00
      8.520    25.1338   4.854265    31.5700        720     2.9958  0.000e+00
      8.558    25.1324   4.853324    31.5641        721     3.0000  0.000e+00
      8.604    25.1252   4.852107    31.5602        722     3.0042  0.000e+00
      8.664    25.1111   4.849752    31.5529        723     3.0083  0.000e+00
      8.726    25.0936   4.849082    31.5601        724     3.0125  0.000e+00
      8.792    25.0707   4.846294    31.5557        725     3.0167  0.000e+00
      8.868    25.0395   4.842001    31.5461        726     3.0208  0.000e+00
      8.942    24.9996   4.838854    31.5509        727     3.0250  0.000e+00
      9.013    24.9566   4.835957    31.5597        728     3.0292  0.000e+00
      9.083    24.9157   4.833357    31.5692        729     3.0333  0.000e+00
      9.139    24.8787   4.831019    31.5779        730     3.0375  0.000e+00
      9.184    24.8449   4.829503    31.5904        731     3.0417  0.000e+00
      9.226    24.8147   4.827935    31.6001        732     3.0458  0.000e+00
      9.253    24.7886   4.826616    31.6087        733     3.0500  0.000e+00
      9.266    24.7662   4.825841    31.6187        734     3.0542  0.000e+00
      9.266    24.7480   4.825592    31.6296        735     3.0583  0.000e+00
      9.253    24.7349   4.825711    31.6397        736     3.0625  0.000e+00
      9.228    24.7275   4.826150    31.6481        737     3.0667  0.000e+00
      9.188    24.7256   4.827247    31.6575        738     3.0708  0.000e+00
      9.145    24.7292   4.828514    31.6642        739     3.0750  0.000e+00
      9.087    24.7383   4.830056    31.6692        740     3.0792  0.000e+00
      9.022    24.7530   4.832322    31.6756        741     3.0833  0.000e+00
      8.950    24.7731   4.834843    31.6800        742     3.0875  0.000e+00
      8.879    24.7968   4.837477    31.6827        743     3.0917  0.000e+00
      8.800    24.8238   4.840651    31.6871        744     3.0958  0.000e+00
      8.716    24.8561   4.844496    31.6926        745     3.1000  0.000e+00
      8.637    24.8948   4.847513    31.6875        746     3.1042  0.000e+00
      8.561    24.9369   4.850525    31.6801        747     3.1083  0.000e+00
      8.485    24.9813   4.852274    31.6619        748     3.1125  0.000e+00
      8.411    25.0231   4.854214    31.6468        749     3.1167  0.000e+00
      8.341    25.0630   4.855569    31.6289        750     3.1208  0.000e+00
      8.276    25.1003   4.856430    31.6092        751     3.1250  0.000e+00
      8.214    25.1309   4.857345    31.5945        752     3.1292  0.000e+00
      8.165    25.1553   4.858016    31.5824        753     3.1333  0.000e+00
      8.120    25.1756   4.858647    31.5729        754     3.1375  0.000e+00
      8.079    25.1928   4.859595    31.5679        755     3.1417  0.000e+00
      8.039    25.2083   4.860069    31.5606        756     3.1458  0.000e+00
      8.001    25.2205   4.860424    31.5547        757     3.1500  0.000e+00
      7.979    25.2300   4.860924    31.5517        758     3.1542  0.000e+00
      7.949    25.2378   4.861484    31.5504        759     3.1583  0.000e+00
      7.932    25.2457   4.861833    31.5474        760     3.1625  0.000e+00
      7.909    25.2523   4.861786    31.5425        761     3.1667  0.000e+00
      7.896    25.2561   4.861622    31.5387        762     3.1708  0.000e+00
      7.880    25.2577   4.861734    31.5384        763     3.1750  0.000e+00
      7.864    25.2587   4.861674    31.5372        764     3.1792  0.000e+00
      7.853    25.2597   4.861799    31.5375        765     3.1833  0.000e+00
      7.847    25.2598   4.861233    31.5333        766     3.1875  0.000e+00
      7.833    25.2585   4.861760    31.5380        767     3.1917  0.000e+00
      7.829    25.2588   4.861371    31.5350        768     3.1958  0.000e+00
      7.829    25.2580   4.860838    31.5317        769     3.2000  0.000e+00
      7.835    25.2544   4.860871    31.5344        770     3.2042  0.000e+00
      7.853    25.2520   4.861036    31.5373        771     3.2083  0.000e+00
      7.876    25.2512   4.860898    31.5368        772     3.2125  0.000e+00
      7.910    25.2500   4.859482    31.5273        773     3.2167  0.000e+00
      7.952    25.2433   4.857843    31.5201        774     3.2208  0.000e+00
      8.003    25.2280   4.856290    31.5194        775     3.2250  0.000e+00
      8.060    25.2055   4.854935    31.5251        776     3.2292  0.000e+00
      8.127    25.1788   4.853659    31.5344        777     3.2333  0.000e+00
      8.194    25.1523   4.852863    31.5470        778     3.2375  0.000e+00
      8.266    25.1280   4.850166    31.5443        779     3.2417  0.000e+00
      8.346    25.0964   4.846786    31.5416        780     3.2458  0.000e+00
      8.416    25.0557   4.842113    31.5358        781     3.2500  0.000e+00
      8.483    25.0061   4.838164    31.5415        782     3.2542  0.000e+00
      8.550    24.9548   4.834867    31.5532        783     3.2583  0.000e+00
      8.604    24.9066   4.830717    31.5564        784     3.2625  0.000e+00
      8.648    24.8594   4.827218    31.5638        785     3.2667  0.000e+00
      8.673    24.8132   4.824935    31.5793        786     3.2708  0.000e+00
      8.678    24.7719   4.823393    31.5969        787     3.2750  0.000e+00
      8.660    24.7384   4.822652    31.6149        788     3.2792  0.000e+00
      8.626    24.7140   4.822685    31.6323        789     3.2833  0.000e+00
      8.574    24.6989   4.823591    31.6496        790     3.2875  0.000e+00
      8.501    24.6944   4.825350    31.6656        791     3.2917  0.000e+00
      8.415    24.7003   4.828238    31.6828        792     3.2958  0.000e+00
      8.319    24.7188   4.832263    31.6994        793     3.3000  0.000e+00
      8.225    24.7480   4.835435    31.7022        794     3.3042  0.000e+00
      8.122    24.7818   4.837891    31.6965        795     3.3083  0.000e+00
      8.019    24.8153   4.840789    31.6943        796     3.3125  0.000e+00
      7.912    24.8509   4.845521    31.7040        797     3.3167  0.000e+00
      7.811    24.8951   4.848618    31.6957        798     3.3208  0.000e+00
      7.713    24.9427   4.851748    31.6853        799     3.3250  0.000e+00
      7.616    24.9924   4.853990    31.6669        800     3.3292  0.000e+00
      7.527    25.0429   4.854970    31.6388        801     3.3333  0.000e+00
      7.437    25.0838   4.856680    31.6228        802     3.3375  0.000e+00
      7.356    25.1207   4.858042    31.6069        803     3.3417  0.000e+00
      7.289    25.1550   4.861037    31.6049        804     3.3458  0.000e+00
      7.226    25.1913   4.862070    31.5871        805     3.3500  0.000e+00
      7.180    25.2215   4.864375    31.5829        806     3.3542  0.000e+00
      7.142    25.2509   4.865902    31.5736        807     3.3583  0.000e+00
      7.121    25.2805   4.866791    31.5595        808     3.3625  0.000e+00
      7.108    25.3047   4.867173    31.5455        809     3.3667  0.000e+00
      7.104    25.3218   4.867153    31.5335        810     3.3708  0.000e+00
      7.113    25.3321   4.867152    31.5263        811     3.3750  0.000e+00
      7.123    25.3381   4.866902    31.5204        812     3.3792  0.000e+00
      7.148    25.3407   4.866428    31.5152        813     3.3833  0.000e+00
      7.173    25.3386   4.865341    31.5087        814     3.3875  0.000e+00
      7.209    25.3299   4.863872    31.5040        815     3.3917  0.000e+00
      7.247    25.3151   4.862648    31.5054        816     3.3958  0.000e+00
      7.291    25.2990   4.862338    31.5143        817     3.4000  0.000e+00
      7.343    25.2865   4.860396    31.5088        818     3.4042  0.000e+00
      7.399    25.2696   4.858593    31.5074        819     3.4083  0.000e+00
      7.457    25.2483   4.857705    31.5158        820     3.4125  0.000e+00
      7.520    25.2278   4.856626    31.5221        821     3.4167  0.000e+00
      7.583    25.2066   4.856547    31.5362        822     3.4208  0.000e+00
      7.645    25.1915   4.855961    31.5425        823     3.4250  0.000e+00
      7.702    25.1775   4.855040    31.5455        824     3.4292  0.000e+00
      7.755    25.1620   4.853047    31.5417        825     3.4333  0.000e+00
      7.800    25.1366   4.851186    31.5458        826     3.4375  0.000e+00
      7.836    25.1061   4.850252    31.5602        827     3.4417  0.000e+00
      7.867    25.0799   4.849753    31.5748        828     3.4458  0.000e+00
      7.892    25.0608   4.849417    31.5857        829     3.4500  0.000e+00
      7.910    25.0473   4.849089    31.5927        830     3.4542  0.000e+00
