HB2304/sbe011.cnv
* Sea-Bird SBE 19plus V2 Data File:
* FileName = C:\cruise\data\sbe011.hex
* Software Version Seasave V 7.26.7.121
* Temperature SN = 7037
* Conductivity SN = 7037
* System UpLoad Time = Sep 12 2023 23:13:41
** Ship: Bigelow
** Cruise:  HB2304
** Program:  Fall Bottom Trawl
# nquan = 7
# nvalues = 1604                                  
# units = specified
# name 0 = depSM: Depth [salt water, m], lat = 40.00
# name 1 = tv290C: Temperature [ITS-90, deg C]
# name 2 = c0S/m: Conductivity [S/m]
# name 3 = sal00: Salinity, Practical [PSU]
# name 4 = scan: Scan Count
# name 5 = timeM: Time, Elapsed [minutes]
# name 6 = flag:  0.000e+00
# span 0 =     -0.063,     49.764                 
# span 1 =    10.5063,    26.4778                 
# span 2 =  -0.000090,   5.133077                 
# span 3 =     0.0000,    34.6151                 
# span 4 =         11,       1614                 
# span 5 =     0.0417,     6.7208                 
# span 6 = 0.0000e+00, 0.0000e+00                 
# interval = seconds: 0.25
# start_time = Sep 12 2023 23:13:41 [System UTC, header]
# bad_flag = -9.990e-29
*END*
[from data line 1231]
     11.152    23.3721   4.911064    33.2670       1242     5.1708  0.000e+00
     11.080    23.3884   4.911394    33.2573       1243     5.1750  0.000e+00
     11.029    23.4039   4.911255    33.2446       1244     5.1792  0.000e+00
     10.978    23.4182   4.910435    33.2276       1245     5.1833  0.000e+00
     10.924    23.4297   4.909734    33.2137       1246     5.1875  0.000e+00
     10.877    23.4385   4.909681    33.2067       1247     5.1917  0.000e+00
     10.845    23.4446   4.908385    33.1923       1248     5.1958  0.000e+00
     10.812    23.4491   4.906811    33.1770       1249     5.2000  0.000e+00
     10.779    23.4528   4.904419    33.1560       1250     5.2042  0.000e+00
     10.758    23.4563   4.902925    33.1422       1251     5.2083  0.000e+00
     10.732    23.4586   4.901669    33.1309       1252     5.2125  0.000e+00
     10.716    23.4607   4.901108    33.1251       1253     5.2167  0.000e+00
     10.705    23.4620   4.899793    33.1142       1254     5.2208  0.000e+00
     10.687    23.4627   4.898670    33.1051       1255     5.2250  0.000e+00
     10.674    23.4635   4.895698    33.0820       1256     5.2292  0.000e+00
     10.664    23.4634   4.893809    33.0678       1257     5.2333  0.000e+00
     10.658    23.4635   4.892251    33.0559       1258     5.2375  0.000e+00
     10.645    23.4631   4.891491    33.0505       1259     5.2417  0.000e+00
     10.645    23.4626   4.890660    33.0445       1260     5.2458  0.000e+00
     10.636    23.4623   4.889755    33.0379       1261     5.2500  0.000e+00
     10.629    23.4618   4.887604    33.0219       1262     5.2542  0.000e+00
     10.622    23.4609   4.885782    33.0088       1263     5.2583  0.000e+00
     10.614    23.4600   4.884687    33.0012       1264     5.2625  0.000e+00
     10.609    23.4590   4.884667    33.0019       1265     5.2667  0.000e+00
     10.602    23.4585   4.884278    32.9992       1266     5.2708  0.000e+00
     10.596    23.4574   4.881033    32.9755       1267     5.2750  0.000e+00
     10.585    23.4557   4.871387    32.9037       1268     5.2792  0.000e+00
     10.567    23.4528   4.872448    32.9139       1269     5.2833  0.000e+00
     10.553    23.4506   4.867434    32.8776       1270     5.2875  0.000e+00
     10.524    23.4477   4.867177    32.8778       1271     5.2917  0.000e+00
     10.504    23.4455   4.864319    32.8578       1272     5.2958  0.000e+00
     10.473    23.4427   4.862205    32.8439       1273     5.3000  0.000e+00
     10.440    23.4392   4.859459    32.8257       1274     5.3042  0.000e+00
     10.397    23.4333   4.853075    32.7817       1275     5.3083  0.000e+00
     10.355    23.4228   4.846662    32.7410       1276     5.3125  0.000e+00
     10.292    23.4077   4.843106    32.7253       1277     5.3167  0.000e+00
     10.229    23.3926   4.839103    32.7061       1278     5.3208  0.000e+00
     10.169    23.3769   4.832094    32.6646       1279     5.3250  0.000e+00
     10.093    23.3568   4.829172    32.6574       1280     5.3292  0.000e+00
     10.019    23.3383   4.824217    32.6336       1281     5.3333  0.000e+00
      9.938    23.3190   4.822898    32.6378       1282     5.3375  0.000e+00
      9.867    23.3019   4.822760    32.6494       1283     5.3417  0.000e+00
      9.791    23.2907   4.818522    32.6256       1284     5.3458  0.000e+00
      9.719    23.2784   4.813499    32.5966       1285     5.3500  0.000e+00
      9.641    23.2620   4.813860    32.6114       1286     5.3542  0.000e+00
      9.572    23.2491   4.808157    32.5777       1287     5.3583  0.000e+00
      9.505    23.2332   4.807856    32.5872       1288     5.3625  0.000e+00
      9.439    23.2185   4.805059    32.5768       1289     5.3667  0.000e+00
      9.373    23.2062   4.800984    32.5550       1290     5.3708  0.000e+00
      9.314    23.1891   4.802707    32.5807       1291     5.3750  0.000e+00
      9.256    23.1796   4.796473    32.5404       1292     5.3792  0.000e+00
      9.200    23.1657   4.796663    32.5521       1293     5.3833  0.000e+00
      9.151    23.1539   4.797868    32.5700       1294     5.3875  0.000e+00
      9.110    23.1475   4.794647    32.5502       1295     5.3917  0.000e+00
      9.068    23.1395   4.789517    32.5171       1296     5.3958  0.000e+00
      9.035    23.1238   4.787960    32.5169       1297     5.4000  0.000e+00
      9.012    23.1059   4.786024    32.5154       1298     5.4042  0.000e+00
      8.979    23.0939   4.788589    32.5437       1299     5.4083  0.000e+00
      8.972    23.0887   4.785430    32.5235       1300     5.4125  0.000e+00
      8.959    23.0812   4.786489    32.5372       1301     5.4167  0.000e+00
      8.943    23.0773   4.784750    32.5268       1302     5.4208  0.000e+00
      8.930    23.0724   4.785469    32.5359       1303     5.4250  0.000e+00
      8.927    23.0693   4.785155    32.5358       1304     5.4292  0.000e+00
      8.918    23.0673   4.784750    32.5342       1305     5.4333  0.000e+00
      8.916    23.0654   4.785894    32.5444       1306     5.4375  0.000e+00
      8.905    23.0654   4.781644    32.5120       1307     5.4417  0.000e+00
      8.894    23.0583   4.745704    32.2436       1308     5.4458  0.000e+00
      8.874    23.0257   4.730264    32.1500       1309     5.4500  0.000e+00
      8.856    22.9789   4.692447    31.8963       1310     5.4542  0.000e+00
      8.832    22.9143   4.677613    31.8303       1311     5.4583  0.000e+00
      8.794    22.8479   4.670317    31.8228       1312     5.4625  0.000e+00
      8.760    22.7939   4.662741    31.8041       1313     5.4667  0.000e+00
      8.722    22.7565   4.668972    31.8789       1314     5.4708  0.000e+00
      8.677    22.7634   4.680174    31.9594       1315     5.4750  0.000e+00
      8.628    22.8224   4.687029    31.9689       1316     5.4792  0.000e+00
      8.572    22.8983   4.692520    31.9555       1317     5.4833  0.000e+00
      8.521    22.9740   4.697760    31.9404       1318     5.4875  0.000e+00
      8.467    23.0462   4.701939    31.9198       1319     5.4917  0.000e+00
      8.400    23.1121   4.704794    31.8937       1320     5.4958  0.000e+00
      8.339    23.1653   4.706339    31.8670       1321     5.5000  0.000e+00
      8.270    23.2054   4.707617    31.8478       1322     5.5042  0.000e+00
      8.207    23.2352   4.708819    31.8354       1323     5.5083  0.000e+00
      8.143    23.2587   4.710182    31.8288       1324     5.5125  0.000e+00
      8.082    23.2790   4.711754    31.8261       1325     5.5167  0.000e+00
      8.021    23.2982   4.712637    31.8189       1326     5.5208  0.000e+00
      7.963    23.3156   4.713222    31.8108       1327     5.5250  0.000e+00
      7.907    23.3301   4.713598    31.8032       1328     5.5292  0.000e+00
      7.849    23.3414   4.714216    31.7998       1329     5.5333  0.000e+00
      7.796    23.3510   4.715255    31.8007       1330     5.5375  0.000e+00
      7.737    23.3614   4.715658    31.7964       1331     5.5417  0.000e+00
      7.671    23.3704   4.716542    31.7965       1332     5.5458  0.000e+00
      7.610    23.3799   4.718732    31.8063       1333     5.5500  0.000e+00
      7.545    23.3951   4.721625    31.8172       1334     5.5542  0.000e+00
      7.485    23.4173   4.722373    31.8069       1335     5.5583  0.000e+00
      7.427    23.4376   4.724252    31.8064       1336     5.5625  0.000e+00
      7.367    23.4569   4.725351    31.8009       1337     5.5667  0.000e+00
      7.315    23.4764   4.730256    31.8238       1338     5.5708  0.000e+00
      7.255    23.5089   4.738400    31.8619       1339     5.5750  0.000e+00
      7.208    23.5671   4.744347    31.8648       1340     5.5792  0.000e+00
      7.174    23.6380   4.749279    31.8510       1341     5.5833  0.000e+00
      7.140    23.7075   4.751684    31.8192       1342     5.5875  0.000e+00
      7.105    23.7661   4.754005    31.7947       1343     5.5917  0.000e+00
      7.080    23.8155   4.755302    31.7691       1344     5.5958  0.000e+00
      7.051    23.8539   4.757486    31.7581       1345     5.6000  0.000e+00
      7.035    23.8894   4.759273    31.7461       1346     5.6042  0.000e+00
      7.013    23.9226   4.760571    31.7322       1347     5.6083  0.000e+00
      6.993    23.9502   4.761576    31.7200       1348     5.6125  0.000e+00
      6.979    23.9736   4.762059    31.7070       1349     5.6167  0.000e+00
      6.973    23.9925   4.762496    31.6968       1350     5.6208  0.000e+00
      6.964    24.0065   4.762652    31.6881       1351     5.6250  0.000e+00
      6.955    24.0161   4.762737    31.6819       1352     5.6292  0.000e+00
      6.951    24.0225   4.762900    31.6785       1353     5.6333  0.000e+00
      6.948    24.0274   4.763063    31.6763       1354     5.6375  0.000e+00
      6.946    24.0308   4.763063    31.6739       1355     5.6417  0.000e+00
      6.950    24.0333   4.763063    31.6721       1356     5.6458  0.000e+00
      6.950    24.0346   4.763004    31.6708       1357     5.6500  0.000e+00
      6.948    24.0350   4.762815    31.6691       1358     5.6542  0.000e+00
      6.937    24.0340   4.762599    31.6681       1359     5.6583  0.000e+00
      6.935    24.0317   4.762900    31.6720       1360     5.6625  0.000e+00
      6.930    24.0314   4.763546    31.6770       1361     5.6667  0.000e+00
      6.904    24.0356   4.765171    31.6862       1362     5.6708  0.000e+00
      6.877    24.0470   4.765961    31.6840       1363     5.6750  0.000e+00
      6.837    24.0622   4.768807    31.6944       1364     5.6792  0.000e+00
      6.799    24.0838   4.769186    31.6819       1365     5.6833  0.000e+00
      6.752    24.1037   4.769349    31.6690       1366     5.6875  0.000e+00
      6.691    24.1220   4.774966    31.6978       1367     5.6917  0.000e+00
      6.626    24.1572   4.777848    31.6943       1368     5.6958  0.000e+00
      6.566    24.2000   4.783992    31.7096       1369     5.7000  0.000e+00
      6.494    24.2569   4.799244    31.7824       1370     5.7042  0.000e+00
      6.432    24.3574   4.808493    31.7797       1371     5.7083  0.000e+00
      6.356    24.4715   4.821225    31.7931       1372     5.7125  0.000e+00
      6.293    24.5988   4.831357    31.7778       1373     5.7167  0.000e+00
      6.226    24.7310   4.836459    31.7222       1374     5.7208  0.000e+00
      6.170    24.8415   4.837916    31.6554       1375     5.7250  0.000e+00
      6.116    24.9190   4.838939    31.6086       1376     5.7292  0.000e+00
      6.056    24.9712   4.840457    31.5833       1377     5.7333  0.000e+00
      5.997    25.0098   4.845570    31.5937       1378     5.7375  0.000e+00
      5.946    25.0518   4.849167    31.5907       1379     5.7417  0.000e+00
      5.903    25.0952   4.850389    31.5694       1380     5.7458  0.000e+00
      5.859    25.1289   4.851691    31.5554       1381     5.7500  0.000e+00
      5.809    25.1548   4.852961    31.5466       1382     5.7542  0.000e+00
      5.769    25.1757   4.855211    31.5485       1383     5.7583  0.000e+00
      5.732    25.1968   4.856118    31.5404       1384     5.7625  0.000e+00
      5.698    25.2150   4.857540    31.5382       1385     5.7667  0.000e+00
      5.671    25.2311   4.858955    31.5373       1386     5.7708  0.000e+00
      5.647    25.2464   4.859929    31.5338       1387     5.7750  0.000e+00
      5.631    25.2598   4.860896    31.5315       1388     5.7792  0.000e+00
      5.631    25.2716   4.860198    31.5182       1389     5.7833  0.000e+00
      5.633    25.2773   4.859566    31.5097       1390     5.7875  0.000e+00
      5.651    25.2774   4.861173    31.5213       1391     5.7917  0.000e+00
      5.678    25.2829   4.861923    31.5229       1392     5.7958  0.000e+00
      5.705    25.2894   4.859533    31.5011       1393     5.8000  0.000e+00
      5.755    25.2867   4.859757    31.5045       1394     5.8042  0.000e+00
      5.804    25.2834   4.860007    31.5086       1395     5.8083  0.000e+00
      5.867    25.2815   4.858868    31.5017       1396     5.8125  0.000e+00
      5.929    25.2770   4.857394    31.4940       1397     5.8167  0.000e+00
      5.990    25.2682   4.855347    31.4853       1398     5.8208  0.000e+00
      6.055    25.2547   4.854236    31.4866       1399     5.8250  0.000e+00
      6.111    25.2397   4.853183    31.4893       1400     5.8292  0.000e+00
      6.164    25.2259   4.852078    31.4908       1401     5.8333  0.000e+00
      6.198    25.2130   4.849881    31.4837       1402     5.8375  0.000e+00
      6.227    25.1956   4.847862    31.4811       1403     5.8417  0.000e+00
      6.247    25.1759   4.846232    31.4829       1404     5.8458  0.000e+00
      6.254    25.1574   4.845377    31.4896       1405     5.8500  0.000e+00
      6.250    25.1416   4.846206    31.5066       1406     5.8542  0.000e+00
      6.225    25.1348   4.847804    31.5229       1407     5.8583  0.000e+00
      6.207    25.1366   4.848639    31.5277       1408     5.8625  0.000e+00
      6.163    25.1428   4.849803    31.5319       1409     5.8667  0.000e+00
      6.106    25.1509   4.851632    31.5396       1410     5.8708  0.000e+00
      6.035    25.1629   4.854263    31.5505       1411     5.8750  0.000e+00
      5.956    25.1817   4.856277    31.5521       1412     5.8792  0.000e+00
      5.872    25.2017   4.857428    31.5466       1413     5.8833  0.000e+00
      5.789    25.2201   4.859343    31.5478       1414     5.8875  0.000e+00
      5.704    25.2387   4.860844    31.5458       1415     5.8917  0.000e+00
      5.621    25.2575   4.864742    31.5610       1416     5.8958  0.000e+00
      5.551    25.2815   4.865736    31.5516       1417     5.9000  0.000e+00
      5.473    25.3032   4.866539    31.5424       1418     5.9042  0.000e+00
      5.406    25.3197   4.866816    31.5330       1419     5.9083  0.000e+00
      5.335    25.3311   4.867843    31.5325       1420     5.9125  0.000e+00
      5.278    25.3417   4.868265    31.5283       1421     5.9167  0.000e+00
      5.214    25.3499   4.868706    31.5258       1422     5.9208  0.000e+00
      5.167    25.3574   4.869068    31.5233       1423     5.9250  0.000e+00
      5.120    25.3630   4.870063    31.5266       1424     5.9292  0.000e+00
      5.077    25.3700   4.869463    31.5175       1425     5.9333  0.000e+00
      5.039    25.3734   4.869516    31.5155       1426     5.9375  0.000e+00
      5.012    25.3754   4.870326    31.5200       1427     5.9417  0.000e+00
      4.990    25.3795   4.870867    31.5211       1428     5.9458  0.000e+00
      4.968    25.3851   4.871216    31.5197       1429     5.9500  0.000e+00
      4.952    25.3907   4.871354    31.5169       1430     5.9542  0.000e+00
      4.954    25.3946   4.871242    31.5134       1431     5.9583  0.000e+00
      4.954    25.3964   4.871268    31.5123       1432     5.9625  0.000e+00
      4.959    25.3974   4.871295    31.5118       1433     5.9667  0.000e+00
      4.970    25.3980   4.871216    31.5108       1434     5.9708  0.000e+00
      4.982    25.3978   4.871242    31.5111       1435     5.9750  0.000e+00
      5.004    25.3977   4.871242    31.5112       1436     5.9792  0.000e+00
      5.024    25.3972   4.871018    31.5099       1437     5.9833  0.000e+00
      5.053    25.3956   4.870517    31.5074       1438     5.9875  0.000e+00
      5.076    25.3922   4.870603    31.5103       1439     5.9917  0.000e+00
      5.105    25.3899   4.870063    31.5080       1440     5.9958  0.000e+00
      5.121    25.3865   4.868929    31.5022       1441     6.0000  0.000e+00
      5.140    25.3799   4.869153    31.5083       1442     6.0042  0.000e+00
      5.150    25.3758   4.868850    31.5089       1443     6.0083  0.000e+00
      5.161    25.3726   4.868508    31.5087       1444     6.0125  0.000e+00
      5.161    25.3691   4.868067    31.5079       1445     6.0167  0.000e+00
