HB2304/sbe066.cnv
* Sea-Bird SBE 19plus V2 Data File:
* FileName = C:\cruise\data\sbe066.hex
* Software Version Seasave V 7.26.7.121
* Temperature SN = 7037
* Conductivity SN = 7037
* System UpLoad Time = Oct 13 2023 12:20:46
** Ship: Bigelow
** Cruise:  HB2304
** Program:  Fall Bottom Trawl
# nquan = 7
# nvalues = 4266                                  
# units = specified
# name 0 = depSM: Depth [salt water, m], lat = 40.00
# name 1 = tv290C: Temperature [ITS-90, deg C]
# name 2 = c0S/m: Conductivity [S/m]
# name 3 = sal00: Salinity, Practical [PSU]
# name 4 = scan: Scan Count
# name 5 = timeM: Time, Elapsed [minutes]
# name 6 = flag:  0.000e+00
# span 0 =     -0.091,    200.099                 
# span 1 =    10.1433,    17.0727                 
# span 2 =  -0.000018,   4.380946                 
# span 3 =     0.0000,    35.2911                 
# span 4 =         11,       4276                 
# span 5 =     0.0417,    17.8125                 
# span 6 = 0.0000e+00, 0.0000e+00                 
# interval = seconds: 0.25
# start_time = Oct 13 2023 12:20:46 [System UTC, header]
# bad_flag = -9.990e-29
*END*
[from data line 2052]
    142.871    11.7549   4.011784    35.2846       2063     8.5917  0.000e+00
    142.783    11.7551   4.011760    35.2842       2064     8.5958  0.000e+00
    142.692    11.7553   4.011760    35.2841       2065     8.6000  0.000e+00
    142.598    11.7553   4.011778    35.2843       2066     8.6042  0.000e+00
    142.506    11.7554   4.011784    35.2843       2067     8.6083  0.000e+00
    142.408    11.7556   4.011851    35.2848       2068     8.6125  0.000e+00
    142.307    11.7558   4.011972    35.2859       2069     8.6167  0.000e+00
    142.197    11.7564   4.011948    35.2851       2070     8.6208  0.000e+00
    142.070    11.7572   4.012306    35.2879       2071     8.6250  0.000e+00
    141.963    11.7582   4.012458    35.2885       2072     8.6292  0.000e+00
    141.842    11.7594   4.012543    35.2883       2073     8.6333  0.000e+00
    141.715    11.7608   4.012829    35.2898       2074     8.6375  0.000e+00
    141.594    11.7623   4.012737    35.2875       2075     8.6417  0.000e+00
    141.473    11.7634   4.012974    35.2888       2076     8.6458  0.000e+00
    141.361    11.7645   4.013144    35.2896       2077     8.6500  0.000e+00
    141.249    11.7659   4.013163    35.2884       2078     8.6542  0.000e+00
    141.147    11.7670   4.013235    35.2881       2079     8.6583  0.000e+00
    141.050    11.7680   4.013235    35.2872       2080     8.6625  0.000e+00
    140.957    11.7688   4.013308    35.2872       2081     8.6667  0.000e+00
    140.878    11.7694   4.013284    35.2865       2082     8.6708  0.000e+00
    140.807    11.7698   4.013235    35.2856       2083     8.6750  0.000e+00
    140.728    11.7702   4.013259    35.2856       2084     8.6792  0.000e+00
    140.652    11.7703   4.013162    35.2845       2085     8.6833  0.000e+00
    140.576    11.7704   4.013259    35.2854       2086     8.6875  0.000e+00
    140.505    11.7706   4.012828    35.2810       2087     8.6917  0.000e+00
    140.427    11.7699   4.012779    35.2812       2088     8.6958  0.000e+00
    140.355    11.7691   4.012755    35.2818       2089     8.7000  0.000e+00
    140.281    11.7685   4.012852    35.2833       2090     8.7042  0.000e+00
    140.207    11.7682   4.012877    35.2839       2091     8.7083  0.000e+00
    140.118    11.7682   4.012494    35.2802       2092     8.7125  0.000e+00
    140.040    11.7676   4.012548    35.2813       2093     8.7167  0.000e+00
    139.959    11.7668   4.012591    35.2825       2094     8.7208  0.000e+00
    139.879    11.7665   4.012737    35.2842       2095     8.7250  0.000e+00
    139.801    11.7667   4.012779    35.2846       2096     8.7292  0.000e+00
    139.729    11.7671   4.012828    35.2847       2097     8.7333  0.000e+00
    139.655    11.7674   4.012779    35.2840       2098     8.7375  0.000e+00
    139.588    11.7677   4.012876    35.2847       2099     8.7417  0.000e+00
    139.518    11.7680   4.012803    35.2837       2100     8.7458  0.000e+00
    139.460    11.7681   4.012591    35.2815       2101     8.7500  0.000e+00
    139.400    11.7677   4.012427    35.2803       2102     8.7542  0.000e+00
    139.338    11.7671   4.012494    35.2816       2103     8.7583  0.000e+00
    139.279    11.7668   4.012688    35.2838       2104     8.7625  0.000e+00
    139.228    11.7666   4.012566    35.2828       2105     8.7667  0.000e+00
    139.161    11.7668   4.012518    35.2821       2106     8.7708  0.000e+00
    139.096    11.7665   4.012378    35.2811       2107     8.7750  0.000e+00
    139.025    11.7663   4.012445    35.2819       2108     8.7792  0.000e+00
    138.951    11.7662   4.012439    35.2820       2109     8.7833  0.000e+00
    138.873    11.7661   4.012402    35.2818       2110     8.7875  0.000e+00
    138.794    11.7660   4.012469    35.2826       2111     8.7917  0.000e+00
    138.707    11.7662   4.012445    35.2822       2112     8.7958  0.000e+00
    138.620    11.7664   4.012402    35.2816       2113     8.8000  0.000e+00
    138.519    11.7663   4.012414    35.2819       2114     8.8042  0.000e+00
    138.418    11.7666   4.012542    35.2829       2115     8.8083  0.000e+00
    138.320    11.7668   4.012493    35.2823       2116     8.8125  0.000e+00
    138.213    11.7670   4.012517    35.2824       2117     8.8167  0.000e+00
    138.094    11.7672   4.012469    35.2818       2118     8.8208  0.000e+00
    137.982    11.7675   4.012517    35.2820       2119     8.8250  0.000e+00
    137.871    11.7675   4.012505    35.2819       2120     8.8292  0.000e+00
    137.752    11.7677   4.012542    35.2821       2121     8.8333  0.000e+00
    137.647    11.7680   4.012566    35.2822       2122     8.8375  0.000e+00
    137.535    11.7681   4.012614    35.2826       2123     8.8417  0.000e+00
    137.430    11.7686   4.012590    35.2819       2124     8.8458  0.000e+00
    137.330    11.7691   4.012572    35.2814       2125     8.8500  0.000e+00
    137.227    11.7693   4.012590    35.2814       2126     8.8542  0.000e+00
    137.124    11.7693   4.012614    35.2817       2127     8.8583  0.000e+00
    137.028    11.7695   4.012687    35.2822       2128     8.8625  0.000e+00
    136.936    11.7699   4.012687    35.2819       2129     8.8667  0.000e+00
    136.849    11.7705   4.012736    35.2818       2130     8.8708  0.000e+00
    136.757    11.7711   4.012778    35.2817       2131     8.8750  0.000e+00
    136.665    11.7721   4.012875    35.2817       2132     8.8792  0.000e+00
    136.583    11.7732   4.012924    35.2813       2133     8.8833  0.000e+00
    136.489    11.7743   4.012826    35.2793       2134     8.8875  0.000e+00
    136.401    11.7749   4.012711    35.2776       2135     8.8917  0.000e+00
    136.316    11.7751   4.012620    35.2765       2136     8.8958  0.000e+00
    136.236    11.7751   4.012614    35.2765       2137     8.9000  0.000e+00
    136.164    11.7750   4.012614    35.2767       2138     8.9042  0.000e+00
    136.099    11.7751   4.012662    35.2771       2139     8.9083  0.000e+00
    136.037    11.7755   4.012687    35.2769       2140     8.9125  0.000e+00
    135.988    11.7758   4.012662    35.2764       2141     8.9167  0.000e+00
    135.934    11.7762   4.012614    35.2757       2142     8.9208  0.000e+00
    135.903    11.7764   4.012589    35.2752       2143     8.9250  0.000e+00
    135.867    11.7763   4.012614    35.2756       2144     8.9292  0.000e+00
    135.831    11.7764   4.012686    35.2762       2145     8.9333  0.000e+00
    135.795    11.7767   4.012893    35.2779       2146     8.9375  0.000e+00
    135.753    11.7775   4.013185    35.2801       2147     8.9417  0.000e+00
    135.713    11.7790   4.013233    35.2791       2148     8.9458  0.000e+00
    135.659    11.7806   4.013282    35.2781       2149     8.9500  0.000e+00
    135.599    11.7819   4.013257    35.2767       2150     8.9542  0.000e+00
    135.536    11.7826   4.013373    35.2772       2151     8.9583  0.000e+00
    135.464    11.7833   4.013415    35.2769       2152     8.9625  0.000e+00
    135.377    11.7842   4.013494    35.2770       2153     8.9667  0.000e+00
    135.281    11.7847   4.013543    35.2769       2154     8.9708  0.000e+00
    135.189    11.7856   4.013591    35.2766       2155     8.9750  0.000e+00
    135.078    11.7862   4.013591    35.2761       2156     8.9792  0.000e+00
    134.963    11.7867   4.013737    35.2771       2157     8.9833  0.000e+00
    134.856    11.7875   4.013828    35.2773       2158     8.9875  0.000e+00
    134.743    11.7883   4.013828    35.2765       2159     8.9917  0.000e+00
    134.628    11.7892   4.014016    35.2776       2160     8.9958  0.000e+00
    134.517    11.7903   4.014186    35.2783       2161     9.0000  0.000e+00
    134.405    11.7918   4.014241    35.2774       2162     9.0042  0.000e+00
    134.291    11.7930   4.014283    35.2768       2163     9.0083  0.000e+00
    134.181    11.7940   4.014302    35.2761       2164     9.0125  0.000e+00
    134.072    11.7947   4.014326    35.2757       2165     9.0167  0.000e+00
    133.959    11.7954   4.014399    35.2758       2166     9.0208  0.000e+00
    133.841    11.7957   4.014472    35.2763       2167     9.0250  0.000e+00
    133.722    11.7966   4.014447    35.2752       2168     9.0292  0.000e+00
    133.604    11.7969   4.014593    35.2764       2169     9.0333  0.000e+00
    133.488    11.7977   4.015188    35.2816       2170     9.0375  0.000e+00
    133.376    11.8000   4.015304    35.2805       2171     9.0417  0.000e+00
    133.275    11.8026   4.015352    35.2786       2172     9.0458  0.000e+00
    133.168    11.8047   4.015401    35.2772       2173     9.0500  0.000e+00
    133.079    11.8062   4.015522    35.2769       2174     9.0542  0.000e+00
    132.998    11.8074   4.015662    35.2772       2175     9.0583  0.000e+00
    132.924    11.8088   4.015784    35.2771       2176     9.0625  0.000e+00
    132.855    11.8101   4.015832    35.2764       2177     9.0667  0.000e+00
    132.797    11.8113   4.015929    35.2762       2178     9.0708  0.000e+00
    132.746    11.8125   4.016118    35.2770       2179     9.0750  0.000e+00
    132.707    11.8141   4.016476    35.2790       2180     9.0792  0.000e+00
    132.670    11.8161   4.016713    35.2794       2181     9.0833  0.000e+00
    132.640    11.8186   4.016901    35.2789       2182     9.0875  0.000e+00
    132.612    11.8211   4.017163    35.2791       2183     9.0917  0.000e+00
    132.582    11.8237   4.017381    35.2789       2184     9.0958  0.000e+00
    132.547    11.8262   4.017570    35.2783       2185     9.1000  0.000e+00
    132.517    11.8285   4.017740    35.2778       2186     9.1042  0.000e+00
    132.477    11.8308   4.017855    35.2768       2187     9.1083  0.000e+00
    132.426    11.8329   4.017916    35.2754       2188     9.1125  0.000e+00
    132.370    11.8345   4.017953    35.2742       2189     9.1167  0.000e+00
    132.310    11.8357   4.018025    35.2739       2190     9.1208  0.000e+00
    132.236    11.8369   4.018074    35.2732       2191     9.1250  0.000e+00
    132.151    11.8376   4.018165    35.2735       2192     9.1292  0.000e+00
    132.061    11.8386   4.018354    35.2745       2193     9.1333  0.000e+00
    131.956    11.8398   4.018433    35.2742       2194     9.1375  0.000e+00
    131.845    11.8412   4.018499    35.2735       2195     9.1417  0.000e+00
    131.724    11.8424   4.018572    35.2731       2196     9.1458  0.000e+00
    131.592    11.8435   4.018767    35.2741       2197     9.1500  0.000e+00
    131.469    11.8450   4.019156    35.2765       2198     9.1542  0.000e+00
    131.335    11.8471   4.019192    35.2749       2199     9.1583  0.000e+00
    131.202    11.8491   4.019338    35.2745       2200     9.1625  0.000e+00
    131.071    11.8509   4.019623    35.2757       2201     9.1667  0.000e+00
    130.950    11.8532   4.020055    35.2778       2202     9.1708  0.000e+00
    130.831    11.8562   4.020116    35.2756       2203     9.1750  0.000e+00
    130.728    11.8588   4.020146    35.2734       2204     9.1792  0.000e+00
    130.628    11.8610   4.020146    35.2714       2205     9.1833  0.000e+00
    130.536    11.8626   4.020103    35.2695       2206     9.1875  0.000e+00
    130.451    11.8634   4.019982    35.2676       2207     9.1917  0.000e+00
    130.370    11.8643   4.019909    35.2661       2208     9.1958  0.000e+00
    130.297    11.8648   4.019909    35.2656       2209     9.2000  0.000e+00
    130.230    11.8650   4.019909    35.2655       2210     9.2042  0.000e+00
    130.167    11.8654   4.019884    35.2649       2211     9.2083  0.000e+00
    130.107    11.8655   4.019909    35.2651       2212     9.2125  0.000e+00
    130.048    11.8656   4.019909    35.2650       2213     9.2167  0.000e+00
    129.984    11.8657   4.019860    35.2645       2214     9.2208  0.000e+00
    129.932    11.8658   4.019860    35.2644       2215     9.2250  0.000e+00
    129.874    11.8661   4.019860    35.2641       2216     9.2292  0.000e+00
    129.809    11.8664   4.019860    35.2639       2217     9.2333  0.000e+00
    129.746    11.8663   4.019836    35.2638       2218     9.2375  0.000e+00
    129.673    11.8664   4.019957    35.2649       2219     9.2417  0.000e+00
    129.608    11.8669   4.020127    35.2661       2220     9.2458  0.000e+00
    129.536    11.8682   4.020267    35.2663       2221     9.2500  0.000e+00
    129.461    11.8694   4.020389    35.2663       2222     9.2542  0.000e+00
    129.389    11.8708   4.020480    35.2659       2223     9.2583  0.000e+00
    129.315    11.8721   4.020577    35.2657       2224     9.2625  0.000e+00
    129.233    11.8732   4.020650    35.2654       2225     9.2667  0.000e+00
    129.152    11.8740   4.020771    35.2659       2226     9.2708  0.000e+00
    129.071    11.8752   4.020960    35.2667       2227     9.2750  0.000e+00
    128.986    11.8766   4.021106    35.2668       2228     9.2792  0.000e+00
    128.901    11.8777   4.021197    35.2666       2229     9.2833  0.000e+00
    128.821    11.8791   4.021221    35.2656       2230     9.2875  0.000e+00
    128.738    11.8802   4.021343    35.2658       2231     9.2917  0.000e+00
    128.656    11.8812   4.021507    35.2665       2232     9.2958  0.000e+00
    128.582    11.8824   4.021628    35.2666       2233     9.3000  0.000e+00
    128.513    11.8838   4.021677    35.2658       2234     9.3042  0.000e+00
    128.445    11.8847   4.021750    35.2656       2235     9.3083  0.000e+00
    128.381    11.8858   4.021817    35.2652       2236     9.3125  0.000e+00
    128.322    11.8870   4.021853    35.2646       2237     9.3167  0.000e+00
    128.255    11.8877   4.021841    35.2638       2238     9.3208  0.000e+00
    128.193    11.8884   4.021774    35.2625       2239     9.3250  0.000e+00
    128.126    11.8888   4.021677    35.2612       2240     9.3292  0.000e+00
    128.070    11.8888   4.021671    35.2612       2241     9.3333  0.000e+00
    128.007    11.8891   4.021677    35.2610       2242     9.3375  0.000e+00
    127.942    11.8890   4.021677    35.2611       2243     9.3417  0.000e+00
    127.871    11.8891   4.021701    35.2612       2244     9.3458  0.000e+00
    127.799    11.8891   4.021725    35.2616       2245     9.3500  0.000e+00
    127.729    11.8895   4.021713    35.2611       2246     9.3542  0.000e+00
    127.656    11.8896   4.021677    35.2606       2247     9.3583  0.000e+00
    127.578    11.8898   4.021628    35.2600       2248     9.3625  0.000e+00
    127.497    11.8900   4.021652    35.2601       2249     9.3667  0.000e+00
    127.408    11.8902   4.021628    35.2597       2250     9.3708  0.000e+00
    127.320    11.8905   4.021597    35.2592       2251     9.3750  0.000e+00
    127.237    11.8907   4.021555    35.2586       2252     9.3792  0.000e+00
    127.150    11.8907   4.021555    35.2586       2253     9.3833  0.000e+00
    127.061    11.8907   4.021530    35.2584       2254     9.3875  0.000e+00
    126.980    11.8907   4.021506    35.2582       2255     9.3917  0.000e+00
    126.895    11.8908   4.021506    35.2582       2256     9.3958  0.000e+00
    126.811    11.8909   4.021482    35.2579       2257     9.4000  0.000e+00
    126.734    11.8909   4.021482    35.2579       2258     9.4042  0.000e+00
    126.658    11.8907   4.021482    35.2581       2259     9.4083  0.000e+00
    126.580    11.8909   4.021463    35.2578       2260     9.4125  0.000e+00
    126.509    11.8910   4.021439    35.2575       2261     9.4167  0.000e+00
    126.439    11.8909   4.021415    35.2574       2262     9.4208  0.000e+00
    126.366    11.8910   4.021390    35.2571       2263     9.4250  0.000e+00
    126.292    11.8909   4.021366    35.2569       2264     9.4292  0.000e+00
    126.214    11.8909   4.021348    35.2568       2265     9.4333  0.000e+00
    126.142    11.8909   4.021390    35.2572       2266     9.4375  0.000e+00
