HB2304/sbe068.cnv
* Sea-Bird SBE 19plus V2 Data File:
* FileName = C:\cruise\data\sbe068.hex
* Software Version Seasave V 7.26.7.121
* Temperature SN = 7037
* Conductivity SN = 7037
* System UpLoad Time = Oct 14 2023 06:11:57
** Ship: Bigelow
** Cruise:  HB2304
** Program:  Fall Bottom Trawl
# nquan = 7
# nvalues = 2167                                  
# units = specified
# name 0 = depSM: Depth [salt water, m], lat = 40.00
# name 1 = tv290C: Temperature [ITS-90, deg C]
# name 2 = c0S/m: Conductivity [S/m]
# name 3 = sal00: Salinity, Practical [PSU]
# name 4 = scan: Scan Count
# name 5 = timeM: Time, Elapsed [minutes]
# name 6 = flag:  0.000e+00
# span 0 =     -0.090,    108.313                 
# span 1 =     8.9819,    15.0143                 
# span 2 =  -0.000002,   3.988498                 
# span 3 =     0.0000,    34.2164                 
# span 4 =         11,       2177                 
# span 5 =     0.0417,     9.0667                 
# span 6 = 0.0000e+00, 0.0000e+00                 
# interval = seconds: 0.25
# start_time = Oct 14 2023 06:11:57 [System UTC, header]
# bad_flag = -9.990e-29
*END*
[from data line 1231]
     63.888     9.4461   3.568703    33.0279       1242     5.1708  0.000e+00
     63.922     9.4460   3.568749    33.0284       1243     5.1750  0.000e+00
     63.976     9.4462   3.568789    33.0286       1244     5.1792  0.000e+00
     64.048     9.4465   3.568789    33.0283       1245     5.1833  0.000e+00
     64.133     9.4469   3.568726    33.0273       1246     5.1875  0.000e+00
     64.220     9.4465   3.568703    33.0273       1247     5.1917  0.000e+00
     64.301     9.4461   3.568749    33.0281       1248     5.1958  0.000e+00
     64.368     9.4459   3.568726    33.0281       1249     5.2000  0.000e+00
     64.419     9.4456   3.568662    33.0276       1250     5.2042  0.000e+00
     64.451     9.4454   3.568790    33.0292       1251     5.2083  0.000e+00
     64.462     9.4460   3.568824    33.0289       1252     5.2125  0.000e+00
     64.441     9.4479   3.568639    33.0253       1253     5.2167  0.000e+00
     64.390     9.4478   3.569027    33.0294       1254     5.2208  0.000e+00
     64.307     9.4495   3.569050    33.0281       1255     5.2250  0.000e+00
     64.196     9.4519   3.569027    33.0257       1256     5.2292  0.000e+00
     64.066     9.4530   3.569073    33.0252       1257     5.2333  0.000e+00
     63.927     9.4540   3.569114    33.0248       1258     5.2375  0.000e+00
     63.781     9.4552   3.569050    33.0231       1259     5.2417  0.000e+00
     63.633     9.4552   3.569177    33.0245       1260     5.2458  0.000e+00
     63.479     9.4558   3.569287    33.0251       1261     5.2500  0.000e+00
     63.343     9.4569   3.569351    33.0248       1262     5.2542  0.000e+00
     63.222     9.4581   3.569374    33.0240       1263     5.2583  0.000e+00
     63.123     9.4588   3.569334    33.0230       1264     5.2625  0.000e+00
     63.045     9.4599   3.569420    33.0229       1265     5.2667  0.000e+00
     62.982     9.4615   3.569612    33.0234       1266     5.2708  0.000e+00
     62.935     9.4634   3.569635    33.0220       1267     5.2750  0.000e+00
     62.918     9.4650   3.569698    33.0212       1268     5.2792  0.000e+00
     62.922     9.4662   3.569745    33.0205       1269     5.2833  0.000e+00
     62.940     9.4672   3.569721    33.0193       1270     5.2875  0.000e+00
     62.971     9.4680   3.569762    33.0190       1271     5.2917  0.000e+00
     63.010     9.4683   3.569808    33.0191       1272     5.2958  0.000e+00
     63.063     9.4689   3.569629    33.0168       1273     5.3000  0.000e+00
     63.122     9.4686   3.569675    33.0175       1274     5.3042  0.000e+00
     63.178     9.4685   3.569675    33.0175       1275     5.3083  0.000e+00
     63.227     9.4683   3.569698    33.0179       1276     5.3125  0.000e+00
     63.269     9.4685   3.569635    33.0171       1277     5.3167  0.000e+00
     63.290     9.4684   3.569722    33.0181       1278     5.3208  0.000e+00
     63.301     9.4685   3.569698    33.0177       1279     5.3250  0.000e+00
     63.290     9.4684   3.569635    33.0172       1280     5.3292  0.000e+00
     63.256     9.4683   3.569612    33.0171       1281     5.3333  0.000e+00
     63.200     9.4681   3.569333    33.0144       1282     5.3375  0.000e+00
     63.126     9.4674   3.569484    33.0166       1283     5.3417  0.000e+00
     63.041     9.4667   3.569438    33.0168       1284     5.3458  0.000e+00
     62.945     9.4667   3.569351    33.0160       1285     5.3500  0.000e+00
     62.858     9.4664   3.569484    33.0177       1286     5.3542  0.000e+00
     62.759     9.4663   3.569420    33.0172       1287     5.3583  0.000e+00
     62.672     9.4663   3.569049    33.0133       1288     5.3625  0.000e+00
     62.582     9.4655   3.568922    33.0128       1289     5.3667  0.000e+00
     62.511     9.4642   3.568852    33.0134       1290     5.3708  0.000e+00
     62.459     9.4630   3.568679    33.0127       1291     5.3750  0.000e+00
     62.413     9.4621   3.568679    33.0136       1292     5.3792  0.000e+00
     62.381     9.4615   3.568661    33.0139       1293     5.3833  0.000e+00
     62.354     9.4611   3.568656    33.0143       1294     5.3875  0.000e+00
     62.330     9.4610   3.568661    33.0144       1295     5.3917  0.000e+00
     62.319     9.4608   3.568661    33.0146       1296     5.3958  0.000e+00
     62.305     9.4607   3.568679    33.0149       1297     5.4000  0.000e+00
     62.292     9.4606   3.568702    33.0152       1298     5.4042  0.000e+00
     62.267     9.4604   3.568661    33.0150       1299     5.4083  0.000e+00
     62.244     9.4604   3.568661    33.0150       1300     5.4125  0.000e+00
     62.213     9.4604   3.568661    33.0150       1301     5.4167  0.000e+00
     62.164     9.4604   3.568638    33.0148       1302     5.4208  0.000e+00
     62.115     9.4603   3.568592    33.0144       1303     5.4250  0.000e+00
     62.066     9.4602   3.568615    33.0147       1304     5.4292  0.000e+00
     62.012     9.4603   3.568592    33.0145       1305     5.4333  0.000e+00
     61.958     9.4604   3.568551    33.0140       1306     5.4375  0.000e+00
     61.913     9.4604   3.568551    33.0140       1307     5.4417  0.000e+00
     61.866     9.4606   3.568528    33.0136       1308     5.4458  0.000e+00
     61.833     9.4605   3.568528    33.0137       1309     5.4500  0.000e+00
     61.799     9.4606   3.568551    33.0139       1310     5.4542  0.000e+00
     61.770     9.4608   3.568528    33.0135       1311     5.4583  0.000e+00
     61.748     9.4609   3.568528    33.0134       1312     5.4625  0.000e+00
     61.730     9.4606   3.568528    33.0136       1313     5.4667  0.000e+00
     61.710     9.4608   3.568510    33.0133       1314     5.4708  0.000e+00
     61.688     9.4608   3.568487    33.0131       1315     5.4750  0.000e+00
     61.670     9.4609   3.568487    33.0130       1316     5.4792  0.000e+00
     61.636     9.4609   3.568493    33.0131       1317     5.4833  0.000e+00
     61.594     9.4610   3.568487    33.0129       1318     5.4875  0.000e+00
     61.545     9.4609   3.568487    33.0131       1319     5.4917  0.000e+00
     61.493     9.4611   3.568487    33.0129       1320     5.4958  0.000e+00
     61.431     9.4612   3.568487    33.0129       1321     5.5000  0.000e+00
     61.372     9.4613   3.568487    33.0128       1322     5.5042  0.000e+00
     61.310     9.4614   3.568487    33.0127       1323     5.5083  0.000e+00
     61.240     9.4613   3.568464    33.0126       1324     5.5125  0.000e+00
     61.176     9.4611   3.568464    33.0128       1325     5.5167  0.000e+00
     61.113     9.4610   3.568441    33.0127       1326     5.5208  0.000e+00
     61.052     9.4610   3.568423    33.0125       1327     5.5250  0.000e+00
     61.005     9.4610   3.568441    33.0127       1328     5.5292  0.000e+00
     60.952     9.4612   3.568423    33.0124       1329     5.5333  0.000e+00
     60.911     9.4617   3.568423    33.0120       1330     5.5375  0.000e+00
     60.874     9.4621   3.568464    33.0121       1331     5.5417  0.000e+00
     60.845     9.4622   3.568441    33.0117       1332     5.5458  0.000e+00
     60.829     9.4626   3.568441    33.0113       1333     5.5500  0.000e+00
     60.811     9.4626   3.568441    33.0113       1334     5.5542  0.000e+00
     60.793     9.4627   3.568464    33.0115       1335     5.5583  0.000e+00
     60.778     9.4628   3.568464    33.0114       1336     5.5625  0.000e+00
     60.766     9.4630   3.568464    33.0113       1337     5.5667  0.000e+00
     60.751     9.4631   3.568464    33.0112       1338     5.5708  0.000e+00
     60.726     9.4634   3.568470    33.0109       1339     5.5750  0.000e+00
     60.688     9.4637   3.568487    33.0108       1340     5.5792  0.000e+00
     60.646     9.4642   3.568487    33.0104       1341     5.5833  0.000e+00
     60.590     9.4643   3.568487    33.0103       1342     5.5875  0.000e+00
     60.527     9.4646   3.568487    33.0101       1343     5.5917  0.000e+00
     60.447     9.4648   3.568487    33.0099       1344     5.5958  0.000e+00
     60.359     9.4653   3.568464    33.0093       1345     5.6000  0.000e+00
     60.263     9.4654   3.568440    33.0091       1346     5.6042  0.000e+00
     60.163     9.4656   3.568464    33.0091       1347     5.6083  0.000e+00
     60.051     9.4659   3.568464    33.0089       1348     5.6125  0.000e+00
     59.946     9.4663   3.568440    33.0083       1349     5.6167  0.000e+00
     59.842     9.4668   3.568423    33.0077       1350     5.6208  0.000e+00
     59.735     9.4673   3.568440    33.0075       1351     5.6250  0.000e+00
     59.648     9.4678   3.568550    33.0082       1352     5.6292  0.000e+00
     59.568     9.4688   3.568765    33.0095       1353     5.6333  0.000e+00
     59.496     9.4704   3.568614    33.0065       1354     5.6375  0.000e+00
     59.445     9.4716   3.568637    33.0057       1355     5.6417  0.000e+00
     59.411     9.4722   3.569222    33.0112       1356     5.6458  0.000e+00
     59.395     9.4745   3.569373    33.0106       1357     5.6500  0.000e+00
     59.386     9.4775   3.568701    33.0009       1358     5.6542  0.000e+00
     59.404     9.4774   3.568660    33.0006       1359     5.6583  0.000e+00
     59.427     9.4759   3.568527    33.0006       1360     5.6625  0.000e+00
     59.454     9.4742   3.568469    33.0016       1361     5.6667  0.000e+00
     59.491     9.4723   3.568463    33.0032       1362     5.6708  0.000e+00
     59.523     9.4709   3.568463    33.0046       1363     5.6750  0.000e+00
     59.547     9.4700   3.568463    33.0054       1364     5.6792  0.000e+00
     59.561     9.4692   3.568463    33.0060       1365     5.6833  0.000e+00
     59.570     9.4689   3.568486    33.0066       1366     5.6875  0.000e+00
     59.556     9.4691   3.568510    33.0066       1367     5.6917  0.000e+00
     59.525     9.4696   3.568527    33.0064       1368     5.6958  0.000e+00
     59.475     9.4705   3.568550    33.0058       1369     5.7000  0.000e+00
     59.408     9.4712   3.568660    33.0063       1370     5.7042  0.000e+00
     59.330     9.4723   3.568938    33.0082       1371     5.7083  0.000e+00
     59.236     9.4742   3.568938    33.0065       1372     5.7125  0.000e+00
     59.129     9.4758   3.568874    33.0044       1373     5.7167  0.000e+00
     59.017     9.4769   3.568834    33.0031       1374     5.7208  0.000e+00
     58.905     9.4773   3.568851    33.0029       1375     5.7250  0.000e+00
     58.770     9.4776   3.568984    33.0041       1376     5.7292  0.000e+00
     58.652     9.4783   3.569459    33.0083       1377     5.7333  0.000e+00
     58.538     9.4804   3.569847    33.0105       1378     5.7375  0.000e+00
     58.439     9.4837   3.569847    33.0075       1379     5.7417  0.000e+00
     58.347     9.4865   3.570195    33.0085       1380     5.7458  0.000e+00
     58.269     9.4892   3.570241    33.0065       1381     5.7500  0.000e+00
     58.205     9.4916   3.570305    33.0049       1382     5.7542  0.000e+00
     58.157     9.4936   3.570253    33.0026       1383     5.7583  0.000e+00
     58.128     9.4949   3.570305    33.0020       1384     5.7625  0.000e+00
     58.109     9.4963   3.570281    33.0005       1385     5.7667  0.000e+00
     58.106     9.4975   3.570241    32.9989       1386     5.7708  0.000e+00
     58.126     9.4978   3.570281    32.9990       1387     5.7750  0.000e+00
     58.154     9.4984   3.570305    32.9988       1388     5.7792  0.000e+00
     58.185     9.4986   3.570305    32.9985       1389     5.7833  0.000e+00
     58.214     9.4986   3.570258    32.9981       1390     5.7875  0.000e+00
     58.238     9.4978   3.570131    32.9974       1391     5.7917  0.000e+00
     58.245     9.4968   3.570218    32.9993       1392     5.7958  0.000e+00
     58.236     9.4963   3.570171    32.9993       1393     5.8000  0.000e+00
     58.194     9.4960   3.570084    32.9987       1394     5.8042  0.000e+00
     58.136     9.4954   3.570241    33.0009       1395     5.8083  0.000e+00
     58.060     9.4957   3.570218    33.0004       1396     5.8125  0.000e+00
     57.970     9.4964   3.570194    32.9996       1397     5.8167  0.000e+00
     57.881     9.4969   3.570044    32.9976       1398     5.8208  0.000e+00
     57.800     9.4968   3.569916    32.9964       1399     5.8250  0.000e+00
     57.711     9.4962   3.569847    32.9963       1400     5.8292  0.000e+00
     57.625     9.4953   3.569893    32.9976       1401     5.8333  0.000e+00
     57.567     9.4949   3.569847    32.9975       1402     5.8375  0.000e+00
     57.522     9.4945   3.569714    32.9966       1403     5.8417  0.000e+00
     57.489     9.4939   3.569673    32.9967       1404     5.8458  0.000e+00
     57.476     9.4932   3.569656    32.9972       1405     5.8500  0.000e+00
     57.489     9.4927   3.569586    32.9969       1406     5.8542  0.000e+00
     57.512     9.4923   3.569569    32.9971       1407     5.8583  0.000e+00
     57.554     9.4920   3.569569    32.9974       1408     5.8625  0.000e+00
     57.614     9.4918   3.569609    32.9979       1409     5.8667  0.000e+00
     57.672     9.4916   3.569632    32.9983       1410     5.8708  0.000e+00
     57.713     9.4916   3.569656    32.9985       1411     5.8750  0.000e+00
     57.751     9.4918   3.569656    32.9984       1412     5.8792  0.000e+00
     57.766     9.4918   3.569656    32.9984       1413     5.8833  0.000e+00
     57.765     9.4916   3.569609    32.9981       1414     5.8875  0.000e+00
     57.738     9.4914   3.569609    32.9982       1415     5.8917  0.000e+00
     57.688     9.4911   3.569586    32.9983       1416     5.8958  0.000e+00
     57.619     9.4909   3.569632    32.9990       1417     5.9000  0.000e+00
     57.525     9.4909   3.569586    32.9985       1418     5.9042  0.000e+00
     57.420     9.4910   3.569847    33.0012       1419     5.9083  0.000e+00
     57.315     9.4921   3.570432    33.0062       1420     5.9125  0.000e+00
     57.194     9.4955   3.570866    33.0077       1421     5.9167  0.000e+00
     57.079     9.5008   3.571341    33.0076       1422     5.9208  0.000e+00
     56.961     9.5082   3.571579    33.0033       1423     5.9250  0.000e+00
     56.856     9.5155   3.571700    32.9979       1424     5.9292  0.000e+00
     56.766     9.5218   3.571538    32.9905       1425     5.9333  0.000e+00
     56.708     9.5262   3.571515    32.9863       1426     5.9375  0.000e+00
     56.672     9.5292   3.571491    32.9833       1427     5.9417  0.000e+00
     56.661     9.5314   3.571515    32.9815       1428     5.9458  0.000e+00
     56.679     9.5333   3.571515    32.9797       1429     5.9500  0.000e+00
     56.719     9.5345   3.571515    32.9786       1430     5.9542  0.000e+00
     56.767     9.5350   3.571515    32.9781       1431     5.9583  0.000e+00
     56.824     9.5350   3.571578    32.9788       1432     5.9625  0.000e+00
     56.883     9.5345   3.571712    32.9805       1433     5.9667  0.000e+00
     56.930     9.5343   3.571822    32.9819       1434     5.9708  0.000e+00
     56.954     9.5342   3.571839    32.9821       1435     5.9750  0.000e+00
     56.963     9.5338   3.571839    32.9825       1436     5.9792  0.000e+00
     56.959     9.5336   3.571839    32.9826       1437     5.9833  0.000e+00
     56.930     9.5335   3.571822    32.9826       1438     5.9875  0.000e+00
     56.878     9.5335   3.571752    32.9819       1439     5.9917  0.000e+00
     56.811     9.5337   3.571602    32.9802       1440     5.9958  0.000e+00
     56.729     9.5337   3.571561    32.9798       1441     6.0000  0.000e+00
     56.639     9.5343   3.571625    32.9799       1442     6.0042  0.000e+00
     56.550     9.5356   3.571827    32.9809       1443     6.0083  0.000e+00
     56.465     9.5374   3.571949    32.9805       1444     6.0125  0.000e+00
     56.390     9.5391   3.572123    32.9807       1445     6.0167  0.000e+00
