HB2304/sbe084.cnv
* Sea-Bird SBE 19plus V2 Data File:
* FileName = C:\cruise\data\sbe084.hex
* Software Version Seasave V 7.26.7.121
* Temperature SN = 7037
* Conductivity SN = 7037
* System UpLoad Time = Oct 19 2023 07:44:40
** Ship: Bigelow
** Cruise:  HB2304
** Program:  Fall Bottom Trawl
# nquan = 7
# nvalues = 1282                                  
# units = specified
# name 0 = depSM: Depth [salt water, m], lat = 40.00
# name 1 = tv290C: Temperature [ITS-90, deg C]
# name 2 = c0S/m: Conductivity [S/m]
# name 3 = sal00: Salinity, Practical [PSU]
# name 4 = scan: Scan Count
# name 5 = timeM: Time, Elapsed [minutes]
# name 6 = flag:  0.000e+00
# span 0 =      0.031,     59.852                 
# span 1 =    12.2996,    13.7695                 
# span 2 =  -0.000018,   3.853521                 
# span 3 =     0.0000,    32.1992                 
# span 4 =         11,       1292                 
# span 5 =     0.0417,     5.3792                 
# span 6 = 0.0000e+00, 0.0000e+00                 
# interval = seconds: 0.25
# start_time = Oct 19 2023 07:44:40 [System UTC, header]
# bad_flag = -9.990e-29
*END*
[from data line 206]
     17.053    13.5415   3.830798    32.0121        217     0.9000  0.000e+00
     17.219    13.5416   3.831024    32.0140        218     0.9042  0.000e+00
     17.392    13.5421   3.831293    32.0160        219     0.9083  0.000e+00
     17.560    13.5434   3.831478    32.0166        220     0.9125  0.000e+00
     17.725    13.5432   3.831430    32.0162        221     0.9167  0.000e+00
     17.893    13.5445   3.831585    32.0165        222     0.9208  0.000e+00
     18.056    13.5460   3.831967    32.0188        223     0.9250  0.000e+00
     18.218    13.5470   3.832062    32.0187        224     0.9292  0.000e+00
     18.377    13.5488   3.832330    32.0196        225     0.9333  0.000e+00
     18.534    13.5510   3.832688    32.0211        226     0.9375  0.000e+00
     18.688    13.5535   3.832843    32.0204        227     0.9417  0.000e+00
     18.842    13.5579   3.833117    32.0192        228     0.9458  0.000e+00
     18.992    13.5609   3.833207    32.0174        229     0.9500  0.000e+00
     19.149    13.5638   3.833457    32.0172        230     0.9542  0.000e+00
     19.299    13.5656   3.833690    32.0179        231     0.9583  0.000e+00
     19.449    13.5663   3.833660    32.0169        232     0.9625  0.000e+00
     19.606    13.5683   3.833797    32.0165        233     0.9667  0.000e+00
     19.761    13.5717   3.833618    32.0119        234     0.9708  0.000e+00
     19.910    13.5734   3.833290    32.0074        235     0.9750  0.000e+00
     20.067    13.5727   3.832891    32.0042        236     0.9792  0.000e+00
     20.220    13.5707   3.832736    32.0044        237     0.9833  0.000e+00
     20.370    13.5688   3.832444    32.0032        238     0.9875  0.000e+00
     20.533    13.5670   3.832557    32.0057        239     0.9917  0.000e+00
     20.685    13.5635   3.833368    32.0161        240     0.9958  0.000e+00
     20.836    13.5623   3.833571    32.0189        241     1.0000  0.000e+00
     20.992    13.5641   3.833315    32.0150        242     1.0042  0.000e+00
     21.146    13.5652   3.833190    32.0128        243     1.0083  0.000e+00
     21.299    13.5653   3.833279    32.0135        244     1.0125  0.000e+00
     21.447    13.5654   3.833482    32.0152        245     1.0167  0.000e+00
     21.601    13.5651   3.833482    32.0155        246     1.0208  0.000e+00
     21.751    13.5652   3.833345    32.0140        247     1.0250  0.000e+00
     21.903    13.5651   3.832939    32.0103        248     1.0292  0.000e+00
     22.053    13.5629   3.832874    32.0114        249     1.0333  0.000e+00
     22.208    13.5589   3.832493    32.0112        250     1.0375  0.000e+00
     22.362    13.5550   3.832397    32.0135        251     1.0417  0.000e+00
     22.517    13.5500   3.832266    32.0164        252     1.0458  0.000e+00
     22.673    13.5455   3.832159    32.0191        253     1.0500  0.000e+00
     22.828    13.5433   3.832380    32.0230        254     1.0542  0.000e+00
     22.985    13.5418   3.832875    32.0288        255     1.0583  0.000e+00
     23.146    13.5400   3.833369    32.0348        256     1.0625  0.000e+00
     23.300    13.5413   3.833483    32.0347        257     1.0667  0.000e+00
     23.457    13.5458   3.833709    32.0330        258     1.0708  0.000e+00
     23.612    13.5499   3.833727    32.0297        259     1.0750  0.000e+00
     23.770    13.5533   3.833751    32.0269        260     1.0792  0.000e+00
     23.920    13.5560   3.833596    32.0232        261     1.0833  0.000e+00
     24.070    13.5584   3.833435    32.0197        262     1.0875  0.000e+00
     24.221    13.5589   3.832672    32.0120        263     1.0917  0.000e+00
     24.369    13.5575   3.831045    31.9981        264     1.0958  0.000e+00
     24.514    13.5544   3.830181    31.9925        265     1.1000  0.000e+00
     24.659    13.5507   3.829698    31.9911        266     1.1042  0.000e+00
     24.809    13.5471   3.829603    31.9931        267     1.1083  0.000e+00
     24.951    13.5440   3.829478    31.9946        268     1.1125  0.000e+00
     25.101    13.5412   3.829382    31.9959        269     1.1167  0.000e+00
     25.248    13.5390   3.829829    32.0019        270     1.1208  0.000e+00
     25.409    13.5368   3.831546    32.0196        271     1.1250  0.000e+00
     25.575    13.5318   3.832750    32.0350        272     1.1292  0.000e+00
     25.743    13.5280   3.832739    32.0380        273     1.1333  0.000e+00
     25.916    13.5274   3.837593    32.0836        274     1.1375  0.000e+00
     26.095    13.5419   3.851328    32.1992        275     1.1417  0.000e+00
     26.278    13.5968   3.852139    32.1605        276     1.1458  0.000e+00
     26.466    13.6501   3.852437    32.1184        277     1.1500  0.000e+00
     26.659    13.6876   3.852551    32.0879        278     1.1542  0.000e+00
     26.849    13.7118   3.852592    32.0680        279     1.1583  0.000e+00
     27.039    13.7271   3.852634    32.0555        280     1.1625  0.000e+00
     27.232    13.7365   3.852705    32.0482        281     1.1667  0.000e+00
     27.418    13.7425   3.852664    32.0427        282     1.1708  0.000e+00
     27.593    13.7461   3.852688    32.0399        283     1.1750  0.000e+00
     27.760    13.7482   3.852706    32.0382        284     1.1792  0.000e+00
     27.921    13.7497   3.852706    32.0369        285     1.1833  0.000e+00
     28.074    13.7507   3.852843    32.0373        286     1.1875  0.000e+00
     28.215    13.7516   3.852867    32.0367        287     1.1917  0.000e+00
     28.353    13.7524   3.852843    32.0358        288     1.1958  0.000e+00
     28.477    13.7528   3.852843    32.0353        289     1.2000  0.000e+00
     28.604    13.7530   3.852897    32.0356        290     1.2042  0.000e+00
     28.725    13.7531   3.852915    32.0357        291     1.2083  0.000e+00
     28.839    13.7536   3.852957    32.0356        292     1.2125  0.000e+00
     28.949    13.7538   3.852981    32.0356        293     1.2167  0.000e+00
     29.056    13.7542   3.852945    32.0349        294     1.2208  0.000e+00
     29.171    13.7542   3.852981    32.0352        295     1.2250  0.000e+00
     29.294    13.7542   3.852981    32.0352        296     1.2292  0.000e+00
     29.412    13.7541   3.852981    32.0352        297     1.2333  0.000e+00
     29.533    13.7539   3.853029    32.0357        298     1.2375  0.000e+00
     29.663    13.7542   3.853041    32.0356        299     1.2417  0.000e+00
     29.795    13.7541   3.853029    32.0355        300     1.2458  0.000e+00
     29.928    13.7542   3.853071    32.0357        301     1.2500  0.000e+00
     30.082    13.7543   3.853095    32.0358        302     1.2542  0.000e+00
     30.236    13.7545   3.853089    32.0355        303     1.2583  0.000e+00
     30.393    13.7547   3.853095    32.0354        304     1.2625  0.000e+00
     30.559    13.7545   3.853184    32.0363        305     1.2667  0.000e+00
     30.725    13.7548   3.853161    32.0357        306     1.2708  0.000e+00
     30.897    13.7550   3.853232    32.0362        307     1.2750  0.000e+00
     31.063    13.7553   3.853226    32.0358        308     1.2792  0.000e+00
     31.235    13.7553   3.853274    32.0362        309     1.2833  0.000e+00
     31.401    13.7556   3.853274    32.0358        310     1.2875  0.000e+00
     31.564    13.7559   3.853298    32.0358        311     1.2917  0.000e+00
     31.725    13.7561   3.853322    32.0358        312     1.2958  0.000e+00
     31.889    13.7561   3.853298    32.0355        313     1.3000  0.000e+00
     32.054    13.7562   3.853322    32.0356        314     1.3042  0.000e+00
     32.213    13.7561   3.853322    32.0356        315     1.3083  0.000e+00
     32.383    13.7562   3.853323    32.0355        316     1.3125  0.000e+00
     32.547    13.7559   3.853346    32.0358        317     1.3167  0.000e+00
     32.719    13.7562   3.853347    32.0356        318     1.3208  0.000e+00
     32.889    13.7562   3.853388    32.0358        319     1.3250  0.000e+00
     33.060    13.7562   3.853371    32.0356        320     1.3292  0.000e+00
     33.238    13.7562   3.853371    32.0355        321     1.3333  0.000e+00
     33.415    13.7562   3.853371    32.0354        322     1.3375  0.000e+00
     33.593    13.7561   3.853323    32.0351        323     1.3417  0.000e+00
     33.765    13.7558   3.853323    32.0352        324     1.3458  0.000e+00
     33.937    13.7554   3.853299    32.0353        325     1.3500  0.000e+00
     34.098    13.7553   3.853347    32.0357        326     1.3542  0.000e+00
     34.268    13.7553   3.853371    32.0359        327     1.3583  0.000e+00
     34.421    13.7553   3.853389    32.0360        328     1.3625  0.000e+00
     34.564    13.7554   3.853413    32.0361        329     1.3667  0.000e+00
     34.707    13.7555   3.853437    32.0362        330     1.3708  0.000e+00
     34.839    13.7559   3.853443    32.0359        331     1.3750  0.000e+00
     34.962    13.7559   3.853461    32.0359        332     1.3792  0.000e+00
     35.088    13.7561   3.853485    32.0360        333     1.3833  0.000e+00
     35.209    13.7560   3.853413    32.0353        334     1.3875  0.000e+00
     35.321    13.7560   3.853413    32.0353        335     1.3917  0.000e+00
     35.435    13.7558   3.853467    32.0359        336     1.3958  0.000e+00
     35.547    13.7558   3.853503    32.0362        337     1.4000  0.000e+00
     35.668    13.7559   3.853503    32.0361        338     1.4042  0.000e+00
     35.782    13.7559   3.853485    32.0359        339     1.4083  0.000e+00
     35.914    13.7560   3.853419    32.0351        340     1.4125  0.000e+00
     36.039    13.7558   3.853372    32.0348        341     1.4167  0.000e+00
     36.174    13.7554   3.853390    32.0352        342     1.4208  0.000e+00
     36.321    13.7551   3.853414    32.0357        343     1.4250  0.000e+00
     36.467    13.7549   3.853414    32.0358        344     1.4292  0.000e+00
     36.623    13.7549   3.853372    32.0353        345     1.4333  0.000e+00
     36.782    13.7545   3.853211    32.0341        346     1.4375  0.000e+00
     36.950    13.7536   3.853008    32.0329        347     1.4417  0.000e+00
     37.114    13.7522   3.852733    32.0314        348     1.4458  0.000e+00
     37.284    13.7504   3.852643    32.0321        349     1.4500  0.000e+00
     37.452    13.7484   3.852637    32.0336        350     1.4542  0.000e+00
     37.622    13.7470   3.852691    32.0352        351     1.4583  0.000e+00
     37.788    13.7461   3.852781    32.0367        352     1.4625  0.000e+00
     37.949    13.7458   3.852781    32.0370        353     1.4667  0.000e+00
     38.101    13.7459   3.852709    32.0361        354     1.4708  0.000e+00
     38.253    13.7458   3.852668    32.0358        355     1.4750  0.000e+00
     38.399    13.7453   3.852644    32.0359        356     1.4792  0.000e+00
     38.545    13.7449   3.852644    32.0362        357     1.4833  0.000e+00
     38.687    13.7445   3.852620    32.0362        358     1.4875  0.000e+00
     38.829    13.7442   3.852614    32.0364        359     1.4917  0.000e+00
     38.967    13.7441   3.852620    32.0365        360     1.4958  0.000e+00
     39.108    13.7440   3.852644    32.0367        361     1.5000  0.000e+00
     39.249    13.7438   3.852644    32.0369        362     1.5042  0.000e+00
     39.391    13.7437   3.852686    32.0372        363     1.5083  0.000e+00
     39.538    13.7438   3.852710    32.0373        364     1.5125  0.000e+00
     39.688    13.7440   3.852734    32.0373        365     1.5167  0.000e+00
     39.832    13.7441   3.852758    32.0374        366     1.5208  0.000e+00
     39.984    13.7444   3.852782    32.0373        367     1.5250  0.000e+00
     40.143    13.7444   3.852806    32.0374        368     1.5292  0.000e+00
     40.300    13.7446   3.852758    32.0368        369     1.5333  0.000e+00
     40.465    13.7450   3.852895    32.0377        370     1.5375  0.000e+00
     40.628    13.7454   3.852872    32.0371        371     1.5417  0.000e+00
     40.794    13.7455   3.852824    32.0364        372     1.5458  0.000e+00
     40.967    13.7453   3.852734    32.0357        373     1.5500  0.000e+00
     41.141    13.7451   3.852669    32.0352        374     1.5542  0.000e+00
     41.311    13.7442   3.852669    32.0359        375     1.5583  0.000e+00
     41.481    13.7438   3.852669    32.0361        376     1.5625  0.000e+00
     41.654    13.7434   3.852663    32.0364        377     1.5667  0.000e+00
     41.826    13.7432   3.852669    32.0366        378     1.5708  0.000e+00
     41.990    13.7429   3.852669    32.0368        379     1.5750  0.000e+00
     42.153    13.7427   3.852669    32.0369        380     1.5792  0.000e+00
     42.312    13.7426   3.852621    32.0364        381     1.5833  0.000e+00
     42.464    13.7421   3.852639    32.0370        382     1.5875  0.000e+00
     42.607    13.7421   3.852645    32.0369        383     1.5917  0.000e+00
     42.742    13.7418   3.852711    32.0378        384     1.5958  0.000e+00
     42.874    13.7421   3.852711    32.0374        385     1.6000  0.000e+00
     43.001    13.7421   3.852687    32.0372        386     1.6042  0.000e+00
     43.125    13.7422   3.852622    32.0364        387     1.6083  0.000e+00
     43.254    13.7428   3.852622    32.0359        388     1.6125  0.000e+00
     43.371    13.7412   3.852580    32.0368        389     1.6167  0.000e+00
     43.501    13.7420   3.852598    32.0362        390     1.6208  0.000e+00
     43.628    13.7409   3.852640    32.0375        391     1.6250  0.000e+00
     43.758    13.7409   3.852598    32.0370        392     1.6292  0.000e+00
     43.892    13.7425   3.852598    32.0357        393     1.6333  0.000e+00
     44.025    13.7410   3.852598    32.0369        394     1.6375  0.000e+00
     44.161    13.7407   3.852616    32.0372        395     1.6417  0.000e+00
     44.306    13.7409   3.852622    32.0371        396     1.6458  0.000e+00
     44.443    13.7407   3.852622    32.0372        397     1.6500  0.000e+00
     44.589    13.7409   3.852646    32.0371        398     1.6542  0.000e+00
     44.736    13.7407   3.852646    32.0373        399     1.6583  0.000e+00
     44.884    13.7408   3.852664    32.0373        400     1.6625  0.000e+00
     45.034    13.7408   3.852670    32.0373        401     1.6667  0.000e+00
     45.186    13.7406   3.852670    32.0374        402     1.6708  0.000e+00
     45.338    13.7406   3.852646    32.0372        403     1.6750  0.000e+00
     45.493    13.7407   3.852557    32.0361        404     1.6792  0.000e+00
     45.652    13.7402   3.852449    32.0355        405     1.6833  0.000e+00
     45.817    13.7398   3.852443    32.0358        406     1.6875  0.000e+00
     45.981    13.7390   3.852467    32.0365        407     1.6917  0.000e+00
     46.151    13.7385   3.852396    32.0363        408     1.6958  0.000e+00
     46.325    13.7381   3.852402    32.0366        409     1.7000  0.000e+00
     46.498    13.7376   3.852420    32.0371        410     1.7042  0.000e+00
     46.672    13.7373   3.852330    32.0364        411     1.7083  0.000e+00
     46.852    13.7369   3.852283    32.0362        412     1.7125  0.000e+00
     47.026    13.7363   3.852259    32.0365        413     1.7167  0.000e+00
     47.200    13.7358   3.852313    32.0374        414     1.7208  0.000e+00
     47.373    13.7354   3.852331    32.0378        415     1.7250  0.000e+00
     47.534    13.7355   3.852372    32.0380        416     1.7292  0.000e+00
     47.698    13.7355   3.852331    32.0375        417     1.7333  0.000e+00
     47.850    13.7355   3.852337    32.0376        418     1.7375  0.000e+00
     48.002    13.7353   3.852373    32.0380        419     1.7417  0.000e+00
     48.143    13.7353   3.852397    32.0381        420     1.7458  0.000e+00
