HB2304/sbe015.cnv
* Sea-Bird SBE 19plus V2 Data File:
* FileName = C:\cruise\data\sbe015.hex
* Software Version Seasave V 7.26.7.121
* Temperature SN = 7037
* Conductivity SN = 7037
* System UpLoad Time = Sep 14 2023 04:23:25
** Ship: Bigelow
** Cruise:  HB2304
** Program:  Fall Bottom Trawl
# nquan = 7
# nvalues = 1014                                  
# units = specified
# name 0 = depSM: Depth [salt water, m], lat = 40.00
# name 1 = tv290C: Temperature [ITS-90, deg C]
# name 2 = c0S/m: Conductivity [S/m]
# name 3 = sal00: Salinity, Practical [PSU]
# name 4 = scan: Scan Count
# name 5 = timeM: Time, Elapsed [minutes]
# name 6 = flag:  0.000e+00
# span 0 =     -0.059,     22.987                 
# span 1 =    16.1032,    25.7484                 
# span 2 =  -0.000100,   4.948592                 
# span 3 =     0.0000,    33.0215                 
# span 4 =         11,       1024                 
# span 5 =     0.0417,     4.2625                 
# span 6 = 0.0000e+00, 0.0000e+00                 
# interval = seconds: 0.25
# start_time = Sep 14 2023 04:23:25 [System UTC, header]
# bad_flag = -9.990e-29
*END*
[from data line 411]
     20.026    18.7903   4.429492    32.9857        422     1.7542  0.000e+00
     19.941    19.0958   4.463094    33.0215        423     1.7583  0.000e+00
     19.847    19.4483   4.468938    32.7911        424     1.7625  0.000e+00
     19.757    19.7350   4.467092    32.5523        425     1.7667  0.000e+00
     19.666    19.9387   4.466752    32.3920        426     1.7708  0.000e+00
     19.580    20.0926   4.469806    32.2987        427     1.7750  0.000e+00
     19.502    20.2201   4.471100    32.2116        428     1.7792  0.000e+00
     19.426    20.3256   4.472014    32.1387        429     1.7833  0.000e+00
     19.366    20.4132   4.472552    32.0767        430     1.7875  0.000e+00
     19.312    20.4838   4.473263    32.0290        431     1.7917  0.000e+00
     19.263    20.5362   4.473650    31.9926        432     1.7958  0.000e+00
     19.225    20.5736   4.474133    31.9683        433     1.8000  0.000e+00
     19.197    20.5990   4.474380    31.9512        434     1.8042  0.000e+00
     19.171    20.6158   4.474615    31.9404        435     1.8083  0.000e+00
     19.164    20.6262   4.474481    31.9315        436     1.8125  0.000e+00
     19.157    20.6314   4.474564    31.9283        437     1.8167  0.000e+00
     19.157    20.6332   4.474462    31.9262        438     1.8208  0.000e+00
     19.159    20.6318   4.474303    31.9259        439     1.8250  0.000e+00
     19.166    20.6259   4.474380    31.9310        440     1.8292  0.000e+00
     19.173    20.6168   4.474488    31.9387        441     1.8333  0.000e+00
     19.178    20.6052   4.474488    31.9474        442     1.8375  0.000e+00
     19.180    20.5932   4.474406    31.9558        443     1.8417  0.000e+00
     19.180    20.5794   4.474488    31.9668        444     1.8458  0.000e+00
     19.176    20.5662   4.474565    31.9773        445     1.8500  0.000e+00
     19.166    20.5580   4.474584    31.9837        446     1.8542  0.000e+00
     19.146    20.5583   4.474667    31.9841        447     1.8583  0.000e+00
     19.115    20.5679   4.474539    31.9759        448     1.8625  0.000e+00
     19.079    20.5833   4.475232    31.9698        449     1.8667  0.000e+00
     19.036    20.6019   4.475607    31.9589        450     1.8708  0.000e+00
     18.979    20.6195   4.476052    31.9492        451     1.8750  0.000e+00
     18.916    20.6345   4.476986    31.9454        452     1.8792  0.000e+00
     18.851    20.6491   4.478531    31.9468        453     1.8833  0.000e+00
     18.781    20.6660   4.480101    31.9466        454     1.8875  0.000e+00
     18.698    20.6854   4.481526    31.9434        455     1.8917  0.000e+00
     18.624    20.7065   4.483236    31.9412        456     1.8958  0.000e+00
     18.544    20.7295   4.483758    31.9282        457     1.9000  0.000e+00
     18.475    20.7495   4.484489    31.9190        458     1.9042  0.000e+00
     18.409    20.7665   4.486143    31.9194        459     1.9083  0.000e+00
     18.347    20.7848   4.488631    31.9255        460     1.9125  0.000e+00
     18.289    20.8085   4.495857    31.9653        461     1.9167  0.000e+00
     18.250    20.8547   4.511096    32.0517        462     1.9208  0.000e+00
     18.212    20.9495   4.531742    32.1443        463     1.9250  0.000e+00
     18.181    21.1052   4.542411    32.1118        464     1.9292  0.000e+00
     18.159    21.2622   4.546222    32.0244        465     1.9333  0.000e+00
     18.141    21.3814   4.547705    31.9473        466     1.9375  0.000e+00
     18.127    21.4624   4.548625    31.8944        467     1.9417  0.000e+00
     18.114    21.5150   4.549482    31.8622        468     1.9458  0.000e+00
     18.103    21.5501   4.550231    31.8421        469     1.9500  0.000e+00
     18.087    21.5739   4.550871    31.8295        470     1.9542  0.000e+00
     18.065    21.5909   4.552228    31.8276        471     1.9583  0.000e+00
     18.040    21.6064   4.556685    31.8510        472     1.9625  0.000e+00
     18.006    21.6317   4.564431    31.8929        473     1.9667  0.000e+00
     17.964    21.6776   4.571901    31.9173        474     1.9708  0.000e+00
     17.915    21.7377   4.577572    31.9172        475     1.9750  0.000e+00
     17.859    21.8001   4.581184    31.8992        476     1.9792  0.000e+00
     17.801    21.8558   4.582936    31.8718        477     1.9833  0.000e+00
     17.738    21.8993   4.584869    31.8549        478     1.9875  0.000e+00
     17.669    21.9371   4.590952    31.8743        479     1.9917  0.000e+00
     17.599    21.9888   4.608469    31.9723        480     1.9958  0.000e+00
     17.530    22.0850   4.627741    32.0508        481     2.0000  0.000e+00
     17.463    22.2258   4.634962    32.0030        482     2.0042  0.000e+00
     17.406    22.3574   4.644106    31.9769        483     2.0083  0.000e+00
     17.344    22.4807   4.650984    31.9395        484     2.0125  0.000e+00
     17.288    22.5931   4.652746    31.8710        485     2.0167  0.000e+00
     17.243    22.6761   4.653346    31.8152        486     2.0208  0.000e+00
     17.205    22.7300   4.653636    31.7783        487     2.0250  0.000e+00
     17.165    22.7648   4.655400    31.7666        488     2.0292  0.000e+00
     17.136    22.7917   4.656905    31.7586        489     2.0333  0.000e+00
     17.113    22.8164   4.657739    31.7471        490     2.0375  0.000e+00
     17.084    22.8355   4.658922    31.7423        491     2.0417  0.000e+00
     17.062    22.8521   4.660215    31.7402        492     2.0458  0.000e+00
     17.033    22.8685   4.662284    31.7441        493     2.0500  0.000e+00
     17.012    22.8881   4.663823    31.7417        494     2.0542  0.000e+00
     16.979    22.9088   4.664936    31.7352        495     2.0583  0.000e+00
     16.943    22.9270   4.667070    31.7383        496     2.0625  0.000e+00
     16.901    22.9474   4.672060    31.7616        497     2.0667  0.000e+00
     16.856    22.9815   4.673698    31.7494        498     2.0708  0.000e+00
     16.796    23.0146   4.677433    31.7539        499     2.0750  0.000e+00
     16.731    23.0515   4.681456    31.7579        500     2.0792  0.000e+00
     16.665    23.0952   4.685064    31.7538        501     2.0833  0.000e+00
     16.580    23.1407   4.686943    31.7353        502     2.0875  0.000e+00
     16.496    23.1800   4.687883    31.7142        503     2.0917  0.000e+00
     16.410    23.2092   4.688511    31.6979        504     2.0958  0.000e+00
     16.319    23.2325   4.696456    31.7413        505     2.1000  0.000e+00
     16.229    23.2705   4.698583    31.7301        506     2.1042  0.000e+00
     16.137    23.3103   4.700744    31.7179        507     2.1083  0.000e+00
     16.048    23.3437   4.702580    31.7078        508     2.1125  0.000e+00
     15.965    23.3720   4.704527    31.7023        509     2.1167  0.000e+00
     15.886    23.3966   4.705033    31.6884        510     2.1208  0.000e+00
     15.828    23.4152   4.705618    31.6796        511     2.1250  0.000e+00
     15.772    23.4288   4.706312    31.6751        512     2.1292  0.000e+00
     15.727    23.4397   4.706526    31.6689        513     2.1333  0.000e+00
     15.689    23.4475   4.707059    31.6674        514     2.1375  0.000e+00
     15.671    23.4540   4.707429    31.6655        515     2.1417  0.000e+00
     15.661    23.4592   4.706630    31.6558        516     2.1458  0.000e+00
     15.661    23.4599   4.706260    31.6525        517     2.1500  0.000e+00
     15.672    23.4586   4.706753    31.6571        518     2.1542  0.000e+00
     15.690    23.4592   4.707779    31.6645        519     2.1583  0.000e+00
     15.710    23.4626   4.707643    31.6610        520     2.1625  0.000e+00
     15.736    23.4653   4.707617    31.6589        521     2.1667  0.000e+00
     15.759    23.4665   4.707994    31.6608        522     2.1708  0.000e+00
     15.775    23.4682   4.707006    31.6522        523     2.1750  0.000e+00
     15.788    23.4662   4.707351    31.6562        524     2.1792  0.000e+00
     15.788    23.4652   4.707909    31.6611        525     2.1833  0.000e+00
     15.774    23.4667   4.707448    31.6565        526     2.1875  0.000e+00
     15.746    23.4669   4.707831    31.6593        527     2.1917  0.000e+00
     15.698    23.4673   4.709994    31.6753        528     2.1958  0.000e+00
     15.634    23.4760   4.718065    31.7298        529     2.2000  0.000e+00
     15.558    23.5118   4.730474    31.7976        530     2.2042  0.000e+00
     15.474    23.5866   4.740500    31.8194        531     2.2083  0.000e+00
     15.374    23.6788   4.754655    31.8595        532     2.2125  0.000e+00
     15.269    23.7805   4.762796    31.8477        533     2.2167  0.000e+00
     15.163    23.8806   4.771740    31.8430        534     2.2208  0.000e+00
     15.054    23.9711   4.771360    31.7757        535     2.2250  0.000e+00
     14.942    24.0348   4.778370    31.7826        536     2.2292  0.000e+00
     14.845    24.0887   4.776304    31.7290        537     2.2333  0.000e+00
     14.747    24.1220   4.776493    31.7067        538     2.2375  0.000e+00
     14.660    24.1396   4.779754    31.7185        539     2.2417  0.000e+00
     14.592    24.1596   4.783205    31.7300        540     2.2458  0.000e+00
     14.530    24.1819   4.784212    31.7217        541     2.2500  0.000e+00
     14.483    24.2007   4.784133    31.7078        542     2.2542  0.000e+00
     14.445    24.2125   4.782197    31.6851        543     2.2583  0.000e+00
     14.424    24.2150   4.782067    31.6823        544     2.2625  0.000e+00
     14.413    24.2142   4.781766    31.6807        545     2.2667  0.000e+00
     14.411    24.2139   4.782393    31.6856        546     2.2708  0.000e+00
     14.422    24.2138   4.782315    31.6851        547     2.2750  0.000e+00
     14.429    24.2135   4.784950    31.7048        548     2.2792  0.000e+00
     14.444    24.2198   4.783315    31.6882        549     2.2833  0.000e+00
     14.458    24.2228   4.783695    31.6889        550     2.2875  0.000e+00
     14.469    24.2236   4.783917    31.6899        551     2.2917  0.000e+00
     14.469    24.2246   4.785630    31.7020        552     2.2958  0.000e+00
     14.467    24.2296   4.786121    31.7021        553     2.3000  0.000e+00
     14.458    24.2345   4.784950    31.6899        554     2.3042  0.000e+00
     14.431    24.2355   4.786690    31.7021        555     2.3083  0.000e+00
     14.396    24.2391   4.787507    31.7057        556     2.3125  0.000e+00
     14.348    24.2447   4.788462    31.7088        557     2.3167  0.000e+00
     14.283    24.2503   4.790071    31.7167        558     2.3208  0.000e+00
     14.203    24.2583   4.787893    31.6950        559     2.3250  0.000e+00
     14.102    24.2593   4.790182    31.7113        560     2.3292  0.000e+00
     13.993    24.2627   4.790810    31.7136        561     2.3333  0.000e+00
     13.876    24.2680   4.791517    31.7151        562     2.3375  0.000e+00
     13.759    24.2743   4.795974    31.7437        563     2.3417  0.000e+00
     13.643    24.2877   4.796347    31.7370        564     2.3458  0.000e+00
     13.522    24.2996   4.798343    31.7434        565     2.3500  0.000e+00
     13.406    24.3115   4.799221    31.7415        566     2.3542  0.000e+00
     13.294    24.3240   4.802174    31.7545        567     2.3583  0.000e+00
     13.193    24.3376   4.804689    31.7636        568     2.3625  0.000e+00
     13.097    24.3529   4.802606    31.7374        569     2.3667  0.000e+00
     13.018    24.3596   4.804879    31.7494        570     2.3708  0.000e+00
     12.947    24.3680   4.807401    31.7622        571     2.3750  0.000e+00
     12.884    24.3802   4.805101    31.7365        572     2.3792  0.000e+00
     12.830    24.3844   4.804662    31.7304        573     2.3833  0.000e+00
     12.792    24.3839   4.806254    31.7425        574     2.3875  0.000e+00
     12.757    24.3860   4.803673    31.7219        575     2.3917  0.000e+00
     12.736    24.3830   4.806470    31.7448        576     2.3958  0.000e+00
     12.714    24.3848   4.806300    31.7422        577     2.4000  0.000e+00
     12.698    24.3879   4.805179    31.7317        578     2.4042  0.000e+00
     12.685    24.3870   4.804524    31.7275        579     2.4083  0.000e+00
     12.676    24.3852   4.807505    31.7508        580     2.4125  0.000e+00
     12.667    24.3905   4.805893    31.7352        581     2.4167  0.000e+00
     12.656    24.3907   4.805671    31.7334        582     2.4208  0.000e+00
     12.651    24.3899   4.807328    31.7462        583     2.4250  0.000e+00
     12.633    24.3931   4.807263    31.7435        584     2.4292  0.000e+00
     12.618    24.3945   4.804662    31.7233        585     2.4333  0.000e+00
     12.598    24.3907   4.804301    31.7233        586     2.4375  0.000e+00
     12.577    24.3851   4.803568    31.7218        587     2.4417  0.000e+00
     12.544    24.3798   4.805101    31.7370        588     2.4458  0.000e+00
     12.515    24.3792   4.805317    31.7389        589     2.4500  0.000e+00
     12.475    24.3805   4.803732    31.7263        590     2.4542  0.000e+00
     12.430    24.3778   4.801976    31.7152        591     2.4583  0.000e+00
     12.385    24.3709   4.803430    31.7309        592     2.4625  0.000e+00
     12.336    24.3687   4.804675    31.7417        593     2.4667  0.000e+00
     12.295    24.3717   4.806300    31.7516        594     2.4708  0.000e+00
     12.253    24.3775   4.808141    31.7611        595     2.4750  0.000e+00
     12.206    24.3862   4.808383    31.7568        596     2.4792  0.000e+00
     12.163    24.3933   4.807151    31.7426        597     2.4833  0.000e+00
     12.128    24.3963   4.811595    31.7734        598     2.4875  0.000e+00
     12.094    24.4068   4.815902    31.7978        599     2.4917  0.000e+00
     12.065    24.4269   4.825244    31.8526        600     2.4958  0.000e+00
     12.036    24.4644   4.833470    31.8868        601     2.5000  0.000e+00
     12.007    24.5215   4.837181    31.8738        602     2.5042  0.000e+00
     11.982    24.5702   4.845468    31.9004        603     2.5083  0.000e+00
     11.958    24.6196   4.849952    31.8984        604     2.5125  0.000e+00
     11.926    24.6710   4.850754    31.8680        605     2.5167  0.000e+00
     11.895    24.7075   4.850905    31.8433        606     2.5208  0.000e+00
     11.859    24.7305   4.851115    31.8286        607     2.5250  0.000e+00
     11.818    24.7450   4.851365    31.8202        608     2.5292  0.000e+00
     11.763    24.7550   4.851417    31.8135        609     2.5333  0.000e+00
     11.711    24.7613   4.851114    31.8069        610     2.5375  0.000e+00
     11.646    24.7665   4.851404    31.8054        611     2.5417  0.000e+00
     11.583    24.7722   4.853081    31.8137        612     2.5458  0.000e+00
     11.508    24.7814   4.856299    31.8308        613     2.5500  0.000e+00
     11.431    24.7968   4.858517    31.8363        614     2.5542  0.000e+00
     11.348    24.8144   4.861183    31.8435        615     2.5583  0.000e+00
     11.259    24.8349   4.862690    31.8401        616     2.5625  0.000e+00
     11.178    24.8550   4.864046    31.8359        617     2.5667  0.000e+00
     11.091    24.8733   4.865600    31.8344        618     2.5708  0.000e+00
     11.008    24.8911   4.865659    31.8223        619     2.5750  0.000e+00
     10.928    24.9050   4.866061    31.8156        620     2.5792  0.000e+00
     10.852    24.9137   4.867075    31.8169        621     2.5833  0.000e+00
     10.769    24.9217   4.868300    31.8202        622     2.5875  0.000e+00
     10.699    24.9330   4.873117    31.8476        623     2.5917  0.000e+00
     10.632    24.9554   4.876610    31.8574        624     2.5958  0.000e+00
     10.563    24.9865   4.877632    31.8430        625     2.6000  0.000e+00
