HB2304/sbe058.cnv
* Sea-Bird SBE 19plus V2 Data File:
* FileName = C:\cruise\data\sbe058.hex
* Software Version Seasave V 7.26.7.121
* Temperature SN = 7037
* Conductivity SN = 7037
* System UpLoad Time = Oct 11 2023 07:09:20
** Ship: Bigelow
** Cruise:  HB2304
** Program:  Fall Bottom Trawl
# nquan = 7
# nvalues = 1489                                  
# units = specified
# name 0 = depSM: Depth [salt water, m], lat = 40.00
# name 1 = tv290C: Temperature [ITS-90, deg C]
# name 2 = c0S/m: Conductivity [S/m]
# name 3 = sal00: Salinity, Practical [PSU]
# name 4 = scan: Scan Count
# name 5 = timeM: Time, Elapsed [minutes]
# name 6 = flag:  0.000e+00
# span 0 =     -0.079,     58.654                 
# span 1 =    11.8821,    17.5464                 
# span 2 =  -0.000018,   4.288110                 
# span 3 =     0.0000,    32.9152                 
# span 4 =         11,       1499                 
# span 5 =     0.0417,     6.2417                 
# span 6 = 0.0000e+00, 0.0000e+00                 
# interval = seconds: 0.25
# start_time = Oct 11 2023 07:09:20 [System UTC, header]
# bad_flag = -9.990e-29
*END*
[from data line 206]
     12.180    17.0610   4.182461    32.2785        217     0.9000  0.000e+00
     12.307    17.0614   4.182442    32.2780        218     0.9042  0.000e+00
     12.439    17.0617   4.182418    32.2775        219     0.9083  0.000e+00
     12.578    17.0614   4.182461    32.2780        220     0.9125  0.000e+00
     12.719    17.0615   4.182517    32.2784        221     0.9167  0.000e+00
     12.873    17.0612   4.182585    32.2792        222     0.9208  0.000e+00
     13.017    17.0616   4.182585    32.2788        223     0.9250  0.000e+00
     13.171    17.0619   4.182616    32.2788        224     0.9292  0.000e+00
     13.310    17.0623   4.182727    32.2794        225     0.9333  0.000e+00
     13.449    17.0626   4.182826    32.2799        226     0.9375  0.000e+00
     13.581    17.0624   4.182845    32.2802        227     0.9417  0.000e+00
     13.718    17.0625   4.182851    32.2801        228     0.9458  0.000e+00
     13.843    17.0630   4.182869    32.2798        229     0.9500  0.000e+00
     13.966    17.0636   4.182919    32.2797        230     0.9542  0.000e+00
     14.092    17.0643   4.183018    32.2799        231     0.9583  0.000e+00
     14.220    17.0650   4.183067    32.2798        232     0.9625  0.000e+00
     14.356    17.0654   4.183111    32.2798        233     0.9667  0.000e+00
     14.495    17.0658   4.183172    32.2800        234     0.9708  0.000e+00
     14.636    17.0662   4.183259    32.2803        235     0.9750  0.000e+00
     14.786    17.0667   4.183284    32.2801        236     0.9792  0.000e+00
     14.938    17.0672   4.183346    32.2802        237     0.9833  0.000e+00
     15.088    17.0671   4.183519    32.2817        238     0.9875  0.000e+00
     15.241    17.0658   4.183544    32.2829        239     0.9917  0.000e+00
     15.399    17.0659   4.183618    32.2834        240     0.9958  0.000e+00
     15.558    17.0667   4.183692    32.2833        241     1.0000  0.000e+00
     15.718    17.0677   4.183772    32.2831        242     1.0042  0.000e+00
     15.885    17.0680   4.183810    32.2832        243     1.0083  0.000e+00
     16.046    17.0684   4.184149    32.2857        244     1.0125  0.000e+00
     16.205    17.0691   4.184848    32.2911        245     1.0167  0.000e+00
     16.362    17.0706   4.185664    32.2969        246     1.0208  0.000e+00
     16.523    17.0728   4.186381    32.3013        247     1.0250  0.000e+00
     16.680    17.0760   4.186913    32.3033        248     1.0292  0.000e+00
     16.837    17.0800   4.187414    32.3043        249     1.0333  0.000e+00
     16.991    17.0826   4.187760    32.3051        250     1.0375  0.000e+00
     17.150    17.0840   4.187945    32.3055        251     1.0417  0.000e+00
     17.304    17.0875   4.188186    32.3048        252     1.0458  0.000e+00
     17.463    17.0906   4.188916    32.3085        253     1.0500  0.000e+00
     17.620    17.0935   4.189702    32.3128        254     1.0542  0.000e+00
     17.773    17.0968   4.190877    32.3203        255     1.0583  0.000e+00
     17.923    17.1001   4.192231    32.3293        256     1.0625  0.000e+00
     18.068    17.1050   4.193771    32.3385        257     1.0667  0.000e+00
     18.214    17.1111   4.195906    32.3519        258     1.0708  0.000e+00
     18.346    17.1193   4.198016    32.3635        259     1.0750  0.000e+00
     18.474    17.1288   4.200963    32.3812        260     1.0792  0.000e+00
     18.606    17.1391   4.203458    32.3944        261     1.0833  0.000e+00
     18.726    17.1519   4.205650    32.4029        262     1.0875  0.000e+00
     18.848    17.1643   4.207465    32.4085        263     1.0917  0.000e+00
     18.968    17.1777   4.209466    32.4149        264     1.0958  0.000e+00
     19.085    17.1906   4.211213    32.4195        265     1.1000  0.000e+00
     19.201    17.2037   4.213345    32.4273        266     1.1042  0.000e+00
     19.320    17.2159   4.215335    32.4346        267     1.1083  0.000e+00
     19.443    17.2271   4.217517    32.4443        268     1.1125  0.000e+00
     19.562    17.2383   4.218851    32.4467        269     1.1167  0.000e+00
     19.692    17.2506   4.220699    32.4526        270     1.1208  0.000e+00
     19.822    17.2622   4.222541    32.4591        271     1.1250  0.000e+00
     19.954    17.2739   4.224315    32.4649        272     1.1292  0.000e+00
     20.082    17.2842   4.226506    32.4753        273     1.1333  0.000e+00
     20.218    17.2941   4.228083    32.4809        274     1.1375  0.000e+00
     20.357    17.3059   4.230057    32.4883        275     1.1417  0.000e+00
     20.493    17.3160   4.232497    32.5011        276     1.1458  0.000e+00
     20.628    17.3264   4.234590    32.5106        277     1.1500  0.000e+00
     20.769    17.3388   4.237031    32.5215        278     1.1542  0.000e+00
     20.907    17.3507   4.239206    32.5305        279     1.1583  0.000e+00
     21.048    17.3630   4.241375    32.5392        280     1.1625  0.000e+00
     21.181    17.3755   4.243233    32.5450        281     1.1667  0.000e+00
     21.324    17.3878   4.244962    32.5499        282     1.1708  0.000e+00
     21.460    17.3994   4.246734    32.5557        283     1.1750  0.000e+00
     21.599    17.4089   4.248568    32.5637        284     1.1792  0.000e+00
     21.745    17.4108   4.250036    32.5747        285     1.1833  0.000e+00
     21.890    17.4133   4.251679    32.5867        286     1.1875  0.000e+00
     22.040    17.4243   4.253346    32.5921        287     1.1917  0.000e+00
     22.201    17.4377   4.254522    32.5913        288     1.1958  0.000e+00
     22.351    17.4502   4.256141    32.5951        289     1.2000  0.000e+00
     22.513    17.4608   4.258251    32.6045        290     1.2042  0.000e+00
     22.674    17.4697   4.259284    32.6062        291     1.2083  0.000e+00
     22.840    17.4782   4.260854    32.6126        292     1.2125  0.000e+00
     23.003    17.4847   4.262772    32.6238        293     1.2167  0.000e+00
     23.164    17.4905   4.264715    32.6356        294     1.2208  0.000e+00
     23.323    17.4973   4.266217    32.6430        295     1.2250  0.000e+00
     23.478    17.5047   4.268080    32.6528        296     1.2292  0.000e+00
     23.630    17.5119   4.269513    32.6593        297     1.2333  0.000e+00
     23.780    17.5178   4.271090    32.6680        298     1.2375  0.000e+00
     23.934    17.5220   4.272892    32.6799        299     1.2417  0.000e+00
     24.084    17.5251   4.274245    32.6889        300     1.2458  0.000e+00
     24.228    17.5277   4.275455    32.6971        301     1.2500  0.000e+00
     24.377    17.5300   4.276235    32.7019        302     1.2542  0.000e+00
     24.523    17.5315   4.276864    32.7060        303     1.2583  0.000e+00
     24.667    17.5329   4.277233    32.7080        304     1.2625  0.000e+00
     24.808    17.5335   4.277532    32.7100        305     1.2667  0.000e+00
     24.949    17.5329   4.277457    32.7098        306     1.2708  0.000e+00
     25.089    17.5314   4.276790    32.7052        307     1.2750  0.000e+00
     25.231    17.5279   4.275979    32.7011        308     1.2792  0.000e+00
     25.370    17.5223   4.275088    32.6979        309     1.2833  0.000e+00
     25.506    17.5144   4.273978    32.6947        310     1.2875  0.000e+00
     25.642    17.5058   4.272918    32.6926        311     1.2917  0.000e+00
     25.772    17.4955   4.271709    32.6905        312     1.2958  0.000e+00
     25.900    17.4840   4.270524    32.6896        313     1.3000  0.000e+00
     26.027    17.4713   4.269552    32.6914        314     1.3042  0.000e+00
     26.148    17.4585   4.268456    32.6923        315     1.3083  0.000e+00
     26.270    17.4464   4.267471    32.6936        316     1.3125  0.000e+00
     26.384    17.4336   4.266879    32.6988        317     1.3167  0.000e+00
     26.502    17.4215   4.266194    32.7027        318     1.3208  0.000e+00
     26.608    17.4114   4.265802    32.7075        319     1.3250  0.000e+00
     26.720    17.4016   4.265646    32.7140        320     1.3292  0.000e+00
     26.834    17.3922   4.265453    32.7199        321     1.3333  0.000e+00
     26.950    17.3836   4.265061    32.7234        322     1.3375  0.000e+00
     27.078    17.3755   4.264027    32.7211        323     1.3417  0.000e+00
     27.199    17.3660   4.261716    32.7089        324     1.3458  0.000e+00
     27.331    17.3538   4.258672    32.6926        325     1.3500  0.000e+00
     27.474    17.3346   4.254651    32.6736        326     1.3542  0.000e+00
     27.620    17.3091   4.250675    32.6600        327     1.3583  0.000e+00
     27.770    17.2799   4.246906    32.6512        328     1.3625  0.000e+00
     27.929    17.2493   4.243331    32.6451        329     1.3667  0.000e+00
     28.090    17.2122   4.239086    32.6385        330     1.3708  0.000e+00
     28.251    17.1722   4.234061    32.6276        331     1.3750  0.000e+00
     28.417    17.1292   4.229286    32.6211        332     1.3792  0.000e+00
     28.591    17.0849   4.225041    32.6203        333     1.3833  0.000e+00
     28.757    17.0406   4.219924    32.6119        334     1.3875  0.000e+00
     28.922    16.9997   4.214734    32.6002        335     1.3917  0.000e+00
     29.086    16.9522   4.209547    32.5937        336     1.3958  0.000e+00
     29.242    16.9012   4.202976    32.5782        337     1.4000  0.000e+00
     29.392    16.8522   4.197300    32.5687        338     1.4042  0.000e+00
     29.542    16.7995   4.189902    32.5472        339     1.4083  0.000e+00
     29.684    16.7428   4.182472    32.5286        340     1.4125  0.000e+00
     29.827    16.6821   4.174968    32.5126        341     1.4167  0.000e+00
     29.961    16.6185   4.169271    32.5146        342     1.4208  0.000e+00
     30.100    16.5513   4.163195    32.5162        343     1.4250  0.000e+00
     30.237    16.4868   4.156666    32.5117        344     1.4292  0.000e+00
     30.382    16.4208   4.150234    32.5091        345     1.4333  0.000e+00
     30.525    16.3615   4.145044    32.5120        346     1.4375  0.000e+00
     30.669    16.3067   4.137715    32.4924        347     1.4417  0.000e+00
     30.825    16.2444   4.126973    32.4489        348     1.4458  0.000e+00
     30.977    16.1692   4.122207    32.4684        349     1.4500  0.000e+00
     31.130    16.0965   4.114404    32.4590        350     1.4542  0.000e+00
     31.286    16.0266   4.104135    32.4256        351     1.4583  0.000e+00
     31.445    15.9484   4.096469    32.4218        352     1.4625  0.000e+00
     31.596    15.8681   4.090101    32.4312        353     1.4667  0.000e+00
     31.748    15.7971   4.084011    32.4354        354     1.4708  0.000e+00
     31.893    15.7314   4.077051    32.4276        355     1.4750  0.000e+00
     32.037    15.6592   4.070206    32.4260        356     1.4792  0.000e+00
     32.175    15.5872   4.064264    32.4323        357     1.4833  0.000e+00
     32.307    15.5181   4.059631    32.4478        358     1.4875  0.000e+00
     32.433    15.4560   4.054780    32.4557        359     1.4917  0.000e+00
     32.558    15.3961   4.053012    32.4894        360     1.4958  0.000e+00
     32.686    15.3420   4.049067    32.4987        361     1.5000  0.000e+00
     32.818    15.2999   4.044996    32.4971        362     1.5042  0.000e+00
     32.948    15.2586   4.041200    32.4971        363     1.5083  0.000e+00
     33.086    15.2175   4.037333    32.4964        364     1.5125  0.000e+00
     33.218    15.1784   4.034118    32.5000        365     1.5167  0.000e+00
     33.357    15.1443   4.030643    32.4970        366     1.5208  0.000e+00
     33.498    15.1131   4.027072    32.4907        367     1.5250  0.000e+00
     33.641    15.0835   4.024523    32.4923        368     1.5292  0.000e+00
     33.785    15.0510   4.020334    32.4815        369     1.5333  0.000e+00
     33.930    15.0175   4.015132    32.4624        370     1.5375  0.000e+00
     34.072    14.9808   4.011840    32.4631        371     1.5417  0.000e+00
     34.219    14.9383   4.007796    32.4619        372     1.5458  0.000e+00
     34.353    14.9003   4.005034    32.4685        373     1.5500  0.000e+00
     34.495    14.8666   4.002965    32.4778        374     1.5542  0.000e+00
     34.633    14.8418   3.999926    32.4709        375     1.5583  0.000e+00
     34.766    14.8141   3.998173    32.4780        376     1.5625  0.000e+00
     34.900    14.7848   3.994165    32.4661        377     1.5667  0.000e+00
     35.041    14.7566   3.990189    32.4535        378     1.5708  0.000e+00
     35.182    14.7265   3.985790    32.4386        379     1.5750  0.000e+00
     35.323    14.6930   3.983913    32.4495        380     1.5792  0.000e+00
     35.468    14.6588   3.980546    32.4474        381     1.5833  0.000e+00
     35.618    14.6272   3.976140    32.4337        382     1.5875  0.000e+00
     35.770    14.5976   3.970653    32.4084        383     1.5917  0.000e+00
     35.929    14.5657   3.967055    32.4022        384     1.5958  0.000e+00
     36.080    14.5326   3.964801    32.4093        385     1.6000  0.000e+00
     36.236    14.4978   3.960831    32.4021        386     1.6042  0.000e+00
     36.393    14.4626   3.956989    32.3964        387     1.6083  0.000e+00
     36.541    14.4206   3.953970    32.4039        388     1.6125  0.000e+00
     36.689    14.3794   3.949920    32.4013        389     1.6167  0.000e+00
     36.836    14.3406   3.945461    32.3929        390     1.6208  0.000e+00
     36.984    14.3030   3.943381    32.4054        391     1.6250  0.000e+00
     37.123    14.2644   3.942845    32.4327        392     1.6292  0.000e+00
     37.266    14.2367   3.941959    32.4479        393     1.6333  0.000e+00
     37.403    14.2198   3.940210    32.4460        394     1.6375  0.000e+00
     37.539    14.2082   3.938625    32.4410        395     1.6417  0.000e+00
     37.680    14.1896   3.936136    32.4338        396     1.6458  0.000e+00
     37.814    14.1667   3.933225    32.4262        397     1.6500  0.000e+00
     37.958    14.1406   3.930949    32.4272        398     1.6542  0.000e+00
     38.101    14.1162   3.928901    32.4288        399     1.6583  0.000e+00
     38.248    14.0938   3.925957    32.4206        400     1.6625  0.000e+00
     38.387    14.0726   3.923008    32.4112        401     1.6667  0.000e+00
     38.531    14.0481   3.920066    32.4047        402     1.6708  0.000e+00
     38.680    14.0247   3.918399    32.4089        403     1.6750  0.000e+00
     38.819    14.0022   3.916709    32.4123        404     1.6792  0.000e+00
     38.961    13.9798   3.914142    32.4074        405     1.6833  0.000e+00
     39.095    13.9538   3.910469    32.3953        406     1.6875  0.000e+00
     39.236    13.9240   3.907146    32.3897        407     1.6917  0.000e+00
     39.372    13.8911   3.904353    32.3916        408     1.6958  0.000e+00
     39.509    13.8601   3.902281    32.3985        409     1.7000  0.000e+00
     39.637    13.8320   3.900840    32.4088        410     1.7042  0.000e+00
     39.776    13.8022   3.899496    32.4215        411     1.7083  0.000e+00
     39.914    13.7767   3.898206    32.4311        412     1.7125  0.000e+00
     40.051    13.7582   3.897443    32.4395        413     1.7167  0.000e+00
     40.187    13.7453   3.896777    32.4442        414     1.7208  0.000e+00
     40.328    13.7346   3.896460    32.4503        415     1.7250  0.000e+00
     40.476    13.7256   3.894779    32.4423        416     1.7292  0.000e+00
     40.617    13.7178   3.893903    32.4407        417     1.7333  0.000e+00
     40.765    13.7079   3.892920    32.4398        418     1.7375  0.000e+00
     40.910    13.7013   3.892332    32.4399        419     1.7417  0.000e+00
     41.055    13.6979   3.891336    32.4336        420     1.7458  0.000e+00
