HB2304/sbe062.cnv
* Sea-Bird SBE 19plus V2 Data File:
* FileName = C:\cruise\data\sbe062.hex
* Software Version Seasave V 7.26.7.121
* Temperature SN = 7037
* Conductivity SN = 7037
* System UpLoad Time = Oct 12 2023 02:39:52
** Ship: Bigelow
** Cruise:  HB2304
** Program:  Fall Bottom Trawl
# nquan = 7
# nvalues = 2304                                  
# units = specified
# name 0 = depSM: Depth [salt water, m], lat = 40.00
# name 1 = tv290C: Temperature [ITS-90, deg C]
# name 2 = c0S/m: Conductivity [S/m]
# name 3 = sal00: Salinity, Practical [PSU]
# name 4 = scan: Scan Count
# name 5 = timeM: Time, Elapsed [minutes]
# name 6 = flag:  0.000e+00
# span 0 =     -0.098,    100.105                 
# span 1 =    10.5146,    16.4367                 
# span 2 =  -0.000044,   4.087762                 
# span 3 =     0.0000,    34.1786                 
# span 4 =         11,       2314                 
# span 5 =     0.0417,     9.6375                 
# span 6 = 0.0000e+00, 0.0000e+00                 
# interval = seconds: 0.25
# start_time = Oct 12 2023 02:39:52 [System UTC, header]
# bad_flag = -9.990e-29
*END*
[from data line 1847]
     22.707    15.4244   4.009042    32.0772       1858     7.7375  0.000e+00
     22.625    15.4242   4.008902    32.0761       1859     7.7417  0.000e+00
     22.562    15.4237   4.008805    32.0756       1860     7.7458  0.000e+00
     22.528    15.4233   4.008763    32.0756       1861     7.7500  0.000e+00
     22.515    15.4229   4.008732    32.0757       1862     7.7542  0.000e+00
     22.530    15.4229   4.008830    32.0765       1863     7.7583  0.000e+00
     22.555    15.4226   4.008830    32.0768       1864     7.7625  0.000e+00
     22.587    15.4227   4.008854    32.0769       1865     7.7667  0.000e+00
     22.633    15.4225   4.008854    32.0770       1866     7.7708  0.000e+00
     22.687    15.4225   4.008921    32.0776       1867     7.7750  0.000e+00
     22.732    15.4226   4.009018    32.0784       1868     7.7792  0.000e+00
     22.779    15.4227   4.009042    32.0785       1869     7.7833  0.000e+00
     22.808    15.4230   4.009018    32.0781       1870     7.7875  0.000e+00
     22.829    15.4233   4.009000    32.0776       1871     7.7917  0.000e+00
     22.831    15.4236   4.009036    32.0777       1872     7.7958  0.000e+00
     22.828    15.4237   4.009018    32.0774       1873     7.8000  0.000e+00
     22.792    15.4240   4.008975    32.0768       1874     7.8042  0.000e+00
     22.721    15.4241   4.008902    32.0762       1875     7.8083  0.000e+00
     22.631    15.4241   4.008830    32.0755       1876     7.8125  0.000e+00
     22.510    15.4241   4.008690    32.0743       1877     7.8167  0.000e+00
     22.361    15.4237   4.008398    32.0721       1878     7.8208  0.000e+00
     22.219    15.4233   4.008095    32.0697       1879     7.8250  0.000e+00
     22.065    15.4226   4.007852    32.0683       1880     7.8292  0.000e+00
     21.888    15.4231   4.007524    32.0649       1881     7.8333  0.000e+00
     21.736    15.4284   4.008022    32.0651       1882     7.8375  0.000e+00
     21.583    15.4401   4.010687    32.0794       1883     7.8417  0.000e+00
     21.440    15.4607   4.010608    32.0620       1884     7.8458  0.000e+00
     21.315    15.4800   4.010401    32.0444       1885     7.8500  0.000e+00
     21.232    15.4957   4.010188    32.0298       1886     7.8542  0.000e+00
     21.163    15.5077   4.010140    32.0197       1887     7.8583  0.000e+00
     21.113    15.5169   4.010303    32.0137       1888     7.8625  0.000e+00
     21.089    15.5263   4.010285    32.0059       1889     7.8667  0.000e+00
     21.075    15.5338   4.010376    32.0006       1890     7.8708  0.000e+00
     21.084    15.5391   4.010540    31.9978       1891     7.8750  0.000e+00
     21.091    15.5431   4.010613    31.9951       1892     7.8792  0.000e+00
     21.114    15.5458   4.010425    31.9913       1893     7.8833  0.000e+00
     21.136    15.5473   4.010139    31.9875       1894     7.8875  0.000e+00
     21.160    15.5469   4.010176    31.9881       1895     7.8917  0.000e+00
     21.178    15.5451   4.010212    31.9899       1896     7.8958  0.000e+00
     21.194    15.5428   4.010255    31.9922       1897     7.9000  0.000e+00
     21.199    15.5403   4.010376    31.9952       1898     7.9042  0.000e+00
     21.207    15.5380   4.010303    31.9964       1899     7.9083  0.000e+00
     21.201    15.5364   4.010285    31.9976       1900     7.9125  0.000e+00
     21.185    15.5358   4.010255    31.9979       1901     7.9167  0.000e+00
     21.160    15.5357   4.010230    31.9977       1902     7.9208  0.000e+00
     21.122    15.5364   4.010230    31.9972       1903     7.9250  0.000e+00
     21.077    15.5380   4.010400    31.9974       1904     7.9292  0.000e+00
     21.013    15.5416   4.010564    31.9960       1905     7.9333  0.000e+00
     20.934    15.5454   4.011335    31.9998       1906     7.9375  0.000e+00
     20.845    15.5495   4.011663    31.9993       1907     7.9417  0.000e+00
     20.751    15.5541   4.012088    31.9994       1908     7.9458  0.000e+00
     20.634    15.5597   4.012495    31.9986       1909     7.9500  0.000e+00
     20.523    15.5665   4.013279    32.0001       1910     7.9542  0.000e+00
     20.399    15.5756   4.014627    32.0047       1911     7.9583  0.000e+00
     20.267    15.5874   4.017337    32.0193       1912     7.9625  0.000e+00
     20.140    15.6041   4.020036    32.0297       1913     7.9667  0.000e+00
     20.010    15.6257   4.022778    32.0366       1914     7.9708  0.000e+00
     19.900    15.6500   4.024383    32.0311       1915     7.9750  0.000e+00
     19.790    15.6741   4.025654    32.0229       1916     7.9792  0.000e+00
     19.694    15.6944   4.026919    32.0177       1917     7.9833  0.000e+00
     19.605    15.7133   4.027442    32.0071       1918     7.9875  0.000e+00
     19.535    15.7285   4.027922    31.9990       1919     7.9917  0.000e+00
     19.482    15.7405   4.028226    31.9920       1920     7.9958  0.000e+00
     19.457    15.7492   4.028378    31.9863       1921     8.0000  0.000e+00
     19.441    15.7561   4.028494    31.9818       1922     8.0042  0.000e+00
     19.433    15.7610   4.028469    31.9776       1923     8.0083  0.000e+00
     19.441    15.7642   4.028567    31.9759       1924     8.0125  0.000e+00
     19.450    15.7664   4.028500    31.9735       1925     8.0167  0.000e+00
     19.471    15.7679   4.028402    31.9714       1926     8.0208  0.000e+00
     19.491    15.7684   4.028402    31.9709       1927     8.0250  0.000e+00
     19.498    15.7688   4.028427    31.9709       1928     8.0292  0.000e+00
     19.495    15.7692   4.028433    31.9706       1929     8.0333  0.000e+00
     19.477    15.7695   4.028518    31.9711       1930     8.0375  0.000e+00
     19.442    15.7701   4.028810    31.9732       1931     8.0417  0.000e+00
     19.401    15.7715   4.029333    31.9767       1932     8.0458  0.000e+00
     19.327    15.7741   4.029765    31.9785       1933     8.0500  0.000e+00
     19.235    15.7776   4.030221    31.9798       1934     8.0542  0.000e+00
     19.119    15.7816   4.030818    31.9818       1935     8.0583  0.000e+00
     19.002    15.7866   4.031250    31.9816       1936     8.0625  0.000e+00
     18.871    15.7918   4.032351    31.9872       1937     8.0667  0.000e+00
     18.736    15.7984   4.033459    31.9917       1938     8.0708  0.000e+00
     18.600    15.8073   4.034244    31.9915       1939     8.0750  0.000e+00
     18.474    15.8167   4.034871    31.9895       1940     8.0792  0.000e+00
     18.351    15.8253   4.035443    31.9876       1941     8.0833  0.000e+00
     18.243    15.8334   4.035687    31.9833       1942     8.0875  0.000e+00
     18.148    15.8400   4.035900    31.9799       1943     8.0917  0.000e+00
     18.080    15.8452   4.036527    31.9812       1944     8.0958  0.000e+00
     18.026    15.8505   4.036837    31.9798       1945     8.1000  0.000e+00
     17.993    15.8558   4.036813    31.9753       1946     8.1042  0.000e+00
     17.980    15.8598   4.036788    31.9718       1947     8.1083  0.000e+00
     17.979    15.8620   4.036813    31.9702       1948     8.1125  0.000e+00
     17.997    15.8634   4.036667    31.9678       1949     8.1167  0.000e+00
     18.018    15.8638   4.036539    31.9664       1950     8.1208  0.000e+00
     18.049    15.8634   4.036380    31.9652       1951     8.1250  0.000e+00
     18.067    15.8630   4.036551    31.9671       1952     8.1292  0.000e+00
     18.083    15.8630   4.036624    31.9678       1953     8.1333  0.000e+00
     18.080    15.8632   4.036539    31.9668       1954     8.1375  0.000e+00
     18.067    15.8634   4.036380    31.9652       1955     8.1417  0.000e+00
     18.036    15.8631   4.036642    31.9678       1956     8.1458  0.000e+00
     17.991    15.8634   4.037075    31.9714       1957     8.1500  0.000e+00
     17.921    15.8650   4.037550    31.9744       1958     8.1542  0.000e+00
     17.823    15.8678   4.038012    31.9762       1959     8.1583  0.000e+00
     17.707    15.8716   4.038420    31.9768       1960     8.1625  0.000e+00
     17.588    15.8757   4.038615    31.9752       1961     8.1667  0.000e+00
     17.436    15.8793   4.038767    31.9737       1962     8.1708  0.000e+00
     17.303    15.8823   4.039766    31.9802       1963     8.1750  0.000e+00
     17.163    15.8872   4.040869    31.9860       1964     8.1792  0.000e+00
     17.019    15.8944   4.041545    31.9862       1965     8.1833  0.000e+00
     16.891    15.9019   4.041947    31.9837       1966     8.1875  0.000e+00
     16.762    15.9084   4.042099    31.9799       1967     8.1917  0.000e+00
     16.663    15.9141   4.042818    31.9817       1968     8.1958  0.000e+00
     16.567    15.9196   4.043153    31.9803       1969     8.2000  0.000e+00
     16.502    15.9247   4.043561    31.9798       1970     8.2042  0.000e+00
     16.442    15.9292   4.043780    31.9781       1971     8.2083  0.000e+00
     16.401    15.9334   4.043994    31.9766       1972     8.2125  0.000e+00
     16.384    15.9369   4.043975    31.9736       1973     8.2167  0.000e+00
     16.370    15.9397   4.044091    31.9723       1974     8.2208  0.000e+00
     16.370    15.9417   4.044067    31.9706       1975     8.2250  0.000e+00
     16.372    15.9428   4.044115    31.9701       1976     8.2292  0.000e+00
     16.377    15.9438   4.044042    31.9686       1977     8.2333  0.000e+00
     16.381    15.9441   4.043731    31.9657       1978     8.2375  0.000e+00
     16.374    15.9437   4.043396    31.9630       1979     8.2417  0.000e+00
     16.366    15.9425   4.043250    31.9627       1980     8.2458  0.000e+00
     16.345    15.9406   4.043262    31.9643       1981     8.2500  0.000e+00
     16.312    15.9393   4.043756    31.9698       1982     8.2542  0.000e+00
     16.270    15.9396   4.043683    31.9689       1983     8.2583  0.000e+00
     16.207    15.9405   4.043993    31.9709       1984     8.2625  0.000e+00
     16.133    15.9416   4.043835    31.9687       1985     8.2667  0.000e+00
     16.050    15.9424   4.044359    31.9727       1986     8.2708  0.000e+00
     15.945    15.9440   4.044597    31.9735       1987     8.2750  0.000e+00
     15.846    15.9462   4.045102    31.9762       1988     8.2792  0.000e+00
     15.745    15.9496   4.045309    31.9754       1989     8.2833  0.000e+00
     15.638    15.9525   4.045486    31.9746       1990     8.2875  0.000e+00
     15.539    15.9551   4.045846    31.9757       1991     8.2917  0.000e+00
     15.452    15.9580   4.046559    31.9797       1992     8.2958  0.000e+00
     15.361    15.9619   4.046522    31.9762       1993     8.3000  0.000e+00
     15.289    15.9655   4.046162    31.9702       1994     8.3042  0.000e+00
     15.224    15.9669   4.046114    31.9687       1995     8.3083  0.000e+00
     15.165    15.9670   4.046766    31.9744       1996     8.3125  0.000e+00
     15.101    15.9687   4.047174    31.9766       1997     8.3167  0.000e+00
     15.049    15.9715   4.046766    31.9707       1998     8.3208  0.000e+00
     15.000    15.9730   4.046930    31.9711       1999     8.3250  0.000e+00
     14.948    15.9738   4.046924    31.9704       2000     8.3292  0.000e+00
     14.897    15.9746   4.046955    31.9700       2001     8.3333  0.000e+00
     14.843    15.9752   4.047272    31.9723       2002     8.3375  0.000e+00
     14.790    15.9762   4.047272    31.9715       2003     8.3417  0.000e+00
     14.727    15.9776   4.047387    31.9714       2004     8.3458  0.000e+00
     14.662    15.9786   4.047247    31.9695       2005     8.3500  0.000e+00
     14.590    15.9793   4.047485    31.9710       2006     8.3542  0.000e+00
     14.507    15.9802   4.047546    31.9708       2007     8.3583  0.000e+00
     14.424    15.9810   4.047363    31.9686       2008     8.3625  0.000e+00
     14.342    15.9814   4.047314    31.9679       2009     8.3667  0.000e+00
     14.257    15.9812   4.047917    31.9734       2010     8.3708  0.000e+00
     14.169    15.9823   4.048125    31.9743       2011     8.3750  0.000e+00
     14.093    15.9839   4.048137    31.9732       2012     8.3792  0.000e+00
     14.013    15.9859   4.048618    31.9759       2013     8.3833  0.000e+00
     13.936    15.9882   4.047850    31.9673       2014     8.3875  0.000e+00
     13.869    15.9885   4.047509    31.9641       2015     8.3917  0.000e+00
     13.804    15.9870   4.047436    31.9646       2016     8.3958  0.000e+00
     13.749    15.9854   4.047558    31.9670       2017     8.4000  0.000e+00
     13.695    15.9846   4.048631    31.9771       2018     8.4042  0.000e+00
     13.657    15.9866   4.048905    31.9780       2019     8.4083  0.000e+00
     13.610    15.9901   4.048929    31.9754       2020     8.4125  0.000e+00
     13.570    15.9930   4.048423    31.9686       2021     8.4167  0.000e+00
     13.533    15.9933   4.047295    31.9584       2022     8.4208  0.000e+00
     13.487    15.9902   4.048399    31.9706       2023     8.4250  0.000e+00
     13.444    15.9892   4.048643    31.9736       2024     8.4292  0.000e+00
     13.393    15.9910   4.048703    31.9728       2025     8.4333  0.000e+00
     13.337    15.9924   4.048642    31.9711       2026     8.4375  0.000e+00
     13.276    15.9935   4.048496    31.9689       2027     8.4417  0.000e+00
     13.215    15.9937   4.048716    31.9708       2028     8.4458  0.000e+00
     13.146    15.9941   4.049026    31.9732       2029     8.4500  0.000e+00
     13.059    15.9954   4.049173    31.9734       2030     8.4542  0.000e+00
     12.960    15.9974   4.049197    31.9721       2031     8.4583  0.000e+00
     12.846    15.9986   4.049209    31.9713       2032     8.4625  0.000e+00
     12.739    15.9995   4.049746    31.9753       2033     8.4667  0.000e+00
     12.625    16.0013   4.049770    31.9741       2034     8.4708  0.000e+00
     12.515    16.0035   4.049843    31.9730       2035     8.4750  0.000e+00
     12.398    16.0050   4.049739    31.9709       2036     8.4792  0.000e+00
     12.307    16.0059   4.049843    31.9712       2037     8.4833  0.000e+00
     12.219    16.0066   4.049819    31.9704       2038     8.4875  0.000e+00
     12.148    16.0073   4.049764    31.9694       2039     8.4917  0.000e+00
     12.089    16.0075   4.049892    31.9704       2040     8.4958  0.000e+00
     12.042    16.0078   4.049819    31.9695       2041     8.5000  0.000e+00
     12.013    16.0078   4.050062    31.9716       2042     8.5042  0.000e+00
     11.995    16.0086   4.050136    31.9716       2043     8.5083  0.000e+00
     11.982    16.0099   4.050325    31.9723       2044     8.5125  0.000e+00
     11.977    16.0114   4.050227    31.9702       2045     8.5167  0.000e+00
     11.967    16.0120   4.050160    31.9692       2046     8.5208  0.000e+00
     11.957    16.0121   4.050062    31.9682       2047     8.5250  0.000e+00
     11.937    16.0118   4.050062    31.9685       2048     8.5292  0.000e+00
     11.908    16.0118   4.050569    31.9730       2049     8.5333  0.000e+00
     11.866    16.0127   4.050666    31.9731       2050     8.5375  0.000e+00
     11.805    16.0145   4.050520    31.9704       2051     8.5417  0.000e+00
     11.709    16.0152   4.050495    31.9696       2052     8.5458  0.000e+00
     11.599    16.0154   4.050568    31.9701       2053     8.5500  0.000e+00
     11.478    16.0161   4.050568    31.9697       2054     8.5542  0.000e+00
     11.337    16.0163   4.051172    31.9748       2055     8.5583  0.000e+00
     11.201    16.0181   4.051288    31.9745       2056     8.5625  0.000e+00
     11.046    16.0201   4.051544    31.9752       2057     8.5667  0.000e+00
     10.890    16.0223   4.051385    31.9720       2058     8.5708  0.000e+00
     10.751    16.0241   4.051458    31.9713       2059     8.5750  0.000e+00
     10.619    16.0248   4.051336    31.9697       2060     8.5792  0.000e+00
     10.524    16.0254   4.051428    31.9701       2061     8.5833  0.000e+00
