HB2304/sbe021.cnv
* Sea-Bird SBE 19plus V2 Data File:
* FileName = C:\cruise\data\sbe021.hex
* Software Version Seasave V 7.26.7.121
* Temperature SN = 7037
* Conductivity SN = 7037
* System UpLoad Time = Sep 17 2023 12:57:12
** Ship: Bigelow
** Cruise:  HB2304
** Program:  Fall Bottom Trawl
# nquan = 7
# nvalues = 3183                                  
# units = specified
# name 0 = depSM: Depth [salt water, m], lat = 40.00
# name 1 = tv290C: Temperature [ITS-90, deg C]
# name 2 = c0S/m: Conductivity [S/m]
# name 3 = sal00: Salinity, Practical [PSU]
# name 4 = scan: Scan Count
# name 5 = timeM: Time, Elapsed [minutes]
# name 6 = flag:  0.000e+00
# span 0 =     -0.049,    128.542                 
# span 1 =     9.9836,    26.0054                 
# span 2 =  -0.000068,   5.468746                 
# span 3 =     0.0000,    35.7043                 
# span 4 =         11,       3193                 
# span 5 =     0.0417,    13.3000                 
# span 6 = 0.0000e+00, 0.0000e+00                 
# interval = seconds: 0.25
# start_time = Sep 17 2023 12:57:12 [System UTC, header]
# bad_flag = -9.990e-29
*END*
[from data line 411]
     38.731    12.4925   3.858385    33.1658        422     1.7542  0.000e+00
     38.861    12.4509   3.855223    33.1722        423     1.7583  0.000e+00
     38.989    12.4147   3.855523    33.2070        424     1.7625  0.000e+00
     39.120    12.3910   3.853181    33.2055        425     1.7667  0.000e+00
     39.253    12.3700   3.845764    33.1528        426     1.7708  0.000e+00
     39.391    12.3350   3.837201    33.1013        427     1.7750  0.000e+00
     39.530    12.2858   3.828432    33.0603        428     1.7792  0.000e+00
     39.676    12.2260   3.810359    32.9391        429     1.7833  0.000e+00
     39.823    12.1298   3.793763    32.8637        430     1.7875  0.000e+00
     39.975    12.0123   3.782942    32.8626        431     1.7917  0.000e+00
     40.126    11.8959   3.773573    32.8744        432     1.7958  0.000e+00
     40.276    11.7836   3.769742    32.9364        433     1.8000  0.000e+00
     40.430    11.6936   3.771005    33.0285        434     1.8042  0.000e+00
     40.584    11.6371   3.773695    33.1051        435     1.8083  0.000e+00
     40.735    11.6090   3.773814    33.1313        436     1.8125  0.000e+00
     40.884    11.5937   3.771521    33.1225        437     1.8167  0.000e+00
     41.026    11.5771   3.769064    33.1132        438     1.8208  0.000e+00
     41.171    11.5583   3.765909    33.0991        439     1.8250  0.000e+00
     41.307    11.5292   3.763429    33.1008        440     1.8292  0.000e+00
     41.446    11.4979   3.760513    33.1002        441     1.8333  0.000e+00
     41.580    11.4701   3.760720    33.1270        442     1.8375  0.000e+00
     41.710    11.4492   3.759685    33.1355        443     1.8417  0.000e+00
     41.838    11.4317   3.756782    33.1227        444     1.8458  0.000e+00
     41.977    11.4121   3.756380    33.1362        445     1.8500  0.000e+00
     42.118    11.3969   3.756114    33.1473        446     1.8542  0.000e+00
     42.259    11.3858   3.754488    33.1412        447     1.8583  0.000e+00
     42.404    11.3735   3.751498    33.1227        448     1.8625  0.000e+00
     42.549    11.3573   3.750599    33.1284        449     1.8667  0.000e+00
     42.693    11.3418   3.749040    33.1269        450     1.8708  0.000e+00
     42.840    11.3268   3.745572    33.1062        451     1.8750  0.000e+00
     42.986    11.3064   3.744610    33.1149        452     1.8792  0.000e+00
     43.131    11.2869   3.741499    33.1017        453     1.8833  0.000e+00
     43.284    11.2648   3.739321    33.1000        454     1.8875  0.000e+00
     43.432    11.2432   3.739350    33.1197        455     1.8917  0.000e+00
     43.581    11.2283   3.736807    33.1079        456     1.8958  0.000e+00
     43.731    11.2120   3.732312    33.0782        457     1.9000  0.000e+00
     43.884    11.1873   3.725668    33.0347        458     1.9042  0.000e+00
     44.042    11.1488   3.718540    32.9988        459     1.9083  0.000e+00
     44.193    11.0998   3.714661    33.0043        460     1.9125  0.000e+00
     44.354    11.0521   3.709848    32.9995        461     1.9167  0.000e+00
     44.517    11.0051   3.709031    33.0335        462     1.9208  0.000e+00
     44.678    10.9672   3.704167    33.0194        463     1.9250  0.000e+00
     44.842    10.9314   3.699483    33.0050        464     1.9292  0.000e+00
     45.005    10.8912   3.701928    33.0655        465     1.9333  0.000e+00
     45.169    10.8682   3.700888    33.0758        466     1.9375  0.000e+00
     45.330    10.8538   3.695254    33.0327        467     1.9417  0.000e+00
     45.489    10.8274   3.692423    33.0283        468     1.9458  0.000e+00
     45.645    10.7978   3.691566    33.0464        469     1.9500  0.000e+00
     45.793    10.7753   3.690645    33.0574        470     1.9542  0.000e+00
     45.934    10.7577   3.689876    33.0657        471     1.9583  0.000e+00
     46.061    10.7431   3.689307    33.0732        472     1.9625  0.000e+00
     46.184    10.7322   3.687986    33.0698        473     1.9667  0.000e+00
     46.303    10.7215   3.686320    33.0627        474     1.9708  0.000e+00
     46.418    10.7081   3.686161    33.0733        475     1.9750  0.000e+00
     46.531    10.6978   3.685217    33.0731        476     1.9792  0.000e+00
     46.644    10.6888   3.681756    33.0467        477     1.9833  0.000e+00
     46.762    10.6719   3.679346    33.0378        478     1.9875  0.000e+00
     46.879    10.6497   3.675834    33.0227        479     1.9917  0.000e+00
     47.008    10.6235   3.673437    33.0224        480     1.9958  0.000e+00
     47.140    10.5966   3.671651    33.0288        481     2.0000  0.000e+00
     47.277    10.5718   3.669671    33.0314        482     2.0042  0.000e+00
     47.420    10.5482   3.668781    33.0438        483     2.0083  0.000e+00
     47.563    10.5286   3.668160    33.0553        484     2.0125  0.000e+00
     47.714    10.5139   3.666790    33.0548        485     2.0167  0.000e+00
     47.870    10.4999   3.665356    33.0530        486     2.0208  0.000e+00
     48.022    10.4855   3.664490    33.0574        487     2.0250  0.000e+00
     48.172    10.4721   3.663951    33.0640        488     2.0292  0.000e+00
     48.318    10.4615   3.663190    33.0660        489     2.0333  0.000e+00
     48.461    10.4527   3.662746    33.0695        490     2.0375  0.000e+00
     48.607    10.4441   3.660809    33.0578        491     2.0417  0.000e+00
     48.746    10.4325   3.659598    33.0561        492     2.0458  0.000e+00
     48.891    10.4190   3.659533    33.0677        493     2.0500  0.000e+00
     49.043    10.4090   3.659803    33.0794        494     2.0542  0.000e+00
     49.195    10.4038   3.660066    33.0866        495     2.0583  0.000e+00
     49.350    10.4023   3.659177    33.0790        496     2.0625  0.000e+00
     49.506    10.3989   3.659089    33.0812        497     2.0667  0.000e+00
     49.665    10.3956   3.659341    33.0867        498     2.0708  0.000e+00
     49.824    10.3947   3.659107    33.0850        499     2.0750  0.000e+00
     49.983    10.3934   3.658978    33.0849        500     2.0792  0.000e+00
     50.139    10.3911   3.658996    33.0870        501     2.0833  0.000e+00
     50.294    10.3902   3.659172    33.0896        502     2.0875  0.000e+00
     50.457    10.3909   3.658979    33.0869        503     2.0917  0.000e+00
     50.616    10.3910   3.658265    33.0796        504     2.0958  0.000e+00
     50.775    10.3883   3.657955    33.0788        505     2.1000  0.000e+00
     50.943    10.3850   3.658242    33.0847        506     2.1042  0.000e+00
     51.115    10.3835   3.657885    33.0823        507     2.1083  0.000e+00
     51.279    10.3822   3.657686    33.0815        508     2.1125  0.000e+00
     51.445    10.3807   3.657674    33.0826        509     2.1167  0.000e+00
     51.610    10.3793   3.657616    33.0833        510     2.1208  0.000e+00
     51.774    10.3779   3.657482    33.0831        511     2.1250  0.000e+00
     51.932    10.3765   3.657312    33.0826        512     2.1292  0.000e+00
     52.084    10.3751   3.656815    33.0788        513     2.1333  0.000e+00
     52.230    10.3728   3.655856    33.0712        514     2.1375  0.000e+00
     52.369    10.3678   3.655768    33.0748        515     2.1417  0.000e+00
     52.498    10.3632   3.655458    33.0758        516     2.1458  0.000e+00
     52.626    10.3598   3.654832    33.0726        517     2.1500  0.000e+00
     52.749    10.3558   3.654897    33.0768        518     2.1542  0.000e+00
     52.872    10.3527   3.654166    33.0722        519     2.1583  0.000e+00
     52.991    10.3488   3.653225    33.0661        520     2.1625  0.000e+00
     53.110    10.3429   3.652652    33.0658        521     2.1667  0.000e+00
     53.230    10.3370   3.652453    33.0690        522     2.1708  0.000e+00
     53.351    10.3325   3.652541    33.0739        523     2.1750  0.000e+00
     53.468    10.3298   3.652342    33.0744        524     2.1792  0.000e+00
     53.584    10.3276   3.651249    33.0653        525     2.1833  0.000e+00
     53.698    10.3234   3.651518    33.0718        526     2.1875  0.000e+00
     53.819    10.3204   3.651653    33.0759        527     2.1917  0.000e+00
     53.938    10.3190   3.651004    33.0705        528     2.1958  0.000e+00
     54.058    10.3162   3.650004    33.0629        529     2.2000  0.000e+00
     54.179    10.3113   3.649806    33.0653        530     2.2042  0.000e+00
     54.298    10.3073   3.649695    33.0678        531     2.2083  0.000e+00
     54.426    10.3040   3.649806    33.0719        532     2.2125  0.000e+00
     54.558    10.3027   3.649847    33.0734        533     2.2167  0.000e+00
     54.692    10.3021   3.648871    33.0641        534     2.2208  0.000e+00
     54.829    10.2991   3.648398    33.0620        535     2.2250  0.000e+00
     54.970    10.2952   3.647428    33.0557        536     2.2292  0.000e+00
     55.120    10.2898   3.647095    33.0572        537     2.2333  0.000e+00
     55.276    10.2843   3.646516    33.0563        538     2.2375  0.000e+00
     55.435    10.2788   3.646143    33.0574        539     2.2417  0.000e+00
     55.596    10.2740   3.646113    33.0615        540     2.2458  0.000e+00
     55.762    10.2705   3.645582    33.0593        541     2.2500  0.000e+00
     55.929    10.2666   3.645383    33.0607        542     2.2542  0.000e+00
     56.100    10.2628   3.644618    33.0563        543     2.2583  0.000e+00
     56.269    10.2582   3.644875    33.0630        544     2.2625  0.000e+00
     56.433    10.2555   3.644449    33.0612        545     2.2667  0.000e+00
     56.601    10.2531   3.644694    33.0657        546     2.2708  0.000e+00
     56.769    10.2511   3.643853    33.0590        547     2.2750  0.000e+00
     56.923    10.2472   3.644075    33.0648        548     2.2792  0.000e+00
     57.082    10.2442   3.643655    33.0632        549     2.2833  0.000e+00
     57.234    10.2403   3.642808    33.0581        550     2.2875  0.000e+00
     57.386    10.2338   3.642259    33.0584        551     2.2917  0.000e+00
     57.523    10.2277   3.641967    33.0610        552     2.2958  0.000e+00
     57.670    10.2218   3.641103    33.0576        553     2.3000  0.000e+00
     57.805    10.2144   3.640747    33.0607        554     2.3042  0.000e+00
     57.941    10.2063   3.639749    33.0579        555     2.3083  0.000e+00
     58.080    10.1966   3.638675    33.0558        556     2.3125  0.000e+00
     58.217    10.1844   3.638109    33.0612        557     2.3167  0.000e+00
     58.351    10.1735   3.637648    33.0664        558     2.3208  0.000e+00
     58.488    10.1648   3.638425    33.0821        559     2.3250  0.000e+00
     58.619    10.1612   3.637876    33.0798        560     2.3292  0.000e+00
     58.750    10.1581   3.637228    33.0760        561     2.3333  0.000e+00
     58.884    10.1534   3.637205    33.0800        562     2.3375  0.000e+00
     59.014    10.1494   3.637357    33.0851        563     2.3417  0.000e+00
     59.143    10.1475   3.637193    33.0851        564     2.3458  0.000e+00
     59.275    10.1462   3.637293    33.0873        565     2.3500  0.000e+00
     59.408    10.1458   3.636896    33.0836        566     2.3542  0.000e+00
     59.546    10.1440   3.636872    33.0849        567     2.3583  0.000e+00
     59.685    10.1424   3.636873    33.0863        568     2.3625  0.000e+00
     59.824    10.1413   3.637007    33.0887        569     2.3667  0.000e+00
     59.967    10.1409   3.637071    33.0896        570     2.3708  0.000e+00
     60.108    10.1410   3.636937    33.0881        571     2.3750  0.000e+00
     60.254    10.1406   3.636873    33.0877        572     2.3792  0.000e+00
     60.406    10.1401   3.636733    33.0867        573     2.3833  0.000e+00
     60.560    10.1392   3.636873    33.0889        574     2.3875  0.000e+00
     60.714    10.1392   3.636628    33.0863        575     2.3917  0.000e+00
     60.869    10.1387   3.635525    33.0756        576     2.3958  0.000e+00
     61.025    10.1340   3.634060    33.0650        577     2.4000  0.000e+00
     61.178    10.1253   3.633110    33.0632        578     2.4042  0.000e+00
     61.337    10.1156   3.632380    33.0646        579     2.4083  0.000e+00
     61.486    10.1061   3.632071    33.0701        580     2.4125  0.000e+00
     61.632    10.0985   3.631587    33.0721        581     2.4167  0.000e+00
     61.764    10.0924   3.631430    33.0760        582     2.4208  0.000e+00
     61.894    10.0865   3.630281    33.0697        583     2.4250  0.000e+00
     62.015    10.0788   3.629885    33.0726        584     2.4292  0.000e+00
     62.135    10.0708   3.629424    33.0752        585     2.4333  0.000e+00
     62.249    10.0644   3.629226    33.0790        586     2.4375  0.000e+00
     62.362    10.0594   3.629115    33.0825        587     2.4417  0.000e+00
     62.471    10.0551   3.628696    33.0820        588     2.4458  0.000e+00
     62.585    10.0512   3.628672    33.0853        589     2.4500  0.000e+00
     62.700    10.0482   3.628562    33.0869        590     2.4542  0.000e+00
     62.822    10.0464   3.628737    33.0903        591     2.4583  0.000e+00
     62.943    10.0456   3.628929    33.0929        592     2.4625  0.000e+00
     63.071    10.0454   3.629133    33.0951        593     2.4667  0.000e+00
     63.199    10.0459   3.629180    33.0950        594     2.4708  0.000e+00
     63.331    10.0470   3.628982    33.0920        595     2.4750  0.000e+00
     63.476    10.0469   3.628783    33.0900        596     2.4792  0.000e+00
     63.613    10.0455   3.628906    33.0924        597     2.4833  0.000e+00
     63.762    10.0449   3.629046    33.0943        598     2.4875  0.000e+00
     63.906    10.0449   3.628585    33.0897        599     2.4917  0.000e+00
     64.058    10.0434   3.628387    33.0889        600     2.4958  0.000e+00
     64.212    10.0416   3.628825    33.0950        601     2.5000  0.000e+00
     64.362    10.0413   3.628656    33.0934        602     2.5042  0.000e+00
     64.512    10.0410   3.628737    33.0945        603     2.5083  0.000e+00
     64.662    10.0402   3.628825    33.0960        604     2.5125  0.000e+00
     64.807    10.0395   3.629379    33.1022        605     2.5167  0.000e+00
     64.944    10.0405   3.629845    33.1060        606     2.5208  0.000e+00
     65.085    10.0427   3.629840    33.1039        607     2.5250  0.000e+00
     65.219    10.0439   3.629775    33.1021        608     2.5292  0.000e+00
     65.356    10.0441   3.629799    33.1021        609     2.5333  0.000e+00
     65.495    10.0441   3.629735    33.1013        610     2.5375  0.000e+00
     65.638    10.0439   3.629776    33.1018        611     2.5417  0.000e+00
     65.777    10.0439   3.629776    33.1017        612     2.5458  0.000e+00
     65.922    10.0439   3.629933    33.1033        613     2.5500  0.000e+00
     66.067    10.0439   3.629933    33.1032        614     2.5542  0.000e+00
     66.217    10.0439   3.629642    33.1002        615     2.5583  0.000e+00
     66.372    10.0432   3.629356    33.0980        616     2.5625  0.000e+00
     66.526    10.0414   3.629502    33.1009        617     2.5667  0.000e+00
     66.679    10.0404   3.629998    33.1069        618     2.5708  0.000e+00
     66.831    10.0410   3.630464    33.1110        619     2.5750  0.000e+00
     66.989    10.0427   3.630552    33.1102        620     2.5792  0.000e+00
     67.139    10.0442   3.630686    33.1101        621     2.5833  0.000e+00
     67.289    10.0452   3.630598    33.1083        622     2.5875  0.000e+00
     67.439    10.0460   3.630814    33.1097        623     2.5917  0.000e+00
     67.585    10.0464   3.630750    33.1086        624     2.5958  0.000e+00
     67.737    10.0463   3.630814    33.1093        625     2.6000  0.000e+00
