HB2304/sbe063.cnv
* Sea-Bird SBE 19plus V2 Data File:
* FileName = C:\cruise\data\sbe063.hex
* Software Version Seasave V 7.26.7.121
* Temperature SN = 7037
* Conductivity SN = 7037
* System UpLoad Time = Oct 12 2023 04:34:25
** Ship: Bigelow
** Cruise:  HB2304
** Program:  Fall Bottom Trawl
# nquan = 7
# nvalues = 2832                                  
# units = specified
# name 0 = depSM: Depth [salt water, m], lat = 40.00
# name 1 = tv290C: Temperature [ITS-90, deg C]
# name 2 = c0S/m: Conductivity [S/m]
# name 3 = sal00: Salinity, Practical [PSU]
# name 4 = scan: Scan Count
# name 5 = timeM: Time, Elapsed [minutes]
# name 6 = flag:  0.000e+00
# span 0 =     -0.089,     87.450                 
# span 1 =    10.1609,    15.8829                 
# span 2 =  -0.000074,   4.075992                 
# span 3 =     0.0000,    33.3864                 
# span 4 =         11,       2842                 
# span 5 =     0.0417,    11.8375                 
# span 6 = 0.0000e+00, 0.0000e+00                 
# interval = seconds: 0.25
# start_time = Oct 12 2023 04:34:25 [System UTC, header]
# bad_flag = -9.990e-29
*END*
[from data line 2052]
     30.182    15.4339   4.027449    32.2308       2063     8.5917  0.000e+00
     30.122    15.4356   4.026397    32.2200       2064     8.5958  0.000e+00
     30.070    15.4373   4.025345    32.2092       2065     8.6000  0.000e+00
     30.021    15.4359   4.025180    32.2090       2066     8.6042  0.000e+00
     29.994    15.4334   4.025089    32.2102       2067     8.6083  0.000e+00
     29.968    15.4319   4.026014    32.2197       2068     8.6125  0.000e+00
     29.952    15.4317   4.026853    32.2273       2069     8.6167  0.000e+00
     29.950    15.4346   4.026543    32.2222       2070     8.6208  0.000e+00
     29.949    15.4361   4.026233    32.2182       2071     8.6250  0.000e+00
     29.961    15.4365   4.025661    32.2128       2072     8.6292  0.000e+00
     29.968    15.4356   4.025247    32.2098       2073     8.6333  0.000e+00
     29.981    15.4339   4.025247    32.2112       2074     8.6375  0.000e+00
     29.999    15.4324   4.025393    32.2137       2075     8.6417  0.000e+00
     30.008    15.4317   4.026123    32.2208       2076     8.6458  0.000e+00
     30.015    15.4328   4.026592    32.2241       2077     8.6500  0.000e+00
     30.010    15.4348   4.025776    32.2152       2078     8.6542  0.000e+00
     29.992    15.4348   4.025515    32.2129       2079     8.6583  0.000e+00
     29.977    15.4343   4.024390    32.2033       2080     8.6625  0.000e+00
     29.943    15.4314   4.025047    32.2115       2081     8.6667  0.000e+00
     29.903    15.4298   4.025156    32.2138       2082     8.6708  0.000e+00
     29.851    15.4290   4.023721    32.2016       2083     8.6750  0.000e+00
     29.802    15.4266   4.023794    32.2042       2084     8.6792  0.000e+00
     29.746    15.4242   4.023721    32.2056       2085     8.6833  0.000e+00
     29.676    15.4224   4.023970    32.2093       2086     8.6875  0.000e+00
     29.621    15.4215   4.023721    32.2079       2087     8.6917  0.000e+00
     29.564    15.4208   4.023934    32.2103       2088     8.6958  0.000e+00
     29.513    15.4203   4.022954    32.2021       2089     8.7000  0.000e+00
     29.468    15.4190   4.022754    32.2014       2090     8.7042  0.000e+00
     29.441    15.4168   4.021592    32.1928       2091     8.7083  0.000e+00
     29.421    15.4133   4.021592    32.1957       2092     8.7125  0.000e+00
     29.410    15.4104   4.022474    32.2059       2093     8.7167  0.000e+00
     29.408    15.4095   4.022000    32.2025       2094     8.7208  0.000e+00
     29.413    15.4091   4.022042    32.2031       2095     8.7250  0.000e+00
     29.433    15.4087   4.022426    32.2069       2096     8.7292  0.000e+00
     29.462    15.4089   4.023240    32.2140       2097     8.7333  0.000e+00
     29.487    15.4107   4.023119    32.2114       2098     8.7375  0.000e+00
     29.516    15.4123   4.022906    32.2082       2099     8.7417  0.000e+00
     29.540    15.4129   4.022523    32.2042       2100     8.7458  0.000e+00
     29.552    15.4127   4.022140    32.2010       2101     8.7500  0.000e+00
     29.562    15.4113   4.022091    32.2017       2102     8.7542  0.000e+00
     29.554    15.4102   4.021878    32.2007       2103     8.7583  0.000e+00
     29.540    15.4089   4.021860    32.2016       2104     8.7625  0.000e+00
     29.515    15.4079   4.021903    32.2028       2105     8.7667  0.000e+00
     29.478    15.4073   4.022091    32.2050       2106     8.7708  0.000e+00
     29.428    15.4076   4.021927    32.2033       2107     8.7750  0.000e+00
     29.366    15.4072   4.021282    32.1979       2108     8.7792  0.000e+00
     29.301    15.4065   4.020899    32.1951       2109     8.7833  0.000e+00
     29.224    15.4043   4.020304    32.1916       2110     8.7875  0.000e+00
     29.150    15.4021   4.020492    32.1951       2111     8.7917  0.000e+00
     29.077    15.4001   4.020541    32.1972       2112     8.7958  0.000e+00
     29.009    15.3993   4.020376    32.1965       2113     8.8000  0.000e+00
     28.942    15.3986   4.020304    32.1964       2114     8.8042  0.000e+00
     28.890    15.3977   4.020328    32.1973       2115     8.8083  0.000e+00
     28.839    15.3974   4.020352    32.1978       2116     8.8125  0.000e+00
     28.797    15.3973   4.021185    32.2054       2117     8.8167  0.000e+00
     28.769    15.3982   4.021045    32.2034       2118     8.8208  0.000e+00
     28.743    15.3993   4.020717    32.1996       2119     8.8250  0.000e+00
     28.732    15.3993   4.020042    32.1936       2120     8.8292  0.000e+00
     28.729    15.3986   4.019969    32.1934       2121     8.8333  0.000e+00
     28.738    15.3972   4.019440    32.1899       2122     8.8375  0.000e+00
     28.739    15.3953   4.019276    32.1899       2123     8.8417  0.000e+00
     28.756    15.3933   4.019848    32.1967       2124     8.8458  0.000e+00
     28.781    15.3928   4.019799    32.1967       2125     8.8500  0.000e+00
     28.794    15.3927   4.019750    32.1963       2126     8.8542  0.000e+00
     28.808    15.3928   4.019586    32.1948       2127     8.8583  0.000e+00
     28.815    15.3924   4.019252    32.1921       2128     8.8625  0.000e+00
     28.826    15.3917   4.019386    32.1939       2129     8.8667  0.000e+00
     28.831    15.3908   4.019155    32.1925       2130     8.8708  0.000e+00
     28.826    15.3903   4.019179    32.1932       2131     8.8750  0.000e+00
     28.817    15.3897   4.019586    32.1973       2132     8.8792  0.000e+00
     28.808    15.3895   4.019228    32.1942       2133     8.8833  0.000e+00
     28.795    15.3895   4.018930    32.1916       2134     8.8875  0.000e+00
     28.777    15.3888   4.018747    32.1906       2135     8.8917  0.000e+00
     28.763    15.3877   4.018249    32.1870       2136     8.8958  0.000e+00
     28.736    15.3861   4.018413    32.1898       2137     8.9000  0.000e+00
     28.710    15.3849   4.018966    32.1957       2138     8.9042  0.000e+00
     28.676    15.3849   4.018905    32.1952       2139     8.9083  0.000e+00
     28.636    15.3855   4.018656    32.1925       2140     8.9125  0.000e+00
     28.591    15.3856   4.018583    32.1918       2141     8.9167  0.000e+00
     28.537    15.3851   4.018298    32.1897       2142     8.9208  0.000e+00
     28.479    15.3845   4.018954    32.1961       2143     8.9250  0.000e+00
     28.412    15.3846   4.018845    32.1950       2144     8.9292  0.000e+00
     28.336    15.3852   4.019349    32.1991       2145     8.9333  0.000e+00
     28.260    15.3864   4.019416    32.1987       2146     8.9375  0.000e+00
     28.194    15.3876   4.019750    32.2007       2147     8.9417  0.000e+00
     28.112    15.3888   4.019568    32.1981       2148     8.9458  0.000e+00
     28.047    15.3898   4.019416    32.1960       2149     8.9500  0.000e+00
     27.995    15.3900   4.018990    32.1920       2150     8.9542  0.000e+00
     27.950    15.3895   4.019039    32.1929       2151     8.9583  0.000e+00
     27.915    15.3888   4.019349    32.1962       2152     8.9625  0.000e+00
     27.897    15.3888   4.018565    32.1892       2153     8.9667  0.000e+00
     27.895    15.3881   4.018771    32.1917       2154     8.9708  0.000e+00
     27.912    15.3871   4.018437    32.1895       2155     8.9750  0.000e+00
     27.937    15.3862   4.019562    32.2003       2156     8.9792  0.000e+00
     27.968    15.3871   4.019464    32.1987       2157     8.9833  0.000e+00
     28.013    15.3884   4.019318    32.1963       2158     8.9875  0.000e+00
     28.063    15.3888   4.021021    32.2111       2159     8.9917  0.000e+00
     28.107    15.3917   4.022407    32.2212       2160     8.9958  0.000e+00
     28.147    15.3970   4.022091    32.2139       2161     9.0000  0.000e+00
     28.179    15.4014   4.021495    32.2050       2162     9.0042  0.000e+00
     28.197    15.4032   4.021975    32.2078       2163     9.0083  0.000e+00
     28.204    15.4041   4.022285    32.2098       2164     9.0125  0.000e+00
     28.203    15.4059   4.022024    32.2061       2165     9.0167  0.000e+00
     28.188    15.4065   4.022188    32.2070       2166     9.0208  0.000e+00
     28.154    15.4074   4.022212    32.2065       2167     9.0250  0.000e+00
     28.100    15.4080   4.023167    32.2146       2168     9.0292  0.000e+00
     28.027    15.4096   4.021519    32.1985       2169     9.0333  0.000e+00
     27.957    15.4091   4.020923    32.1936       2170     9.0375  0.000e+00
     27.866    15.4068   4.020874    32.1952       2171     9.0417  0.000e+00
     27.783    15.4041   4.020181    32.1912       2172     9.0458  0.000e+00
     27.711    15.4014   4.018996    32.1829       2173     9.0500  0.000e+00
     27.626    15.3975   4.019440    32.1901       2174     9.0542  0.000e+00
     27.556    15.3946   4.019349    32.1917       2175     9.0583  0.000e+00
     27.483    15.3928   4.019057    32.1906       2176     9.0625  0.000e+00
     27.425    15.3912   4.018698    32.1887       2177     9.0667  0.000e+00
     27.380    15.3892   4.018224    32.1861       2178     9.0708  0.000e+00
     27.348    15.3873   4.018078    32.1864       2179     9.0750  0.000e+00
     27.319    15.3852   4.018370    32.1907       2180     9.0792  0.000e+00
     27.310    15.3842   4.021689    32.2211       2181     9.0833  0.000e+00
     27.308    15.3883   4.023094    32.2304       2182     9.0875  0.000e+00
     27.312    15.3971   4.023215    32.2242       2183     9.0917  0.000e+00
     27.321    15.4035   4.023240    32.2192       2184     9.0958  0.000e+00
     27.326    15.4079   4.022048    32.2049       2185     9.1000  0.000e+00
     27.333    15.4091   4.021804    32.2018       2186     9.1042  0.000e+00
     27.340    15.4083   4.021610    32.2007       2187     9.1083  0.000e+00
     27.342    15.4072   4.020254    32.1895       2188     9.1125  0.000e+00
     27.344    15.4045   4.022407    32.2109       2189     9.1167  0.000e+00
     27.326    15.4048   4.022856    32.2147       2190     9.1208  0.000e+00
     27.310    15.4073   4.022808    32.2122       2191     9.1250  0.000e+00
     27.286    15.4095   4.022911    32.2113       2192     9.1292  0.000e+00
     27.252    15.4109   4.022856    32.2098       2193     9.1333  0.000e+00
     27.225    15.4119   4.022759    32.2081       2194     9.1375  0.000e+00
     27.191    15.4122   4.021829    32.1995       2195     9.1417  0.000e+00
     27.167    15.4110   4.021592    32.1984       2196     9.1458  0.000e+00
     27.140    15.4085   4.021172    32.1967       2197     9.1500  0.000e+00
     27.111    15.4065   4.021470    32.2010       2198     9.1542  0.000e+00
     27.086    15.4054   4.021379    32.2011       2199     9.1583  0.000e+00
     27.064    15.4045   4.020947    32.1980       2200     9.1625  0.000e+00
     27.042    15.4034   4.020899    32.1985       2201     9.1667  0.000e+00
     27.019    15.4021   4.021111    32.2015       2202     9.1708  0.000e+00
     26.994    15.4021   4.021926    32.2087       2203     9.1750  0.000e+00
     26.968    15.4033   4.021902    32.2075       2204     9.1792  0.000e+00
     26.939    15.4044   4.021354    32.2017       2205     9.1833  0.000e+00
     26.896    15.4050   4.022041    32.2074       2206     9.1875  0.000e+00
     26.856    15.4051   4.021756    32.2048       2207     9.1917  0.000e+00
     26.804    15.4059   4.022114    32.2074       2208     9.1958  0.000e+00
     26.746    15.4065   4.022497    32.2103       2209     9.2000  0.000e+00
     26.699    15.4077   4.022668    32.2108       2210     9.2042  0.000e+00
     26.648    15.4093   4.022728    32.2101       2211     9.2083  0.000e+00
     26.591    15.4106   4.022309    32.2054       2212     9.2125  0.000e+00
     26.551    15.4107   4.022333    32.2055       2213     9.2167  0.000e+00
     26.498    15.4105   4.022382    32.2061       2214     9.2208  0.000e+00
     26.459    15.4103   4.022212    32.2047       2215     9.2250  0.000e+00
     26.417    15.4102   4.021810    32.2013       2216     9.2292  0.000e+00
     26.390    15.4092   4.021926    32.2031       2217     9.2333  0.000e+00
     26.367    15.4084   4.021713    32.2019       2218     9.2375  0.000e+00
     26.354    15.4076   4.021999    32.2051       2219     9.2417  0.000e+00
     26.341    15.4074   4.021719    32.2028       2220     9.2458  0.000e+00
     26.327    15.4073   4.021901    32.2045       2221     9.2500  0.000e+00
     26.320    15.4069   4.020922    32.1961       2222     9.2542  0.000e+00
     26.314    15.4052   4.019658    32.1862       2223     9.2583  0.000e+00
     26.309    15.4016   4.018558    32.1793       2224     9.2625  0.000e+00
     26.287    15.3964   4.018290    32.1812       2225     9.2667  0.000e+00
     26.256    15.3912   4.018534    32.1876       2226     9.2708  0.000e+00
     26.220    15.3883   4.018844    32.1928       2227     9.2750  0.000e+00
     26.179    15.3870   4.020801    32.2113       2228     9.2792  0.000e+00
     26.132    15.3896   4.021591    32.2163       2229     9.2833  0.000e+00
     26.076    15.3943   4.022108    32.2171       2230     9.2875  0.000e+00
     26.016    15.3992   4.022357    32.2153       2231     9.2917  0.000e+00
     25.954    15.4033   4.022473    32.2130       2232     9.2958  0.000e+00
     25.884    15.4060   4.022619    32.2121       2233     9.3000  0.000e+00
     25.813    15.4082   4.022090    32.2056       2234     9.3042  0.000e+00
     25.745    15.4090   4.021883    32.2032       2235     9.3083  0.000e+00
     25.682    15.4084   4.022138    32.2059       2236     9.3125  0.000e+00
     25.635    15.4085   4.022090    32.2054       2237     9.3167  0.000e+00
     25.589    15.4087   4.022831    32.2120       2238     9.3208  0.000e+00
     25.560    15.4099   4.023233    32.2145       2239     9.3250  0.000e+00
     25.548    15.4121   4.021877    32.2006       2240     9.3292  0.000e+00
     25.550    15.4116   4.021779    32.2002       2241     9.3333  0.000e+00
     25.564    15.4099   4.021494    32.1990       2242     9.3375  0.000e+00
     25.597    15.4082   4.021640    32.2017       2243     9.3417  0.000e+00
     25.636    15.4072   4.021494    32.2012       2244     9.3458  0.000e+00
     25.689    15.4066   4.022382    32.2096       2245     9.3500  0.000e+00
     25.745    15.4072   4.022406    32.2093       2246     9.3542  0.000e+00
     25.795    15.4087   4.023695    32.2196       2247     9.3583  0.000e+00
     25.846    15.4115   4.023050    32.2115       2248     9.3625  0.000e+00
     25.877    15.4137   4.023002    32.2093       2249     9.3667  0.000e+00
     25.902    15.4146   4.023117    32.2095       2250     9.3708  0.000e+00
     25.906    15.4149   4.021664    32.1963       2251     9.3750  0.000e+00
     25.888    15.4133   4.021640    32.1974       2252     9.3792  0.000e+00
     25.841    15.4108   4.022023    32.2029       2253     9.3833  0.000e+00
     25.759    15.4097   4.022132    32.2048       2254     9.3875  0.000e+00
     25.667    15.4096   4.021901    32.2028       2255     9.3917  0.000e+00
     25.562    15.4092   4.022023    32.2043       2256     9.3958  0.000e+00
     25.458    15.4088   4.022023    32.2047       2257     9.4000  0.000e+00
     25.329    15.4090   4.021469    32.1996       2258     9.4042  0.000e+00
     25.203    15.4081   4.021518    32.2009       2259     9.4083  0.000e+00
     25.083    15.4070   4.021062    32.1978       2260     9.4125  0.000e+00
     24.977    15.4059   4.020442    32.1932       2261     9.4167  0.000e+00
     24.870    15.4039   4.021062    32.2003       2262     9.4208  0.000e+00
     24.782    15.4026   4.020484    32.1962       2263     9.4250  0.000e+00
     24.702    15.4015   4.020800    32.2001       2264     9.4292  0.000e+00
     24.644    15.4009   4.021110    32.2033       2265     9.4333  0.000e+00
     24.596    15.4012   4.020727    32.1996       2266     9.4375  0.000e+00
