HB2304/sbe019.cnv
* Sea-Bird SBE 19plus V2 Data File:
* FileName = C:\cruise\data\sbe019.hex
* Software Version Seasave V 7.26.7.121
* Temperature SN = 7037
* Conductivity SN = 7037
* System UpLoad Time = Sep 16 2023 23:23:44
** Ship: Bigelow
** Cruise:  HB2304
** Program:  Fall Bottom Trawl
# nquan = 7
# nvalues = 1471                                  
# units = specified
# name 0 = depSM: Depth [salt water, m], lat = 40.00
# name 1 = tv290C: Temperature [ITS-90, deg C]
# name 2 = c0S/m: Conductivity [S/m]
# name 3 = sal00: Salinity, Practical [PSU]
# name 4 = scan: Scan Count
# name 5 = timeM: Time, Elapsed [minutes]
# name 6 = flag:  0.000e+00
# span 0 =     -0.048,     28.807                 
# span 1 =    20.6736,    24.3647                 
# span 2 =   0.000015,   4.948807                 
# span 3 =     0.0107,    33.1332                 
# span 4 =         11,       1481                 
# span 5 =     0.0417,     6.1667                 
# span 6 = 0.0000e+00, 0.0000e+00                 
# interval = seconds: 0.25
# start_time = Sep 16 2023 23:23:44 [System UTC, header]
# bad_flag = -9.990e-29
*END*
[from data line 616]
     20.779    23.3753   4.863468    32.9003        627     2.6083  0.000e+00
     20.743    23.4077   4.870918    32.9327        628     2.6125  0.000e+00
     20.711    23.4498   4.874457    32.9281        629     2.6167  0.000e+00
     20.671    23.4881   4.872954    32.8883        630     2.6208  0.000e+00
     20.640    23.5114   4.875029    32.8867        631     2.6250  0.000e+00
     20.600    23.5288   4.877132    32.8897        632     2.6292  0.000e+00
     20.561    23.5461   4.879836    32.8973        633     2.6333  0.000e+00
     20.515    23.5651   4.884987    32.9222        634     2.6375  0.000e+00
     20.470    23.5915   4.889395    32.9359        635     2.6417  0.000e+00
     20.427    23.6235   4.898077    32.9777        636     2.6458  0.000e+00
     20.380    23.6676   4.904532    32.9936        637     2.6500  0.000e+00
     20.320    23.7185   4.907816    32.9806        638     2.6542  0.000e+00
     20.257    23.7617   4.909145    32.9585        639     2.6583  0.000e+00
     20.199    23.7929   4.909409    32.9374        640     2.6625  0.000e+00
     20.123    23.8131   4.909454    32.9228        641     2.6667  0.000e+00
     20.047    23.8250   4.910770    32.9239        642     2.6708  0.000e+00
     19.957    23.8357   4.913601    32.9373        643     2.6750  0.000e+00
     19.865    23.8507   4.917590    32.9562        644     2.6792  0.000e+00
     19.765    23.8703   4.919197    32.9538        645     2.6833  0.000e+00
     19.664    23.8898   4.918231    32.9322        646     2.6875  0.000e+00
     19.558    23.9003   4.905288    32.8273        647     2.6917  0.000e+00
     19.451    23.8951   4.903913    32.8208        648     2.6958  0.000e+00
     19.344    23.8859   4.903570    32.8251        649     2.7000  0.000e+00
     19.243    23.8807   4.904640    32.8370        650     2.7042  0.000e+00
     19.146    23.8804   4.906299    32.8497        651     2.7083  0.000e+00
     19.057    23.8856   4.910107    32.8745        652     2.7125  0.000e+00
     18.976    23.8987   4.915868    32.9081        653     2.7167  0.000e+00
     18.905    23.9230   4.926246    32.9680        654     2.7208  0.000e+00
     18.840    23.9684   4.935075    33.0006        655     2.7250  0.000e+00
     18.777    24.0250   4.939548    32.9924        656     2.7292  0.000e+00
     18.726    24.0769   4.942239    32.9741        657     2.7333  0.000e+00
     18.674    24.1181   4.942690    32.9471        658     2.7375  0.000e+00
     18.618    24.1473   4.941661    32.9179        659     2.7417  0.000e+00
     18.576    24.1646   4.939460    32.8887        660     2.7458  0.000e+00
     18.528    24.1707   4.936570    32.8627        661     2.7500  0.000e+00
     18.475    24.1676   4.933654    32.8433        662     2.7542  0.000e+00
     18.428    24.1577   4.920317    32.7510        663     2.7583  0.000e+00
     18.388    24.1294   4.905119    32.6582        664     2.7625  0.000e+00
     18.338    24.0774   4.901544    32.6696        665     2.7667  0.000e+00
     18.284    24.0340   4.899391    32.6853        666     2.7708  0.000e+00
     18.244    24.0031   4.897846    32.6964        667     2.7750  0.000e+00
     18.204    23.9805   4.897304    32.7089        668     2.7792  0.000e+00
     18.166    23.9645   4.895409    32.7064        669     2.7833  0.000e+00
     18.137    23.9520   4.893924    32.7045        670     2.7875  0.000e+00
     18.097    23.9395   4.892913    32.7061        671     2.7917  0.000e+00
     18.078    23.9296   4.892663    32.7115        672     2.7958  0.000e+00
     18.069    23.9228   4.892524    32.7155        673     2.8000  0.000e+00
     18.043    23.9179   4.892240    32.7169        674     2.8042  0.000e+00
     18.036    23.9148   4.892023    32.7176        675     2.8083  0.000e+00
     18.027    23.9124   4.892359    32.7219        676     2.8125  0.000e+00
     18.014    23.9113   4.892584    32.7244        677     2.8167  0.000e+00
     18.013    23.9113   4.892564    32.7242        678     2.8208  0.000e+00
     18.016    23.9114   4.893059    32.7279        679     2.8250  0.000e+00
     18.018    23.9131   4.893812    32.7323        680     2.8292  0.000e+00
     18.014    23.9167   4.894182    32.7324        681     2.8333  0.000e+00
     18.009    23.9206   4.895522    32.7396        682     2.8375  0.000e+00
     18.011    23.9257   4.895185    32.7333        683     2.8417  0.000e+00
     18.000    23.9296   4.895231    32.7308        684     2.8458  0.000e+00
     17.984    23.9312   4.893924    32.7199        685     2.8500  0.000e+00
     17.957    23.9294   4.896308    32.7390        686     2.8542  0.000e+00
     17.938    23.9330   4.897629    32.7463        687     2.8583  0.000e+00
     17.908    23.9397   4.896136    32.7302        688     2.8625  0.000e+00
     17.893    23.9422   4.896057    32.7278        689     2.8667  0.000e+00
     17.859    23.9418   4.896070    32.7282        690     2.8708  0.000e+00
     17.841    23.9412   4.895720    32.7260        691     2.8750  0.000e+00
     17.807    23.9400   4.895522    32.7254        692     2.8792  0.000e+00
     17.779    23.9388   4.895607    32.7270        693     2.8833  0.000e+00
     17.738    23.9382   4.896393    32.7333        694     2.8875  0.000e+00
     17.707    23.9397   4.896222    32.7309        695     2.8917  0.000e+00
     17.664    23.9404   4.896618    32.7333        696     2.8958  0.000e+00
     17.617    23.9421   4.898011    32.7426        697     2.9000  0.000e+00
     17.564    23.9465   4.898520    32.7431        698     2.9042  0.000e+00
     17.501    23.9515   4.899868    32.7496        699     2.9083  0.000e+00
     17.436    23.9587   4.900977    32.7527        700     2.9125  0.000e+00
     17.366    23.9672   4.906436    32.7873        701     2.9167  0.000e+00
     17.292    23.9861   4.914933    32.8371        702     2.9208  0.000e+00
     17.208    24.0221   4.922218    32.8652        703     2.9250  0.000e+00
     17.131    24.0671   4.926051    32.8607        704     2.9292  0.000e+00
     17.053    24.1075   4.928242    32.8474        705     2.9333  0.000e+00
     16.970    24.1393   4.930003    32.8373        706     2.9375  0.000e+00
     16.887    24.1640   4.931785    32.8324        707     2.9417  0.000e+00
     16.793    24.1837   4.933083    32.8277        708     2.9458  0.000e+00
     16.710    24.1998   4.934587    32.8271        709     2.9500  0.000e+00
     16.625    24.2138   4.936184    32.8288        710     2.9542  0.000e+00
     16.547    24.2274   4.937217    32.8265        711     2.9583  0.000e+00
     16.471    24.2386   4.937641    32.8215        712     2.9625  0.000e+00
     16.406    24.2477   4.938960    32.8247        713     2.9667  0.000e+00
     16.337    24.2566   4.941188    32.8347        714     2.9708  0.000e+00
     16.285    24.2682   4.943323    32.8422        715     2.9750  0.000e+00
     16.249    24.2821   4.945272    32.8465        716     2.9792  0.000e+00
     16.215    24.2971   4.946406    32.8440        717     2.9833  0.000e+00
     16.195    24.3102   4.947255    32.8407        718     2.9875  0.000e+00
     16.175    24.3209   4.947341    32.8335        719     2.9917  0.000e+00
     16.168    24.3283   4.947255    32.8274        720     2.9958  0.000e+00
     16.164    24.3327   4.947514    32.8261        721     3.0000  0.000e+00
     16.171    24.3358   4.947719    32.8254        722     3.0042  0.000e+00
     16.182    24.3381   4.947540    32.8223        723     3.0083  0.000e+00
     16.198    24.3393   4.947600    32.8219        724     3.0125  0.000e+00
     16.209    24.3399   4.947719    32.8223        725     3.0167  0.000e+00
     16.220    24.3407   4.947799    32.8224        726     3.0208  0.000e+00
     16.225    24.3414   4.947825    32.8220        727     3.0250  0.000e+00
     16.235    24.3422   4.947878    32.8219        728     3.0292  0.000e+00
     16.224    24.3425   4.948130    32.8235        729     3.0333  0.000e+00
     16.215    24.3434   4.948396    32.8249        730     3.0375  0.000e+00
     16.211    24.3446   4.948455    32.8244        731     3.0417  0.000e+00
     16.206    24.3460   4.948449    32.8233        732     3.0458  0.000e+00
     16.178    24.3464   4.948250    32.8215        733     3.0500  0.000e+00
     16.159    24.3467   4.948674    32.8245        734     3.0542  0.000e+00
     16.137    24.3474   4.948761    32.8246        735     3.0583  0.000e+00
     16.104    24.3484   4.948807    32.8243        736     3.0625  0.000e+00
     16.070    24.3494   4.948787    32.8234        737     3.0667  0.000e+00
     16.023    24.3500   4.948674    32.8222        738     3.0708  0.000e+00
     15.980    24.3504   4.948707    32.8221        739     3.0750  0.000e+00
     15.938    24.3505   4.948595    32.8212        740     3.0792  0.000e+00
     15.895    24.3505   4.948402    32.8198        741     3.0833  0.000e+00
     15.853    24.3503   4.947626    32.8142        742     3.0875  0.000e+00
     15.817    24.3492   4.946870    32.8093        743     3.0917  0.000e+00
     15.779    24.3478   4.946777    32.8097        744     3.0958  0.000e+00
     15.743    24.3468   4.946677    32.8097        745     3.1000  0.000e+00
     15.703    24.3459   4.946691    32.8105        746     3.1042  0.000e+00
     15.667    24.3453   4.946717    32.8111        747     3.1083  0.000e+00
     15.636    24.3452   4.946817    32.8120        748     3.1125  0.000e+00
     15.607    24.3456   4.946830    32.8118        749     3.1167  0.000e+00
     15.569    24.3459   4.946843    32.8116        750     3.1208  0.000e+00
     15.530    24.3462   4.946803    32.8111        751     3.1250  0.000e+00
     15.488    24.3464   4.946790    32.8109        752     3.1292  0.000e+00
     15.450    24.3464   4.946690    32.8102        753     3.1333  0.000e+00
     15.405    24.3464   4.946743    32.8106        754     3.1375  0.000e+00
     15.360    24.3466   4.946843    32.8112        755     3.1417  0.000e+00
     15.324    24.3468   4.946830    32.8110        756     3.1458  0.000e+00
     15.284    24.3469   4.946816    32.8108        757     3.1500  0.000e+00
     15.248    24.3470   4.946657    32.8096        758     3.1542  0.000e+00
     15.217    24.3470   4.946677    32.8097        759     3.1583  0.000e+00
     15.186    24.3470   4.946657    32.8096        760     3.1625  0.000e+00
     15.145    24.3469   4.946604    32.8093        761     3.1667  0.000e+00
     15.129    24.3468   4.946597    32.8093        762     3.1708  0.000e+00
     15.083    24.3470   4.946690    32.8099        763     3.1750  0.000e+00
     15.062    24.3471   4.946624    32.8093        764     3.1792  0.000e+00
     15.024    24.3476   4.946491    32.8079        765     3.1833  0.000e+00
     14.986    24.3476   4.946299    32.8065        766     3.1875  0.000e+00
     14.941    24.3475   4.946206    32.8059        767     3.1917  0.000e+00
     14.897    24.3472   4.946033    32.8049        768     3.1958  0.000e+00
     14.867    24.3468   4.945834    32.8037        769     3.2000  0.000e+00
     14.827    24.3460   4.945834    32.8043        770     3.2042  0.000e+00
     14.800    24.3457   4.945317    32.8007        771     3.2083  0.000e+00
     14.765    24.3443   4.944700    32.7971        772     3.2125  0.000e+00
     14.753    24.3422   4.945231    32.8026        773     3.2167  0.000e+00
     14.727    24.3418   4.945012    32.8013        774     3.2208  0.000e+00
     14.716    24.3413   4.944448    32.7975        775     3.2250  0.000e+00
     14.702    24.3403   4.945503    32.8061        776     3.2292  0.000e+00
     14.688    24.3409   4.945635    32.8066        777     3.2333  0.000e+00
     14.678    24.3423   4.945125    32.8018        778     3.2375  0.000e+00
     14.684    24.3422   4.944614    32.7981        779     3.2417  0.000e+00
     14.682    24.3409   4.944442    32.7977        780     3.2458  0.000e+00
     14.669    24.3396   4.944050    32.7958        781     3.2500  0.000e+00
     14.662    24.3381   4.943540    32.7931        782     3.2542  0.000e+00
     14.659    24.3360   4.944143    32.7991        783     3.2583  0.000e+00
     14.635    24.3355   4.943507    32.7948        784     3.2625  0.000e+00
     14.615    24.3343   4.942777    32.7902        785     3.2667  0.000e+00
     14.601    24.3318   4.940364    32.7741        786     3.2708  0.000e+00
     14.574    24.3260   4.942094    32.7912        787     3.2750  0.000e+00
     14.549    24.3238   4.940079    32.7778        788     3.2792  0.000e+00
     14.512    24.3200   4.942486    32.7985        789     3.2833  0.000e+00
     14.483    24.3205   4.941769    32.7928        790     3.2875  0.000e+00
     14.446    24.3211   4.942061    32.7946        791     3.2917  0.000e+00
     14.404    24.3211   4.942751    32.7998        792     3.2958  0.000e+00
     14.355    24.3232   4.942485    32.7962        793     3.3000  0.000e+00
     14.301    24.3244   4.942041    32.7921        794     3.3042  0.000e+00
     14.247    24.3243   4.940131    32.7780        795     3.3083  0.000e+00
     14.187    24.3200   4.936989    32.7577        796     3.3125  0.000e+00
     14.122    24.3100   4.936618    32.7623        797     3.3167  0.000e+00
     14.057    24.3022   4.935207    32.7575        798     3.3208  0.000e+00
     13.990    24.2945   4.933895    32.7534        799     3.3250  0.000e+00
     13.927    24.2859   4.934047    32.7609        800     3.3292  0.000e+00
     13.869    24.2803   4.934438    32.7678        801     3.3333  0.000e+00
     13.813    24.2786   4.934412    32.7689        802     3.3375  0.000e+00
     13.766    24.2776   4.933961    32.7663        803     3.3417  0.000e+00
     13.719    24.2763   4.933729    32.7656        804     3.3458  0.000e+00
     13.677    24.2746   4.934047    32.7692        805     3.3500  0.000e+00
     13.641    24.2742   4.934637    32.7739        806     3.3542  0.000e+00
     13.605    24.2754   4.934359    32.7709        807     3.3583  0.000e+00
     13.580    24.2760   4.934187    32.7693        808     3.3625  0.000e+00
     13.562    24.2757   4.934114    32.7689        809     3.3667  0.000e+00
     13.545    24.2752   4.934949    32.7755        810     3.3708  0.000e+00
     13.545    24.2766   4.935320    32.7772        811     3.3750  0.000e+00
     13.536    24.2790   4.935253    32.7750        812     3.3792  0.000e+00
     13.529    24.2800   4.933849    32.7638        813     3.3833  0.000e+00
     13.545    24.2786   4.934551    32.7700        814     3.3875  0.000e+00
     13.565    24.2782   4.935094    32.7744        815     3.3917  0.000e+00
     13.582    24.2791   4.934723    32.7710        816     3.3958  0.000e+00
     13.594    24.2796   4.935744    32.7782        817     3.4000  0.000e+00
     13.610    24.2815   4.936168    32.7799        818     3.4042  0.000e+00
     13.641    24.2843   4.936128    32.7776        819     3.4083  0.000e+00
     13.663    24.2861   4.936393    32.7783        820     3.4125  0.000e+00
     13.683    24.2874   4.936479    32.7780        821     3.4167  0.000e+00
     13.705    24.2887   4.936347    32.7760        822     3.4208  0.000e+00
     13.723    24.2893   4.936281    32.7751        823     3.4250  0.000e+00
     13.742    24.2891   4.935008    32.7657        824     3.4292  0.000e+00
     13.753    24.2873   4.936194    32.7759        825     3.4333  0.000e+00
     13.762    24.2863   4.936539    32.7792        826     3.4375  0.000e+00
     13.753    24.2879   4.936619    32.7786        827     3.4417  0.000e+00
     13.755    24.2896   4.936990    32.7801        828     3.4458  0.000e+00
     13.743    24.2910   4.936453    32.7751        829     3.4500  0.000e+00
     13.728    24.2908   4.934670    32.7620        830     3.4542  0.000e+00
