HB2304/sbe072.cnv
* Sea-Bird SBE 19plus V2 Data File:
* FileName = C:\cruise\data\sbe072.hex
* Software Version Seasave V 7.26.7.121
* Temperature SN = 7037
* Conductivity SN = 7037
* System UpLoad Time = Oct 15 2023 09:03:57
** Ship: Bigelow
** Cruise:  HB2304
** Program:  Fall Bottom Trawl
# nquan = 7
# nvalues = 1156                                  
# units = specified
# name 0 = depSM: Depth [salt water, m], lat = 40.00
# name 1 = tv290C: Temperature [ITS-90, deg C]
# name 2 = c0S/m: Conductivity [S/m]
# name 3 = sal00: Salinity, Practical [PSU]
# name 4 = scan: Scan Count
# name 5 = timeM: Time, Elapsed [minutes]
# name 6 = flag:  0.000e+00
# span 0 =     -0.152,     34.202                 
# span 1 =    10.9056,    16.7887                 
# span 2 =  -0.000028,   4.139086                 
# span 3 =     0.0000,    33.1559                 
# span 4 =         11,       1166                 
# span 5 =     0.0417,     4.8542                 
# span 6 = 0.0000e+00, 0.0000e+00                 
# interval = seconds: 0.25
# start_time = Oct 15 2023 09:03:57 [System UTC, header]
# bad_flag = -9.990e-29
*END*
[from data line 411]
     32.451    16.7850   4.139001    32.1167        422     1.7542  0.000e+00
     32.382    16.7854   4.138995    32.1164        423     1.7583  0.000e+00
     32.306    16.7856   4.139001    32.1163        424     1.7625  0.000e+00
     32.230    16.7857   4.138945    32.1157        425     1.7667  0.000e+00
     32.154    16.7857   4.138927    32.1156        426     1.7708  0.000e+00
     32.075    16.7859   4.139013    32.1162        427     1.7750  0.000e+00
     31.995    16.7860   4.138896    32.1152        428     1.7792  0.000e+00
     31.912    16.7857   4.138945    32.1158        429     1.7833  0.000e+00
     31.831    16.7857   4.138773    32.1144        430     1.7875  0.000e+00
     31.742    16.7853   4.138779    32.1148        431     1.7917  0.000e+00
     31.650    16.7850   4.138773    32.1150        432     1.7958  0.000e+00
     31.571    16.7847   4.138754    32.1152        433     1.8000  0.000e+00
     31.491    16.7844   4.138674    32.1147        434     1.8042  0.000e+00
     31.413    16.7838   4.138662    32.1151        435     1.8083  0.000e+00
     31.336    16.7834   4.138773    32.1165        436     1.8125  0.000e+00
     31.263    16.7834   4.138803    32.1168        437     1.8167  0.000e+00
     31.196    16.7838   4.138797    32.1163        438     1.8208  0.000e+00
     31.139    16.7841   4.138779    32.1160        439     1.8250  0.000e+00
     31.075    16.7842   4.138797    32.1161        440     1.8292  0.000e+00
     31.030    16.7841   4.138803    32.1162        441     1.8333  0.000e+00
     30.980    16.7844   4.138797    32.1159        442     1.8375  0.000e+00
     30.925    16.7844   4.138896    32.1168        443     1.8417  0.000e+00
     30.875    16.7847   4.138896    32.1166        444     1.8458  0.000e+00
     30.819    16.7851   4.138920    32.1165        445     1.8500  0.000e+00
     30.779    16.7853   4.138896    32.1161        446     1.8542  0.000e+00
     30.727    16.7857   4.138920    32.1161        447     1.8583  0.000e+00
     30.665    16.7857   4.138951    32.1163        448     1.8625  0.000e+00
     30.595    16.7857   4.138945    32.1164        449     1.8667  0.000e+00
     30.517    16.7860   4.138951    32.1162        450     1.8708  0.000e+00
     30.441    16.7861   4.138945    32.1161        451     1.8750  0.000e+00
     30.353    16.7861   4.138926    32.1159        452     1.8792  0.000e+00
     30.260    16.7862   4.138945    32.1160        453     1.8833  0.000e+00
     30.152    16.7863   4.138951    32.1161        454     1.8875  0.000e+00
     30.058    16.7867   4.138969    32.1159        455     1.8917  0.000e+00
     29.953    16.7864   4.138951    32.1161        456     1.8958  0.000e+00
     29.857    16.7864   4.138944    32.1161        457     1.9000  0.000e+00
     29.756    16.7866   4.138895    32.1155        458     1.9042  0.000e+00
     29.664    16.7862   4.138895    32.1158        459     1.9083  0.000e+00
     29.579    16.7866   4.138975    32.1163        460     1.9125  0.000e+00
     29.503    16.7871   4.138993    32.1161        461     1.9167  0.000e+00
     29.433    16.7866   4.138926    32.1159        462     1.9208  0.000e+00
     29.368    16.7866   4.138944    32.1160        463     1.9250  0.000e+00
     29.310    16.7867   4.138975    32.1163        464     1.9292  0.000e+00
     29.263    16.7876   4.139012    32.1159        465     1.9333  0.000e+00
     29.225    16.7864   4.138999    32.1168        466     1.9375  0.000e+00
     29.187    16.7871   4.138993    32.1161        467     1.9417  0.000e+00
     29.144    16.7874   4.139024    32.1162        468     1.9458  0.000e+00
     29.102    16.7875   4.139012    32.1161        469     1.9500  0.000e+00
     29.050    16.7876   4.139073    32.1165        470     1.9542  0.000e+00
     29.004    16.7881   4.139086    32.1162        471     1.9583  0.000e+00
     28.952    16.7880   4.139073    32.1162        472     1.9625  0.000e+00
     28.889    16.7883   4.139085    32.1161        473     1.9667  0.000e+00
     28.829    16.7881   4.139073    32.1162        474     1.9708  0.000e+00
     28.771    16.7887   4.139061    32.1156        475     1.9750  0.000e+00
     28.706    16.7883   4.139048    32.1159        476     1.9792  0.000e+00
     28.645    16.7882   4.139061    32.1161        477     1.9833  0.000e+00
     28.585    16.7882   4.139024    32.1158        478     1.9875  0.000e+00
     28.522    16.7885   4.138993    32.1152        479     1.9917  0.000e+00
     28.464    16.7881   4.138950    32.1152        480     1.9958  0.000e+00
     28.408    16.7880   4.138895    32.1149        481     2.0000  0.000e+00
     28.358    16.7874   4.138771    32.1143        482     2.0042  0.000e+00
     28.312    16.7870   4.138704    32.1141        483     2.0083  0.000e+00
     28.262    16.7866   4.138525    32.1129        484     2.0125  0.000e+00
     28.213    16.7856   4.138538    32.1138        485     2.0167  0.000e+00
     28.159    16.7844   4.138501    32.1144        486     2.0208  0.000e+00
     28.106    16.7838   4.138470    32.1146        487     2.0250  0.000e+00
     28.050    16.7834   4.138451    32.1149        488     2.0292  0.000e+00
     28.000    16.7830   4.138205    32.1130        489     2.0333  0.000e+00
     27.947    16.7820   4.138156    32.1134        490     2.0375  0.000e+00
     27.890    16.7814   4.137922    32.1119        491     2.0417  0.000e+00
     27.837    16.7796   4.137984    32.1139        492     2.0458  0.000e+00
     27.785    16.7787   4.137830    32.1133        493     2.0500  0.000e+00
     27.740    16.7777   4.137885    32.1146        494     2.0542  0.000e+00
     27.691    16.7771   4.138039    32.1164        495     2.0583  0.000e+00
     27.642    16.7771   4.138033    32.1164        496     2.0625  0.000e+00
     27.599    16.7776   4.138304    32.1184        497     2.0667  0.000e+00
     27.550    16.7785   4.138353    32.1181        498     2.0708  0.000e+00
     27.492    16.7797   4.138470    32.1182        499     2.0750  0.000e+00
     27.438    16.7806   4.138476    32.1175        500     2.0792  0.000e+00
     27.382    16.7813   4.138519    32.1173        501     2.0833  0.000e+00
     27.328    16.7820   4.138574    32.1173        502     2.0875  0.000e+00
     27.264    16.7828   4.138703    32.1178        503     2.0917  0.000e+00
     27.210    16.7837   4.138353    32.1141        504     2.0958  0.000e+00
     27.147    16.7831   4.138371    32.1147        505     2.1000  0.000e+00
     27.087    16.7827   4.138279    32.1143        506     2.1042  0.000e+00
     27.026    16.7822   4.138162    32.1137        507     2.1083  0.000e+00
     26.977    16.7811   4.138082    32.1138        508     2.1125  0.000e+00
     26.928    16.7803   4.137947    32.1133        509     2.1167  0.000e+00
     26.890    16.7796   4.137910    32.1136        510     2.1208  0.000e+00
     26.856    16.7785   4.137873    32.1142        511     2.1250  0.000e+00
     26.829    16.7779   4.137910    32.1150        512     2.1292  0.000e+00
     26.807    16.7775   4.138039    32.1164        513     2.1333  0.000e+00
     26.789    16.7777   4.136347    32.1016        514     2.1375  0.000e+00
     26.762    16.7783   4.138020    32.1157        515     2.1417  0.000e+00
     26.735    16.7790   4.138574    32.1199        516     2.1458  0.000e+00
     26.701    16.7806   4.138586    32.1187        517     2.1500  0.000e+00
     26.670    16.7820   4.138426    32.1162        518     2.1542  0.000e+00
     26.626    16.7824   4.138420    32.1159        519     2.1583  0.000e+00
     26.578    16.7824   4.138451    32.1162        520     2.1625  0.000e+00
     26.529    16.7827   4.138352    32.1151        521     2.1667  0.000e+00
     26.477    16.7828   4.138279    32.1144        522     2.1708  0.000e+00
     26.415    16.7821   4.138328    32.1154        523     2.1750  0.000e+00
     26.352    16.7820   4.138598    32.1179        524     2.1792  0.000e+00
     26.289    16.7828   4.138777    32.1188        525     2.1833  0.000e+00
     26.234    16.7840   4.138795    32.1180        526     2.1875  0.000e+00
     26.184    16.7852   4.138801    32.1171        527     2.1917  0.000e+00
     26.139    16.7857   4.138820    32.1168        528     2.1958  0.000e+00
     26.093    16.7862   4.138869    32.1169        529     2.2000  0.000e+00
     26.063    16.7866   4.138820    32.1162        530     2.2042  0.000e+00
     26.025    16.7870   4.138844    32.1161        531     2.2083  0.000e+00
     26.001    16.7874   4.138869    32.1160        532     2.2125  0.000e+00
     25.983    16.7874   4.138826    32.1156        533     2.2167  0.000e+00
     25.969    16.7872   4.138844    32.1159        534     2.2208  0.000e+00
     25.956    16.7874   4.138826    32.1157        535     2.2250  0.000e+00
     25.938    16.7874   4.138869    32.1160        536     2.2292  0.000e+00
     25.920    16.7875   4.138869    32.1159        537     2.2333  0.000e+00
     25.888    16.7875   4.138869    32.1159        538     2.2375  0.000e+00
     25.851    16.7876   4.138869    32.1159        539     2.2417  0.000e+00
     25.814    16.7877   4.138924    32.1163        540     2.2458  0.000e+00
     25.774    16.7880   4.138918    32.1161        541     2.2500  0.000e+00
     25.720    16.7882   4.138924    32.1159        542     2.2542  0.000e+00
     25.654    16.7883   4.138893    32.1156        543     2.2583  0.000e+00
     25.589    16.7880   4.138820    32.1152        544     2.2625  0.000e+00
     25.519    16.7880   4.138869    32.1157        545     2.2667  0.000e+00
     25.448    16.7879   4.138844    32.1156        546     2.2708  0.000e+00
     25.380    16.7878   4.138869    32.1159        547     2.2750  0.000e+00
     25.306    16.7879   4.138893    32.1161        548     2.2792  0.000e+00
     25.241    16.7880   4.138943    32.1164        549     2.2833  0.000e+00
     25.170    16.7884   4.138893    32.1157        550     2.2875  0.000e+00
     25.102    16.7884   4.138844    32.1153        551     2.2917  0.000e+00
     25.038    16.7884   4.138869    32.1156        552     2.2958  0.000e+00
     24.975    16.7882   4.138776    32.1149        553     2.3000  0.000e+00
     24.917    16.7882   4.138844    32.1155        554     2.3042  0.000e+00
     24.861    16.7881   4.138752    32.1148        555     2.3083  0.000e+00
     24.801    16.7878   4.138745    32.1150        556     2.3125  0.000e+00
     24.753    16.7875   4.138702    32.1150        557     2.3167  0.000e+00
     24.706    16.7873   4.138721    32.1153        558     2.3208  0.000e+00
     24.655    16.7871   4.138678    32.1151        559     2.3250  0.000e+00
     24.606    16.7869   4.138672    32.1152        560     2.3292  0.000e+00
     24.558    16.7866   4.138727    32.1159        561     2.3333  0.000e+00
     24.521    16.7867   4.138672    32.1154        562     2.3375  0.000e+00
     24.489    16.7866   4.138727    32.1160        563     2.3417  0.000e+00
     24.469    16.7869   4.138745    32.1159        564     2.3458  0.000e+00
     24.455    16.7869   4.138825    32.1166        565     2.3500  0.000e+00
     24.435    16.7873   4.138819    32.1162        566     2.3542  0.000e+00
     24.424    16.7878   4.138536    32.1134        567     2.3583  0.000e+00
     24.420    16.7870   4.138130    32.1105        568     2.3625  0.000e+00
     24.415    16.7849   4.138038    32.1114        569     2.3667  0.000e+00
     24.419    16.7831   4.137909    32.1117        570     2.3708  0.000e+00
     24.413    16.7812   4.137872    32.1129        571     2.3750  0.000e+00
     24.406    16.7798   4.137859    32.1139        572     2.3792  0.000e+00
     24.388    16.7789   4.137872    32.1147        573     2.3833  0.000e+00
     24.372    16.7787   4.137958    32.1157        574     2.3875  0.000e+00
     24.344    16.7786   4.138038    32.1164        575     2.3917  0.000e+00
     24.314    16.7790   4.137859    32.1146        576     2.3958  0.000e+00
     24.279    16.7787   4.137829    32.1146        577     2.4000  0.000e+00
     24.232    16.7783   4.137810    32.1147        578     2.4042  0.000e+00
     24.189    16.7780   4.137853    32.1154        579     2.4083  0.000e+00
     24.130    16.7779   4.138032    32.1171        580     2.4125  0.000e+00
     24.079    16.7784   4.138087    32.1171        581     2.4167  0.000e+00
     24.021    16.7791   4.137958    32.1155        582     2.4208  0.000e+00
     23.954    16.7792   4.137829    32.1142        583     2.4250  0.000e+00
     23.895    16.7787   4.137810    32.1146        584     2.4292  0.000e+00
     23.822    16.7781   4.137804    32.1150        585     2.4333  0.000e+00
     23.752    16.7779   4.137810    32.1152        586     2.4375  0.000e+00
     23.678    16.7779   4.137871    32.1158        587     2.4417  0.000e+00
     23.607    16.7779   4.137835    32.1155        588     2.4458  0.000e+00
     23.535    16.7780   4.137853    32.1156        589     2.4500  0.000e+00
     23.466    16.7779   4.137834    32.1155        590     2.4542  0.000e+00
     23.392    16.7780   4.137853    32.1156        591     2.4583  0.000e+00
     23.324    16.7781   4.137859    32.1157        592     2.4625  0.000e+00
     23.257    16.7781   4.137853    32.1156        593     2.4667  0.000e+00
     23.195    16.7782   4.137884    32.1159        594     2.4708  0.000e+00
     23.134    16.7783   4.137804    32.1151        595     2.4750  0.000e+00
     23.080    16.7784   4.137859    32.1155        596     2.4792  0.000e+00
     23.031    16.7782   4.137853    32.1156        597     2.4833  0.000e+00
     22.982    16.7783   4.137859    32.1157        598     2.4875  0.000e+00
     22.950    16.7781   4.137871    32.1159        599     2.4917  0.000e+00
     22.921    16.7783   4.137834    32.1155        600     2.4958  0.000e+00
     22.897    16.7783   4.137853    32.1156        601     2.5000  0.000e+00
     22.881    16.7784   4.137859    32.1156        602     2.5042  0.000e+00
     22.867    16.7783   4.137828    32.1154        603     2.5083  0.000e+00
     22.859    16.7782   4.137834    32.1155        604     2.5125  0.000e+00
     22.854    16.7783   4.137853    32.1156        605     2.5167  0.000e+00
     22.850    16.7783   4.137810    32.1153        606     2.5208  0.000e+00
     22.847    16.7782   4.137853    32.1157        607     2.5250  0.000e+00
     22.847    16.7782   4.137834    32.1156        608     2.5292  0.000e+00
     22.841    16.7783   4.137853    32.1156        609     2.5333  0.000e+00
     22.832    16.7783   4.137834    32.1154        610     2.5375  0.000e+00
     22.831    16.7783   4.137803    32.1152        611     2.5417  0.000e+00
     22.822    16.7782   4.137810    32.1153        612     2.5458  0.000e+00
     22.804    16.7782   4.137853    32.1157        613     2.5500  0.000e+00
     22.780    16.7784   4.137883    32.1158        614     2.5542  0.000e+00
     22.744    16.7785   4.137896    32.1159        615     2.5583  0.000e+00
     22.708    16.7788   4.137908    32.1158        616     2.5625  0.000e+00
     22.668    16.7788   4.137896    32.1157        617     2.5667  0.000e+00
     22.627    16.7788   4.137883    32.1155        618     2.5708  0.000e+00
     22.569    16.7788   4.137853    32.1153        619     2.5750  0.000e+00
     22.509    16.7789   4.137859    32.1153        620     2.5792  0.000e+00
     22.435    16.7788   4.137779    32.1148        621     2.5833  0.000e+00
     22.364    16.7788   4.137785    32.1148        622     2.5875  0.000e+00
     22.287    16.7787   4.137828    32.1153        623     2.5917  0.000e+00
     22.211    16.7785   4.137785    32.1151        624     2.5958  0.000e+00
     22.130    16.7783   4.137828    32.1156        625     2.6000  0.000e+00
