HB2304/sbe059.cnv
* Sea-Bird SBE 19plus V2 Data File:
* FileName = C:\cruise\data\sbe059.hex
* Software Version Seasave V 7.26.7.121
* Temperature SN = 7037
* Conductivity SN = 7037
* System UpLoad Time = Oct 11 2023 11:34:52
** Ship: Bigelow
** Cruise:  HB2304
** Program:  Fall Bottom Trawl
# nquan = 7
# nvalues = 2560                                  
# units = specified
# name 0 = depSM: Depth [salt water, m], lat = 40.00
# name 1 = tv290C: Temperature [ITS-90, deg C]
# name 2 = c0S/m: Conductivity [S/m]
# name 3 = sal00: Salinity, Practical [PSU]
# name 4 = scan: Scan Count
# name 5 = timeM: Time, Elapsed [minutes]
# name 6 = flag:  0.000e+00
# span 0 =     -0.058,    159.560                 
# span 1 =    10.3688,    18.5353                 
# span 2 =   2.799752,   4.470426                 
# span 3 =    21.4746,    35.5334                 
# span 4 =         11,       2570                 
# span 5 =     0.0417,    10.7042                 
# span 6 = 0.0000e+00, 0.0000e+00                 
# interval = seconds: 0.25
# start_time = Oct 11 2023 11:34:52 [System UTC, header]
# bad_flag = -9.990e-29
*END*
[from data line 821]
     98.641    11.3553   3.866998    34.2530        832     3.4625  0.000e+00
     98.867    11.3849   3.870744    34.2625        833     3.4667  0.000e+00
     99.086    11.4106   3.874461    34.2752        834     3.4708  0.000e+00
     99.292    11.4370   3.878342    34.2889        835     3.4750  0.000e+00
     99.485    11.4627   3.880085    34.2822        836     3.4792  0.000e+00
     99.670    11.4895   3.882716    34.2832        837     3.4833  0.000e+00
     99.840    11.5109   3.884843    34.2842        838     3.4875  0.000e+00
     99.997    11.5310   3.888471    34.3012        839     3.4917  0.000e+00
    100.153    11.5514   3.890456    34.3018        840     3.4958  0.000e+00
    100.304    11.5729   3.892117    34.2982        841     3.5000  0.000e+00
    100.449    11.5910   3.893725    34.2971        842     3.5042  0.000e+00
    100.592    11.6082   3.897175    34.3150        843     3.5083  0.000e+00
    100.737    11.6232   3.901408    34.3426        844     3.5125  0.000e+00
    100.888    11.6417   3.905210    34.3628        845     3.5167  0.000e+00
    101.039    11.6641   3.909229    34.3814        846     3.5208  0.000e+00
    101.194    11.6837   3.913341    34.4035        847     3.5250  0.000e+00
    101.355    11.7055   3.919427    34.4429        848     3.5292  0.000e+00
    101.521    11.7281   3.926451    34.4907        849     3.5333  0.000e+00
    101.693    11.7547   3.932094    34.5212        850     3.5375  0.000e+00
    101.865    11.7874   3.936793    34.5367        851     3.5417  0.000e+00
    102.040    11.8216   3.941037    34.5464        852     3.5458  0.000e+00
    102.216    11.8592   3.945259    34.5527        853     3.5500  0.000e+00
    102.398    11.8926   3.951335    34.5810        854     3.5542  0.000e+00
    102.577    11.9266   3.952621    34.5618        855     3.5583  0.000e+00
    102.767    11.9583   3.955054    34.5561        856     3.5625  0.000e+00
    102.959    11.9823   3.960423    34.5861        857     3.5667  0.000e+00
    103.158    12.0057   3.966503    34.6235        858     3.5708  0.000e+00
    103.360    12.0365   3.968994    34.6191        859     3.5750  0.000e+00
    103.577    12.0668   3.971958    34.6198        860     3.5792  0.000e+00
    103.803    12.0928   3.977797    34.6523        861     3.5833  0.000e+00
    104.031    12.1171   3.982259    34.6731        862     3.5875  0.000e+00
    104.270    12.1438   3.986886    34.6932        863     3.5917  0.000e+00
    104.516    12.1724   3.990976    34.7062        864     3.5958  0.000e+00
    104.771    12.2032   3.992758    34.6948        865     3.6000  0.000e+00
    105.029    12.2309   3.993540    34.6766        866     3.6042  0.000e+00
    105.286    12.2530   3.996978    34.6893        867     3.6083  0.000e+00
    105.536    12.2728   3.998876    34.6893        868     3.6125  0.000e+00
    105.785    12.2897   4.001364    34.6976        869     3.6167  0.000e+00
    106.027    12.3047   4.003075    34.7001        870     3.6208  0.000e+00
    106.270    12.3187   4.004294    34.6989        871     3.6250  0.000e+00
    106.501    12.3317   4.006122    34.7045        872     3.6292  0.000e+00
    106.720    12.3441   4.007858    34.7096        873     3.6333  0.000e+00
    106.933    12.3553   4.009758    34.7176        874     3.6375  0.000e+00
    107.143    12.3673   4.010353    34.7121        875     3.6417  0.000e+00
    107.338    12.3780   4.012309    34.7210        876     3.6458  0.000e+00
    107.528    12.3873   4.012917    34.7182        877     3.6500  0.000e+00
    107.711    12.3952   4.014928    34.7303        878     3.6542  0.000e+00
    107.888    12.4027   4.017267    34.7458        879     3.6583  0.000e+00
    108.060    12.4108   4.019176    34.7567        880     3.6625  0.000e+00
    108.239    12.4207   4.021492    34.7698        881     3.6667  0.000e+00
    108.402    12.4313   4.023784    34.7820        882     3.6708  0.000e+00
    108.568    12.4429   4.025390    34.7867        883     3.6750  0.000e+00
    108.733    12.4550   4.027738    34.7981        884     3.6792  0.000e+00
    108.897    12.4660   4.029843    34.8081        885     3.6833  0.000e+00
    109.065    12.4786   4.032892    34.8258        886     3.6875  0.000e+00
    109.223    12.4908   4.033751    34.8227        887     3.6917  0.000e+00
    109.387    12.5029   4.034901    34.8225        888     3.6958  0.000e+00
    109.555    12.5146   4.038549    34.8467        889     3.7000  0.000e+00
    109.724    12.5262   4.041844    34.8676        890     3.7042  0.000e+00
    109.901    12.5407   4.045495    34.8893        891     3.7083  0.000e+00
    110.078    12.5574   4.049829    34.9155        892     3.7125  0.000e+00
    110.255    12.5758   4.054220    34.9406        893     3.7167  0.000e+00
    110.441    12.5957   4.057753    34.9560        894     3.7208  0.000e+00
    110.629    12.6169   4.061055    34.9681        895     3.7250  0.000e+00
    110.827    12.6402   4.066740    35.0010        896     3.7292  0.000e+00
    111.025    12.6636   4.068511    34.9962        897     3.7333  0.000e+00
    111.224    12.6884   4.072098    35.0076        898     3.7375  0.000e+00
    111.425    12.7098   4.075227    35.0176        899     3.7417  0.000e+00
    111.633    12.7312   4.078792    35.0319        900     3.7458  0.000e+00
    111.845    12.7524   4.082762    35.0502        901     3.7500  0.000e+00
    112.056    12.7747   4.085784    35.0583        902     3.7542  0.000e+00
    112.261    12.7974   4.088422    35.0625        903     3.7583  0.000e+00
    112.470    12.8158   4.089879    35.0592        904     3.7625  0.000e+00
    112.680    12.8329   4.092188    35.0654        905     3.7667  0.000e+00
    112.886    12.8497   4.094343    35.0704        906     3.7708  0.000e+00
    113.085    12.8642   4.096984    35.0821        907     3.7750  0.000e+00
    113.275    12.8794   4.098650    35.0838        908     3.7792  0.000e+00
    113.458    12.8947   4.101310    35.0950        909     3.7833  0.000e+00
    113.639    12.9093   4.102517    35.0929        910     3.7875  0.000e+00
    113.816    12.9230   4.104148    35.0957        911     3.7917  0.000e+00
    113.986    12.9343   4.104737    35.0907        912     3.7958  0.000e+00
    114.152    12.9470   4.105571    35.0869        913     3.8000  0.000e+00
    114.309    12.9587   4.106993    35.0895        914     3.8042  0.000e+00
    114.481    12.9685   4.108901    35.0986        915     3.8083  0.000e+00
    114.655    12.9749   4.110864    35.1113        916     3.8125  0.000e+00
    114.841    12.9807   4.113042    35.1267        917     3.8167  0.000e+00
    115.031    12.9871   4.116713    35.1557        918     3.8208  0.000e+00
    115.232    12.9946   4.119537    35.1756        919     3.8250  0.000e+00
    115.447    13.0054   4.124310    35.2110        920     3.8292  0.000e+00
    115.675    13.0169   4.131150    35.2655        921     3.8333  0.000e+00
    115.910    13.0356   4.137343    35.3071        922     3.8375  0.000e+00
    116.147    13.0611   4.142672    35.3341        923     3.8417  0.000e+00
    116.391    13.0887   4.146649    35.3461        924     3.8458  0.000e+00
    116.637    13.1187   4.150510    35.3548        925     3.8500  0.000e+00
    116.885    13.1451   4.153788    35.3613        926     3.8542  0.000e+00
    117.130    13.1716   4.156647    35.3638        927     3.8583  0.000e+00
    117.364    13.1966   4.159156    35.3642        928     3.8625  0.000e+00
    117.593    13.2122   4.161437    35.3712        929     3.8667  0.000e+00
    117.805    13.2262   4.162047    35.3640        930     3.8708  0.000e+00
    118.011    13.2402   4.162393    35.3541        931     3.8750  0.000e+00
    118.203    13.2526   4.162695    35.3454        932     3.8792  0.000e+00
    118.384    13.2628   4.162559    35.3345        933     3.8833  0.000e+00
    118.554    13.2714   4.162497    35.3259        934     3.8875  0.000e+00
    118.713    13.2780   4.162343    35.3182        935     3.8917  0.000e+00
    118.872    13.2836   4.162534    35.3148        936     3.8958  0.000e+00
    119.035    13.2881   4.162867    35.3136        937     3.9000  0.000e+00
    119.183    13.2918   4.162991    35.3113        938     3.9042  0.000e+00
    119.338    13.2948   4.162892    35.3075        939     3.9083  0.000e+00
    119.499    13.2962   4.163083    35.3080        940     3.9125  0.000e+00
    119.668    13.2947   4.163268    35.3111        941     3.9167  0.000e+00
    119.838    13.2918   4.162343    35.3049        942     3.9208  0.000e+00
    120.013    13.2885   4.162467    35.3090        943     3.9250  0.000e+00
    120.196    13.2850   4.162449    35.3120        944     3.9292  0.000e+00
    120.378    13.2815   4.163275    35.3230        945     3.9333  0.000e+00
    120.570    13.2774   4.164188    35.3355        946     3.9375  0.000e+00
    120.773    13.2749   4.164040    35.3363        947     3.9417  0.000e+00
    120.979    13.2727   4.163417    35.3324        948     3.9458  0.000e+00
    121.176    13.2697   4.162468    35.3260        949     3.9500  0.000e+00
    121.380    13.2649   4.161204    35.3184        950     3.9542  0.000e+00
    121.586    13.2573   4.160032    35.3142        951     3.9583  0.000e+00
    121.791    13.2482   4.158960    35.3124        952     3.9625  0.000e+00
    121.999    13.2384   4.157918    35.3116        953     3.9667  0.000e+00
    122.192    13.2279   4.157172    35.3141        954     3.9708  0.000e+00
    122.377    13.2175   4.156550    35.3178        955     3.9750  0.000e+00
    122.558    13.2083   4.156026    35.3213        956     3.9792  0.000e+00
    122.729    13.2000   4.155355    35.3226        957     3.9833  0.000e+00
    122.892    13.1930   4.154763    35.3234        958     3.9875  0.000e+00
    123.044    13.1870   4.154159    35.3232        959     3.9917  0.000e+00
    123.181    13.1822   4.153475    35.3211        960     3.9958  0.000e+00
    123.315    13.1788   4.153512    35.3246        961     4.0000  0.000e+00
    123.458    13.1756   4.154147    35.3335        962     4.0042  0.000e+00
    123.599    13.1724   4.154215    35.3370        963     4.0083  0.000e+00
    123.746    13.1696   4.154135    35.3388        964     4.0125  0.000e+00
    123.894    13.1656   4.154505    35.3460        965     4.0167  0.000e+00
    124.059    13.1620   4.154536    35.3496        966     4.0208  0.000e+00
    124.243    13.1590   4.154074    35.3479        967     4.0250  0.000e+00
    124.455    13.1559   4.154234    35.3522        968     4.0292  0.000e+00
    124.670    13.1523   4.154123    35.3544        969     4.0333  0.000e+00
    124.905    13.1486   4.154062    35.3572        970     4.0375  0.000e+00
    125.158    13.1438   4.153717    35.3583        971     4.0417  0.000e+00
    125.426    13.1385   4.153465    35.3607        972     4.0458  0.000e+00
    125.717    13.1333   4.153360    35.3644        973     4.0500  0.000e+00
    126.012    13.1283   4.153317    35.3685        974     4.0542  0.000e+00
    126.301    13.1243   4.153145    35.3706        975     4.0583  0.000e+00
    126.598    13.1210   4.153145    35.3735        976     4.0625  0.000e+00
    126.891    13.1178   4.153096    35.3759        977     4.0667  0.000e+00
    127.178    13.1155   4.152837    35.3754        978     4.0708  0.000e+00
    127.451    13.1136   4.152548    35.3743        979     4.0750  0.000e+00
    127.701    13.1119   4.152480    35.3751        980     4.0792  0.000e+00
    127.932    13.1102   4.152326    35.3752        981     4.0833  0.000e+00
    128.142    13.1084   4.152148    35.3750        982     4.0875  0.000e+00
    128.339    13.1069   4.151975    35.3747        983     4.0917  0.000e+00
    128.516    13.1052   4.151507    35.3718        984     4.0958  0.000e+00
    128.676    13.1040   4.150910    35.3671        985     4.1000  0.000e+00
    128.817    13.1032   4.150386    35.3628        986     4.1042  0.000e+00
    128.956    13.1025   4.149992    35.3597        987     4.1083  0.000e+00
    129.092    13.1017   4.150004    35.3605        988     4.1125  0.000e+00
    129.227    13.1009   4.150164    35.3627        989     4.1167  0.000e+00
    129.357    13.1000   4.150318    35.3649        990     4.1208  0.000e+00
    129.488    13.0995   4.150793    35.3699        991     4.1250  0.000e+00
    129.629    13.0989   4.151009    35.3724        992     4.1292  0.000e+00
    129.775    13.0978   4.151027    35.3736        993     4.1333  0.000e+00
    129.925    13.0956   4.151033    35.3756        994     4.1375  0.000e+00
    130.072    13.0937   4.150959    35.3766        995     4.1417  0.000e+00
    130.222    13.0918   4.150664    35.3755        996     4.1458  0.000e+00
    130.381    13.0905   4.150270    35.3729        997     4.1500  0.000e+00
    130.556    13.0890   4.150091    35.3725        998     4.1542  0.000e+00
    130.725    13.0873   4.149839    35.3716        999     4.1583  0.000e+00
    130.898    13.0852   4.149993    35.3750       1000     4.1625  0.000e+00
    131.065    13.0832   4.150055    35.3773       1001     4.1667  0.000e+00
    131.242    13.0818   4.150092    35.3790       1002     4.1708  0.000e+00
    131.423    13.0801   4.150030    35.3799       1003     4.1750  0.000e+00
    131.598    13.0780   4.149845    35.3799       1004     4.1792  0.000e+00
    131.775    13.0764   4.149648    35.3795       1005     4.1833  0.000e+00
    131.936    13.0744   4.149519    35.3801       1006     4.1875  0.000e+00
    132.106    13.0724   4.149439    35.3811       1007     4.1917  0.000e+00
    132.280    13.0706   4.149199    35.3804       1008     4.1958  0.000e+00
    132.446    13.0686   4.148977    35.3801       1009     4.2000  0.000e+00
    132.618    13.0663   4.148842    35.3809       1010     4.2042  0.000e+00
    132.779    13.0640   4.148830    35.3829       1011     4.2083  0.000e+00
    132.945    13.0620   4.148750    35.3839       1012     4.2125  0.000e+00
    133.119    13.0603   4.148602    35.3840       1013     4.2167  0.000e+00
    133.304    13.0585   4.148460    35.3843       1014     4.2208  0.000e+00
    133.499    13.0562   4.148331    35.3851       1015     4.2250  0.000e+00
    133.696    13.0545   4.148294    35.3863       1016     4.2292  0.000e+00
    133.906    13.0524   4.148258    35.3878       1017     4.2333  0.000e+00
    134.137    13.0505   4.148202    35.3888       1018     4.2375  0.000e+00
    134.392    13.0487   4.148135    35.3898       1019     4.2417  0.000e+00
    134.662    13.0469   4.148012    35.3902       1020     4.2458  0.000e+00
    134.944    13.0452   4.147889    35.3905       1021     4.2500  0.000e+00
    135.242    13.0434   4.147895    35.3921       1022     4.2542  0.000e+00
    135.550    13.0418   4.147913    35.3936       1023     4.2583  0.000e+00
    135.875    13.0404   4.147754    35.3933       1024     4.2625  0.000e+00
    136.201    13.0394   4.147711    35.3936       1025     4.2667  0.000e+00
    136.517    13.0385   4.147581    35.3931       1026     4.2708  0.000e+00
    136.827    13.0377   4.147465    35.3926       1027     4.2750  0.000e+00
    137.125    13.0365   4.147292    35.3920       1028     4.2792  0.000e+00
    137.402    13.0350   4.147181    35.3922       1029     4.2833  0.000e+00
    137.653    13.0334   4.147145    35.3933       1030     4.2875  0.000e+00
    137.883    13.0315   4.147040    35.3939       1031     4.2917  0.000e+00
    138.080    13.0299   4.146966    35.3946       1032     4.2958  0.000e+00
    138.252    13.0286   4.146659    35.3929       1033     4.3000  0.000e+00
    138.402    13.0276   4.145877    35.3863       1034     4.3042  0.000e+00
    138.521    13.0266   4.146209    35.3903       1035     4.3083  0.000e+00
