HB2304/sbe001.cnv
* Sea-Bird SBE 19plus V2 Data File:
* FileName = C:\cruise\data\sbe001.hex
* Software Version Seasave V 7.26.7.121
* Temperature SN = 7037
* Conductivity SN = 7037
* System UpLoad Time = Sep 10 2023 23:11:55
** Ship: Bigelow
** Cruise:  HB2304
** Program:  Fall Bottom Trawl
# nquan = 7
# nvalues = 3872                                  
# units = specified
# name 0 = depSM: Depth [salt water, m], lat = 40.00
# name 1 = tv290C: Temperature [ITS-90, deg C]
# name 2 = c0S/m: Conductivity [S/m]
# name 3 = sal00: Salinity, Practical [PSU]
# name 4 = scan: Scan Count
# name 5 = timeM: Time, Elapsed [minutes]
# name 6 = flag:  0.000e+00
# span 0 =     -0.047,    171.472                 
# span 1 =     9.7915,    25.5141                 
# span 2 =  -0.000068,   5.186966                 
# span 3 =     0.0000,    35.7829                 
# span 4 =         11,       3882                 
# span 5 =     0.0417,    16.1708                 
# span 6 = 0.0000e+00, 0.0000e+00                 
# interval = seconds: 0.25
# start_time = Sep 10 2023 23:11:55 [System UTC, header]
# bad_flag = -9.990e-29
*END*
[from data line 3283]
     31.760    20.6105   4.814102    34.6665       3294    13.7208  0.000e+00
     31.713    20.6553   4.822399    34.6969       3295    13.7250  0.000e+00
     31.660    20.7081   4.831923    34.7306       3296    13.7292  0.000e+00
     31.610    20.7659   4.834707    34.7059       3297    13.7333  0.000e+00
     31.555    20.8158   4.839206    34.7014       3298    13.7375  0.000e+00
     31.510    20.8559   4.839679    34.6725       3299    13.7417  0.000e+00
     31.463    20.8888   4.855705    34.7746       3300    13.7458  0.000e+00
     31.413    20.9394   4.855553    34.7322       3301    13.7500  0.000e+00
     31.362    20.9840   4.865454    34.7753       3302    13.7542  0.000e+00
     31.306    21.0281   4.864755    34.7338       3303    13.7583  0.000e+00
     31.243    21.0641   4.866368    34.7174       3304    13.7625  0.000e+00
     31.190    21.0858   4.874776    34.7671       3305    13.7667  0.000e+00
     31.123    21.1220   4.873576    34.7281       3306    13.7708  0.000e+00
     31.058    21.1458   4.874301    34.7146       3307    13.7750  0.000e+00
     30.989    21.1623   4.882840    34.7694       3308    13.7792  0.000e+00
     30.924    21.1895   4.886666    34.7780       3309    13.7833  0.000e+00
     30.857    21.2213   4.888150    34.7640       3310    13.7875  0.000e+00
     30.789    21.2440   4.888064    34.7449       3311    13.7917  0.000e+00
     30.727    21.2614   4.896977    34.8019       3312    13.7958  0.000e+00
     30.668    21.2915   4.909077    34.8740       3313    13.8000  0.000e+00
     30.604    21.3450   4.912170    34.8552       3314    13.8042  0.000e+00
     30.539    21.3917   4.920393    34.8827       3315    13.8083  0.000e+00
     30.488    21.4426   4.923610    34.8669       3316    13.8125  0.000e+00
     30.438    21.4865   4.927138    34.8594       3317    13.8167  0.000e+00
     30.387    21.5231   4.931337    34.8630       3318    13.8208  0.000e+00
     30.336    21.5587   4.934265    34.8574       3319    13.8250  0.000e+00
     30.295    21.5904   4.935908    34.8448       3320    13.8292  0.000e+00
     30.248    21.6149   4.937551    34.8380       3321    13.8333  0.000e+00
     30.195    21.6339   4.938174    34.8276       3322    13.8375  0.000e+00
     30.136    21.6486   4.939473    34.8260       3323    13.8417  0.000e+00
     30.089    21.6607   4.940301    34.8228       3324    13.8458  0.000e+00
     30.033    21.6707   4.940785    34.8185       3325    13.8500  0.000e+00
     29.973    21.6786   4.941461    34.8175       3326    13.8542  0.000e+00
     29.913    21.6851   4.941899    34.8158       3327    13.8583  0.000e+00
     29.857    21.6907   4.941434    34.8076       3328    13.8625  0.000e+00
     29.798    21.6936   4.940924    34.8013       3329    13.8667  0.000e+00
     29.738    21.6943   4.940997    34.8012       3330    13.8708  0.000e+00
     29.677    21.6952   4.940778    34.7988       3331    13.8750  0.000e+00
     29.624    21.6961   4.939770    34.7901       3332    13.8792  0.000e+00
     29.572    21.6950   4.939134    34.7860       3333    13.8833  0.000e+00
     29.519    21.6936   4.939392    34.7892       3334    13.8875  0.000e+00
     29.468    21.6930   4.939584    34.7912       3335    13.8917  0.000e+00
     29.420    21.6933   4.939478    34.7902       3336    13.8958  0.000e+00
     29.380    21.6935   4.939498    34.7902       3337    13.9000  0.000e+00
     29.329    21.6934   4.939531    34.7906       3338    13.9042  0.000e+00
     29.286    21.6935   4.939637    34.7913       3339    13.9083  0.000e+00
     29.239    21.6938   4.939644    34.7912       3340    13.9125  0.000e+00
     29.194    21.6942   4.940181    34.7950       3341    13.9167  0.000e+00
     29.139    21.6953   4.940048    34.7931       3342    13.9208  0.000e+00
     29.080    21.6965   4.940864    34.7987       3343    13.9250  0.000e+00
     29.026    21.6990   4.944842    34.8281       3344    13.9292  0.000e+00
     28.964    21.7100   4.948272    34.8464       3345    13.9333  0.000e+00
     28.906    21.7284   4.952817    34.8675       3346    13.9375  0.000e+00
     28.845    21.7537   4.961308    34.9141       3347    13.9417  0.000e+00
     28.785    21.7932   4.970777    34.9570       3348    13.9458  0.000e+00
     28.720    21.8465   4.976627    34.9600       3349    13.9500  0.000e+00
     28.660    21.8999   4.982247    34.9612       3350    13.9542  0.000e+00
     28.601    21.9502   4.988996    34.9737       3351    13.9583  0.000e+00
     28.536    22.0019   4.996314    34.9895       3352    13.9625  0.000e+00
     28.485    22.0570   5.004311    35.0078       3353    13.9667  0.000e+00
     28.422    22.1165   5.009664    35.0019       3354    13.9708  0.000e+00
     28.366    22.1738   5.013826    34.9883       3355    13.9750  0.000e+00
     28.311    22.2241   5.017495    34.9765       3356    13.9792  0.000e+00
     28.261    22.2684   5.019637    34.9577       3357    13.9833  0.000e+00
     28.216    22.3044   5.021553    34.9437       3358    13.9875  0.000e+00
     28.163    22.3328   5.023221    34.9339       3359    13.9917  0.000e+00
     28.123    22.3559   5.024583    34.9260       3360    13.9958  0.000e+00
     28.082    22.3749   5.025865    34.9208       3361    14.0000  0.000e+00
     28.040    22.3910   5.027595    34.9214       3362    14.0042  0.000e+00
     28.000    22.4068   5.029880    34.9266       3363    14.0083  0.000e+00
     27.955    22.4230   5.030634    34.9195       3364    14.0125  0.000e+00
     27.913    22.4360   5.029338    34.8989       3365    14.0167  0.000e+00
     27.877    22.4424   5.028149    34.8846       3366    14.0208  0.000e+00
     27.828    22.4440   5.029739    34.8957       3367    14.0250  0.000e+00
     27.776    22.4488   5.033514    34.9213       3368    14.0292  0.000e+00
     27.727    22.4615   5.034089    34.9156       3369    14.0333  0.000e+00
     27.666    22.4727   5.034817    34.9124       3370    14.0375  0.000e+00
     27.599    22.4817   5.035204    34.9082       3371    14.0417  0.000e+00
     27.535    22.4890   5.035545    34.9050       3372    14.0458  0.000e+00
     27.467    22.4950   5.035632    34.9009       3373    14.0500  0.000e+00
     27.405    22.4992   5.034368    34.8877       3374    14.0542  0.000e+00
     27.344    22.5008   5.035237    34.8933       3375    14.0583  0.000e+00
     27.282    22.5040   5.038159    34.9135       3376    14.0625  0.000e+00
     27.224    22.5150   5.042218    34.9363       3377    14.0667  0.000e+00
     27.176    22.5337   5.045883    34.9498       3378    14.0708  0.000e+00
     27.130    22.5577   5.049650    34.9599       3379    14.0750  0.000e+00
     27.087    22.5834   5.053733    34.9711       3380    14.0792  0.000e+00
     27.047    22.6114   5.057663    34.9792       3381    14.0833  0.000e+00
     27.006    22.6408   5.061561    34.9859       3382    14.0875  0.000e+00
     26.966    22.6717   5.067980    35.0111       3383    14.0917  0.000e+00
     26.931    22.7088   5.074625    35.0329       3384    14.0958  0.000e+00
     26.892    22.7521   5.081480    35.0514       3385    14.1000  0.000e+00
     26.846    22.7980   5.084647    35.0392       3386    14.1042  0.000e+00
     26.810    22.8381   5.087500    35.0292       3387    14.1083  0.000e+00
     26.767    22.8719   5.089004    35.0139       3388    14.1125  0.000e+00
     26.722    22.8985   5.089654    34.9976       3389    14.1167  0.000e+00
     26.669    22.9184   5.089453    34.9802       3390    14.1208  0.000e+00
     26.617    22.9318   5.088324    34.9608       3391    14.1250  0.000e+00
     26.561    22.9382   5.085974    34.9376       3392    14.1292  0.000e+00
     26.501    22.9388   5.086995    34.9450       3393    14.1333  0.000e+00
     26.441    22.9404   5.088713    34.9571       3394    14.1375  0.000e+00
     26.373    22.9484   5.097755    35.0205       3395    14.1417  0.000e+00
     26.311    22.9778   5.108714    35.0817       3396    14.1458  0.000e+00
     26.241    23.0317   5.114687    35.0847       3397    14.1500  0.000e+00
     26.179    23.0872   5.117654    35.0633       3398    14.1542  0.000e+00
     26.129    23.1334   5.121983    35.0598       3399    14.1583  0.000e+00
     26.076    23.1752   5.128839    35.0793       3400    14.1625  0.000e+00
     26.034    23.2210   5.132329    35.0696       3401    14.1667  0.000e+00
     25.986    23.2627   5.133670    35.0467       3402    14.1708  0.000e+00
     25.948    23.2937   5.134700    35.0300       3403    14.1750  0.000e+00
     25.912    23.3155   5.135354    35.0177       3404    14.1792  0.000e+00
     25.866    23.3310   5.135886    35.0095       3405    14.1833  0.000e+00
     25.827    23.3417   5.136358    35.0046       3406    14.1875  0.000e+00
     25.798    23.3498   5.137046    35.0035       3407    14.1917  0.000e+00
     25.758    23.3562   5.137416    35.0012       3408    14.1958  0.000e+00
     25.716    23.3613   5.137962    35.0014       3409    14.2000  0.000e+00
     25.666    23.3657   5.138421    35.0015       3410    14.2042  0.000e+00
     25.617    23.3699   5.138994    35.0025       3411    14.2083  0.000e+00
     25.563    23.3740   5.139392    35.0023       3412    14.2125  0.000e+00
     25.501    23.3778   5.140801    35.0102       3413    14.2167  0.000e+00
     25.440    23.3835   5.143351    35.0251       3414    14.2208  0.000e+00
     25.378    23.3944   5.146015    35.0369       3415    14.2250  0.000e+00
     25.322    23.4096   5.147540    35.0365       3416    14.2292  0.000e+00
     25.262    23.4265   5.147452    35.0225       3417    14.2333  0.000e+00
     25.208    23.4401   5.147054    35.0087       3418    14.2375  0.000e+00
     25.154    23.4489   5.146851    35.0002       3419    14.2417  0.000e+00
     25.107    23.4543   5.146939    34.9966       3420    14.2458  0.000e+00
     25.065    23.4577   5.146588    34.9912       3421    14.2500  0.000e+00
     25.026    23.4604   5.146534    34.9887       3422    14.2542  0.000e+00
     24.991    23.4623   5.146561    34.9874       3423    14.2583  0.000e+00
     24.959    23.4638   5.146419    34.9851       3424    14.2625  0.000e+00
     24.930    23.4652   5.146331    34.9834       3425    14.2667  0.000e+00
     24.904    23.4660   5.145818    34.9788       3426    14.2708  0.000e+00
     24.881    23.4660   5.145015    34.9727       3427    14.2750  0.000e+00
     24.859    23.4656   5.144928    34.9724       3428    14.2792  0.000e+00
     24.830    23.4661   5.145386    34.9755       3429    14.2833  0.000e+00
     24.803    23.4684   5.147188    34.9875       3430    14.2875  0.000e+00
     24.770    23.4748   5.150407    35.0070       3431    14.2917  0.000e+00
     24.736    23.4875   5.151386    35.0044       3432    14.2958  0.000e+00
     24.696    23.5004   5.152655    35.0039       3433    14.3000  0.000e+00
     24.648    23.5118   5.154923    35.0122       3434    14.3042  0.000e+00
     24.602    23.5266   5.158719    35.0295       3435    14.3083  0.000e+00
     24.554    23.5457   5.161137    35.0329       3436    14.3125  0.000e+00
     24.506    23.5653   5.163015    35.0317       3437    14.3167  0.000e+00
     24.456    23.5844   5.166414    35.0425       3438    14.3208  0.000e+00
     24.407    23.6063   5.169212    35.0465       3439    14.3250  0.000e+00
     24.358    23.6305   5.170510    35.0373       3440    14.3292  0.000e+00
     24.313    23.6511   5.170685    35.0223       3441    14.3333  0.000e+00
     24.268    23.6648   5.170955    35.0136       3442    14.3375  0.000e+00
     24.223    23.6739   5.171117    35.0076       3443    14.3417  0.000e+00
     24.183    23.6806   5.171205    35.0030       3444    14.3458  0.000e+00
     24.143    23.6855   5.171259    34.9996       3445    14.3500  0.000e+00
     24.103    23.6890   5.171232    34.9966       3446    14.3542  0.000e+00
     24.065    23.6916   5.171232    34.9946       3447    14.3583  0.000e+00
     24.027    23.6935   5.171090    34.9920       3448    14.3625  0.000e+00
     23.993    23.6947   5.171232    34.9922       3449    14.3667  0.000e+00
     23.958    23.6956   5.171117    34.9906       3450    14.3708  0.000e+00
     23.929    23.6966   5.171611    34.9935       3451    14.3750  0.000e+00
     23.902    23.6988   5.171577    34.9916       3452    14.3792  0.000e+00
     23.868    23.7005   5.171117    34.9868       3453    14.3833  0.000e+00
     23.832    23.7002   5.172070    34.9943       3454    14.3875  0.000e+00
     23.801    23.7023   5.171462    34.9880       3455    14.3917  0.000e+00
     23.761    23.7026   5.171752    34.9900       3456    14.3958  0.000e+00
     23.716    23.7031   5.172442    34.9948       3457    14.4000  0.000e+00
     23.673    23.7059   5.172963    34.9966       3458    14.4042  0.000e+00
     23.631    23.7095   5.173341    34.9967       3459    14.4083  0.000e+00
     23.588    23.7131   5.173301    34.9935       3460    14.4125  0.000e+00
     23.543    23.7156   5.173429    34.9925       3461    14.4167  0.000e+00
     23.497    23.7171   5.173598    34.9927       3462    14.4208  0.000e+00
     23.452    23.7186   5.173659    34.9920       3463    14.4250  0.000e+00
     23.414    23.7199   5.173544    34.9901       3464    14.4292  0.000e+00
     23.369    23.7204   5.173713    34.9909       3465    14.4333  0.000e+00
     23.331    23.7211   5.174065    34.9931       3466    14.4375  0.000e+00
     23.293    23.7228   5.174092    34.9920       3467    14.4417  0.000e+00
     23.257    23.7243   5.174295    34.9924       3468    14.4458  0.000e+00
     23.219    23.7263   5.174437    34.9919       3469    14.4500  0.000e+00
     23.185    23.7284   5.174524    34.9909       3470    14.4542  0.000e+00
     23.163    23.7310   5.174666    34.9899       3471    14.4583  0.000e+00
     23.137    23.7334   5.174700    34.9883       3472    14.4625  0.000e+00
     23.112    23.7353   5.174585    34.9860       3473    14.4667  0.000e+00
     23.090    23.7369   5.174470    34.9838       3474    14.4708  0.000e+00
     23.065    23.7384   5.174497    34.9828       3475    14.4750  0.000e+00
     23.040    23.7407   5.174497    34.9810       3476    14.4792  0.000e+00
     23.009    23.7449   5.175505    34.9854       3477    14.4833  0.000e+00
     22.978    23.7515   5.177040    34.9919       3478    14.4875  0.000e+00
     22.949    23.7608   5.178718    34.9973       3479    14.4917  0.000e+00
     22.919    23.7724   5.178650    34.9877       3480    14.4958  0.000e+00
     22.890    23.7819   5.175362    34.9552       3481    14.5000  0.000e+00
     22.859    23.7872   5.174205    34.9422       3482    14.5042  0.000e+00
     22.828    23.7905   5.171088    34.9160       3483    14.5083  0.000e+00
     22.794    23.7892   5.168836    34.8999       3484    14.5125  0.000e+00
     22.763    23.7853   5.168633    34.9014       3485    14.5167  0.000e+00
     22.734    23.7818   5.165686    34.8819       3486    14.5208  0.000e+00
     22.698    23.7756   5.165376    34.8844       3487    14.5250  0.000e+00
     22.665    23.7698   5.164220    34.8802       3488    14.5292  0.000e+00
     22.627    23.7641   5.163125    34.8763       3489    14.5333  0.000e+00
     22.593    23.7585   5.163011    34.8799       3490    14.5375  0.000e+00
     22.566    23.7544   5.163011    34.8831       3491    14.5417  0.000e+00
     22.541    23.7522   5.163125    34.8857       3492    14.5458  0.000e+00
     22.515    23.7508   5.163443    34.8892       3493    14.5500  0.000e+00
     22.494    23.7510   5.163612    34.8903       3494    14.5542  0.000e+00
     22.470    23.7513   5.163788    34.8915       3495    14.5583  0.000e+00
     22.452    23.7522   5.163646    34.8897       3496    14.5625  0.000e+00
     22.427    23.7525   5.163761    34.8903       3497    14.5667  0.000e+00
