HB2304/sbe043.cnv
* Sea-Bird SBE 19plus V2 Data File:
* FileName = C:\cruise\data\sbe043.hex
* Software Version Seasave V 7.26.7.121
* Temperature SN = 7037
* Conductivity SN = 7037
* System UpLoad Time = Oct 06 2023 15:55:52
** Ship: Bigelow
** Cruise:  HB2304
** Program:  Fall Bottom Trawl
# nquan = 7
# nvalues = 1343                                  
# units = specified
# name 0 = depSM: Depth [salt water, m], lat = 40.00
# name 1 = tv290C: Temperature [ITS-90, deg C]
# name 2 = c0S/m: Conductivity [S/m]
# name 3 = sal00: Salinity, Practical [PSU]
# name 4 = scan: Scan Count
# name 5 = timeM: Time, Elapsed [minutes]
# name 6 = flag:  0.000e+00
# span 0 =      0.595,     62.128                 
# span 1 =    12.8957,    16.9287                 
# span 2 =   3.808164,   4.150234                 
# span 3 =    31.9684,    32.3980                 
# span 4 =         11,       1353                 
# span 5 =     0.0417,     5.6333                 
# span 6 = 0.0000e+00, 0.0000e+00                 
# interval = seconds: 0.25
# start_time = Oct 06 2023 15:55:52 [System UTC, header]
# bad_flag = -9.990e-29
*END*
[from data line 206]
     12.698    16.3343   4.096040    32.1118        217     0.9000  0.000e+00
     12.702    16.3340   4.096009    32.1118        218     0.9042  0.000e+00
     12.705    16.3336   4.095991    32.1120        219     0.9083  0.000e+00
     12.707    16.3335   4.095942    32.1116        220     0.9125  0.000e+00
     12.707    16.3330   4.095918    32.1118        221     0.9167  0.000e+00
     12.705    16.3328   4.095918    32.1120        222     0.9208  0.000e+00
     12.700    16.3325   4.095918    32.1122        223     0.9250  0.000e+00
     12.689    16.3325   4.095918    32.1122        224     0.9292  0.000e+00
     12.680    16.3324   4.095893    32.1121        225     0.9333  0.000e+00
     12.667    16.3324   4.095918    32.1123        226     0.9375  0.000e+00
     12.655    16.3323   4.095942    32.1126        227     0.9417  0.000e+00
     12.633    16.3326   4.095960    32.1125        228     0.9458  0.000e+00
     12.617    16.3326   4.095991    32.1128        229     0.9500  0.000e+00
     12.592    16.3328   4.096034    32.1130        230     0.9542  0.000e+00
     12.572    16.3333   4.096113    32.1133        231     0.9583  0.000e+00
     12.528    16.3337   4.096383    32.1154        232     0.9625  0.000e+00
     12.449    16.3351   4.097651    32.1253        233     0.9667  0.000e+00
     12.326    16.3399   4.098534    32.1292        234     0.9708  0.000e+00
     12.174    16.3468   4.099269    32.1302        235     0.9750  0.000e+00
     12.021    16.3542   4.099851    32.1293        236     0.9792  0.000e+00
     11.862    16.3611   4.100415    32.1288        237     0.9833  0.000e+00
     11.695    16.3678   4.101303    32.1312        238     0.9875  0.000e+00
     11.520    16.3754   4.102547    32.1361        239     0.9917  0.000e+00
     11.337    16.3850   4.104239    32.1431        240     0.9958  0.000e+00
     11.160    16.3972   4.105925    32.1481        241     1.0000  0.000e+00
     10.994    16.4109   4.107176    32.1481        242     1.0042  0.000e+00
     10.846    16.4249   4.107851    32.1427        243     1.0083  0.000e+00
     10.699    16.4369   4.108501    32.1388        244     1.0125  0.000e+00
     10.530    16.4474   4.110531    32.1481        245     1.0167  0.000e+00
     10.371    16.4611   4.114096    32.1683        246     1.0208  0.000e+00
     10.219    16.4886   4.133773    32.3178        247     1.0250  0.000e+00
     10.065    16.5677   4.134886    32.2636        248     1.0292  0.000e+00
      9.906    16.6450   4.138415    32.2321        249     1.0333  0.000e+00
      9.738    16.7054   4.141343    32.2091        250     1.0375  0.000e+00
      9.538    16.7528   4.142069    32.1774        251     1.0417  0.000e+00
      9.348    16.7884   4.143841    32.1643        252     1.0458  0.000e+00
      9.151    16.8159   4.143090    32.1358        253     1.0500  0.000e+00
      8.958    16.8328   4.143865    32.1291        254     1.0542  0.000e+00
      8.753    16.8445   4.143896    32.1201        255     1.0583  0.000e+00
      8.544    16.8528   4.144166    32.1159        256     1.0625  0.000e+00
      8.323    16.8579   4.143181    32.1034        257     1.0667  0.000e+00
      8.124    16.8579   4.143840    32.1091        258     1.0708  0.000e+00
      7.938    16.8592   4.144677    32.1154        259     1.0750  0.000e+00
      7.763    16.8635   4.145231    32.1168        260     1.0792  0.000e+00
      7.593    16.8691   4.145366    32.1135        261     1.0833  0.000e+00
      7.427    16.8737   4.145083    32.1075        262     1.0875  0.000e+00
      7.293    16.8756   4.144941    32.1048        263     1.0917  0.000e+00
      7.192    16.8761   4.144978    32.1048        264     1.0958  0.000e+00
      7.122    16.8761   4.144941    32.1045        265     1.1000  0.000e+00
      7.062    16.8763   4.144904    32.1040        266     1.1042  0.000e+00
      7.013    16.8759   4.145033    32.1055        267     1.1083  0.000e+00
      6.963    16.8762   4.145304    32.1076        268     1.1125  0.000e+00
      6.928    16.8769   4.145440    32.1082        269     1.1167  0.000e+00
      6.887    16.8784   4.145772    32.1099        270     1.1208  0.000e+00
      6.827    16.8803   4.145821    32.1089        271     1.1250  0.000e+00
      6.739    16.8822   4.145698    32.1062        272     1.1292  0.000e+00
      6.628    16.8827   4.145501    32.1042        273     1.1333  0.000e+00
      6.493    16.8824   4.145581    32.1052        274     1.1375  0.000e+00
      6.330    16.8822   4.146049    32.1095        275     1.1417  0.000e+00
      6.153    16.8832   4.145956    32.1079        276     1.1458  0.000e+00
      5.947    16.8841   4.145722    32.1053        277     1.1500  0.000e+00
      5.734    16.8844   4.145673    32.1047        278     1.1542  0.000e+00
      5.485    16.8839   4.144903    32.0985        279     1.1583  0.000e+00
      5.246    16.8813   4.144940    32.1010        280     1.1625  0.000e+00
      5.006    16.8788   4.145156    32.1050        281     1.1667  0.000e+00
      4.771    16.8781   4.145439    32.1080        282     1.1708  0.000e+00
      4.559    16.8790   4.145550    32.1083        283     1.1750  0.000e+00
      4.335    16.8799   4.144607    32.0996        284     1.1792  0.000e+00
      4.118    16.8774   4.143764    32.0944        285     1.1833  0.000e+00
      3.920    16.8722   4.143419    32.0956        286     1.1875  0.000e+00
      3.728    16.8673   4.143395    32.0993        287     1.1917  0.000e+00
      3.538    16.8629   4.141425    32.0859        288     1.1958  0.000e+00
      3.359    16.8545   4.141062    32.0896        289     1.2000  0.000e+00
      3.204    16.8462   4.141210    32.0975        290     1.2042  0.000e+00
      3.085    16.8412   4.141216    32.1016        291     1.2083  0.000e+00
      3.011    16.8383   4.141044    32.1025        292     1.2125  0.000e+00
      2.971    16.8361   4.141216    32.1057        293     1.2167  0.000e+00
      2.949    16.8351   4.141284    32.1071        294     1.2208  0.000e+00
      2.929    16.8351   4.141314    32.1074        295     1.2250  0.000e+00
      2.909    16.8352   4.141468    32.1086        296     1.2292  0.000e+00
      2.875    16.8358   4.141561    32.1090        297     1.2333  0.000e+00
      2.810    16.8364   4.141567    32.1086        298     1.2375  0.000e+00
      2.702    16.8369   4.141314    32.1061        299     1.2417  0.000e+00
      2.553    16.8361   4.141043    32.1044        300     1.2458  0.000e+00
      2.373    16.8346   4.141536    32.1099        301     1.2500  0.000e+00
      2.158    16.8355   4.141991    32.1132        302     1.2542  0.000e+00
      1.908    16.8381   4.141560    32.1075        303     1.2583  0.000e+00
      1.644    16.8384   4.139123    32.0863        304     1.2625  0.000e+00
      1.397    16.8302   4.137474    32.0786        305     1.2667  0.000e+00
      1.100    16.8167   4.137862    32.0929        306     1.2708  0.000e+00
      0.941    16.8083   4.137376    32.0954        307     1.2750  0.000e+00
      0.896    16.8013   4.135924    32.0885        308     1.2792  0.000e+00
      0.936    16.7922   4.136761    32.1030        309     1.2833  0.000e+00
      1.005    16.7878   4.137272    32.1109        310     1.2875  0.000e+00
      1.059    16.7878   4.137056    32.1090        311     1.2917  0.000e+00
      1.097    16.7876   4.137130    32.1098        312     1.2958  0.000e+00
      1.165    16.7873   4.137426    32.1126        313     1.3000  0.000e+00
      1.261    16.7887   4.137887    32.1154        314     1.3042  0.000e+00
      1.384    16.7912   4.138219    32.1163        315     1.3083  0.000e+00
      1.502    16.7944   4.138102    32.1127        316     1.3125  0.000e+00
      1.594    16.7962   4.138244    32.1124        317     1.3167  0.000e+00
      1.653    16.7975   4.138908    32.1171        318     1.3208  0.000e+00
      1.708    16.8009   4.139062    32.1157        319     1.3250  0.000e+00
      1.744    16.8042   4.139001    32.1125        320     1.3292  0.000e+00
      1.742    16.8059   4.138785    32.1092        321     1.3333  0.000e+00
      1.691    16.8064   4.138268    32.1044        322     1.3375  0.000e+00
      1.606    16.8048   4.138662    32.1091        323     1.3417  0.000e+00
      1.512    16.8037   4.139001    32.1130        324     1.3458  0.000e+00
      1.413    16.8057   4.138834    32.1100        325     1.3500  0.000e+00
      1.294    16.8063   4.138385    32.1057        326     1.3542  0.000e+00
      1.173    16.8050   4.138440    32.1072        327     1.3583  0.000e+00
      1.048    16.8039   4.137985    32.1042        328     1.3625  0.000e+00
      0.947    16.8021   4.138342    32.1088        329     1.3667  0.000e+00
      0.882    16.8016   4.138483    32.1104        330     1.3708  0.000e+00
      0.858    16.8020   4.138539    32.1106        331     1.3750  0.000e+00
      0.865    16.8027   4.138551    32.1102        332     1.3792  0.000e+00
      0.914    16.8032   4.138563    32.1099        333     1.3833  0.000e+00
      0.996    16.8036   4.139000    32.1132        334     1.3875  0.000e+00
      1.117    16.8050   4.139062    32.1126        335     1.3917  0.000e+00
      1.254    16.8069   4.139074    32.1112        336     1.3958  0.000e+00
      1.389    16.8081   4.139407    32.1130        337     1.4000  0.000e+00
      1.512    16.8098   4.139880    32.1157        338     1.4042  0.000e+00
      1.601    16.8127   4.140471    32.1185        339     1.4083  0.000e+00
      1.652    16.8172   4.141210    32.1212        340     1.4125  0.000e+00
      1.646    16.8226   4.141363    32.1182        341     1.4167  0.000e+00
      1.586    16.8275   4.142016    32.1200        342     1.4208  0.000e+00
      1.484    16.8326   4.141966    32.1156        343     1.4250  0.000e+00
      1.343    16.8365   4.141634    32.1096        344     1.4292  0.000e+00
      1.166    16.8379   4.139997    32.0944        345     1.4333  0.000e+00
      0.963    16.8328   4.139234    32.0919        346     1.4375  0.000e+00
      0.757    16.8254   4.138741    32.0936        347     1.4417  0.000e+00
      0.638    16.8184   4.138858    32.1003        348     1.4458  0.000e+00
      0.595    16.8139   4.139025    32.1053        349     1.4500  0.000e+00
      0.615    16.8121   4.139529    32.1112        350     1.4542  0.000e+00
      0.678    16.8130   4.139665    32.1116        351     1.4583  0.000e+00
      0.783    16.8147   4.139849    32.1118        352     1.4625  0.000e+00
      0.933    16.8165   4.140138    32.1128        353     1.4667  0.000e+00
      1.113    16.8184   4.140495    32.1143        354     1.4708  0.000e+00
      1.305    16.8213   4.140594    32.1128        355     1.4750  0.000e+00
      1.484    16.8235   4.140815    32.1129        356     1.4792  0.000e+00
      1.635    16.8254   4.140926    32.1123        357     1.4833  0.000e+00
      1.758    16.8271   4.141117    32.1125        358     1.4875  0.000e+00
      1.852    16.8291   4.141634    32.1154        359     1.4917  0.000e+00
      1.919    16.8320   4.141806    32.1145        360     1.4958  0.000e+00
      1.953    16.8351   4.142323    32.1164        361     1.5000  0.000e+00
      1.959    16.8389   4.142600    32.1158        362     1.5042  0.000e+00
      1.930    16.8424   4.142896    32.1156        363     1.5083  0.000e+00
      1.872    16.8459   4.143148    32.1150        364     1.5125  0.000e+00
      1.778    16.8496   4.143345    32.1138        365     1.5167  0.000e+00
      1.660    16.8523   4.142846    32.1073        366     1.5208  0.000e+00
      1.523    16.8528   4.142772    32.1063        367     1.5250  0.000e+00
      1.373    16.8523   4.143295    32.1114        368     1.5292  0.000e+00
      1.218    16.8535   4.143486    32.1121        369     1.5333  0.000e+00
      1.059    16.8558   4.143197    32.1078        370     1.5375  0.000e+00
      0.929    16.8565   4.142846    32.1043        371     1.5417  0.000e+00
      0.851    16.8552   4.142600    32.1032        372     1.5458  0.000e+00
      0.846    16.8534   4.142895    32.1072        373     1.5500  0.000e+00
      0.912    16.8528   4.143221    32.1105        374     1.5542  0.000e+00
      1.023    16.8539   4.143295    32.1102        375     1.5583  0.000e+00
      1.146    16.8552   4.143369    32.1097        376     1.5625  0.000e+00
      1.256    16.8563   4.143418    32.1093        377     1.5667  0.000e+00
      1.328    16.8571   4.143418    32.1086        378     1.5708  0.000e+00
      1.364    16.8576   4.143462    32.1085        379     1.5750  0.000e+00
      1.357    16.8584   4.143542    32.1086        380     1.5792  0.000e+00
      1.308    16.8586   4.143129    32.1049        381     1.5833  0.000e+00
      1.232    16.8578   4.143092    32.1053        382     1.5875  0.000e+00
      1.137    16.8567   4.143320    32.1081        383     1.5917  0.000e+00
      1.043    16.8567   4.143092    32.1062        384     1.5958  0.000e+00
      0.958    16.8564   4.143012    32.1058        385     1.6000  0.000e+00
      0.880    16.8556   4.142969    32.1061        386     1.6042  0.000e+00
      0.833    16.8546   4.142870    32.1060        387     1.6083  0.000e+00
      0.829    16.8541   4.142944    32.1071        388     1.6125  0.000e+00
      0.884    16.8538   4.142938    32.1072        389     1.6167  0.000e+00
      0.981    16.8542   4.143117    32.1085        390     1.6208  0.000e+00
      1.100    16.8545   4.143252    32.1093        391     1.6250  0.000e+00
      1.225    16.8554   4.143345    32.1094        392     1.6292  0.000e+00
      1.337    16.8560   4.143468    32.1098        393     1.6333  0.000e+00
      1.435    16.8571   4.143628    32.1103        394     1.6375  0.000e+00
      1.500    16.8582   4.143640    32.1096        395     1.6417  0.000e+00
      1.541    16.8591   4.143628    32.1087        396     1.6458  0.000e+00
      1.552    16.8598   4.143739    32.1092        397     1.6500  0.000e+00
      1.548    16.8606   4.143868    32.1096        398     1.6542  0.000e+00
      1.538    16.8616   4.144009    32.1100        399     1.6583  0.000e+00
      1.527    16.8627   4.144034    32.1093        400     1.6625  0.000e+00
      1.539    16.8637   4.144108    32.1092        401     1.6667  0.000e+00
      1.574    16.8645   4.144151    32.1089        402     1.6708  0.000e+00
      1.615    16.8652   4.144108    32.1080        403     1.6750  0.000e+00
      1.635    16.8658   4.144126    32.1076        404     1.6792  0.000e+00
      1.628    16.8662   4.144213    32.1081        405     1.6833  0.000e+00
      1.596    16.8665   4.144200    32.1077        406     1.6875  0.000e+00
      1.532    16.8666   4.144213    32.1078        407     1.6917  0.000e+00
      1.444    16.8672   4.144200    32.1073        408     1.6958  0.000e+00
      1.339    16.8670   4.144237    32.1078        409     1.7000  0.000e+00
      1.234    16.8672   4.144249    32.1077        410     1.7042  0.000e+00
      1.155    16.8675   4.144058    32.1059        411     1.7083  0.000e+00
      1.095    16.8671   4.144151    32.1070        412     1.7125  0.000e+00
      1.073    16.8670   4.144188    32.1074        413     1.7167  0.000e+00
      1.091    16.8670   4.144225    32.1077        414     1.7208  0.000e+00
      1.117    16.8672   4.144262    32.1079        415     1.7250  0.000e+00
      1.145    16.8674   4.144268    32.1078        416     1.7292  0.000e+00
      1.165    16.8677   4.144286    32.1076        417     1.7333  0.000e+00
      1.180    16.8679   4.144317    32.1078        418     1.7375  0.000e+00
      1.201    16.8682   4.144335    32.1077        419     1.7417  0.000e+00
      1.225    16.8684   4.144317    32.1074        420     1.7458  0.000e+00
