HB2304/sbe026.cnv
* Sea-Bird SBE 19plus V2 Data File:
* FileName = C:\cruise\data\sbe026.hex
* Software Version Seasave V 7.26.7.121
* Temperature SN = 7037
* Conductivity SN = 7037
* System UpLoad Time = Sep 18 2023 23:31:54
** Ship: Bigelow
** Cruise:  HB2304
** Program:  Fall Bottom Trawl
# nquan = 7
# nvalues = 1007                                  
# units = specified
# name 0 = depSM: Depth [salt water, m], lat = 40.00
# name 1 = tv290C: Temperature [ITS-90, deg C]
# name 2 = c0S/m: Conductivity [S/m]
# name 3 = sal00: Salinity, Practical [PSU]
# name 4 = scan: Scan Count
# name 5 = timeM: Time, Elapsed [minutes]
# name 6 = flag:  0.000e+00
# span 0 =      0.018,     23.011                 
# span 1 =    23.9515,    25.8638                 
# span 2 =   4.204726,   5.200760                 
# span 3 =    27.5539,    33.5977                 
# span 4 =         11,       1017                 
# span 5 =     0.0417,     4.2333                 
# span 6 = 0.0000e+00, 0.0000e+00                 
# interval = seconds: 0.25
# start_time = Sep 18 2023 23:31:54 [System UTC, header]
# bad_flag = -9.990e-29
*END*
[from data line 411]
      8.289    25.0215   4.847011    31.5954        422     1.7542  0.000e+00
      8.511    25.0218   4.847038    31.5953        423     1.7583  0.000e+00
      8.717    25.0220   4.847176    31.5961        424     1.7625  0.000e+00
      8.905    25.0223   4.847373    31.5973        425     1.7667  0.000e+00
      9.072    25.0226   4.847538    31.5983        426     1.7708  0.000e+00
      9.213    25.0227   4.847788    31.6000        427     1.7750  0.000e+00
      9.328    25.0229   4.847867    31.6004        428     1.7792  0.000e+00
      9.419    25.0235   4.847899    31.6002        429     1.7833  0.000e+00
      9.500    25.0237   4.847926    31.6002        430     1.7875  0.000e+00
      9.563    25.0239   4.848156    31.6017        431     1.7917  0.000e+00
      9.617    25.0244   4.848314    31.6025        432     1.7958  0.000e+00
      9.659    25.0249   4.848176    31.6011        433     1.8000  0.000e+00
      9.713    25.0248   4.848117    31.6008        434     1.8042  0.000e+00
      9.813    25.0248   4.847979    31.5997        435     1.8083  0.000e+00
      9.973    25.0245   4.847939    31.5996        436     1.8125  0.000e+00
     10.205    25.0242   4.848288    31.6023        437     1.8167  0.000e+00
     10.507    25.0240   4.848341    31.6027        438     1.8208  0.000e+00
     10.846    25.0239   4.848505    31.6039        439     1.8250  0.000e+00
     11.210    25.0236   4.849058    31.6080        440     1.8292  0.000e+00
     11.584    25.0231   4.850058    31.6155        441     1.8333  0.000e+00
     11.947    25.0223   4.850558    31.6197        442     1.8375  0.000e+00
     12.285    25.0210   4.850446    31.6196        443     1.8417  0.000e+00
     12.587    25.0206   4.850584    31.6209        444     1.8458  0.000e+00
     12.838    25.0202   4.851486    31.6277        445     1.8500  0.000e+00
     13.053    25.0192   4.852361    31.6347        446     1.8542  0.000e+00
     13.241    25.0180   4.853302    31.6423        447     1.8583  0.000e+00
     13.405    25.0165   4.854743    31.6539        448     1.8625  0.000e+00
     13.534    25.0148   4.856573    31.6683        449     1.8667  0.000e+00
     13.633    25.0125   4.858442    31.6836        450     1.8708  0.000e+00
     13.705    25.0099   4.859653    31.6942        451     1.8750  0.000e+00
     13.763    25.0071   4.862656    31.7181        452     1.8792  0.000e+00
     13.817    25.0035   4.864994    31.7377        453     1.8833  0.000e+00
     13.891    24.9992   4.865501    31.7444        454     1.8875  0.000e+00
     13.994    24.9961   4.868110    31.7656        455     1.8917  0.000e+00
     14.132    24.9927   4.869249    31.7763        456     1.8958  0.000e+00
     14.307    24.9897   4.869691    31.7816        457     1.9000  0.000e+00
     14.524    24.9872   4.870370    31.7882        458     1.9042  0.000e+00
     14.770    24.9852   4.871780    31.7999        459     1.9083  0.000e+00
     15.037    24.9835   4.873929    31.8167        460     1.9125  0.000e+00
     15.308    24.9804   4.877272    31.8432        461     1.9167  0.000e+00
     15.558    24.9764   4.881202    31.8747        462     1.9208  0.000e+00
     15.793    24.9714   4.887305    31.9229        463     1.9250  0.000e+00
     16.002    24.9638   4.892256    31.9644        464     1.9292  0.000e+00
     16.183    24.9562   4.897830    32.0105        465     1.9333  0.000e+00
     16.349    24.9492   4.900551    32.0353        466     1.9375  0.000e+00
     16.488    24.9438   4.904992    32.0717        467     1.9417  0.000e+00
     16.606    24.9395   4.909091    32.1047        468     1.9458  0.000e+00
     16.705    24.9370   4.915116    32.1506        469     1.9500  0.000e+00
     16.790    24.9369   4.920866    32.1928        470     1.9542  0.000e+00
     16.884    24.9396   4.929805    32.2564        471     1.9583  0.000e+00
     16.987    24.9480   4.944804    32.3604        472     1.9625  0.000e+00
     17.117    24.9689   4.962487    32.4751        473     1.9667  0.000e+00
     17.284    25.0069   4.971430    32.5133        474     1.9708  0.000e+00
     17.490    25.0464   4.971623    32.4863        475     1.9750  0.000e+00
     17.725    25.0735   4.971802    32.4682        476     1.9792  0.000e+00
     17.987    25.0885   4.982849    32.5382        477     1.9833  0.000e+00
     18.256    25.1055   4.990677    32.5833        478     1.9875  0.000e+00
     18.531    25.1254   5.001936    32.6512        479     1.9917  0.000e+00
     18.798    25.1506   5.012765    32.7123        480     1.9958  0.000e+00
     19.058    25.1825   5.024927    32.7781        481     2.0000  0.000e+00
     19.319    25.2195   5.034333    32.8201        482     2.0042  0.000e+00
     19.559    25.2563   5.042590    32.8538        483     2.0083  0.000e+00
     19.779    25.2897   5.057167    32.9361        484     2.0125  0.000e+00
     19.976    25.3240   5.069763    33.0032        485     2.0167  0.000e+00
     20.143    25.3546   5.072660    33.0021        486     2.0208  0.000e+00
     20.273    25.3727   5.071761    32.9823        487     2.0250  0.000e+00
     20.376    25.3806   5.072746    32.9838        488     2.0292  0.000e+00
     20.446    25.3829   5.076241    33.0076        489     2.0333  0.000e+00
     20.499    25.3838   5.078273    33.0217        490     2.0375  0.000e+00
     20.548    25.3830   5.078951    33.0272        491     2.0417  0.000e+00
     20.616    25.3826   5.082850    33.0560        492     2.0458  0.000e+00
     20.705    25.3869   5.097208    33.1576        493     2.0500  0.000e+00
     20.828    25.4081   5.113084    33.2581        494     2.0542  0.000e+00
     20.987    25.4452   5.118892    33.2733        495     2.0583  0.000e+00
     21.176    25.4808   5.125767    33.2974        496     2.0625  0.000e+00
     21.393    25.5129   5.129566    33.3015        497     2.0667  0.000e+00
     21.630    25.5418   5.142942    33.3777        498     2.0708  0.000e+00
     21.878    25.5753   5.159000    33.4702        499     2.0750  0.000e+00
     22.127    25.6202   5.174560    33.5504        500     2.0792  0.000e+00
     22.378    25.6693   5.180858    33.5601        501     2.0833  0.000e+00
     22.639    25.7132   5.188940    33.5865        502     2.0875  0.000e+00
     22.740    25.7511   5.194311    33.5977        503     2.0917  0.000e+00
     22.790    25.7824   5.195238    33.5814        504     2.0958  0.000e+00
     22.781    25.8045   5.197854    33.5841        505     2.1000  0.000e+00
     22.740    25.8214   5.198199    33.5742        506     2.1042  0.000e+00
     22.705    25.8328   5.197677    33.5621        507     2.1083  0.000e+00
     22.668    25.8394   5.197501    33.5560        508     2.1125  0.000e+00
     22.601    25.8433   5.198056    33.5571        509     2.1167  0.000e+00
     22.507    25.8458   5.197792    33.5534        510     2.1208  0.000e+00
     22.395    25.8474   5.197588    33.5508        511     2.1250  0.000e+00
     22.321    25.8483   5.197649    33.5506        512     2.1292  0.000e+00
     22.288    25.8489   5.197412    33.5485        513     2.1333  0.000e+00
     22.288    25.8491   5.197358    33.5480        514     2.1375  0.000e+00
     22.293    25.8489   5.197094    33.5462        515     2.1417  0.000e+00
     22.315    25.8490   5.197331    33.5478        516     2.1458  0.000e+00
     22.349    25.8487   5.197446    33.5488        517     2.1500  0.000e+00
     22.409    25.8490   5.197616    33.5499        518     2.1542  0.000e+00
     22.469    25.8489   5.197588    33.5497        519     2.1583  0.000e+00
     22.523    25.8489   5.197853    33.5516        520     2.1625  0.000e+00
     22.559    25.8492   5.198347    33.5550        521     2.1667  0.000e+00
     22.583    25.8498   5.198639    33.5567        522     2.1708  0.000e+00
     22.597    25.8510   5.198754    33.5566        523     2.1750  0.000e+00
     22.592    25.8519   5.198781    33.5561        524     2.1792  0.000e+00
     22.566    25.8526   5.198754    33.5554        525     2.1833  0.000e+00
     22.516    25.8529   5.198781    33.5554        526     2.1875  0.000e+00
     22.449    25.8529   5.198022    33.5499        527     2.1917  0.000e+00
     22.373    25.8524   5.197704    33.5480        528     2.1958  0.000e+00
     22.286    25.8517   5.197676    33.5484        529     2.2000  0.000e+00
     22.207    25.8513   5.197358    33.5463        530     2.2042  0.000e+00
     22.136    25.8507   5.196890    33.5435        531     2.2083  0.000e+00
     22.082    25.8494   5.196836    33.5440        532     2.2125  0.000e+00
     22.053    25.8489   5.197155    33.5467        533     2.2167  0.000e+00
     22.044    25.8487   5.197209    33.5472        534     2.2208  0.000e+00
     22.060    25.8486   5.197385    33.5486        535     2.2250  0.000e+00
     22.091    25.8489   5.197331    33.5480        536     2.2292  0.000e+00
     22.151    25.8492   5.197182    33.5466        537     2.2333  0.000e+00
     22.216    25.8487   5.197270    33.5476        538     2.2375  0.000e+00
     22.277    25.8489   5.197473    33.5490        539     2.2417  0.000e+00
     22.335    25.8490   5.197561    33.5495        540     2.2458  0.000e+00
     22.375    25.8493   5.197792    33.5509        541     2.2500  0.000e+00
     22.400    25.8500   5.197765    33.5502        542     2.2542  0.000e+00
     22.424    25.8502   5.197737    33.5498        543     2.2583  0.000e+00
     22.415    25.8502   5.197819    33.5504        544     2.2625  0.000e+00
     22.380    25.8504   5.197676    33.5493        545     2.2667  0.000e+00
     22.330    25.8504   5.197412    33.5474        546     2.2708  0.000e+00
     22.256    25.8500   5.196633    33.5421        547     2.2750  0.000e+00
     22.172    25.8492   5.196396    33.5409        548     2.2792  0.000e+00
     22.082    25.8483   5.196165    33.5400        549     2.2833  0.000e+00
     21.983    25.8474   5.196104    33.5402        550     2.2875  0.000e+00
     21.894    25.8471   5.196775    33.5453        551     2.2917  0.000e+00
     21.813    25.8469   5.196511    33.5435        552     2.2958  0.000e+00
     21.764    25.8472   5.196307    33.5419        553     2.3000  0.000e+00
     21.746    25.8471   5.196341    33.5422        554     2.3042  0.000e+00
     21.755    25.8467   5.196138    33.5410        555     2.3083  0.000e+00
     21.797    25.8465   5.196484    33.5437        556     2.3125  0.000e+00
     21.860    25.8466   5.196545    33.5440        557     2.3167  0.000e+00
     21.939    25.8465   5.196599    33.5445        558     2.3208  0.000e+00
     22.024    25.8466   5.196633    33.5446        559     2.3250  0.000e+00
     22.116    25.8465   5.196599    33.5444        560     2.3292  0.000e+00
     22.201    25.8462   5.196836    33.5463        561     2.3333  0.000e+00
     22.268    25.8466   5.196951    33.5468        562     2.3375  0.000e+00
     22.326    25.8473   5.196863    33.5457        563     2.3417  0.000e+00
     22.360    25.8477   5.197094    33.5470        564     2.3458  0.000e+00
     22.362    25.8481   5.197209    33.5476        565     2.3500  0.000e+00
     22.357    25.8484   5.197209    33.5474        566     2.3542  0.000e+00
     22.317    25.8491   5.197155    33.5465        567     2.3583  0.000e+00
     22.250    25.8492   5.197270    33.5473        568     2.3625  0.000e+00
     22.176    25.8491   5.197243    33.5472        569     2.3667  0.000e+00
     22.100    25.8492   5.197331    33.5477        570     2.3708  0.000e+00
     22.017    25.8496   5.197093    33.5457        571     2.3750  0.000e+00
     21.938    25.8495   5.196775    33.5435        572     2.3792  0.000e+00
     21.874    25.8491   5.196484    33.5417        573     2.3833  0.000e+00
     21.838    25.8484   5.196104    33.5395        574     2.3875  0.000e+00
     21.820    25.8473   5.195616    33.5368        575     2.3917  0.000e+00
     21.826    25.8465   5.195291    33.5350        576     2.3958  0.000e+00
     21.826    25.8454   5.194072    33.5270        577     2.4000  0.000e+00
     21.828    25.8431   5.193638    33.5255        578     2.4042  0.000e+00
     21.829    25.8414   5.194105    33.5301        579     2.4083  0.000e+00
     21.840    25.8408   5.194715    33.5350        580     2.4125  0.000e+00
     21.844    25.8410   5.195176    33.5382        581     2.4167  0.000e+00
     21.844    25.8418   5.195820    33.5423        582     2.4208  0.000e+00
     21.835    25.8430   5.195413    33.5385        583     2.4250  0.000e+00
     21.817    25.8435   5.195325    33.5375        584     2.4292  0.000e+00
     21.779    25.8432   5.194451    33.5313        585     2.4333  0.000e+00
     21.739    25.8426   5.194681    33.5335        586     2.4375  0.000e+00
     21.679    25.8422   5.194918    33.5355        587     2.4417  0.000e+00
     21.605    25.8423   5.194769    33.5343        588     2.4458  0.000e+00
     21.495    25.8423   5.193956    33.5285        589     2.4500  0.000e+00
     21.399    25.8415   5.193462    33.5255        590     2.4542  0.000e+00
     21.298    25.8406   5.192967    33.5226        591     2.4583  0.000e+00
     21.200    25.8394   5.189255    33.4966        592     2.4625  0.000e+00
     21.128    25.8347   5.190386    33.5083        593     2.4667  0.000e+00
     21.083    25.8312   5.188301    33.4958        594     2.4708  0.000e+00
     21.079    25.8278   5.187745    33.4942        595     2.4750  0.000e+00
     21.126    25.8243   5.189662    33.5106        596     2.4792  0.000e+00
     21.213    25.8242   5.190360    33.5158        597     2.4833  0.000e+00
     21.332    25.8256   5.192155    33.5278        598     2.4875  0.000e+00
     21.470    25.8279   5.193089    33.5328        599     2.4917  0.000e+00
     21.596    25.8311   5.194045    33.5373        600     2.4958  0.000e+00
     21.724    25.8342   5.195061    33.5424        601     2.5000  0.000e+00
     21.835    25.8373   5.195644    33.5443        602     2.5042  0.000e+00
     21.916    25.8401   5.196077    33.5454        603     2.5083  0.000e+00
     21.965    25.8424   5.196369    33.5458        604     2.5125  0.000e+00
     21.979    25.8444   5.196457    33.5450        605     2.5167  0.000e+00
     21.968    25.8456   5.196802    33.5466        606     2.5208  0.000e+00
     21.929    25.8466   5.197182    33.5486        607     2.5250  0.000e+00
     21.853    25.8480   5.197243    33.5481        608     2.5292  0.000e+00
     21.744    25.8490   5.197358    33.5482        609     2.5333  0.000e+00
     21.614    25.8495   5.197039    33.5455        610     2.5375  0.000e+00
     21.466    25.8499   5.197039    33.5453        611     2.5417  0.000e+00
     21.331    25.8499   5.195264    33.5325        612     2.5458  0.000e+00
     21.186    25.8483   5.193231    33.5189        613     2.5500  0.000e+00
     21.072    25.8448   5.188673    33.4885        614     2.5542  0.000e+00
     20.996    25.8366   5.180536    33.4355        615     2.5583  0.000e+00
     20.956    25.8221   5.174806    33.4046        616     2.5625  0.000e+00
     20.967    25.8046   5.174346    33.4140        617     2.5667  0.000e+00
     21.020    25.7924   5.179346    33.4592        618     2.5708  0.000e+00
     21.103    25.7899   5.185864    33.5083        619     2.5750  0.000e+00
     21.206    25.7969   5.190414    33.5362        620     2.5792  0.000e+00
     21.314    25.8077   5.191261    33.5344        621     2.5833  0.000e+00
     21.416    25.8163   5.193435    33.5438        622     2.5875  0.000e+00
     21.510    25.8240   5.195786    33.5552        623     2.5917  0.000e+00
     21.582    25.8319   5.196687    33.5559        624     2.5958  0.000e+00
     21.632    25.8379   5.196775    33.5521        625     2.6000  0.000e+00
