HB2304/sbe010.cnv
* Sea-Bird SBE 19plus V2 Data File:
* FileName = C:\cruise\data\sbe010.hex
* Software Version Seasave V 7.26.7.121
* Temperature SN = 7037
* Conductivity SN = 7037
* System UpLoad Time = Sep 12 2023 20:41:04
** Ship: Bigelow
** Cruise:  HB2304
** Program:  Fall Bottom Trawl
# nquan = 7
# nvalues = 1382                                  
# units = specified
# name 0 = depSM: Depth [salt water, m], lat = 40.00
# name 1 = tv290C: Temperature [ITS-90, deg C]
# name 2 = c0S/m: Conductivity [S/m]
# name 3 = sal00: Salinity, Practical [PSU]
# name 4 = scan: Scan Count
# name 5 = timeM: Time, Elapsed [minutes]
# name 6 = flag:  0.000e+00
# span 0 =     -0.050,     52.616                 
# span 1 =    10.1440,    31.6450                 
# span 2 =  -0.000138,   5.187102                 
# span 3 =     0.0000,    34.6323                 
# span 4 =         11,       1392                 
# span 5 =     0.0417,     5.7958                 
# span 6 = 0.0000e+00, 0.0000e+00                 
# interval = seconds: 0.25
# start_time = Sep 12 2023 20:41:04 [System UTC, header]
# bad_flag = -9.990e-29
*END*
[from data line 411]
     44.677    10.1873   3.629837    32.9809        422     1.7542  0.000e+00
     44.827    10.1874   3.629831    32.9807        423     1.7583  0.000e+00
     44.968    10.1877   3.629703    32.9791        424     1.7625  0.000e+00
     45.112    10.1870   3.629703    32.9797        425     1.7667  0.000e+00
     45.261    10.1865   3.629988    32.9829        426     1.7708  0.000e+00
     45.411    10.1871   3.629633    32.9787        427     1.7750  0.000e+00
     45.561    10.1863   3.629872    32.9818        428     1.7792  0.000e+00
     45.705    10.1862   3.629878    32.9819        429     1.7833  0.000e+00
     45.854    10.1866   3.629505    32.9776        430     1.7875  0.000e+00
     46.004    10.1855   3.629680    32.9804        431     1.7917  0.000e+00
     46.150    10.1844   3.629505    32.9795        432     1.7958  0.000e+00
     46.297    10.1831   3.629493    32.9805        433     1.8000  0.000e+00
     46.445    10.1825   3.629324    32.9793        434     1.8042  0.000e+00
     46.597    10.1813   3.629038    32.9775        435     1.8083  0.000e+00
     46.750    10.1795   3.629126    32.9799        436     1.8125  0.000e+00
     46.900    10.1785   3.629324    32.9827        437     1.8167  0.000e+00
     47.056    10.1786   3.629808    32.9874        438     1.8208  0.000e+00
     47.209    10.1803   3.629348    32.9812        439     1.8250  0.000e+00
     47.370    10.1804   3.629085    32.9784        440     1.8292  0.000e+00
     47.529    10.1792   3.629307    32.9816        441     1.8333  0.000e+00
     47.689    10.1784   3.629260    32.9818        442     1.8375  0.000e+00
     47.848    10.1785   3.629237    32.9814        443     1.8417  0.000e+00
     48.008    10.1776   3.629173    32.9815        444     1.8458  0.000e+00
     48.162    10.1773   3.629348    32.9835        445     1.8500  0.000e+00
     48.312    10.1774   3.628887    32.9787        446     1.8542  0.000e+00
     48.460    10.1761   3.628392    32.9748        447     1.8583  0.000e+00
     48.601    10.1735   3.628777    32.9810        448     1.8625  0.000e+00
     48.737    10.1720   3.628357    32.9781        449     1.8667  0.000e+00
     48.876    10.1707   3.628468    32.9803        450     1.8708  0.000e+00
     49.012    10.1691   3.628287    32.9799        451     1.8750  0.000e+00
     49.140    10.1674   3.628206    32.9806        452     1.8792  0.000e+00
     49.268    10.1665   3.628200    32.9812        453     1.8833  0.000e+00
     49.397    10.1659   3.627914    32.9788        454     1.8875  0.000e+00
     49.523    10.1646   3.627891    32.9797        455     1.8917  0.000e+00
     49.653    10.1634   3.627914    32.9810        456     1.8958  0.000e+00
     49.782    10.1626   3.628101    32.9836        457     1.9000  0.000e+00
     49.914    10.1627   3.628288    32.9853        458     1.9042  0.000e+00
     50.040    10.1637   3.627979    32.9812        459     1.9083  0.000e+00
     50.171    10.1638   3.628159    32.9829        460     1.9125  0.000e+00
     50.303    10.1637   3.627979    32.9811        461     1.9167  0.000e+00
     50.434    10.1633   3.627932    32.9809        462     1.9208  0.000e+00
     50.565    10.1627   3.627850    32.9806        463     1.9250  0.000e+00
     50.697    10.1624   3.627915    32.9815        464     1.9292  0.000e+00
     50.829    10.1621   3.627781    32.9803        465     1.9333  0.000e+00
     50.962    10.1613   3.627804    32.9812        466     1.9375  0.000e+00
     51.098    10.1607   3.627781    32.9815        467     1.9417  0.000e+00
     51.237    10.1609   3.627565    32.9791        468     1.9458  0.000e+00
     51.373    10.1594   3.627693    32.9816        469     1.9500  0.000e+00
     51.514    10.1590   3.627915    32.9842        470     1.9542  0.000e+00
     51.664    10.1594   3.627962    32.9842        471     1.9583  0.000e+00
     51.814    10.1603   3.627991    32.9836        472     1.9625  0.000e+00
     51.957    10.1616   3.628072    32.9833        473     1.9667  0.000e+00
     52.105    10.1620   3.628113    32.9832        474     1.9708  0.000e+00
     52.253    10.1624   3.628224    32.9839        475     1.9750  0.000e+00
     52.405    10.1629   3.628183    32.9829        476     1.9792  0.000e+00
     52.546    10.1634   3.628014    32.9807        477     1.9833  0.000e+00
     52.605    10.1630   3.627606    32.9769        478     1.9875  0.000e+00
     52.616    10.1614   3.627385    32.9762        479     1.9917  0.000e+00
     52.577    10.1593   3.627233    32.9766        480     1.9958  0.000e+00
     52.528    10.1573   3.627187    32.9780        481     2.0000  0.000e+00
     52.512    10.1559   3.627192    32.9792        482     2.0042  0.000e+00
     52.513    10.1549   3.627233    32.9806        483     2.0083  0.000e+00
     52.502    10.1544   3.627233    32.9810        484     2.0125  0.000e+00
     52.492    10.1538   3.627257    32.9819        485     2.0167  0.000e+00
     52.493    10.1537   3.627210    32.9815        486     2.0208  0.000e+00
     52.493    10.1538   3.627192    32.9812        487     2.0250  0.000e+00
     52.499    10.1536   3.627210    32.9815        488     2.0292  0.000e+00
     52.501    10.1538   3.627344    32.9828        489     2.0333  0.000e+00
     52.508    10.1542   3.627297    32.9819        490     2.0375  0.000e+00
     52.510    10.1547   3.627210    32.9806        491     2.0417  0.000e+00
     52.508    10.1546   3.627192    32.9805        492     2.0458  0.000e+00
     52.501    10.1545   3.627146    32.9801        493     2.0500  0.000e+00
     52.497    10.1542   3.627122    32.9802        494     2.0542  0.000e+00
     52.486    10.1539   3.627146    32.9806        495     2.0583  0.000e+00
     52.475    10.1538   3.627146    32.9807        496     2.0625  0.000e+00
     52.454    10.1540   3.627152    32.9807        497     2.0667  0.000e+00
     52.428    10.1539   3.627052    32.9797        498     2.0708  0.000e+00
     52.398    10.1537   3.626878    32.9782        499     2.0750  0.000e+00
     52.361    10.1530   3.626878    32.9788        500     2.0792  0.000e+00
     52.329    10.1525   3.626965    32.9801        501     2.0833  0.000e+00
     52.289    10.1524   3.626877    32.9793        502     2.0875  0.000e+00
     52.246    10.1520   3.626743    32.9784        503     2.0917  0.000e+00
     52.206    10.1515   3.626813    32.9796        504     2.0958  0.000e+00
     52.168    10.1510   3.626837    32.9802        505     2.1000  0.000e+00
     52.123    10.1510   3.626743    32.9793        506     2.1042  0.000e+00
     52.076    10.1507   3.626644    32.9786        507     2.1083  0.000e+00
     52.032    10.1503   3.626615    32.9788        508     2.1125  0.000e+00
     51.994    10.1500   3.626568    32.9786        509     2.1167  0.000e+00
     51.956    10.1496   3.626592    32.9792        510     2.1208  0.000e+00
     51.920    10.1494   3.626592    32.9794        511     2.1250  0.000e+00
     51.882    10.1493   3.626557    32.9792        512     2.1292  0.000e+00
     51.852    10.1491   3.626528    32.9791        513     2.1333  0.000e+00
     51.817    10.1488   3.626528    32.9793        514     2.1375  0.000e+00
     51.779    10.1486   3.626504    32.9793        515     2.1417  0.000e+00
     51.741    10.1485   3.626504    32.9794        516     2.1458  0.000e+00
     51.700    10.1484   3.626481    32.9793        517     2.1500  0.000e+00
     51.665    10.1481   3.626475    32.9795        518     2.1542  0.000e+00
     51.627    10.1480   3.626481    32.9797        519     2.1583  0.000e+00
     51.593    10.1479   3.626504    32.9800        520     2.1625  0.000e+00
     51.551    10.1477   3.626434    32.9795        521     2.1667  0.000e+00
     51.513    10.1477   3.626434    32.9795        522     2.1708  0.000e+00
     51.477    10.1475   3.626492    32.9803        523     2.1750  0.000e+00
     51.439    10.1476   3.626457    32.9799        524     2.1792  0.000e+00
     51.403    10.1478   3.626434    32.9795        525     2.1833  0.000e+00
     51.371    10.1476   3.626457    32.9799        526     2.1875  0.000e+00
     51.338    10.1477   3.626481    32.9800        527     2.1917  0.000e+00
     51.316    10.1477   3.626452    32.9797        528     2.1958  0.000e+00
     51.295    10.1477   3.626417    32.9794        529     2.2000  0.000e+00
     51.271    10.1477   3.626417    32.9795        530     2.2042  0.000e+00
     51.251    10.1477   3.626393    32.9792        531     2.2083  0.000e+00
     51.233    10.1477   3.626417    32.9795        532     2.2125  0.000e+00
     51.217    10.1472   3.626387    32.9796        533     2.2167  0.000e+00
     51.206    10.1471   3.626393    32.9797        534     2.2208  0.000e+00
     51.197    10.1471   3.626393    32.9798        535     2.2250  0.000e+00
     51.184    10.1471   3.626417    32.9800        536     2.2292  0.000e+00
     51.177    10.1471   3.626393    32.9798        537     2.2333  0.000e+00
     51.170    10.1473   3.626387    32.9796        538     2.2375  0.000e+00
     51.152    10.1474   3.626393    32.9795        539     2.2417  0.000e+00
     51.132    10.1473   3.626347    32.9792        540     2.2458  0.000e+00
     51.114    10.1472   3.626347    32.9792        541     2.2500  0.000e+00
     51.090    10.1469   3.626329    32.9794        542     2.2542  0.000e+00
     51.063    10.1468   3.626306    32.9792        543     2.2583  0.000e+00
     51.029    10.1466   3.626236    32.9787        544     2.2625  0.000e+00
     50.989    10.1466   3.626259    32.9790        545     2.2667  0.000e+00
     50.944    10.1464   3.626236    32.9790        546     2.2708  0.000e+00
     50.890    10.1462   3.626218    32.9790        547     2.2750  0.000e+00
     50.828    10.1460   3.626137    32.9783        548     2.2792  0.000e+00
     50.752    10.1458   3.626125    32.9784        549     2.2833  0.000e+00
     50.676    10.1456   3.626148    32.9789        550     2.2875  0.000e+00
     50.580    10.1453   3.626148    32.9792        551     2.2917  0.000e+00
     50.481    10.1453   3.626306    32.9809        552     2.2958  0.000e+00
     50.380    10.1456   3.626306    32.9806        553     2.3000  0.000e+00
     50.266    10.1462   3.626171    32.9788        554     2.3042  0.000e+00
     50.145    10.1461   3.626195    32.9792        555     2.3083  0.000e+00
     50.018    10.1459   3.626148    32.9789        556     2.3125  0.000e+00
     49.886    10.1456   3.626061    32.9783        557     2.3167  0.000e+00
     49.752    10.1456   3.626008    32.9779        558     2.3208  0.000e+00
     49.617    10.1453   3.625996    32.9781        559     2.3250  0.000e+00
     49.485    10.1448   3.625996    32.9786        560     2.3292  0.000e+00
     49.349    10.1445   3.625996    32.9790        561     2.3333  0.000e+00
     49.237    10.1444   3.625996    32.9791        562     2.3375  0.000e+00
     49.111    10.1442   3.625967    32.9790        563     2.3417  0.000e+00
     49.002    10.1442   3.625950    32.9789        564     2.3458  0.000e+00
     48.897    10.1442   3.625949    32.9790        565     2.3500  0.000e+00
     48.805    10.1441   3.625926    32.9788        566     2.3542  0.000e+00
     48.713    10.1442   3.625949    32.9791        567     2.3583  0.000e+00
     48.635    10.1444   3.625967    32.9791        568     2.3625  0.000e+00
     48.559    10.1449   3.625949    32.9785        569     2.3667  0.000e+00
     48.492    10.1452   3.625926    32.9780        570     2.3708  0.000e+00
     48.427    10.1452   3.625908    32.9779        571     2.3750  0.000e+00
     48.364    10.1447   3.625908    32.9783        572     2.3792  0.000e+00
     48.304    10.1446   3.625885    32.9782        573     2.3833  0.000e+00
     48.246    10.1446   3.625862    32.9780        574     2.3875  0.000e+00
     48.189    10.1440   3.625885    32.9788        575     2.3917  0.000e+00
     48.129    10.1442   3.625885    32.9787        576     2.3958  0.000e+00
     48.066    10.1446   3.625885    32.9783        577     2.4000  0.000e+00
     48.002    10.1449   3.625862    32.9778        578     2.4042  0.000e+00
     47.943    10.1452   3.625838    32.9773        579     2.4083  0.000e+00
     47.878    10.1455   3.625821    32.9769        580     2.4125  0.000e+00
     47.814    10.1456   3.625838    32.9770        581     2.4167  0.000e+00
     47.758    10.1457   3.625821    32.9768        582     2.4208  0.000e+00
     47.695    10.1458   3.625797    32.9765        583     2.4250  0.000e+00
     47.643    10.1456   3.625757    32.9763        584     2.4292  0.000e+00
     47.585    10.1454   3.625774    32.9766        585     2.4333  0.000e+00
     47.527    10.1453   3.625774    32.9768        586     2.4375  0.000e+00
     47.467    10.1451   3.625727    32.9765        587     2.4417  0.000e+00
     47.408    10.1450   3.625797    32.9773        588     2.4458  0.000e+00
     47.350    10.1454   3.625861    32.9776        589     2.4500  0.000e+00
     47.286    10.1462   3.625861    32.9770        590     2.4542  0.000e+00
     47.218    10.1468   3.625751    32.9754        591     2.4583  0.000e+00
     47.147    10.1462   3.625727    32.9756        592     2.4625  0.000e+00
     47.069    10.1454   3.625727    32.9764        593     2.4667  0.000e+00
     46.997    10.1448   3.625710    32.9769        594     2.4708  0.000e+00
     46.909    10.1447   3.625686    32.9767        595     2.4750  0.000e+00
     46.827    10.1448   3.625663    32.9765        596     2.4792  0.000e+00
     46.737    10.1448   3.625710    32.9770        597     2.4833  0.000e+00
     46.645    10.1448   3.625820    32.9781        598     2.4875  0.000e+00
     46.540    10.1461   3.625820    32.9770        599     2.4917  0.000e+00
     46.433    10.1472   3.625774    32.9755        600     2.4958  0.000e+00
     46.317    10.1474   3.625820    32.9759        601     2.5000  0.000e+00
     46.200    10.1476   3.625774    32.9753        602     2.5042  0.000e+00
     46.073    10.1480   3.625709    32.9743        603     2.5083  0.000e+00
     45.943    10.1475   3.625692    32.9746        604     2.5125  0.000e+00
     45.815    10.1474   3.625884    32.9767        605     2.5167  0.000e+00
     45.679    10.1481   3.626018    32.9775        606     2.5208  0.000e+00
     45.540    10.1499   3.626059    32.9764        607     2.5250  0.000e+00
     45.415    10.1512   3.626059    32.9752        608     2.5292  0.000e+00
     45.283    10.1524   3.626006    32.9736        609     2.5333  0.000e+00
     45.153    10.1530   3.626059    32.9737        610     2.5375  0.000e+00
     45.026    10.1536   3.626170    32.9744        611     2.5417  0.000e+00
     44.909    10.1545   3.626234    32.9742        612     2.5458  0.000e+00
     44.793    10.1555   3.626193    32.9729        613     2.5500  0.000e+00
     44.676    10.1563   3.626082    32.9712        614     2.5542  0.000e+00
     44.564    10.1559   3.625942    32.9701        615     2.5583  0.000e+00
     44.443    10.1550   3.626123    32.9728        616     2.5625  0.000e+00
     44.334    10.1553   3.626018    32.9716        617     2.5667  0.000e+00
     44.211    10.1552   3.626035    32.9719        618     2.5708  0.000e+00
     44.108    10.1551   3.626146    32.9731        619     2.5750  0.000e+00
     44.010    10.1559   3.626198    32.9730        620     2.5792  0.000e+00
     43.922    10.1566   3.626192    32.9723        621     2.5833  0.000e+00
     43.828    10.1572   3.626216    32.9721        622     2.5875  0.000e+00
     43.746    10.1576   3.626216    32.9717        623     2.5917  0.000e+00
     43.672    10.1581   3.626216    32.9713        624     2.5958  0.000e+00
     43.600    10.1585   3.626198    32.9708        625     2.6000  0.000e+00
