HB2304/sbe078.cnv
* Sea-Bird SBE 19plus V2 Data File:
* FileName = C:\cruise\data\sbe078.hex
* Software Version Seasave V 7.26.7.121
* Temperature SN = 7037
* Conductivity SN = 7037
* System UpLoad Time = Oct 18 2023 07:20:32
** Ship: Bigelow
** Cruise:  HB2304
** Program:  Fall Bottom Trawl
# nquan = 7
# nvalues = 3372                                  
# units = specified
# name 0 = depSM: Depth [salt water, m], lat = 40.00
# name 1 = tv290C: Temperature [ITS-90, deg C]
# name 2 = c0S/m: Conductivity [S/m]
# name 3 = sal00: Salinity, Practical [PSU]
# name 4 = scan: Scan Count
# name 5 = timeM: Time, Elapsed [minutes]
# name 6 = flag:  0.000e+00
# span 0 =      0.127,    223.482                 
# span 1 =     6.1372,    14.0503                 
# span 2 =   3.017050,   3.808267                 
# span 3 =    24.2940,    34.8738                 
# span 4 =         11,       3382                 
# span 5 =     0.0417,    14.0875                 
# span 6 = 0.0000e+00, 0.0000e+00                 
# interval = seconds: 0.25
# start_time = Oct 18 2023 07:20:32 [System UTC, header]
# bad_flag = -9.990e-29
*END*
[from data line 1642]
    222.424     8.3912   3.655670    34.8709       1653     6.8833  0.000e+00
    222.381     8.3911   3.655670    34.8710       1654     6.8875  0.000e+00
    222.346     8.3910   3.655694    34.8713       1655     6.8917  0.000e+00
    222.323     8.3911   3.655694    34.8712       1656     6.8958  0.000e+00
    222.330     8.3911   3.655717    34.8715       1657     6.9000  0.000e+00
    222.355     8.3913   3.655740    34.8715       1658     6.9042  0.000e+00
    222.400     8.3914   3.655764    34.8717       1659     6.9083  0.000e+00
    222.471     8.3916   3.655805    34.8719       1660     6.9125  0.000e+00
    222.543     8.3918   3.655822    34.8718       1661     6.9167  0.000e+00
    222.635     8.3920   3.655805    34.8714       1662     6.9208  0.000e+00
    222.726     8.3921   3.655781    34.8710       1663     6.9250  0.000e+00
    222.802     8.3922   3.655822    34.8713       1664     6.9292  0.000e+00
    222.878     8.3923   3.655828    34.8712       1665     6.9333  0.000e+00
    222.947     8.3924   3.655805    34.8709       1666     6.9375  0.000e+00
    222.997     8.3924   3.655828    34.8711       1667     6.9417  0.000e+00
    223.033     8.3924   3.655799    34.8707       1668     6.9458  0.000e+00
    223.059     8.3924   3.655782    34.8705       1669     6.9500  0.000e+00
    223.060     8.3923   3.655764    34.8705       1670     6.9542  0.000e+00
    223.053     8.3922   3.655764    34.8706       1671     6.9583  0.000e+00
    223.026     8.3920   3.655735    34.8705       1672     6.9625  0.000e+00
    222.990     8.3920   3.655741    34.8705       1673     6.9667  0.000e+00
    222.948     8.3918   3.655717    34.8705       1674     6.9708  0.000e+00
    222.901     8.3917   3.655717    34.8706       1675     6.9750  0.000e+00
    222.851     8.3915   3.655717    34.8709       1676     6.9792  0.000e+00
    222.800     8.3914   3.655717    34.8709       1677     6.9833  0.000e+00
    222.735     8.3913   3.655694    34.8709       1678     6.9875  0.000e+00
    222.684     8.3913   3.655694    34.8709       1679     6.9917  0.000e+00
    222.621     8.3911   3.655717    34.8714       1680     6.9958  0.000e+00
    222.566     8.3912   3.655717    34.8713       1681     7.0000  0.000e+00
    222.512     8.3913   3.655740    34.8715       1682     7.0042  0.000e+00
    222.456     8.3913   3.655717    34.8712       1683     7.0083  0.000e+00
    222.400     8.3916   3.655717    34.8710       1684     7.0125  0.000e+00
    222.351     8.3915   3.655694    34.8708       1685     7.0167  0.000e+00
    222.313     8.3914   3.655670    34.8707       1686     7.0208  0.000e+00
    222.280     8.3913   3.655653    34.8706       1687     7.0250  0.000e+00
    222.253     8.3913   3.655670    34.8709       1688     7.0292  0.000e+00
    222.226     8.3913   3.655670    34.8708       1689     7.0333  0.000e+00
    222.212     8.3913   3.655694    34.8712       1690     7.0375  0.000e+00
    222.193     8.3913   3.655717    34.8714       1691     7.0417  0.000e+00
    222.195     8.3913   3.655717    34.8714       1692     7.0458  0.000e+00
    222.213     8.3914   3.655764    34.8717       1693     7.0500  0.000e+00
    222.242     8.3916   3.655775    34.8717       1694     7.0542  0.000e+00
    222.282     8.3919   3.655805    34.8716       1695     7.0583  0.000e+00
    222.338     8.3922   3.655828    34.8716       1696     7.0625  0.000e+00
    222.405     8.3924   3.655863    34.8718       1697     7.0667  0.000e+00
    222.472     8.3926   3.655851    34.8714       1698     7.0708  0.000e+00
    222.537     8.3928   3.655875    34.8714       1699     7.0750  0.000e+00
    222.609     8.3928   3.655898    34.8717       1700     7.0792  0.000e+00
    222.656     8.3928   3.655904    34.8717       1701     7.0833  0.000e+00
    222.700     8.3931   3.655916    34.8715       1702     7.0875  0.000e+00
    222.732     8.3930   3.655898    34.8714       1703     7.0917  0.000e+00
    222.750     8.3931   3.655852    34.8707       1704     7.0958  0.000e+00
    222.760     8.3930   3.655799    34.8703       1705     7.1000  0.000e+00
    222.763     8.3928   3.655764    34.8702       1706     7.1042  0.000e+00
    222.752     8.3923   3.655740    34.8703       1707     7.1083  0.000e+00
    222.743     8.3921   3.655694    34.8700       1708     7.1125  0.000e+00
    222.734     8.3919   3.655670    34.8700       1709     7.1167  0.000e+00
    222.722     8.3918   3.655670    34.8702       1710     7.1208  0.000e+00
    222.709     8.3914   3.655653    34.8703       1711     7.1250  0.000e+00
    222.702     8.3914   3.655653    34.8704       1712     7.1292  0.000e+00
    222.685     8.3913   3.655653    34.8705       1713     7.1333  0.000e+00
    222.667     8.3910   3.655653    34.8708       1714     7.1375  0.000e+00
    222.642     8.3909   3.655653    34.8708       1715     7.1417  0.000e+00
    222.609     8.3909   3.655606    34.8704       1716     7.1458  0.000e+00
    222.575     8.3909   3.655583    34.8701       1717     7.1500  0.000e+00
    222.528     8.3908   3.655542    34.8698       1718     7.1542  0.000e+00
    222.473     8.3908   3.655524    34.8697       1719     7.1583  0.000e+00
    222.412     8.3906   3.655559    34.8703       1720     7.1625  0.000e+00
    222.348     8.3906   3.655606    34.8708       1721     7.1667  0.000e+00
    222.285     8.3905   3.655582    34.8707       1722     7.1708  0.000e+00
    222.229     8.3906   3.655606    34.8709       1723     7.1750  0.000e+00
    222.178     8.3906   3.655606    34.8709       1724     7.1792  0.000e+00
    222.149     8.3907   3.655606    34.8708       1725     7.1833  0.000e+00
    222.128     8.3908   3.655582    34.8705       1726     7.1875  0.000e+00
    222.126     8.3908   3.655588    34.8706       1727     7.1917  0.000e+00
    222.142     8.3908   3.655629    34.8710       1728     7.1958  0.000e+00
    222.169     8.3909   3.655653    34.8711       1729     7.2000  0.000e+00
    222.215     8.3912   3.655670    34.8710       1730     7.2042  0.000e+00
    222.274     8.3913   3.655694    34.8711       1731     7.2083  0.000e+00
    222.347     8.3914   3.655694    34.8709       1732     7.2125  0.000e+00
    222.423     8.3917   3.655717    34.8709       1733     7.2167  0.000e+00
    222.506     8.3917   3.655717    34.8708       1734     7.2208  0.000e+00
    222.593     8.3916   3.655740    34.8711       1735     7.2250  0.000e+00
    222.676     8.3918   3.655764    34.8712       1736     7.2292  0.000e+00
    222.757     8.3920   3.655781    34.8711       1737     7.2333  0.000e+00
    222.817     8.3920   3.655776    34.8710       1738     7.2375  0.000e+00
    222.859     8.3921   3.655781    34.8710       1739     7.2417  0.000e+00
    222.880     8.3922   3.655764    34.8707       1740     7.2458  0.000e+00
    222.877     8.3921   3.655735    34.8705       1741     7.2500  0.000e+00
    222.844     8.3918   3.655694    34.8703       1742     7.2542  0.000e+00
    222.793     8.3918   3.655694    34.8704       1743     7.2583  0.000e+00
    222.721     8.3915   3.655694    34.8707       1744     7.2625  0.000e+00
    222.632     8.3912   3.655670    34.8708       1745     7.2667  0.000e+00
    222.527     8.3911   3.655670    34.8709       1746     7.2708  0.000e+00
    222.410     8.3911   3.655670    34.8709       1747     7.2750  0.000e+00
    222.285     8.3911   3.655694    34.8713       1748     7.2792  0.000e+00
    222.163     8.3911   3.655717    34.8716       1749     7.2833  0.000e+00
    222.058     8.3911   3.655717    34.8716       1750     7.2875  0.000e+00
    221.970     8.3913   3.655717    34.8715       1751     7.2917  0.000e+00
    221.905     8.3913   3.655734    34.8717       1752     7.2958  0.000e+00
    221.865     8.3914   3.655717    34.8714       1753     7.3000  0.000e+00
    221.860     8.3914   3.655717    34.8714       1754     7.3042  0.000e+00
    221.870     8.3915   3.655740    34.8716       1755     7.3083  0.000e+00
    221.906     8.3916   3.655758    34.8716       1756     7.3125  0.000e+00
    221.959     8.3916   3.655781    34.8719       1757     7.3167  0.000e+00
    221.928     8.3918   3.655764    34.8715       1758     7.3208  0.000e+00
    221.901     8.3919   3.655693    34.8707       1759     7.3250  0.000e+00
    221.827     8.3917   3.655670    34.8707       1760     7.3292  0.000e+00
    221.762     8.3916   3.655693    34.8711       1761     7.3333  0.000e+00
    221.651     8.3914   3.655693    34.8712       1762     7.3375  0.000e+00
    221.489     8.3914   3.655670    34.8711       1763     7.3417  0.000e+00
    221.313     8.3913   3.655629    34.8708       1764     7.3458  0.000e+00
    221.123     8.3911   3.655471    34.8694       1765     7.3500  0.000e+00
    220.926     8.3909   3.655494    34.8700       1766     7.3542  0.000e+00
    220.716     8.3907   3.655541    34.8708       1767     7.3583  0.000e+00
    220.486     8.3908   3.655517    34.8706       1768     7.3625  0.000e+00
    220.227     8.3907   3.655517    34.8708       1769     7.3667  0.000e+00
    219.985     8.3908   3.655517    34.8709       1770     7.3708  0.000e+00
    219.739     8.3908   3.655476    34.8705       1771     7.3750  0.000e+00
    219.483     8.3906   3.655447    34.8705       1772     7.3792  0.000e+00
    219.241     8.3907   3.655470    34.8708       1773     7.3833  0.000e+00
    219.004     8.3907   3.655499    34.8712       1774     7.3875  0.000e+00
    218.788     8.3906   3.655493    34.8713       1775     7.3917  0.000e+00
    218.580     8.3905   3.655493    34.8715       1776     7.3958  0.000e+00
    218.369     8.3906   3.655493    34.8715       1777     7.4000  0.000e+00
    218.164     8.3906   3.655476    34.8715       1778     7.4042  0.000e+00
    217.972     8.3906   3.655470    34.8715       1779     7.4083  0.000e+00
    217.775     8.3906   3.655446    34.8714       1780     7.4125  0.000e+00
    217.571     8.3906   3.655446    34.8715       1781     7.4167  0.000e+00
    217.359     8.3906   3.655417    34.8712       1782     7.4208  0.000e+00
    217.143     8.3904   3.655382    34.8711       1783     7.4250  0.000e+00
    216.937     8.3905   3.655358    34.8709       1784     7.4292  0.000e+00
    216.707     8.3904   3.655352    34.8710       1785     7.4333  0.000e+00
    216.467     8.3906   3.655335    34.8708       1786     7.4375  0.000e+00
    216.215     8.3904   3.655294    34.8706       1787     7.4417  0.000e+00
    215.962     8.3906   3.655247    34.8701       1788     7.4458  0.000e+00
    215.719     8.3906   3.655264    34.8703       1789     7.4500  0.000e+00
    215.464     8.3908   3.655293    34.8706       1790     7.4542  0.000e+00
    215.194     8.3908   3.655247    34.8703       1791     7.4583  0.000e+00
    214.936     8.3908   3.655311    34.8710       1792     7.4625  0.000e+00
    214.695     8.3909   3.655393    34.8720       1793     7.4667  0.000e+00
    214.445     8.3908   3.655334    34.8715       1794     7.4708  0.000e+00
    214.194     8.3910   3.655357    34.8717       1795     7.4750  0.000e+00
    213.949     8.3910   3.655392    34.8722       1796     7.4792  0.000e+00
    213.732     8.3911   3.655357    34.8718       1797     7.4833  0.000e+00
    213.515     8.3911   3.655334    34.8717       1798     7.4875  0.000e+00
    213.312     8.3911   3.655310    34.8715       1799     7.4917  0.000e+00
    213.115     8.3911   3.655328    34.8718       1800     7.4958  0.000e+00
    212.952     8.3913   3.655333    34.8718       1801     7.5000  0.000e+00
    212.795     8.3912   3.655333    34.8719       1802     7.5042  0.000e+00
    212.657     8.3911   3.655333    34.8721       1803     7.5083  0.000e+00
    212.520     8.3910   3.655304    34.8719       1804     7.5125  0.000e+00
    212.398     8.3909   3.655292    34.8719       1805     7.5167  0.000e+00
    212.273     8.3909   3.655310    34.8722       1806     7.5208  0.000e+00
    212.156     8.3909   3.655093    34.8700       1807     7.5250  0.000e+00
    212.020     8.3913   3.655111    34.8699       1808     7.5292  0.000e+00
    211.891     8.3916   3.655333    34.8720       1809     7.5333  0.000e+00
    211.743     8.3914   3.655333    34.8722       1810     7.5375  0.000e+00
    211.593     8.3913   3.655070    34.8697       1811     7.5417  0.000e+00
    211.430     8.3914   3.655046    34.8694       1812     7.5458  0.000e+00
    211.249     8.3918   3.655023    34.8688       1813     7.5500  0.000e+00
    211.046     8.3921   3.655023    34.8686       1814     7.5542  0.000e+00
    210.831     8.3923   3.655222    34.8706       1815     7.5583  0.000e+00
    210.607     8.3921   3.655134    34.8699       1816     7.5625  0.000e+00
    210.368     8.3922   3.654911    34.8676       1817     7.5667  0.000e+00
    210.096     8.3926   3.654818    34.8663       1818     7.5708  0.000e+00
    209.816     8.3931   3.654601    34.8637       1819     7.5750  0.000e+00
    209.524     8.3943   3.654221    34.8586       1820     7.5792  0.000e+00
    209.206     8.3960   3.654198    34.8568       1821     7.5833  0.000e+00
    208.864     8.3975   3.654133    34.8548       1822     7.5875  0.000e+00
    208.511     8.3987   3.653975    34.8521       1823     7.5917  0.000e+00
    208.144     8.3997   3.654039    34.8520       1824     7.5958  0.000e+00
    207.789     8.4003   3.653951    34.8507       1825     7.6000  0.000e+00
    207.431     8.4008   3.653706    34.8478       1826     7.6042  0.000e+00
    207.078     8.4018   3.653688    34.8467       1827     7.6083  0.000e+00
    206.763     8.4026   3.653688    34.8461       1828     7.6125  0.000e+00
    206.474     8.4033   3.653641    34.8450       1829     7.6167  0.000e+00
    206.222     8.4037   3.653559    34.8439       1830     7.6208  0.000e+00
    206.016     8.4040   3.653553    34.8437       1831     7.6250  0.000e+00
    205.857     8.4043   3.653483    34.8426       1832     7.6292  0.000e+00
    205.743     8.4047   3.653325    34.8407       1833     7.6333  0.000e+00
    205.672     8.4053   3.653284    34.8396       1834     7.6375  0.000e+00
    205.629     8.4064   3.653284    34.8386       1835     7.6417  0.000e+00
    205.602     8.4070   3.653237    34.8375       1836     7.6458  0.000e+00
    205.589     8.4077   3.653214    34.8366       1837     7.6500  0.000e+00
    205.571     8.4083   3.653149    34.8353       1838     7.6542  0.000e+00
    205.540     8.4091   3.653173    34.8348       1839     7.6583  0.000e+00
    205.498     8.4097   3.653173    34.8342       1840     7.6625  0.000e+00
    205.437     8.4102   3.653132    34.8333       1841     7.6667  0.000e+00
    205.337     8.4105   3.653149    34.8333       1842     7.6708  0.000e+00
    205.214     8.4105   3.653149    34.8333       1843     7.6750  0.000e+00
    205.050     8.4108   3.653091    34.8325       1844     7.6792  0.000e+00
    204.849     8.4109   3.653038    34.8319       1845     7.6833  0.000e+00
    204.615     8.4113   3.653038    34.8316       1846     7.6875  0.000e+00
    204.347     8.4116   3.653038    34.8314       1847     7.6917  0.000e+00
    204.067     8.4119   3.652962    34.8305       1848     7.6958  0.000e+00
    203.740     8.4122   3.652839    34.8290       1849     7.7000  0.000e+00
    203.416     8.4131   3.652792    34.8278       1850     7.7042  0.000e+00
    203.068     8.4140   3.652728    34.8264       1851     7.7083  0.000e+00
    202.699     8.4149   3.652727    34.8257       1852     7.7125  0.000e+00
    202.343     8.4155   3.652704    34.8250       1853     7.7167  0.000e+00
    201.973     8.4162   3.652639    34.8238       1854     7.7208  0.000e+00
    201.635     8.4172   3.652616    34.8227       1855     7.7250  0.000e+00
    201.295     8.4184   3.652616    34.8217       1856     7.7292  0.000e+00
