HB2304/sbe002.cnv
* Sea-Bird SBE 19plus V2 Data File:
* FileName = C:\cruise\data\sbe002.hex
* Software Version Seasave V 7.26.7.121
* Temperature SN = 7037
* Conductivity SN = 7037
* System UpLoad Time = Sep 11 2023 12:19:17
** Ship: Bigelow
** Cruise:  HB2304
** Program:  Fall Bottom Trawl
# nquan = 7
# nvalues = 1953                                  
# units = specified
# name 0 = depSM: Depth [salt water, m], lat = 40.00
# name 1 = tv290C: Temperature [ITS-90, deg C]
# name 2 = c0S/m: Conductivity [S/m]
# name 3 = sal00: Salinity, Practical [PSU]
# name 4 = scan: Scan Count
# name 5 = timeM: Time, Elapsed [minutes]
# name 6 = flag:  0.000e+00
# span 0 =     -0.051,     77.263                 
# span 1 =     9.6818,    26.7487                 
# span 2 =  -0.000084,   5.267045                 
# span 3 =     0.0000,    35.5302                 
# span 4 =         11,       1963                 
# span 5 =     0.0417,     8.1750                 
# span 6 = 0.0000e+00, 0.0000e+00                 
# interval = seconds: 0.25
# start_time = Sep 11 2023 12:19:17 [System UTC, header]
# bad_flag = -9.990e-29
*END*
[from data line 1231]
     34.842    10.0179   3.621359    33.0540       1242     5.1708  0.000e+00
     34.816    10.0182   3.621272    33.0528       1243     5.1750  0.000e+00
     34.793    10.0185   3.621383    33.0537       1244     5.1792  0.000e+00
     34.776    10.0187   3.621558    33.0552       1245     5.1833  0.000e+00
     34.765    10.0196   3.621680    33.0557       1246     5.1875  0.000e+00
     34.758    10.0206   3.621668    33.0547       1247     5.1917  0.000e+00
     34.758    10.0212   3.621849    33.0559       1248     5.1958  0.000e+00
     34.753    10.0220   3.621866    33.0554       1249     5.2000  0.000e+00
     34.742    10.0227   3.621890    33.0549       1250     5.2042  0.000e+00
     34.729    10.0233   3.621866    33.0542       1251     5.2083  0.000e+00
     34.705    10.0235   3.621726    33.0526       1252     5.2125  0.000e+00
     34.678    10.0231   3.621319    33.0488       1253     5.2167  0.000e+00
     34.635    10.0220   3.621383    33.0505       1254     5.2208  0.000e+00
     34.590    10.0209   3.621359    33.0513       1255     5.2250  0.000e+00
     34.534    10.0204   3.621033    33.0485       1256     5.2292  0.000e+00
     34.476    10.0193   3.621132    33.0505       1257     5.2333  0.000e+00
     34.418    10.0185   3.618522    33.0248       1258     5.2375  0.000e+00
     34.358    10.0121   3.616781    33.0130       1259     5.2417  0.000e+00
     34.291    10.0020   3.615092    33.0051       1260     5.2458  0.000e+00
     34.226     9.9914   3.613177    32.9953       1261     5.2500  0.000e+00
     34.172     9.9794   3.613049    33.0051       1262     5.2542  0.000e+00
     34.116     9.9711   3.613096    33.0131       1263     5.2583  0.000e+00
     34.060     9.9660   3.613090    33.0178       1264     5.2625  0.000e+00
     33.996     9.9629   3.612828    33.0180       1265     5.2667  0.000e+00
     33.942     9.9601   3.612543    33.0176       1266     5.2708  0.000e+00
     33.886     9.9580   3.612456    33.0187       1267     5.2750  0.000e+00
     33.828     9.9562   3.612234    33.0181       1268     5.2792  0.000e+00
     33.765     9.9546   3.612048    33.0177       1269     5.2833  0.000e+00
     33.712     9.9533   3.611949    33.0179       1270     5.2875  0.000e+00
     33.662     9.9524   3.611990    33.0192       1271     5.2917  0.000e+00
     33.613     9.9520   3.612147    33.0211       1272     5.2958  0.000e+00
     33.559     9.9528   3.612188    33.0209       1273     5.3000  0.000e+00
     33.519     9.9535   3.612298    33.0214       1274     5.3042  0.000e+00
     33.474     9.9547   3.612409    33.0215       1275     5.3083  0.000e+00
     33.434     9.9556   3.612444    33.0210       1276     5.3125  0.000e+00
     33.385     9.9566   3.612455    33.0202       1277     5.3167  0.000e+00
     33.336     9.9574   3.612455    33.0195       1278     5.3208  0.000e+00
     33.289     9.9580   3.612455    33.0190       1279     5.3250  0.000e+00
     33.233     9.9584   3.612432    33.0184       1280     5.3292  0.000e+00
     33.173     9.9586   3.612386    33.0177       1281     5.3333  0.000e+00
     33.108     9.9586   3.612170    33.0156       1282     5.3375  0.000e+00
     33.034     9.9581   3.612100    33.0154       1283     5.3417  0.000e+00
     32.958     9.9574   3.612036    33.0154       1284     5.3458  0.000e+00
     32.882     9.9568   3.611972    33.0153       1285     5.3500  0.000e+00
     32.793     9.9564   3.612123    33.0173       1286     5.3542  0.000e+00
     32.716     9.9564   3.612147    33.0175       1287     5.3583  0.000e+00
     32.636     9.9566   3.610913    33.0048       1288     5.3625  0.000e+00
     32.564     9.9541   3.608172    32.9793       1289     5.3667  0.000e+00
     32.502     9.9461   3.608219    32.9871       1290     5.3708  0.000e+00
     32.443     9.9398   3.607975    32.9904       1291     5.3750  0.000e+00
     32.403     9.9352   3.606573    32.9804       1292     5.3792  0.000e+00
     32.365     9.9287   3.605543    32.9759       1293     5.3833  0.000e+00
     32.329     9.9215   3.605299    32.9800       1294     5.3875  0.000e+00
     32.301     9.9157   3.604264    32.9747       1295     5.3917  0.000e+00
     32.285     9.9101   3.602717    32.9642       1296     5.3958  0.000e+00
     32.271     9.9028   3.602281    32.9665       1297     5.4000  0.000e+00
     32.260     9.8964   3.601554    32.9649       1298     5.4042  0.000e+00
     32.247     9.8913   3.601206    32.9660       1299     5.4083  0.000e+00
     32.227     9.8873   3.601165    32.9692       1300     5.4125  0.000e+00
     32.211     9.8852   3.600991    32.9694       1301     5.4167  0.000e+00
     32.193     9.8838   3.600683    32.9675       1302     5.4208  0.000e+00
     32.171     9.8824   3.600281    32.9648       1303     5.4250  0.000e+00
     32.142     9.8803   3.599392    32.9577       1304     5.4292  0.000e+00
     32.104     9.8770   3.598974    32.9564       1305     5.4333  0.000e+00
     32.061     9.8725   3.596853    32.9389       1306     5.4375  0.000e+00
     32.017     9.8649   3.596527    32.9426       1307     5.4417  0.000e+00
     31.961     9.8578   3.596504    32.9489       1308     5.4458  0.000e+00
     31.894     9.8533   3.596463    32.9526       1309     5.4500  0.000e+00
     31.824     9.8505   3.596574    32.9563       1310     5.4542  0.000e+00
     31.742     9.8491   3.596434    32.9562       1311     5.4583  0.000e+00
     31.672     9.8480   3.596330    32.9561       1312     5.4625  0.000e+00
     31.596     9.8476   3.597033    32.9637       1313     5.4667  0.000e+00
     31.522     9.8518   3.599195    32.9820       1314     5.4708  0.000e+00
     31.451     9.8628   3.601886    32.9994       1315     5.4750  0.000e+00
     31.380     9.8807   3.604840    33.0130       1316     5.4792  0.000e+00
     31.317     9.9040   3.606200    33.0056       1317     5.4833  0.000e+00
     31.265     9.9264   3.606747    32.9907       1318     5.4875  0.000e+00
     31.216     9.9444   3.607346    32.9804       1319     5.4917  0.000e+00
     31.172     9.9589   3.607933    32.9731       1320     5.4958  0.000e+00
     31.133     9.9709   3.609271    32.9758       1321     5.5000  0.000e+00
     31.095     9.9835   3.611180    32.9837       1322     5.5042  0.000e+00
     31.053     9.9987   3.612914    32.9874       1323     5.5083  0.000e+00
     31.013    10.0154   3.614165    32.9849       1324     5.5125  0.000e+00
     30.975    10.0316   3.615236    32.9810       1325     5.5167  0.000e+00
     30.935    10.0464   3.616605    32.9814       1326     5.5208  0.000e+00
     30.890    10.0609   3.618014    32.9824       1327     5.5250  0.000e+00
     30.841    10.0758   3.619621    32.9852       1328     5.5292  0.000e+00
     30.789    10.0907   3.620874    32.9843       1329     5.5333  0.000e+00
     30.726    10.1056   3.622173    32.9839       1330     5.5375  0.000e+00
     30.660    10.1199   3.623472    32.9841       1331     5.5417  0.000e+00
     30.592    10.1338   3.624643    32.9833       1332     5.5458  0.000e+00
     30.532    10.1465   3.626427    32.9898       1333     5.5500  0.000e+00
     30.463    10.1602   3.628082    32.9941       1334     5.5542  0.000e+00
     30.414    10.1758   3.630292    33.0022       1335     5.5583  0.000e+00
     30.358    10.1931   3.631791    33.0017       1336     5.5625  0.000e+00
     30.311    10.2109   3.635356    33.0216       1337     5.5667  0.000e+00
     30.272    10.2321   3.636155    33.0103       1338     5.5708  0.000e+00
     30.239    10.2515   3.638653    33.0179       1339     5.5750  0.000e+00
     30.205    10.2714   3.641572    33.0292       1340     5.5792  0.000e+00
     30.163    10.2940   3.644550    33.0387       1341     5.5833  0.000e+00
     30.129    10.3199   3.648593    33.0560       1342     5.5875  0.000e+00
     30.091    10.3504   3.653374    33.0764       1343     5.5917  0.000e+00
     30.054    10.3862   3.657819    33.0885       1344     5.5958  0.000e+00
     30.016    10.4262   3.661066    33.0848       1345     5.6000  0.000e+00
     29.977    10.4636   3.663008    33.0703       1346     5.6042  0.000e+00
     29.940    10.4964   3.664454    33.0551       1347     5.6083  0.000e+00
     29.897    10.5220   3.666626    33.0537       1348     5.6125  0.000e+00
     29.857    10.5445   3.669109    33.0581       1349     5.6167  0.000e+00
     29.817    10.5669   3.670473    33.0515       1350     5.6208  0.000e+00
     29.781    10.5887   3.672605    33.0532       1351     5.6250  0.000e+00
     29.745    10.6073   3.674662    33.0569       1352     5.6292  0.000e+00
     29.703    10.6268   3.679146    33.0841       1353     5.6333  0.000e+00
     29.665    10.6519   3.679211    33.0620       1354     5.6375  0.000e+00
     29.627    10.6746   3.683885    33.0882       1355     5.6417  0.000e+00
     29.580    10.7003   3.685527    33.0813       1356     5.6458  0.000e+00
     29.537    10.7254   3.688544    33.0888       1357     5.6500  0.000e+00
     29.492    10.7515   3.693522    33.1148       1358     5.6542  0.000e+00
     29.443    10.7834   3.700754    33.1580       1359     5.6583  0.000e+00
     29.390    10.8269   3.709598    33.2068       1360     5.6625  0.000e+00
     29.329    10.8878   3.722956    33.2846       1361     5.6667  0.000e+00
     29.273    10.9705   3.734734    33.3265       1362     5.6708  0.000e+00
     29.208    11.0639   3.741815    33.3121       1363     5.6750  0.000e+00
     29.141    11.1507   3.749167    33.3062       1364     5.6792  0.000e+00
     29.070    11.2342   3.771036    33.4467       1365     5.6833  0.000e+00
     29.001    11.3507   3.786902    33.4976       1366     5.6875  0.000e+00
     28.931    11.4841   3.796332    33.4694       1367     5.6917  0.000e+00
     28.869    11.6070   3.803496    33.4286       1368     5.6958  0.000e+00
     28.813    11.7086   3.810831    33.4088       1369     5.7000  0.000e+00
     28.761    11.7961   3.818791    33.4077       1370     5.7042  0.000e+00
     28.707    11.8793   3.830203    33.4442       1371     5.7083  0.000e+00
     28.667    11.9669   3.835216    33.4142       1372     5.7125  0.000e+00
     28.625    12.0437   3.840774    33.3993       1373     5.7167  0.000e+00
     28.593    12.1102   3.851753    33.4461       1374     5.7208  0.000e+00
     28.564    12.1865   3.864933    33.5052       1375     5.7250  0.000e+00
     28.531    12.2803   3.873975    33.5085       1376     5.7292  0.000e+00
     28.491    12.3730   3.877597    33.4606       1377     5.7333  0.000e+00
     28.439    12.4460   3.880687    33.4252       1378     5.7375  0.000e+00
     28.401    12.5008   3.884277    33.4109       1379     5.7417  0.000e+00
     28.341    12.5457   3.890128    33.4271       1380     5.7458  0.000e+00
     28.274    12.5921   3.902473    33.5040       1381     5.7500  0.000e+00
     28.204    12.6613   3.921120    33.6207       1382     5.7542  0.000e+00
     28.115    12.7688   3.945707    33.7595       1383     5.7583  0.000e+00
     28.026    12.9231   3.967799    33.8321       1384     5.7625  0.000e+00
     27.932    13.1025   4.002203    33.9980       1385     5.7667  0.000e+00
     27.837    13.3240   4.017036    33.9402       1386     5.7708  0.000e+00
     27.750    13.5421   4.046754    34.0254       1387     5.7750  0.000e+00
     27.659    13.7533   4.056778    33.9315       1388     5.7792  0.000e+00
     27.567    13.9355   4.072220    33.9144       1389     5.7833  0.000e+00
     27.491    14.0914   4.081108    33.8595       1390     5.7875  0.000e+00
     27.414    14.2201   4.088070    33.8109       1391     5.7917  0.000e+00
     27.350    14.3232   4.092532    33.7619       1392     5.7958  0.000e+00
     27.305    14.4023   4.095551    33.7206       1393     5.8000  0.000e+00
     27.265    14.4620   4.098025    33.6914       1394     5.8042  0.000e+00
     27.242    14.5058   4.098515    33.6578       1395     5.8083  0.000e+00
     27.236    14.5360   4.099017    33.6362       1396     5.8125  0.000e+00
     27.222    14.5560   4.099856    33.6266       1397     5.8167  0.000e+00
     27.220    14.5695   4.100138    33.6175       1398     5.8208  0.000e+00
     27.218    14.5792   4.100101    33.6087       1399     5.8250  0.000e+00
     27.220    14.5852   4.100493    33.6071       1400     5.8292  0.000e+00
     27.207    14.5902   4.101008    33.6074       1401     5.8333  0.000e+00
     27.191    14.5949   4.102381    33.6160       1402     5.8375  0.000e+00
     27.149    14.6008   4.104570    33.6309       1403     5.8417  0.000e+00
     27.091    14.6120   4.109826    33.6693       1404     5.8458  0.000e+00
     27.021    14.6351   4.113286    33.6809       1405     5.8500  0.000e+00
     26.934    14.6634   4.118240    33.7017       1406     5.8542  0.000e+00
     26.838    14.6969   4.125887    33.7425       1407     5.8583  0.000e+00
     26.729    14.7439   4.136787    33.8013       1408     5.8625  0.000e+00
     26.623    14.8095   4.144423    33.8139       1409     5.8667  0.000e+00
     26.507    14.8785   4.150105    33.8058       1410     5.8708  0.000e+00
     26.397    14.9426   4.157357    33.8162       1411     5.8750  0.000e+00
     26.288    15.0074   4.170655    33.8808       1412     5.8792  0.000e+00
     26.189    15.0930   4.190573    33.9871       1413     5.8833  0.000e+00
     26.111    15.2148   4.209471    34.0523       1414     5.8875  0.000e+00
     26.039    15.3616   4.221652    34.0349       1415     5.8917  0.000e+00
     25.979    15.5028   4.229208    33.9807       1416     5.8958  0.000e+00
     25.928    15.6184   4.233274    33.9174       1417     5.9000  0.000e+00
     25.887    15.7049   4.234894    33.8576       1418     5.9042  0.000e+00
     25.854    15.7654   4.236813    33.8229       1419     5.9083  0.000e+00
     25.831    15.8076   4.238129    33.7985       1420     5.9125  0.000e+00
     25.807    15.8381   4.239372    33.7836       1421     5.9167  0.000e+00
     25.785    15.8609   4.241056    33.7791       1422     5.9208  0.000e+00
     25.758    15.8801   4.242572    33.7762       1423     5.9250  0.000e+00
     25.731    15.8973   4.243504    33.7698       1424     5.9292  0.000e+00
     25.693    15.9112   4.244897    33.7704       1425     5.9333  0.000e+00
     25.651    15.9241   4.246078    33.7699       1426     5.9375  0.000e+00
     25.597    15.9365   4.246414    33.7623       1427     5.9417  0.000e+00
     25.536    15.9465   4.246780    33.7571       1428     5.9458  0.000e+00
     25.469    15.9546   4.247781    33.7591       1429     5.9500  0.000e+00
     25.391    15.9627   4.251265    33.7832       1430     5.9542  0.000e+00
     25.304    15.9784   4.257488    33.8250       1431     5.9583  0.000e+00
     25.210    16.0091   4.268357    33.8953       1432     5.9625  0.000e+00
     25.125    16.0629   4.281427    33.9654       1433     5.9667  0.000e+00
     25.024    16.1402   4.302401    34.0851       1434     5.9708  0.000e+00
     24.928    16.2496   4.322898    34.1726       1435     5.9750  0.000e+00
     24.839    16.3891   4.346480    34.2610       1436     5.9792  0.000e+00
     24.758    16.5507   4.358158    34.2252       1437     5.9833  0.000e+00
     24.680    16.6968   4.368024    34.1868       1438     5.9875  0.000e+00
     24.610    16.8185   4.383047    34.2143       1439     5.9917  0.000e+00
     24.554    16.9388   4.409450    34.3421       1440     5.9958  0.000e+00
     24.498    17.0904   4.431709    34.4063       1441     6.0000  0.000e+00
     24.454    17.2603   4.446259    34.3877       1442     6.0042  0.000e+00
     24.409    17.4154   4.459324    34.3687       1443     6.0083  0.000e+00
     24.375    17.5535   4.473384    34.3727       1444     6.0125  0.000e+00
     24.338    17.6817   4.486572    34.3775       1445     6.0167  0.000e+00
