HB2304/sbe003.cnv
* Sea-Bird SBE 19plus V2 Data File:
* FileName = C:\cruise\data\sbe003.hex
* Software Version Seasave V 7.26.7.121
* Temperature SN = 7037
* Conductivity SN = 7037
* System UpLoad Time = Sep 11 2023 14:47:27
** Ship: Bigelow
** Cruise:  HB2304
** Program:  Fall Bottom Trawl
# nquan = 7
# nvalues = 1845                                  
# units = specified
# name 0 = depSM: Depth [salt water, m], lat = 40.00
# name 1 = tv290C: Temperature [ITS-90, deg C]
# name 2 = c0S/m: Conductivity [S/m]
# name 3 = sal00: Salinity, Practical [PSU]
# name 4 = scan: Scan Count
# name 5 = timeM: Time, Elapsed [minutes]
# name 6 = flag:  0.000e+00
# span 0 =     -0.040,     74.251                 
# span 1 =     9.8890,    25.6235                 
# span 2 =  -0.096912,   5.330335                 
# span 3 =     0.0000,    35.3102                 
# span 4 =         11,       1855                 
# span 5 =     0.0417,     7.7250                 
# span 6 = 0.0000e+00, 0.0000e+00                 
# interval = seconds: 0.25
# start_time = Sep 11 2023 14:47:27 [System UTC, header]
# bad_flag = -9.990e-29
*END*
[from data line 1436]
     15.034    24.2033   5.186348    34.7111       1447     6.0250  0.000e+00
     14.990    24.2056   5.186003    34.7068       1448     6.0292  0.000e+00
     14.958    24.2079   5.186673    34.7101       1449     6.0333  0.000e+00
     14.909    24.2115   5.191630    34.7446       1450     6.0375  0.000e+00
     14.858    24.2234   5.194563    34.7574       1451     6.0417  0.000e+00
     14.800    24.2386   5.195172    34.7502       1452     6.0458  0.000e+00
     14.746    24.2518   5.197293    34.7559       1453     6.0500  0.000e+00
     14.690    24.2640   5.196913    34.7436       1454     6.0542  0.000e+00
     14.630    24.2716   5.196737    34.7363       1455     6.0583  0.000e+00
     14.578    24.2750   5.194765    34.7189       1456     6.0625  0.000e+00
     14.529    24.2747   5.198573    34.7478       1457     6.0667  0.000e+00
     14.486    24.2797   5.198892    34.7463       1458     6.0708  0.000e+00
     14.444    24.2860   5.202145    34.7659       1459     6.0750  0.000e+00
     14.413    24.2965   5.202233    34.7584       1460     6.0792  0.000e+00
     14.381    24.3066   5.201684    34.7465       1461     6.0833  0.000e+00
     14.352    24.3095   5.203426    34.7572       1462     6.0875  0.000e+00
     14.328    24.3152   5.209489    34.7984       1463     6.0917  0.000e+00
     14.305    24.3316   5.205901    34.7587       1464     6.0958  0.000e+00
     14.276    24.3371   5.208790    34.7761       1465     6.1000  0.000e+00
     14.250    24.3455   5.212752    34.7993       1466     6.1042  0.000e+00
     14.212    24.3616   5.218534    34.8302       1467     6.1083  0.000e+00
     14.173    24.3833   5.221399    34.8349       1468     6.1125  0.000e+00
     14.131    24.4080   5.234980    34.9175       1469     6.1167  0.000e+00
     14.079    24.4549   5.248855    34.9850       1470     6.1208  0.000e+00
     14.021    24.5244   5.258896    35.0060       1471     6.1250  0.000e+00
     13.965    24.6042   5.276842    35.0780       1472     6.1292  0.000e+00
     13.900    24.6985   5.281084    35.0362       1473     6.1333  0.000e+00
     13.826    24.7835   5.285915    35.0061       1474     6.1375  0.000e+00
     13.757    24.8523   5.290509    34.9868       1475     6.1417  0.000e+00
     13.690    24.9127   5.290761    34.9419       1476     6.1458  0.000e+00
     13.616    24.9530   5.291231    34.9142       1477     6.1500  0.000e+00
     13.556    24.9798   5.291647    34.8967       1478     6.1542  0.000e+00
     13.491    24.9981   5.289776    34.8686       1479     6.1583  0.000e+00
     13.430    25.0076   5.288417    34.8512       1480     6.1625  0.000e+00
     13.375    25.0116   5.287993    34.8450       1481     6.1667  0.000e+00
     13.323    25.0127   5.287044    34.8371       1482     6.1708  0.000e+00
     13.270    25.0123   5.284757    34.8205       1483     6.1750  0.000e+00
     13.218    25.0092   5.284368    34.8200       1484     6.1792  0.000e+00
     13.171    25.0056   5.283815    34.8187       1485     6.1833  0.000e+00
     13.120    25.0031   5.282171    34.8085       1486     6.1875  0.000e+00
     13.071    24.9993   5.281079    34.8033       1487     6.1917  0.000e+00
     13.023    24.9957   5.281079    34.8061       1488     6.1958  0.000e+00
     12.974    24.9938   5.280956    34.8067       1489     6.2000  0.000e+00
     12.927    24.9939   5.280444    34.8028       1490     6.2042  0.000e+00
     12.885    24.9944   5.279591    34.7962       1491     6.2083  0.000e+00
     12.836    24.9966   5.279475    34.7936       1492     6.2125  0.000e+00
     12.787    25.0008   5.279564    34.7910       1493     6.2167  0.000e+00
     12.740    25.0061   5.279625    34.7875       1494     6.2208  0.000e+00
     12.693    25.0129   5.279727    34.7830       1495     6.2250  0.000e+00
     12.645    25.0219   5.280662    34.7830       1496     6.2292  0.000e+00
     12.587    25.0345   5.282293    34.7854       1497     6.2333  0.000e+00
     12.527    25.0509   5.283357    34.7807       1498     6.2375  0.000e+00
     12.466    25.0675   5.284544    34.7767       1499     6.2417  0.000e+00
     12.399    25.0838   5.286298    34.7772       1500     6.2458  0.000e+00
     12.337    25.1003   5.287930    34.7766       1501     6.2500  0.000e+00
     12.267    25.1159   5.289357    34.7752       1502     6.2542  0.000e+00
     12.202    25.1310   5.291023    34.7759       1503     6.2583  0.000e+00
     12.144    25.1455   5.292238    34.7738       1504     6.2625  0.000e+00
     12.084    25.1584   5.293194    34.7710       1505     6.2667  0.000e+00
     12.019    25.1699   5.294410    34.7711       1506     6.2708  0.000e+00
     11.968    25.1806   5.295988    34.7746       1507     6.2750  0.000e+00
     11.916    25.1920   5.297655    34.7781       1508     6.2792  0.000e+00
     11.863    25.2045   5.299267    34.7804       1509     6.2833  0.000e+00
     11.815    25.2179   5.300818    34.7817       1510     6.2875  0.000e+00
     11.766    25.2313   5.302390    34.7830       1511     6.2917  0.000e+00
     11.717    25.2446   5.304242    34.7864       1512     6.2958  0.000e+00
     11.670    25.2582   5.306177    34.7903       1513     6.3000  0.000e+00
     11.619    25.2730   5.307914    34.7918       1514     6.3042  0.000e+00
     11.578    25.2881   5.310034    34.7958       1515     6.3083  0.000e+00
     11.532    25.3036   5.312394    34.8013       1516     6.3125  0.000e+00
     11.489    25.3210   5.315199    34.8087       1517     6.3167  0.000e+00
     11.440    25.3399   5.317614    34.8120       1518     6.3208  0.000e+00
     11.391    25.3593   5.320229    34.8163       1519     6.3250  0.000e+00
     11.341    25.3797   5.323343    34.8237       1520     6.3292  0.000e+00
     11.288    25.4018   5.325425    34.8221       1521     6.3333  0.000e+00
     11.230    25.4224   5.326787    34.8163       1522     6.3375  0.000e+00
     11.167    25.4399   5.327657    34.8093       1523     6.3417  0.000e+00
     11.102    25.4541   5.329130    34.8093       1524     6.3458  0.000e+00
     11.035    25.4672   5.330335    34.8081       1525     6.3500  0.000e+00
     10.961    25.4802   5.329848    34.7946       1526     6.3542  0.000e+00
     10.896    25.4908   5.328225    34.7747       1527     6.3583  0.000e+00
     10.831    25.4954   5.325800    34.7533       1528     6.3625  0.000e+00
     10.768    25.4949   5.323670    34.7381       1529     6.3667  0.000e+00
     10.717    25.4918   5.323102    34.7363       1530     6.3708  0.000e+00
     10.661    25.4897   5.323369    34.7399       1531     6.3750  0.000e+00
     10.621    25.4904   5.323464    34.7400       1532     6.3792  0.000e+00
     10.576    25.4931   5.322588    34.7316       1533     6.3833  0.000e+00
     10.549    25.4950   5.322321    34.7282       1534     6.3875  0.000e+00
     10.516    25.4957   5.322074    34.7259       1535     6.3917  0.000e+00
     10.487    25.4960   5.322293    34.7272       1536     6.3958  0.000e+00
     10.460    25.4967   5.322382    34.7274       1537     6.4000  0.000e+00
     10.435    25.4974   5.322471    34.7275       1538     6.4042  0.000e+00
     10.400    25.4984   5.322595    34.7276       1539     6.4083  0.000e+00
     10.373    25.4993   5.322560    34.7267       1540     6.4125  0.000e+00
     10.333    25.5001   5.322738    34.7274       1541     6.4167  0.000e+00
     10.283    25.5008   5.322711    34.7267       1542     6.4208  0.000e+00
     10.229    25.5020   5.322560    34.7247       1543     6.4250  0.000e+00
     10.158    25.5027   5.320643    34.7101       1544     6.4292  0.000e+00
     10.088    25.5012   5.316454    34.6805       1545     6.4333  0.000e+00
     10.013    25.4958   5.315072    34.6746       1546     6.4375  0.000e+00
      9.936    25.4892   5.314901    34.6783       1547     6.4417  0.000e+00
      9.860    25.4843   5.312958    34.6678       1548     6.4458  0.000e+00
      9.787    25.4793   5.308710    34.6405       1549     6.4500  0.000e+00
      9.715    25.4710   5.305612    34.6241       1550     6.4542  0.000e+00
      9.655    25.4611   5.303609    34.6169       1551     6.4583  0.000e+00
      9.607    25.4511   5.302898    34.6193       1552     6.4625  0.000e+00
      9.563    25.4430   5.301941    34.6185       1553     6.4667  0.000e+00
      9.529    25.4366   5.300184    34.6105       1554     6.4708  0.000e+00
      9.504    25.4299   5.299317    34.6092       1555     6.4750  0.000e+00
      9.480    25.4243   5.298428    34.6070       1556     6.4792  0.000e+00
      9.468    25.4189   5.297772    34.6062       1557     6.4833  0.000e+00
      9.462    25.4147   5.297144    34.6048       1558     6.4875  0.000e+00
      9.451    25.4112   5.296946    34.6061       1559     6.4917  0.000e+00
      9.440    25.4085   5.296549    34.6052       1560     6.4958  0.000e+00
      9.429    25.4063   5.295866    34.6019       1561     6.5000  0.000e+00
      9.409    25.4040   5.295149    34.5984       1562     6.5042  0.000e+00
      9.393    25.4014   5.294561    34.5960       1563     6.5083  0.000e+00
      9.357    25.3985   5.293011    34.5868       1564     6.5125  0.000e+00
      9.317    25.3944   5.290422    34.5709       1565     6.5167  0.000e+00
      9.265    25.3879   5.286230    34.5451       1566     6.5208  0.000e+00
      9.205    25.3781   5.281896    34.5208       1567     6.5250  0.000e+00
      9.147    25.3645   5.276411    34.4907       1568     6.5292  0.000e+00
      9.077    25.3474   5.268862    34.4483       1569     6.5333  0.000e+00
      9.006    25.3268   5.266231    34.4445       1570     6.5375  0.000e+00
      8.937    25.3087   5.265230    34.4510       1571     6.5417  0.000e+00
      8.876    25.2967   5.265141    34.4595       1572     6.5458  0.000e+00
      8.822    25.2908   5.267622    34.4822       1573     6.5500  0.000e+00
      8.775    25.2951   5.270792    34.5023       1574     6.5542  0.000e+00
      8.730    25.3095   5.270288    34.4876       1575     6.5583  0.000e+00
      8.697    25.3229   5.270376    34.4782       1576     6.5625  0.000e+00
      8.663    25.3326   5.270314    34.4703       1577     6.5667  0.000e+00
      8.637    25.3393   5.270164    34.4641       1578     6.5708  0.000e+00
      8.614    25.3433   5.270341    34.4624       1579     6.5750  0.000e+00
      8.588    25.3463   5.270389    34.4605       1580     6.5792  0.000e+00
      8.560    25.3487   5.270403    34.4587       1581     6.5833  0.000e+00
      8.531    25.3502   5.270164    34.4559       1582     6.5875  0.000e+00
      8.500    25.3505   5.267478    34.4359       1583     6.5917  0.000e+00
      8.464    25.3480   5.266769    34.4327       1584     6.5958  0.000e+00
      8.422    25.3447   5.266176    34.4307       1585     6.6000  0.000e+00
      8.379    25.3415   5.262953    34.4095       1586     6.6042  0.000e+00
      8.335    25.3353   5.259921    34.3919       1587     6.6083  0.000e+00
      8.292    25.3276   5.258437    34.3869       1588     6.6125  0.000e+00
      8.245    25.3211   5.257905    34.3879       1589     6.6167  0.000e+00
      8.205    25.3176   5.256550    34.3806       1590     6.6208  0.000e+00
      8.164    25.3156   5.252867    34.3551       1591     6.6250  0.000e+00
      8.126    25.3120   5.251308    34.3463       1592     6.6292  0.000e+00
      8.091    25.3094   5.252281    34.3555       1593     6.6333  0.000e+00
      8.051    25.3123   5.254841    34.3721       1594     6.6375  0.000e+00
      8.015    25.3244   5.258559    34.3903       1595     6.6417  0.000e+00
      7.988    25.3429   5.259914    34.3863       1596     6.6458  0.000e+00
      7.956    25.3605   5.260861    34.3799       1597     6.6500  0.000e+00
      7.930    25.3743   5.261535    34.3744       1598     6.6542  0.000e+00
      7.905    25.3848   5.262455    34.3732       1599     6.6583  0.000e+00
      7.880    25.3936   5.262720    34.3685       1600     6.6625  0.000e+00
      7.852    25.4000   5.262904    34.3650       1601     6.6667  0.000e+00
      7.823    25.4044   5.262863    34.3614       1602     6.6708  0.000e+00
      7.789    25.4075   5.262986    34.3600       1603     6.6750  0.000e+00
      7.751    25.4096   5.263660    34.3633       1604     6.6792  0.000e+00
      7.711    25.4127   5.264696    34.3686       1605     6.6833  0.000e+00
      7.664    25.4174   5.264430    34.3631       1606     6.6875  0.000e+00
      7.617    25.4208   5.263190    34.3515       1607     6.6917  0.000e+00
      7.565    25.4203   5.263163    34.3517       1608     6.6958  0.000e+00
      7.512    25.4202   5.263394    34.3535       1609     6.7000  0.000e+00
      7.460    25.4205   5.263871    34.3568       1610     6.7042  0.000e+00
      7.409    25.4220   5.264137    34.3576       1611     6.7083  0.000e+00
      7.358    25.4249   5.264580    34.3586       1612     6.7125  0.000e+00
      7.319    25.4281   5.264075    34.3525       1613     6.7167  0.000e+00
      7.275    25.4312   5.263189    34.3437       1614     6.7208  0.000e+00
      7.234    25.4316   5.260682    34.3251       1615     6.7250  0.000e+00
      7.196    25.4295   5.259620    34.3189       1616     6.7292  0.000e+00
      7.152    25.4253   5.256282    34.2976       1617     6.7333  0.000e+00
      7.114    25.4198   5.252456    34.2736       1618     6.7375  0.000e+00
      7.071    25.4110   5.249155    34.2561       1619     6.7417  0.000e+00
      7.028    25.4004   5.248978    34.2628       1620     6.7458  0.000e+00
      6.979    25.3929   5.248685    34.2663       1621     6.7500  0.000e+00
      6.934    25.3881   5.246644    34.2549       1622     6.7542  0.000e+00
      6.885    25.3831   5.246392    34.2568       1623     6.7583  0.000e+00
      6.840    25.3787   5.243446    34.2386       1624     6.7625  0.000e+00
      6.791    25.3722   5.242100    34.2336       1625     6.7667  0.000e+00
      6.749    25.3630   5.242419    34.2429       1626     6.7708  0.000e+00
      6.701    25.3574   5.240923    34.2362       1627     6.7750  0.000e+00
      6.659    25.3488   5.208009    34.0010       1628     6.7792  0.000e+00
      6.621    25.3046   5.189257    33.8965       1629     6.7833  0.000e+00
      6.587    25.2345   5.188066    33.9402       1630     6.7875  0.000e+00
      6.549    25.1817   5.188067    33.9798       1631     6.7917  0.000e+00
      6.513    25.1496   5.189639    34.0154       1632     6.7958  0.000e+00
      6.473    25.1333   5.189781    34.0287       1633     6.8000  0.000e+00
      6.427    25.1253   5.192017    34.0512       1634     6.8042  0.000e+00
      6.386    25.1292   5.197098    34.0858       1635     6.8083  0.000e+00
      6.339    25.1518   5.198961    34.0825       1636     6.8125  0.000e+00
      6.295    25.1800   5.176629    33.8969       1637     6.8167  0.000e+00
      6.248    25.1907   5.150545    33.6972       1638     6.8208  0.000e+00
      6.205    25.1735   5.133769    33.5867       1639     6.8250  0.000e+00
      6.156    25.1422   5.133655    33.6091       1640     6.8292  0.000e+00
      6.116    25.1188   5.133110    33.6224       1641     6.8333  0.000e+00
      6.076    25.1031   5.132315    33.6283       1642     6.8375  0.000e+00
      6.037    25.0920   5.129114    33.6130       1643     6.8417  0.000e+00
      5.995    25.0817   5.119489    33.5498       1644     6.8458  0.000e+00
      5.961    25.0652   5.115929    33.5358       1645     6.8500  0.000e+00
      5.921    25.0483   5.114590    33.5385       1646     6.8542  0.000e+00
      5.890    25.0348   5.109645    33.5121       1647     6.8583  0.000e+00
      5.852    25.0214   5.105515    33.4917       1648     6.8625  0.000e+00
      5.812    25.0079   5.103666    33.4880       1649     6.8667  0.000e+00
      5.784    24.9967   5.101596    33.4811       1650     6.8708  0.000e+00
      5.744    24.9861   5.100090    33.4779       1651     6.8750  0.000e+00
