HB2304/sbe037.cnv
* Sea-Bird SBE 19plus V2 Data File:
* FileName = C:\cruise\data\sbe037.hex
* Software Version Seasave V 7.26.7.121
* Temperature SN = 7037
* Conductivity SN = 7037
* System UpLoad Time = Sep 25 2023 14:19:34
** Ship: Bigelow
** Cruise:  HB2304
** Program:  Fall Bottom Trawl
# nquan = 7
# nvalues = 1359                                  
# units = specified
# name 0 = depSM: Depth [salt water, m], lat = 40.00
# name 1 = tv290C: Temperature [ITS-90, deg C]
# name 2 = c0S/m: Conductivity [S/m]
# name 3 = sal00: Salinity, Practical [PSU]
# name 4 = scan: Scan Count
# name 5 = timeM: Time, Elapsed [minutes]
# name 6 = flag:  0.000e+00
# span 0 =     -0.053,     29.346                 
# span 1 =    19.4877,    22.2485                 
# span 2 =  -0.000111,   4.501592                 
# span 3 =     0.0000,    32.7270                 
# span 4 =         11,       1369                 
# span 5 =     0.0417,     5.7000                 
# span 6 = 0.0000e+00, 0.0000e+00                 
# interval = seconds: 0.25
# start_time = Sep 25 2023 14:19:34 [System UTC, header]
# bad_flag = -9.990e-29
*END*
     -0.017    22.2425   0.000041     0.0109         11     0.0417  0.000e+00
     -0.019    22.2425   0.000044     0.0109         12     0.0458  0.000e+00
     -0.011    22.2426   0.000036     0.0109         13     0.0500  0.000e+00
     -0.019    22.2425   0.000036     0.0109         14     0.0542  0.000e+00
     -0.015    22.2426   0.000036     0.0109         15     0.0583  0.000e+00
     -0.021    22.2427   0.000041     0.0109         16     0.0625  0.000e+00
     -0.019    22.2426   0.000036     0.0109         17     0.0667  0.000e+00
     -0.022    22.2427   0.000039     0.0109         18     0.0708  0.000e+00
     -0.024    22.2425   0.000031     0.0109         19     0.0750  0.000e+00
     -0.022    22.2424   0.000041     0.0109         20     0.0792  0.000e+00
     -0.024    22.2425   0.000036     0.0109         21     0.0833  0.000e+00
     -0.030    22.2425   0.000036     0.0109         22     0.0875  0.000e+00
     -0.028    22.2425   0.000036     0.0109         23     0.0917  0.000e+00
     -0.028    22.2427   0.000036     0.0109         24     0.0958  0.000e+00
     -0.024    22.2425   0.000039     0.0109         25     0.1000  0.000e+00
     -0.024    22.2426   0.000036     0.0109         26     0.1042  0.000e+00
     -0.026    22.2424   0.000036     0.0109         27     0.1083  0.000e+00
     -0.022    22.2425   0.000041     0.0109         28     0.1125  0.000e+00
     -0.020    22.2422   0.000036     0.0109         29     0.1167  0.000e+00
     -0.020    22.2423   0.000036     0.0109         30     0.1208  0.000e+00
     -0.019    22.2423   0.000039     0.0109         31     0.1250  0.000e+00
     -0.013    22.2424   0.000036     0.0109         32     0.1292  0.000e+00
     -0.013    22.2421   0.000036     0.0109         33     0.1333  0.000e+00
     -0.013    22.2423   0.000036     0.0109         34     0.1375  0.000e+00
     -0.015    22.2419   0.000041     0.0109         35     0.1417  0.000e+00
     -0.017    22.2419   0.000036     0.0109         36     0.1458  0.000e+00
     -0.011    22.2418   0.000041     0.0109         37     0.1500  0.000e+00
     -0.013    22.2417   0.000039     0.0109         38     0.1542  0.000e+00
     -0.020    22.2417   0.000036     0.0109         39     0.1583  0.000e+00
     -0.019    22.2414   0.000036     0.0109         40     0.1625  0.000e+00
     -0.022    22.2415   0.000041     0.0109         41     0.1667  0.000e+00
     -0.020    22.2414   0.000031     0.0109         42     0.1708  0.000e+00
     -0.020    22.2413   0.000036     0.0109         43     0.1750  0.000e+00
     -0.022    22.2412   0.000036     0.0109         44     0.1792  0.000e+00
     -0.026    22.2409   0.000039     0.0109         45     0.1833  0.000e+00
     -0.028    22.2410   0.000036     0.0109         46     0.1875  0.000e+00
     -0.028    22.2409   0.000036     0.0109         47     0.1917  0.000e+00
     -0.028    22.2407   0.000036     0.0109         48     0.1958  0.000e+00
     -0.022    22.2408   0.000031     0.0109         49     0.2000  0.000e+00
     -0.024    22.2405   0.000041     0.0109         50     0.2042  0.000e+00
     -0.024    22.2406   0.000039     0.0109         51     0.2083  0.000e+00
     -0.026    22.2407   0.000036     0.0109         52     0.2125  0.000e+00
     -0.024    22.2407   0.000036     0.0109         53     0.2167  0.000e+00
     -0.024    22.2408   0.000036     0.0109         54     0.2208  0.000e+00
     -0.021    22.2407   0.000036     0.0109         55     0.2250  0.000e+00
     -0.022    22.2407   0.000041     0.0109         56     0.2292  0.000e+00
     -0.019    22.2408   0.000036     0.0109         57     0.2333  0.000e+00
     -0.017    22.2407   0.000039     0.0109         58     0.2375  0.000e+00
     -0.022    22.2409   0.000036     0.0109         59     0.2417  0.000e+00
     -0.022    22.2408   0.000036     0.0109         60     0.2458  0.000e+00
     -0.017    22.2408   0.000036     0.0109         61     0.2500  0.000e+00
     -0.021    22.2407   0.000036     0.0109         62     0.2542  0.000e+00
     -0.021    22.2406   0.000041     0.0109         63     0.2583  0.000e+00
     -0.022    22.2406   0.000033     0.0109         64     0.2625  0.000e+00
     -0.022    22.2407   0.000036     0.0109         65     0.2667  0.000e+00
     -0.026    22.2405   0.000036     0.0109         66     0.2708  0.000e+00
     -0.019    22.2403   0.000036     0.0109         67     0.2750  0.000e+00
     -0.026    22.2404   0.000036     0.0109         68     0.2792  0.000e+00
     -0.026    22.2403   0.000041     0.0109         69     0.2833  0.000e+00
     -0.026    22.2402   0.000036     0.0109         70     0.2875  0.000e+00
     -0.022    22.2402   0.000033     0.0109         71     0.2917  0.000e+00
     -0.026    22.2402   0.000036     0.0109         72     0.2958  0.000e+00
     -0.024    22.2402   0.000036     0.0109         73     0.3000  0.000e+00
     -0.022    22.2402   0.000031     0.0109         74     0.3042  0.000e+00
     -0.021    22.2400   0.000041     0.0109         75     0.3083  0.000e+00
     -0.021    22.2399   0.000036     0.0109         76     0.3125  0.000e+00
     -0.021    22.2400   0.000036     0.0109         77     0.3167  0.000e+00
     -0.017    22.2400   0.000039     0.0109         78     0.3208  0.000e+00
     -0.019    22.2397   0.000036     0.0109         79     0.3250  0.000e+00
     -0.019    22.2398   0.000041     0.0109         80     0.3292  0.000e+00
     -0.022    22.2397   0.000036     0.0109         81     0.3333  0.000e+00
     -0.020    22.2393   0.000036     0.0109         82     0.3375  0.000e+00
     -0.022    22.2393   0.000031     0.0109         83     0.3417  0.000e+00
     -0.017    22.2394   0.000039     0.0109         84     0.3458  0.000e+00
     -0.022    22.2391   0.000036     0.0109         85     0.3500  0.000e+00
     -0.024    22.2391   0.000036     0.0109         86     0.3542  0.000e+00
     -0.022    22.2393   0.000036     0.0109         87     0.3583  0.000e+00
     -0.022    22.2390   0.000036     0.0109         88     0.3625  0.000e+00
     -0.022    22.2390   0.000036     0.0109         89     0.3667  0.000e+00
     -0.022    22.2387   0.000036     0.0109         90     0.3708  0.000e+00
     -0.022    22.2387   0.000039     0.0109         91     0.3750  0.000e+00
     -0.024    22.2387   0.000041     0.0109         92     0.3792  0.000e+00
     -0.024    22.2385   0.000036     0.0109         93     0.3833  0.000e+00
     -0.026    22.2385   0.000036     0.0109         94     0.3875  0.000e+00
     -0.026    22.2385   0.000036     0.0109         95     0.3917  0.000e+00
     -0.022    22.2384   0.000041     0.0109         96     0.3958  0.000e+00
     -0.022    22.2384   0.000033     0.0109         97     0.4000  0.000e+00
     -0.022    22.2383   0.000041     0.0109         98     0.4042  0.000e+00
     -0.019    22.2384   0.000036     0.0109         99     0.4083  0.000e+00
     -0.021    22.2382   0.000036     0.0109        100     0.4125  0.000e+00
     -0.021    22.2382   0.000036     0.0109        101     0.4167  0.000e+00
     -0.015    22.2381   0.000041     0.0109        102     0.4208  0.000e+00
     -0.013    22.2382   0.000041     0.0109        103     0.4250  0.000e+00
     -0.015    22.2383   0.000039     0.0109        104     0.4292  0.000e+00
     -0.020    22.2383   0.000041     0.0109        105     0.4333  0.000e+00
     -0.019    22.2383   0.000041     0.0109        106     0.4375  0.000e+00
     -0.019    22.2383   0.000036     0.0109        107     0.4417  0.000e+00
     -0.019    22.2384   0.000036     0.0109        108     0.4458  0.000e+00
     -0.017    22.2384   0.000041     0.0109        109     0.4500  0.000e+00
     -0.017    22.2383   0.000033     0.0109        110     0.4542  0.000e+00
     -0.022    22.2382   0.000036     0.0109        111     0.4583  0.000e+00
     -0.020    22.2382   0.000041     0.0109        112     0.4625  0.000e+00
     -0.017    22.2383   0.000036     0.0109        113     0.4667  0.000e+00
     -0.019    22.2383   0.000036     0.0109        114     0.4708  0.000e+00
     -0.019    22.2384   0.000036     0.0109        115     0.4750  0.000e+00
     -0.020    22.2382   0.000031     0.0109        116     0.4792  0.000e+00
     -0.019    22.2382   0.000039     0.0109        117     0.4833  0.000e+00
     -0.026    22.2380   0.000036     0.0109        118     0.4875  0.000e+00
     -0.020    22.2379   0.000031     0.0109        119     0.4917  0.000e+00
     -0.024    22.2380   0.000041     0.0109        120     0.4958  0.000e+00
     -0.020    22.2380   0.000036     0.0109        121     0.5000  0.000e+00
     -0.022    22.2379   0.000036     0.0109        122     0.5042  0.000e+00
     -0.028    22.2380   0.000036     0.0109        123     0.5083  0.000e+00
     -0.022    22.2379   0.000033     0.0109        124     0.5125  0.000e+00
     -0.020    22.2380   0.000036     0.0109        125     0.5167  0.000e+00
     -0.020    22.2379   0.000036     0.0109        126     0.5208  0.000e+00
     -0.024    22.2380   0.000036     0.0109        127     0.5250  0.000e+00
     -0.022    22.2379   0.000036     0.0109        128     0.5292  0.000e+00
     -0.024    22.2378   0.000036     0.0109        129     0.5333  0.000e+00
     -0.020    22.2379   0.000033     0.0109        130     0.5375  0.000e+00
     -0.020    22.2377   0.000036     0.0109        131     0.5417  0.000e+00
     -0.022    22.2379   0.000031     0.0109        132     0.5458  0.000e+00
     -0.020    22.2378   0.000036     0.0109        133     0.5500  0.000e+00
     -0.020    22.2376   0.000036     0.0109        134     0.5542  0.000e+00
     -0.026    22.2375   0.000031     0.0109        135     0.5583  0.000e+00
     -0.022    22.2375   0.000041     0.0109        136     0.5625  0.000e+00
     -0.022    22.2372   0.000033     0.0109        137     0.5667  0.000e+00
     -0.024    22.2371   0.000036     0.0109        138     0.5708  0.000e+00
     -0.028    22.2371   0.000036     0.0109        139     0.5750  0.000e+00
     -0.029    22.2373   0.000036     0.0109        140     0.5792  0.000e+00
     -0.020    22.2371   0.000036     0.0109        141     0.5833  0.000e+00
     -0.019    22.2370   0.000036     0.0109        142     0.5875  0.000e+00
     -0.019    22.2368   0.000039     0.0109        143     0.5917  0.000e+00
     -0.019    22.2371   0.000036     0.0109        144     0.5958  0.000e+00
     -0.020    22.2371   0.000036     0.0109        145     0.6000  0.000e+00
     -0.017    22.2372   0.000041     0.0109        146     0.6042  0.000e+00
     -0.015    22.2371   0.000036     0.0109        147     0.6083  0.000e+00
     -0.020    22.2373   0.000041     0.0109        148     0.6125  0.000e+00
     -0.022    22.2371   0.000036     0.0109        149     0.6167  0.000e+00
     -0.022    22.2373   0.000039     0.0109        150     0.6208  0.000e+00
     -0.019    22.2370   0.000036     0.0109        151     0.6250  0.000e+00
     -0.024    22.2370   0.000041     0.0109        152     0.6292  0.000e+00
     -0.020    22.2368   0.000036     0.0109        153     0.6333  0.000e+00
     -0.019    22.2368   0.000036     0.0109        154     0.6375  0.000e+00
     -0.022    22.2368   0.000036     0.0109        155     0.6417  0.000e+00
     -0.019    22.2367   0.000039     0.0109        156     0.6458  0.000e+00
     -0.024    22.2366   0.000041     0.0109        157     0.6500  0.000e+00
     -0.022    22.2367   0.000036     0.0109        158     0.6542  0.000e+00
     -0.021    22.2366   0.000036     0.0109        159     0.6583  0.000e+00
     -0.022    22.2366   0.000036     0.0109        160     0.6625  0.000e+00
     -0.022    22.2365   0.000036     0.0109        161     0.6667  0.000e+00
     -0.017    22.2365   0.000036     0.0109        162     0.6708  0.000e+00
     -0.019    22.2365   0.000039     0.0109        163     0.6750  0.000e+00
     -0.019    22.2365   0.000036     0.0109        164     0.6792  0.000e+00
     -0.022    22.2368   0.000036     0.0109        165     0.6833  0.000e+00
     -0.017    22.2369   0.000036     0.0109        166     0.6875  0.000e+00
     -0.021    22.2369   0.000036     0.0109        167     0.6917  0.000e+00
     -0.017    22.2371   0.000036     0.0109        168     0.6958  0.000e+00
     -0.012    22.2373   0.000041     0.0109        169     0.7000  0.000e+00
     -0.015    22.2374   0.000033     0.0109        170     0.7042  0.000e+00
     -0.013    22.2376   0.000036     0.0109        171     0.7083  0.000e+00
     -0.021    22.2378   0.000036     0.0109        172     0.7125  0.000e+00
     -0.015    22.2379   0.000031     0.0109        173     0.7167  0.000e+00
     -0.012    22.2380   0.000041     0.0109        174     0.7208  0.000e+00
     -0.012    22.2380   0.000041     0.0109        175     0.7250  0.000e+00
     -0.031    22.2382   0.000039     0.0109        176     0.7292  0.000e+00
     -0.028    22.2385   0.000036     0.0109        177     0.7333  0.000e+00
     -0.019    22.2384   0.000036     0.0109        178     0.7375  0.000e+00
     -0.008    22.2385   0.000041     0.0109        179     0.7417  0.000e+00
     -0.022    22.2387   0.000041     0.0109        180     0.7458  0.000e+00
     -0.019    22.2387   0.000036     0.0109        181     0.7500  0.000e+00
     -0.022    22.2387   0.000036     0.0109        182     0.7542  0.000e+00
     -0.011    22.2390   0.000039     0.0109        183     0.7583  0.000e+00
     -0.008    22.2389   0.000036     0.0109        184     0.7625  0.000e+00
     -0.004    22.2389   0.000031     0.0109        185     0.7667  0.000e+00
     -0.020    22.2389   0.000031     0.0109        186     0.7708  0.000e+00
     -0.019    22.2388   0.000041     0.0109        187     0.7750  0.000e+00
     -0.021    22.2391   0.000036     0.0109        188     0.7792  0.000e+00
     -0.017    22.2390   0.000039     0.0109        189     0.7833  0.000e+00
     -0.022    22.2390   0.000036     0.0109        190     0.7875  0.000e+00
     -0.030    22.2392   0.000041     0.0109        191     0.7917  0.000e+00
     -0.026    22.2389   0.000041     0.0109        192     0.7958  0.000e+00
     -0.021    22.2388   0.000036     0.0109        193     0.8000  0.000e+00
     -0.021    22.2389   0.000041     0.0109        194     0.8042  0.000e+00
     -0.022    22.2388   0.000041     0.0109        195     0.8083  0.000e+00
     -0.026    22.2388   0.000039     0.0109        196     0.8125  0.000e+00
     -0.022    22.2390   0.000041     0.0109        197     0.8167  0.000e+00
     -0.017    22.2391   0.000036     0.0109        198     0.8208  0.000e+00
     -0.015    22.2390   0.000036     0.0109        199     0.8250  0.000e+00
     -0.021    22.2391   0.000041     0.0109        200     0.8292  0.000e+00
     -0.017    22.2390   0.000036     0.0109        201     0.8333  0.000e+00
     -0.017    22.2390   0.000039     0.0109        202     0.8375  0.000e+00
     -0.012    22.2391   0.000036     0.0109        203     0.8417  0.000e+00
     -0.011    22.2391   0.000036     0.0109        204     0.8458  0.000e+00
     -0.012    22.2391   0.000041     0.0109        205     0.8500  0.000e+00
     -0.008    22.2389   0.000036     0.0109        206     0.8542  0.000e+00
     -0.011    22.2388   0.000036     0.0109        207     0.8583  0.000e+00
     -0.011    22.2388   0.000036     0.0109        208     0.8625  0.000e+00
     -0.015    22.2387   0.000039     0.0109        209     0.8667  0.000e+00
     -0.017    22.2387   0.000041     0.0109        210     0.8708  0.000e+00
     -0.015    22.2386   0.000041     0.0109        211     0.8750  0.000e+00
     -0.017    22.2387   0.000036     0.0109        212     0.8792  0.000e+00
     -0.015    22.2387   0.000041     0.0109        213     0.8833  0.000e+00
     -0.024    22.2383   0.000036     0.0109        214     0.8875  0.000e+00
     -0.021    22.2382   0.000041     0.0109        215     0.8917  0.000e+00
