HB2304/sbe006.cnv
* Sea-Bird SBE 19plus V2 Data File:
* FileName = C:\cruise\data\sbe006.hex
* Software Version Seasave V 7.26.7.121
* Temperature SN = 7037
* Conductivity SN = 7037
* System UpLoad Time = Sep 12 2023 01:35:44
** Ship: Bigelow
** Cruise:  HB2304
** Program:  Fall Bottom Trawl
# nquan = 7
# nvalues = 2578                                  
# units = specified
# name 0 = depSM: Depth [salt water, m], lat = 40.00
# name 1 = tv290C: Temperature [ITS-90, deg C]
# name 2 = c0S/m: Conductivity [S/m]
# name 3 = sal00: Salinity, Practical [PSU]
# name 4 = scan: Scan Count
# name 5 = timeM: Time, Elapsed [minutes]
# name 6 = flag:  0.000e+00
# span 0 =     -0.038,    129.376                 
# span 1 =    12.1466,    25.5579                 
# span 2 =  -0.000063,   5.126579                 
# span 3 =     0.0000,    35.4362                 
# span 4 =         11,       2588                 
# span 5 =     0.0417,    10.7792                 
# span 6 = 0.0000e+00, 0.0000e+00                 
# interval = seconds: 0.25
# start_time = Sep 12 2023 01:35:44 [System UTC, header]
# bad_flag = -9.990e-29
*END*
[from data line 1026]
    128.862    13.8110   4.226623    35.4265       1037     4.3167  0.000e+00
    128.835    13.8109   4.226548    35.4259       1038     4.3208  0.000e+00
    128.806    13.8103   4.226499    35.4259       1039     4.3250  0.000e+00
    128.770    13.8097   4.226524    35.4267       1040     4.3292  0.000e+00
    128.734    13.8098   4.226449    35.4260       1041     4.3333  0.000e+00
    128.692    13.8097   4.226331    35.4250       1042     4.3375  0.000e+00
    128.654    13.8087   4.226039    35.4232       1043     4.3417  0.000e+00
    128.618    13.8077   4.225965    35.4234       1044     4.3458  0.000e+00
    128.587    13.8071   4.226294    35.4271       1045     4.3500  0.000e+00
    128.569    13.8070   4.226381    35.4280       1046     4.3542  0.000e+00
    128.547    13.8068   4.226406    35.4284       1047     4.3583  0.000e+00
    128.527    13.8065   4.226375    35.4284       1048     4.3625  0.000e+00
    128.524    13.8065   4.226381    35.4285       1049     4.3667  0.000e+00
    128.518    13.8066   4.226381    35.4284       1050     4.3708  0.000e+00
    128.520    13.8058   4.226406    35.4294       1051     4.3750  0.000e+00
    128.526    13.8054   4.226344    35.4292       1052     4.3792  0.000e+00
    128.538    13.8042   4.226331    35.4302       1053     4.3833  0.000e+00
    128.553    13.8021   4.226306    35.4319       1054     4.3875  0.000e+00
    128.567    13.8003   4.226257    35.4330       1055     4.3917  0.000e+00
    128.589    13.7992   4.226375    35.4352       1056     4.3958  0.000e+00
    128.603    13.7989   4.226331    35.4350       1057     4.4000  0.000e+00
    128.616    13.7989   4.226356    35.4353       1058     4.4042  0.000e+00
    128.623    13.7991   4.226319    35.4347       1059     4.4083  0.000e+00
    128.634    13.7996   4.226331    35.4344       1060     4.4125  0.000e+00
    128.636    13.7999   4.226356    35.4344       1061     4.4167  0.000e+00
    128.632    13.8008   4.226406    35.4339       1062     4.4208  0.000e+00
    128.630    13.8007   4.226400    35.4339       1063     4.4250  0.000e+00
    128.619    13.8000   4.226381    35.4345       1064     4.4292  0.000e+00
    128.614    13.7997   4.226381    35.4347       1065     4.4333  0.000e+00
    128.607    13.7996   4.226400    35.4350       1066     4.4375  0.000e+00
    128.596    13.7999   4.226431    35.4351       1067     4.4417  0.000e+00
    128.585    13.8005   4.226381    35.4340       1068     4.4458  0.000e+00
    128.576    13.8016   4.226431    35.4334       1069     4.4500  0.000e+00
    128.567    13.8037   4.226424    35.4314       1070     4.4542  0.000e+00
    128.556    13.8048   4.226406    35.4302       1071     4.4583  0.000e+00
    128.545    13.8052   4.226449    35.4303       1072     4.4625  0.000e+00
    128.534    13.8056   4.226319    35.4288       1073     4.4667  0.000e+00
    128.523    13.8063   4.226331    35.4282       1074     4.4708  0.000e+00
    128.516    13.8074   4.226306    35.4270       1075     4.4750  0.000e+00
    128.503    13.8078   4.226381    35.4273       1076     4.4792  0.000e+00
    128.496    13.8086   4.226375    35.4265       1077     4.4833  0.000e+00
    128.482    13.8088   4.226281    35.4254       1078     4.4875  0.000e+00
    128.472    13.8088   4.226281    35.4255       1079     4.4917  0.000e+00
    128.462    13.8082   4.226244    35.4257       1080     4.4958  0.000e+00
    128.456    13.8080   4.226281    35.4262       1081     4.5000  0.000e+00
    128.451    13.8080   4.226306    35.4265       1082     4.5042  0.000e+00
    128.449    13.8083   4.226207    35.4253       1083     4.5083  0.000e+00
    128.442    13.8082   4.226244    35.4257       1084     4.5125  0.000e+00
    128.442    13.8082   4.226157    35.4249       1085     4.5167  0.000e+00
    128.443    13.8082   4.226139    35.4247       1086     4.5208  0.000e+00
    128.443    13.8080   4.226095    35.4245       1087     4.5250  0.000e+00
    128.445    13.8080   4.226114    35.4247       1088     4.5292  0.000e+00
    128.449    13.8082   4.226064    35.4240       1089     4.5333  0.000e+00
    128.443    13.8082   4.225965    35.4231       1090     4.5375  0.000e+00
    128.449    13.8080   4.225890    35.4225       1091     4.5417  0.000e+00
    128.451    13.8077   4.226089    35.4246       1092     4.5458  0.000e+00
    128.454    13.8078   4.226114    35.4248       1093     4.5500  0.000e+00
    128.456    13.8081   4.226306    35.4263       1094     4.5542  0.000e+00
    128.458    13.8086   4.226344    35.4262       1095     4.5583  0.000e+00
    128.460    13.8089   4.226331    35.4258       1096     4.5625  0.000e+00
    128.458    13.8091   4.226406    35.4264       1097     4.5667  0.000e+00
    128.459    13.8091   4.226399    35.4263       1098     4.5708  0.000e+00
    128.456    13.8094   4.226430    35.4263       1099     4.5750  0.000e+00
    128.445    13.8094   4.226232    35.4244       1100     4.5792  0.000e+00
    128.438    13.8093   4.225574    35.4184       1101     4.5833  0.000e+00
    128.425    13.8083   4.224724    35.4114       1102     4.5875  0.000e+00
    128.414    13.8057   4.223849    35.4056       1103     4.5917  0.000e+00
    128.400    13.8023   4.224023    35.4103       1104     4.5958  0.000e+00
    128.380    13.7999   4.222720    35.4003       1105     4.6000  0.000e+00
    128.362    13.7967   4.223123    35.4070       1106     4.6042  0.000e+00
    128.343    13.7948   4.224873    35.4252       1107     4.6083  0.000e+00
    128.322    13.7959   4.225090    35.4263       1108     4.6125  0.000e+00
    128.300    13.7978   4.225127    35.4249       1109     4.6167  0.000e+00
    128.282    13.7989   4.225239    35.4249       1110     4.6208  0.000e+00
    128.266    13.7999   4.225140    35.4230       1111     4.6250  0.000e+00
    128.247    13.8002   4.225233    35.4236       1112     4.6292  0.000e+00
    128.226    13.8007   4.225382    35.4246       1113     4.6333  0.000e+00
    128.213    13.8011   4.225574    35.4260       1114     4.6375  0.000e+00
    128.197    13.8016   4.225332    35.4233       1115     4.6417  0.000e+00
    128.184    13.8016   4.225202    35.4221       1116     4.6458  0.000e+00
    128.171    13.8013   4.225282    35.4231       1117     4.6500  0.000e+00
    128.161    13.8010   4.225530    35.4257       1118     4.6542  0.000e+00
    128.148    13.8015   4.225611    35.4261       1119     4.6583  0.000e+00
    128.141    13.8026   4.225723    35.4261       1120     4.6625  0.000e+00
    128.135    13.8031   4.225940    35.4276       1121     4.6667  0.000e+00
    128.132    13.8042   4.225915    35.4264       1122     4.6708  0.000e+00
    128.133    13.8048   4.226120    35.4277       1123     4.6750  0.000e+00
    128.139    13.8056   4.225940    35.4254       1124     4.6792  0.000e+00
    128.150    13.8060   4.225822    35.4238       1125     4.6833  0.000e+00
    128.173    13.8059   4.225890    35.4246       1126     4.6875  0.000e+00
    128.193    13.8058   4.225797    35.4238       1127     4.6917  0.000e+00
    128.220    13.8058   4.225723    35.4231       1128     4.6958  0.000e+00
    128.256    13.8056   4.225748    35.4235       1129     4.7000  0.000e+00
    128.290    13.8054   4.225785    35.4240       1130     4.7042  0.000e+00
    128.319    13.8055   4.225866    35.4247       1131     4.7083  0.000e+00
    128.350    13.8057   4.225748    35.4233       1132     4.7125  0.000e+00
    128.375    13.8057   4.225890    35.4247       1133     4.7167  0.000e+00
    128.399    13.8061   4.226089    35.4262       1134     4.7208  0.000e+00
    128.411    13.8067   4.226139    35.4261       1135     4.7250  0.000e+00
    128.424    13.8070   4.226232    35.4267       1136     4.7292  0.000e+00
    128.415    13.8073   4.226244    35.4265       1137     4.7333  0.000e+00
    128.408    13.8074   4.225866    35.4229       1138     4.7375  0.000e+00
    128.390    13.8068   4.225673    35.4216       1139     4.7417  0.000e+00
    128.366    13.8060   4.225816    35.4237       1140     4.7458  0.000e+00
    128.337    13.8057   4.225866    35.4245       1141     4.7500  0.000e+00
    128.303    13.8054   4.225866    35.4248       1142     4.7542  0.000e+00
    128.267    13.8053   4.225698    35.4233       1143     4.7583  0.000e+00
    128.227    13.8050   4.225735    35.4240       1144     4.7625  0.000e+00
    128.180    13.8048   4.225723    35.4241       1145     4.7667  0.000e+00
    128.136    13.8045   4.226015    35.4271       1146     4.7708  0.000e+00
    128.093    13.8046   4.226120    35.4280       1147     4.7750  0.000e+00
    128.055    13.8051   4.226114    35.4274       1148     4.7792  0.000e+00
    128.017    13.8056   4.226114    35.4271       1149     4.7833  0.000e+00
    127.977    13.8059   4.226114    35.4267       1150     4.7875  0.000e+00
    127.943    13.8062   4.225990    35.4254       1151     4.7917  0.000e+00
    127.910    13.8057   4.225940    35.4254       1152     4.7958  0.000e+00
    127.887    13.8053   4.225915    35.4255       1153     4.8000  0.000e+00
    127.868    13.8051   4.225890    35.4255       1154     4.8042  0.000e+00
    127.852    13.8049   4.225841    35.4252       1155     4.8083  0.000e+00
    127.832    13.8045   4.225772    35.4249       1156     4.8125  0.000e+00
    127.827    13.8040   4.225772    35.4254       1157     4.8167  0.000e+00
    127.818    13.8038   4.225661    35.4245       1158     4.8208  0.000e+00
    127.809    13.8036   4.225431    35.4226       1159     4.8250  0.000e+00
    127.803    13.8030   4.225456    35.4234       1160     4.8292  0.000e+00
    127.801    13.8024   4.225152    35.4211       1161     4.8333  0.000e+00
    127.790    13.8017   4.225090    35.4211       1162     4.8375  0.000e+00
    127.787    13.8009   4.225015    35.4212       1163     4.8417  0.000e+00
    127.789    13.8004   4.225090    35.4223       1164     4.8458  0.000e+00
    127.790    13.8001   4.224978    35.4216       1165     4.8500  0.000e+00
    127.792    13.7996   4.224748    35.4199       1166     4.8542  0.000e+00
    127.807    13.7991   4.224382    35.4169       1167     4.8583  0.000e+00
    127.826    13.7981   4.224395    35.4179       1168     4.8625  0.000e+00
    127.857    13.7975   4.225015    35.4242       1169     4.8667  0.000e+00
    127.893    13.7978   4.225139    35.4252       1170     4.8708  0.000e+00
    127.935    13.7981   4.225282    35.4262       1171     4.8750  0.000e+00
    127.980    13.7995   4.225381    35.4258       1172     4.8792  0.000e+00
    128.024    13.8003   4.225456    35.4258       1173     4.8833  0.000e+00
    128.063    13.8011   4.225574    35.4261       1174     4.8875  0.000e+00
    128.103    13.8016   4.225735    35.4271       1175     4.8917  0.000e+00
    128.139    13.8016   4.225841    35.4281       1176     4.8958  0.000e+00
    128.163    13.8016   4.225866    35.4283       1177     4.9000  0.000e+00
    128.193    13.8013   4.225822    35.4282       1178     4.9042  0.000e+00
    128.210    13.8009   4.225735    35.4277       1179     4.9083  0.000e+00
    128.220    13.8006   4.225748    35.4281       1180     4.9125  0.000e+00
    128.229    13.8001   4.225890    35.4299       1181     4.9167  0.000e+00
    128.237    13.7996   4.225890    35.4304       1182     4.9208  0.000e+00
    128.237    13.7991   4.225915    35.4311       1183     4.9250  0.000e+00
    128.233    13.7981   4.225891    35.4317       1184     4.9292  0.000e+00
    128.231    13.7972   4.225866    35.4324       1185     4.9333  0.000e+00
    128.218    13.7970   4.225866    35.4326       1186     4.9375  0.000e+00
    128.204    13.7977   4.225866    35.4319       1187     4.9417  0.000e+00
    128.184    13.7983   4.225797    35.4307       1188     4.9458  0.000e+00
    128.157    13.7987   4.225797    35.4303       1189     4.9500  0.000e+00
    128.119    13.7987   4.225735    35.4298       1190     4.9542  0.000e+00
    128.081    13.7987   4.225673    35.4293       1191     4.9583  0.000e+00
    128.030    13.7986   4.225673    35.4294       1192     4.9625  0.000e+00
    127.978    13.7986   4.225661    35.4293       1193     4.9667  0.000e+00
    127.916    13.7984   4.225624    35.4292       1194     4.9708  0.000e+00
    127.853    13.7984   4.225673    35.4296       1195     4.9750  0.000e+00
    127.786    13.7983   4.225673    35.4298       1196     4.9792  0.000e+00
    127.719    13.7981   4.225686    35.4300       1197     4.9833  0.000e+00
    127.656    13.7978   4.225673    35.4303       1198     4.9875  0.000e+00
    127.598    13.7975   4.225673    35.4306       1199     4.9917  0.000e+00
    127.549    13.7970   4.225661    35.4309       1200     4.9958  0.000e+00
    127.498    13.7967   4.225623    35.4308       1201     5.0000  0.000e+00
    127.464    13.7967   4.225406    35.4289       1202     5.0042  0.000e+00
    127.435    13.7967   4.225381    35.4287       1203     5.0083  0.000e+00
    127.410    13.7968   4.225481    35.4295       1204     5.0125  0.000e+00
    127.397    13.7972   4.225530    35.4295       1205     5.0167  0.000e+00
    127.388    13.7976   4.225549    35.4294       1206     5.0208  0.000e+00
    127.386    13.7979   4.225282    35.4266       1207     5.0250  0.000e+00
    127.390    13.7978   4.225114    35.4251       1208     5.0292  0.000e+00
    127.406    13.7975   4.224897    35.4234       1209     5.0333  0.000e+00
    127.400    13.7970   4.224848    35.4234       1210     5.0375  0.000e+00
    127.371    13.7966   4.224823    35.4235       1211     5.0417  0.000e+00
    127.303    13.7959   4.223997    35.4164       1212     5.0458  0.000e+00
    127.218    13.7941   4.223265    35.4112       1213     5.0500  0.000e+00
    127.134    13.7917   4.222645    35.4077       1214     5.0542  0.000e+00
    127.044    13.7893   4.222291    35.4066       1215     5.0583  0.000e+00
    126.952    13.7872   4.221931    35.4052       1216     5.0625  0.000e+00
    126.877    13.7856   4.221733    35.4049       1217     5.0667  0.000e+00
    126.800    13.7845   4.222062    35.4091       1218     5.0708  0.000e+00
    126.731    13.7842   4.222341    35.4120       1219     5.0750  0.000e+00
    126.673    13.7845   4.221615    35.4049       1220     5.0792  0.000e+00
    126.615    13.7845   4.222161    35.4100       1221     5.0833  0.000e+00
    126.550    13.7844   4.221298    35.4021       1222     5.0875  0.000e+00
    126.488    13.7842   4.220207    35.3920       1223     5.0917  0.000e+00
    126.425    13.7828   4.220107    35.3924       1224     5.0958  0.000e+00
    126.355    13.7818   4.219915    35.3916       1225     5.1000  0.000e+00
    126.286    13.7807   4.219816    35.3917       1226     5.1042  0.000e+00
    126.204    13.7798   4.219406    35.3887       1227     5.1083  0.000e+00
    126.123    13.7785   4.218867    35.3849       1228     5.1125  0.000e+00
    126.040    13.7764   4.218383    35.3823       1229     5.1167  0.000e+00
    125.949    13.7739   4.218191    35.3828       1230     5.1208  0.000e+00
    125.853    13.7721   4.217980    35.3826       1231     5.1250  0.000e+00
    125.754    13.7701   4.217949    35.3842       1232     5.1292  0.000e+00
    125.647    13.7691   4.217850    35.3842       1233     5.1333  0.000e+00
    125.537    13.7681   4.216994    35.3771       1234     5.1375  0.000e+00
    125.428    13.7662   4.216758    35.3768       1235     5.1417  0.000e+00
    125.294    13.7644   4.217558    35.3860       1236     5.1458  0.000e+00
    125.128    13.7643   4.216882    35.3798       1237     5.1500  0.000e+00
    124.953    13.7636   4.215041    35.3632       1238     5.1542  0.000e+00
    124.781    13.7605   4.215035    35.3661       1239     5.1583  0.000e+00
    124.605    13.7579   4.215010    35.3684       1240     5.1625  0.000e+00
