HB2304/sbe071.cnv
* Sea-Bird SBE 19plus V2 Data File:
* FileName = C:\cruise\data\sbe071.hex
* Software Version Seasave V 7.26.7.121
* Temperature SN = 7037
* Conductivity SN = 7037
* System UpLoad Time = Oct 15 2023 01:25:21
** Ship: Bigelow
** Cruise:  HB2304
** Program:  Fall Bottom Trawl
# nquan = 7
# nvalues = 1980                                  
# units = specified
# name 0 = depSM: Depth [salt water, m], lat = 40.00
# name 1 = tv290C: Temperature [ITS-90, deg C]
# name 2 = c0S/m: Conductivity [S/m]
# name 3 = sal00: Salinity, Practical [PSU]
# name 4 = scan: Scan Count
# name 5 = timeM: Time, Elapsed [minutes]
# name 6 = flag:  0.000e+00
# span 0 =     -0.166,     69.556                 
# span 1 =    11.7656,    14.1818                 
# span 2 =   0.081283,   3.907149                 
# span 3 =     0.5125,    32.6037                 
# span 4 =         11,       1990                 
# span 5 =     0.0417,     8.2875                 
# span 6 = 0.0000e+00, 0.0000e+00                 
# interval = seconds: 0.25
# start_time = Oct 15 2023 01:25:21 [System UTC, header]
# bad_flag = -9.990e-29
*END*
[from data line 1847]
      1.171    14.1664   3.905398    32.1852       1858     7.7375  0.000e+00
      1.174    14.1667   3.905488    32.1858       1859     7.7417  0.000e+00
      1.153    14.1667   3.905302    32.1841       1860     7.7458  0.000e+00
      1.122    14.1668   3.905164    32.1828       1861     7.7500  0.000e+00
      1.084    14.1659   3.905140    32.1833       1862     7.7542  0.000e+00
      1.057    14.1652   3.905140    32.1839       1863     7.7583  0.000e+00
      1.041    14.1646   3.905260    32.1856       1864     7.7625  0.000e+00
      1.006    14.1648   3.905164    32.1845       1865     7.7667  0.000e+00
      0.923    14.1646   3.905026    32.1834       1866     7.7708  0.000e+00
      0.822    14.1642   3.904870    32.1824       1867     7.7750  0.000e+00
      0.753    14.1630   3.904449    32.1795       1868     7.7792  0.000e+00
      0.723    14.1610   3.904269    32.1796       1869     7.7833  0.000e+00
      0.696    14.1585   3.904359    32.1824       1870     7.7875  0.000e+00
      0.679    14.1571   3.904473    32.1847       1871     7.7917  0.000e+00
      0.652    14.1563   3.904635    32.1869       1872     7.7958  0.000e+00
      0.593    14.1569   3.904683    32.1868       1873     7.8000  0.000e+00
      0.521    14.1574   3.904725    32.1868       1874     7.8042  0.000e+00
      0.468    14.1582   3.904773    32.1866       1875     7.8083  0.000e+00
      0.443    14.1588   3.904749    32.1859       1876     7.8125  0.000e+00
      0.407    14.1591   3.904725    32.1854       1877     7.8167  0.000e+00
      0.320    14.1594   3.904701    32.1850       1878     7.8208  0.000e+00
      0.221    14.1593   3.904677    32.1849       1879     7.8250  0.000e+00
      0.188    14.1591   3.904611    32.1844       1880     7.8292  0.000e+00
      0.168    14.1591   3.904611    32.1845       1881     7.8333  0.000e+00
      0.092    14.1587   3.904335    32.1823       1882     7.8375  0.000e+00
      0.004    14.1576   3.904149    32.1815       1883     7.8417  0.000e+00
     -0.009    14.1564   3.904311    32.1841       1884     7.8458  0.000e+00
      0.040    14.1555   3.904725    32.1886       1885     7.8500  0.000e+00
      0.074    14.1565   3.904701    32.1875       1886     7.8542  0.000e+00
      0.078    14.1575   3.904497    32.1848       1887     7.8583  0.000e+00
      0.015    14.1575   3.904125    32.1814       1888     7.8625  0.000e+00
     -0.032    14.1563   3.903734    32.1789       1889     7.8667  0.000e+00
      0.031    14.1538   3.903710    32.1807       1890     7.8708  0.000e+00
      0.053    14.1517   3.903968    32.1848       1891     7.8750  0.000e+00
     -0.016    14.1509   3.903872    32.1846       1892     7.8792  0.000e+00
     -0.123    14.1503   3.043419    24.4239       1893     7.8833  0.000e+00
     -0.155    14.1479   0.826084     5.9213       1894     7.8875  0.000e+00
     -0.153    14.1297   0.471901     3.2542       1895     7.8917  0.000e+00
     -0.155    14.0866   0.330906     2.2340       1896     7.8958  0.000e+00
     -0.153    14.0275   0.283248     1.8976       1897     7.9000  0.000e+00
     -0.152    13.9876   0.235543     1.5632       1898     7.9042  0.000e+00
     -0.152    13.9701   0.216201     1.4287       1899     7.9083  0.000e+00
     -0.152    13.9631   0.197418     1.2985       1900     7.9125  0.000e+00
     -0.155    13.9622   0.187541     1.2302       1901     7.9167  0.000e+00
     -0.155    13.9634   0.179382     1.1739       1902     7.9208  0.000e+00
     -0.152    13.9660   0.166113     1.0828       1903     7.9250  0.000e+00
     -0.155    13.9693   0.148469     0.9623       1904     7.9292  0.000e+00
     -0.166    13.9727   0.130008     0.8372       1905     7.9333  0.000e+00
     -0.164    13.9762   0.124616     0.8008       1906     7.9375  0.000e+00
     -0.159    13.9798   0.120986     0.7764       1907     7.9417  0.000e+00
     -0.153    13.9842   0.118835     0.7619       1908     7.9458  0.000e+00
     -0.148    13.9896   0.087209     0.5516       1909     7.9500  0.000e+00
     -0.083    13.9960   0.081283     0.5125       1910     7.9542  0.000e+00
     -0.020    14.0046   0.207168     1.3647       1911     7.9583  0.000e+00
      0.078    14.0247   0.233890     1.5501       1912     7.9625  0.000e+00
      0.143    14.0497   0.331317     2.2390       1913     7.9667  0.000e+00
      0.094    14.0728   0.457394     3.1523       1914     7.9708  0.000e+00
      0.118    14.0920   0.310265     2.0863       1915     7.9750  0.000e+00
      0.163    14.1050   2.736904    21.7547       1916     7.9792  0.000e+00
      0.123    14.1129   3.810636    31.3608       1917     7.9833  0.000e+00
      0.094    14.1185   3.799509    31.2543       1918     7.9875  0.000e+00
      0.092    14.1231   3.716098    30.4886       1919     7.9917  0.000e+00
      0.049    14.1273   2.869396    22.9030       1920     7.9958  0.000e+00
     -0.061    14.1329   3.741283    30.7107       1921     8.0000  0.000e+00
     -0.148    14.1377   3.878504    31.9627       1922     8.0042  0.000e+00
     -0.124    14.1409   3.875372    31.9313       1923     8.0083  0.000e+00
     -0.096    14.1431   3.901176    32.1664       1924     8.0125  0.000e+00
     -0.106    14.1440   3.903116    32.1834       1925     8.0167  0.000e+00
     -0.141    14.1439   3.842498    31.6274       1926     8.0208  0.000e+00
     -0.144    14.1437   2.450595    19.2507       1927     8.0250  0.000e+00
     -0.058    14.1435   1.207245     8.9124       1928     8.0292  0.000e+00
      0.053    14.1434   3.697847    30.3063       1929     8.0333  0.000e+00
      0.168    14.1434   2.349935    18.3862       1930     8.0375  0.000e+00
      0.250    14.1437   2.016703    15.5563       1931     8.0417  0.000e+00
      0.295    14.1442   2.788815    22.1864       1932     8.0458  0.000e+00
      0.318    14.1442   3.332099    27.0000       1933     8.0500  0.000e+00
      0.356    14.1443   3.903368    32.1853       1934     8.0542  0.000e+00
      0.353    14.1454   3.903092    32.1819       1935     8.0583  0.000e+00
      0.289    14.1475   3.902996    32.1793       1936     8.0625  0.000e+00
      0.185    14.1491   3.902701    32.1753       1937     8.0667  0.000e+00
      0.087    14.1504   3.904245    32.1884       1938     8.0708  0.000e+00
      0.045    14.1517   3.904269    32.1876       1939     8.0750  0.000e+00
      0.009    14.1526   3.904059    32.1849       1940     8.0792  0.000e+00
     -0.031    14.1527   3.904034    32.1846       1941     8.0833  0.000e+00
     -0.025    14.1528   3.873294    31.9024       1942     8.0875  0.000e+00
      0.004    14.1531   3.252572    26.2821       1943     8.0917  0.000e+00
      0.020    14.1532   3.759726    30.8628       1944     8.0958  0.000e+00
      0.076    14.1535   3.345484    27.1136       1945     8.1000  0.000e+00
      0.167    14.1539   3.762240    30.8851       1946     8.1042  0.000e+00
      0.208    14.1539   3.904167    32.1848       1947     8.1083  0.000e+00
      0.172    14.1540   3.904245    32.1854       1948     8.1125  0.000e+00
      0.107    14.1543   3.904287    32.1855       1949     8.1167  0.000e+00
      0.082    14.1546   3.904245    32.1849       1950     8.1208  0.000e+00
      0.109    14.1546   3.904010    32.1827       1951     8.1250  0.000e+00
      0.103    14.1537   3.903920    32.1827       1952     8.1292  0.000e+00
      0.122    14.1531   3.903896    32.1829       1953     8.1333  0.000e+00
      0.223    14.1527   3.043212    24.4205       1954     8.1375  0.000e+00
      0.322    14.1523   2.215669    17.2360       1955     8.1417  0.000e+00
      0.396    14.1520   2.128719    16.4983       1956     8.1458  0.000e+00
      0.445    14.1519   2.622161    20.7296       1957     8.1500  0.000e+00
      0.454    14.1516   2.792390    22.2134       1958     8.1542  0.000e+00
      0.467    14.1513   3.103952    24.9597       1959     8.1583  0.000e+00
      0.510    14.1509   3.746078    30.7398       1960     8.1625  0.000e+00
      0.550    14.1511   3.904107    32.1864       1961     8.1667  0.000e+00
      0.534    14.1517   3.020480    24.2199       1962     8.1708  0.000e+00
      0.441    14.1526   3.658156    29.9378       1963     8.1750  0.000e+00
      0.308    14.1536   3.904383    32.1869       1964     8.1792  0.000e+00
      0.185    14.1543   3.904359    32.1862       1965     8.1833  0.000e+00
      0.113    14.1547   3.904221    32.1846       1966     8.1875  0.000e+00
      0.065    14.1546   3.904197    32.1845       1967     8.1917  0.000e+00
      0.006    14.1545   3.904287    32.1854       1968     8.1958  0.000e+00
     -0.083    14.1545   3.904239    32.1850       1969     8.2000  0.000e+00
     -0.095    14.1543   3.888832    32.0437       1970     8.2042  0.000e+00
      0.019    14.1540   2.042178    15.7667       1971     8.2083  0.000e+00
      0.167    14.1536   3.550474    28.9605       1972     8.2125  0.000e+00
      0.288    14.1536   3.634721    29.7241       1973     8.2167  0.000e+00
      0.355    14.1536   2.166176    16.8151       1974     8.2208  0.000e+00
      0.385    14.1537   2.683474    21.2616       1975     8.2250  0.000e+00
      0.411    14.1537   3.903254    32.1764       1976     8.2292  0.000e+00
      0.385    14.1537   3.903038    32.1745       1977     8.2333  0.000e+00
      0.308    14.1543   3.904635    32.1887       1978     8.2375  0.000e+00
      0.263    14.1553   3.904611    32.1876       1979     8.2417  0.000e+00
      0.216    14.1562   3.904521    32.1861       1980     8.2458  0.000e+00
      0.104    14.1567   3.904407    32.1847       1981     8.2500  0.000e+00
      0.140    14.1563   3.904383    32.1848       1982     8.2542  0.000e+00
      0.171    14.1555   3.887752    32.0327       1983     8.2583  0.000e+00
      0.239    14.1549   2.410856    18.9033       1984     8.2625  0.000e+00
      0.275    14.1545   2.355329    18.4271       1985     8.2667  0.000e+00
      0.261    14.1547   3.599680    29.4053       1986     8.2708  0.000e+00
      0.185    14.1547   3.904659    32.1886       1987     8.2750  0.000e+00
      0.120    14.1558   3.904725    32.1883       1988     8.2792  0.000e+00
     -0.019    14.1570   3.904473    32.1851       1989     8.2833  0.000e+00
     -0.139    14.1574   2.397212    18.7850       1990     8.2875  0.000e+00
