HB2304/sbe054.cnv
* Sea-Bird SBE 19plus V2 Data File:
* FileName = C:\cruise\data\sbe054.hex
* Software Version Seasave V 7.26.7.121
* Temperature SN = 7037
* Conductivity SN = 7037
* System UpLoad Time = Oct 10 2023 16:08:53
** Ship: Bigelow
** Cruise:  HB2304
** Program:  Fall Bottom Trawl
# nquan = 7
# nvalues = 1270                                  
# units = specified
# name 0 = depSM: Depth [salt water, m], lat = 40.00
# name 1 = tv290C: Temperature [ITS-90, deg C]
# name 2 = c0S/m: Conductivity [S/m]
# name 3 = sal00: Salinity, Practical [PSU]
# name 4 = scan: Scan Count
# name 5 = timeM: Time, Elapsed [minutes]
# name 6 = flag:  0.000e+00
# span 0 =     -0.074,     55.131                 
# span 1 =    11.4205,    17.6645                 
# span 2 =  -0.000007,   4.296702                 
# span 3 =     0.0000,    33.4405                 
# span 4 =         11,       1280                 
# span 5 =     0.0417,     5.3292                 
# span 6 = 0.0000e+00, 0.0000e+00                 
# interval = seconds: 0.25
# start_time = Oct 10 2023 16:08:53 [System UTC, header]
# bad_flag = -9.990e-29
*END*
[from data line 1026]
     10.851    17.4650   4.248072    32.5183       1037     4.3167  0.000e+00
     10.797    17.4647   4.247829    32.5165       1038     4.3208  0.000e+00
     10.746    17.4640   4.247736    32.5163       1039     4.3250  0.000e+00
     10.696    17.4633   4.247655    32.5162       1040     4.3292  0.000e+00
     10.654    17.4628   4.247437    32.5147       1041     4.3333  0.000e+00
     10.609    17.4620   4.247213    32.5134       1042     4.3375  0.000e+00
     10.557    17.4613   4.246871    32.5111       1043     4.3417  0.000e+00
     10.506    17.4601   4.246629    32.5100       1044     4.3458  0.000e+00
     10.464    17.4587   4.246411    32.5093       1045     4.3500  0.000e+00
     10.412    17.4578   4.246237    32.5085       1046     4.3542  0.000e+00
     10.358    17.4568   4.245746    32.5052       1047     4.3583  0.000e+00
     10.300    17.4555   4.245454    32.5038       1048     4.3625  0.000e+00
     10.239    17.4540   4.245311    32.5038       1049     4.3667  0.000e+00
     10.170    17.4529   4.245261    32.5042       1050     4.3708  0.000e+00
     10.112    17.4521   4.245186    32.5042       1051     4.3750  0.000e+00
     10.047    17.4515   4.244956    32.5028       1052     4.3792  0.000e+00
      9.980    17.4508   4.244894    32.5029       1053     4.3833  0.000e+00
      9.913    17.4501   4.244278    32.4982       1054     4.3875  0.000e+00
      9.845    17.4493   4.243986    32.4963       1055     4.3917  0.000e+00
      9.778    17.4481   4.243731    32.4952       1056     4.3958  0.000e+00
      9.709    17.4471   4.243719    32.4959       1057     4.4000  0.000e+00
      9.644    17.4463   4.243936    32.4984       1058     4.4042  0.000e+00
      9.579    17.4456   4.243426    32.4946       1059     4.4083  0.000e+00
      9.518    17.4451   4.243321    32.4941       1060     4.4125  0.000e+00
      9.462    17.4443   4.242643    32.4890       1061     4.4167  0.000e+00
      9.416    17.4436   4.242693    32.4900       1062     4.4208  0.000e+00
      9.368    17.4428   4.242718    32.4909       1063     4.4250  0.000e+00
      9.348    17.4420   4.242071    32.4860       1064     4.4292  0.000e+00
      9.324    17.4414   4.242127    32.4869       1065     4.4333  0.000e+00
      9.292    17.4408   4.242469    32.4903       1066     4.4375  0.000e+00
      9.274    17.4407   4.242419    32.4900       1067     4.4417  0.000e+00
      9.259    17.4403   4.242177    32.4882       1068     4.4458  0.000e+00
      9.241    17.4403   4.241543    32.4828       1069     4.4500  0.000e+00
      9.219    17.4399   4.241344    32.4815       1070     4.4542  0.000e+00
      9.187    17.4393   4.241394    32.4824       1071     4.4583  0.000e+00
      9.145    17.4388   4.241487    32.4836       1072     4.4625  0.000e+00
      9.102    17.4386   4.241251    32.4818       1073     4.4667  0.000e+00
      9.046    17.4382   4.241077    32.4807       1074     4.4708  0.000e+00
      8.983    17.4380   4.240834    32.4787       1075     4.4750  0.000e+00
      8.908    17.4377   4.240772    32.4784       1076     4.4792  0.000e+00
      8.836    17.4372   4.240617    32.4775       1077     4.4833  0.000e+00
      8.757    17.4372   4.240393    32.4757       1078     4.4875  0.000e+00
      8.688    17.4366   4.240026    32.4730       1079     4.4917  0.000e+00
      8.626    17.4363   4.239759    32.4710       1080     4.4958  0.000e+00
      8.572    17.4360   4.239473    32.4689       1081     4.5000  0.000e+00
      8.522    17.4356   4.239541    32.4697       1082     4.5042  0.000e+00
      8.487    17.4355   4.239392    32.4686       1083     4.5083  0.000e+00
      8.455    17.4353   4.239150    32.4667       1084     4.5125  0.000e+00
      8.424    17.4353   4.239144    32.4666       1085     4.5167  0.000e+00
      8.395    17.4352   4.239293    32.4680       1086     4.5208  0.000e+00
      8.366    17.4351   4.239318    32.4683       1087     4.5250  0.000e+00
      8.337    17.4353   4.239125    32.4665       1088     4.5292  0.000e+00
      8.305    17.4352   4.239144    32.4667       1089     4.5333  0.000e+00
      8.269    17.4356   4.239175    32.4668       1090     4.5375  0.000e+00
      8.225    17.4359   4.239150    32.4663       1091     4.5417  0.000e+00
      8.175    17.4362   4.239175    32.4663       1092     4.5458  0.000e+00
      8.122    17.4367   4.239653    32.4700       1093     4.5500  0.000e+00
      8.065    17.4368   4.239125    32.4654       1094     4.5542  0.000e+00
      8.001    17.4372   4.239367    32.4672       1095     4.5583  0.000e+00
      7.947    17.4391   4.239491    32.4668       1096     4.5625  0.000e+00
      7.895    17.4415   4.239547    32.4653       1097     4.5667  0.000e+00
      7.846    17.4428   4.239491    32.4638       1098     4.5708  0.000e+00
      7.799    17.4438   4.239442    32.4626       1099     4.5750  0.000e+00
      7.763    17.4449   4.239566    32.4628       1100     4.5792  0.000e+00
      7.734    17.4463   4.239752    32.4633       1101     4.5833  0.000e+00
      7.703    17.4482   4.239908    32.4631       1102     4.5875  0.000e+00
      7.667    17.4508   4.239883    32.4608       1103     4.5917  0.000e+00
      7.634    17.4520   4.239609    32.4575       1104     4.5958  0.000e+00
      7.607    17.4507   4.239572    32.4583       1105     4.6000  0.000e+00
      7.571    17.4493   4.239684    32.4603       1106     4.6042  0.000e+00
      7.533    17.4487   4.239758    32.4615       1107     4.6083  0.000e+00
      7.499    17.4501   4.239758    32.4604       1108     4.6125  0.000e+00
      7.461    17.4516   4.239883    32.4603       1109     4.6167  0.000e+00
      7.419    17.4529   4.239808    32.4586       1110     4.6208  0.000e+00
      7.372    17.4539   4.239882    32.4585       1111     4.6250  0.000e+00
      7.320    17.4544   4.239907    32.4583       1112     4.6292  0.000e+00
      7.271    17.4554   4.239957    32.4579       1113     4.6333  0.000e+00
      7.224    17.4563   4.239659    32.4547       1114     4.6375  0.000e+00
      7.175    17.4557   4.239416    32.4531       1115     4.6417  0.000e+00
      7.136    17.4540   4.239391    32.4543       1116     4.6458  0.000e+00
      7.091    17.4527   4.239522    32.4564       1117     4.6500  0.000e+00
      7.045    17.4524   4.239590    32.4572       1118     4.6542  0.000e+00
      6.993    17.4527   4.240025    32.4608       1119     4.6583  0.000e+00
      6.944    17.4548   4.240199    32.4606       1120     4.6625  0.000e+00
      6.901    17.4580   4.240796    32.4632       1121     4.6667  0.000e+00
      6.859    17.4619   4.240659    32.4589       1122     4.6708  0.000e+00
      6.816    17.4649   4.240342    32.4538       1123     4.6750  0.000e+00
      6.785    17.4660   4.240982    32.4584       1124     4.6792  0.000e+00
      6.746    17.4678   4.241100    32.4579       1125     4.6833  0.000e+00
      6.708    17.4708   4.241150    32.4560       1126     4.6875  0.000e+00
      6.670    17.4730   4.241367    32.4561       1127     4.6917  0.000e+00
      6.632    17.4750   4.241417    32.4549       1128     4.6958  0.000e+00
      6.599    17.4771   4.241436    32.4535       1129     4.7000  0.000e+00
      6.547    17.4786   4.241467    32.4525       1130     4.7042  0.000e+00
      6.492    17.4797   4.241392    32.4510       1131     4.7083  0.000e+00
      6.438    17.4803   4.241224    32.4491       1132     4.7125  0.000e+00
      6.380    17.4802   4.241330    32.4501       1133     4.7167  0.000e+00
      6.324    17.4800   4.241516    32.4519       1134     4.7208  0.000e+00
      6.268    17.4810   4.241908    32.4544       1135     4.7250  0.000e+00
      6.221    17.4827   4.241808    32.4523       1136     4.7292  0.000e+00
      6.176    17.4842   4.241280    32.4466       1137     4.7333  0.000e+00
      6.131    17.4835   4.241149    32.4460       1138     4.7375  0.000e+00
      6.066    17.4819   4.241025    32.4463       1139     4.7417  0.000e+00
      5.994    17.4803   4.240982    32.4472       1140     4.7458  0.000e+00
      5.907    17.4790   4.240845    32.4471       1141     4.7500  0.000e+00
      5.806    17.4779   4.241000    32.4493       1142     4.7542  0.000e+00
      5.697    17.4771   4.241199    32.4517       1143     4.7583  0.000e+00
      5.603    17.4776   4.241149    32.4510       1144     4.7625  0.000e+00
      5.529    17.4781   4.241435    32.4530       1145     4.7667  0.000e+00
      5.477    17.4793   4.241541    32.4529       1146     4.7708  0.000e+00
      5.444    17.4811   4.241516    32.4513       1147     4.7750  0.000e+00
      5.428    17.4824   4.241541    32.4505       1148     4.7792  0.000e+00
      5.439    17.4834   4.241535    32.4497       1149     4.7833  0.000e+00
      5.452    17.4839   4.241541    32.4493       1150     4.7875  0.000e+00
      5.468    17.4843   4.242075    32.4535       1151     4.7917  0.000e+00
      5.486    17.4861   4.242417    32.4550       1152     4.7958  0.000e+00
      5.498    17.4887   4.242504    32.4537       1153     4.8000  0.000e+00
      5.500    17.4910   4.242809    32.4544       1154     4.8042  0.000e+00
      5.491    17.4936   4.242858    32.4528       1155     4.8083  0.000e+00
      5.466    17.4958   4.242908    32.4514       1156     4.8125  0.000e+00
      5.421    17.4976   4.242479    32.4464       1157     4.8167  0.000e+00
      5.365    17.4978   4.242349    32.4451       1158     4.8208  0.000e+00
      5.303    17.4967   4.242007    32.4431       1159     4.8250  0.000e+00
      5.233    17.4951   4.241882    32.4433       1160     4.8292  0.000e+00
      5.170    17.4930   4.241957    32.4456       1161     4.8333  0.000e+00
      5.106    17.4918   4.241969    32.4468       1162     4.8375  0.000e+00
      5.058    17.4914   4.242007    32.4474       1163     4.8417  0.000e+00
      5.018    17.4909   4.242050    32.4482       1164     4.8458  0.000e+00
      4.971    17.4909   4.242050    32.4482       1165     4.8500  0.000e+00
      4.922    17.4909   4.242069    32.4484       1166     4.8542  0.000e+00
      4.877    17.4910   4.242125    32.4488       1167     4.8583  0.000e+00
      4.830    17.4914   4.242174    32.4489       1168     4.8625  0.000e+00
      4.781    17.4917   4.241932    32.4466       1169     4.8667  0.000e+00
      4.709    17.4912   4.242429    32.4513       1170     4.8708  0.000e+00
      4.629    17.4918   4.242299    32.4498       1171     4.8750  0.000e+00
      4.539    17.4929   4.242765    32.4529       1172     4.8792  0.000e+00
      4.438    17.4944   4.242982    32.4536       1173     4.8833  0.000e+00
      4.342    17.4965   4.242889    32.4511       1174     4.8875  0.000e+00
      4.255    17.4983   4.242348    32.4451       1175     4.8917  0.000e+00
      4.196    17.4977   4.242373    32.4458       1176     4.8958  0.000e+00
      4.140    17.4970   4.242298    32.4458       1177     4.9000  0.000e+00
      4.100    17.4962   4.242118    32.4448       1178     4.9042  0.000e+00
      4.069    17.4950   4.242174    32.4463       1179     4.9083  0.000e+00
      4.042    17.4942   4.242640    32.4509       1180     4.9125  0.000e+00
      4.017    17.4947   4.242466    32.4491       1181     4.9167  0.000e+00
      3.990    17.4954   4.242249    32.4467       1182     4.9208  0.000e+00
      3.955    17.4955   4.243007    32.4531       1183     4.9250  0.000e+00
      3.925    17.4969   4.243473    32.4559       1184     4.9292  0.000e+00
      3.872    17.5000   4.242957    32.4491       1185     4.9333  0.000e+00
      3.798    17.5015   4.242628    32.4451       1186     4.9375  0.000e+00
      3.726    17.5006   4.242298    32.4430       1187     4.9417  0.000e+00
      3.659    17.4991   4.242174    32.4432       1188     4.9458  0.000e+00
      3.597    17.4973   4.242149    32.4444       1189     4.9500  0.000e+00
      3.541    17.4958   4.242068    32.4450       1190     4.9542  0.000e+00
      3.484    17.4947   4.242416    32.4488       1191     4.9583  0.000e+00
      3.437    17.4947   4.242858    32.4526       1192     4.9625  0.000e+00
      3.382    17.4962   4.244057    32.4617       1193     4.9667  0.000e+00
      3.335    17.5012   4.244716    32.4633       1194     4.9708  0.000e+00
      3.287    17.5075   4.244878    32.4597       1195     4.9750  0.000e+00
      3.243    17.5130   4.244816    32.4548       1196     4.9792  0.000e+00
      3.191    17.5169   4.244691    32.4506       1197     4.9833  0.000e+00
      3.138    17.5189   4.244641    32.4486       1198     4.9875  0.000e+00
      3.084    17.5202   4.244592    32.4471       1199     4.9917  0.000e+00
      3.030    17.5207   4.244449    32.4455       1200     4.9958  0.000e+00
      2.981    17.5207   4.244324    32.4446       1201     5.0000  0.000e+00
      2.943    17.5203   4.244131    32.4432       1202     5.0042  0.000e+00
      2.903    17.5195   4.244368    32.4459       1203     5.0083  0.000e+00
      2.860    17.5190   4.244548    32.4479       1204     5.0125  0.000e+00
      2.806    17.5196   4.244548    32.4473       1205     5.0167  0.000e+00
      2.748    17.5201   4.244349    32.4453       1206     5.0208  0.000e+00
      2.692    17.5198   4.243932    32.4420       1207     5.0250  0.000e+00
      2.636    17.5191   4.244498    32.4475       1208     5.0292  0.000e+00
      2.575    17.5187   4.244790    32.4502       1209     5.0333  0.000e+00
      2.517    17.5198   4.244716    32.4487       1210     5.0375  0.000e+00
      2.455    17.5211   4.244902    32.4493       1211     5.0417  0.000e+00
      2.396    17.5221   4.244983    32.4493       1212     5.0458  0.000e+00
      2.345    17.5233   4.244840    32.4470       1213     5.0500  0.000e+00
      2.300    17.5239   4.244716    32.4456       1214     5.0542  0.000e+00
      2.264    17.5238   4.244815    32.4465       1215     5.0583  0.000e+00
      2.235    17.5239   4.244772    32.4460       1216     5.0625  0.000e+00
      2.190    17.5239   4.244890    32.4470       1217     5.0667  0.000e+00
      2.112    17.5241   4.245008    32.4479       1218     5.0708  0.000e+00
      2.002    17.5247   4.245033    32.4477       1219     5.0750  0.000e+00
      1.861    17.5253   4.245026    32.4473       1220     5.0792  0.000e+00
      1.724    17.5256   4.245082    32.4475       1221     5.0833  0.000e+00
      1.592    17.5261   4.245132    32.4476       1222     5.0875  0.000e+00
      1.483    17.5267   4.244914    32.4453       1223     5.0917  0.000e+00
      1.384    17.5266   4.244647    32.4431       1224     5.0958  0.000e+00
      1.310    17.5254   4.244423    32.4422       1225     5.1000  0.000e+00
      1.240    17.5240   4.244323    32.4425       1226     5.1042  0.000e+00
      1.180    17.5226   4.244398    32.4443       1227     5.1083  0.000e+00
      1.133    17.5215   4.244466    32.4458       1228     5.1125  0.000e+00
      1.108    17.5212   4.244522    32.4465       1229     5.1167  0.000e+00
      1.095    17.5209   4.244473    32.4463       1230     5.1208  0.000e+00
      1.090    17.5208   4.244398    32.4457       1231     5.1250  0.000e+00
      1.093    17.5207   4.244348    32.4454       1232     5.1292  0.000e+00
      1.102    17.5205   4.244336    32.4455       1233     5.1333  0.000e+00
      1.122    17.5200   4.244299    32.4456       1234     5.1375  0.000e+00
      1.118    17.5197   4.244274    32.4455       1235     5.1417  0.000e+00
      1.104    17.5193   4.244224    32.4455       1236     5.1458  0.000e+00
      1.064    17.5190   4.244006    32.4439       1237     5.1500  0.000e+00
      0.963    17.5185   4.244131    32.4453       1238     5.1542  0.000e+00
      0.802    17.5180   4.243957    32.4443       1239     5.1583  0.000e+00
      0.625    17.5175   4.243664    32.4423       1240     5.1625  0.000e+00
