HB2304/sbe062.cnv
* Sea-Bird SBE 19plus V2 Data File:
* FileName = C:\cruise\data\sbe062.hex
* Software Version Seasave V 7.26.7.121
* Temperature SN = 7037
* Conductivity SN = 7037
* System UpLoad Time = Oct 12 2023 02:39:52
** Ship: Bigelow
** Cruise:  HB2304
** Program:  Fall Bottom Trawl
# nquan = 7
# nvalues = 2304                                  
# units = specified
# name 0 = depSM: Depth [salt water, m], lat = 40.00
# name 1 = tv290C: Temperature [ITS-90, deg C]
# name 2 = c0S/m: Conductivity [S/m]
# name 3 = sal00: Salinity, Practical [PSU]
# name 4 = scan: Scan Count
# name 5 = timeM: Time, Elapsed [minutes]
# name 6 = flag:  0.000e+00
# span 0 =     -0.098,    100.105                 
# span 1 =    10.5146,    16.4367                 
# span 2 =  -0.000044,   4.087762                 
# span 3 =     0.0000,    34.1786                 
# span 4 =         11,       2314                 
# span 5 =     0.0417,     9.6375                 
# span 6 = 0.0000e+00, 0.0000e+00                 
# interval = seconds: 0.25
# start_time = Oct 12 2023 02:39:52 [System UTC, header]
# bad_flag = -9.990e-29
*END*
[from data line 1642]
     35.405    14.5723   3.939204    32.1435       1653     6.8833  0.000e+00
     35.306    14.5718   3.939156    32.1435       1654     6.8875  0.000e+00
     35.199    14.5716   3.939041    32.1427       1655     6.8917  0.000e+00
     35.087    14.5712   3.939367    32.1460       1656     6.8958  0.000e+00
     34.991    14.5715   3.939204    32.1443       1657     6.9000  0.000e+00
     34.892    14.5719   3.939415    32.1459       1658     6.9042  0.000e+00
     34.812    14.5724   3.939276    32.1443       1659     6.9083  0.000e+00
     34.740    14.5729   3.939578    32.1467       1660     6.9125  0.000e+00
     34.677    14.5736   3.939017    32.1410       1661     6.9167  0.000e+00
     34.623    14.5735   3.938993    32.1409       1662     6.9208  0.000e+00
     34.579    14.5724   3.938969    32.1416       1663     6.9250  0.000e+00
     34.543    14.5715   3.938902    32.1417       1664     6.9292  0.000e+00
     34.518    14.5707   3.938806    32.1416       1665     6.9333  0.000e+00
     34.496    14.5699   3.939439    32.1480       1666     6.9375  0.000e+00
     34.482    14.5710   3.939716    32.1496       1667     6.9417  0.000e+00
     34.462    14.5737   3.940156    32.1513       1668     6.9458  0.000e+00
     34.447    14.5770   3.940301    32.1499       1669     6.9500  0.000e+00
     34.431    14.5801   3.939855    32.1433       1670     6.9542  0.000e+00
     34.407    14.5810   3.939457    32.1390       1671     6.9583  0.000e+00
     34.387    14.5801   3.939481    32.1399       1672     6.9625  0.000e+00
     34.359    14.5789   3.939740    32.1433       1673     6.9667  0.000e+00
     34.330    14.5792   3.939831    32.1439       1674     6.9708  0.000e+00
     34.290    14.5795   3.939927    32.1445       1675     6.9750  0.000e+00
     34.234    14.5804   3.940090    32.1453       1676     6.9792  0.000e+00
     34.171    14.5817   3.940367    32.1468       1677     6.9833  0.000e+00
     34.093    14.5837   3.940650    32.1477       1678     6.9875  0.000e+00
     34.002    14.5863   3.940626    32.1454       1679     6.9917  0.000e+00
     33.905    14.5882   3.940674    32.1443       1680     6.9958  0.000e+00
     33.793    14.5897   3.941187    32.1478       1681     7.0000  0.000e+00
     33.690    14.5921   3.942513    32.1578       1682     7.0042  0.000e+00
     33.590    14.5979   3.943563    32.1627       1683     7.0083  0.000e+00
     33.496    14.6066   3.943912    32.1586       1684     7.0125  0.000e+00
     33.397    14.6150   3.944214    32.1545       1685     7.0167  0.000e+00
     33.321    14.6216   3.944497    32.1516       1686     7.0208  0.000e+00
     33.249    14.6270   3.944262    32.1451       1687     7.0250  0.000e+00
     33.185    14.6304   3.944383    32.1433       1688     7.0292  0.000e+00
     33.131    14.6325   3.944895    32.1462       1689     7.0333  0.000e+00
     33.079    14.6354   3.945124    32.1460       1690     7.0375  0.000e+00
     33.037    14.6388   3.945221    32.1441       1691     7.0417  0.000e+00
     33.006    14.6415   3.945522    32.1446       1692     7.0458  0.000e+00
     32.977    14.6443   3.945595    32.1429       1693     7.0500  0.000e+00
     32.954    14.6469   3.945269    32.1378       1694     7.0542  0.000e+00
     32.936    14.6477   3.945758    32.1416       1695     7.0583  0.000e+00
     32.920    14.6493   3.946198    32.1442       1696     7.0625  0.000e+00
     32.894    14.6520   3.946270    32.1427       1697     7.0667  0.000e+00
     32.865    14.6546   3.946530    32.1429       1698     7.0708  0.000e+00
     32.829    14.6571   3.946198    32.1378       1699     7.0750  0.000e+00
     32.788    14.6581   3.945806    32.1335       1700     7.0792  0.000e+00
     32.737    14.6572   3.945643    32.1328       1701     7.0833  0.000e+00
     32.672    14.6558   3.946222    32.1393       1702     7.0875  0.000e+00
     32.598    14.6558   3.947296    32.1490       1703     7.0917  0.000e+00
     32.511    14.6597   3.948002    32.1522       1704     7.0958  0.000e+00
     32.408    14.6657   3.949239    32.1585       1705     7.1000  0.000e+00
     32.303    14.6739   3.949426    32.1535       1706     7.1042  0.000e+00
     32.200    14.6813   3.949263    32.1460       1707     7.1083  0.000e+00
     32.099    14.6861   3.950011    32.1488       1708     7.1125  0.000e+00
     32.005    14.6907   3.951085    32.1548       1709     7.1167  0.000e+00
     31.913    14.6972   3.951224    32.1507       1710     7.1208  0.000e+00
     31.829    14.7030   3.951508    32.1485       1711     7.1250  0.000e+00
     31.750    14.7080   3.951809    32.1471       1712     7.1292  0.000e+00
     31.687    14.7123   3.951737    32.1429       1713     7.1333  0.000e+00
     31.627    14.7156   3.951622    32.1392       1714     7.1375  0.000e+00
     31.582    14.7173   3.951598    32.1376       1715     7.1417  0.000e+00
     31.535    14.7180   3.951670    32.1377       1716     7.1458  0.000e+00
     31.499    14.7188   3.953656    32.1551       1717     7.1500  0.000e+00
     31.463    14.7235   3.955812    32.1707       1718     7.1542  0.000e+00
     31.434    14.7347   3.956259    32.1655       1719     7.1583  0.000e+00
     31.401    14.7450   3.956537    32.1595       1720     7.1625  0.000e+00
     31.378    14.7537   3.956162    32.1490       1721     7.1667  0.000e+00
     31.347    14.7587   3.955576    32.1396       1722     7.1708  0.000e+00
     31.322    14.7594   3.956585    32.1481       1723     7.1750  0.000e+00
     31.293    14.7617   3.956699    32.1472       1724     7.1792  0.000e+00
     31.256    14.7649   3.956862    32.1461       1725     7.1833  0.000e+00
     31.224    14.7676   3.956911    32.1443       1726     7.1875  0.000e+00
     31.186    14.7697   3.957049    32.1438       1727     7.1917  0.000e+00
     31.146    14.7717   3.957170    32.1433       1728     7.1958  0.000e+00
     31.099    14.7732   3.957285    32.1431       1729     7.2000  0.000e+00
     31.050    14.7749   3.958952    32.1568       1730     7.2042  0.000e+00
     30.998    14.7792   3.962680    32.1871       1731     7.2083  0.000e+00
     30.935    14.7928   3.976324    32.2994       1732     7.2125  0.000e+00
     30.864    14.8343   3.985811    32.3509       1733     7.2167  0.000e+00
     30.792    14.9034   3.987064    32.3049       1734     7.2208  0.000e+00
     30.711    14.9650   3.987912    32.2616       1735     7.2250  0.000e+00
     30.617    15.0088   3.988335    32.2293       1736     7.2292  0.000e+00
     30.519    15.0394   3.988408    32.2048       1737     7.2333  0.000e+00
     30.420    15.0599   3.988553    32.1893       1738     7.2375  0.000e+00
     30.320    15.0730   3.988692    32.1798       1739     7.2417  0.000e+00
     30.223    15.0814   3.989043    32.1761       1740     7.2458  0.000e+00
     30.132    15.0882   3.989213    32.1720       1741     7.2500  0.000e+00
     30.047    15.0937   3.989685    32.1718       1742     7.2542  0.000e+00
     29.971    15.0994   3.990158    32.1714       1743     7.2583  0.000e+00
     29.903    15.1051   3.990394    32.1689       1744     7.2625  0.000e+00
     29.848    15.1105   3.990891    32.1689       1745     7.2667  0.000e+00
     29.800    15.1156   3.991067    32.1664       1746     7.2708  0.000e+00
     29.758    15.1205   3.991837    32.1692       1747     7.2750  0.000e+00
     29.724    15.1272   3.991933    32.1646       1748     7.2792  0.000e+00
     29.691    15.1331   3.992006    32.1604       1749     7.2833  0.000e+00
     29.675    15.1374   3.991933    32.1563       1750     7.2875  0.000e+00
     29.657    15.1396   3.991909    32.1542       1751     7.2917  0.000e+00
     29.639    15.1405   3.991958    32.1539       1752     7.2958  0.000e+00
     29.628    15.1414   3.992006    32.1537       1753     7.3000  0.000e+00
     29.613    15.1422   3.991794    32.1511       1754     7.3042  0.000e+00
     29.590    15.1420   3.991721    32.1506       1755     7.3083  0.000e+00
     29.563    15.1414   3.992430    32.1574       1756     7.3125  0.000e+00
     29.523    15.1429   3.992903    32.1605       1757     7.3167  0.000e+00
     29.476    15.1467   3.993327    32.1612       1758     7.3208  0.000e+00
     29.409    15.1511   3.993449    32.1587       1759     7.3250  0.000e+00
     29.337    15.1548   3.993449    32.1557       1760     7.3292  0.000e+00
     29.246    15.1575   3.993770    32.1564       1761     7.3333  0.000e+00
     29.136    15.1602   3.994279    32.1588       1762     7.3375  0.000e+00
     29.035    15.1644   3.994776    32.1598       1763     7.3417  0.000e+00
     28.928    15.1697   3.994867    32.1563       1764     7.3458  0.000e+00
     28.818    15.1742   3.995322    32.1568       1765     7.3500  0.000e+00
     28.710    15.1785   3.995485    32.1547       1766     7.3542  0.000e+00
     28.612    15.1823   3.995867    32.1551       1767     7.3583  0.000e+00
     28.534    15.1866   3.996152    32.1541       1768     7.3625  0.000e+00
     28.462    15.1906   3.996194    32.1513       1769     7.3667  0.000e+00
     28.399    15.1941   3.996128    32.1478       1770     7.3708  0.000e+00
     28.341    15.1963   3.995746    32.1426       1771     7.3750  0.000e+00
     28.296    15.1974   3.995582    32.1403       1772     7.3792  0.000e+00
     28.256    15.1978   3.995558    32.1398       1773     7.3833  0.000e+00
     28.225    15.1979   3.995558    32.1397       1774     7.3875  0.000e+00
     28.202    15.1981   3.995588    32.1398       1775     7.3917  0.000e+00
     28.174    15.1981   3.995606    32.1400       1776     7.3958  0.000e+00
     28.155    15.1982   3.995648    32.1402       1777     7.4000  0.000e+00
     28.126    15.1982   3.995697    32.1407       1778     7.4042  0.000e+00
     28.095    15.1990   3.995794    32.1409       1779     7.4083  0.000e+00
     28.070    15.1998   3.995818    32.1405       1780     7.4125  0.000e+00
     28.030    15.2005   3.995818    32.1400       1781     7.4167  0.000e+00
     27.997    15.2013   3.995812    32.1392       1782     7.4208  0.000e+00
     27.958    15.2017   3.995745    32.1383       1783     7.4250  0.000e+00
     27.910    15.2022   3.995582    32.1365       1784     7.4292  0.000e+00
     27.867    15.2024   3.995509    32.1357       1785     7.4333  0.000e+00
     27.818    15.2021   3.995485    32.1357       1786     7.4375  0.000e+00
     27.762    15.2021   3.995412    32.1351       1787     7.4417  0.000e+00
     27.706    15.2021   3.995297    32.1341       1788     7.4458  0.000e+00
     27.636    15.2020   3.995315    32.1343       1789     7.4500  0.000e+00
     27.562    15.2019   3.995272    32.1341       1790     7.4542  0.000e+00
     27.475    15.2018   3.995175    32.1333       1791     7.4583  0.000e+00
     27.379    15.2018   3.995175    32.1334       1792     7.4625  0.000e+00
     27.281    15.2020   3.995369    32.1350       1793     7.4667  0.000e+00
     27.191    15.2031   3.995369    32.1341       1794     7.4708  0.000e+00
     27.079    15.2046   3.995581    32.1348       1795     7.4750  0.000e+00
     26.971    15.2065   3.995812    32.1354       1796     7.4792  0.000e+00
     26.875    15.2096   3.995842    32.1331       1797     7.4833  0.000e+00
     26.763    15.2121   3.995909    32.1317       1798     7.4875  0.000e+00
     26.661    15.2141   3.996151    32.1323       1799     7.4917  0.000e+00
     26.569    15.2165   3.996527    32.1338       1800     7.4958  0.000e+00
     26.495    15.2200   3.997024    32.1353       1801     7.5000  0.000e+00
     26.423    15.2247   3.997291    32.1339       1802     7.5042  0.000e+00
     26.360    15.2294   3.997382    32.1309       1803     7.5083  0.000e+00
     26.311    15.2329   3.997618    32.1302       1804     7.5125  0.000e+00
     26.271    15.2366   3.997952    32.1301       1805     7.5167  0.000e+00
     26.240    15.2412   3.998116    32.1278       1806     7.5208  0.000e+00
     26.219    15.2451   3.998043    32.1241       1807     7.5250  0.000e+00
     26.206    15.2481   3.998115    32.1222       1808     7.5292  0.000e+00
     26.190    15.2504   3.998358    32.1225       1809     7.5333  0.000e+00
     26.175    15.2525   3.998564    32.1227       1810     7.5375  0.000e+00
     26.154    15.2552   3.998710    32.1217       1811     7.5417  0.000e+00
     26.126    15.2576   3.998971    32.1221       1812     7.5458  0.000e+00
     26.088    15.2602   3.999159    32.1217       1813     7.5500  0.000e+00
     26.041    15.2632   3.999043    32.1183       1814     7.5542  0.000e+00
     25.976    15.2653   3.999019    32.1163       1815     7.5583  0.000e+00
     25.906    15.2665   3.999516    32.1198       1816     7.5625  0.000e+00
     25.805    15.2685   4.000299    32.1252       1817     7.5667  0.000e+00
     25.705    15.2731   4.001318    32.1306       1818     7.5708  0.000e+00
     25.591    15.2799   4.002149    32.1326       1819     7.5750  0.000e+00
     25.485    15.2884   4.002677    32.1304       1820     7.5792  0.000e+00
     25.382    15.2975   4.003794    32.1329       1821     7.5833  0.000e+00
     25.263    15.3083   4.005730    32.1414       1822     7.5875  0.000e+00
     25.163    15.3222   4.007047    32.1419       1823     7.5917  0.000e+00
     25.076    15.3389   4.007593    32.1331       1824     7.5958  0.000e+00
     24.993    15.3538   4.007927    32.1239       1825     7.6000  0.000e+00
     24.923    15.3656   4.008072    32.1157       1826     7.6042  0.000e+00
     24.856    15.3742   4.008139    32.1092       1827     7.6083  0.000e+00
     24.798    15.3799   4.008309    32.1061       1828     7.6125  0.000e+00
     24.744    15.3841   4.008382    32.1034       1829     7.6167  0.000e+00
     24.702    15.3874   4.008381    32.1007       1830     7.6208  0.000e+00
     24.662    15.3896   4.008497    32.0999       1831     7.6250  0.000e+00
     24.633    15.3918   4.008570    32.0988       1832     7.6292  0.000e+00
     24.605    15.3933   4.008691    32.0987       1833     7.6333  0.000e+00
     24.576    15.3949   4.008952    32.0997       1834     7.6375  0.000e+00
     24.554    15.3968   4.009067    32.0992       1835     7.6417  0.000e+00
     24.534    15.3988   4.009140    32.0982       1836     7.6458  0.000e+00
     24.507    15.4008   4.009140    32.0966       1837     7.6500  0.000e+00
     24.482    15.4025   4.009189    32.0957       1838     7.6542  0.000e+00
     24.456    15.4037   4.009243    32.0951       1839     7.6583  0.000e+00
     24.429    15.4051   4.009310    32.0946       1840     7.6625  0.000e+00
     24.398    15.4062   4.009353    32.0941       1841     7.6667  0.000e+00
     24.366    15.4072   4.009353    32.0933       1842     7.6708  0.000e+00
     24.328    15.4084   4.009450    32.0932       1843     7.6750  0.000e+00
     24.283    15.4096   4.009468    32.0924       1844     7.6792  0.000e+00
     24.220    15.4107   4.009571    32.0924       1845     7.6833  0.000e+00
     24.153    15.4120   4.009857    32.0940       1846     7.6875  0.000e+00
     24.070    15.4140   4.009923    32.0930       1847     7.6917  0.000e+00
     23.972    15.4161   4.009923    32.0913       1848     7.6958  0.000e+00
     23.874    15.4178   4.009972    32.0904       1849     7.7000  0.000e+00
     23.751    15.4197   4.010038    32.0894       1850     7.7042  0.000e+00
     23.632    15.4213   4.009947    32.0874       1851     7.7083  0.000e+00
     23.500    15.4226   4.009662    32.0838       1852     7.7125  0.000e+00
     23.339    15.4232   4.009637    32.0832       1853     7.7167  0.000e+00
     23.200    15.4233   4.009662    32.0833       1854     7.7208  0.000e+00
     23.054    15.4238   4.009637    32.0828       1855     7.7250  0.000e+00
     22.934    15.4244   4.009443    32.0806       1856     7.7292  0.000e+00
