HB2304/sbe060.cnv
* Sea-Bird SBE 19plus V2 Data File:
* FileName = C:\cruise\data\sbe060.hex
* Software Version Seasave V 7.26.7.121
* Temperature SN = 7037
* Conductivity SN = 7037
* System UpLoad Time = Oct 11 2023 18:32:11
** Ship: Bigelow
** Cruise:  HB2304
** Program:  Fall Bottom Trawl
# nquan = 7
# nvalues = 1919                                  
# units = specified
# name 0 = depSM: Depth [salt water, m], lat = 40.00
# name 1 = tv290C: Temperature [ITS-90, deg C]
# name 2 = c0S/m: Conductivity [S/m]
# name 3 = sal00: Salinity, Practical [PSU]
# name 4 = scan: Scan Count
# name 5 = timeM: Time, Elapsed [minutes]
# name 6 = flag:  0.000e+00
# span 0 =     -0.087,     81.451                 
# span 1 =    10.5208,    20.8355                 
# span 2 =  -0.076489,   4.265974                 
# span 3 =     0.0000,    34.1690                 
# span 4 =         11,       1929                 
# span 5 =     0.0417,     8.0333                 
# span 6 = 0.0000e+00, 0.0000e+00                 
# interval = seconds: 0.25
# start_time = Oct 11 2023 18:32:11 [System UTC, header]
# bad_flag = -9.990e-29
*END*
[from data line 1231]
     44.148    13.9836   3.971602    32.9328       1242     5.1708  0.000e+00
     44.094    14.0059   3.974185    32.9376       1243     5.1750  0.000e+00
     44.040    14.0279   3.975606    32.9319       1244     5.1792  0.000e+00
     43.982    14.0489   3.976338    32.9208       1245     5.1833  0.000e+00
     43.917    14.0659   3.975957    32.9027       1246     5.1875  0.000e+00
     43.846    14.0774   3.974994    32.8841       1247     5.1917  0.000e+00
     43.775    14.0819   3.972731    32.8594       1248     5.1958  0.000e+00
     43.698    14.0791   3.969157    32.8289       1249     5.2000  0.000e+00
     43.624    14.0714   3.966805    32.8137       1250     5.2042  0.000e+00
     43.546    14.0608   3.964997    32.8061       1251     5.2083  0.000e+00
     43.472    14.0530   3.967391    32.8349       1252     5.2125  0.000e+00
     43.401    14.0564   3.970590    32.8615       1253     5.2167  0.000e+00
     43.329    14.0726   3.971564    32.8567       1254     5.2208  0.000e+00
     43.260    14.0901   3.970777    32.8346       1255     5.2250  0.000e+00
     43.200    14.1059   3.972096    32.8333       1256     5.2292  0.000e+00
     43.137    14.1227   3.974612    32.8422       1257     5.2333  0.000e+00
     43.090    14.1431   3.976573    32.8429       1258     5.2375  0.000e+00
     43.041    14.1649   3.977420    32.8322       1259     5.2417  0.000e+00
     43.000    14.1843   3.977468    32.8161       1260     5.2458  0.000e+00
     42.962    14.1994   3.976784    32.7970       1261     5.2500  0.000e+00
     42.931    14.2112   3.977135    32.7902       1262     5.2542  0.000e+00
     42.898    14.2210   3.977958    32.7895       1263     5.2583  0.000e+00
     42.873    14.2318   3.978642    32.7866       1264     5.2625  0.000e+00
     42.851    14.2414   3.978902    32.7808       1265     5.2667  0.000e+00
     42.840    14.2485   3.979422    32.7796       1266     5.2708  0.000e+00
     42.828    14.2542   3.979398    32.7746       1267     5.2750  0.000e+00
     42.820    14.2582   3.979870    32.7755       1268     5.2792  0.000e+00
     42.802    14.2616   3.980367    32.7772       1269     5.2833  0.000e+00
     42.782    14.2662   3.981075    32.7798       1270     5.2875  0.000e+00
     42.766    14.2714   3.982134    32.7851       1271     5.2917  0.000e+00
     42.743    14.2781   3.983200    32.7892       1272     5.2958  0.000e+00
     42.712    14.2860   3.984642    32.7958       1273     5.3000  0.000e+00
     42.672    14.2953   3.986507    32.8050       1274     5.3042  0.000e+00
     42.627    14.3081   3.988610    32.8134       1275     5.3083  0.000e+00
     42.582    14.3250   3.991240    32.8233       1276     5.3125  0.000e+00
     42.535    14.3446   3.994010    32.8320       1277     5.3167  0.000e+00
     42.475    14.3678   3.997539    32.8447       1278     5.3208  0.000e+00
     42.417    14.3953   3.998418    32.8295       1279     5.3250  0.000e+00
     42.349    14.4210   3.995761    32.7833       1280     5.3292  0.000e+00
     42.283    14.4335   3.989474    32.7153       1281     5.3333  0.000e+00
     42.217    14.4292   3.979771    32.6303       1282     5.3375  0.000e+00
     42.150    14.4076   3.970894    32.5673       1283     5.3417  0.000e+00
     42.075    14.3758   3.964968    32.5399       1284     5.3458  0.000e+00
     42.005    14.3409   3.961022    32.5332       1285     5.3500  0.000e+00
     41.936    14.3072   3.957645    32.5306       1286     5.3542  0.000e+00
     41.857    14.2780   3.956009    32.5402       1287     5.3583  0.000e+00
     41.791    14.2546   3.954977    32.5504       1288     5.3625  0.000e+00
     41.717    14.2379   3.954953    32.5643       1289     5.3667  0.000e+00
     41.649    14.2272   3.954977    32.5736       1290     5.3708  0.000e+00
     41.582    14.2222   3.954766    32.5759       1291     5.3750  0.000e+00
     41.524    14.2221   3.955871    32.5861       1292     5.3792  0.000e+00
     41.466    14.2278   3.958214    32.6029       1293     5.3833  0.000e+00
     41.415    14.2398   3.959972    32.6089       1294     5.3875  0.000e+00
     41.366    14.2564   3.962056    32.6140       1295     5.3917  0.000e+00
     41.327    14.2765   3.963863    32.6137       1296     5.3958  0.000e+00
     41.296    14.2977   3.966142    32.6167       1297     5.4000  0.000e+00
     41.272    14.3192   3.968566    32.6208       1298     5.4042  0.000e+00
     41.256    14.3404   3.971318    32.6281       1299     5.4083  0.000e+00
     41.243    14.3614   3.974917    32.6434       1300     5.4125  0.000e+00
     41.227    14.3852   3.978100    32.6524       1301     5.4167  0.000e+00
     41.213    14.4105   3.981024    32.6579       1302     5.4208  0.000e+00
     41.182    14.4349   3.984046    32.6650       1303     5.4250  0.000e+00
     41.146    14.4602   3.987262    32.6730       1304     5.4292  0.000e+00
     41.088    14.4877   3.991376    32.6874       1305     5.4333  0.000e+00
     41.025    14.5169   3.996208    32.7069       1306     5.4375  0.000e+00
     40.956    14.5522   4.002104    32.7310       1307     5.4417  0.000e+00
     40.871    14.5947   4.008064    32.7495       1308     5.4458  0.000e+00
     40.786    14.6424   4.015279    32.7750       1309     5.4500  0.000e+00
     40.697    14.6966   4.021533    32.7862       1310     5.4542  0.000e+00
     40.609    14.7523   4.026605    32.7854       1311     5.4583  0.000e+00
     40.518    14.8061   4.030954    32.7797       1312     5.4625  0.000e+00
     40.440    14.8545   4.033766    32.7645       1313     5.4667  0.000e+00
     40.365    14.8969   4.035708    32.7465       1314     5.4708  0.000e+00
     40.298    14.9330   4.036687    32.7251       1315     5.4750  0.000e+00
     40.249    14.9657   4.038880    32.7175       1316     5.4792  0.000e+00
     40.211    14.9949   4.040195    32.7050       1317     5.4833  0.000e+00
     40.175    15.0195   4.040871    32.6905       1318     5.4875  0.000e+00
     40.153    15.0405   4.042260    32.6855       1319     5.4917  0.000e+00
     40.138    15.0581   4.043283    32.6799       1320     5.4958  0.000e+00
     40.120    15.0723   4.044014    32.6747       1321     5.5000  0.000e+00
     40.104    15.0834   4.044934    32.6737       1322     5.5042  0.000e+00
     40.086    15.0927   4.045458    32.6707       1323     5.5083  0.000e+00
     40.066    15.1002   4.046116    32.6704       1324     5.5125  0.000e+00
     40.039    15.1058   4.046616    32.6702       1325     5.5167  0.000e+00
     40.001    15.1114   4.047049    32.6694       1326     5.5208  0.000e+00
     39.954    15.1166   4.047061    32.6652       1327     5.5250  0.000e+00
     39.903    15.1215   4.046854    32.6593       1328     5.5292  0.000e+00
     39.846    15.1256   4.046567    32.6533       1329     5.5333  0.000e+00
     39.779    15.1268   4.045848    32.6459       1330     5.5375  0.000e+00
     39.712    15.1272   4.045634    32.6436       1331     5.5417  0.000e+00
     39.639    15.1290   4.045391    32.6400       1332     5.5458  0.000e+00
     39.569    15.1299   4.044860    32.6345       1333     5.5500  0.000e+00
     39.491    15.1285   4.044763    32.6348       1334     5.5542  0.000e+00
     39.417    15.1267   4.044293    32.6321       1335     5.5583  0.000e+00
     39.341    15.1253   4.044086    32.6315       1336     5.5625  0.000e+00
     39.265    15.1248   4.044111    32.6321       1337     5.5667  0.000e+00
     39.195    15.1253   4.044159    32.6321       1338     5.5708  0.000e+00
     39.115    15.1257   4.044178    32.6321       1339     5.5750  0.000e+00
     39.043    15.1271   4.044763    32.6362       1340     5.5792  0.000e+00
     38.969    15.1299   4.044787    32.6341       1341     5.5833  0.000e+00
     38.896    15.1330   4.045079    32.6341       1342     5.5875  0.000e+00
     38.820    15.1349   4.045000    32.6319       1343     5.5917  0.000e+00
     38.744    15.1361   4.044787    32.6289       1344     5.5958  0.000e+00
     38.672    15.1363   4.044689    32.6280       1345     5.6000  0.000e+00
     38.612    15.1368   4.044409    32.6250       1346     5.6042  0.000e+00
     38.540    15.1360   4.043556    32.6181       1347     5.6083  0.000e+00
     38.470    15.1341   4.042983    32.6145       1348     5.6125  0.000e+00
     38.404    15.1316   4.042453    32.6119       1349     5.6167  0.000e+00
     38.352    15.1288   4.041898    32.6092       1350     5.6208  0.000e+00
     38.291    15.1254   4.041301    32.6067       1351     5.6250  0.000e+00
     38.240    15.1219   4.040796    32.6051       1352     5.6292  0.000e+00
     38.189    15.1191   4.040527    32.6051       1353     5.6333  0.000e+00
     38.144    15.1170   4.040448    32.6061       1354     5.6375  0.000e+00
     38.099    15.1156   4.040479    32.6075       1355     5.6417  0.000e+00
     38.057    15.1149   4.040552    32.6088       1356     5.6458  0.000e+00
     38.007    15.1140   4.040412    32.6083       1357     5.6500  0.000e+00
     37.956    15.1132   4.040333    32.6083       1358     5.6542  0.000e+00
     37.905    15.1121   4.040527    32.6109       1359     5.6583  0.000e+00
     37.842    15.1116   4.040479    32.6110       1360     5.6625  0.000e+00
     37.781    15.1113   4.040119    32.6080       1361     5.6667  0.000e+00
     37.712    15.1102   4.039504    32.6034       1362     5.6708  0.000e+00
     37.630    15.1079   4.039065    32.6014       1363     5.6750  0.000e+00
     37.549    15.1052   4.037001    32.5851       1364     5.6792  0.000e+00
     37.462    15.0989   4.035582    32.5776       1365     5.6833  0.000e+00
     37.376    15.0916   4.034742    32.5761       1366     5.6875  0.000e+00
     37.289    15.0839   4.033567    32.5720       1367     5.6917  0.000e+00
     37.200    15.0751   4.032368    32.5685       1368     5.6958  0.000e+00
     37.113    15.0664   4.031291    32.5662       1369     5.7000  0.000e+00
     37.032    15.0583   4.030165    32.5628       1370     5.7042  0.000e+00
     36.951    15.0505   4.029611    32.5643       1371     5.7083  0.000e+00
     36.878    15.0437   4.028990    32.5644       1372     5.7125  0.000e+00
     36.810    15.0369   4.027628    32.5578       1373     5.7167  0.000e+00
     36.750    15.0301   4.026861    32.5566       1374     5.7208  0.000e+00
     36.692    15.0228   4.025614    32.5514       1375     5.7250  0.000e+00
     36.643    15.0153   4.024635    32.5489       1376     5.7292  0.000e+00
     36.598    15.0076   4.024136    32.5508       1377     5.7333  0.000e+00
     36.556    15.0015   4.023753    32.5525       1378     5.7375  0.000e+00
     36.524    14.9962   4.023540    32.5549       1379     5.7417  0.000e+00
     36.491    14.9916   4.023249    32.5561       1380     5.7458  0.000e+00
     36.459    14.9879   4.023084    32.5578       1381     5.7500  0.000e+00
     36.426    14.9852   4.022938    32.5587       1382     5.7542  0.000e+00
     36.386    14.9824   4.022853    32.5603       1383     5.7583  0.000e+00
     36.343    14.9809   4.023419    32.5667       1384     5.7625  0.000e+00
     36.287    14.9830   4.025760    32.5861       1385     5.7667  0.000e+00
     36.236    14.9925   4.028656    32.6043       1386     5.7708  0.000e+00
     36.168    15.0076   4.032703    32.6282       1387     5.7750  0.000e+00
     36.094    15.0303   4.037062    32.6486       1388     5.7792  0.000e+00
     36.010    15.0571   4.039979    32.6526       1389     5.7833  0.000e+00
     35.918    15.0835   4.041709    32.6462       1390     5.7875  0.000e+00
     35.822    15.1064   4.044469    32.6520       1391     5.7917  0.000e+00
     35.730    15.1289   4.046876    32.6549       1392     5.7958  0.000e+00
     35.632    15.1500   4.047699    32.6448       1393     5.8000  0.000e+00
     35.535    15.1681   4.050467    32.6546       1394     5.8042  0.000e+00
     35.441    15.1867   4.052882    32.6609       1395     5.8083  0.000e+00
     35.352    15.2055   4.055364    32.6676       1396     5.8125  0.000e+00
     35.260    15.2245   4.056810    32.6648       1397     5.8167  0.000e+00
     35.173    15.2444   4.061546    32.6908       1398     5.8208  0.000e+00
     35.081    15.2696   4.065942    32.7093       1399     5.8250  0.000e+00
     34.996    15.2992   4.073733    32.7544       1400     5.8292  0.000e+00
     34.916    15.3397   4.081608    32.7913       1401     5.8333  0.000e+00
     34.835    15.3898   4.091002    32.8337       1402     5.8375  0.000e+00
     34.763    15.4483   4.097402    32.8421       1403     5.8417  0.000e+00
     34.689    15.5064   4.101183    32.8275       1404     5.8458  0.000e+00
     34.627    15.5566   4.104523    32.8155       1405     5.8500  0.000e+00
     34.557    15.5973   4.105651    32.7917       1406     5.8542  0.000e+00
     34.501    15.6315   4.107073    32.7759       1407     5.8583  0.000e+00
     34.446    15.6570   4.107637    32.7598       1408     5.8625  0.000e+00
     34.396    15.6750   4.107993    32.7481       1409     5.8667  0.000e+00
     34.345    15.6888   4.108980    32.7454       1410     5.8708  0.000e+00
     34.293    15.6996   4.109305    32.7394       1411     5.8750  0.000e+00
     34.246    15.7072   4.109667    32.7363       1412     5.8792  0.000e+00
     34.195    15.7129   4.110501    32.7390       1413     5.8833  0.000e+00
     34.146    15.7190   4.111256    32.7407       1414     5.8875  0.000e+00
     34.087    15.7250   4.112072    32.7430       1415     5.8917  0.000e+00
     34.027    15.7311   4.112127    32.7385       1416     5.8958  0.000e+00
     33.967    15.7366   4.113176    32.7432       1417     5.9000  0.000e+00
     33.902    15.7417   4.113894    32.7454       1418     5.9042  0.000e+00
     33.839    15.7495   4.116472    32.7619       1419     5.9083  0.000e+00
     33.772    15.7609   4.119265    32.7772       1420     5.9125  0.000e+00
     33.705    15.7720   4.119099    32.7666       1421     5.9167  0.000e+00
     33.635    15.7804   4.118362    32.7531       1422     5.9208  0.000e+00
     33.564    15.7878   4.120892    32.7695       1423     5.9250  0.000e+00
     33.501    15.7977   4.122716    32.7774       1424     5.9292  0.000e+00
     33.441    15.8100   4.124191    32.7804       1425     5.9333  0.000e+00
     33.380    15.8220   4.126095    32.7874       1426     5.9375  0.000e+00
     33.313    15.8336   4.126722    32.7833       1427     5.9417  0.000e+00
     33.255    15.8441   4.127896    32.7851       1428     5.9458  0.000e+00
     33.190    15.8536   4.128848    32.7857       1429     5.9500  0.000e+00
     33.123    15.8633   4.130016    32.7880       1430     5.9542  0.000e+00
     33.056    15.8733   4.131141    32.7897       1431     5.9583  0.000e+00
     32.984    15.8820   4.132610    32.7955       1432     5.9625  0.000e+00
     32.900    15.8922   4.136158    32.8186       1433     5.9667  0.000e+00
     32.817    15.9066   4.138588    32.8282       1434     5.9708  0.000e+00
     32.729    15.9228   4.139788    32.8254       1435     5.9750  0.000e+00
     32.638    15.9385   4.144059    32.8503       1436     5.9792  0.000e+00
     32.542    15.9607   4.152545    32.9070       1437     5.9833  0.000e+00
     32.448    15.9948   4.158492    32.9313       1438     5.9875  0.000e+00
     32.345    16.0348   4.162561    32.9340       1439     5.9917  0.000e+00
     32.246    16.0753   4.166385    32.9343       1440     5.9958  0.000e+00
     32.154    16.1132   4.169612    32.9314       1441     6.0000  0.000e+00
     32.063    16.1518   4.174809    32.9452       1442     6.0042  0.000e+00
     31.984    16.1912   4.178205    32.9425       1443     6.0083  0.000e+00
     31.906    16.2265   4.179051    32.9207       1444     6.0125  0.000e+00
     31.834    16.2542   4.178680    32.8946       1445     6.0167  0.000e+00
