HB2304/sbe074.cnv
* Sea-Bird SBE 19plus V2 Data File:
* FileName = C:\cruise\data\sbe074.hex
* Software Version Seasave V 7.26.7.121
* Temperature SN = 7037
* Conductivity SN = 7037
* System UpLoad Time = Oct 15 2023 18:33:20
** Ship: Bigelow
** Cruise:  HB2304
** Program:  Fall Bottom Trawl
# nquan = 7
# nvalues = 1542                                  
# units = specified
# name 0 = depSM: Depth [salt water, m], lat = 40.00
# name 1 = tv290C: Temperature [ITS-90, deg C]
# name 2 = c0S/m: Conductivity [S/m]
# name 3 = sal00: Salinity, Practical [PSU]
# name 4 = scan: Scan Count
# name 5 = timeM: Time, Elapsed [minutes]
# name 6 = flag:  0.000e+00
# span 0 =     -0.271,     33.810                 
# span 1 =    13.6748,    15.7082                 
# span 2 =  -0.000012,   4.036660                 
# span 3 =     0.0000,    32.2367                 
# span 4 =         11,       1552                 
# span 5 =     0.0417,     6.4625                 
# span 6 = 0.0000e+00, 0.0000e+00                 
# interval = seconds: 0.25
# start_time = Oct 15 2023 18:33:20 [System UTC, header]
# bad_flag = -9.990e-29
*END*
[from data line 1026]
      7.265    15.6979   4.034625    32.0878       1037     4.3167  0.000e+00
      7.165    15.6982   4.034509    32.0866       1038     4.3208  0.000e+00
      7.051    15.6981   4.034558    32.0871       1039     4.3250  0.000e+00
      6.950    15.6981   4.034533    32.0869       1040     4.3292  0.000e+00
      6.860    15.6981   4.034625    32.0878       1041     4.3333  0.000e+00
      6.784    15.6982   4.034746    32.0888       1042     4.3375  0.000e+00
      6.719    15.6988   4.034673    32.0877       1043     4.3417  0.000e+00
      6.657    15.6990   4.034789    32.0886       1044     4.3458  0.000e+00
      6.608    15.6995   4.034746    32.0878       1045     4.3500  0.000e+00
      6.558    15.6996   4.034673    32.0871       1046     4.3542  0.000e+00
      6.491    15.6996   4.034771    32.0880       1047     4.3583  0.000e+00
      6.444    15.6998   4.034764    32.0878       1048     4.3625  0.000e+00
      6.388    15.6998   4.034771    32.0879       1049     4.3667  0.000e+00
      6.298    15.6999   4.034697    32.0871       1050     4.3708  0.000e+00
      6.200    15.6998   4.034722    32.0875       1051     4.3750  0.000e+00
      6.103    15.6997   4.034557    32.0862       1052     4.3792  0.000e+00
      6.027    15.6995   4.034125    32.0826       1053     4.3833  0.000e+00
      5.911    15.6983   4.033979    32.0823       1054     4.3875  0.000e+00
      5.761    15.6969   4.033954    32.0832       1055     4.3917  0.000e+00
      5.642    15.6956   4.033821    32.0831       1056     4.3958  0.000e+00
      5.566    15.6946   4.033857    32.0843       1057     4.4000  0.000e+00
      5.503    15.6938   4.033881    32.0852       1058     4.4042  0.000e+00
      5.452    15.6936   4.034289    32.0890       1059     4.4083  0.000e+00
      5.414    15.6941   4.034198    32.0878       1060     4.4125  0.000e+00
      5.398    15.6950   4.034234    32.0874       1061     4.4167  0.000e+00
      5.347    15.6953   4.034289    32.0877       1062     4.4208  0.000e+00
      5.302    15.6957   4.034198    32.0865       1063     4.4250  0.000e+00
      5.235    15.6960   4.034313    32.0873       1064     4.4292  0.000e+00
      5.168    15.6961   4.034167    32.0859       1065     4.4333  0.000e+00
      5.107    15.6961   4.034313    32.0873       1066     4.4375  0.000e+00
      5.044    15.6965   4.034557    32.0892       1067     4.4417  0.000e+00
      4.981    15.6970   4.034624    32.0894       1068     4.4458  0.000e+00
      4.905    15.6978   4.034624    32.0887       1069     4.4500  0.000e+00
      4.795    15.6984   4.034411    32.0864       1070     4.4542  0.000e+00
      4.688    15.6984   4.034240    32.0849       1071     4.4583  0.000e+00
      4.542    15.6976   4.034100    32.0844       1072     4.4625  0.000e+00
      4.426    15.6970   4.032925    32.0745       1073     4.4667  0.000e+00
      4.341    15.6939   4.032755    32.0755       1074     4.4708  0.000e+00
      4.254    15.6899   4.033090    32.0818       1075     4.4750  0.000e+00
      4.173    15.6881   4.032633    32.0792       1076     4.4792  0.000e+00
      4.112    15.6873   4.031708    32.0717       1077     4.4833  0.000e+00
      4.066    15.6839   4.032085    32.0779       1078     4.4875  0.000e+00
      4.043    15.6817   4.032085    32.0797       1079     4.4917  0.000e+00
      4.036    15.6808   4.032012    32.0797       1080     4.4958  0.000e+00
      4.030    15.6802   4.032055    32.0806       1081     4.5000  0.000e+00
      4.016    15.6798   4.031963    32.0801       1082     4.5042  0.000e+00
      4.009    15.6799   4.031726    32.0779       1083     4.5083  0.000e+00
      4.016    15.6792   4.031245    32.0742       1084     4.5125  0.000e+00
      4.012    15.6774   4.031032    32.0738       1085     4.5167  0.000e+00
      3.998    15.6755   4.031477    32.0793       1086     4.5208  0.000e+00
      3.953    15.6749   4.031221    32.0775       1087     4.5250  0.000e+00
      3.922    15.6744   4.030862    32.0748       1088     4.5292  0.000e+00
      3.835    15.6733   4.031032    32.0772       1089     4.5333  0.000e+00
      3.683    15.6723   4.030929    32.0771       1090     4.5375  0.000e+00
      3.524    15.6718   4.030673    32.0754       1091     4.5417  0.000e+00
      3.338    15.6703   4.030624    32.0762       1092     4.5458  0.000e+00
      3.185    15.6693   4.030649    32.0773       1093     4.5500  0.000e+00
      3.116    15.6687   4.030539    32.0768       1094     4.5542  0.000e+00
      3.093    15.6684   4.030576    32.0774       1095     4.5583  0.000e+00
      3.094    15.6679   4.030764    32.0795       1096     4.5625  0.000e+00
      3.093    15.6682   4.030862    32.0801       1097     4.5667  0.000e+00
      3.089    15.6689   4.031507    32.0853       1098     4.5708  0.000e+00
      3.091    15.6707   4.031823    32.0866       1099     4.5750  0.000e+00
      3.098    15.6734   4.031701    32.0833       1100     4.5792  0.000e+00
      3.113    15.6750   4.031775    32.0827       1101     4.5833  0.000e+00
      3.098    15.6761   4.033333    32.0956       1102     4.5875  0.000e+00
      3.066    15.6798   4.032694    32.0870       1103     4.5917  0.000e+00
      3.023    15.6821   4.032371    32.0822       1104     4.5958  0.000e+00
      2.961    15.6824   4.031726    32.0763       1105     4.6000  0.000e+00
      2.871    15.6813   4.031987    32.0796       1106     4.6042  0.000e+00
      2.786    15.6804   4.032900    32.0884       1107     4.6083  0.000e+00
      2.681    15.6819   4.031890    32.0783       1108     4.6125  0.000e+00
      2.547    15.6816   4.031774    32.0775       1109     4.6167  0.000e+00
      2.441    15.6802   4.031531    32.0766       1110     4.6208  0.000e+00
      2.329    15.6787   4.031409    32.0767       1111     4.6250  0.000e+00
      2.249    15.6771   4.031342    32.0774       1112     4.6292  0.000e+00
      2.204    15.6760   4.031293    32.0779       1113     4.6333  0.000e+00
      2.202    15.6749   4.031245    32.0784       1114     4.6375  0.000e+00
      2.204    15.6742   4.031172    32.0783       1115     4.6417  0.000e+00
      2.204    15.6733   4.031293    32.0801       1116     4.6458  0.000e+00
      2.208    15.6732   4.031293    32.0802       1117     4.6500  0.000e+00
      2.227    15.6732   4.031245    32.0798       1118     4.6542  0.000e+00
      2.272    15.6733   4.031245    32.0797       1119     4.6583  0.000e+00
      2.332    15.6730   4.031251    32.0799       1120     4.6625  0.000e+00
      2.392    15.6730   4.031269    32.0801       1121     4.6667  0.000e+00
      2.426    15.6730   4.031172    32.0792       1122     4.6708  0.000e+00
      2.439    15.6726   4.031172    32.0795       1123     4.6750  0.000e+00
      2.453    15.6724   4.031178    32.0797       1124     4.6792  0.000e+00
      2.441    15.6722   4.031220    32.0803       1125     4.6833  0.000e+00
      2.417    15.6719   4.031220    32.0805       1126     4.6875  0.000e+00
      2.396    15.6721   4.031147    32.0797       1127     4.6917  0.000e+00
      2.358    15.6718   4.031153    32.0801       1128     4.6958  0.000e+00
      2.249    15.6715   4.031366    32.0822       1129     4.7000  0.000e+00
      2.161    15.6719   4.031555    32.0836       1130     4.7042  0.000e+00
      2.047    15.6730   4.031482    32.0821       1131     4.7083  0.000e+00
      2.005    15.6737   4.031464    32.0814       1132     4.7125  0.000e+00
      1.996    15.6739   4.031458    32.0812       1133     4.7167  0.000e+00
      1.991    15.6740   4.031701    32.0833       1134     4.7208  0.000e+00
      1.987    15.6748   4.031774    32.0833       1135     4.7250  0.000e+00
      1.996    15.6755   4.031865    32.0835       1136     4.7292  0.000e+00
      2.003    15.6764   4.031707    32.0813       1137     4.7333  0.000e+00
      2.020    15.6769   4.031774    32.0815       1138     4.7375  0.000e+00
      2.043    15.6770   4.031750    32.0812       1139     4.7417  0.000e+00
      2.058    15.6771   4.031628    32.0800       1140     4.7458  0.000e+00
      2.065    15.6770   4.031683    32.0806       1141     4.7500  0.000e+00
      2.078    15.6767   4.031725    32.0813       1142     4.7542  0.000e+00
      2.135    15.6768   4.031652    32.0805       1143     4.7583  0.000e+00
      2.255    15.6768   4.031415    32.0784       1144     4.7625  0.000e+00
      2.414    15.6756   4.031226    32.0776       1145     4.7667  0.000e+00
      2.493    15.6741   4.031342    32.0798       1146     4.7708  0.000e+00
      2.513    15.6731   4.031507    32.0821       1147     4.7750  0.000e+00
      2.354    15.6733   4.031866    32.0852       1148     4.7792  0.000e+00
      2.123    15.6742   4.031604    32.0822       1149     4.7833  0.000e+00
      1.944    15.6749   4.031500    32.0808       1150     4.7875  0.000e+00
      1.855    15.6748   4.031847    32.0840       1151     4.7917  0.000e+00
      1.830    15.6754   4.031439    32.0798       1152     4.7958  0.000e+00
      1.846    15.6752   4.031701    32.0823       1153     4.8000  0.000e+00
      1.886    15.6753   4.032237    32.0870       1154     4.8042  0.000e+00
      1.931    15.6768   4.032297    32.0863       1155     4.8083  0.000e+00
      1.987    15.6787   4.032133    32.0832       1156     4.8125  0.000e+00
      2.053    15.6793   4.032133    32.0828       1157     4.8167  0.000e+00
      2.121    15.6796   4.032145    32.0826       1158     4.8208  0.000e+00
      2.190    15.6798   4.032705    32.0873       1159     4.8250  0.000e+00
      2.251    15.6811   4.033138    32.0901       1160     4.8292  0.000e+00
      2.307    15.6834   4.032925    32.0864       1161     4.8333  0.000e+00
      2.351    15.6848   4.033107    32.0868       1162     4.8375  0.000e+00
      2.371    15.6859   4.033186    32.0867       1163     4.8417  0.000e+00
      2.367    15.6870   4.032949    32.0836       1164     4.8458  0.000e+00
      2.347    15.6871   4.032346    32.0782       1165     4.8500  0.000e+00
      2.286    15.6855   4.032206    32.0783       1166     4.8542  0.000e+00
      2.208    15.6836   4.032212    32.0799       1167     4.8583  0.000e+00
      2.094    15.6821   4.032182    32.0809       1168     4.8625  0.000e+00
      2.009    15.6814   4.032109    32.0808       1169     4.8667  0.000e+00
      1.944    15.6806   4.032109    32.0815       1170     4.8708  0.000e+00
      1.899    15.6802   4.032097    32.0817       1171     4.8750  0.000e+00
      1.903    15.6799   4.032036    32.0814       1172     4.8792  0.000e+00
      1.924    15.6794   4.031725    32.0791       1173     4.8833  0.000e+00
      1.960    15.6785   4.031464    32.0775       1174     4.8875  0.000e+00
      2.038    15.6771   4.031500    32.0789       1175     4.8917  0.000e+00
      2.136    15.6760   4.031579    32.0805       1176     4.8958  0.000e+00
      2.248    15.6757   4.031482    32.0798       1177     4.9000  0.000e+00
      2.353    15.6751   4.031726    32.0825       1178     4.9042  0.000e+00
      2.461    15.6752   4.031683    32.0819       1179     4.9083  0.000e+00
      2.558    15.6755   4.031342    32.0787       1180     4.9125  0.000e+00
      2.640    15.6749   4.031391    32.0795       1181     4.9167  0.000e+00
      2.669    15.6743   4.031440    32.0804       1182     4.9208  0.000e+00
      2.663    15.6741   4.031482    32.0810       1183     4.9250  0.000e+00
      2.602    15.6740   4.031592    32.0821       1184     4.9292  0.000e+00
      2.510    15.6742   4.031866    32.0843       1185     4.9333  0.000e+00
      2.378    15.6749   4.032036    32.0853       1186     4.9375  0.000e+00
      2.286    15.6760   4.031890    32.0832       1187     4.9417  0.000e+00
      2.226    15.6766   4.031847    32.0824       1188     4.9458  0.000e+00
      2.177    15.6767   4.031914    32.0829       1189     4.9500  0.000e+00
      2.100    15.6770   4.031987    32.0833       1190     4.9542  0.000e+00
      2.027    15.6775   4.032109    32.0840       1191     4.9583  0.000e+00
      1.980    15.6779   4.032121    32.0838       1192     4.9625  0.000e+00
      1.986    15.6786   4.032133    32.0833       1193     4.9667  0.000e+00
      2.027    15.6787   4.031963    32.0817       1194     4.9708  0.000e+00
      2.080    15.6786   4.032011    32.0822       1195     4.9750  0.000e+00
      2.138    15.6784   4.031981    32.0821       1196     4.9792  0.000e+00
      2.208    15.6780   4.031579    32.0788       1197     4.9833  0.000e+00
      2.286    15.6771   4.031056    32.0749       1198     4.9875  0.000e+00
      2.360    15.6752   4.031007    32.0759       1199     4.9917  0.000e+00
      2.412    15.6737   4.030861    32.0759       1200     4.9958  0.000e+00
      2.459    15.6726   4.030953    32.0776       1201     5.0000  0.000e+00
      2.515    15.6718   4.031220    32.0805       1202     5.0042  0.000e+00
      2.562    15.6718   4.031196    32.0803       1203     5.0083  0.000e+00
      2.629    15.6723   4.031099    32.0790       1204     5.0125  0.000e+00
      2.694    15.6721   4.031154    32.0797       1205     5.0167  0.000e+00
      2.754    15.6714   4.031196    32.0806       1206     5.0208  0.000e+00
      2.797    15.6714   4.031032    32.0791       1207     5.0250  0.000e+00
      2.803    15.6718   4.031099    32.0794       1208     5.0292  0.000e+00
      2.794    15.6719   4.031251    32.0806       1209     5.0333  0.000e+00
      2.759    15.6722   4.031774    32.0850       1210     5.0375  0.000e+00
      2.723    15.6740   4.031799    32.0839       1211     5.0417  0.000e+00
      2.692    15.6756   4.031580    32.0806       1212     5.0458  0.000e+00
      2.658    15.6761   4.031592    32.0803       1213     5.0500  0.000e+00
      2.624    15.6763   4.032060    32.0844       1214     5.0542  0.000e+00
      2.584    15.6774   4.032419    32.0867       1215     5.0583  0.000e+00
      2.541    15.6793   4.032322    32.0843       1216     5.0625  0.000e+00
      2.499    15.6807   4.031628    32.0770       1217     5.0667  0.000e+00
      2.454    15.6798   4.031153    32.0735       1218     5.0708  0.000e+00
      2.409    15.6775   4.031123    32.0752       1219     5.0750  0.000e+00
      2.360    15.6756   4.031032    32.0758       1220     5.0792  0.000e+00
      2.313    15.6741   4.030910    32.0761       1221     5.0833  0.000e+00
      2.279    15.6730   4.030953    32.0774       1222     5.0875  0.000e+00
      2.272    15.6719   4.030861    32.0774       1223     5.0917  0.000e+00
      2.295    15.6715   4.030959    32.0786       1224     5.0958  0.000e+00
      2.362    15.6714   4.030837    32.0775       1225     5.1000  0.000e+00
      2.454    15.6710   4.030880    32.0783       1226     5.1042  0.000e+00
      2.552    15.6708   4.030837    32.0780       1227     5.1083  0.000e+00
      2.648    15.6706   4.031294    32.0822       1228     5.1125  0.000e+00
      2.734    15.6714   4.031507    32.0833       1229     5.1167  0.000e+00
      2.817    15.6729   4.031847    32.0852       1230     5.1208  0.000e+00
      2.886    15.6749   4.032280    32.0874       1231     5.1250  0.000e+00
      2.940    15.6773   4.032298    32.0855       1232     5.1292  0.000e+00
      2.958    15.6792   4.032231    32.0834       1233     5.1333  0.000e+00
      2.913    15.6803   4.032298    32.0831       1234     5.1375  0.000e+00
      2.845    15.6811   4.032054    32.0803       1235     5.1417  0.000e+00
      2.733    15.6809   4.030861    32.0699       1236     5.1458  0.000e+00
      2.588    15.6781   4.030715    32.0710       1237     5.1500  0.000e+00
      2.478    15.6749   4.030715    32.0736       1238     5.1542  0.000e+00
      2.402    15.6721   4.030423    32.0733       1239     5.1583  0.000e+00
      2.360    15.6700   4.030381    32.0746       1240     5.1625  0.000e+00
