HB2304/sbe085.cnv
* Sea-Bird SBE 19plus V2 Data File:
* FileName = C:\cruise\data\sbe085.hex
* Software Version Seasave V 7.26.7.121
* Temperature SN = 7037
* Conductivity SN = 7037
* System UpLoad Time = Oct 19 2023 10:33:38
** Ship: Bigelow
** Cruise:  HB2304
** Program:  Fall Bottom Trawl
# nquan = 7
# nvalues = 1510                                  
# units = specified
# name 0 = depSM: Depth [salt water, m], lat = 40.00
# name 1 = tv290C: Temperature [ITS-90, deg C]
# name 2 = c0S/m: Conductivity [S/m]
# name 3 = sal00: Salinity, Practical [PSU]
# name 4 = scan: Scan Count
# name 5 = timeM: Time, Elapsed [minutes]
# name 6 = flag:  0.000e+00
# span 0 =      0.035,     73.336                 
# span 1 =    11.1510,    14.3038                 
# span 2 =  -0.000018,   3.894434                 
# span 3 =     0.0000,    32.4134                 
# span 4 =         11,       1520                 
# span 5 =     0.0417,     6.3292                 
# span 6 = 0.0000e+00, 0.0000e+00                 
# interval = seconds: 0.25
# start_time = Oct 19 2023 10:33:38 [System UTC, header]
# bad_flag = -9.990e-29
*END*
[from data line 1026]
     33.050    12.5706   3.761520    32.1753       1037     4.3167  0.000e+00
     32.913    12.5740   3.761739    32.1745       1038     4.3208  0.000e+00
     32.788    12.5779   3.762686    32.1803       1039     4.3250  0.000e+00
     32.667    12.5841   3.764277    32.1902       1040     4.3292  0.000e+00
     32.550    12.5949   3.766562    32.2027       1041     4.3333  0.000e+00
     32.439    12.6124   3.768071    32.2022       1042     4.3375  0.000e+00
     32.340    12.6317   3.771784    32.2210       1043     4.3417  0.000e+00
     32.243    12.6603   3.773537    32.2132       1044     4.3458  0.000e+00
     32.149    12.6889   3.774188    32.1950       1045     4.3500  0.000e+00
     32.049    12.7115   3.774573    32.1795       1046     4.3542  0.000e+00
     31.952    12.7275   3.774816    32.1682       1047     4.3583  0.000e+00
     31.852    12.7387   3.775041    32.1607       1048     4.3625  0.000e+00
     31.749    12.7468   3.775212    32.1555       1049     4.3667  0.000e+00
     31.646    12.7527   3.775461    32.1529       1050     4.3708  0.000e+00
     31.536    12.7573   3.775834    32.1526       1051     4.3750  0.000e+00
     31.424    12.7619   3.776190    32.1520       1052     4.3792  0.000e+00
     31.301    12.7664   3.776735    32.1535       1053     4.3833  0.000e+00
     31.182    12.7716   3.777831    32.1595       1054     4.3875  0.000e+00
     31.048    12.7793   3.779283    32.1667       1055     4.3917  0.000e+00
     30.921    12.7909   3.780024    32.1639       1056     4.3958  0.000e+00
     30.793    12.8027   3.780711    32.1604       1057     4.4000  0.000e+00
     30.658    12.8138   3.782087    32.1640       1058     4.4042  0.000e+00
     30.522    12.8262   3.783836    32.1700       1059     4.4083  0.000e+00
     30.392    12.8425   3.784221    32.1600       1060     4.4125  0.000e+00
     30.262    12.8564   3.784725    32.1529       1061     4.4167  0.000e+00
     30.135    12.8671   3.785128    32.1477       1062     4.4208  0.000e+00
     29.998    12.8761   3.785265    32.1414       1063     4.4250  0.000e+00
     29.875    12.8825   3.785638    32.1395       1064     4.4292  0.000e+00
     29.752    12.8879   3.785893    32.1374       1065     4.4333  0.000e+00
     29.636    12.8929   3.786504    32.1390       1066     4.4375  0.000e+00
     29.523    12.8982   3.786860    32.1378       1067     4.4417  0.000e+00
     29.410    12.9038   3.786818    32.1328       1068     4.4458  0.000e+00
     29.302    12.9077   3.786883    32.1301       1069     4.4500  0.000e+00
     29.195    12.9100   3.786984    32.1291       1070     4.4542  0.000e+00
     29.091    12.9119   3.787127    32.1289       1071     4.4583  0.000e+00
     28.993    12.9137   3.787168    32.1278       1072     4.4625  0.000e+00
     28.896    12.9152   3.787192    32.1268       1073     4.4667  0.000e+00
     28.798    12.9163   3.787322    32.1271       1074     4.4708  0.000e+00
     28.702    12.9173   3.787346    32.1265       1075     4.4750  0.000e+00
     28.603    12.9182   3.787399    32.1263       1076     4.4792  0.000e+00
     28.503    12.9189   3.787458    32.1263       1077     4.4833  0.000e+00
     28.406    12.9197   3.787494    32.1260       1078     4.4875  0.000e+00
     28.303    12.9207   3.787678    32.1270       1079     4.4917  0.000e+00
     28.198    12.9217   3.787838    32.1277       1080     4.4958  0.000e+00
     28.088    12.9231   3.787933    32.1275       1081     4.5000  0.000e+00
     27.972    12.9243   3.788016    32.1273       1082     4.5042  0.000e+00
     27.853    12.9259   3.788218    32.1278       1083     4.5083  0.000e+00
     27.735    12.9276   3.788283    32.1270       1084     4.5125  0.000e+00
     27.607    12.9290   3.788502    32.1280       1085     4.5167  0.000e+00
     27.482    12.9309   3.789072    32.1318       1086     4.5208  0.000e+00
     27.356    12.9342   3.789167    32.1300       1087     4.5250  0.000e+00
     27.231    12.9376   3.789256    32.1279       1088     4.5292  0.000e+00
     27.103    12.9403   3.789333    32.1264       1089     4.5333  0.000e+00
     26.980    12.9421   3.789392    32.1255       1090     4.5375  0.000e+00
     26.862    12.9437   3.789819    32.1282       1091     4.5417  0.000e+00
     26.745    12.9462   3.790234    32.1301       1092     4.5458  0.000e+00
     26.626    12.9499   3.790680    32.1312       1093     4.5500  0.000e+00
     26.519    12.9542   3.791374    32.1341       1094     4.5542  0.000e+00
     26.412    12.9601   3.792460    32.1394       1095     4.5583  0.000e+00
     26.310    12.9685   3.793172    32.1391       1096     4.5625  0.000e+00
     26.217    12.9778   3.793819    32.1373       1097     4.5667  0.000e+00
     26.122    12.9871   3.794288    32.1339       1098     4.5708  0.000e+00
     26.031    12.9955   3.794959    32.1331       1099     4.5750  0.000e+00
     25.946    13.0038   3.796247    32.1382       1100     4.5792  0.000e+00
     25.861    13.0145   3.797073    32.1370       1101     4.5833  0.000e+00
     25.778    13.0260   3.797316    32.1296       1102     4.5875  0.000e+00
     25.693    13.0352   3.797405    32.1226       1103     4.5917  0.000e+00
     25.601    13.0417   3.798052    32.1233       1104     4.5958  0.000e+00
     25.511    13.0477   3.798967    32.1268       1105     4.6000  0.000e+00
     25.410    13.0553   3.798836    32.1192       1106     4.6042  0.000e+00
     25.307    13.0614   3.798943    32.1151       1107     4.6083  0.000e+00
     25.196    13.0651   3.799157    32.1140       1108     4.6125  0.000e+00
     25.075    13.0684   3.799929    32.1185       1109     4.6167  0.000e+00
     24.956    13.0732   3.800261    32.1176       1110     4.6208  0.000e+00
     24.835    13.0785   3.800368    32.1142       1111     4.6250  0.000e+00
     24.714    13.0828   3.800487    32.1117       1112     4.6292  0.000e+00
     24.587    13.0860   3.800719    32.1113       1113     4.6333  0.000e+00
     24.471    13.0889   3.800974    32.1112       1114     4.6375  0.000e+00
     24.345    13.0921   3.801782    32.1162       1115     4.6417  0.000e+00
     24.224    13.0972   3.802489    32.1185       1116     4.6458  0.000e+00
     24.114    13.1036   3.803006    32.1180       1117     4.6500  0.000e+00
     24.012    13.1102   3.803921    32.1211       1118     4.6542  0.000e+00
     23.908    13.1190   3.804480    32.1189       1119     4.6583  0.000e+00
     23.810    13.1274   3.804551    32.1125       1120     4.6625  0.000e+00
     23.712    13.1335   3.804818    32.1099       1121     4.6667  0.000e+00
     23.624    13.1385   3.805525    32.1124       1122     4.6708  0.000e+00
     23.537    13.1446   3.805597    32.1080       1123     4.6750  0.000e+00
     23.443    13.1493   3.805959    32.1074       1124     4.6792  0.000e+00
     23.358    13.1540   3.806090    32.1047       1125     4.6833  0.000e+00
     23.261    13.1578   3.806559    32.1059       1126     4.6875  0.000e+00
     23.180    13.1617   3.806940    32.1062       1127     4.6917  0.000e+00
     23.089    13.1662   3.807421    32.1070       1128     4.6958  0.000e+00
     22.999    13.1711   3.807564    32.1042       1129     4.7000  0.000e+00
     22.907    13.1757   3.807944    32.1040       1130     4.7042  0.000e+00
     22.816    13.1800   3.809151    32.1116       1131     4.7083  0.000e+00
     22.731    13.1872   3.809692    32.1107       1132     4.7125  0.000e+00
     22.639    13.1956   3.810227    32.1086       1133     4.7167  0.000e+00
     22.547    13.2033   3.810905    32.1086       1134     4.7208  0.000e+00
     22.455    13.2113   3.811191    32.1045       1135     4.7250  0.000e+00
     22.364    13.2181   3.811417    32.1009       1136     4.7292  0.000e+00
     22.267    13.2235   3.811654    32.0986       1137     4.7333  0.000e+00
     22.173    13.2279   3.811732    32.0957       1138     4.7375  0.000e+00
     22.068    13.2310   3.811732    32.0931       1139     4.7417  0.000e+00
     21.954    13.2332   3.811749    32.0915       1140     4.7458  0.000e+00
     21.842    13.2346   3.812600    32.0983       1141     4.7500  0.000e+00
     21.717    13.2381   3.813635    32.1050       1142     4.7542  0.000e+00
     21.591    13.2456   3.814117    32.1033       1143     4.7583  0.000e+00
     21.470    13.2531   3.814801    32.1034       1144     4.7625  0.000e+00
     21.341    13.2610   3.815628    32.1046       1145     4.7667  0.000e+00
     21.226    13.2700   3.816324    32.1036       1146     4.7708  0.000e+00
     21.106    13.2786   3.816973    32.1024       1147     4.7750  0.000e+00
     20.993    13.2874   3.817401    32.0991       1148     4.7792  0.000e+00
     20.888    13.2957   3.818407    32.1015       1149     4.7833  0.000e+00
     20.790    13.3042   3.819603    32.1056       1150     4.7875  0.000e+00
     20.698    13.3153   3.819669    32.0968       1151     4.7917  0.000e+00
     20.608    13.3246   3.820294    32.0949       1152     4.7958  0.000e+00
     20.523    13.3324   3.820567    32.0909       1153     4.8000  0.000e+00
     20.440    13.3391   3.820901    32.0884       1154     4.8042  0.000e+00
     20.362    13.3448   3.821371    32.0880       1155     4.8083  0.000e+00
     20.273    13.3498   3.821222    32.0825       1156     4.8125  0.000e+00
     20.194    13.3535   3.821889    32.0857       1157     4.8167  0.000e+00
     20.107    13.3574   3.822204    32.0854       1158     4.8208  0.000e+00
     20.015    13.3620   3.822585    32.0850       1159     4.8250  0.000e+00
     19.919    13.3670   3.822841    32.0832       1160     4.8292  0.000e+00
     19.829    13.3712   3.823461    32.0856       1161     4.8333  0.000e+00
     19.735    13.3764   3.823735    32.0838       1162     4.8375  0.000e+00
     19.636    13.3815   3.823758    32.0798       1163     4.8417  0.000e+00
     19.542    13.3848   3.824247    32.0816       1164     4.8458  0.000e+00
     19.446    13.3887   3.825170    32.0869       1165     4.8500  0.000e+00
     19.357    13.3950   3.825849    32.0880       1166     4.8542  0.000e+00
     19.267    13.4026   3.825872    32.0819       1167     4.8583  0.000e+00
     19.173    13.4080   3.826271    32.0811       1168     4.8625  0.000e+00
     19.086    13.4134   3.826790    32.0814       1169     4.8667  0.000e+00
     19.001    13.4189   3.828696    32.0946       1170     4.8708  0.000e+00
     18.911    13.4293   3.830573    32.1034       1171     4.8750  0.000e+00
     18.815    13.4454   3.832940    32.1120       1172     4.8792  0.000e+00
     18.723    13.4663   3.834991    32.1136       1173     4.8833  0.000e+00
     18.629    13.4902   3.838342    32.1247       1174     4.8875  0.000e+00
     18.539    13.5197   3.843032    32.1436       1175     4.8917  0.000e+00
     18.439    13.5579   3.846428    32.1431       1176     4.8958  0.000e+00
     18.344    13.6009   3.847155    32.1138       1177     4.9000  0.000e+00
     18.246    13.6351   3.847824    32.0914       1178     4.9042  0.000e+00
     18.150    13.6597   3.848713    32.0791       1179     4.9083  0.000e+00
     18.060    13.6782   3.849304    32.0691       1180     4.9125  0.000e+00
     17.966    13.6933   3.850821    32.0705       1181     4.9167  0.000e+00
     17.883    13.7082   3.852637    32.0749       1182     4.9208  0.000e+00
     17.794    13.7263   3.853533    32.0681       1183     4.9250  0.000e+00
     17.704    13.7432   3.854046    32.0587       1184     4.9292  0.000e+00
     17.623    13.7571   3.854291    32.0495       1185     4.9333  0.000e+00
     17.534    13.7672   3.854476    32.0427       1186     4.9375  0.000e+00
     17.453    13.7743   3.854601    32.0380       1187     4.9417  0.000e+00
     17.366    13.7793   3.854769    32.0354       1188     4.9458  0.000e+00
     17.281    13.7831   3.855133    32.0356       1189     4.9500  0.000e+00
     17.189    13.7869   3.855563    32.0365       1190     4.9542  0.000e+00
     17.099    13.7913   3.855814    32.0352       1191     4.9583  0.000e+00
     17.008    13.7955   3.856095    32.0343       1192     4.9625  0.000e+00
     16.912    13.7994   3.856471    32.0345       1193     4.9667  0.000e+00
     16.820    13.8036   3.856746    32.0336       1194     4.9708  0.000e+00
     16.726    13.8079   3.857338    32.0356       1195     4.9750  0.000e+00
     16.638    13.8127   3.857882    32.0366       1196     4.9792  0.000e+00
     16.551    13.8187   3.858330    32.0357       1197     4.9833  0.000e+00
     16.462    13.8250   3.858629    32.0333       1198     4.9875  0.000e+00
     16.378    13.8306   3.858856    32.0307       1199     4.9917  0.000e+00
     16.303    13.8352   3.859131    32.0295       1200     4.9958  0.000e+00
     16.217    13.8394   3.859447    32.0289       1201     5.0000  0.000e+00
     16.135    13.8432   3.859704    32.0282       1202     5.0042  0.000e+00
     16.050    13.8470   3.859812    32.0261       1203     5.0083  0.000e+00
     15.967    13.8502   3.859860    32.0239       1204     5.0125  0.000e+00
     15.877    13.8526   3.860218    32.0252       1205     5.0167  0.000e+00
     15.796    13.8554   3.860404    32.0246       1206     5.0208  0.000e+00
     15.713    13.8581   3.860559    32.0238       1207     5.0250  0.000e+00
     15.622    13.8607   3.860721    32.0231       1208     5.0292  0.000e+00
     15.532    13.8631   3.861019    32.0240       1209     5.0333  0.000e+00
     15.440    13.8660   3.861426    32.0253       1210     5.0375  0.000e+00
     15.355    13.8696   3.861904    32.0268       1211     5.0417  0.000e+00
     15.270    13.8741   3.862532    32.0288       1212     5.0458  0.000e+00
     15.192    13.8797   3.863836    32.0362       1213     5.0500  0.000e+00
     15.116    13.8889   3.864954    32.0389       1214     5.0542  0.000e+00
     15.042    13.9007   3.865522    32.0344       1215     5.0583  0.000e+00
     14.972    13.9115   3.865887    32.0288       1216     5.0625  0.000e+00
     14.912    13.9202   3.866222    32.0247       1217     5.0667  0.000e+00
     14.843    13.9273   3.866479    32.0211       1218     5.0708  0.000e+00
     14.769    13.9329   3.866958    32.0209       1219     5.0750  0.000e+00
     14.704    13.9385   3.867389    32.0202       1220     5.0792  0.000e+00
     14.623    13.9441   3.867735    32.0188       1221     5.0833  0.000e+00
     14.551    13.9492   3.868118    32.0181       1222     5.0875  0.000e+00
     14.475    13.9542   3.868585    32.0183       1223     5.0917  0.000e+00
     14.395    13.9596   3.869668    32.0238       1224     5.0958  0.000e+00
     14.305    13.9676   3.870512    32.0249       1225     5.1000  0.000e+00
     14.218    13.9772   3.871242    32.0237       1226     5.1042  0.000e+00
     14.129    13.9867   3.871841    32.0213       1227     5.1083  0.000e+00
     14.037    13.9959   3.872385    32.0187       1228     5.1125  0.000e+00
     13.952    14.0043   3.872636    32.0141       1229     5.1167  0.000e+00
     13.855    14.0113   3.872888    32.0106       1230     5.1208  0.000e+00
     13.761    14.0167   3.873456    32.0114       1231     5.1250  0.000e+00
     13.667    14.0225   3.873798    32.0098       1232     5.1292  0.000e+00
     13.569    14.0280   3.873935    32.0065       1233     5.1333  0.000e+00
     13.474    14.0326   3.874121    32.0044       1234     5.1375  0.000e+00
     13.381    14.0359   3.874234    32.0027       1235     5.1417  0.000e+00
     13.280    14.0389   3.874348    32.0014       1236     5.1458  0.000e+00
     13.192    14.0412   3.874486    32.0008       1237     5.1500  0.000e+00
     13.099    14.0432   3.874624    32.0004       1238     5.1542  0.000e+00
     13.022    14.0452   3.875013    32.0023       1239     5.1583  0.000e+00
     12.935    14.0481   3.875444    32.0039       1240     5.1625  0.000e+00
