HB2304/sbe020.cnv
* Sea-Bird SBE 19plus V2 Data File:
* FileName = C:\cruise\data\sbe020.hex
* Software Version Seasave V 7.26.7.121
* Temperature SN = 7037
* Conductivity SN = 7037
* System UpLoad Time = Sep 17 2023 01:51:10
** Ship: Bigelow
** Cruise:  HB2304
** Program:  Fall Bottom Trawl
# nquan = 7
# nvalues = 1495                                  
# units = specified
# name 0 = depSM: Depth [salt water, m], lat = 40.00
# name 1 = tv290C: Temperature [ITS-90, deg C]
# name 2 = c0S/m: Conductivity [S/m]
# name 3 = sal00: Salinity, Practical [PSU]
# name 4 = scan: Scan Count
# name 5 = timeM: Time, Elapsed [minutes]
# name 6 = flag:  0.000e+00
# span 0 =     -0.029,     36.895                 
# span 1 =    14.2849,    24.8330                 
# span 2 =   0.000031,   5.208491                 
# span 3 =     0.0109,    34.8099                 
# span 4 =         11,       1505                 
# span 5 =     0.0417,     6.2667                 
# span 6 = 0.0000e+00, 0.0000e+00                 
# interval = seconds: 0.25
# start_time = Sep 17 2023 01:51:10 [System UTC, header]
# bad_flag = -9.990e-29
*END*
[from data line 821]
     24.238    19.7803   4.624729    33.8026        832     3.4625  0.000e+00
     24.229    19.8320   4.626037    33.7717        833     3.4667  0.000e+00
     24.220    19.8674   4.623452    33.7220        834     3.4708  0.000e+00
     24.213    19.8822   4.620713    33.6878        835     3.4750  0.000e+00
     24.202    19.8830   4.619302    33.6757        836     3.4792  0.000e+00
     24.191    19.8787   4.620971    33.6928        837     3.4833  0.000e+00
     24.181    19.8774   4.622485    33.7062        838     3.4875  0.000e+00
     24.157    19.8812   4.625714    33.7295        839     3.4917  0.000e+00
     24.130    19.8908   4.627158    33.7336        840     3.4958  0.000e+00
     24.101    19.9034   4.629298    33.7409        841     3.5000  0.000e+00
     24.065    19.9175   4.631156    33.7448        842     3.5042  0.000e+00
     24.018    19.9340   4.631620    33.7354        843     3.5083  0.000e+00
     23.967    19.9513   4.629452    33.7039        844     3.5125  0.000e+00
     23.909    19.9640   4.628511    33.6860        845     3.5167  0.000e+00
     23.841    19.9732   4.631509    33.7031        846     3.5208  0.000e+00
     23.763    19.9859   4.636593    33.7344        847     3.5250  0.000e+00
     23.676    20.0121   4.668858    33.9764        848     3.5292  0.000e+00
     23.582    20.1172   4.716144    34.2767        849     3.5333  0.000e+00
     23.485    20.3242   4.771799    34.5607        850     3.5375  0.000e+00
     23.387    20.6089   4.797096    34.5334        851     3.5417  0.000e+00
     23.289    20.8781   4.800372    34.3417        852     3.5458  0.000e+00
     23.199    21.0647   4.816478    34.3206        853     3.5500  0.000e+00
     23.107    21.2159   4.847078    34.4433        854     3.5542  0.000e+00
     23.025    21.3881   4.871676    34.5007        855     3.5583  0.000e+00
     22.962    21.5646   4.882335    34.4436        856     3.5625  0.000e+00
     22.897    21.7093   4.887525    34.3691        857     3.5667  0.000e+00
     22.848    21.8139   4.891523    34.3174        858     3.5708  0.000e+00
     22.803    21.8887   4.894137    34.2786        859     3.5750  0.000e+00
     22.763    21.9414   4.898303    34.2695        860     3.5792  0.000e+00
     22.733    21.9812   4.899201    34.2451        861     3.5833  0.000e+00
     22.707    22.0093   4.897959    34.2131        862     3.5875  0.000e+00
     22.677    22.0244   4.896704    34.1914        863     3.5917  0.000e+00
     22.651    22.0297   4.896505    34.1857        864     3.5958  0.000e+00
     22.624    22.0314   4.901387    34.2226        865     3.6000  0.000e+00
     22.583    22.0449   4.923543    34.3856        866     3.6042  0.000e+00
     22.534    22.1013   4.930714    34.3970        867     3.6083  0.000e+00
     22.480    22.1681   4.934503    34.3737        868     3.6125  0.000e+00
     22.420    22.2225   4.943093    34.3978        869     3.6167  0.000e+00
     22.351    22.2776   4.959378    34.4813        870     3.6208  0.000e+00
     22.268    22.3568   4.988860    34.6485        871     3.6250  0.000e+00
     22.178    22.4880   5.015459    34.7513        872     3.6292  0.000e+00
     22.089    22.6469   5.013528    34.6100        873     3.6333  0.000e+00
     22.004    22.7588   4.998571    34.4059        874     3.6375  0.000e+00
     21.908    22.8033   5.009370    34.4543        875     3.6417  0.000e+00
     21.813    22.8514   5.027892    34.5596        876     3.6458  0.000e+00
     21.724    22.9340   5.051870    34.6795        877     3.6500  0.000e+00
     21.639    23.0526   5.073523    34.7525        878     3.6542  0.000e+00
     21.559    23.1904   5.095169    34.8099        879     3.6583  0.000e+00
     21.484    23.3374   5.104388    34.7646        880     3.6625  0.000e+00
     21.411    23.4582   5.113143    34.7365        881     3.6667  0.000e+00
     21.357    23.5521   5.118869    34.7065        882     3.6708  0.000e+00
     21.297    23.6274   5.132697    34.7528        883     3.6750  0.000e+00
     21.250    23.7031   5.140733    34.7545        884     3.6792  0.000e+00
     21.219    23.7770   5.145204    34.7307        885     3.6833  0.000e+00
     21.189    23.8385   5.155693    34.7621        886     3.6875  0.000e+00
     21.162    23.9016   5.155516    34.7114        887     3.6917  0.000e+00
     21.142    23.9463   5.158480    34.6990        888     3.6958  0.000e+00
     21.131    23.9794   5.158513    34.6735        889     3.7000  0.000e+00
     21.109    23.9992   5.161215    34.6785        890     3.7042  0.000e+00
     21.093    24.0180   5.159344    34.6497        891     3.7083  0.000e+00
     21.082    24.0274   5.157331    34.6272        892     3.7125  0.000e+00
     21.064    24.0268   5.159256    34.6423        893     3.7167  0.000e+00
     21.042    24.0283   5.161289    34.6564        894     3.7208  0.000e+00
     21.013    24.0353   5.166925    34.6935        895     3.7250  0.000e+00
     20.975    24.0549   5.169493    34.6976        896     3.7292  0.000e+00
     20.928    24.0754   5.171454    34.6965        897     3.7333  0.000e+00
     20.878    24.0951   5.175180    34.7093        898     3.7375  0.000e+00
     20.815    24.1191   5.176715    34.7022        899     3.7417  0.000e+00
     20.750    24.1409   5.180416    34.7132        900     3.7458  0.000e+00
     20.677    24.1657   5.183779    34.7193        901     3.7500  0.000e+00
     20.600    24.1916   5.185457    34.7118        902     3.7542  0.000e+00
     20.518    24.2158   5.187515    34.7085        903     3.7583  0.000e+00
     20.431    24.2390   5.187196    34.6881        904     3.7625  0.000e+00
     20.348    24.2585   5.186092    34.6647        905     3.7667  0.000e+00
     20.258    24.2733   5.183452    34.6334        906     3.7708  0.000e+00
     20.166    24.2838   5.180995    34.6069        907     3.7750  0.000e+00
     20.081    24.2912   5.178532    34.5827        908     3.7792  0.000e+00
     19.999    24.2937   5.177639    34.5741        909     3.7833  0.000e+00
     19.913    24.2932   5.176685    34.5673        910     3.7875  0.000e+00
     19.833    24.2911   5.174398    34.5518        911     3.7917  0.000e+00
     19.752    24.2867   5.171335    34.5322        912     3.7958  0.000e+00
     19.676    24.2783   5.170125    34.5296        913     3.8000  0.000e+00
     19.593    24.2707   5.168191    34.5211        914     3.8042  0.000e+00
     19.517    24.2638   5.167556    34.5216        915     3.8083  0.000e+00
     19.453    24.2583   5.167583    34.5261        916     3.8125  0.000e+00
     19.385    24.2548   5.165677    34.5145        917     3.8167  0.000e+00
     19.320    24.2517   5.164812    34.5104        918     3.8208  0.000e+00
     19.258    24.2487   5.165075    34.5147        919     3.8250  0.000e+00
     19.191    24.2466   5.164068    34.5088        920     3.8292  0.000e+00
     19.130    24.2450   5.163805    34.5081        921     3.8333  0.000e+00
     19.067    24.2438   5.163832    34.5092        922     3.8375  0.000e+00
     19.014    24.2430   5.163866    34.5101        923     3.8417  0.000e+00
     18.958    24.2424   5.163805    34.5102        924     3.8458  0.000e+00
     18.904    24.2421   5.163893    34.5110        925     3.8500  0.000e+00
     18.851    24.2425   5.163778    34.5099        926     3.8542  0.000e+00
     18.794    24.2429   5.163690    34.5090        927     3.8583  0.000e+00
     18.756    24.2431   5.163636    34.5084        928     3.8625  0.000e+00
     18.730    24.2432   5.163622    34.5082        929     3.8667  0.000e+00
     18.698    24.2442   5.163636    34.5076        930     3.8708  0.000e+00
     18.665    24.2448   5.163602    34.5069        931     3.8750  0.000e+00
     18.645    24.2452   5.163514    34.5059        932     3.8792  0.000e+00
     18.607    24.2454   5.163548    34.5060        933     3.8833  0.000e+00
     18.582    24.2455   5.163717    34.5072        934     3.8875  0.000e+00
     18.542    24.2462   5.163777    34.5072        935     3.8917  0.000e+00
     18.486    24.2472   5.163777    34.5063        936     3.8958  0.000e+00
     18.432    24.2488   5.163602    34.5038        937     3.9000  0.000e+00
     18.374    24.2503   5.163602    34.5027        938     3.9042  0.000e+00
     18.309    24.2515   5.163433    34.5005        939     3.9083  0.000e+00
     18.239    24.2519   5.163487    34.5006        940     3.9125  0.000e+00
     18.170    24.2529   5.164122    34.5047        941     3.9167  0.000e+00
     18.096    24.2560   5.163804    34.4999        942     3.9208  0.000e+00
     18.025    24.2582   5.161858    34.4836        943     3.9250  0.000e+00
     17.957    24.2564   5.159541    34.4676        944     3.9292  0.000e+00
     17.893    24.2503   5.157643    34.4581        945     3.9333  0.000e+00
     17.836    24.2418   5.156718    34.4577        946     3.9375  0.000e+00
     17.796    24.2340   5.155597    34.4554        947     3.9417  0.000e+00
     17.756    24.2265   5.154361    34.4518        948     3.9458  0.000e+00
     17.723    24.2198   5.153470    34.4503        949     3.9500  0.000e+00
     17.691    24.2135   5.152720    34.4495        950     3.9542  0.000e+00
     17.667    24.2083   5.152666    34.4532        951     3.9583  0.000e+00
     17.638    24.2048   5.152896    34.4576        952     3.9625  0.000e+00
     17.617    24.2033   5.152876    34.4586        953     3.9667  0.000e+00
     17.591    24.2025   5.152721    34.4581        954     3.9708  0.000e+00
     17.562    24.2018   5.152754    34.4589        955     3.9750  0.000e+00
     17.537    24.2017   5.152984    34.4607        956     3.9792  0.000e+00
     17.501    24.2023   5.153531    34.4644        957     3.9833  0.000e+00
     17.463    24.2041   5.154105    34.4673        958     3.9875  0.000e+00
     17.418    24.2073   5.154820    34.4702        959     3.9917  0.000e+00
     17.364    24.2118   5.155860    34.4745        960     3.9958  0.000e+00
     17.313    24.2183   5.156751    34.4763        961     4.0000  0.000e+00
     17.259    24.2259   5.158305    34.4821        962     4.0042  0.000e+00
     17.194    24.2351   5.159399    34.4832        963     4.0083  0.000e+00
     17.134    24.2447   5.160567    34.4846        964     4.0125  0.000e+00
     17.062    24.2537   5.162736    34.4940        965     4.0167  0.000e+00
     16.993    24.2649   5.163547    34.4915        966     4.0208  0.000e+00
     16.912    24.2752   5.164783    34.4928        967     4.0250  0.000e+00
     16.841    24.2852   5.166777    34.5001        968     4.0292  0.000e+00
     16.771    24.2975   5.169142    34.5084        969     4.0333  0.000e+00
     16.697    24.3121   5.171996    34.5186        970     4.0375  0.000e+00
     16.617    24.3296   5.174369    34.5229        971     4.0417  0.000e+00
     16.547    24.3483   5.177230    34.5300        972     4.0458  0.000e+00
     16.469    24.3677   5.180498    34.5395        973     4.0500  0.000e+00
     16.398    24.3883   5.183218    34.5440        974     4.0542  0.000e+00
     16.313    24.4091   5.184869    34.5404        975     4.0583  0.000e+00
     16.241    24.4274   5.185681    34.5324        976     4.0625  0.000e+00
     16.171    24.4419   5.187191    34.5325        977     4.0667  0.000e+00
     16.104    24.4543   5.188491    34.5328        978     4.0708  0.000e+00
     16.049    24.4660   5.189621    34.5322        979     4.0750  0.000e+00
     15.988    24.4765   5.190495    34.5306        980     4.0792  0.000e+00
     15.945    24.4858   5.191077    34.5279        981     4.0833  0.000e+00
     15.916    24.4935   5.191510    34.5252        982     4.0875  0.000e+00
     15.896    24.4996   5.191917    34.5235        983     4.0917  0.000e+00
     15.885    24.5046   5.192208    34.5219        984     4.0958  0.000e+00
     15.881    24.5082   5.190406    34.5056        985     4.1000  0.000e+00
     15.885    24.5113   5.192262    34.5171        986     4.1042  0.000e+00
     15.896    24.5130   5.192174    34.5151        987     4.1083  0.000e+00
     15.908    24.5142   5.192059    34.5133        988     4.1125  0.000e+00
     15.923    24.5143   5.191944    34.5124        989     4.1167  0.000e+00
     15.943    24.5141   5.191856    34.5119        990     4.1208  0.000e+00
     15.954    24.5138   5.191652    34.5106        991     4.1250  0.000e+00
     15.963    24.5128   5.191537    34.5105        992     4.1292  0.000e+00
     15.966    24.5116   5.191510    34.5112        993     4.1333  0.000e+00
     15.959    24.5110   5.191686    34.5130        994     4.1375  0.000e+00
     15.953    24.5111   5.191713    34.5131        995     4.1417  0.000e+00
     15.928    24.5113   5.192235    34.5169        996     4.1458  0.000e+00
     15.899    24.5129   5.193075    34.5219        997     4.1500  0.000e+00
     15.867    24.5165   5.193685    34.5238        998     4.1542  0.000e+00
     15.834    24.5205   5.194003    34.5230        999     4.1583  0.000e+00
     15.783    24.5244   5.193596    34.5170       1000     4.1625  0.000e+00
     15.745    24.5273   5.193136    34.5114       1001     4.1667  0.000e+00
     15.691    24.5287   5.192553    34.5060       1002     4.1708  0.000e+00
     15.651    24.5295   5.193074    34.5093       1003     4.1750  0.000e+00
     15.599    24.5312   5.194003    34.5149       1004     4.1792  0.000e+00
     15.554    24.5357   5.195398    34.5219       1005     4.1833  0.000e+00
     15.492    24.5427   5.196157    34.5222       1006     4.1875  0.000e+00
     15.438    24.5501   5.196414    34.5184       1007     4.1917  0.000e+00
     15.380    24.5567   5.196590    34.5147       1008     4.1958  0.000e+00
     15.321    24.5610   5.196766    34.5127       1009     4.2000  0.000e+00
     15.263    24.5642   5.197058    34.5125       1010     4.2042  0.000e+00
     15.185    24.5667   5.197315    34.5125       1011     4.2083  0.000e+00
     15.109    24.5690   5.197518    34.5122       1012     4.2125  0.000e+00
     15.033    24.5714   5.197782    34.5124       1013     4.2167  0.000e+00
     14.948    24.5735   5.198189    34.5138       1014     4.2208  0.000e+00
     14.865    24.5761   5.198419    34.5136       1015     4.2250  0.000e+00
     14.784    24.5787   5.198162    34.5097       1016     4.2292  0.000e+00
     14.708    24.5802   5.198216    34.5090       1017     4.2333  0.000e+00
     14.632    24.5823   5.198534    34.5098       1018     4.2375  0.000e+00
     14.570    24.5847   5.199585    34.5157       1019     4.2417  0.000e+00
     14.529    24.5898   5.199381    34.5104       1020     4.2458  0.000e+00
     14.493    24.5938   5.199612    34.5090       1021     4.2500  0.000e+00
     14.471    24.5973   5.199354    34.5044       1022     4.2542  0.000e+00
     14.460    24.5988   5.199266    34.5026       1023     4.2583  0.000e+00
     14.465    24.5994   5.199178    34.5015       1024     4.2625  0.000e+00
     14.480    24.5996   5.199029    34.5002       1025     4.2667  0.000e+00
     14.509    24.5997   5.198622    34.4971       1026     4.2708  0.000e+00
     14.539    24.5984   5.198331    34.4959       1027     4.2750  0.000e+00
     14.570    24.5969   5.198073    34.4951       1028     4.2792  0.000e+00
     14.597    24.5951   5.197836    34.4948       1029     4.2833  0.000e+00
     14.628    24.5932   5.197836    34.4961       1030     4.2875  0.000e+00
     14.659    24.5914   5.197924    34.4982       1031     4.2917  0.000e+00
     14.680    24.5901   5.198101    34.5005       1032     4.2958  0.000e+00
     14.706    24.5890   5.198073    34.5011       1033     4.3000  0.000e+00
     14.718    24.5884   5.197897    34.5003       1034     4.3042  0.000e+00
     14.729    24.5869   5.197836    34.5010       1035     4.3083  0.000e+00
