HB2304/sbe067.cnv
* Sea-Bird SBE 19plus V2 Data File:
* FileName = C:\cruise\data\sbe067.hex
* Software Version Seasave V 7.26.7.121
* Temperature SN = 7037
* Conductivity SN = 7037
* System UpLoad Time = Oct 13 2023 12:42:59
** Ship: Bigelow
** Cruise:  HB2304
** Program:  Fall Bottom Trawl
# nquan = 7
# nvalues = 4196                                  
# units = specified
# name 0 = depSM: Depth [salt water, m], lat = 40.00
# name 1 = tv290C: Temperature [ITS-90, deg C]
# name 2 = c0S/m: Conductivity [S/m]
# name 3 = sal00: Salinity, Practical [PSU]
# name 4 = scan: Scan Count
# name 5 = timeM: Time, Elapsed [minutes]
# name 6 = flag:  0.000e+00
# span 0 =      0.304,    333.097                 
# span 1 =     6.7113,    16.8982                 
# span 2 =   3.520250,   4.356505                 
# span 3 =    32.2217,    35.3877                 
# span 4 =         11,       4206                 
# span 5 =     0.0417,    17.5208                 
# span 6 = 0.0000e+00, 0.0000e+00                 
# interval = seconds: 0.25
# start_time = Oct 13 2023 12:42:59 [System UTC, header]
# bad_flag = -9.990e-29
*END*
[from data line 4103]
     16.177    16.4914   4.192263    32.8241       4114    17.1375  0.000e+00
     16.003    16.4898   4.192517    32.8277       4115    17.1417  0.000e+00
     15.823    16.4896   4.193445    32.8360       4116    17.1458  0.000e+00
     15.631    16.4916   4.194503    32.8438       4117    17.1500  0.000e+00
     15.432    16.4957   4.194756    32.8427       4118    17.1542  0.000e+00
     15.221    16.5002   4.195202    32.8429       4119    17.1583  0.000e+00
     15.010    16.5047   4.195102    32.8385       4120    17.1625  0.000e+00
     14.782    16.5086   4.197268    32.8543       4121    17.1667  0.000e+00
     14.540    16.5161   4.197682    32.8518       4122    17.1708  0.000e+00
     14.287    16.5246   4.198023    32.8479       4123    17.1750  0.000e+00
     14.032    16.5316   4.198227    32.8440       4124    17.1792  0.000e+00
     13.774    16.5375   4.198363    32.8405       4125    17.1833  0.000e+00
     13.512    16.5417   4.198127    32.8350       4126    17.1875  0.000e+00
     13.269    16.5447   4.196790    32.8210       4127    17.1917  0.000e+00
     13.022    16.5446   4.195949    32.8138       4128    17.1958  0.000e+00
     12.776    16.5432   4.194928    32.8062       4129    17.2000  0.000e+00
     12.546    16.5399   4.191420    32.7783       4130    17.2042  0.000e+00
     12.315    16.5316   4.190814    32.7799       4131    17.2083  0.000e+00
     12.095    16.5239   4.187067    32.7536       4132    17.2125  0.000e+00
     11.872    16.5128   4.184681    32.7419       4133    17.2167  0.000e+00
     11.657    16.4998   4.185379    32.7587       4134    17.2208  0.000e+00
     11.444    16.4905   4.185460    32.7671       4135    17.2250  0.000e+00
     11.222    16.4854   4.185713    32.7736       4136    17.2292  0.000e+00
     11.005    16.4825   4.185787    32.7768       4137    17.2333  0.000e+00
     10.788    16.4813   4.185596    32.7762       4138    17.2375  0.000e+00
     10.566    16.4801   4.185620    32.7774       4139    17.2417  0.000e+00
     10.349    16.4794   4.185311    32.7754       4140    17.2458  0.000e+00
     10.127    16.4787   4.184897    32.7724       4141    17.2500  0.000e+00
      9.912    16.4773   4.184829    32.7731       4142    17.2542  0.000e+00
      9.699    16.4761   4.184971    32.7753       4143    17.2583  0.000e+00
      9.484    16.4754   4.185379    32.7796       4144    17.2625  0.000e+00
      9.281    16.4758   4.185886    32.7837       4145    17.2667  0.000e+00
      9.090    16.4773   4.186460    32.7876       4146    17.2708  0.000e+00
      8.907    16.4791   4.186460    32.7862       4147    17.2750  0.000e+00
      8.739    16.4804   4.186639    32.7867       4148    17.2792  0.000e+00
      8.584    16.4820   4.186918    32.7879       4149    17.2833  0.000e+00
      8.437    16.4835   4.187387    32.7909       4150    17.2875  0.000e+00
      8.296    16.4852   4.186893    32.7852       4151    17.2917  0.000e+00
      8.159    16.4861   4.186818    32.7839       4152    17.2958  0.000e+00
      8.020    16.4861   4.186583    32.7819       4153    17.3000  0.000e+00
      7.870    16.4859   4.186701    32.7831       4154    17.3042  0.000e+00
      7.713    16.4857   4.186843    32.7846       4155    17.3083  0.000e+00
      7.523    16.4857   4.186861    32.7848       4156    17.3125  0.000e+00
      7.331    16.4859   4.186484    32.7814       4157    17.3167  0.000e+00
      7.106    16.4857   4.187010    32.7862       4158    17.3208  0.000e+00
      6.860    16.4857   4.186942    32.7858       4159    17.3250  0.000e+00
      6.591    16.4865   4.185903    32.7761       4160    17.3292  0.000e+00
      6.311    16.4856   4.185761    32.7757       4161    17.3333  0.000e+00
      6.002    16.4839   4.186100    32.7802       4162    17.3375  0.000e+00
      5.678    16.4832   4.186286    32.7825       4163    17.3417  0.000e+00
      5.362    16.4833   4.186026    32.7803       4164    17.3458  0.000e+00
      5.042    16.4834   4.185834    32.7787       4165    17.3500  0.000e+00
      4.742    16.4825   4.185933    32.7804       4166    17.3542  0.000e+00
      4.473    16.4825   4.186409    32.7846       4167    17.3583  0.000e+00
      4.238    16.4830   4.186675    32.7866       4168    17.3625  0.000e+00
      4.030    16.4844   4.187262    32.7907       4169    17.3667  0.000e+00
      3.821    16.4861   4.187181    32.7886       4170    17.3708  0.000e+00
      3.640    16.4876   4.186810    32.7842       4171    17.3750  0.000e+00
      3.465    16.4878   4.187107    32.7868       4172    17.3792  0.000e+00
      3.309    16.4884   4.187373    32.7886       4173    17.3833  0.000e+00
      3.148    16.4891   4.186785    32.7829       4174    17.3875  0.000e+00
      2.995    16.4892   4.184993    32.7673       4175    17.3917  0.000e+00
      2.829    16.4865   4.180784    32.7327       4176    17.3958  0.000e+00
      2.653    16.4774   4.174188    32.6826       4177    17.4000  0.000e+00
      2.465    16.4626   4.174620    32.6986       4178    17.4042  0.000e+00
      2.257    16.4445   4.167793    32.6537       4179    17.4083  0.000e+00
      2.024    16.4271   4.161397    32.6121       4180    17.4125  0.000e+00
      1.764    16.3999   4.154838    32.5770       4181    17.4167  0.000e+00
      1.459    16.3694   4.161946    32.6644       4182    17.4208  0.000e+00
      1.124    16.3538   4.157852    32.6414       4183    17.4250  0.000e+00
      0.786    16.3435   4.174602    32.7969       4184    17.4292  0.000e+00
      0.458    16.3592   4.175751    32.7941       4185    17.4333  0.000e+00
      0.304    16.3818   4.176837    32.7851       4186    17.4375  0.000e+00
      0.353    16.3988   4.175843    32.7624       4187    17.4417  0.000e+00
      0.537    16.4089   4.172786    32.7273       4188    17.4458  0.000e+00
      0.758    16.4093   4.170959    32.7108       4189    17.4500  0.000e+00
      0.919    16.4046   4.168688    32.6948       4190    17.4542  0.000e+00
      1.005    16.3974   4.167639    32.6914       4191    17.4583  0.000e+00
      1.027    16.3891   4.162279    32.6513       4192    17.4625  0.000e+00
      1.032    16.3754   4.157204    32.6181       4193    17.4667  0.000e+00
      1.040    16.3565   4.158653    32.6462       4194    17.4708  0.000e+00
      1.031    16.3426   4.158524    32.6564       4195    17.4750  0.000e+00
      0.995    16.3346   4.158370    32.6617       4196    17.4792  0.000e+00
      0.953    16.3295   4.161305    32.6916       4197    17.4833  0.000e+00
      0.915    16.3308   4.159942    32.6787       4198    17.4875  0.000e+00
      0.901    16.3310   4.160731    32.6854       4199    17.4917  0.000e+00
      0.883    16.3320   4.158425    32.6644       4200    17.4958  0.000e+00
      0.830    16.3294   4.156126    32.6464       4201    17.5000  0.000e+00
      0.776    16.3228   4.154888    32.6409       4202    17.5042  0.000e+00
      0.744    16.3158   4.153957    32.6385       4203    17.5083  0.000e+00
      0.722    16.3088   4.152904    32.6350       4204    17.5125  0.000e+00
      0.702    16.3017   4.152793    32.6398       4205    17.5167  0.000e+00
      0.651    16.2966   4.155141    32.6646       4206    17.5208  0.000e+00
