HB2304/sbe035.cnv
* Sea-Bird SBE 19plus V2 Data File:
* FileName = C:\cruise\data\sbe035.hex
* Software Version Seasave V 7.26.7.121
* Temperature SN = 7037
* Conductivity SN = 7037
* System UpLoad Time = Sep 25 2023 10:51:00
** Ship: Bigelow
** Cruise:  HB2304
** Program:  Fall Bottom Trawl
# nquan = 7
# nvalues = 709                                   
# units = specified
# name 0 = depSM: Depth [salt water, m], lat = 40.00
# name 1 = tv290C: Temperature [ITS-90, deg C]
# name 2 = c0S/m: Conductivity [S/m]
# name 3 = sal00: Salinity, Practical [PSU]
# name 4 = scan: Scan Count
# name 5 = timeM: Time, Elapsed [minutes]
# name 6 = flag:  0.000e+00
# span 0 =      0.012,     24.219                 
# span 1 =    19.9687,    20.0494                 
# span 2 =   4.347756,   4.384985                 
# span 3 =    31.3873,    31.6609                 
# span 4 =         11,        719                 
# span 5 =     0.0417,     2.9917                 
# span 6 = 0.0000e+00, 0.0000e+00                 
# interval = seconds: 0.25
# start_time = Sep 25 2023 10:51:00 [System UTC, header]
# bad_flag = -9.990e-29
*END*
[from data line 206]
     23.133    20.0360   4.384374    31.6508        217     0.9000  0.000e+00
     23.088    20.0358   4.384141    31.6490        218     0.9042  0.000e+00
     23.088    20.0346   4.384223    31.6506        219     0.9083  0.000e+00
     23.126    20.0340   4.384324    31.6518        220     0.9125  0.000e+00
     23.198    20.0339   4.384299    31.6517        221     0.9167  0.000e+00
     23.299    20.0342   4.384299    31.6514        222     0.9208  0.000e+00
     23.427    20.0343   4.384299    31.6513        223     0.9250  0.000e+00
     23.554    20.0343   4.384273    31.6511        224     0.9292  0.000e+00
     23.682    20.0342   4.384248    31.6509        225     0.9333  0.000e+00
     23.794    20.0342   4.384248    31.6508        226     0.9375  0.000e+00
     23.892    20.0337   4.384198    31.6508        227     0.9417  0.000e+00
     23.968    20.0333   4.384217    31.6512        228     0.9458  0.000e+00
     24.018    20.0331   4.384022    31.6498        229     0.9500  0.000e+00
     24.035    20.0328   4.384148    31.6510        230     0.9542  0.000e+00
     24.027    20.0325   4.384223    31.6519        231     0.9583  0.000e+00
     23.982    20.0322   4.384072    31.6509        232     0.9625  0.000e+00
     23.870    20.0318   4.383839    31.6493        233     0.9667  0.000e+00
     23.706    20.0304   4.383914    31.6511        234     0.9708  0.000e+00
     23.500    20.0293   4.383940    31.6522        235     0.9750  0.000e+00
     23.274    20.0291   4.384450    31.6565        236     0.9792  0.000e+00
     23.035    20.0314   4.384551    31.6557        237     0.9833  0.000e+00
     22.770    20.0339   4.384683    31.6549        238     0.9875  0.000e+00
     22.502    20.0365   4.384708    31.6533        239     0.9917  0.000e+00
     22.227    20.0379   4.384859    31.6535        240     0.9958  0.000e+00
     21.975    20.0400   4.384960    31.6528        241     1.0000  0.000e+00
     21.749    20.0424   4.384985    31.6513        242     1.0042  0.000e+00
     21.561    20.0440   4.384959    31.6499        243     1.0083  0.000e+00
     21.387    20.0455   4.384934    31.6487        244     1.0125  0.000e+00
     21.228    20.0468   4.384959    31.6480        245     1.0167  0.000e+00
     21.101    20.0478   4.384884    31.6467        246     1.0208  0.000e+00
     21.009    20.0489   4.384877    31.6458        247     1.0250  0.000e+00
     20.951    20.0492   4.384909    31.6459        248     1.0292  0.000e+00
     20.919    20.0494   4.384858    31.6453        249     1.0333  0.000e+00
     20.899    20.0493   4.384707    31.6442        250     1.0375  0.000e+00
     20.885    20.0493   4.384600    31.6433        251     1.0417  0.000e+00
     20.876    20.0490   4.384222    31.6405        252     1.0458  0.000e+00
     20.868    20.0492   4.383787    31.6369        253     1.0500  0.000e+00
     20.848    20.0493   4.383434    31.6340        254     1.0542  0.000e+00
     20.798    20.0494   4.383201    31.6320        255     1.0583  0.000e+00
     20.709    20.0491   4.383150    31.6318        256     1.0625  0.000e+00
     20.588    20.0489   4.383112    31.6317        257     1.0667  0.000e+00
     20.447    20.0487   4.382646    31.6281        258     1.0708  0.000e+00
     20.286    20.0482   4.381474    31.6192        259     1.0750  0.000e+00
     20.089    20.0465   4.381398    31.6199        260     1.0792  0.000e+00
     19.865    20.0450   4.380913    31.6171        261     1.0833  0.000e+00
     19.625    20.0434   4.380737    31.6170        262     1.0875  0.000e+00
     19.383    20.0420   4.380485    31.6161        263     1.0917  0.000e+00
     19.144    20.0407   4.379716    31.6109        264     1.0958  0.000e+00
     18.915    20.0380   4.378903    31.6065        265     1.1000  0.000e+00
     18.714    20.0348   4.378828    31.6083        266     1.1042  0.000e+00
     18.521    20.0320   4.378752    31.6099        267     1.1083  0.000e+00
     18.360    20.0300   4.378651    31.6107        268     1.1125  0.000e+00
     18.230    20.0290   4.378777    31.6125        269     1.1167  0.000e+00
     18.132    20.0282   4.378626    31.6118        270     1.1208  0.000e+00
     18.049    20.0277   4.378550    31.6117        271     1.1250  0.000e+00
     17.988    20.0271   4.378576    31.6123        272     1.1292  0.000e+00
     17.933    20.0269   4.378752    31.6140        273     1.1333  0.000e+00
     17.897    20.0270   4.378953    31.6155        274     1.1375  0.000e+00
     17.870    20.0276   4.379262    31.6175        275     1.1417  0.000e+00
     17.841    20.0287   4.379564    31.6192        276     1.1458  0.000e+00
     17.805    20.0300   4.379615    31.6186        277     1.1500  0.000e+00
     17.756    20.0314   4.379665    31.6180        278     1.1542  0.000e+00
     17.693    20.0325   4.379747    31.6179        279     1.1583  0.000e+00
     17.628    20.0329   4.379489    31.6155        280     1.1625  0.000e+00
     17.543    20.0328   4.379363    31.6145        281     1.1667  0.000e+00
     17.440    20.0326   4.379211    31.6136        282     1.1708  0.000e+00
     17.312    20.0320   4.378802    31.6107        283     1.1750  0.000e+00
     17.164    20.0310   4.378802    31.6115        284     1.1792  0.000e+00
     17.008    20.0299   4.378140    31.6071        285     1.1833  0.000e+00
     16.840    20.0275   4.377561    31.6042        286     1.1875  0.000e+00
     16.665    20.0250   4.377404    31.6049        287     1.1917  0.000e+00
     16.484    20.0226   4.377177    31.6050        288     1.1958  0.000e+00
     16.300    20.0206   4.377101    31.6059        289     1.2000  0.000e+00
     16.121    20.0192   4.377208    31.6078        290     1.2042  0.000e+00
     15.958    20.0181   4.375829    31.5976        291     1.2083  0.000e+00
     15.794    20.0157   4.375098    31.5936        292     1.2125  0.000e+00
     15.639    20.0118   4.374941    31.5953        293     1.2167  0.000e+00
     15.492    20.0090   4.374639    31.5950        294     1.2208  0.000e+00
     15.340    20.0062   4.374387    31.5951        295     1.2250  0.000e+00
     15.201    20.0043   4.373852    31.5923        296     1.2292  0.000e+00
     15.073    20.0022   4.373675    31.5925        297     1.2333  0.000e+00
     14.946    20.0002   4.373266    31.5907        298     1.2375  0.000e+00
     14.829    19.9982   4.372177    31.5835        299     1.2417  0.000e+00
     14.713    19.9954   4.370352    31.5708        300     1.2458  0.000e+00
     14.601    19.9913   4.369439    31.5666        301     1.2500  0.000e+00
     14.529    19.9876   4.369011    31.5659        302     1.2542  0.000e+00
     14.525    19.9857   4.369244    31.5692        303     1.2583  0.000e+00
     14.570    19.9844   4.369873    31.5753        304     1.2625  0.000e+00
     14.630    19.9842   4.370729    31.5823        305     1.2667  0.000e+00
     14.679    19.9848   4.371038    31.5844        306     1.2708  0.000e+00
     14.715    19.9859   4.370937    31.5827        307     1.2750  0.000e+00
     14.746    19.9864   4.370654    31.5800        308     1.2792  0.000e+00
     14.785    19.9863   4.370604    31.5797        309     1.2833  0.000e+00
     14.831    19.9862   4.371315    31.5854        310     1.2875  0.000e+00
     14.860    19.9865   4.371749    31.5887        311     1.2917  0.000e+00
     14.865    19.9872   4.372001    31.5902        312     1.2958  0.000e+00
     14.849    19.9879   4.371951    31.5893        313     1.3000  0.000e+00
     14.816    19.9883   4.371925    31.5889        314     1.3042  0.000e+00
     14.782    19.9885   4.371699    31.5868        315     1.3083  0.000e+00
     14.740    19.9882   4.371567    31.5861        316     1.3125  0.000e+00
     14.686    19.9878   4.371069    31.5823        317     1.3167  0.000e+00
     14.630    19.9872   4.370175    31.5756        318     1.3208  0.000e+00
     14.588    19.9858   4.369716    31.5730        319     1.3250  0.000e+00
     14.552    19.9840   4.369489    31.5725        320     1.3292  0.000e+00
     14.523    19.9828   4.369489    31.5734        321     1.3333  0.000e+00
     14.509    19.9816   4.369489    31.5743        322     1.3375  0.000e+00
     14.507    19.9810   4.369414    31.5741        323     1.3417  0.000e+00
     14.523    19.9811   4.369565    31.5753        324     1.3458  0.000e+00
     14.554    19.9812   4.369817    31.5772        325     1.3500  0.000e+00
     14.599    19.9813   4.370377    31.5817        326     1.3542  0.000e+00
     14.652    19.9819   4.370629    31.5832        327     1.3583  0.000e+00
     14.711    19.9827   4.370503    31.5816        328     1.3625  0.000e+00
     14.773    19.9830   4.370629    31.5823        329     1.3667  0.000e+00
     14.827    19.9833   4.369439    31.5725        330     1.3708  0.000e+00
     14.867    19.9839   4.371359    31.5875        331     1.3750  0.000e+00
     14.890    19.9848   4.371541    31.5884        332     1.3792  0.000e+00
     14.896    19.9856   4.372152    31.5927        333     1.3833  0.000e+00
     14.888    19.9872   4.372379    31.5933        334     1.3875  0.000e+00
     14.869    19.9886   4.372404    31.5924        335     1.3917  0.000e+00
     14.832    19.9896   4.372863    31.5954        336     1.3958  0.000e+00
     14.784    19.9907   4.373014    31.5958        337     1.4000  0.000e+00
     14.729    19.9922   4.372762    31.5927        338     1.4042  0.000e+00
     14.661    19.9924   4.372586    31.5912        339     1.4083  0.000e+00
     14.588    19.9922   4.371214    31.5802        340     1.4125  0.000e+00
     14.527    19.9906   4.370049    31.5720        341     1.4167  0.000e+00
     14.475    19.9880   4.369640    31.5707        342     1.4208  0.000e+00
     14.446    19.9854   4.369565    31.5721        343     1.4250  0.000e+00
     14.442    19.9838   4.369590    31.5735        344     1.4292  0.000e+00
     14.460    19.9828   4.369999    31.5776        345     1.4333  0.000e+00
     14.496    19.9824   4.370729    31.5837        346     1.4375  0.000e+00
     14.547    19.9832   4.371667    31.5907        347     1.4417  0.000e+00
     14.621    19.9849   4.371667    31.5894        348     1.4458  0.000e+00
     14.695    19.9861   4.371774    31.5893        349     1.4500  0.000e+00
     14.766    19.9874   4.371749    31.5881        350     1.4542  0.000e+00
     14.823    19.9879   4.371774    31.5879        351     1.4583  0.000e+00
     14.872    19.9883   4.372076    31.5901        352     1.4625  0.000e+00
     14.898    19.9887   4.372454    31.5928        353     1.4667  0.000e+00
     14.905    19.9896   4.372637    31.5936        354     1.4708  0.000e+00
     14.888    19.9905   4.373367    31.5988        355     1.4750  0.000e+00
     14.854    19.9922   4.373291    31.5969        356     1.4792  0.000e+00
     14.804    19.9932   4.372712    31.5915        357     1.4833  0.000e+00
     14.740    19.9928   4.372334    31.5888        358     1.4875  0.000e+00
     14.666    19.9922   4.372555    31.5910        359     1.4917  0.000e+00
     14.594    19.9916   4.372152    31.5882        360     1.4958  0.000e+00
     14.531    19.9910   4.372253    31.5895        361     1.5000  0.000e+00
     14.498    19.9905   4.371541    31.5842        362     1.5042  0.000e+00
     14.480    19.9897   4.371239    31.5823        363     1.5083  0.000e+00
     14.480    19.9885   4.371038    31.5816        364     1.5125  0.000e+00
     14.495    19.9874   4.371164    31.5834        365     1.5167  0.000e+00
     14.514    19.9869   4.371516    31.5867        366     1.5208  0.000e+00
     14.552    19.9868   4.371642    31.5878        367     1.5250  0.000e+00
     14.605    19.9871   4.372026    31.5906        368     1.5292  0.000e+00
     14.634    19.9876   4.372152    31.5912        369     1.5333  0.000e+00
     14.655    19.9883   4.372102    31.5903        370     1.5375  0.000e+00
     14.659    19.9887   4.371900    31.5884        371     1.5417  0.000e+00
     14.652    19.9885   4.371579    31.5859        372     1.5458  0.000e+00
     14.634    19.9883   4.371340    31.5842        373     1.5500  0.000e+00
     14.599    19.9877   4.371164    31.5832        374     1.5542  0.000e+00
     14.554    19.9869   4.371063    31.5830        375     1.5583  0.000e+00
     14.487    19.9864   4.370603    31.5797        376     1.5625  0.000e+00
     14.419    19.9856   4.369741    31.5734        377     1.5667  0.000e+00
     14.350    19.9845   4.369238    31.5701        378     1.5708  0.000e+00
     14.294    19.9831   4.369112    31.5702        379     1.5750  0.000e+00
     14.252    19.9824   4.369112    31.5707        380     1.5792  0.000e+00
     14.225    19.9819   4.369061    31.5707        381     1.5833  0.000e+00
     14.220    19.9817   4.368778    31.5686        382     1.5875  0.000e+00
     14.234    19.9813   4.369087    31.5714        383     1.5917  0.000e+00
     14.274    19.9812   4.369640    31.5759        384     1.5958  0.000e+00
     14.323    19.9813   4.370100    31.5795        385     1.6000  0.000e+00
     14.388    19.9819   4.370125    31.5792        386     1.6042  0.000e+00
     14.449    19.9825   4.369999    31.5778        387     1.6083  0.000e+00
     14.507    19.9828   4.370175    31.5790        388     1.6125  0.000e+00
     14.562    19.9829   4.370276    31.5796        389     1.6167  0.000e+00
     14.607    19.9833   4.370452    31.5808        390     1.6208  0.000e+00
     14.636    19.9836   4.370478    31.5807        391     1.6250  0.000e+00
     14.652    19.9839   4.370276    31.5788        392     1.6292  0.000e+00
     14.654    19.9839   4.371264    31.5868        393     1.6333  0.000e+00
     14.646    19.9848   4.372127    31.5932        394     1.6375  0.000e+00
     14.627    19.9867   4.372763    31.5969        395     1.6417  0.000e+00
     14.610    19.9883   4.372762    31.5956        396     1.6458  0.000e+00
     14.578    19.9900   4.370226    31.5739        397     1.6500  0.000e+00
     14.535    19.9909   4.372662    31.5929        398     1.6542  0.000e+00
     14.498    19.9913   4.371824    31.5859        399     1.6583  0.000e+00
     14.462    19.9905   4.371724    31.5856        400     1.6625  0.000e+00
     14.437    19.9896   4.371069    31.5811        401     1.6667  0.000e+00
     14.413    19.9883   4.370603    31.5783        402     1.6708  0.000e+00
     14.397    19.9869   4.370402    31.5777        403     1.6750  0.000e+00
     14.384    19.9856   4.370301    31.5779        404     1.6792  0.000e+00
     14.352    19.9848   4.369842    31.5748        405     1.6833  0.000e+00
     14.318    19.9838   4.369414    31.5721        406     1.6875  0.000e+00
     14.318    19.9829   4.369238    31.5713        407     1.6917  0.000e+00
     14.271    19.9823   4.361286    31.5077        408     1.6958  0.000e+00
     14.260    19.9817   4.368829    31.5689        409     1.7000  0.000e+00
     14.262    19.9817   4.368803    31.5688        410     1.7042  0.000e+00
     14.282    19.9814   4.369087    31.5713        411     1.7083  0.000e+00
     14.305    19.9814   4.369263    31.5727        412     1.7125  0.000e+00
     14.330    19.9816   4.369364    31.5734        413     1.7167  0.000e+00
     14.383    19.9817   4.369817    31.5769        414     1.7208  0.000e+00
     14.424    19.9820   4.370194    31.5797        415     1.7250  0.000e+00
     14.455    19.9826   4.370125    31.5787        416     1.7292  0.000e+00
     14.502    19.9828   4.369899    31.5767        417     1.7333  0.000e+00
     14.553    19.9828   4.370276    31.5797        418     1.7375  0.000e+00
     14.605    19.9828   4.370755    31.5836        419     1.7417  0.000e+00
     14.659    19.9835   4.370912    31.5843        420     1.7458  0.000e+00
