HB2304/sbe006.cnv
* Sea-Bird SBE 19plus V2 Data File:
* FileName = C:\cruise\data\sbe006.hex
* Software Version Seasave V 7.26.7.121
* Temperature SN = 7037
* Conductivity SN = 7037
* System UpLoad Time = Sep 12 2023 01:35:44
** Ship: Bigelow
** Cruise:  HB2304
** Program:  Fall Bottom Trawl
# nquan = 7
# nvalues = 2578                                  
# units = specified
# name 0 = depSM: Depth [salt water, m], lat = 40.00
# name 1 = tv290C: Temperature [ITS-90, deg C]
# name 2 = c0S/m: Conductivity [S/m]
# name 3 = sal00: Salinity, Practical [PSU]
# name 4 = scan: Scan Count
# name 5 = timeM: Time, Elapsed [minutes]
# name 6 = flag:  0.000e+00
# span 0 =     -0.038,    129.376                 
# span 1 =    12.1466,    25.5579                 
# span 2 =  -0.000063,   5.126579                 
# span 3 =     0.0000,    35.4362                 
# span 4 =         11,       2588                 
# span 5 =     0.0417,    10.7792                 
# span 6 = 0.0000e+00, 0.0000e+00                 
# interval = seconds: 0.25
# start_time = Sep 12 2023 01:35:44 [System UTC, header]
# bad_flag = -9.990e-29
*END*
[from data line 2462]
     11.265    23.9936   5.037578    33.7540       2473    10.3000  0.000e+00
     11.063    23.9929   5.034991    33.7352       2474    10.3042  0.000e+00
     10.866    23.9897   5.033975    33.7300       2475    10.3083  0.000e+00
     10.687    23.9873   5.037271    33.7567       2476    10.3125  0.000e+00
     10.504    23.9954   5.042339    33.7887       2477    10.3167  0.000e+00
     10.329    24.0159   5.045884    33.7999       2478    10.3208  0.000e+00
     10.156    24.0486   5.046693    33.7813       2479    10.3250  0.000e+00
      9.977    24.0821   5.046940    33.7578       2480    10.3292  0.000e+00
      9.792    24.1105   5.045347    33.7245       2481    10.3333  0.000e+00
      9.608    24.1294   5.044056    33.7005       2482    10.3375  0.000e+00
      9.413    24.1398   5.043554    33.6890       2483    10.3417  0.000e+00
      9.211    24.1460   5.042577    33.6771       2484    10.3458  0.000e+00
      8.997    24.1494   5.040972    33.6625       2485    10.3500  0.000e+00
      8.775    24.1493   5.038190    33.6418       2486    10.3542  0.000e+00
      8.546    24.1449   5.035509    33.6251       2487    10.3583  0.000e+00
      8.312    24.1381   5.034546    33.6231       2488    10.3625  0.000e+00
      8.072    24.1323   5.034974    33.6307       2489    10.3667  0.000e+00
      7.826    24.1320   5.037320    33.6487       2490    10.3708  0.000e+00
      7.584    24.1440   5.040590    33.6641       2491    10.3750  0.000e+00
      7.346    24.1684   5.041740    33.6545       2492    10.3792  0.000e+00
      7.107    24.1969   5.048396    33.6830       2493    10.3833  0.000e+00
      6.874    24.2442   5.062108    33.7501       2494    10.3875  0.000e+00
      6.637    24.3466   5.073488    33.7580       2495    10.3917  0.000e+00
      6.409    24.5009   5.079777    33.6889       2496    10.3958  0.000e+00
      6.189    24.6533   5.084640    33.6110       2497    10.4000  0.000e+00
      5.976    24.7809   5.088733    33.5463       2498    10.4042  0.000e+00
      5.764    24.8820   5.092949    33.5024       2499    10.4083  0.000e+00
      5.556    24.9631   5.096153    33.4660       2500    10.4125  0.000e+00
      5.352    25.0271   5.098362    33.4350       2501    10.4167  0.000e+00
      5.148    25.0769   5.100015    33.4104       2502    10.4208  0.000e+00
      4.947    25.1153   5.100686    33.3870       2503    10.4250  0.000e+00
      4.748    25.1439   5.102272    33.3777       2504    10.4292  0.000e+00
      4.542    25.1677   5.102641    33.3629       2505    10.4333  0.000e+00
      4.331    25.1873   5.103878    33.3577       2506    10.4375  0.000e+00
      4.118    25.2089   5.104973    33.3498       2507    10.4417  0.000e+00
      3.904    25.2350   5.104576    33.3278       2508    10.4458  0.000e+00
      3.696    25.2464   5.105114    33.3235       2509    10.4500  0.000e+00
      3.501    25.2553   5.106674    33.3284       2510    10.4542  0.000e+00
      3.290    25.2853   5.107359    33.3114       2511    10.4583  0.000e+00
      3.080    25.3178   5.107527    33.2889       2512    10.4625  0.000e+00
      2.872    25.3353   5.110089    33.2949       2513    10.4667  0.000e+00
      2.668    25.3505   5.108124    33.2695       2514    10.4708  0.000e+00
      2.444    25.3848   5.107982    33.2434       2515    10.4750  0.000e+00
      2.225    25.4203   5.107861    33.2167       2516    10.4792  0.000e+00
      2.017    25.4385   5.108035    33.2047       2517    10.4833  0.000e+00
      1.813    25.4498   5.108889    33.2028       2518    10.4875  0.000e+00
      1.602    25.4673   5.108492    33.1871       2519    10.4917  0.000e+00
      1.392    25.4790   5.106501    33.1642       2520    10.4958  0.000e+00
      1.208    25.4752   5.107032    33.1708       2521    10.5000  0.000e+00
      1.009    25.4677   5.108579    33.1877       2522    10.5042  0.000e+00
      0.816    25.4739   5.110112    33.1944       2523    10.5083  0.000e+00
      0.615    25.4942   5.109856    33.1778       2524    10.5125  0.000e+00
      0.358    25.5097   5.109627    33.1649       2525    10.5167  0.000e+00
      0.105    25.5163   5.110878    33.1692       2526    10.5208  0.000e+00
     -0.001    25.5336   1.228898     6.9456       2527    10.5250  0.000e+00
     -0.017    25.5491   0.633857     3.4104       2528    10.5292  0.000e+00
     -0.012    25.5370   0.470245     2.4814       2529    10.5333  0.000e+00
     -0.019    25.5024   0.454249     2.3935       2530    10.5375  0.000e+00
     -0.017    25.4644   0.430842     2.2645       2531    10.5417  0.000e+00
     -0.023    25.4298   0.396757     2.0763       2532    10.5458  0.000e+00
     -0.027    25.4045   0.374962     1.9566       2533    10.5500  0.000e+00
     -0.023    25.3838   0.359982     1.8747       2534    10.5542  0.000e+00
     -0.021    25.3637   0.343694     1.7858       2535    10.5583  0.000e+00
     -0.021    25.3430   0.323269     1.6744       2536    10.5625  0.000e+00
     -0.021    25.3208   0.301134     1.5542       2537    10.5667  0.000e+00
     -0.023    25.2967   0.271665     1.3948       2538    10.5708  0.000e+00
     -0.025    25.2715   0.249095     1.2736       2539    10.5750  0.000e+00
     -0.023    25.2454   0.225858     1.1494       2540    10.5792  0.000e+00
     -0.020    25.2186   0.204401     1.0355       2541    10.5833  0.000e+00
     -0.030    25.1915   0.081483     0.3974       2542    10.5875  0.000e+00
     -0.023    25.1641   0.052274     0.2522       2543    10.5917  0.000e+00
     -0.027    25.1360   0.045632     0.2198       2544    10.5958  0.000e+00
     -0.021    25.1073   0.064406     0.3125       2545    10.6000  0.000e+00
     -0.023    25.0785   0.088340     0.4330       2546    10.6042  0.000e+00
     -0.025    25.0505   0.036382     0.1753       2547    10.6083  0.000e+00
     -0.027    25.0218   0.033439     0.1612       2548    10.6125  0.000e+00
     -0.027    24.9935   0.030415     0.1468       2549    10.6167  0.000e+00
     -0.025    24.9653   0.028718     0.1388       2550    10.6208  0.000e+00
     -0.024    24.9372   0.028076     0.1358       2551    10.6250  0.000e+00
     -0.027    24.9088   0.028410     0.1374       2552    10.6292  0.000e+00
     -0.027    24.8799   0.069234     0.3382       2553    10.6333  0.000e+00
     -0.022    24.8513   0.115106     0.5726       2554    10.6375  0.000e+00
     -0.027    24.8235   0.107155     0.5318       2555    10.6417  0.000e+00
     -0.024    24.7958   0.087401     0.4308       2556    10.6458  0.000e+00
     -0.029    24.7673   0.071344     0.3496       2557    10.6500  0.000e+00
     -0.024    24.7399   0.062844     0.3071       2558    10.6542  0.000e+00
     -0.024    24.7129   0.054743     0.2668       2559    10.6583  0.000e+00
     -0.031    24.6861   0.022285     0.1088       2560    10.6625  0.000e+00
     -0.038    24.6589   0.020625     0.1010       2561    10.6667  0.000e+00
     -0.033    24.6327   0.019392     0.0953       2562    10.6708  0.000e+00
     -0.024    24.6066   0.018896     0.0930       2563    10.6750  0.000e+00
     -0.024    24.5810   0.018966     0.0934       2564    10.6792  0.000e+00
     -0.024    24.5553   0.019411     0.0955       2565    10.6833  0.000e+00
     -0.026    24.5300   0.019729     0.0971       2566    10.6875  0.000e+00
     -0.027    24.5051   0.019891     0.0979       2567    10.6917  0.000e+00
     -0.029    24.4800   0.019708     0.0970       2568    10.6958  0.000e+00
     -0.027    24.4560   0.019368     0.0955       2569    10.7000  0.000e+00
     -0.026    24.4324   0.018842     0.0930       2570    10.7042  0.000e+00
     -0.026    24.4093   0.018060     0.0894       2571    10.7083  0.000e+00
     -0.028    24.3867   0.016751     0.0833       2572    10.7125  0.000e+00
     -0.024    24.3637   0.012048     0.0615       2573    10.7167  0.000e+00
     -0.022    24.3408   0.000188     0.0117       2574    10.7208  0.000e+00
     -0.024    24.3185  -0.000002     0.0000       2575    10.7250  0.000e+00
     -0.026    24.2969  -0.000034     0.0000       2576    10.7292  0.000e+00
     -0.026    24.2752  -0.000060     0.0000       2577    10.7333  0.000e+00
     -0.026    24.2532  -0.000063     0.0000       2578    10.7375  0.000e+00
     -0.026    24.2312  -0.000060     0.0000       2579    10.7417  0.000e+00
     -0.026    24.2103  -0.000060     0.0000       2580    10.7458  0.000e+00
     -0.026    24.1899  -0.000063     0.0000       2581    10.7500  0.000e+00
     -0.024    24.1691  -0.000055     0.0000       2582    10.7542  0.000e+00
     -0.024    24.1486  -0.000060     0.0000       2583    10.7583  0.000e+00
     -0.024    24.1291  -0.000063     0.0000       2584    10.7625  0.000e+00
     -0.028    24.1099  -0.000058     0.0000       2585    10.7667  0.000e+00
     -0.028    24.0909  -0.000060     0.0000       2586    10.7708  0.000e+00
     -0.025    24.0715  -0.000063     0.0000       2587    10.7750  0.000e+00
     -0.032    24.0530  -0.000055     0.0000       2588    10.7792  0.000e+00
