HB2304/sbe034.cnv
* Sea-Bird SBE 19plus V2 Data File:
* FileName = C:\cruise\data\sbe034.hex
* Software Version Seasave V 7.26.7.121
* Temperature SN = 7037
* Conductivity SN = 7037
* System UpLoad Time = Sep 25 2023 09:08:40
** Ship: Bigelow
** Cruise:  HB2304
** Program:  Fall Bottom Trawl
# nquan = 7
# nvalues = 1145                                  
# units = specified
# name 0 = depSM: Depth [salt water, m], lat = 40.00
# name 1 = tv290C: Temperature [ITS-90, deg C]
# name 2 = c0S/m: Conductivity [S/m]
# name 3 = sal00: Salinity, Practical [PSU]
# name 4 = scan: Scan Count
# name 5 = timeM: Time, Elapsed [minutes]
# name 6 = flag:  0.000e+00
# span 0 =     -0.050,     15.415                 
# span 1 =    19.6044,    20.1466                 
# span 2 =  -0.000023,   4.375249                 
# span 3 =     0.0000,    31.5663                 
# span 4 =         11,       1155                 
# span 5 =     0.0417,     4.8083                 
# span 6 = 0.0000e+00, 0.0000e+00                 
# interval = seconds: 0.25
# start_time = Sep 25 2023 09:08:40 [System UTC, header]
# bad_flag = -9.990e-29
*END*
[from data line 1026]
      2.936    20.1335   4.361939    31.4038       1037     4.3167  0.000e+00
      2.945    20.1316   4.362568    31.4103       1038     4.3208  0.000e+00
      2.965    20.1325   4.362241    31.4070       1039     4.3250  0.000e+00
      2.976    20.1327   4.362518    31.4091       1040     4.3292  0.000e+00
      2.959    20.1334   4.361877    31.4034       1041     4.3333  0.000e+00
      2.909    20.1325   4.361078    31.3977       1042     4.3375  0.000e+00
      2.838    20.1292   4.361355    31.4024       1043     4.3417  0.000e+00
      2.732    20.1280   4.362267    31.4106       1044     4.3458  0.000e+00
      2.611    20.1317   4.361990    31.4057       1045     4.3500  0.000e+00
      2.477    20.1360   4.360550    31.3910       1046     4.3542  0.000e+00
      2.347    20.1394   4.359260    31.3781       1047     4.3583  0.000e+00
      2.235    20.1414   4.357946    31.3661       1048     4.3625  0.000e+00
      2.171    20.1418   4.357010    31.3583       1049     4.3667  0.000e+00
      2.142    20.1413   4.356683    31.3560       1050     4.3708  0.000e+00
      2.150    20.1402   4.356985    31.3593       1051     4.3750  0.000e+00
      2.169    20.1396   4.357462    31.3636       1052     4.3792  0.000e+00
      2.182    20.1401   4.357770    31.3657       1053     4.3833  0.000e+00
      2.193    20.1406   4.357846    31.3659       1054     4.3875  0.000e+00
      2.206    20.1407   4.358248    31.3691       1055     4.3917  0.000e+00
      2.218    20.1414   4.359110    31.3754       1056     4.3958  0.000e+00
      2.226    20.1426   4.360090    31.3824       1057     4.4000  0.000e+00
      2.231    20.1442   4.360524    31.3847       1058     4.4042  0.000e+00
      2.238    20.1452   4.361002    31.3878       1059     4.4083  0.000e+00
      2.240    20.1453   4.361763    31.3939       1060     4.4125  0.000e+00
      2.235    20.1447   4.362015    31.3964       1061     4.4167  0.000e+00
      2.209    20.1441   4.361989    31.3966       1062     4.4208  0.000e+00
      2.178    20.1441   4.362014    31.3968       1063     4.4250  0.000e+00
      2.121    20.1445   4.361681    31.3939       1064     4.4292  0.000e+00
      2.050    20.1455   4.360851    31.3865       1065     4.4333  0.000e+00
      1.958    20.1464   4.360166    31.3803       1066     4.4375  0.000e+00
      1.859    20.1466   4.357770    31.3609       1067     4.4417  0.000e+00
      1.756    20.1452   4.353377    31.3267       1068     4.4458  0.000e+00
      1.658    20.1408   4.348917    31.2942       1069     4.4500  0.000e+00
      1.597    20.1343   4.348333    31.2943       1070     4.4542  0.000e+00
      1.555    20.1291   4.347680    31.2929       1071     4.4583  0.000e+00
      1.528    20.1254   4.347227    31.2920       1072     4.4625  0.000e+00
      1.537    20.1230   4.347202    31.2936       1073     4.4667  0.000e+00
      1.591    20.1216   4.347604    31.2978       1074     4.4708  0.000e+00
      1.667    20.1212   4.349043    31.3097       1075     4.4750  0.000e+00
      1.741    20.1214   4.350073    31.3178       1076     4.4792  0.000e+00
      1.810    20.1226   4.351084    31.3251       1077     4.4833  0.000e+00
      1.873    20.1239   4.351863    31.3303       1078     4.4875  0.000e+00
      1.926    20.1254   4.353302    31.3407       1079     4.4917  0.000e+00
      1.947    20.1275   4.354640    31.3499       1080     4.4958  0.000e+00
      1.933    20.1300   4.354081    31.3436       1081     4.5000  0.000e+00
      1.882    20.1316   4.352064    31.3262       1082     4.5042  0.000e+00
      1.792    20.1307   4.350399    31.3135       1083     4.5083  0.000e+00
      1.647    20.1294   4.349545    31.3077       1084     4.5125  0.000e+00
      1.492    20.1272   4.347981    31.2967       1085     4.5167  0.000e+00
      1.346    20.1249   4.346041    31.2830       1086     4.5208  0.000e+00
      1.246    20.1220   4.345337    31.2795       1087     4.5250  0.000e+00
      1.199    20.1191   4.345237    31.2809       1088     4.5292  0.000e+00
      1.188    20.1172   4.344534    31.2766       1089     4.5333  0.000e+00
      1.216    20.1157   4.344760    31.2795       1090     4.5375  0.000e+00
      1.259    20.1150   4.344885    31.2810       1091     4.5417  0.000e+00
      1.299    20.1146   4.345538    31.2865       1092     4.5458  0.000e+00
      1.302    20.1145   4.344810    31.2807       1093     4.5500  0.000e+00
      1.291    20.1143   4.344785    31.2807       1094     4.5542  0.000e+00
      1.281    20.1141   4.344609    31.2795       1095     4.5583  0.000e+00
      1.255    20.1139   4.344735    31.2806       1096     4.5625  0.000e+00
      1.248    20.1139   4.344584    31.2794       1097     4.5667  0.000e+00
      1.252    20.1139   4.344910    31.2820       1098     4.5708  0.000e+00
      1.270    20.1142   4.345538    31.2869       1099     4.5750  0.000e+00
      1.299    20.1149   4.346041    31.2904       1100     4.5792  0.000e+00
      1.315    20.1157   4.346392    31.2926       1101     4.5833  0.000e+00
      1.310    20.1165   4.345815    31.2874       1102     4.5875  0.000e+00
      1.286    20.1167   4.344961    31.2804       1103     4.5917  0.000e+00
      1.254    20.1164   4.346392    31.2921       1104     4.5958  0.000e+00
      1.217    20.1170   4.346901    31.2957       1105     4.6000  0.000e+00
      1.176    20.1180   4.346141    31.2889       1106     4.6042  0.000e+00
      1.118    20.1186   4.345614    31.2843       1107     4.6083  0.000e+00
      1.010    20.1183   4.344082    31.2722       1108     4.6125  0.000e+00
      0.871    20.1166   4.343956    31.2725       1109     4.6167  0.000e+00
      0.742    20.1150   4.343956    31.2737       1110     4.6208  0.000e+00
      0.625    20.1143   4.344483    31.2785       1111     4.6250  0.000e+00
      0.506    20.1145   4.343880    31.2735       1112     4.6292  0.000e+00
      0.442    20.1140   4.343780    31.2731       1113     4.6333  0.000e+00
      0.487    20.1133   4.343780    31.2736       1114     4.6375  0.000e+00
      0.605    20.1128   4.343881    31.2748       1115     4.6417  0.000e+00
      0.719    20.1129   4.343981    31.2755       1116     4.6458  0.000e+00
      0.813    20.1133   4.344132    31.2763       1117     4.6500  0.000e+00
      0.896    20.1138   4.343906    31.2741       1118     4.6542  0.000e+00
      0.963    20.1145   4.344257    31.2764       1119     4.6583  0.000e+00
      1.002    20.1149   4.344207    31.2757       1120     4.6625  0.000e+00
      1.017    20.1151   4.344182    31.2754       1121     4.6667  0.000e+00
      1.028    20.1150   4.344282    31.2762       1122     4.6708  0.000e+00
      1.037    20.1153   4.344308    31.2762       1123     4.6750  0.000e+00
      1.057    20.1155   4.344107    31.2745       1124     4.6792  0.000e+00
      1.057    20.1147   4.344006    31.2742       1125     4.6833  0.000e+00
      1.019    20.1143   4.344132    31.2756       1126     4.6875  0.000e+00
      0.970    20.1144   4.344132    31.2755       1127     4.6917  0.000e+00
      0.889    20.1147   4.344257    31.2763       1128     4.6958  0.000e+00
      0.814    20.1149   4.344132    31.2752       1129     4.7000  0.000e+00
      0.775    20.1149   4.344307    31.2766       1130     4.7042  0.000e+00
      0.778    20.1155   4.344333    31.2764       1131     4.7083  0.000e+00
      0.825    20.1156   4.344408    31.2768       1132     4.7125  0.000e+00
      0.870    20.1160   4.344408    31.2766       1133     4.7167  0.000e+00
      0.905    20.1160   4.344433    31.2767       1134     4.7208  0.000e+00
      0.890    20.1156   4.344358    31.2765       1135     4.7250  0.000e+00
      0.838    20.1146   4.344483    31.2782       1136     4.7292  0.000e+00
      0.757    20.1136   4.344534    31.2794       1137     4.7333  0.000e+00
      0.672    20.1133   4.344634    31.2805       1138     4.7375  0.000e+00
      0.630    20.1133   4.344684    31.2809       1139     4.7417  0.000e+00
      0.623    20.1135   4.344810    31.2817       1140     4.7458  0.000e+00
      0.630    20.1142   4.344810    31.2812       1141     4.7500  0.000e+00
      0.621    20.1146   4.344835    31.2811       1142     4.7542  0.000e+00
      0.538    20.1150   4.344734    31.2800       1143     4.7583  0.000e+00
      0.377    20.1150   4.344728    31.2800       1144     4.7625  0.000e+00
      0.189    20.1153   4.344759    31.2801       1145     4.7667  0.000e+00
      0.059    20.1153   4.344332    31.2768       1146     4.7708  0.000e+00
     -0.009    20.1142   4.343981    31.2748       1147     4.7750  0.000e+00
      0.001    20.1122   4.343855    31.2752       1148     4.7792  0.000e+00
      0.050    20.1110   4.344182    31.2788       1149     4.7833  0.000e+00
      0.108    20.1110   4.344232    31.2791       1150     4.7875  0.000e+00
      0.193    20.1110   4.344483    31.2811       1151     4.7917  0.000e+00
      0.226    20.1118   4.344609    31.2815       1152     4.7958  0.000e+00
      0.177    20.1127   4.344784    31.2823       1153     4.8000  0.000e+00
      0.119    20.1139   4.344734    31.2810       1154     4.8042  0.000e+00
      0.119    20.1146   4.344659    31.2798       1155     4.8083  0.000e+00
