HB2304/sbe023.cnv
* Sea-Bird SBE 19plus V2 Data File:
* FileName = C:\cruise\data\sbe023.hex
* Software Version Seasave V 7.26.7.121
* Temperature SN = 7037
* Conductivity SN = 7037
* System UpLoad Time = Sep 18 2023 02:00:57
** Ship: Bigelow
** Cruise:  HB2304
** Program:  Fall Bottom Trawl
# nquan = 7
# nvalues = 1385                                  
# units = specified
# name 0 = depSM: Depth [salt water, m], lat = 40.00
# name 1 = tv290C: Temperature [ITS-90, deg C]
# name 2 = c0S/m: Conductivity [S/m]
# name 3 = sal00: Salinity, Practical [PSU]
# name 4 = scan: Scan Count
# name 5 = timeM: Time, Elapsed [minutes]
# name 6 = flag:  0.000e+00
# span 0 =     -0.093,     32.104                 
# span 1 =    20.6208,    24.7510                 
# span 2 =  -0.000063,   4.924927                 
# span 3 =     0.0000,    32.5430                 
# span 4 =         11,       1395                 
# span 5 =     0.0417,     5.8083                 
# span 6 = 0.0000e+00, 0.0000e+00                 
# interval = seconds: 0.25
# start_time = Sep 18 2023 02:00:57 [System UTC, header]
# bad_flag = -9.990e-29
*END*
[from data line 411]
     20.750    24.7194   4.881130    32.0545        422     1.7542  0.000e+00
     20.909    24.7099   4.880464    32.0563        423     1.7583  0.000e+00
     21.068    24.6998   4.879033    32.0529        424     1.7625  0.000e+00
     21.227    24.6875   4.877787    32.0524        425     1.7667  0.000e+00
     21.385    24.6747   4.876501    32.0521        426     1.7708  0.000e+00
     21.547    24.6601   4.874662    32.0488        427     1.7750  0.000e+00
     21.710    24.6423   4.873153    32.0503        428     1.7792  0.000e+00
     21.882    24.6238   4.873549    32.0663        429     1.7833  0.000e+00
     22.051    24.6107   4.872152    32.0654        430     1.7875  0.000e+00
     22.225    24.5949   4.871315    32.0704        431     1.7917  0.000e+00
     22.400    24.5785   4.870848    32.0786        432     1.7958  0.000e+00
     22.581    24.5657   4.870374    32.0842        433     1.8000  0.000e+00
     22.762    24.5560   4.869484    32.0844        434     1.8042  0.000e+00
     22.939    24.5461   4.866046    32.0661        435     1.8083  0.000e+00
     23.121    24.5269   4.860027    32.0353        436     1.8125  0.000e+00
     23.293    24.4900   4.855532    32.0283        437     1.8167  0.000e+00
     23.461    24.4458   4.852066    32.0341        438     1.8208  0.000e+00
     23.620    24.3997   4.842130    31.9935        439     1.8250  0.000e+00
     23.774    24.3364   4.836316    31.9955        440     1.8292  0.000e+00
     23.922    24.2652   4.815936    31.8951        441     1.8333  0.000e+00
     24.065    24.1520   4.811027    31.9393        442     1.8375  0.000e+00
     24.198    24.0410   4.804011    31.9664        443     1.8417  0.000e+00
     24.328    23.9501   4.797915    31.9860        444     1.8458  0.000e+00
     24.455    23.8587   4.779710    31.9155        445     1.8500  0.000e+00
     24.580    23.7289   4.742469    31.7296        446     1.8542  0.000e+00
     24.704    23.5176   4.721735    31.7249        447     1.8583  0.000e+00
     24.829    23.2877   4.703650    31.7534        448     1.8625  0.000e+00
     24.952    23.0644   4.692791    31.8320        449     1.8667  0.000e+00
     25.079    22.8760   4.684624    31.9064        450     1.8708  0.000e+00
     25.211    22.7294   4.681704    31.9908        451     1.8750  0.000e+00
     25.350    22.6239   4.676064    32.0247        452     1.8792  0.000e+00
     25.493    22.5411   4.673766    32.0677        453     1.8833  0.000e+00
     25.641    22.4778   4.668324    32.0723        454     1.8875  0.000e+00
     25.794    22.4183   4.656695    32.0265        455     1.8917  0.000e+00
     25.948    22.3383   4.643110    31.9805        456     1.8958  0.000e+00
     26.116    22.2256   4.629342    31.9569        457     1.9000  0.000e+00
     26.279    22.0945   4.627648    32.0403        458     1.9042  0.000e+00
     26.450    21.9949   4.625870    32.1000        459     1.9083  0.000e+00
     26.624    21.9271   4.621308    32.1148        460     1.9125  0.000e+00
     26.797    21.8687   4.609253    32.0642        461     1.9167  0.000e+00
     26.971    21.7834   4.600073    32.0559        462     1.9208  0.000e+00
     27.146    21.6902   4.597837    32.1076        463     1.9250  0.000e+00
     27.329    21.6139   4.591256    32.1128        464     1.9292  0.000e+00
     27.502    21.5393   4.582997    32.1037        465     1.9333  0.000e+00
     27.679    21.4619   4.581913    32.1529        466     1.9375  0.000e+00
     27.851    21.4040   4.583776    32.2108        467     1.9417  0.000e+00
     28.023    21.3730   4.573924    32.1565        468     1.9458  0.000e+00
     28.189    21.3289   4.570839    32.1652        469     1.9500  0.000e+00
     28.357    21.2738   4.562742    32.1426        470     1.9542  0.000e+00
     28.518    21.2086   4.553730    32.1204        471     1.9583  0.000e+00
     28.677    21.1320   4.550088    32.1490        472     1.9625  0.000e+00
     28.829    21.0641   4.547529    32.1797        473     1.9667  0.000e+00
     28.988    21.0079   4.544752    32.2000        474     1.9708  0.000e+00
     29.149    20.9631   4.543058    32.2202        475     1.9750  0.000e+00
     29.310    20.9296   4.539137    32.2144        476     1.9792  0.000e+00
     29.471    20.8951   4.535378    32.2105        477     1.9833  0.000e+00
     29.639    20.8553   4.533353    32.2244        478     1.9875  0.000e+00
     29.805    20.8217   4.532995    32.2469        479     1.9917  0.000e+00
     29.971    20.7974   4.531903    32.2565        480     1.9958  0.000e+00
     30.128    20.7790   4.531354    32.2661        481     2.0000  0.000e+00
     30.288    20.7661   4.531699    32.2785        482     2.0042  0.000e+00
     30.443    20.7589   4.531392    32.2815        483     2.0083  0.000e+00
     30.595    20.7541   4.531853    32.2887        484     2.0125  0.000e+00
     30.739    20.7515   4.530683    32.2814        485     2.0167  0.000e+00
     30.886    20.7471   4.528965    32.2710        486     2.0208  0.000e+00
     31.027    20.7378   4.527757    32.2683        487     2.0250  0.000e+00
     31.166    20.7263   4.526295    32.2653        488     2.0292  0.000e+00
     31.316    20.7132   4.525446    32.2684        489     2.0333  0.000e+00
     31.468    20.7005   4.524865    32.2734        490     2.0375  0.000e+00
     31.629    20.6896   4.523824    32.2733        491     2.0417  0.000e+00
     31.799    20.6803   4.524335    32.2843        492     2.0458  0.000e+00
     31.970    20.6758   4.524335    32.2877        493     2.0500  0.000e+00
     32.064    20.6731   4.523492    32.2830        494     2.0542  0.000e+00
     32.104    20.6689   4.521743    32.2722        495     2.0583  0.000e+00
     32.100    20.6599   4.520243    32.2671        496     2.0625  0.000e+00
     32.051    20.6475   4.520134    32.2756        497     2.0667  0.000e+00
     32.021    20.6385   4.520192    32.2830        498     2.0708  0.000e+00
     32.017    20.6333   4.520001    32.2853        499     2.0750  0.000e+00
     32.003    20.6297   4.519975    32.2879        500     2.0792  0.000e+00
     31.972    20.6277   4.519937    32.2891        501     2.0833  0.000e+00
     31.923    20.6267   4.519841    32.2891        502     2.0875  0.000e+00
     31.882    20.6255   4.519809    32.2898        503     2.0917  0.000e+00
     31.853    20.6249   4.519764    32.2899        504     2.0958  0.000e+00
     31.827    20.6244   4.519764    32.2903        505     2.1000  0.000e+00
     31.807    20.6241   4.519764    32.2906        506     2.1042  0.000e+00
     31.795    20.6240   4.519816    32.2910        507     2.1083  0.000e+00
     31.791    20.6242   4.519784    32.2907        508     2.1125  0.000e+00
     31.797    20.6245   4.519892    32.2912        509     2.1167  0.000e+00
     31.806    20.6253   4.519860    32.2904        510     2.1208  0.000e+00
     31.813    20.6259   4.519892    32.2902        511     2.1250  0.000e+00
     31.825    20.6265   4.519835    32.2893        512     2.1292  0.000e+00
     31.842    20.6266   4.519790    32.2888        513     2.1333  0.000e+00
     31.873    20.6264   4.519764    32.2888        514     2.1375  0.000e+00
     31.894    20.6260   4.519764    32.2890        515     2.1417  0.000e+00
     31.925    20.6256   4.519764    32.2894        516     2.1458  0.000e+00
     31.947    20.6258   4.519662    32.2884        517     2.1500  0.000e+00
     31.976    20.6255   4.519630    32.2884        518     2.1542  0.000e+00
     31.994    20.6254   4.519484    32.2873        519     2.1583  0.000e+00
     32.015    20.6248   4.519420    32.2872        520     2.1625  0.000e+00
     32.035    20.6241   4.519471    32.2881        521     2.1667  0.000e+00
     32.052    20.6239   4.519407    32.2878        522     2.1708  0.000e+00
     32.070    20.6235   4.519286    32.2871        523     2.1750  0.000e+00
     32.077    20.6229   4.519331    32.2879        524     2.1792  0.000e+00
     32.084    20.6228   4.519286    32.2876        525     2.1833  0.000e+00
     32.088    20.6229   4.519331    32.2879        526     2.1875  0.000e+00
     32.086    20.6225   4.519311    32.2881        527     2.1917  0.000e+00
     32.075    20.6227   4.519286    32.2877        528     2.1958  0.000e+00
     32.068    20.6229   4.519254    32.2873        529     2.2000  0.000e+00
     32.057    20.6227   4.519184    32.2869        530     2.2042  0.000e+00
     32.046    20.6224   4.519228    32.2875        531     2.2083  0.000e+00
     32.030    20.6226   4.519286    32.2878        532     2.2125  0.000e+00
     32.015    20.6230   4.519305    32.2876        533     2.2167  0.000e+00
     32.001    20.6232   4.519235    32.2869        534     2.2208  0.000e+00
     31.994    20.6232   4.519260    32.2871        535     2.2250  0.000e+00
     31.976    20.6233   4.519203    32.2866        536     2.2292  0.000e+00
     31.959    20.6234   4.519184    32.2864        537     2.2333  0.000e+00
     31.941    20.6232   4.519152    32.2863        538     2.2375  0.000e+00
     31.914    20.6229   4.519101    32.2861        539     2.2417  0.000e+00
     31.889    20.6228   4.519075    32.2860        540     2.2458  0.000e+00
     31.860    20.6224   4.519075    32.2863        541     2.2500  0.000e+00
     31.829    20.6225   4.519075    32.2863        542     2.2542  0.000e+00
     31.802    20.6223   4.519075    32.2864        543     2.2583  0.000e+00
     31.775    20.6224   4.519101    32.2866        544     2.2625  0.000e+00
     31.744    20.6224   4.519075    32.2864        545     2.2667  0.000e+00
     31.712    20.6224   4.519126    32.2868        546     2.2708  0.000e+00
     31.684    20.6228   4.519101    32.2863        547     2.2750  0.000e+00
     31.661    20.6229   4.519049    32.2858        548     2.2792  0.000e+00
     31.639    20.6228   4.519024    32.2857        549     2.2833  0.000e+00
     31.628    20.6226   4.519101    32.2865        550     2.2875  0.000e+00
     31.625    20.6227   4.519049    32.2860        551     2.2917  0.000e+00
     31.623    20.6229   4.519075    32.2860        552     2.2958  0.000e+00
     31.634    20.6229   4.519049    32.2858        553     2.3000  0.000e+00
     31.645    20.6229   4.519075    32.2860        554     2.3042  0.000e+00
     31.667    20.6231   4.519075    32.2858        555     2.3083  0.000e+00
     31.694    20.6234   4.519075    32.2856        556     2.3125  0.000e+00
     31.728    20.6234   4.519075    32.2856        557     2.3167  0.000e+00
     31.766    20.6234   4.519126    32.2860        558     2.3208  0.000e+00
     31.808    20.6235   4.519152    32.2861        559     2.3250  0.000e+00
     31.842    20.6237   4.518973    32.2845        560     2.3292  0.000e+00
     31.871    20.6233   4.518922    32.2844        561     2.3333  0.000e+00
     31.889    20.6229   4.518864    32.2843        562     2.3375  0.000e+00
     31.900    20.6223   4.518839    32.2845        563     2.3417  0.000e+00
     31.905    20.6217   4.518845    32.2850        564     2.3458  0.000e+00
     31.894    20.6216   4.518730    32.2841        565     2.3500  0.000e+00
     31.876    20.6212   4.518775    32.2848        566     2.3542  0.000e+00
     31.849    20.6210   4.518839    32.2855        567     2.3583  0.000e+00
     31.818    20.6211   4.518801    32.2851        568     2.3625  0.000e+00
     31.788    20.6210   4.518788    32.2851        569     2.3667  0.000e+00
     31.759    20.6210   4.518788    32.2851        570     2.3708  0.000e+00
     31.730    20.6208   4.518845    32.2857        571     2.3750  0.000e+00
     31.704    20.6212   4.518839    32.2854        572     2.3792  0.000e+00
     31.695    20.6214   4.518820    32.2851        573     2.3833  0.000e+00
     31.683    20.6214   4.518813    32.2850        574     2.3875  0.000e+00
     31.675    20.6214   4.518775    32.2847        575     2.3917  0.000e+00
     31.675    20.6213   4.518756    32.2847        576     2.3958  0.000e+00
     31.666    20.6213   4.518813    32.2851        577     2.4000  0.000e+00
     31.657    20.6216   4.518922    32.2857        578     2.4042  0.000e+00
     31.650    20.6221   4.518890    32.2851        579     2.4083  0.000e+00
     31.636    20.6226   4.518973    32.2854        580     2.4125  0.000e+00
     31.609    20.6228   4.518915    32.2848        581     2.4167  0.000e+00
     31.583    20.6231   4.518922    32.2846        582     2.4208  0.000e+00
     31.547    20.6233   4.518973    32.2849        583     2.4250  0.000e+00
     31.516    20.6234   4.518973    32.2848        584     2.4292  0.000e+00
     31.489    20.6238   4.519152    32.2860        585     2.4333  0.000e+00
     31.466    20.6246   4.516011    32.2603        586     2.4375  0.000e+00
     31.448    20.6252   4.519049    32.2841        587     2.4417  0.000e+00
     31.430    20.6252   4.519337    32.2864        588     2.4458  0.000e+00
     31.423    20.6260   4.519381    32.2861        589     2.4500  0.000e+00
     31.412    20.6271   4.519075    32.2829        590     2.4542  0.000e+00
     31.406    20.6270   4.519100    32.2832        591     2.4583  0.000e+00
     31.397    20.6265   4.519177    32.2842        592     2.4625  0.000e+00
     31.379    20.6265   4.519151    32.2840        593     2.4667  0.000e+00
     31.368    20.6264   4.519937    32.2903        594     2.4708  0.000e+00
     31.352    20.6293   4.519924    32.2880        595     2.4750  0.000e+00
     31.332    20.6320   4.519936    32.2860        596     2.4792  0.000e+00
     31.321    20.6332   4.519949    32.2853        597     2.4833  0.000e+00
     31.307    20.6344   4.520000    32.2848        598     2.4875  0.000e+00
     31.298    20.6351   4.520115    32.2851        599     2.4917  0.000e+00
     31.296    20.6360   4.520396    32.2867        600     2.4958  0.000e+00
     31.301    20.6376   4.520626    32.2874        601     2.5000  0.000e+00
     31.309    20.6398   4.520632    32.2857        602     2.5042  0.000e+00
     31.323    20.6414   4.520728    32.2853        603     2.5083  0.000e+00
     31.347    20.6423   4.520690    32.2842        604     2.5125  0.000e+00
     31.370    20.6433   4.520658    32.2833        605     2.5167  0.000e+00
     31.395    20.6438   4.520702    32.2832        606     2.5208  0.000e+00
     31.421    20.6438   4.520607    32.2825        607     2.5250  0.000e+00
     31.442    20.6439   4.520575    32.2821        608     2.5292  0.000e+00
     31.455    20.6437   4.520556    32.2821        609     2.5333  0.000e+00
     31.471    20.6432   4.520396    32.2812        610     2.5375  0.000e+00
     31.479    20.6423   4.520134    32.2798        611     2.5417  0.000e+00
     31.479    20.6410   4.520051    32.2801        612     2.5458  0.000e+00
     31.477    20.6393   4.520013    32.2811        613     2.5500  0.000e+00
     31.468    20.6383   4.520211    32.2834        614     2.5542  0.000e+00
     31.450    20.6384   4.520396    32.2848        615     2.5583  0.000e+00
     31.426    20.6393   4.520875    32.2880        616     2.5625  0.000e+00
     31.393    20.6418   4.520875    32.2861        617     2.5667  0.000e+00
     31.352    20.6438   4.520741    32.2836        618     2.5708  0.000e+00
     31.296    20.6441   4.520581    32.2820        619     2.5750  0.000e+00
     31.231    20.6435   4.520549    32.2823        620     2.5792  0.000e+00
     31.171    20.6434   4.520581    32.2826        621     2.5833  0.000e+00
     31.108    20.6437   4.521385    32.2889        622     2.5875  0.000e+00
     31.045    20.6468   4.522592    32.2961        623     2.5917  0.000e+00
     30.980    20.6542   4.522605    32.2907        624     2.5958  0.000e+00
     30.915    20.6597   4.523039    32.2900        625     2.6000  0.000e+00
