HB2304/sbe024.cnv
* Sea-Bird SBE 19plus V2 Data File:
* FileName = C:\cruise\data\sbe024.hex
* Software Version Seasave V 7.26.7.121
* Temperature SN = 7037
* Conductivity SN = 7037
* System UpLoad Time = Sep 18 2023 10:12:52
** Ship: Bigelow
** Cruise:  HB2304
** Program:  Fall Bottom Trawl
# nquan = 7
# nvalues = 1458                                  
# units = specified
# name 0 = depSM: Depth [salt water, m], lat = 40.00
# name 1 = tv290C: Temperature [ITS-90, deg C]
# name 2 = c0S/m: Conductivity [S/m]
# name 3 = sal00: Salinity, Practical [PSU]
# name 4 = scan: Scan Count
# name 5 = timeM: Time, Elapsed [minutes]
# name 6 = flag:  0.000e+00
# span 0 =     -0.131,     39.676                 
# span 1 =    18.0661,    23.9701                 
# span 2 =  -0.000090,   4.826403                 
# span 3 =     0.0000,    34.1917                 
# span 4 =         11,       1468                 
# span 5 =     0.0417,     6.1125                 
# span 6 = 0.0000e+00, 0.0000e+00                 
# interval = seconds: 0.25
# start_time = Sep 18 2023 10:12:52 [System UTC, header]
# bad_flag = -9.990e-29
*END*
[from data line 411]
     36.983    19.3820   4.529920    33.3392        422     1.7542  0.000e+00
     37.064    19.2443   4.517783    33.3492        423     1.7583  0.000e+00
     37.138    19.1152   4.509893    33.3874        424     1.7625  0.000e+00
     37.213    19.0029   4.505329    33.4400        425     1.7667  0.000e+00
     37.278    18.9160   4.501735    33.4802        426     1.7708  0.000e+00
     37.346    18.8480   4.499946    33.5203        427     1.7750  0.000e+00
     37.411    18.7976   4.498946    33.5529        428     1.7792  0.000e+00
     37.480    18.7622   4.497533    33.5697        429     1.7833  0.000e+00
     37.543    18.7354   4.496425    33.5822        430     1.7875  0.000e+00
     37.623    18.7147   4.495272    33.5894        431     1.7917  0.000e+00
     37.699    18.6984   4.494171    33.5934        432     1.7958  0.000e+00
     37.782    18.6844   4.491567    33.5830        433     1.8000  0.000e+00
     37.878    18.6687   4.488957    33.5739        434     1.8042  0.000e+00
     37.990    18.6502   4.484636    33.5527        435     1.8083  0.000e+00
     38.102    18.6254   4.480235    33.5360        436     1.8125  0.000e+00
     38.230    18.5941   4.476611    33.5310        437     1.8167  0.000e+00
     38.364    18.5611   4.475047    33.5447        438     1.8208  0.000e+00
     38.512    18.5347   4.474819    33.5643        439     1.8250  0.000e+00
     38.668    18.5158   4.473796    33.5711        440     1.8292  0.000e+00
     38.834    18.5005   4.470352    33.5545        441     1.8333  0.000e+00
     39.000    18.4806   4.467087    33.5432        442     1.8375  0.000e+00
     39.170    18.4555   4.462515    33.5252        443     1.8417  0.000e+00
     39.337    18.4255   4.457913    33.5109        444     1.8458  0.000e+00
     39.492    18.3908   4.449172    33.4656        445     1.8500  0.000e+00
     39.620    18.3413   4.435573    33.3913        446     1.8542  0.000e+00
     39.676    18.2652   4.421909    33.3380        447     1.8583  0.000e+00
     39.660    18.1723   4.415980    33.3635        448     1.8625  0.000e+00
     39.577    18.0882   4.427707    33.5315        449     1.8667  0.000e+00
     39.456    18.0661   4.435159    33.6128        450     1.8708  0.000e+00
     39.351    18.0873   4.446101    33.6882        451     1.8750  0.000e+00
     39.241    18.1365   4.453139    33.7074        452     1.8792  0.000e+00
     39.127    18.1927   4.455422    33.6805        453     1.8833  0.000e+00
     39.013    18.2405   4.458772    33.6696        454     1.8875  0.000e+00
     38.901    18.2798   4.461374    33.6594        455     1.8917  0.000e+00
     38.796    18.3118   4.462936    33.6463        456     1.8958  0.000e+00
     38.700    18.3378   4.463221    33.6275        457     1.9000  0.000e+00
     38.621    18.3555   4.464840    33.6267        458     1.9042  0.000e+00
     38.554    18.3710   4.466212    33.6256        459     1.9083  0.000e+00
     38.496    18.3854   4.467799    33.6272        460     1.9125  0.000e+00
     38.449    18.3991   4.470042    33.6349        461     1.9167  0.000e+00
     38.404    18.4143   4.470613    33.6273        462     1.9208  0.000e+00
     38.362    18.4267   4.470747    33.6183        463     1.9250  0.000e+00
     38.321    18.4352   4.471541    33.6180        464     1.9292  0.000e+00
     38.281    18.4435   4.472049    33.6155        465     1.9333  0.000e+00
     38.230    18.4520   4.472545    33.6128        466     1.9375  0.000e+00
     38.185    18.4606   4.473040    33.6099        467     1.9417  0.000e+00
     38.117    18.4685   4.473536    33.6076        468     1.9458  0.000e+00
     38.051    18.4753   4.473714    33.6036        469     1.9500  0.000e+00
     37.981    18.4807   4.474158    33.6030        470     1.9542  0.000e+00
     37.905    18.4856   4.475671    33.6117        471     1.9583  0.000e+00
     37.826    18.4936   4.478233    33.6268        472     1.9625  0.000e+00
     37.742    18.5066   4.482049    33.6482        473     1.9667  0.000e+00
     37.650    18.5264   4.485535    33.6613        474     1.9708  0.000e+00
     37.562    18.5505   4.487126    33.6551        475     1.9750  0.000e+00
     37.471    18.5712   4.487921    33.6448        476     1.9792  0.000e+00
     37.379    18.5870   4.487621    33.6294        477     1.9833  0.000e+00
     37.278    18.5962   4.486915    33.6161        478     1.9875  0.000e+00
     37.173    18.6011   4.491319    33.6490        479     1.9917  0.000e+00
     37.055    18.6166   4.495566    33.6721        480     1.9958  0.000e+00
     36.925    18.6408   4.497929    33.6721        481     2.0000  0.000e+00
     36.788    18.6663   4.500031    33.6690        482     2.0042  0.000e+00
     36.649    18.6911   4.504524    33.6864        483     2.0083  0.000e+00
     36.508    18.7259   4.520707    33.7935        484     2.0125  0.000e+00
     36.356    18.7953   4.538814    33.8882        485     2.0167  0.000e+00
     36.211    18.9021   4.551635    33.9078        486     2.0208  0.000e+00
     36.068    19.0214   4.569325    33.9575        487     2.0250  0.000e+00
     35.928    19.1621   4.604105    34.1313        488     2.0292  0.000e+00
     35.797    19.3611   4.631085    34.1917        489     2.0333  0.000e+00
     35.671    19.5892   4.643420    34.1070        490     2.0375  0.000e+00
     35.557    19.7988   4.630350    33.8297        491     2.0417  0.000e+00
     35.454    19.9244   4.616833    33.6184        492     2.0458  0.000e+00
     35.358    19.9773   4.615395    33.5645        493     2.0500  0.000e+00
     35.268    19.9993   4.615369    33.5467        494     2.0542  0.000e+00
     35.181    20.0095   4.597538    33.3936        495     2.0583  0.000e+00
     35.089    19.9805   4.577426    33.2530        496     2.0625  0.000e+00
     35.011    19.9141   4.574930    33.2852        497     2.0667  0.000e+00
     34.930    19.8583   4.572391    33.3088        498     2.0708  0.000e+00
     34.850    19.8170   4.570890    33.3293        499     2.0750  0.000e+00
     34.762    19.7877   4.571237    33.3555        500     2.0792  0.000e+00
     34.677    19.7698   4.570865    33.3667        501     2.0833  0.000e+00
     34.588    19.7591   4.571321    33.3789        502     2.0875  0.000e+00
     34.509    19.7532   4.571712    33.3869        503     2.0917  0.000e+00
     34.420    19.7514   4.572905    33.3981        504     2.0958  0.000e+00
     34.328    19.7525   4.572148    33.3911        505     2.1000  0.000e+00
     34.230    19.7520   4.572642    33.3956        506     2.1042  0.000e+00
     34.127    19.7522   4.572552    33.3947        507     2.1083  0.000e+00
     34.019    19.7528   4.572616    33.3948        508     2.1125  0.000e+00
     33.894    19.7528   4.572610    33.3948        509     2.1167  0.000e+00
     33.764    19.7530   4.573412    33.4012        510     2.1208  0.000e+00
     33.618    19.7549   4.573065    33.3969        511     2.1250  0.000e+00
     33.466    19.7557   4.572873    33.3948        512     2.1292  0.000e+00
     33.309    19.7558   4.572873    33.3948        513     2.1333  0.000e+00
     33.157    19.7557   4.573899    33.4033        514     2.1375  0.000e+00
     33.007    19.7580   4.574027    33.4026        515     2.1417  0.000e+00
     32.871    19.7614   4.577999    33.4323        516     2.1458  0.000e+00
     32.752    19.7711   4.578846    33.4315        517     2.1500  0.000e+00
     32.634    19.7828   4.581382    33.4430        518     2.1542  0.000e+00
     32.530    19.7963   4.583051    33.4459        519     2.1583  0.000e+00
     32.437    19.8113   4.586435    33.4617        520     2.1625  0.000e+00
     32.358    19.8280   4.592455    33.4975        521     2.1667  0.000e+00
     32.277    19.8547   4.600175    33.5393        522     2.1708  0.000e+00
     32.193    19.8949   4.605945    33.5543        523     2.1750  0.000e+00
     32.114    19.9369   4.607437    33.5330        524     2.1792  0.000e+00
     32.031    19.9702   4.610353    33.5302        525     2.1833  0.000e+00
     31.948    19.9972   4.607102    33.4823        526     2.1875  0.000e+00
     31.852    20.0079   4.611311    33.5081        527     2.1917  0.000e+00
     31.756    20.0226   4.612978    33.5100        528     2.1958  0.000e+00
     31.648    20.0366   4.614253    33.5092        529     2.2000  0.000e+00
     31.539    20.0517   4.620842    33.5509        530     2.2042  0.000e+00
     31.420    20.0763   4.638640    33.6760        531     2.2083  0.000e+00
     31.291    20.1341   4.654651    33.7600        532     2.2125  0.000e+00
     31.160    20.2198   4.657914    33.7180        533     2.2167  0.000e+00
     31.019    20.2896   4.661579    33.6920        534     2.2208  0.000e+00
     30.874    20.3415   4.663868    33.6692        535     2.2250  0.000e+00
     30.724    20.3792   4.663343    33.6351        536     2.2292  0.000e+00
     30.578    20.4028   4.663291    33.6159        537     2.2333  0.000e+00
     30.438    20.4166   4.663550    33.6071        538     2.2375  0.000e+00
     30.315    20.4245   4.660755    33.5783        539     2.2417  0.000e+00
     30.203    20.4241   4.656869    33.5473        540     2.2458  0.000e+00
     30.102    20.4147   4.650206    33.5010        541     2.2500  0.000e+00
     30.021    20.3936   4.631648    33.3679        542     2.2542  0.000e+00
     29.954    20.3455   4.626367    33.3633        543     2.2583  0.000e+00
     29.898    20.2954   4.626987    33.4078        544     2.2625  0.000e+00
     29.855    20.2634   4.626188    33.4267        545     2.2667  0.000e+00
     29.820    20.2431   4.626607    33.4461        546     2.2708  0.000e+00
     29.797    20.2320   4.626878    33.4572        547     2.2750  0.000e+00
     29.779    20.2262   4.626917    33.4621        548     2.2792  0.000e+00
     29.755    20.2225   4.626788    33.4640        549     2.2833  0.000e+00
     29.737    20.2200   4.626169    33.4609        550     2.2875  0.000e+00
     29.714    20.2169   4.625299    33.4564        551     2.2917  0.000e+00
     29.692    20.2134   4.626214    33.4666        552     2.2958  0.000e+00
     29.668    20.2119   4.626414    33.4694        553     2.3000  0.000e+00
     29.630    20.2125   4.626550    33.4701        554     2.3042  0.000e+00
     29.576    20.2126   4.626608    33.4704        555     2.3083  0.000e+00
     29.513    20.2132   4.626092    33.4658        556     2.3125  0.000e+00
     29.441    20.2122   4.624674    33.4551        557     2.3167  0.000e+00
     29.349    20.2090   4.624023    33.4525        558     2.3208  0.000e+00
     29.237    20.2049   4.622038    33.4396        559     2.3250  0.000e+00
     29.103    20.1981   4.620027    33.4288        560     2.3292  0.000e+00
     28.962    20.1890   4.618417    33.4230        561     2.3333  0.000e+00
     28.814    20.1796   4.616472    33.4147        562     2.3375  0.000e+00
     28.646    20.1684   4.605901    33.3379        563     2.3417  0.000e+00
     28.485    20.1403   4.588593    33.2198        564     2.3458  0.000e+00
     28.318    20.0899   4.579578    33.1865        565     2.3500  0.000e+00
     28.179    20.0386   4.576985    33.2059        566     2.3542  0.000e+00
     28.047    20.0015   4.574291    33.2134        567     2.3583  0.000e+00
     27.923    19.9738   4.570038    33.2007        568     2.3625  0.000e+00
     27.827    19.9476   4.562800    33.1625        569     2.3667  0.000e+00
     27.742    19.9185   4.557226    33.1401        570     2.3708  0.000e+00
     27.680    19.8872   4.555536    33.1511        571     2.3750  0.000e+00
     27.633    19.8617   4.553282    33.1528        572     2.3792  0.000e+00
     27.608    19.8427   4.552712    33.1632        573     2.3833  0.000e+00
     27.594    19.8290   4.552744    33.1742        574     2.3875  0.000e+00
     27.594    19.8206   4.552821    33.1816        575     2.3917  0.000e+00
     27.604    19.8158   4.552232    33.1805        576     2.3958  0.000e+00
     27.619    19.8129   4.552079    33.1815        577     2.4000  0.000e+00
     27.631    19.8103   4.551381    33.1779        578     2.4042  0.000e+00
     27.648    19.8087   4.551259    33.1782        579     2.4083  0.000e+00
     27.650    19.8081   4.551381    33.1797        580     2.4125  0.000e+00
     27.648    19.8085   4.551490    33.1802        581     2.4167  0.000e+00
     27.633    19.8088   4.549755    33.1658        582     2.4208  0.000e+00
     27.592    19.8060   4.547297    33.1480        583     2.4250  0.000e+00
     27.534    19.7990   4.546504    33.1471        584     2.4292  0.000e+00
     27.465    19.7925   4.544514    33.1360        585     2.4333  0.000e+00
     27.382    19.7847   4.544034    33.1383        586     2.4375  0.000e+00
     27.292    19.7788   4.543791    33.1410        587     2.4417  0.000e+00
     27.194    19.7765   4.540042    33.1122        588     2.4458  0.000e+00
     27.096    19.7725   4.536724    33.0883        589     2.4500  0.000e+00
     27.004    19.7630   4.532172    33.0587        590     2.4542  0.000e+00
     26.919    19.7471   4.528134    33.0383        591     2.4583  0.000e+00
     26.834    19.7274   4.527087    33.0453        592     2.4625  0.000e+00
     26.769    19.7121   4.524398    33.0354        593     2.4667  0.000e+00
     26.704    19.6976   4.518072    32.9951        594     2.4708  0.000e+00
     26.650    19.6763   4.515073    32.9874        595     2.4750  0.000e+00
     26.599    19.6538   4.509007    32.9556        596     2.4792  0.000e+00
     26.561    19.6261   4.508733    32.9752        597     2.4833  0.000e+00
     26.527    19.6061   4.511042    33.0098        598     2.4875  0.000e+00
     26.498    19.5987   4.510225    33.0089        599     2.4917  0.000e+00
     26.473    19.5942   4.508931    33.0019        600     2.4958  0.000e+00
     26.449    19.5881   4.508759    33.0054        601     2.5000  0.000e+00
     26.433    19.5832   4.507432    32.9983        602     2.5042  0.000e+00
     26.419    19.5776   4.505800    32.9894        603     2.5083  0.000e+00
     26.413    19.5705   4.505341    32.9913        604     2.5125  0.000e+00
     26.399    19.5641   4.502562    32.9735        605     2.5167  0.000e+00
     26.390    19.5545   4.501849    32.9753        606     2.5208  0.000e+00
     26.372    19.5457   4.501581    32.9800        607     2.5250  0.000e+00
     26.352    19.5391   4.500931    32.9799        608     2.5292  0.000e+00
     26.318    19.5338   4.500371    32.9795        609     2.5333  0.000e+00
     26.272    19.5286   4.498198    32.9658        610     2.5375  0.000e+00
     26.222    19.5213   4.496122    32.9546        611     2.5417  0.000e+00
     26.162    19.5115   4.494370    32.9479        612     2.5458  0.000e+00
     26.092    19.5015   4.493657    32.9499        613     2.5500  0.000e+00
     26.023    19.4939   4.492842    32.9493        614     2.5542  0.000e+00
     25.956    19.4876   4.491804    32.9457        615     2.5583  0.000e+00
     25.891    19.4822   4.491270    32.9456        616     2.5625  0.000e+00
     25.821    19.4779   4.489640    32.9357        617     2.5667  0.000e+00
     25.775    19.4727   4.487890    32.9255        618     2.5708  0.000e+00
     25.730    19.4655   4.487444    32.9275        619     2.5750  0.000e+00
     25.700    19.4594   4.487222    32.9305        620     2.5792  0.000e+00
     25.669    19.4547   4.486636    32.9294        621     2.5833  0.000e+00
     25.642    19.4503   4.482475    32.8987        622     2.5875  0.000e+00
     25.616    19.4415   4.478583    32.8737        623     2.5917  0.000e+00
     25.596    19.4319   4.477458    32.8720        624     2.5958  0.000e+00
     25.568    19.4292   4.477064    32.8709        625     2.6000  0.000e+00
