HB2304/sbe047.cnv
* Sea-Bird SBE 19plus V2 Data File:
* FileName = C:\cruise\data\sbe047.hex
* Software Version Seasave V 7.26.7.121
* Temperature SN = 7037
* Conductivity SN = 7037
* System UpLoad Time = Oct 07 2023 13:32:42
** Ship: Bigelow
** Cruise:  HB2304
** Program:  Fall Bottom Trawl
# nquan = 7
# nvalues = 992                                   
# units = specified
# name 0 = depSM: Depth [salt water, m], lat = 40.00
# name 1 = tv290C: Temperature [ITS-90, deg C]
# name 2 = c0S/m: Conductivity [S/m]
# name 3 = sal00: Salinity, Practical [PSU]
# name 4 = scan: Scan Count
# name 5 = timeM: Time, Elapsed [minutes]
# name 6 = flag:  0.000e+00
# span 0 =     -0.110,     16.345                 
# span 1 =    18.0982,    18.7636                 
# span 2 =  -0.000039,   4.209469                 
# span 3 =     0.0000,    31.2613                 
# span 4 =         11,       1002                 
# span 5 =     0.0417,     4.1708                 
# span 6 = 0.0000e+00, 0.0000e+00                 
# interval = seconds: 0.25
# start_time = Oct 07 2023 13:32:42 [System UTC, header]
# bad_flag = -9.990e-29
*END*
[from data line 206]
      4.997    18.7135   4.205753    31.1932        217     0.9000  0.000e+00
      5.132    18.7122   4.205691    31.1936        218     0.9042  0.000e+00
      5.289    18.7109   4.205691    31.1945        219     0.9083  0.000e+00
      5.454    18.7097   4.205654    31.1950        220     0.9125  0.000e+00
      5.622    18.7088   4.205549    31.1948        221     0.9167  0.000e+00
      5.808    18.7082   4.205475    31.1945        222     0.9208  0.000e+00
      5.996    18.7079   4.205679    31.1964        223     0.9250  0.000e+00
      6.197    18.7074   4.205308    31.1936        224     0.9292  0.000e+00
      6.395    18.7056   4.204317    31.1868        225     0.9333  0.000e+00
      6.581    18.7022   4.203462    31.1822        226     0.9375  0.000e+00
      6.755    18.6974   4.202918    31.1812        227     0.9417  0.000e+00
      6.892    18.6920   4.202528    31.1820        228     0.9458  0.000e+00
      7.011    18.6869   4.202299    31.1839        229     0.9500  0.000e+00
      7.111    18.6818   4.202454    31.1890        230     0.9542  0.000e+00
      7.207    18.6782   4.203228    31.1982        231     0.9583  0.000e+00
      7.283    18.6752   4.203587    31.2034        232     0.9625  0.000e+00
      7.358    18.6735   4.203909    31.2073        233     0.9667  0.000e+00
      7.423    18.6750   4.203952    31.2065        234     0.9708  0.000e+00
      7.483    18.6776   4.203890    31.2040        235     0.9750  0.000e+00
      7.539    18.6801   4.203884    31.2020        236     0.9792  0.000e+00
      7.599    18.6825   4.203909    31.2004        237     0.9833  0.000e+00
      7.660    18.6840   4.203965    31.1997        238     0.9875  0.000e+00
      7.732    18.6853   4.204051    31.1994        239     0.9917  0.000e+00
      7.799    18.6863   4.204151    31.1995        240     0.9958  0.000e+00
      7.870    18.6878   4.204194    31.1987        241     1.0000  0.000e+00
      7.926    18.6892   4.203952    31.1956        242     1.0042  0.000e+00
      7.980    18.6896   4.203593    31.1923        243     1.0083  0.000e+00
      8.009    18.6896   4.203488    31.1914        244     1.0125  0.000e+00
      8.018    18.6880   4.203401    31.1919        245     1.0167  0.000e+00
      8.005    18.6808   4.201829    31.1843        246     1.0208  0.000e+00
      7.984    18.6651   4.198573    31.1692        247     1.0250  0.000e+00
      7.942    18.6451   4.195844    31.1617        248     1.0292  0.000e+00
      7.901    18.6253   4.194303    31.1639        249     1.0333  0.000e+00
      7.844    18.6086   4.193765    31.1721        250     1.0375  0.000e+00
      7.790    18.5961   4.193673    31.1808        251     1.0417  0.000e+00
      7.749    18.5871   4.195906    31.2061        252     1.0458  0.000e+00
      7.722    18.5811   4.199583    31.2412        253     1.0500  0.000e+00
      7.729    18.5771   4.201638    31.2613        254     1.0542  0.000e+00
      7.783    18.5890   4.200363    31.2416        255     1.0583  0.000e+00
      7.881    18.6077   4.200381    31.2276        256     1.0625  0.000e+00
      8.002    18.6190   4.201446    31.2278        257     1.0667  0.000e+00
      8.148    18.6294   4.202052    31.2250        258     1.0708  0.000e+00
      8.307    18.6400   4.202795    31.2231        259     1.0750  0.000e+00
      8.473    18.6474   4.203161    31.2204        260     1.0792  0.000e+00
      8.652    18.6526   4.203359    31.2181        261     1.0833  0.000e+00
      8.835    18.6574   4.203427    31.2149        262     1.0875  0.000e+00
      9.021    18.6619   4.203520    31.2123        263     1.0917  0.000e+00
      9.201    18.6652   4.203613    31.2105        264     1.0958  0.000e+00
      9.388    18.6680   4.204343    31.2143        265     1.1000  0.000e+00
      9.565    18.6702   4.204827    31.2166        266     1.1042  0.000e+00
      9.709    18.6728   4.205099    31.2169        267     1.1083  0.000e+00
      9.821    18.6758   4.205167    31.2151        268     1.1125  0.000e+00
      9.901    18.6783   4.204560    31.2082        269     1.1167  0.000e+00
      9.957    18.6797   4.203161    31.1956        270     1.1208  0.000e+00
     10.015    18.6789   4.202795    31.1931        271     1.1250  0.000e+00
     10.065    18.6776   4.202554    31.1920        272     1.1292  0.000e+00
     10.103    18.6749   4.202703    31.1953        273     1.1333  0.000e+00
     10.132    18.6719   4.202944    31.1995        274     1.1375  0.000e+00
     10.154    18.6697   4.203378    31.2048        275     1.1417  0.000e+00
     10.168    18.6669   4.203638    31.2091        276     1.1458  0.000e+00
     10.175    18.6643   4.203954    31.2136        277     1.1500  0.000e+00
     10.179    18.6639   4.204195    31.2160        278     1.1542  0.000e+00
     10.181    18.6639   4.204294    31.2168        279     1.1583  0.000e+00
     10.184    18.6639   4.204127    31.2154        280     1.1625  0.000e+00
     10.188    18.6644   4.203712    31.2116        281     1.1667  0.000e+00
     10.192    18.6647   4.203433    31.2091        282     1.1708  0.000e+00
     10.199    18.6649   4.203644    31.2106        283     1.1750  0.000e+00
     10.221    18.6654   4.204418    31.2167        284     1.1792  0.000e+00
     10.253    18.6660   4.205000    31.2210        285     1.1833  0.000e+00
     10.296    18.6684   4.205068    31.2197        286     1.1875  0.000e+00
     10.349    18.6725   4.205093    31.2169        287     1.1917  0.000e+00
     10.409    18.6758   4.205477    31.2175        288     1.1958  0.000e+00
     10.477    18.6783   4.205743    31.2178        289     1.2000  0.000e+00
     10.542    18.6811   4.205818    31.2163        290     1.2042  0.000e+00
     10.611    18.6833   4.205886    31.2151        291     1.2083  0.000e+00
     10.681    18.6853   4.205892    31.2136        292     1.2125  0.000e+00
     10.759    18.6866   4.205867    31.2125        293     1.2167  0.000e+00
     10.839    18.6871   4.205756    31.2111        294     1.2208  0.000e+00
     10.936    18.6871   4.205527    31.2092        295     1.2250  0.000e+00
     11.036    18.6870   4.205118    31.2058        296     1.2292  0.000e+00
     11.146    18.6867   4.204852    31.2039        297     1.2333  0.000e+00
     11.260    18.6860   4.204802    31.2039        298     1.2375  0.000e+00
     11.383    18.6853   4.204610    31.2028        299     1.2417  0.000e+00
     11.509    18.6845   4.204468    31.2022        300     1.2458  0.000e+00
     11.643    18.6838   4.204319    31.2015        301     1.2500  0.000e+00
     11.773    18.6827   4.204245    31.2016        302     1.2542  0.000e+00
     11.903    18.6710   4.204344    31.2113        303     1.2583  0.000e+00
     12.026    18.6477   4.202772    31.2158        304     1.2625  0.000e+00
     12.133    18.6223   4.198860    31.2025        305     1.2667  0.000e+00
     12.221    18.5953   4.194801    31.1892        306     1.2708  0.000e+00
     12.290    18.5690   4.191343    31.1804        307     1.2750  0.000e+00
     12.339    18.5437   4.188993    31.1800        308     1.2792  0.000e+00
     12.366    18.5189   4.187201    31.1839        309     1.2833  0.000e+00
     12.377    18.4974   4.185859    31.1890        310     1.2875  0.000e+00
     12.375    18.4795   4.184883    31.1944        311     1.2917  0.000e+00
     12.358    18.4656   4.182399    31.1842        312     1.2958  0.000e+00
     12.335    18.4537   4.179563    31.1697        313     1.3000  0.000e+00
     12.304    18.4397   4.178494    31.1714        314     1.3042  0.000e+00
     12.274    18.4278   4.178266    31.1785        315     1.3083  0.000e+00
     12.241    18.4199   4.178241    31.1843        316     1.3125  0.000e+00
     12.227    18.4151   4.178074    31.1866        317     1.3167  0.000e+00
     12.225    18.4111   4.178075    31.1896        318     1.3208  0.000e+00
     12.234    18.4089   4.177939    31.1901        319     1.3250  0.000e+00
     12.259    18.4072   4.177692    31.1894        320     1.3292  0.000e+00
     12.293    18.4047   4.177568    31.1902        321     1.3333  0.000e+00
     12.351    18.4026   4.177426    31.1906        322     1.3375  0.000e+00
     12.427    18.4006   4.177235    31.1905        323     1.3417  0.000e+00
     12.514    18.3987   4.177216    31.1917        324     1.3458  0.000e+00
     12.610    18.3972   4.177093    31.1919        325     1.3500  0.000e+00
     12.713    18.3958   4.176889    31.1912        326     1.3542  0.000e+00
     12.817    18.3939   4.175561    31.1815        327     1.3583  0.000e+00
     12.928    18.3881   4.173882    31.1719        328     1.3625  0.000e+00
     13.034    18.3767   4.171814    31.1632        329     1.3667  0.000e+00
     13.141    18.3617   4.170796    31.1661        330     1.3708  0.000e+00
     13.244    18.3469   4.170216    31.1724        331     1.3750  0.000e+00
     13.343    18.3346   4.169500    31.1758        332     1.3792  0.000e+00
     13.435    18.3241   4.168667    31.1767        333     1.3833  0.000e+00
     13.517    18.3143   4.168112    31.1795        334     1.3875  0.000e+00
     13.582    18.3058   4.167347    31.1796        335     1.3917  0.000e+00
     13.643    18.2975   4.166674    31.1802        336     1.3958  0.000e+00
     13.687    18.2890   4.166298    31.1835        337     1.4000  0.000e+00
     13.712    18.2818   4.166150    31.1877        338     1.4042  0.000e+00
     13.732    18.2765   4.166058    31.1910        339     1.4083  0.000e+00
     13.737    18.2729   4.166027    31.1934        340     1.4125  0.000e+00
     13.743    18.2705   4.166132    31.1962        341     1.4167  0.000e+00
     13.743    18.2694   4.166323    31.1986        342     1.4208  0.000e+00
     13.735    18.2697   4.166576    31.2005        343     1.4250  0.000e+00
     13.728    18.2709   4.166706    31.2007        344     1.4292  0.000e+00
     13.723    18.2723   4.166724    31.1997        345     1.4333  0.000e+00
     13.707    18.2735   4.166798    31.1995        346     1.4375  0.000e+00
     13.699    18.2746   4.166946    31.1999        347     1.4417  0.000e+00
     13.688    18.2758   4.166989    31.1993        348     1.4458  0.000e+00
     13.690    18.2768   4.166989    31.1985        349     1.4500  0.000e+00
     13.699    18.2775   4.166971    31.1979        350     1.4542  0.000e+00
     13.717    18.2779   4.166847    31.1965        351     1.4583  0.000e+00
     13.746    18.2779   4.166675    31.1951        352     1.4625  0.000e+00
     13.786    18.2770   4.166539    31.1946        353     1.4667  0.000e+00
     13.840    18.2760   4.166397    31.1942        354     1.4708  0.000e+00
     13.904    18.2745   4.166274    31.1943        355     1.4750  0.000e+00
     13.988    18.2731   4.166058    31.1935        356     1.4792  0.000e+00
     14.081    18.2713   4.165799    31.1927        357     1.4833  0.000e+00
     14.180    18.2690   4.165460    31.1916        358     1.4875  0.000e+00
     14.296    18.2664   4.165176    31.1911        359     1.4917  0.000e+00
     14.413    18.2629   4.164312    31.1865        360     1.4958  0.000e+00
     14.534    18.2581   4.163905    31.1867        361     1.5000  0.000e+00
     14.653    18.2522   4.163338    31.1864        362     1.5042  0.000e+00
     14.762    18.2461   4.162308    31.1824        363     1.5083  0.000e+00
     14.854    18.2383   4.161790    31.1840        364     1.5125  0.000e+00
     14.934    18.2308   4.161451    31.1868        365     1.5167  0.000e+00
     14.997    18.2242   4.161192    31.1896        366     1.5208  0.000e+00
     15.038    18.2190   4.160971    31.1917        367     1.5250  0.000e+00
     15.060    18.2148   4.160619    31.1920        368     1.5292  0.000e+00
     15.069    18.2108   4.160188    31.1914        369     1.5333  0.000e+00
     15.073    18.2066   4.159873    31.1920        370     1.5375  0.000e+00
     15.064    18.2027   4.159997    31.1960        371     1.5417  0.000e+00
     15.051    18.2003   4.160231    31.1998        372     1.5458  0.000e+00
     15.028    18.1998   4.160521    31.2025        373     1.5500  0.000e+00
     15.006    18.2008   4.160687    31.2032        374     1.5542  0.000e+00
     14.988    18.2022   4.160792    31.2030        375     1.5583  0.000e+00
     14.984    18.2036   4.160854    31.2025        376     1.5625  0.000e+00
     14.982    18.2048   4.160866    31.2017        377     1.5667  0.000e+00
     14.986    18.2055   4.160829    31.2008        378     1.5708  0.000e+00
     14.997    18.2061   4.160792    31.2001        379     1.5750  0.000e+00
     15.011    18.2061   4.160736    31.1995        380     1.5792  0.000e+00
     15.031    18.2060   4.160712    31.1995        381     1.5833  0.000e+00
     15.053    18.2056   4.160693    31.1996        382     1.5875  0.000e+00
     15.078    18.2054   4.160564    31.1987        383     1.5917  0.000e+00
     15.116    18.2048   4.159972    31.1942        384     1.5958  0.000e+00
     15.154    18.2024   4.159232    31.1897        385     1.6000  0.000e+00
     15.201    18.1979   4.158505    31.1871        386     1.6042  0.000e+00
     15.248    18.1918   4.157636    31.1844        387     1.6083  0.000e+00
     15.308    18.1849   4.157087    31.1851        388     1.6125  0.000e+00
     15.369    18.1780   4.156656    31.1867        389     1.6167  0.000e+00
     15.434    18.1719   4.156163    31.1872        390     1.6208  0.000e+00
     15.514    18.1658   4.155725    31.1881        391     1.6250  0.000e+00
     15.599    18.1607   4.155300    31.1884        392     1.6292  0.000e+00
     15.689    18.1556   4.154900    31.1889        393     1.6333  0.000e+00
     15.776    18.1509   4.154419    31.1885        394     1.6375  0.000e+00
     15.864    18.1460   4.154049    31.1890        395     1.6417  0.000e+00
     15.947    18.1416   4.153366    31.1867        396     1.6458  0.000e+00
     16.025    18.1359   4.152737    31.1857        397     1.6500  0.000e+00
     16.105    18.1287   4.152559    31.1896        398     1.6542  0.000e+00
     16.172    18.1232   4.152238    31.1911        399     1.6583  0.000e+00
     16.222    18.1182   4.152035    31.1932        400     1.6625  0.000e+00
     16.266    18.1137   4.151863    31.1951        401     1.6667  0.000e+00
     16.302    18.1100   4.151776    31.1972        402     1.6708  0.000e+00
     16.323    18.1066   4.151838    31.2004        403     1.6750  0.000e+00
     16.338    18.1049   4.152152    31.2042        404     1.6792  0.000e+00
     16.340    18.1053   4.152343    31.2056        405     1.6833  0.000e+00
     16.345    18.1070   4.152288    31.2038        406     1.6875  0.000e+00
     16.334    18.1084   4.152251    31.2024        407     1.6917  0.000e+00
     16.313    18.1089   4.152214    31.2017        408     1.6958  0.000e+00
     16.278    18.1090   4.152109    31.2008        409     1.7000  0.000e+00
     16.248    18.1085   4.151789    31.1985        410     1.7042  0.000e+00
     16.202    18.1064   4.151820    31.2004        411     1.7083  0.000e+00
     16.177    18.1043   4.151666    31.2007        412     1.7125  0.000e+00
     16.164    18.1032   4.151653    31.2014        413     1.7167  0.000e+00
     16.155    18.1031   4.152337    31.2073        414     1.7208  0.000e+00
     16.159    18.1051   4.152343    31.2058        415     1.7250  0.000e+00
     16.161    18.1076   4.153058    31.2098        416     1.7292  0.000e+00
     16.173    18.1120   4.152750    31.2039        417     1.7333  0.000e+00
     16.181    18.1147   4.152657    31.2011        418     1.7375  0.000e+00
     16.190    18.1152   4.152510    31.1995        419     1.7417  0.000e+00
     16.201    18.1146   4.152417    31.1992        420     1.7458  0.000e+00
