HB2304/sbe082.cnv
* Sea-Bird SBE 19plus V2 Data File:
* FileName = C:\cruise\data\sbe082.hex
* Software Version Seasave V 7.26.7.121
* Temperature SN = 7037
* Conductivity SN = 7037
* System UpLoad Time = Oct 18 2023 20:41:55
** Ship: Bigelow
** Cruise:  HB2304
** Program:  Fall Bottom Trawl
# nquan = 7
# nvalues = 3040                                  
# units = specified
# name 0 = depSM: Depth [salt water, m], lat = 40.00
# name 1 = tv290C: Temperature [ITS-90, deg C]
# name 2 = c0S/m: Conductivity [S/m]
# name 3 = sal00: Salinity, Practical [PSU]
# name 4 = scan: Scan Count
# name 5 = timeM: Time, Elapsed [minutes]
# name 6 = flag:  0.000e+00
# span 0 =      0.001,     98.933                 
# span 1 =     6.1360,    20.2727                 
# span 2 =  -0.000028,   4.067486                 
# span 3 =     0.0000,    34.0242                 
# span 4 =         11,       3050                 
# span 5 =     0.0417,    12.7042                 
# span 6 = 0.0000e+00, 0.0000e+00                 
# interval = seconds: 0.25
# start_time = Oct 18 2023 20:41:55 [System UTC, header]
# bad_flag = -9.990e-29
*END*
      0.045    20.2727  -0.000012     0.0000         11     0.0417  0.000e+00
      0.045    20.2707  -0.000010     0.0000         12     0.0458  0.000e+00
      0.048    20.2692  -0.000012     0.0000         13     0.0500  0.000e+00
      0.046    20.2684  -0.000012     0.0000         14     0.0542  0.000e+00
      0.050    20.2677  -0.000012     0.0000         15     0.0583  0.000e+00
      0.050    20.2664  -0.000007     0.0000         16     0.0625  0.000e+00
      0.054    20.2642  -0.000018     0.0000         17     0.0667  0.000e+00
      0.054    20.2620  -0.000010     0.0000         18     0.0708  0.000e+00
      0.048    20.2598  -0.000012     0.0000         19     0.0750  0.000e+00
      0.048    20.2572  -0.000007     0.0000         20     0.0792  0.000e+00
      0.050    20.2552  -0.000012     0.0000         21     0.0833  0.000e+00
      0.052    20.2537  -0.000012     0.0000         22     0.0875  0.000e+00
      0.052    20.2520  -0.000012     0.0000         23     0.0917  0.000e+00
      0.048    20.2499  -0.000007     0.0000         24     0.0958  0.000e+00
      0.048    20.2463  -0.000010     0.0000         25     0.1000  0.000e+00
      0.050    20.2402  -0.000012     0.0000         26     0.1042  0.000e+00
      0.050    20.2332  -0.000012     0.0000         27     0.1083  0.000e+00
      0.045    20.2265  -0.000007     0.0000         28     0.1125  0.000e+00
      0.050    20.2200  -0.000012     0.0000         29     0.1167  0.000e+00
      0.046    20.2130  -0.000007     0.0000         30     0.1208  0.000e+00
      0.050    20.2057  -0.000012     0.0000         31     0.1250  0.000e+00
      0.046    20.1984  -0.000010     0.0000         32     0.1292  0.000e+00
      0.045    20.1921  -0.000012     0.0000         33     0.1333  0.000e+00
      0.047    20.1878  -0.000012     0.0000         34     0.1375  0.000e+00
      0.052    20.1863  -0.000018     0.0000         35     0.1417  0.000e+00
      0.050    20.1857  -0.000012     0.0000         36     0.1458  0.000e+00
      0.047    20.1855  -0.000012     0.0000         37     0.1500  0.000e+00
      0.050    20.1852  -0.000015     0.0000         38     0.1542  0.000e+00
      0.048    20.1851  -0.000007     0.0000         39     0.1583  0.000e+00
      0.050    20.1850  -0.000012     0.0000         40     0.1625  0.000e+00
      0.047    20.1850  -0.000018     0.0000         41     0.1667  0.000e+00
      0.047    20.1842  -0.000012     0.0000         42     0.1708  0.000e+00
      0.052    20.1821  -0.000018     0.0000         43     0.1750  0.000e+00
      0.049    20.1788  -0.000012     0.0000         44     0.1792  0.000e+00
      0.036    20.1755  -0.000015     0.0000         45     0.1833  0.000e+00
      0.043    20.1739  -0.000012     0.0000         46     0.1875  0.000e+00
      0.043    20.1743  -0.000018     0.0000         47     0.1917  0.000e+00
      0.050    20.1744  -0.000012     0.0000         48     0.1958  0.000e+00
      0.054    20.1744  -0.000012     0.0000         49     0.2000  0.000e+00
      0.052    20.1727  -0.000007     0.0000         50     0.2042  0.000e+00
      0.051    20.1711  -0.000004     0.0000         51     0.2083  0.000e+00
      0.051    20.1704  -0.000018     0.0000         52     0.2125  0.000e+00
      0.052    20.1699  -0.000012     0.0000         53     0.2167  0.000e+00
      0.052    20.1696  -0.000018     0.0000         54     0.2208  0.000e+00
      0.052    20.1690  -0.000012     0.0000         55     0.2250  0.000e+00
      0.051    20.1682  -0.000007     0.0000         56     0.2292  0.000e+00
      0.054    20.1672  -0.000007     0.0000         57     0.2333  0.000e+00
      0.056    20.1667  -0.000010     0.0000         58     0.2375  0.000e+00
      0.052    20.1660  -0.000012     0.0000         59     0.2417  0.000e+00
      0.052    20.1656  -0.000012     0.0000         60     0.2458  0.000e+00
      0.049    20.1648  -0.000012     0.0000         61     0.2500  0.000e+00
      0.065    20.1644  -0.000012     0.0000         62     0.2542  0.000e+00
      0.058    20.1634  -0.000012     0.0000         63     0.2583  0.000e+00
      0.056    20.1583  -0.000012     0.0000         64     0.2625  0.000e+00
      0.050    20.1531  -0.000010     0.0000         65     0.2667  0.000e+00
      0.048    20.1497  -0.000007     0.0000         66     0.2708  0.000e+00
      0.052    20.1481  -0.000012     0.0000         67     0.2750  0.000e+00
      0.063    20.1468  -0.000018     0.0000         68     0.2792  0.000e+00
      0.054    20.1427  -0.000012     0.0000         69     0.2833  0.000e+00
      0.047    20.1341  -0.000018     0.0000         70     0.2875  0.000e+00
      0.048    20.1246  -0.000015     0.0000         71     0.2917  0.000e+00
      0.056    20.1183  -0.000012     0.0000         72     0.2958  0.000e+00
      0.054    20.1149  -0.000012     0.0000         73     0.3000  0.000e+00
      0.054    20.1112  -0.000012     0.0000         74     0.3042  0.000e+00
      0.045    20.1067  -0.000012     0.0000         75     0.3083  0.000e+00
      0.036    20.1037  -0.000018     0.0000         76     0.3125  0.000e+00
      0.038    20.1041  -0.000007     0.0000         77     0.3167  0.000e+00
      0.049    20.1067  -0.000015     0.0000         78     0.3208  0.000e+00
      0.052    20.1088  -0.000007     0.0000         79     0.3250  0.000e+00
      0.056    20.1095  -0.000018     0.0000         80     0.3292  0.000e+00
      0.056    20.1088  -0.000012     0.0000         81     0.3333  0.000e+00
      0.052    20.1075  -0.000018     0.0000         82     0.3375  0.000e+00
      0.054    20.1069  -0.000012     0.0000         83     0.3417  0.000e+00
      0.052    20.1069  -0.000015     0.0000         84     0.3458  0.000e+00
      0.054    20.1073  -0.000012     0.0000         85     0.3500  0.000e+00
      0.054    20.1080  -0.000012     0.0000         86     0.3542  0.000e+00
      0.054    20.1096  -0.000012     0.0000         87     0.3583  0.000e+00
      0.052    20.1110  -0.000012     0.0000         88     0.3625  0.000e+00
      0.058    20.1111  -0.000012     0.0000         89     0.3667  0.000e+00
      0.052    20.1091  -0.000012     0.0000         90     0.3708  0.000e+00
      0.047    20.1062  -0.000015     0.0000         91     0.3750  0.000e+00
      0.045    20.1048  -0.000012     0.0000         92     0.3792  0.000e+00
      0.058    20.1065  -0.000023     0.0000         93     0.3833  0.000e+00
      0.069    20.1103  -0.000028     0.0000         94     0.3875  0.000e+00
      0.219    20.1127   0.032462     0.1731         95     0.3917  0.000e+00
      0.294    20.1092   1.768773    11.6441         96     0.3958  0.000e+00
      0.378    19.7568   2.581698    17.7428         97     0.4000  0.000e+00
      0.551    19.0497   2.199786    15.1435         98     0.4042  0.000e+00
      0.752    18.3625   2.556445    18.1476         99     0.4083  0.000e+00
      0.940    17.8645   1.484148    10.1543        100     0.4125  0.000e+00
      1.119    17.5313   1.046899     7.0199        101     0.4167  0.000e+00
      1.279    17.3197   0.759988     5.0006        102     0.4208  0.000e+00
      1.435    17.1982   0.706110     4.6352        103     0.4250  0.000e+00
      1.588    17.1100   2.991431    22.2383        104     0.4292  0.000e+00
      1.731    17.0575   4.004878    30.7604        105     0.4333  0.000e+00
      1.872    17.0565   3.531993    26.7533        106     0.4375  0.000e+00
      1.998    17.0528   3.249578    24.3990        107     0.4417  0.000e+00
      2.127    16.9957   3.126753    23.4158        108     0.4458  0.000e+00
      2.257    16.9090   3.898476    29.9619        109     0.4500  0.000e+00
      2.378    16.9249   4.013023    30.9315        110     0.4542  0.000e+00
      2.488    16.9476   4.028855    31.0499        111     0.4583  0.000e+00
      2.593    16.9221   4.045517    31.2128        112     0.4625  0.000e+00
      2.701    16.9179   4.047492    31.2330        113     0.4667  0.000e+00
      2.817    16.9085   4.051968    31.2787        114     0.4708  0.000e+00
      2.947    16.8714   4.057233    31.3529        115     0.4750  0.000e+00
      3.070    16.8290   4.062288    31.4296        116     0.4792  0.000e+00
      3.198    16.7995   4.064975    31.4758        117     0.4833  0.000e+00
      3.329    16.7898   4.067486    31.5050        118     0.4875  0.000e+00
      3.388    16.7831   4.058205    31.4301        119     0.4917  0.000e+00
      3.399    16.7401   4.023450    31.1636        120     0.4958  0.000e+00
      3.370    16.6318   3.976997    30.8462        121     0.5000  0.000e+00
      3.291    16.4840   3.961614    30.8270        122     0.5042  0.000e+00
      3.246    16.3206   3.962378    30.9600        123     0.5083  0.000e+00
      3.222    16.1959   3.961406    31.0486        124     0.5125  0.000e+00
      3.206    16.0976   3.949161    31.0183        125     0.5167  0.000e+00
      3.166    16.0147   3.942646    31.0260        126     0.5208  0.000e+00
      3.108    15.9402   3.936335    31.0289        127     0.5250  0.000e+00
      3.034    15.8787   3.932937    31.0473        128     0.5292  0.000e+00
      2.967    15.8383   3.930450    31.0570        129     0.5333  0.000e+00
      2.899    15.8106   3.929890    31.0739        130     0.5375  0.000e+00
      2.835    15.7924   3.929216    31.0822        131     0.5417  0.000e+00
      2.767    15.7817   3.927265    31.0735        132     0.5458  0.000e+00
      2.707    15.7713   3.928216    31.0901        133     0.5500  0.000e+00
      2.649    15.7630   3.928656    31.1005        134     0.5542  0.000e+00
      2.609    15.7588   3.929776    31.1137        135     0.5583  0.000e+00
      2.582    15.7528   3.928662    31.1086        136     0.5625  0.000e+00
      2.566    15.7463   3.927386    31.1025        137     0.5667  0.000e+00
      2.555    15.7419   3.929427    31.1240        138     0.5708  0.000e+00
      2.552    15.7384   3.929126    31.1241        139     0.5750  0.000e+00
      2.550    15.7345   3.929337    31.1290        140     0.5792  0.000e+00
      2.561    15.7320   3.929313    31.1308        141     0.5833  0.000e+00
      2.564    15.7288   3.928891    31.1295        142     0.5875  0.000e+00
      2.555    15.7247   3.927362    31.1193        143     0.5917  0.000e+00
      2.552    15.7213   3.926410    31.1136        144     0.5958  0.000e+00
      2.528    15.7209   3.925712    31.1077        145     0.6000  0.000e+00
      2.507    15.7202   3.926874    31.1185        146     0.6042  0.000e+00
      2.510    15.7177   3.928102    31.1313        147     0.6083  0.000e+00
      2.516    15.7144   3.930843    31.1581        148     0.6125  0.000e+00
      2.554    15.7124   3.941715    31.2557        149     0.6167  0.000e+00
      2.611    15.7152   3.951363    31.3386        150     0.6208  0.000e+00
      2.696    15.7241   3.947367    31.2963        151     0.6250  0.000e+00
      2.798    15.7724   3.936988    31.1665        152     0.6292  0.000e+00
      2.910    15.8166   3.942462    31.1799        153     0.6333  0.000e+00
      3.014    15.8561   3.949798    31.2133        154     0.6375  0.000e+00
      3.130    15.8929   3.952622    31.2091        155     0.6417  0.000e+00
      3.238    15.9156   3.962069    31.2743        156     0.6458  0.000e+00
      3.350    15.9463   3.967140    31.2946        157     0.6500  0.000e+00
      3.457    16.0071   3.971324    31.2833        158     0.6542  0.000e+00
      3.555    16.0580   3.973350    31.2610        159     0.6583  0.000e+00
      3.645    16.1069   3.973658    31.2252        160     0.6625  0.000e+00
      3.739    16.1475   3.973960    31.1959        161     0.6667  0.000e+00
      3.820    16.1780   3.974692    31.1784        162     0.6708  0.000e+00
      3.894    16.1990   3.975442    31.1684        163     0.6750  0.000e+00
      3.979    16.2158   3.976361    31.1633        164     0.6792  0.000e+00
      4.059    16.2284   3.977306    31.1616        165     0.6833  0.000e+00
      4.138    16.2399   3.978129    31.1598        166     0.6875  0.000e+00
      4.223    16.2505   3.979030    31.1594        167     0.6917  0.000e+00
      4.306    16.2622   3.980066    31.1593        168     0.6958  0.000e+00
      4.406    16.2753   3.980961    31.1567        169     0.7000  0.000e+00
      4.501    16.2886   3.982330    31.1583        170     0.7042  0.000e+00
      4.601    16.3021   3.983632    31.1590        171     0.7083  0.000e+00
      4.704    16.3187   3.985213    31.1598        172     0.7125  0.000e+00
      4.805    16.3368   3.986466    31.1565        173     0.7167  0.000e+00
      4.915    16.3533   3.987484    31.1525        174     0.7208  0.000e+00
      5.029    16.3677   3.988120    31.1467        175     0.7250  0.000e+00
      5.141    16.3798   3.988665    31.1420        176     0.7292  0.000e+00
      5.253    16.3915   3.989253    31.1379        177     0.7333  0.000e+00
      5.378    16.4022   3.989513    31.1318        178     0.7375  0.000e+00
      5.503    16.4105   3.989774    31.1276        179     0.7417  0.000e+00
      5.633    16.4168   3.989992    31.1245        180     0.7458  0.000e+00
      5.757    16.4221   3.989750    31.1183        181     0.7500  0.000e+00
      5.889    16.4258   3.989374    31.1120        182     0.7542  0.000e+00
      6.025    16.4278   3.988144    31.0997        183     0.7583  0.000e+00
      6.159    16.4279   3.987011    31.0898        184     0.7625  0.000e+00
      6.289    16.4223   3.985557    31.0814        185     0.7667  0.000e+00
      6.426    16.4128   3.983274    31.0689        186     0.7708  0.000e+00
      6.569    16.4009   3.980585    31.0548        187     0.7750  0.000e+00
      6.713    16.3844   3.977516    31.0409        188     0.7792  0.000e+00
      6.862    16.3646   3.975326    31.0372        189     0.7833  0.000e+00
      7.019    16.3415   3.973983    31.0434        190     0.7875  0.000e+00
      7.169    16.3181   3.971557    31.0405        191     0.7917  0.000e+00
      7.319    16.2949   3.969253    31.0384        192     0.7958  0.000e+00
      7.462    16.2695   3.967512    31.0430        193     0.8000  0.000e+00
      7.610    16.2438   3.965282    31.0435        194     0.8042  0.000e+00
      7.745    16.2203   3.963686    31.0478        195     0.8083  0.000e+00
      7.868    16.1986   3.962091    31.0508        196     0.8125  0.000e+00
      7.989    16.1826   3.961191    31.0553        197     0.8167  0.000e+00
      8.108    16.1697   3.959977    31.0547        198     0.8208  0.000e+00
      8.219    16.1561   3.959910    31.0648        199     0.8250  0.000e+00
      8.320    16.1426   3.959560    31.0722        200     0.8292  0.000e+00
      8.421    16.1295   3.958268    31.0711        201     0.8333  0.000e+00
      8.519    16.1177   3.957005    31.0692        202     0.8375  0.000e+00
      8.618    16.1073   3.955290    31.0624        203     0.8417  0.000e+00
      8.721    16.0954   3.953606    31.0569        204     0.8458  0.000e+00
      8.829    16.0810   3.952507    31.0585        205     0.8500  0.000e+00
      8.943    16.0646   3.951433    31.0618        206     0.8542  0.000e+00
      9.055    16.0501   3.950027    31.0608        207     0.8583  0.000e+00
      9.173    16.0354   3.949236    31.0654        208     0.8625  0.000e+00
      9.296    16.0210   3.947975    31.0655        209     0.8667  0.000e+00
      9.422    16.0074   3.946546    31.0636        210     0.8708  0.000e+00
      9.549    15.9926   3.944983    31.0614        211     0.8750  0.000e+00
      9.677    15.9771   3.943675    31.0620        212     0.8792  0.000e+00
      9.802    15.9603   3.942698    31.0666        213     0.8833  0.000e+00
      9.928    15.9447   3.941390    31.0673        214     0.8875  0.000e+00
     10.049    15.9296   3.941064    31.0762        215     0.8917  0.000e+00
