HB2304/sbe017.cnv
* Sea-Bird SBE 19plus V2 Data File:
* FileName = C:\cruise\data\sbe017.hex
* Software Version Seasave V 7.26.7.121
* Temperature SN = 7037
* Conductivity SN = 7037
* System UpLoad Time = Sep 16 2023 18:36:18
** Ship: Bigelow
** Cruise:  HB2304
** Program:  Fall Bottom Trawl
# nquan = 7
# nvalues = 764                                   
# units = specified
# name 0 = depSM: Depth [salt water, m], lat = 40.00
# name 1 = tv290C: Temperature [ITS-90, deg C]
# name 2 = c0S/m: Conductivity [S/m]
# name 3 = sal00: Salinity, Practical [PSU]
# name 4 = scan: Scan Count
# name 5 = timeM: Time, Elapsed [minutes]
# name 6 = flag:  0.000e+00
# span 0 =     -0.045,     12.786                 
# span 1 =    24.0503,    25.9023                 
# span 2 =  -0.000044,   4.845073                 
# span 3 =     0.0000,    31.8447                 
# span 4 =         11,        774                 
# span 5 =     0.0417,     3.2208                 
# span 6 = 0.0000e+00, 0.0000e+00                 
# interval = seconds: 0.25
# start_time = Sep 16 2023 18:36:18 [System UTC, header]
# bad_flag = -9.990e-29
*END*
[from data line 206]
      3.970    24.4258   4.662164    30.6536        217     0.9000  0.000e+00
      4.009    24.4209   4.662371    30.6584        218     0.9042  0.000e+00
      4.060    24.4253   4.662190    30.6541        219     0.9083  0.000e+00
      4.123    24.4333   4.663768    30.6602        220     0.9125  0.000e+00
      4.176    24.4391   4.666569    30.6768        221     0.9167  0.000e+00
      4.235    24.4463   4.666750    30.6732        222     0.9208  0.000e+00
      4.257    24.4522   4.664745    30.6545        223     0.9250  0.000e+00
      4.262    24.4549   4.664007    30.6472        224     0.9292  0.000e+00
      4.261    24.4519   4.661401    30.6301        225     0.9333  0.000e+00
      4.252    24.4412   4.659131    30.6207        226     0.9375  0.000e+00
      4.246    24.4284   4.573329    29.9997        227     0.9417  0.000e+00
      4.244    24.4171   4.233138    27.5292        228     0.9458  0.000e+00
      4.271    24.4090   4.344173    28.3398        229     0.9500  0.000e+00
      4.308    24.4010   4.600275    30.2157        230     0.9542  0.000e+00
      4.365    24.4032   4.665852    30.6960        231     0.9583  0.000e+00
      4.418    24.4152   4.659791    30.6433        232     0.9625  0.000e+00
      4.474    24.4157   4.653533    30.5969        233     0.9667  0.000e+00
      4.526    24.3928   4.653023    30.6087        234     0.9708  0.000e+00
      4.580    24.3721   4.652894    30.6219        235     0.9750  0.000e+00
      4.629    24.3581   4.652655    30.6296        236     0.9792  0.000e+00
      4.673    24.3485   4.652358    30.6340        237     0.9833  0.000e+00
      4.707    24.3411   4.652055    30.6368        238     0.9875  0.000e+00
      4.725    24.3350   4.651764    30.6388        239     0.9917  0.000e+00
      4.727    24.3295   4.651551    30.6410        240     0.9958  0.000e+00
      4.730    24.3253   4.651260    30.6417        241     1.0000  0.000e+00
      4.736    24.3214   4.651183    30.6438        242     1.0042  0.000e+00
      4.750    24.3183   4.651131    30.6456        243     1.0083  0.000e+00
      4.768    24.3160   4.651215    30.6477        244     1.0125  0.000e+00
      4.792    24.3146   4.651067    30.6476        245     1.0167  0.000e+00
      4.828    24.3137   4.650950    30.6473        246     1.0208  0.000e+00
      4.869    24.3124   4.650873    30.6476        247     1.0250  0.000e+00
      4.922    24.3109   4.650711    30.6474        248     1.0292  0.000e+00
      4.956    24.3088   4.650556    30.6477        249     1.0333  0.000e+00
      4.989    24.3069   4.650266    30.6469        250     1.0375  0.000e+00
      5.000    24.3041   4.650136    30.6478        251     1.0417  0.000e+00
      5.023    24.3014   4.650169    30.6499        252     1.0458  0.000e+00
      5.063    24.2994   4.650059    30.6505        253     1.0500  0.000e+00
      5.110    24.2982   4.649975    30.6506        254     1.0542  0.000e+00
      5.164    24.2965   4.649820    30.6506        255     1.0583  0.000e+00
      5.216    24.2947   4.649730    30.6512        256     1.0625  0.000e+00
      5.289    24.2930   4.649691    30.6520        257     1.0667  0.000e+00
      5.374    24.2916   4.649633    30.6525        258     1.0708  0.000e+00
      5.455    24.2904   4.649555    30.6528        259     1.0750  0.000e+00
      5.529    24.2892   4.649510    30.6533        260     1.0792  0.000e+00
      5.603    24.2879   4.649400    30.6533        261     1.0833  0.000e+00
      5.675    24.2862   4.649323    30.6539        262     1.0875  0.000e+00
      5.742    24.2848   4.649297    30.6546        263     1.0917  0.000e+00
      5.802    24.2838   4.649265    30.6551        264     1.0958  0.000e+00
      5.858    24.2830   4.649187    30.6550        265     1.1000  0.000e+00
      5.903    24.2818   4.649058    30.6549        266     1.1042  0.000e+00
      5.946    24.2799   4.648910    30.6551        267     1.1083  0.000e+00
      5.977    24.2778   4.648819    30.6558        268     1.1125  0.000e+00
      6.013    24.2754   4.648716    30.6567        269     1.1167  0.000e+00
      6.044    24.2740   4.648716    30.6577        270     1.1208  0.000e+00
      6.086    24.2726   4.648664    30.6582        271     1.1250  0.000e+00
      6.133    24.2718   4.648690    30.6589        272     1.1292  0.000e+00
      6.169    24.2713   4.648587    30.6585        273     1.1333  0.000e+00
      6.198    24.2704   4.648374    30.6575        274     1.1375  0.000e+00
      6.228    24.2682   4.648141    30.6573        275     1.1417  0.000e+00
      6.254    24.2643   4.647954    30.6586        276     1.1458  0.000e+00
      6.283    24.2608   4.647851    30.6603        277     1.1500  0.000e+00
      6.320    24.2576   4.647670    30.6611        278     1.1542  0.000e+00
      6.364    24.2539   4.647373    30.6614        279     1.1583  0.000e+00
      6.409    24.2500   4.647218    30.6629        280     1.1625  0.000e+00
      6.469    24.2461   4.647115    30.6648        281     1.1667  0.000e+00
      6.532    24.2428   4.646960    30.6659        282     1.1708  0.000e+00
      6.604    24.2399   4.646637    30.6655        283     1.1750  0.000e+00
      6.669    24.2355   4.646430    30.6669        284     1.1792  0.000e+00
      6.731    24.2315   4.646250    30.6683        285     1.1833  0.000e+00
      6.803    24.2276   4.646088    30.6698        286     1.1875  0.000e+00
      6.866    24.2242   4.646069    30.6720        287     1.1917  0.000e+00
      6.929    24.2217   4.646011    30.6732        288     1.1958  0.000e+00
      6.984    24.2189   4.645830    30.6738        289     1.2000  0.000e+00
      7.034    24.2167   4.645875    30.6756        290     1.2042  0.000e+00
      7.072    24.2148   4.645856    30.6767        291     1.2083  0.000e+00
      7.115    24.2132   4.645830    30.6776        292     1.2125  0.000e+00
      7.143    24.2117   4.645856    30.6788        293     1.2167  0.000e+00
      7.177    24.2099   4.645876    30.6802        294     1.2208  0.000e+00
      7.200    24.2082   4.645856    30.6812        295     1.2250  0.000e+00
      7.222    24.2060   4.645779    30.6822        296     1.2292  0.000e+00
      7.238    24.2036   4.645682    30.6831        297     1.2333  0.000e+00
      7.253    24.2003   4.645676    30.6853        298     1.2375  0.000e+00
      7.267    24.1972   4.645592    30.6868        299     1.2417  0.000e+00
      7.291    24.1943   4.645566    30.6886        300     1.2458  0.000e+00
      7.320    24.1916   4.645572    30.6905        301     1.2500  0.000e+00
      7.363    24.1894   4.645540    30.6917        302     1.2542  0.000e+00
      7.410    24.1872   4.645566    30.6934        303     1.2583  0.000e+00
      7.462    24.1860   4.645566    30.6942        304     1.2625  0.000e+00
      7.517    24.1847   4.645547    30.6950        305     1.2667  0.000e+00
      7.567    24.1837   4.645644    30.6963        306     1.2708  0.000e+00
      7.620    24.1823   4.645805    30.6985        307     1.2750  0.000e+00
      7.674    24.1815   4.646012    30.7006        308     1.2792  0.000e+00
      7.723    24.1802   4.646199    30.7028        309     1.2833  0.000e+00
      7.777    24.1785   4.646380    30.7053        310     1.2875  0.000e+00
      7.836    24.1766   4.646567    30.7080        311     1.2917  0.000e+00
      7.894    24.1747   4.646748    30.7106        312     1.2958  0.000e+00
      7.959    24.1721   4.646852    30.7131        313     1.3000  0.000e+00
      8.028    24.1694   4.646936    30.7156        314     1.3042  0.000e+00
      8.098    24.1669   4.647065    30.7182        315     1.3083  0.000e+00
      8.164    24.1643   4.647214    30.7211        316     1.3125  0.000e+00
      8.234    24.1620   4.647382    30.7239        317     1.3167  0.000e+00
      8.292    24.1591   4.647614    30.7276        318     1.3208  0.000e+00
      8.341    24.1558   4.647827    30.7314        319     1.3250  0.000e+00
      8.395    24.1524   4.648060    30.7354        320     1.3292  0.000e+00
      8.431    24.1487   4.648222    30.7392        321     1.3333  0.000e+00
      8.463    24.1445   4.648325    30.7428        322     1.3375  0.000e+00
      8.489    24.1405   4.648364    30.7458        323     1.3417  0.000e+00
      8.519    24.1361   4.648403    30.7491        324     1.3458  0.000e+00
      8.545    24.1323   4.648454    30.7521        325     1.3500  0.000e+00
      8.583    24.1288   4.648616    30.7557        326     1.3542  0.000e+00
      8.615    24.1259   4.648829    30.7592        327     1.3583  0.000e+00
      8.660    24.1227   4.649062    30.7631        328     1.3625  0.000e+00
      8.704    24.1197   4.649165    30.7660        329     1.3667  0.000e+00
      8.749    24.1168   4.649217    30.7683        330     1.3708  0.000e+00
      8.794    24.1146   4.649269    30.7702        331     1.3750  0.000e+00
      8.847    24.1127   4.649405    30.7725        332     1.3792  0.000e+00
      8.901    24.1104   4.649560    30.7753        333     1.3833  0.000e+00
      8.959    24.1081   4.649850    30.7789        334     1.3875  0.000e+00
      9.025    24.1053   4.650090    30.7827        335     1.3917  0.000e+00
      9.092    24.1021   4.650348    30.7867        336     1.3958  0.000e+00
      9.166    24.0986   4.650561    30.7907        337     1.4000  0.000e+00
      9.233    24.0950   4.650587    30.7933        338     1.4042  0.000e+00
      9.313    24.0915   4.650639    30.7961        339     1.4083  0.000e+00
      9.387    24.0884   4.650982    30.8008        340     1.4125  0.000e+00
      9.459    24.0854   4.651531    30.8069        341     1.4167  0.000e+00
      9.526    24.0831   4.652216    30.8135        342     1.4208  0.000e+00
      9.587    24.0811   4.652636    30.8180        343     1.4250  0.000e+00
      9.647    24.0790   4.653030    30.8223        344     1.4292  0.000e+00
      9.692    24.0770   4.653295    30.8256        345     1.4333  0.000e+00
      9.741    24.0751   4.653515    30.8286        346     1.4375  0.000e+00
      9.786    24.0738   4.653954    30.8328        347     1.4417  0.000e+00
      9.824    24.0730   4.654110    30.8344        348     1.4458  0.000e+00
      9.855    24.0729   4.654213    30.8352        349     1.4500  0.000e+00
      9.896    24.0729   4.654362    30.8363        350     1.4542  0.000e+00
      9.933    24.0730   4.654640    30.8383        351     1.4583  0.000e+00
      9.980    24.0735   4.655060    30.8410        352     1.4625  0.000e+00
     10.028    24.0743   4.655506    30.8438        353     1.4667  0.000e+00
     10.093    24.0753   4.655842    30.8456        354     1.4708  0.000e+00
     10.160    24.0767   4.656029    30.8460        355     1.4750  0.000e+00
     10.232    24.0776   4.656346    30.8477        356     1.4792  0.000e+00
     10.301    24.0788   4.656766    30.8499        357     1.4833  0.000e+00
     10.373    24.0801   4.657109    30.8516        358     1.4875  0.000e+00
     10.446    24.0812   4.657516    30.8539        359     1.4917  0.000e+00
     10.518    24.0824   4.657846    30.8554        360     1.4958  0.000e+00
     10.588    24.0835   4.658008    30.8558        361     1.5000  0.000e+00
     10.652    24.0842   4.658350    30.8579        362     1.5042  0.000e+00
     10.700    24.0845   4.658777    30.8608        363     1.5083  0.000e+00
     10.746    24.0850   4.658984    30.8620        364     1.5125  0.000e+00
     10.780    24.0850   4.659165    30.8633        365     1.5167  0.000e+00
     10.803    24.0852   4.659482    30.8655        366     1.5208  0.000e+00
     10.832    24.0852   4.659741    30.8674        367     1.5250  0.000e+00
     10.852    24.0849   4.659825    30.8683        368     1.5292  0.000e+00
     10.878    24.0848   4.659825    30.8683        369     1.5333  0.000e+00
     10.899    24.0845   4.659851    30.8687        370     1.5375  0.000e+00
     10.926    24.0844   4.659877    30.8689        371     1.5417  0.000e+00
     10.959    24.0842   4.659928    30.8694        372     1.5458  0.000e+00
     10.995    24.0843   4.659980    30.8697        373     1.5500  0.000e+00
     11.044    24.0841   4.659980    30.8699        374     1.5542  0.000e+00
     11.094    24.0839   4.659987    30.8701        375     1.5583  0.000e+00
     11.156    24.0835   4.660142    30.8715        376     1.5625  0.000e+00
     11.214    24.0832   4.660219    30.8723        377     1.5667  0.000e+00
     11.272    24.0822   4.660297    30.8735        378     1.5708  0.000e+00
     11.329    24.0811   4.660316    30.8744        379     1.5750  0.000e+00
     11.382    24.0805   4.660349    30.8750        380     1.5792  0.000e+00
     11.429    24.0798   4.660297    30.8751        381     1.5833  0.000e+00
     11.479    24.0785   4.660297    30.8760        382     1.5875  0.000e+00
     11.528    24.0777   4.660245    30.8762        383     1.5917  0.000e+00
     11.575    24.0766   4.660174    30.8763        384     1.5958  0.000e+00
     11.624    24.0759   4.660116    30.8764        385     1.6000  0.000e+00
     11.671    24.0747   4.660006    30.8764        386     1.6042  0.000e+00
     11.723    24.0730   4.659955    30.8772        387     1.6083  0.000e+00
     11.774    24.0715   4.659903    30.8778        388     1.6125  0.000e+00
     11.824    24.0703   4.659851    30.8783        389     1.6167  0.000e+00
     11.895    24.0694   4.659825    30.8786        390     1.6208  0.000e+00
     11.965    24.0688   4.659825    30.8791        391     1.6250  0.000e+00
     12.045    24.0678   4.659683    30.8786        392     1.6292  0.000e+00
     12.130    24.0668   4.659509    30.8780        393     1.6333  0.000e+00
     12.218    24.0645   4.659295    30.8780        394     1.6375  0.000e+00
     12.309    24.0619   4.659244    30.8794        395     1.6417  0.000e+00
     12.395    24.0598   4.659354    30.8816        396     1.6458  0.000e+00
     12.491    24.0583   4.659587    30.8844        397     1.6500  0.000e+00
     12.589    24.0577   4.659852    30.8867        398     1.6542  0.000e+00
     12.665    24.0577   4.660007    30.8879        399     1.6583  0.000e+00
     12.733    24.0580   4.660117    30.8884        400     1.6625  0.000e+00
     12.775    24.0579   4.660149    30.8887        401     1.6667  0.000e+00
     12.786    24.0581   4.660220    30.8891        402     1.6708  0.000e+00
     12.782    24.0578   4.660220    30.8893        403     1.6750  0.000e+00
     12.780    24.0576   4.660220    30.8895        404     1.6792  0.000e+00
     12.770    24.0573   4.660208    30.8896        405     1.6833  0.000e+00
     12.744    24.0568   4.660143    30.8894        406     1.6875  0.000e+00
     12.710    24.0566   4.660169    30.8898        407     1.6917  0.000e+00
     12.657    24.0568   4.660169    30.8896        408     1.6958  0.000e+00
     12.607    24.0567   4.660123    30.8894        409     1.7000  0.000e+00
     12.553    24.0571   4.660091    30.8890        410     1.7042  0.000e+00
     12.486    24.0571   4.660007    30.8883        411     1.7083  0.000e+00
     12.412    24.0575   4.659955    30.8877        412     1.7125  0.000e+00
     12.336    24.0575   4.659929    30.8875        413     1.7167  0.000e+00
     12.256    24.0577   4.659852    30.8868        414     1.7208  0.000e+00
     12.188    24.0576   4.659748    30.8862        415     1.7250  0.000e+00
     12.121    24.0577   4.659586    30.8849        416     1.7292  0.000e+00
     12.070    24.0572   4.659489    30.8846        417     1.7333  0.000e+00
     12.039    24.0568   4.659431    30.8844        418     1.7375  0.000e+00
     12.021    24.0562   4.659380    30.8844        419     1.7417  0.000e+00
     12.019    24.0559   4.659431    30.8850        420     1.7458  0.000e+00
