HB2304/sbe026.cnv
* Sea-Bird SBE 19plus V2 Data File:
* FileName = C:\cruise\data\sbe026.hex
* Software Version Seasave V 7.26.7.121
* Temperature SN = 7037
* Conductivity SN = 7037
* System UpLoad Time = Sep 18 2023 23:31:54
** Ship: Bigelow
** Cruise:  HB2304
** Program:  Fall Bottom Trawl
# nquan = 7
# nvalues = 1007                                  
# units = specified
# name 0 = depSM: Depth [salt water, m], lat = 40.00
# name 1 = tv290C: Temperature [ITS-90, deg C]
# name 2 = c0S/m: Conductivity [S/m]
# name 3 = sal00: Salinity, Practical [PSU]
# name 4 = scan: Scan Count
# name 5 = timeM: Time, Elapsed [minutes]
# name 6 = flag:  0.000e+00
# span 0 =      0.018,     23.011                 
# span 1 =    23.9515,    25.8638                 
# span 2 =   4.204726,   5.200760                 
# span 3 =    27.5539,    33.5977                 
# span 4 =         11,       1017                 
# span 5 =     0.0417,     4.2333                 
# span 6 = 0.0000e+00, 0.0000e+00                 
# interval = seconds: 0.25
# start_time = Sep 18 2023 23:31:54 [System UTC, header]
# bad_flag = -9.990e-29
*END*
[from data line 206]
     12.368    24.9997   4.859791    31.7027        217     0.9000  0.000e+00
     12.391    25.0000   4.860021    31.7043        218     0.9042  0.000e+00
     12.433    24.9998   4.860041    31.7045        219     0.9083  0.000e+00
     12.501    24.9995   4.860265    31.7063        220     0.9125  0.000e+00
     12.588    24.9993   4.860489    31.7081        221     0.9167  0.000e+00
     12.695    24.9988   4.860904    31.7115        222     0.9208  0.000e+00
     12.805    24.9982   4.861213    31.7141        223     0.9250  0.000e+00
     12.917    24.9974   4.861516    31.7168        224     0.9292  0.000e+00
     13.015    24.9970   4.861766    31.7189        225     0.9333  0.000e+00
     13.100    24.9964   4.862320    31.7234        226     0.9375  0.000e+00
     13.161    24.9960   4.863156    31.7297        227     0.9417  0.000e+00
     13.184    24.9947   4.863182    31.7308        228     0.9458  0.000e+00
     13.181    24.9946   4.863156    31.7307        229     0.9500  0.000e+00
     13.145    24.9941   4.862800    31.7285        230     0.9542  0.000e+00
     13.087    24.9943   4.862432    31.7257        231     0.9583  0.000e+00
     13.009    24.9947   4.862181    31.7235        232     0.9625  0.000e+00
     12.922    24.9953   4.861819    31.7205        233     0.9667  0.000e+00
     12.828    24.9957   4.861180    31.7156        234     0.9708  0.000e+00
     12.729    24.9966   4.860364    31.7090        235     0.9750  0.000e+00
     12.648    24.9974   4.860015    31.7059        236     0.9792  0.000e+00
     12.597    24.9985   4.859962    31.7048        237     0.9833  0.000e+00
     12.572    24.9991   4.859824    31.7034        238     0.9875  0.000e+00
     12.586    24.9995   4.859804    31.7029        239     0.9917  0.000e+00
     12.631    24.9997   4.859936    31.7037        240     0.9958  0.000e+00
     12.693    25.0000   4.859962    31.7037        241     1.0000  0.000e+00
     12.753    24.9996   4.859962    31.7040        242     1.0042  0.000e+00
     12.805    24.9996   4.860390    31.7071        243     1.0083  0.000e+00
     12.845    24.9994   4.860601    31.7088        244     1.0125  0.000e+00
     12.874    24.9990   4.860930    31.7115        245     1.0167  0.000e+00
     12.888    24.9988   4.861766    31.7177        246     1.0208  0.000e+00
     12.877    24.9980   4.861516    31.7164        247     1.0250  0.000e+00
     12.843    24.9979   4.861115    31.7136        248     1.0292  0.000e+00
     12.792    24.9979   4.860654    31.7102        249     1.0333  0.000e+00
     12.718    24.9982   4.860575    31.7094        250     1.0375  0.000e+00
     12.633    24.9986   4.860291    31.7071        251     1.0417  0.000e+00
     12.548    24.9989   4.859594    31.7019        252     1.0458  0.000e+00
     12.480    24.9996   4.859488    31.7006        253     1.0500  0.000e+00
     12.447    25.0004   4.859324    31.6988        254     1.0542  0.000e+00
     12.445    25.0008   4.859324    31.6985        255     1.0583  0.000e+00
     12.478    25.0014   4.859218    31.6974        256     1.0625  0.000e+00
     12.541    25.0017   4.859238    31.6973        257     1.0667  0.000e+00
     12.621    25.0015   4.859541    31.6996        258     1.0708  0.000e+00
     12.711    25.0014   4.859712    31.7009        259     1.0750  0.000e+00
     12.801    25.0009   4.859653    31.7008        260     1.0792  0.000e+00
     12.897    25.0008   4.860048    31.7037        261     1.0833  0.000e+00
     12.960    25.0004   4.860489    31.7072        262     1.0875  0.000e+00
     13.000    24.9998   4.861154    31.7124        263     1.0917  0.000e+00
     13.020    24.9994   4.861319    31.7139        264     1.0958  0.000e+00
     13.004    24.9989   4.861352    31.7146        265     1.1000  0.000e+00
     12.969    24.9986   4.861240    31.7139        266     1.1042  0.000e+00
     12.850    24.9983   4.860989    31.7124        267     1.1083  0.000e+00
     12.673    24.9985   4.860963    31.7121        268     1.1125  0.000e+00
     12.442    24.9986   4.859995    31.7050        269     1.1167  0.000e+00
     12.189    24.9994   4.859541    31.7012        270     1.1208  0.000e+00
     11.941    25.0003   4.859376    31.6995        271     1.1250  0.000e+00
     11.717    25.0010   4.858435    31.6921        272     1.1292  0.000e+00
     11.516    25.0021   4.857046    31.6813        273     1.1333  0.000e+00
     11.321    25.0040   4.855696    31.6702        274     1.1375  0.000e+00
     11.122    25.0063   4.855157    31.6647        275     1.1417  0.000e+00
     10.931    25.0080   4.854301    31.6573        276     1.1458  0.000e+00
     10.752    25.0100   4.853939    31.6533        277     1.1500  0.000e+00
     10.582    25.0116   4.853294    31.6475        278     1.1542  0.000e+00
     10.412    25.0131   4.852386    31.6399        279     1.1583  0.000e+00
     10.233    25.0148   4.852774    31.6416        280     1.1625  0.000e+00
     10.056    25.0158   4.853412    31.6456        281     1.1667  0.000e+00
      9.886    25.0160   4.853465    31.6459        282     1.1708  0.000e+00
      9.718    25.0155   4.853241    31.6447        283     1.1750  0.000e+00
      9.543    25.0155   4.852800    31.6415        284     1.1792  0.000e+00
      9.357    25.0157   4.853386    31.6457        285     1.1833  0.000e+00
      9.191    25.0157   4.852938    31.6425        286     1.1875  0.000e+00
      9.053    25.0157   4.853103    31.6437        287     1.1917  0.000e+00
      8.940    25.0154   4.853346    31.6457        288     1.1958  0.000e+00
      8.853    25.0154   4.853050    31.6436        289     1.2000  0.000e+00
      8.793    25.0155   4.853162    31.6444        290     1.2042  0.000e+00
      8.746    25.0154   4.852747    31.6414        291     1.2083  0.000e+00
      8.701    25.0153   4.852497    31.6397        292     1.2125  0.000e+00
      8.654    25.0157   4.852773    31.6414        293     1.2167  0.000e+00
      8.603    25.0159   4.852912    31.6423        294     1.2208  0.000e+00
      8.526    25.0159   4.853050    31.6433        295     1.2250  0.000e+00
      8.425    25.0156   4.852635    31.6406        296     1.2292  0.000e+00
      8.298    25.0160   4.852944    31.6425        297     1.2333  0.000e+00
      8.162    25.0165   4.851135    31.6291        298     1.2375  0.000e+00
      8.003    25.0177   4.850142    31.6210        299     1.2417  0.000e+00
      7.817    25.0201   4.849727    31.6164        300     1.2458  0.000e+00
      7.606    25.0224   4.849477    31.6130        301     1.2500  0.000e+00
      7.364    25.0238   4.849299    31.6108        302     1.2542  0.000e+00
      7.134    25.0251   4.849227    31.6094        303     1.2583  0.000e+00
      6.923    25.0262   4.849477    31.6105        304     1.2625  0.000e+00
      6.744    25.0265   4.849391    31.6097        305     1.2667  0.000e+00
      6.589    25.0266   4.849306    31.6091        306     1.2708  0.000e+00
      6.462    25.0270   4.849213    31.6082        307     1.2750  0.000e+00
      6.346    25.0272   4.849200    31.6080        308     1.2792  0.000e+00
      6.238    25.0274   4.849253    31.6083        309     1.2833  0.000e+00
      6.137    25.0272   4.849476    31.6101        310     1.2875  0.000e+00
      6.021    25.0273   4.849213    31.6081        311     1.2917  0.000e+00
      5.891    25.0272   4.849003    31.6067        312     1.2958  0.000e+00
      5.743    25.0279   4.848779    31.6046        313     1.3000  0.000e+00
      5.582    25.0286   4.848641    31.6031        314     1.3042  0.000e+00
      5.410    25.0292   4.848562    31.6022        315     1.3083  0.000e+00
      5.237    25.0298   4.848496    31.6013        316     1.3125  0.000e+00
      5.047    25.0302   4.848312    31.5997        317     1.3167  0.000e+00
      4.855    25.0307   4.848226    31.5989        318     1.3208  0.000e+00
      4.687    25.0315   4.848226    31.5983        319     1.3250  0.000e+00
      4.561    25.0315   4.848200    31.5982        320     1.3292  0.000e+00
      4.501    25.0319   4.848180    31.5978        321     1.3333  0.000e+00
      4.472    25.0315   4.848226    31.5984        322     1.3375  0.000e+00
      4.480    25.0309   4.848061    31.5976        323     1.3417  0.000e+00
      4.489    25.0308   4.848035    31.5975        324     1.3458  0.000e+00
      4.483    25.0308   4.847976    31.5971        325     1.3500  0.000e+00
      4.447    25.0309   4.847884    31.5963        326     1.3542  0.000e+00
      4.369    25.0310   4.847897    31.5964        327     1.3583  0.000e+00
      4.254    25.0313   4.847864    31.5960        328     1.3625  0.000e+00
      4.098    25.0318   4.847923    31.5961        329     1.3667  0.000e+00
      3.903    25.0320   4.847976    31.5964        330     1.3708  0.000e+00
      3.668    25.0313   4.847962    31.5968        331     1.3750  0.000e+00
      3.383    25.0307   4.847785    31.5961        332     1.3792  0.000e+00
      3.081    25.0295   4.847863    31.5976        333     1.3833  0.000e+00
      2.779    25.0288   4.847587    31.5961        334     1.3875  0.000e+00
      2.488    25.0279   4.847646    31.5972        335     1.3917  0.000e+00
      2.255    25.0273   4.847857    31.5993        336     1.3958  0.000e+00
      2.073    25.0270   4.847370    31.5960        337     1.4000  0.000e+00
      1.906    25.0263   4.847508    31.5975        338     1.4042  0.000e+00
      1.755    25.0265   4.847482    31.5972        339     1.4083  0.000e+00
      1.623    25.0277   4.847422    31.5960        340     1.4125  0.000e+00
      1.529    25.0286   4.847455    31.5957        341     1.4167  0.000e+00
      1.471    25.0290   4.847422    31.5951        342     1.4208  0.000e+00
      1.458    25.0292   4.847370    31.5946        343     1.4250  0.000e+00
      1.476    25.0286   4.847172    31.5936        344     1.4292  0.000e+00
      1.581    25.0277   4.847310    31.5952        345     1.4333  0.000e+00
      1.706    25.0275   4.847508    31.5968        346     1.4375  0.000e+00
      1.820    25.0278   4.847672    31.5977        347     1.4417  0.000e+00
      1.872    25.0284   4.847646    31.5971        348     1.4458  0.000e+00
      1.841    25.0289   4.847508    31.5957        349     1.4500  0.000e+00
      1.742    25.0285   4.847481    31.5959        350     1.4542  0.000e+00
      1.590    25.0284   4.847619    31.5970        351     1.4583  0.000e+00
      1.464    25.0286   4.847587    31.5966        352     1.4625  0.000e+00
      1.361    25.0297   4.847619    31.5962        353     1.4667  0.000e+00
      1.263    25.0301   4.847534    31.5953        354     1.4708  0.000e+00
      1.180    25.0301   4.847507    31.5951        355     1.4750  0.000e+00
      1.126    25.0300   4.847455    31.5948        356     1.4792  0.000e+00
      1.128    25.0298   4.847481    31.5951        357     1.4833  0.000e+00
      1.193    25.0298   4.847369    31.5943        358     1.4875  0.000e+00
      1.290    25.0294   4.847337    31.5943        359     1.4917  0.000e+00
      1.391    25.0285   4.847396    31.5954        360     1.4958  0.000e+00
      1.496    25.0285   4.847402    31.5954        361     1.5000  0.000e+00
      1.596    25.0283   4.847396    31.5954        362     1.5042  0.000e+00
      1.686    25.0280   4.847370    31.5954        363     1.5083  0.000e+00
      1.789    25.0277   4.847311    31.5951        364     1.5125  0.000e+00
      1.883    25.0275   4.847311    31.5953        365     1.5167  0.000e+00
      1.968    25.0272   4.847324    31.5956        366     1.5208  0.000e+00
      2.031    25.0268   4.847311    31.5957        367     1.5250  0.000e+00
      2.042    25.0266   4.847370    31.5963        368     1.5292  0.000e+00
      1.993    25.0267   4.847422    31.5966        369     1.5333  0.000e+00
      1.888    25.0270   4.847370    31.5961        370     1.5375  0.000e+00
      1.758    25.0270   4.847376    31.5962        371     1.5417  0.000e+00
      1.619    25.0266   4.847310    31.5960        372     1.5458  0.000e+00
      1.458    25.0263   4.847370    31.5967        373     1.5500  0.000e+00
      1.303    25.0263   4.847369    31.5967        374     1.5542  0.000e+00
      1.200    25.0265   4.847369    31.5966        375     1.5583  0.000e+00
      1.168    25.0265   4.847350    31.5965        376     1.5625  0.000e+00
      1.218    25.0266   4.847396    31.5967        377     1.5667  0.000e+00
      1.339    25.0266   4.847310    31.5960        378     1.5708  0.000e+00
      1.498    25.0266   4.847337    31.5962        379     1.5750  0.000e+00
      1.666    25.0263   4.847337    31.5964        380     1.5792  0.000e+00
      1.834    25.0260   4.847245    31.5959        381     1.5833  0.000e+00
      1.984    25.0257   4.847258    31.5961        382     1.5875  0.000e+00
      2.102    25.0255   4.847258    31.5962        383     1.5917  0.000e+00
      2.187    25.0252   4.847284    31.5966        384     1.5958  0.000e+00
      2.235    25.0252   4.847337    31.5970        385     1.6000  0.000e+00
      2.239    25.0254   4.847429    31.5975        386     1.6042  0.000e+00
      2.197    25.0257   4.847449    31.5974        387     1.6083  0.000e+00
      2.176    25.0262   4.847482    31.5974        388     1.6125  0.000e+00
      2.196    25.0265   4.847396    31.5965        389     1.6167  0.000e+00
      2.266    25.0265   4.847311    31.5959        390     1.6208  0.000e+00
      2.358    25.0263   4.847245    31.5955        391     1.6250  0.000e+00
      2.431    25.0257   4.847120    31.5949        392     1.6292  0.000e+00
      2.465    25.0249   4.847061    31.5951        393     1.6333  0.000e+00
      2.479    25.0238   4.847035    31.5957        394     1.6375  0.000e+00
      2.517    25.0235   4.846982    31.5955        395     1.6417  0.000e+00
      2.606    25.0226   4.846923    31.5957        396     1.6458  0.000e+00
      2.761    25.0220   4.846923    31.5960        397     1.6500  0.000e+00
      2.944    25.0215   4.847009    31.5970        398     1.6542  0.000e+00
      3.141    25.0213   4.846982    31.5969        399     1.6583  0.000e+00
      3.349    25.0214   4.846956    31.5965        400     1.6625  0.000e+00
      3.589    25.0209   4.846923    31.5965        401     1.6667  0.000e+00
      3.873    25.0208   4.846983    31.5970        402     1.6708  0.000e+00
      4.196    25.0207   4.847095    31.5978        403     1.6750  0.000e+00
      4.523    25.0210   4.847148    31.5978        404     1.6792  0.000e+00
      4.829    25.0214   4.847233    31.5981        405     1.6833  0.000e+00
      5.123    25.0218   4.847299    31.5982        406     1.6875  0.000e+00
      5.403    25.0224   4.847233    31.5973        407     1.6917  0.000e+00
      5.669    25.0226   4.847122    31.5962        408     1.6958  0.000e+00
      5.906    25.0225   4.847096    31.5960        409     1.7000  0.000e+00
      6.103    25.0221   4.847122    31.5964        410     1.7042  0.000e+00
      6.253    25.0221   4.847089    31.5961        411     1.7083  0.000e+00
      6.381    25.0221   4.846925    31.5949        412     1.7125  0.000e+00
      6.515    25.0221   4.846984    31.5953        413     1.7167  0.000e+00
      6.661    25.0219   4.846846    31.5944        414     1.7208  0.000e+00
      6.816    25.0218   4.846813    31.5942        415     1.7250  0.000e+00
      6.970    25.0218   4.846794    31.5940        416     1.7292  0.000e+00
      7.129    25.0216   4.846787    31.5940        417     1.7333  0.000e+00
      7.308    25.0215   4.846813    31.5943        418     1.7375  0.000e+00
      7.525    25.0215   4.846899    31.5948        419     1.7417  0.000e+00
      7.776    25.0215   4.846925    31.5949        420     1.7458  0.000e+00
