HB2304/sbe099.cnv
* Sea-Bird SBE 19plus V2 Data File:
* FileName = C:\cruise\data\sbe099.hex
* Software Version Seasave V 7.26.7.121
* Temperature SN = 7037
* Conductivity SN = 7037
* System UpLoad Time = Oct 31 2023 06:27:10
** Ship: Bigelow
** Cruise:  HB2304
** Program:  Fall Bottom Trawl
# nquan = 8
# nvalues = 606                                   
# units = specified
# name 0 = depSM: Depth [salt water, m], lat = 40.00
# name 1 = tv290C: Temperature [ITS-90, deg C]
# name 2 = c0S/m: Conductivity [S/m]
# name 3 = sal00: Salinity, Practical [PSU]
# name 4 = scan: Scan Count
# name 5 = timeM: Time, Elapsed [minutes]
# name 6 = sbeox0V: Oxygen raw, SBE 43 [V]
# name 7 = flag:  0.000e+00
# span 0 =     -0.042,     14.759                 
# span 1 =    14.7740,    15.0412                 
# span 2 =   0.067292,   3.862507                 
# span 3 =     0.4126,    31.0827                 
# span 4 =         11,        616                 
# span 5 =     0.0417,     2.5625                 
# span 6 =     2.6332,     3.2253                 
# span 7 = 0.0000e+00, 0.0000e+00                 
# interval = seconds: 0.25
# start_time = Oct 31 2023 06:27:10 [System UTC, header]
# bad_flag = -9.990e-29
*END*
[from data line 180]
     13.940    15.0280   3.861348    31.0792        191     0.7917     3.1946  0.000e+00
     13.923    15.0279   3.861348    31.0793        192     0.7958     3.1956  0.000e+00
     13.909    15.0279   3.861324    31.0791        193     0.8000     3.1949  0.000e+00
     13.896    15.0276   3.861228    31.0785        194     0.8042     3.1947  0.000e+00
     13.882    15.0272   3.861067    31.0773        195     0.8083     3.1951  0.000e+00
     13.873    15.0270   3.861186    31.0786        196     0.8125     3.1949  0.000e+00
     13.873    15.0264   3.861228    31.0795        197     0.8167     3.1980  0.000e+00
     13.880    15.0264   3.861300    31.0801        198     0.8208     3.1970  0.000e+00
     13.891    15.0266   3.861276    31.0797        199     0.8250     3.1969  0.000e+00
     13.909    15.0267   3.861306    31.0799        200     0.8292     3.1974  0.000e+00
     13.932    15.0267   3.861276    31.0796        201     0.8333     3.1970  0.000e+00
     13.963    15.0268   3.861210    31.0789        202     0.8375     3.1975  0.000e+00
     13.996    15.0266   3.861162    31.0786        203     0.8417     3.1980  0.000e+00
     14.026    15.0263   3.861186    31.0791        204     0.8458     3.1982  0.000e+00
     14.057    15.0258   3.861186    31.0794        205     0.8500     3.1993  0.000e+00
     14.079    15.0258   3.861252    31.0800        206     0.8542     3.2005  0.000e+00
     14.095    15.0261   3.861390    31.0810        207     0.8583     3.1983  0.000e+00
     14.102    15.0268   3.861366    31.0803        208     0.8625     3.1990  0.000e+00
     14.093    15.0272   3.861348    31.0798        209     0.8667     3.1987  0.000e+00
     14.083    15.0275   3.861426    31.0803        210     0.8708     3.2002  0.000e+00
     14.061    15.0277   3.861641    31.0820        211     0.8750     3.1986  0.000e+00
     14.032    15.0287   3.861641    31.0812        212     0.8792     3.1990  0.000e+00
     14.003    15.0298   3.861689    31.0808        213     0.8833     3.1990  0.000e+00
     13.976    15.0302   3.861689    31.0805        214     0.8875     3.1977  0.000e+00
     13.949    15.0309   3.861689    31.0800        215     0.8917     3.1973  0.000e+00
     13.931    15.0313   3.861665    31.0794        216     0.8958     3.1949  0.000e+00
     13.924    15.0313   3.861617    31.0790        217     0.9000     3.1935  0.000e+00
     13.918    15.0313   3.861730    31.0800        218     0.9042     3.1978  0.000e+00
     13.918    15.0314   3.861778    31.0804        219     0.9083     3.1960  0.000e+00
     13.926    15.0320   3.861784    31.0800        220     0.9125     3.1963  0.000e+00
     13.927    15.0323   3.861617    31.0782        221     0.9167     3.1969  0.000e+00
     13.936    15.0319   3.861551    31.0780        222     0.9208     3.1974  0.000e+00
     13.942    15.0314   3.861437    31.0773        223     0.9250     3.1951  0.000e+00
     13.942    15.0306   3.861300    31.0768        224     0.9292     3.1945  0.000e+00
     13.945    15.0294   3.861228    31.0770        225     0.9333     3.1944  0.000e+00
     13.953    15.0284   3.861234    31.0779        226     0.9375     3.1949  0.000e+00
     13.958    15.0275   3.861210    31.0783        227     0.9417     3.1926  0.000e+00
     13.954    15.0269   3.861186    31.0786        228     0.9458     3.1936  0.000e+00
     13.958    15.0265   3.861115    31.0783        229     0.9500     3.1927  0.000e+00
     13.965    15.0258   3.861139    31.0791        230     0.9542     3.1918  0.000e+00
     13.969    15.0257   3.861258    31.0802        231     0.9583     3.1892  0.000e+00
     13.974    15.0258   3.861210    31.0798        232     0.9625     3.1895  0.000e+00
     13.987    15.0260   3.861210    31.0796        233     0.9667     3.1918  0.000e+00
     13.998    15.0259   3.861228    31.0798        234     0.9708     3.1927  0.000e+00
     14.009    15.0261   3.861461    31.0817        235     0.9750     3.1934  0.000e+00
     14.020    15.0269   3.861569    31.0820        236     0.9792     3.1952  0.000e+00
     14.032    15.0282   3.861527    31.0807        237     0.9833     3.1967  0.000e+00
     14.043    15.0289   3.861551    31.0803        238     0.9875     3.1953  0.000e+00
     14.038    15.0294   3.861551    31.0799        239     0.9917     3.1960  0.000e+00
     14.036    15.0297   3.861575    31.0799        240     0.9958     3.1980  0.000e+00
     14.016    15.0301   3.861617    31.0799        241     1.0000     3.1977  0.000e+00
     13.991    15.0304   3.861665    31.0801        242     1.0042     3.1975  0.000e+00
     13.955    15.0307   3.861820    31.0813        243     1.0083     3.1969  0.000e+00
     13.917    15.0316   3.861916    31.0814        244     1.0125     3.1991  0.000e+00
     13.875    15.0327   3.862029    31.0816        245     1.0167     3.1985  0.000e+00
     13.830    15.0337   3.862137    31.0818        246     1.0208     3.1986  0.000e+00
     13.796    15.0349   3.862047    31.0801        247     1.0250     3.1977  0.000e+00
     13.771    15.0354   3.861844    31.0778        248     1.0292     3.1996  0.000e+00
     13.754    15.0352   3.861593    31.0758        249     1.0333     3.1985  0.000e+00
     13.745    15.0340   3.861461    31.0756        250     1.0375     3.1963  0.000e+00
     13.758    15.0323   3.861617    31.0782        251     1.0417     3.1962  0.000e+00
     13.787    15.0315   3.861820    31.0807        252     1.0458     3.1968  0.000e+00
     13.814    15.0320   3.861641    31.0787        253     1.0500     3.1963  0.000e+00
     13.859    15.0320   3.861617    31.0785        254     1.0542     3.1967  0.000e+00
     13.915    15.0317   3.861778    31.0801        255     1.0583     3.1977  0.000e+00
     13.953    15.0323   3.861904    31.0808        256     1.0625     3.1974  0.000e+00
     13.991    15.0328   3.862005    31.0813        257     1.0667     3.1985  0.000e+00
     14.031    15.0335   3.861958    31.0803        258     1.0708     3.1984  0.000e+00
     14.069    15.0341   3.861892    31.0792        259     1.0750     3.1996  0.000e+00
     14.092    15.0344   3.861934    31.0794        260     1.0792     3.2005  0.000e+00
     14.094    15.0345   3.862119    31.0809        261     1.0833     3.2015  0.000e+00
     14.091    15.0351   3.862065    31.0799        262     1.0875     3.2001  0.000e+00
     14.080    15.0357   3.862233    31.0810        263     1.0917     3.1996  0.000e+00
     14.065    15.0364   3.862346    31.0814        264     1.0958     3.2003  0.000e+00
     14.033    15.0376   3.862322    31.0803        265     1.1000     3.1993  0.000e+00
     13.988    15.0384   3.862346    31.0799        266     1.1042     3.1979  0.000e+00
     13.930    15.0388   3.862304    31.0792        267     1.1083     3.1980  0.000e+00
     13.872    15.0392   3.862298    31.0789        268     1.1125     3.1979  0.000e+00
     13.814    15.0392   3.862298    31.0789        269     1.1167     3.1998  0.000e+00
     13.745    15.0393   3.862394    31.0797        270     1.1208     3.2006  0.000e+00
     13.688    15.0398   3.862412    31.0795        271     1.1250     3.1987  0.000e+00
     13.630    15.0399   3.862424    31.0795        272     1.1292     3.2016  0.000e+00
     13.585    15.0402   3.862436    31.0794        273     1.1333     3.1996  0.000e+00
     13.561    15.0403   3.862412    31.0791        274     1.1375     3.1993  0.000e+00
     13.552    15.0402   3.862394    31.0790        275     1.1417     3.1986  0.000e+00
     13.561    15.0405   3.862370    31.0786        276     1.1458     3.2006  0.000e+00
     13.579    15.0402   3.862376    31.0789        277     1.1500     3.1989  0.000e+00
     13.608    15.0402   3.862370    31.0788        278     1.1542     3.2002  0.000e+00
     13.652    15.0399   3.862346    31.0788        279     1.1583     3.2005  0.000e+00
     13.697    15.0399   3.862346    31.0788        280     1.1625     3.2006  0.000e+00
     13.749    15.0398   3.862370    31.0791        281     1.1667     3.2013  0.000e+00
     13.795    15.0397   3.862400    31.0794        282     1.1708     3.2015  0.000e+00
     13.831    15.0399   3.862412    31.0794        283     1.1750     3.2009  0.000e+00
     13.865    15.0399   3.862436    31.0795        284     1.1792     3.2011  0.000e+00
     13.887    15.0401   3.862436    31.0794        285     1.1833     3.2009  0.000e+00
     13.892    15.0402   3.862436    31.0793        286     1.1875     3.2017  0.000e+00
     13.889    15.0404   3.862460    31.0793        287     1.1917     3.2017  0.000e+00
     13.871    15.0405   3.862472    31.0794        288     1.1958     3.2011  0.000e+00
     13.844    15.0406   3.862484    31.0794        289     1.2000     3.1986  0.000e+00
     13.807    15.0408   3.862460    31.0791        290     1.2042     3.1993  0.000e+00
     13.768    15.0409   3.862507    31.0794        291     1.2083     3.1989  0.000e+00
     13.726    15.0409   3.862484    31.0793        292     1.2125     3.1996  0.000e+00
     13.683    15.0409   3.862495    31.0794        293     1.2167     3.1999  0.000e+00
     13.641    15.0409   3.862483    31.0792        294     1.2208     3.1992  0.000e+00
     13.603    15.0411   3.862185    31.0764        295     1.2250     3.1982  0.000e+00
     13.574    15.0412   3.862483    31.0791        296     1.2292     3.1993  0.000e+00
     13.554    15.0412   3.862483    31.0790        297     1.2333     3.1989  0.000e+00
     13.544    15.0409   3.862448    31.0789        298     1.2375     3.1985  0.000e+00
     13.540    15.0410   3.862394    31.0784        299     1.2417     3.1986  0.000e+00
     13.547    15.0409   3.862436    31.0789        300     1.2458     3.1988  0.000e+00
     13.562    15.0407   3.862412    31.0788        301     1.2500     3.2015  0.000e+00
     13.583    15.0404   3.862394    31.0789        302     1.2542     3.2020  0.000e+00
     13.612    15.0404   3.862352    31.0785        303     1.2583     3.2019  0.000e+00
     13.645    15.0402   3.862394    31.0790        304     1.2625     3.2010  0.000e+00
     13.674    15.0401   3.862370    31.0789        305     1.2667     3.2022  0.000e+00
     13.706    15.0400   3.862370    31.0789        306     1.2708     3.2025  0.000e+00
     13.735    15.0400   3.862394    31.0791        307     1.2750     3.2031  0.000e+00
     13.766    15.0401   3.862394    31.0790        308     1.2792     3.2023  0.000e+00
     13.786    15.0400   3.862376    31.0789        309     1.2833     3.2020  0.000e+00
     13.808    15.0399   3.862394    31.0792        310     1.2875     3.2033  0.000e+00
     13.828    15.0399   3.862346    31.0788        311     1.2917     3.2029  0.000e+00
     13.842    15.0397   3.862346    31.0789        312     1.2958     3.2025  0.000e+00
     13.848    15.0395   3.862346    31.0791        313     1.3000     3.2018  0.000e+00
     13.855    15.0395   3.862424    31.0798        314     1.3042     3.2023  0.000e+00
     13.857    15.0397   3.862412    31.0795        315     1.3083     3.2008  0.000e+00
     13.851    15.0400   3.862412    31.0792        316     1.3125     3.2018  0.000e+00
     13.842    15.0402   3.862436    31.0793        317     1.3167     3.1989  0.000e+00
     13.817    15.0402   3.862460    31.0795        318     1.3208     3.1990  0.000e+00
     13.784    15.0405   3.862448    31.0792        319     1.3250     3.1979  0.000e+00
     13.748    15.0407   3.862436    31.0789        320     1.3292     3.1985  0.000e+00
     13.712    15.0408   3.862460    31.0791        321     1.3333     3.1974  0.000e+00
     13.680    15.0408   3.862412    31.0787        322     1.3375     3.1944  0.000e+00
     13.645    15.0408   3.862436    31.0789        323     1.3417     3.1950  0.000e+00
     13.616    15.0406   3.862400    31.0787        324     1.3458     3.1979  0.000e+00
     13.604    15.0405   3.862412    31.0790        325     1.3500     3.1985  0.000e+00
     13.602    15.0405   3.862370    31.0786        326     1.3542     3.1972  0.000e+00
     13.622    15.0401   3.862298    31.0782        327     1.3583     3.1964  0.000e+00
     13.656    15.0399   3.862280    31.0782        328     1.3625     3.2007  0.000e+00
     13.705    15.0395   3.862256    31.0783        329     1.3667     3.2000  0.000e+00
     13.759    15.0390   3.862209    31.0783        330     1.3708     3.1996  0.000e+00
     13.821    15.0386   3.862185    31.0783        331     1.3750     3.1995  0.000e+00
     13.873    15.0385   3.862185    31.0784        332     1.3792     3.1979  0.000e+00
     13.931    15.0382   3.862185    31.0786        333     1.3833     3.1988  0.000e+00
     13.976    15.0380   3.862209    31.0790        334     1.3875     3.1979  0.000e+00
     14.007    15.0381   3.862233    31.0791        335     1.3917     3.1976  0.000e+00
     14.020    15.0378   3.862185    31.0789        336     1.3958     3.1983  0.000e+00
     14.027    15.0380   3.862209    31.0790        337     1.4000     3.1989  0.000e+00
     14.013    15.0379   3.862143    31.0784        338     1.4042     3.1991  0.000e+00
     13.995    15.0378   3.862071    31.0779        339     1.4083     3.1989  0.000e+00
     13.962    15.0374   3.862065    31.0782        340     1.4125     3.1978  0.000e+00
     13.920    15.0368   3.862071    31.0787        341     1.4167     3.1956  0.000e+00
     13.881    15.0366   3.862071    31.0789        342     1.4208     3.1972  0.000e+00
     13.859    15.0365   3.862029    31.0786        343     1.4250     3.1954  0.000e+00
     13.835    15.0364   3.862005    31.0784        344     1.4292     3.1969  0.000e+00
     13.808    15.0362   3.861975    31.0784        345     1.4333     3.1946  0.000e+00
     13.798    15.0357   3.861957    31.0786        346     1.4375     3.1943  0.000e+00
     13.801    15.0357   3.861916    31.0783        347     1.4417     3.1977  0.000e+00
     13.817    15.0351   3.861892    31.0785        348     1.4458     3.1968  0.000e+00
     13.841    15.0349   3.861916    31.0789        349     1.4500     3.1970  0.000e+00
     13.870    15.0347   3.861904    31.0789        350     1.4542     3.1967  0.000e+00
     13.915    15.0345   3.861916    31.0791        351     1.4583     3.1966  0.000e+00
     13.951    15.0344   3.861958    31.0796        352     1.4625     3.1950  0.000e+00
     13.978    15.0346   3.861820    31.0782        353     1.4667     3.1953  0.000e+00
     14.020    15.0344   3.861820    31.0784        354     1.4708     3.1967  0.000e+00
     14.056    15.0340   3.861832    31.0787        355     1.4750     3.1967  0.000e+00
     14.091    15.0338   3.861892    31.0794        356     1.4792     3.1967  0.000e+00
     14.120    15.0337   3.861706    31.0778        357     1.4833     3.1963  0.000e+00
     14.145    15.0333   3.861593    31.0771        358     1.4875     3.1970  0.000e+00
     14.154    15.0323   3.861844    31.0801        359     1.4917     3.1952  0.000e+00
     14.167    15.0327   3.861641    31.0781        360     1.4958     3.1969  0.000e+00
     14.170    15.0323   3.861689    31.0788        361     1.5000     3.1985  0.000e+00
     14.177    15.0320   3.861916    31.0810        362     1.5042     3.1952  0.000e+00
     14.172    15.0328   3.861958    31.0808        363     1.5083     3.1946  0.000e+00
     14.165    15.0337   3.861958    31.0801        364     1.5125     3.1951  0.000e+00
     14.150    15.0341   3.861916    31.0794        365     1.5167     3.1954  0.000e+00
     14.143    15.0344   3.861784    31.0779        366     1.5208     3.1945  0.000e+00
     14.141    15.0340   3.861706    31.0776        367     1.5250     3.1973  0.000e+00
     14.147    15.0332   3.861575    31.0770        368     1.5292     3.1953  0.000e+00
     14.160    15.0323   3.861575    31.0777        369     1.5333     3.1951  0.000e+00
