HB2304/sbe049.cnv
* Sea-Bird SBE 19plus V2 Data File:
* FileName = C:\cruise\data\sbe049.hex
* Software Version Seasave V 7.26.7.121
* Temperature SN = 7037
* Conductivity SN = 7037
* System UpLoad Time = Oct 08 2023 15:48:47
** Ship: Bigelow
** Cruise:  HB2304
** Program:  Fall Bottom Trawl
# nquan = 7
# nvalues = 1363                                  
# units = specified
# name 0 = depSM: Depth [salt water, m], lat = 40.00
# name 1 = tv290C: Temperature [ITS-90, deg C]
# name 2 = c0S/m: Conductivity [S/m]
# name 3 = sal00: Salinity, Practical [PSU]
# name 4 = scan: Scan Count
# name 5 = timeM: Time, Elapsed [minutes]
# name 6 = flag:  0.000e+00
# span 0 =     -0.140,     34.173                 
# span 1 =    18.1223,    21.1420                 
# span 2 =   0.000025,   4.407719                 
# span 3 =     0.0103,    32.7351                 
# span 4 =         11,       1373                 
# span 5 =     0.0417,     5.7167                 
# span 6 = 0.0000e+00, 0.0000e+00                 
# interval = seconds: 0.25
# start_time = Oct 08 2023 15:48:47 [System UTC, header]
# bad_flag = -9.990e-29
*END*
[from data line 206]
     14.738    18.6684   4.316064    32.1396        217     0.9000  0.000e+00
     14.845    18.6734   4.314912    32.1260        218     0.9042  0.000e+00
     14.958    18.6776   4.313867    32.1141        219     0.9083  0.000e+00
     15.087    18.6776   4.313066    32.1074        220     0.9125  0.000e+00
     15.224    18.6753   4.312721    32.1062        221     0.9167  0.000e+00
     15.374    18.6731   4.312521    32.1062        222     0.9208  0.000e+00
     15.533    18.6713   4.312371    32.1063        223     0.9250  0.000e+00
     15.696    18.6692   4.312277    32.1071        224     0.9292  0.000e+00
     15.860    18.6669   4.312146    32.1078        225     0.9333  0.000e+00
     16.023    18.6651   4.312121    32.1089        226     0.9375  0.000e+00
     16.186    18.6644   4.312096    32.1091        227     0.9417  0.000e+00
     16.346    18.6642   4.312246    32.1105        228     0.9458  0.000e+00
     16.500    18.6652   4.311971    32.1074        229     0.9500  0.000e+00
     16.643    18.6657   4.313066    32.1160        230     0.9542  0.000e+00
     16.784    18.6674   4.298955    31.9974        231     0.9583  0.000e+00
     16.917    18.6419   4.283341    31.8872        232     0.9625  0.000e+00
     17.051    18.5771   4.282699    31.9320        233     0.9667  0.000e+00
     17.189    18.5274   4.282587    31.9695        234     0.9708  0.000e+00
     17.342    18.4960   4.282432    31.9925        235     0.9750  0.000e+00
     17.498    18.4765   4.282382    32.0072        236     0.9792  0.000e+00
     17.667    18.4644   4.282333    32.0161        237     0.9833  0.000e+00
     17.843    18.4570   4.282233    32.0210        238     0.9875  0.000e+00
     18.018    18.4526   4.282358    32.0254        239     0.9917  0.000e+00
     18.197    18.4497   4.282358    32.0276        240     0.9958  0.000e+00
     18.370    18.4479   4.282358    32.0289        241     1.0000  0.000e+00
     18.548    18.4468   4.282358    32.0298        242     1.0042  0.000e+00
     18.712    18.4458   4.282358    32.0305        243     1.0083  0.000e+00
     18.871    18.4451   4.282408    32.0314        244     1.0125  0.000e+00
     19.003    18.4442   4.282309    32.0312        245     1.0167  0.000e+00
     19.120    18.4429   4.282259    32.0317        246     1.0208  0.000e+00
     19.213    18.4418   4.282309    32.0330        247     1.0250  0.000e+00
     19.294    18.4410   4.282334    32.0338        248     1.0292  0.000e+00
     19.363    18.4409   4.282359    32.0340        249     1.0333  0.000e+00
     19.435    18.4406   4.282384    32.0345        250     1.0375  0.000e+00
     19.496    18.4404   4.282409    32.0348        251     1.0417  0.000e+00
     19.561    18.4403   4.282409    32.0348        252     1.0458  0.000e+00
     19.632    18.4402   4.282434    32.0352        253     1.0500  0.000e+00
     19.708    18.4401   4.282359    32.0346        254     1.0542  0.000e+00
     19.778    18.4400   4.282278    32.0339        255     1.0583  0.000e+00
     19.854    18.4397   4.282259    32.0340        256     1.0625  0.000e+00
     19.926    18.4398   4.282234    32.0337        257     1.0667  0.000e+00
     19.999    18.4396   4.282234    32.0338        258     1.0708  0.000e+00
     20.076    18.4398   4.282259    32.0338        259     1.0750  0.000e+00
     20.152    18.4395   4.282234    32.0338        260     1.0792  0.000e+00
     20.234    18.4398   4.282259    32.0338        261     1.0833  0.000e+00
     20.311    18.4396   4.282278    32.0340        262     1.0875  0.000e+00
     20.385    18.4397   4.282309    32.0342        263     1.0917  0.000e+00
     20.463    18.4399   4.282334    32.0342        264     1.0958  0.000e+00
     20.550    18.4398   4.282384    32.0347        265     1.1000  0.000e+00
     20.644    18.4396   4.282409    32.0350        266     1.1042  0.000e+00
     20.747    18.4396   4.282459    32.0354        267     1.1083  0.000e+00
     20.853    18.4393   4.282478    32.0358        268     1.1125  0.000e+00
     20.971    18.4399   4.282509    32.0355        269     1.1167  0.000e+00
     21.096    18.4402   4.282528    32.0354        270     1.1208  0.000e+00
     21.235    18.4407   4.282528    32.0350        271     1.1250  0.000e+00
     21.378    18.4411   4.282603    32.0352        272     1.1292  0.000e+00
     21.531    18.4413   4.282653    32.0355        273     1.1333  0.000e+00
     21.688    18.4416   4.282653    32.0351        274     1.1375  0.000e+00
     21.849    18.4420   4.282828    32.0363        275     1.1417  0.000e+00
     22.012    18.4421   4.282978    32.0374        276     1.1458  0.000e+00
     22.171    18.4423   4.283196    32.0390        277     1.1500  0.000e+00
     22.326    18.4426   4.283321    32.0397        278     1.1542  0.000e+00
     22.484    18.4431   4.283496    32.0407        279     1.1583  0.000e+00
     22.632    18.4431   4.283571    32.0413        280     1.1625  0.000e+00
     22.776    18.4431   4.283814    32.0433        281     1.1667  0.000e+00
     22.915    18.4433   4.283939    32.0442        282     1.1708  0.000e+00
     23.055    18.4436   4.284008    32.0444        283     1.1750  0.000e+00
     23.192    18.4440   4.283989    32.0439        284     1.1792  0.000e+00
     23.333    18.4443   4.284189    32.0453        285     1.1833  0.000e+00
     23.483    18.4444   4.284982    32.0518        286     1.1875  0.000e+00
     23.637    18.4455   4.285600    32.0561        287     1.1917  0.000e+00
     23.799    18.4468   4.286193    32.0600        288     1.1958  0.000e+00
     23.955    18.4481   4.287204    32.0674        289     1.2000  0.000e+00
     24.123    18.4504   4.288659    32.0776        290     1.2042  0.000e+00
     24.283    18.4541   4.289683    32.0832        291     1.2083  0.000e+00
     24.446    18.4583   4.290177    32.0840        292     1.2125  0.000e+00
     24.611    18.4621   4.290526    32.0839        293     1.2167  0.000e+00
     24.759    18.4652   4.291370    32.0885        294     1.2208  0.000e+00
     24.898    18.4677   4.291620    32.0886        295     1.2250  0.000e+00
     25.017    18.4704   4.292363    32.0927        296     1.2292  0.000e+00
     25.113    18.4729   4.292831    32.0946        297     1.2333  0.000e+00
     25.194    18.4752   4.293081    32.0949        298     1.2375  0.000e+00
     25.259    18.4775   4.293775    32.0988        299     1.2417  0.000e+00
     25.315    18.4798   4.294368    32.1020        300     1.2458  0.000e+00
     25.368    18.4824   4.294987    32.1051        301     1.2500  0.000e+00
     25.411    18.4847   4.295012    32.1035        302     1.2542  0.000e+00
     25.456    18.4866   4.295387    32.1051        303     1.2583  0.000e+00
     25.505    18.4881   4.295212    32.1025        304     1.2625  0.000e+00
     25.561    18.4888   4.295212    32.1019        305     1.2667  0.000e+00
     25.621    18.4891   4.295812    32.1067        306     1.2708  0.000e+00
     25.684    18.4901   4.295980    32.1073        307     1.2750  0.000e+00
     25.760    18.4913   4.295980    32.1063        308     1.2792  0.000e+00
     25.852    18.4923   4.296305    32.1083        309     1.2833  0.000e+00
     25.950    18.4930   4.296305    32.1076        310     1.2875  0.000e+00
     26.058    18.4936   4.296455    32.1084        311     1.2917  0.000e+00
     26.165    18.4943   4.298612    32.1258        312     1.2958  0.000e+00
     26.279    18.4967   4.298962    32.1268        313     1.3000  0.000e+00
     26.394    18.4992   4.299530    32.1296        314     1.3042  0.000e+00
     26.510    18.5016   4.300181    32.1331        315     1.3083  0.000e+00
     26.629    18.5033   4.300306    32.1328        316     1.3125  0.000e+00
     26.743    18.5051   4.300156    32.1301        317     1.3167  0.000e+00
     26.868    18.5057   4.300481    32.1322        318     1.3208  0.000e+00
     26.987    18.5062   4.301050    32.1366        319     1.3250  0.000e+00
     27.105    18.5071   4.302169    32.1452        320     1.3292  0.000e+00
     27.227    18.5084   4.302938    32.1505        321     1.3333  0.000e+00
     27.356    18.5099   4.303363    32.1529        322     1.3375  0.000e+00
     27.491    18.5111   4.304032    32.1574        323     1.3417  0.000e+00
     27.630    18.5125   4.305953    32.1724        324     1.3458  0.000e+00
     27.771    18.5138   4.308192    32.1900        325     1.3500  0.000e+00
     27.916    18.5155   4.310682    32.2094        326     1.3542  0.000e+00
     28.061    18.5184   4.313724    32.2325        327     1.3583  0.000e+00
     28.203    18.5233   4.316241    32.2496        328     1.3625  0.000e+00
     28.342    18.5299   4.318389    32.2623        329     1.3667  0.000e+00
     28.483    18.5380   4.319666    32.2666        330     1.3708  0.000e+00
     28.615    18.5464   4.322491    32.2835        331     1.3750  0.000e+00
     28.753    18.5571   4.325016    32.2962        332     1.3792  0.000e+00
     28.885    18.5689   4.327423    32.3070        333     1.3833  0.000e+00
     29.008    18.5817   4.330450    32.3221        334     1.3875  0.000e+00
     29.120    18.5954   4.333059    32.3331        335     1.3917  0.000e+00
     29.237    18.6101   4.334464    32.3333        336     1.3958  0.000e+00
     29.351    18.6229   4.335015    32.3278        337     1.4000  0.000e+00
     29.461    18.6325   4.335492    32.3242        338     1.4042  0.000e+00
     29.570    18.6392   4.336144    32.3243        339     1.4083  0.000e+00
     29.676    18.6448   4.336671    32.3243        340     1.4125  0.000e+00
     29.788    18.6495   4.337023    32.3235        341     1.4167  0.000e+00
     29.891    18.6534   4.337299    32.3227        342     1.4208  0.000e+00
     30.000    18.6565   4.337650    32.3232        343     1.4250  0.000e+00
     30.110    18.6588   4.337725    32.3220        344     1.4292  0.000e+00
     30.211    18.6609   4.337901    32.3218        345     1.4333  0.000e+00
     30.309    18.6623   4.338127    32.3225        346     1.4375  0.000e+00
     30.399    18.6637   4.338303    32.3228        347     1.4417  0.000e+00
     30.493    18.6650   4.338428    32.3228        348     1.4458  0.000e+00
     30.583    18.6662   4.338579    32.3232        349     1.4500  0.000e+00
     30.658    18.6670   4.338629    32.3229        350     1.4542  0.000e+00
     30.735    18.6677   4.338679    32.3227        351     1.4583  0.000e+00
     30.806    18.6684   4.338729    32.3225        352     1.4625  0.000e+00
     30.869    18.6689   4.338780    32.3226        353     1.4667  0.000e+00
     30.934    18.6692   4.338855    32.3229        354     1.4708  0.000e+00
     30.997    18.6697   4.338955    32.3234        355     1.4750  0.000e+00
     31.055    18.6700   4.339106    32.3244        356     1.4792  0.000e+00
     31.120    18.6706   4.339388    32.3262        357     1.4833  0.000e+00
     31.182    18.6714   4.339614    32.3275        358     1.4875  0.000e+00
     31.256    18.6725   4.339715    32.3274        359     1.4917  0.000e+00
     31.339    18.6733   4.339815    32.3276        360     1.4958  0.000e+00
     31.429    18.6742   4.339890    32.3275        361     1.5000  0.000e+00
     31.536    18.6748   4.340091    32.3286        362     1.5042  0.000e+00
     31.659    18.6755   4.340593    32.3323        363     1.5083  0.000e+00
     31.785    18.6765   4.340819    32.3333        364     1.5125  0.000e+00
     31.928    18.6776   4.341020    32.3341        365     1.5167  0.000e+00
     32.065    18.6786   4.341221    32.3349        366     1.5208  0.000e+00
     32.210    18.6797   4.341522    32.3365        367     1.5250  0.000e+00
     32.358    18.6810   4.341673    32.3367        368     1.5292  0.000e+00
     32.506    18.6820   4.341623    32.3354        369     1.5333  0.000e+00
     32.653    18.6825   4.341347    32.3327        370     1.5375  0.000e+00
     32.797    18.6817   4.341221    32.3322        371     1.5417  0.000e+00
     32.937    18.6806   4.341071    32.3318        372     1.5458  0.000e+00
     33.072    18.6792   4.341021    32.3324        373     1.5500  0.000e+00
     33.204    18.6781   4.340945    32.3326        374     1.5542  0.000e+00
     33.334    18.6769   4.340845    32.3326        375     1.5583  0.000e+00
     33.470    18.6760   4.340745    32.3325        376     1.5625  0.000e+00
     33.605    18.6747   4.340519    32.3315        377     1.5667  0.000e+00
     33.746    18.6727   4.340318    32.3314        378     1.5708  0.000e+00
     33.882    18.6708   4.339992    32.3301        379     1.5750  0.000e+00
     34.021    18.6677   4.339590    32.3291        380     1.5792  0.000e+00
     34.108    18.6642   4.339415    32.3304        381     1.5833  0.000e+00
     34.169    18.6611   4.339057    32.3299        382     1.5875  0.000e+00
     34.173    18.6578   4.337727    32.3214        383     1.5917  0.000e+00
     34.127    18.6515   4.337727    32.3263        384     1.5958  0.000e+00
     34.075    18.6462   4.338229    32.3347        385     1.6000  0.000e+00
     34.033    18.6446   4.338606    32.3390        386     1.6042  0.000e+00
     33.997    18.6453   4.339258    32.3439        387     1.6083  0.000e+00
     33.949    18.6480   4.339333    32.3425        388     1.6125  0.000e+00
     33.892    18.6507   4.339465    32.3415        389     1.6167  0.000e+00
     33.842    18.6529   4.339390    32.3392        390     1.6208  0.000e+00
     33.795    18.6542   4.339490    32.3390        391     1.6250  0.000e+00
     33.759    18.6550   4.339540    32.3388        392     1.6292  0.000e+00
     33.732    18.6559   4.339641    32.3389        393     1.6333  0.000e+00
     33.708    18.6564   4.339590    32.3382        394     1.6375  0.000e+00
     33.681    18.6559   4.339057    32.3341        395     1.6417  0.000e+00
     33.656    18.6544   4.338932    32.3342        396     1.6458  0.000e+00
     33.629    18.6527   4.339258    32.3383        397     1.6500  0.000e+00
     33.612    18.6527   4.339440    32.3398        398     1.6542  0.000e+00
     33.583    18.6531   4.339415    32.3393        399     1.6583  0.000e+00
     33.545    18.6537   4.339440    32.3390        400     1.6625  0.000e+00
     33.509    18.6541   4.339540    32.3396        401     1.6667  0.000e+00
     33.460    18.6544   4.339540    32.3393        402     1.6708  0.000e+00
     33.415    18.6550   4.339389    32.3377        403     1.6750  0.000e+00
     33.363    18.6548   4.339364    32.3376        404     1.6792  0.000e+00
     33.305    18.6545   4.339540    32.3393        405     1.6833  0.000e+00
     33.249    18.6550   4.339691    32.3403        406     1.6875  0.000e+00
     33.187    18.6557   4.339465    32.3378        407     1.6917  0.000e+00
     33.137    18.6569   4.339791    32.3396        408     1.6958  0.000e+00
     33.084    18.6581   4.339866    32.3393        409     1.7000  0.000e+00
     33.041    18.6595   4.340017    32.3395        410     1.7042  0.000e+00
     33.005    18.6610   4.340142    32.3394        411     1.7083  0.000e+00
     32.969    18.6624   4.340218    32.3389        412     1.7125  0.000e+00
     32.940    18.6638   4.340293    32.3385        413     1.7167  0.000e+00
     32.918    18.6650   4.340343    32.3379        414     1.7208  0.000e+00
     32.895    18.6663   4.340443    32.3377        415     1.7250  0.000e+00
     32.866    18.6674   4.340594    32.3382        416     1.7292  0.000e+00
     32.842    18.6686   4.340694    32.3381        417     1.7333  0.000e+00
     32.822    18.6698   4.340694    32.3372        418     1.7375  0.000e+00
     32.795    18.6705   4.340694    32.3366        419     1.7417  0.000e+00
     32.764    18.6710   4.340795    32.3371        420     1.7458  0.000e+00
