HB2304/sbe012.cnv
* Sea-Bird SBE 19plus V2 Data File:
* FileName = C:\cruise\data\sbe012.hex
* Software Version Seasave V 7.26.7.121
* Temperature SN = 7037
* Conductivity SN = 7037
* System UpLoad Time = Sep 13 2023 01:01:40
** Ship: Bigelow
** Cruise:  HB2304
** Program:  Fall Bottom Trawl
# nquan = 7
# nvalues = 1611                                  
# units = specified
# name 0 = depSM: Depth [salt water, m], lat = 40.00
# name 1 = tv290C: Temperature [ITS-90, deg C]
# name 2 = c0S/m: Conductivity [S/m]
# name 3 = sal00: Salinity, Practical [PSU]
# name 4 = scan: Scan Count
# name 5 = timeM: Time, Elapsed [minutes]
# name 6 = flag:  0.000e+00
# span 0 =     -0.023,     49.153                 
# span 1 =    10.7196,    25.6841                 
# span 2 =  -0.000007,   5.175634                 
# span 3 =     0.0000,    35.0797                 
# span 4 =         11,       1621                 
# span 5 =     0.0417,     6.7500                 
# span 6 = 0.0000e+00, 0.0000e+00                 
# interval = seconds: 0.25
# start_time = Sep 13 2023 01:01:40 [System UTC, header]
# bad_flag = -9.990e-29
*END*
[from data line 1026]
     42.626    10.7247   3.668420    32.8829       1037     4.3167  0.000e+00
     42.444    10.7252   3.668396    32.8823       1038     4.3208  0.000e+00
     42.238    10.7258   3.668414    32.8820       1039     4.3250  0.000e+00
     42.028    10.7260   3.668373    32.8815       1040     4.3292  0.000e+00
     41.813    10.7263   3.668437    32.8820       1041     4.3333  0.000e+00
     41.616    10.7267   3.668648    32.8838       1042     4.3375  0.000e+00
     41.413    10.7279   3.668864    32.8850       1043     4.3417  0.000e+00
     41.222    10.7296   3.668929    32.8842       1044     4.3458  0.000e+00
     41.028    10.7313   3.668970    32.8831       1045     4.3500  0.000e+00
     40.846    10.7328   3.669063    32.8828       1046     4.3542  0.000e+00
     40.667    10.7340   3.669221    32.8833       1047     4.3583  0.000e+00
     40.488    10.7355   3.669221    32.8821       1048     4.3625  0.000e+00
     40.318    10.7365   3.669245    32.8815       1049     4.3667  0.000e+00
     40.150    10.7375   3.669420    32.8824       1050     4.3708  0.000e+00
     39.998    10.7388   3.669491    32.8820       1051     4.3750  0.000e+00
     39.855    10.7401   3.669502    32.8810       1052     4.3792  0.000e+00
     39.716    10.7412   3.669690    32.8820       1053     4.3833  0.000e+00
     39.586    10.7426   3.669824    32.8821       1054     4.3875  0.000e+00
     39.470    10.7441   3.669654    32.8791       1055     4.3917  0.000e+00
     39.351    10.7448   3.669736    32.8793       1056     4.3958  0.000e+00
     39.250    10.7452   3.669783    32.8795       1057     4.4000  0.000e+00
     39.152    10.7460   3.669929    32.8803       1058     4.4042  0.000e+00
     39.060    10.7468   3.669982    32.8801       1059     4.4083  0.000e+00
     38.973    10.7480   3.670117    32.8805       1060     4.4125  0.000e+00
     38.892    10.7493   3.670275    32.8809       1061     4.4167  0.000e+00
     38.814    10.7509   3.670316    32.8798       1062     4.4208  0.000e+00
     38.747    10.7522   3.670275    32.8783       1063     4.4250  0.000e+00
     38.676    10.7530   3.670339    32.8783       1064     4.4292  0.000e+00
     38.606    10.7535   3.670292    32.8774       1065     4.4333  0.000e+00
     38.526    10.7538   3.670228    32.8765       1066     4.4375  0.000e+00
     38.445    10.7537   3.670228    32.8766       1067     4.4417  0.000e+00
     38.349    10.7534   3.670146    32.8761       1068     4.4458  0.000e+00
     38.243    10.7530   3.670228    32.8773       1069     4.4500  0.000e+00
     38.122    10.7530   3.670275    32.8779       1070     4.4542  0.000e+00
     37.984    10.7535   3.670316    32.8779       1071     4.4583  0.000e+00
     37.836    10.7539   3.670386    32.8783       1072     4.4625  0.000e+00
     37.670    10.7545   3.670386    32.8778       1073     4.4667  0.000e+00
     37.491    10.7550   3.670444    32.8781       1074     4.4708  0.000e+00
     37.299    10.7557   3.670497    32.8781       1075     4.4750  0.000e+00
     37.086    10.7563   3.670450    32.8771       1076     4.4792  0.000e+00
     36.871    10.7568   3.670532    32.8776       1077     4.4833  0.000e+00
     36.650    10.7573   3.670608    32.8779       1078     4.4875  0.000e+00
     36.404    10.7581   3.670784    32.8791       1079     4.4917  0.000e+00
     36.162    10.7597   3.671053    32.8805       1080     4.4958  0.000e+00
     35.900    10.7620   3.671322    32.8812       1081     4.5000  0.000e+00
     35.658    10.7648   3.671393    32.8795       1082     4.5042  0.000e+00
     35.401    10.7672   3.671416    32.8776       1083     4.5083  0.000e+00
     35.155    10.7692   3.671533    32.8771       1084     4.5125  0.000e+00
     34.904    10.7708   3.671726    32.8778       1085     4.5167  0.000e+00
     34.671    10.7727   3.671791    32.8768       1086     4.5208  0.000e+00
     34.443    10.7743   3.671966    32.8772       1087     4.5250  0.000e+00
     34.219    10.7763   3.672130    32.8771       1088     4.5292  0.000e+00
     34.009    10.7782   3.672265    32.8768       1089     4.5333  0.000e+00
     33.814    10.7802   3.672306    32.8755       1090     4.5375  0.000e+00
     33.631    10.7817   3.672376    32.8749       1091     4.5417  0.000e+00
     33.478    10.7828   3.672440    32.8747       1092     4.5458  0.000e+00
     33.337    10.7840   3.672458    32.8738       1093     4.5500  0.000e+00
     33.225    10.7849   3.672511    32.8736       1094     4.5542  0.000e+00
     33.122    10.7860   3.672733    32.8749       1095     4.5583  0.000e+00
     33.040    10.7873   3.672780    32.8742       1096     4.5625  0.000e+00
     32.979    10.7886   3.672757    32.8728       1097     4.5667  0.000e+00
     32.930    10.7896   3.672798    32.8724       1098     4.5708  0.000e+00
     32.887    10.7902   3.672868    32.8726       1099     4.5750  0.000e+00
     32.854    10.7910   3.672950    32.8727       1100     4.5792  0.000e+00
     32.827    10.7917   3.673026    32.8728       1101     4.5833  0.000e+00
     32.798    10.7924   3.673067    32.8726       1102     4.5875  0.000e+00
     32.762    10.7931   3.673120    32.8725       1103     4.5917  0.000e+00
     32.718    10.7938   3.673090    32.8716       1104     4.5958  0.000e+00
     32.670    10.7942   3.673067    32.8710       1105     4.6000  0.000e+00
     32.599    10.7944   3.672991    32.8701       1106     4.6042  0.000e+00
     32.511    10.7944   3.672979    32.8701       1107     4.6083  0.000e+00
     32.417    10.7942   3.673026    32.8708       1108     4.6125  0.000e+00
     32.303    10.7942   3.673143    32.8719       1109     4.6167  0.000e+00
     32.180    10.7948   3.673272    32.8727       1110     4.6208  0.000e+00
     32.042    10.7959   3.673430    32.8734       1111     4.6250  0.000e+00
     31.881    10.7976   3.673846    32.8761       1112     4.6292  0.000e+00
     31.758    10.8000   3.673987    32.8754       1113     4.6333  0.000e+00
     31.688    10.8027   3.674010    32.8732       1114     4.6375  0.000e+00
     31.668    10.8045   3.674022    32.8717       1115     4.6417  0.000e+00
     31.655    10.8058   3.674145    32.8718       1116     4.6458  0.000e+00
     31.616    10.8070   3.674279    32.8720       1117     4.6500  0.000e+00
     31.538    10.8083   3.674402    32.8721       1118     4.6542  0.000e+00
     31.447    10.8095   3.674438    32.8715       1119     4.6583  0.000e+00
     31.370    10.8106   3.674549    32.8716       1120     4.6625  0.000e+00
     31.314    10.8120   3.674613    32.8711       1121     4.6667  0.000e+00
     31.261    10.8130   3.674684    32.8708       1122     4.6708  0.000e+00
     31.184    10.8142   3.674971    32.8727       1123     4.6750  0.000e+00
     31.100    10.8157   3.675422    32.8758       1124     4.6792  0.000e+00
     31.026    10.8188   3.675862    32.8775       1125     4.6833  0.000e+00
     30.976    10.8224   3.676114    32.8767       1126     4.6875  0.000e+00
     30.930    10.8261   3.676319    32.8755       1127     4.6917  0.000e+00
     30.882    10.8293   3.676547    32.8750       1128     4.6958  0.000e+00
     30.822    10.8322   3.676723    32.8741       1129     4.7000  0.000e+00
     30.775    10.8349   3.676899    32.8735       1130     4.7042  0.000e+00
     30.742    10.8373   3.676981    32.8721       1131     4.7083  0.000e+00
     30.717    10.8392   3.677016    32.8707       1132     4.7125  0.000e+00
     30.694    10.8405   3.677104    32.8705       1133     4.7167  0.000e+00
     30.672    10.8419   3.677086    32.8691       1134     4.7208  0.000e+00
     30.661    10.8426   3.677080    32.8684       1135     4.7250  0.000e+00
     30.665    10.8430   3.677057    32.8678       1136     4.7292  0.000e+00
     30.679    10.8430   3.676998    32.8672       1137     4.7333  0.000e+00
     30.702    10.8430   3.677057    32.8678       1138     4.7375  0.000e+00
     30.735    10.8430   3.677168    32.8688       1139     4.7417  0.000e+00
     30.780    10.8438   3.677409    32.8705       1140     4.7458  0.000e+00
     30.840    10.8448   3.677350    32.8690       1141     4.7500  0.000e+00
     30.905    10.8457   3.677262    32.8673       1142     4.7542  0.000e+00
     30.977    10.8455   3.677321    32.8680       1143     4.7583  0.000e+00
     31.055    10.8457   3.677327    32.8678       1144     4.7625  0.000e+00
     31.123    10.8457   3.677192    32.8665       1145     4.7667  0.000e+00
     31.199    10.8453   3.676981    32.8647       1146     4.7708  0.000e+00
     31.275    10.8440   3.676653    32.8626       1147     4.7750  0.000e+00
     31.344    10.8420   3.676248    32.8604       1148     4.7792  0.000e+00
     31.407    10.8390   3.676014    32.8607       1149     4.7833  0.000e+00
     31.452    10.8359   3.675645    32.8598       1150     4.7875  0.000e+00
     31.479    10.8325   3.675533    32.8617       1151     4.7917  0.000e+00
     31.503    10.8296   3.675176    32.8608       1152     4.7958  0.000e+00
     31.514    10.8266   3.675041    32.8621       1153     4.8000  0.000e+00
     31.506    10.8239   3.674994    32.8641       1154     4.8042  0.000e+00
     31.470    10.8216   3.674900    32.8652       1155     4.8083  0.000e+00
     31.425    10.8201   3.674748    32.8651       1156     4.8125  0.000e+00
     31.373    10.8185   3.674748    32.8665       1157     4.8167  0.000e+00
     31.318    10.8176   3.674725    32.8671       1158     4.8208  0.000e+00
     31.259    10.8170   3.674818    32.8686       1159     4.8250  0.000e+00
     31.194    10.8168   3.674971    32.8703       1160     4.8292  0.000e+00
     31.120    10.8175   3.675217    32.8722       1161     4.8333  0.000e+00
     31.062    10.8187   3.675486    32.8739       1162     4.8375  0.000e+00
     31.009    10.8205   3.675715    32.8745       1163     4.8417  0.000e+00
     30.971    10.8229   3.675926    32.8744       1164     4.8458  0.000e+00
     30.942    10.8253   3.676160    32.8746       1165     4.8500  0.000e+00
     30.915    10.8278   3.676248    32.8733       1166     4.8542  0.000e+00
     30.906    10.8299   3.676354    32.8725       1167     4.8583  0.000e+00
     30.903    10.8318   3.676365    32.8709       1168     4.8625  0.000e+00
     30.917    10.8328   3.676365    32.8700       1169     4.8667  0.000e+00
     30.933    10.8336   3.676295    32.8685       1170     4.8708  0.000e+00
     30.957    10.8337   3.676272    32.8682       1171     4.8750  0.000e+00
     30.975    10.8337   3.676207    32.8675       1172     4.8792  0.000e+00
     30.995    10.8333   3.676137    32.8672       1173     4.8833  0.000e+00
     31.014    10.8329   3.676037    32.8666       1174     4.8875  0.000e+00
     31.036    10.8322   3.675914    32.8659       1175     4.8917  0.000e+00
     31.047    10.8313   3.675961    32.8672       1176     4.8958  0.000e+00
     31.054    10.8305   3.675861    32.8669       1177     4.9000  0.000e+00
     31.061    10.8299   3.675850    32.8673       1178     4.9042  0.000e+00
     31.065    10.8293   3.675826    32.8677       1179     4.9083  0.000e+00
     31.056    10.8288   3.675820    32.8681       1180     4.9125  0.000e+00
     31.052    10.8284   3.675938    32.8696       1181     4.9167  0.000e+00
     31.034    10.8286   3.675938    32.8694       1182     4.9208  0.000e+00
     31.007    10.8291   3.676037    32.8700       1183     4.9250  0.000e+00
     30.980    10.8294   3.676096    32.8703       1184     4.9292  0.000e+00
     30.951    10.8301   3.676207    32.8708       1185     4.9333  0.000e+00
     30.913    10.8310   3.676354    32.8715       1186     4.9375  0.000e+00
     30.873    10.8322   3.676477    32.8716       1187     4.9417  0.000e+00
     30.835    10.8336   3.676588    32.8715       1188     4.9458  0.000e+00
     30.792    10.8349   3.676676    32.8712       1189     4.9500  0.000e+00
     30.758    10.8363   3.676764    32.8709       1190     4.9542  0.000e+00
     30.727    10.8376   3.676858    32.8707       1191     4.9583  0.000e+00
     30.703    10.8386   3.676916    32.8703       1192     4.9625  0.000e+00
     30.685    10.8396   3.676922    32.8695       1193     4.9667  0.000e+00
     30.678    10.8404   3.676922    32.8688       1194     4.9708  0.000e+00
     30.681    10.8409   3.676893    32.8680       1195     4.9750  0.000e+00
     30.692    10.8412   3.676858    32.8674       1196     4.9792  0.000e+00
     30.716    10.8411   3.676922    32.8682       1197     4.9833  0.000e+00
     30.745    10.8411   3.676934    32.8682       1198     4.9875  0.000e+00
     30.779    10.8415   3.676993    32.8685       1199     4.9917  0.000e+00
     30.824    10.8418   3.677057    32.8688       1200     4.9958  0.000e+00
     30.876    10.8422   3.677022    32.8681       1201     5.0000  0.000e+00
     30.934    10.8422   3.677034    32.8681       1202     5.0042  0.000e+00
     30.992    10.8422   3.677057    32.8683       1203     5.0083  0.000e+00
     31.050    10.8422   3.676934    32.8671       1204     5.0125  0.000e+00
     31.113    10.8418   3.676834    32.8664       1205     5.0167  0.000e+00
     31.167    10.8411   3.676723    32.8660       1206     5.0208  0.000e+00
     31.221    10.8399   3.676506    32.8648       1207     5.0250  0.000e+00
     31.267    10.8386   3.676113    32.8621       1208     5.0292  0.000e+00
     31.303    10.8363   3.675826    32.8612       1209     5.0333  0.000e+00
     31.334    10.8335   3.675563    32.8612       1210     5.0375  0.000e+00
     31.359    10.8307   3.675311    32.8612       1211     5.0417  0.000e+00
     31.373    10.8278   3.675088    32.8615       1212     5.0458  0.000e+00
     31.379    10.8252   3.674941    32.8624       1213     5.0500  0.000e+00
     31.370    10.8228   3.674930    32.8645       1214     5.0542  0.000e+00
     31.357    10.8209   3.674883    32.8657       1215     5.0583  0.000e+00
     31.337    10.8197   3.674789    32.8658       1216     5.0625  0.000e+00
     31.310    10.8187   3.674725    32.8661       1217     5.0667  0.000e+00
     31.281    10.8178   3.674748    32.8672       1218     5.0708  0.000e+00
     31.239    10.8171   3.674813    32.8685       1219     5.0750  0.000e+00
     31.203    10.8170   3.674883    32.8692       1220     5.0792  0.000e+00
     31.167    10.8172   3.674953    32.8698       1221     5.0833  0.000e+00
     31.131    10.8178   3.675106    32.8708       1222     5.0875  0.000e+00
     31.089    10.8186   3.675240    32.8715       1223     5.0917  0.000e+00
     31.064    10.8197   3.675422    32.8722       1224     5.0958  0.000e+00
     31.033    10.8211   3.675580    32.8726       1225     5.1000  0.000e+00
     31.006    10.8227   3.675797    32.8733       1226     5.1042  0.000e+00
     30.990    10.8246   3.675914    32.8728       1227     5.1083  0.000e+00
     30.972    10.8263   3.676049    32.8726       1228     5.1125  0.000e+00
     30.957    10.8279   3.676102    32.8717       1229     5.1167  0.000e+00
     30.948    10.8294   3.676137    32.8707       1230     5.1208  0.000e+00
     30.942    10.8303   3.676160    32.8701       1231     5.1250  0.000e+00
     30.941    10.8311   3.676184    32.8697       1232     5.1292  0.000e+00
     30.941    10.8314   3.676184    32.8694       1233     5.1333  0.000e+00
     30.939    10.8318   3.676184    32.8690       1234     5.1375  0.000e+00
     30.948    10.8320   3.676119    32.8682       1235     5.1417  0.000e+00
     30.966    10.8320   3.676096    32.8680       1236     5.1458  0.000e+00
     30.991    10.8319   3.676096    32.8681       1237     5.1500  0.000e+00
     31.009    10.8316   3.676078    32.8681       1238     5.1542  0.000e+00
     31.022    10.8313   3.675850    32.8661       1239     5.1583  0.000e+00
     31.065    10.8306   3.676049    32.8687       1240     5.1625  0.000e+00
