HB2304/sbe007.cnv
* Sea-Bird SBE 19plus V2 Data File:
* FileName = C:\cruise\data\sbe007.hex
* Software Version Seasave V 7.26.7.121
* Temperature SN = 7037
* Conductivity SN = 7037
* System UpLoad Time = Sep 12 2023 07:43:51
** Ship: Bigelow
** Cruise:  HB2304
** Program:  Fall Bottom Trawl
# nquan = 7
# nvalues = 2695                                  
# units = specified
# name 0 = depSM: Depth [salt water, m], lat = 40.00
# name 1 = tv290C: Temperature [ITS-90, deg C]
# name 2 = c0S/m: Conductivity [S/m]
# name 3 = sal00: Salinity, Practical [PSU]
# name 4 = scan: Scan Count
# name 5 = timeM: Time, Elapsed [minutes]
# name 6 = flag:  0.000e+00
# span 0 =     -0.046,    112.398                 
# span 1 =    10.5740,    25.2708                 
# span 2 =  -0.000063,   5.060791                 
# span 3 =     0.0000,    35.4065                 
# span 4 =         11,       2705                 
# span 5 =     0.0417,    11.2667                 
# span 6 = 0.0000e+00, 0.0000e+00                 
# interval = seconds: 0.25
# start_time = Sep 12 2023 07:43:51 [System UTC, header]
# bad_flag = -9.990e-29
*END*
[from data line 2462]
      9.269    23.7146   5.018964    33.8262       2473    10.3000  0.000e+00
      9.206    23.7509   5.023049    33.8294       2474    10.3042  0.000e+00
      9.139    23.7866   5.031131    33.8634       2475    10.3083  0.000e+00
      9.076    23.8306   5.037313    33.8766       2476    10.3125  0.000e+00
      9.013    23.8795   5.039425    33.8553       2477    10.3167  0.000e+00
      8.944    23.9190   5.042079    33.8453       2478    10.3208  0.000e+00
      8.873    23.9509   5.042807    33.8266       2479    10.3250  0.000e+00
      8.808    23.9748   5.043309    33.8122       2480    10.3292  0.000e+00
      8.740    23.9918   5.045349    33.8146       2481    10.3333  0.000e+00
      8.675    24.0079   5.049530    33.8340       2482    10.3375  0.000e+00
      8.602    24.0299   5.053586    33.8477       2483    10.3417  0.000e+00
      8.539    24.0594   5.053814    33.8271       2484    10.3458  0.000e+00
      8.465    24.0853   5.051309    33.7887       2485    10.3500  0.000e+00
      8.393    24.1025   5.051256    33.7753       2486    10.3542  0.000e+00
      8.324    24.1173   5.053779    33.7830       2487    10.3583  0.000e+00
      8.253    24.1401   5.054923    33.7744       2488    10.3625  0.000e+00
      8.176    24.1655   5.052687    33.7385       2489    10.3667  0.000e+00
      8.103    24.1852   5.052660    33.7234       2490    10.3708  0.000e+00
      8.022    24.1979   5.053289    33.7185       2491    10.3750  0.000e+00
      7.948    24.2089   5.053724    33.7136       2492    10.3792  0.000e+00
      7.870    24.2264   5.057594    33.7294       2493    10.3833  0.000e+00
      7.785    24.2702   5.059241    33.7087       2494    10.3875  0.000e+00
      7.700    24.3272   5.060546    33.6755       2495    10.3917  0.000e+00
      7.623    24.3829   5.060458    33.6331       2496    10.3958  0.000e+00
      7.550    24.4282   5.060558    33.5999       2497    10.4000  0.000e+00
      7.473    24.4698   5.060791    33.5705       2498    10.4042  0.000e+00
      7.384    24.5077   5.060342    33.5389       2499    10.4083  0.000e+00
      7.306    24.5334   5.060321    33.5195       2500    10.4125  0.000e+00
      7.229    24.5561   5.059611    33.4973       2501    10.4167  0.000e+00
      7.149    24.5754   5.058880    33.4776       2502    10.4208  0.000e+00
      7.077    24.6084   5.058739    33.4519       2503    10.4250  0.000e+00
      7.010    24.6330   5.059295    33.4378       2504    10.4292  0.000e+00
      6.950    24.6368   5.057727    33.4234       2505    10.4333  0.000e+00
      6.892    24.6492   5.056301    33.4036       2506    10.4375  0.000e+00
      6.845    24.6748   5.055557    33.3791       2507    10.4417  0.000e+00
      6.787    24.7021   5.053769    33.3457       2508    10.4458  0.000e+00
      6.739    24.7330   5.052844    33.3159       2509    10.4500  0.000e+00
      6.697    24.7609   5.052462    33.2926       2510    10.4542  0.000e+00
      6.657    24.7859   5.051277    33.2653       2511    10.4583  0.000e+00
      6.617    24.8104   5.049985    33.2377       2512    10.4625  0.000e+00
      6.574    24.8316   5.049837    33.2210       2513    10.4667  0.000e+00
      6.536    24.8475   5.050345    33.2131       2514    10.4708  0.000e+00
      6.502    24.8563   5.049562    33.2008       2515    10.4750  0.000e+00
      6.466    24.8638   5.048759    33.1894       2516    10.4792  0.000e+00
      6.435    24.8725   5.049000    33.1848       2517    10.4833  0.000e+00
      6.409    24.8792   5.047996    33.1725       2518    10.4875  0.000e+00
      6.384    24.8869   5.047969    33.1666       2519    10.4917  0.000e+00
      6.366    24.8930   5.047547    33.1590       2520    10.4958  0.000e+00
      6.353    24.8992   5.047213    33.1520       2521    10.5000  0.000e+00
      6.324    24.9052   5.046109    33.1395       2522    10.5042  0.000e+00
      6.292    24.9132   5.045500    33.1291       2523    10.5083  0.000e+00
      6.263    24.9225   5.045392    33.1215       2524    10.5125  0.000e+00
      6.239    24.9296   5.045084    33.1141       2525    10.5167  0.000e+00
      6.203    24.9356   5.044409    33.1047       2526    10.5208  0.000e+00
      6.158    24.9418   5.044970    33.1043       2527    10.5250  0.000e+00
      6.108    24.9447   5.045987    33.1097       2528    10.5292  0.000e+00
      6.057    24.9424   5.045974    33.1113       2529    10.5333  0.000e+00
      6.005    24.9381   5.046931    33.1215       2530    10.5375  0.000e+00
      5.945    24.9325   5.045987    33.1187       2531    10.5417  0.000e+00
      5.898    24.9308   5.045727    33.1181       2532    10.5458  0.000e+00
      5.840    24.9325   5.044462    33.1075       2533    10.5500  0.000e+00
      5.788    24.9393   5.044101    33.0999       2534    10.5542  0.000e+00
      5.741    24.9466   5.043846    33.0927       2535    10.5583  0.000e+00
      5.681    24.9528   5.043284    33.0840       2536    10.5625  0.000e+00
      5.638    24.9589   5.043063    33.0779       2537    10.5667  0.000e+00
      5.580    24.9637   5.042896    33.0732       2538    10.5708  0.000e+00
      5.527    24.9684   5.042000    33.0632       2539    10.5750  0.000e+00
      5.482    24.9739   5.042421    33.0623       2540    10.5792  0.000e+00
      5.426    24.9770   5.042474    33.0604       2541    10.5833  0.000e+00
      5.383    24.9788   5.041859    33.0546       2542    10.5875  0.000e+00
      5.339    24.9823   5.039485    33.0346       2543    10.5917  0.000e+00
      5.301    24.9931   5.037252    33.0103       2544    10.5958  0.000e+00
      5.285    25.0098   5.035520    32.9854       2545    10.6000  0.000e+00
      5.265    25.0276   5.034597    32.9656       2546    10.6042  0.000e+00
      5.240    25.0434   5.033314    32.9447       2547    10.6083  0.000e+00
      5.213    25.0568   5.037003    32.9620       2548    10.6125  0.000e+00
      5.205    25.0571   5.040152    32.9849       2549    10.6167  0.000e+00
      5.178    25.0417   5.039036    32.9880       2550    10.6208  0.000e+00
      5.149    25.0324   5.039818    33.0005       2551    10.6250  0.000e+00
      5.117    25.0275   5.037919    32.9902       2552    10.6292  0.000e+00
      5.084    25.0286   5.036562    32.9794       2553    10.6333  0.000e+00
      5.053    25.0362   5.036856    32.9760       2554    10.6375  0.000e+00
      5.014    25.0418   5.034958    32.9580       2555    10.6417  0.000e+00
      4.985    25.0505   5.033948    32.9443       2556    10.6458  0.000e+00
      4.963    25.0616   5.031529    32.9184       2557    10.6500  0.000e+00
      4.952    25.0771   5.028796    32.8871       2558    10.6542  0.000e+00
      4.929    25.0978   5.028061    32.8667       2559    10.6583  0.000e+00
      4.914    25.1154   5.028094    32.8542       2560    10.6625  0.000e+00
      4.894    25.1260   5.031107    32.8686       2561    10.6667  0.000e+00
      4.871    25.1242   5.031748    32.8746       2562    10.6708  0.000e+00
      4.829    25.1183   5.032557    32.8848       2563    10.6750  0.000e+00
      4.802    25.1119   5.031688    32.8831       2564    10.6792  0.000e+00
      4.764    25.1090   5.031635    32.8849       2565    10.6833  0.000e+00
      4.748    25.1093   5.029183    32.8667       2566    10.6875  0.000e+00
      4.719    25.1169   5.031922    32.8813       2567    10.6917  0.000e+00
      4.694    25.1176   5.030158    32.8678       2568    10.6958  0.000e+00
      4.663    25.1186   5.030733    32.8713       2569    10.7000  0.000e+00
      4.636    25.1187   5.031802    32.8790       2570    10.7042  0.000e+00
      4.585    25.1150   5.029543    32.8652       2571    10.7083  0.000e+00
      4.526    25.1195   5.028902    32.8573       2572    10.7125  0.000e+00
      4.470    25.1262   5.026230    32.8328       2573    10.7167  0.000e+00
      4.401    25.1330   5.029396    32.8511       2574    10.7208  0.000e+00
      4.336    25.1349   5.028207    32.8411       2575    10.7250  0.000e+00
      4.262    25.1380   5.028207    32.8388       2576    10.7292  0.000e+00
      4.191    25.1411   5.027164    32.8290       2577    10.7333  0.000e+00
      4.130    25.1462   5.027371    32.8268       2578    10.7375  0.000e+00
      4.079    25.1499   5.026396    32.8170       2579    10.7417  0.000e+00
      4.030    25.1547   5.024179    32.7973       2580    10.7458  0.000e+00
      3.989    25.1652   5.024526    32.7923       2581    10.7500  0.000e+00
      3.958    25.1730   5.024759    32.7884       2582    10.7542  0.000e+00
      3.927    25.1764   5.025641    32.7924       2583    10.7583  0.000e+00
      3.900    25.1756   5.028206    32.8117       2584    10.7625  0.000e+00
      3.873    25.1678   5.025948    32.8008       2585    10.7667  0.000e+00
      3.837    25.1664   5.024666    32.7925       2586    10.7708  0.000e+00
      3.804    25.1721   5.023831    32.7823       2587    10.7750  0.000e+00
      3.775    25.1794   5.024252    32.7801       2588    10.7792  0.000e+00
      3.756    25.1838   5.024138    32.7761       2589    10.7833  0.000e+00
      3.747    25.1860   5.023918    32.7729       2590    10.7875  0.000e+00
      3.759    25.1882   5.023971    32.7717       2591    10.7917  0.000e+00
      3.748    25.1901   5.024205    32.7720       2592    10.7958  0.000e+00
      3.739    25.1900   5.023664    32.7681       2593    10.8000  0.000e+00
      3.725    25.1912   5.023884    32.7688       2594    10.8042  0.000e+00
      3.708    25.1928   5.023831    32.7673       2595    10.8083  0.000e+00
      3.680    25.1932   5.023777    32.7666       2596    10.8125  0.000e+00
      3.649    25.1935   5.024859    32.7743       2597    10.8167  0.000e+00
      3.642    25.1906   5.024265    32.7721       2598    10.8208  0.000e+00
      3.642    25.1895   5.025560    32.7824       2599    10.8250  0.000e+00
      3.636    25.1857   5.024986    32.7809       2600    10.8292  0.000e+00
      3.618    25.1844   5.024666    32.7795       2601    10.8333  0.000e+00
      3.575    25.1851   5.024225    32.7758       2602    10.8375  0.000e+00
      3.528    25.1874   5.023684    32.7702       2603    10.8417  0.000e+00
      3.473    25.1905   5.024331    32.7727       2604    10.8458  0.000e+00
      3.426    25.1913   5.024465    32.7731       2605    10.8500  0.000e+00
      3.379    25.1911   5.024225    32.7715       2606    10.8542  0.000e+00
      3.343    25.1916   5.023250    32.7641       2607    10.8583  0.000e+00
      3.318    25.1945   5.022962    32.7598       2608    10.8625  0.000e+00
      3.300    25.1979   5.022749    32.7558       2609    10.8667  0.000e+00
      3.285    25.2009   5.022501    32.7519       2610    10.8708  0.000e+00
      3.264    25.2036   5.022081    32.7469       2611    10.8750  0.000e+00
      3.215    25.2062   5.022635    32.7491       2612    10.8792  0.000e+00
      3.157    25.2070   5.023283    32.7532       2613    10.8833  0.000e+00
      3.079    25.2058   5.022635    32.7494       2614    10.8875  0.000e+00
      2.973    25.2048   5.022121    32.7464       2615    10.8917  0.000e+00
      2.859    25.2071   5.022134    32.7449       2616    10.8958  0.000e+00
      2.761    25.2091   5.022247    32.7443       2617    10.9000  0.000e+00
      2.665    25.2100   5.021833    32.7406       2618    10.9042  0.000e+00
      2.595    25.2117   5.021072    32.7338       2619    10.9083  0.000e+00
      2.525    25.2148   5.019457    32.7198       2620    10.9125  0.000e+00
      2.474    25.2214   5.019043    32.7120       2621    10.9167  0.000e+00
      2.416    25.2284   5.018902    32.7060       2622    10.9208  0.000e+00
      2.344    25.2338   5.019109    32.7036       2623    10.9250  0.000e+00
      2.246    25.2371   5.018902    32.6997       2624    10.9292  0.000e+00
      2.141    25.2393   5.017814    32.6902       2625    10.9333  0.000e+00
      2.026    25.2437   5.017293    32.6833       2626    10.9375  0.000e+00
      1.903    25.2487   5.016846    32.6765       2627    10.9417  0.000e+00
      1.802    25.2528   5.016686    32.6724       2628    10.9458  0.000e+00
      1.767    25.2565   5.016292    32.6669       2629    10.9500  0.000e+00
      1.771    25.2581   5.016686    32.6686       2630    10.9542  0.000e+00
      1.816    25.2592   5.016599    32.6672       2631    10.9583  0.000e+00
      1.865    25.2596   5.016572    32.6666       2632    10.9625  0.000e+00
      1.881    25.2595   5.016539    32.6665       2633    10.9667  0.000e+00
      1.886    25.2594   5.016512    32.6664       2634    10.9708  0.000e+00
      1.879    25.2592   5.015931    32.6623       2635    10.9750  0.000e+00
      1.856    25.2598   5.015878    32.6614       2636    10.9792  0.000e+00
      1.776    25.2601   5.015985    32.6621       2637    10.9833  0.000e+00
      1.688    25.2602   5.015991    32.6621       2638    10.9875  0.000e+00
      1.639    25.2593   5.015624    32.6600       2639    10.9917  0.000e+00
      1.666    25.2585   5.015671    32.6609       2640    10.9958  0.000e+00
      1.707    25.2582   5.015818    32.6622       2641    11.0000  0.000e+00
      1.722    25.2576   5.015931    32.6634       2642    11.0042  0.000e+00
      1.744    25.2574   5.015738    32.6622       2643    11.0083  0.000e+00
      1.767    25.2575   5.015511    32.6604       2644    11.0125  0.000e+00
      1.729    25.2583   5.015384    32.6590       2645    11.0167  0.000e+00
      1.639    25.2596   5.015097    32.6559       2646    11.0208  0.000e+00
      1.552    25.2608   5.015037    32.6547       2647    11.0250  0.000e+00
      1.516    25.2608   5.015097    32.6551       2648    11.0292  0.000e+00
      1.469    25.2602   5.014957    32.6546       2649    11.0333  0.000e+00
      1.420    25.2610   5.015090    32.6549       2650    11.0375  0.000e+00
      1.388    25.2617   5.015291    32.6559       2651    11.0417  0.000e+00
      1.348    25.2619   5.015384    32.6565       2652    11.0458  0.000e+00
      1.301    25.2622   5.014069    32.6467       2653    11.0500  0.000e+00
      1.239    25.2630   5.014710    32.6508       2654    11.0542  0.000e+00
      1.189    25.2638   5.015584    32.6566       2655    11.0583  0.000e+00
      1.133    25.2639   5.016265    32.6615       2656    11.0625  0.000e+00
      1.082    25.2639   5.015324    32.6547       2657    11.0667  0.000e+00
      1.010    25.2644   5.015844    32.6582       2658    11.0708  0.000e+00
      0.903    25.2648   5.015123    32.6526       2659    11.0750  0.000e+00
      0.782    25.2653   5.015377    32.6541       2660    11.0792  0.000e+00
      0.708    25.2660   5.015237    32.6526       2661    11.0833  0.000e+00
      0.675    25.2662   5.015237    32.6525       2662    11.0875  0.000e+00
      0.616    25.2662   5.015877    32.6572       2663    11.0917  0.000e+00
      0.536    25.2659   5.015090    32.6517       2664    11.0958  0.000e+00
      0.408    25.2662   5.013095    32.6369       2665    11.1000  0.000e+00
      0.287    25.2689   5.012568    32.6312       2666    11.1042  0.000e+00
      0.213    25.2700   5.012928    32.6331       2667    11.1083  0.000e+00
      0.207    25.2702   5.012708    32.6313       2668    11.1125  0.000e+00
      0.171    25.2708   5.012521    32.6296       2669    11.1167  0.000e+00
      0.005    25.2701   3.049541    18.7963       2670    11.1208  0.000e+00
     -0.046    25.2641   0.721732     3.9425       2671    11.1250  0.000e+00
     -0.040    25.2474   0.447875     2.3708       2672    11.1292  0.000e+00
     -0.046    25.2177   0.317582     1.6477       2673    11.1333  0.000e+00
     -0.044    25.1818   0.270258     1.3906       2674    11.1375  0.000e+00
     -0.046    25.1596   0.211826     1.0764       2675    11.1417  0.000e+00
     -0.044    25.1487   0.110038     0.5429       2676    11.1458  0.000e+00
