HB2304/sbe048.cnv
* Sea-Bird SBE 19plus V2 Data File:
* FileName = C:\cruise\data\sbe048.hex
* Software Version Seasave V 7.26.7.121
* Temperature SN = 7037
* Conductivity SN = 7037
* System UpLoad Time = Oct 07 2023 22:12:38
** Ship: Bigelow
** Cruise:  HB2304
** Program:  Fall Bottom Trawl
# nquan = 7
# nvalues = 1122                                  
# units = specified
# name 0 = depSM: Depth [salt water, m], lat = 40.00
# name 1 = tv290C: Temperature [ITS-90, deg C]
# name 2 = c0S/m: Conductivity [S/m]
# name 3 = sal00: Salinity, Practical [PSU]
# name 4 = scan: Scan Count
# name 5 = timeM: Time, Elapsed [minutes]
# name 6 = flag:  0.000e+00
# span 0 =     -0.169,     19.991                 
# span 1 =    15.6586,    18.8595                 
# span 2 =  -0.092729,   4.239528                 
# span 3 =     0.0000,    31.6689                 
# span 4 =         11,       1132                 
# span 5 =     0.0417,     4.7125                 
# span 6 = 0.0000e+00, 0.0000e+00                 
# interval = seconds: 0.25
# start_time = Oct 07 2023 22:12:38 [System UTC, header]
# bad_flag = -9.990e-29
*END*
[from data line 1026]
      1.578    18.8158   4.235705    31.3646       1037     4.3167  0.000e+00
      1.610    18.8149   4.235636    31.3647       1038     4.3208  0.000e+00
      1.634    18.8142   4.235512    31.3642       1039     4.3250  0.000e+00
      1.646    18.8134   4.235661    31.3661       1040     4.3292  0.000e+00
      1.663    18.8132   4.235761    31.3670       1041     4.3333  0.000e+00
      1.664    18.8138   4.235761    31.3665       1042     4.3375  0.000e+00
      1.630    18.8140   4.235810    31.3668       1043     4.3417  0.000e+00
      1.603    18.8144   4.235885    31.3671       1044     4.3458  0.000e+00
      1.621    18.8151   4.235810    31.3660       1045     4.3500  0.000e+00
      1.672    18.8152   4.235835    31.3661       1046     4.3542  0.000e+00
      1.726    18.8151   4.235761    31.3655       1047     4.3583  0.000e+00
      1.787    18.8151   4.235729    31.3653       1048     4.3625  0.000e+00
      1.847    18.8147   4.235736    31.3656       1049     4.3667  0.000e+00
      1.890    18.8148   4.236003    31.3677       1050     4.3708  0.000e+00
      1.930    18.8157   4.236195    31.3687       1051     4.3750  0.000e+00
      1.970    18.8172   4.236189    31.3675       1052     4.3792  0.000e+00
      2.015    18.8183   4.236270    31.3672       1053     4.3833  0.000e+00
      2.075    18.8193   4.236369    31.3673       1054     4.3875  0.000e+00
      2.124    18.8203   4.236469    31.3674       1055     4.3917  0.000e+00
      2.149    18.8215   4.236494    31.3666       1056     4.3958  0.000e+00
      2.136    18.8223   4.236562    31.3666       1057     4.4000  0.000e+00
      2.075    18.8232   4.236587    31.3662       1058     4.4042  0.000e+00
      1.968    18.8237   4.236661    31.3664       1059     4.4083  0.000e+00
      1.813    18.8244   4.237413    31.3722       1060     4.4125  0.000e+00
      1.650    18.8276   4.237953    31.3743       1061     4.4167  0.000e+00
      1.495    18.8329   4.238152    31.3719       1062     4.4208  0.000e+00
      1.384    18.8385   4.238637    31.3717       1063     4.4250  0.000e+00
      1.314    18.8435   4.238581    31.3675       1064     4.4292  0.000e+00
      1.271    18.8472   4.239152    31.3694       1065     4.4333  0.000e+00
      1.244    18.8514   4.239152    31.3662       1066     4.4375  0.000e+00
      1.245    18.8548   4.239177    31.3639       1067     4.4417  0.000e+00
      1.276    18.8568   4.239270    31.3631       1068     4.4458  0.000e+00
      1.319    18.8585   4.239345    31.3625       1069     4.4500  0.000e+00
      1.357    18.8595   4.238344    31.3534       1070     4.4542  0.000e+00
      1.365    18.8570   4.237369    31.3473       1071     4.4583  0.000e+00
      1.330    18.8500   4.237257    31.3516       1072     4.4625  0.000e+00
      1.240    18.8438   4.236611    31.3510       1073     4.4667  0.000e+00
      1.126    18.8375   4.236853    31.3578       1074     4.4708  0.000e+00
      1.020    18.8343   4.236735    31.3593       1075     4.4750  0.000e+00
      0.935    18.8326   4.236623    31.3597       1076     4.4792  0.000e+00
      0.908    18.8302   4.236561    31.3610       1077     4.4833  0.000e+00
      0.940    18.8285   4.236661    31.3631       1078     4.4875  0.000e+00
      0.996    18.8281   4.237369    31.3693       1079     4.4917  0.000e+00
      1.076    18.8306   4.238456    31.3763       1080     4.4958  0.000e+00
      1.166    18.8372   4.238978    31.3756       1081     4.5000  0.000e+00
      1.237    18.8445   4.239103    31.3711       1082     4.5042  0.000e+00
      1.302    18.8499   4.239127    31.3671       1083     4.5083  0.000e+00
      1.336    18.8535   4.239065    31.3639       1084     4.5125  0.000e+00
      1.338    18.8553   4.238929    31.3614       1085     4.5167  0.000e+00
      1.321    18.8559   4.238711    31.3592       1086     4.5208  0.000e+00
      1.278    18.8552   4.238636    31.3591       1087     4.5250  0.000e+00
      1.224    18.8543   4.237922    31.3539       1088     4.5292  0.000e+00
      1.146    18.8509   4.237220    31.3507       1089     4.5333  0.000e+00
      1.077    18.8452   4.237270    31.3555       1090     4.5375  0.000e+00
      1.034    18.8413   4.236512    31.3522       1091     4.5417  0.000e+00
      1.029    18.8361   4.237133    31.3612       1092     4.5458  0.000e+00
      1.052    18.8343   4.237394    31.3648       1093     4.5500  0.000e+00
      1.101    18.8350   4.237493    31.3650       1094     4.5542  0.000e+00
      1.162    18.8363   4.237661    31.3654       1095     4.5583  0.000e+00
      1.208    18.8377   4.237767    31.3652       1096     4.5625  0.000e+00
      1.253    18.8393   4.238003    31.3659       1097     4.5667  0.000e+00
      1.284    18.8412   4.237493    31.3603       1098     4.5708  0.000e+00
      1.293    18.8415   4.236928    31.3554       1099     4.5750  0.000e+00
      1.267    18.8383   4.236537    31.3546       1100     4.5792  0.000e+00
      1.215    18.8347   4.237835    31.3680       1101     4.5833  0.000e+00
      1.154    18.8362   4.237319    31.3627       1102     4.5875  0.000e+00
      1.098    18.8369   4.236723    31.3572       1103     4.5917  0.000e+00
      1.092    18.8350   4.237419    31.3644       1104     4.5958  0.000e+00
      1.152    18.8357   4.237468    31.3643       1105     4.6000  0.000e+00
      1.239    18.8365   4.236586    31.3563       1106     4.6042  0.000e+00
      1.336    18.8344   4.235984    31.3529       1107     4.6083  0.000e+00
      1.421    18.8295   4.235878    31.3557       1108     4.6125  0.000e+00
      1.432    18.8253   4.236611    31.3650       1109     4.6167  0.000e+00
      1.372    18.8256   4.237835    31.3749       1110     4.6208  0.000e+00
      1.226    18.8307   4.237692    31.3699       1111     4.6250  0.000e+00
      1.040    18.8349   4.236760    31.3591       1112     4.6292  0.000e+00
      0.874    18.8340   4.235760    31.3515       1113     4.6333  0.000e+00
      0.814    18.8287   4.233810    31.3395       1114     4.6375  0.000e+00
      0.885    18.8153   4.232499    31.3387       1115     4.6417  0.000e+00
      0.969    18.8012   4.230618    31.3338       1116     4.6458  0.000e+00
      1.029    18.7843   4.229668    31.3388       1117     4.6500  0.000e+00
      1.047    18.7683   4.231370    31.3650       1118     4.6542  0.000e+00
      0.989    18.7639   4.233519    31.3861       1119     4.6583  0.000e+00
      0.854    18.7708   4.232345    31.3712       1120     4.6625  0.000e+00
      0.601    18.7716   4.236127    31.4020       1121     4.6667  0.000e+00
      0.238    18.7860   4.235294    31.3843       1122     4.6708  0.000e+00
     -0.134    18.7978   1.669621    11.2819       1123     4.6750  0.000e+00
     -0.153    18.7968   0.648177     4.0693       1124     4.6792  0.000e+00
     -0.158    18.7691   0.378422     2.2949       1125     4.6833  0.000e+00
     -0.162    18.7167   0.302436     1.8119       1126     4.6875  0.000e+00
     -0.162    18.6629   0.257808     1.5325       1127     4.6917  0.000e+00
     -0.160    18.6345   0.219650     1.2952       1128     4.6958  0.000e+00
     -0.162    18.6225   0.199158     1.1687       1129     4.7000  0.000e+00
     -0.163    18.6207   0.201309     1.1820       1130     4.7042  0.000e+00
     -0.169    18.6255   0.267604     1.5955       1131     4.7083  0.000e+00
     -0.152    18.6317   0.291049     1.7433       1132     4.7125  0.000e+00
