HB2304/sbe061.cnv
* Sea-Bird SBE 19plus V2 Data File:
* FileName = C:\cruise\data\sbe061.hex
* Software Version Seasave V 7.26.7.121
* Temperature SN = 7037
* Conductivity SN = 7037
* System UpLoad Time = Oct 12 2023 00:53:38
** Ship: Bigelow
** Cruise:  HB2304
** Program:  Fall Bottom Trawl
# nquan = 7
# nvalues = 2851                                  
# units = specified
# name 0 = depSM: Depth [salt water, m], lat = 40.00
# name 1 = tv290C: Temperature [ITS-90, deg C]
# name 2 = c0S/m: Conductivity [S/m]
# name 3 = sal00: Salinity, Practical [PSU]
# name 4 = scan: Scan Count
# name 5 = timeM: Time, Elapsed [minutes]
# name 6 = flag:  0.000e+00
# span 0 =     -0.100,    124.340                 
# span 1 =    11.0244,    17.2993                 
# span 2 =  -0.000028,   4.174067                 
# span 3 =     0.0000,    35.3098                 
# span 4 =         11,       2861                 
# span 5 =     0.0417,    11.9167                 
# span 6 = 0.0000e+00, 0.0000e+00                 
# interval = seconds: 0.25
# start_time = Oct 12 2023 00:53:38 [System UTC, header]
# bad_flag = -9.990e-29
*END*
[from data line 206]
     12.470    16.1816   4.071188    32.0172        217     0.9000  0.000e+00
     12.635    16.1800   4.070705    32.0141        218     0.9042  0.000e+00
     12.803    16.1776   4.069844    32.0085        219     0.9083  0.000e+00
     12.980    16.1734   4.069129    32.0055        220     0.9125  0.000e+00
     13.162    16.1689   4.068787    32.0061        221     0.9167  0.000e+00
     13.343    16.1635   4.068812    32.0106        222     0.9208  0.000e+00
     13.520    16.1568   4.068958    32.0172        223     0.9250  0.000e+00
     13.699    16.1513   4.069105    32.0228        224     0.9292  0.000e+00
     13.863    16.1487   4.069301    32.0266        225     0.9333  0.000e+00
     14.021    16.1473   4.069472    32.0292        226     0.9375  0.000e+00
     14.160    16.1471   4.069906    32.0331        227     0.9417  0.000e+00
     14.294    16.1479   4.070004    32.0333        228     0.9458  0.000e+00
     14.416    16.1487   4.069496    32.0281        229     0.9500  0.000e+00
     14.532    16.1485   4.068910    32.0231        230     0.9542  0.000e+00
     14.646    16.1487   4.068403    32.0184        231     0.9583  0.000e+00
     14.767    16.1486   4.068311    32.0177        232     0.9625  0.000e+00
     14.883    16.1487   4.068012    32.0149        233     0.9667  0.000e+00
     15.009    16.1487   4.067193    32.0077        234     0.9708  0.000e+00
     15.141    16.1481   4.067151    32.0077        235     0.9750  0.000e+00
     15.280    16.1439   4.067194    32.0114        236     0.9792  0.000e+00
     15.425    16.1433   4.068697    32.0251        237     0.9833  0.000e+00
     15.575    16.1409   4.057230    31.9263        238     0.9875  0.000e+00
     15.730    16.1188   4.039762    31.7907        239     0.9917  0.000e+00
     15.897    16.0487   4.039020    31.8403        240     0.9958  0.000e+00
     16.063    15.9845   4.038729    31.8892        241     1.0000  0.000e+00
     16.236    15.9412   4.038516    31.9221        242     1.0042  0.000e+00
     16.410    15.9134   4.038297    31.9425        243     1.0083  0.000e+00
     16.578    15.8956   4.038085    31.9549        244     1.0125  0.000e+00
     16.748    15.8838   4.037987    31.9635        245     1.0167  0.000e+00
     16.905    15.8759   4.037847    31.9685        246     1.0208  0.000e+00
     17.053    15.8708   4.037750    31.9718        247     1.0250  0.000e+00
     17.198    15.8669   4.037440    31.9721        248     1.0292  0.000e+00
     17.331    15.8633   4.036934    31.9705        249     1.0333  0.000e+00
     17.469    15.8591   4.036539    31.9704        250     1.0375  0.000e+00
     17.595    15.8544   4.036283    31.9718        251     1.0417  0.000e+00
     17.727    15.8505   4.036356    31.9756        252     1.0458  0.000e+00
     17.866    15.8480   4.036167    31.9759        253     1.0500  0.000e+00
     17.995    15.8461   4.036009    31.9760        254     1.0542  0.000e+00
     18.134    15.8437   4.035924    31.9771        255     1.0583  0.000e+00
     18.273    15.8423   4.035467    31.9742        256     1.0625  0.000e+00
     18.414    15.8397   4.035133    31.9732        257     1.0667  0.000e+00
     18.551    15.8366   4.034950    31.9741        258     1.0708  0.000e+00
     18.694    15.8335   4.034871    31.9758        259     1.0750  0.000e+00
     18.842    15.8313   4.034749    31.9765        260     1.0792  0.000e+00
     18.985    15.8293   4.034488    31.9757        261     1.0833  0.000e+00
     19.133    15.8271   4.034122    31.9743        262     1.0875  0.000e+00
     19.285    15.8245   4.033982    31.9751        263     1.0917  0.000e+00
     19.437    15.8221   4.033696    31.9744        264     1.0958  0.000e+00
     19.594    15.8196   4.033453    31.9742        265     1.1000  0.000e+00
     19.748    15.8169   4.032978    31.9722        266     1.1042  0.000e+00
     19.907    15.8135   4.032400    31.9697        267     1.1083  0.000e+00
     20.064    15.8094   4.031871    31.9683        268     1.1125  0.000e+00
     20.225    15.8047   4.031487    31.9687        269     1.1167  0.000e+00
     20.396    15.7997   4.031092    31.9692        270     1.1208  0.000e+00
     20.572    15.7950   4.030410    31.9668        271     1.1250  0.000e+00
     20.747    15.7896   4.030124    31.9686        272     1.1292  0.000e+00
     20.926    15.7844   4.029668    31.9687        273     1.1333  0.000e+00
     21.105    15.7798   4.029236    31.9685        274     1.1375  0.000e+00
     21.284    15.7745   4.028616    31.9673        275     1.1417  0.000e+00
     21.459    15.7685   4.027874    31.9655        276     1.1458  0.000e+00
     21.633    15.7610   4.027418    31.9675        277     1.1500  0.000e+00
     21.808    15.7537   4.027132    31.9708        278     1.1542  0.000e+00
     21.967    15.7473   4.026870    31.9735        279     1.1583  0.000e+00
     22.120    15.7421   4.026651    31.9758        280     1.1625  0.000e+00
     22.269    15.7375   4.026153    31.9750        281     1.1667  0.000e+00
     22.406    15.7330   4.025672    31.9744        282     1.1708  0.000e+00
     22.536    15.7278   4.025216    31.9745        283     1.1750  0.000e+00
     22.666    15.7224   4.024718    31.9744        284     1.1792  0.000e+00
     22.800    15.7167   4.024049    31.9730        285     1.1833  0.000e+00
     22.930    15.7103   4.023520    31.9735        286     1.1875  0.000e+00
     23.060    15.7031   4.023185    31.9763        287     1.1917  0.000e+00
     23.196    15.6964   4.023088    31.9808        288     1.1958  0.000e+00
     23.337    15.6913   4.023021    31.9843        289     1.2000  0.000e+00
     23.487    15.6877   4.022924    31.9863        290     1.2042  0.000e+00
     23.642    15.6848   4.022924    31.9886        291     1.2083  0.000e+00
     23.803    15.6827   4.022851    31.9896        292     1.2125  0.000e+00
     23.960    15.6809   4.022566    31.9885        293     1.2167  0.000e+00
     24.132    15.6781   4.022353    31.9888        294     1.2208  0.000e+00
     24.305    15.6753   4.022110    31.9888        295     1.2250  0.000e+00
     24.472    15.6721   4.021751    31.9882        296     1.2292  0.000e+00
     24.647    15.6683   4.021301    31.9872        297     1.2333  0.000e+00
     24.822    15.6645   4.020821    31.9859        298     1.2375  0.000e+00
     24.996    15.6594   4.019940    31.9822        299     1.2417  0.000e+00
     25.166    15.6531   4.018767    31.9768        300     1.2458  0.000e+00
     25.336    15.6420   4.017722    31.9765        301     1.2500  0.000e+00
     25.505    15.6254   4.016117    31.9757        302     1.2542  0.000e+00
     25.673    15.6055   4.014738    31.9795        303     1.2583  0.000e+00
     25.840    15.5804   4.013214    31.9862        304     1.2625  0.000e+00
     26.008    15.5530   4.011878    31.9965        305     1.2667  0.000e+00
     26.176    15.5280   4.009661    31.9971        306     1.2708  0.000e+00
     26.344    15.5020   4.006905    31.9936        307     1.2750  0.000e+00
     26.503    15.4717   4.005297    32.0038        308     1.2792  0.000e+00
     26.666    15.4425   4.003149    32.0084        309     1.2833  0.000e+00
     26.821    15.4151   4.002106    32.0213        310     1.2875  0.000e+00
     26.975    15.3909   3.997520    32.0000        311     1.2917  0.000e+00
     27.125    15.3623   3.995604    32.0062        312     1.2958  0.000e+00
     27.269    15.3320   3.995125    32.0265        313     1.3000  0.000e+00
     27.416    15.3075   3.994040    32.0367        314     1.3042  0.000e+00
     27.555    15.2878   3.991658    32.0315        315     1.3083  0.000e+00
     27.692    15.2671   3.988525    32.0203        316     1.3125  0.000e+00
     27.835    15.2418   3.982734    31.9890        317     1.3167  0.000e+00
     27.976    15.2065   3.976196    31.9592        318     1.3208  0.000e+00
     28.117    15.1578   3.974642    31.9850        319     1.3250  0.000e+00
     28.272    15.1125   3.970287    31.9828        320     1.3292  0.000e+00
     28.433    15.0688   3.968570    32.0030        321     1.3333  0.000e+00
     28.601    15.0289   3.965892    32.0115        322     1.3375  0.000e+00
     28.782    14.9929   3.965681    32.0391        323     1.3417  0.000e+00
     28.966    14.9637   3.965046    32.0573        324     1.3458  0.000e+00
     29.161    14.9420   3.964769    32.0725        325     1.3500  0.000e+00
     29.366    14.9249   3.964455    32.0836        326     1.3542  0.000e+00
     29.561    14.9122   3.964249    32.0921        327     1.3583  0.000e+00
     29.769    14.9028   3.964274    32.1000        328     1.3625  0.000e+00
     29.973    14.8966   3.962255    32.0868        329     1.3667  0.000e+00
     30.179    14.8871   3.961409    32.0869        330     1.3708  0.000e+00
     30.381    14.8754   3.960588    32.0891        331     1.3750  0.000e+00
     30.584    14.8641   3.958806    32.0822        332     1.3792  0.000e+00
     30.774    14.8504   3.957356    32.0803        333     1.3833  0.000e+00
     30.954    14.8354   3.956257    32.0827        334     1.3875  0.000e+00
     31.128    14.8196   3.954500    32.0797        335     1.3917  0.000e+00
     31.283    14.8037   3.952460    32.0742        336     1.3958  0.000e+00
     31.440    14.7864   3.949635    32.0629        337     1.4000  0.000e+00
     31.580    14.7661   3.948887    32.0728        338     1.4042  0.000e+00
     31.715    14.7458   3.947439    32.0763        339     1.4083  0.000e+00
     31.842    14.7271   3.946595    32.0840        340     1.4125  0.000e+00
     31.966    14.7110   3.946945    32.1005        341     1.4167  0.000e+00
     32.082    14.7004   3.945847    32.0992        342     1.4208  0.000e+00
     32.198    14.6903   3.945522    32.1046        343     1.4250  0.000e+00
     32.315    14.6812   3.945099    32.1082        344     1.4292  0.000e+00
     32.433    14.6725   3.944472    32.1096        345     1.4333  0.000e+00
     32.556    14.6640   3.943887    32.1113        346     1.4375  0.000e+00
     32.673    14.6561   3.943562    32.1149        347     1.4417  0.000e+00
     32.803    14.6497   3.943399    32.1186        348     1.4458  0.000e+00
     32.942    14.6445   3.943327    32.1222        349     1.4500  0.000e+00
     33.085    14.6405   3.943098    32.1234        350     1.4542  0.000e+00
     33.239    14.6377   3.942977    32.1246        351     1.4583  0.000e+00
     33.398    14.6352   3.943140    32.1280        352     1.4625  0.000e+00
     33.566    14.6339   3.943424    32.1316        353     1.4667  0.000e+00
     33.741    14.6341   3.943309    32.1303        354     1.4708  0.000e+00
     33.933    14.6341   3.943587    32.1327        355     1.4750  0.000e+00
     34.132    14.6348   3.943164    32.1283        356     1.4792  0.000e+00
     34.336    14.6342   3.943587    32.1325        357     1.4833  0.000e+00
     34.540    14.6340   3.943309    32.1301        358     1.4875  0.000e+00
     34.753    14.6334   3.943122    32.1288        359     1.4917  0.000e+00
     34.963    14.6320   3.942911    32.1280        360     1.4958  0.000e+00
     35.171    14.6299   3.942936    32.1298        361     1.5000  0.000e+00
     35.379    14.6281   3.942863    32.1306        362     1.5042  0.000e+00
     35.576    14.6263   3.942466    32.1284        363     1.5083  0.000e+00
     35.767    14.6240   3.942399    32.1296        364     1.5125  0.000e+00
     35.948    14.6214   3.942025    32.1283        365     1.5167  0.000e+00
     36.116    14.6183   3.941465    32.1257        366     1.5208  0.000e+00
     36.281    14.6142   3.940928    32.1242        367     1.5250  0.000e+00
     36.434    14.6092   3.940627    32.1255        368     1.5292  0.000e+00
     36.582    14.6041   3.939879    32.1229        369     1.5333  0.000e+00
     36.722    14.5984   3.938855    32.1182        370     1.5375  0.000e+00
     36.870    14.5914   3.937691    32.1134        371     1.5417  0.000e+00
     37.013    14.5827   3.935943    32.1046        372     1.5458  0.000e+00
     37.157    14.5716   3.934546    32.1010        373     1.5500  0.000e+00
     37.304    14.5589   3.934341    32.1096        374     1.5542  0.000e+00
     37.452    14.5485   3.933968    32.1148        375     1.5583  0.000e+00
     37.602    14.5400   3.933130    32.1141        376     1.5625  0.000e+00
     37.755    14.5324   3.932805    32.1175        377     1.5667  0.000e+00
     37.909    14.5253   3.932805    32.1232        378     1.5708  0.000e+00
     38.074    14.5202   3.932594    32.1255        379     1.5750  0.000e+00
     38.238    14.5164   3.932269    32.1256        380     1.5792  0.000e+00
     38.401    14.5126   3.931709    32.1236        381     1.5833  0.000e+00
     38.565    14.5081   3.931155    32.1222        382     1.5875  0.000e+00
     38.737    14.5023   3.931318    32.1284        383     1.5917  0.000e+00
     38.903    14.4969   3.931318    32.1329        384     1.5958  0.000e+00
     39.077    14.4908   3.931571    32.1401        385     1.6000  0.000e+00
     39.241    14.4857   3.931571    32.1443        386     1.6042  0.000e+00
     39.414    14.4814   3.931668    32.1486        387     1.6083  0.000e+00
     39.588    14.4774   3.931993    32.1549        388     1.6125  0.000e+00
     39.758    14.4743   3.932337    32.1605        389     1.6167  0.000e+00
     39.935    14.4718   3.932523    32.1642        390     1.6208  0.000e+00
     40.118    14.4699   3.932686    32.1672        391     1.6250  0.000e+00
     40.302    14.4685   3.932783    32.1692        392     1.6292  0.000e+00
     40.488    14.4674   3.932945    32.1715        393     1.6333  0.000e+00
     40.671    14.4674   3.932897    32.1710        394     1.6375  0.000e+00
     40.857    14.4674   3.932849    32.1705        395     1.6417  0.000e+00
     41.041    14.4668   3.932807    32.1705        396     1.6458  0.000e+00
     41.216    14.4662   3.932620    32.1693        397     1.6500  0.000e+00
     41.392    14.4644   3.932458    32.1692        398     1.6542  0.000e+00
     41.556    14.4623   3.932458    32.1709        399     1.6583  0.000e+00
     41.714    14.4602   3.932157    32.1699        400     1.6625  0.000e+00
     41.871    14.4578   3.931898    32.1694        401     1.6667  0.000e+00
     42.015    14.4547   3.931645    32.1696        402     1.6708  0.000e+00
     42.164    14.4515   3.931573    32.1716        403     1.6750  0.000e+00
     42.301    14.4485   3.931109    32.1697        404     1.6792  0.000e+00
     42.440    14.4459   3.930645    32.1676        405     1.6833  0.000e+00
     42.579    14.4424   3.929784    32.1627        406     1.6875  0.000e+00
     42.722    14.4373   3.928947    32.1592        407     1.6917  0.000e+00
     42.867    14.4308   3.928369    32.1592        408     1.6958  0.000e+00
     43.015    14.4241   3.927881    32.1603        409     1.7000  0.000e+00
     43.167    14.4184   3.927207    32.1588        410     1.7042  0.000e+00
     43.324    14.4122   3.927111    32.1630        411     1.7083  0.000e+00
     43.487    14.4069   3.926720    32.1638        412     1.7125  0.000e+00
     43.653    14.4027   3.926485    32.1651        413     1.7167  0.000e+00
     43.821    14.3986   3.926022    32.1642        414     1.7208  0.000e+00
     44.000    14.3943   3.924866    32.1572        415     1.7250  0.000e+00
     44.177    14.3885   3.924095    32.1549        416     1.7292  0.000e+00
     44.363    14.3810   3.923957    32.1597        417     1.7333  0.000e+00
     44.548    14.3747   3.922802    32.1543        418     1.7375  0.000e+00
     44.732    14.3676   3.922615    32.1585        419     1.7417  0.000e+00
     44.911    14.3598   3.921388    32.1537        420     1.7458  0.000e+00
