HB2304/sbe018.cnv
* Sea-Bird SBE 19plus V2 Data File:
* FileName = C:\cruise\data\sbe018.hex
* Software Version Seasave V 7.26.7.121
* Temperature SN = 7037
* Conductivity SN = 7037
* System UpLoad Time = Sep 16 2023 21:49:55
** Ship: Bigelow
** Cruise:  HB2304
** Program:  Fall Bottom Trawl
# nquan = 7
# nvalues = 1760                                  
# units = specified
# name 0 = depSM: Depth [salt water, m], lat = 40.00
# name 1 = tv290C: Temperature [ITS-90, deg C]
# name 2 = c0S/m: Conductivity [S/m]
# name 3 = sal00: Salinity, Practical [PSU]
# name 4 = scan: Scan Count
# name 5 = timeM: Time, Elapsed [minutes]
# name 6 = flag:  0.000e+00
# span 0 =     -0.062,     24.475                 
# span 1 =    20.0785,    24.2200                 
# span 2 =  -0.000007,   4.795622                 
# span 3 =     0.0000,    32.3458                 
# span 4 =         11,       1770                 
# span 5 =     0.0417,     7.3708                 
# span 6 = 0.0000e+00, 0.0000e+00                 
# interval = seconds: 0.25
# start_time = Sep 16 2023 21:49:55 [System UTC, header]
# bad_flag = -9.990e-29
*END*
[from data line 1026]
     13.811    23.9029   4.787735    31.9470       1037     4.3167  0.000e+00
     13.748    23.9029   4.787761    31.9472       1038     4.3208  0.000e+00
     13.677    23.9030   4.787761    31.9472       1039     4.3250  0.000e+00
     13.605    23.9028   4.787676    31.9467       1040     4.3292  0.000e+00
     13.527    23.9030   4.787734    31.9470       1041     4.3333  0.000e+00
     13.453    23.9031   4.787571    31.9457       1042     4.3375  0.000e+00
     13.383    23.9027   4.787761    31.9475       1043     4.3417  0.000e+00
     13.314    23.9029   4.787675    31.9467       1044     4.3458  0.000e+00
     13.236    23.9028   4.787708    31.9470       1045     4.3500  0.000e+00
     13.171    23.9030   4.787512    31.9455       1046     4.3542  0.000e+00
     13.106    23.9027   4.787708    31.9472       1047     4.3583  0.000e+00
     13.048    23.9031   4.788140    31.9501       1048     4.3625  0.000e+00
     12.987    23.9048   4.788114    31.9487       1049     4.3667  0.000e+00
     12.922    23.9064   4.788061    31.9472       1050     4.3708  0.000e+00
     12.864    23.9067   4.788140    31.9476       1051     4.3750  0.000e+00
     12.810    23.9076   4.788735    31.9514       1052     4.3792  0.000e+00
     12.754    23.9107   4.788715    31.9491       1053     4.3833  0.000e+00
     12.707    23.9131   4.788656    31.9469       1054     4.3875  0.000e+00
     12.660    23.9146   4.788852    31.9473       1055     4.3917  0.000e+00
     12.620    23.9158   4.788578    31.9444       1056     4.3958  0.000e+00
     12.591    23.9163   4.788525    31.9437       1057     4.4000  0.000e+00
     12.564    23.9157   4.788388    31.9431       1058     4.4042  0.000e+00
     12.546    23.9172   4.789179    31.9479       1059     4.4083  0.000e+00
     12.531    23.9196   4.788767    31.9431       1060     4.4125  0.000e+00
     12.522    23.9196   4.788578    31.9417       1061     4.4167  0.000e+00
     12.519    23.9174   4.788414    31.9421       1062     4.4208  0.000e+00
     12.521    23.9155   4.788329    31.9428       1063     4.4250  0.000e+00
     12.532    23.9136   4.788224    31.9434       1064     4.4292  0.000e+00
     12.539    23.9125   4.788303    31.9448       1065     4.4333  0.000e+00
     12.559    23.9118   4.788388    31.9459       1066     4.4375  0.000e+00
     12.582    23.9119   4.788238    31.9446       1067     4.4417  0.000e+00
     12.600    23.9112   4.788113    31.9442       1068     4.4458  0.000e+00
     12.625    23.9102   4.788139    31.9452       1069     4.4500  0.000e+00
     12.645    23.9094   4.788139    31.9457       1070     4.4542  0.000e+00
     12.672    23.9091   4.788087    31.9455       1071     4.4583  0.000e+00
     12.712    23.9091   4.788087    31.9455       1072     4.4625  0.000e+00
     12.743    23.9089   4.788198    31.9465       1073     4.4667  0.000e+00
     12.766    23.9096   4.788604    31.9490       1074     4.4708  0.000e+00
     12.803    23.9116   4.788140    31.9441       1075     4.4750  0.000e+00
     12.830    23.9116   4.788061    31.9435       1076     4.4792  0.000e+00
     12.868    23.9108   4.788113    31.9445       1077     4.4833  0.000e+00
     12.902    23.9102   4.787734    31.9421       1078     4.4875  0.000e+00
     12.933    23.9097   4.787950    31.9440       1079     4.4917  0.000e+00
     12.976    23.9089   4.787898    31.9442       1080     4.4958  0.000e+00
     13.016    23.9079   4.787871    31.9446       1081     4.5000  0.000e+00
     13.056    23.9074   4.787871    31.9450       1082     4.5042  0.000e+00
     13.103    23.9071   4.787872    31.9452       1083     4.5083  0.000e+00
     13.155    23.9068   4.788035    31.9467       1084     4.5125  0.000e+00
     13.202    23.9073   4.788140    31.9470       1085     4.5167  0.000e+00
     13.258    23.9083   4.788002    31.9453       1086     4.5208  0.000e+00
     13.307    23.9085   4.788035    31.9454       1087     4.5250  0.000e+00
     13.363    23.9087   4.788035    31.9452       1088     4.5292  0.000e+00
     13.415    23.9082   4.787950    31.9450       1089     4.5333  0.000e+00
     13.461    23.9069   4.788035    31.9465       1090     4.5375  0.000e+00
     13.513    23.9061   4.787898    31.9460       1091     4.5417  0.000e+00
     13.553    23.9050   4.787813    31.9462       1092     4.5458  0.000e+00
     13.587    23.9044   4.787787    31.9464       1093     4.5500  0.000e+00
     13.616    23.9040   4.787708    31.9461       1094     4.5542  0.000e+00
     13.636    23.9037   4.787676    31.9460       1095     4.5583  0.000e+00
     13.643    23.9040   4.787839    31.9471       1096     4.5625  0.000e+00
     13.639    23.9051   4.787813    31.9461       1097     4.5667  0.000e+00
     13.632    23.9058   4.787734    31.9449       1098     4.5708  0.000e+00
     13.609    23.9060   4.787767    31.9451       1099     4.5750  0.000e+00
     13.578    23.9061   4.787787    31.9452       1100     4.5792  0.000e+00
     13.533    23.9061   4.787813    31.9454       1101     4.5833  0.000e+00
     13.486    23.9064   4.787924    31.9460       1102     4.5875  0.000e+00
     13.430    23.9066   4.787976    31.9463       1103     4.5917  0.000e+00
     13.377    23.9074   4.787950    31.9455       1104     4.5958  0.000e+00
     13.320    23.9083   4.788061    31.9457       1105     4.6000  0.000e+00
     13.264    23.9087   4.788002    31.9450       1106     4.6042  0.000e+00
     13.202    23.9092   4.787813    31.9432       1107     4.6083  0.000e+00
     13.143    23.9083   4.787839    31.9441       1108     4.6125  0.000e+00
     13.096    23.9074   4.787597    31.9429       1109     4.6167  0.000e+00
     13.045    23.9065   4.787544    31.9432       1110     4.6208  0.000e+00
     13.005    23.9054   4.787675    31.9450       1111     4.6250  0.000e+00
     12.969    23.9056   4.787813    31.9459       1112     4.6292  0.000e+00
     12.937    23.9069   4.787924    31.9458       1113     4.6333  0.000e+00
     12.908    23.9078   4.787898    31.9449       1114     4.6375  0.000e+00
     12.884    23.9086   4.787976    31.9450       1115     4.6417  0.000e+00
     12.853    23.9091   4.787813    31.9434       1116     4.6458  0.000e+00
     12.833    23.9092   4.787786    31.9432       1117     4.6500  0.000e+00
     12.810    23.9089   4.787623    31.9422       1118     4.6542  0.000e+00
     12.792    23.9082   4.787839    31.9443       1119     4.6583  0.000e+00
     12.788    23.9084   4.787649    31.9428       1120     4.6625  0.000e+00
     12.786    23.9079   4.787544    31.9423       1121     4.6667  0.000e+00
     12.781    23.9070   4.787649    31.9437       1122     4.6708  0.000e+00
     12.785    23.9070   4.787675    31.9439       1123     4.6750  0.000e+00
     12.795    23.9073   4.788087    31.9468       1124     4.6792  0.000e+00
     12.817    23.9087   4.788166    31.9464       1125     4.6833  0.000e+00
     12.837    23.9102   4.787839    31.9429       1126     4.6875  0.000e+00
     12.868    23.9102   4.787649    31.9414       1127     4.6917  0.000e+00
     12.897    23.9089   4.787623    31.9421       1128     4.6958  0.000e+00
     12.929    23.9083   4.787786    31.9438       1129     4.7000  0.000e+00
     12.960    23.9081   4.787950    31.9452       1130     4.7042  0.000e+00
     12.994    23.9088   4.788081    31.9456       1131     4.7083  0.000e+00
     13.027    23.9097   4.788166    31.9456       1132     4.7125  0.000e+00
     13.063    23.9108   4.787950    31.9432       1133     4.7167  0.000e+00
     13.096    23.9110   4.787871    31.9424       1134     4.7208  0.000e+00
     13.137    23.9103   4.788061    31.9444       1135     4.7250  0.000e+00
     13.162    23.9108   4.788251    31.9454       1136     4.7292  0.000e+00
     13.199    23.9115   4.788061    31.9434       1137     4.7333  0.000e+00
     13.235    23.9115   4.787839    31.9418       1138     4.7375  0.000e+00
     13.264    23.9103   4.787708    31.9417       1139     4.7417  0.000e+00
     13.300    23.9089   4.787649    31.9422       1140     4.7458  0.000e+00
     13.330    23.9078   4.787623    31.9428       1141     4.7500  0.000e+00
     13.361    23.9072   4.787675    31.9436       1142     4.7542  0.000e+00
     13.394    23.9071   4.787649    31.9435       1143     4.7583  0.000e+00
     13.432    23.9070   4.787734    31.9442       1144     4.7625  0.000e+00
     13.460    23.9069   4.787787    31.9446       1145     4.7667  0.000e+00
     13.484    23.9068   4.787734    31.9443       1146     4.7708  0.000e+00
     13.511    23.9065   4.787636    31.9438       1147     4.7750  0.000e+00
     13.533    23.9057   4.787545    31.9436       1148     4.7792  0.000e+00
     13.540    23.9047   4.787649    31.9452       1149     4.7833  0.000e+00
     13.547    23.9035   4.787623    31.9458       1150     4.7875  0.000e+00
     13.542    23.9029   4.787623    31.9462       1151     4.7917  0.000e+00
     13.531    23.9028   4.787545    31.9457       1152     4.7958  0.000e+00
     13.513    23.9022   4.787486    31.9458       1153     4.8000  0.000e+00
     13.475    23.9019   4.787460    31.9458       1154     4.8042  0.000e+00
     13.439    23.9022   4.787433    31.9454       1155     4.8083  0.000e+00
     13.406    23.9023   4.787597    31.9465       1156     4.8125  0.000e+00
     13.361    23.9024   4.787623    31.9467       1157     4.8167  0.000e+00
     13.310    23.9024   4.787649    31.9469       1158     4.8208  0.000e+00
     13.258    23.9040   4.787623    31.9456       1159     4.8250  0.000e+00
     13.215    23.9055   4.787839    31.9461       1160     4.8292  0.000e+00
     13.171    23.9072   4.787924    31.9455       1161     4.8333  0.000e+00
     13.128    23.9087   4.787872    31.9441       1162     4.8375  0.000e+00
     13.086    23.9096   4.787819    31.9430       1163     4.8417  0.000e+00
     13.045    23.9102   4.787813    31.9426       1164     4.8458  0.000e+00
     13.012    23.9102   4.787786    31.9424       1165     4.8500  0.000e+00
     12.980    23.9103   4.787786    31.9424       1166     4.8542  0.000e+00
     12.949    23.9102   4.787924    31.9435       1167     4.8583  0.000e+00
     12.927    23.9108   4.788035    31.9439       1168     4.8625  0.000e+00
     12.900    23.9113   4.787976    31.9431       1169     4.8667  0.000e+00
     12.879    23.9120   4.788198    31.9442       1170     4.8708  0.000e+00
     12.861    23.9126   4.788002    31.9424       1171     4.8750  0.000e+00
     12.850    23.9127   4.787976    31.9421       1172     4.8792  0.000e+00
     12.833    23.9122   4.787924    31.9421       1173     4.8833  0.000e+00
     12.814    23.9120   4.787897    31.9420       1174     4.8875  0.000e+00
     12.795    23.9117   4.788035    31.9432       1175     4.8917  0.000e+00
     12.776    23.9122   4.787897    31.9419       1176     4.8958  0.000e+00
     12.763    23.9120   4.787839    31.9415       1177     4.9000  0.000e+00
     12.752    23.9115   4.788035    31.9434       1178     4.9042  0.000e+00
     12.747    23.9119   4.788028    31.9430       1179     4.9083  0.000e+00
     12.741    23.9123   4.787734    31.9406       1180     4.9125  0.000e+00
     12.740    23.9114   4.787950    31.9428       1181     4.9167  0.000e+00
     12.732    23.9115   4.788087    31.9438       1182     4.9208  0.000e+00
     12.749    23.9125   4.787897    31.9417       1183     4.9250  0.000e+00
     12.754    23.9123   4.787897    31.9418       1184     4.9292  0.000e+00
     12.767    23.9122   4.787871    31.9417       1185     4.9333  0.000e+00
     12.772    23.9120   4.787675    31.9403       1186     4.9375  0.000e+00
     12.790    23.9110   4.787623    31.9407       1187     4.9417  0.000e+00
     12.812    23.9103   4.787760    31.9422       1188     4.9458  0.000e+00
     12.824    23.9101   4.787839    31.9430       1189     4.9500  0.000e+00
     12.835    23.9106   4.787871    31.9428       1190     4.9542  0.000e+00
     12.841    23.9110   4.787786    31.9419       1191     4.9583  0.000e+00
     12.848    23.9110   4.788035    31.9437       1192     4.9625  0.000e+00
     12.846    23.9117   4.788035    31.9432       1193     4.9667  0.000e+00
     12.842    23.9127   4.788061    31.9427       1194     4.9708  0.000e+00
     12.833    23.9133   4.787845    31.9407       1195     4.9750  0.000e+00
     12.822    23.9129   4.787675    31.9397       1196     4.9792  0.000e+00
     12.803    23.9117   4.787675    31.9405       1197     4.9833  0.000e+00
     12.783    23.9112   4.788087    31.9440       1198     4.9875  0.000e+00
     12.757    23.9125   4.788251    31.9443       1199     4.9917  0.000e+00
     12.727    23.9148   4.788388    31.9437       1200     4.9958  0.000e+00
     12.694    23.9166   4.787924    31.9390       1201     5.0000  0.000e+00
     12.669    23.9160   4.788061    31.9404       1202     5.0042  0.000e+00
     12.633    23.9160   4.788388    31.9428       1203     5.0083  0.000e+00
     12.600    23.9178   4.788656    31.9436       1204     5.0125  0.000e+00
     12.570    23.9202   4.788493    31.9406       1205     5.0167  0.000e+00
     12.539    23.9221   4.788793    31.9415       1206     5.0208  0.000e+00
     12.515    23.9237   4.788820    31.9406       1207     5.0250  0.000e+00
     12.503    23.9252   4.788741    31.9389       1208     5.0292  0.000e+00
     12.498    23.9258   4.788767    31.9387       1209     5.0333  0.000e+00
     12.498    23.9262   4.788525    31.9366       1210     5.0375  0.000e+00
     12.490    23.9250   4.788237    31.9353       1211     5.0417  0.000e+00
     12.498    23.9228   4.789068    31.9431       1212     5.0458  0.000e+00
     12.494    23.9247   4.789120    31.9422       1213     5.0500  0.000e+00
     12.494    23.9274   4.789232    31.9410       1214     5.0542  0.000e+00
     12.497    23.9292   4.789343    31.9406       1215     5.0583  0.000e+00
     12.503    23.9310   4.789506    31.9405       1216     5.0625  0.000e+00
     12.499    23.9327   4.789696    31.9407       1217     5.0667  0.000e+00
     12.485    23.9346   4.789016    31.9343       1218     5.0708  0.000e+00
     12.474    23.9332   4.787897    31.9269       1219     5.0750  0.000e+00
     12.465    23.9259   4.787734    31.9309       1220     5.0792  0.000e+00
     12.447    23.9196   4.787734    31.9354       1221     5.0833  0.000e+00
     12.418    23.9157   4.787786    31.9386       1222     5.0875  0.000e+00
     12.378    23.9141   4.787734    31.9394       1223     5.0917  0.000e+00
     12.348    23.9126   4.787649    31.9399       1224     5.0958  0.000e+00
     12.312    23.9114   4.787760    31.9415       1225     5.1000  0.000e+00
     12.265    23.9112   4.788002    31.9435       1226     5.1042  0.000e+00
     12.210    23.9126   4.788329    31.9450       1227     5.1083  0.000e+00
     12.160    23.9149   4.788414    31.9440       1228     5.1125  0.000e+00
     12.109    23.9170   4.788793    31.9453       1229     5.1167  0.000e+00
     12.064    23.9208   4.789670    31.9492       1230     5.1208  0.000e+00
     12.019    23.9274   4.789473    31.9430       1231     5.1250  0.000e+00
     11.970    23.9316   4.790213    31.9455       1232     5.1292  0.000e+00
     11.927    23.9367   4.790461    31.9437       1233     5.1333  0.000e+00
     11.881    23.9422   4.790540    31.9404       1234     5.1375  0.000e+00
     11.836    23.9463   4.790212    31.9350       1235     5.1417  0.000e+00
     11.780    23.9472   4.789722    31.9307       1236     5.1458  0.000e+00
     11.737    23.9439   4.789283    31.9298       1237     5.1500  0.000e+00
     11.682    23.9397   4.789722    31.9361       1238     5.1542  0.000e+00
     11.626    23.9387   4.790265    31.9409       1239     5.1583  0.000e+00
     11.567    23.9419   4.790513    31.9405       1240     5.1625  0.000e+00
