HB2304/sbe073.cnv
* Sea-Bird SBE 19plus V2 Data File:
* FileName = C:\cruise\data\sbe073.hex
* Software Version Seasave V 7.26.7.121
* Temperature SN = 7037
* Conductivity SN = 7037
* System UpLoad Time = Oct 15 2023 16:14:24
** Ship: Bigelow
** Cruise:  HB2304
** Program:  Fall Bottom Trawl
# nquan = 7
# nvalues = 1313                                  
# units = specified
# name 0 = depSM: Depth [salt water, m], lat = 40.00
# name 1 = tv290C: Temperature [ITS-90, deg C]
# name 2 = c0S/m: Conductivity [S/m]
# name 3 = sal00: Salinity, Practical [PSU]
# name 4 = scan: Scan Count
# name 5 = timeM: Time, Elapsed [minutes]
# name 6 = flag:  0.000e+00
# span 0 =     -0.304,     46.099                 
# span 1 =    13.1076,    15.2024                 
# span 2 =   0.000031,   3.975748                 
# span 3 =     0.0068,    32.0523                 
# span 4 =         11,       1323                 
# span 5 =     0.0417,     5.5083                 
# span 6 = 0.0000e+00, 0.0000e+00                 
# interval = seconds: 0.25
# start_time = Oct 15 2023 16:14:24 [System UTC, header]
# bad_flag = -9.990e-29
*END*
[from data line 1026]
      0.282    15.1662   3.970251    31.9492       1037     4.3167  0.000e+00
      0.262    15.1681   3.970323    31.9483       1038     4.3208  0.000e+00
      0.172    15.1694   3.970275    31.9468       1039     4.3250  0.000e+00
      0.132    15.1703   3.970039    31.9440       1040     4.3292  0.000e+00
      0.029    15.1701   3.969900    31.9430       1041     4.3333  0.000e+00
     -0.090    15.1693   3.969598    31.9409       1042     4.3375  0.000e+00
     -0.285    15.1679   3.860465    30.9657       1043     4.3417  0.000e+00
     -0.234    15.1650   1.792104    13.3258       1044     4.3458  0.000e+00
     -0.081    15.1599   3.100341    24.2913       1045     4.3500  0.000e+00
     -0.088    15.1578   3.934060    31.6318       1046     4.3542  0.000e+00
     -0.232    15.1589   3.776060    30.2204       1047     4.3583  0.000e+00
     -0.292    15.1592   1.619577    11.9389       1048     4.3625  0.000e+00
     -0.294    15.1546   0.917906     6.4636       1049     4.3667  0.000e+00
     -0.227    15.1465   3.729501    29.8159       1050     4.3708  0.000e+00
     -0.198    15.1457   3.966798    31.9351       1051     4.3750  0.000e+00
     -0.131    15.1484   3.320315    26.2101       1052     4.3792  0.000e+00
     -0.059    15.1499   3.916452    31.4805       1053     4.3833  0.000e+00
     -0.055    15.1521   3.867984    31.0453       1054     4.3875  0.000e+00
     -0.100    15.1551   3.968890    31.9462       1055     4.3917  0.000e+00
     -0.059    15.1575   3.969386    31.9487       1056     4.3958  0.000e+00
     -0.126    15.1599   3.969265    31.9457       1057     4.4000  0.000e+00
     -0.256    15.1609   3.968727    31.9401       1058     4.4042  0.000e+00
     -0.254    15.1595   3.644774    29.0548       1059     4.4083  0.000e+00
     -0.288    15.1574   3.437868    27.2330       1060     4.4125  0.000e+00
     -0.299    15.1541   1.435048    10.4719       1061     4.4167  0.000e+00
     -0.299    15.1500   0.908469     6.3929       1062     4.4208  0.000e+00
     -0.232    15.1459   1.479159    10.8235       1063     4.4250  0.000e+00
     -0.060    15.1455   3.692895    29.4916       1064     4.4292  0.000e+00
      0.037    15.1506   2.500123    19.1767       1065     4.4333  0.000e+00
      0.023    15.1564   3.786887    30.3186       1066     4.4375  0.000e+00
     -0.012    15.1602   3.969126    31.9441       1067     4.4417  0.000e+00
      0.046    15.1610   3.968558    31.9383       1068     4.4458  0.000e+00
      0.041    15.1588   3.968866    31.9429       1069     4.4500  0.000e+00
     -0.100    15.1573   3.968769    31.9433       1070     4.4542  0.000e+00
     -0.232    15.1567   3.968346    31.9400       1071     4.4583  0.000e+00
     -0.282    15.1557   3.968443    31.9417       1072     4.4625  0.000e+00
     -0.216    15.1549   3.967747    31.9362       1073     4.4667  0.000e+00
     -0.131    15.1540   2.988753    23.3324       1074     4.4708  0.000e+00
     -0.049    15.1535   3.730196    29.8167       1075     4.4750  0.000e+00
     -0.158    15.1545   3.969102    31.9486       1076     4.4792  0.000e+00
     -0.192    15.1563   3.968279    31.9398       1077     4.4833  0.000e+00
     -0.176    15.1576   3.968582    31.9414       1078     4.4875  0.000e+00
     -0.189    15.1574   3.968981    31.9452       1079     4.4917  0.000e+00
     -0.152    15.1573   3.969193    31.9471       1080     4.4958  0.000e+00
     -0.167    15.1586   3.969549    31.9493       1081     4.5000  0.000e+00
     -0.129    15.1606   3.969477    31.9470       1082     4.5042  0.000e+00
     -0.125    15.1620   3.969525    31.9463       1083     4.5083  0.000e+00
     -0.212    15.1628   3.969029    31.9412       1084     4.5125  0.000e+00
     -0.290    15.1616   2.775802    21.5048       1085     4.5167  0.000e+00
     -0.301    15.1565   0.879124     6.1701       1086     4.5208  0.000e+00
     -0.297    15.1443   0.515157     3.4822       1087     4.5250  0.000e+00
     -0.176    15.1233   2.951307    23.0285       1088     4.5292  0.000e+00
     -0.050    15.1206   3.178016    24.9890       1089     4.5333  0.000e+00
     -0.100    15.1304   3.717322    29.7199       1090     4.5375  0.000e+00
     -0.293    15.1407   3.969005    31.9591       1091     4.5417  0.000e+00
     -0.297    15.1479   3.968914    31.9524       1092     4.5458  0.000e+00
     -0.290    15.1510   3.968515    31.9463       1093     4.5500  0.000e+00
     -0.232    15.1504   3.967832    31.9406       1094     4.5542  0.000e+00
     -0.106    15.1462   3.948448    31.7701       1095     4.5583  0.000e+00
      0.028    15.1453   2.995137    23.3925       1096     4.5625  0.000e+00
      0.106    15.1488   3.851752    30.9028       1097     4.5667  0.000e+00
     -0.071    15.1525   3.950246    31.7811       1098     4.5708  0.000e+00
     -0.286    15.1552   3.967318    31.9321       1099     4.5750  0.000e+00
     -0.295    15.1562   3.437559    27.2312       1100     4.5792  0.000e+00
     -0.297    15.1549   1.072713     7.6451       1101     4.5833  0.000e+00
     -0.299    15.1511   0.603123     4.1200       1102     4.5875  0.000e+00
     -0.304    15.1469   0.505832     3.4148       1103     4.5917  0.000e+00
     -0.297    15.1428   0.727379     5.0361       1104     4.5958  0.000e+00
     -0.295    15.1365   0.599805     4.0973       1105     4.6000  0.000e+00
     -0.275    15.1259   0.495740     3.3439       1106     4.6042  0.000e+00
     -0.051    15.1184   1.801135    13.4148       1107     4.6083  0.000e+00
      0.193    15.1207   3.523406    28.0110       1108     4.6125  0.000e+00
      0.388    15.1298   3.963135    31.9150       1109     4.6167  0.000e+00
      0.350    15.1386   3.968443    31.9555       1110     4.6208  0.000e+00
      0.130    15.1455   3.968515    31.9506       1111     4.6250  0.000e+00
     -0.080    15.1497   3.968128    31.9437       1112     4.6292  0.000e+00
     -0.122    15.1516   3.968231    31.9431       1113     4.6333  0.000e+00
     -0.284    15.1525   3.967923    31.9397       1114     4.6375  0.000e+00
     -0.304    15.1518   2.486116    19.0585       1115     4.6417  0.000e+00
     -0.295    15.1481   0.994448     7.0468       1116     4.6458  0.000e+00
     -0.295    15.1413   0.579202     3.9465       1117     4.6500  0.000e+00
     -0.293    15.1312   0.442642     2.9633       1118     4.6542  0.000e+00
     -0.168    15.1220   1.784429    13.2782       1119     4.6583  0.000e+00
     -0.009    15.1222   3.865663    31.0482       1120     4.6625  0.000e+00
      0.141    15.1291   3.963601    31.9199       1121     4.6667  0.000e+00
      0.350    15.1351   3.966750    31.9432       1122     4.6708  0.000e+00
      0.574    15.1403   3.936899    31.6711       1123     4.6750  0.000e+00
      0.627    15.1451   3.968371    31.9494       1124     4.6792  0.000e+00
      0.451    15.1489   3.968370    31.9464       1125     4.6833  0.000e+00
      0.188    15.1518   3.968394    31.9444       1126     4.6875  0.000e+00
      0.121    15.1533   3.968304    31.9423       1127     4.6917  0.000e+00
      0.041    15.1542   3.968346    31.9420       1128     4.6958  0.000e+00
     -0.096    15.1549   3.968279    31.9409       1129     4.7000  0.000e+00
     -0.163    15.1547   3.967971    31.9383       1130     4.7042  0.000e+00
     -0.121    15.1536   3.967336    31.9335       1131     4.7083  0.000e+00
     -0.127    15.1512   3.967270    31.9348       1132     4.7125  0.000e+00
     -0.183    15.1494   3.967572    31.9390       1133     4.7167  0.000e+00
     -0.183    15.1483   3.967385    31.9382       1134     4.7208  0.000e+00
     -0.129    15.1473   3.967276    31.9381       1135     4.7250  0.000e+00
     -0.114    15.1463   3.967711    31.9428       1136     4.7292  0.000e+00
     -0.138    15.1469   3.968134    31.9461       1137     4.7333  0.000e+00
     -0.056    15.1487   3.967995    31.9434       1138     4.7375  0.000e+00
      0.047    15.1501   3.968134    31.9435       1139     4.7417  0.000e+00
      0.220    15.1514   3.968280    31.9436       1140     4.7458  0.000e+00
      0.376    15.1527   3.968304    31.9427       1141     4.7500  0.000e+00
      0.435    15.1538   3.968606    31.9445       1142     4.7542  0.000e+00
      0.365    15.1551   3.968328    31.9410       1143     4.7583  0.000e+00
      0.276    15.1555   3.967995    31.9377       1144     4.7625  0.000e+00
      0.202    15.1543   3.968044    31.9391       1145     4.7667  0.000e+00
      0.155    15.1539   3.968134    31.9403       1146     4.7708  0.000e+00
      0.114    15.1539   3.968134    31.9403       1147     4.7750  0.000e+00
      0.020    15.1538   3.968219    31.9412       1148     4.7792  0.000e+00
     -0.069    15.1543   3.967385    31.9334       1149     4.7833  0.000e+00
     -0.109    15.1529   3.967995    31.9399       1150     4.7875  0.000e+00
     -0.083    15.1526   3.968328    31.9432       1151     4.7917  0.000e+00
     -0.085    15.1535   3.968370    31.9429       1152     4.7958  0.000e+00
     -0.208    15.1546   3.968370    31.9419       1153     4.8000  0.000e+00
     -0.291    15.1548   1.375550    10.0022       1154     4.8042  0.000e+00
     -0.294    15.1501   0.637156     4.3692       1155     4.8083  0.000e+00
     -0.298    15.1307   0.386218     2.5634       1156     4.8125  0.000e+00
     -0.289    15.0994   0.530663     3.5982       1157     4.8167  0.000e+00
     -0.237    15.0825   0.937212     6.6221       1158     4.8208  0.000e+00
     -0.238    15.0912   0.710957     4.9207       1159     4.8250  0.000e+00
     -0.189    15.1028   0.932042     6.5794       1160     4.8292  0.000e+00
     -0.117    15.1125   0.767225     5.3366       1161     4.8333  0.000e+00
     -0.063    15.1235   1.226217     8.8398       1162     4.8375  0.000e+00
      0.046    15.1319   3.730940    29.8397       1163     4.8417  0.000e+00
      0.103    15.1387   3.967971    31.9513       1164     4.8458  0.000e+00
      0.130    15.1442   3.968280    31.9496       1165     4.8500  0.000e+00
      0.053    15.1485   3.968304    31.9463       1166     4.8542  0.000e+00
     -0.171    15.1512   3.968255    31.9437       1167     4.8583  0.000e+00
     -0.280    15.1525   3.968158    31.9418       1168     4.8625  0.000e+00
     -0.289    15.1522   3.967693    31.9379       1169     4.8667  0.000e+00
     -0.292    15.1503   2.938331    22.9013       1170     4.8708  0.000e+00
     -0.298    15.1468   0.845000     5.9145       1171     4.8750  0.000e+00
     -0.298    15.1435   0.685203     4.7237       1172     4.8792  0.000e+00
     -0.265    15.1419   1.809719    13.4763       1173     4.8833  0.000e+00
     -0.216    15.1399   2.689833    20.7853       1174     4.8875  0.000e+00
     -0.169    15.1379   2.289203    17.4178       1175     4.8917  0.000e+00
     -0.050    15.1368   3.809012    30.5309       1176     4.8958  0.000e+00
     -0.057    15.1368   2.665511    20.5805       1177     4.9000  0.000e+00
     -0.119    15.1393   2.807261    21.7854       1178     4.9042  0.000e+00
     -0.171    15.1424   3.399854    26.9100       1179     4.9083  0.000e+00
     -0.224    15.1443   3.963111    31.9032       1180     4.9125  0.000e+00
     -0.267    15.1446   3.963909    31.9101       1181     4.9167  0.000e+00
     -0.254    15.1434   3.965764    31.9278       1182     4.9208  0.000e+00
     -0.289    15.1407   3.701455    29.5712       1183     4.9250  0.000e+00
     -0.296    15.1371   1.010730     7.1732       1184     4.9292  0.000e+00
     -0.296    15.1260   0.540428     3.6664       1185     4.9333  0.000e+00
     -0.298    15.1015   0.409462     2.7296       1186     4.9375  0.000e+00
     -0.294    15.0814   0.343808     2.2684       1187     4.9417  0.000e+00
     -0.227    15.0712   0.699438     4.8377       1188     4.9458  0.000e+00
     -0.090    15.0771   3.339278    26.4237       1189     4.9500  0.000e+00
      0.004    15.0981   3.962169    31.9323       1190     4.9542  0.000e+00
     -0.027    15.1160   2.556707    19.6706       1191     4.9583  0.000e+00
     -0.166    15.1267   2.416333    18.4847       1192     4.9625  0.000e+00
     -0.282    15.1336   2.904179    22.6179       1193     4.9667  0.000e+00
     -0.292    15.1379   3.421118    27.0996       1194     4.9708  0.000e+00
     -0.294    15.1386   0.865455     6.0698       1195     4.9750  0.000e+00
     -0.294    15.1355   0.488684     3.2924       1196     4.9792  0.000e+00
     -0.291    15.1316   0.391568     2.6010       1197     4.9833  0.000e+00
     -0.292    15.1281   0.326681     2.1463       1198     4.9875  0.000e+00
     -0.300    15.1264   0.278668     1.8139       1199     4.9917  0.000e+00
     -0.298    15.1257   0.218193     1.4010       1200     4.9958  0.000e+00
     -0.298    15.1261   0.192783     1.2297       1201     5.0000  0.000e+00
     -0.273    15.1272   0.251552     1.6278       1202     5.0042  0.000e+00
     -0.226    15.1288   0.510809     3.4522       1203     5.0083  0.000e+00
     -0.260    15.1297   0.461729     3.0997       1204     5.0125  0.000e+00
     -0.233    15.1281   0.733497     5.0834       1205     5.0167  0.000e+00
     -0.159    15.1272   1.667110    12.3301       1206     5.0208  0.000e+00
     -0.072    15.1281   3.384193    26.7826       1207     5.0250  0.000e+00
     -0.007    15.1294   3.949172    31.7902       1208     5.0292  0.000e+00
      0.044    15.1307   3.430943    27.1907       1209     5.0333  0.000e+00
      0.065    15.1331   2.531684    19.4510       1210     5.0375  0.000e+00
      0.038    15.1375   3.927922    31.5931       1211     5.0417  0.000e+00
     -0.025    15.1417   3.967693    31.9464       1212     5.0458  0.000e+00
     -0.034    15.1448   3.967711    31.9440       1213     5.0500  0.000e+00
      0.000    15.1469   3.967669    31.9419       1214     5.0542  0.000e+00
     -0.132    15.1482   3.967645    31.9407       1215     5.0583  0.000e+00
     -0.283    15.1488   3.080631    24.1279       1216     5.0625  0.000e+00
     -0.287    15.1462   0.776029     5.3978       1217     5.0667  0.000e+00
     -0.285    15.1369   0.467797     3.1425       1218     5.0708  0.000e+00
     -0.290    15.1211   0.368403     2.4386       1219     5.0750  0.000e+00
     -0.294    15.1008   0.305865     2.0030       1220     5.0792  0.000e+00
     -0.298    15.0798   0.236153     1.5246       1221     5.0833  0.000e+00
     -0.294    15.0651   0.170849     1.0847       1222     5.0875  0.000e+00
     -0.207    15.0604   0.527430     3.5783       1223     5.0917  0.000e+00
     -0.083    15.0625   2.442865    18.7378       1224     5.0958  0.000e+00
      0.022    15.0739   1.914376    14.3519       1225     5.1000  0.000e+00
      0.084    15.0889   3.124963    24.5486       1226     5.1042  0.000e+00
      0.064    15.1029   3.458339    27.4507       1227     5.1083  0.000e+00
     -0.021    15.1177   3.651927    29.1492       1228     5.1125  0.000e+00
     -0.241    15.1299   3.957854    31.8678       1229     5.1167  0.000e+00
     -0.288    15.1362   1.861053    13.8951       1230     5.1208  0.000e+00
     -0.288    15.1347   0.581033     3.9605       1231     5.1250  0.000e+00
     -0.290    15.1220   0.398867     2.6533       1232     5.1292  0.000e+00
     -0.287    15.1024   0.323819     2.1277       1233     5.1333  0.000e+00
     -0.290    15.0804   0.277439     1.8075       1234     5.1375  0.000e+00
     -0.289    15.0611   0.245384     1.5884       1235     5.1417  0.000e+00
     -0.290    15.0499   0.218577     1.4063       1236     5.1458  0.000e+00
     -0.294    15.0477   0.212395     1.3644       1237     5.1500  0.000e+00
     -0.287    15.0492   0.212177     1.3629       1238     5.1542  0.000e+00
     -0.281    15.0522   0.206250     1.3227       1239     5.1583  0.000e+00
     -0.260    15.0557   0.210381     1.3505       1240     5.1625  0.000e+00
