HB2304/sbe027.cnv
* Sea-Bird SBE 19plus V2 Data File:
* FileName = C:\cruise\data\sbe027.hex
* Software Version Seasave V 7.26.7.121
* Temperature SN = 7037
* Conductivity SN = 7037
* System UpLoad Time = Sep 19 2023 00:42:37
** Ship: Bigelow
** Cruise:  HB2304
** Program:  Fall Bottom Trawl
# nquan = 7
# nvalues = 1153                                  
# units = specified
# name 0 = depSM: Depth [salt water, m], lat = 40.00
# name 1 = tv290C: Temperature [ITS-90, deg C]
# name 2 = c0S/m: Conductivity [S/m]
# name 3 = sal00: Salinity, Practical [PSU]
# name 4 = scan: Scan Count
# name 5 = timeM: Time, Elapsed [minutes]
# name 6 = flag:  0.000e+00
# span 0 =     -0.082,     21.884                 
# span 1 =    22.3791,    25.5405                 
# span 2 =   0.000020,   5.101541                 
# span 3 =     0.0109,    33.0799                 
# span 4 =         11,       1163                 
# span 5 =     0.0417,     4.8417                 
# span 6 = 0.0000e+00, 0.0000e+00                 
# interval = seconds: 0.25
# start_time = Sep 19 2023 00:42:37 [System UTC, header]
# bad_flag = -9.990e-29
*END*
[from data line 616]
     11.217    25.0644   4.892589    31.8973        627     2.6083  0.000e+00
     11.177    25.0644   4.889592    31.8754        628     2.6125  0.000e+00
     11.132    25.0654   4.889420    31.8735        629     2.6167  0.000e+00
     11.087    25.0660   4.887915    31.8620        630     2.6208  0.000e+00
     11.042    25.0663   4.889651    31.8745        631     2.6250  0.000e+00
     10.991    25.0665   4.891413    31.8873        632     2.6292  0.000e+00
     10.948    25.0660   4.890093    31.8780        633     2.6333  0.000e+00
     10.906    25.0655   4.893486    31.9032        634     2.6375  0.000e+00
     10.870    25.0649   4.890291    31.8802        635     2.6417  0.000e+00
     10.827    25.0650   4.886358    31.8514        636     2.6458  0.000e+00
     10.794    25.0659   4.889426    31.8732        637     2.6500  0.000e+00
     10.763    25.0660   4.894774    31.9122        638     2.6542  0.000e+00
     10.736    25.0645   4.896583    31.9265        639     2.6583  0.000e+00
     10.735    25.0630   4.896002    31.9234        640     2.6625  0.000e+00
     10.742    25.0619   4.894853    31.9157        641     2.6667  0.000e+00
     10.753    25.0616   4.894100    31.9104        642     2.6708  0.000e+00
     10.772    25.0615   4.893810    31.9083        643     2.6750  0.000e+00
     10.792    25.0616   4.894939    31.9165        644     2.6792  0.000e+00
     10.807    25.0612   4.894325    31.9123        645     2.6833  0.000e+00
     10.827    25.0613   4.893354    31.9052        646     2.6875  0.000e+00
     10.841    25.0615   4.895051    31.9174        647     2.6917  0.000e+00
     10.856    25.0611   4.895725    31.9226        648     2.6958  0.000e+00
     10.872    25.0607   4.896610    31.9294        649     2.7000  0.000e+00
     10.888    25.0603   4.895950    31.9248        650     2.7042  0.000e+00
     10.872    25.0601   4.895190    31.9194        651     2.7083  0.000e+00
     10.863    25.0599   4.894754    31.9164        652     2.7125  0.000e+00
     10.829    25.0602   4.893902    31.9099        653     2.7167  0.000e+00
     10.791    25.0605   4.892754    31.9013        654     2.7208  0.000e+00
     10.747    25.0611   4.892027    31.8956        655     2.7250  0.000e+00
     10.702    25.0613   4.890714    31.8859        656     2.7292  0.000e+00
     10.673    25.0617   4.889479    31.8766        657     2.7333  0.000e+00
     10.641    25.0624   4.887743    31.8635        658     2.7375  0.000e+00
     10.610    25.0633   4.885229    31.8445        659     2.7417  0.000e+00
     10.577    25.0639   4.885394    31.8452        660     2.7458  0.000e+00
     10.547    25.0647   4.884952    31.8415        661     2.7500  0.000e+00
     10.525    25.0649   4.884477    31.8379        662     2.7542  0.000e+00
     10.514    25.0652   4.884477    31.8376        663     2.7583  0.000e+00
     10.514    25.0654   4.883527    31.8306        664     2.7625  0.000e+00
     10.509    25.0655   4.884114    31.8348        665     2.7667  0.000e+00
     10.516    25.0652   4.887730    31.8614        666     2.7708  0.000e+00
     10.523    25.0644   4.888080    31.8646        667     2.7750  0.000e+00
     10.529    25.0635   4.889928    31.8787        668     2.7792  0.000e+00
     10.534    25.0626   4.892192    31.8958        669     2.7833  0.000e+00
     10.538    25.0612   4.891803    31.8940        670     2.7875  0.000e+00
     10.541    25.0604   4.891862    31.8950        671     2.7917  0.000e+00
     10.536    25.0601   4.891763    31.8945        672     2.7958  0.000e+00
     10.532    25.0597   4.891605    31.8936        673     2.8000  0.000e+00
     10.525    25.0599   4.891354    31.8916        674     2.8042  0.000e+00
     10.512    25.0594   4.890377    31.8848        675     2.8083  0.000e+00
     10.493    25.0598   4.889717    31.8798        676     2.8125  0.000e+00
     10.467    25.0596   4.890489    31.8856        677     2.8167  0.000e+00
     10.447    25.0596   4.889255    31.8766        678     2.8208  0.000e+00
     10.433    25.0599   4.889043    31.8748        679     2.8250  0.000e+00
     10.415    25.0599   4.888641    31.8719        680     2.8292  0.000e+00
     10.393    25.0601   4.887215    31.8613        681     2.8333  0.000e+00
     10.388    25.0603   4.886318    31.8546        682     2.8375  0.000e+00
     10.381    25.0610   4.887539    31.8630        683     2.8417  0.000e+00
     10.372    25.0612   4.887268    31.8609        684     2.8458  0.000e+00
     10.381    25.0607   4.885731    31.8501        685     2.8500  0.000e+00
     10.388    25.0612   4.886437    31.8548        686     2.8542  0.000e+00
     10.393    25.0614   4.885816    31.8502        687     2.8583  0.000e+00
     10.386    25.0614   4.884615    31.8414        688     2.8625  0.000e+00
     10.386    25.0619   4.883210    31.8308        689     2.8667  0.000e+00
     10.383    25.0623   4.883131    31.8299        690     2.8708  0.000e+00
     10.379    25.0627   4.880427    31.8099        691     2.8750  0.000e+00
     10.374    25.0635   4.879444    31.8022        692     2.8792  0.000e+00
     10.368    25.0645   4.878567    31.7951        693     2.8833  0.000e+00
     10.357    25.0650   4.879081    31.7984        694     2.8875  0.000e+00
     10.341    25.0656   4.880677    31.8097        695     2.8917  0.000e+00
     10.325    25.0652   4.882768    31.8252        696     2.8958  0.000e+00
     10.305    25.0647   4.883639    31.8320        697     2.9000  0.000e+00
     10.274    25.0639   4.882795    31.8264        698     2.9042  0.000e+00
     10.245    25.0637   4.881264    31.8153        699     2.9083  0.000e+00
     10.222    25.0640   4.880308    31.8081        700     2.9125  0.000e+00
     10.204    25.0644   4.879253    31.8002        701     2.9167  0.000e+00
     10.180    25.0648   4.878580    31.7950        702     2.9208  0.000e+00
     10.162    25.0656   4.878138    31.7912        703     2.9250  0.000e+00
     10.142    25.0661   4.877736    31.7879        704     2.9292  0.000e+00
     10.130    25.0667   4.877663    31.7870        705     2.9333  0.000e+00
     10.119    25.0669   4.877604    31.7864        706     2.9375  0.000e+00
     10.112    25.0671   4.877090    31.7825        707     2.9417  0.000e+00
     10.104    25.0679   4.876404    31.7770        708     2.9458  0.000e+00
     10.097    25.0685   4.876068    31.7741        709     2.9500  0.000e+00
     10.084    25.0695   4.876852    31.7791        710     2.9542  0.000e+00
     10.079    25.0695   4.877545    31.7842        711     2.9583  0.000e+00
     10.066    25.0690   4.876542    31.7772        712     2.9625  0.000e+00
     10.043    25.0690   4.875204    31.7675        713     2.9667  0.000e+00
     10.012    25.0700   4.876964    31.7796        714     2.9708  0.000e+00
      9.976    25.0697   4.876687    31.7778        715     2.9750  0.000e+00
      9.942    25.0695   4.875903    31.7722        716     2.9792  0.000e+00
      9.902    25.0695   4.875850    31.7718        717     2.9833  0.000e+00
      9.853    25.0701   4.875652    31.7700        718     2.9875  0.000e+00
      9.812    25.0704   4.875428    31.7682        719     2.9917  0.000e+00
      9.781    25.0708   4.875402    31.7677        720     2.9958  0.000e+00
      9.749    25.0708   4.873866    31.7565        721     3.0000  0.000e+00
      9.723    25.0717   4.873872    31.7559        722     3.0042  0.000e+00
      9.702    25.0726   4.874314    31.7585        723     3.0083  0.000e+00
      9.685    25.0728   4.874037    31.7564        724     3.0125  0.000e+00
      9.687    25.0727   4.873813    31.7548        725     3.0167  0.000e+00
      9.694    25.0731   4.873549    31.7526        726     3.0208  0.000e+00
      9.711    25.0734   4.873114    31.7493        727     3.0250  0.000e+00
      9.736    25.0736   4.872587    31.7452        728     3.0292  0.000e+00
      9.768    25.0739   4.873088    31.7487        729     3.0333  0.000e+00
      9.812    25.0741   4.872884    31.7470        730     3.0375  0.000e+00
      9.857    25.0741   4.872726    31.7458        731     3.0417  0.000e+00
      9.897    25.0741   4.872449    31.7438        732     3.0458  0.000e+00
      9.938    25.0744   4.872001    31.7403        733     3.0500  0.000e+00
      9.971    25.0747   4.871836    31.7389        734     3.0542  0.000e+00
      9.998    25.0749   4.871559    31.7367        735     3.0583  0.000e+00
     10.027    25.0750   4.870689    31.7303        736     3.0625  0.000e+00
     10.045    25.0754   4.871750    31.7377        737     3.0667  0.000e+00
     10.059    25.0757   4.871058    31.7325        738     3.0708  0.000e+00
     10.065    25.0759   4.870722    31.7299        739     3.0750  0.000e+00
     10.063    25.0762   4.871197    31.7332        740     3.0792  0.000e+00
     10.061    25.0761   4.872198    31.7405        741     3.0833  0.000e+00
     10.047    25.0760   4.870979    31.7317        742     3.0875  0.000e+00
     10.032    25.0762   4.870136    31.7254        743     3.0917  0.000e+00
     10.018    25.0765   4.870109    31.7250        744     3.0958  0.000e+00
      9.985    25.0773   4.869411    31.7194        745     3.1000  0.000e+00
      9.960    25.0782   4.867527    31.7050        746     3.1042  0.000e+00
      9.929    25.0800   4.867243    31.7017        747     3.1083  0.000e+00
      9.899    25.0812   4.867935    31.7059        748     3.1125  0.000e+00
      9.864    25.0820   4.868133    31.7068        749     3.1167  0.000e+00
      9.823    25.0821   4.868034    31.7060        750     3.1208  0.000e+00
      9.788    25.0822   4.867546    31.7024        751     3.1250  0.000e+00
      9.738    25.0824   4.867658    31.7031        752     3.1292  0.000e+00
      9.693    25.0828   4.867546    31.7020        753     3.1333  0.000e+00
      9.667    25.0830   4.867316    31.7002        754     3.1375  0.000e+00
      9.642    25.0831   4.867157    31.6990        755     3.1417  0.000e+00
      9.622    25.0835   4.867210    31.6991        756     3.1458  0.000e+00
      9.617    25.0835   4.867045    31.6979        757     3.1500  0.000e+00
      9.608    25.0834   4.867098    31.6983        758     3.1542  0.000e+00
      9.590    25.0837   4.868495    31.7084        759     3.1583  0.000e+00
      9.586    25.0827   4.870636    31.7247        760     3.1625  0.000e+00
      9.573    25.0806   4.871473    31.7323        761     3.1667  0.000e+00
      9.543    25.0787   4.870630    31.7274        762     3.1708  0.000e+00
      9.519    25.0781   4.869608    31.7204        763     3.1750  0.000e+00
      9.501    25.0781   4.869470    31.7194        764     3.1792  0.000e+00
      9.483    25.0783   4.869523    31.7197        765     3.1833  0.000e+00
      9.476    25.0785   4.869938    31.7225        766     3.1875  0.000e+00
      9.465    25.0782   4.869496    31.7195        767     3.1917  0.000e+00
      9.474    25.0781   4.869411    31.7190        768     3.1958  0.000e+00
      9.487    25.0783   4.870247    31.7249        769     3.2000  0.000e+00
      9.512    25.0777   4.870043    31.7238        770     3.2042  0.000e+00
      9.528    25.0774   4.862290    31.6675        771     3.2083  0.000e+00
      9.546    25.0771   4.869747    31.7221        772     3.2125  0.000e+00
      9.564    25.0771   4.869358    31.7193        773     3.2167  0.000e+00
      9.568    25.0776   4.868462    31.7124        774     3.2208  0.000e+00
      9.574    25.0786   4.868910    31.7149        775     3.2250  0.000e+00
      9.583    25.0793   4.870274    31.7244        776     3.2292  0.000e+00
      9.577    25.0784   4.869496    31.7194        777     3.2333  0.000e+00
      9.574    25.0781   4.869562    31.7201        778     3.2375  0.000e+00
      9.566    25.0780   4.869635    31.7207        779     3.2417  0.000e+00
      9.534    25.0778   4.868910    31.7155        780     3.2458  0.000e+00
      9.496    25.0781   4.868297    31.7109        781     3.2500  0.000e+00
      9.453    25.0789   4.868356    31.7107        782     3.2542  0.000e+00
      9.397    25.0792   4.868409    31.7109        783     3.2583  0.000e+00
      9.351    25.0796   4.867961    31.7074        784     3.2625  0.000e+00
      9.295    25.0800   4.867408    31.7031        785     3.2667  0.000e+00
      9.239    25.0814   4.867230    31.7009        786     3.2708  0.000e+00
      9.200    25.0821   4.867381    31.7014        787     3.2750  0.000e+00
      9.151    25.0822   4.867658    31.7034        788     3.2792  0.000e+00
      9.120    25.0824   4.868211    31.7073        789     3.2833  0.000e+00
      9.093    25.0815   4.868574    31.7106        790     3.2875  0.000e+00
      9.080    25.0807   4.867131    31.7006        791     3.2917  0.000e+00
      9.073    25.0816   4.866960    31.6988        792     3.2958  0.000e+00
      9.070    25.0824   4.867243    31.7002        793     3.3000  0.000e+00
      9.066    25.0828   4.868145    31.7066        794     3.3042  0.000e+00
      9.073    25.0820   4.868106    31.7068        795     3.3083  0.000e+00
      9.077    25.0815   4.868659    31.7113        796     3.3125  0.000e+00
      9.089    25.0805   4.869107    31.7152        797     3.3167  0.000e+00
      9.106    25.0794   4.868705    31.7130        798     3.3208  0.000e+00
      9.129    25.0788   4.868435    31.7114        799     3.3250  0.000e+00
      9.156    25.0787   4.868686    31.7133        800     3.3292  0.000e+00
      9.176    25.0787   4.869187    31.7170        801     3.3333  0.000e+00
      9.196    25.0781   4.870096    31.7241        802     3.3375  0.000e+00
      9.216    25.0772   4.869384    31.7195        803     3.3417  0.000e+00
      9.230    25.0772   4.867882    31.7085        804     3.3458  0.000e+00
      9.236    25.0783   4.868356    31.7112        805     3.3500  0.000e+00
      9.234    25.0790   4.867981    31.7079        806     3.3542  0.000e+00
      9.216    25.0790   4.868995    31.7154        807     3.3583  0.000e+00
      9.194    25.0790   4.868521    31.7119        808     3.3625  0.000e+00
      9.158    25.0790   4.866993    31.7008        809     3.3667  0.000e+00
      9.120    25.0801   4.867632    31.7047        810     3.3708  0.000e+00
      9.079    25.0808   4.868106    31.7077        811     3.3750  0.000e+00
      9.034    25.0804   4.867322    31.7023        812     3.3792  0.000e+00
      9.005    25.0805   4.867131    31.7008        813     3.3833  0.000e+00
      8.972    25.0811   4.867230    31.7011        814     3.3875  0.000e+00
      8.947    25.0814   4.866848    31.6982        815     3.3917  0.000e+00
      8.927    25.0814   4.866492    31.6956        816     3.3958  0.000e+00
      8.911    25.0815   4.866933    31.6987        817     3.4000  0.000e+00
      8.911    25.0814   4.866617    31.6965        818     3.4042  0.000e+00
      8.905    25.0810   4.866182    31.6935        819     3.4083  0.000e+00
      8.898    25.0814   4.866881    31.6984        820     3.4125  0.000e+00
      8.884    25.0811   4.866657    31.6969        821     3.4167  0.000e+00
      8.871    25.0809   4.867203    31.7011        822     3.4208  0.000e+00
      8.855    25.0807   4.867519    31.7035        823     3.4250  0.000e+00
      8.837    25.0803   4.866960    31.6998        824     3.4292  0.000e+00
      8.822    25.0800   4.866070    31.6934        825     3.4333  0.000e+00
      8.795    25.0800   4.866083    31.6935        826     3.4375  0.000e+00
      8.768    25.0798   4.867295    31.7025        827     3.4417  0.000e+00
      8.748    25.0797   4.866518    31.6970        828     3.4458  0.000e+00
      8.732    25.0799   4.866683    31.6980        829     3.4500  0.000e+00
      8.716    25.0798   4.866162    31.6943        830     3.4542  0.000e+00
