HB2304/sbe050.cnv
* Sea-Bird SBE 19plus V2 Data File:
* FileName = C:\cruise\data\sbe050.hex
* Software Version Seasave V 7.26.7.121
* Temperature SN = 7037
* Conductivity SN = 7037
* System UpLoad Time = Oct 08 2023 18:59:50
** Ship: Bigelow
** Cruise:  HB2304
** Program:  Fall Bottom Trawl
# nquan = 7
# nvalues = 1200                                  
# units = specified
# name 0 = depSM: Depth [salt water, m], lat = 40.00
# name 1 = tv290C: Temperature [ITS-90, deg C]
# name 2 = c0S/m: Conductivity [S/m]
# name 3 = sal00: Salinity, Practical [PSU]
# name 4 = scan: Scan Count
# name 5 = timeM: Time, Elapsed [minutes]
# name 6 = flag:  0.000e+00
# span 0 =     -0.156,     30.797                 
# span 1 =    16.7155,    18.1443                 
# span 2 =   0.000004,   4.247586                 
# span 3 =     0.0086,    32.0111                 
# span 4 =         11,       1210                 
# span 5 =     0.0417,     5.0375                 
# span 6 = 0.0000e+00, 0.0000e+00                 
# interval = seconds: 0.25
# start_time = Oct 08 2023 18:59:50 [System UTC, header]
# bad_flag = -9.990e-29
*END*
[from data line 616]
     18.331    18.1263   4.234628    31.8793        627     2.6083  0.000e+00
     18.287    18.1258   4.235069    31.8834        628     2.6125  0.000e+00
     18.244    18.1258   4.235851    31.8900        629     2.6167  0.000e+00
     18.190    18.1276   4.236168    31.8913        630     2.6208  0.000e+00
     18.137    18.1297   4.236056    31.8887        631     2.6250  0.000e+00
     18.072    18.1312   4.236019    31.8872        632     2.6292  0.000e+00
     18.000    18.1318   4.235919    31.8860        633     2.6333  0.000e+00
     17.937    18.1319   4.235702    31.8841        634     2.6375  0.000e+00
     17.872    18.1316   4.235416    31.8820        635     2.6417  0.000e+00
     17.803    18.1306   4.235851    31.8864        636     2.6458  0.000e+00
     17.731    18.1307   4.235969    31.8873        637     2.6500  0.000e+00
     17.662    18.1314   4.235801    31.8854        638     2.6542  0.000e+00
     17.588    18.1316   4.235721    31.8846        639     2.6583  0.000e+00
     17.508    18.1314   4.235801    31.8855        640     2.6625  0.000e+00
     17.423    18.1314   4.235851    31.8859        641     2.6667  0.000e+00
     17.337    18.1315   4.235826    31.8857        642     2.6708  0.000e+00
     17.246    18.1316   4.235391    31.8820        643     2.6750  0.000e+00
     17.159    18.1307   4.234751    31.8773        644     2.6792  0.000e+00
     17.064    18.1285   4.234652    31.8782        645     2.6833  0.000e+00
     16.975    18.1265   4.234652    31.8798        646     2.6875  0.000e+00
     16.888    18.1257   4.234751    31.8813        647     2.6917  0.000e+00
     16.803    18.1252   4.234484    31.8795        648     2.6958  0.000e+00
     16.715    18.1245   4.234434    31.8797        649     2.7000  0.000e+00
     16.628    18.1234   4.234453    31.8807        650     2.7042  0.000e+00
     16.552    18.1231   4.234552    31.8818        651     2.7083  0.000e+00
     16.474    18.1229   4.234577    31.8822        652     2.7125  0.000e+00
     16.391    18.1230   4.234894    31.8848        653     2.7167  0.000e+00
     16.335    18.1240   4.234987    31.8848        654     2.7208  0.000e+00
     16.274    18.1249   4.234944    31.8838        655     2.7250  0.000e+00
     16.218    18.1255   4.234919    31.8831        656     2.7292  0.000e+00
     16.169    18.1258   4.234993    31.8835        657     2.7333  0.000e+00
     16.119    18.1261   4.235062    31.8839        658     2.7375  0.000e+00
     16.082    18.1264   4.234993    31.8831        659     2.7417  0.000e+00
     16.041    18.1267   4.234993    31.8829        660     2.7458  0.000e+00
     16.005    18.1266   4.234993    31.8829        661     2.7500  0.000e+00
     15.976    18.1267   4.234881    31.8820        662     2.7542  0.000e+00
     15.956    18.1264   4.234894    31.8823        663     2.7583  0.000e+00
     15.936    18.1263   4.235018    31.8834        664     2.7625  0.000e+00
     15.914    18.1265   4.235142    31.8843        665     2.7667  0.000e+00
     15.891    18.1267   4.235242    31.8850        666     2.7708  0.000e+00
     15.876    18.1272   4.235577    31.8874        667     2.7750  0.000e+00
     15.857    18.1283   4.235527    31.8861        668     2.7792  0.000e+00
     15.840    18.1293   4.235645    31.8864        669     2.7833  0.000e+00
     15.831    18.1301   4.235801    31.8870        670     2.7875  0.000e+00
     15.824    18.1311   4.235434    31.8832        671     2.7917  0.000e+00
     15.820    18.1308   4.235192    31.8814        672     2.7958  0.000e+00
     15.822    18.1298   4.235490    31.8847        673     2.8000  0.000e+00
     15.818    18.1300   4.236043    31.8892        674     2.8042  0.000e+00
     15.808    18.1316   4.235919    31.8869        675     2.8083  0.000e+00
     15.797    18.1323   4.235577    31.8835        676     2.8125  0.000e+00
     15.777    18.1318   4.235571    31.8838        677     2.8167  0.000e+00
     15.752    18.1316   4.235577    31.8841        678     2.8208  0.000e+00
     15.723    18.1315   4.235484    31.8834        679     2.8250  0.000e+00
     15.692    18.1312   4.235527    31.8839        680     2.8292  0.000e+00
     15.650    18.1311   4.235720    31.8857        681     2.8333  0.000e+00
     15.611    18.1313   4.235508    31.8837        682     2.8375  0.000e+00
     15.567    18.1312   4.235751    31.8859        683     2.8417  0.000e+00
     15.524    18.1317   4.236142    31.8888        684     2.8458  0.000e+00
     15.475    18.1329   4.235776    31.8848        685     2.8500  0.000e+00
     15.432    18.1329   4.235776    31.8848        686     2.8542  0.000e+00
     15.381    18.1330   4.235701    31.8842        687     2.8583  0.000e+00
     15.336    18.1325   4.235384    31.8818        688     2.8625  0.000e+00
     15.296    18.1315   4.235440    31.8831        689     2.8667  0.000e+00
     15.247    18.1310   4.235483    31.8839        690     2.8708  0.000e+00
     15.197    18.1307   4.235676    31.8858        691     2.8750  0.000e+00
     15.134    18.1312   4.235577    31.8846        692     2.8792  0.000e+00
     15.072    18.1310   4.235465    31.8838        693     2.8833  0.000e+00
     14.991    18.1307   4.235508    31.8844        694     2.8875  0.000e+00
     14.915    18.1307   4.235483    31.8842        695     2.8917  0.000e+00
     14.824    18.1307   4.235670    31.8858        696     2.8958  0.000e+00
     14.727    18.1311   4.235968    31.8881        697     2.9000  0.000e+00
     14.633    18.1322   4.235868    31.8864        698     2.9042  0.000e+00
     14.528    18.1327   4.235458    31.8826        699     2.9083  0.000e+00
     14.438    18.1321   4.235465    31.8832        700     2.9125  0.000e+00
     14.344    18.1315   4.235576    31.8846        701     2.9167  0.000e+00
     14.259    18.1312   4.235433    31.8836        702     2.9208  0.000e+00
     14.183    18.1312   4.235750    31.8863        703     2.9250  0.000e+00
     14.124    18.1312   4.235489    31.8842        704     2.9292  0.000e+00
     14.077    18.1310   4.235483    31.8843        705     2.9333  0.000e+00
     14.039    18.1306   4.235508    31.8848        706     2.9375  0.000e+00
     13.994    18.1304   4.235626    31.8860        707     2.9417  0.000e+00
     13.959    18.1306   4.235825    31.8875        708     2.9458  0.000e+00
     13.927    18.1314   4.235825    31.8869        709     2.9500  0.000e+00
     13.889    18.1319   4.235825    31.8865        710     2.9542  0.000e+00
     13.849    18.1324   4.235526    31.8837        711     2.9583  0.000e+00
     13.806    18.1318   4.235744    31.8859        712     2.9625  0.000e+00
     13.759    18.1318   4.235992    31.8881        713     2.9667  0.000e+00
     13.695    18.1324   4.236508    31.8919        714     2.9708  0.000e+00
     13.628    18.1343   4.236433    31.8899        715     2.9750  0.000e+00
     13.554    18.1356   4.236433    31.8889        716     2.9792  0.000e+00
     13.475    18.1361   4.236408    31.8883        717     2.9833  0.000e+00
     13.408    18.1366   4.236383    31.8878        718     2.9875  0.000e+00
     13.345    18.1367   4.236383    31.8877        719     2.9917  0.000e+00
     13.285    18.1369   4.236029    31.8846        720     2.9958  0.000e+00
     13.236    18.1362   4.235992    31.8848        721     3.0000  0.000e+00
     13.200    18.1355   4.236209    31.8873        722     3.0042  0.000e+00
     13.171    18.1354   4.236234    31.8875        723     3.0083  0.000e+00
     13.155    18.1356   4.236309    31.8880        724     3.0125  0.000e+00
     13.153    18.1360   4.236408    31.8885        725     3.0167  0.000e+00
     13.153    18.1364   4.236433    31.8884        726     3.0208  0.000e+00
     13.159    18.1367   4.236564    31.8892        727     3.0250  0.000e+00
     13.164    18.1373   4.236700    31.8899        728     3.0292  0.000e+00
     13.175    18.1379   4.236601    31.8887        729     3.0333  0.000e+00
     13.182    18.1382   4.236551    31.8880        730     3.0375  0.000e+00
     13.195    18.1381   4.236508    31.8877        731     3.0417  0.000e+00
     13.213    18.1380   4.236526    31.8879        732     3.0458  0.000e+00
     13.225    18.1379   4.236576    31.8884        733     3.0500  0.000e+00
     13.240    18.1379   4.236576    31.8884        734     3.0542  0.000e+00
     13.260    18.1380   4.236588    31.8884        735     3.0583  0.000e+00
     13.271    18.1380   4.236576    31.8883        736     3.0625  0.000e+00
     13.269    18.1380   4.236601    31.8885        737     3.0667  0.000e+00
     13.260    18.1379   4.236893    31.8910        738     3.0708  0.000e+00
     13.236    18.1387   4.237042    31.8917        739     3.0750  0.000e+00
     13.202    18.1394   4.237017    31.8910        740     3.0792  0.000e+00
     13.153    18.1401   4.237092    31.8911        741     3.0833  0.000e+00
     13.092    18.1406   4.237067    31.8905        742     3.0875  0.000e+00
     13.025    18.1406   4.237073    31.8906        743     3.0917  0.000e+00
     12.943    18.1406   4.236992    31.8899        744     3.0958  0.000e+00
     12.871    18.1409   4.237042    31.8901        745     3.1000  0.000e+00
     12.795    18.1409   4.237042    31.8902        746     3.1042  0.000e+00
     12.714    18.1410   4.237017    31.8899        747     3.1083  0.000e+00
     12.636    18.1410   4.237042    31.8902        748     3.1125  0.000e+00
     12.577    18.1412   4.236967    31.8894        749     3.1167  0.000e+00
     12.513    18.1410   4.236942    31.8893        750     3.1208  0.000e+00
     12.445    18.1408   4.236638    31.8870        751     3.1250  0.000e+00
     12.385    18.1403   4.236507    31.8863        752     3.1292  0.000e+00
     12.316    18.1393   4.236433    31.8864        753     3.1333  0.000e+00
     12.261    18.1386   4.236308    31.8859        754     3.1375  0.000e+00
     12.172    18.1380   4.236408    31.8873        755     3.1417  0.000e+00
     12.093    18.1376   4.236383    31.8874        756     3.1458  0.000e+00
     11.988    18.1374   4.236433    31.8880        757     3.1500  0.000e+00
     11.874    18.1373   4.236457    31.8883        758     3.1542  0.000e+00
     11.751    18.1373   4.236482    31.8886        759     3.1583  0.000e+00
     11.623    18.1373   4.236358    31.8876        760     3.1625  0.000e+00
     11.500    18.1373   4.236408    31.8881        761     3.1667  0.000e+00
     11.388    18.1373   4.236650    31.8901        762     3.1708  0.000e+00
     11.285    18.1378   4.236662    31.8899        763     3.1750  0.000e+00
     11.194    18.1384   4.236600    31.8890        764     3.1792  0.000e+00
     11.131    18.1385   4.236600    31.8889        765     3.1833  0.000e+00
     11.088    18.1384   4.236563    31.8887        766     3.1875  0.000e+00
     11.061    18.1386   4.236358    31.8868        767     3.1917  0.000e+00
     11.044    18.1381   4.236258    31.8863        768     3.1958  0.000e+00
     11.044    18.1375   4.236233    31.8866        769     3.2000  0.000e+00
     11.061    18.1370   4.236227    31.8869        770     3.2042  0.000e+00
     11.079    18.1367   4.236165    31.8866        771     3.2083  0.000e+00
     11.095    18.1364   4.236184    31.8870        772     3.2125  0.000e+00
     11.117    18.1364   4.236115    31.8865        773     3.2167  0.000e+00
     11.135    18.1359   4.235898    31.8850        774     3.2208  0.000e+00
     11.142    18.1355   4.236041    31.8866        775     3.2250  0.000e+00
     11.144    18.1351   4.235823    31.8850        776     3.2292  0.000e+00
     11.137    18.1346   4.235625    31.8837        777     3.2333  0.000e+00
     11.128    18.1337   4.235643    31.8846        778     3.2375  0.000e+00
     11.109    18.1329   4.235625    31.8851        779     3.2417  0.000e+00
     11.093    18.1325   4.236041    31.8888        780     3.2458  0.000e+00
     11.075    18.1336   4.236066    31.8883        781     3.2500  0.000e+00
     11.064    18.1343   4.235208    31.8805        782     3.2542  0.000e+00
     11.052    18.1347   4.236016    31.8870        783     3.2583  0.000e+00
     11.048    18.1351   4.236091    31.8873        784     3.2625  0.000e+00
     11.048    18.1355   4.235966    31.8860        785     3.2667  0.000e+00
     11.055    18.1354   4.235848    31.8850        786     3.2708  0.000e+00
     11.066    18.1349   4.235867    31.8855        787     3.2750  0.000e+00
     11.070    18.1349   4.235867    31.8855        788     3.2792  0.000e+00
     11.073    18.1348   4.235892    31.8859        789     3.2833  0.000e+00
     11.073    18.1347   4.235823    31.8854        790     3.2875  0.000e+00
     11.066    18.1345   4.235823    31.8855        791     3.2917  0.000e+00
     11.041    18.1345   4.235749    31.8849        792     3.2958  0.000e+00
     11.019    18.1343   4.235749    31.8851        793     3.3000  0.000e+00
     10.981    18.1340   4.235643    31.8844        794     3.3042  0.000e+00
     10.934    18.1337   4.235674    31.8849        795     3.3083  0.000e+00
     10.885    18.1337   4.235991    31.8876        796     3.3125  0.000e+00
     10.826    18.1343   4.236053    31.8877        797     3.3167  0.000e+00
     10.761    18.1348   4.236066    31.8874        798     3.3208  0.000e+00
     10.688    18.1353   4.235991    31.8864        799     3.3250  0.000e+00
     10.609    18.1352   4.235991    31.8865        800     3.3292  0.000e+00
     10.535    18.1355   4.235923    31.8858        801     3.3333  0.000e+00
     10.446    18.1354   4.236165    31.8879        802     3.3375  0.000e+00
     10.374    18.1358   4.236065    31.8868        803     3.3417  0.000e+00
     10.302    18.1358   4.236115    31.8872        804     3.3458  0.000e+00
     10.224    18.1361   4.236308    31.8886        805     3.3500  0.000e+00
     10.164    18.1363   4.236332    31.8887        806     3.3542  0.000e+00
     10.106    18.1367   4.236183    31.8872        807     3.3583  0.000e+00
     10.056    18.1367   4.235823    31.8841        808     3.3625  0.000e+00
     10.018    18.1360   4.235742    31.8840        809     3.3667  0.000e+00
      9.980    18.1354   4.235724    31.8844        810     3.3708  0.000e+00
      9.944    18.1347   4.235798    31.8855        811     3.3750  0.000e+00
      9.906    18.1347   4.235748    31.8851        812     3.3792  0.000e+00
      9.859    18.1343   4.235742    31.8854        813     3.3833  0.000e+00
      9.801    18.1343   4.235773    31.8857        814     3.3875  0.000e+00
      9.732    18.1342   4.235798    31.8860        815     3.3917  0.000e+00
      9.671    18.1343   4.235674    31.8849        816     3.3958  0.000e+00
      9.600    18.1337   4.235643    31.8851        817     3.4000  0.000e+00
      9.543    18.1336   4.235624    31.8851        818     3.4042  0.000e+00
      9.481    18.1335   4.235649    31.8854        819     3.4083  0.000e+00
      9.439    18.1334   4.235624    31.8853        820     3.4125  0.000e+00
      9.389    18.1333   4.235618    31.8853        821     3.4167  0.000e+00
      9.349    18.1328   4.235674    31.8862        822     3.4208  0.000e+00
      9.309    18.1330   4.235698    31.8862        823     3.4250  0.000e+00
      9.289    18.1330   4.235698    31.8862        824     3.4292  0.000e+00
      9.271    18.1332   4.235643    31.8856        825     3.4333  0.000e+00
      9.252    18.1332   4.235674    31.8859        826     3.4375  0.000e+00
      9.228    18.1334   4.235674    31.8857        827     3.4417  0.000e+00
      9.212    18.1334   4.235618    31.8853        828     3.4458  0.000e+00
      9.197    18.1334   4.235599    31.8851        829     3.4500  0.000e+00
      9.170    18.1334   4.235624    31.8853        830     3.4542  0.000e+00
