HB2304/sbe102.cnv
* Sea-Bird SBE 19plus V2 Data File:
* FileName = C:\cruise\data\sbe102.hex
* Software Version Seasave V 7.26.7.121
* Temperature SN = 7037
* Conductivity SN = 7037
* System UpLoad Time = Nov 01 2023 06:20:04
** Ship: Bigelow
** Cruise:  HB2304
** Program:  Fall Bottom Trawl
# nquan = 7
# nvalues = 1372                                  
# units = specified
# name 0 = depSM: Depth [salt water, m], lat = 40.00
# name 1 = tv290C: Temperature [ITS-90, deg C]
# name 2 = c0S/m: Conductivity [S/m]
# name 3 = sal00: Salinity, Practical [PSU]
# name 4 = scan: Scan Count
# name 5 = timeM: Time, Elapsed [minutes]
# name 6 = flag:  0.000e+00
# span 0 =     -0.081,     37.469                 
# span 1 =     8.0959,    13.4358                 
# span 2 =   0.000061,   3.783687                 
# span 3 =     0.0040,    33.0002                 
# span 4 =         11,       1382                 
# span 5 =     0.0417,     5.7542                 
# span 6 = 0.0000e+00, 0.0000e+00                 
# interval = seconds: 0.25
# start_time = Nov 01 2023 06:20:04 [System UTC, header]
# bad_flag = -9.990e-29
*END*
[from data line 616]
     36.399    13.3988   3.780273    31.6530        627     2.6083  0.000e+00
     36.473    13.3960   3.780208    31.6547        628     2.6125  0.000e+00
     36.532    13.3919   3.780249    31.6584        629     2.6167  0.000e+00
     36.587    13.3896   3.780338    31.6611        630     2.6208  0.000e+00
     36.619    13.3881   3.780510    31.6640        631     2.6250  0.000e+00
     36.636    13.3871   3.780783    31.6674        632     2.6292  0.000e+00
     36.630    13.3870   3.781067    31.6701        633     2.6333  0.000e+00
     36.603    13.3878   3.781690    31.6753        634     2.6375  0.000e+00
     36.547    13.3908   3.782798    31.6831        635     2.6417  0.000e+00
     36.469    13.3963   3.783178    31.6821        636     2.6458  0.000e+00
     36.397    13.4022   3.783462    31.6798        637     2.6500  0.000e+00
     36.317    13.4073   3.783504    31.6761        638     2.6542  0.000e+00
     36.247    13.4110   3.783509    31.6731        639     2.6583  0.000e+00
     36.180    13.4134   3.783486    31.6709        640     2.6625  0.000e+00
     36.127    13.4149   3.783480    31.6696        641     2.6667  0.000e+00
     36.082    13.4159   3.783462    31.6686        642     2.6708  0.000e+00
     36.052    13.4165   3.783432    31.6679        643     2.6750  0.000e+00
     36.026    13.4170   3.783355    31.6667        644     2.6792  0.000e+00
     36.001    13.4174   3.783308    31.6659        645     2.6833  0.000e+00
     35.988    13.4178   3.783248    31.6651        646     2.6875  0.000e+00
     35.967    13.4180   3.783266    31.6651        647     2.6917  0.000e+00
     35.940    13.4182   3.783343    31.6657        648     2.6958  0.000e+00
     35.907    13.4181   3.783397    31.6663        649     2.7000  0.000e+00
     35.864    13.4182   3.783444    31.6666        650     2.7042  0.000e+00
     35.799    13.4182   3.783503    31.6672        651     2.7083  0.000e+00
     35.739    13.4182   3.783551    31.6676        652     2.7125  0.000e+00
     35.672    13.4187   3.783574    31.6675        653     2.7167  0.000e+00
     35.616    13.4189   3.783551    31.6671        654     2.7208  0.000e+00
     35.573    13.4189   3.783533    31.6670        655     2.7250  0.000e+00
     35.536    13.4191   3.783479    31.6664        656     2.7292  0.000e+00
     35.516    13.4190   3.783420    31.6659        657     2.7333  0.000e+00
     35.497    13.4191   3.783343    31.6651        658     2.7375  0.000e+00
     35.486    13.4191   3.783266    31.6644        659     2.7417  0.000e+00
     35.479    13.4190   3.783201    31.6639        660     2.7458  0.000e+00
     35.471    13.4191   3.783130    31.6632        661     2.7500  0.000e+00
     35.461    13.4191   3.783112    31.6630        662     2.7542  0.000e+00
     35.448    13.4192   3.783153    31.6633        663     2.7583  0.000e+00
     35.424    13.4190   3.783201    31.6639        664     2.7625  0.000e+00
     35.399    13.4191   3.783266    31.6645        665     2.7667  0.000e+00
     35.363    13.4190   3.783343    31.6652        666     2.7708  0.000e+00
     35.318    13.4186   3.783396    31.6661        667     2.7750  0.000e+00
     35.260    13.4183   3.783485    31.6672        668     2.7792  0.000e+00
     35.198    13.4178   3.783503    31.6678        669     2.7833  0.000e+00
     35.137    13.4180   3.783550    31.6681        670     2.7875  0.000e+00
     35.074    13.4182   3.783574    31.6681        671     2.7917  0.000e+00
     35.009    13.4185   3.783622    31.6683        672     2.7958  0.000e+00
     34.938    13.4188   3.783663    31.6686        673     2.8000  0.000e+00
     34.871    13.4188   3.783687    31.6688        674     2.8042  0.000e+00
     34.795    13.4188   3.783687    31.6689        675     2.8083  0.000e+00
     34.712    13.4186   3.783687    31.6690        676     2.8125  0.000e+00
     34.645    13.4184   3.783663    31.6690        677     2.8167  0.000e+00
     34.573    13.4182   3.783663    31.6692        678     2.8208  0.000e+00
     34.506    13.4180   3.783663    31.6694        679     2.8250  0.000e+00
     34.445    13.4178   3.783639    31.6693        680     2.8292  0.000e+00
     34.392    13.4175   3.783639    31.6696        681     2.8333  0.000e+00
     34.345    13.4173   3.783621    31.6696        682     2.8375  0.000e+00
     34.309    13.4171   3.783598    31.6696        683     2.8417  0.000e+00
     34.289    13.4169   3.783550    31.6693        684     2.8458  0.000e+00
     34.269    13.4167   3.783509    31.6691        685     2.8500  0.000e+00
     34.264    13.4167   3.783479    31.6688        686     2.8542  0.000e+00
     34.257    13.4167   3.783443    31.6685        687     2.8583  0.000e+00
     34.249    13.4168   3.783420    31.6682        688     2.8625  0.000e+00
     34.240    13.4167   3.783432    31.6684        689     2.8667  0.000e+00
     34.222    13.4169   3.783443    31.6684        690     2.8708  0.000e+00
     34.199    13.4168   3.783455    31.6686        691     2.8750  0.000e+00
     34.166    13.4166   3.783509    31.6692        692     2.8792  0.000e+00
     34.118    13.4166   3.783550    31.6697        693     2.8833  0.000e+00
     34.058    13.4164   3.783574    31.6700        694     2.8875  0.000e+00
     33.991    13.4163   3.783639    31.6707        695     2.8917  0.000e+00
     33.919    13.4164   3.783639    31.6707        696     2.8958  0.000e+00
     33.832    13.4167   3.783663    31.6707        697     2.9000  0.000e+00
     33.738    13.4169   3.783663    31.6706        698     2.9042  0.000e+00
     33.639    13.4170   3.783686    31.6708        699     2.9083  0.000e+00
     33.539    13.4171   3.783663    31.6705        700     2.9125  0.000e+00
     33.436    13.4174   3.783639    31.6701        701     2.9167  0.000e+00
     33.355    13.4171   3.783639    31.6703        702     2.9208  0.000e+00
     33.279    13.4172   3.783621    31.6701        703     2.9250  0.000e+00
     33.221    13.4171   3.783597    31.6700        704     2.9292  0.000e+00
     33.174    13.4171   3.783550    31.6696        705     2.9333  0.000e+00
     33.140    13.4171   3.783532    31.6695        706     2.9375  0.000e+00
     33.118    13.4169   3.783479    31.6692        707     2.9417  0.000e+00
     33.105    13.4170   3.783443    31.6687        708     2.9458  0.000e+00
     33.091    13.4169   3.783384    31.6683        709     2.9500  0.000e+00
     33.080    13.4169   3.783372    31.6682        710     2.9542  0.000e+00
     33.055    13.4171   3.783443    31.6687        711     2.9583  0.000e+00
     33.013    13.4169   3.783502    31.6694        712     2.9625  0.000e+00
     32.972    13.4167   3.783532    31.6698        713     2.9667  0.000e+00
     32.921    13.4164   3.783573    31.6705        714     2.9708  0.000e+00
     32.860    13.4163   3.783597    31.6708        715     2.9750  0.000e+00
     32.784    13.4165   3.783597    31.6707        716     2.9792  0.000e+00
     32.710    13.4164   3.783615    31.6710        717     2.9833  0.000e+00
     32.634    13.4166   3.783621    31.6709        718     2.9875  0.000e+00
     32.559    13.4166   3.783597    31.6707        719     2.9917  0.000e+00
     32.496    13.4167   3.783597    31.6706        720     2.9958  0.000e+00
     32.457    13.4166   3.783550    31.6703        721     3.0000  0.000e+00
     32.428    13.4168   3.783526    31.6699        722     3.0042  0.000e+00
     32.413    13.4166   3.783484    31.6697        723     3.0083  0.000e+00
     32.409    13.4167   3.783431    31.6691        724     3.0125  0.000e+00
     32.404    13.4167   3.783395    31.6688        725     3.0167  0.000e+00
     32.402    13.4165   3.783330    31.6684        726     3.0208  0.000e+00
     32.395    13.4166   3.783318    31.6682        727     3.0250  0.000e+00
     32.379    13.4165   3.783289    31.6680        728     3.0292  0.000e+00
     32.348    13.4163   3.783360    31.6688        729     3.0333  0.000e+00
     32.301    13.4163   3.783443    31.6696        730     3.0375  0.000e+00
     32.241    13.4161   3.783508    31.6704        731     3.0417  0.000e+00
     32.184    13.4160   3.783549    31.6709        732     3.0458  0.000e+00
     32.099    13.4159   3.783573    31.6712        733     3.0500  0.000e+00
     32.019    13.4162   3.783573    31.6710        734     3.0542  0.000e+00
     31.938    13.4165   3.783573    31.6708        735     3.0583  0.000e+00
     31.862    13.4166   3.783573    31.6708        736     3.0625  0.000e+00
     31.786    13.4168   3.783573    31.6706        737     3.0667  0.000e+00
     31.706    13.4171   3.783573    31.6704        738     3.0708  0.000e+00
     31.639    13.4170   3.783549    31.6703        739     3.0750  0.000e+00
     31.569    13.4171   3.783549    31.6702        740     3.0792  0.000e+00
     31.491    13.4173   3.783549    31.6701        741     3.0833  0.000e+00
     31.428    13.4176   3.783549    31.6699        742     3.0875  0.000e+00
     31.365    13.4176   3.783573    31.6701        743     3.0917  0.000e+00
     31.296    13.4177   3.783549    31.6699        744     3.0958  0.000e+00
     31.233    13.4174   3.783549    31.6701        745     3.1000  0.000e+00
     31.175    13.4176   3.783531    31.6698        746     3.1042  0.000e+00
     31.126    13.4176   3.783525    31.6698        747     3.1083  0.000e+00
     31.081    13.4178   3.783484    31.6692        748     3.1125  0.000e+00
     31.050    13.4179   3.783442    31.6688        749     3.1167  0.000e+00
     31.036    13.4178   3.783359    31.6681        750     3.1208  0.000e+00
     31.030    13.4177   3.783306    31.6677        751     3.1250  0.000e+00
     31.038    13.4177   3.783341    31.6680        752     3.1292  0.000e+00
     31.054    13.4176   3.783306    31.6677        753     3.1333  0.000e+00
     31.072    13.4171   3.783288    31.6679        754     3.1375  0.000e+00
     31.083    13.4166   3.783247    31.6680        755     3.1417  0.000e+00
     31.077    13.4162   3.783175    31.6677        756     3.1458  0.000e+00
     31.063    13.4160   3.783152    31.6676        757     3.1500  0.000e+00
     31.025    13.4157   3.783241    31.6687        758     3.1542  0.000e+00
     30.973    13.4157   3.783371    31.6700        759     3.1583  0.000e+00
     30.911    13.4162   3.783454    31.6703        760     3.1625  0.000e+00
     30.834    13.4169   3.783484    31.6700        761     3.1667  0.000e+00
     30.749    13.4180   3.783478    31.6692        762     3.1708  0.000e+00
     30.669    13.4187   3.783484    31.6686        763     3.1750  0.000e+00
     30.591    13.4190   3.783484    31.6684        764     3.1792  0.000e+00
     30.523    13.4191   3.783478    31.6683        765     3.1833  0.000e+00
     30.467    13.4189   3.783484    31.6685        766     3.1875  0.000e+00
     30.420    13.4187   3.783418    31.6681        767     3.1917  0.000e+00
     30.387    13.4185   3.783383    31.6679        768     3.1958  0.000e+00
     30.374    13.4185   3.783353    31.6677        769     3.2000  0.000e+00
     30.365    13.4186   3.783341    31.6675        770     3.2042  0.000e+00
     30.358    13.4187   3.783329    31.6673        771     3.2083  0.000e+00
     30.358    13.4186   3.783306    31.6672        772     3.2125  0.000e+00
     30.353    13.4186   3.783246    31.6666        773     3.2167  0.000e+00
     30.340    13.4188   3.783240    31.6664        774     3.2208  0.000e+00
     30.313    13.4188   3.783270    31.6667        775     3.2250  0.000e+00
     30.279    13.4188   3.783329    31.6672        776     3.2292  0.000e+00
     30.224    13.4188   3.783395    31.6679        777     3.2333  0.000e+00
     30.163    13.4185   3.783406    31.6683        778     3.2375  0.000e+00
     30.089    13.4183   3.783442    31.6688        779     3.2417  0.000e+00
     30.008    13.4185   3.783477    31.6690        780     3.2458  0.000e+00
     29.921    13.4189   3.783460    31.6685        781     3.2500  0.000e+00
     29.832    13.4190   3.783483    31.6687        782     3.2542  0.000e+00
     29.745    13.4188   3.783501    31.6691        783     3.2583  0.000e+00
     29.655    13.4186   3.783483    31.6691        784     3.2625  0.000e+00
     29.570    13.4184   3.783477    31.6693        785     3.2667  0.000e+00
     29.496    13.4182   3.783459    31.6692        786     3.2708  0.000e+00
     29.438    13.4182   3.783418    31.6689        787     3.2750  0.000e+00
     29.393    13.4184   3.783430    31.6689        788     3.2792  0.000e+00
     29.359    13.4185   3.783370    31.6683        789     3.2833  0.000e+00
     29.333    13.4187   3.783359    31.6680        790     3.2875  0.000e+00
     29.317    13.4188   3.783287    31.6673        791     3.2917  0.000e+00
     29.306    13.4187   3.783240    31.6669        792     3.2958  0.000e+00
     29.295    13.4188   3.783222    31.6667        793     3.3000  0.000e+00
     29.290    13.4188   3.783216    31.6666        794     3.3042  0.000e+00
     29.283    13.4185   3.783199    31.6666        795     3.3083  0.000e+00
     29.274    13.4182   3.783199    31.6670        796     3.3125  0.000e+00
     29.270    13.4175   3.783175    31.6673        797     3.3167  0.000e+00
     29.252    13.4171   3.783175    31.6677        798     3.3208  0.000e+00
     29.230    13.4166   3.783127    31.6676        799     3.3250  0.000e+00
     29.216    13.4162   3.783104    31.6677        800     3.3292  0.000e+00
     29.200    13.4159   3.783062    31.6676        801     3.3333  0.000e+00
     29.184    13.4156   3.782997    31.6672        802     3.3375  0.000e+00
     29.167    13.4157   3.782967    31.6669        803     3.3417  0.000e+00
     29.146    13.4155   3.782949    31.6669        804     3.3458  0.000e+00
     29.122    13.4155   3.782967    31.6671        805     3.3500  0.000e+00
     29.095    13.4158   3.783038    31.6675        806     3.3542  0.000e+00
     29.063    13.4164   3.783151    31.6681        807     3.3583  0.000e+00
     29.023    13.4174   3.783246    31.6682        808     3.3625  0.000e+00
     28.976    13.4188   3.783287    31.6674        809     3.3667  0.000e+00
     28.920    13.4200   3.783329    31.6668        810     3.3708  0.000e+00
     28.853    13.4208   3.783382    31.6666        811     3.3750  0.000e+00
     28.773    13.4213   3.783394    31.6664        812     3.3792  0.000e+00
     28.694    13.4218   3.783382    31.6658        813     3.3833  0.000e+00
     28.607    13.4219   3.783418    31.6661        814     3.3875  0.000e+00
     28.519    13.4221   3.783394    31.6658        815     3.3917  0.000e+00
     28.419    13.4218   3.783406    31.6662        816     3.3958  0.000e+00
     28.331    13.4219   3.783394    31.6660        817     3.4000  0.000e+00
     28.246    13.4221   3.783382    31.6658        818     3.4042  0.000e+00
     28.157    13.4229   3.783370    31.6650        819     3.4083  0.000e+00
     28.088    13.4235   3.783352    31.6644        820     3.4125  0.000e+00
     28.014    13.4243   3.783340    31.6637        821     3.4167  0.000e+00
     27.962    13.4247   3.783305    31.6630        822     3.4208  0.000e+00
     27.928    13.4250   3.783245    31.6622        823     3.4250  0.000e+00
     27.906    13.4253   3.783198    31.6616        824     3.4292  0.000e+00
     27.895    13.4255   3.783127    31.6607        825     3.4333  0.000e+00
     27.899    13.4255   3.783103    31.6605        826     3.4375  0.000e+00
     27.915    13.4252   3.783109    31.6608        827     3.4417  0.000e+00
     27.929    13.4241   3.783103    31.6617        828     3.4458  0.000e+00
     27.947    13.4234   3.783127    31.6625        829     3.4500  0.000e+00
     27.964    13.4228   3.783109    31.6628        830     3.4542  0.000e+00
