HB2304/sbe127.cnv
* Sea-Bird SBE 19plus V2 Data File:
* FileName = C:\cruise\data\sbe127.hex
* Software Version Seasave V 7.26.7.121
* Temperature SN = 7037
* Conductivity SN = 7037
* System UpLoad Time = Nov 08 2023 17:38:04
** Ship: Bigelow
** Cruise:  HB2304
** Program:  Fall Bottom Trawl
# nquan = 8
# nvalues = 2393                                  
# units = specified
# name 0 = depSM: Depth [salt water, m], lat = 40.00
# name 1 = tv290C: Temperature [ITS-90, deg C]
# name 2 = c0S/m: Conductivity [S/m]
# name 3 = sal00: Salinity, Practical [PSU]
# name 4 = scan: Scan Count
# name 5 = timeM: Time, Elapsed [minutes]
# name 6 = sbeox0V: Oxygen raw, SBE 43 [V]
# name 7 = flag:  0.000e+00
# span 0 =     -0.060,     86.482                 
# span 1 =     4.6677,    11.6207                 
# span 2 =   0.000025,   3.673534                 
# span 3 =     0.0017,    32.8043                 
# span 4 =         11,       2403                 
# span 5 =     0.0417,    10.0083                 
# span 6 =     2.1163,     3.1328                 
# span 7 = 0.0000e+00, 0.0000e+00                 
# interval = seconds: 0.25
# start_time = Nov 08 2023 17:38:04 [System UTC, header]
# bad_flag = -9.990e-29
*END*
[from data line 720]
     64.981    11.3179   3.638833    32.0567        731     3.0417     2.2336  0.000e+00
     65.105    11.3164   3.639120    32.0607        732     3.0458     2.2303  0.000e+00
     65.232    11.3148   3.639073    32.0616        733     3.0500     2.2259  0.000e+00
     65.344    11.3132   3.639009    32.0623        734     3.0542     2.2236  0.000e+00
     65.465    11.3116   3.638524    32.0589        735     3.0583     2.2224  0.000e+00
     65.588    11.3101   3.637946    32.0545        736     3.0625     2.2207  0.000e+00
     65.705    11.3082   3.637661    32.0533        737     3.0667     2.2192  0.000e+00
     65.821    11.3064   3.637614    32.0544        738     3.0708     2.2203  0.000e+00
     65.939    11.3050   3.637649    32.0559        739     3.0750     2.2180  0.000e+00
     66.060    11.3047   3.637637    32.0560        740     3.0792     2.2140  0.000e+00
     66.179    11.3057   3.637526    32.0540        741     3.0833     2.2147  0.000e+00
     66.297    11.3065   3.636908    32.0472        742     3.0875     2.2128  0.000e+00
     66.407    11.3063   3.636149    32.0399        743     3.0917     2.2116  0.000e+00
     66.530    11.3050   3.635712    32.0367        744     3.0958     2.2094  0.000e+00
     66.649    11.3034   3.635624    32.0371        745     3.1000     2.2067  0.000e+00
     66.767    11.3016   3.635887    32.0412        746     3.1042     2.2034  0.000e+00
     66.881    11.3003   3.636826    32.0515        747     3.1083     2.2020  0.000e+00
     67.002    11.2998   3.636972    32.0533        748     3.1125     2.1963  0.000e+00
     67.125    11.2999   3.636996    32.0534        749     3.1167     2.1927  0.000e+00
     67.242    11.2994   3.637130    32.0551        750     3.1208     2.1892  0.000e+00
     67.360    11.2985   3.637037    32.0549        751     3.1250     2.1862  0.000e+00
     67.484    11.2985   3.636973    32.0543        752     3.1292     2.1846  0.000e+00
     67.591    11.2981   3.637060    32.0554        753     3.1333     2.1818  0.000e+00
     67.710    11.2978   3.637171    32.0567        754     3.1375     2.1802  0.000e+00
     67.832    11.2978   3.637370    32.0585        755     3.1417     2.1787  0.000e+00
     67.949    11.2983   3.637568    32.0601        756     3.1458     2.1788  0.000e+00
     68.065    11.2991   3.637679    32.0604        757     3.1500     2.1789  0.000e+00
     68.184    11.2998   3.637726    32.0602        758     3.1542     2.1802  0.000e+00
     68.307    11.3005   3.637860    32.0608        759     3.1583     2.1808  0.000e+00
     68.425    11.3016   3.637924    32.0605        760     3.1625     2.1856  0.000e+00
     68.542    11.3028   3.638158    32.0617        761     3.1667     2.1878  0.000e+00
     68.669    11.3046   3.638858    32.0669        762     3.1708     2.1914  0.000e+00
     68.792    11.3080   3.639209    32.0673        763     3.1750     2.1959  0.000e+00
     68.918    11.3105   3.639366    32.0666        764     3.1792     2.1995  0.000e+00
     69.050    11.3114   3.639430    32.0664        765     3.1833     2.2046  0.000e+00
     69.177    11.3112   3.639501    32.0673        766     3.1875     2.2105  0.000e+00
     69.307    11.3106   3.639629    32.0690        767     3.1917     2.2150  0.000e+00
     69.437    11.3106   3.639962    32.0722        768     3.1958     2.2179  0.000e+00
     69.569    11.3107   3.639939    32.0719        769     3.2000     2.2238  0.000e+00
     69.696    11.3113   3.639518    32.0671        770     3.2042     2.2269  0.000e+00
     69.819    11.3116   3.638812    32.0599        771     3.2083     2.2295  0.000e+00
     69.940    11.3107   3.637901    32.0517        772     3.2125     2.2295  0.000e+00
     70.055    11.3088   3.637860    32.0529        773     3.2167     2.2289  0.000e+00
     70.176    11.3070   3.639302    32.0686        774     3.2208     2.2295  0.000e+00
     70.294    11.3057   3.639565    32.0722        775     3.2250     2.2277  0.000e+00
     70.413    11.3048   3.639367    32.0710        776     3.2292     2.2250  0.000e+00
     70.531    11.3033   3.639186    32.0705        777     3.2333     2.2227  0.000e+00
     70.645    11.3017   3.639069    32.0707        778     3.2375     2.2170  0.000e+00
     70.762    11.3010   3.638987    32.0704        779     3.2417     2.2150  0.000e+00
     70.880    11.3002   3.638988    32.0711        780     3.2458     2.2139  0.000e+00
     71.001    11.2993   3.638859    32.0706        781     3.2500     2.2117  0.000e+00
     71.117    11.3000   3.639075    32.0720        782     3.2542     2.2103  0.000e+00
     71.234    11.3007   3.639455    32.0751        783     3.2583     2.2101  0.000e+00
     71.353    11.3015   3.639589    32.0757        784     3.2625     2.2101  0.000e+00
     71.464    11.3024   3.639764    32.0766        785     3.2667     2.2111  0.000e+00
     71.579    11.3030   3.639612    32.0745        786     3.2708     2.2141  0.000e+00
     71.692    11.3033   3.639706    32.0751        787     3.2750     2.2142  0.000e+00
     71.798    11.3031   3.639630    32.0745        788     3.2792     2.2184  0.000e+00
     71.907    11.3024   3.639700    32.0758        789     3.2833     2.2231  0.000e+00
     72.010    11.3013   3.639566    32.0753        790     3.2875     2.2244  0.000e+00
     72.124    11.3002   3.639116    32.0718        791     3.2917     2.2277  0.000e+00
     72.236    11.2993   3.639519    32.0765        792     3.2958     2.2269  0.000e+00
     72.346    11.2985   3.640208    32.0839        793     3.3000     2.2290  0.000e+00
     72.465    11.2988   3.640343    32.0849        794     3.3042     2.2274  0.000e+00
     72.583    11.3001   3.640407    32.0844        795     3.3083     2.2289  0.000e+00
     72.699    11.3023   3.640430    32.0826        796     3.3125     2.2295  0.000e+00
     72.811    11.3029   3.640541    32.0831        797     3.3167     2.2321  0.000e+00
     72.921    11.3025   3.640051    32.0786        798     3.3208     2.2331  0.000e+00
     73.037    11.3022   3.639613    32.0746        799     3.3250     2.2352  0.000e+00
     73.147    11.3020   3.639642    32.0750        800     3.3292     2.2373  0.000e+00
     73.257    11.3008   3.639852    32.0780        801     3.3333     2.2386  0.000e+00
     73.371    11.2994   3.639963    32.0803        802     3.3375     2.2366  0.000e+00
     73.487    11.2997   3.640273    32.0830        803     3.3417     2.2353  0.000e+00
     73.592    11.3003   3.640623    32.0859        804     3.3458     2.2333  0.000e+00
     73.709    11.3002   3.641032    32.0900        805     3.3500     2.2322  0.000e+00
     73.827    11.3004   3.641318    32.0925        806     3.3542     2.2295  0.000e+00
     73.948    11.3009   3.641563    32.0945        807     3.3583     2.2264  0.000e+00
     74.075    11.3007   3.641365    32.0926        808     3.3625     2.2230  0.000e+00
     74.194    11.2994   3.641231    32.0924        809     3.3667     2.2221  0.000e+00
     74.312    11.2978   3.641143    32.0928        810     3.3708     2.2236  0.000e+00
     74.427    11.2963   3.640764    32.0904        811     3.3750     2.2230  0.000e+00
     74.545    11.2950   3.640367    32.0876        812     3.3792     2.2234  0.000e+00
     74.660    11.2939   3.640238    32.0872        813     3.3833     2.2228  0.000e+00
     74.774    11.2929   3.640186    32.0875        814     3.3875     2.2220  0.000e+00
     74.881    11.2920   3.640122    32.0876        815     3.3917     2.2208  0.000e+00
     74.986    11.2911   3.639876    32.0860        816     3.3958     2.2144  0.000e+00
     75.096    11.2899   3.639497    32.0833        817     3.4000     2.2144  0.000e+00
     75.210    11.2887   3.639480    32.0841        818     3.4042     2.2118  0.000e+00
     75.324    11.2873   3.640075    32.0911        819     3.4083     2.2073  0.000e+00
     75.442    11.2863   3.641144    32.1024        820     3.4125     2.2041  0.000e+00
     75.563    11.2857   3.641658    32.1079        821     3.4167     2.2021  0.000e+00
     75.686    11.2857   3.641897    32.1102        822     3.4208     2.1987  0.000e+00
     75.809    11.2867   3.641827    32.1086        823     3.4250     2.1969  0.000e+00
     75.939    11.2878   3.641564    32.1050        824     3.4292     2.1976  0.000e+00
     76.069    11.2878   3.641196    32.1013        825     3.4333     2.2005  0.000e+00
     76.188    11.2869   3.640788    32.0981        826     3.4375     2.2026  0.000e+00
     76.308    11.2852   3.640076    32.0925        827     3.4417     2.2039  0.000e+00
     76.427    11.2834   3.639743    32.0908        828     3.4458     2.2059  0.000e+00
     76.546    11.2811   3.640940    32.1045        829     3.4500     2.2068  0.000e+00
     76.666    11.2800   3.641109    32.1070        830     3.4542     2.2074  0.000e+00
     76.781    11.2790   3.640788    32.1047        831     3.4583     2.2049  0.000e+00
     76.901    11.2772   3.640076    32.0993        832     3.4625     2.2034  0.000e+00
     77.015    11.2771   3.640146    32.1000        833     3.4667     2.2008  0.000e+00
     77.130    11.2757   3.640473    32.1043        834     3.4708     2.1983  0.000e+00
     77.255    11.2731   3.640701    32.1088        835     3.4750     2.1945  0.000e+00
     77.374    11.2720   3.640631    32.1090        836     3.4792     2.1913  0.000e+00
     77.503    11.2712   3.640718    32.1105        837     3.4833     2.1873  0.000e+00
     77.622    11.2696   3.640876    32.1134        838     3.4875     2.1850  0.000e+00
     77.741    11.2687   3.640742    32.1128        839     3.4917     2.1817  0.000e+00
     77.868    11.2671   3.640432    32.1111        840     3.4958     2.1787  0.000e+00
     77.995    11.2654   3.640497    32.1131        841     3.5000     2.1768  0.000e+00
     78.112    11.2647   3.640520    32.1140        842     3.5042     2.1749  0.000e+00
     78.235    11.2639   3.640409    32.1135        843     3.5083     2.1744  0.000e+00
     78.347    11.2632   3.640257    32.1126        844     3.5125     2.1738  0.000e+00
     78.459    11.2626   3.639014    32.1008        845     3.5167     2.1747  0.000e+00
     78.568    11.2613   3.637263    32.0848        846     3.5208     2.1750  0.000e+00
     78.673    11.2594   3.636679    32.0806        847     3.5250     2.1738  0.000e+00
     78.779    11.2576   3.636510    32.0806        848     3.5292     2.1749  0.000e+00
     78.881    11.2559   3.636446    32.0813        849     3.5333     2.1741  0.000e+00
     78.991    11.2543   3.637730    32.0952        850     3.5375     2.1727  0.000e+00
     79.101    11.2535   3.638968    32.1080        851     3.5417     2.1705  0.000e+00
     79.210    11.2536   3.639569    32.1138        852     3.5458     2.1689  0.000e+00
     79.329    11.2534   3.639768    32.1159        853     3.5500     2.1676  0.000e+00
     79.443    11.2524   3.640211    32.1211        854     3.5542     2.1658  0.000e+00
     79.562    11.2511   3.640433    32.1243        855     3.5583     2.1630  0.000e+00
     79.687    11.2497   3.640538    32.1265        856     3.5625     2.1628  0.000e+00
     79.808    11.2496   3.640544    32.1266        857     3.5667     2.1650  0.000e+00
     79.931    11.2501   3.640369    32.1244        858     3.5708     2.1679  0.000e+00
     80.049    11.2507   3.640165    32.1219        859     3.5750     2.1712  0.000e+00
     80.175    11.2514   3.640031    32.1199        860     3.5792     2.1750  0.000e+00
     80.286    11.2524   3.640013    32.1188        861     3.5833     2.1794  0.000e+00
     80.401    11.2528   3.639616    32.1145        862     3.5875     2.1821  0.000e+00
     80.513    11.2520   3.638991    32.1090        863     3.5917     2.1841  0.000e+00
     80.636    11.2502   3.638630    32.1070        864     3.5958     2.1844  0.000e+00
     80.757    11.2483   3.639062    32.1129        865     3.6000     2.1841  0.000e+00
     80.879    11.2463   3.639260    32.1165        866     3.6042     2.1831  0.000e+00
     81.007    11.2448   3.639237    32.1175        867     3.6083     2.1828  0.000e+00
     81.141    11.2432   3.638571    32.1123        868     3.6125     2.1802  0.000e+00
     81.267    11.2413   3.637171    32.1001        869     3.6167     2.1773  0.000e+00
     81.401    11.2393   3.635338    32.0839        870     3.6208     2.1735  0.000e+00
     81.533    11.2373   3.634212    32.0745        871     3.6250     2.1689  0.000e+00
     81.653    11.2354   3.633856    32.0726        872     3.6292     2.1657  0.000e+00
     81.776    11.2338   3.633699    32.0724        873     3.6333     2.1613  0.000e+00
     81.888    11.2275   3.633524    32.0761        874     3.6375     2.1560  0.000e+00
     82.000    11.1992   3.633413    32.0996        875     3.6417     2.1516  0.000e+00
     82.106    11.1527   3.632994    32.1359        876     3.6458     2.1480  0.000e+00
     82.200    11.1117   3.632709    32.1689        877     3.6500     2.1432  0.000e+00
     82.305    11.0905   3.633234    32.1926        878     3.6542     2.1381  0.000e+00
     82.408    11.0915   3.635562    32.2146        879     3.6583     2.1326  0.000e+00
     82.522    11.1068   3.636385    32.2092        880     3.6625     2.1280  0.000e+00
     82.629    11.1250   3.636916    32.1985        881     3.6667     2.1230  0.000e+00
     82.747    11.1402   3.637890    32.1948        882     3.6708     2.1182  0.000e+00
     82.868    11.1533   3.638375    32.1880        883     3.6750     2.1163  0.000e+00
     82.989    11.1665   3.638643    32.1791        884     3.6792     2.1165  0.000e+00
     83.112    11.1784   3.638865    32.1709        885     3.6833     2.1176  0.000e+00
     83.238    11.1890   3.638730    32.1602        886     3.6875     2.1198  0.000e+00
     83.361    11.1978   3.638526    32.1505        887     3.6917     2.1248  0.000e+00
     83.488    11.2043   3.638287    32.1424        888     3.6958     2.1267  0.000e+00
     83.609    11.2087   3.637866    32.1344        889     3.7000     2.1294  0.000e+00
     83.727    11.2110   3.637376    32.1275        890     3.7042     2.1302  0.000e+00
     83.837    11.2113   3.636495    32.1185        891     3.7083     2.1333  0.000e+00
     83.947    11.2101   3.635229    32.1071        892     3.7125     2.1322  0.000e+00
     84.054    11.2078   3.634499    32.1019        893     3.7167     2.1344  0.000e+00
     84.161    11.2046   3.634126    32.1010        894     3.7208     2.1348  0.000e+00
     84.271    11.2017   3.634301    32.1052        895     3.7250     2.1348  0.000e+00
     84.383    11.1997   3.635690    32.1205        896     3.7292     2.1360  0.000e+00
     84.495    11.1992   3.635917    32.1231        897     3.7333     2.1371  0.000e+00
     84.616    11.1988   3.635830    32.1226        898     3.7375     2.1370  0.000e+00
     84.737    11.1972   3.636052    32.1261        899     3.7417     2.1386  0.000e+00
     84.859    11.1955   3.636221    32.1292        900     3.7458     2.1414  0.000e+00
     84.976    11.1944   3.636402    32.1319        901     3.7500     2.1441  0.000e+00
     85.094    11.1931   3.636315    32.1321        902     3.7542     2.1478  0.000e+00
     85.213    11.1921   3.636426    32.1340        903     3.7583     2.1524  0.000e+00
     85.329    11.1913   3.635895    32.1295        904     3.7625     2.1583  0.000e+00
     85.437    11.1899   3.634337    32.1154        905     3.7667     2.1626  0.000e+00
     85.546    11.1875   3.632534    32.0996        906     3.7708     2.1686  0.000e+00
     85.649    11.1847   3.631606    32.0929        907     3.7750     2.1740  0.000e+00
     85.744    11.1819   3.631116    32.0905        908     3.7792     2.1799  0.000e+00
