HB2304/sbe116.cnv
* Sea-Bird SBE 19plus V2 Data File:
* FileName = C:\cruise\data\sbe116.hex
* Software Version Seasave V 7.26.7.121
* Temperature SN = 7037
* Conductivity SN = 7037
* System UpLoad Time = Nov 05 2023 23:14:35
** Ship: Bigelow
** Cruise:  HB2304
** Program:  Fall Bottom Trawl
# nquan = 8
# nvalues = 4412                                  
# units = specified
# name 0 = depSM: Depth [salt water, m], lat = 40.00
# name 1 = tv290C: Temperature [ITS-90, deg C]
# name 2 = c0S/m: Conductivity [S/m]
# name 3 = sal00: Salinity, Practical [PSU]
# name 4 = scan: Scan Count
# name 5 = timeM: Time, Elapsed [minutes]
# name 6 = sbeox0V: Oxygen raw, SBE 43 [V]
# name 7 = flag:  0.000e+00
# span 0 =     -0.048,    200.291                 
# span 1 =     6.9219,    12.3361                 
# span 2 =   0.000057,   3.711694                 
# span 3 =     0.0064,    34.8372                 
# span 4 =         11,       4422                 
# span 5 =     0.0417,    18.4208                 
# span 6 =     2.3790,     3.2847                 
# span 7 = 0.0000e+00, 0.0000e+00                 
# interval = seconds: 0.25
# start_time = Nov 05 2023 23:14:35 [System UTC, header]
# bad_flag = -9.990e-29
*END*
[from data line 1618]
    197.015     8.9342   3.701260    34.8297       1629     6.7833     2.3833  0.000e+00
    196.933     8.9363   3.701689    34.8321       1630     6.7875     2.3839  0.000e+00
    196.841     8.9393   3.701983    34.8324       1631     6.7917     2.3829  0.000e+00
    196.747     8.9426   3.702071    34.8301       1632     6.7958     2.3837  0.000e+00
    196.647     8.9454   3.702353    34.8303       1633     6.8000     2.3844  0.000e+00
    196.541     8.9484   3.702500    34.8290       1634     6.8042     2.3840  0.000e+00
    196.439     8.9513   3.702570    34.8270       1635     6.8083     2.3850  0.000e+00
    196.331     8.9539   3.702917    34.8281       1636     6.8125     2.3856  0.000e+00
    196.229     8.9568   3.703387    34.8302       1637     6.8167     2.3862  0.000e+00
    196.119     8.9608   3.703846    34.8312       1638     6.8208     2.3872  0.000e+00
    196.012     8.9656   3.703975    34.8279       1639     6.8250     2.3865  0.000e+00
    195.911     8.9700   3.704063    34.8246       1640     6.8292     2.3866  0.000e+00
    195.800     8.9734   3.704298    34.8237       1641     6.8333     2.3878  0.000e+00
    195.697     8.9765   3.704810    34.8261       1642     6.8375     2.3875  0.000e+00
    195.587     8.9805   3.705380    34.8282       1643     6.8417     2.3881  0.000e+00
    195.477     8.9854   3.705962    34.8295       1644     6.8458     2.3893  0.000e+00
    195.366     8.9912   3.706256    34.8270       1645     6.8500     2.3902  0.000e+00
    195.247     8.9967   3.706679    34.8262       1646     6.8542     2.3909  0.000e+00
    195.124     9.0017   3.707003    34.8247       1647     6.8583     2.3920  0.000e+00
    195.004     9.0065   3.707114    34.8212       1648     6.8625     2.3920  0.000e+00
    194.883     9.0104   3.707232    34.8186       1649     6.8667     2.3923  0.000e+00
    194.758     9.0134   3.707391    34.8175       1650     6.8708     2.3918  0.000e+00
    194.637     9.0161   3.707461    34.8157       1651     6.8750     2.3926  0.000e+00
    194.514     9.0185   3.707638    34.8152       1652     6.8792     2.3920  0.000e+00
    194.384     9.0206   3.707937    34.8163       1653     6.8833     2.3926  0.000e+00
    194.262     9.0233   3.708367    34.8183       1654     6.8875     2.3927  0.000e+00
    194.134     9.0263   3.708661    34.8184       1655     6.8917     2.3926  0.000e+00
    194.004     9.0300   3.709261    34.8212       1656     6.8958     2.3934  0.000e+00
    193.880     9.0342   3.709902    34.8238       1657     6.9000     2.3932  0.000e+00
    193.761     9.0402   3.710255    34.8217       1658     6.9042     2.3942  0.000e+00
    193.643     9.0466   3.710267    34.8157       1659     6.9083     2.3950  0.000e+00
    193.520     9.0514   3.710213    34.8104       1660     6.9125     2.3947  0.000e+00
    193.396     9.0547   3.710202    34.8071       1661     6.9167     2.3960  0.000e+00
    193.272     9.0572   3.710178    34.8045       1662     6.9208     2.3962  0.000e+00
    193.149     9.0586   3.710172    34.8032       1663     6.9250     2.3972  0.000e+00
    193.016     9.0595   3.710154    34.8021       1664     6.9292     2.3966  0.000e+00
    192.883     9.0604   3.710148    34.8013       1665     6.9333     2.3972  0.000e+00
    192.753     9.0610   3.710154    34.8008       1666     6.9375     2.3960  0.000e+00
    192.612     9.0615   3.710131    34.8001       1667     6.9417     2.3975  0.000e+00
    192.480     9.0622   3.710148    34.7997       1668     6.9458     2.3988  0.000e+00
    192.346     9.0629   3.710201    34.7996       1669     6.9500     2.3978  0.000e+00
    192.205     9.0644   3.710472    34.8010       1670     6.9542     2.3994  0.000e+00
    192.073     9.0667   3.710854    34.8029       1671     6.9583     2.4002  0.000e+00
    191.937     9.0697   3.711060    34.8021       1672     6.9625     2.4008  0.000e+00
    191.809     9.0730   3.711231    34.8008       1673     6.9667     2.3988  0.000e+00
    191.676     9.0760   3.711266    34.7982       1674     6.9708     2.3996  0.000e+00
    191.548     9.0782   3.711360    34.7972       1675     6.9750     2.3998  0.000e+00
    191.414     9.0802   3.711448    34.7962       1676     6.9792     2.3999  0.000e+00
    191.286     9.0821   3.711448    34.7944       1677     6.9833     2.3992  0.000e+00
    191.152     9.0834   3.711448    34.7932       1678     6.9875     2.3997  0.000e+00
    191.021     9.0842   3.711354    34.7915       1679     6.9917     2.3998  0.000e+00
    190.882     9.0850   3.711295    34.7902       1680     6.9958     2.3999  0.000e+00
    190.739     9.0854   3.711218    34.7890       1681     7.0000     2.4011  0.000e+00
    190.596     9.0856   3.711212    34.7888       1682     7.0042     2.3999  0.000e+00
    190.448     9.0858   3.711171    34.7883       1683     7.0083     2.4008  0.000e+00
    190.294     9.0858   3.711165    34.7883       1684     7.0125     2.4016  0.000e+00
    190.138     9.0860   3.711147    34.7880       1685     7.0167     2.4014  0.000e+00
    189.985     9.0862   3.711218    34.7886       1686     7.0208     2.4016  0.000e+00
    189.834     9.0866   3.711383    34.7900       1687     7.0250     2.4016  0.000e+00
    189.672     9.0874   3.711465    34.7902       1688     7.0292     2.4019  0.000e+00
    189.520     9.0885   3.711536    34.7899       1689     7.0333     2.4008  0.000e+00
    189.369     9.0896   3.711647    34.7900       1690     7.0375     2.4028  0.000e+00
    189.219     9.0912   3.711694    34.7891       1691     7.0417     2.4032  0.000e+00
    189.073     9.0922   3.711665    34.7878       1692     7.0458     2.4030  0.000e+00
    188.931     9.0932   3.711582    34.7861       1693     7.0500     2.4032  0.000e+00
    188.794     9.0937   3.711535    34.7852       1694     7.0542     2.4040  0.000e+00
    188.660     9.0938   3.711447    34.7842       1695     7.0583     2.4031  0.000e+00
    188.532     9.0938   3.711423    34.7840       1696     7.0625     2.4029  0.000e+00
    188.405     9.0940   3.711376    34.7834       1697     7.0667     2.4045  0.000e+00
    188.277     9.0937   3.711288    34.7828       1698     7.0708     2.4042  0.000e+00
    188.146     9.0934   3.711253    34.7828       1699     7.0750     2.4042  0.000e+00
    188.011     9.0931   3.711129    34.7819       1700     7.0792     2.4039  0.000e+00
    187.878     9.0928   3.711035    34.7813       1701     7.0833     2.4038  0.000e+00
    187.746     9.0925   3.710988    34.7811       1702     7.0875     2.4029  0.000e+00
    187.607     9.0922   3.710876    34.7802       1703     7.0917     2.4035  0.000e+00
    187.462     9.0919   3.710558    34.7774       1704     7.0958     2.4026  0.000e+00
    187.319     9.0910   3.710334    34.7759       1705     7.1000     2.4028  0.000e+00
    187.169     9.0899   3.710428    34.7780       1706     7.1042     2.4024  0.000e+00
    187.023     9.0893   3.710375    34.7782       1707     7.1083     2.4039  0.000e+00
    186.869     9.0891   3.710081    34.7754       1708     7.1125     2.4039  0.000e+00
    186.713     9.0882   3.709699    34.7723       1709     7.1167     2.4041  0.000e+00
    186.565     9.0866   3.709310    34.7699       1710     7.1208     2.4040  0.000e+00
    186.418     9.0846   3.709169    34.7704       1711     7.1250     2.4037  0.000e+00
    186.272     9.0826   3.708834    34.7690       1712     7.1292     2.4037  0.000e+00
    186.123     9.0804   3.708781    34.7706       1713     7.1333     2.4040  0.000e+00
    185.975     9.0788   3.708769    34.7722       1714     7.1375     2.4041  0.000e+00
    185.839     9.0777   3.708587    34.7713       1715     7.1417     2.4049  0.000e+00
    185.700     9.0767   3.708304    34.7694       1716     7.1458     2.4054  0.000e+00
    185.562     9.0753   3.707728    34.7649       1717     7.1500     2.4067  0.000e+00
    185.425     9.0732   3.707392    34.7635       1718     7.1542     2.4066  0.000e+00
    185.289     9.0702   3.707316    34.7657       1719     7.1583     2.4061  0.000e+00
    185.152     9.0680   3.707139    34.7660       1720     7.1625     2.4073  0.000e+00
    185.021     9.0662   3.706722    34.7635       1721     7.1667     2.4070  0.000e+00
    184.878     9.0642   3.706616    34.7644       1722     7.1708     2.4067  0.000e+00
    184.739     9.0623   3.706851    34.7687       1723     7.1750     2.4061  0.000e+00
    184.593     9.0616   3.706910    34.7701       1724     7.1792     2.4075  0.000e+00
    184.442     9.0616   3.706751    34.7686       1725     7.1833     2.4059  0.000e+00
    184.299     9.0612   3.706116    34.7624       1726     7.1875     2.4065  0.000e+00
    184.144     9.0597   3.706051    34.7632       1727     7.1917     2.4077  0.000e+00
    183.997     9.0581   3.705422    34.7583       1728     7.1958     2.4076  0.000e+00
    183.845     9.0556   3.704963    34.7560       1729     7.2000     2.4081  0.000e+00
    183.697     9.0523   3.704534    34.7548       1730     7.2042     2.4085  0.000e+00
    183.556     9.0488   3.703687    34.7495       1731     7.2083     2.4089  0.000e+00
    183.416     9.0445   3.702970    34.7462       1732     7.2125     2.4098  0.000e+00
    183.286     9.0397   3.702911    34.7504       1733     7.2167     2.4091  0.000e+00
    183.150     9.0360   3.703152    34.7565       1734     7.2208     2.4096  0.000e+00
    183.035     9.0343   3.703446    34.7613       1735     7.2250     2.4093  0.000e+00
    182.913     9.0344   3.703599    34.7629       1736     7.2292     2.4104  0.000e+00
    182.792     9.0354   3.703828    34.7643       1737     7.2333     2.4093  0.000e+00
    182.671     9.0374   3.704146    34.7658       1738     7.2375     2.4100  0.000e+00
    182.543     9.0398   3.704510    34.7673       1739     7.2417     2.4103  0.000e+00
    182.409     9.0430   3.704104    34.7600       1740     7.2458     2.4103  0.000e+00
    182.269     9.0450   3.703534    34.7521       1741     7.2500     2.4103  0.000e+00
    182.123     9.0445   3.697639    34.6911       1742     7.2542     2.4116  0.000e+00
    181.974     9.0329   3.690925    34.6323       1743     7.2583     2.4111  0.000e+00
    181.815     9.0067   3.690286    34.6512       1744     7.2625     2.4113  0.000e+00
    181.663     8.9849   3.690803    34.6778       1745     7.2667     2.4090  0.000e+00
    181.495     8.9728   3.691290    34.6949       1746     7.2708     2.4085  0.000e+00
    181.339     8.9675   3.691413    34.7014       1747     7.2750     2.4078  0.000e+00
    181.184     8.9656   3.692065    34.7102       1748     7.2792     2.4080  0.000e+00
    181.019     8.9665   3.692112    34.7098       1749     7.2833     2.4087  0.000e+00
    180.869     8.9679   3.692946    34.7173       1750     7.2875     2.4100  0.000e+00
    180.724     8.9710   3.693363    34.7186       1751     7.2917     2.4107  0.000e+00
    180.590     8.9753   3.693709    34.7182       1752     7.2958     2.4104  0.000e+00
    180.464     8.9790   3.693374    34.7111       1753     7.3000     2.4110  0.000e+00
    180.346     8.9810   3.693638    34.7120       1754     7.3042     2.4120  0.000e+00
    180.230     8.9824   3.694026    34.7148       1755     7.3083     2.4129  0.000e+00
    180.120     8.9845   3.694073    34.7132       1756     7.3125     2.4133  0.000e+00
    180.011     8.9863   3.693944    34.7101       1757     7.3167     2.4130  0.000e+00
    179.901     8.9874   3.694971    34.7199       1758     7.3208     2.4139  0.000e+00
    179.785     8.9909   3.696099    34.7283       1759     7.3250     2.4149  0.000e+00
    179.664     8.9964   3.696622    34.7285       1760     7.3292     2.4155  0.000e+00
    179.546     9.0031   3.697233    34.7284       1761     7.3333     2.4150  0.000e+00
    179.414     9.0087   3.697744    34.7284       1762     7.3375     2.4142  0.000e+00
    179.279     9.0153   3.700482    34.7506       1763     7.3417     2.4144  0.000e+00
    179.137     9.0261   3.702134    34.7574       1764     7.3458     2.4138  0.000e+00
    178.991     9.0409   3.702516    34.7470       1765     7.3500     2.4157  0.000e+00
    178.843     9.0523   3.702610    34.7370       1766     7.3542     2.4149  0.000e+00
    178.685     9.0598   3.701675    34.7199       1767     7.3583     2.4157  0.000e+00
    178.533     9.0626   3.701634    34.7169       1768     7.3625     2.4152  0.000e+00
    178.378     9.0629   3.702927    34.7302       1769     7.3667     2.4164  0.000e+00
    178.229     9.0664   3.704291    34.7411       1770     7.3708     2.4170  0.000e+00
    178.077     9.0743   3.706114    34.7525       1771     7.3750     2.4177  0.000e+00
    177.929     9.0853   3.706631    34.7473       1772     7.3792     2.4181  0.000e+00
    177.786     9.0954   3.706590    34.7370       1773     7.3833     2.4192  0.000e+00
    177.648     9.1024   3.706978    34.7343       1774     7.3875     2.4204  0.000e+00
    177.513     9.1078   3.707301    34.7325       1775     7.3917     2.4204  0.000e+00
    177.386     9.1125   3.707971    34.7350       1776     7.3958     2.4204  0.000e+00
    177.252     9.1173   3.708212    34.7329       1777     7.4000     2.4195  0.000e+00
    177.133     9.1219   3.708336    34.7298       1778     7.4042     2.4217  0.000e+00
    177.001     9.1255   3.708383    34.7269       1779     7.4083     2.4225  0.000e+00
    176.876     9.1279   3.708495    34.7257       1780     7.4125     2.4228  0.000e+00
    176.751     9.1299   3.708559    34.7245       1781     7.4167     2.4228  0.000e+00
    176.624     9.1314   3.708689    34.7244       1782     7.4208     2.4226  0.000e+00
    176.499     9.1329   3.708971    34.7259       1783     7.4250     2.4223  0.000e+00
    176.366     9.1352   3.709100    34.7251       1784     7.4292     2.4224  0.000e+00
    176.237     9.1374   3.709147    34.7235       1785     7.4333     2.4218  0.000e+00
    176.109     9.1395   3.709512    34.7254       1786     7.4375     2.4223  0.000e+00
    175.966     9.1418   3.709682    34.7249       1787     7.4417     2.4229  0.000e+00
    175.836     9.1443   3.709894    34.7248       1788     7.4458     2.4231  0.000e+00
    175.689     9.1466   3.709924    34.7230       1789     7.4500     2.4218  0.000e+00
    175.551     9.1485   3.710194    34.7240       1790     7.4542     2.4224  0.000e+00
    175.396     9.1507   3.710329    34.7234       1791     7.4583     2.4221  0.000e+00
    175.242     9.1525   3.710335    34.7217       1792     7.4625     2.4233  0.000e+00
    175.085     9.1538   3.710417    34.7214       1793     7.4667     2.4220  0.000e+00
    174.920     9.1550   3.710423    34.7203       1794     7.4708     2.4223  0.000e+00
    174.757     9.1561   3.710370    34.7188       1795     7.4750     2.4218  0.000e+00
    174.594     9.1567   3.710100    34.7155       1796     7.4792     2.4226  0.000e+00
    174.430     9.1568   3.709623    34.7105       1797     7.4833     2.4222  0.000e+00
    174.278     9.1560   3.709058    34.7054       1798     7.4875     2.4202  0.000e+00
    174.129     9.1545   3.708752    34.7038       1799     7.4917     2.4210  0.000e+00
    173.985     9.1532   3.708652    34.7041       1800     7.4958     2.4206  0.000e+00
    173.851     9.1530   3.708858    34.7065       1801     7.5000     2.4199  0.000e+00
    173.720     9.1556   3.707605    34.6910       1802     7.5042     2.4204  0.000e+00
    173.596     9.1626   3.705523    34.6625       1803     7.5083     2.4205  0.000e+00
    173.476     9.1686   3.704094    34.6419       1804     7.5125     2.4202  0.000e+00
    173.362     9.1705   3.703194    34.6306       1805     7.5167     2.4201  0.000e+00
    173.248     9.1692   3.702624    34.6260       1806     7.5208     2.4206  0.000e+00
    173.140     9.1669   3.701924    34.6210       1807     7.5250     2.4200  0.000e+00
