HB2304/sbe133.cnv
* Sea-Bird SBE 19plus V2 Data File:
* FileName = C:\cruise\data\sbe133.hex
* Software Version Seasave V 7.26.7.121
* Temperature SN = 7037
* Conductivity SN = 7037
* System UpLoad Time = Nov 11 2023 15:57:49
** Ship: Bigelow
** Cruise:  HB2304
** Program:  Fall Bottom Trawl
# nquan = 8
# nvalues = 5963                                  
# units = specified
# name 0 = depSM: Depth [salt water, m], lat = 40.00
# name 1 = tv290C: Temperature [ITS-90, deg C]
# name 2 = c0S/m: Conductivity [S/m]
# name 3 = sal00: Salinity, Practical [PSU]
# name 4 = scan: Scan Count
# name 5 = timeM: Time, Elapsed [minutes]
# name 6 = sbeox0V: Oxygen raw, SBE 43 [V]
# name 7 = flag:  0.000e+00
# span 0 =     -0.026,    200.539                 
# span 1 =     6.2225,     9.9809                 
# span 2 =   0.000020,   3.642390                 
# span 3 =     0.0028,    34.4066                 
# span 4 =         11,       5973                 
# span 5 =     0.0417,    24.8833                 
# span 6 =     1.9300,     3.0683                 
# span 7 = 0.0000e+00, 0.0000e+00                 
# interval = seconds: 0.25
# start_time = Nov 11 2023 15:57:49 [System UTC, header]
# bad_flag = -9.990e-29
*END*
[from data line 4495]
     66.983     9.1151   3.553331    33.1743       4506    18.7708     2.3757  0.000e+00
     66.914     9.1207   3.553591    33.1718       4507    18.7750     2.3772  0.000e+00
     66.854     9.1261   3.553851    33.1695       4508    18.7792     2.3773  0.000e+00
     66.800     9.1317   3.553937    33.1652       4509    18.7833     2.3797  0.000e+00
     66.750     9.1360   3.554001    33.1619       4510    18.7875     2.3819  0.000e+00
     66.704     9.1392   3.553955    33.1585       4511    18.7917     2.3827  0.000e+00
     66.681     9.1413   3.554024    33.1572       4512    18.7958     2.3830  0.000e+00
     66.656     9.1433   3.554215    33.1573       4513    18.8000     2.3829  0.000e+00
     66.646     9.1460   3.554261    33.1553       4514    18.8042     2.3809  0.000e+00
     66.646     9.1479   3.554192    33.1529       4515    18.8083     2.3804  0.000e+00
     66.639     9.1490   3.554215    33.1521       4516    18.8125     2.3790  0.000e+00
     66.634     9.1494   3.554128    33.1508       4517    18.8167     2.3758  0.000e+00
     66.628     9.1490   3.554151    33.1514       4518    18.8208     2.3760  0.000e+00
     66.612     9.1477   3.554128    33.1524       4519    18.8250     2.3740  0.000e+00
     66.578     9.1459   3.554088    33.1536       4520    18.8292     2.3732  0.000e+00
     66.525     9.1438   3.554151    33.1563       4521    18.8333     2.3724  0.000e+00
     66.462     9.1425   3.554278    33.1589       4522    18.8375     2.3719  0.000e+00
     66.390     9.1422   3.554348    33.1599       4523    18.8417     2.3720  0.000e+00
     66.307     9.1431   3.554625    33.1620       4524    18.8458     2.3732  0.000e+00
     66.215     9.1465   3.554776    33.1604       4525    18.8500     2.3738  0.000e+00
     66.122     9.1513   3.554972    33.1581       4526    18.8542     2.3755  0.000e+00
     66.030     9.1569   3.554816    33.1512       4527    18.8583     2.3781  0.000e+00
     65.938     9.1611   3.554451    33.1436       4528    18.8625     2.3776  0.000e+00
     65.858     9.1630   3.553416    33.1311       4529    18.8667     2.3789  0.000e+00
     65.779     9.1629   3.552792    33.1248       4530    18.8708     2.3815  0.000e+00
     65.718     9.1620   3.552942    33.1272       4531    18.8750     2.3815  0.000e+00
     65.665     9.1623   3.553416    33.1318       4532    18.8792     2.3838  0.000e+00
     65.624     9.1646   3.553954    33.1353       4533    18.8833     2.3860  0.000e+00
     65.584     9.1684   3.554214    33.1345       4534    18.8875     2.3847  0.000e+00
     65.551     9.1729   3.554191    33.1301       4535    18.8917     2.3851  0.000e+00
     65.522     9.1766   3.553977    33.1245       4536    18.8958     2.3853  0.000e+00
     65.497     9.1785   3.553503    33.1178       4537    18.9000     2.3838  0.000e+00
     65.461     9.1782   3.552687    33.1097       4538    18.9042     2.3846  0.000e+00
     65.430     9.1758   3.552167    33.1065       4539    18.9083     2.3850  0.000e+00
     65.400     9.1729   3.551994    33.1074       4540    18.9125     2.3851  0.000e+00
     65.362     9.1704   3.552040    33.1102       4541    18.9167     2.3844  0.000e+00
     65.316     9.1691   3.552150    33.1126       4542    18.9208     2.3857  0.000e+00
     65.266     9.1687   3.552063    33.1121       4543    18.9250     2.3857  0.000e+00
     65.212     9.1689   3.551994    33.1112       4544    18.9292     2.3870  0.000e+00
     65.165     9.1693   3.551994    33.1108       4545    18.9333     2.3878  0.000e+00
     65.109     9.1700   3.551976    33.1100       4546    18.9375     2.3885  0.000e+00
     65.054     9.1708   3.551930    33.1089       4547    18.9417     2.3878  0.000e+00
     65.014     9.1714   3.551566    33.1045       4548    18.9458     2.3881  0.000e+00
     64.969     9.1713   3.550855    33.0973       4549    18.9500     2.3874  0.000e+00
     64.919     9.1699   3.550277    33.0926       4550    18.9542     2.3869  0.000e+00
     64.868     9.1677   3.549693    33.0887       4551    18.9583     2.3865  0.000e+00
     64.827     9.1648   3.549543    33.0898       4552    18.9625     2.3861  0.000e+00
     64.778     9.1624   3.549519    33.0918       4553    18.9667     2.3877  0.000e+00
     64.729     9.1606   3.549092    33.0891       4554    18.9708     2.3861  0.000e+00
     64.658     9.1585   3.548705    33.0870       4555    18.9750     2.3863  0.000e+00
     64.600     9.1564   3.548745    33.0894       4556    18.9792     2.3883  0.000e+00
     64.534     9.1552   3.548658    33.0897       4557    18.9833     2.3886  0.000e+00
     64.447     9.1539   3.548294    33.0872       4558    18.9875     2.3883  0.000e+00
     64.369     9.1525   3.548121    33.0866       4559    18.9917     2.3909  0.000e+00
     64.288     9.1511   3.547953    33.0862       4560    18.9958     2.3923  0.000e+00
     64.194     9.1500   3.548057    33.0884       4561    19.0000     2.3940  0.000e+00
     64.109     9.1494   3.547670    33.0850       4562    19.0042     2.3964  0.000e+00
     64.011     9.1487   3.547583    33.0848       4563    19.0083     2.3976  0.000e+00
     63.930     9.1481   3.547543    33.0850       4564    19.0125     2.4007  0.000e+00
     63.845     9.1475   3.547433    33.0844       4565    19.0167     2.4004  0.000e+00
     63.774     9.1472   3.547369    33.0841       4566    19.0208     2.4014  0.000e+00
     63.720     9.1468   3.547352    33.0843       4567    19.0250     2.4031  0.000e+00
     63.662     9.1468   3.547329    33.0841       4568    19.0292     2.4038  0.000e+00
     63.632     9.1466   3.547306    33.0841       4569    19.0333     2.4062  0.000e+00
     63.603     9.1468   3.547306    33.0839       4570    19.0375     2.4048  0.000e+00
     63.594     9.1465   3.547329    33.0844       4571    19.0417     2.4032  0.000e+00
     63.590     9.1465   3.547369    33.0848       4572    19.0458     2.4028  0.000e+00
     63.581     9.1465   3.547369    33.0848       4573    19.0500     2.4012  0.000e+00
     63.579     9.1466   3.547456    33.0856       4574    19.0542     2.4003  0.000e+00
     63.578     9.1466   3.547502    33.0861       4575    19.0583     2.3990  0.000e+00
     63.570     9.1467   3.547520    33.0862       4576    19.0625     2.3967  0.000e+00
     63.554     9.1467   3.547502    33.0860       4577    19.0667     2.3947  0.000e+00
     63.523     9.1468   3.547456    33.0855       4578    19.0708     2.3940  0.000e+00
     63.480     9.1470   3.547433    33.0851       4579    19.0750     2.3937  0.000e+00
     63.418     9.1470   3.547392    33.0846       4580    19.0792     2.3938  0.000e+00
     63.346     9.1470   3.547392    33.0847       4581    19.0833     2.3929  0.000e+00
     63.261     9.1471   3.547392    33.0846       4582    19.0875     2.3948  0.000e+00
     63.169     9.1474   3.547369    33.0842       4583    19.0917     2.3957  0.000e+00
     63.068     9.1475   3.547306    33.0834       4584    19.0958     2.3980  0.000e+00
     62.952     9.1475   3.547242    33.0829       4585    19.1000     2.3995  0.000e+00
     62.835     9.1479   3.547219    33.0823       4586    19.1042     2.4012  0.000e+00
     62.714     9.1482   3.547265    33.0826       4587    19.1083     2.4039  0.000e+00
     62.609     9.1488   3.547265    33.0821       4588    19.1125     2.4060  0.000e+00
     62.493     9.1494   3.547352    33.0824       4589    19.1167     2.4069  0.000e+00
     62.410     9.1506   3.547415    33.0820       4590    19.1208     2.4081  0.000e+00
     62.334     9.1518   3.547502    33.0818       4591    19.1250     2.4074  0.000e+00
     62.276     9.1532   3.547583    33.0814       4592    19.1292     2.4103  0.000e+00
     62.235     9.1548   3.547716    33.0813       4593    19.1333     2.4107  0.000e+00
     62.202     9.1565   3.547866    33.0813       4594    19.1375     2.4100  0.000e+00
     62.200     9.1581   3.547802    33.0792       4595    19.1417     2.4094  0.000e+00
     62.200     9.1589   3.547669    33.0771       4596    19.1458     2.4087  0.000e+00
     62.204     9.1591   3.547820    33.0784       4597    19.1500     2.4078  0.000e+00
     62.218     9.1597   3.547756    33.0772       4598    19.1542     2.4054  0.000e+00
     62.231     9.1597   3.547669    33.0763       4599    19.1583     2.4023  0.000e+00
     62.238     9.1594   3.547929    33.0793       4600    19.1625     2.4000  0.000e+00
     62.227     9.1604   3.548103    33.0802       4601    19.1667     2.3981  0.000e+00
     62.195     9.1617   3.548056    33.0785       4602    19.1708     2.3967  0.000e+00
     62.150     9.1626   3.548189    33.0790       4603    19.1750     2.3968  0.000e+00
     62.088     9.1636   3.548207    33.0783       4604    19.1792     2.3956  0.000e+00
     62.021     9.1643   3.548357    33.0793       4605    19.1833     2.3965  0.000e+00
     61.940     9.1655   3.548680    33.0815       4606    19.1875     2.3981  0.000e+00
     61.846     9.1677   3.549351    33.0865       4607    19.1917     2.3996  0.000e+00
     61.754     9.1716   3.549888    33.0884       4608    19.1958     2.4024  0.000e+00
     61.671     9.1770   3.550015    33.0848       4609    19.2000     2.4022  0.000e+00
     61.589     9.1815   3.550125    33.0818       4610    19.2042     2.4041  0.000e+00
     61.514     9.1848   3.550189    33.0795       4611    19.2083     2.4076  0.000e+00
     61.443     9.1874   3.550293    33.0781       4612    19.2125     2.4093  0.000e+00
     61.372     9.1896   3.550443    33.0777       4613    19.2167     2.4104  0.000e+00
     61.320     9.1915   3.550593    33.0775       4614    19.2208     2.4123  0.000e+00
     61.278     9.1934   3.550813    33.0780       4615    19.2250     2.4141  0.000e+00
     61.232     9.1956   3.551217    33.0802       4616    19.2292     2.4147  0.000e+00
     61.199     9.1990   3.551842    33.0835       4617    19.2333     2.4151  0.000e+00
     61.184     9.2043   3.552639    33.0869       4618    19.2375     2.4155  0.000e+00
     61.165     9.2113   3.553073    33.0848       4619    19.2417     2.4170  0.000e+00
     61.146     9.2185   3.553414    33.0818       4620    19.2458     2.4177  0.000e+00
     61.141     9.2250   3.553784    33.0796       4621    19.2500     2.4174  0.000e+00
     61.134     9.2309   3.553975    33.0761       4622    19.2542     2.4163  0.000e+00
     61.123     9.2355   3.553998    33.0721       4623    19.2583     2.4164  0.000e+00
     61.108     9.2386   3.554108    33.0704       4624    19.2625     2.4156  0.000e+00
     61.087     9.2405   3.554189    33.0694       4625    19.2667     2.4150  0.000e+00
     61.053     9.2420   3.554189    33.0680       4626    19.2708     2.4158  0.000e+00
     61.009     9.2433   3.554622    33.0714       4627    19.2750     2.4175  0.000e+00
     60.959     9.2455   3.554969    33.0729       4628    19.2792     2.4177  0.000e+00
     60.899     9.2488   3.555247    33.0727       4629    19.2833     2.4192  0.000e+00
     60.832     9.2520   3.555524    33.0727       4630    19.2875     2.4208  0.000e+00
     60.760     9.2554   3.556109    33.0756       4631    19.2917     2.4232  0.000e+00
     60.666     9.2600   3.557294    33.0837       4632    19.2958     2.4251  0.000e+00
     60.575     9.2679   3.558480    33.0887       4633    19.3000     2.4280  0.000e+00
     60.480     9.2778   3.559041    33.0853       4634    19.3042     2.4304  0.000e+00
     60.389     9.2878   3.559475    33.0806       4635    19.3083     2.4334  0.000e+00
     60.304     9.2965   3.559689    33.0748       4636    19.3125     2.4352  0.000e+00
     60.232     9.3035   3.559753    33.0690       4637    19.3167     2.4377  0.000e+00
     60.158     9.3084   3.559816    33.0651       4638    19.3208     2.4389  0.000e+00
     60.109     9.3120   3.559972    33.0634       4639    19.3250     2.4406  0.000e+00
     60.073     9.3150   3.560123    33.0622       4640    19.3292     2.4425  0.000e+00
     60.046     9.3178   3.560140    33.0598       4641    19.3333     2.4426  0.000e+00
     60.035     9.3196   3.560099    33.0577       4642    19.3375     2.4434  0.000e+00
     60.033     9.3208   3.560186    33.0575       4643    19.3417     2.4431  0.000e+00
     60.040     9.3218   3.560076    33.0555       4644    19.3458     2.4440  0.000e+00
     60.049     9.3221   3.559989    33.0543       4645    19.3500     2.4429  0.000e+00
     60.068     9.3217   3.559990    33.0546       4646    19.3542     2.4415  0.000e+00
     60.084     9.3213   3.560036    33.0555       4647    19.3583     2.4396  0.000e+00
     60.104     9.3212   3.560140    33.0566       4648    19.3625     2.4376  0.000e+00
     60.106     9.3212   3.560186    33.0571       4649    19.3667     2.4381  0.000e+00
     60.098     9.3213   3.560209    33.0572       4650    19.3708     2.4367  0.000e+00
     60.075     9.3217   3.560337    33.0582       4651    19.3750     2.4358  0.000e+00
     60.028     9.3224   3.560400    33.0583       4652    19.3792     2.4353  0.000e+00
     59.983     9.3231   3.560533    33.0590       4653    19.3833     2.4356  0.000e+00
     59.912     9.3238   3.560597    33.0591       4654    19.3875     2.4366  0.000e+00
     59.824     9.3245   3.560701    33.0595       4655    19.3917     2.4385  0.000e+00
     59.731     9.3251   3.560701    33.0590       4656    19.3958     2.4407  0.000e+00
     59.630     9.3255   3.560724    33.0589       4657    19.4000     2.4451  0.000e+00
     59.529     9.3260   3.560747    33.0588       4658    19.4042     2.4454  0.000e+00
     59.442     9.3265   3.560834    33.0592       4659    19.4083     2.4479  0.000e+00
     59.361     9.3273   3.561025    33.0605       4660    19.4125     2.4494  0.000e+00
     59.294     9.3289   3.561245    33.0613       4661    19.4167     2.4512  0.000e+00
     59.244     9.3309   3.561586    33.0630       4662    19.4208     2.4535  0.000e+00
     59.218     9.3342   3.561656    33.0607       4663    19.4250     2.4541  0.000e+00
     59.213     9.3359   3.561170    33.0541       4664    19.4292     2.4537  0.000e+00
     59.224     9.3357   3.561048    33.0531       4665    19.4333     2.4539  0.000e+00
     59.247     9.3350   3.561071    33.0539       4666    19.4375     2.4515  0.000e+00
     59.283     9.3351   3.561112    33.0542       4667    19.4417     2.4509  0.000e+00
     59.321     9.3353   3.561158    33.0545       4668    19.4458     2.4491  0.000e+00
     59.370     9.3354   3.561158    33.0544       4669    19.4500     2.4450  0.000e+00
     59.390     9.3352   3.561245    33.0554       4670    19.4542     2.4435  0.000e+00
     59.394     9.3351   3.561094    33.0540       4671    19.4583     2.4404  0.000e+00
     59.381     9.3344   3.560984    33.0535       4672    19.4625     2.4353  0.000e+00
     59.343     9.3329   3.560984    33.0549       4673    19.4667     2.4329  0.000e+00
     59.283     9.3318   3.560984    33.0559       4674    19.4708     2.4309  0.000e+00
     59.195     9.3311   3.561112    33.0580       4675    19.4750     2.4316  0.000e+00
     59.097     9.3310   3.561418    33.0612       4676    19.4792     2.4340  0.000e+00
     58.987     9.3323   3.562281    33.0690       4677    19.4833     2.4371  0.000e+00
     58.858     9.3367   3.562883    33.0712       4678    19.4875     2.4405  0.000e+00
     58.734     9.3427   3.563276    33.0698       4679    19.4917     2.4446  0.000e+00
     58.609     9.3483   3.563531    33.0673       4680    19.4958     2.4481  0.000e+00
     58.501     9.3534   3.563791    33.0653       4681    19.5000     2.4508  0.000e+00
     58.405     9.3578   3.563878    33.0622       4682    19.5042     2.4539  0.000e+00
     58.329     9.3614   3.563988    33.0600       4683    19.5083     2.4557  0.000e+00
     58.264     9.3644   3.564028    33.0577       4684    19.5125     2.4572  0.000e+00
