HB2304/sbe108.cnv
* Sea-Bird SBE 19plus V2 Data File:
* FileName = C:\cruise\data\sbe108.hex
* Software Version Seasave V 7.26.7.121
* Temperature SN = 7037
* Conductivity SN = 7037
* System UpLoad Time = Nov 03 2023 11:44:28
** Ship: Bigelow
** Cruise:  HB2304
** Program:  Fall Bottom Trawl
# nquan = 8
# nvalues = 1460                                  
# units = specified
# name 0 = depSM: Depth [salt water, m], lat = 40.00
# name 1 = tv290C: Temperature [ITS-90, deg C]
# name 2 = c0S/m: Conductivity [S/m]
# name 3 = sal00: Salinity, Practical [PSU]
# name 4 = scan: Scan Count
# name 5 = timeM: Time, Elapsed [minutes]
# name 6 = sbeox0V: Oxygen raw, SBE 43 [V]
# name 7 = flag:  0.000e+00
# span 0 =      0.146,     43.935                 
# span 1 =     9.4514,    13.0181                 
# span 2 =   0.000063,   3.784404                 
# span 3 =     0.0048,    32.2407                 
# span 4 =         11,       1470                 
# span 5 =     0.0417,     6.1208                 
# span 6 =     2.7489,     3.0607                 
# span 7 = 0.0000e+00, 0.0000e+00                 
# interval = seconds: 0.25
# start_time = Nov 03 2023 11:44:28 [System UTC, header]
# bad_flag = -9.990e-29
*END*
[from data line 1079]
     10.263    12.6474   3.752109    32.0295       1090     4.5375     3.0069  0.000e+00
     10.241    12.6476   3.752375    32.0319       1091     4.5417     3.0071  0.000e+00
     10.220    12.6485   3.752156    32.0291       1092     4.5458     3.0070  0.000e+00
     10.191    12.6489   3.752109    32.0283       1093     4.5500     3.0072  0.000e+00
     10.169    12.6487   3.751996    32.0274       1094     4.5542     3.0078  0.000e+00
     10.151    12.6481   3.752221    32.0301       1095     4.5583     3.0067  0.000e+00
     10.135    12.6483   3.752434    32.0319       1096     4.5625     3.0065  0.000e+00
     10.110    12.6492   3.751979    32.0268       1097     4.5667     3.0065  0.000e+00
     10.092    12.6487   3.751949    32.0270       1098     4.5708     3.0065  0.000e+00
     10.070    12.6479   3.752002    32.0282       1099     4.5750     3.0061  0.000e+00
     10.045    12.6474   3.752180    32.0303       1100     4.5792     3.0070  0.000e+00
     10.018    12.6477   3.752132    32.0297       1101     4.5833     3.0062  0.000e+00
      9.989    12.6479   3.752132    32.0294       1102     4.5875     3.0061  0.000e+00
      9.960    12.6480   3.752197    32.0300       1103     4.5917     3.0059  0.000e+00
      9.925    12.6483   3.752114    32.0290       1104     4.5958     3.0055  0.000e+00
      9.895    12.6484   3.752262    32.0303       1105     4.6000     3.0049  0.000e+00
      9.859    12.6487   3.752457    32.0320       1106     4.6042     3.0055  0.000e+00
      9.826    12.6500   3.753651    32.0422       1107     4.6083     3.0045  0.000e+00
      9.786    12.6547   3.753580    32.0375       1108     4.6125     3.0050  0.000e+00
      9.738    12.6588   3.753716    32.0353       1109     4.6167     3.0053  0.000e+00
      9.696    12.6611   3.754289    32.0389       1110     4.6208     3.0051  0.000e+00
      9.653    12.6651   3.754017    32.0329       1111     4.6250     3.0066  0.000e+00
      9.604    12.6676   3.755082    32.0409       1112     4.6292     3.0067  0.000e+00
      9.551    12.6722   3.755513    32.0411       1113     4.6333     3.0066  0.000e+00
      9.510    12.6772   3.754614    32.0283       1114     4.6375     3.0081  0.000e+00
      9.467    12.6785   3.754963    32.0306       1115     4.6417     3.0086  0.000e+00
      9.421    12.6787   3.755915    32.0394       1116     4.6458     3.0088  0.000e+00
      9.385    12.6827   3.756985    32.0462       1117     4.6500     3.0082  0.000e+00
      9.342    12.6893   3.758251    32.0526       1118     4.6542     3.0079  0.000e+00
      9.300    12.6988   3.758505    32.0470       1119     4.6583     3.0079  0.000e+00
      9.270    12.7075   3.758511    32.0396       1120     4.6625     3.0064  0.000e+00
      9.246    12.7125   3.755767    32.0094       1121     4.6667     3.0061  0.000e+00
      9.225    12.7069   3.755850    32.0150       1122     4.6708     3.0051  0.000e+00
      9.209    12.7005   3.755743    32.0194       1123     4.6750     3.0038  0.000e+00
      9.196    12.6963   3.756311    32.0283       1124     4.6792     3.0043  0.000e+00
      9.196    12.6955   3.756707    32.0328       1125     4.6833     3.0038  0.000e+00
      9.189    12.6969   3.757103    32.0353       1126     4.6875     3.0042  0.000e+00
      9.194    12.6995   3.757434    32.0362       1127     4.6917     3.0056  0.000e+00
      9.194    12.7023   3.756571    32.0257       1128     4.6958     3.0069  0.000e+00
      9.189    12.7025   3.757322    32.0327       1129     4.7000     3.0082  0.000e+00
      9.189    12.7036   3.756459    32.0236       1130     4.7042     3.0076  0.000e+00
      9.169    12.7021   3.755519    32.0159       1131     4.7083     3.0098  0.000e+00
      9.147    12.6972   3.756595    32.0302       1132     4.7125     3.0101  0.000e+00
      9.115    12.6968   3.756465    32.0294       1133     4.7167     3.0104  0.000e+00
      9.069    12.6973   3.755146    32.0165       1134     4.7208     3.0098  0.000e+00
      9.015    12.6929   3.756246    32.0307       1135     4.7250     3.0107  0.000e+00
      8.957    12.6927   3.758203    32.0495       1136     4.7292     3.0107  0.000e+00
      8.900    12.7002   3.759061    32.0512       1137     4.7333     3.0105  0.000e+00
      8.833    12.7093   3.757541    32.0291       1138     4.7375     3.0109  0.000e+00
      8.773    12.7122   3.756683    32.0185       1139     4.7417     3.0115  0.000e+00
      8.719    12.7084   3.759019    32.0440       1140     4.7458     3.0102  0.000e+00
      8.668    12.7121   3.759682    32.0471       1141     4.7500     3.0110  0.000e+00
      8.621    12.7203   3.759439    32.0379       1142     4.7542     3.0118  0.000e+00
      8.576    12.7245   3.759356    32.0335       1143     4.7583     3.0114  0.000e+00
      8.553    12.7265   3.757960    32.0186       1144     4.7625     3.0102  0.000e+00
      8.520    12.7237   3.758067    32.0220       1145     4.7667     3.0114  0.000e+00
      8.491    12.7205   3.760030    32.0433       1146     4.7708     3.0112  0.000e+00
      8.473    12.7245   3.758114    32.0218       1147     4.7750     3.0103  0.000e+00
      8.450    12.7235   3.759877    32.0393       1148     4.7792     3.0115  0.000e+00
      8.428    12.7269   3.761202    32.0490       1149     4.7833     3.0113  0.000e+00
      8.417    12.7342   3.760409    32.0353       1150     4.7875     3.0125  0.000e+00
      8.399    12.7389   3.760716    32.0343       1151     4.7917     3.0123  0.000e+00
      8.394    12.7408   3.761036    32.0357       1152     4.7958     3.0121  0.000e+00
      8.387    12.7430   3.761178    32.0351       1153     4.8000     3.0118  0.000e+00
      8.385    12.7453   3.760143    32.0234       1154     4.8042     3.0134  0.000e+00
      8.385    12.7448   3.761397    32.0357       1155     4.8083     3.0125  0.000e+00
      8.390    12.7464   3.761314    32.0335       1156     4.8125     3.0122  0.000e+00
      8.396    12.7491   3.761793    32.0358       1157     4.8167     3.0132  0.000e+00
      8.387    12.7517   3.761911    32.0348       1158     4.8208     3.0137  0.000e+00
      8.392    12.7545   3.760935    32.0231       1159     4.8250     3.0141  0.000e+00
      8.376    12.7532   3.759563    32.0112       1160     4.8292     3.0136  0.000e+00
      8.354    12.7466   3.759853    32.0196       1161     4.8333     3.0119  0.000e+00
      8.329    12.7417   3.760604    32.0308       1162     4.8375     3.0133  0.000e+00
      8.286    12.7418   3.761018    32.0347       1163     4.8417     3.0134  0.000e+00
      8.253    12.7439   3.761728    32.0397       1164     4.8458     3.0136  0.000e+00
      8.206    12.7484   3.762373    32.0420       1165     4.8500     3.0130  0.000e+00
      8.145    12.7539   3.761947    32.0333       1166     4.8542     3.0130  0.000e+00
      8.092    12.7565   3.762142    32.0329       1167     4.8583     3.0137  0.000e+00
      8.031    12.7581   3.761704    32.0274       1168     4.8625     3.0154  0.000e+00
      7.973    12.7580   3.761799    32.0285       1169     4.8667     3.0151  0.000e+00
      7.912    12.7580   3.761994    32.0304       1170     4.8708     3.0162  0.000e+00
      7.863    12.7583   3.761893    32.0292       1171     4.8750     3.0151  0.000e+00
      7.818    12.7588   3.762059    32.0303       1172     4.8792     3.0143  0.000e+00
      7.778    12.7593   3.762349    32.0326       1173     4.8833     3.0146  0.000e+00
      7.740    12.7608   3.762698    32.0347       1174     4.8875     3.0162  0.000e+00
      7.715    12.7632   3.763006    32.0356       1175     4.8917     3.0171  0.000e+00
      7.695    12.7662   3.762651    32.0297       1176     4.8958     3.0179  0.000e+00
      7.675    12.7667   3.762722    32.0300       1177     4.9000     3.0169  0.000e+00
      7.659    12.7673   3.762538    32.0277       1178     4.9042     3.0173  0.000e+00
      7.644    12.7673   3.762852    32.0307       1179     4.9083     3.0178  0.000e+00
      7.628    12.7678   3.763668    32.0380       1180     4.9125     3.0173  0.000e+00
      7.605    12.7711   3.764154    32.0398       1181     4.9167     3.0173  0.000e+00
      7.585    12.7759   3.765325    32.0469       1182     4.9208     3.0180  0.000e+00
      7.547    12.7829   3.766527    32.0523       1183     4.9250     3.0179  0.000e+00
      7.522    12.7921   3.766734    32.0465       1184     4.9292     3.0179  0.000e+00
      7.486    12.8000   3.767012    32.0424       1185     4.9333     3.0193  0.000e+00
      7.458    12.8064   3.766911    32.0360       1186     4.9375     3.0191  0.000e+00
      7.428    12.8100   3.767474    32.0383       1187     4.9417     3.0201  0.000e+00
      7.401    12.8140   3.768172    32.0415       1188     4.9458     3.0191  0.000e+00
      7.381    12.8194   3.768373    32.0389       1189     4.9500     3.0211  0.000e+00
      7.361    12.8239   3.768835    32.0394       1190     4.9542     3.0191  0.000e+00
      7.346    12.8286   3.768705    32.0343       1191     4.9583     3.0192  0.000e+00
      7.328    12.8314   3.768492    32.0298       1192     4.9625     3.0185  0.000e+00
      7.316    12.8324   3.768527    32.0293       1193     4.9667     3.0179  0.000e+00
      7.303    12.8328   3.768723    32.0308       1194     4.9708     3.0175  0.000e+00
      7.280    12.8336   3.768705    32.0300       1195     4.9750     3.0178  0.000e+00
      7.256    12.8343   3.768788    32.0302       1196     4.9792     3.0182  0.000e+00
      7.238    12.8352   3.769321    32.0345       1197     4.9833     3.0185  0.000e+00
      7.206    12.8375   3.769190    32.0313       1198     4.9875     3.0204  0.000e+00
      7.177    12.8390   3.769320    32.0313       1199     4.9917     3.0202  0.000e+00
      7.144    12.8401   3.769433    32.0315       1200     4.9958     3.0223  0.000e+00
      7.103    12.8412   3.769137    32.0278       1201     5.0000     3.0220  0.000e+00
      7.063    12.8414   3.769119    32.0274       1202     5.0042     3.0229  0.000e+00
      7.014    12.8410   3.769113    32.0277       1203     5.0083     3.0222  0.000e+00
      6.971    12.8408   3.769344    32.0301       1204     5.0125     3.0227  0.000e+00
      6.918    12.8411   3.769385    32.0302       1205     5.0167     3.0212  0.000e+00
      6.868    12.8420   3.769480    32.0304       1206     5.0208     3.0230  0.000e+00
      6.826    12.8426   3.769474    32.0298       1207     5.0250     3.0217  0.000e+00
      6.779    12.8433   3.769693    32.0313       1208     5.0292     3.0219  0.000e+00
      6.740    12.8441   3.769652    32.0303       1209     5.0333     3.0211  0.000e+00
      6.711    12.8452   3.770753    32.0398       1210     5.0375     3.0207  0.000e+00
      6.676    12.8487   3.770647    32.0358       1211     5.0417     3.0201  0.000e+00
      6.651    12.8523   3.771002    32.0361       1212     5.0458     3.0187  0.000e+00
      6.633    12.8556   3.771286    32.0360       1213     5.0500     3.0191  0.000e+00
      6.611    12.8589   3.770670    32.0274       1214     5.0542     3.0195  0.000e+00
      6.595    12.8594   3.770522    32.0256       1215     5.0583     3.0193  0.000e+00
      6.574    12.8587   3.770978    32.0305       1216     5.0625     3.0211  0.000e+00
      6.554    12.8593   3.771333    32.0334       1217     5.0667     3.0206  0.000e+00
      6.534    12.8612   3.771908    32.0372       1218     5.0708     3.0208  0.000e+00
      6.512    12.8651   3.771843    32.0333       1219     5.0750     3.0210  0.000e+00
      6.496    12.8678   3.772115    32.0336       1220     5.0792     3.0221  0.000e+00
      6.480    12.8701   3.771772    32.0284       1221     5.0833     3.0235  0.000e+00
      6.462    12.8707   3.771724    32.0274       1222     5.0875     3.0237  0.000e+00
      6.449    12.8706   3.772305    32.0330       1223     5.0917     3.0243  0.000e+00
      6.440    12.8719   3.772767    32.0362       1224     5.0958     3.0249  0.000e+00
      6.424    12.8754   3.773235    32.0377       1225     5.1000     3.0244  0.000e+00
      6.406    12.8795   3.773525    32.0370       1226     5.1042     3.0251  0.000e+00
      6.384    12.8838   3.773691    32.0350       1227     5.1083     3.0252  0.000e+00
      6.348    12.8872   3.773785    32.0330       1228     5.1125     3.0256  0.000e+00
      6.305    12.8899   3.775983    32.0515       1229     5.1167     3.0259  0.000e+00
      6.258    12.8986   3.779350    32.0759       1230     5.1208     3.0253  0.000e+00
      6.200    12.9181   3.780126    32.0667       1231     5.1250     3.0267  0.000e+00
      6.147    12.9361   3.780476    32.0548       1232     5.1292     3.0272  0.000e+00
      6.100    12.9490   3.779082    32.0308       1233     5.1333     3.0284  0.000e+00
      6.043    12.9527   3.775704    31.9958       1234     5.1375     3.0296  0.000e+00
      6.003    12.9426   3.775846    32.0057       1235     5.1417     3.0299  0.000e+00
      5.961    12.9320   3.775562    32.0120       1236     5.1458     3.0298  0.000e+00
      5.923    12.9253   3.775272    32.0149       1237     5.1500     3.0305  0.000e+00
      5.876    12.9194   3.775604    32.0230       1238     5.1542     3.0310  0.000e+00
      5.844    12.9168   3.776119    32.0301       1239     5.1583     3.0304  0.000e+00
      5.804    12.9171   3.776487    32.0334       1240     5.1625     3.0304  0.000e+00
      5.770    12.9192   3.776676    32.0335       1241     5.1667     3.0285  0.000e+00
      5.750    12.9214   3.776575    32.0306       1242     5.1708     3.0278  0.000e+00
      5.739    12.9227   3.776688    32.0306       1243     5.1750     3.0267  0.000e+00
      5.736    12.9236   3.777322    32.0358       1244     5.1792     3.0284  0.000e+00
      5.745    12.9266   3.777660    32.0365       1245     5.1833     3.0291  0.000e+00
      5.752    12.9303   3.777648    32.0332       1246     5.1875     3.0298  0.000e+00
      5.765    12.9328   3.777772    32.0322       1247     5.1917     3.0314  0.000e+00
      5.775    12.9345   3.777399    32.0273       1248     5.1958     3.0310  0.000e+00
      5.792    12.9346   3.777529    32.0284       1249     5.2000     3.0295  0.000e+00
      5.797    12.9345   3.777618    32.0294       1250     5.2042     3.0299  0.000e+00
      5.799    12.9349   3.777743    32.0302       1251     5.2083     3.0302  0.000e+00
      5.790    12.9356   3.777909    32.0311       1252     5.2125     3.0288  0.000e+00
      5.765    12.9369   3.778134    32.0322       1253     5.2167     3.0279  0.000e+00
      5.719    12.9387   3.778217    32.0315       1254     5.2208     3.0292  0.000e+00
      5.678    12.9403   3.778395    32.0319       1255     5.2250     3.0288  0.000e+00
      5.618    12.9418   3.778436    32.0309       1256     5.2292     3.0286  0.000e+00
      5.555    12.9432   3.778768    32.0329       1257     5.2333     3.0298  0.000e+00
      5.486    12.9450   3.778969    32.0333       1258     5.2375     3.0284  0.000e+00
      5.425    12.9471   3.778881    32.0307       1259     5.2417     3.0294  0.000e+00
      5.364    12.9485   3.778418    32.0252       1260     5.2458     3.0302  0.000e+00
      5.308    12.9477   3.778252    32.0244       1261     5.2500     3.0297  0.000e+00
      5.264    12.9465   3.778460    32.0274       1262     5.2542     3.0285  0.000e+00
      5.233    12.9458   3.778365    32.0270       1263     5.2583     3.0289  0.000e+00
      5.205    12.9456   3.778193    32.0256       1264     5.2625     3.0275  0.000e+00
      5.196    12.9447   3.778394    32.0283       1265     5.2667     3.0260  0.000e+00
      5.185    12.9444   3.778691    32.0313       1266     5.2708     3.0262  0.000e+00
      5.188    12.9455   3.778418    32.0279       1267     5.2750     3.0265  0.000e+00
      5.194    12.9458   3.778341    32.0268       1268     5.2792     3.0262  0.000e+00
