HB2304/sbe109.cnv
* Sea-Bird SBE 19plus V2 Data File:
* FileName = C:\cruise\data\sbe109.hex
* Software Version Seasave V 7.26.7.121
* Temperature SN = 7037
* Conductivity SN = 7037
* System UpLoad Time = Nov 04 2023 05:49:46
** Ship: Bigelow
** Cruise:  HB2304
** Program:  Fall Bottom Trawl
# nquan = 8
# nvalues = 4350                                  
# units = specified
# name 0 = depSM: Depth [salt water, m], lat = 40.00
# name 1 = tv290C: Temperature [ITS-90, deg C]
# name 2 = c0S/m: Conductivity [S/m]
# name 3 = sal00: Salinity, Practical [PSU]
# name 4 = scan: Scan Count
# name 5 = timeM: Time, Elapsed [minutes]
# name 6 = sbeox0V: Oxygen raw, SBE 43 [V]
# name 7 = flag:  0.000e+00
# span 0 =      0.062,    182.340                 
# span 1 =     7.1336,    12.9370                 
# span 2 =  -0.000002,   3.834801                 
# span 3 =     0.0000,    34.0228                 
# span 4 =         11,       4360                 
# span 5 =     0.0417,    18.1625                 
# span 6 =     2.1533,     3.1557                 
# span 7 = 0.0000e+00, 0.0000e+00                 
# interval = seconds: 0.25
# start_time = Nov 04 2023 05:49:46 [System UTC, header]
# bad_flag = -9.990e-29
*END*
[from data line 1618]
    174.896     7.7865   3.494093    33.7591       1629     6.7833     2.1547  0.000e+00
    174.793     7.7864   3.493926    33.7575       1630     6.7875     2.1542  0.000e+00
    174.670     7.7860   3.492490    33.7425       1631     6.7917     2.1542  0.000e+00
    174.536     7.7839   3.492128    33.7407       1632     6.7958     2.1540  0.000e+00
    174.397     7.7814   3.491899    33.7407       1633     6.8000     2.1535  0.000e+00
    174.245     7.7794   3.491560    33.7391       1634     6.8042     2.1536  0.000e+00
    174.095     7.7776   3.491221    33.7373       1635     6.8083     2.1549  0.000e+00
    173.948     7.7758   3.491204    33.7388       1636     6.8125     2.1546  0.000e+00
    173.814     7.7746   3.490653    33.7342       1637     6.8167     2.1553  0.000e+00
    173.695     7.7731   3.490589    33.7350       1638     6.8208     2.1542  0.000e+00
    173.594     7.7719   3.490653    33.7369       1639     6.8250     2.1561  0.000e+00
    173.514     7.7711   3.490716    33.7384       1640     6.8292     2.1544  0.000e+00
    173.458     7.7706   3.490762    33.7394       1641     6.8333     2.1549  0.000e+00
    173.418     7.7704   3.490888    33.7409       1642     6.8375     2.1561  0.000e+00
    173.393     7.7706   3.491186    33.7440       1643     6.8417     2.1555  0.000e+00
    173.369     7.7711   3.491014    33.7416       1644     6.8458     2.1572  0.000e+00
    173.350     7.7714   3.490928    33.7404       1645     6.8500     2.1561  0.000e+00
    173.322     7.7714   3.490928    33.7404       1646     6.8542     2.1559  0.000e+00
    173.292     7.7714   3.490991    33.7411       1647     6.8583     2.1567  0.000e+00
    173.250     7.7714   3.491077    33.7421       1648     6.8625     2.1556  0.000e+00
    173.196     7.7717   3.491095    33.7421       1649     6.8667     2.1551  0.000e+00
    173.132     7.7718   3.491117    33.7422       1650     6.8708     2.1558  0.000e+00
    173.058     7.7718   3.491077    33.7418       1651     6.8750     2.1565  0.000e+00
    172.964     7.7719   3.491221    33.7433       1652     6.8792     2.1558  0.000e+00
    172.859     7.7722   3.491221    33.7430       1653     6.8833     2.1552  0.000e+00
    172.732     7.7726   3.490905    33.7393       1654     6.8875     2.1547  0.000e+00
    172.593     7.7722   3.488448    33.7134       1655     6.8917     2.1560  0.000e+00
    172.443     7.7689   3.486336    33.6940       1656     6.8958     2.1551  0.000e+00
    172.282     7.7625   3.485848    33.6950       1657     6.9000     2.1556  0.000e+00
    172.114     7.7568   3.485303    33.6947       1658     6.9042     2.1554  0.000e+00
    171.943     7.7522   3.485280    33.6990       1659     6.9083     2.1565  0.000e+00
    171.775     7.7493   3.485745    33.7069       1660     6.9125     2.1568  0.000e+00
    171.623     7.7480   3.485555    33.7062       1661     6.9167     2.1559  0.000e+00
    171.491     7.7472   3.485027    33.7013       1662     6.9208     2.1571  0.000e+00
    171.379     7.7460   3.485050    33.7028       1663     6.9250     2.1585  0.000e+00
    171.299     7.7445   3.483174    33.6841       1664     6.9292     2.1574  0.000e+00
    171.252     7.7415   3.482583    33.6806       1665     6.9333     2.1569  0.000e+00
    171.234     7.7382   3.483409    33.6927       1666     6.9375     2.1572  0.000e+00
    171.245     7.7367   3.483880    33.6993       1667     6.9417     2.1573  0.000e+00
    171.272     7.7367   3.481809    33.6770       1668     6.9458     2.1585  0.000e+00
    171.301     7.7345   3.482268    33.6840       1669     6.9500     2.1562  0.000e+00
    171.325     7.7326   3.483111    33.6949       1670     6.9542     2.1564  0.000e+00
    171.334     7.7326   3.484018    33.7047       1671     6.9583     2.1582  0.000e+00
    171.319     7.7342   3.483593    33.6985       1672     6.9625     2.1581  0.000e+00
    171.288     7.7353   3.482733    33.6883       1673     6.9667     2.1576  0.000e+00
    171.225     7.7347   3.482670    33.6882       1674     6.9708     2.1583  0.000e+00
    171.136     7.7335   3.482228    33.6846       1675     6.9750     2.1585  0.000e+00
    171.024     7.7325   3.481872    33.6819       1676     6.9792     2.1587  0.000e+00
    170.889     7.7309   3.479286    33.6557       1677     6.9833     2.1566  0.000e+00
    170.729     7.7260   3.473932    33.6028       1678     6.9875     2.1586  0.000e+00
    170.563     7.7145   3.472299    33.5965       1679     6.9917     2.1572  0.000e+00
    170.380     7.7030   3.471251    33.5963       1680     6.9958     2.1569  0.000e+00
    170.199     7.6934   3.470305    33.5955       1681     7.0000     2.1574  0.000e+00
    170.022     7.6860   3.469630    33.5955       1682     7.0042     2.1561  0.000e+00
    169.857     7.6799   3.469131    33.5961       1683     7.0083     2.1571  0.000e+00
    169.705     7.6750   3.468942    33.5988       1684     7.0125     2.1559  0.000e+00
    169.589     7.6715   3.468152    33.5938       1685     7.0167     2.1561  0.000e+00
    169.485     7.6683   3.467499    33.5899       1686     7.0208     2.1562  0.000e+00
    169.401     7.6650   3.467453    33.5926       1687     7.0250     2.1563  0.000e+00
    169.347     7.6626   3.467373    33.5941       1688     7.0292     2.1559  0.000e+00
    169.302     7.6609   3.467310    33.5950       1689     7.0333     2.1565  0.000e+00
    169.275     7.6599   3.467230    33.5952       1690     7.0375     2.1566  0.000e+00
    169.251     7.6590   3.467081    33.5944       1691     7.0417     2.1573  0.000e+00
    169.228     7.6582   3.466978    33.5942       1692     7.0458     2.1569  0.000e+00
    169.199     7.6578   3.467104    33.5959       1693     7.0500     2.1568  0.000e+00
    169.170     7.6573   3.467104    33.5964       1694     7.0542     2.1605  0.000e+00
    169.132     7.6573   3.466875    33.5939       1695     7.0583     2.1607  0.000e+00
    169.083     7.6569   3.466909    33.5947       1696     7.0625     2.1589  0.000e+00
    169.014     7.6566   3.466686    33.5927       1697     7.0667     2.1590  0.000e+00
    168.938     7.6560   3.466497    33.5912       1698     7.0708     2.1587  0.000e+00
    168.857     7.6553   3.466394    33.5908       1699     7.0750     2.1609  0.000e+00
    168.764     7.6547   3.466228    33.5897       1700     7.0792     2.1609  0.000e+00
    168.665     7.6539   3.466033    33.5884       1701     7.0833     2.1611  0.000e+00
    168.556     7.6531   3.465890    33.5876       1702     7.0875     2.1621  0.000e+00
    168.453     7.6523   3.465598    33.5853       1703     7.0917     2.1614  0.000e+00
    168.337     7.6513   3.465031    33.5802       1704     7.0958     2.1614  0.000e+00
    168.223     7.6498   3.464258    33.5734       1705     7.1000     2.1621  0.000e+00
    168.102     7.6477   3.464007    33.5728       1706     7.1042     2.1625  0.000e+00
    167.979     7.6456   3.463944    33.5742       1707     7.1083     2.1623  0.000e+00
    167.854     7.6442   3.463926    33.5754       1708     7.1125     2.1627  0.000e+00
    167.731     7.6432   3.463926    33.5764       1709     7.1167     2.1630  0.000e+00
    167.610     7.6426   3.463778    33.5754       1710     7.1208     2.1624  0.000e+00
    167.494     7.6420   3.463589    33.5741       1711     7.1250     2.1625  0.000e+00
    167.371     7.6412   3.463445    33.5733       1712     7.1292     2.1628  0.000e+00
    167.268     7.6407   3.463360    33.5730       1713     7.1333     2.1620  0.000e+00
    167.172     7.6399   3.463171    33.5718       1714     7.1375     2.1622  0.000e+00
    167.076     7.6394   3.462902    33.5694       1715     7.1417     2.1627  0.000e+00
    166.998     7.6384   3.462547    33.5666       1716     7.1458     2.1637  0.000e+00
    166.917     7.6374   3.462089    33.5627       1717     7.1500     2.1640  0.000e+00
    166.846     7.6359   3.461603    33.5589       1718     7.1542     2.1630  0.000e+00
    166.779     7.6339   3.461208    33.5565       1719     7.1583     2.1630  0.000e+00
    166.714     7.6320   3.461082    33.5570       1720     7.1625     2.1636  0.000e+00
    166.647     7.6304   3.460979    33.5575       1721     7.1667     2.1638  0.000e+00
    166.579     7.6291   3.460950    33.5585       1722     7.1708     2.1635  0.000e+00
    166.510     7.6282   3.460893    33.5588       1723     7.1750     2.1648  0.000e+00
    166.437     7.6276   3.460750    33.5579       1724     7.1792     2.1647  0.000e+00
    166.358     7.6269   3.460475    33.5556       1725     7.1833     2.1641  0.000e+00
    166.269     7.6261   3.460161    33.5530       1726     7.1875     2.1654  0.000e+00
    166.173     7.6251   3.459932    33.5516       1727     7.1917     2.1648  0.000e+00
    166.068     7.6240   3.459560    33.5487       1728     7.1958     2.1660  0.000e+00
    165.951     7.6227   3.459142    33.5455       1729     7.2000     2.1650  0.000e+00
    165.837     7.6211   3.459028    33.5459       1730     7.2042     2.1656  0.000e+00
    165.706     7.6200   3.458993    33.5466       1731     7.2083     2.1667  0.000e+00
    165.583     7.6191   3.458976    33.5473       1732     7.2125     2.1655  0.000e+00
    165.460     7.6184   3.458976    33.5481       1733     7.2167     2.1653  0.000e+00
    165.346     7.6181   3.458919    33.5478       1734     7.2208     2.1655  0.000e+00
    165.231     7.6177   3.458639    33.5452       1735     7.2250     2.1662  0.000e+00
    165.135     7.6172   3.458679    33.5462       1736     7.2292     2.1657  0.000e+00
    165.048     7.6166   3.458621    33.5462       1737     7.2333     2.1650  0.000e+00
    164.970     7.6165   3.458587    33.5460       1738     7.2375     2.1648  0.000e+00
    164.900     7.6161   3.458598    33.5465       1739     7.2417     2.1648  0.000e+00
    164.829     7.6159   3.458558    33.5463       1740     7.2458     2.1653  0.000e+00
    164.784     7.6157   3.458307    33.5438       1741     7.2500     2.1654  0.000e+00
    164.735     7.6156   3.458587    33.5469       1742     7.2542     2.1650  0.000e+00
    164.690     7.6156   3.458558    33.5467       1743     7.2583     2.1648  0.000e+00
    164.654     7.6155   3.458432    33.5454       1744     7.2625     2.1645  0.000e+00
    164.616     7.6153   3.458410    33.5454       1745     7.2667     2.1648  0.000e+00
    164.579     7.6152   3.458392    33.5453       1746     7.2708     2.1653  0.000e+00
    164.538     7.6150   3.458410    33.5457       1747     7.2750     2.1653  0.000e+00
    164.496     7.6150   3.458472    33.5464       1748     7.2792     2.1654  0.000e+00
    164.436     7.6149   3.458472    33.5465       1749     7.2833     2.1651  0.000e+00
    164.369     7.6150   3.458455    33.5463       1750     7.2875     2.1644  0.000e+00
    164.284     7.6150   3.458495    33.5468       1751     7.2917     2.1644  0.000e+00
    164.194     7.6150   3.458266    33.5443       1752     7.2958     2.1656  0.000e+00
    164.087     7.6147   3.458324    33.5452       1753     7.3000     2.1645  0.000e+00
    163.968     7.6146   3.458261    33.5448       1754     7.3042     2.1643  0.000e+00
    163.836     7.6145   3.458078    33.5429       1755     7.3083     2.1641  0.000e+00
    163.696     7.6139   3.457740    33.5399       1756     7.3125     2.1652  0.000e+00
    163.550     7.6133   3.457723    33.5404       1757     7.3167     2.1647  0.000e+00
    163.394     7.6126   3.457540    33.5392       1758     7.3208     2.1641  0.000e+00
    163.253     7.6120   3.456865    33.5326       1759     7.3250     2.1644  0.000e+00
    163.108     7.6105   3.456030    33.5250       1760     7.3292     2.1642  0.000e+00
    162.980     7.6084   3.454909    33.5150       1761     7.3333     2.1649  0.000e+00
    162.868     7.6050   3.454440    33.5133       1762     7.3375     2.1648  0.000e+00
    162.772     7.6019   3.454263    33.5145       1763     7.3417     2.1661  0.000e+00
    162.705     7.5996   3.454303    33.5172       1764     7.3458     2.1654  0.000e+00
    162.654     7.5980   3.454280    33.5185       1765     7.3500     2.1656  0.000e+00
    162.622     7.5971   3.454091    33.5173       1766     7.3542     2.1660  0.000e+00
    162.596     7.5963   3.454028    33.5174       1767     7.3583     2.1661  0.000e+00
    162.587     7.5957   3.454114    33.5189       1768     7.3625     2.1661  0.000e+00
    162.583     7.5954   3.453800    33.5158       1769     7.3667     2.1657  0.000e+00
    162.582     7.5949   3.453760    33.5159       1770     7.3708     2.1660  0.000e+00
    162.573     7.5943   3.453680    33.5156       1771     7.3750     2.1644  0.000e+00
    162.554     7.5939   3.453617    33.5154       1772     7.3792     2.1640  0.000e+00
    162.527     7.5935   3.453594    33.5154       1773     7.3833     2.1652  0.000e+00
    162.489     7.5931   3.453543    33.5154       1774     7.3875     2.1651  0.000e+00
    162.435     7.5928   3.453428    33.5144       1775     7.3917     2.1648  0.000e+00
    162.363     7.5925   3.453280    33.5131       1776     7.3958     2.1649  0.000e+00
    162.278     7.5918   3.453114    33.5120       1777     7.4000     2.1654  0.000e+00
    162.176     7.5912   3.452668    33.5078       1778     7.4042     2.1656  0.000e+00
    162.068     7.5901   3.451867    33.5004       1779     7.4083     2.1651  0.000e+00
    161.954     7.5879   3.451176    33.4951       1780     7.4125     2.1661  0.000e+00
    161.822     7.5852   3.450313    33.4884       1781     7.4167     2.1663  0.000e+00
    161.691     7.5819   3.450016    33.4884       1782     7.4208     2.1664  0.000e+00
    161.563     7.5791   3.450119    33.4923       1783     7.4250     2.1668  0.000e+00
    161.444     7.5774   3.449410    33.4863       1784     7.4292     2.1663  0.000e+00
    161.333     7.5755   3.447524    33.4679       1785     7.4333     2.1669  0.000e+00
    161.219     7.5716   3.447062    33.4668       1786     7.4375     2.1674  0.000e+00
    161.116     7.5672   3.446810    33.4683       1787     7.4417     2.1683  0.000e+00
    161.026     7.5639   3.446622    33.4694       1788     7.4458     2.1671  0.000e+00
    160.941     7.5614   3.446370    33.4692       1789     7.4500     2.1664  0.000e+00
    160.874     7.5595   3.446022    33.4673       1790     7.4542     2.1679  0.000e+00
    160.818     7.5576   3.445754    33.4663       1791     7.4583     2.1681  0.000e+00
    160.760     7.5560   3.445719    33.4675       1792     7.4625     2.1690  0.000e+00
    160.725     7.5549   3.445731    33.4687       1793     7.4667     2.1694  0.000e+00
    160.700     7.5541   3.445691    33.4691       1794     7.4708     2.1681  0.000e+00
    160.682     7.5536   3.445588    33.4684       1795     7.4750     2.1684  0.000e+00
    160.664     7.5533   3.445548    33.4683       1796     7.4792     2.1683  0.000e+00
    160.646     7.5528   3.445525    33.4685       1797     7.4833     2.1690  0.000e+00
    160.627     7.5526   3.445439    33.4678       1798     7.4875     2.1688  0.000e+00
    160.595     7.5522   3.445371    33.4674       1799     7.4917     2.1674  0.000e+00
    160.550     7.5520   3.445297    33.4669       1800     7.4958     2.1677  0.000e+00
    160.499     7.5515   3.445251    33.4669       1801     7.5000     2.1698  0.000e+00
    160.434     7.5513   3.445188    33.4665       1802     7.5042     2.1681  0.000e+00
    160.352     7.5510   3.445045    33.4652       1803     7.5083     2.1687  0.000e+00
    160.260     7.5503   3.444714    33.4623       1804     7.5125     2.1684  0.000e+00
    160.164     7.5497   3.444091    33.4563       1805     7.5167     2.1689  0.000e+00
    160.049     7.5478   3.441282    33.4278       1806     7.5208     2.1683  0.000e+00
    159.931     7.5428   3.440420    33.4233       1807     7.5250     2.1691  0.000e+00
