HB2304/sbe110.cnv
* Sea-Bird SBE 19plus V2 Data File:
* FileName = C:\cruise\data\sbe110.hex
* Software Version Seasave V 7.26.7.121
* Temperature SN = 7037
* Conductivity SN = 7037
* System UpLoad Time = Nov 04 2023 15:19:11
** Ship: Bigelow
** Cruise:  HB2304
** Program:  Fall Bottom Trawl
# nquan = 8
# nvalues = 4307                                  
# units = specified
# name 0 = depSM: Depth [salt water, m], lat = 40.00
# name 1 = tv290C: Temperature [ITS-90, deg C]
# name 2 = c0S/m: Conductivity [S/m]
# name 3 = sal00: Salinity, Practical [PSU]
# name 4 = scan: Scan Count
# name 5 = timeM: Time, Elapsed [minutes]
# name 6 = sbeox0V: Oxygen raw, SBE 43 [V]
# name 7 = flag:  0.000e+00
# span 0 =      0.017,    185.140                 
# span 1 =     7.8336,    14.3421                 
# span 2 =   0.000004,   3.789230                 
# span 3 =     0.0074,    34.6958                 
# span 4 =         11,       4317                 
# span 5 =     0.0417,    17.9833                 
# span 6 =     2.1959,     3.2320                 
# span 7 = 0.0000e+00, 0.0000e+00                 
# interval = seconds: 0.25
# start_time = Nov 04 2023 15:19:11 [System UTC, header]
# bad_flag = -9.990e-29
*END*
[from data line 1079]
    135.013     7.8864   3.479524    33.5257       1090     4.5375     2.2065  0.000e+00
    135.134     7.8826   3.479501    33.5290       1091     4.5417     2.2058  0.000e+00
    135.253     7.8794   3.479398    33.5309       1092     4.5458     2.2053  0.000e+00
    135.371     7.8763   3.479416    33.5340       1093     4.5500     2.2053  0.000e+00
    135.481     7.8733   3.479461    33.5373       1094     4.5542     2.2055  0.000e+00
    135.599     7.8702   3.479548    33.5411       1095     4.5583     2.2041  0.000e+00
    135.711     7.8675   3.479358    33.5417       1096     4.5625     2.2039  0.000e+00
    135.825     7.8639   3.479376    33.5453       1097     4.5667     2.2033  0.000e+00
    135.937     7.8601   3.479393    33.5491       1098     4.5708     2.2026  0.000e+00
    136.056     7.8566   3.479611    33.5547       1099     4.5750     2.2024  0.000e+00
    136.177     7.8539   3.480890    33.5710       1100     4.5792     2.2019  0.000e+00
    136.296     7.8531   3.481750    33.5809       1101     4.5833     2.2019  0.000e+00
    136.421     7.8544   3.482318    33.5856       1102     4.5875     2.2002  0.000e+00
    136.544     7.8564   3.482972    33.5907       1103     4.5917     2.2001  0.000e+00
    136.674     7.8585   3.483735    33.5967       1104     4.5958     2.2001  0.000e+00
    136.807     7.8613   3.484234    33.5994       1105     4.6000     2.2001  0.000e+00
    136.940     7.8638   3.484722    33.6022       1106     4.6042     2.1988  0.000e+00
    137.074     7.8663   3.485772    33.6109       1107     4.6083     2.1972  0.000e+00
    137.210     7.8696   3.487207    33.6231       1108     4.6125     2.1973  0.000e+00
    137.345     7.8740   3.488343    33.6309       1109     4.6167     2.1978  0.000e+00
    137.481     7.8789   3.489141    33.6347       1110     4.6208     2.1959  0.000e+00
    137.628     7.8832   3.489376    33.6330       1111     4.6250     2.1968  0.000e+00
    137.772     7.8869   3.489858    33.6346       1112     4.6292     2.1959  0.000e+00
    137.913     7.8900   3.490702    33.6406       1113     4.6333     2.1966  0.000e+00
    138.053     7.8933   3.492012    33.6513       1114     4.6375     2.1972  0.000e+00
    138.192     7.8976   3.492815    33.6557       1115     4.6417     2.1981  0.000e+00
    138.331     7.9025   3.494401    33.6679       1116     4.6458     2.1985  0.000e+00
    138.463     7.9083   3.495498    33.6741       1117     4.6500     2.1988  0.000e+00
    138.597     7.9144   3.496342    33.6771       1118     4.6542     2.1994  0.000e+00
    138.720     7.9203   3.496618    33.6743       1119     4.6583     2.2009  0.000e+00
    138.836     7.9252   3.497629    33.6804       1120     4.6625     2.2005  0.000e+00
    138.950     7.9299   3.498411    33.6842       1121     4.6667     2.2009  0.000e+00
    139.062     7.9345   3.499342    33.6896       1122     4.6708     2.2015  0.000e+00
    139.165     7.9397   3.500715    33.6993       1123     4.6750     2.2033  0.000e+00
    139.266     7.9458   3.501652    33.7034       1124     4.6792     2.2033  0.000e+00
    139.362     7.9523   3.502859    33.7100       1125     4.6833     2.2032  0.000e+00
    139.463     7.9587   3.503791    33.7138       1126     4.6875     2.2055  0.000e+00
    139.563     7.9646   3.504446    33.7150       1127     4.6917     2.2060  0.000e+00
    139.677     7.9700   3.505079    33.7166       1128     4.6958     2.2073  0.000e+00
    139.785     7.9747   3.505505    33.7165       1129     4.7000     2.2085  0.000e+00
    139.910     7.9790   3.505970    33.7173       1130     4.7042     2.2098  0.000e+00
    140.029     7.9828   3.506097    33.7150       1131     4.7083     2.2107  0.000e+00
    140.152     7.9859   3.507098    33.7226       1132     4.7125     2.2111  0.000e+00
    140.275     7.9894   3.508772    33.7370       1133     4.7167     2.2135  0.000e+00
    140.407     7.9955   3.512000    33.7656       1134     4.7208     2.2140  0.000e+00
    140.536     8.0064   3.514440    33.7811       1135     4.7250     2.2168  0.000e+00
    140.673     8.0199   3.516317    33.7880       1136     4.7292     2.2155  0.000e+00
    140.803     8.0337   3.517210    33.7843       1137     4.7333     2.2149  0.000e+00
    140.937     8.0456   3.518016    33.7813       1138     4.7375     2.2181  0.000e+00
    141.064     8.0556   3.518995    33.7821       1139     4.7417     2.2178  0.000e+00
    141.199     8.0641   3.520533    33.7902       1140     4.7458     2.2188  0.000e+00
    141.333     8.0724   3.521363    33.7910       1141     4.7500     2.2238  0.000e+00
    141.467     8.0803   3.523408    33.8051       1142     4.7542     2.2241  0.000e+00
    141.595     8.0890   3.523875    33.8017       1143     4.7583     2.2261  0.000e+00
    141.724     8.0966   3.524388    33.7998       1144     4.7625     2.2286  0.000e+00
    141.856     8.1028   3.525287    33.8033       1145     4.7667     2.2301  0.000e+00
    141.988     8.1084   3.525437    33.7995       1146     4.7708     2.2318  0.000e+00
    142.120     8.1129   3.525690    33.7978       1147     4.7750     2.2341  0.000e+00
    142.261     8.1163   3.526290    33.8008       1148     4.7792     2.2350  0.000e+00
    142.398     8.1198   3.528037    33.8160       1149     4.7833     2.2367  0.000e+00
    142.545     8.1252   3.529386    33.8251       1150     4.7875     2.2392  0.000e+00
    142.686     8.1319   3.530689    33.8325       1151     4.7917     2.2406  0.000e+00
    142.830     8.1397   3.532420    33.8433       1152     4.7958     2.2434  0.000e+00
    142.970     8.1486   3.533856    33.8499       1153     4.8000     2.2442  0.000e+00
    143.105     8.1578   3.536164    33.8656       1154     4.8042     2.2452  0.000e+00
    143.243     8.1689   3.538156    33.8760       1155     4.8083     2.2464  0.000e+00
    143.375     8.1806   3.539703    33.8812       1156     4.8125     2.2485  0.000e+00
    143.507     8.1920   3.540794    33.8817       1157     4.8167     2.2492  0.000e+00
    143.630     8.2018   3.543317    33.8991       1158     4.8208     2.2516  0.000e+00
    143.755     8.2123   3.544080    33.8970       1159     4.8250     2.2533  0.000e+00
    143.868     8.2215   3.545218    33.9001       1160     4.8292     2.2541  0.000e+00
    143.979     8.2292   3.547841    33.9206       1161     4.8333     2.2564  0.000e+00
    144.084     8.2386   3.549667    33.9309       1162     4.8375     2.2581  0.000e+00
    144.192     8.2491   3.551002    33.9349       1163     4.8417     2.2595  0.000e+00
    144.294     8.2591   3.552054    33.9363       1164     4.8458     2.2610  0.000e+00
    144.400     8.2675   3.552766    33.9357       1165     4.8500     2.2628  0.000e+00
    144.514     8.2748   3.553563    33.9371       1166     4.8542     2.2647  0.000e+00
    144.619     8.2810   3.553910    33.9347       1167     4.8583     2.2648  0.000e+00
    144.733     8.2859   3.553951    33.9304       1168     4.8625     2.2669  0.000e+00
    144.854     8.2894   3.553864    33.9260       1169     4.8667     2.2691  0.000e+00
    144.976     8.2914   3.554078    33.9264       1170     4.8708     2.2693  0.000e+00
    145.111     8.2929   3.554275    33.9269       1171     4.8750     2.2698  0.000e+00
    145.243     8.2942   3.554899    33.9322       1172     4.8792     2.2711  0.000e+00
    145.384     8.2963   3.555327    33.9347       1173     4.8833     2.2729  0.000e+00
    145.525     8.2984   3.555310    33.9324       1174     4.8875     2.2730  0.000e+00
    145.674     8.2999   3.555888    33.9370       1175     4.8917     2.2735  0.000e+00
    145.824     8.3017   3.556345    33.9401       1176     4.8958     2.2744  0.000e+00
    145.974     8.3035   3.559128    33.9678       1177     4.9000     2.2749  0.000e+00
    146.120     8.3090   3.560077    33.9725       1178     4.9042     2.2758  0.000e+00
    146.263     8.3155   3.561460    33.9808       1179     4.9083     2.2773  0.000e+00
    146.406     8.3219   3.562149    33.9819       1180     4.9125     2.2775  0.000e+00
    146.547     8.3274   3.562213    33.9772       1181     4.9167     2.2778  0.000e+00
    146.686     8.3319   3.563399    33.9854       1182     4.9208     2.2788  0.000e+00
    146.813     8.3358   3.565130    33.9999       1183     4.9250     2.2792  0.000e+00
    146.943     8.3413   3.565952    34.0033       1184     4.9292     2.2801  0.000e+00
    147.064     8.3471   3.567533    34.0144       1185     4.9333     2.2790  0.000e+00
    147.187     8.3529   3.569480    34.0294       1186     4.9375     2.2793  0.000e+00
    147.310     8.3599   3.570285    34.0310       1187     4.9417     2.2800  0.000e+00
    147.431     8.3666   3.571669    34.0392       1188     4.9458     2.2803  0.000e+00
    147.554     8.3729   3.571884    34.0354       1189     4.9500     2.2798  0.000e+00
    147.681     8.3779   3.571843    34.0300       1190     4.9542     2.2789  0.000e+00
    147.806     8.3811   3.572058    34.0291       1191     4.9583     2.2814  0.000e+00
    147.934     8.3834   3.573037    34.0373       1192     4.9625     2.2816  0.000e+00
    148.059     8.3861   3.572991    34.0340       1193     4.9667     2.2831  0.000e+00
    148.185     8.3883   3.572863    34.0306       1194     4.9708     2.2811  0.000e+00
    148.310     8.3896   3.573402    34.0350       1195     4.9750     2.2831  0.000e+00
    148.444     8.3906   3.574295    34.0433       1196     4.9792     2.2841  0.000e+00
    148.576     8.3923   3.574880    34.0478       1197     4.9833     2.2842  0.000e+00
    148.708     8.3942   3.576393    34.0620       1198     4.9875     2.2850  0.000e+00
    148.851     8.3969   3.577350    34.0695       1199     4.9917     2.2861  0.000e+00
    148.994     8.3998   3.577767    34.0710       1200     4.9958     2.2861  0.000e+00
    149.144     8.4025   3.578202    34.0729       1201     5.0000     2.2869  0.000e+00
    149.298     8.4049   3.578544    34.0742       1202     5.0042     2.2874  0.000e+00
    149.451     8.4069   3.578179    34.0683       1203     5.0083     2.2877  0.000e+00
    149.605     8.4080   3.579177    34.0777       1204     5.0125     2.2873  0.000e+00
    149.759     8.4098   3.580157    34.0863       1205     5.0167     2.2868  0.000e+00
    149.905     8.4124   3.580742    34.0899       1206     5.0208     2.2862  0.000e+00
    150.046     8.4154   3.581439    34.0944       1207     5.0250     2.2855  0.000e+00
    150.166     8.4183   3.582135    34.0988       1208     5.0292     2.2849  0.000e+00
    150.273     8.4211   3.582547    34.1004       1209     5.0333     2.2845  0.000e+00
    150.368     8.4238   3.583353    34.1064       1210     5.0375     2.2842  0.000e+00
    150.444     8.4266   3.584548    34.1163       1211     5.0417     2.2842  0.000e+00
    150.517     8.4302   3.585065    34.1182       1212     5.0458     2.2828  0.000e+00
    150.585     8.4337   3.585355    34.1179       1213     5.0500     2.2837  0.000e+00
    150.661     8.4365   3.585680    34.1186       1214     5.0542     2.2819  0.000e+00
    150.737     8.4387   3.585900    34.1187       1215     5.0583     2.2820  0.000e+00
    150.818     8.4407   3.586574    34.1239       1216     5.0625     2.2794  0.000e+00
    150.914     8.4429   3.587485    34.1314       1217     5.0667     2.2811  0.000e+00
    151.025     8.4456   3.587792    34.1319       1218     5.0708     2.2800  0.000e+00
    151.142     8.4480   3.587990    34.1316       1219     5.0750     2.2796  0.000e+00
    151.278     8.4502   3.588054    34.1301       1220     5.0792     2.2791  0.000e+00
    151.423     8.4518   3.588553    34.1337       1221     5.0833     2.2790  0.000e+00
    151.573     8.4533   3.588855    34.1354       1222     5.0875     2.2795  0.000e+00
    151.726     8.4554   3.589557    34.1408       1223     5.0917     2.2804  0.000e+00
    151.897     8.4575   3.590254    34.1461       1224     5.0958     2.2791  0.000e+00
    152.065     8.4604   3.591630    34.1578       1225     5.1000     2.2801  0.000e+00
    152.233     8.4643   3.592676    34.1649       1226     5.1042     2.2797  0.000e+00
    152.403     8.4691   3.593878    34.1729       1227     5.1083     2.2800  0.000e+00
    152.573     8.4742   3.594749    34.1771       1228     5.1125     2.2790  0.000e+00
    152.734     8.4792   3.595272    34.1777       1229     5.1167     2.2798  0.000e+00
    152.882     8.4838   3.596893    34.1904       1230     5.1208     2.2797  0.000e+00
    153.022     8.4889   3.597957    34.1966       1231     5.1250     2.2790  0.000e+00
    153.155     8.4944   3.599404    34.2065       1232     5.1292     2.2789  0.000e+00
    153.278     8.5006   3.600235    34.2092       1233     5.1333     2.2797  0.000e+00
    153.389     8.5066   3.601595    34.2177       1234     5.1375     2.2801  0.000e+00
    153.484     8.5126   3.602403    34.2204       1235     5.1417     2.2800  0.000e+00
    153.575     8.5183   3.603101    34.2222       1236     5.1458     2.2817  0.000e+00
    153.663     8.5231   3.603345    34.2201       1237     5.1500     2.2821  0.000e+00
    153.747     8.5266   3.603938    34.2230       1238     5.1542     2.2836  0.000e+00
    153.839     8.5296   3.604444    34.2253       1239     5.1583     2.2821  0.000e+00
    153.942     8.5321   3.604660    34.2251       1240     5.1625     2.2827  0.000e+00
    154.049     8.5341   3.605491    34.2320       1241     5.1667     2.2844  0.000e+00
    154.164     8.5361   3.605823    34.2335       1242     5.1708     2.2844  0.000e+00
    154.291     8.5381   3.606323    34.2368       1243     5.1750     2.2848  0.000e+00
    154.423     8.5397   3.606498    34.2370       1244     5.1792     2.2847  0.000e+00
    154.564     8.5408   3.606567    34.2365       1245     5.1833     2.2836  0.000e+00
    154.707     8.5419   3.606352    34.2332       1246     5.1875     2.2839  0.000e+00
    154.857     8.5422   3.606695    34.2364       1247     5.1917     2.2839  0.000e+00
    155.009     8.5426   3.607551    34.2450       1248     5.1958     2.2820  0.000e+00
    155.168     8.5440   3.608231    34.2508       1249     5.2000     2.2833  0.000e+00
    155.322     8.5457   3.608517    34.2521       1250     5.2042     2.2835  0.000e+00
    155.463     8.5475   3.608999    34.2553       1251     5.2083     2.2819  0.000e+00
    155.597     8.5493   3.609174    34.2554       1252     5.2125     2.2808  0.000e+00
    155.727     8.5507   3.608848    34.2505       1253     5.2167     2.2808  0.000e+00
    155.851     8.5518   3.609308    34.2543       1254     5.2208     2.2810  0.000e+00
    155.969     8.5524   3.609372    34.2543       1255     5.2250     2.2777  0.000e+00
    156.087     8.5530   3.609483    34.2548       1256     5.2292     2.2788  0.000e+00
    156.206     8.5534   3.609547    34.2550       1257     5.2333     2.2769  0.000e+00
    156.333     8.5539   3.609570    34.2547       1258     5.2375     2.2772  0.000e+00
    156.461     8.5542   3.609692    34.2557       1259     5.2417     2.2754  0.000e+00
    156.586     8.5546   3.609878    34.2572       1260     5.2458     2.2752  0.000e+00
    156.711     8.5552   3.610187    34.2598       1261     5.2500     2.2747  0.000e+00
    156.834     8.5561   3.610425    34.2614       1262     5.2542     2.2739  0.000e+00
    156.957     8.5571   3.610298    34.2590       1263     5.2583     2.2727  0.000e+00
    157.073     8.5578   3.610472    34.2601       1264     5.2625     2.2720  0.000e+00
    157.183     8.5584   3.610996    34.2651       1265     5.2667     2.2716  0.000e+00
    157.295     8.5595   3.611159    34.2656       1266     5.2708     2.2701  0.000e+00
    157.407     8.5607   3.611171    34.2645       1267     5.2750     2.2697  0.000e+00
    157.514     8.5616   3.611107    34.2630       1268     5.2792     2.2700  0.000e+00
