HB2304/sbe124.cnv
* Sea-Bird SBE 19plus V2 Data File:
* FileName = C:\cruise\data\sbe124.hex
* Software Version Seasave V 7.26.7.121
* Temperature SN = 7037
* Conductivity SN = 7037
* System UpLoad Time = Nov 07 2023 07:44:52
** Ship: Bigelow
** Cruise:  HB2304
** Program:  Fall Bottom Trawl
# nquan = 8
# nvalues = 1316                                  
# units = specified
# name 0 = depSM: Depth [salt water, m], lat = 40.00
# name 1 = tv290C: Temperature [ITS-90, deg C]
# name 2 = c0S/m: Conductivity [S/m]
# name 3 = sal00: Salinity, Practical [PSU]
# name 4 = scan: Scan Count
# name 5 = timeM: Time, Elapsed [minutes]
# name 6 = sbeox0V: Oxygen raw, SBE 43 [V]
# name 7 = flag:  0.000e+00
# span 0 =     -0.013,    104.870                 
# span 1 =     9.0887,    10.4997                 
# span 2 =   0.107321,   3.524770                 
# span 3 =     0.7526,    32.8581                 
# span 4 =         11,       1326                 
# span 5 =     0.0417,     5.5208                 
# span 6 =     2.6478,     3.1559                 
# span 7 = 0.0000e+00, 0.0000e+00                 
# interval = seconds: 0.25
# start_time = Nov 07 2023 07:44:52 [System UTC, header]
# bad_flag = -9.990e-29
*END*
[from data line 360]
     60.595     9.1162   3.483500    32.4526        371     1.5417     2.8347  0.000e+00
     60.765     9.1164   3.483546    32.4527        372     1.5458     2.8347  0.000e+00
     60.935     9.1164   3.483672    32.4540        373     1.5500     2.8347  0.000e+00
     61.116     9.1166   3.483816    32.4552        374     1.5542     2.8333  0.000e+00
     61.302     9.1168   3.483850    32.4553        375     1.5583     2.8322  0.000e+00
     61.488     9.1171   3.483862    32.4550        376     1.5625     2.8317  0.000e+00
     61.676     9.1176   3.483879    32.4547        377     1.5667     2.8320  0.000e+00
     61.867     9.1178   3.483902    32.4547        378     1.5708     2.8316  0.000e+00
     62.070     9.1179   3.483942    32.4549        379     1.5750     2.8309  0.000e+00
     62.274     9.1180   3.483965    32.4549        380     1.5792     2.8308  0.000e+00
     62.477     9.1180   3.483983    32.4550        381     1.5833     2.8302  0.000e+00
     62.674     9.1181   3.484006    32.4551        382     1.5875     2.8310  0.000e+00
     62.880     9.1182   3.484029    32.4551        383     1.5917     2.8317  0.000e+00
     63.086     9.1183   3.484069    32.4554        384     1.5958     2.8316  0.000e+00
     63.295     9.1183   3.484115    32.4557        385     1.6000     2.8294  0.000e+00
     63.505     9.1183   3.484155    32.4560        386     1.6042     2.8288  0.000e+00
     63.706     9.1185   3.484201    32.4563        387     1.6083     2.8289  0.000e+00
     63.901     9.1186   3.484218    32.4563        388     1.6125     2.8281  0.000e+00
     64.105     9.1186   3.484259    32.4566        389     1.6167     2.8275  0.000e+00
     64.299     9.1187   3.484259    32.4564        390     1.6208     2.8280  0.000e+00
     64.488     9.1187   3.484305    32.4569        391     1.6250     2.8261  0.000e+00
     64.673     9.1186   3.484310    32.4569        392     1.6292     2.8271  0.000e+00
     64.853     9.1187   3.484305    32.4567        393     1.6333     2.8270  0.000e+00
     65.036     9.1187   3.484322    32.4567        394     1.6375     2.8260  0.000e+00
     65.219     9.1188   3.484259    32.4559        395     1.6417     2.8256  0.000e+00
     65.408     9.1186   3.484305    32.4565        396     1.6458     2.8260  0.000e+00
     65.582     9.1186   3.484322    32.4566        397     1.6500     2.8255  0.000e+00
     65.757     9.1187   3.484311    32.4563        398     1.6542     2.8259  0.000e+00
     65.931     9.1187   3.484259    32.4557        399     1.6583     2.8245  0.000e+00
     66.106     9.1185   3.484196    32.4551        400     1.6625     2.8243  0.000e+00
     66.283     9.1183   3.484196    32.4553        401     1.6667     2.8243  0.000e+00
     66.457     9.1179   3.484219    32.4558        402     1.6708     2.8233  0.000e+00
     66.614     9.1180   3.484202    32.4555        403     1.6750     2.8233  0.000e+00
     66.782     9.1180   3.484196    32.4553        404     1.6792     2.8234  0.000e+00
     66.950     9.1176   3.484219    32.4558        405     1.6833     2.8236  0.000e+00
     67.122     9.1176   3.484260    32.4562        406     1.6875     2.8240  0.000e+00
     67.299     9.1178   3.484386    32.4573        407     1.6917     2.8229  0.000e+00
     67.473     9.1178   3.484386    32.4572        408     1.6958     2.8227  0.000e+00
     67.646     9.1177   3.484380    32.4571        409     1.7000     2.8235  0.000e+00
     67.825     9.1180   3.484409    32.4571        410     1.7042     2.8230  0.000e+00
     68.006     9.1180   3.484472    32.4576        411     1.7083     2.8236  0.000e+00
     68.199     9.1180   3.484702    32.4599        412     1.7125     2.8234  0.000e+00
     68.387     9.1185   3.484828    32.4607        413     1.7167     2.8227  0.000e+00
     68.572     9.1189   3.484977    32.4617        414     1.7208     2.8235  0.000e+00
     68.758     9.1194   3.485017    32.4617        415     1.7250     2.8211  0.000e+00
     68.948     9.1199   3.485127    32.4623        416     1.7292     2.8224  0.000e+00
     69.143     9.1203   3.485316    32.4638        417     1.7333     2.8220  0.000e+00
     69.342     9.1208   3.485505    32.4651        418     1.7375     2.8211  0.000e+00
     69.527     9.1212   3.485672    32.4665        419     1.7417     2.8206  0.000e+00
     69.722     9.1217   3.485838    32.4676        420     1.7458     2.8193  0.000e+00
     69.924     9.1222   3.485988    32.4686        421     1.7500     2.8180  0.000e+00
     70.125     9.1226   3.486051    32.4688        422     1.7542     2.8184  0.000e+00
     70.322     9.1231   3.486091    32.4686        423     1.7583     2.8187  0.000e+00
     70.519     9.1235   3.486091    32.4682        424     1.7625     2.8166  0.000e+00
     70.705     9.1236   3.486137    32.4685        425     1.7667     2.8182  0.000e+00
     70.900     9.1237   3.486235    32.4693        426     1.7708     2.8180  0.000e+00
     71.081     9.1239   3.486326    32.4700        427     1.7750     2.8154  0.000e+00
     71.267     9.1242   3.486430    32.4707        428     1.7792     2.8153  0.000e+00
     71.443     9.1242   3.486539    32.4718        429     1.7833     2.8147  0.000e+00
     71.618     9.1242   3.486602    32.4724        430     1.7875     2.8140  0.000e+00
     71.793     9.1244   3.486682    32.4729        431     1.7917     2.8154  0.000e+00
     71.978     9.1246   3.486717    32.4731        432     1.7958     2.8149  0.000e+00
     72.160     9.1244   3.486895    32.4750        433     1.8000     2.8143  0.000e+00
     72.345     9.1246   3.487021    32.4760        434     1.8042     2.8143  0.000e+00
     72.536     9.1248   3.487084    32.4764        435     1.8083     2.8147  0.000e+00
     72.728     9.1247   3.487148    32.4770        436     1.8125     2.8125  0.000e+00
     72.930     9.1249   3.487314    32.4785        437     1.8167     2.8134  0.000e+00
     73.122     9.1248   3.487515    32.4806        438     1.8208     2.8134  0.000e+00
     73.323     9.1247   3.487716    32.4827        439     1.8250     2.8140  0.000e+00
     73.511     9.1246   3.487842    32.4840        440     1.8292     2.8126  0.000e+00
     73.695     9.1244   3.487883    32.4845        441     1.8333     2.8114  0.000e+00
     73.876     9.1244   3.488032    32.4860        442     1.8375     2.8101  0.000e+00
     74.058     9.1243   3.488348    32.4893        443     1.8417     2.8092  0.000e+00
     74.228     9.1242   3.488640    32.4923        444     1.8458     2.8084  0.000e+00
     74.392     9.1239   3.488790    32.4940        445     1.8500     2.8092  0.000e+00
     74.548     9.1237   3.489128    32.4977        446     1.8542     2.8076  0.000e+00
     74.703     9.1233   3.489151    32.4982        447     1.8583     2.8068  0.000e+00
     74.864     9.1230   3.489381    32.5008        448     1.8625     2.8053  0.000e+00
     75.031     9.1228   3.489760    32.5048        449     1.8667     2.8057  0.000e+00
     75.192     9.1225   3.490231    32.5099        450     1.8708     2.8054  0.000e+00
     75.356     9.1217   3.490817    32.5166        451     1.8750     2.8054  0.000e+00
     75.521     9.1205   3.491092    32.5205        452     1.8792     2.8048  0.000e+00
     75.698     9.1195   3.491408    32.5246        453     1.8833     2.8043  0.000e+00
     75.886     9.1187   3.491747    32.5287        454     1.8875     2.8033  0.000e+00
     76.081     9.1175   3.492402    32.5365        455     1.8917     2.8015  0.000e+00
     76.282     9.1160   3.492620    32.5401        456     1.8958     2.8001  0.000e+00
     76.484     9.1144   3.493453    32.5500        457     1.9000     2.7987  0.000e+00
     76.694     9.1123   3.493901    32.5565        458     1.9042     2.7982  0.000e+00
     76.911     9.1098   3.494699    32.5669        459     1.9083     2.7958  0.000e+00
     77.127     9.1075   3.495544    32.5777        460     1.9125     2.7949  0.000e+00
     77.343     9.1049   3.496394    32.5888        461     1.9167     2.7940  0.000e+00
     77.559     9.1030   3.498084    32.6079        462     1.9208     2.7917  0.000e+00
     77.763     9.1016   3.498618    32.6146        463     1.9250     2.7898  0.000e+00
     77.976     9.1008   3.499480    32.6242        464     1.9292     2.7876  0.000e+00
     78.177     9.1002   3.502021    32.6509        465     1.9333     2.7876  0.000e+00
     78.375     9.1004   3.504982    32.6814        466     1.9375     2.7839  0.000e+00
     78.565     9.1019   3.507294    32.7039        467     1.9417     2.7808  0.000e+00
     78.748     9.1037   3.506955    32.6986        468     1.9458     2.7802  0.000e+00
     78.923     9.1050   3.509653    32.7253        469     1.9500     2.7768  0.000e+00
     79.100     9.1067   3.512749    32.7557        470     1.9542     2.7730  0.000e+00
     79.269     9.1099   3.515012    32.7761        471     1.9583     2.7695  0.000e+00
     79.430     9.1132   3.517113    32.7948        472     1.9625     2.7664  0.000e+00
     79.592     9.1167   3.518196    32.8027        473     1.9667     2.7627  0.000e+00
     79.751     9.1198   3.519285    32.8111        474     1.9708     2.7580  0.000e+00
     79.919     9.1224   3.520028    32.8163        475     1.9750     2.7538  0.000e+00
     80.093     9.1242   3.520218    32.8165        476     1.9792     2.7487  0.000e+00
     80.263     9.1256   3.520857    32.8218        477     1.9833     2.7433  0.000e+00
     80.442     9.1264   3.520921    32.8216        478     1.9875     2.7394  0.000e+00
     80.625     9.1270   3.521411    32.8261        479     1.9917     2.7337  0.000e+00
     80.820     9.1272   3.521837    32.8303        480     1.9958     2.7278  0.000e+00
     81.017     9.1272   3.522350    32.8354        481     2.0000     2.7244  0.000e+00
     81.214     9.1272   3.522333    32.8352        482     2.0042     2.7196  0.000e+00
     81.409     9.1276   3.522534    32.8369        483     2.0083     2.7163  0.000e+00
     81.599     9.1274   3.522863    32.8403        484     2.0125     2.7122  0.000e+00
     81.789     9.1274   3.523099    32.8427        485     2.0167     2.7078  0.000e+00
     81.984     9.1273   3.523289    32.8447        486     2.0208     2.7041  0.000e+00
     82.170     9.1272   3.523416    32.8459        487     2.0250     2.7008  0.000e+00
     82.358     9.1272   3.523589    32.8477        488     2.0292     2.6984  0.000e+00
     82.525     9.1271   3.523653    32.8484        489     2.0333     2.6955  0.000e+00
     82.689     9.1271   3.523653    32.8483        490     2.0375     2.6924  0.000e+00
     82.865     9.1272   3.523826    32.8499        491     2.0417     2.6906  0.000e+00
     83.038     9.1271   3.523866    32.8503        492     2.0458     2.6892  0.000e+00
     83.205     9.1269   3.523866    32.8505        493     2.0500     2.6878  0.000e+00
     83.373     9.1271   3.523930    32.8509        494     2.0542     2.6853  0.000e+00
     83.537     9.1269   3.523953    32.8512        495     2.0583     2.6833  0.000e+00
     83.718     9.1270   3.523993    32.8515        496     2.0625     2.6807  0.000e+00
     83.902     9.1269   3.524028    32.8518        497     2.0667     2.6805  0.000e+00
     84.091     9.1270   3.524080    32.8522        498     2.0708     2.6789  0.000e+00
     84.277     9.1271   3.524080    32.8520        499     2.0750     2.6767  0.000e+00
     84.468     9.1272   3.524080    32.8518        500     2.0792     2.6770  0.000e+00
     84.663     9.1270   3.524080    32.8519        501     2.0833     2.6741  0.000e+00
     84.875     9.1269   3.524080    32.8519        502     2.0875     2.6731  0.000e+00
     85.086     9.1268   3.524080    32.8519        503     2.0917     2.6714  0.000e+00
     85.301     9.1264   3.524103    32.8524        504     2.0958     2.6706  0.000e+00
     85.515     9.1262   3.524080    32.8523        505     2.1000     2.6698  0.000e+00
     85.726     9.1260   3.524121    32.8528        506     2.1042     2.6692  0.000e+00
     85.938     9.1258   3.524121    32.8528        507     2.1083     2.6692  0.000e+00
     86.157     9.1256   3.524121    32.8529        508     2.1125     2.6686  0.000e+00
     86.372     9.1257   3.524121    32.8528        509     2.1167     2.6678  0.000e+00
     86.565     9.1258   3.524167    32.8531        510     2.1208     2.6673  0.000e+00
     86.758     9.1258   3.524167    32.8530        511     2.1250     2.6668  0.000e+00
     86.950     9.1260   3.524190    32.8530        512     2.1292     2.6657  0.000e+00
     87.138     9.1258   3.524208    32.8532        513     2.1333     2.6665  0.000e+00
     87.317     9.1262   3.524190    32.8526        514     2.1375     2.6658  0.000e+00
     87.485     9.1261   3.524208    32.8528        515     2.1417     2.6673  0.000e+00
     87.646     9.1262   3.524231    32.8529        516     2.1458     2.6612  0.000e+00
     87.809     9.1263   3.524231    32.8527        517     2.1500     2.6615  0.000e+00
     87.965     9.1263   3.524254    32.8529        518     2.1542     2.6632  0.000e+00
     88.120     9.1263   3.524271    32.8529        519     2.1583     2.6619  0.000e+00
     88.267     9.1263   3.524254    32.8528        520     2.1625     2.6621  0.000e+00
     88.406     9.1265   3.524271    32.8527        521     2.1667     2.6668  0.000e+00
     88.556     9.1264   3.524271    32.8527        522     2.1708     2.6647  0.000e+00
     88.713     9.1265   3.524272    32.8526        523     2.1750     2.6609  0.000e+00
     88.881     9.1263   3.524300    32.8529        524     2.1792     2.6624  0.000e+00
     89.050     9.1262   3.524318    32.8532        525     2.1833     2.6648  0.000e+00
     89.227     9.1265   3.524318    32.8528        526     2.1875     2.6628  0.000e+00
     89.406     9.1264   3.524335    32.8530        527     2.1917     2.6649  0.000e+00
     89.596     9.1264   3.524358    32.8531        528     2.1958     2.6623  0.000e+00
     89.796     9.1267   3.524358    32.8528        529     2.2000     2.6631  0.000e+00
     89.999     9.1267   3.524404    32.8532        530     2.2042     2.6616  0.000e+00
     90.196     9.1267   3.524405    32.8531        531     2.2083     2.6617  0.000e+00
     90.396     9.1268   3.524422    32.8531        532     2.2125     2.6586  0.000e+00
     90.597     9.1270   3.524422    32.8528        533     2.2167     2.6615  0.000e+00
     90.803     9.1269   3.524468    32.8532        534     2.2208     2.6627  0.000e+00
     91.009     9.1271   3.524509    32.8534        535     2.2250     2.6568  0.000e+00
     91.205     9.1272   3.524549    32.8537        536     2.2292     2.6630  0.000e+00
     91.396     9.1274   3.524549    32.8533        537     2.2333     2.6618  0.000e+00
     91.577     9.1277   3.524589    32.8534        538     2.2375     2.6617  0.000e+00
     91.769     9.1278   3.524618    32.8535        539     2.2417     2.6622  0.000e+00
     91.959     9.1281   3.524636    32.8534        540     2.2458     2.6611  0.000e+00
     92.150     9.1282   3.524618    32.8530        541     2.2500     2.6615  0.000e+00
     92.336     9.1283   3.524595    32.8526        542     2.2542     2.6612  0.000e+00
     92.524     9.1282   3.524619    32.8528        543     2.2583     2.6616  0.000e+00
     92.721     9.1280   3.524619    32.8529        544     2.2625     2.6572  0.000e+00
     92.920     9.1281   3.524596    32.8525        545     2.2667     2.6593  0.000e+00
     93.125     9.1279   3.524619    32.8528        546     2.2708     2.6631  0.000e+00
     93.325     9.1278   3.524619    32.8528        547     2.2750     2.6579  0.000e+00
     93.522     9.1278   3.524619    32.8528        548     2.2792     2.6580  0.000e+00
     93.718     9.1278   3.524619    32.8527        549     2.2833     2.6576  0.000e+00
