HB2304/sbe125.cnv
* Sea-Bird SBE 19plus V2 Data File:
* FileName = C:\cruise\data\sbe125.hex
* Software Version Seasave V 7.26.7.121
* Temperature SN = 7037
* Conductivity SN = 7037
* System UpLoad Time = Nov 07 2023 12:45:13
** Ship: Bigelow
** Cruise:  HB2304
** Program:  Fall Bottom Trawl
# nquan = 8
# nvalues = 3088                                  
# units = specified
# name 0 = depSM: Depth [salt water, m], lat = 40.00
# name 1 = tv290C: Temperature [ITS-90, deg C]
# name 2 = c0S/m: Conductivity [S/m]
# name 3 = sal00: Salinity, Practical [PSU]
# name 4 = scan: Scan Count
# name 5 = timeM: Time, Elapsed [minutes]
# name 6 = sbeox0V: Oxygen raw, SBE 43 [V]
# name 7 = flag:  0.000e+00
# span 0 =     -0.094,    144.350                 
# span 1 =     8.5080,    10.6029                 
# span 2 =  -0.000002,   3.596624                 
# span 3 =     0.0000,    33.8318                 
# span 4 =         11,       3098                 
# span 5 =     0.0417,    12.9042                 
# span 6 =     1.9819,     3.1312                 
# span 7 = 0.0000e+00, 0.0000e+00                 
# interval = seconds: 0.25
# start_time = Nov 07 2023 12:45:13 [System UTC, header]
# bad_flag = -9.990e-29
*END*
[from data line 2158]
     50.265    10.0406   3.576108    32.5678       2169     9.0333     2.5994  0.000e+00
     50.169    10.0454   3.576021    32.5626       2170     9.0375     2.5938  0.000e+00
     50.079    10.0497   3.576172    32.5603       2171     9.0417     2.5883  0.000e+00
     49.999    10.0525   3.576409    32.5602       2172     9.0458     2.5834  0.000e+00
     49.934    10.0577   3.576670    32.5582       2173     9.0500     2.5790  0.000e+00
     49.876    10.0627   3.576798    32.5550       2174     9.0542     2.5741  0.000e+00
     49.835    10.0644   3.576757    32.5531       2175     9.0583     2.5690  0.000e+00
     49.795    10.0632   3.576693    32.5536       2176     9.0625     2.5648  0.000e+00
     49.766    10.0612   3.576450    32.5529       2177     9.0667     2.5628  0.000e+00
     49.737    10.0582   3.576212    32.5532       2178     9.0708     2.5635  0.000e+00
     49.710    10.0593   3.576027    32.5504       2179     9.0750     2.5680  0.000e+00
     49.674    10.0654   3.575911    32.5438       2180     9.0792     2.5752  0.000e+00
     49.632    10.0718   3.575824    32.5372       2181     9.0833     2.5864  0.000e+00
     49.574    10.0756   3.575737    32.5329       2182     9.0875     2.5965  0.000e+00
     49.513    10.0778   3.575800    32.5316       2183     9.0917     2.6079  0.000e+00
     49.423    10.0780   3.576148    32.5350       2184     9.0958     2.6181  0.000e+00
     49.323    10.0762   3.576148    32.5366       2185     9.1000     2.6254  0.000e+00
     49.218    10.0745   3.575864    32.5353       2186     9.1042     2.6309  0.000e+00
     49.094    10.0745   3.575736    32.5341       2187     9.1083     2.6335  0.000e+00
     48.971    10.0782   3.575539    32.5288       2188     9.1125     2.6347  0.000e+00
     48.852    10.0831   3.575388    32.5229       2189     9.1167     2.6336  0.000e+00
     48.736    10.0885   3.575498    32.5192       2190     9.1208     2.6292  0.000e+00
     48.624    10.0934   3.575388    32.5138       2191     9.1250     2.6232  0.000e+00
     48.528    10.0956   3.574953    32.5074       2192     9.1292     2.6158  0.000e+00
     48.439    10.0861   3.575064    32.5171       2193     9.1333     2.6097  0.000e+00
     48.356    10.0782   3.575261    32.5263       2194     9.1375     2.6034  0.000e+00
     48.291    10.0743   3.575568    32.5328       2195     9.1417     2.5967  0.000e+00
     48.230    10.0724   3.575759    32.5366       2196     9.1458     2.5931  0.000e+00
     48.179    10.0738   3.575864    32.5364       2197     9.1500     2.5901  0.000e+00
     48.132    10.0758   3.575777    32.5337       2198     9.1542     2.5866  0.000e+00
     48.078    10.0776   3.575626    32.5306       2199     9.1583     2.5814  0.000e+00
     48.026    10.0784   3.575429    32.5279       2200     9.1625     2.5773  0.000e+00
     47.962    10.0805   3.575261    32.5244       2201     9.1667     2.5741  0.000e+00
     47.894    10.0845   3.575127    32.5194       2202     9.1708     2.5737  0.000e+00
     47.821    10.0870   3.575000    32.5159       2203     9.1750     2.5775  0.000e+00
     47.729    10.0881   3.574953    32.5145       2204     9.1792     2.5769  0.000e+00
     47.639    10.0879   3.574953    32.5147       2205     9.1833     2.5799  0.000e+00
     47.545    10.0867   3.574866    32.5150       2206     9.1875     2.5809  0.000e+00
     47.445    10.0849   3.574866    32.5166       2207     9.1917     2.5826  0.000e+00
     47.352    10.0835   3.574930    32.5186       2208     9.1958     2.5837  0.000e+00
     47.252    10.0828   3.574913    32.5190       2209     9.2000     2.5827  0.000e+00
     47.158    10.0830   3.574889    32.5187       2210     9.2042     2.5814  0.000e+00
     47.070    10.0834   3.574907    32.5186       2211     9.2083     2.5803  0.000e+00
     46.990    10.0846   3.575017    32.5186       2212     9.2125     2.5781  0.000e+00
     46.923    10.0862   3.575086    32.5179       2213     9.2167     2.5747  0.000e+00
     46.856    10.0893   3.575191    32.5162       2214     9.2208     2.5751  0.000e+00
     46.802    10.0935   3.575364    32.5142       2215     9.2250     2.5741  0.000e+00
     46.748    10.0975   3.575474    32.5118       2216     9.2292     2.5725  0.000e+00
     46.702    10.0989   3.575451    32.5103       2217     9.2333     2.5709  0.000e+00
     46.641    10.0988   3.575387    32.5098       2218     9.2375     2.5697  0.000e+00
     46.576    10.0988   3.575260    32.5085       2219     9.2417     2.5706  0.000e+00
     46.500    10.0991   3.575150    32.5071       2220     9.2458     2.5722  0.000e+00
     46.422    10.0995   3.574999    32.5053       2221     9.2500     2.5774  0.000e+00
     46.325    10.0991   3.574889    32.5046       2222     9.2542     2.5827  0.000e+00
     46.229    10.0983   3.574842    32.5049       2223     9.2583     2.5872  0.000e+00
     46.130    10.0970   3.574953    32.5072       2224     9.2625     2.5917  0.000e+00
     46.009    10.0964   3.574802    32.5062       2225     9.2667     2.5962  0.000e+00
     45.887    10.1002   3.574755    32.5024       2226     9.2708     2.5968  0.000e+00
     45.761    10.1076   3.574738    32.4957       2227     9.2750     2.5970  0.000e+00
     45.636    10.1139   3.574604    32.4887       2228     9.2792     2.5957  0.000e+00
     45.519    10.1185   3.574581    32.4844       2229     9.2833     2.5915  0.000e+00
     45.412    10.1261   3.574540    32.4772       2230     9.2875     2.5860  0.000e+00
     45.316    10.1236   3.574540    32.4795       2231     9.2917     2.5806  0.000e+00
     45.237    10.1131   3.574430    32.4878       2232     9.2958     2.5735  0.000e+00
     45.172    10.1069   3.574755    32.4967       2233     9.3000     2.5717  0.000e+00
     45.125    10.1024   3.574999    32.5032       2234     9.3042     2.5685  0.000e+00
     45.094    10.1000   3.575277    32.5082       2235     9.3083     2.5672  0.000e+00
     45.060    10.1058   3.575300    32.5033       2236     9.3125     2.5661  0.000e+00
     45.036    10.1118   3.575236    32.4972       2237     9.3167     2.5648  0.000e+00
     45.013    10.1175   3.575126    32.4911       2238     9.3208     2.5666  0.000e+00
     44.993    10.1214   3.574998    32.4863       2239     9.3250     2.5716  0.000e+00
     44.949    10.1234   3.574911    32.4836       2240     9.3292     2.5793  0.000e+00
     44.913    10.1251   3.574888    32.4818       2241     9.3333     2.5867  0.000e+00
     44.868    10.1265   3.574755    32.4793       2242     9.3375     2.5969  0.000e+00
     44.794    10.1271   3.574656    32.4778       2243     9.3417     2.6080  0.000e+00
     44.703    10.1270   3.574627    32.4776       2244     9.3458     2.6180  0.000e+00
     44.604    10.1260   3.574517    32.4774       2245     9.3500     2.6267  0.000e+00
     44.495    10.1251   3.574413    32.4772       2246     9.3542     2.6340  0.000e+00
     44.373    10.1255   3.574343    32.4762       2247     9.3583     2.6383  0.000e+00
     44.242    10.1288   3.574476    32.4746       2248     9.3625     2.6407  0.000e+00
     44.114    10.1368   3.574888    32.4717       2249     9.3667     2.6398  0.000e+00
     43.986    10.1487   3.575171    32.4640       2250     9.3708     2.6370  0.000e+00
     43.863    10.1613   3.575015    32.4512       2251     9.3750     2.6319  0.000e+00
     43.751    10.1715   3.574649    32.4383       2252     9.3792     2.6273  0.000e+00
     43.643    10.1785   3.574499    32.4307       2253     9.3833     2.6189  0.000e+00
     43.547    10.1834   3.574516    32.4265       2254     9.3875     2.6109  0.000e+00
     43.447    10.1762   3.574388    32.4316       2255     9.3917     2.6021  0.000e+00
     43.357    10.1619   3.574389    32.4445       2256     9.3958     2.5927  0.000e+00
     43.274    10.1512   3.574389    32.4541       2257     9.4000     2.5851  0.000e+00
     43.196    10.1415   3.574499    32.4640       2258     9.4042     2.5787  0.000e+00
     43.133    10.1327   3.574667    32.4736       2259     9.4083     2.5722  0.000e+00
     43.070    10.1267   3.574800    32.4803       2260     9.4125     2.5671  0.000e+00
     43.012    10.1262   3.575125    32.4841       2261     9.4167     2.5629  0.000e+00
     42.958    10.1260   3.575276    32.4858       2262     9.4208     2.5597  0.000e+00
     42.912    10.1312   3.575276    32.4812       2263     9.4250     2.5611  0.000e+00
     42.865    10.1365   3.575322    32.4769       2264     9.4292     2.5660  0.000e+00
     42.811    10.1397   3.575258    32.4734       2265     9.4333     2.5742  0.000e+00
     42.757    10.1425   3.575235    32.4707       2266     9.4375     2.5850  0.000e+00
     42.695    10.1456   3.575125    32.4669       2267     9.4417     2.5984  0.000e+00
     42.636    10.1475   3.575084    32.4647       2268     9.4458     2.6108  0.000e+00
     42.567    10.1487   3.575038    32.4632       2269     9.4500     2.6235  0.000e+00
     42.486    10.1494   3.574997    32.4622       2270     9.4542     2.6334  0.000e+00
     42.412    10.1497   3.575084    32.4629       2271     9.4583     2.6444  0.000e+00
     42.330    10.1499   3.575148    32.4634       2272     9.4625     2.6533  0.000e+00
     42.247    10.1500   3.575171    32.4636       2273     9.4667     2.6631  0.000e+00
     42.166    10.1499   3.575148    32.4634       2274     9.4708     2.6660  0.000e+00
     42.083    10.1503   3.575148    32.4632       2275     9.4750     2.6695  0.000e+00
     42.005    10.1506   3.575130    32.4627       2276     9.4792     2.6724  0.000e+00
     41.916    10.1510   3.575148    32.4625       2277     9.4833     2.6747  0.000e+00
     41.839    10.1520   3.575211    32.4623       2278     9.4875     2.6747  0.000e+00
     41.752    10.1535   3.575275    32.4617       2279     9.4917     2.6751  0.000e+00
     41.669    10.1555   3.575321    32.4604       2280     9.4958     2.6739  0.000e+00
     41.584    10.1567   3.575298    32.4591       2281     9.5000     2.6728  0.000e+00
     41.492    10.1586   3.575339    32.4579       2282     9.5042     2.6710  0.000e+00
     41.405    10.1608   3.575449    32.4571       2283     9.5083     2.6699  0.000e+00
     41.316    10.1622   3.575646    32.4578       2284     9.5125     2.6691  0.000e+00
     41.222    10.1632   3.575756    32.4581       2285     9.5167     2.6693  0.000e+00
     41.130    10.1645   3.575756    32.4569       2286     9.5208     2.6702  0.000e+00
     41.042    10.1673   3.575843    32.4554       2287     9.5250     2.6711  0.000e+00
     40.953    10.1689   3.575883    32.4544       2288     9.5292     2.6730  0.000e+00
     40.855    10.1707   3.575930    32.4533       2289     9.5333     2.6753  0.000e+00
     40.772    10.1751   3.575906    32.4491       2290     9.5375     2.6766  0.000e+00
     40.682    10.1807   3.575819    32.4432       2291     9.5417     2.6801  0.000e+00
     40.593    10.1852   3.575813    32.4392       2292     9.5458     2.6837  0.000e+00
     40.505    10.1879   3.575883    32.4376       2293     9.5500     2.6877  0.000e+00
     40.422    10.1894   3.575906    32.4365       2294     9.5542     2.6921  0.000e+00
     40.331    10.1912   3.575906    32.4349       2295     9.5583     2.6949  0.000e+00
     40.250    10.1927   3.575946    32.4341       2296     9.5625     2.7007  0.000e+00
     40.171    10.1941   3.575859    32.4319       2297     9.5667     2.7044  0.000e+00
     40.086    10.1954   3.575755    32.4298       2298     9.5708     2.7092  0.000e+00
     40.004    10.1959   3.575772    32.4295       2299     9.5750     2.7126  0.000e+00
     39.914    10.1970   3.575842    32.4293       2300     9.5792     2.7156  0.000e+00
     39.829    10.1978   3.575859    32.4287       2301     9.5833     2.7198  0.000e+00
     39.742    10.1982   3.575969    32.4295       2302     9.5875     2.7254  0.000e+00
     39.653    10.1995   3.576033    32.4291       2303     9.5917     2.7255  0.000e+00
     39.574    10.2009   3.576056    32.4281       2304     9.5958     2.7295  0.000e+00
     39.496    10.2020   3.576143    32.4280       2305     9.6000     2.7325  0.000e+00
     39.424    10.2030   3.576166    32.4273       2306     9.6042     2.7336  0.000e+00
     39.352    10.2038   3.576149    32.4265       2307     9.6083     2.7390  0.000e+00
     39.288    10.2046   3.576166    32.4260       2308     9.6125     2.7420  0.000e+00
     39.225    10.2060   3.576184    32.4250       2309     9.6167     2.7456  0.000e+00
     39.166    10.2062   3.576317    32.4262       2310     9.6208     2.7495  0.000e+00
     39.102    10.2070   3.576491    32.4272       2311     9.6250     2.7546  0.000e+00
     39.052    10.2081   3.576444    32.4258       2312     9.6292     2.7595  0.000e+00
     38.999    10.2096   3.576294    32.4229       2313     9.6333     2.7634  0.000e+00
     38.940    10.2113   3.576207    32.4206       2314     9.6375     2.7689  0.000e+00
     38.876    10.2134   3.576207    32.4187       2315     9.6417     2.7720  0.000e+00
     38.813    10.2153   3.576230    32.4173       2316     9.6458     2.7761  0.000e+00
     38.741    10.2165   3.576207    32.4160       2317     9.6500     2.7792  0.000e+00
     38.654    10.2164   3.576102    32.4151       2318     9.6542     2.7802  0.000e+00
     38.560    10.2156   3.576033    32.4152       2319     9.6583     2.7807  0.000e+00
     38.463    10.2142   3.575946    32.4156       2320     9.6625     2.7814  0.000e+00
     38.349    10.2124   3.575928    32.4170       2321     9.6667     2.7787  0.000e+00
     38.239    10.2108   3.575905    32.4183       2322     9.6708     2.7752  0.000e+00
     38.125    10.2093   3.575772    32.4184       2323     9.6750     2.7701  0.000e+00
     38.011    10.2079   3.575795    32.4198       2324     9.6792     2.7635  0.000e+00
     37.891    10.2072   3.576032    32.4229       2325     9.6833     2.7559  0.000e+00
     37.794    10.2068   3.576293    32.4260       2326     9.6875     2.7472  0.000e+00
     37.700    10.2071   3.576229    32.4251       2327     9.6917     2.7375  0.000e+00
     37.624    10.2097   3.576357    32.4241       2328     9.6958     2.7307  0.000e+00
     37.557    10.2121   3.576554    32.4239       2329     9.7000     2.7230  0.000e+00
     37.517    10.2148   3.576774    32.4238       2330     9.7042     2.7153  0.000e+00
     37.476    10.2177   3.576664    32.4201       2331     9.7083     2.7102  0.000e+00
     37.447    10.2193   3.576513    32.4172       2332     9.7125     2.7043  0.000e+00
     37.420    10.2183   3.576426    32.4172       2333     9.7167     2.7011  0.000e+00
     37.400    10.2166   3.576357    32.4180       2334     9.7208     2.6998  0.000e+00
     37.373    10.2150   3.576339    32.4193       2335     9.7250     2.7037  0.000e+00
     37.340    10.2150   3.576357    32.4195       2336     9.7292     2.7102  0.000e+00
     37.295    10.2158   3.576380    32.4190       2337     9.7333     2.7191  0.000e+00
     37.239    10.2159   3.576293    32.4181       2338     9.7375     2.7287  0.000e+00
     37.172    10.2157   3.575992    32.4153       2339     9.7417     2.7383  0.000e+00
     37.098    10.2149   3.575731    32.4134       2340     9.7458     2.7466  0.000e+00
     37.002    10.2138   3.575644    32.4135       2341     9.7500     2.7524  0.000e+00
     36.898    10.2128   3.575470    32.4127       2342     9.7542     2.7564  0.000e+00
     36.775    10.2130   3.575423    32.4121       2343     9.7583     2.7544  0.000e+00
     36.657    10.2135   3.575359    32.4111       2344     9.7625     2.7549  0.000e+00
     36.550    10.2140   3.575470    32.4118       2345     9.7667     2.7498  0.000e+00
     36.446    10.2142   3.575232    32.4092       2346     9.7708     2.7440  0.000e+00
     36.350    10.2140   3.571760    32.3745       2347     9.7750     2.7370  0.000e+00
