HB2304/sbe122.cnv
* Sea-Bird SBE 19plus V2 Data File:
* FileName = C:\cruise\data\sbe122.hex
* Software Version Seasave V 7.26.7.121
* Temperature SN = 7037
* Conductivity SN = 7037
* System UpLoad Time = Nov 07 2023 02:23:35
** Ship: Bigelow
** Cruise:  HB2304
** Program:  Fall Bottom Trawl
# nquan = 8
# nvalues = 1661                                  
# units = specified
# name 0 = depSM: Depth [salt water, m], lat = 40.00
# name 1 = tv290C: Temperature [ITS-90, deg C]
# name 2 = c0S/m: Conductivity [S/m]
# name 3 = sal00: Salinity, Practical [PSU]
# name 4 = scan: Scan Count
# name 5 = timeM: Time, Elapsed [minutes]
# name 6 = sbeox0V: Oxygen raw, SBE 43 [V]
# name 7 = flag:  0.000e+00
# span 0 =      0.261,    108.921                 
# span 1 =     8.7852,    10.5771                 
# span 2 =   3.461595,   3.599096                 
# span 3 =    31.5586,    33.3546                 
# span 4 =         11,       1671                 
# span 5 =     0.0417,     6.9583                 
# span 6 =     2.5537,     3.1445                 
# span 7 = 0.0000e+00, 0.0000e+00                 
# interval = seconds: 0.25
# start_time = Nov 07 2023 02:23:35 [System UTC, header]
# bad_flag = -9.990e-29
*END*
[from data line 1079]
    108.077     8.8953   3.552358    33.3509       1090     4.5375     2.5614  0.000e+00
    107.991     8.8951   3.552318    33.3506       1091     4.5417     2.5617  0.000e+00
    107.917     8.8952   3.552318    33.3506       1092     4.5458     2.5604  0.000e+00
    107.853     8.8951   3.552318    33.3507       1093     4.5500     2.5605  0.000e+00
    107.801     8.8951   3.552335    33.3509       1094     4.5542     2.5608  0.000e+00
    107.756     8.8951   3.552445    33.3520       1095     4.5583     2.5605  0.000e+00
    107.729     8.8950   3.552532    33.3531       1096     4.5625     2.5595  0.000e+00
    107.712     8.8949   3.552555    33.3534       1097     4.5667     2.5583  0.000e+00
    107.707     8.8946   3.552532    33.3534       1098     4.5708     2.5581  0.000e+00
    107.714     8.8947   3.552532    33.3533       1099     4.5750     2.5585  0.000e+00
    107.740     8.8946   3.552509    33.3532       1100     4.5792     2.5591  0.000e+00
    107.772     8.8946   3.552468    33.3527       1101     4.5833     2.5588  0.000e+00
    107.808     8.8945   3.552405    33.3522       1102     4.5875     2.5585  0.000e+00
    107.855     8.8947   3.552358    33.3515       1103     4.5917     2.5581  0.000e+00
    107.911     8.8948   3.552405    33.3518       1104     4.5958     2.5570  0.000e+00
    107.977     8.8949   3.552335    33.3510       1105     4.6000     2.5570  0.000e+00
    108.040     8.8950   3.552382    33.3514       1106     4.6042     2.5570  0.000e+00
    108.110     8.8949   3.552335    33.3509       1107     4.6083     2.5566  0.000e+00
    108.188     8.8951   3.552335    33.3507       1108     4.6125     2.5570  0.000e+00
    108.273     8.8950   3.552359    33.3510       1109     4.6167     2.5565  0.000e+00
    108.349     8.8952   3.552422    33.3515       1110     4.6208     2.5569  0.000e+00
    108.421     8.8951   3.552422    33.3515       1111     4.6250     2.5566  0.000e+00
    108.495     8.8951   3.552486    33.3522       1112     4.6292     2.5549  0.000e+00
    108.559     8.8949   3.552486    33.3523       1113     4.6333     2.5537  0.000e+00
    108.608     8.8949   3.552509    33.3525       1114     4.6375     2.5555  0.000e+00
    108.638     8.8949   3.552486    33.3523       1115     4.6417     2.5546  0.000e+00
    108.649     8.8947   3.552509    33.3526       1116     4.6458     2.5549  0.000e+00
    108.655     8.8947   3.552596    33.3536       1117     4.6500     2.5553  0.000e+00
    108.581     8.8947   3.552382    33.3514       1118     4.6542     2.5558  0.000e+00
    108.458     8.8949   3.552272    33.3501       1119     4.6583     2.5562  0.000e+00
    108.297     8.8951   3.552272    33.3500       1120     4.6625     2.5555  0.000e+00
    108.116     8.8953   3.552208    33.3492       1121     4.6667     2.5566  0.000e+00
    107.910     8.8955   3.552081    33.3478       1122     4.6708     2.5568  0.000e+00
    107.689     8.8958   3.552058    33.3474       1123     4.6750     2.5576  0.000e+00
    107.449     8.8960   3.552034    33.3471       1124     4.6792     2.5579  0.000e+00
    107.161     8.8961   3.552011    33.3468       1125     4.6833     2.5585  0.000e+00
    106.845     8.8965   3.551994    33.3464       1126     4.6875     2.5570  0.000e+00
    106.534     8.8966   3.551947    33.3460       1127     4.6917     2.5573  0.000e+00
    106.234     8.8968   3.550531    33.3311       1128     4.6958     2.5565  0.000e+00
    105.935     8.8993   3.550207    33.3256       1129     4.7000     2.5571  0.000e+00
    105.650     8.9025   3.549993    33.3205       1130     4.7042     2.5576  0.000e+00
    105.373     8.9050   3.549883    33.3171       1131     4.7083     2.5578  0.000e+00
    105.118     8.9070   3.549819    33.3148       1132     4.7125     2.5590  0.000e+00
    104.889     8.9082   3.549860    33.3141       1133     4.7167     2.5603  0.000e+00
    104.677     8.9092   3.549773    33.3124       1134     4.7208     2.5612  0.000e+00
    104.484     8.9097   3.549860    33.3129       1135     4.7250     2.5619  0.000e+00
    104.292     8.9099   3.549756    33.3117       1136     4.7292     2.5630  0.000e+00
    104.129     8.9101   3.549796    33.3120       1137     4.7333     2.5642  0.000e+00
    103.983     8.9103   3.550033    33.3144       1138     4.7375     2.5658  0.000e+00
    103.845     8.9099   3.550073    33.3152       1139     4.7417     2.5650  0.000e+00
    103.708     8.9096   3.549992    33.3148       1140     4.7458     2.5662  0.000e+00
    103.582     8.9094   3.550143    33.3166       1141     4.7500     2.5657  0.000e+00
    103.451     8.9090   3.550160    33.3172       1142     4.7542     2.5667  0.000e+00
    103.328     8.9087   3.550206    33.3180       1143     4.7583     2.5664  0.000e+00
    103.195     8.9083   3.550247    33.3188       1144     4.7625     2.5678  0.000e+00
    103.054     8.9078   3.550096    33.3178       1145     4.7667     2.5676  0.000e+00
    102.913     8.9079   3.549859    33.3153       1146     4.7708     2.5683  0.000e+00
    102.762     8.9085   3.549923    33.3155       1147     4.7750     2.5678  0.000e+00
    102.603     8.9089   3.549992    33.3159       1148     4.7792     2.5680  0.000e+00
    102.442     8.9089   3.549819    33.3141       1149     4.7833     2.5675  0.000e+00
    102.267     8.9091   3.549969    33.3156       1150     4.7875     2.5683  0.000e+00
    102.086     8.9091   3.549882    33.3148       1151     4.7917     2.5673  0.000e+00
    101.896     8.9090   3.549772    33.3138       1152     4.7958     2.5670  0.000e+00
    101.698     8.9093   3.549905    33.3150       1153     4.8000     2.5664  0.000e+00
    101.490     8.9093   3.549448    33.3103       1154     4.8042     2.5676  0.000e+00
    101.269     8.9100   3.549257    33.3078       1155     4.8083     2.5681  0.000e+00
    101.043     8.9110   3.549257    33.3069       1156     4.8125     2.5682  0.000e+00
    100.812     8.9120   3.549130    33.3048       1157     4.8167     2.5690  0.000e+00
    100.573     8.9125   3.549147    33.3046       1158     4.8208     2.5688  0.000e+00
    100.327     8.9130   3.549043    33.3032       1159     4.8250     2.5709  0.000e+00
    100.076     8.9134   3.548956    33.3020       1160     4.8292     2.5689  0.000e+00
     99.817     8.9138   3.549147    33.3038       1161     4.8333     2.5715  0.000e+00
     99.552     8.9138   3.549216    33.3046       1162     4.8375     2.5712  0.000e+00
     99.297     8.9135   3.549216    33.3050       1163     4.8417     2.5712  0.000e+00
     99.036     8.9132   3.548997    33.3031       1164     4.8458     2.5722  0.000e+00
     98.778     8.9133   3.548569    33.2987       1165     4.8500     2.5722  0.000e+00
     98.514     8.9143   3.548609    33.2983       1166     4.8542     2.5725  0.000e+00
     98.250     8.9151   3.548719    33.2988       1167     4.8583     2.5718  0.000e+00
     98.000     8.9154   3.548673    33.2981       1168     4.8625     2.5729  0.000e+00
     97.747     8.9154   3.548655    33.2981       1169     4.8667     2.5730  0.000e+00
     97.496     8.9155   3.548609    33.2976       1170     4.8708     2.5738  0.000e+00
     97.257     8.9154   3.548609    33.2978       1171     4.8750     2.5744  0.000e+00
     97.035     8.9156   3.548568    33.2973       1172     4.8792     2.5734  0.000e+00
     96.818     8.9155   3.548672    33.2986       1173     4.8833     2.5725  0.000e+00
     96.626     8.9157   3.548655    33.2983       1174     4.8875     2.5717  0.000e+00
     96.438     8.9153   3.548655    33.2988       1175     4.8917     2.5721  0.000e+00
     96.270     8.9152   3.548591    33.2983       1176     4.8958     2.5723  0.000e+00
     96.115     8.9154   3.548591    33.2981       1177     4.9000     2.5735  0.000e+00
     95.965     8.9152   3.548545    33.2979       1178     4.9042     2.5728  0.000e+00
     95.831     8.9153   3.548568    33.2981       1179     4.9083     2.5741  0.000e+00
     95.703     8.9155   3.548522    33.2975       1180     4.9125     2.5736  0.000e+00
     95.578     8.9155   3.548568    33.2981       1181     4.9167     2.5735  0.000e+00
     95.455     8.9155   3.548521    33.2977       1182     4.9208     2.5728  0.000e+00
     95.343     8.9155   3.548591    33.2984       1183     4.9250     2.5739  0.000e+00
     95.215     8.9153   3.548394    33.2966       1184     4.9292     2.5738  0.000e+00
     95.081     8.9156   3.548521    33.2977       1185     4.9333     2.5747  0.000e+00
     94.933     8.9157   3.548591    33.2985       1186     4.9375     2.5745  0.000e+00
     94.779     8.9155   3.548481    33.2976       1187     4.9417     2.5739  0.000e+00
     94.609     8.9154   3.548481    33.2977       1188     4.9458     2.5736  0.000e+00
     94.419     8.9153   3.548608    33.2992       1189     4.9500     2.5746  0.000e+00
     94.220     8.9152   3.548504    33.2983       1190     4.9542     2.5748  0.000e+00
     94.012     8.9152   3.548284    33.2961       1191     4.9583     2.5728  0.000e+00
     93.783     8.9157   3.548180    33.2946       1192     4.9625     2.5737  0.000e+00
     93.548     8.9162   3.548180    33.2943       1193     4.9667     2.5742  0.000e+00
     93.298     8.9165   3.548116    33.2935       1194     4.9708     2.5734  0.000e+00
     93.034     8.9169   3.548052    33.2925       1195     4.9750     2.5732  0.000e+00
     92.772     8.9171   3.548093    33.2929       1196     4.9792     2.5738  0.000e+00
     92.512     8.9173   3.548116    33.2931       1197     4.9833     2.5738  0.000e+00
     92.251     8.9171   3.548116    33.2934       1198     4.9875     2.5743  0.000e+00
     91.984     8.9170   3.548093    33.2934       1199     4.9917     2.5741  0.000e+00
     91.722     8.9170   3.548092    33.2935       1200     4.9958     2.5740  0.000e+00
     91.476     8.9169   3.547919    33.2918       1201     5.0000     2.5765  0.000e+00
     91.230     8.9173   3.548029    33.2928       1202     5.0042     2.5770  0.000e+00
     90.999     8.9174   3.548052    33.2930       1203     5.0083     2.5765  0.000e+00
     90.765     8.9171   3.548029    33.2931       1204     5.0125     2.5784  0.000e+00
     90.545     8.9171   3.547942    33.2924       1205     5.0167     2.5763  0.000e+00
     90.342     8.9171   3.547942    33.2925       1206     5.0208     2.5761  0.000e+00
     90.154     8.9173   3.547682    33.2897       1207     5.0250     2.5762  0.000e+00
     89.985     8.9183   3.547595    33.2879       1208     5.0292     2.5761  0.000e+00
     89.822     8.9199   3.547427    33.2847       1209     5.0333     2.5762  0.000e+00
     89.657     8.9213   3.547514    33.2843       1210     5.0375     2.5761  0.000e+00
     89.504     8.9222   3.547444    33.2829       1211     5.0417     2.5764  0.000e+00
     89.361     8.9232   3.547404    33.2816       1212     5.0458     2.5762  0.000e+00
     89.225     8.9235   3.547363    33.2809       1213     5.0500     2.5765  0.000e+00
     89.079     8.9243   3.547340    33.2800       1214     5.0542     2.5761  0.000e+00
     88.934     8.9252   3.547294    33.2787       1215     5.0583     2.5774  0.000e+00
     88.790     8.9258   3.547340    33.2787       1216     5.0625     2.5768  0.000e+00
     88.634     8.9262   3.547340    33.2785       1217     5.0667     2.5765  0.000e+00
     88.477     8.9262   3.547340    33.2785       1218     5.0708     2.5780  0.000e+00
     88.303     8.9262   3.546993    33.2750       1219     5.0750     2.5793  0.000e+00
     88.117     8.9265   3.546953    33.2743       1220     5.0792     2.5775  0.000e+00
     87.920     8.9271   3.546843    33.2727       1221     5.0833     2.5766  0.000e+00
     87.710     8.9279   3.546929    33.2729       1222     5.0875     2.5787  0.000e+00
     87.486     8.9281   3.546392    33.2673       1223     5.0917     2.5780  0.000e+00
     87.246     8.9292   3.546115    33.2635       1224     5.0958     2.5774  0.000e+00
     86.998     8.9312   3.545600    33.2564       1225     5.1000     2.5780  0.000e+00
     86.749     8.9341   3.544953    33.2470       1226     5.1042     2.5777  0.000e+00
     86.486     8.9383   3.544716    33.2408       1227     5.1083     2.5782  0.000e+00
     86.224     8.9412   3.544416    33.2350       1228     5.1125     2.5781  0.000e+00
     85.968     8.9428   3.544375    33.2332       1229     5.1167     2.5778  0.000e+00
     85.706     8.9435   3.544306    33.2319       1230     5.1208     2.5792  0.000e+00
     85.456     8.9440   3.544329    33.2318       1231     5.1250     2.5791  0.000e+00
     85.225     8.9446   3.544225    33.2303       1232     5.1292     2.5795  0.000e+00
     84.988     8.9449   3.544305    33.2310       1233     5.1333     2.5804  0.000e+00
     84.775     8.9451   3.544074    33.2285       1234     5.1375     2.5810  0.000e+00
     84.567     8.9451   3.543468    33.2223       1235     5.1417     2.5819  0.000e+00
     84.370     8.9445   3.543404    33.2222       1236     5.1458     2.5832  0.000e+00
     84.187     8.9440   3.543364    33.2224       1237     5.1500     2.5829  0.000e+00
     84.015     8.9435   3.543427    33.2235       1238     5.1542     2.5851  0.000e+00
     83.844     8.9435   3.543814    33.2277       1239     5.1583     2.5851  0.000e+00
     83.677     8.9449   3.543878    33.2271       1240     5.1625     2.5855  0.000e+00
     83.515     8.9468   3.543964    33.2263       1241     5.1667     2.5860  0.000e+00
     83.350     8.9481   3.543600    33.2214       1242     5.1708     2.5868  0.000e+00
     83.180     8.9482   3.543617    33.2215       1243     5.1750     2.5877  0.000e+00
     83.001     8.9477   3.543750    33.2234       1244     5.1792     2.5881  0.000e+00
     82.821     8.9482   3.543768    33.2233       1245     5.1833     2.5900  0.000e+00
     82.638     8.9488   3.543750    33.2227       1246     5.1875     2.5888  0.000e+00
     82.461     8.9491   3.543767    33.2226       1247     5.1917     2.5890  0.000e+00
     82.276     8.9494   3.543727    33.2220       1248     5.1958     2.5905  0.000e+00
     82.087     8.9498   3.543727    33.2217       1249     5.2000     2.5896  0.000e+00
     81.899     8.9500   3.543640    33.2207       1250     5.2042     2.5900  0.000e+00
     81.711     8.9502   3.543553    33.2197       1251     5.2083     2.5900  0.000e+00
     81.517     8.9498   3.543467    33.2192       1252     5.2125     2.5915  0.000e+00
     81.335     8.9496   3.543316    33.2180       1253     5.2167     2.5901  0.000e+00
     81.145     8.9495   3.543316    33.2182       1254     5.2208     2.5910  0.000e+00
     80.959     8.9498   3.543235    33.2171       1255     5.2250     2.5906  0.000e+00
     80.780     8.9499   3.543085    33.2155       1256     5.2292     2.5900  0.000e+00
     80.593     8.9495   3.542999    33.2151       1257     5.2333     2.5890  0.000e+00
     80.405     8.9491   3.542935    33.2149       1258     5.2375     2.5900  0.000e+00
     80.214     8.9484   3.543085    33.2172       1259     5.2417     2.5903  0.000e+00
     80.020     8.9481   3.542912    33.2157       1260     5.2458     2.5898  0.000e+00
     79.827     8.9475   3.540896    33.1954       1261     5.2500     2.5900  0.000e+00
     79.628     8.9444   3.541260    33.2022       1262     5.2542     2.5913  0.000e+00
     79.422     8.9414   3.541710    33.2098       1263     5.2583     2.5913  0.000e+00
     79.218     8.9406   3.542115    33.2148       1264     5.2625     2.5923  0.000e+00
     79.014     8.9412   3.541450    33.2074       1265     5.2667     2.5939  0.000e+00
     78.804     8.9408   3.540809    33.2012       1266     5.2708     2.5927  0.000e+00
     78.603     8.9393   3.540613    33.2007       1267     5.2750     2.5935  0.000e+00
     78.383     8.9374   3.540336    33.1996       1268     5.2792     2.5939  0.000e+00
