HB2304/sbe106.cnv
* Sea-Bird SBE 19plus V2 Data File:
* FileName = C:\cruise\data\sbe106.hex
* Software Version Seasave V 7.26.7.121
* Temperature SN = 7037
* Conductivity SN = 7037
* System UpLoad Time = Nov 02 2023 17:05:04
** Ship: Bigelow
** Cruise:  HB2304
** Program:  Fall Bottom Trawl
# nquan = 8
# nvalues = 1788                                  
# units = specified
# name 0 = depSM: Depth [salt water, m], lat = 40.00
# name 1 = tv290C: Temperature [ITS-90, deg C]
# name 2 = c0S/m: Conductivity [S/m]
# name 3 = sal00: Salinity, Practical [PSU]
# name 4 = scan: Scan Count
# name 5 = timeM: Time, Elapsed [minutes]
# name 6 = sbeox0V: Oxygen raw, SBE 43 [V]
# name 7 = flag:  0.000e+00
# span 0 =      0.074,     52.440                 
# span 1 =    11.8187,    15.3087                 
# span 2 =   0.000009,   3.991403                 
# span 3 =     0.0061,    32.2640                 
# span 4 =         11,       1798                 
# span 5 =     0.0417,     7.4875                 
# span 6 =     2.5233,     3.1824                 
# span 7 = 0.0000e+00, 0.0000e+00                 
# interval = seconds: 0.25
# start_time = Nov 02 2023 17:05:04 [System UTC, header]
# bad_flag = -9.990e-29
*END*
[from data line 899]
     42.396    15.2307   3.984769    32.0108        910     3.7875     3.0995  0.000e+00
     42.287    15.2306   3.984744    32.0107        911     3.7917     3.1038  0.000e+00
     42.188    15.2307   3.984672    32.0100        912     3.7958     3.1067  0.000e+00
     42.078    15.2306   3.984768    32.0110        913     3.8000     3.1099  0.000e+00
     41.970    15.2306   3.984817    32.0115        914     3.8042     3.1141  0.000e+00
     41.858    15.2311   3.984865    32.0116        915     3.8083     3.1166  0.000e+00
     41.746    15.2319   3.985665    32.0181        916     3.8125     3.1185  0.000e+00
     41.628    15.2341   3.984889    32.0094        917     3.8167     3.1184  0.000e+00
     41.510    15.2341   3.984671    32.0075        918     3.8208     3.1186  0.000e+00
     41.382    15.2330   3.984605    32.0079        919     3.8250     3.1180  0.000e+00
     41.261    15.2317   3.984653    32.0094        920     3.8292     3.1192  0.000e+00
     41.127    15.2310   3.984605    32.0096        921     3.8333     3.1218  0.000e+00
     40.981    15.2306   3.984520    32.0092        922     3.8375     3.1246  0.000e+00
     40.836    15.2302   3.984483    32.0093        923     3.8417     3.1263  0.000e+00
     40.675    15.2297   3.984483    32.0097        924     3.8458     3.1261  0.000e+00
     40.524    15.2295   3.984507    32.0102        925     3.8500     3.1232  0.000e+00
     40.366    15.2293   3.984459    32.0099        926     3.8542     3.1222  0.000e+00
     40.193    15.2293   3.984483    32.0102        927     3.8583     3.1210  0.000e+00
     40.034    15.2292   3.984556    32.0111        928     3.8625     3.1200  0.000e+00
     39.862    15.2292   3.984531    32.0108        929     3.8667     3.1224  0.000e+00
     39.701    15.2294   3.984483    32.0103        930     3.8708     3.1231  0.000e+00
     39.542    15.2294   3.984519    32.0107        931     3.8750     3.1246  0.000e+00
     39.382    15.2295   3.984580    32.0113        932     3.8792     3.1274  0.000e+00
     39.230    15.2298   3.984670    32.0119        933     3.8833     3.1288  0.000e+00
     39.071    15.2302   3.984695    32.0118        934     3.8875     3.1287  0.000e+00
     38.932    15.2309   3.984743    32.0118        935     3.8917     3.1276  0.000e+00
     38.794    15.2311   3.984816    32.0123        936     3.8958     3.1267  0.000e+00
     38.659    15.2320   3.985125    32.0144        937     3.9000     3.1261  0.000e+00
     38.536    15.2331   3.985028    32.0126        938     3.9042     3.1256  0.000e+00
     38.418    15.2342   3.985106    32.0125        939     3.9083     3.1265  0.000e+00
     38.303    15.2349   3.985239    32.0131        940     3.9125     3.1254  0.000e+00
     38.189    15.2358   3.985215    32.0122        941     3.9167     3.1251  0.000e+00
     38.081    15.2366   3.985288    32.0123        942     3.9208     3.1256  0.000e+00
     37.960    15.2367   3.984888    32.0086        943     3.9250     3.1245  0.000e+00
     37.839    15.2359   3.984791    32.0085        944     3.9292     3.1241  0.000e+00
     37.716    15.2350   3.985051    32.0116        945     3.9333     3.1270  0.000e+00
     37.587    15.2352   3.985378    32.0144        946     3.9375     3.1279  0.000e+00
     37.456    15.2368   3.985451    32.0138        947     3.9417     3.1283  0.000e+00
     37.325    15.2378   3.984906    32.0081        948     3.9458     3.1302  0.000e+00
     37.186    15.2369   3.984767    32.0077        949     3.9500     3.1290  0.000e+00
     37.058    15.2356   3.984742    32.0086        950     3.9542     3.1310  0.000e+00
     36.932    15.2346   3.984839    32.0103        951     3.9583     3.1311  0.000e+00
     36.801    15.2342   3.984888    32.0111        952     3.9625     3.1323  0.000e+00
     36.682    15.2344   3.984863    32.0108        953     3.9667     3.1335  0.000e+00
     36.574    15.2342   3.984742    32.0099        954     3.9708     3.1326  0.000e+00
     36.476    15.2339   3.984718    32.0100        955     3.9750     3.1319  0.000e+00
     36.371    15.2336   3.984675    32.0099        956     3.9792     3.1303  0.000e+00
     36.286    15.2331   3.984718    32.0107        957     3.9833     3.1299  0.000e+00
     36.196    15.2330   3.984815    32.0117        958     3.9875     3.1276  0.000e+00
     36.122    15.2332   3.984651    32.0101        959     3.9917     3.1262  0.000e+00
     36.044    15.2330   3.984554    32.0094        960     3.9958     3.1257  0.000e+00
     35.957    15.2324   3.984578    32.0102        961     4.0000     3.1263  0.000e+00
     35.880    15.2321   3.984342    32.0083        962     4.0042     3.1247  0.000e+00
     35.786    15.2311   3.984391    32.0096        963     4.0083     3.1259  0.000e+00
     35.681    15.2306   3.984651    32.0123        964     4.0125     3.1269  0.000e+00
     35.561    15.2310   3.984881    32.0141        965     4.0167     3.1280  0.000e+00
     35.440    15.2327   3.987080    32.0325        966     4.0208     3.1295  0.000e+00
     35.305    15.2397   3.987601    32.0315        967     4.0250     3.1312  0.000e+00
     35.162    15.2477   3.988049    32.0290        968     4.0292     3.1312  0.000e+00
     35.012    15.2545   3.988243    32.0253        969     4.0333     3.1330  0.000e+00
     34.889    15.2594   3.987934    32.0185        970     4.0375     3.1329  0.000e+00
     34.773    15.2617   3.987485    32.0127        971     4.0417     3.1338  0.000e+00
     34.692    15.2619   3.987485    32.0126        972     4.0458     3.1354  0.000e+00
     34.622    15.2615   3.987461    32.0127        973     4.0500     3.1354  0.000e+00
     34.557    15.2610   3.987225    32.0110        974     4.0542     3.1335  0.000e+00
     34.508    15.2604   3.987722    32.0160        975     4.0583     3.1333  0.000e+00
     34.459    15.2614   3.988049    32.0181        976     4.0625     3.1293  0.000e+00
     34.430    15.2632   3.988006    32.0163        977     4.0667     3.1272  0.000e+00
     34.412    15.2645   3.988006    32.0152        978     4.0708     3.1260  0.000e+00
     34.398    15.2651   3.987958    32.0143        979     4.0750     3.1236  0.000e+00
     34.382    15.2655   3.988049    32.0148        980     4.0792     3.1207  0.000e+00
     34.365    15.2659   3.988097    32.0149        981     4.0833     3.1186  0.000e+00
     34.351    15.2662   3.988030    32.0141        982     4.0875     3.1159  0.000e+00
     34.331    15.2664   3.987909    32.0129        983     4.0917     3.1136  0.000e+00
     34.308    15.2659   3.987794    32.0122        984     4.0958     3.1143  0.000e+00
     34.284    15.2651   3.987649    32.0116        985     4.1000     3.1135  0.000e+00
     34.252    15.2642   3.987673    32.0126        986     4.1042     3.1142  0.000e+00
     34.216    15.2635   3.987249    32.0094        987     4.1083     3.1168  0.000e+00
     34.167    15.2616   3.986728    32.0062        988     4.1125     3.1180  0.000e+00
     34.112    15.2587   3.986492    32.0065        989     4.1167     3.1220  0.000e+00
     34.056    15.2565   3.987061    32.0134        990     4.1208     3.1236  0.000e+00
     33.993    15.2561   3.987297    32.0159        991     4.1250     3.1264  0.000e+00
     33.933    15.2568   3.987340    32.0157        992     4.1292     3.1263  0.000e+00
     33.865    15.2579   3.987364    32.0151        993     4.1333     3.1269  0.000e+00
     33.800    15.2583   3.986655    32.0084        994     4.1375     3.1290  0.000e+00
     33.738    15.2565   3.985922    32.0034        995     4.1417     3.1286  0.000e+00
     33.663    15.2528   3.986607    32.0125        996     4.1458     3.1296  0.000e+00
     33.592    15.2521   3.987146    32.0180        997     4.1500     3.1299  0.000e+00
     33.518    15.2536   3.986679    32.0125        998     4.1542     3.1299  0.000e+00
     33.444    15.2534   3.985855    32.0054        999     4.1583     3.1291  0.000e+00
     33.364    15.2508   3.985661    32.0058       1000     4.1625     3.1319  0.000e+00
     33.287    15.2481   3.986043    32.0114       1001     4.1667     3.1302  0.000e+00
     33.209    15.2472   3.986134    32.0130       1002     4.1708     3.1305  0.000e+00
     33.139    15.2473   3.985970    32.0115       1003     4.1750     3.1300  0.000e+00
     33.075    15.2470   3.985855    32.0107       1004     4.1792     3.1290  0.000e+00
     33.012    15.2463   3.986182    32.0143       1005     4.1833     3.1280  0.000e+00
     32.952    15.2471   3.986467    32.0162       1006     4.1875     3.1286  0.000e+00
     32.891    15.2487   3.986564    32.0158       1007     4.1917     3.1286  0.000e+00
     32.839    15.2496   3.986067    32.0106       1008     4.1958     3.1289  0.000e+00
     32.786    15.2490   3.986206    32.0123       1009     4.2000     3.1283  0.000e+00
     32.736    15.2488   3.986394    32.0142       1010     4.2042     3.1277  0.000e+00
     32.694    15.2494   3.986491    32.0146       1011     4.2083     3.1276  0.000e+00
     32.649    15.2503   3.986540    32.0144       1012     4.2125     3.1277  0.000e+00
     32.606    15.2510   3.986630    32.0146       1013     4.2167     3.1270  0.000e+00
     32.568    15.2516   3.986418    32.0122       1014     4.2208     3.1265  0.000e+00
     32.530    15.2515   3.986418    32.0123       1015     4.2250     3.1269  0.000e+00
     32.492    15.2514   3.986582    32.0139       1016     4.2292     3.1271  0.000e+00
     32.461    15.2518   3.986630    32.0140       1017     4.2333     3.1268  0.000e+00
     32.427    15.2522   3.986606    32.0134       1018     4.2375     3.1280  0.000e+00
     32.385    15.2526   3.986539    32.0125       1019     4.2417     3.1282  0.000e+00
     32.346    15.2526   3.986655    32.0136       1020     4.2458     3.1290  0.000e+00
     32.300    15.2528   3.986776    32.0146       1021     4.2500     3.1291  0.000e+00
     32.248    15.2533   3.986715    32.0136       1022     4.2542     3.1275  0.000e+00
     32.189    15.2536   3.986679    32.0131       1023     4.2583     3.1254  0.000e+00
     32.129    15.2535   3.986630    32.0127       1024     4.2625     3.1249  0.000e+00
     32.071    15.2536   3.986394    32.0106       1025     4.2667     3.1235  0.000e+00
     32.002    15.2525   3.986042    32.0084       1026     4.2708     3.1241  0.000e+00
     31.934    15.2508   3.985873    32.0083       1027     4.2750     3.1259  0.000e+00
     31.867    15.2491   3.986091    32.0116       1028     4.2792     3.1271  0.000e+00
     31.794    15.2487   3.986230    32.0132       1029     4.2833     3.1306  0.000e+00
     31.715    15.2485   3.985988    32.0112       1030     4.2875     3.1303  0.000e+00
     31.646    15.2482   3.986091    32.0124       1031     4.2917     3.1326  0.000e+00
     31.570    15.2479   3.986279    32.0143       1032     4.2958     3.1330  0.000e+00
     31.504    15.2483   3.986067    32.0121       1033     4.3000     3.1320  0.000e+00
     31.428    15.2482   3.985661    32.0087       1034     4.3042     3.1291  0.000e+00
     31.350    15.2469   3.985661    32.0098       1035     4.3083     3.1294  0.000e+00
     31.267    15.2456   3.985570    32.0100       1036     4.3125     3.1293  0.000e+00
     31.185    15.2447   3.985709    32.0121       1037     4.3167     3.1293  0.000e+00
     31.110    15.2445   3.985612    32.0113       1038     4.3208     3.1292  0.000e+00
     31.034    15.2440   3.985673    32.0123       1039     4.3250     3.1303  0.000e+00
     30.956    15.2439   3.985636    32.0121       1040     4.3292     3.1311  0.000e+00
     30.882    15.2438   3.985448    32.0105       1041     4.3333     3.1318  0.000e+00
     30.806    15.2430   3.985261    32.0096       1042     4.3375     3.1322  0.000e+00
     30.726    15.2419   3.985545    32.0130       1043     4.3417     3.1316  0.000e+00
     30.647    15.2423   3.985733    32.0144       1044     4.3458     3.1329  0.000e+00
     30.562    15.2432   3.986066    32.0167       1045     4.3500     3.1300  0.000e+00
     30.479    15.2450   3.986042    32.0150       1046     4.3542     3.1289  0.000e+00
     30.389    15.2462   3.986218    32.0157       1047     4.3583     3.1255  0.000e+00
     30.300    15.2475   3.986090    32.0135       1048     4.3625     3.1262  0.000e+00
     30.219    15.2480   3.986066    32.0129       1049     4.3667     3.1264  0.000e+00
     30.138    15.2482   3.986066    32.0128       1050     4.3708     3.1269  0.000e+00
     30.065    15.2482   3.985921    32.0115       1051     4.3750     3.1290  0.000e+00
     29.993    15.2477   3.985660    32.0096       1052     4.3792     3.1326  0.000e+00
     29.915    15.2471   3.985805    32.0114       1053     4.3833     3.1342  0.000e+00
     29.845    15.2466   3.985805    32.0118       1054     4.3875     3.1355  0.000e+00
     29.785    15.2462   3.985896    32.0130       1055     4.3917     3.1366  0.000e+00
     29.711    15.2464   3.986066    32.0144       1056     4.3958     3.1385  0.000e+00
     29.652    15.2472   3.985854    32.0119       1057     4.4000     3.1392  0.000e+00
     29.590    15.2469   3.985733    32.0111       1058     4.4042     3.1392  0.000e+00
     29.527    15.2465   3.986090    32.0146       1059     4.4083     3.1358  0.000e+00
     29.469    15.2472   3.986229    32.0153       1060     4.4125     3.1326  0.000e+00
     29.415    15.2483   3.986417    32.0161       1061     4.4167     3.1296  0.000e+00
     29.352    15.2497   3.986466    32.0154       1062     4.4208     3.1282  0.000e+00
     29.292    15.2507   3.986538    32.0153       1063     4.4250     3.1269  0.000e+00
     29.231    15.2518   3.986623    32.0152       1064     4.4292     3.1244  0.000e+00
     29.166    15.2527   3.986653    32.0147       1065     4.4333     3.1230  0.000e+00
     29.088    15.2533   3.986605    32.0139       1066     4.4375     3.1242  0.000e+00
     29.014    15.2536   3.986465    32.0123       1067     4.4417     3.1263  0.000e+00
     28.929    15.2533   3.986253    32.0107       1068     4.4458     3.1274  0.000e+00
     28.839    15.2526   3.986229    32.0111       1069     4.4500     3.1289  0.000e+00
     28.747    15.2515   3.986205    32.0118       1070     4.4542     3.1302  0.000e+00
     28.642    15.2513   3.986562    32.0152       1071     4.4583     3.1335  0.000e+00
     28.537    15.2519   3.986556    32.0147       1072     4.4625     3.1352  0.000e+00
     28.430    15.2526   3.986229    32.0113       1073     4.4667     3.1350  0.000e+00
     28.331    15.2519   3.985569    32.0059       1074     4.4708     3.1366  0.000e+00
     28.224    15.2499   3.985732    32.0091       1075     4.4750     3.1374  0.000e+00
     28.116    15.2483   3.985805    32.0111       1076     4.4792     3.1404  0.000e+00
     28.011    15.2473   3.985611    32.0102       1077     4.4833     3.1415  0.000e+00
     27.906    15.2465   3.985659    32.0114       1078     4.4875     3.1413  0.000e+00
     27.807    15.2460   3.985635    32.0116       1079     4.4917     3.1399  0.000e+00
     27.716    15.2458   3.985786    32.0132       1080     4.4958     3.1410  0.000e+00
     27.635    15.2462   3.986108    32.0157       1081     4.5000     3.1403  0.000e+00
     27.548    15.2476   3.986204    32.0155       1082     4.5042     3.1398  0.000e+00
     27.467    15.2487   3.986180    32.0144       1083     4.5083     3.1409  0.000e+00
     27.398    15.2494   3.986344    32.0153       1084     4.5125     3.1396  0.000e+00
     27.333    15.2504   3.986392    32.0150       1085     4.5167     3.1397  0.000e+00
     27.277    15.2508   3.984999    32.0022       1086     4.5208     3.1391  0.000e+00
     27.227    15.2471   3.984502    32.0008       1087     4.5250     3.1371  0.000e+00
     27.180    15.2424   3.984787    32.0071       1088     4.5292     3.1376  0.000e+00
