HB2304/sbe109.cnv
* Sea-Bird SBE 19plus V2 Data File:
* FileName = C:\cruise\data\sbe109.hex
* Software Version Seasave V 7.26.7.121
* Temperature SN = 7037
* Conductivity SN = 7037
* System UpLoad Time = Nov 04 2023 05:49:46
** Ship: Bigelow
** Cruise:  HB2304
** Program:  Fall Bottom Trawl
# nquan = 8
# nvalues = 4350                                  
# units = specified
# name 0 = depSM: Depth [salt water, m], lat = 40.00
# name 1 = tv290C: Temperature [ITS-90, deg C]
# name 2 = c0S/m: Conductivity [S/m]
# name 3 = sal00: Salinity, Practical [PSU]
# name 4 = scan: Scan Count
# name 5 = timeM: Time, Elapsed [minutes]
# name 6 = sbeox0V: Oxygen raw, SBE 43 [V]
# name 7 = flag:  0.000e+00
# span 0 =      0.062,    182.340                 
# span 1 =     7.1336,    12.9370                 
# span 2 =  -0.000002,   3.834801                 
# span 3 =     0.0000,    34.0228                 
# span 4 =         11,       4360                 
# span 5 =     0.0417,    18.1625                 
# span 6 =     2.1533,     3.1557                 
# span 7 = 0.0000e+00, 0.0000e+00                 
# interval = seconds: 0.25
# start_time = Nov 04 2023 05:49:46 [System UTC, header]
# bad_flag = -9.990e-29
*END*
[from data line 1259]
    148.492     7.2463   3.382639    33.0876       1270     5.2875     2.2037  0.000e+00
    148.617     7.2487   3.382883    33.0879       1271     5.2917     2.2053  0.000e+00
    148.731     7.2496   3.383234    33.0908       1272     5.2958     2.2045  0.000e+00
    148.845     7.2504   3.383920    33.0974       1273     5.3000     2.2049  0.000e+00
    148.964     7.2516   3.384431    33.1018       1274     5.3042     2.2063  0.000e+00
    149.078     7.2530   3.385571    33.1127       1275     5.3083     2.2065  0.000e+00
    149.196     7.2556   3.386036    33.1153       1276     5.3125     2.2074  0.000e+00
    149.313     7.2583   3.386371    33.1162       1277     5.3167     2.2065  0.000e+00
    149.438     7.2608   3.386609    33.1164       1278     5.3208     2.2075  0.000e+00
    149.557     7.2629   3.386904    33.1175       1279     5.3250     2.2068  0.000e+00
    149.677     7.2647   3.387137    33.1182       1280     5.3292     2.2083  0.000e+00
    149.791     7.2665   3.387500    33.1204       1281     5.3333     2.2084  0.000e+00
    149.910     7.2682   3.388175    33.1261       1282     5.3375     2.2081  0.000e+00
    150.031     7.2705   3.388663    33.1291       1283     5.3417     2.2087  0.000e+00
    150.163     7.2733   3.389315    33.1335       1284     5.3458     2.2081  0.000e+00
    150.301     7.2761   3.390030    33.1384       1285     5.3500     2.2084  0.000e+00
    150.440     7.2793   3.390893    33.1447       1286     5.3542     2.2097  0.000e+00
    150.592     7.2825   3.391597    33.1492       1287     5.3583     2.2102  0.000e+00
    150.746     7.2859   3.392431    33.1550       1288     5.3625     2.2087  0.000e+00
    150.901     7.2893   3.393192    33.1598       1289     5.3667     2.2094  0.000e+00
    151.062     7.2926   3.393697    33.1621       1290     5.3708     2.2095  0.000e+00
    151.223     7.2958   3.394078    33.1630       1291     5.3750     2.2095  0.000e+00
    151.386     7.2986   3.394680    33.1668       1292     5.3792     2.2096  0.000e+00
    151.552     7.3011   3.395168    33.1697       1293     5.3833     2.2099  0.000e+00
    151.717     7.3038   3.395923    33.1752       1294     5.3875     2.2091  0.000e+00
    151.881     7.3067   3.396236    33.1757       1295     5.3917     2.2087  0.000e+00
    152.042     7.3094   3.396844    33.1797       1296     5.3958     2.2098  0.000e+00
    152.198     7.3119   3.397826    33.1878       1297     5.4000     2.2078  0.000e+00
    152.341     7.3150   3.398741    33.1947       1298     5.4042     2.2075  0.000e+00
    152.473     7.3190   3.399360    33.1976       1299     5.4083     2.2070  0.000e+00
    152.596     7.3227   3.399923    33.2001       1300     5.4125     2.2056  0.000e+00
    152.708     7.3260   3.400298    33.2009       1301     5.4167     2.2058  0.000e+00
    152.811     7.3290   3.400792    33.2034       1302     5.4208     2.2054  0.000e+00
    152.905     7.3316   3.400968    33.2027       1303     5.4250     2.2058  0.000e+00
    153.003     7.3337   3.401076    33.2018       1304     5.4292     2.2039  0.000e+00
    153.104     7.3352   3.401292    33.2027       1305     5.4333     2.2037  0.000e+00
    153.211     7.3368   3.402366    33.2127       1306     5.4375     2.2026  0.000e+00
    153.332     7.3395   3.403531    33.2227       1307     5.4417     2.2019  0.000e+00
    153.462     7.3437   3.404725    33.2315       1308     5.4458     2.2013  0.000e+00
    153.599     7.3484   3.405640    33.2370       1309     5.4500     2.2007  0.000e+00
    153.748     7.3533   3.406311    33.2394       1310     5.4542     2.1993  0.000e+00
    153.905     7.3577   3.406749    33.2399       1311     5.4583     2.1991  0.000e+00
    154.068     7.3610   3.406954    33.2389       1312     5.4625     2.1979  0.000e+00
    154.236     7.3633   3.407130    33.2385       1313     5.4667     2.1986  0.000e+00
    154.397     7.3651   3.408000    33.2461       1314     5.4708     2.1978  0.000e+00
    154.565     7.3675   3.409661    33.2617       1315     5.4750     2.1972  0.000e+00
    154.728     7.3717   3.411322    33.2756       1316     5.4792     2.1968  0.000e+00
    154.884     7.3778   3.413109    33.2890       1317     5.4833     2.1967  0.000e+00
    155.028     7.3848   3.413490    33.2863       1318     5.4875     2.1955  0.000e+00
    155.158     7.3912   3.414321    33.2891       1319     5.4917     2.1963  0.000e+00
    155.282     7.3966   3.416011    33.3022       1320     5.4958     2.1966  0.000e+00
    155.399     7.4026   3.417565    33.3132       1321     5.5000     2.1939  0.000e+00
    155.509     7.4094   3.419262    33.3249       1322     5.5042     2.1933  0.000e+00
    155.609     7.4166   3.421318    33.3403       1323     5.5083     2.1932  0.000e+00
    155.717     7.4245   3.422246    33.3427       1324     5.5125     2.1930  0.000e+00
    155.835     7.4319   3.423300    33.3469       1325     5.5167     2.1923  0.000e+00
    155.956     7.4382   3.423893    33.3472       1326     5.5208     2.1927  0.000e+00
    156.083     7.4437   3.424229    33.3455       1327     5.5250     2.1907  0.000e+00
    156.216     7.4477   3.424269    33.3421       1328     5.5292     2.1907  0.000e+00
    156.358     7.4506   3.424388    33.3404       1329     5.5333     2.1904  0.000e+00
    156.517     7.4526   3.424514    33.3398       1330     5.5375     2.1893  0.000e+00
    156.678     7.4542   3.424616    33.3393       1331     5.5417     2.1876  0.000e+00
    156.842     7.4551   3.424822    33.3406       1332     5.5458     2.1878  0.000e+00
    157.011     7.4563   3.425095    33.3423       1333     5.5500     2.1858  0.000e+00
    157.188     7.4574   3.425380    33.3443       1334     5.5542     2.1850  0.000e+00
    157.369     7.4587   3.425648    33.3459       1335     5.5583     2.1829  0.000e+00
    157.551     7.4598   3.426309    33.3518       1336     5.5625     2.1813  0.000e+00
    157.723     7.4613   3.426805    33.3557       1337     5.5667     2.1791  0.000e+00
    157.895     7.4634   3.427711    33.3634       1338     5.5708     2.1794  0.000e+00
    158.054     7.4658   3.428036    33.3645       1339     5.5750     2.1793  0.000e+00
    158.213     7.4682   3.428498    33.3671       1340     5.5792     2.1795  0.000e+00
    158.369     7.4704   3.428623    33.3663       1341     5.5833     2.1774  0.000e+00
    158.517     7.4722   3.429034    33.3689       1342     5.5875     2.1780  0.000e+00
    158.656     7.4738   3.429119    33.3683       1343     5.5917     2.1779  0.000e+00
    158.803     7.4751   3.429633    33.3725       1344     5.5958     2.1773  0.000e+00
    158.948     7.4765   3.430545    33.3809       1345     5.6000     2.1771  0.000e+00
    159.087     7.4787   3.431206    33.3859       1346     5.6042     2.1778  0.000e+00
    159.230     7.4812   3.432735    33.3999       1347     5.6083     2.1762  0.000e+00
    159.373     7.4847   3.433493    33.4047       1348     5.6125     2.1755  0.000e+00
    159.515     7.4885   3.433978    33.4062       1349     5.6167     2.1750  0.000e+00
    159.658     7.4917   3.434309    33.4067       1350     5.6208     2.1742  0.000e+00
    159.798     7.4941   3.434925    33.4109       1351     5.6250     2.1750  0.000e+00
    159.935     7.4966   3.435838    33.4183       1352     5.6292     2.1742  0.000e+00
    160.071     7.4992   3.436523    33.4231       1353     5.6333     2.1731  0.000e+00
    160.215     7.5021   3.437270    33.4284       1354     5.6375     2.1736  0.000e+00
    160.356     7.5054   3.438354    33.4369       1355     5.6417     2.1733  0.000e+00
    160.501     7.5090   3.438822    33.4383       1356     5.6458     2.1732  0.000e+00
    160.639     7.5125   3.439690    33.4443       1357     5.6500     2.1739  0.000e+00
    160.780     7.5160   3.440112    33.4454       1358     5.6542     2.1739  0.000e+00
    160.921     7.5192   3.441100    33.4530       1359     5.6583     2.1742  0.000e+00
    161.065     7.5228   3.442225    33.4616       1360     5.6625     2.1746  0.000e+00
    161.208     7.5268   3.442390    33.4594       1361     5.6667     2.1730  0.000e+00
    161.360     7.5303   3.442305    33.4551       1362     5.6708     2.1753  0.000e+00
    161.516     7.5325   3.443195    33.4624       1363     5.6750     2.1749  0.000e+00
    161.673     7.5349   3.443612    33.4646       1364     5.6792     2.1753  0.000e+00
    161.831     7.5377   3.443915    33.4651       1365     5.6833     2.1849  0.000e+00
    161.993     7.5395   3.443864    33.4627       1366     5.6875     2.1783  0.000e+00
    162.158     7.5412   3.445314    33.4767       1367     5.6917     2.1749  0.000e+00
    162.324     7.5440   3.445286    33.4736       1368     5.6958     2.1736  0.000e+00
    162.494     7.5464   3.446148    33.4805       1369     5.7000     2.1730  0.000e+00
    162.670     7.5492   3.447102    33.4880       1370     5.7042     2.1724  0.000e+00
    162.847     7.5528   3.448285    33.4973       1371     5.7083     2.1712  0.000e+00
    163.024     7.5569   3.448679    33.4974       1372     5.7125     2.1719  0.000e+00
    163.209     7.5608   3.449411    33.5015       1373     5.7167     2.1708  0.000e+00
    163.386     7.5641   3.450074    33.5054       1374     5.7208     2.1716  0.000e+00
    163.565     7.5675   3.451057    33.5126       1375     5.7250     2.1703  0.000e+00
    163.748     7.5714   3.450902    33.5071       1376     5.7292     2.1716  0.000e+00
    163.921     7.5743   3.451760    33.5135       1377     5.7333     2.1709  0.000e+00
    164.089     7.5768   3.452160    33.5153       1378     5.7375     2.1723  0.000e+00
    164.247     7.5794   3.453372    33.5258       1379     5.7417     2.1722  0.000e+00
    164.399     7.5831   3.454281    33.5320       1380     5.7458     2.1709  0.000e+00
    164.536     7.5870   3.454698    33.5327       1381     5.7500     2.1706  0.000e+00
    164.663     7.5904   3.455116    33.5339       1382     5.7542     2.1719  0.000e+00
    164.788     7.5932   3.455836    33.5388       1383     5.7583     2.1716  0.000e+00
    164.891     7.5961   3.456259    33.5406       1384     5.7625     2.1708  0.000e+00
    164.994     7.5990   3.456511    33.5405       1385     5.7667     2.1705  0.000e+00
    165.091     7.6012   3.456763    33.5410       1386     5.7708     2.1715  0.000e+00
    165.195     7.6031   3.456774    33.5393       1387     5.7750     2.1704  0.000e+00
    165.303     7.6044   3.457243    33.5430       1388     5.7792     2.1702  0.000e+00
    165.419     7.6058   3.457535    33.5447       1389     5.7833     2.1698  0.000e+00
    165.544     7.6072   3.457661    33.5447       1390     5.7875     2.1701  0.000e+00
    165.681     7.6084   3.457889    33.5459       1391     5.7917     2.1701  0.000e+00
    165.824     7.6097   3.457970    33.5454       1392     5.7958     2.1697  0.000e+00
    165.989     7.6110   3.458267    33.5474       1393     5.8000     2.1687  0.000e+00
    166.162     7.6119   3.458307    33.5468       1394     5.8042     2.1689  0.000e+00
    166.347     7.6127   3.458284    33.5457       1395     5.8083     2.1681  0.000e+00
    166.535     7.6132   3.458324    33.5455       1396     5.8125     2.1680  0.000e+00
    166.727     7.6136   3.458450    33.5465       1397     5.8167     2.1682  0.000e+00
    166.922     7.6139   3.458559    33.5472       1398     5.8208     2.1665  0.000e+00
    167.123     7.6144   3.458611    33.5472       1399     5.8250     2.1668  0.000e+00
    167.320     7.6149   3.458868    33.5494       1400     5.8292     2.1669  0.000e+00
    167.515     7.6152   3.459120    33.5517       1401     5.8333     2.1669  0.000e+00
    167.698     7.6161   3.459309    33.5528       1402     5.8375     2.1665  0.000e+00
    167.881     7.6168   3.459641    33.5556       1403     5.8417     2.1663  0.000e+00
    168.067     7.6183   3.460098    33.5590       1404     5.8458     2.1665  0.000e+00
    168.248     7.6194   3.460396    33.5610       1405     5.8500     2.1676  0.000e+00
    168.432     7.6213   3.460894    33.5645       1406     5.8542     2.1672  0.000e+00
    168.611     7.6231   3.461357    33.5678       1407     5.8583     2.1675  0.000e+00
    168.780     7.6249   3.461540    33.5679       1408     5.8625     2.1673  0.000e+00
    168.939     7.6267   3.462084    33.5720       1409     5.8667     2.1681  0.000e+00
    169.080     7.6286   3.462817    33.5779       1410     5.8708     2.1669  0.000e+00
    169.214     7.6309   3.463400    33.5819       1411     5.8750     2.1676  0.000e+00
    169.333     7.6336   3.463927    33.5849       1412     5.8792     2.1672  0.000e+00
    169.433     7.6361   3.464259    33.5861       1413     5.8833     2.1665  0.000e+00
    169.521     7.6386   3.464677    33.5881       1414     5.8875     2.1654  0.000e+00
    169.592     7.6408   3.465765    33.5977       1415     5.8917     2.1665  0.000e+00
    169.668     7.6438   3.467236    33.6106       1416     5.8958     2.1668  0.000e+00
    169.731     7.6481   3.467562    33.6099       1417     5.9000     2.1659  0.000e+00
    169.812     7.6521   3.468152    33.6124       1418     5.9042     2.1660  0.000e+00
    169.899     7.6555   3.469132    33.6196       1419     5.9083     2.1656  0.000e+00
    170.006     7.6591   3.468839    33.6129       1420     5.9125     2.1656  0.000e+00
    170.127     7.6616   3.469252    33.6149       1421     5.9167     2.1661  0.000e+00
    170.259     7.6634   3.469132    33.6118       1422     5.9208     2.1646  0.000e+00
    170.416     7.6656   3.470913    33.6288       1423     5.9250     2.1647  0.000e+00
    170.595     7.6687   3.472173    33.6392       1424     5.9292     2.1647  0.000e+00
    170.780     7.6729   3.472437    33.6380       1425     5.9333     2.1653  0.000e+00
    170.983     7.6765   3.473050    33.6410       1426     5.9375     2.1650  0.000e+00
    171.196     7.6796   3.474832    33.6571       1427     5.9417     2.1650  0.000e+00
    171.417     7.6840   3.476764    33.6735       1428     5.9458     2.1639  0.000e+00
    171.632     7.6900   3.476494    33.6647       1429     5.9500     2.1632  0.000e+00
    171.851     7.6946   3.476856    33.6640       1430     5.9542     2.1633  0.000e+00
    172.062     7.6978   3.477962    33.6728       1431     5.9583     2.1634  0.000e+00
    172.258     7.7014   3.479413    33.6848       1432     5.9625     2.1616  0.000e+00
    172.435     7.7059   3.479980    33.6865       1433     5.9667     2.1625  0.000e+00
    172.601     7.7103   3.480714    33.6900       1434     5.9708     2.1620  0.000e+00
    172.759     7.7143   3.480990    33.6891       1435     5.9750     2.1626  0.000e+00
    172.914     7.7175   3.481259    33.6888       1436     5.9792     2.1609  0.000e+00
    173.061     7.7202   3.481535    33.6891       1437     5.9833     2.1620  0.000e+00
    173.214     7.7222   3.481827    33.6902       1438     5.9875     2.1617  0.000e+00
    173.363     7.7240   3.481764    33.6878       1439     5.9917     2.1617  0.000e+00
    173.508     7.7251   3.481953    33.6887       1440     5.9958     2.1610  0.000e+00
    173.663     7.7261   3.482137    33.6896       1441     6.0000     2.1608  0.000e+00
    173.822     7.7271   3.482206    33.6893       1442     6.0042     2.1608  0.000e+00
    173.983     7.7278   3.482292    33.6895       1443     6.0083     2.1610  0.000e+00
    174.151     7.7285   3.482378    33.6897       1444     6.0125     2.1607  0.000e+00
    174.318     7.7291   3.482441    33.6897       1445     6.0167     2.1595  0.000e+00
    174.488     7.7293   3.482648    33.6916       1446     6.0208     2.1569  0.000e+00
    174.653     7.7300   3.482625    33.6906       1447     6.0250     2.1570  0.000e+00
    174.810     7.7305   3.482481    33.6885       1448     6.0292     2.1584  0.000e+00
