HB2304/sbe128.cnv
* Sea-Bird SBE 19plus V2 Data File:
* FileName = C:\cruise\data\sbe128.hex
* Software Version Seasave V 7.26.7.121
* Temperature SN = 7037
* Conductivity SN = 7037
* System UpLoad Time = Nov 09 2023 17:02:58
** Ship: Bigelow
** Cruise:  HB2304
** Program:  Fall Bottom Trawl
# nquan = 8
# nvalues = 3117                                  
# units = specified
# name 0 = depSM: Depth [salt water, m], lat = 40.00
# name 1 = tv290C: Temperature [ITS-90, deg C]
# name 2 = c0S/m: Conductivity [S/m]
# name 3 = sal00: Salinity, Practical [PSU]
# name 4 = scan: Scan Count
# name 5 = timeM: Time, Elapsed [minutes]
# name 6 = sbeox0V: Oxygen raw, SBE 43 [V]
# name 7 = flag:  0.000e+00
# span 0 =     -0.088,    131.513                 
# span 1 =     4.8720,    11.4661                 
# span 2 =   0.000015,   3.658936                 
# span 3 =     0.0018,    33.9287                 
# span 4 =         11,       3127                 
# span 5 =     0.0417,    13.0250                 
# span 6 =     2.0577,     3.0968                 
# span 7 = 0.0000e+00, 0.0000e+00                 
# interval = seconds: 0.25
# start_time = Nov 09 2023 17:02:58 [System UTC, header]
# bad_flag = -9.990e-29
*END*
     -0.029     4.8720   0.000020     0.0018         11     0.0417     2.8701  0.000e+00
     -0.031     4.8720   0.000020     0.0018         12     0.0458     2.8692  0.000e+00
     -0.029     4.8722   0.000015     0.0018         13     0.0500     2.8717  0.000e+00
     -0.029     4.8723   0.000020     0.0018         14     0.0542     2.8705  0.000e+00
     -0.024     4.8723   0.000015     0.0018         15     0.0583     2.8711  0.000e+00
     -0.026     4.8724   0.000015     0.0018         16     0.0625     2.8709  0.000e+00
     -0.026     4.8726   0.000015     0.0018         17     0.0667     2.8707  0.000e+00
     -0.026     4.8727   0.000015     0.0018         18     0.0708     2.8707  0.000e+00
     -0.029     4.8729   0.000015     0.0018         19     0.0750     2.8718  0.000e+00
     -0.027     4.8729   0.000025     0.0019         20     0.0792     2.8707  0.000e+00
     -0.027     4.8731   0.000020     0.0018         21     0.0833     2.8708  0.000e+00
     -0.026     4.8731   0.000020     0.0018         22     0.0875     2.8713  0.000e+00
     -0.031     4.8733   0.000020     0.0018         23     0.0917     2.8705  0.000e+00
     -0.027     4.8735   0.000020     0.0018         24     0.0958     2.8706  0.000e+00
     -0.029     4.8736   0.000020     0.0018         25     0.1000     2.8714  0.000e+00
     -0.026     4.8737   0.000015     0.0018         26     0.1042     2.8717  0.000e+00
     -0.033     4.8737   0.000015     0.0018         27     0.1083     2.8705  0.000e+00
     -0.033     4.8738   0.000015     0.0018         28     0.1125     2.8710  0.000e+00
     -0.031     4.8738   0.000015     0.0018         29     0.1167     2.8706  0.000e+00
     -0.027     4.8740   0.000020     0.0018         30     0.1208     2.8698  0.000e+00
     -0.029     4.8741   0.000015     0.0018         31     0.1250     2.8721  0.000e+00
     -0.029     4.8742   0.000020     0.0018         32     0.1292     2.8701  0.000e+00
     -0.027     4.8743   0.000020     0.0018         33     0.1333     2.8713  0.000e+00
     -0.027     4.8745   0.000020     0.0018         34     0.1375     2.8705  0.000e+00
     -0.033     4.8746   0.000020     0.0018         35     0.1417     2.8713  0.000e+00
     -0.031     4.8747   0.000020     0.0018         36     0.1458     2.8701  0.000e+00
     -0.033     4.8747   0.000020     0.0018         37     0.1500     2.8713  0.000e+00
     -0.033     4.8749   0.000020     0.0018         38     0.1542     2.8715  0.000e+00
     -0.033     4.8750   0.000015     0.0018         39     0.1583     2.8709  0.000e+00
     -0.029     4.8750   0.000020     0.0018         40     0.1625     2.8713  0.000e+00
     -0.033     4.8751   0.000015     0.0018         41     0.1667     2.8698  0.000e+00
     -0.029     4.8753   0.000025     0.0019         42     0.1708     2.8719  0.000e+00
     -0.036     4.8754   0.000020     0.0018         43     0.1750     2.8696  0.000e+00
     -0.031     4.8754   0.000020     0.0018         44     0.1792     2.8716  0.000e+00
     -0.033     4.8756   0.000020     0.0018         45     0.1833     2.8713  0.000e+00
     -0.031     4.8756   0.000015     0.0018         46     0.1875     2.8701  0.000e+00
     -0.033     4.8758   0.000025     0.0019         47     0.1917     2.8701  0.000e+00
     -0.029     4.8761   0.000015     0.0018         48     0.1958     2.8714  0.000e+00
     -0.025     4.8762   0.000020     0.0019         49     0.2000     2.8698  0.000e+00
     -0.033     4.8764   0.000020     0.0019         50     0.2042     2.8719  0.000e+00
     -0.031     4.8766   0.000015     0.0018         51     0.2083     2.8705  0.000e+00
     -0.031     4.8767   0.000020     0.0019         52     0.2125     2.8714  0.000e+00
     -0.029     4.8768   0.000015     0.0018         53     0.2167     2.8721  0.000e+00
     -0.027     4.8770   0.000020     0.0019         54     0.2208     2.8705  0.000e+00
     -0.029     4.8772   0.000015     0.0018         55     0.2250     2.8714  0.000e+00
     -0.027     4.8773   0.000020     0.0019         56     0.2292     2.8708  0.000e+00
     -0.029     4.8774   0.000020     0.0019         57     0.2333     2.8708  0.000e+00
     -0.025     4.8775   0.000020     0.0019         58     0.2375     2.8714  0.000e+00
     -0.029     4.8776   0.000020     0.0019         59     0.2417     2.8716  0.000e+00
     -0.034     4.8778   0.000020     0.0019         60     0.2458     2.8717  0.000e+00
     -0.029     4.8779   0.000015     0.0018         61     0.2500     2.8713  0.000e+00
     -0.027     4.8781   0.000020     0.0019         62     0.2542     2.8709  0.000e+00
     -0.027     4.8782   0.000015     0.0018         63     0.2583     2.8714  0.000e+00
     -0.027     4.8784   0.000015     0.0018         64     0.2625     2.8700  0.000e+00
     -0.031     4.8784   0.000015     0.0018         65     0.2667     2.8708  0.000e+00
     -0.027     4.8785   0.000015     0.0018         66     0.2708     2.8726  0.000e+00
     -0.029     4.8784   0.000020     0.0019         67     0.2750     2.8704  0.000e+00
     -0.031     4.8785   0.000020     0.0019         68     0.2792     2.8724  0.000e+00
     -0.031     4.8786   0.000020     0.0019         69     0.2833     2.8722  0.000e+00
     -0.031     4.8787   0.000015     0.0018         70     0.2875     2.8714  0.000e+00
     -0.027     4.8788   0.000020     0.0019         71     0.2917     2.8717  0.000e+00
     -0.027     4.8789   0.000015     0.0018         72     0.2958     2.8707  0.000e+00
     -0.033     4.8791   0.000020     0.0019         73     0.3000     2.8721  0.000e+00
     -0.025     4.8793   0.000020     0.0019         74     0.3042     2.8719  0.000e+00
     -0.025     4.8796   0.000015     0.0018         75     0.3083     2.8719  0.000e+00
     -0.020     4.8798   0.000020     0.0019         76     0.3125     2.8706  0.000e+00
     -0.031     4.8800   0.000020     0.0019         77     0.3167     2.8703  0.000e+00
     -0.029     4.8802   0.000015     0.0018         78     0.3208     2.8724  0.000e+00
     -0.023     4.8804   0.000020     0.0019         79     0.3250     2.8715  0.000e+00
     -0.023     4.8804   0.000015     0.0018         80     0.3292     2.8727  0.000e+00
     -0.027     4.8806   0.000020     0.0019         81     0.3333     2.8713  0.000e+00
     -0.023     4.8806   0.000020     0.0019         82     0.3375     2.8721  0.000e+00
     -0.031     4.8807   0.000020     0.0019         83     0.3417     2.8730  0.000e+00
     -0.031     4.8809   0.000020     0.0019         84     0.3458     2.8721  0.000e+00
     -0.029     4.8809   0.000036     0.0019         85     0.3500     2.8731  0.000e+00
      0.134     4.8793   0.043079     0.3395         86     0.3542     2.9485  0.000e+00
      0.361     4.8833   1.091363    10.3424         87     0.3583     2.9833  0.000e+00
      0.508     4.9974   1.644483    16.0662         88     0.3625     2.9776  0.000e+00
      0.573     5.8988   1.294225    12.0633         89     0.3667     2.9680  0.000e+00
      0.589     7.0487   1.520936    13.8933         90     0.3708     2.9724  0.000e+00
      0.584     7.9021   1.829832    16.5741         91     0.3750     2.9899  0.000e+00
      0.585     8.4821   2.264825    20.5768         92     0.3792     3.0039  0.000e+00
      0.631     8.8667   3.416166    32.0072         93     0.3833     3.0124  0.000e+00
      0.705     9.1558   3.554429    33.1781         94     0.3875     3.0216  0.000e+00
      0.824     9.3925   3.574748    33.1683         95     0.3917     3.0280  0.000e+00
      0.954     9.5870   3.577853    33.0205         96     0.3958     3.0304  0.000e+00
      1.122     9.7424   3.581395    32.9141         97     0.4000     3.0317  0.000e+00
      1.312     9.8674   3.578737    32.7728         98     0.4042     3.0297  0.000e+00
      1.500     9.9872   3.571166    32.5873         99     0.4083     3.0272  0.000e+00
      1.675    10.0782   3.551643    32.3079        100     0.4125     3.0194  0.000e+00
      1.823    10.1163   3.546436    32.2213        101     0.4167     3.0106  0.000e+00
      1.944    10.1348   3.551620    32.2571        102     0.4208     3.0018  0.000e+00
      2.051    10.1483   3.553470    32.2636        103     0.4250     2.9944  0.000e+00
      2.137    10.2126   3.557934    32.2514        104     0.4292     2.9815  0.000e+00
      2.222    10.3258   3.554312    32.1145        105     0.4333     2.9692  0.000e+00
      2.322    10.4477   3.540206    31.8659        106     0.4375     2.9561  0.000e+00
      2.436    10.5344   3.526491    31.6533        107     0.4417     2.9440  0.000e+00
      2.551    10.6115   3.531576    31.6369        108     0.4458     2.9290  0.000e+00
      2.674    10.6286   3.532770    31.6339        109     0.4500     2.9129  0.000e+00
      2.795    10.5479   3.532794    31.7042        110     0.4542     2.8978  0.000e+00
      2.911    10.4276   3.530633    31.7874        111     0.4583     2.8834  0.000e+00
      3.028    10.3210   3.525105    31.8253        112     0.4625     2.8683  0.000e+00
      3.147    10.2464   3.511335    31.7524        113     0.4667     2.8560  0.000e+00
      3.267    10.1913   3.500063    31.6873        114     0.4708     2.8419  0.000e+00
      3.388    10.1497   3.495300    31.6758        115     0.4750     2.8300  0.000e+00
      3.505    10.1181   3.494118    31.6914        116     0.4792     2.8212  0.000e+00
      3.628    10.0968   3.494118    31.7100        117     0.4833     2.8119  0.000e+00
      3.751    10.0814   3.450078    31.2800        118     0.4875     2.8072  0.000e+00
      3.865    10.0853   3.442201    31.1973        119     0.4917     2.7997  0.000e+00
      3.973    10.1233   3.439569    31.1381        120     0.4958     2.7935  0.000e+00
      4.078    10.1639   3.458997    31.2982        121     0.5000     2.7867  0.000e+00
      4.179    10.1924   3.431187    30.9947        122     0.5042     2.7797  0.000e+00
      4.277    10.2057   3.460449    31.2766        123     0.5083     2.7717  0.000e+00
      4.378    10.1999   3.470766    31.3851        124     0.5125     2.7635  0.000e+00
      4.481    10.1850   3.479391    31.4846        125     0.5167     2.7549  0.000e+00
      4.596    10.1327   3.487659    31.6132        126     0.5208     2.7433  0.000e+00
      4.708     9.9934   3.492850    31.7876        127     0.5250     2.7330  0.000e+00
      4.835     9.8419   3.498033    31.9739        128     0.5292     2.7234  0.000e+00
      4.960     9.7221   3.500127    32.1017        129     0.5333     2.7125  0.000e+00
      5.083     9.6513   3.500334    32.1670        130     0.5375     2.7021  0.000e+00
      5.202     9.6234   3.499869    32.1872        131     0.5417     2.6921  0.000e+00
      5.330     9.6003   3.498668    32.1956        132     0.5458     2.6828  0.000e+00
      5.451     9.5766   3.497675    32.2066        133     0.5500     2.6738  0.000e+00
      5.569     9.5542   3.496193    32.2116        134     0.5542     2.6653  0.000e+00
      5.686     9.5321   3.494780    32.2169        135     0.5583     2.6572  0.000e+00
      5.816     9.5095   3.493281    32.2218        136     0.5625     2.6477  0.000e+00
      5.932     9.4891   3.492391    32.2310        137     0.5667     2.6380  0.000e+00
      6.060     9.4740   3.492139    32.2419        138     0.5708     2.6322  0.000e+00
      6.181     9.4654   3.492834    32.2568        139     0.5750     2.6248  0.000e+00
      6.300     9.4621   3.493046    32.2618        140     0.5792     2.6184  0.000e+00
      6.425     9.4562   3.492501    32.2615        141     0.5833     2.6123  0.000e+00
      6.552     9.4442   3.490514    32.2519        142     0.5875     2.6062  0.000e+00
      6.669     9.4297   3.486405    32.2227        143     0.5917     2.5997  0.000e+00
      6.783     9.4147   3.482807    32.1992        144     0.5958     2.5943  0.000e+00
      6.895     9.3994   3.481500    32.1995        145     0.6000     2.5887  0.000e+00
      7.001     9.3849   3.483944    32.2377        146     0.6042     2.5835  0.000e+00
      7.115     9.3745   3.486009    32.2682        147     0.6083     2.5803  0.000e+00
      7.222     9.3659   3.488535    32.3019        148     0.6125     2.5746  0.000e+00
      7.332     9.3545   3.492140    32.3492        149     0.6167     2.5706  0.000e+00
      7.439     9.3403   3.498649    32.4290        150     0.6208     2.5646  0.000e+00
      7.547     9.3222   3.503811    32.4986        151     0.6250     2.5601  0.000e+00
      7.659     9.3226   3.506123    32.5219        152     0.6292     2.5560  0.000e+00
      7.771     9.3463   3.507055    32.5099        153     0.6333     2.5527  0.000e+00
      7.887     9.3883   3.507520    32.4765        154     0.6375     2.5511  0.000e+00
      7.999     9.4446   3.506933    32.4194        155     0.6417     2.5483  0.000e+00
      8.113     9.4962   3.505759    32.3606        156     0.6458     2.5479  0.000e+00
      8.224     9.5264   3.503516    32.3104        157     0.6500     2.5479  0.000e+00
      8.342     9.5393   3.501716    32.2803        158     0.6542     2.5463  0.000e+00
      8.454     9.5417   3.500400    32.2646        159     0.6583     2.5466  0.000e+00
      8.575     9.5413   3.498710    32.2476        160     0.6625     2.5429  0.000e+00
      8.687     9.5365   3.498159    32.2462        161     0.6667     2.5425  0.000e+00
      8.808     9.5289   3.497860    32.2499        162     0.6708     2.5388  0.000e+00
      8.924     9.5188   3.498711    32.2677        163     0.6750     2.5347  0.000e+00
      9.047     9.5095   3.500912    32.2986        164     0.6792     2.5299  0.000e+00
      9.170     9.5074   3.504022    32.3323        165     0.6833     2.5260  0.000e+00
      9.292     9.5127   3.506398    32.3518        166     0.6875     2.5212  0.000e+00
      9.417     9.5185   3.506950    32.3521        167     0.6917     2.5167  0.000e+00
      9.547     9.5334   3.506570    32.3348        168     0.6958     2.5135  0.000e+00
      9.676     9.5450   3.505696    32.3153        169     0.7000     2.5112  0.000e+00
      9.802     9.5557   3.505575    32.3043        170     0.7042     2.5081  0.000e+00
      9.928     9.5700   3.506524    32.3011        171     0.7083     2.5073  0.000e+00
     10.059     9.5911   3.507565    32.2927        172     0.7125     2.5074  0.000e+00
     10.185     9.6144   3.508134    32.2775        173     0.7167     2.5077  0.000e+00
     10.313     9.6292   3.507265    32.2553        174     0.7208     2.5080  0.000e+00
     10.436     9.6366   3.506333    32.2391        175     0.7250     2.5080  0.000e+00
     10.563     9.6373   3.504677    32.2215        176     0.7292     2.5078  0.000e+00
     10.691     9.6322   3.502941    32.2082        177     0.7333     2.5072  0.000e+00
     10.819     9.6232   3.501141    32.1979        178     0.7375     2.5071  0.000e+00
     10.946     9.6101   3.500251    32.2005        179     0.7417     2.5074  0.000e+00
     11.067     9.5960   3.499578    32.2063        180     0.7458     2.5064  0.000e+00
     11.191     9.5803   3.498561    32.2099        181     0.7500     2.5049  0.000e+00
     11.311     9.5593   3.496384    32.2064        182     0.7542     2.5033  0.000e+00
     11.425     9.5350   3.492519    32.1886        183     0.7583     2.4993  0.000e+00
     11.537     9.5108   3.490073    32.1853        184     0.7625     2.5009  0.000e+00
     11.647     9.4886   3.491888    32.2238        185     0.7667     2.4920  0.000e+00
     11.755     9.4697   3.495202    32.2747        186     0.7708     2.4916  0.000e+00
     11.856     9.4548   3.499770    32.3349        187     0.7750     2.4902  0.000e+00
     11.963     9.4366   3.504300    32.3979        188     0.7792     2.4874  0.000e+00
     12.073     9.4274   3.508522    32.4495        189     0.7833     2.4848  0.000e+00
