HB2304/sbe126.cnv
* Sea-Bird SBE 19plus V2 Data File:
* FileName = C:\cruise\data\sbe126.hex
* Software Version Seasave V 7.26.7.121
* Temperature SN = 7037
* Conductivity SN = 7037
* System UpLoad Time = Nov 08 2023 04:01:26
** Ship: Bigelow
** Cruise:  HB2304
** Program:  Fall Bottom Trawl
# nquan = 8
# nvalues = 1347                                  
# units = specified
# name 0 = depSM: Depth [salt water, m], lat = 40.00
# name 1 = tv290C: Temperature [ITS-90, deg C]
# name 2 = c0S/m: Conductivity [S/m]
# name 3 = sal00: Salinity, Practical [PSU]
# name 4 = scan: Scan Count
# name 5 = timeM: Time, Elapsed [minutes]
# name 6 = sbeox0V: Oxygen raw, SBE 43 [V]
# name 7 = flag:  0.000e+00
# span 0 =     -0.122,     73.397                 
# span 1 =    10.6996,    10.8996                 
# span 2 =   0.419385,   3.628820                 
# span 3 =     3.1265,    32.4928                 
# span 4 =         11,       1357                 
# span 5 =     0.0417,     5.6500                 
# span 6 =     2.3447,     2.9645                 
# span 7 = 0.0000e+00, 0.0000e+00                 
# interval = seconds: 0.25
# start_time = Nov 08 2023 04:01:26 [System UTC, header]
# bad_flag = -9.990e-29
*END*
[from data line 540]
     29.329    10.8059   3.614860    32.2833        551     2.2917     2.7339  0.000e+00
     29.531    10.8040   3.614901    32.2853        552     2.2958     2.7245  0.000e+00
     29.737    10.8023   3.615035    32.2881        553     2.3000     2.7195  0.000e+00
     29.943    10.8008   3.615169    32.2906        554     2.3042     2.7170  0.000e+00
     30.155    10.7998   3.615367    32.2934        555     2.3083     2.7154  0.000e+00
     30.368    10.7989   3.615518    32.2956        556     2.3125     2.7175  0.000e+00
     30.576    10.7983   3.615740    32.2982        557     2.3167     2.7196  0.000e+00
     30.778    10.7981   3.616002    32.3010        558     2.3208     2.7229  0.000e+00
     30.973    10.7983   3.616281    32.3035        559     2.3250     2.7282  0.000e+00
     31.163    10.7991   3.616771    32.3075        560     2.3292     2.7305  0.000e+00
     31.340    10.8003   3.617237    32.3110        561     2.3333     2.7357  0.000e+00
     31.503    10.8018   3.617650    32.3137        562     2.3375     2.7408  0.000e+00
     31.656    10.8034   3.618029    32.3160        563     2.3417     2.7453  0.000e+00
     31.808    10.8047   3.618378    32.3182        564     2.3458     2.7508  0.000e+00
     31.945    10.8061   3.618763    32.3208        565     2.3500     2.7562  0.000e+00
     32.081    10.8073   3.619147    32.3235        566     2.3542     2.7634  0.000e+00
     32.209    10.8083   3.619438    32.3255        567     2.3583     2.7682  0.000e+00
     32.332    10.8091   3.619636    32.3267        568     2.3625     2.7718  0.000e+00
     32.464    10.8098   3.619811    32.3277        569     2.3667     2.7747  0.000e+00
     32.603    10.8103   3.619986    32.3289        570     2.3708     2.7795  0.000e+00
     32.750    10.8108   3.619945    32.3281        571     2.3750     2.7815  0.000e+00
     32.896    10.8110   3.619788    32.3262        572     2.3792     2.7838  0.000e+00
     33.042    10.8112   3.619724    32.3253        573     2.3833     2.7808  0.000e+00
     33.200    10.8115   3.619876    32.3265        574     2.3875     2.7806  0.000e+00
     33.357    10.8116   3.620050    32.3281        575     2.3917     2.7773  0.000e+00
     33.527    10.8118   3.620283    32.3302        576     2.3958     2.7741  0.000e+00
     33.700    10.8118   3.620493    32.3322        577     2.4000     2.7681  0.000e+00
     33.890    10.8119   3.620557    32.3327        578     2.4042     2.7624  0.000e+00
     34.087    10.8119   3.620604    32.3330        579     2.4083     2.7572  0.000e+00
     34.288    10.8120   3.620738    32.3342        580     2.4125     2.7463  0.000e+00
     34.503    10.8122   3.620826    32.3348        581     2.4167     2.7351  0.000e+00
     34.725    10.8122   3.621001    32.3365        582     2.4208     2.7245  0.000e+00
     34.958    10.8123   3.621152    32.3377        583     2.4250     2.7146  0.000e+00
     35.193    10.8125   3.621175    32.3377        584     2.4292     2.7049  0.000e+00
     35.423    10.8124   3.621374    32.3396        585     2.4333     2.6942  0.000e+00
     35.652    10.8123   3.621770    32.3436        586     2.4375     2.6833  0.000e+00
     35.871    10.8123   3.622114    32.3469        587     2.4417     2.6749  0.000e+00
     36.082    10.8120   3.622364    32.3495        588     2.4458     2.6666  0.000e+00
     36.266    10.8118   3.622633    32.3523        589     2.4500     2.6597  0.000e+00
     36.425    10.8114   3.622784    32.3541        590     2.4542     2.6558  0.000e+00
     36.565    10.8106   3.622982    32.3567        591     2.4583     2.6507  0.000e+00
     36.682    10.8098   3.623140    32.3590        592     2.4625     2.6465  0.000e+00
     36.787    10.8089   3.623338    32.3617        593     2.4667     2.6430  0.000e+00
     36.886    10.8082   3.623513    32.3640        594     2.4708     2.6438  0.000e+00
     36.971    10.8075   3.623624    32.3657        595     2.4750     2.6489  0.000e+00
     37.062    10.8071   3.623361    32.3634        596     2.4792     2.6574  0.000e+00
     37.166    10.8068   3.621928    32.3493        597     2.4833     2.6683  0.000e+00
     37.293    10.8068   3.620833    32.3385        598     2.4875     2.6790  0.000e+00
     37.436    10.8066   3.619900    32.3293        599     2.4917     2.6887  0.000e+00
     37.602    10.8078   3.619417    32.3234        600     2.4958     2.6951  0.000e+00
     37.795    10.8120   3.619568    32.3211        601     2.5000     2.6994  0.000e+00
     38.018    10.8164   3.619836    32.3198        602     2.5042     2.6998  0.000e+00
     38.265    10.8201   3.620099    32.3190        603     2.5083     2.6974  0.000e+00
     38.535    10.8228   3.620367    32.3192        604     2.5125     2.6929  0.000e+00
     38.802    10.8245   3.620891    32.3227        605     2.5167     2.6881  0.000e+00
     39.064    10.8259   3.621485    32.3273        606     2.5208     2.6816  0.000e+00
     39.312    10.8269   3.621509    32.3266        607     2.5250     2.6725  0.000e+00
     39.541    10.8273   3.621287    32.3239        608     2.5292     2.6659  0.000e+00
     39.746    10.8249   3.622558    32.3386        609     2.5333     2.6569  0.000e+00
     39.928    10.8199   3.623560    32.3528        610     2.5375     2.6490  0.000e+00
     40.091    10.8145   3.624021    32.3621        611     2.5417     2.6417  0.000e+00
     40.230    10.8091   3.624283    32.3694        612     2.5458     2.6343  0.000e+00
     40.358    10.8045   3.624441    32.3750        613     2.5500     2.6293  0.000e+00
     40.481    10.8008   3.624540    32.3792        614     2.5542     2.6230  0.000e+00
     40.602    10.7982   3.624616    32.3822        615     2.5583     2.6211  0.000e+00
     40.720    10.7960   3.624703    32.3849        616     2.5625     2.6207  0.000e+00
     40.846    10.7946   3.624552    32.3846        617     2.5667     2.6240  0.000e+00
     40.985    10.7936   3.623736    32.3774        618     2.5708     2.6291  0.000e+00
     41.146    10.7930   3.623380    32.3743        619     2.5750     2.6334  0.000e+00
     41.323    10.7926   3.622873    32.3695        620     2.5792     2.6389  0.000e+00
     41.519    10.7942   3.622658    32.3659        621     2.5833     2.6431  0.000e+00
     41.717    10.7979   3.622745    32.3634        622     2.5875     2.6455  0.000e+00
     41.922    10.8012   3.623206    32.3649        623     2.5917     2.6459  0.000e+00
     42.124    10.8031   3.623777    32.3689        624     2.5958     2.6445  0.000e+00
     42.330    10.8037   3.623993    32.3704        625     2.6000     2.6429  0.000e+00
     42.531    10.8037   3.624552    32.3759        626     2.6042     2.6392  0.000e+00
     42.719    10.8029   3.624884    32.3798        627     2.6083     2.6383  0.000e+00
     42.901    10.8010   3.624989    32.3824        628     2.6125     2.6375  0.000e+00
     43.077    10.7983   3.625100    32.3858        629     2.6167     2.6355  0.000e+00
     43.245    10.7947   3.625200    32.3900        630     2.6208     2.6348  0.000e+00
     43.408    10.7910   3.625281    32.3940        631     2.6250     2.6309  0.000e+00
     43.567    10.7877   3.625369    32.3977        632     2.6292     2.6277  0.000e+00
     43.726    10.7848   3.625456    32.4010        633     2.6333     2.6223  0.000e+00
     43.886    10.7826   3.625503    32.4035        634     2.6375     2.6153  0.000e+00
     44.049    10.7806   3.625579    32.4059        635     2.6417     2.6089  0.000e+00
     44.210    10.7789   3.625655    32.4081        636     2.6458     2.6052  0.000e+00
     44.376    10.7774   3.625719    32.4099        637     2.6500     2.6060  0.000e+00
     44.548    10.7764   3.625789    32.4115        638     2.6542     2.6098  0.000e+00
     44.727    10.7755   3.625812    32.4124        639     2.6583     2.6156  0.000e+00
     44.902    10.7749   3.625789    32.4127        640     2.6625     2.6232  0.000e+00
     45.085    10.7741   3.625719    32.4126        641     2.6667     2.6300  0.000e+00
     45.262    10.7732   3.625789    32.4140        642     2.6708     2.6349  0.000e+00
     45.444    10.7724   3.625900    32.4157        643     2.6750     2.6394  0.000e+00
     45.625    10.7719   3.625918    32.4163        644     2.6792     2.6389  0.000e+00
     45.802    10.7713   3.625918    32.4167        645     2.6833     2.6412  0.000e+00
     45.968    10.7708   3.625900    32.4169        646     2.6875     2.6420  0.000e+00
     46.138    10.7702   3.625877    32.4171        647     2.6917     2.6394  0.000e+00
     46.303    10.7695   3.625918    32.4181        648     2.6958     2.6373  0.000e+00
     46.455    10.7689   3.625854    32.4179        649     2.7000     2.6377  0.000e+00
     46.603    10.7685   3.625854    32.4183        650     2.7042     2.6371  0.000e+00
     46.749    10.7679   3.625871    32.4189        651     2.7083     2.6381  0.000e+00
     46.899    10.7672   3.625877    32.4194        652     2.7125     2.6407  0.000e+00
     47.049    10.7666   3.625918    32.4204        653     2.7167     2.6423  0.000e+00
     47.208    10.7660   3.626012    32.4218        654     2.7208     2.6453  0.000e+00
     47.375    10.7654   3.626099    32.4231        655     2.7250     2.6501  0.000e+00
     47.545    10.7650   3.626146    32.4238        656     2.7292     2.6533  0.000e+00
     47.729    10.7647   3.626117    32.4237        657     2.7333     2.6543  0.000e+00
     47.924    10.7648   3.626012    32.4225        658     2.7375     2.6566  0.000e+00
     48.141    10.7651   3.625680    32.4189        659     2.7417     2.6571  0.000e+00
     48.387    10.7648   3.625505    32.4173        660     2.7458     2.6550  0.000e+00
     48.638    10.7648   3.625493    32.4170        661     2.7500     2.6502  0.000e+00
     48.898    10.7658   3.625546    32.4165        662     2.7542     2.6442  0.000e+00
     49.160    10.7672   3.625989    32.4196        663     2.7583     2.6371  0.000e+00
     49.426    10.7680   3.626496    32.4239        664     2.7625     2.6280  0.000e+00
     49.670    10.7680   3.626385    32.4227        665     2.7667     2.6174  0.000e+00
     49.900    10.7678   3.626129    32.4202        666     2.7708     2.6068  0.000e+00
     50.099    10.7670   3.625832    32.4179        667     2.7750     2.5957  0.000e+00
     50.270    10.7656   3.625704    32.4178        668     2.7792     2.5869  0.000e+00
     50.413    10.7636   3.625657    32.4190        669     2.7833     2.5792  0.000e+00
     50.534    10.7617   3.625657    32.4207        670     2.7875     2.5708  0.000e+00
     50.635    10.7599   3.625663    32.4222        671     2.7917     2.5658  0.000e+00
     50.713    10.7584   3.625704    32.4240        672     2.7958     2.5624  0.000e+00
     50.773    10.7573   3.625745    32.4253        673     2.8000     2.5609  0.000e+00
     50.831    10.7563   3.625855    32.4272        674     2.8042     2.5621  0.000e+00
     50.896    10.7558   3.625943    32.4285        675     2.8083     2.5653  0.000e+00
     50.981    10.7554   3.625896    32.4284        676     2.8125     2.5732  0.000e+00
     51.087    10.7552   3.625791    32.4275        677     2.8167     2.5824  0.000e+00
     51.217    10.7566   3.625704    32.4253        678     2.8208     2.5887  0.000e+00
     51.377    10.7626   3.625611    32.4190        679     2.8250     2.5942  0.000e+00
     51.559    10.7690   3.625506    32.4122        680     2.8292     2.5975  0.000e+00
     51.776    10.7743   3.625453    32.4069        681     2.8333     2.5992  0.000e+00
     52.018    10.7790   3.625523    32.4033        682     2.8375     2.5988  0.000e+00
     52.275    10.7812   3.625570    32.4017        683     2.8417     2.5969  0.000e+00
     52.546    10.7817   3.625634    32.4018        684     2.8458     2.5945  0.000e+00
     52.824    10.7820   3.625722    32.4023        685     2.8500     2.5890  0.000e+00
     53.095    10.7826   3.625920    32.4037        686     2.8542     2.5825  0.000e+00
     53.363    10.7830   3.626054    32.4045        687     2.8583     2.5747  0.000e+00
     53.611    10.7840   3.626031    32.4033        688     2.8625     2.5663  0.000e+00
     53.836    10.7842   3.625903    32.4017        689     2.8667     2.5595  0.000e+00
     54.033    10.7816   3.625769    32.4026        690     2.8708     2.5505  0.000e+00
     54.216    10.7764   3.625705    32.4065        691     2.8750     2.5424  0.000e+00
     54.380    10.7708   3.625705    32.4114        692     2.8792     2.5356  0.000e+00
     54.525    10.7653   3.625723    32.4164        693     2.8833     2.5283  0.000e+00
     54.661    10.7606   3.625769    32.4210        694     2.8875     2.5227  0.000e+00
     54.793    10.7569   3.625857    32.4251        695     2.8917     2.5205  0.000e+00
     54.932    10.7540   3.625944    32.4284        696     2.8958     2.5193  0.000e+00
     55.080    10.7520   3.626067    32.4313        697     2.9000     2.5201  0.000e+00
     55.223    10.7505   3.626143    32.4333        698     2.9042     2.5252  0.000e+00
     55.376    10.7495   3.626213    32.4349        699     2.9083     2.5334  0.000e+00
     55.537    10.7488   3.626277    32.4361        700     2.9125     2.5433  0.000e+00
     55.700    10.7481   3.626341    32.4372        701     2.9167     2.5520  0.000e+00
     55.863    10.7477   3.626277    32.4369        702     2.9208     2.5589  0.000e+00
     56.029    10.7472   3.626120    32.4357        703     2.9250     2.5657  0.000e+00
     56.188    10.7468   3.626143    32.4363        704     2.9292     2.5691  0.000e+00
     56.336    10.7464   3.626167    32.4367        705     2.9333     2.5715  0.000e+00
     56.477    10.7461   3.626102    32.4363        706     2.9375     2.5722  0.000e+00
     56.624    10.7459   3.626068    32.4361        707     2.9417     2.5724  0.000e+00
     56.763    10.7456   3.626015    32.4358        708     2.9458     2.5711  0.000e+00
     56.902    10.7451   3.626015    32.4362        709     2.9500     2.5689  0.000e+00
     57.050    10.7447   3.626033    32.4366        710     2.9542     2.5662  0.000e+00
     57.207    10.7445   3.626120    32.4376        711     2.9583     2.5637  0.000e+00
     57.376    10.7445   3.626383    32.4402        712     2.9625     2.5620  0.000e+00
     57.567    10.7447   3.626540    32.4414        713     2.9667     2.5628  0.000e+00
     57.782    10.7446   3.626523    32.4413        714     2.9708     2.5658  0.000e+00
     58.016    10.7452   3.626564    32.4410        715     2.9750     2.5686  0.000e+00
     58.269    10.7490   3.626587    32.4378        716     2.9792     2.5707  0.000e+00
     58.545    10.7540   3.626575    32.4331        717     2.9833     2.5728  0.000e+00
     58.836    10.7597   3.626610    32.4283        718     2.9875     2.5722  0.000e+00
     59.133    10.7642   3.626651    32.4246        719     2.9917     2.5724  0.000e+00
     59.418    10.7675   3.626785    32.4229        720     2.9958     2.5702  0.000e+00
     59.697    10.7692   3.626698    32.4204        721     3.0000     2.5663  0.000e+00
     59.944    10.7699   3.626593    32.4186        722     3.0042     2.5650  0.000e+00
     60.165    10.7684   3.626191    32.4159        723     3.0083     2.5633  0.000e+00
     60.345    10.7641   3.625905    32.4167        724     3.0125     2.5608  0.000e+00
     60.490    10.7590   3.625859    32.4207        725     3.0167     2.5576  0.000e+00
     60.598    10.7542   3.625859    32.4249        726     3.0208     2.5560  0.000e+00
     60.678    10.7507   3.625836    32.4278        727     3.0250     2.5547  0.000e+00
     60.730    10.7480   3.625859    32.4304        728     3.0292     2.5557  0.000e+00
     60.772    10.7460   3.625923    32.4328        729     3.0333     2.5570  0.000e+00
