HB2304/sbe120.cnv
* Sea-Bird SBE 19plus V2 Data File:
* FileName = C:\cruise\data\sbe120.hex
* Software Version Seasave V 7.26.7.121
* Temperature SN = 7037
* Conductivity SN = 7037
* System UpLoad Time = Nov 06 2023 19:38:29
** Ship: Bigelow
** Cruise:  HB2304
** Program:  Fall Bottom Trawl
# nquan = 8
# nvalues = 2922                                  
# units = specified
# name 0 = depSM: Depth [salt water, m], lat = 40.00
# name 1 = tv290C: Temperature [ITS-90, deg C]
# name 2 = c0S/m: Conductivity [S/m]
# name 3 = sal00: Salinity, Practical [PSU]
# name 4 = scan: Scan Count
# name 5 = timeM: Time, Elapsed [minutes]
# name 6 = sbeox0V: Oxygen raw, SBE 43 [V]
# name 7 = flag:  0.000e+00
# span 0 =      0.609,    217.505                 
# span 1 =     8.2907,    11.3699                 
# span 2 =   3.512607,   3.664147                 
# span 3 =    31.2635,    34.3594                 
# span 4 =         11,       2932                 
# span 5 =     0.0417,    12.2125                 
# span 6 =     2.2046,     3.2065                 
# span 7 = 0.0000e+00, 0.0000e+00                 
# interval = seconds: 0.25
# start_time = Nov 06 2023 19:38:29 [System UTC, header]
# bad_flag = -9.990e-29
*END*
[from data line 2877]
      7.107    11.3596   3.663727    32.2885       2888    12.0292     3.1907  0.000e+00
      6.874    11.3611   3.663733    32.2874       2889    12.0333     3.1913  0.000e+00
      6.626    11.3620   3.663791    32.2872       2890    12.0375     3.1919  0.000e+00
      6.375    11.3629   3.663703    32.2857       2891    12.0417     3.1933  0.000e+00
      6.117    11.3634   3.663973    32.2880       2892    12.0458     3.1930  0.000e+00
      5.869    11.3643   3.664072    32.2883       2893    12.0500     3.1950  0.000e+00
      5.624    11.3654   3.664084    32.2876       2894    12.0542     3.1951  0.000e+00
      5.389    11.3663   3.663814    32.2843       2895    12.0583     3.1957  0.000e+00
      5.169    11.3663   3.663861    32.2848       2896    12.0625     3.1953  0.000e+00
      4.955    11.3659   3.663902    32.2856       2897    12.0667     3.1958  0.000e+00
      4.755    11.3662   3.663972    32.2861       2898    12.0708     3.1948  0.000e+00
      4.572    11.3666   3.663861    32.2848       2899    12.0750     3.1976  0.000e+00
      4.399    11.3665   3.663814    32.2845       2900    12.0792     3.1968  0.000e+00
      4.229    11.3663   3.663861    32.2851       2901    12.0833     3.1976  0.000e+00
      4.074    11.3664   3.663814    32.2847       2902    12.0875     3.1978  0.000e+00
      3.918    11.3661   3.663878    32.2857       2903    12.0917     3.1984  0.000e+00
      3.766    11.3661   3.663902    32.2860       2904    12.0958     3.1979  0.000e+00
      3.611    11.3665   3.663837    32.2851       2905    12.1000     3.1982  0.000e+00
      3.459    11.3665   3.663755    32.2843       2906    12.1042     3.1975  0.000e+00
      3.291    11.3662   3.663702    32.2841       2907    12.1083     3.1984  0.000e+00
      3.118    11.3657   3.663679    32.2844       2908    12.1125     3.1976  0.000e+00
      2.933    11.3651   3.663544    32.2837       2909    12.1167     3.1982  0.000e+00
      2.733    11.3643   3.663474    32.2838       2910    12.1208     3.1994  0.000e+00
      2.505    11.3635   3.663433    32.2842       2911    12.1250     3.1989  0.000e+00
      2.279    11.3626   3.663679    32.2874       2912    12.1292     3.1995  0.000e+00
      2.025    11.3631   3.663755    32.2879       2913    12.1333     3.1990  0.000e+00
      1.747    11.3640   3.663766    32.2873       2914    12.1375     3.1986  0.000e+00
      1.564    11.3648   3.663790    32.2869       2915    12.1417     3.1997  0.000e+00
      1.481    11.3655   3.663813    32.2866       2916    12.1458     3.2015  0.000e+00
      1.486    11.3660   3.663754    32.2856       2917    12.1500     3.2002  0.000e+00
      1.513    11.3661   3.663813    32.2860       2918    12.1542     3.1994  0.000e+00
      1.522    11.3664   3.663877    32.2864       2919    12.1583     3.2004  0.000e+00
      1.495    11.3669   3.664029    32.2875       2920    12.1625     3.2004  0.000e+00
      1.447    11.3678   3.664123    32.2876       2921    12.1667     3.2002  0.000e+00
      1.423    11.3687   3.664147    32.2871       2922    12.1708     3.2005  0.000e+00
      1.436    11.3694   3.664117    32.2861       2923    12.1750     3.1989  0.000e+00
      1.454    11.3699   3.664035    32.2849       2924    12.1792     3.1989  0.000e+00
      1.456    11.3698   3.664035    32.2850       2925    12.1833     3.1991  0.000e+00
      1.445    11.3698   3.664012    32.2847       2926    12.1875     3.1979  0.000e+00
      1.443    11.3696   3.664006    32.2849       2927    12.1917     3.1987  0.000e+00
      1.470    11.3695   3.663924    32.2842       2928    12.1958     3.1993  0.000e+00
      1.519    11.3692   3.663836    32.2836       2929    12.2000     3.1989  0.000e+00
      1.571    11.3686   3.663877    32.2844       2930    12.2042     3.1990  0.000e+00
      1.615    11.3681   3.663813    32.2843       2931    12.2083     3.1991  0.000e+00
      1.649    11.3676   3.663836    32.2849       2932    12.2125     3.1995  0.000e+00
