HB2304/sbe115.cnv
* Sea-Bird SBE 19plus V2 Data File:
* FileName = C:\cruise\data\sbe115.hex
* Software Version Seasave V 7.26.7.121
* Temperature SN = 7037
* Conductivity SN = 7037
* System UpLoad Time = Nov 05 2023 11:54:49
** Ship: Bigelow
** Cruise:  HB2304
** Program:  Fall Bottom Trawl
# nquan = 8
# nvalues = 2776                                  
# units = specified
# name 0 = depSM: Depth [salt water, m], lat = 40.00
# name 1 = tv290C: Temperature [ITS-90, deg C]
# name 2 = c0S/m: Conductivity [S/m]
# name 3 = sal00: Salinity, Practical [PSU]
# name 4 = scan: Scan Count
# name 5 = timeM: Time, Elapsed [minutes]
# name 6 = sbeox0V: Oxygen raw, SBE 43 [V]
# name 7 = flag:  0.000e+00
# span 0 =     -0.039,    245.384                 
# span 1 =     8.0510,    11.0522                 
# span 2 =   0.002059,   3.647801                 
# span 3 =     0.0161,    34.5849                 
# span 4 =         11,       2786                 
# span 5 =     0.0417,    11.6042                 
# span 6 =     2.2223,     3.1635                 
# span 7 = 0.0000e+00, 0.0000e+00                 
# interval = seconds: 0.25
# start_time = Nov 05 2023 11:54:49 [System UTC, header]
# bad_flag = -9.990e-29
*END*
[from data line 360]
     60.746    10.9630   3.635404    32.3351        371     1.5417     3.0926  0.000e+00
     60.902    10.9615   3.635223    32.3345        372     1.5458     3.0919  0.000e+00
     61.059    10.9602   3.634838    32.3318        373     1.5500     3.0914  0.000e+00
     61.229    10.9580   3.634541    32.3307        374     1.5542     3.0913  0.000e+00
     61.406    10.9552   3.634494    32.3327        375     1.5583     3.0910  0.000e+00
     61.603    10.9530   3.634564    32.3352        376     1.5625     3.0896  0.000e+00
     61.807    10.9517   3.634564    32.3363        377     1.5667     3.0904  0.000e+00
     62.026    10.9508   3.634454    32.3358        378     1.5708     3.0906  0.000e+00
     62.254    10.9498   3.634343    32.3355        379     1.5750     3.0913  0.000e+00
     62.491    10.9485   3.634273    32.3359        380     1.5792     3.0907  0.000e+00
     62.736    10.9474   3.634162    32.3357        381     1.5833     3.0928  0.000e+00
     62.980    10.9458   3.633993    32.3353        382     1.5875     3.0928  0.000e+00
     63.216    10.9443   3.633812    32.3348        383     1.5917     3.0913  0.000e+00
     63.449    10.9425   3.633742    32.3355        384     1.5958     3.0922  0.000e+00
     63.662    10.9409   3.633725    32.3367        385     1.6000     3.0926  0.000e+00
     63.881    10.9398   3.633719    32.3375        386     1.6042     3.0936  0.000e+00
     64.083    10.9388   3.633655    32.3377        387     1.6083     3.0932  0.000e+00
     64.270    10.9378   3.633632    32.3382        388     1.6125     3.0923  0.000e+00
     64.448    10.9371   3.633655    32.3390        389     1.6167     3.0925  0.000e+00
     64.613    10.9367   3.633615    32.3389        390     1.6208     3.0931  0.000e+00
     64.776    10.9363   3.633591    32.3389        391     1.6250     3.0929  0.000e+00
     64.937    10.9358   3.633545    32.3389        392     1.6292     3.0934  0.000e+00
     65.099    10.9349   3.633568    32.3398        393     1.6333     3.0939  0.000e+00
     65.264    10.9340   3.633632    32.3411        394     1.6375     3.0934  0.000e+00
     65.427    10.9334   3.633679    32.3421        395     1.6417     3.0941  0.000e+00
     65.602    10.9329   3.633720    32.3429        396     1.6458     3.0940  0.000e+00
     65.786    10.9325   3.633767    32.3436        397     1.6500     3.0936  0.000e+00
     65.982    10.9323   3.633813    32.3441        398     1.6542     3.0916  0.000e+00
     66.186    10.9319   3.633854    32.3449        399     1.6583     3.0906  0.000e+00
     66.392    10.9315   3.634076    32.3473        400     1.6625     3.0904  0.000e+00
     66.598    10.9315   3.634520    32.3516        401     1.6667     3.0899  0.000e+00
     66.815    10.9319   3.635051    32.3564        402     1.6708     3.0896  0.000e+00
     67.030    10.9327   3.635249    32.3576        403     1.6750     3.0891  0.000e+00
     67.239    10.9337   3.635360    32.3577        404     1.6792     3.0889  0.000e+00
     67.449    10.9346   3.635687    32.3600        405     1.6833     3.0871  0.000e+00
     67.653    10.9355   3.635804    32.3604        406     1.6875     3.0871  0.000e+00
     67.856    10.9361   3.635915    32.3608        407     1.6917     3.0849  0.000e+00
     68.062    10.9366   3.636137    32.3625        408     1.6958     3.0827  0.000e+00
     68.264    10.9374   3.636277    32.3631        409     1.7000     3.0802  0.000e+00
     68.460    10.9380   3.636446    32.3642        410     1.7042     3.0787  0.000e+00
     68.655    10.9384   3.636621    32.3654        411     1.7083     3.0772  0.000e+00
     68.846    10.9384   3.636510    32.3642        412     1.7125     3.0767  0.000e+00
     69.042    10.9372   3.636423    32.3643        413     1.7167     3.0719  0.000e+00
     69.231    10.9349   3.636277    32.3649        414     1.7208     3.0658  0.000e+00
     69.419    10.9312   3.636026    32.3656        415     1.7250     3.0671  0.000e+00
     69.604    10.9258   3.635758    32.3676        416     1.7292     3.0655  0.000e+00
     69.790    10.9182   3.635274    32.3694        417     1.7333     3.0619  0.000e+00
     69.969    10.9089   3.635052    32.3754        418     1.7375     3.0607  0.000e+00
     70.152    10.9000   3.635076    32.3834        419     1.7417     3.0575  0.000e+00
     70.331    10.8936   3.635099    32.3892        420     1.7458     3.0540  0.000e+00
     70.508    10.8897   3.634895    32.3905        421     1.7500     3.0497  0.000e+00
     70.690    10.8856   3.634522    32.3904        422     1.7542     3.0454  0.000e+00
     70.867    10.8775   3.634627    32.3985        423     1.7583     3.0411  0.000e+00
     71.045    10.8688   3.635298    32.4128        424     1.7625     3.0368  0.000e+00
     71.224    10.8620   3.635695    32.4226        425     1.7667     3.0344  0.000e+00
     71.412    10.8578   3.636226    32.4315        426     1.7708     3.0305  0.000e+00
     71.603    10.8558   3.636962    32.4405        427     1.7750     3.0268  0.000e+00
     71.802    10.8538   3.637137    32.4440        428     1.7792     3.0212  0.000e+00
     71.999    10.8492   3.637044    32.4470        429     1.7833     3.0162  0.000e+00
     72.207    10.8413   3.636915    32.4526        430     1.7875     3.0117  0.000e+00
     72.421    10.8331   3.636624    32.4569        431     1.7917     3.0068  0.000e+00
     72.647    10.8257   3.636326    32.4604        432     1.7958     3.0015  0.000e+00
     72.880    10.8164   3.635854    32.4639        433     1.8000     2.9949  0.000e+00
     73.120    10.8036   3.635387    32.4705        434     1.8042     2.9876  0.000e+00
     73.363    10.7900   3.634681    32.4755        435     1.8083     2.9789  0.000e+00
     73.601    10.7753   3.634040    32.4820        436     1.8125     2.9708  0.000e+00
     73.841    10.7592   3.633766    32.4934        437     1.8167     2.9627  0.000e+00
     74.073    10.7470   3.632377    32.4904        438     1.8208     2.9549  0.000e+00
     74.302    10.7307   3.631584    32.4969        439     1.8250     2.9467  0.000e+00
     74.521    10.7120   3.631958    32.5171        440     1.8292     2.9375  0.000e+00
     74.720    10.7011   3.630891    32.5161        441     1.8333     2.9305  0.000e+00
     74.921    10.6895   3.630279    32.5203        442     1.8375     2.9215  0.000e+00
     75.112    10.6756   3.629906    32.5288        443     1.8417     2.9132  0.000e+00
     75.291    10.6640   3.629731    32.5374        444     1.8458     2.9059  0.000e+00
     75.461    10.6550   3.629020    32.5382        445     1.8500     2.8981  0.000e+00
     75.622    10.6460   3.627661    32.5326        446     1.8542     2.8915  0.000e+00
     75.779    10.6311   3.627323    32.5425        447     1.8583     2.8848  0.000e+00
     75.931    10.6156   3.626507    32.5480        448     1.8625     2.8776  0.000e+00
     76.077    10.6019   3.626175    32.5568        449     1.8667     2.8717  0.000e+00
     76.218    10.5893   3.625097    32.5572        450     1.8708     2.8665  0.000e+00
     76.366    10.5765   3.624788    32.5656        451     1.8750     2.8608  0.000e+00
     76.513    10.5653   3.624544    32.5731        452     1.8792     2.8565  0.000e+00
     76.665    10.5568   3.624037    32.5755        453     1.8833     2.8496  0.000e+00
     76.826    10.5479   3.623973    32.5827        454     1.8875     2.8437  0.000e+00
     76.994    10.5398   3.623751    32.5877        455     1.8917     2.8369  0.000e+00
     77.182    10.5332   3.623210    32.5881        456     1.8958     2.8325  0.000e+00
     77.373    10.5259   3.622872    32.5911        457     1.9000     2.8286  0.000e+00
     77.581    10.5192   3.622452    32.5929        458     1.9042     2.8246  0.000e+00
     77.802    10.5123   3.622097    32.5954        459     1.9083     2.8205  0.000e+00
     78.032    10.5053   3.621567    32.5963        460     1.9125     2.8165  0.000e+00
     78.272    10.4976   3.621019    32.5976        461     1.9167     2.8132  0.000e+00
     78.525    10.4889   3.620763    32.6026        462     1.9208     2.8072  0.000e+00
     78.780    10.4817   3.620490    32.6062        463     1.9250     2.8053  0.000e+00
     79.042    10.4755   3.620228    32.6090        464     1.9292     2.8011  0.000e+00
     79.299    10.4701   3.619657    32.6081        465     1.9333     2.7980  0.000e+00
     79.556    10.4637   3.619278    32.6099        466     1.9375     2.7944  0.000e+00
     79.807    10.4567   3.618725    32.6105        467     1.9417     2.7922  0.000e+00
     80.047    10.4489   3.618224    32.6124        468     1.9458     2.7880  0.000e+00
     80.270    10.4406   3.618027    32.6177        469     1.9500     2.7863  0.000e+00
     80.471    10.4331   3.617386    32.6179        470     1.9542     2.7819  0.000e+00
     80.668    10.4254   3.617345    32.6244        471     1.9583     2.7791  0.000e+00
     80.843    10.4185   3.616641    32.6234        472     1.9625     2.7769  0.000e+00
     81.018    10.4110   3.616577    32.6294        473     1.9667     2.7740  0.000e+00
     81.181    10.4042   3.616158    32.6312        474     1.9708     2.7719  0.000e+00
     81.338    10.3986   3.615762    32.6322        475     1.9750     2.7689  0.000e+00
     81.490    10.3923   3.614836    32.6285        476     1.9792     2.7686  0.000e+00
     81.647    10.3833   3.614575    32.6338        477     1.9833     2.7667  0.000e+00
     81.810    10.3740   3.613870    32.6351        478     1.9875     2.7653  0.000e+00
     81.978    10.3635   3.612794    32.6336        479     1.9917     2.7635  0.000e+00
     82.143    10.3506   3.612619    32.6434        480     1.9958     2.7624  0.000e+00
     82.309    10.3400   3.612311    32.6497        481     2.0000     2.7586  0.000e+00
     82.479    10.3318   3.611938    32.6532        482     2.0042     2.7552  0.000e+00
     82.654    10.3241   3.611170    32.6524        483     2.0083     2.7539  0.000e+00
     82.842    10.3149   3.610821    32.6571        484     2.0125     2.7499  0.000e+00
     83.034    10.3060   3.610839    32.6652        485     2.0167     2.7465  0.000e+00
     83.231    10.2995   3.610507    32.6675        486     2.0208     2.7435  0.000e+00
     83.432    10.2943   3.610205    32.6691        487     2.0250     2.7416  0.000e+00
     83.647    10.2889   3.609833    32.6701        488     2.0292     2.7395  0.000e+00
     83.864    10.2829   3.609152    32.6685        489     2.0333     2.7379  0.000e+00
     84.084    10.2756   3.608914    32.6726        490     2.0375     2.7360  0.000e+00
     84.303    10.2683   3.608693    32.6769        491     2.0417     2.7337  0.000e+00
     84.527    10.2625   3.608158    32.6766        492     2.0458     2.7314  0.000e+00
     84.748    10.2556   3.607593    32.6771        493     2.0500     2.7285  0.000e+00
     84.967    10.2478   3.607291    32.6809        494     2.0542     2.7275  0.000e+00
     85.184    10.2399   3.606983    32.6848        495     2.0583     2.7247  0.000e+00
     85.397    10.2332   3.606960    32.6906        496     2.0625     2.7226  0.000e+00
     85.601    10.2283   3.606809    32.6933        497     2.0667     2.7201  0.000e+00
     85.800    10.2246   3.606239    32.6909        498     2.0708     2.7173  0.000e+00
     85.992    10.2195   3.605977    32.6927        499     2.0750     2.7165  0.000e+00
     86.169    10.2138   3.606216    32.7002        500     2.0792     2.7140  0.000e+00
     86.348    10.2108   3.606082    32.7015        501     2.0833     2.7115  0.000e+00
     86.522    10.2089   3.605756    32.6999        502     2.0875     2.7093  0.000e+00
     86.693    10.2058   3.605472    32.6997        503     2.0917     2.7069  0.000e+00
     86.865    10.2019   3.604814    32.6965        504     2.0958     2.7046  0.000e+00
     87.037    10.1960   3.604221    32.6958        505     2.1000     2.7029  0.000e+00
     87.218    10.1878   3.603919    32.7000        506     2.1042     2.7009  0.000e+00
     87.407    10.1798   3.603675    32.7047        507     2.1083     2.6992  0.000e+00
     87.612    10.1733   3.603152    32.7052        508     2.1125     2.6967  0.000e+00
     87.830    10.1659   3.602710    32.7073        509     2.1167     2.6947  0.000e+00
     88.055    10.1581   3.602385    32.7110        510     2.1208     2.6937  0.000e+00
     88.279    10.1501   3.601856    32.7128        511     2.1250     2.6929  0.000e+00
     88.525    10.1413   3.600873    32.7106        512     2.1292     2.6920  0.000e+00
     88.771    10.1297   3.599670    32.7089        513     2.1333     2.6903  0.000e+00
     89.013    10.1143   3.597979    32.7056        514     2.1375     2.6889  0.000e+00
     89.250    10.0960   3.596260    32.7046        515     2.1417     2.6864  0.000e+00
     89.467    10.0729   3.596132    32.7241        516     2.1458     2.6854  0.000e+00
     89.678    10.0542   3.595889    32.7385        517     2.1500     2.6826  0.000e+00
     89.883    10.0414   3.594971    32.7406        518     2.1542     2.6800  0.000e+00
     90.072    10.0292   3.594338    32.7452        519     2.1583     2.6780  0.000e+00
     90.250    10.0169   3.593467    32.7474        520     2.1625     2.6740  0.000e+00
     90.420    10.0043   3.593072    32.7548        521     2.1667     2.6725  0.000e+00
     90.580     9.9939   3.593217    32.7656        522     2.1708     2.6686  0.000e+00
     90.750     9.9867   3.592178    32.7615        523     2.1750     2.6669  0.000e+00
     90.922     9.9785   3.590761    32.7545        524     2.1792     2.6627  0.000e+00
     91.092     9.9637   3.589670    32.7567        525     2.1833     2.6620  0.000e+00
     91.264     9.9462   3.588323    32.7589        526     2.1875     2.6583  0.000e+00
     91.432     9.9279   3.586536    32.7572        527     2.1917     2.6536  0.000e+00
     91.604     9.9063   3.584969    32.7609        528     2.1958     2.6508  0.000e+00
     91.784     9.8833   3.583664    32.7684        529     2.2000     2.6482  0.000e+00
     91.967     9.8590   3.582533    32.7789        530     2.2042     2.6446  0.000e+00
     92.153     9.8362   3.581182    32.7858        531     2.2083     2.6414  0.000e+00
     92.339     9.8138   3.578990    32.7837        532     2.2125     2.6369  0.000e+00
     92.542     9.7874   3.577140    32.7888        533     2.2167     2.6345  0.000e+00
     92.752     9.7579   3.576109    32.8050        534     2.2208     2.6314  0.000e+00
     92.974     9.7322   3.575124    32.8183        535     2.2250     2.6281  0.000e+00
     93.204     9.7086   3.573414    32.8223        536     2.2292     2.6242  0.000e+00
     93.444     9.6853   3.571375    32.8226        537     2.2333     2.6208  0.000e+00
     93.705     9.6589   3.569319    32.8256        538     2.2375     2.6170  0.000e+00
     93.958     9.6300   3.568172    32.8401        539     2.2417     2.6119  0.000e+00
     94.211     9.6025   3.567761    32.8610        540     2.2458     2.6082  0.000e+00
     94.462     9.5821   3.568173    32.8837        541     2.2500     2.6031  0.000e+00
     94.708     9.5704   3.565810    32.8701        542     2.2542     2.5989  0.000e+00
     94.936     9.5539   3.563437    32.8608        543     2.2583     2.5941  0.000e+00
     95.150     9.5295   3.562656    32.8750        544     2.2625     2.5902  0.000e+00
     95.336     9.5061   3.562228    32.8920        545     2.2667     2.5830  0.000e+00
     95.499     9.4887   3.561620    32.9017        546     2.2708     2.5810  0.000e+00
     95.640     9.4746   3.561684    32.9152        547     2.2750     2.5783  0.000e+00
     95.770     9.4652   3.561273    32.9196        548     2.2792     2.5733  0.000e+00
     95.886     9.4584   3.560886    32.9218        549     2.2833     2.5695  0.000e+00
