HB2304/sbe138.cnv
* Sea-Bird SBE 19plus V2 Data File:
* FileName = C:\cruise\data\sbe138.hex
* Software Version Seasave V 7.26.7.121
* Temperature SN = 7037
* Conductivity SN = 7037
* System UpLoad Time = Nov 14 2023 23:40:16
** Ship: Bigelow
** Cruise:  HB2304
** Program:  Fall Bottom Trawl
# nquan = 8
# nvalues = 4463                                  
# units = specified
# name 0 = depSM: Depth [salt water, m], lat = 40.00
# name 1 = tv290C: Temperature [ITS-90, deg C]
# name 2 = c0S/m: Conductivity [S/m]
# name 3 = sal00: Salinity, Practical [PSU]
# name 4 = scan: Scan Count
# name 5 = timeM: Time, Elapsed [minutes]
# name 6 = sbeox0V: Oxygen raw, SBE 43 [V]
# name 7 = flag:  0.000e+00
# span 0 =      0.043,    189.721                 
# span 1 =     7.1636,    11.6292                 
# span 2 =   0.000020,   3.665251                 
# span 3 =     0.0034,    33.9378                 
# span 4 =         11,       4473                 
# span 5 =     0.0417,    18.6333                 
# span 6 =     1.7498,     3.2420                 
# span 7 = 0.0000e+00, 0.0000e+00                 
# interval = seconds: 0.25
# start_time = Nov 14 2023 23:40:16 [System UTC, header]
# bad_flag = -9.990e-29
*END*
[from data line 3416]
     54.550     9.0597   3.489628    32.5703       3427    14.2750     2.3717  0.000e+00
     54.476     9.0581   3.489438    32.5698       3428    14.2792     2.3757  0.000e+00
     54.394     9.0564   3.488594    32.5627       3429    14.2833     2.3758  0.000e+00
     54.322     9.0538   3.487797    32.5568       3430    14.2875     2.3767  0.000e+00
     54.250     9.0503   3.487435    32.5563       3431    14.2917     2.3755  0.000e+00
     54.181     9.0469   3.487292    32.5579       3432    14.2958     2.3780  0.000e+00
     54.123     9.0449   3.487309    32.5600       3433    14.3000     2.3806  0.000e+00
     54.065     9.0440   3.487435    32.5621       3434    14.3042     2.3813  0.000e+00
     54.017     9.0443   3.487481    32.5623       3435    14.3083     2.3807  0.000e+00
     53.973     9.0448   3.487624    32.5634       3436    14.3125     2.3787  0.000e+00
     53.932     9.0462   3.487774    32.5637       3437    14.3167     2.3776  0.000e+00
     53.895     9.0477   3.488089    32.5656       3438    14.3208     2.3783  0.000e+00
     53.856     9.0501   3.488302    32.5656       3439    14.3250     2.3795  0.000e+00
     53.816     9.0531   3.488428    32.5642       3440    14.3292     2.3790  0.000e+00
     53.774     9.0556   3.488703    32.5648       3441    14.3333     2.3771  0.000e+00
     53.729     9.0587   3.489501    32.5703       3442    14.3375     2.3788  0.000e+00
     53.680     9.0634   3.489863    32.5697       3443    14.3417     2.3784  0.000e+00
     53.619     9.0689   3.490259    32.5688       3444    14.3458     2.3806  0.000e+00
     53.570     9.0742   3.490597    32.5675       3445    14.3500     2.3801  0.000e+00
     53.509     9.0795   3.490810    32.5649       3446    14.3542     2.3809  0.000e+00
     53.451     9.0846   3.491527    32.5677       3447    14.3583     2.3841  0.000e+00
     53.393     9.0908   3.492056    32.5675       3448    14.3625     2.3829  0.000e+00
     53.337     9.0976   3.492371    32.5646       3449    14.3667     2.3814  0.000e+00
     53.281     9.1038   3.492790    32.5633       3450    14.3708     2.3846  0.000e+00
     53.227     9.1099   3.493319    32.5632       3451    14.3750     2.3858  0.000e+00
     53.176     9.1167   3.493634    32.5603       3452    14.3792     2.3838  0.000e+00
     53.124     9.1231   3.493807    32.5563       3453    14.3833     2.3828  0.000e+00
     53.073     9.1281   3.493973    32.5534       3454    14.3875     2.3855  0.000e+00
     53.031     9.1319   3.493956    32.5498       3455    14.3917     2.3866  0.000e+00
     52.986     9.1347   3.494272    32.5506       3456    14.3958     2.3821  0.000e+00
     52.934     9.1374   3.494628    32.5518       3457    14.4000     2.3802  0.000e+00
     52.890     9.1404   3.494777    32.5506       3458    14.4042     2.3829  0.000e+00
     52.840     9.1430   3.495283    32.5535       3459    14.4083     2.3855  0.000e+00
     52.782     9.1468   3.495495    32.5523       3460    14.4125     2.3854  0.000e+00
     52.737     9.1504   3.496064    32.5549       3461    14.4167     2.3859  0.000e+00
     52.677     9.1551   3.496868    32.5589       3462    14.4208     2.3895  0.000e+00
     52.619     9.1614   3.497144    32.5560       3463    14.4250     2.3866  0.000e+00
     52.558     9.1672   3.497190    32.5512       3464    14.4292     2.3873  0.000e+00
     52.493     9.1714   3.497482    32.5504       3465    14.4333     2.3900  0.000e+00
     52.437     9.1752   3.497798    32.5503       3466    14.4375     2.3865  0.000e+00
     52.366     9.1788   3.497569    32.5446       3467    14.4417     2.3848  0.000e+00
     52.305     9.1818   3.497523    32.5415       3468    14.4458     2.3877  0.000e+00
     52.247     9.1839   3.497482    32.5391       3469    14.4500     2.3899  0.000e+00
     52.193     9.1857   3.497632    32.5391       3470    14.4542     2.3906  0.000e+00
     52.150     9.1872   3.497609    32.5375       3471    14.4583     2.3906  0.000e+00
     52.106     9.1884   3.497499    32.5353       3472    14.4625     2.3909  0.000e+00
     52.074     9.1888   3.497735    32.5374       3473    14.4667     2.3916  0.000e+00
     52.045     9.1903   3.498011    32.5389       3474    14.4708     2.3900  0.000e+00
     52.014     9.1927   3.498160    32.5382       3475    14.4750     2.3911  0.000e+00
     51.985     9.1951   3.498200    32.5365       3476    14.4792     2.3928  0.000e+00
     51.951     9.1965   3.497988    32.5331       3477    14.4833     2.3919  0.000e+00
     51.915     9.1965   3.498137    32.5346       3478    14.4875     2.3914  0.000e+00
     51.864     9.1964   3.498516    32.5386       3479    14.4917     2.3893  0.000e+00
     51.793     9.1979   3.499361    32.5460       3480    14.4958     2.3909  0.000e+00
     51.725     9.2022   3.499447    32.5430       3481    14.5000     2.3940  0.000e+00
     51.649     9.2061   3.499637    32.5415       3482    14.5042     2.3940  0.000e+00
     51.567     9.2092   3.499953    32.5419       3483    14.5083     2.3913  0.000e+00
     51.484     9.2125   3.500039    32.5398       3484    14.5125     2.3967  0.000e+00
     51.399     9.2151   3.500441    32.5416       3485    14.5167     2.3959  0.000e+00
     51.324     9.2182   3.500757    32.5421       3486    14.5208     2.3966  0.000e+00
     51.255     9.2217   3.501223    32.5437       3487    14.5250     2.3984  0.000e+00
     51.190     9.2262   3.501775    32.5454       3488    14.5292     2.4006  0.000e+00
     51.132     9.2305   3.500757    32.5310       3489    14.5333     2.4012  0.000e+00
     51.083     9.2305   3.500677    32.5302       3490    14.5375     2.3995  0.000e+00
     51.042     9.2297   3.500947    32.5337       3491    14.5417     2.3988  0.000e+00
     51.002     9.2303   3.502217    32.5463       3492    14.5458     2.4011  0.000e+00
     50.962     9.2350   3.503085    32.5510       3493    14.5500     2.4038  0.000e+00
     50.920     9.2415   3.502729    32.5415       3494    14.5542     2.4003  0.000e+00
     50.881     9.2454   3.502430    32.5348       3495    14.5583     2.4016  0.000e+00
     50.841     9.2468   3.502769    32.5370       3496    14.5625     2.3963  0.000e+00
     50.799     9.2485   3.503108    32.5390       3497    14.5667     2.3984  0.000e+00
     50.756     9.2508   3.503131    32.5371       3498    14.5708     2.3981  0.000e+00
     50.720     9.2532   3.503556    32.5394       3499    14.5750     2.3983  0.000e+00
     50.684     9.2562   3.504252    32.5439       3500    14.5792     2.3938  0.000e+00
     50.646     9.2605   3.503930    32.5366       3501    14.5833     2.3925  0.000e+00
     50.610     9.2632   3.504827    32.5434       3502    14.5875     2.3989  0.000e+00
     50.570     9.2672   3.505293    32.5446       3503    14.5917     2.3937  0.000e+00
     50.530     9.2726   3.505506    32.5419       3504    14.5958     2.3970  0.000e+00
     50.488     9.2767   3.505736    32.5405       3505    14.6000     2.3974  0.000e+00
     50.443     9.2800   3.505758    32.5378       3506    14.6042     2.3927  0.000e+00
     50.395     9.2825   3.506541    32.5436       3507    14.6083     2.3942  0.000e+00
     50.342     9.2877   3.510890    32.5837       3508    14.6125     2.3937  0.000e+00
     50.292     9.3052   3.515886    32.6193       3509    14.6167     2.3938  0.000e+00
     50.241     9.3351   3.518080    32.6147       3510    14.6208     2.3968  0.000e+00
     50.192     9.3669   3.520677    32.6124       3511    14.6250     2.3961  0.000e+00
     50.132     9.3969   3.522319    32.6020       3512    14.6292     2.4006  0.000e+00
     50.082     9.4226   3.522209    32.5775       3513    14.6333     2.3952  0.000e+00
     50.035     9.4392   3.519035    32.5298       3514    14.6375     2.3919  0.000e+00
     49.999     9.4429   3.517716    32.5130       3515    14.6417     2.3943  0.000e+00
     49.953     9.4400   3.516823    32.5064       3516    14.6458     2.3971  0.000e+00
     49.903     9.4354   3.516714    32.5095       3517    14.6500     2.3993  0.000e+00
     49.865     9.4331   3.518056    32.5254       3518    14.6542     2.3999  0.000e+00
     49.811     9.4361   3.518159    32.5238       3519    14.6583     2.4003  0.000e+00
     49.751     9.4401   3.518055    32.5191       3520    14.6625     2.4009  0.000e+00
     49.686     9.4427   3.517963    32.5158       3521    14.6667     2.4022  0.000e+00
     49.621     9.4447   3.518268    32.5172       3522    14.6708     2.4030  0.000e+00
     49.549     9.4471   3.520077    32.5336       3523    14.6750     2.4074  0.000e+00
     49.475     9.4549   3.522572    32.5521       3524    14.6792     2.4047  0.000e+00
     49.400     9.4685   3.524191    32.5564       3525    14.6833     2.4067  0.000e+00
     49.326     9.4845   3.526220    32.5627       3526    14.6875     2.4099  0.000e+00
     49.252     9.5022   3.527113    32.5559       3527    14.6917     2.4120  0.000e+00
     49.182     9.5183   3.527222    32.5424       3528    14.6958     2.4150  0.000e+00
     49.122     9.5302   3.527309    32.5325       3529    14.7000     2.4134  0.000e+00
     49.066     9.5389   3.527712    32.5288       3530    14.7042     2.4167  0.000e+00
     49.021     9.5458   3.528012    32.5256       3531    14.7083     2.4206  0.000e+00
     48.972     9.5516   3.528588    32.5263       3532    14.7125     2.4167  0.000e+00
     48.925     9.5572   3.529274    32.5283       3533    14.7167     2.4180  0.000e+00
     48.886     9.5639   3.530405    32.5338       3534    14.7208     2.4199  0.000e+00
     48.853     9.5725   3.531968    32.5420       3535    14.7250     2.4227  0.000e+00
     48.824     9.5839   3.533312    32.5454       3536    14.7292     2.4227  0.000e+00
     48.803     9.5966   3.534085    32.5418       3537    14.7333     2.4236  0.000e+00
     48.781     9.6079   3.534488    32.5357       3538    14.7375     2.4235  0.000e+00
     48.759     9.6167   3.534875    32.5317       3539    14.7417     2.4257  0.000e+00
     48.737     9.6238   3.535498    32.5317       3540    14.7458     2.4271  0.000e+00
     48.710     9.6298   3.535775    32.5291       3541    14.7500     2.4256  0.000e+00
     48.681     9.6350   3.536052    32.5273       3542    14.7542     2.4260  0.000e+00
     48.649     9.6386   3.536115    32.5247       3543    14.7583     2.4257  0.000e+00
     48.598     9.6412   3.535965    32.5208       3544    14.7625     2.4247  0.000e+00
     48.542     9.6425   3.535861    32.5186       3545    14.7667     2.4261  0.000e+00
     48.474     9.6432   3.535775    32.5171       3546    14.7708     2.4273  0.000e+00
     48.398     9.6439   3.535988    32.5187       3547    14.7750     2.4273  0.000e+00
     48.315     9.6456   3.535925    32.5165       3548    14.7792     2.4251  0.000e+00
     48.217     9.6471   3.536461    32.5206       3549    14.7833     2.4303  0.000e+00
     48.137     9.6502   3.537102    32.5245       3550    14.7875     2.4328  0.000e+00
     48.060     9.6548   3.537529    32.5247       3551    14.7917     2.4343  0.000e+00
     47.987     9.6605   3.538475    32.5293       3552    14.7958     2.4370  0.000e+00
     47.929     9.6684   3.540554    32.5434       3553    14.8000     2.4374  0.000e+00
     47.877     9.6817   3.542592    32.5521       3554    14.8042     2.4365  0.000e+00
     47.834     9.7007   3.544735    32.5568       3555    14.8083     2.4367  0.000e+00
     47.803     9.7232   3.545491    32.5442       3556    14.8125     2.4387  0.000e+00
     47.781     9.7422   3.545641    32.5286       3557    14.8167     2.4412  0.000e+00
     47.758     9.7544   3.544994    32.5110       3558    14.8208     2.4398  0.000e+00
     47.749     9.7602   3.545271    32.5086       3559    14.8250     2.4396  0.000e+00
     47.734     9.7635   3.545832    32.5113       3560    14.8292     2.4395  0.000e+00
     47.713     9.7672   3.546155    32.5112       3561    14.8333     2.4377  0.000e+00
     47.675     9.7709   3.546369    32.5101       3562    14.8375     2.4341  0.000e+00
     47.642     9.7739   3.546715    32.5109       3563    14.8417     2.4350  0.000e+00
     47.590     9.7772   3.546929    32.5102       3564    14.8458     2.4360  0.000e+00
     47.527     9.7800   3.546929    32.5077       3565    14.8500     2.4369  0.000e+00
     47.463     9.7822   3.546929    32.5057       3566    14.8542     2.4391  0.000e+00
     47.387     9.7835   3.546969    32.5050       3567    14.8583     2.4374  0.000e+00
     47.315     9.7844   3.546883    32.5033       3568    14.8625     2.4403  0.000e+00
     47.248     9.7850   3.546929    32.5033       3569    14.8667     2.4417  0.000e+00
     47.180     9.7857   3.546929    32.5027       3570    14.8708     2.4433  0.000e+00
     47.120     9.7860   3.546692    32.5000       3571    14.8750     2.4428  0.000e+00
     47.057     9.7858   3.546883    32.5021       3572    14.8792     2.4476  0.000e+00
     47.008     9.7860   3.546883    32.5020       3573    14.8833     2.4502  0.000e+00
     46.952     9.7862   3.546906    32.5021       3574    14.8875     2.4508  0.000e+00
     46.905     9.7860   3.546669    32.4999       3575    14.8917     2.4476  0.000e+00
     46.858     9.7855   3.546623    32.4999       3576    14.8958     2.4518  0.000e+00
     46.811     9.7848   3.546519    32.4995       3577    14.9000     2.4487  0.000e+00
     46.767     9.7841   3.546715    32.5021       3578    14.9042     2.4463  0.000e+00
     46.730     9.7843   3.546778    32.5026       3579    14.9083     2.4478  0.000e+00
     46.690     9.7849   3.546952    32.5038       3580    14.9125     2.4453  0.000e+00
     46.661     9.7860   3.546778    32.5011       3581    14.9167     2.4454  0.000e+00
     46.630     9.7861   3.546715    32.5004       3582    14.9208     2.4457  0.000e+00
     46.607     9.7858   3.546692    32.5004       3583    14.9250     2.4438  0.000e+00
     46.583     9.7858   3.546819    32.5018       3584    14.9292     2.4447  0.000e+00
     46.549     9.7858   3.547102    32.5047       3585    14.9333     2.4393  0.000e+00
     46.511     9.7866   3.546842    32.5013       3586    14.9375     2.4456  0.000e+00
     46.469     9.7866   3.547033    32.5032       3587    14.9417     2.4422  0.000e+00
     46.419     9.7867   3.547102    32.5038       3588    14.9458     2.4452  0.000e+00
     46.355     9.7869   3.546969    32.5023       3589    14.9500     2.4432  0.000e+00
     46.297     9.7867   3.546455    32.4973       3590    14.9542     2.4431  0.000e+00
     46.229     9.7858   3.545357    32.4870       3591    14.9583     2.4443  0.000e+00
     46.155     9.7844   3.546281    32.4977       3592    14.9625     2.4464  0.000e+00
     46.088     9.7882   3.547616    32.5079       3593    14.9667     2.4469  0.000e+00
     46.023     9.7965   3.547807    32.5024       3594    14.9708     2.4496  0.000e+00
     45.961     9.8047   3.548477    32.5019       3595    14.9750     2.4512  0.000e+00
     45.913     9.8135   3.550540    32.5149       3596    14.9792     2.4517  0.000e+00
     45.875     9.8269   3.552760    32.5254       3597    14.9833     2.4535  0.000e+00
     45.844     9.8448   3.554784    32.5299       3598    14.9875     2.4583  0.000e+00
     45.819     9.8663   3.558364    32.5469       3599    14.9917     2.4562  0.000e+00
     45.799     9.8936   3.561488    32.5540       3600    14.9958     2.4546  0.000e+00
     45.788     9.9222   3.562119    32.5346       3601    15.0000     2.4524  0.000e+00
     45.773     9.9438   3.562530    32.5194       3602    15.0042     2.4588  0.000e+00
     45.757     9.9595   3.563218    32.5122       3603    15.0083     2.4543  0.000e+00
     45.741     9.9712   3.563803    32.5076       3604    15.0125     2.4555  0.000e+00
     45.723     9.9821   3.567109    32.5313       3605    15.0167     2.4547  0.000e+00
