HB2304/sbe131.cnv
* Sea-Bird SBE 19plus V2 Data File:
* FileName = C:\cruise\data\sbe131.hex
* Software Version Seasave V 7.26.7.121
* Temperature SN = 7037
* Conductivity SN = 7037
* System UpLoad Time = Nov 10 2023 21:18:16
** Ship: Bigelow
** Cruise:  HB2304
** Program:  Fall Bottom Trawl
# nquan = 8
# nvalues = 2914                                  
# units = specified
# name 0 = depSM: Depth [salt water, m], lat = 40.00
# name 1 = tv290C: Temperature [ITS-90, deg C]
# name 2 = c0S/m: Conductivity [S/m]
# name 3 = sal00: Salinity, Practical [PSU]
# name 4 = scan: Scan Count
# name 5 = timeM: Time, Elapsed [minutes]
# name 6 = sbeox0V: Oxygen raw, SBE 43 [V]
# name 7 = flag:  0.000e+00
# span 0 =     -0.024,    123.901                 
# span 1 =     9.3034,     9.9009                 
# span 2 =   0.000073,   3.599090                 
# span 3 =     0.0049,    33.4298                 
# span 4 =         11,       2924                 
# span 5 =     0.0417,    12.1792                 
# span 6 =     2.4161,     3.0718                 
# span 7 = 0.0000e+00, 0.0000e+00                 
# interval = seconds: 0.25
# start_time = Nov 10 2023 21:18:16 [System UTC, header]
# bad_flag = -9.990e-29
*END*
[from data line 1978]
     51.903     9.7671   3.561301    32.6639       1989     8.2833     2.7708  0.000e+00
     51.823     9.7669   3.561104    32.6621       1990     8.2875     2.7739  0.000e+00
     51.756     9.7662   3.560653    32.6582       1991     8.2917     2.7756  0.000e+00
     51.693     9.7651   3.560676    32.6594       1992     8.2958     2.7786  0.000e+00
     51.632     9.7639   3.560219    32.6559       1993     8.3000     2.7795  0.000e+00
     51.565     9.7637   3.560132    32.6552       1994     8.3042     2.7808  0.000e+00
     51.505     9.7639   3.559981    32.6535       1995     8.3083     2.7821  0.000e+00
     51.418     9.7643   3.559854    32.6519       1996     8.3125     2.7829  0.000e+00
     51.344     9.7651   3.559918    32.6518       1997     8.3167     2.7833  0.000e+00
     51.254     9.7663   3.559895    32.6505       1998     8.3208     2.7833  0.000e+00
     51.162     9.7674   3.559761    32.6482       1999     8.3250     2.7846  0.000e+00
     51.059     9.7681   3.559680    32.6468       2000     8.3292     2.7853  0.000e+00
     50.950     9.7689   3.559530    32.6446       2001     8.3333     2.7860  0.000e+00
     50.844     9.7697   3.559403    32.6426       2002     8.3375     2.7884  0.000e+00
     50.732     9.7711   3.559443    32.6418       2003     8.3417     2.7886  0.000e+00
     50.627     9.7734   3.559119    32.6365       2004     8.3458     2.7916  0.000e+00
     50.525     9.7758   3.558430    32.6273       2005     8.3500     2.7919  0.000e+00
     50.435     9.7773   3.557759    32.6192       2006     8.3542     2.7937  0.000e+00
     50.348     9.7775   3.557372    32.6151       2007     8.3583     2.7943  0.000e+00
     50.276     9.7774   3.557111    32.6125       2008     8.3625     2.7965  0.000e+00
     50.204     9.7786   3.556920    32.6095       2009     8.3667     2.7966  0.000e+00
     50.130     9.7800   3.556700    32.6061       2010     8.3708     2.7982  0.000e+00
     50.063     9.7816   3.555989    32.5974       2011     8.3750     2.8004  0.000e+00
     50.001     9.7849   3.555648    32.5910       2012     8.3792     2.8012  0.000e+00
     49.927     9.7901   3.555601    32.5858       2013     8.3833     2.8040  0.000e+00
     49.857     9.7949   3.555561    32.5811       2014     8.3875     2.8062  0.000e+00
     49.779     9.7991   3.555561    32.5773       2015     8.3917     2.8081  0.000e+00
     49.690     9.8032   3.555647    32.5745       2016     8.3958     2.8100  0.000e+00
     49.602     9.8073   3.555624    32.5706       2017     8.4000     2.8119  0.000e+00
     49.504     9.8110   3.555624    32.5673       2018     8.4042     2.8153  0.000e+00
     49.412     9.8135   3.555624    32.5651       2019     8.4083     2.8185  0.000e+00
     49.309     9.8152   3.555647    32.5639       2020     8.4125     2.8226  0.000e+00
     49.215     9.8169   3.555647    32.5624       2021     8.4167     2.8250  0.000e+00
     49.112     9.8182   3.555647    32.5612       2022     8.4208     2.8291  0.000e+00
     49.015     9.8195   3.555670    32.5603       2023     8.4250     2.8330  0.000e+00
     48.924     9.8217   3.555670    32.5584       2024     8.4292     2.8346  0.000e+00
     48.830     9.8235   3.555670    32.5568       2025     8.4333     2.8375  0.000e+00
     48.740     9.8248   3.555647    32.5554       2026     8.4375     2.8404  0.000e+00
     48.646     9.8259   3.555537    32.5533       2027     8.4417     2.8411  0.000e+00
     48.554     9.8267   3.555276    32.5500       2028     8.4458     2.8432  0.000e+00
     48.463     9.8273   3.554484    32.5415       2029     8.4500     2.8446  0.000e+00
     48.364     9.8279   3.554374    32.5398       2030     8.4542     2.8462  0.000e+00
     48.259     9.8285   3.554484    32.5404       2031     8.4583     2.8501  0.000e+00
     48.156     9.8296   3.554634    32.5411       2032     8.4625     2.8481  0.000e+00
     48.055     9.8323   3.554785    32.5402       2033     8.4667     2.8528  0.000e+00
     47.954     9.8352   3.554889    32.5387       2034     8.4708     2.8520  0.000e+00
     47.856     9.8376   3.554935    32.5371       2035     8.4750     2.8559  0.000e+00
     47.753     9.8400   3.554912    32.5347       2036     8.4792     2.8572  0.000e+00
     47.666     9.8415   3.554935    32.5336       2037     8.4833     2.8577  0.000e+00
     47.583     9.8428   3.554935    32.5324       2038     8.4875     2.8581  0.000e+00
     47.500     9.8437   3.554911    32.5315       2039     8.4917     2.8599  0.000e+00
     47.422     9.8446   3.554888    32.5304       2040     8.4958     2.8609  0.000e+00
     47.350     9.8462   3.554888    32.5290       2041     8.5000     2.8620  0.000e+00
     47.276     9.8500   3.554888    32.5256       2042     8.5042     2.8633  0.000e+00
     47.207     9.8542   3.554871    32.5217       2043     8.5083     2.8637  0.000e+00
     47.133     9.8577   3.554738    32.5172       2044     8.5125     2.8676  0.000e+00
     47.050     9.8601   3.554009    32.5077       2045     8.5167     2.8687  0.000e+00
     46.965     9.8620   3.553749    32.5034       2046     8.5208     2.8690  0.000e+00
     46.873     9.8632   3.553488    32.4996       2047     8.5250     2.8700  0.000e+00
     46.772     9.8640   3.553188    32.4960       2048     8.5292     2.8717  0.000e+00
     46.672     9.8643   3.553234    32.4962       2049     8.5333     2.8733  0.000e+00
     46.560     9.8645   3.552927    32.4929       2050     8.5375     2.8746  0.000e+00
     46.457     9.8643   3.551898    32.4826       2051     8.5417     2.8766  0.000e+00
     46.347     9.8645   3.551788    32.4815       2052     8.5458     2.8783  0.000e+00
     46.246     9.8646   3.551337    32.4768       2053     8.5500     2.8789  0.000e+00
     46.137     9.8651   3.551164    32.4747       2054     8.5542     2.8830  0.000e+00
     46.041     9.8654   3.551037    32.4731       2055     8.5583     2.8826  0.000e+00
     45.951     9.8659   3.550950    32.4718       2056     8.5625     2.8853  0.000e+00
     45.855     9.8664   3.550904    32.4710       2057     8.5667     2.8859  0.000e+00
     45.761     9.8666   3.550603    32.4678       2058     8.5708     2.8884  0.000e+00
     45.667     9.8670   3.550112    32.4624       2059     8.5750     2.8891  0.000e+00
     45.581     9.8674   3.549314    32.4540       2060     8.5792     2.8897  0.000e+00
     45.490     9.8674   3.547291    32.4335       2061     8.5833     2.8922  0.000e+00
     45.405     9.8674   3.546344    32.4240       2062     8.5875     2.8921  0.000e+00
     45.315     9.8672   3.546153    32.4222       2063     8.5917     2.8951  0.000e+00
     45.228     9.8670   3.545442    32.4152       2064     8.5958     2.8946  0.000e+00
     45.141     9.8661   3.545315    32.4147       2065     8.6000     2.8962  0.000e+00
     45.060     9.8652   3.545119    32.4136       2066     8.6042     2.8983  0.000e+00
     44.975     9.8645   3.544992    32.4129       2067     8.6083     2.9003  0.000e+00
     44.885     9.8643   3.544755    32.4108       2068     8.6125     2.9029  0.000e+00
     44.800     9.8643   3.544651    32.4097       2069     8.6167     2.9042  0.000e+00
     44.711     9.8643   3.544668    32.4099       2070     8.6208     2.9068  0.000e+00
     44.621     9.8650   3.544368    32.4063       2071     8.6250     2.9096  0.000e+00
     44.538     9.8660   3.544501    32.4068       2072     8.6292     2.9118  0.000e+00
     44.442     9.8665   3.544518    32.4066       2073     8.6333     2.9149  0.000e+00
     44.359     9.8667   3.544281    32.4041       2074     8.6375     2.9174  0.000e+00
     44.268     9.8668   3.543853    32.3996       2075     8.6417     2.9181  0.000e+00
     44.182     9.8662   3.540804    32.3693       2076     8.6458     2.9204  0.000e+00
     44.089     9.8636   3.538899    32.3523       2077     8.6500     2.9221  0.000e+00
     44.003     9.8588   3.538299    32.3505       2078     8.6542     2.9240  0.000e+00
     43.914     9.8543   3.538235    32.3539       2079     8.6583     2.9255  0.000e+00
     43.829     9.8511   3.538102    32.3555       2080     8.6625     2.9274  0.000e+00
     43.735     9.8490   3.537785    32.3542       2081     8.6667     2.9276  0.000e+00
     43.650     9.8475   3.537462    32.3523       2082     8.6708     2.9289  0.000e+00
     43.565     9.8462   3.537098    32.3498       2083     8.6750     2.9315  0.000e+00
     43.477     9.8452   3.537017    32.3499       2084     8.6792     2.9313  0.000e+00
     43.387     9.8444   3.537288    32.3535       2085     8.6833     2.9322  0.000e+00
     43.303     9.8441   3.537288    32.3538       2086     8.6875     2.9336  0.000e+00
     43.215     9.8440   3.537098    32.3519       2087     8.6917     2.9347  0.000e+00
     43.133     9.8438   3.536907    32.3502       2088     8.6958     2.9361  0.000e+00
     43.048     9.8435   3.536948    32.3510       2089     8.7000     2.9390  0.000e+00
     42.958     9.8433   3.536861    32.3503       2090     8.7042     2.9390  0.000e+00
     42.875     9.8431   3.536861    32.3505       2091     8.7083     2.9415  0.000e+00
     42.775     9.8429   3.536624    32.3484       2092     8.7125     2.9422  0.000e+00
     42.676     9.8427   3.536371    32.3460       2093     8.7167     2.9436  0.000e+00
     42.575     9.8419   3.536688    32.3499       2094     8.7208     2.9435  0.000e+00
     42.465     9.8419   3.536647    32.3496       2095     8.7250     2.9443  0.000e+00
     42.367     9.8419   3.536388    32.3469       2096     8.7292     2.9453  0.000e+00
     42.259     9.8418   3.536774    32.3510       2097     8.7333     2.9481  0.000e+00
     42.159     9.8421   3.536561    32.3487       2098     8.7375     2.9481  0.000e+00
     42.067     9.8423   3.535874    32.3416       2099     8.7417     2.9503  0.000e+00
     41.971     9.8414   3.535447    32.3380       2100     8.7458     2.9520  0.000e+00
     41.890     9.8401   3.535280    32.3375       2101     8.7500     2.9528  0.000e+00
     41.812     9.8389   3.535083    32.3367       2102     8.7542     2.9539  0.000e+00
     41.736     9.8379   3.535060    32.3374       2103     8.7583     2.9556  0.000e+00
     41.668     9.8372   3.534956    32.3369       2104     8.7625     2.9551  0.000e+00
     41.604     9.8366   3.535060    32.3386       2105     8.7667     2.9563  0.000e+00
     41.530     9.8363   3.535020    32.3385       2106     8.7708     2.9562  0.000e+00
     41.458     9.8360   3.534760    32.3362       2107     8.7750     2.9581  0.000e+00
     41.388     9.8357   3.534529    32.3341       2108     8.7792     2.9581  0.000e+00
     41.303     9.8352   3.534616    32.3355       2109     8.7833     2.9581  0.000e+00
     41.221     9.8348   3.534529    32.3350       2110     8.7875     2.9585  0.000e+00
     41.129     9.8346   3.534333    32.3332       2111     8.7917     2.9588  0.000e+00
     41.035     9.8342   3.534033    32.3305       2112     8.7958     2.9583  0.000e+00
     40.936     9.8337   3.533802    32.3287       2113     8.8000     2.9612  0.000e+00
     40.842     9.8330   3.532879    32.3200       2114     8.8042     2.9595  0.000e+00
     40.742     9.8321   3.532816    32.3202       2115     8.8083     2.9603  0.000e+00
     40.648     9.8314   3.532856    32.3213       2116     8.8125     2.9609  0.000e+00
     40.549     9.8310   3.532642    32.3195       2117     8.8167     2.9623  0.000e+00
     40.462     9.8307   3.532475    32.3181       2118     8.8208     2.9641  0.000e+00
     40.374     9.8305   3.532602    32.3196       2119     8.8250     2.9632  0.000e+00
     40.289     9.8302   3.532389    32.3177       2120     8.8292     2.9645  0.000e+00
     40.215     9.8303   3.531552    32.3092       2121     8.8333     2.9638  0.000e+00
     40.146     9.8291   3.530825    32.3029       2122     8.8375     2.9649  0.000e+00
     40.085     9.8270   3.529032    32.2866       2123     8.8417     2.9651  0.000e+00
     40.023     9.8230   3.528842    32.2882       2124     8.8458     2.9664  0.000e+00
     39.967     9.8193   3.529845    32.3018       2125     8.8500     2.9664  0.000e+00
     39.906     9.8182   3.529712    32.3015       2126     8.8542     2.9679  0.000e+00
     39.846     9.8178   3.530249    32.3073       2127     8.8583     2.9695  0.000e+00
     39.779     9.8182   3.531725    32.3220       2128     8.8625     2.9704  0.000e+00
     39.710     9.8205   3.531915    32.3219       2129     8.8667     2.9718  0.000e+00
     39.633     9.8230   3.531212    32.3126       2130     8.8708     2.9716  0.000e+00
     39.551     9.8239   3.530952    32.3091       2131     8.8750     2.9729  0.000e+00
     39.461     9.8238   3.530721    32.3069       2132     8.8792     2.9735  0.000e+00
     39.376     9.8232   3.529949    32.2997       2133     8.8833     2.9739  0.000e+00
     39.286     9.8219   3.528922    32.2904       2134     8.8875     2.9751  0.000e+00
     39.192     9.8190   3.528455    32.2882       2135     8.8917     2.9738  0.000e+00
     39.094     9.8162   3.527752    32.2837       2136     8.8958     2.9749  0.000e+00
     38.998     9.8132   3.527406    32.2829       2137     8.9000     2.9751  0.000e+00
     38.899     9.8105   3.527792    32.2893       2138     8.9042     2.9752  0.000e+00
     38.801     9.8092   3.527256    32.2851       2139     8.9083     2.9754  0.000e+00
     38.698     9.8079   3.527129    32.2849       2140     8.9125     2.9766  0.000e+00
     38.610     9.8066   3.527106    32.2859       2141     8.9167     2.9751  0.000e+00
     38.523     9.8057   3.526512    32.2807       2142     8.9208     2.9759  0.000e+00
     38.443     9.8041   3.525976    32.2767       2143     8.9250     2.9759  0.000e+00
     38.371     9.8024   3.525774    32.2763       2144     8.9292     2.9758  0.000e+00
     38.312     9.8005   3.525250    32.2726       2145     8.9333     2.9774  0.000e+00
     38.255     9.7987   3.523930    32.2609       2146     8.9375     2.9774  0.000e+00
     38.201     9.7949   3.522587    32.2507       2147     8.9417     2.9772  0.000e+00
     38.149     9.7894   3.522011    32.2498       2148     8.9458     2.9796  0.000e+00
     38.089     9.7844   3.521049    32.2444       2149     8.9500     2.9794  0.000e+00
     38.030     9.7792   3.518433    32.2225       2150     8.9542     2.9796  0.000e+00
     37.952     9.7711   3.515963    32.2046       2151     8.9583     2.9816  0.000e+00
     37.871     9.7598   3.515451    32.2096       2152     8.9625     2.9815  0.000e+00
     37.786     9.7501   3.514386    32.2075       2153     8.9667     2.9830  0.000e+00
     37.692     9.7418   3.514472    32.2159       2154     8.9708     2.9838  0.000e+00
     37.589     9.7361   3.512521    32.2011       2155     8.9750     2.9863  0.000e+00
     37.486     9.7290   3.512567    32.2080       2156     8.9792     2.9873  0.000e+00
     37.377     9.7234   3.512751    32.2149       2157     8.9833     2.9903  0.000e+00
     37.267     9.7202   3.512498    32.2153       2158     8.9875     2.9919  0.000e+00
     37.164     9.7178   3.511479    32.2070       2159     8.9917     2.9928  0.000e+00
     37.068     9.7145   3.511583    32.2111       2160     8.9958     2.9965  0.000e+00
     36.974     9.7119   3.511030    32.2079       2161     9.0000     2.9969  0.000e+00
     36.889     9.7095   3.510391    32.2035       2162     9.0042     2.9992  0.000e+00
     36.823     9.7062   3.510138    32.2039       2163     9.0083     2.9999  0.000e+00
     36.772     9.7034   3.510501    32.2101       2164     9.0125     3.0003  0.000e+00
     36.727     9.7020   3.510650    32.2130       2165     9.0167     3.0017  0.000e+00
     36.705     9.7015   3.510351    32.2103       2166     9.0208     3.0035  0.000e+00
     36.678     9.7010   3.510161    32.2089       2167     9.0250     3.0041  0.000e+00
