HB2304/sbe134.cnv
* Sea-Bird SBE 19plus V2 Data File:
* FileName = C:\cruise\data\sbe134.hex
* Software Version Seasave V 7.26.7.121
* Temperature SN = 7037
* Conductivity SN = 7037
* System UpLoad Time = Nov 11 2023 16:49:07
** Ship: Bigelow
** Cruise:  HB2304
** Program:  Fall Bottom Trawl
# nquan = 8
# nvalues = 3175                                  
# units = specified
# name 0 = depSM: Depth [salt water, m], lat = 40.00
# name 1 = tv290C: Temperature [ITS-90, deg C]
# name 2 = c0S/m: Conductivity [S/m]
# name 3 = sal00: Salinity, Practical [PSU]
# name 4 = scan: Scan Count
# name 5 = timeM: Time, Elapsed [minutes]
# name 6 = sbeox0V: Oxygen raw, SBE 43 [V]
# name 7 = flag:  0.000e+00
# span 0 =      0.027,    220.790                 
# span 1 =     5.5824,     9.9754                 
# span 2 =  -0.000002,   3.643216                 
# span 3 =     0.0000,    34.4085                 
# span 4 =         11,       3185                 
# span 5 =     0.0417,    13.2667                 
# span 6 =     1.8310,     3.1707                 
# span 7 = 0.0000e+00, 0.0000e+00                 
# interval = seconds: 0.25
# start_time = Nov 11 2023 16:49:07 [System UTC, header]
# bad_flag = -9.990e-29
*END*
[from data line 1618]
    181.884     8.6437   3.626282    34.3319       1629     6.7833     1.9389  0.000e+00
    181.978     8.6630   3.627319    34.3241       1630     6.7875     1.9388  0.000e+00
    182.072     8.6786   3.627517    34.3110       1631     6.7917     1.9348  0.000e+00
    182.177     8.6901   3.627552    34.3002       1632     6.7958     1.9366  0.000e+00
    182.282     8.6983   3.624206    34.2570       1633     6.8000     1.9346  0.000e+00
    182.407     8.7033   3.618345    34.1904       1634     6.8042     1.9350  0.000e+00
    182.545     8.7069   3.614979    34.1515       1635     6.8083     1.9347  0.000e+00
    182.706     8.7105   3.610392    34.0997       1636     6.8125     1.9395  0.000e+00
    182.885     8.7095   3.606029    34.0547       1637     6.8167     1.9393  0.000e+00
    183.082     8.6953   3.604232    34.0494       1638     6.8208     1.9434  0.000e+00
    183.299     8.6695   3.605919    34.0919       1639     6.8250     1.9479  0.000e+00
    183.534     8.6452   3.608327    34.1405       1640     6.8292     1.9466  0.000e+00
    183.777     8.6328   3.608787    34.1572       1641     6.8333     1.9460  0.000e+00
    184.035     8.6246   3.606181    34.1375       1642     6.8375     1.9456  0.000e+00
    184.292     8.6133   3.605809    34.1444       1643     6.8417     1.9447  0.000e+00
    184.547     8.6000   3.605879    34.1579       1644     6.8458     1.9426  0.000e+00
    184.783     8.5925   3.606095    34.1673       1645     6.8500     1.9403  0.000e+00
    184.994     8.5874   3.606880    34.1804       1646     6.8542     1.9426  0.000e+00
    185.190     8.5844   3.610196    34.2182       1647     6.8583     1.9454  0.000e+00
    185.362     8.5833   3.611646    34.2344       1648     6.8625     1.9484  0.000e+00
    185.501     8.5837   3.609469    34.2110       1649     6.8667     1.9516  0.000e+00
    185.619     8.5941   3.616833    34.2786       1650     6.8708     1.9543  0.000e+00
    185.720     8.6156   3.624890    34.3427       1651     6.8750     1.9554  0.000e+00
    185.810     8.6393   3.628003    34.3525       1652     6.8792     1.9554  0.000e+00
    185.899     8.6604   3.628796    34.3402       1653     6.8833     1.9554  0.000e+00
    186.000     8.6773   3.626854    34.3034       1654     6.8875     1.9535  0.000e+00
    186.111     8.6887   3.620438    34.2248       1655     6.8917     1.9499  0.000e+00
    186.239     8.6964   3.616465    34.1755       1656     6.8958     1.9472  0.000e+00
    186.375     8.7024   3.612826    34.1313       1657     6.9000     1.9463  0.000e+00
    186.541     8.7002   3.610393    34.1079       1658     6.9042     1.9457  0.000e+00
    186.720     8.6856   3.609579    34.1132       1659     6.9083     1.9431  0.000e+00
    186.903     8.6698   3.609469    34.1272       1660     6.9125     1.9380  0.000e+00
    187.089     8.6544   3.609451    34.1418       1661     6.9167     1.9367  0.000e+00
    187.279     8.6423   3.609929    34.1584       1662     6.9208     1.9347  0.000e+00
    187.468     8.6329   3.610127    34.1694       1663     6.9250     1.9286  0.000e+00
    187.652     8.6258   3.610790    34.1833       1664     6.9292     1.9274  0.000e+00
    187.818     8.6203   3.611972    34.2009       1665     6.9333     1.9288  0.000e+00
    187.980     8.6183   3.613445    34.2183       1666     6.9375     1.9261  0.000e+00
    188.130     8.6183   3.614877    34.2334       1667     6.9417     1.9254  0.000e+00
    188.267     8.6196   3.615686    34.2405       1668     6.9458     1.9249  0.000e+00
    188.408     8.6222   3.616869    34.2504       1669     6.9500     1.9229  0.000e+00
    188.538     8.6285   3.618237    34.2587       1670     6.9542     1.9202  0.000e+00
    188.671     8.6400   3.621278    34.2795       1671     6.9583     1.9172  0.000e+00
    188.810     8.6545   3.622735    34.2808       1672     6.9625     1.9151  0.000e+00
    188.967     8.6671   3.622600    34.2671       1673     6.9667     1.9131  0.000e+00
    189.132     8.6757   3.620276    34.2342       1674     6.9708     1.9121  0.000e+00
    189.307     8.6817   3.618901    34.2138       1675     6.9750     1.9074  0.000e+00
    189.495     8.6875   3.616961    34.1878       1676     6.9792     1.9064  0.000e+00
    189.689     8.6931   3.614964    34.1613       1677     6.9833     1.9047  0.000e+00
    189.897     8.6971   3.612193    34.1281       1678     6.9875     1.9060  0.000e+00
    190.116     8.6844   3.611797    34.1361       1679     6.9917     1.9073  0.000e+00
    190.333     8.6648   3.612095    34.1581       1680     6.9958     1.9056  0.000e+00
    190.552     8.6489   3.612741    34.1801       1681     7.0000     1.9051  0.000e+00
    190.765     8.6374   3.613207    34.1960       1682     7.0042     1.9048  0.000e+00
    190.981     8.6299   3.613510    34.2064       1683     7.0083     1.9055  0.000e+00
    191.194     8.6245   3.613492    34.2113       1684     7.0125     1.9055  0.000e+00
    191.395     8.6213   3.614942    34.2296       1685     7.0167     1.9056  0.000e+00
    191.570     8.6193   3.616596    34.2489       1686     7.0208     1.9053  0.000e+00
    191.728     8.6176   3.616549    34.2499       1687     7.0250     1.9034  0.000e+00
    191.872     8.6193   3.616812    34.2510       1688     7.0292     1.9018  0.000e+00
    192.005     8.6290   3.621850    34.2946       1689     7.0333     1.9005  0.000e+00
    192.115     8.6452   3.628758    34.3516       1690     7.0375     1.8988  0.000e+00
    192.205     8.6635   3.632333    34.3716       1691     7.0417     1.8951  0.000e+00
    192.294     8.6806   3.633978    34.3722       1692     7.0458     1.8929  0.000e+00
    192.383     8.6950   3.633686    34.3552       1693     7.0500     1.8893  0.000e+00
    192.486     8.7055   3.626570    34.2700       1694     7.0542     1.8867  0.000e+00
    192.600     8.7131   3.622689    34.2218       1695     7.0583     1.8858  0.000e+00
    192.732     8.7185   3.619758    34.1858       1696     7.0625     1.8813  0.000e+00
    192.877     8.7173   3.617690    34.1651       1697     7.0667     1.8820  0.000e+00
    193.045     8.7053   3.616613    34.1652       1698     7.0708     1.8803  0.000e+00
    193.224     8.6891   3.616765    34.1824       1699     7.0750     1.8798  0.000e+00
    193.432     8.6733   3.617534    34.2057       1700     7.0792     1.8795  0.000e+00
    193.648     8.6615   3.618285    34.2249       1701     7.0833     1.8809  0.000e+00
    193.883     8.6540   3.618973    34.2392       1702     7.0875     1.8826  0.000e+00
    194.122     8.6499   3.618239    34.2353       1703     7.0917     1.8824  0.000e+00
    194.370     8.6454   3.618088    34.2380       1704     7.0958     1.8850  0.000e+00
    194.619     8.6399   3.619253    34.2555       1705     7.1000     1.8847  0.000e+00
    194.863     8.6370   3.619917    34.2652       1706     7.1042     1.8851  0.000e+00
    195.099     8.6371   3.619894    34.2647       1707     7.1083     1.8863  0.000e+00
    195.314     8.6374   3.620068    34.2661       1708     7.1125     1.8893  0.000e+00
    195.524     8.6377   3.620488    34.2702       1709     7.1167     1.8951  0.000e+00
    195.703     8.6376   3.621875    34.2848       1710     7.1208     1.9018  0.000e+00
    195.853     8.6379   3.621723    34.2829       1711     7.1250     1.9082  0.000e+00
    195.996     8.6402   3.621939    34.2828       1712     7.1292     1.9135  0.000e+00
    196.112     8.6506   3.626817    34.3241       1713     7.1333     1.9183  0.000e+00
    196.213     8.6654   3.631984    34.3641       1714     7.1375     1.9232  0.000e+00
    196.291     8.6804   3.634084    34.3717       1715     7.1417     1.9241  0.000e+00
    196.358     8.6945   3.635298    34.3707       1716     7.1458     1.9255  0.000e+00
    196.427     8.7065   3.635899    34.3653       1717     7.1500     1.9256  0.000e+00
    196.488     8.7156   3.635969    34.3572       1718     7.1542     1.9256  0.000e+00
    196.559     8.7220   3.633156    34.3214       1719     7.1583     1.9251  0.000e+00
    196.644     8.7259   3.628712    34.2709       1720     7.1625     1.9235  0.000e+00
    196.752     8.7292   3.626484    34.2443       1721     7.1667     1.9235  0.000e+00
    196.874     8.7301   3.623704    34.2141       1722     7.1708     1.9222  0.000e+00
    197.035     8.7221   3.623080    34.2152       1723     7.1750     1.9260  0.000e+00
    197.223     8.7072   3.624165    34.2408       1724     7.1792     1.9281  0.000e+00
    197.442     8.6950   3.625179    34.2632       1725     7.1833     1.9267  0.000e+00
    197.684     8.6886   3.625908    34.2770       1726     7.1875     1.9297  0.000e+00
    197.950     8.6829   3.626240    34.2859       1727     7.1917     1.9282  0.000e+00
    198.225     8.6780   3.626392    34.2921       1728     7.1958     1.9305  0.000e+00
    198.508     8.6746   3.626462    34.2960       1729     7.2000     1.9300  0.000e+00
    198.777     8.6722   3.626748    34.3011       1730     7.2042     1.9301  0.000e+00
    199.025     8.6709   3.626795    34.3029       1731     7.2083     1.9342  0.000e+00
    199.248     8.6705   3.626923    34.3044       1732     7.2125     1.9391  0.000e+00
    199.443     8.6702   3.627495    34.3107       1733     7.2167     1.9420  0.000e+00
    199.602     8.6699   3.627675    34.3128       1734     7.2208     1.9459  0.000e+00
    199.730     8.6710   3.629110    34.3267       1735     7.2250     1.9450  0.000e+00
    199.825     8.6781   3.634173    34.3731       1736     7.2292     1.9522  0.000e+00
    199.893     8.6892   3.636431    34.3861       1737     7.2333     1.9512  0.000e+00
    199.960     8.7002   3.637219    34.3837       1738     7.2375     1.9481  0.000e+00
    200.022     8.7091   3.637534    34.3783       1739     7.2417     1.9507  0.000e+00
    200.082     8.7161   3.636472    34.3603       1740     7.2458     1.9486  0.000e+00
    200.150     8.7205   3.632492    34.3142       1741     7.2500     1.9494  0.000e+00
    200.245     8.7239   3.630112    34.2858       1742     7.2542     1.9505  0.000e+00
    200.375     8.7232   3.628800    34.2727       1743     7.2583     1.9499  0.000e+00
    200.529     8.7149   3.628999    34.2827       1744     7.2625     1.9498  0.000e+00
    200.722     8.7065   3.629687    34.2980       1745     7.2667     1.9504  0.000e+00
    200.941     8.6993   3.630329    34.3116       1746     7.2708     1.9498  0.000e+00
    201.187     8.6949   3.630935    34.3221       1747     7.2750     1.9495  0.000e+00
    201.459     8.6921   3.631408    34.3297       1748     7.2792     1.9497  0.000e+00
    201.741     8.6907   3.631344    34.3302       1749     7.2833     1.9495  0.000e+00
    202.021     8.6900   3.631496    34.3324       1750     7.2875     1.9489  0.000e+00
    202.295     8.6897   3.631630    34.3340       1751     7.2917     1.9494  0.000e+00
    202.546     8.6901   3.631823    34.3355       1752     7.2958     1.9514  0.000e+00
    202.776     8.6903   3.631939    34.3364       1753     7.3000     1.9527  0.000e+00
    202.984     8.6907   3.631829    34.3348       1754     7.3042     1.9562  0.000e+00
    203.152     8.6908   3.632272    34.3392       1755     7.3083     1.9584  0.000e+00
    203.293     8.6908   3.632336    34.3398       1756     7.3125     1.9606  0.000e+00
    203.409     8.6927   3.634512    34.3609       1757     7.3167     1.9615  0.000e+00
    203.500     8.6976   3.637273    34.3852       1758     7.3208     1.9604  0.000e+00
    203.568     8.7041   3.638715    34.3940       1759     7.3250     1.9617  0.000e+00
    203.624     8.7101   3.639333    34.3946       1760     7.3292     1.9595  0.000e+00
    203.682     8.7153   3.639427    34.3906       1761     7.3333     1.9591  0.000e+00
    203.740     8.7191   3.638358    34.3756       1762     7.3375     1.9573  0.000e+00
    203.814     8.7215   3.635720    34.3455       1763     7.3417     1.9580  0.000e+00
    203.898     8.7236   3.634751    34.3332       1764     7.3458     1.9595  0.000e+00
    204.001     8.7234   3.633800    34.3234       1765     7.3500     1.9645  0.000e+00
    204.113     8.7192   3.633497    34.3241       1766     7.3542     1.9657  0.000e+00
    204.258     8.7145   3.633532    34.3290       1767     7.3583     1.9669  0.000e+00
    204.422     8.7102   3.633690    34.3348       1768     7.3625     1.9680  0.000e+00
    204.611     8.7068   3.633929    34.3405       1769     7.3667     1.9681  0.000e+00
    204.822     8.7045   3.634110    34.3446       1770     7.3708     1.9661  0.000e+00
    205.063     8.7029   3.634548    34.3506       1771     7.3750     1.9645  0.000e+00
    205.316     8.7019   3.635126    34.3575       1772     7.3792     1.9609  0.000e+00
    205.577     8.7015   3.635237    34.3589       1773     7.3833     1.9578  0.000e+00
    205.848     8.7016   3.635237    34.3587       1774     7.3875     1.9550  0.000e+00
    206.122     8.7018   3.635441    34.3605       1775     7.3917     1.9530  0.000e+00
    206.373     8.7021   3.635523    34.3610       1776     7.3958     1.9542  0.000e+00
    206.612     8.7024   3.635634    34.3618       1777     7.4000     1.9553  0.000e+00
    206.825     8.7026   3.635681    34.3619       1778     7.4042     1.9575  0.000e+00
    207.017     8.7029   3.635412    34.3587       1779     7.4083     1.9585  0.000e+00
    207.176     8.7029   3.635722    34.3619       1780     7.4125     1.9592  0.000e+00
    207.306     8.7029   3.636013    34.3649       1781     7.4167     1.9598  0.000e+00
    207.402     8.7041   3.637759    34.3821       1782     7.4208     1.9592  0.000e+00
    207.473     8.7077   3.639399    34.3958       1783     7.4250     1.9579  0.000e+00
    207.513     8.7124   3.640041    34.3980       1784     7.4292     1.9560  0.000e+00
    207.551     8.7165   3.640129    34.3949       1785     7.4333     1.9541  0.000e+00
    207.585     8.7198   3.639247    34.3824       1786     7.4375     1.9501  0.000e+00
    207.632     8.7218   3.637718    34.3643       1787     7.4417     1.9471  0.000e+00
    207.694     8.7235   3.636970    34.3548       1788     7.4458     1.9451  0.000e+00
    207.779     8.7232   3.636498    34.3501       1789     7.4500     1.9419  0.000e+00
    207.896     8.7200   3.636632    34.3546       1790     7.4542     1.9394  0.000e+00
    208.048     8.7165   3.636854    34.3602       1791     7.4583     1.9369  0.000e+00
    208.235     8.7139   3.636988    34.3641       1792     7.4625     1.9358  0.000e+00
    208.446     8.7120   3.637560    34.3719       1793     7.4667     1.9323  0.000e+00
    208.680     8.7108   3.637782    34.3752       1794     7.4708     1.9306  0.000e+00
    208.928     8.7107   3.637806    34.3755       1795     7.4750     1.9304  0.000e+00
    209.199     8.7106   3.637759    34.3749       1796     7.4792     1.9270  0.000e+00
    209.478     8.7106   3.638004    34.3773       1797     7.4833     1.9272  0.000e+00
    209.753     8.7106   3.638075    34.3780       1798     7.4875     1.9282  0.000e+00
    210.017     8.7108   3.638139    34.3783       1799     7.4917     1.9304  0.000e+00
    210.256     8.7108   3.638273    34.3796       1800     7.4958     1.9340  0.000e+00
    210.478     8.7112   3.638384    34.3803       1801     7.5000     1.9386  0.000e+00
    210.679     8.7116   3.638051    34.3764       1802     7.5042     1.9424  0.000e+00
    210.853     8.7117   3.638092    34.3766       1803     7.5083     1.9455  0.000e+00
    210.989     8.7116   3.638273    34.3785       1804     7.5125     1.9481  0.000e+00
    211.099     8.7120   3.639091    34.3867       1805     7.5167     1.9481  0.000e+00
    211.190     8.7143   3.640299    34.3971       1806     7.5208     1.9489  0.000e+00
    211.269     8.7176   3.640889    34.4001       1807     7.5250     1.9479  0.000e+00
