HB2304/sbe119.cnv
* Sea-Bird SBE 19plus V2 Data File:
* FileName = C:\cruise\data\sbe119.hex
* Software Version Seasave V 7.26.7.121
* Temperature SN = 7037
* Conductivity SN = 7037
* System UpLoad Time = Nov 06 2023 15:51:10
** Ship: Bigelow
** Cruise:  HB2304
** Program:  Fall Bottom Trawl
# nquan = 8
# nvalues = 2369                                  
# units = specified
# name 0 = depSM: Depth [salt water, m], lat = 40.00
# name 1 = tv290C: Temperature [ITS-90, deg C]
# name 2 = c0S/m: Conductivity [S/m]
# name 3 = sal00: Salinity, Practical [PSU]
# name 4 = scan: Scan Count
# name 5 = timeM: Time, Elapsed [minutes]
# name 6 = sbeox0V: Oxygen raw, SBE 43 [V]
# name 7 = flag:  0.000e+00
# span 0 =      0.076,    199.466                 
# span 1 =     7.8800,    11.4100                 
# span 2 =   0.812013,   3.650528                 
# span 3 =     6.2493,    34.3107                 
# span 4 =         11,       2379                 
# span 5 =     0.0417,     9.9083                 
# span 6 =     2.3345,     3.1876                 
# span 7 = 0.0000e+00, 0.0000e+00                 
# interval = seconds: 0.25
# start_time = Nov 06 2023 15:51:10 [System UTC, header]
# bad_flag = -9.990e-29
*END*
[from data line 2158]
     33.467    10.1810   3.572803    32.4157       2169     9.0333     2.9470  0.000e+00
     33.156    10.2519   3.582607    32.4512       2170     9.0375     2.9508  0.000e+00
     32.849    10.3458   3.591567    32.4575       2171     9.0417     2.9569  0.000e+00
     32.561    10.4466   3.599211    32.4444       2172     9.0458     2.9624  0.000e+00
     32.285    10.5520   3.605187    32.4106       2173     9.0500     2.9686  0.000e+00
     32.039    10.6472   3.609613    32.3703       2174     9.0542     2.9728  0.000e+00
     31.809    10.7324   3.610711    32.3059       2175     9.0583     2.9812  0.000e+00
     31.594    10.7946   3.612311    32.2671       2176     9.0625     2.9863  0.000e+00
     31.392    10.8392   3.614284    32.2474       2177     9.0667     2.9935  0.000e+00
     31.206    10.8754   3.617981    32.2523       2178     9.0708     3.0014  0.000e+00
     31.032    10.9120   3.618843    32.2287       2179     9.0750     3.0076  0.000e+00
     30.855    10.9431   3.619168    32.2046       2180     9.0792     3.0129  0.000e+00
     30.678    10.9649   3.620339    32.1972       2181     9.0833     3.0193  0.000e+00
     30.488    10.9822   3.621638    32.1949       2182     9.0875     3.0240  0.000e+00
     30.291    10.9990   3.622809    32.1919       2183     9.0917     3.0311  0.000e+00
     30.087    11.0146   3.623863    32.1886       2184     9.0958     3.0363  0.000e+00
     29.872    11.0298   3.625909    32.1957       2185     9.1000     3.0422  0.000e+00
     29.668    11.0473   3.629267    32.2135       2186     9.1042     3.0453  0.000e+00
     29.444    11.0732   3.631320    32.2112       2187     9.1083     3.0522  0.000e+00
     29.218    11.1010   3.634213    32.2154       2188     9.1125     3.0563  0.000e+00
     28.995    11.1312   3.636675    32.2134       2189     9.1167     3.0597  0.000e+00
     28.784    11.1626   3.638180    32.2008       2190     9.1208     3.0655  0.000e+00
     28.587    11.1907   3.640504    32.1991       2191     9.1250     3.0671  0.000e+00
     28.394    11.2183   3.641070    32.1807       2192     9.1292     3.0731  0.000e+00
     28.211    11.2411   3.641215    32.1623       2193     9.1333     3.0765  0.000e+00
     28.043    11.2561   3.641326    32.1504       2194     9.1375     3.0803  0.000e+00
     27.888    11.2655   3.641413    32.1431       2195     9.1417     3.0855  0.000e+00
     27.736    11.2721   3.642009    32.1433       2196     9.1458     3.0886  0.000e+00
     27.593    11.2775   3.641664    32.1352       2197     9.1500     3.0916  0.000e+00
     27.456    11.2804   3.641944    32.1355       2198     9.1542     3.0946  0.000e+00
     27.309    11.2826   3.642499    32.1391       2199     9.1583     3.0987  0.000e+00
     27.163    11.2863   3.643054    32.1414       2200     9.1625     3.1018  0.000e+00
     27.013    11.2913   3.643381    32.1402       2201     9.1667     3.1048  0.000e+00
     26.852    11.2969   3.643562    32.1372       2202     9.1708     3.1077  0.000e+00
     26.686    11.3016   3.643719    32.1348       2203     9.1750     3.1097  0.000e+00
     26.505    11.3051   3.644227    32.1368       2204     9.1792     3.1115  0.000e+00
     26.319    11.3096   3.644636    32.1370       2205     9.1833     3.1134  0.000e+00
     26.124    11.3150   3.646003    32.1457       2206     9.1875     3.1158  0.000e+00
     25.932    11.3238   3.646803    32.1459       2207     9.1917     3.1180  0.000e+00
     25.726    11.3358   3.647382    32.1413       2208     9.1958     3.1216  0.000e+00
     25.517    11.3464   3.647650    32.1348       2209     9.2000     3.1225  0.000e+00
     25.293    11.3548   3.647802    32.1290       2210     9.2042     3.1247  0.000e+00
     25.061    11.3611   3.647913    32.1248       2211     9.2083     3.1274  0.000e+00
     24.815    11.3654   3.648000    32.1220       2212     9.2125     3.1293  0.000e+00
     24.559    11.3688   3.648140    32.1205       2213     9.2167     3.1345  0.000e+00
     24.288    11.3718   3.648134    32.1179       2214     9.2208     3.1367  0.000e+00
     24.004    11.3738   3.648134    32.1163       2215     9.2250     3.1382  0.000e+00
     23.715    11.3753   3.648222    32.1160       2216     9.2292     3.1412  0.000e+00
     23.426    11.3765   3.648181    32.1146       2217     9.2333     3.1436  0.000e+00
     23.151    11.3776   3.648222    32.1142       2218     9.2375     3.1457  0.000e+00
     22.873    11.3782   3.648204    32.1136       2219     9.2417     3.1485  0.000e+00
     22.618    11.3788   3.648221    32.1134       2220     9.2458     3.1507  0.000e+00
     22.370    11.3793   3.648268    32.1135       2221     9.2500     3.1523  0.000e+00
     22.137    11.3800   3.648291    32.1132       2222     9.2542     3.1551  0.000e+00
     21.909    11.3806   3.648315    32.1131       2223     9.2583     3.1554  0.000e+00
     21.712    11.3811   3.648338    32.1129       2224     9.2625     3.1580  0.000e+00
     21.528    11.3815   3.648332    32.1126       2225     9.2667     3.1586  0.000e+00
     21.360    11.3819   3.648338    32.1123       2226     9.2708     3.1608  0.000e+00
     21.199    11.3820   3.648268    32.1116       2227     9.2750     3.1632  0.000e+00
     21.047    11.3819   3.648268    32.1118       2228     9.2792     3.1629  0.000e+00
     20.901    11.3816   3.648373    32.1132       2229     9.2833     3.1631  0.000e+00
     20.771    11.3818   3.648314    32.1125       2230     9.2875     3.1647  0.000e+00
     20.637    11.3819   3.648338    32.1127       2231     9.2917     3.1660  0.000e+00
     20.491    11.3817   3.648314    32.1126       2232     9.2958     3.1667  0.000e+00
     20.346    11.3815   3.648285    32.1126       2233     9.3000     3.1667  0.000e+00
     20.195    11.3814   3.648291    32.1128       2234     9.3042     3.1673  0.000e+00
     20.046    11.3810   3.648314    32.1134       2235     9.3083     3.1676  0.000e+00
     19.898    11.3810   3.648349    32.1138       2236     9.3125     3.1680  0.000e+00
     19.745    11.3812   3.648355    32.1138       2237     9.3167     3.1692  0.000e+00
     19.585    11.3813   3.648355    32.1138       2238     9.3208     3.1692  0.000e+00
     19.421    11.3814   3.648337    32.1136       2239     9.3250     3.1693  0.000e+00
     19.257    11.3814   3.648349    32.1138       2240     9.3292     3.1693  0.000e+00
     19.089    11.3815   3.648314    32.1135       2241     9.3333     3.1698  0.000e+00
     18.910    11.3815   3.648314    32.1135       2242     9.3375     3.1705  0.000e+00
     18.727    11.3813   3.648314    32.1137       2243     9.3417     3.1718  0.000e+00
     18.541    11.3811   3.648267    32.1135       2244     9.3458     3.1715  0.000e+00
     18.333    11.3810   3.648313    32.1141       2245     9.3500     3.1703  0.000e+00
     18.116    11.3810   3.648313    32.1143       2246     9.3542     3.1706  0.000e+00
     17.876    11.3808   3.648290    32.1143       2247     9.3583     3.1708  0.000e+00
     17.609    11.3806   3.648331    32.1150       2248     9.3625     3.1694  0.000e+00
     17.332    11.3808   3.648354    32.1152       2249     9.3667     3.1712  0.000e+00
     17.045    11.3811   3.648354    32.1150       2250     9.3708     3.1725  0.000e+00
     16.738    11.3813   3.648401    32.1154       2251     9.3750     3.1700  0.000e+00
     16.432    11.3821   3.648435    32.1152       2252     9.3792     3.1727  0.000e+00
     16.116    11.3824   3.648488    32.1156       2253     9.3833     3.1731  0.000e+00
     15.802    11.3830   3.648464    32.1149       2254     9.3875     3.1737  0.000e+00
     15.502    11.3837   3.648464    32.1145       2255     9.3917     3.1742  0.000e+00
     15.209    11.3840   3.648453    32.1142       2256     9.3958     3.1752  0.000e+00
     14.943    11.3843   3.648447    32.1140       2257     9.4000     3.1755  0.000e+00
     14.699    11.3843   3.648447    32.1141       2258     9.4042     3.1764  0.000e+00
     14.486    11.3844   3.648446    32.1141       2259     9.4083     3.1761  0.000e+00
     14.304    11.3846   3.648435    32.1139       2260     9.4125     3.1773  0.000e+00
     14.145    11.3848   3.648423    32.1137       2261     9.4167     3.1773  0.000e+00
     14.013    11.3849   3.648423    32.1137       2262     9.4208     3.1769  0.000e+00
     13.888    11.3850   3.648446    32.1139       2263     9.4250     3.1766  0.000e+00
     13.774    11.3848   3.648411    32.1137       2264     9.4292     3.1770  0.000e+00
     13.659    11.3850   3.648423    32.1138       2265     9.4333     3.1782  0.000e+00
     13.534    11.3850   3.648423    32.1138       2266     9.4375     3.1772  0.000e+00
     13.393    11.3848   3.648464    32.1144       2267     9.4417     3.1772  0.000e+00
     13.257    11.3850   3.648434    32.1140       2268     9.4458     3.1744  0.000e+00
     13.106    11.3850   3.648446    32.1142       2269     9.4500     3.1724  0.000e+00
     12.943    11.3850   3.648423    32.1140       2270     9.4542     3.1692  0.000e+00
     12.766    11.3848   3.648422    32.1142       2271     9.4583     3.1661  0.000e+00
     12.567    11.3849   3.648452    32.1146       2272     9.4625     3.1622  0.000e+00
     12.363    11.3850   3.648422    32.1142       2273     9.4667     3.1608  0.000e+00
     12.166    11.3850   3.648422    32.1143       2274     9.4708     3.1586  0.000e+00
     11.981    11.3850   3.648399    32.1142       2275     9.4750     3.1572  0.000e+00
     11.803    11.3849   3.648387    32.1142       2276     9.4792     3.1568  0.000e+00
     11.625    11.3848   3.648399    32.1145       2277     9.4833     3.1545  0.000e+00
     11.456    11.3847   3.648375    32.1145       2278     9.4875     3.1527  0.000e+00
     11.280    11.3848   3.648375    32.1145       2279     9.4917     3.1533  0.000e+00
     11.109    11.3846   3.648369    32.1147       2280     9.4958     3.1521  0.000e+00
     10.926    11.3846   3.648352    32.1146       2281     9.5000     3.1515  0.000e+00
     10.726    11.3845   3.648375    32.1149       2282     9.5042     3.1515  0.000e+00
     10.518    11.3846   3.648375    32.1150       2283     9.5083     3.1518  0.000e+00
     10.287    11.3847   3.648346    32.1147       2284     9.5125     3.1502  0.000e+00
     10.044    11.3846   3.648398    32.1153       2285     9.5167     3.1500  0.000e+00
      9.777    11.3847   3.648421    32.1156       2286     9.5208     3.1481  0.000e+00
      9.519    11.3848   3.648486    32.1162       2287     9.5250     3.1489  0.000e+00
      9.246    11.3854   3.648731    32.1183       2288     9.5292     3.1482  0.000e+00
      8.971    11.3865   3.648667    32.1168       2289     9.5333     3.1488  0.000e+00
      8.687    11.3873   3.648509    32.1146       2290     9.5375     3.1476  0.000e+00
      8.407    11.3874   3.648538    32.1149       2291     9.5417     3.1467  0.000e+00
      8.145    11.3873   3.648596    32.1157       2292     9.5458     3.1475  0.000e+00
      7.896    11.3876   3.648532    32.1150       2293     9.5500     3.1473  0.000e+00
      7.643    11.3876   3.648532    32.1151       2294     9.5542     3.1473  0.000e+00
      7.408    11.3876   3.648561    32.1155       2295     9.5583     3.1473  0.000e+00
      7.170    11.3877   3.648572    32.1155       2296     9.5625     3.1467  0.000e+00
      6.953    11.3881   3.649016    32.1197       2297     9.5667     3.1475  0.000e+00
      6.739    11.3896   3.649443    32.1226       2298     9.5708     3.1475  0.000e+00
      6.559    11.3927   3.649642    32.1220       2299     9.5750     3.1479  0.000e+00
      6.394    11.3958   3.649308    32.1161       2300     9.5792     3.1475  0.000e+00
      6.228    11.3969   3.649127    32.1134       2301     9.5833     3.1495  0.000e+00
      6.075    11.3965   3.649150    32.1140       2302     9.5875     3.1491  0.000e+00
      5.925    11.3962   3.649513    32.1179       2303     9.5917     3.1493  0.000e+00
      5.780    11.3971   3.649507    32.1171       2304     9.5958     3.1500  0.000e+00
      5.621    11.3981   3.649554    32.1168       2305     9.6000     3.1492  0.000e+00
      5.448    11.3990   3.649571    32.1162       2306     9.6042     3.1502  0.000e+00
      5.276    11.3995   3.649559    32.1157       2307     9.6083     3.1487  0.000e+00
      5.108    11.3999   3.649507    32.1150       2308     9.6125     3.1504  0.000e+00
      4.911    11.3999   3.649460    32.1146       2309     9.6167     3.1497  0.000e+00
      4.701    11.3997   3.649419    32.1144       2310     9.6208     3.1510  0.000e+00
      4.479    11.3995   3.649407    32.1146       2311     9.6250     3.1494  0.000e+00
      4.246    11.3994   3.649460    32.1153       2312     9.6292     3.1501  0.000e+00
      4.018    11.3995   3.649395    32.1147       2313     9.6333     3.1518  0.000e+00
      3.793    11.3994   3.649220    32.1131       2314     9.6375     3.1529  0.000e+00
      3.681    11.3989   3.649173    32.1132       2315     9.6417     3.1531  0.000e+00
      3.659    11.3980   3.649220    32.1144       2316     9.6458     3.1521  0.000e+00
      3.717    11.3979   3.649150    32.1138       2317     9.6500     3.1509  0.000e+00
      3.798    11.3976   3.649150    32.1140       2318     9.6542     3.1506  0.000e+00
      3.850    11.3970   3.649132    32.1143       2319     9.6583     3.1528  0.000e+00
      3.859    11.3968   3.648998    32.1132       2320     9.6625     3.1550  0.000e+00
      3.843    11.3961   3.648974    32.1136       2321     9.6667     3.1547  0.000e+00
      3.840    11.3956   3.649109    32.1154       2322     9.6708     3.1544  0.000e+00
      3.863    11.3954   3.649132    32.1157       2323     9.6750     3.1534  0.000e+00
      3.876    11.3956   3.649062    32.1148       2324     9.6792     3.1541  0.000e+00
      3.847    11.3957   3.649085    32.1150       2325     9.6833     3.1541  0.000e+00
      3.787    11.3958   3.649237    32.1165       2326     9.6875     3.1549  0.000e+00
      3.726    11.3962   3.649261    32.1164       2327     9.6917     3.1563  0.000e+00
      3.693    11.3967   3.649237    32.1157       2328     9.6958     3.1547  0.000e+00
      3.672    11.3971   3.649418    32.1172       2329     9.7000     3.1560  0.000e+00
      3.652    11.3978   3.649407    32.1164       2330     9.7042     3.1560  0.000e+00
      3.628    11.3985   3.649395    32.1157       2331     9.7083     3.1566  0.000e+00
      3.619    11.3986   3.649307    32.1147       2332     9.7125     3.1570  0.000e+00
      3.632    11.3985   3.649331    32.1151       2333     9.7167     3.1569  0.000e+00
      3.679    11.3984   3.649278    32.1147       2334     9.7208     3.1572  0.000e+00
      3.724    11.3982   3.648951    32.1116       2335     9.7250     3.1560  0.000e+00
      3.771    11.3970   3.648752    32.1107       2336     9.7292     3.1570  0.000e+00
      3.791    11.3952   3.648904    32.1137       2337     9.7333     3.1569  0.000e+00
      3.758    11.3943   3.649173    32.1171       2338     9.7375     3.1559  0.000e+00
      3.661    11.3944   3.649395    32.1193       2339     9.7417     3.1562  0.000e+00
      3.480    11.3959   3.649395    32.1180       2340     9.7458     3.1566  0.000e+00
      3.252    11.3971   3.649395    32.1171       2341     9.7500     3.1563  0.000e+00
      2.988    11.3978   3.649383    32.1164       2342     9.7542     3.1573  0.000e+00
      2.723    11.3983   3.649506    32.1173       2343     9.7583     3.1584  0.000e+00
      2.428    11.3990   3.649459    32.1164       2344     9.7625     3.1579  0.000e+00
      2.157    11.3997   3.649774    32.1190       2345     9.7667     3.1590  0.000e+00
      1.854    11.4008   3.650084    32.1211       2346     9.7708     3.1588  0.000e+00
      1.548    11.4026   3.650464    32.1234       2347     9.7750     3.1582  0.000e+00
