HB2304/sbe139.cnv
* Sea-Bird SBE 19plus V2 Data File:
* FileName = C:\cruise\data\sbe139.hex
* Software Version Seasave V 7.26.7.121
* Temperature SN = 7037
* Conductivity SN = 7037
* System UpLoad Time = Nov 15 2023 08:10:51
** Ship: Bigelow
** Cruise:  HB2304
** Program:  Fall Bottom Trawl
# nquan = 8
# nvalues = 5131                                  
# units = specified
# name 0 = depSM: Depth [salt water, m], lat = 40.00
# name 1 = tv290C: Temperature [ITS-90, deg C]
# name 2 = c0S/m: Conductivity [S/m]
# name 3 = sal00: Salinity, Practical [PSU]
# name 4 = scan: Scan Count
# name 5 = timeM: Time, Elapsed [minutes]
# name 6 = sbeox0V: Oxygen raw, SBE 43 [V]
# name 7 = flag:  0.000e+00
# span 0 =      0.063,    180.422                 
# span 1 =     7.1065,    11.4328                 
# span 2 =   0.000047,   3.643963                 
# span 3 =     0.0034,    33.7904                 
# span 4 =         11,       5141                 
# span 5 =     0.0417,    21.4167                 
# span 6 =     1.9566,     3.1686                 
# span 7 = 0.0000e+00, 0.0000e+00                 
# interval = seconds: 0.25
# start_time = Nov 15 2023 08:10:51 [System UTC, header]
# bad_flag = -9.990e-29
*END*
[from data line 4135]
     33.715    11.3189   3.641590    32.0959       4146    17.2708     3.1211  0.000e+00
     33.661    11.3188   3.641660    32.0967       4147    17.2750     3.1228  0.000e+00
     33.590    11.3188   3.641304    32.0932       4148    17.2792     3.1228  0.000e+00
     33.524    11.3184   3.641035    32.0909       4149    17.2833     3.1233  0.000e+00
     33.477    11.3178   3.640948    32.0906       4150    17.2875     3.1219  0.000e+00
     33.422    11.3172   3.640860    32.0903       4151    17.2917     3.1225  0.000e+00
     33.375    11.3169   3.640749    32.0895       4152    17.2958     3.1219  0.000e+00
     33.328    11.3164   3.640609    32.0886       4153    17.3000     3.1246  0.000e+00
     33.274    11.3159   3.640504    32.0880       4154    17.3042     3.1272  0.000e+00
     33.231    11.3153   3.640463    32.0882       4155    17.3083     3.1264  0.000e+00
     33.186    11.3148   3.640416    32.0882       4156    17.3125     3.1282  0.000e+00
     33.144    11.3146   3.640375    32.0880       4157    17.3167     3.1292  0.000e+00
     33.093    11.3142   3.640258    32.0872       4158    17.3208     3.1246  0.000e+00
     33.054    11.3140   3.640218    32.0870       4159    17.3250     3.1299  0.000e+00
     33.012    11.3136   3.640130    32.0865       4160    17.3292     3.1303  0.000e+00
     32.976    11.3133   3.639926    32.0848       4161    17.3333     3.1310  0.000e+00
     32.933    11.3129   3.639838    32.0842       4162    17.3375     3.1326  0.000e+00
     32.891    11.3125   3.639797    32.0842       4163    17.3417     3.1309  0.000e+00
     32.839    11.3122   3.639774    32.0842       4164    17.3458     3.1332  0.000e+00
     32.803    11.3120   3.639774    32.0844       4165    17.3500     3.1319  0.000e+00
     32.752    11.3118   3.639756    32.0845       4166    17.3542     3.1321  0.000e+00
     32.698    11.3119   3.639750    32.0844       4167    17.3583     3.1327  0.000e+00
     32.645    11.3121   3.639750    32.0842       4168    17.3625     3.1322  0.000e+00
     32.595    11.3120   3.639750    32.0843       4169    17.3667     3.1329  0.000e+00
     32.546    11.3122   3.639715    32.0838       4170    17.3708     3.1331  0.000e+00
     32.501    11.3121   3.639709    32.0839       4171    17.3750     3.1337  0.000e+00
     32.454    11.3122   3.639727    32.0840       4172    17.3792     3.1349  0.000e+00
     32.394    11.3122   3.639709    32.0838       4173    17.3833     3.1366  0.000e+00
     32.353    11.3122   3.639692    32.0837       4174    17.3875     3.1376  0.000e+00
     32.313    11.3122   3.639686    32.0836       4175    17.3917     3.1382  0.000e+00
     32.280    11.3122   3.639639    32.0832       4176    17.3958     3.1398  0.000e+00
     32.246    11.3121   3.639598    32.0829       4177    17.4000     3.1390  0.000e+00
     32.214    11.3120   3.639598    32.0830       4178    17.4042     3.1400  0.000e+00
     32.190    11.3119   3.639569    32.0828       4179    17.4083     3.1397  0.000e+00
     32.152    11.3118   3.639575    32.0830       4180    17.4125     3.1405  0.000e+00
     32.116    11.3116   3.639552    32.0829       4181    17.4167     3.1418  0.000e+00
     32.082    11.3118   3.639528    32.0825       4182    17.4208     3.1428  0.000e+00
     32.040    11.3116   3.639523    32.0826       4183    17.4250     3.1449  0.000e+00
     31.993    11.3116   3.639505    32.0825       4184    17.4292     3.1426  0.000e+00
     31.937    11.3115   3.639487    32.0825       4185    17.4333     3.1425  0.000e+00
     31.897    11.3116   3.639505    32.0825       4186    17.4375     3.1426  0.000e+00
     31.841    11.3115   3.639505    32.0827       4187    17.4417     3.1432  0.000e+00
     31.793    11.3116   3.639528    32.0829       4188    17.4458     3.1421  0.000e+00
     31.751    11.3117   3.639598    32.0834       4189    17.4500     3.1414  0.000e+00
     31.706    11.3118   3.639552    32.0829       4190    17.4542     3.1397  0.000e+00
     31.675    11.3120   3.639505    32.0823       4191    17.4583     3.1414  0.000e+00
     31.644    11.3120   3.639505    32.0823       4192    17.4625     3.1409  0.000e+00
     31.619    11.3119   3.639528    32.0826       4193    17.4667     3.1438  0.000e+00
     31.588    11.3120   3.639487    32.0822       4194    17.4708     3.1417  0.000e+00
     31.570    11.3120   3.639464    32.0820       4195    17.4750     3.1440  0.000e+00
     31.538    11.3118   3.639505    32.0825       4196    17.4792     3.1437  0.000e+00
     31.514    11.3118   3.639528    32.0827       4197    17.4833     3.1423  0.000e+00
     31.489    11.3120   3.639464    32.0819       4198    17.4875     3.1377  0.000e+00
     31.455    11.3117   3.639417    32.0818       4199    17.4917     3.1469  0.000e+00
     31.413    11.3116   3.639458    32.0823       4200    17.4958     3.1403  0.000e+00
     31.381    11.3117   3.639441    32.0821       4201    17.5000     3.1470  0.000e+00
     31.325    11.3117   3.639417    32.0818       4202    17.5042     3.1425  0.000e+00
     31.278    11.3116   3.639441    32.0822       4203    17.5083     3.1407  0.000e+00
     31.234    11.3116   3.639376    32.0816       4204    17.5125     3.1456  0.000e+00
     31.186    11.3116   3.639353    32.0814       4205    17.5167     3.1432  0.000e+00
     31.133    11.3116   3.639306    32.0809       4206    17.5208     3.1435  0.000e+00
     31.083    11.3114   3.639306    32.0811       4207    17.5250     3.1450  0.000e+00
     31.034    11.3114   3.639283    32.0809       4208    17.5292     3.1448  0.000e+00
     30.990    11.3114   3.639271    32.0809       4209    17.5333     3.1446  0.000e+00
     30.938    11.3113   3.639265    32.0809       4210    17.5375     3.1432  0.000e+00
     30.898    11.3113   3.639131    32.0796       4211    17.5417     3.1432  0.000e+00
     30.864    11.3112   3.639131    32.0797       4212    17.5458     3.1432  0.000e+00
     30.822    11.3109   3.639230    32.0809       4213    17.5500     3.1434  0.000e+00
     30.793    11.3111   3.639242    32.0809       4214    17.5542     3.1445  0.000e+00
     30.763    11.3112   3.639218    32.0806       4215    17.5583     3.1450  0.000e+00
     30.737    11.3112   3.639084    32.0793       4216    17.5625     3.1456  0.000e+00
     30.712    11.3109   3.639043    32.0791       4217    17.5667     3.1458  0.000e+00
     30.694    11.3108   3.639166    32.0804       4218    17.5708     3.1457  0.000e+00
     30.669    11.3107   3.639195    32.0808       4219    17.5750     3.1455  0.000e+00
     30.656    11.3107   3.639131    32.0802       4220    17.5792     3.1446  0.000e+00
     30.636    11.3109   3.639084    32.0796       4221    17.5833     3.1454  0.000e+00
     30.613    11.3107   3.639055    32.0794       4222    17.5875     3.1449  0.000e+00
     30.589    11.3107   3.639043    32.0794       4223    17.5917     3.1459  0.000e+00
     30.567    11.3107   3.638997    32.0789       4224    17.5958     3.1451  0.000e+00
     30.535    11.3106   3.638973    32.0788       4225    17.6000     3.1442  0.000e+00
     30.501    11.3103   3.638932    32.0787       4226    17.6042     3.1475  0.000e+00
     30.468    11.3101   3.638845    32.0780       4227    17.6083     3.1477  0.000e+00
     30.430    11.3097   3.638862    32.0785       4228    17.6125     3.1440  0.000e+00
     30.392    11.3096   3.638909    32.0791       4229    17.6167     3.1485  0.000e+00
     30.356    11.3097   3.638886    32.0788       4230    17.6208     3.1474  0.000e+00
     30.324    11.3096   3.638868    32.0787       4231    17.6250     3.1493  0.000e+00
     30.289    11.3095   3.638845    32.0786       4232    17.6292     3.1471  0.000e+00
     30.255    11.3094   3.638845    32.0787       4233    17.6333     3.1464  0.000e+00
     30.221    11.3093   3.638909    32.0794       4234    17.6375     3.1449  0.000e+00
     30.190    11.3094   3.638909    32.0793       4235    17.6417     3.1475  0.000e+00
     30.156    11.3096   3.638950    32.0795       4236    17.6458     3.1519  0.000e+00
     30.112    11.3097   3.638886    32.0789       4237    17.6500     3.1503  0.000e+00
     30.083    11.3098   3.638932    32.0793       4238    17.6542     3.1497  0.000e+00
     30.047    11.3098   3.638973    32.0797       4239    17.6583     3.1492  0.000e+00
     29.999    11.3100   3.639020    32.0800       4240    17.6625     3.1494  0.000e+00
     29.961    11.3101   3.638996    32.0797       4241    17.6667     3.1484  0.000e+00
     29.923    11.3101   3.638885    32.0786       4242    17.6708     3.1471  0.000e+00
     29.890    11.3101   3.638845    32.0783       4243    17.6750     3.1518  0.000e+00
     29.859    11.3098   3.638780    32.0778       4244    17.6792     3.1509  0.000e+00
     29.832    11.3096   3.638775    32.0780       4245    17.6833     3.1503  0.000e+00
     29.812    11.3094   3.638845    32.0788       4246    17.6875     3.1482  0.000e+00
     29.791    11.3094   3.638845    32.0789       4247    17.6917     3.1484  0.000e+00
     29.776    11.3094   3.638804    32.0785       4248    17.6958     3.1496  0.000e+00
     29.767    11.3094   3.638798    32.0784       4249    17.7000     3.1468  0.000e+00
     29.744    11.3093   3.638885    32.0794       4250    17.7042     3.1464  0.000e+00
     29.724    11.3095   3.638932    32.0797       4251    17.7083     3.1471  0.000e+00
     29.702    11.3096   3.638932    32.0796       4252    17.7125     3.1472  0.000e+00
     29.666    11.3098   3.638932    32.0795       4253    17.7167     3.1469  0.000e+00
     29.639    11.3099   3.638909    32.0791       4254    17.7208     3.1451  0.000e+00
     29.606    11.3100   3.638885    32.0788       4255    17.7250     3.1431  0.000e+00
     29.568    11.3100   3.638862    32.0786       4256    17.7292     3.1458  0.000e+00
     29.534    11.3098   3.638827    32.0785       4257    17.7333     3.1451  0.000e+00
     29.494    11.3096   3.638885    32.0792       4258    17.7375     3.1497  0.000e+00
     29.456    11.3098   3.638844    32.0787       4259    17.7417     3.1498  0.000e+00
     29.419    11.3098   3.638821    32.0784       4260    17.7458     3.1479  0.000e+00
     29.390    11.3096   3.638868    32.0791       4261    17.7500     3.1475  0.000e+00
     29.357    11.3098   3.638844    32.0787       4262    17.7542     3.1476  0.000e+00
     29.339    11.3097   3.638774    32.0781       4263    17.7583     3.1475  0.000e+00
     29.319    11.3096   3.638774    32.0782       4264    17.7625     3.1480  0.000e+00
     29.312    11.3095   3.638804    32.0786       4265    17.7667     3.1475  0.000e+00
     29.305    11.3095   3.638798    32.0785       4266    17.7708     3.1477  0.000e+00
     29.290    11.3094   3.638710    32.0777       4267    17.7750     3.1492  0.000e+00
     29.290    11.3094   3.638733    32.0780       4268    17.7792     3.1501  0.000e+00
     29.288    11.3092   3.638774    32.0786       4269    17.7833     3.1480  0.000e+00
     29.278    11.3092   3.638868    32.0795       4270    17.7875     3.1480  0.000e+00
     29.260    11.3094   3.638844    32.0791       4271    17.7917     3.1483  0.000e+00
     29.241    11.3096   3.638821    32.0787       4272    17.7958     3.1465  0.000e+00
     29.218    11.3095   3.638751    32.0781       4273    17.8000     3.1471  0.000e+00
     29.171    11.3096   3.638763    32.0782       4274    17.8042     3.1458  0.000e+00
     29.126    11.3094   3.638821    32.0789       4275    17.8083     3.1456  0.000e+00
     29.077    11.3096   3.638751    32.0781       4276    17.8125     3.1475  0.000e+00
     29.017    11.3094   3.638751    32.0783       4277    17.8167     3.1456  0.000e+00
     28.983    11.3093   3.638663    32.0775       4278    17.8208     3.1493  0.000e+00
     28.929    11.3092   3.638634    32.0773       4279    17.8250     3.1485  0.000e+00
     28.889    11.3089   3.638552    32.0768       4280    17.8292     3.1500  0.000e+00
     28.858    11.3085   3.638488    32.0765       4281    17.8333     3.1474  0.000e+00
     28.837    11.3082   3.638488    32.0768       4282    17.8375     3.1521  0.000e+00
     28.820    11.3080   3.638401    32.0762       4283    17.8417     3.1508  0.000e+00
     28.810    11.3078   3.638243    32.0748       4284    17.8458     3.1509  0.000e+00
     28.808    11.3072   3.638290    32.0757       4285    17.8500     3.1506  0.000e+00
     28.811    11.3069   3.638354    32.0767       4286    17.8542     3.1493  0.000e+00
     28.810    11.3068   3.638424    32.0775       4287    17.8583     3.1445  0.000e+00
     28.810    11.3066   3.638243    32.0758       4288    17.8625     3.1494  0.000e+00
     28.808    11.3068   3.638307    32.0763       4289    17.8667     3.1496  0.000e+00
     28.792    11.3065   3.638354    32.0770       4290    17.8708     3.1496  0.000e+00
     28.770    11.3067   3.638354    32.0768       4291    17.8750     3.1478  0.000e+00
     28.748    11.3068   3.638465    32.0779       4292    17.8792     3.1456  0.000e+00
     28.698    11.3069   3.638377    32.0769       4293    17.8833     3.1441  0.000e+00
     28.647    11.3072   3.638307    32.0760       4294    17.8875     3.1453  0.000e+00
     28.593    11.3071   3.638196    32.0750       4295    17.8917     3.1483  0.000e+00
     28.542    11.3071   3.638272    32.0758       4296    17.8958     3.1502  0.000e+00
     28.506    11.3070   3.638307    32.0763       4297    17.9000     3.1498  0.000e+00
     28.457    11.3070   3.638307    32.0763       4298    17.9042     3.1477  0.000e+00
     28.423    11.3071   3.638307    32.0762       4299    17.9083     3.1474  0.000e+00
     28.409    11.3071   3.638360    32.0767       4300    17.9125     3.1473  0.000e+00
     28.389    11.3074   3.638307    32.0760       4301    17.9167     3.1437  0.000e+00
     28.381    11.3071   3.638196    32.0751       4302    17.9208     3.1472  0.000e+00
     28.378    11.3074   3.638219    32.0751       4303    17.9250     3.1477  0.000e+00
     28.385    11.3079   3.638219    32.0746       4304    17.9292     3.1486  0.000e+00
     28.403    11.3085   3.638231    32.0742       4305    17.9333     3.1488  0.000e+00
     28.410    11.3082   3.638488    32.0770       4306    17.9375     3.1495  0.000e+00
     28.418    11.3080   3.638622    32.0785       4307    17.9417     3.1442  0.000e+00
     28.434    11.3083   3.638599    32.0780       4308    17.9458     3.1480  0.000e+00
     28.434    11.3083   3.638570    32.0777       4309    17.9500     3.1472  0.000e+00
     28.430    11.3083   3.638465    32.0766       4310    17.9542     3.1493  0.000e+00
     28.412    11.3082   3.638511    32.0772       4311    17.9583     3.1472  0.000e+00
     28.394    11.3083   3.638622    32.0783       4312    17.9625     3.1477  0.000e+00
     28.371    11.3085   3.638640    32.0783       4313    17.9667     3.1474  0.000e+00
     28.340    11.3087   3.638611    32.0778       4314    17.9708     3.1482  0.000e+00
     28.311    11.3088   3.638622    32.0779       4315    17.9750     3.1474  0.000e+00
     28.277    11.3089   3.638599    32.0775       4316    17.9792     3.1461  0.000e+00
     28.251    11.3089   3.638575    32.0773       4317    17.9833     3.1456  0.000e+00
     28.219    11.3088   3.638593    32.0776       4318    17.9875     3.1448  0.000e+00
     28.192    11.3088   3.638622    32.0779       4319    17.9917     3.1443  0.000e+00
     28.176    11.3089   3.638599    32.0776       4320    17.9958     3.1451  0.000e+00
     28.154    11.3089   3.638575    32.0774       4321    18.0000     3.1462  0.000e+00
     28.141    11.3089   3.638570    32.0773       4322    18.0042     3.1455  0.000e+00
     28.125    11.3088   3.638219    32.0740       4323    18.0083     3.1461  0.000e+00
     28.123    11.3086   3.638488    32.0768       4324    18.0125     3.1452  0.000e+00
