HB2304/sbe124.cnv
* Sea-Bird SBE 19plus V2 Data File:
* FileName = C:\cruise\data\sbe124.hex
* Software Version Seasave V 7.26.7.121
* Temperature SN = 7037
* Conductivity SN = 7037
* System UpLoad Time = Nov 07 2023 07:44:52
** Ship: Bigelow
** Cruise:  HB2304
** Program:  Fall Bottom Trawl
# nquan = 8
# nvalues = 1316                                  
# units = specified
# name 0 = depSM: Depth [salt water, m], lat = 40.00
# name 1 = tv290C: Temperature [ITS-90, deg C]
# name 2 = c0S/m: Conductivity [S/m]
# name 3 = sal00: Salinity, Practical [PSU]
# name 4 = scan: Scan Count
# name 5 = timeM: Time, Elapsed [minutes]
# name 6 = sbeox0V: Oxygen raw, SBE 43 [V]
# name 7 = flag:  0.000e+00
# span 0 =     -0.013,    104.870                 
# span 1 =     9.0887,    10.4997                 
# span 2 =   0.107321,   3.524770                 
# span 3 =     0.7526,    32.8581                 
# span 4 =         11,       1326                 
# span 5 =     0.0417,     5.5208                 
# span 6 =     2.6478,     3.1559                 
# span 7 = 0.0000e+00, 0.0000e+00                 
# interval = seconds: 0.25
# start_time = Nov 07 2023 07:44:52 [System UTC, header]
# bad_flag = -9.990e-29
*END*
[from data line 720]
    104.679     9.1168   3.524363    32.8552        731     3.0417     2.6555  0.000e+00
    104.661     9.1168   3.524387    32.8554        732     3.0458     2.6554  0.000e+00
    104.643     9.1169   3.524375    32.8553        733     3.0500     2.6553  0.000e+00
    104.630     9.1168   3.524363    32.8552        734     3.0542     2.6549  0.000e+00
    104.623     9.1167   3.524363    32.8553        735     3.0583     2.6543  0.000e+00
    104.609     9.1168   3.524363    32.8552        736     3.0625     2.6550  0.000e+00
    104.603     9.1167   3.524387    32.8555        737     3.0667     2.6544  0.000e+00
    104.600     9.1169   3.524363    32.8552        738     3.0708     2.6533  0.000e+00
    104.600     9.1169   3.524387    32.8554        739     3.0750     2.6529  0.000e+00
    104.601     9.1169   3.524410    32.8556        740     3.0792     2.6525  0.000e+00
    104.612     9.1168   3.524387    32.8555        741     3.0833     2.6524  0.000e+00
    104.627     9.1169   3.524387    32.8553        742     3.0875     2.6513  0.000e+00
    104.639     9.1169   3.524410    32.8556        743     3.0917     2.6517  0.000e+00
    104.672     9.1169   3.524387    32.8553        744     3.0958     2.6513  0.000e+00
    104.697     9.1170   3.524427    32.8557        745     3.1000     2.6497  0.000e+00
    104.724     9.1171   3.524427    32.8556        746     3.1042     2.6495  0.000e+00
    104.757     9.1171   3.524415    32.8555        747     3.1083     2.6494  0.000e+00
    104.786     9.1171   3.524427    32.8556        748     3.1125     2.6497  0.000e+00
    104.809     9.1171   3.524427    32.8555        749     3.1167     2.6501  0.000e+00
    104.831     9.1172   3.524427    32.8554        750     3.1208     2.6503  0.000e+00
    104.851     9.1172   3.524427    32.8554        751     3.1250     2.6503  0.000e+00
    104.858     9.1172   3.524410    32.8552        752     3.1292     2.6510  0.000e+00
    104.860     9.1171   3.524410    32.8554        753     3.1333     2.6517  0.000e+00
    104.860     9.1171   3.524387    32.8551        754     3.1375     2.6510  0.000e+00
    104.847     9.1171   3.524364    32.8548        755     3.1417     2.6513  0.000e+00
    104.838     9.1169   3.524340    32.8548        756     3.1458     2.6511  0.000e+00
    104.822     9.1169   3.524410    32.8555        757     3.1500     2.6513  0.000e+00
    104.786     9.1169   3.524473    32.8562        758     3.1542     2.6510  0.000e+00
    104.739     9.1174   3.524473    32.8558        759     3.1583     2.6509  0.000e+00
    104.675     9.1180   3.524387    32.8543        760     3.1625     2.6503  0.000e+00
    104.598     9.1178   3.524352    32.8542        761     3.1667     2.6509  0.000e+00
    104.516     9.1175   3.524340    32.8544        762     3.1708     2.6517  0.000e+00
    104.429     9.1171   3.524340    32.8548        763     3.1750     2.6508  0.000e+00
    104.337     9.1169   3.524323    32.8548        764     3.1792     2.6495  0.000e+00
    104.236     9.1168   3.524323    32.8550        765     3.1833     2.6499  0.000e+00
    104.137     9.1166   3.524323    32.8552        766     3.1875     2.6511  0.000e+00
    104.034     9.1165   3.524323    32.8554        767     3.1917     2.6507  0.000e+00
    103.930     9.1165   3.524323    32.8554        768     3.1958     2.6515  0.000e+00
    103.824     9.1166   3.524323    32.8554        769     3.2000     2.6529  0.000e+00
    103.701     9.1166   3.524300    32.8552        770     3.2042     2.6531  0.000e+00
    103.571     9.1166   3.524300    32.8553        771     3.2083     2.6539  0.000e+00
    103.448     9.1164   3.524300    32.8554        772     3.2125     2.6549  0.000e+00
    103.330     9.1165   3.524300    32.8554        773     3.2167     2.6549  0.000e+00
    103.213     9.1166   3.524277    32.8552        774     3.2208     2.6560  0.000e+00
    103.079     9.1166   3.524282    32.8553        775     3.2250     2.6572  0.000e+00
    102.932     9.1165   3.524276    32.8554        776     3.2292     2.6559  0.000e+00
    102.782     9.1165   3.524259    32.8553        777     3.2333     2.6566  0.000e+00
    102.629     9.1164   3.524259    32.8554        778     3.2375     2.6567  0.000e+00
    102.460     9.1164   3.524276    32.8556        779     3.2417     2.6574  0.000e+00
    102.272     9.1166   3.524276    32.8556        780     3.2458     2.6573  0.000e+00
    102.070     9.1167   3.524259    32.8554        781     3.2500     2.6564  0.000e+00
    101.860     9.1167   3.524259    32.8554        782     3.2542     2.6579  0.000e+00
    101.636     9.1168   3.524236    32.8552        783     3.2583     2.6554  0.000e+00
    101.410     9.1169   3.524236    32.8552        784     3.2625     2.6563  0.000e+00
    101.171     9.1169   3.524236    32.8553        785     3.2667     2.6556  0.000e+00
    100.940     9.1172   3.524258    32.8554        786     3.2708     2.6552  0.000e+00
    100.696     9.1175   3.524235    32.8550        787     3.2750     2.6550  0.000e+00
    100.457     9.1178   3.524235    32.8549        788     3.2792     2.6557  0.000e+00
    100.235     9.1181   3.524195    32.8543        789     3.2833     2.6558  0.000e+00
    100.016     9.1180   3.524408    32.8567        790     3.2875     2.6556  0.000e+00
     99.808     9.1187   3.524598    32.8581        791     3.2917     2.6556  0.000e+00
     99.607     9.1205   3.524598    32.8565        792     3.2958     2.6560  0.000e+00
     99.428     9.1220   3.524511    32.8543        793     3.3000     2.6559  0.000e+00
     99.251     9.1225   3.524575    32.8546        794     3.3042     2.6570  0.000e+00
     99.074     9.1230   3.524598    32.8545        795     3.3083     2.6580  0.000e+00
     98.900     9.1237   3.524621    32.8541        796     3.3125     2.6577  0.000e+00
     98.731     9.1240   3.524621    32.8539        797     3.3167     2.6579  0.000e+00
     98.557     9.1244   3.524638    32.8538        798     3.3208     2.6566  0.000e+00
     98.385     9.1247   3.524661    32.8538        799     3.3250     2.6586  0.000e+00
     98.212     9.1250   3.524747    32.8545        800     3.3292     2.6581  0.000e+00
     98.034     9.1254   3.524724    32.8540        801     3.3333     2.6579  0.000e+00
     97.852     9.1258   3.524661    32.8531        802     3.3375     2.6572  0.000e+00
     97.669     9.1260   3.524770    32.8541        803     3.3417     2.6572  0.000e+00
     97.483     9.1263   3.524701    32.8532        804     3.3458     2.6558  0.000e+00
     97.293     9.1265   3.524551    32.8515        805     3.3500     2.6555  0.000e+00
     97.105     9.1262   3.524574    32.8522        806     3.3542     2.6541  0.000e+00
     96.912     9.1257   3.524534    32.8523        807     3.3583     2.6543  0.000e+00
     96.718     9.1255   3.524487    32.8521        808     3.3625     2.6541  0.000e+00
     96.523     9.1249   3.524510    32.8529        809     3.3667     2.6539  0.000e+00
     96.320     9.1249   3.524447    32.8523        810     3.3708     2.6540  0.000e+00
     96.121     9.1246   3.524360    32.8518        811     3.3750     2.6549  0.000e+00
     95.926     9.1243   3.524193    32.8505        812     3.3792     2.6566  0.000e+00
     95.727     9.1233   3.524234    32.8519        813     3.3833     2.6578  0.000e+00
     95.512     9.1225   3.524210    32.8525        814     3.3875     2.6572  0.000e+00
     95.312     9.1222   3.524297    32.8538        815     3.3917     2.6586  0.000e+00
     95.102     9.1223   3.524256    32.8534        816     3.3958     2.6594  0.000e+00
     94.894     9.1227   3.524233    32.8528        817     3.4000     2.6582  0.000e+00
     94.693     9.1225   3.524337    32.8542        818     3.4042     2.6569  0.000e+00
     94.480     9.1228   3.524510    32.8558        819     3.4083     2.6566  0.000e+00
     94.268     9.1240   3.524619    32.8559        820     3.4125     2.6582  0.000e+00
     94.049     9.1253   3.524659    32.8553        821     3.4167     2.6573  0.000e+00
     93.832     9.1263   3.524659    32.8544        822     3.4208     2.6572  0.000e+00
     93.623     9.1273   3.524636    32.8533        823     3.4250     2.6583  0.000e+00
     93.411     9.1279   3.524596    32.8525        824     3.4292     2.6581  0.000e+00
     93.194     9.1280   3.524486    32.8513        825     3.4333     2.6593  0.000e+00
     92.976     9.1277   3.524405    32.8509        826     3.4375     2.6593  0.000e+00
     92.773     9.1268   3.524446    32.8522        827     3.4417     2.6585  0.000e+00
     92.558     9.1263   3.524382    32.8521        828     3.4458     2.6573  0.000e+00
     92.359     9.1261   3.524486    32.8535        829     3.4500     2.6611  0.000e+00
     92.147     9.1263   3.524486    32.8533        830     3.4542     2.6607  0.000e+00
     91.941     9.1267   3.524457    32.8528        831     3.4583     2.6603  0.000e+00
     91.737     9.1271   3.524445    32.8525        832     3.4625     2.6603  0.000e+00
     91.536     9.1270   3.524405    32.8522        833     3.4667     2.6587  0.000e+00
     91.330     9.1267   3.524382    32.8523        834     3.4708     2.6576  0.000e+00
     91.130     9.1267   3.524405    32.8527        835     3.4750     2.6599  0.000e+00
     90.927     9.1265   3.524405    32.8529        836     3.4792     2.6576  0.000e+00
     90.728     9.1266   3.524422    32.8531        837     3.4833     2.6599  0.000e+00
     90.540     9.1270   3.524359    32.8522        838     3.4875     2.6584  0.000e+00
     90.345     9.1269   3.524382    32.8526        839     3.4917     2.6610  0.000e+00
     90.154     9.1268   3.524381    32.8527        840     3.4958     2.6580  0.000e+00
     89.966     9.1270   3.524404    32.8529        841     3.5000     2.6606  0.000e+00
     89.779     9.1271   3.524381    32.8526        842     3.5042     2.6610  0.000e+00
     89.599     9.1273   3.524468    32.8534        843     3.5083     2.6592  0.000e+00
     89.412     9.1276   3.524410    32.8526        844     3.5125     2.6607  0.000e+00
     89.228     9.1279   3.524422    32.8526        845     3.5167     2.6596  0.000e+00
     89.049     9.1281   3.524421    32.8525        846     3.5208     2.6587  0.000e+00
     88.865     9.1284   3.524381    32.8518        847     3.5250     2.6624  0.000e+00
     88.684     9.1285   3.524335    32.8513        848     3.5292     2.6618  0.000e+00
     88.498     9.1282   3.524335    32.8517        849     3.5333     2.6612  0.000e+00
     88.304     9.1282   3.524335    32.8518        850     3.5375     2.6588  0.000e+00
     88.109     9.1282   3.524317    32.8517        851     3.5417     2.6634  0.000e+00
     87.908     9.1280   3.524335    32.8522        852     3.5458     2.6569  0.000e+00
     87.708     9.1280   3.524404    32.8530        853     3.5500     2.6629  0.000e+00
     87.496     9.1283   3.524381    32.8525        854     3.5542     2.6589  0.000e+00
     87.281     9.1287   3.524404    32.8526        855     3.5583     2.6628  0.000e+00
     87.060     9.1290   3.524380    32.8521        856     3.5625     2.6623  0.000e+00
     86.849     9.1292   3.524334    32.8515        857     3.5667     2.6622  0.000e+00
     86.630     9.1292   3.524409    32.8524        858     3.5708     2.6622  0.000e+00
     86.408     9.1294   3.524421    32.8525        859     3.5750     2.6628  0.000e+00
     86.187     9.1297   3.524380    32.8519        860     3.5792     2.6613  0.000e+00
     85.963     9.1298   3.524380    32.8519        861     3.5833     2.6625  0.000e+00
     85.751     9.1299   3.524380    32.8518        862     3.5875     2.6571  0.000e+00
     85.547     9.1300   3.524357    32.8516        863     3.5917     2.6582  0.000e+00
     85.334     9.1301   3.524357    32.8516        864     3.5958     2.6584  0.000e+00
     85.122     9.1301   3.524357    32.8517        865     3.6000     2.6618  0.000e+00
     84.911     9.1302   3.524334    32.8515        866     3.6042     2.6618  0.000e+00
     84.710     9.1301   3.524316    32.8515        867     3.6083     2.6634  0.000e+00
     84.513     9.1301   3.524316    32.8516        868     3.6125     2.6622  0.000e+00
     84.312     9.1301   3.524333    32.8518        869     3.6167     2.6632  0.000e+00
     84.112     9.1301   3.524316    32.8517        870     3.6208     2.6582  0.000e+00
     83.913     9.1301   3.524379    32.8525        871     3.6250     2.6619  0.000e+00
     83.708     9.1304   3.524368    32.8522        872     3.6292     2.6616  0.000e+00
     83.511     9.1304   3.524293    32.8515        873     3.6333     2.6625  0.000e+00
     83.313     9.1304   3.524270    32.8514        874     3.6375     2.6619  0.000e+00
     83.114     9.1303   3.524270    32.8515        875     3.6417     2.6616  0.000e+00
     82.906     9.1303   3.524293    32.8519        876     3.6458     2.6612  0.000e+00
     82.703     9.1303   3.524252    32.8515        877     3.6500     2.6629  0.000e+00
     82.507     9.1304   3.524229    32.8513        878     3.6542     2.6620  0.000e+00
     82.304     9.1302   3.524166    32.8509        879     3.6583     2.6671  0.000e+00
     82.103     9.1302   3.524119    32.8505        880     3.6625     2.6659  0.000e+00
     81.897     9.1299   3.524056    32.8503        881     3.6667     2.6631  0.000e+00
     81.700     9.1298   3.524039    32.8502        882     3.6708     2.6680  0.000e+00
     81.503     9.1295   3.523866    32.8488        883     3.6750     2.6628  0.000e+00
     81.312     9.1294   3.523952    32.8499        884     3.6792     2.6664  0.000e+00
     81.113     9.1294   3.523975    32.8503        885     3.6833     2.6661  0.000e+00
     80.916     9.1292   3.524050    32.8513        886     3.6875     2.6670  0.000e+00
     80.724     9.1292   3.524056    32.8515        887     3.6917     2.6624  0.000e+00
     80.532     9.1293   3.523992    32.8508        888     3.6958     2.6619  0.000e+00
     80.341     9.1292   3.523865    32.8496        889     3.7000     2.6612  0.000e+00
     80.149     9.1292   3.523802    32.8491        890     3.7042     2.6622  0.000e+00
     79.950     9.1291   3.523779    32.8490        891     3.7083     2.6615  0.000e+00
     79.764     9.1291   3.523611    32.8473        892     3.7125     2.6668  0.000e+00
     79.574     9.1292   3.523479    32.8460        893     3.7167     2.6656  0.000e+00
     79.388     9.1290   3.523035    32.8416        894     3.7208     2.6618  0.000e+00
     79.200     9.1292   3.522649    32.8375        895     3.7250     2.6620  0.000e+00
     79.019     9.1291   3.522885    32.8402        896     3.7292     2.6625  0.000e+00
     78.838     9.1292   3.523311    32.8446        897     3.7333     2.6614  0.000e+00
     78.654     9.1291   3.522971    32.8412        898     3.7375     2.6660  0.000e+00
     78.471     9.1290   3.523202    32.8438        899     3.7417     2.6658  0.000e+00
     78.292     9.1289   3.520926    32.8204        900     3.7458     2.6655  0.000e+00
     78.104     9.1287   3.520430    32.8156        901     3.7500     2.6665  0.000e+00
     77.913     9.1284   3.520217    32.8137        902     3.7542     2.6641  0.000e+00
     77.710     9.1281   3.520113    32.8130        903     3.7583     2.6659  0.000e+00
     77.502     9.1276   3.519710    32.8093        904     3.7625     2.6667  0.000e+00
     77.289     9.1271   3.517942    32.7916        905     3.7667     2.6659  0.000e+00
     77.069     9.1256   3.517176    32.7851        906     3.7708     2.6655  0.000e+00
     76.837     9.1242   3.516559    32.7802        907     3.7750     2.6669  0.000e+00
     76.609     9.1231   3.515494    32.7702        908     3.7792     2.6648  0.000e+00
