HB2304/sbe103.cnv
* Sea-Bird SBE 19plus V2 Data File:
* FileName = C:\cruise\data\sbe103.hex
* Software Version Seasave V 7.26.7.121
* Temperature SN = 7037
* Conductivity SN = 7037
* System UpLoad Time = Nov 01 2023 09:14:45
** Ship: Bigelow
** Cruise:  HB2304
** Program:  Fall Bottom Trawl
# nquan = 7
# nvalues = 1385                                  
# units = specified
# name 0 = depSM: Depth [salt water, m], lat = 40.00
# name 1 = tv290C: Temperature [ITS-90, deg C]
# name 2 = c0S/m: Conductivity [S/m]
# name 3 = sal00: Salinity, Practical [PSU]
# name 4 = scan: Scan Count
# name 5 = timeM: Time, Elapsed [minutes]
# name 6 = flag:  0.000e+00
# span 0 =     -0.073,     54.592                 
# span 1 =     6.2381,    13.4274                 
# span 2 =   0.000007,   3.776315                 
# span 3 =     0.0028,    35.6331                 
# span 4 =         11,       1395                 
# span 5 =     0.0417,     5.8083                 
# span 6 = 0.0000e+00, 0.0000e+00                 
# interval = seconds: 0.25
# start_time = Nov 01 2023 09:14:45 [System UTC, header]
# bad_flag = -9.990e-29
*END*
[from data line 411]
     22.974    12.5775   3.680211    31.4008        422     1.7542  0.000e+00
     23.086    12.6029   3.674179    31.3224        423     1.7583  0.000e+00
     23.205    12.6215   3.672275    31.2889        424     1.7625  0.000e+00
     23.339    12.6447   3.673036    31.2768        425     1.7667  0.000e+00
     23.484    12.6092   3.674783    31.3228        426     1.7708  0.000e+00
     23.639    12.5337   3.675751    31.3947        427     1.7750  0.000e+00
     23.804    12.4738   3.676244    31.4494        428     1.7792  0.000e+00
     23.985    12.4400   3.678958    31.5035        429     1.7833  0.000e+00
     24.169    12.4057   3.687352    31.6122        430     1.7875  0.000e+00
     24.372    12.3808   3.691889    31.6764        431     1.7917  0.000e+00
     24.581    12.3920   3.696147    31.7074        432     1.7958  0.000e+00
     24.798    12.4350   3.696176    31.6714        433     1.8000  0.000e+00
     25.021    12.4813   3.697485    31.6447        434     1.8042  0.000e+00
     25.247    12.4980   3.698824    31.6433        435     1.8083  0.000e+00
     25.458    12.5063   3.700423    31.6515        436     1.8125  0.000e+00
     25.668    12.5215   3.701527    31.6491        437     1.8167  0.000e+00
     25.874    12.5392   3.703802    31.6558        438     1.8208  0.000e+00
     26.077    12.5559   3.707753    31.6792        439     1.8250  0.000e+00
     26.255    12.5776   3.710905    31.6908        440     1.8292  0.000e+00
     26.418    12.6085   3.713759    31.6918        441     1.8333  0.000e+00
     26.581    12.6392   3.715053    31.6782        442     1.8375  0.000e+00
     26.733    12.6685   3.715847    31.6611        443     1.8417  0.000e+00
     26.868    12.6948   3.716601    31.6461        444     1.8458  0.000e+00
     27.000    12.7187   3.716854    31.6284        445     1.8500  0.000e+00
     27.132    12.7372   3.716282    31.6074        446     1.8542  0.000e+00
     27.253    12.7547   3.715941    31.5895        447     1.8583  0.000e+00
     27.376    12.7673   3.715075    31.5707        448     1.8625  0.000e+00
     27.503    12.7719   3.714658    31.5629        449     1.8667  0.000e+00
     27.638    12.7748   3.715805    31.5713        450     1.8708  0.000e+00
     27.779    12.7778   3.718325    31.5925        451     1.8750  0.000e+00
     27.938    12.7794   3.719874    31.6057        452     1.8792  0.000e+00
     28.107    12.7797   3.721440    31.6202        453     1.8833  0.000e+00
     28.284    12.7864   3.723249    31.6317        454     1.8875  0.000e+00
     28.470    12.7963   3.724857    31.6385        455     1.8917  0.000e+00
     28.667    12.8060   3.724580    31.6276        456     1.8958  0.000e+00
     28.870    12.8148   3.724698    31.6213        457     1.9000  0.000e+00
     29.081    12.8109   3.728021    31.6559        458     1.9042  0.000e+00
     29.296    12.8132   3.728363    31.6571        459     1.9083  0.000e+00
     29.515    12.8217   3.730138    31.6667        460     1.9125  0.000e+00
     29.726    12.8251   3.731146    31.6733        461     1.9167  0.000e+00
     29.933    12.8332   3.732313    31.6774        462     1.9208  0.000e+00
     30.126    12.8434   3.732626    31.6717        463     1.9250  0.000e+00
     30.303    12.8559   3.732519    31.6602        464     1.9292  0.000e+00
     30.480    12.8680   3.732626    31.6510        465     1.9333  0.000e+00
     30.640    12.8776   3.732702    31.6436        466     1.9375  0.000e+00
     30.799    12.8846   3.732755    31.6382        467     1.9417  0.000e+00
     30.943    12.8889   3.732749    31.6345        468     1.9458  0.000e+00
     31.086    12.8914   3.732932    31.6341        469     1.9500  0.000e+00
     31.231    12.8922   3.733705    31.6406        470     1.9542  0.000e+00
     31.384    12.8920   3.734460    31.6478        471     1.9583  0.000e+00
     31.534    12.8926   3.734324    31.6460        472     1.9625  0.000e+00
     31.690    12.8928   3.734814    31.6504        473     1.9667  0.000e+00
     31.858    12.8912   3.735557    31.6587        474     1.9708  0.000e+00
     32.035    12.8916   3.736235    31.6646        475     1.9750  0.000e+00
     32.218    12.8915   3.736519    31.6674        476     1.9792  0.000e+00
     32.402    12.8898   3.736843    31.6717        477     1.9833  0.000e+00
     32.603    12.8876   3.737498    31.6797        478     1.9875  0.000e+00
     32.802    12.8879   3.737829    31.6824        479     1.9917  0.000e+00
     33.017    12.8895   3.737959    31.6822        480     1.9958  0.000e+00
     33.227    12.8905   3.738248    31.6840        481     2.0000  0.000e+00
     33.440    12.8908   3.738484    31.6859        482     2.0042  0.000e+00
     33.643    12.8913   3.738814    31.6886        483     2.0083  0.000e+00
     33.852    12.8916   3.738986    31.6898        484     2.0125  0.000e+00
     34.053    12.8921   3.739009    31.6896        485     2.0167  0.000e+00
     34.250    12.8926   3.738962    31.6886        486     2.0208  0.000e+00
     34.436    12.8922   3.738726    31.6867        487     2.0250  0.000e+00
     34.619    12.8910   3.738579    31.6863        488     2.0292  0.000e+00
     34.789    12.8887   3.738484    31.6872        489     2.0333  0.000e+00
     34.946    12.8866   3.738508    31.6891        490     2.0375  0.000e+00
     35.093    12.8842   3.738555    31.6915        491     2.0417  0.000e+00
     35.236    12.8822   3.738691    31.6944        492     2.0458  0.000e+00
     35.368    12.8809   3.738715    31.6956        493     2.0500  0.000e+00
     35.494    12.8799   3.738685    31.6962        494     2.0542  0.000e+00
     35.626    12.8790   3.738668    31.6967        495     2.0583  0.000e+00
     35.756    12.8775   3.738685    31.6981        496     2.0625  0.000e+00
     35.901    12.8755   3.738691    31.6998        497     2.0667  0.000e+00
     36.051    12.8734   3.738532    31.6999        498     2.0708  0.000e+00
     36.207    12.8708   3.738485    31.7017        499     2.0750  0.000e+00
     36.377    12.8679   3.738857    31.7075        500     2.0792  0.000e+00
     36.557    12.8656   3.739311    31.7137        501     2.0833  0.000e+00
     36.751    12.8656   3.739536    31.7156        502     2.0875  0.000e+00
     36.950    12.8662   3.739701    31.7166        503     2.0917  0.000e+00
     37.167    12.8670   3.739931    31.7181        504     2.0958  0.000e+00
     37.405    12.8676   3.740315    31.7211        505     2.1000  0.000e+00
     37.651    12.8684   3.740592    31.7230        506     2.1042  0.000e+00
     37.899    12.8700   3.740569    31.7213        507     2.1083  0.000e+00
     38.139    12.8710   3.740545    31.7201        508     2.1125  0.000e+00
     38.369    12.8708   3.740457    31.7194        509     2.1167  0.000e+00
     38.588    12.8699   3.740569    31.7211        510     2.1208  0.000e+00
     38.806    12.8689   3.740799    31.7240        511     2.1250  0.000e+00
     39.016    12.8681   3.740982    31.7263        512     2.1292  0.000e+00
     39.222    12.8694   3.740982    31.7252        513     2.1333  0.000e+00
     39.403    12.8713   3.740788    31.7217        514     2.1375  0.000e+00
     39.575    12.8726   3.740475    31.7175        515     2.1417  0.000e+00
     39.716    12.8724   3.740198    31.7151        516     2.1458  0.000e+00
     39.844    12.8718   3.740204    31.7156        517     2.1500  0.000e+00
     39.967    12.8707   3.740457    31.7188        518     2.1542  0.000e+00
     40.083    12.8697   3.740640    31.7214        519     2.1583  0.000e+00
     40.197    12.8693   3.740853    31.7236        520     2.1625  0.000e+00
     40.315    12.8691   3.740865    31.7239        521     2.1667  0.000e+00
     40.441    12.8696   3.740593    31.7208        522     2.1708  0.000e+00
     40.586    12.8692   3.740824    31.7233        523     2.1750  0.000e+00
     40.739    12.8677   3.741402    31.7299        524     2.1792  0.000e+00
     40.909    12.8672   3.741508    31.7313        525     2.1833  0.000e+00
     41.081    12.8677   3.741644    31.7321        526     2.1875  0.000e+00
     41.271    12.8690   3.741987    31.7341        527     2.1917  0.000e+00
     41.464    12.8703   3.742388    31.7368        528     2.1958  0.000e+00
     41.678    12.8724   3.742447    31.7355        529     2.2000  0.000e+00
     41.891    12.8748   3.742388    31.7328        530     2.2042  0.000e+00
     42.108    12.8762   3.742359    31.7313        531     2.2083  0.000e+00
     42.334    12.8760   3.742583    31.7335        532     2.2125  0.000e+00
     42.556    12.8758   3.742861    31.7362        533     2.2167  0.000e+00
     42.772    12.8752   3.743003    31.7380        534     2.2208  0.000e+00
     42.985    12.8759   3.743068    31.7379        535     2.2250  0.000e+00
     43.189    12.8777   3.742826    31.7340        536     2.2292  0.000e+00
     43.397    12.8793   3.743410    31.7381        537     2.2333  0.000e+00
     43.587    12.8798   3.743221    31.7358        538     2.2375  0.000e+00
     43.770    12.8811   3.743091    31.7335        539     2.2417  0.000e+00
     43.956    12.8816   3.743044    31.7325        540     2.2458  0.000e+00
     44.137    12.8813   3.742885    31.7312        541     2.2500  0.000e+00
     44.314    12.8812   3.742714    31.7296        542     2.2542  0.000e+00
     44.482    12.8802   3.742377    31.7272        543     2.2583  0.000e+00
     44.659    12.8776   3.742212    31.7277        544     2.2625  0.000e+00
     44.836    12.8742   3.742012    31.7286        545     2.2667  0.000e+00
     45.017    12.8708   3.741905    31.7304        546     2.2708  0.000e+00
     45.200    12.8677   3.741805    31.7320        547     2.2750  0.000e+00
     45.390    12.8645   3.741841    31.7349        548     2.2792  0.000e+00
     45.580    12.8620   3.741853    31.7370        549     2.2833  0.000e+00
     45.777    12.8601   3.741929    31.7393        550     2.2875  0.000e+00
     45.968    12.8589   3.741900    31.7399        551     2.2917  0.000e+00
     46.169    12.8580   3.741994    31.7415        552     2.2958  0.000e+00
     46.368    12.8572   3.741971    31.7419        553     2.3000  0.000e+00
     46.562    12.8566   3.741841    31.7411        554     2.3042  0.000e+00
     46.746    12.8559   3.741765    31.7409        555     2.3083  0.000e+00
     46.932    12.8549   3.741599    31.7401        556     2.3125  0.000e+00
     47.113    12.8535   3.741399    31.7393        557     2.3167  0.000e+00
     47.303    12.8512   3.741251    31.7397        558     2.3208  0.000e+00
     47.486    12.8483   3.741192    31.7416        559     2.3250  0.000e+00
     47.666    12.8453   3.741033    31.7425        560     2.3292  0.000e+00
     47.842    12.8421   3.740962    31.7444        561     2.3333  0.000e+00
     48.014    12.8397   3.740968    31.7465        562     2.3375  0.000e+00
     48.180    12.8375   3.740963    31.7482        563     2.3417  0.000e+00
     48.343    12.8358   3.740945    31.7494        564     2.3458  0.000e+00
     48.498    12.8346   3.740868    31.7496        565     2.3500  0.000e+00
     48.653    12.8339   3.740833    31.7498        566     2.3542  0.000e+00
     48.804    12.8337   3.740868    31.7502        567     2.3583  0.000e+00
     48.955    12.8334   3.740898    31.7507        568     2.3625  0.000e+00
     49.111    12.8335   3.741010    31.7516        569     2.3667  0.000e+00
     49.265    12.8341   3.741075    31.7517        570     2.3708  0.000e+00
     49.427    12.8349   3.741146    31.7516        571     2.3750  0.000e+00
     49.596    12.8358   3.741276    31.7520        572     2.3792  0.000e+00
     49.762    12.8370   3.741400    31.7521        573     2.3833  0.000e+00
     49.948    12.8383   3.741666    31.7535        574     2.3875  0.000e+00
     50.142    12.8398   3.741831    31.7536        575     2.3917  0.000e+00
     50.348    12.8424   3.741996    31.7530        576     2.3958  0.000e+00
     50.561    12.8450   3.742014    31.7509        577     2.4000  0.000e+00
     50.785    12.8472   3.742108    31.7498        578     2.4042  0.000e+00
     51.011    12.8485   3.742061    31.7482        579     2.4083  0.000e+00
     51.244    12.8489   3.742061    31.7478        580     2.4125  0.000e+00
     51.465    12.8491   3.742014    31.7470        581     2.4167  0.000e+00
     51.679    12.8493   3.742062    31.7473        582     2.4208  0.000e+00
     51.903    12.8491   3.742132    31.7480        583     2.4250  0.000e+00
     52.104    12.8490   3.742127    31.7480        584     2.4292  0.000e+00
     52.293    12.8491   3.742015    31.7467        585     2.4333  0.000e+00
     52.474    12.8488   3.741714    31.7440        586     2.4375  0.000e+00
     52.641    12.8482   3.740391    31.7320        587     2.4417  0.000e+00
     52.796    12.8467   3.739630    31.7261        588     2.4458  0.000e+00
     52.944    12.8452   3.739908    31.7298        589     2.4500  0.000e+00
     52.999    12.8439   3.741318    31.7443        590     2.4542  0.000e+00
     52.993    12.8398   3.741283    31.7473        591     2.4583  0.000e+00
     52.953    12.8328   3.740970    31.7503        592     2.4625  0.000e+00
     52.906    12.8253   3.740480    31.7520        593     2.4667  0.000e+00
     52.908    12.8192   3.740616    31.7584        594     2.4708  0.000e+00
     52.943    12.8154   3.740687    31.7622        595     2.4750  0.000e+00
     53.001    12.8152   3.740817    31.7636        596     2.4792  0.000e+00
     53.064    12.8182   3.740870    31.7616        597     2.4833  0.000e+00
     53.124    12.8209   3.740640    31.7571        598     2.4875  0.000e+00
     53.200    12.8221   3.740280    31.7527        599     2.4917  0.000e+00
     53.286    12.8225   3.740357    31.7530        600     2.4958  0.000e+00
     53.377    12.8217   3.740416    31.7542        601     2.5000  0.000e+00
     53.469    12.8215   3.740292    31.7531        602     2.5042  0.000e+00
     53.554    12.8217   3.740186    31.7520        603     2.5083  0.000e+00
     53.628    12.8216   3.740050    31.7507        604     2.5125  0.000e+00
     53.684    12.8212   3.739891    31.7496        605     2.5167  0.000e+00
     53.735    12.8201   3.739631    31.7480        606     2.5208  0.000e+00
     53.766    12.8189   3.739318    31.7461        607     2.5250  0.000e+00
     53.775    12.8183   3.739194    31.7454        608     2.5292  0.000e+00
     53.773    12.8178   3.739088    31.7448        609     2.5333  0.000e+00
     53.762    12.8175   3.739064    31.7448        610     2.5375  0.000e+00
     53.746    12.8169   3.739224    31.7468        611     2.5417  0.000e+00
     53.730    12.8166   3.739542    31.7501        612     2.5458  0.000e+00
     53.719    12.8145   3.739566    31.7521        613     2.5500  0.000e+00
     53.708    12.8119   3.739413    31.7529        614     2.5542  0.000e+00
     53.719    12.8114   3.739360    31.7528        615     2.5583  0.000e+00
     53.744    12.8120   3.739542    31.7539        616     2.5625  0.000e+00
     53.777    12.8125   3.739655    31.7546        617     2.5667  0.000e+00
     53.820    12.8125   3.739637    31.7544        618     2.5708  0.000e+00
     53.874    12.8129   3.739324    31.7511        619     2.5750  0.000e+00
     53.921    12.8123   3.738882    31.7474        620     2.5792  0.000e+00
     53.983    12.8107   3.738646    31.7465        621     2.5833  0.000e+00
     54.041    12.8084   3.738587    31.7478        622     2.5875  0.000e+00
     54.098    12.8052   3.738604    31.7507        623     2.5917  0.000e+00
     54.154    12.8022   3.738628    31.7534        624     2.5958  0.000e+00
     54.205    12.7999   3.738646    31.7555        625     2.6000  0.000e+00
