HB2304/sbe132.cnv
* Sea-Bird SBE 19plus V2 Data File:
* FileName = C:\cruise\data\sbe132.hex
* Software Version Seasave V 7.26.7.121
* Temperature SN = 7037
* Conductivity SN = 7037
* System UpLoad Time = Nov 11 2023 10:10:48
** Ship: Bigelow
** Cruise:  HB2304
** Program:  Fall Bottom Trawl
# nquan = 8
# nvalues = 4011                                  
# units = specified
# name 0 = depSM: Depth [salt water, m], lat = 40.00
# name 1 = tv290C: Temperature [ITS-90, deg C]
# name 2 = c0S/m: Conductivity [S/m]
# name 3 = sal00: Salinity, Practical [PSU]
# name 4 = scan: Scan Count
# name 5 = timeM: Time, Elapsed [minutes]
# name 6 = sbeox0V: Oxygen raw, SBE 43 [V]
# name 7 = flag:  0.000e+00
# span 0 =     -0.051,    155.019                 
# span 1 =     6.9793,    10.0718                 
# span 2 =   0.000073,   3.584023                 
# span 3 =     0.0034,    34.0641                 
# span 4 =         11,       4021                 
# span 5 =     0.0417,    16.7500                 
# span 6 =     2.1128,     3.0313                 
# span 7 = 0.0000e+00, 0.0000e+00                 
# interval = seconds: 0.25
# start_time = Nov 11 2023 10:10:48 [System UTC, header]
# bad_flag = -9.990e-29
*END*
[from data line 2517]
     76.471     9.5792   3.575815    32.9728       2528    10.5292     2.6019  0.000e+00
     76.467     9.5831   3.575815    32.9692       2529    10.5333     2.6016  0.000e+00
     76.464     9.5851   3.575775    32.9669       2530    10.5375     2.5984  0.000e+00
     76.460     9.5852   3.575705    32.9661       2531    10.5417     2.5947  0.000e+00
     76.447     9.5842   3.575688    32.9669       2532    10.5458     2.5926  0.000e+00
     76.440     9.5828   3.575641    32.9677       2533    10.5500     2.5883  0.000e+00
     76.409     9.5818   3.575618    32.9684       2534    10.5542     2.5865  0.000e+00
     76.389     9.5816   3.575601    32.9684       2535    10.5583     2.5855  0.000e+00
     76.362     9.5820   3.575618    32.9682       2536    10.5625     2.5820  0.000e+00
     76.332     9.5824   3.575601    32.9677       2537    10.5667     2.5824  0.000e+00
     76.299     9.5827   3.575630    32.9677       2538    10.5708     2.5834  0.000e+00
     76.263     9.5837   3.575601    32.9665       2539    10.5750     2.5849  0.000e+00
     76.238     9.5844   3.575578    32.9657       2540    10.5792     2.5854  0.000e+00
     76.207     9.5850   3.575554    32.9649       2541    10.5833     2.5871  0.000e+00
     76.194     9.5855   3.575578    32.9647       2542    10.5875     2.5882  0.000e+00
     76.180     9.5856   3.575641    32.9653       2543    10.5917     2.5892  0.000e+00
     76.163     9.5868   3.575664    32.9644       2544    10.5958     2.5901  0.000e+00
     76.145     9.5886   3.575618    32.9622       2545    10.6000     2.5917  0.000e+00
     76.125     9.5897   3.575664    32.9617       2546    10.6042     2.5920  0.000e+00
     76.106     9.5917   3.575775    32.9611       2547    10.6083     2.5939  0.000e+00
     76.082     9.5946   3.575861    32.9593       2548    10.6125     2.5943  0.000e+00
     76.050     9.5980   3.575902    32.9566       2549    10.6167     2.5935  0.000e+00
     76.015     9.5996   3.575774    32.9539       2550    10.6208     2.5923  0.000e+00
     75.976     9.5986   3.575728    32.9543       2551    10.6250     2.5929  0.000e+00
     75.948     9.5954   3.575427    32.9542       2552    10.6292     2.5914  0.000e+00
     75.914     9.5895   3.575490    32.9603       2553    10.6333     2.5917  0.000e+00
     75.882     9.5871   3.575647    32.9640       2554    10.6375     2.5927  0.000e+00
     75.853     9.5866   3.575490    32.9630       2555    10.6417     2.5930  0.000e+00
     75.833     9.5836   3.575380    32.9646       2556    10.6458     2.5941  0.000e+00
     75.813     9.5787   3.575340    32.9687       2557    10.6500     2.5956  0.000e+00
     75.802     9.5762   3.575467    32.9722       2558    10.6542     2.5963  0.000e+00
     75.790     9.5765   3.575467    32.9720       2559    10.6583     2.5969  0.000e+00
     75.775     9.5753   3.575340    32.9718       2560    10.6625     2.5940  0.000e+00
     75.768     9.5722   3.575293    32.9742       2561    10.6667     2.5935  0.000e+00
     75.762     9.5677   3.575253    32.9779       2562    10.6708     2.5916  0.000e+00
     75.761     9.5624   3.575189    32.9822       2563    10.6750     2.5874  0.000e+00
     75.755     9.5570   3.575102    32.9862       2564    10.6792     2.5831  0.000e+00
     75.744     9.5521   3.575015    32.9898       2565    10.6833     2.5788  0.000e+00
     75.730     9.5477   3.574946    32.9932       2566    10.6875     2.5736  0.000e+00
     75.721     9.5439   3.574859    32.9957       2567    10.6917     2.5670  0.000e+00
     75.705     9.5411   3.574842    32.9982       2568    10.6958     2.5591  0.000e+00
     75.692     9.5390   3.574929    33.0010       2569    10.7000     2.5549  0.000e+00
     75.681     9.5374   3.574963    33.0028       2570    10.7042     2.5523  0.000e+00
     75.668     9.5365   3.574929    33.0033       2571    10.7083     2.5491  0.000e+00
     75.652     9.5356   3.574882    33.0037       2572    10.7125     2.5484  0.000e+00
     75.636     9.5348   3.574859    33.0041       2573    10.7167     2.5491  0.000e+00
     75.623     9.5346   3.574906    33.0048       2574    10.7208     2.5503  0.000e+00
     75.612     9.5343   3.574946    33.0055       2575    10.7250     2.5501  0.000e+00
     75.605     9.5347   3.575016    33.0059       2576    10.7292     2.5531  0.000e+00
     75.593     9.5349   3.575016    33.0057       2577    10.7333     2.5528  0.000e+00
     75.582     9.5354   3.575016    33.0053       2578    10.7375     2.5543  0.000e+00
     75.564     9.5363   3.575143    33.0057       2579    10.7417     2.5562  0.000e+00
     75.540     9.5398   3.575427    33.0054       2580    10.7458     2.5580  0.000e+00
     75.526     9.5475   3.575705    33.0012       2581    10.7500     2.5570  0.000e+00
     75.499     9.5580   3.575966    32.9942       2582    10.7542     2.5562  0.000e+00
     75.466     9.5694   3.576099    32.9852       2583    10.7583     2.5584  0.000e+00
     75.430     9.5794   3.576163    32.9767       2584    10.7625     2.5609  0.000e+00
     75.386     9.5872   3.576203    32.9699       2585    10.7667     2.5623  0.000e+00
     75.347     9.5923   3.576186    32.9650       2586    10.7708     2.5655  0.000e+00
     75.305     9.5947   3.576186    32.9628       2587    10.7750     2.5685  0.000e+00
     75.269     9.5955   3.576163    32.9619       2588    10.7792     2.5714  0.000e+00
     75.227     9.5944   3.576163    32.9629       2589    10.7833     2.5740  0.000e+00
     75.189     9.5925   3.576122    32.9643       2590    10.7875     2.5764  0.000e+00
     75.162     9.5907   3.576076    32.9655       2591    10.7917     2.5794  0.000e+00
     75.140     9.5893   3.576076    32.9668       2592    10.7958     2.5819  0.000e+00
     75.126     9.5881   3.576052    32.9677       2593    10.8000     2.5831  0.000e+00
     75.119     9.5860   3.576012    32.9691       2594    10.8042     2.5823  0.000e+00
     75.115     9.5828   3.575966    32.9716       2595    10.8083     2.5830  0.000e+00
     75.117     9.5784   3.575948    32.9754       2596    10.8125     2.5821  0.000e+00
     75.117     9.5738   3.575925    32.9794       2597    10.8167     2.5782  0.000e+00
     75.117     9.5694   3.575902    32.9833       2598    10.8208     2.5748  0.000e+00
     75.124     9.5651   3.575902    32.9872       2599    10.8250     2.5698  0.000e+00
     75.110     9.5617   3.575879    32.9901       2600    10.8292     2.5659  0.000e+00
     75.101     9.5588   3.575862    32.9926       2601    10.8333     2.5595  0.000e+00
     75.081     9.5561   3.575856    32.9951       2602    10.8375     2.5553  0.000e+00
     75.057     9.5549   3.575879    32.9964       2603    10.8417     2.5512  0.000e+00
     75.034     9.5574   3.575861    32.9940       2604    10.8458     2.5488  0.000e+00
     74.994     9.5624   3.575728    32.9880       2605    10.8500     2.5492  0.000e+00
     74.963     9.5677   3.575861    32.9845       2606    10.8542     2.5493  0.000e+00
     74.929     9.5730   3.576012    32.9812       2607    10.8583     2.5541  0.000e+00
     74.891     9.5798   3.576186    32.9767       2608    10.8625     2.5568  0.000e+00
     74.846     9.5888   3.576273    32.9694       2609    10.8667     2.5624  0.000e+00
     74.803     9.5962   3.576203    32.9619       2610    10.8708     2.5662  0.000e+00
     74.759     9.6002   3.576226    32.9585       2611    10.8750     2.5720  0.000e+00
     74.716     9.6029   3.576336    32.9571       2612    10.8792     2.5764  0.000e+00
     74.669     9.6055   3.576290    32.9543       2613    10.8833     2.5793  0.000e+00
     74.631     9.6066   3.576226    32.9526       2614    10.8875     2.5829  0.000e+00
     74.598     9.6069   3.576185    32.9520       2615    10.8917     2.5873  0.000e+00
     74.564     9.6057   3.576035    32.9515       2616    10.8958     2.5892  0.000e+00
     74.535     9.6016   3.575751    32.9524       2617    10.9000     2.5887  0.000e+00
     74.512     9.5944   3.575467    32.9562       2618    10.9042     2.5897  0.000e+00
     74.494     9.5853   3.575339    32.9632       2619    10.9083     2.5898  0.000e+00
     74.479     9.5757   3.575276    32.9713       2620    10.9125     2.5911  0.000e+00
     74.463     9.5678   3.575206    32.9779       2621    10.9167     2.5897  0.000e+00
     74.448     9.5618   3.575166    32.9830       2622    10.9208     2.5906  0.000e+00
     74.419     9.5599   3.575426    32.9874       2623    10.9250     2.5898  0.000e+00
     74.394     9.5646   3.575641    32.9853       2624    10.9292     2.5903  0.000e+00
     74.365     9.5707   3.575426    32.9776       2625    10.9333     2.5914  0.000e+00
     74.327     9.5730   3.575380    32.9750       2626    10.9375     2.5918  0.000e+00
     74.289     9.5741   3.575467    32.9749       2627    10.9417     2.5931  0.000e+00
     74.250     9.5746   3.575403    32.9738       2628    10.9458     2.5955  0.000e+00
     74.217     9.5742   3.575403    32.9741       2629    10.9500     2.5975  0.000e+00
     74.183     9.5738   3.575403    32.9745       2630    10.9542     2.5996  0.000e+00
     74.152     9.5730   3.575357    32.9748       2631    10.9583     2.6017  0.000e+00
     74.121     9.5704   3.575252    32.9761       2632    10.9625     2.6016  0.000e+00
     74.098     9.5658   3.575148    32.9793       2633    10.9667     2.6028  0.000e+00
     74.072     9.5607   3.575079    32.9833       2634    10.9708     2.6001  0.000e+00
     74.056     9.5561   3.575079    32.9875       2635    10.9750     2.6001  0.000e+00
     74.031     9.5528   3.575119    32.9910       2636    10.9792     2.5978  0.000e+00
     74.016     9.5529   3.575316    32.9929       2637    10.9833     2.5966  0.000e+00
     73.997     9.5562   3.575380    32.9906       2638    10.9875     2.5940  0.000e+00
     73.977     9.5599   3.575357    32.9869       2639    10.9917     2.5913  0.000e+00
     73.961     9.5629   3.575380    32.9844       2640    10.9958     2.5889  0.000e+00
     73.941     9.5644   3.575252    32.9818       2641    11.0000     2.5858  0.000e+00
     73.912     9.5632   3.575078    32.9811       2642    11.0042     2.5832  0.000e+00
     73.883     9.5603   3.575032    32.9833       2643    11.0083     2.5803  0.000e+00
     73.843     9.5590   3.575119    32.9854       2644    11.0125     2.5808  0.000e+00
     73.803     9.5588   3.575055    32.9849       2645    11.0167     2.5783  0.000e+00
     73.765     9.5579   3.574992    32.9851       2646    11.0208     2.5790  0.000e+00
     73.717     9.5578   3.575357    32.9890       2647    11.0250     2.5792  0.000e+00
     73.671     9.5633   3.575861    32.9891       2648    11.0292     2.5818  0.000e+00
     73.623     9.5740   3.576226    32.9831       2649    11.0333     2.5843  0.000e+00
     73.570     9.5871   3.576377    32.9725       2650    11.0375     2.5856  0.000e+00
     73.525     9.5995   3.576510    32.9626       2651    11.0417     2.5892  0.000e+00
     73.478     9.6099   3.576573    32.9537       2652    11.0458     2.5908  0.000e+00
     73.435     9.6177   3.576620    32.9471       2653    11.0500     2.5937  0.000e+00
     73.391     9.6230   3.576620    32.9422       2654    11.0542     2.5967  0.000e+00
     73.350     9.6265   3.576573    32.9386       2655    11.0583     2.5959  0.000e+00
     73.310     9.6284   3.576550    32.9366       2656    11.0625     2.5969  0.000e+00
     73.270     9.6295   3.576596    32.9361       2657    11.0667     2.5963  0.000e+00
     73.238     9.6304   3.576619    32.9355       2658    11.0708     2.5963  0.000e+00
     73.209     9.6315   3.576637    32.9346       2659    11.0750     2.5966  0.000e+00
     73.172     9.6323   3.576619    32.9338       2660    11.0792     2.5950  0.000e+00
     73.144     9.6330   3.576637    32.9333       2661    11.0833     2.5965  0.000e+00
     73.111     9.6336   3.576660    32.9330       2662    11.0875     2.5976  0.000e+00
     73.082     9.6343   3.576683    32.9326       2663    11.0917     2.5979  0.000e+00
     73.049     9.6354   3.576770    32.9325       2664    11.0958     2.5995  0.000e+00
     73.019     9.6360   3.576793    32.9322       2665    11.1000     2.6005  0.000e+00
     72.984     9.6373   3.576880    32.9320       2666    11.1042     2.6024  0.000e+00
     72.952     9.6392   3.576898    32.9304       2667    11.1083     2.6011  0.000e+00
     72.918     9.6411   3.576967    32.9294       2668    11.1125     2.6011  0.000e+00
     72.882     9.6429   3.577008    32.9282       2669    11.1167     2.5997  0.000e+00
     72.849     9.6443   3.576967    32.9265       2670    11.1208     2.6001  0.000e+00
     72.807     9.6448   3.576921    32.9256       2671    11.1250     2.6008  0.000e+00
     72.775     9.6442   3.576880    32.9258       2672    11.1292     2.6013  0.000e+00
     72.739     9.6427   3.576834    32.9266       2673    11.1333     2.6010  0.000e+00
     72.701     9.6414   3.576834    32.9279       2674    11.1375     2.6027  0.000e+00
     72.659     9.6407   3.576880    32.9290       2675    11.1417     2.6032  0.000e+00
     72.608     9.6404   3.576834    32.9288       2676    11.1458     2.6021  0.000e+00
     72.565     9.6397   3.576770    32.9288       2677    11.1500     2.6037  0.000e+00
     72.522     9.6385   3.576793    32.9302       2678    11.1542     2.6027  0.000e+00
     72.475     9.6383   3.576915    32.9316       2679    11.1583     2.6056  0.000e+00
     72.426     9.6395   3.577054    32.9319       2680    11.1625     2.6067  0.000e+00
     72.377     9.6419   3.577135    32.9306       2681    11.1667     2.6090  0.000e+00
     72.325     9.6447   3.577205    32.9288       2682    11.1708     2.6095  0.000e+00
     72.278     9.6471   3.577245    32.9270       2683    11.1750     2.6105  0.000e+00
     72.222     9.6511   3.577355    32.9245       2684    11.1792     2.6136  0.000e+00
     72.167     9.6566   3.577419    32.9202       2685    11.1833     2.6149  0.000e+00
     72.117     9.6616   3.577442    32.9158       2686    11.1875     2.6179  0.000e+00
     72.055     9.6656   3.577465    32.9124       2687    11.1917     2.6190  0.000e+00
     72.005     9.6685   3.577419    32.9093       2688    11.1958     2.6214  0.000e+00
     71.952     9.6711   3.577291    32.9057       2689    11.2000     2.6221  0.000e+00
     71.902     9.6736   3.577204    32.9025       2690    11.2042     2.6242  0.000e+00
     71.853     9.6767   3.576984    32.8974       2691    11.2083     2.6261  0.000e+00
     71.808     9.6805   3.576705    32.8911       2692    11.2125     2.6293  0.000e+00
     71.762     9.6845   3.576572    32.8861       2693    11.2167     2.6292  0.000e+00
     71.723     9.6878   3.576537    32.8828       2694    11.2208     2.6314  0.000e+00
     71.686     9.6904   3.576572    32.8807       2695    11.2250     2.6336  0.000e+00
     71.649     9.6923   3.576572    32.8790       2696    11.2292     2.6338  0.000e+00
     71.609     9.6938   3.576549    32.8775       2697    11.2333     2.6314  0.000e+00
     71.569     9.6948   3.576531    32.8764       2698    11.2375     2.6331  0.000e+00
     71.522     9.6957   3.576485    32.8751       2699    11.2417     2.6335  0.000e+00
     71.461     9.6965   3.576398    32.8735       2700    11.2458     2.6318  0.000e+00
     71.405     9.6972   3.576311    32.8720       2701    11.2500     2.6330  0.000e+00
     71.340     9.6975   3.576247    32.8711       2702    11.2542     2.6331  0.000e+00
     71.278     9.6977   3.576183    32.8703       2703    11.2583     2.6328  0.000e+00
     71.211     9.6979   3.576160    32.8700       2704    11.2625     2.6362  0.000e+00
     71.143     9.6980   3.576137    32.8696       2705    11.2667     2.6397  0.000e+00
     71.087     9.6979   3.576160    32.8699       2706    11.2708     2.6420  0.000e+00
