HB2304/sbe136.cnv
* Sea-Bird SBE 19plus V2 Data File:
* FileName = C:\cruise\data\sbe136.hex
* Software Version Seasave V 7.26.7.121
* Temperature SN = 7037
* Conductivity SN = 7037
* System UpLoad Time = Nov 13 2023 11:22:05
** Ship: Bigelow
** Cruise:  HB2304
** Program:  Fall Bottom Trawl
# nquan = 8
# nvalues = 3538                                  
# units = specified
# name 0 = depSM: Depth [salt water, m], lat = 40.00
# name 1 = tv290C: Temperature [ITS-90, deg C]
# name 2 = c0S/m: Conductivity [S/m]
# name 3 = sal00: Salinity, Practical [PSU]
# name 4 = scan: Scan Count
# name 5 = timeM: Time, Elapsed [minutes]
# name 6 = sbeox0V: Oxygen raw, SBE 43 [V]
# name 7 = flag:  0.000e+00
# span 0 =      0.056,    136.439                 
# span 1 =     5.5872,    11.5827                 
# span 2 =  -0.087225,   3.651168                 
# span 3 =     0.0000,    34.7359                 
# span 4 =         11,       3548                 
# span 5 =     0.0417,    14.7792                 
# span 6 =     1.9435,     3.0931                 
# span 7 = 0.0000e+00, 0.0000e+00                 
# interval = seconds: 0.25
# start_time = Nov 13 2023 11:22:05 [System UTC, header]
# bad_flag = -9.990e-29
*END*
[from data line 180]
      8.300    11.1991   3.514469    30.9643        191     0.7917     2.6384  0.000e+00
      8.428    11.1996   3.518085    30.9991        192     0.7958     2.6311  0.000e+00
      8.556    11.1993   3.522284    31.0405        193     0.8000     2.6200  0.000e+00
      8.676    11.1993   3.526526    31.0819        194     0.8042     2.6119  0.000e+00
      8.799    11.2045   3.531785    31.1289        195     0.8083     2.6042  0.000e+00
      8.918    11.2147   3.536384    31.1652        196     0.8125     2.5984  0.000e+00
      9.035    11.2247   3.538744    31.1799        197     0.8167     2.5917  0.000e+00
      9.158    11.2333   3.538675    31.1718        198     0.8208     2.5864  0.000e+00
      9.270    11.2427   3.537047    31.1479        199     0.8250     2.5845  0.000e+00
      9.393    11.2500   3.534369    31.1155        200     0.8292     2.5838  0.000e+00
      9.516    11.2520   3.533192    31.1023        201     0.8333     2.5819  0.000e+00
      9.646    11.2503   3.531312    31.0853        202     0.8375     2.5817  0.000e+00
      9.778    11.2504   3.529368    31.0661        203     0.8417     2.5816  0.000e+00
      9.910    11.2544   3.529709    31.0661        204     0.8458     2.5853  0.000e+00
     10.051    11.2592   3.530649    31.0711        205     0.8500     2.5878  0.000e+00
     10.196    11.2622   3.532852    31.0901        206     0.8542     2.5916  0.000e+00
     10.344    11.2641   3.534779    31.1072        207     0.8583     2.5956  0.000e+00
     10.490    11.2659   3.537624    31.1335        208     0.8625     2.6004  0.000e+00
     10.631    11.2693   3.541036    31.1639        209     0.8667     2.6045  0.000e+00
     10.772    11.2738   3.543375    31.1829        210     0.8708     2.6073  0.000e+00
     10.911    11.2785   3.544063    31.1856        211     0.8750     2.6110  0.000e+00
     11.048    11.2817   3.544103    31.1832        212     0.8792     2.6165  0.000e+00
     11.177    11.2826   3.545160    31.1927        213     0.8833     2.6172  0.000e+00
     11.307    11.2826   3.549072    31.2309        214     0.8875     2.6177  0.000e+00
     11.433    11.2846   3.552038    31.2581        215     0.8917     2.6179  0.000e+00
     11.556    11.2870   3.553223    31.2676        216     0.8958     2.6184  0.000e+00
     11.683    11.2896   3.553437    31.2675        217     0.9000     2.6175  0.000e+00
     11.804    11.2918   3.553206    31.2633        218     0.9042     2.6187  0.000e+00
     11.930    11.2937   3.552535    31.2551        219     0.9083     2.6186  0.000e+00
     12.051    11.2978   3.552448    31.2507        220     0.9125     2.6203  0.000e+00
     12.183    11.3012   3.553934    31.2623        221     0.9167     2.6215  0.000e+00
     12.313    11.3050   3.554669    31.2662        222     0.9208     2.6234  0.000e+00
     12.436    11.3085   3.553761    31.2543        223     0.9250     2.6267  0.000e+00
     12.562    11.3109   3.551610    31.2313        224     0.9292     2.6311  0.000e+00
     12.693    11.3112   3.550535    31.2204        225     0.9333     2.6355  0.000e+00
     12.823    11.3112   3.548616    31.2016        226     0.9375     2.6409  0.000e+00
     12.953    11.3107   3.546640    31.1827        227     0.9417     2.6447  0.000e+00
     13.081    11.3103   3.545311    31.1701        228     0.9458     2.6473  0.000e+00
     13.209    11.3093   3.543012    31.1484        229     0.9500     2.6504  0.000e+00
     13.334    11.3078   3.537694    31.0977        230     0.9542     2.6523  0.000e+00
     13.460    11.3043   3.535547    31.0796        231     0.9583     2.6520  0.000e+00
     13.591    11.2995   3.534780    31.0761        232     0.9625     2.6506  0.000e+00
     13.721    11.2946   3.533667    31.0694        233     0.9667     2.6490  0.000e+00
     13.851    11.2902   3.533476    31.0711        234     0.9708     2.6474  0.000e+00
     13.981    11.2859   3.535721    31.0966        235     0.9750     2.6438  0.000e+00
     14.113    11.2819   3.540010    31.1418        236     0.9792     2.6403  0.000e+00
     14.243    11.2797   3.545265    31.1950        237     0.9833     2.6361  0.000e+00
     14.373    11.2809   3.548617    31.2267        238     0.9875     2.6295  0.000e+00
     14.500    11.2823   3.549050    31.2296        239     0.9917     2.6252  0.000e+00
     14.641    11.2826   3.548987    31.2287        240     0.9958     2.6195  0.000e+00
     14.771    11.2828   3.548079    31.2196        241     1.0000     2.6146  0.000e+00
     14.906    11.2817   3.547502    31.2149        242     1.0042     2.6107  0.000e+00
     15.047    11.2791   3.545115    31.1937        243     1.0083     2.6049  0.000e+00
     15.188    11.2766   3.544064    31.1855        244     1.0125     2.6017  0.000e+00
     15.331    11.2740   3.546063    31.2071        245     1.0167     2.5953  0.000e+00
     15.470    11.2727   3.548577    31.2327        246     1.0208     2.5894  0.000e+00
     15.611    11.2747   3.552987    31.2741        247     1.0250     2.5836  0.000e+00
     15.741    11.2790   3.557776    31.3172        248     1.0292     2.5777  0.000e+00
     15.873    11.2846   3.561225    31.3462        249     1.0333     2.5711  0.000e+00
     16.001    11.2906   3.563083    31.3592        250     1.0375     2.5662  0.000e+00
     16.121    11.2966   3.563690    31.3599        251     1.0417     2.5633  0.000e+00
     16.238    11.3029   3.563974    31.3573        252     1.0458     2.5599  0.000e+00
     16.361    11.3098   3.564877    31.3602        253     1.0500     2.5585  0.000e+00
     16.489    11.3166   3.565896    31.3644        254     1.0542     2.5566  0.000e+00
     16.605    11.3216   3.566394    31.3649        255     1.0583     2.5569  0.000e+00
     16.724    11.3262   3.566869    31.3656        256     1.0625     2.5590  0.000e+00
     16.852    11.3308   3.567303    31.3659        257     1.0667     2.5626  0.000e+00
     16.981    11.3343   3.566869    31.3586        258     1.0708     2.5691  0.000e+00
     17.109    11.3366   3.566024    31.3483        259     1.0750     2.5768  0.000e+00
     17.242    11.3385   3.565115    31.3378        260     1.0792     2.5845  0.000e+00
     17.376    11.3402   3.563754    31.3230        261     1.0833     2.5954  0.000e+00
     17.510    11.3408   3.562481    31.3100        262     1.0875     2.6059  0.000e+00
     17.645    11.3407   3.561832    31.3037        263     1.0917     2.6152  0.000e+00
     17.783    11.3410   3.560687    31.2922        264     1.0958     2.6218  0.000e+00
     17.913    11.3415   3.559500    31.2802        265     1.1000     2.6301  0.000e+00
     18.048    11.3412   3.558378    31.2694        266     1.1042     2.6350  0.000e+00
     18.180    11.3402   3.556434    31.2512        267     1.1083     2.6395  0.000e+00
     18.321    11.3380   3.556955    31.2581        268     1.1125     2.6415  0.000e+00
     18.451    11.3350   3.557516    31.2661        269     1.1167     2.6426  0.000e+00
     18.592    11.3324   3.558963    31.2824        270     1.1208     2.6437  0.000e+00
     18.729    11.3315   3.561225    31.3052        271     1.1250     2.6419  0.000e+00
     18.870    11.3315   3.563986    31.3321        272     1.1292     2.6405  0.000e+00
     19.002    11.3326   3.566175    31.3524        273     1.1333     2.6369  0.000e+00
     19.145    11.3347   3.568318    31.3715        274     1.1375     2.6335  0.000e+00
     19.286    11.3363   3.569922    31.3858        275     1.1417     2.6303  0.000e+00
     19.422    11.3379   3.570681    31.3918        276     1.1458     2.6258  0.000e+00
     19.563    11.3402   3.571069    31.3936        277     1.1500     2.6235  0.000e+00
     19.700    11.3436   3.572304    31.4027        278     1.1542     2.6205  0.000e+00
     19.834    11.3477   3.574628    31.4218        279     1.1583     2.6168  0.000e+00
     19.965    11.3515   3.576558    31.4374        280     1.1625     2.6145  0.000e+00
     20.098    11.3554   3.577706    31.4452        281     1.1667     2.6120  0.000e+00
     20.217    11.3588   3.578164    31.4468        282     1.1708     2.6113  0.000e+00
     20.338    11.3619   3.578883    31.4510        283     1.1750     2.6120  0.000e+00
     20.457    11.3650   3.579405    31.4535        284     1.1792     2.6156  0.000e+00
     20.578    11.3671   3.579335    31.4510        285     1.1833     2.6207  0.000e+00
     20.696    11.3697   3.578709    31.4426        286     1.1875     2.6300  0.000e+00
     20.810    11.3705   3.578448    31.4393        287     1.1917     2.6394  0.000e+00
     20.934    11.3720   3.578599    31.4395        288     1.1958     2.6508  0.000e+00
     21.050    11.3746   3.578576    31.4370        289     1.2000     2.6616  0.000e+00
     21.175    11.3770   3.578205    31.4313        290     1.2042     2.6759  0.000e+00
     21.305    11.3795   3.577752    31.4246        291     1.2083     2.6864  0.000e+00
     21.426    11.3813   3.577341    31.4190        292     1.2125     2.6971  0.000e+00
     21.547    11.3827   3.576947    31.4140        293     1.2167     2.7052  0.000e+00
     21.671    11.3835   3.576709    31.4110        294     1.2208     2.7139  0.000e+00
     21.800    11.3835   3.576164    31.4056        295     1.2250     2.7170  0.000e+00
     21.923    11.3832   3.575909    31.4032        296     1.2292     2.7209  0.000e+00
     22.051    11.3828   3.575822    31.4027        297     1.2333     2.7209  0.000e+00
     22.179    11.3830   3.575886    31.4031        298     1.2375     2.7206  0.000e+00
     22.307    11.3829   3.575753    31.4018        299     1.2417     2.7192  0.000e+00
     22.436    11.3821   3.575735    31.4023        300     1.2458     2.7175  0.000e+00
     22.576    11.3813   3.575909    31.4047        301     1.2500     2.7134  0.000e+00
     22.714    11.3809   3.576686    31.4125        302     1.2542     2.7079  0.000e+00
     22.858    11.3809   3.577666    31.4220        303     1.2583     2.7047  0.000e+00
     23.005    11.3808   3.578686    31.4320        304     1.2625     2.6992  0.000e+00
     23.144    11.3810   3.579707    31.4417        305     1.2667     2.6926  0.000e+00
     23.292    11.3811   3.580467    31.4490        306     1.2708     2.6877  0.000e+00
     23.442    11.3813   3.581076    31.4547        307     1.2750     2.6813  0.000e+00
     23.583    11.3811   3.581639    31.4603        308     1.2792     2.6757  0.000e+00
     23.727    11.3810   3.583118    31.4747        309     1.2833     2.6712  0.000e+00
     23.863    11.3813   3.584580    31.4887        310     1.2875     2.6654  0.000e+00
     23.991    11.3810   3.585665    31.4995        311     1.2917     2.6616  0.000e+00
     24.122    11.3806   3.586275    31.5058        312     1.2958     2.6619  0.000e+00
     24.243    11.3814   3.586623    31.5084        313     1.3000     2.6571  0.000e+00
     24.356    11.3841   3.586867    31.5084        314     1.3042     2.6571  0.000e+00
     24.478    11.3863   3.586670    31.5045        315     1.3083     2.6674  0.000e+00
     24.590    11.3876   3.586147    31.4984        316     1.3125     2.6741  0.000e+00
     24.702    11.3890   3.585468    31.4904        317     1.3167     2.6844  0.000e+00
     24.816    11.3912   3.585016    31.4842        318     1.3208     2.6970  0.000e+00
     24.931    11.3932   3.584644    31.4787        319     1.3250     2.7102  0.000e+00
     25.051    11.3951   3.584337    31.4741        320     1.3292     2.7230  0.000e+00
     25.174    11.3967   3.583925    31.4687        321     1.3333     2.7335  0.000e+00
     25.302    11.3981   3.583513    31.4634        322     1.3375     2.7427  0.000e+00
     25.434    11.3993   3.583031    31.4576        323     1.3417     2.7518  0.000e+00
     25.562    11.4001   3.582817    31.4548        324     1.3458     2.7533  0.000e+00
     25.703    11.4002   3.583032    31.4567        325     1.3500     2.7569  0.000e+00
     25.839    11.4004   3.583797    31.4640        326     1.3542     2.7583  0.000e+00
     25.974    11.4013   3.584650    31.4715        327     1.3583     2.7575  0.000e+00
     26.108    11.4028   3.585643    31.4799        328     1.3625     2.7543  0.000e+00
     26.240    11.4053   3.587216    31.4930        329     1.3667     2.7519  0.000e+00
     26.357    11.4082   3.588435    31.5024        330     1.3708     2.7473  0.000e+00
     26.478    11.4111   3.589369    31.5090        331     1.3750     2.7426  0.000e+00
     26.594    11.4143   3.590066    31.5130        332     1.3792     2.7366  0.000e+00
     26.704    11.4183   3.590438    31.5131        333     1.3833     2.7310  0.000e+00
     26.814    11.4240   3.590745    31.5113        334     1.3875     2.7272  0.000e+00
     26.935    11.4277   3.590832    31.5089        335     1.3917     2.7231  0.000e+00
     27.049    11.4315   3.590896    31.5063        336     1.3958     2.7225  0.000e+00
     27.172    11.4355   3.590379    31.4977        337     1.4000     2.7236  0.000e+00
     27.302    11.4382   3.589677    31.4885        338     1.4042     2.7276  0.000e+00
     27.443    11.4398   3.588719    31.4778        339     1.4083     2.7337  0.000e+00
     27.577    11.4415   3.588110    31.4704        340     1.4125     2.7401  0.000e+00
     27.723    11.4431   3.587430    31.4623        341     1.4167     2.7442  0.000e+00
     27.871    11.4448   3.586995    31.4566        342     1.4208     2.7499  0.000e+00
     28.016    11.4465   3.588023    31.4651        343     1.4250     2.7505  0.000e+00
     28.166    11.4488   3.590960    31.4917        344     1.4292     2.7535  0.000e+00
     28.298    11.4524   3.593295    31.5113        345     1.4333     2.7537  0.000e+00
     28.435    11.4558   3.594846    31.5235        346     1.4375     2.7498  0.000e+00
     28.558    11.4587   3.596438    31.5365        347     1.4417     2.7478  0.000e+00
     28.676    11.4614   3.597600    31.5454        348     1.4458     2.7427  0.000e+00
     28.789    11.4632   3.598082    31.5485        349     1.4500     2.7398  0.000e+00
     28.896    11.4659   3.598297    31.5483        350     1.4542     2.7359  0.000e+00
     29.003    11.4681   3.598169    31.5451        351     1.4583     2.7323  0.000e+00
     29.104    11.4702   3.597798    31.5397        352     1.4625     2.7303  0.000e+00
     29.211    11.4716   3.597275    31.5334        353     1.4667     2.7285  0.000e+00
     29.315    11.4716   3.595874    31.5196        354     1.4708     2.7267  0.000e+00
     29.438    11.4707   3.592743    31.4898        355     1.4750     2.7315  0.000e+00
     29.561    11.4672   3.589788    31.4640        356     1.4792     2.7358  0.000e+00
     29.693    11.4639   3.589677    31.4657        357     1.4833     2.7411  0.000e+00
     29.823    11.4624   3.591315    31.4829        358     1.4875     2.7448  0.000e+00
     29.953    11.4623   3.592447    31.4940        359     1.4917     2.7480  0.000e+00
     30.091    11.4630   3.592796    31.4967        360     1.4958     2.7489  0.000e+00
     30.230    11.4647   3.594190    31.5088        361     1.5000     2.7486  0.000e+00
     30.378    11.4667   3.595241    31.5172        362     1.5042     2.7482  0.000e+00
     30.519    11.4687   3.595613    31.5191        363     1.5083     2.7445  0.000e+00
     30.661    11.4706   3.596148    31.5226        364     1.5125     2.7409  0.000e+00
     30.806    11.4723   3.597293    31.5323        365     1.5167     2.7364  0.000e+00
     30.938    11.4736   3.598170    31.5396        366     1.5208     2.7317  0.000e+00
     31.073    11.4743   3.598827    31.5454        367     1.5250     2.7260  0.000e+00
     31.207    11.4756   3.598955    31.5455        368     1.5292     2.7207  0.000e+00
     31.337    11.4764   3.599176    31.5469        369     1.5333     2.7146  0.000e+00
