HB2304/sbe135.cnv
* Sea-Bird SBE 19plus V2 Data File:
* FileName = C:\cruise\data\sbe135.hex
* Software Version Seasave V 7.26.7.121
* Temperature SN = 7037
* Conductivity SN = 7037
* System UpLoad Time = Nov 12 2023 06:13:29
** Ship: Bigelow
** Cruise:  HB2304
** Program:  Fall Bottom Trawl
# nquan = 8
# nvalues = 4543                                  
# units = specified
# name 0 = depSM: Depth [salt water, m], lat = 40.00
# name 1 = tv290C: Temperature [ITS-90, deg C]
# name 2 = c0S/m: Conductivity [S/m]
# name 3 = sal00: Salinity, Practical [PSU]
# name 4 = scan: Scan Count
# name 5 = timeM: Time, Elapsed [minutes]
# name 6 = sbeox0V: Oxygen raw, SBE 43 [V]
# name 7 = flag:  0.000e+00
# span 0 =      0.086,    194.181                 
# span 1 =     5.0033,    10.9871                 
# span 2 =   0.000089,   3.632403                 
# span 3 =     0.0022,    35.1961                 
# span 4 =         11,       4553                 
# span 5 =     0.0417,    18.9667                 
# span 6 =     1.7584,     3.1064                 
# span 7 = 0.0000e+00, 0.0000e+00                 
# interval = seconds: 0.25
# start_time = Nov 12 2023 06:13:29 [System UTC, header]
# bad_flag = -9.990e-29
*END*
[from data line 3416]
     63.845     9.0754   3.531696    32.9880       3427    14.2750     2.3767  0.000e+00
     63.765     9.0758   3.531719    32.9879       3428    14.2792     2.3771  0.000e+00
     63.691     9.0763   3.531742    32.9878       3429    14.2833     2.3776  0.000e+00
     63.619     9.0769   3.531719    32.9870       3430    14.2875     2.3787  0.000e+00
     63.552     9.0775   3.531742    32.9866       3431    14.2917     2.3792  0.000e+00
     63.496     9.0783   3.531869    32.9873       3432    14.2958     2.3807  0.000e+00
     63.440     9.0803   3.531978    32.9866       3433    14.3000     2.3797  0.000e+00
     63.386     9.0831   3.532192    32.9862       3434    14.3042     2.3808  0.000e+00
     63.346     9.0870   3.532532    32.9862       3435    14.3083     2.3800  0.000e+00
     63.297     9.0929   3.532982    32.9854       3436    14.3125     2.3817  0.000e+00
     63.248     9.0997   3.533322    32.9827       3437    14.3167     2.3802  0.000e+00
     63.194     9.1064   3.533582    32.9792       3438    14.3208     2.3795  0.000e+00
     63.127     9.1125   3.533824    32.9761       3439    14.3250     2.3793  0.000e+00
     63.060     9.1181   3.533985    32.9726       3440    14.3292     2.3788  0.000e+00
     62.988     9.1227   3.534112    32.9697       3441    14.3333     2.3792  0.000e+00
     62.905     9.1263   3.534222    32.9675       3442    14.3375     2.3795  0.000e+00
     62.825     9.1294   3.534372    32.9663       3443    14.3417     2.3805  0.000e+00
     62.744     9.1322   3.534499    32.9650       3444    14.3458     2.3798  0.000e+00
     62.664     9.1347   3.534435    32.9621       3445    14.3500     2.3821  0.000e+00
     62.585     9.1364   3.534481    32.9610       3446    14.3542     2.3834  0.000e+00
     62.522     9.1383   3.534562    32.9602       3447    14.3583     2.3844  0.000e+00
     62.467     9.1400   3.534758    32.9606       3448    14.3625     2.3847  0.000e+00
     62.413     9.1421   3.534885    32.9600       3449    14.3667     2.3880  0.000e+00
     62.372     9.1441   3.534971    32.9590       3450    14.3708     2.3877  0.000e+00
     62.332     9.1459   3.535035    32.9581       3451    14.3750     2.3867  0.000e+00
     62.294     9.1477   3.535144    32.9576       3452    14.3792     2.3882  0.000e+00
     62.247     9.1494   3.535248    32.9571       3453    14.3833     2.3862  0.000e+00
     62.204     9.1510   3.535358    32.9568       3454    14.3875     2.3850  0.000e+00
     62.155     9.1527   3.535508    32.9568       3455    14.3917     2.3847  0.000e+00
     62.110     9.1543   3.535589    32.9561       3456    14.3958     2.3846  0.000e+00
     62.059     9.1559   3.535658    32.9554       3457    14.4000     2.3834  0.000e+00
     62.010     9.1574   3.535698    32.9545       3458    14.4042     2.3847  0.000e+00
     61.949     9.1588   3.535739    32.9536       3459    14.4083     2.3852  0.000e+00
     61.886     9.1603   3.535762    32.9525       3460    14.4125     2.3849  0.000e+00
     61.817     9.1617   3.535779    32.9514       3461    14.4167     2.3855  0.000e+00
     61.750     9.1630   3.535762    32.9501       3462    14.4208     2.3873  0.000e+00
     61.672     9.1639   3.535721    32.9489       3463    14.4250     2.3870  0.000e+00
     61.584     9.1647   3.535658    32.9476       3464    14.4292     2.3901  0.000e+00
     61.502     9.1655   3.535588    32.9460       3465    14.4333     2.3909  0.000e+00
     61.414     9.1666   3.535658    32.9458       3466    14.4375     2.3908  0.000e+00
     61.325     9.1681   3.535721    32.9451       3467    14.4417     2.3921  0.000e+00
     61.229     9.1700   3.535784    32.9441       3468    14.4458     2.3944  0.000e+00
     61.150     9.1720   3.535871    32.9432       3469    14.4500     2.3947  0.000e+00
     61.065     9.1741   3.535911    32.9417       3470    14.4542     2.3946  0.000e+00
     60.986     9.1764   3.535934    32.9398       3471    14.4583     2.3962  0.000e+00
     60.911     9.1788   3.536038    32.9388       3472    14.4625     2.3957  0.000e+00
     60.845     9.1813   3.536171    32.9378       3473    14.4667     2.3969  0.000e+00
     60.774     9.1841   3.536234    32.9359       3474    14.4708     2.3977  0.000e+00
     60.713     9.1870   3.536211    32.9331       3475    14.4750     2.3958  0.000e+00
     60.653     9.1892   3.536257    32.9315       3476    14.4792     2.3967  0.000e+00
     60.584     9.1916   3.536321    32.9299       3477    14.4833     2.3960  0.000e+00
     60.519     9.1940   3.536361    32.9282       3478    14.4875     2.3950  0.000e+00
     60.452     9.1958   3.536447    32.9275       3479    14.4917     2.3962  0.000e+00
     60.382     9.1974   3.536471    32.9263       3480    14.4958     2.3962  0.000e+00
     60.310     9.1989   3.536921    32.9296       3481    14.5000     2.3967  0.000e+00
     60.239     9.2022   3.537371    32.9313       3482    14.5042     2.3946  0.000e+00
     60.174     9.2069   3.537688    32.9303       3483    14.5083     2.3940  0.000e+00
     60.098     9.2124   3.538161    32.9300       3484    14.5125     2.3950  0.000e+00
     60.026     9.2183   3.538225    32.9253       3485    14.5167     2.3944  0.000e+00
     59.959     9.2227   3.538623    32.9254       3486    14.5208     2.3939  0.000e+00
     59.881     9.2275   3.539939    32.9347       3487    14.5250     2.3937  0.000e+00
     59.805     9.2368   3.541036    32.9374       3488    14.5292     2.3937  0.000e+00
     59.728     9.2485   3.541954    32.9362       3489    14.5333     2.3951  0.000e+00
     59.648     9.2616   3.543138    32.9363       3490    14.5375     2.3964  0.000e+00
     59.565     9.2756   3.543675    32.9290       3491    14.5417     2.3963  0.000e+00
     59.484     9.2881   3.544813    32.9292       3492    14.5458     2.3972  0.000e+00
     59.395     9.3011   3.545540    32.9248       3493    14.5500     2.3988  0.000e+00
     59.309     9.3129   3.545714    32.9158       3494    14.5542     2.4017  0.000e+00
     59.222     9.3217   3.545817    32.9088       3495    14.5583     2.4032  0.000e+00
     59.128     9.3276   3.545968    32.9050       3496    14.5625     2.4043  0.000e+00
     59.037     9.3317   3.546014    32.9017       3497    14.5667     2.4053  0.000e+00
     58.952     9.3348   3.546355    32.9024       3498    14.5708     2.4069  0.000e+00
     58.851     9.3380   3.546614    32.9022       3499    14.5750     2.4077  0.000e+00
     58.766     9.3419   3.548227    32.9153       3500    14.5792     2.4114  0.000e+00
     58.676     9.3511   3.550746    32.9329       3501    14.5833     2.4131  0.000e+00
     58.589     9.3684   3.552209    32.9320       3502    14.5875     2.4160  0.000e+00
     58.504     9.3867   3.553087    32.9243       3503    14.5917     2.4164  0.000e+00
     58.428     9.4031   3.553822    32.9168       3504    14.5958     2.4188  0.000e+00
     58.353     9.4167   3.554770    32.9140       3505    14.6000     2.4224  0.000e+00
     58.284     9.4302   3.556904    32.9236       3506    14.6042     2.4226  0.000e+00
     58.219     9.4486   3.559536    32.9338       3507    14.6083     2.4237  0.000e+00
     58.154     9.4727   3.561370    32.9306       3508    14.6125     2.4269  0.000e+00
     58.094     9.4977   3.562452    32.9188       3509    14.6167     2.4276  0.000e+00
     58.040     9.5196   3.563291    32.9073       3510    14.6208     2.4292  0.000e+00
     57.982     9.5371   3.564009    32.8986       3511    14.6250     2.4314  0.000e+00
     57.922     9.5513   3.564634    32.8920       3512    14.6292     2.4331  0.000e+00
     57.857     9.5627   3.565022    32.8856       3513    14.6333     2.4349  0.000e+00
     57.790     9.5714   3.565491    32.8824       3514    14.6375     2.4372  0.000e+00
     57.718     9.5791   3.566209    32.8828       3515    14.6417     2.4420  0.000e+00
     57.635     9.5865   3.566602    32.8801       3516    14.6458     2.4430  0.000e+00
     57.548     9.5934   3.566944    32.8773       3517    14.6500     2.4433  0.000e+00
     57.461     9.5990   3.567401    32.8769       3518    14.6542     2.4455  0.000e+00
     57.366     9.6044   3.568224    32.8805       3519    14.6583     2.4476  0.000e+00
     57.268     9.6115   3.569197    32.8839       3520    14.6625     2.4509  0.000e+00
     57.172     9.6203   3.569695    32.8810       3521    14.6667     2.4530  0.000e+00
     57.071     9.6285   3.569932    32.8760       3522    14.6708     2.4579  0.000e+00
     56.972     9.6350   3.570129    32.8721       3523    14.6750     2.4624  0.000e+00
     56.878     9.6399   3.570279    32.8693       3524    14.6792     2.4653  0.000e+00
     56.782     9.6438   3.570604    32.8690       3525    14.6833     2.4689  0.000e+00
     56.690     9.6473   3.570951    32.8694       3526    14.6875     2.4719  0.000e+00
     56.590     9.6514   3.571235    32.8686       3527    14.6917     2.4743  0.000e+00
     56.507     9.6551   3.571426    32.8672       3528    14.6958     2.4774  0.000e+00
     56.421     9.6582   3.571536    32.8655       3529    14.7000     2.4793  0.000e+00
     56.339     9.6609   3.571710    32.8649       3530    14.7042     2.4822  0.000e+00
     56.263     9.6637   3.571884    32.8641       3531    14.7083     2.4829  0.000e+00
     56.191     9.6662   3.572058    32.8637       3532    14.7125     2.4855  0.000e+00
     56.122     9.6689   3.572318    32.8639       3533    14.7167     2.4862  0.000e+00
     56.057     9.6718   3.572596    32.8641       3534    14.7208     2.4885  0.000e+00
     55.996     9.6748   3.572961    32.8651       3535    14.7250     2.4906  0.000e+00
     55.938     9.6781   3.573419    32.8668       3536    14.7292     2.4922  0.000e+00
     55.876     9.6820   3.573767    32.8669       3537    14.7333     2.4934  0.000e+00
     55.828     9.6861   3.573877    32.8643       3538    14.7375     2.4952  0.000e+00
     55.773     9.6894   3.573900    32.8615       3539    14.7417     2.4964  0.000e+00
     55.723     9.6921   3.574114    32.8613       3540    14.7458     2.5004  0.000e+00
     55.685     9.6947   3.574375    32.8616       3541    14.7500     2.4956  0.000e+00
     55.638     9.6973   3.574526    32.8607       3542    14.7542     2.4935  0.000e+00
     55.598     9.7001   3.574787    32.8608       3543    14.7583     2.4962  0.000e+00
     55.549     9.7028   3.575071    32.8613       3544    14.7625     2.4923  0.000e+00
     55.497     9.7058   3.575308    32.8611       3545    14.7667     2.4916  0.000e+00
     55.430     9.7086   3.575894    32.8645       3546    14.7708     2.4911  0.000e+00
     55.356     9.7122   3.576891    32.8714       3547    14.7750     2.4894  0.000e+00
     55.269     9.7186   3.578305    32.8800       3548    14.7792     2.4907  0.000e+00
     55.175     9.7292   3.580172    32.8895       3549    14.7833     2.4905  0.000e+00
     55.078     9.7451   3.582307    32.8968       3550    14.7875     2.4939  0.000e+00
     54.971     9.7660   3.584105    32.8961       3551    14.7917     2.4965  0.000e+00
     54.866     9.7890   3.585892    32.8933       3552    14.7958     2.5004  0.000e+00
     54.768     9.8140   3.587244    32.8843       3553    14.8000     2.5022  0.000e+00
     54.676     9.8393   3.587894    32.8680       3554    14.8042     2.5065  0.000e+00
     54.593     9.8609   3.588224    32.8516       3555    14.8083     2.5099  0.000e+00
     54.521     9.8776   3.588462    32.8389       3556    14.8125     2.5137  0.000e+00
     54.465     9.8915   3.588636    32.8281       3557    14.8167     2.5160  0.000e+00
     54.416     9.9023   3.588764    32.8195       3558    14.8208     2.5182  0.000e+00
     54.385     9.9108   3.588764    32.8118       3559    14.8250     2.5204  0.000e+00
     54.373     9.9172   3.588938    32.8078       3560    14.8292     2.5225  0.000e+00
     54.366     9.9219   3.589013    32.8043       3561    14.8333     2.5245  0.000e+00
     54.357     9.9253   3.589199    32.8031       3562    14.8375     2.5246  0.000e+00
     54.353     9.9284   3.589379    32.8021       3563    14.8417     2.5259  0.000e+00
     54.344     9.9309   3.589570    32.8018       3564    14.8458     2.5252  0.000e+00
     54.328     9.9329   3.589832    32.8026       3565    14.8500     2.5258  0.000e+00
     54.299     9.9342   3.590163    32.8048       3566    14.8542     2.5263  0.000e+00
     54.252     9.9355   3.590360    32.8056       3567    14.8583     2.5264  0.000e+00
     54.196     9.9371   3.590575    32.8064       3568    14.8625     2.5268  0.000e+00
     54.118     9.9389   3.590795    32.8070       3569    14.8667     2.5289  0.000e+00
     54.024     9.9409   3.590923    32.8066       3570    14.8708     2.5300  0.000e+00
     53.914     9.9433   3.591074    32.8059       3571    14.8750     2.5325  0.000e+00
     53.802     9.9458   3.591120    32.8042       3572    14.8792     2.5367  0.000e+00
     53.688     9.9480   3.590987    32.8009       3573    14.8833     2.5393  0.000e+00
     53.576     9.9499   3.591033    32.7996       3574    14.8875     2.5442  0.000e+00
     53.471     9.9518   3.591056    32.7983       3575    14.8917     2.5488  0.000e+00
     53.374     9.9532   3.591120    32.7976       3576    14.8958     2.5522  0.000e+00
     53.283     9.9551   3.591161    32.7964       3577    14.9000     2.5563  0.000e+00
     53.213     9.9569   3.591161    32.7948       3578    14.9042     2.5581  0.000e+00
     53.153     9.9585   3.591143    32.7932       3579    14.9083     2.5592  0.000e+00
     53.090     9.9599   3.591178    32.7923       3580    14.9125     2.5610  0.000e+00
     53.050     9.9609   3.591230    32.7919       3581    14.9167     2.5607  0.000e+00
     53.005     9.9622   3.591271    32.7912       3582    14.9208     2.5606  0.000e+00
     52.965     9.9630   3.591340    32.7912       3583    14.9250     2.5604  0.000e+00
     52.927     9.9642   3.591428    32.7910       3584    14.9292     2.5608  0.000e+00
     52.887     9.9650   3.591532    32.7914       3585    14.9333     2.5587  0.000e+00
     52.847     9.9660   3.591753    32.7927       3586    14.9375     2.5578  0.000e+00
     52.801     9.9674   3.591927    32.7932       3587    14.9417     2.5571  0.000e+00
     52.750     9.9694   3.592124    32.7934       3588    14.9458     2.5564  0.000e+00
     52.688     9.9720   3.592235    32.7923       3589    14.9500     2.5578  0.000e+00
     52.629     9.9747   3.592409    32.7916       3590    14.9542     2.5586  0.000e+00
     52.567     9.9779   3.592583    32.7904       3591    14.9583     2.5572  0.000e+00
     52.492     9.9807   3.592798    32.7901       3592    14.9625     2.5591  0.000e+00
     52.421     9.9837   3.593042    32.7899       3593    14.9667     2.5602  0.000e+00
     52.340     9.9877   3.593082    32.7867       3594    14.9708     2.5625  0.000e+00
     52.260     9.9914   3.593303    32.7856       3595    14.9750     2.5648  0.000e+00
     52.184     9.9948   3.593628    32.7858       3596    14.9792     2.5670  0.000e+00
     52.103     9.9988   3.593977    32.7858       3597    14.9833     2.5692  0.000e+00
     52.032    10.0035   3.594348    32.7854       3598    14.9875     2.5705  0.000e+00
     51.962    10.0092   3.594563    32.7824       3599    14.9917     2.5718  0.000e+00
     51.900    10.0147   3.594760    32.7794       3600    14.9958     2.5731  0.000e+00
     51.839    10.0196   3.595004    32.7775       3601    15.0000     2.5730  0.000e+00
     51.783    10.0248   3.595202    32.7748       3602    15.0042     2.5731  0.000e+00
     51.734    10.0294   3.595417    32.7728       3603    15.0083     2.5741  0.000e+00
     51.685    10.0334   3.595876    32.7739       3604    15.0125     2.5710  0.000e+00
     51.640    10.0381   3.596794    32.7790       3605    15.0167     2.5718  0.000e+00
