HB2304/sbe137.cnv
* Sea-Bird SBE 19plus V2 Data File:
* FileName = C:\cruise\data\sbe137.hex
* Software Version Seasave V 7.26.7.121
* Temperature SN = 7037
* Conductivity SN = 7037
* System UpLoad Time = Nov 13 2023 19:33:33
** Ship: Bigelow
** Cruise:  HB2304
** Program:  Fall Bottom Trawl
# nquan = 8
# nvalues = 934                                   
# units = specified
# name 0 = depSM: Depth [salt water, m], lat = 40.00
# name 1 = tv290C: Temperature [ITS-90, deg C]
# name 2 = c0S/m: Conductivity [S/m]
# name 3 = sal00: Salinity, Practical [PSU]
# name 4 = scan: Scan Count
# name 5 = timeM: Time, Elapsed [minutes]
# name 6 = sbeox0V: Oxygen raw, SBE 43 [V]
# name 7 = flag:  0.000e+00
# span 0 =      0.734,     20.835                 
# span 1 =    12.0199,    12.3067                 
# span 2 =   3.600888,   3.628493                 
# span 3 =    31.0296,    31.1982                 
# span 4 =         11,        944                 
# span 5 =     0.0417,     3.9292                 
# span 6 =     2.2944,     3.1711                 
# span 7 = 0.0000e+00, 0.0000e+00                 
# interval = seconds: 0.25
# start_time = Nov 13 2023 19:33:33 [System UTC, header]
# bad_flag = -9.990e-29
*END*
[from data line 360]
     11.529    12.2480   3.620224    31.1087        371     1.5417     2.7048  0.000e+00
     11.709    12.2453   3.620259    31.1112        372     1.5458     2.7016  0.000e+00
     11.885    12.2438   3.620294    31.1127        373     1.5500     2.6985  0.000e+00
     12.054    12.2425   3.620224    31.1130        374     1.5542     2.6956  0.000e+00
     12.231    12.2414   3.619985    31.1116        375     1.5583     2.6919  0.000e+00
     12.412    12.2412   3.619741    31.1093        376     1.5625     2.6880  0.000e+00
     12.595    12.2405   3.619648    31.1090        377     1.5667     2.6848  0.000e+00
     12.775    12.2389   3.619613    31.1099        378     1.5708     2.6828  0.000e+00
     12.956    12.2369   3.619677    31.1121        379     1.5750     2.6823  0.000e+00
     13.130    12.2355   3.619502    31.1115        380     1.5792     2.6835  0.000e+00
     13.316    12.2351   3.619217    31.1090        381     1.5833     2.6829  0.000e+00
     13.502    12.2337   3.619106    31.1091        382     1.5875     2.6831  0.000e+00
     13.681    12.2320   3.619060    31.1100        383     1.5917     2.6804  0.000e+00
     13.858    12.2306   3.618996    31.1105        384     1.5958     2.6813  0.000e+00
     14.037    12.2289   3.618885    31.1108        385     1.6000     2.6828  0.000e+00
     14.219    12.2267   3.618821    31.1119        386     1.6042     2.6857  0.000e+00
     14.398    12.2253   3.618728    31.1121        387     1.6083     2.6925  0.000e+00
     14.579    12.2242   3.618658    31.1123        388     1.6125     2.6998  0.000e+00
     14.754    12.2230   3.618577    31.1124        389     1.6167     2.7090  0.000e+00
     14.931    12.2221   3.618513    31.1125        390     1.6208     2.7181  0.000e+00
     15.107    12.2206   3.618513    31.1137        391     1.6250     2.7266  0.000e+00
     15.287    12.2194   3.618420    31.1137        392     1.6292     2.7319  0.000e+00
     15.468    12.2188   3.618379    31.1137        393     1.6333     2.7398  0.000e+00
     15.647    12.2180   3.618385    31.1144        394     1.6375     2.7456  0.000e+00
     15.819    12.2171   3.618292    31.1142        395     1.6417     2.7519  0.000e+00
     15.999    12.2161   3.618205    31.1141        396     1.6458     2.7566  0.000e+00
     16.182    12.2150   3.618135    31.1143        397     1.6500     2.7611  0.000e+00
     16.366    12.2144   3.618048    31.1138        398     1.6542     2.7643  0.000e+00
     16.549    12.2141   3.618048    31.1140        399     1.6583     2.7666  0.000e+00
     16.727    12.2133   3.618024    31.1144        400     1.6625     2.7689  0.000e+00
     16.901    12.2123   3.618024    31.1152        401     1.6667     2.7703  0.000e+00
     17.082    12.2114   3.618024    31.1158        402     1.6708     2.7701  0.000e+00
     17.262    12.2108   3.617937    31.1155        403     1.6750     2.7700  0.000e+00
     17.443    12.2111   3.617873    31.1145        404     1.6792     2.7691  0.000e+00
     17.624    12.2110   3.617862    31.1144        405     1.6833     2.7709  0.000e+00
     17.797    12.2105   3.617850    31.1147        406     1.6875     2.7702  0.000e+00
     17.976    12.2099   3.617827    31.1148        407     1.6917     2.7707  0.000e+00
     18.159    12.2092   3.617722    31.1143        408     1.6958     2.7691  0.000e+00
     18.343    12.2084   3.617676    31.1145        409     1.7000     2.7684  0.000e+00
     18.525    12.2080   3.617699    31.1150        410     1.7042     2.7673  0.000e+00
     18.706    12.2074   3.617734    31.1158        411     1.7083     2.7678  0.000e+00
     18.883    12.2074   3.617722    31.1156        412     1.7125     2.7668  0.000e+00
     19.060    12.2070   3.617652    31.1152        413     1.7167     2.7660  0.000e+00
     19.243    12.2065   3.617565    31.1147        414     1.7208     2.7672  0.000e+00
     19.422    12.2058   3.617478    31.1143        415     1.7250     2.7673  0.000e+00
     19.602    12.2056   3.617455    31.1143        416     1.7292     2.7692  0.000e+00
     19.778    12.2050   3.617437    31.1145        417     1.7333     2.7709  0.000e+00
     19.949    12.2044   3.617432    31.1149        418     1.7375     2.7710  0.000e+00
     20.130    12.2035   3.617414    31.1154        419     1.7417     2.7714  0.000e+00
     20.313    12.2034   3.617304    31.1144        420     1.7458     2.7720  0.000e+00
     20.508    12.2034   3.618119    31.1221        421     1.7500     2.7708  0.000e+00
     20.591    12.2032   3.618247    31.1234        422     1.7542     2.7721  0.000e+00
     20.609    12.2034   3.617018    31.1115        423     1.7583     2.7728  0.000e+00
     20.591    12.2006   3.616535    31.1092        424     1.7625     2.7752  0.000e+00
     20.559    12.1969   3.616820    31.1150        425     1.7667     2.7778  0.000e+00
     20.566    12.1938   3.617478    31.1238        426     1.7708     2.7855  0.000e+00
     20.591    12.1920   3.617589    31.1264        427     1.7750     2.8035  0.000e+00
     20.611    12.1929   3.617607    31.1259        428     1.7792     2.8219  0.000e+00
     20.606    12.1948   3.617543    31.1236        429     1.7833     2.8422  0.000e+00
     20.589    12.1960   3.617589    31.1231        430     1.7875     2.8597  0.000e+00
     20.584    12.1966   3.617723    31.1239        431     1.7917     2.8737  0.000e+00
     20.598    12.1969   3.617676    31.1231        432     1.7958     2.8841  0.000e+00
     20.604    12.1976   3.617723    31.1231        433     1.8000     2.8898  0.000e+00
     20.598    12.1991   3.617816    31.1227        434     1.8042     2.8931  0.000e+00
     20.593    12.2003   3.617851    31.1220        435     1.8083     2.8906  0.000e+00
     20.584    12.2015   3.617787    31.1205        436     1.8125     2.8859  0.000e+00
     20.587    12.2026   3.617700    31.1187        437     1.8167     2.8812  0.000e+00
     20.591    12.2034   3.617700    31.1180        438     1.8208     2.8728  0.000e+00
     20.589    12.2042   3.617740    31.1177        439     1.8250     2.8631  0.000e+00
     20.593    12.2044   3.617735    31.1175        440     1.8292     2.8552  0.000e+00
     20.596    12.2045   3.617723    31.1173        441     1.8333     2.8432  0.000e+00
     20.595    12.2045   3.617723    31.1173        442     1.8375     2.8297  0.000e+00
     20.600    12.2050   3.617723    31.1169        443     1.8417     2.8176  0.000e+00
     20.605    12.2053   3.617764    31.1170        444     1.8458     2.8048  0.000e+00
     20.602    12.2058   3.617810    31.1171        445     1.8500     2.7917  0.000e+00
     20.604    12.2062   3.617816    31.1168        446     1.8542     2.7775  0.000e+00
     20.603    12.2064   3.617851    31.1170        447     1.8583     2.7635  0.000e+00
     20.598    12.2069   3.617898    31.1170        448     1.8625     2.7500  0.000e+00
     20.596    12.2070   3.617921    31.1172        449     1.8667     2.7369  0.000e+00
     20.591    12.2072   3.617938    31.1171        450     1.8708     2.7240  0.000e+00
     20.591    12.2077   3.617903    31.1164        451     1.8750     2.7112  0.000e+00
     20.587    12.2082   3.617851    31.1155        452     1.8792     2.6990  0.000e+00
     20.589    12.2088   3.617828    31.1147        453     1.8833     2.6860  0.000e+00
     20.594    12.2089   3.617828    31.1147        454     1.8875     2.6747  0.000e+00
     20.602    12.2090   3.617810    31.1144        455     1.8917     2.6633  0.000e+00
     20.600    12.2089   3.617787    31.1143        456     1.8958     2.6551  0.000e+00
     20.605    12.2087   3.617775    31.1143        457     1.9000     2.6472  0.000e+00
     20.609    12.2089   3.617810    31.1144        458     1.9042     2.6384  0.000e+00
     20.613    12.2089   3.617810    31.1145        459     1.9083     2.6338  0.000e+00
     20.614    12.2089   3.617851    31.1149        460     1.9125     2.6274  0.000e+00
     20.611    12.2091   3.617874    31.1149        461     1.9167     2.6224  0.000e+00
     20.605    12.2092   3.617874    31.1148        462     1.9208     2.6161  0.000e+00
     20.605    12.2094   3.617880    31.1147        463     1.9250     2.6100  0.000e+00
     20.596    12.2097   3.617874    31.1144        464     1.9292     2.6032  0.000e+00
     20.600    12.2099   3.617874    31.1142        465     1.9333     2.5966  0.000e+00
     20.594    12.2104   3.617874    31.1138        466     1.9375     2.5890  0.000e+00
     20.598    12.2108   3.617898    31.1138        467     1.9417     2.5812  0.000e+00
     20.598    12.2113   3.617898    31.1134        468     1.9458     2.5730  0.000e+00
     20.600    12.2116   3.617903    31.1132        469     1.9500     2.5650  0.000e+00
     20.602    12.2120   3.617898    31.1128        470     1.9542     2.5580  0.000e+00
     20.603    12.2122   3.617921    31.1128        471     1.9583     2.5508  0.000e+00
     20.614    12.2125   3.617962    31.1130        472     1.9625     2.5427  0.000e+00
     20.616    12.2127   3.618008    31.1132        473     1.9667     2.5355  0.000e+00
     20.611    12.2130   3.618364    31.1163        474     1.9708     2.5296  0.000e+00
     20.603    12.2132   3.618468    31.1172        475     1.9750     2.5228  0.000e+00
     20.596    12.2137   3.618468    31.1168        476     1.9792     2.5160  0.000e+00
     20.585    12.2138   3.618422    31.1163        477     1.9833     2.5102  0.000e+00
     20.580    12.2140   3.618422    31.1161        478     1.9875     2.5040  0.000e+00
     20.565    12.2141   3.618492    31.1167        479     1.9917     2.4970  0.000e+00
     20.547    12.2142   3.618428    31.1160        480     1.9958     2.4902  0.000e+00
     20.535    12.2143   3.618270    31.1144        481     2.0000     2.4832  0.000e+00
     20.527    12.2142   3.618072    31.1126        482     2.0042     2.4760  0.000e+00
     20.522    12.2143   3.617938    31.1112        483     2.0083     2.4697  0.000e+00
     20.513    12.2144   3.617874    31.1106        484     2.0125     2.4642  0.000e+00
     20.500    12.2148   3.617828    31.1098        485     2.0167     2.4580  0.000e+00
     20.486    12.2149   3.617775    31.1092        486     2.0208     2.4551  0.000e+00
     20.478    12.2148   3.617676    31.1083        487     2.0250     2.4528  0.000e+00
     20.471    12.2147   3.617589    31.1076        488     2.0292     2.4518  0.000e+00
     20.464    12.2142   3.617542    31.1076        489     2.0333     2.4526  0.000e+00
     20.453    12.2135   3.617542    31.1082        490     2.0375     2.4542  0.000e+00
     20.442    12.2128   3.617501    31.1084        491     2.0417     2.4547  0.000e+00
     20.433    12.2121   3.617461    31.1085        492     2.0458     2.4568  0.000e+00
     20.430    12.2112   3.617414    31.1089        493     2.0500     2.4571  0.000e+00
     20.422    12.2103   3.617391    31.1094        494     2.0542     2.4577  0.000e+00
     20.419    12.2092   3.617391    31.1103        495     2.0583     2.4572  0.000e+00
     20.412    12.2090   3.617391    31.1105        496     2.0625     2.4564  0.000e+00
     20.410    12.2089   3.617397    31.1106        497     2.0667     2.4580  0.000e+00
     20.408    12.2086   3.617391    31.1108        498     2.0708     2.4570  0.000e+00
     20.404    12.2083   3.617391    31.1110        499     2.0750     2.4577  0.000e+00
     20.404    12.2080   3.617432    31.1117        500     2.0792     2.4584  0.000e+00
     20.397    12.2078   3.617525    31.1127        501     2.0833     2.4577  0.000e+00
     20.392    12.2080   3.617566    31.1130        502     2.0875     2.4564  0.000e+00
     20.386    12.2083   3.617502    31.1121        503     2.0917     2.4560  0.000e+00
     20.383    12.2084   3.617478    31.1118        504     2.0958     2.4558  0.000e+00
     20.374    12.2088   3.617455    31.1113        505     2.1000     2.4543  0.000e+00
     20.372    12.2089   3.617414    31.1108        506     2.1042     2.4526  0.000e+00
     20.368    12.2094   3.617368    31.1099        507     2.1083     2.4510  0.000e+00
     20.365    12.2092   3.617327    31.1097        508     2.1125     2.4499  0.000e+00
     20.366    12.2087   3.617269    31.1096        509     2.1167     2.4501  0.000e+00
     20.374    12.2078   3.617257    31.1102        510     2.1208     2.4513  0.000e+00
     20.374    12.2070   3.617234    31.1106        511     2.1250     2.4549  0.000e+00
     20.377    12.2068   3.617257    31.1110        512     2.1292     2.4604  0.000e+00
     20.377    12.2068   3.617280    31.1113        513     2.1333     2.4659  0.000e+00
     20.377    12.2065   3.617257    31.1112        514     2.1375     2.4724  0.000e+00
     20.384    12.2060   3.617251    31.1116        515     2.1417     2.4782  0.000e+00
     20.386    12.2057   3.617257    31.1119        516     2.1458     2.4819  0.000e+00
     20.386    12.2055   3.617234    31.1119        517     2.1500     2.4838  0.000e+00
     20.392    12.2053   3.617280    31.1125        518     2.1542     2.4849  0.000e+00
     20.395    12.2051   3.617234    31.1122        519     2.1583     2.4854  0.000e+00
     20.404    12.2051   3.617251    31.1124        520     2.1625     2.4839  0.000e+00
     20.406    12.2051   3.617234    31.1122        521     2.1667     2.4828  0.000e+00
     20.410    12.2048   3.617234    31.1124        522     2.1708     2.4813  0.000e+00
     20.415    12.2046   3.617234    31.1126        523     2.1750     2.4825  0.000e+00
     20.420    12.2044   3.617234    31.1128        524     2.1792     2.4813  0.000e+00
     20.429    12.2042   3.617234    31.1129        525     2.1833     2.4838  0.000e+00
     20.446    12.2040   3.617228    31.1131        526     2.1875     2.4846  0.000e+00
     20.449    12.2040   3.617234    31.1131        527     2.1917     2.4872  0.000e+00
     20.460    12.2039   3.617257    31.1134        528     2.1958     2.4897  0.000e+00
     20.462    12.2039   3.617234    31.1132        529     2.2000     2.4931  0.000e+00
     20.471    12.2039   3.617234    31.1132        530     2.2042     2.4908  0.000e+00
     20.482    12.2040   3.617216    31.1129        531     2.2083     2.4955  0.000e+00
     20.493    12.2041   3.617187    31.1126        532     2.2125     2.4956  0.000e+00
     20.500    12.2041   3.617170    31.1124        533     2.2167     2.4954  0.000e+00
     20.507    12.2042   3.617170    31.1123        534     2.2208     2.4993  0.000e+00
     20.520    12.2042   3.617146    31.1121        535     2.2250     2.4954  0.000e+00
     20.529    12.2041   3.617146    31.1122        536     2.2292     2.4993  0.000e+00
     20.538    12.2043   3.617129    31.1118        537     2.2333     2.4967  0.000e+00
     20.554    12.2044   3.617123    31.1117        538     2.2375     2.4992  0.000e+00
     20.561    12.2044   3.617129    31.1118        539     2.2417     2.5009  0.000e+00
     20.570    12.2043   3.617129    31.1118        540     2.2458     2.5024  0.000e+00
     20.583    12.2042   3.617106    31.1117        541     2.2500     2.5035  0.000e+00
     20.595    12.2042   3.617082    31.1114        542     2.2542     2.5030  0.000e+00
     20.605    12.2043   3.617082    31.1114        543     2.2583     2.5030  0.000e+00
     20.615    12.2044   3.617059    31.1111        544     2.2625     2.5028  0.000e+00
     20.628    12.2044   3.617059    31.1110        545     2.2667     2.5027  0.000e+00
     20.639    12.2046   3.617059    31.1109        546     2.2708     2.5018  0.000e+00
     20.659    12.2046   3.616995    31.1102        547     2.2750     2.5008  0.000e+00
     20.671    12.2046   3.617170    31.1119        548     2.2792     2.5006  0.000e+00
     20.679    12.2047   3.617374    31.1138        549     2.2833     2.5003  0.000e+00
