HB2304/sbe117.cnv
* Sea-Bird SBE 19plus V2 Data File:
* FileName = C:\cruise\data\sbe117.hex
* Software Version Seasave V 7.26.7.121
* Temperature SN = 7037
* Conductivity SN = 7037
* System UpLoad Time = Nov 05 2023 23:39:10
** Ship: Bigelow
** Cruise:  HB2304
** Program:  Fall Bottom Trawl
# nquan = 8
# nvalues = 3642                                  
# units = specified
# name 0 = depSM: Depth [salt water, m], lat = 40.00
# name 1 = tv290C: Temperature [ITS-90, deg C]
# name 2 = c0S/m: Conductivity [S/m]
# name 3 = sal00: Salinity, Practical [PSU]
# name 4 = scan: Scan Count
# name 5 = timeM: Time, Elapsed [minutes]
# name 6 = sbeox0V: Oxygen raw, SBE 43 [V]
# name 7 = flag:  0.000e+00
# span 0 =      0.347,    328.996                 
# span 1 =     6.9836,    12.1869                 
# span 2 =   2.616936,   3.716073                 
# span 3 =    21.8738,    34.9714                 
# span 4 =         11,       3652                 
# span 5 =     0.0417,    15.2125                 
# span 6 =     2.2663,     3.2899                 
# span 7 = 0.0000e+00, 0.0000e+00                 
# interval = seconds: 0.25
# start_time = Nov 05 2023 23:39:10 [System UTC, header]
# bad_flag = -9.990e-29
*END*
[from data line 540]
     51.840     9.7672   3.506748    32.1083        551     2.2917     2.9867  0.000e+00
     51.999     9.7531   3.506093    32.1142        552     2.2958     2.9858  0.000e+00
     52.162     9.7408   3.506030    32.1244        553     2.3000     2.9847  0.000e+00
     52.330     9.7309   3.503442    32.1068        554     2.3042     2.9843  0.000e+00
     52.513     9.7134   3.499062    32.0778        555     2.3083     2.9813  0.000e+00
     52.702     9.6772   3.497856    32.0977        556     2.3125     2.9791  0.000e+00
     52.903     9.6430   3.497874    32.1283        557     2.3167     2.9787  0.000e+00
     53.113     9.6192   3.497920    32.1500        558     2.3208     2.9760  0.000e+00
     53.317     9.6048   3.497162    32.1551        559     2.3250     2.9753  0.000e+00
     53.534     9.5927   3.495852    32.1524        560     2.3292     2.9743  0.000e+00
     53.749     9.5786   3.495554    32.1619        561     2.3333     2.9736  0.000e+00
     53.960     9.5661   3.494962    32.1670        562     2.3375     2.9720  0.000e+00
     54.163     9.5550   3.494480    32.1719        563     2.3417     2.9704  0.000e+00
     54.360     9.5458   3.494578    32.1811        564     2.3458     2.9701  0.000e+00
     54.541     9.5395   3.494348    32.1843        565     2.3500     2.9688  0.000e+00
     54.718     9.5347   3.493929    32.1843        566     2.3542     2.9677  0.000e+00
     54.882     9.5294   3.492028    32.1695        567     2.3583     2.9658  0.000e+00
     55.045     9.5176   3.491184    32.1713        568     2.3625     2.9643  0.000e+00
     55.202     9.5035   3.490656    32.1785        569     2.3667     2.9646  0.000e+00
     55.358     9.4912   3.490088    32.1836        570     2.3708     2.9623  0.000e+00
     55.511     9.4804   3.489772    32.1901        571     2.3750     2.9622  0.000e+00
     55.672     9.4714   3.488889    32.1890        572     2.3792     2.9623  0.000e+00
     55.851     9.4615   3.488653    32.1954        573     2.3833     2.9601  0.000e+00
     56.043     9.4527   3.488464    32.2013        574     2.3875     2.9591  0.000e+00
     56.251     9.4454   3.486593    32.1886        575     2.3917     2.9589  0.000e+00
     56.471     9.4323   3.484373    32.1775        576     2.3958     2.9585  0.000e+00
     56.703     9.4116   3.482446    32.1762        577     2.4000     2.9584  0.000e+00
     56.952     9.3861   3.480467    32.1787        578     2.4042     2.9545  0.000e+00
     57.205     9.3588   3.478765    32.1857        579     2.4083     2.9546  0.000e+00
     57.465     9.3307   3.477613    32.1990        580     2.4125     2.9524  0.000e+00
     57.727     9.3044   3.476249    32.2086        581     2.4167     2.9502  0.000e+00
     57.975     9.2807   3.472954    32.1958        582     2.4208     2.9495  0.000e+00
     58.215     9.2501   3.471259    32.2058        583     2.4250     2.9479  0.000e+00
     58.438     9.2166   3.468303    32.2055        584     2.4292     2.9467  0.000e+00
     58.649     9.1803   3.465143    32.2056        585     2.4333     2.9446  0.000e+00
     58.843     9.1410   3.463850    32.2276        586     2.4375     2.9440  0.000e+00
     59.013     9.1054   3.463599    32.2572        587     2.4417     2.9418  0.000e+00
     59.173     9.0802   3.463662    32.2806        588     2.4458     2.9412  0.000e+00
     59.325     9.0633   3.462827    32.2872        589     2.4500     2.9394  0.000e+00
     59.473     9.0510   3.461339    32.2828        590     2.4542     2.9388  0.000e+00
     59.618     9.0351   3.459737    32.2806        591     2.4583     2.9396  0.000e+00
     59.770     9.0154   3.457255    32.2727        592     2.4625     2.9392  0.000e+00
     59.915     8.9886   3.454585    32.2692        593     2.4667     2.9389  0.000e+00
     60.079     8.9573   3.453539    32.2868        594     2.4708     2.9373  0.000e+00
     60.258     8.9291   3.451441    32.2905        595     2.4750     2.9357  0.000e+00
     60.453     8.9003   3.449693    32.2984        596     2.4792     2.9356  0.000e+00
     60.665     8.8726   3.450133    32.3281        597     2.4833     2.9348  0.000e+00
     60.875     8.8540   3.449048    32.3337        598     2.4875     2.9338  0.000e+00
     61.106     8.8387   3.446534    32.3214        599     2.4917     2.9337  0.000e+00
     61.344     8.8165   3.445267    32.3282        600     2.4958     2.9329  0.000e+00
     61.589     8.7933   3.443816    32.3342        601     2.5000     2.9306  0.000e+00
     61.836     8.7702   3.442412    32.3405        602     2.5042     2.9305  0.000e+00
     62.080     8.7480   3.441179    32.3478        603     2.5083     2.9276  0.000e+00
     62.310     8.7266   3.440888    32.3642        604     2.5125     2.9260  0.000e+00
     62.539     8.7102   3.439850    32.3682        605     2.5167     2.9256  0.000e+00
     62.760     8.6953   3.437841    32.3608        606     2.5208     2.9240  0.000e+00
     62.966     8.6757   3.435981    32.3591        607     2.5250     2.9244  0.000e+00
     63.161     8.6519   3.435051    32.3711        608     2.5292     2.9231  0.000e+00
     63.353     8.6314   3.433951    32.3783        609     2.5333     2.9238  0.000e+00
     63.524     8.6125   3.434014    32.3961        610     2.5375     2.9238  0.000e+00
     63.694     8.5990   3.434271    32.4112        611     2.5417     2.9233  0.000e+00
     63.862     8.5910   3.430706    32.3810        612     2.5458     2.9218  0.000e+00
     64.025     8.5709   3.427833    32.3693        613     2.5500     2.9205  0.000e+00
     64.186     8.5398   3.425440    32.3727        614     2.5542     2.9192  0.000e+00
     64.345     8.5064   3.423959    32.3877        615     2.5583     2.9179  0.000e+00
     64.504     8.4758   3.422763    32.4031        616     2.5625     2.9167  0.000e+00
     64.663     8.4510   3.420046    32.3973        617     2.5667     2.9157  0.000e+00
     64.830     8.4188   3.415287    32.3767        618     2.5708     2.9151  0.000e+00
     64.994     8.3737   3.406339    32.3239        619     2.5750     2.9130  0.000e+00
     65.168     8.3013   3.402838    32.3534        620     2.5792     2.9125  0.000e+00
     65.349     8.2250   3.402288    32.4178        621     2.5833     2.9098  0.000e+00
     65.537     8.1714   3.403272    32.4776        622     2.5875     2.9079  0.000e+00
     65.735     8.1383   3.398470    32.4573        623     2.5917     2.9068  0.000e+00
     65.947     8.1037   3.394580    32.4479        624     2.5958     2.9064  0.000e+00
     66.175     8.0558   3.394189    32.4880        625     2.6000     2.9060  0.000e+00
     66.410     8.0179   3.393605    32.5169        626     2.6042     2.9026  0.000e+00
     66.654     7.9913   3.392118    32.5257        627     2.6083     2.9000  0.000e+00
     66.903     7.9685   3.390404    32.5285        628     2.6125     2.8992  0.000e+00
     67.162     7.9436   3.388997    32.5366        629     2.6167     2.8972  0.000e+00
     67.431     7.9198   3.387488    32.5425        630     2.6208     2.8945  0.000e+00
     67.699     7.8956   3.384114    32.5290        631     2.6250     2.8937  0.000e+00
     67.961     7.8645   3.382821    32.5440        632     2.6292     2.8928  0.000e+00
     68.205     7.8357   3.380350    32.5443        633     2.6333     2.8899  0.000e+00
     68.447     7.8044   3.378412    32.5527        634     2.6375     2.8881  0.000e+00
     68.669     7.7731   3.378344    32.5811        635     2.6417     2.8878  0.000e+00
     68.881     7.7492   3.377120    32.5902        636     2.6458     2.8851  0.000e+00
     69.076     7.7287   3.375868    32.5959        637     2.6500     2.8847  0.000e+00
     69.243     7.7088   3.374781    32.6028        638     2.6542     2.8823  0.000e+00
     69.394     7.6886   3.372623    32.5984        639     2.6583     2.8821  0.000e+00
     69.530     7.6661   3.371757    32.6102        640     2.6625     2.8795  0.000e+00
     69.657     7.6407   3.371151    32.6275        641     2.6667     2.8785  0.000e+00
     69.776     7.6195   3.370421    32.6394        642     2.6708     2.8778  0.000e+00
     69.892     7.5997   3.369668    32.6499        643     2.6750     2.8761  0.000e+00
     70.002     7.5803   3.369142    32.6624        644     2.6792     2.8750  0.000e+00
     70.123     7.5632   3.369459    32.6818        645     2.6833     2.8742  0.000e+00
     70.259     7.5511   3.369267    32.6910        646     2.6875     2.8715  0.000e+00
     70.410     7.5452   3.370898    32.7141        647     2.6917     2.8701  0.000e+00
     70.582     7.5478   3.370824    32.7108        648     2.6958     2.8681  0.000e+00
     70.774     7.5467   3.371877    32.7230        649     2.7000     2.8677  0.000e+00
     70.989     7.5442   3.372444    32.7314        650     2.7042     2.8651  0.000e+00
     71.224     7.5422   3.372195    32.7305        651     2.7083     2.8634  0.000e+00
     71.479     7.5369   3.371736    32.7305        652     2.7125     2.8623  0.000e+00
     71.745     7.5268   3.371385    32.7360        653     2.7167     2.8599  0.000e+00
     72.019     7.5134   3.369528    32.7285        654     2.7208     2.8580  0.000e+00
     72.298     7.4912   3.367315    32.7254        655     2.7250     2.8557  0.000e+00
     72.576     7.4585   3.366778    32.7504        656     2.7292     2.8518  0.000e+00
     72.840     7.4285   3.364356    32.7524        657     2.7333     2.8474  0.000e+00
     73.100     7.3955   3.362054    32.7586        658     2.7375     2.8483  0.000e+00
     73.346     7.3557   3.360613    32.7805        659     2.7417     2.8458  0.000e+00
     73.576     7.3179   3.359086    32.7997        660     2.7458     2.8432  0.000e+00
     73.780     7.2837   3.358227    32.8227        661     2.7500     2.8396  0.000e+00
     73.970     7.2535   3.357136    32.8395        662     2.7542     2.8364  0.000e+00
     74.147     7.2282   3.356136    32.8526        663     2.7583     2.8333  0.000e+00
     74.308     7.2040   3.354475    32.8574        664     2.7625     2.8302  0.000e+00
     74.467     7.1786   3.354113    32.8776        665     2.7667     2.8273  0.000e+00
     74.615     7.1568   3.353390    32.8904        666     2.7708     2.8242  0.000e+00
     74.763     7.1393   3.353187    32.9048        667     2.7750     2.8227  0.000e+00
     74.904     7.1254   3.352826    32.9140        668     2.7792     2.8178  0.000e+00
     75.053     7.1144   3.352594    32.9220        669     2.7833     2.8168  0.000e+00
     75.214     7.1062   3.352956    32.9337        670     2.7875     2.8144  0.000e+00
     75.380     7.1020   3.352142    32.9287        671     2.7917     2.8118  0.000e+00
     75.557     7.0953   3.351775    32.9310        672     2.7958     2.8082  0.000e+00
     75.743     7.0859   3.352487    32.9477        673     2.8000     2.8055  0.000e+00
     75.951     7.0808   3.352849    32.9564        674     2.8042     2.8014  0.000e+00
     76.168     7.0797   3.352787    32.9567        675     2.8083     2.7988  0.000e+00
     76.403     7.0789   3.352363    32.9527        676     2.8125     2.7978  0.000e+00
     76.644     7.0769   3.351460    32.9447        677     2.8167     2.7973  0.000e+00
     76.891     7.0713   3.350912    32.9439        678     2.8208     2.7948  0.000e+00
     77.144     7.0644   3.350799    32.9492        679     2.8250     2.7939  0.000e+00
     77.388     7.0585   3.350658    32.9531        680     2.8292     2.7913  0.000e+00
     77.638     7.0536   3.350353    32.9543        681     2.8333     2.7902  0.000e+00
     77.867     7.0487   3.350133    32.9565        682     2.8375     2.7886  0.000e+00
     78.097     7.0431   3.350116    32.9616        683     2.8417     2.7880  0.000e+00
     78.298     7.0388   3.350071    32.9651        684     2.8458     2.7857  0.000e+00
     78.493     7.0348   3.350404    32.9725        685     2.8500     2.7849  0.000e+00
     78.672     7.0309   3.350534    32.9775        686     2.8542     2.7832  0.000e+00
     78.831     7.0282   3.350698    32.9818        687     2.8583     2.7842  0.000e+00
     78.990     7.0264   3.350856    32.9853        688     2.8625     2.7827  0.000e+00
     79.146     7.0250   3.351184    32.9900        689     2.8667     2.7814  0.000e+00
     79.296     7.0240   3.351823    32.9980        690     2.8708     2.7794  0.000e+00
     79.451     7.0231   3.352196    33.0028        691     2.8750     2.7793  0.000e+00
     79.610     7.0231   3.352828    33.0097        692     2.8792     2.7790  0.000e+00
     79.778     7.0235   3.355315    33.0364        693     2.8833     2.7794  0.000e+00
     79.959     7.0249   3.358769    33.0727        694     2.8875     2.7796  0.000e+00
     80.145     7.0291   3.362672    33.1111        695     2.8917     2.7779  0.000e+00
     80.344     7.0374   3.361976    33.0955        696     2.8958     2.7769  0.000e+00
     80.554     7.0459   3.364233    33.1119        697     2.9000     2.7768  0.000e+00
     80.772     7.0550   3.370974    33.1767        698     2.9042     2.7754  0.000e+00
     81.000     7.0724   3.372203    33.1732        699     2.9083     2.7751  0.000e+00
     81.234     7.0896   3.373120    33.1666        700     2.9125     2.7742  0.000e+00
     81.472     7.1024   3.377171    33.1983        701     2.9167     2.7709  0.000e+00
     81.707     7.1180   3.379937    33.2134        702     2.9208     2.7683  0.000e+00
     81.931     7.1351   3.380237    33.2001        703     2.9250     2.7680  0.000e+00
     82.157     7.1490   3.381541    33.2008        704     2.9292     2.7654  0.000e+00
     82.378     7.1603   3.383979    33.2165        705     2.9333     2.7618  0.000e+00
     82.593     7.1718   3.385142    33.2179        706     2.9375     2.7599  0.000e+00
     82.787     7.1829   3.386100    33.2176        707     2.9417     2.7561  0.000e+00
     82.973     7.1923   3.386265    33.2103        708     2.9458     2.7526  0.000e+00
     83.152     7.1991   3.387382    33.2158        709     2.9500     2.7483  0.000e+00
     83.322     7.2050   3.387626    33.2127        710     2.9542     2.7467  0.000e+00
     83.490     7.2100   3.388358    33.2158        711     2.9583     2.7437  0.000e+00
     83.649     7.2151   3.388500    33.2124        712     2.9625     2.7403  0.000e+00
     83.806     7.2188   3.390112    33.2262        713     2.9667     2.7376  0.000e+00
     83.967     7.2242   3.391213    33.2329        714     2.9708     2.7344  0.000e+00
     84.133     7.2308   3.392024    33.2354        715     2.9750     2.7332  0.000e+00
     84.314     7.2372   3.393722    33.2476        716     2.9792     2.7297  0.000e+00
     84.499     7.2441   3.394931    33.2540        717     2.9833     2.7264  0.000e+00
     84.701     7.2518   3.394988    33.2472        718     2.9875     2.7246  0.000e+00
     84.905     7.2582   3.395533    33.2468        719     2.9917     2.7228  0.000e+00
     85.126     7.2632   3.397680    33.2652        720     2.9958     2.7209  0.000e+00
     85.363     7.2695   3.399236    33.2760        721     3.0000     2.7174  0.000e+00
     85.607     7.2764   3.399447    33.2715        722     3.0042     2.7165  0.000e+00
     85.853     7.2822   3.400219    33.2742        723     3.0083     2.7129  0.000e+00
     86.103     7.2871   3.400861    33.2764        724     3.0125     2.7120  0.000e+00
     86.347     7.2911   3.401668    33.2811        725     3.0167     2.7090  0.000e+00
     86.591     7.2946   3.402367    33.2852        726     3.0208     2.7062  0.000e+00
     86.826     7.2981   3.402686    33.2852        727     3.0250     2.7043  0.000e+00
     87.054     7.3010   3.403408    33.2902        728     3.0292     2.7018  0.000e+00
     87.271     7.3039   3.403692    33.2904        729     3.0333     2.6993  0.000e+00
