HB2304/sbe114.cnv
* Sea-Bird SBE 19plus V2 Data File:
* FileName = C:\cruise\data\sbe114.hex
* Software Version Seasave V 7.26.7.121
* Temperature SN = 7037
* Conductivity SN = 7037
* System UpLoad Time = Nov 05 2023 11:30:12
** Ship: Bigelow
** Cruise:  HB2304
** Program:  Fall Bottom Trawl
# nquan = 8
# nvalues = 4295                                  
# units = specified
# name 0 = depSM: Depth [salt water, m], lat = 40.00
# name 1 = tv290C: Temperature [ITS-90, deg C]
# name 2 = c0S/m: Conductivity [S/m]
# name 3 = sal00: Salinity, Practical [PSU]
# name 4 = scan: Scan Count
# name 5 = timeM: Time, Elapsed [minutes]
# name 6 = sbeox0V: Oxygen raw, SBE 43 [V]
# name 7 = flag:  0.000e+00
# span 0 =     -0.058,    200.480                 
# span 1 =     8.0687,    11.5935                 
# span 2 =   0.000004,   3.654139                 
# span 3 =     0.0060,    34.4925                 
# span 4 =         11,       4305                 
# span 5 =     0.0417,    17.9333                 
# span 6 =     2.2379,     3.1648                 
# span 7 = 0.0000e+00, 0.0000e+00                 
# interval = seconds: 0.25
# start_time = Nov 05 2023 11:30:12 [System UTC, header]
# bad_flag = -9.990e-29
*END*
[from data line 2697]
     87.307     8.6462   3.522957    33.2868       2708    11.2792     2.3948  0.000e+00
     87.188     8.6503   3.522980    33.2832       2709    11.2833     2.3949  0.000e+00
     87.083     8.6529   3.522980    33.2808       2710    11.2875     2.3971  0.000e+00
     86.976     8.6546   3.522980    33.2793       2711    11.2917     2.3962  0.000e+00
     86.868     8.6558   3.522985    33.2782       2712    11.2958     2.3948  0.000e+00
     86.761     8.6567   3.522997    33.2775       2713    11.3000     2.3960  0.000e+00
     86.678     8.6574   3.522997    33.2770       2714    11.3042     2.3965  0.000e+00
     86.579     8.6580   3.522997    33.2764       2715    11.3083     2.3946  0.000e+00
     86.499     8.6582   3.522979    33.2760       2716    11.3125     2.3962  0.000e+00
     86.421     8.6584   3.523020    33.2763       2717    11.3167     2.3956  0.000e+00
     86.345     8.6586   3.522997    33.2760       2718    11.3208     2.3956  0.000e+00
     86.273     8.6591   3.523020    33.2758       2719    11.3250     2.3963  0.000e+00
     86.201     8.6592   3.523020    33.2756       2720    11.3292     2.3952  0.000e+00
     86.114     8.6594   3.523020    33.2756       2721    11.3333     2.3961  0.000e+00
     86.036     8.6596   3.523020    33.2754       2722    11.3375     2.3967  0.000e+00
     85.953     8.6598   3.523043    33.2755       2723    11.3417     2.3958  0.000e+00
     85.863     8.6600   3.523020    33.2751       2724    11.3458     2.3955  0.000e+00
     85.770     8.6603   3.523031    33.2750       2725    11.3500     2.3949  0.000e+00
     85.664     8.6603   3.523019    33.2749       2726    11.3542     2.3955  0.000e+00
     85.570     8.6604   3.523042    33.2751       2727    11.3583     2.3972  0.000e+00
     85.459     8.6606   3.523042    33.2749       2728    11.3625     2.3962  0.000e+00
     85.365     8.6611   3.523060    33.2747       2729    11.3667     2.3949  0.000e+00
     85.266     8.6619   3.523060    33.2740       2730    11.3708     2.3963  0.000e+00
     85.159     8.6625   3.523083    33.2738       2731    11.3750     2.3958  0.000e+00
     85.053     8.6633   3.523123    33.2734       2732    11.3792     2.3958  0.000e+00
     84.951     8.6643   3.523123    33.2726       2733    11.3833     2.3988  0.000e+00
     84.848     8.6654   3.523106    33.2714       2734    11.3875     2.3979  0.000e+00
     84.742     8.6659   3.523106    33.2710       2735    11.3917     2.3978  0.000e+00
     84.626     8.6663   3.523123    33.2709       2736    11.3958     2.3968  0.000e+00
     84.517     8.6671   3.523123    33.2701       2737    11.4000     2.3974  0.000e+00
     84.403     8.6678   3.523105    33.2694       2738    11.4042     2.3982  0.000e+00
     84.293     8.6684   3.523100    33.2688       2739    11.4083     2.3978  0.000e+00
     84.176     8.6692   3.523082    33.2679       2740    11.4125     2.3978  0.000e+00
     84.062     8.6697   3.523082    33.2675       2741    11.4167     2.3976  0.000e+00
     83.953     8.6697   3.523082    33.2675       2742    11.4208     2.3967  0.000e+00
     83.847     8.6697   3.523105    33.2678       2743    11.4250     2.3978  0.000e+00
     83.742     8.6701   3.523059    33.2670       2744    11.4292     2.3972  0.000e+00
     83.641     8.6710   3.523059    33.2661       2745    11.4333     2.3962  0.000e+00
     83.548     8.6727   3.523019    33.2642       2746    11.4375     2.3971  0.000e+00
     83.449     8.6740   3.523042    33.2633       2747    11.4417     2.3975  0.000e+00
     83.373     8.6750   3.523042    33.2624       2748    11.4458     2.3975  0.000e+00
     83.286     8.6760   3.523042    33.2615       2749    11.4500     2.3959  0.000e+00
     83.216     8.6769   3.523042    33.2607       2750    11.4542     2.3968  0.000e+00
     83.136     8.6776   3.523018    33.2598       2751    11.4583     2.3965  0.000e+00
     83.066     8.6781   3.523030    33.2595       2752    11.4625     2.3964  0.000e+00
     83.001     8.6786   3.522955    33.2582       2753    11.4667     2.3956  0.000e+00
     82.939     8.6791   3.522932    33.2575       2754    11.4708     2.3959  0.000e+00
     82.880     8.6795   3.522909    33.2570       2755    11.4750     2.3967  0.000e+00
     82.809     8.6796   3.522909    33.2569       2756    11.4792     2.3947  0.000e+00
     82.746     8.6797   3.522909    33.2569       2757    11.4833     2.3968  0.000e+00
     82.688     8.6798   3.522909    33.2568       2758    11.4875     2.3967  0.000e+00
     82.614     8.6800   3.522932    33.2569       2759    11.4917     2.3965  0.000e+00
     82.543     8.6805   3.522955    33.2567       2760    11.4958     2.3965  0.000e+00
     82.462     8.6813   3.522995    33.2563       2761    11.5000     2.3965  0.000e+00
     82.373     8.6821   3.522995    33.2557       2762    11.5042     2.3962  0.000e+00
     82.263     8.6830   3.522995    33.2549       2763    11.5083     2.3959  0.000e+00
     82.171     8.6835   3.523018    33.2547       2764    11.5125     2.3972  0.000e+00
     82.058     8.6841   3.523030    33.2543       2765    11.5167     2.3981  0.000e+00
     81.944     8.6848   3.523018    33.2536       2766    11.5208     2.3979  0.000e+00
     81.820     8.6856   3.523018    33.2529       2767    11.5250     2.3978  0.000e+00
     81.702     8.6861   3.522995    33.2522       2768    11.5292     2.3978  0.000e+00
     81.581     8.6863   3.522977    33.2519       2769    11.5333     2.3969  0.000e+00
     81.471     8.6863   3.522995    33.2521       2770    11.5375     2.3980  0.000e+00
     81.357     8.6865   3.522977    33.2518       2771    11.5417     2.3975  0.000e+00
     81.247     8.6866   3.522995    33.2519       2772    11.5458     2.3978  0.000e+00
     81.142     8.6869   3.522995    33.2517       2773    11.5500     2.3979  0.000e+00
     81.042     8.6871   3.523041    33.2521       2774    11.5542     2.3979  0.000e+00
     80.943     8.6877   3.523018    33.2514       2775    11.5583     2.3982  0.000e+00
     80.845     8.6882   3.522994    33.2506       2776    11.5625     2.3976  0.000e+00
     80.753     8.6885   3.522994    33.2504       2777    11.5667     2.3984  0.000e+00
     80.670     8.6883   3.523075    33.2514       2778    11.5708     2.3994  0.000e+00
     80.570     8.6891   3.523104    33.2511       2779    11.5750     2.3989  0.000e+00
     80.485     8.6901   3.523121    33.2503       2780    11.5792     2.3988  0.000e+00
     80.404     8.6913   3.523207    33.2502       2781    11.5833     2.3991  0.000e+00
     80.317     8.6923   3.523144    33.2486       2782    11.5875     2.3995  0.000e+00
     80.236     8.6926   3.523081    33.2477       2783    11.5917     2.3983  0.000e+00
     80.162     8.6923   3.523104    33.2483       2784    11.5958     2.3985  0.000e+00
     80.086     8.6923   3.523058    33.2478       2785    11.6000     2.3995  0.000e+00
     80.015     8.6919   3.523058    33.2482       2786    11.6042     2.3990  0.000e+00
     79.943     8.6914   3.523081    33.2489       2787    11.6083     2.4010  0.000e+00
     79.874     8.6915   3.523144    33.2496       2788    11.6125     2.4001  0.000e+00
     79.809     8.6919   3.523104    33.2487       2789    11.6167     2.4004  0.000e+00
     79.741     8.6926   3.523230    33.2495       2790    11.6208     2.4003  0.000e+00
     79.661     8.6935   3.523294    33.2494       2791    11.6250     2.4014  0.000e+00
     79.591     8.6948   3.523294    33.2482       2792    11.6292     2.4012  0.000e+00
     79.507     8.6959   3.523334    33.2476       2793    11.6333     2.4011  0.000e+00
     79.426     8.6968   3.523357    33.2470       2794    11.6375     2.4009  0.000e+00
     79.337     8.6979   3.523380    33.2462       2795    11.6417     2.3998  0.000e+00
     79.236     8.6990   3.523380    33.2453       2796    11.6458     2.4012  0.000e+00
     79.128     8.6996   3.523316    33.2441       2797    11.6500     2.4014  0.000e+00
     79.014     8.7003   3.523270    33.2430       2798    11.6542     2.4020  0.000e+00
     78.889     8.7012   3.523207    33.2415       2799    11.6583     2.4019  0.000e+00
     78.755     8.7020   3.523166    33.2405       2800    11.6625     2.4027  0.000e+00
     78.622     8.7026   3.523143    33.2397       2801    11.6667     2.4020  0.000e+00
     78.479     8.7032   3.523103    33.2388       2802    11.6708     2.4035  0.000e+00
     78.331     8.7035   3.523040    33.2379       2803    11.6750     2.4041  0.000e+00
     78.188     8.7035   3.523016    33.2377       2804    11.6792     2.4044  0.000e+00
     78.047     8.7039   3.522936    33.2366       2805    11.6833     2.4044  0.000e+00
     77.909     8.7039   3.522826    33.2355       2806    11.6875     2.4047  0.000e+00
     77.786     8.7040   3.522803    33.2352       2807    11.6917     2.4062  0.000e+00
     77.671     8.7043   3.522889    33.2359       2808    11.6958     2.4058  0.000e+00
     77.569     8.7048   3.522953    33.2361       2809    11.7000     2.4067  0.000e+00
     77.475     8.7057   3.522907    33.2348       2810    11.7042     2.4065  0.000e+00
     77.387     8.7066   3.522889    33.2339       2811    11.7083     2.4064  0.000e+00
     77.320     8.7074   3.522843    33.2327       2812    11.7125     2.4074  0.000e+00
     77.260     8.7081   3.522803    33.2316       2813    11.7167     2.4062  0.000e+00
     77.211     8.7086   3.522803    33.2312       2814    11.7208     2.4059  0.000e+00
     77.164     8.7089   3.522780    33.2307       2815    11.7250     2.4053  0.000e+00
     77.130     8.7092   3.522780    33.2304       2816    11.7292     2.4051  0.000e+00
     77.094     8.7093   3.522803    33.2305       2817    11.7333     2.4053  0.000e+00
     77.058     8.7094   3.522803    33.2304       2818    11.7375     2.4040  0.000e+00
     77.021     8.7097   3.522803    33.2302       2819    11.7417     2.4045  0.000e+00
     76.978     8.7097   3.522780    33.2300       2820    11.7458     2.4034  0.000e+00
     76.931     8.7101   3.522739    33.2292       2821    11.7500     2.4033  0.000e+00
     76.877     8.7103   3.522630    33.2279       2822    11.7542     2.4033  0.000e+00
     76.804     8.7103   3.522526    33.2269       2823    11.7583     2.4033  0.000e+00
     76.727     8.7099   3.522549    33.2275       2824    11.7625     2.4032  0.000e+00
     76.636     8.7097   3.522693    33.2292       2825    11.7667     2.4030  0.000e+00
     76.562     8.7103   3.522693    33.2287       2826    11.7708     2.4036  0.000e+00
     76.457     8.7109   3.522676    33.2280       2827    11.7750     2.4043  0.000e+00
     76.354     8.7112   3.522843    33.2296       2828    11.7792     2.4047  0.000e+00
     76.233     8.7124   3.523546    33.2359       2829    11.7833     2.4040  0.000e+00
     76.110     8.7151   3.523995    33.2380       2830    11.7875     2.4050  0.000e+00
     75.982     8.7196   3.524208    33.2362       2831    11.7917     2.4048  0.000e+00
     75.850     8.7245   3.523718    33.2265       2832    11.7958     2.4048  0.000e+00
     75.714     8.7283   3.523632    33.2220       2833    11.8000     2.4058  0.000e+00
     75.579     8.7311   3.523592    33.2191       2834    11.8042     2.4046  0.000e+00
     75.450     8.7333   3.523568    33.2168       2835    11.8083     2.4066  0.000e+00
     75.316     8.7349   3.523528    33.2150       2836    11.8125     2.4068  0.000e+00
     75.197     8.7359   3.523528    33.2140       2837    11.8167     2.4083  0.000e+00
     75.083     8.7375   3.524381    33.2216       2838    11.8208     2.4084  0.000e+00
     74.967     8.7438   3.525597    33.2285       2839    11.8250     2.4091  0.000e+00
     74.863     8.7557   3.526623    33.2281       2840    11.8292     2.4111  0.000e+00
     74.760     8.7705   3.527130    33.2196       2841    11.8333     2.4114  0.000e+00
     74.669     8.7841   3.527603    33.2118       2842    11.8375     2.4112  0.000e+00
     74.584     8.7946   3.527666    33.2027       2843    11.8417     2.4114  0.000e+00
     74.490     8.8026   3.528115    33.1999       2844    11.8458     2.4127  0.000e+00
     74.407     8.8093   3.528329    33.1960       2845    11.8500     2.4128  0.000e+00
     74.320     8.8153   3.528859    33.1958       2846    11.8542     2.4135  0.000e+00
     74.228     8.8213   3.528605    33.1877       2847    11.8583     2.4140  0.000e+00
     74.149     8.8249   3.528928    33.1877       2848    11.8625     2.4154  0.000e+00
     74.067     8.8281   3.529291    33.1885       2849    11.8667     2.4177  0.000e+00
     73.970     8.8324   3.529418    33.1859       2850    11.8708     2.4197  0.000e+00
     73.892     8.8370   3.529545    33.1829       2851    11.8750     2.4226  0.000e+00
     73.809     8.8408   3.529672    33.1808       2852    11.8792     2.4233  0.000e+00
     73.717     8.8443   3.530018    33.1811       2853    11.8833     2.4243  0.000e+00
     73.635     8.8489   3.529781    33.1744       2854    11.8875     2.4262  0.000e+00
     73.543     8.8509   3.529931    33.1741       2855    11.8917     2.4272  0.000e+00
     73.455     8.8526   3.530058    33.1739       2856    11.8958     2.4297  0.000e+00
     73.382     8.8545   3.530398    33.1757       2857    11.9000     2.4302  0.000e+00
     73.299     8.8582   3.530531    33.1737       2858    11.9042     2.4305  0.000e+00
     73.223     8.8621   3.530571    33.1705       2859    11.9083     2.4323  0.000e+00
     73.134     8.8652   3.530594    33.1679       2860    11.9125     2.4332  0.000e+00
     73.053     8.8672   3.530548    33.1655       2861    11.9167     2.4340  0.000e+00
     72.979     8.8684   3.530594    33.1650       2862    11.9208     2.4348  0.000e+00
     72.916     8.8691   3.530605    33.1645       2863    11.9250     2.4345  0.000e+00
     72.834     8.8697   3.530657    33.1645       2864    11.9292     2.4358  0.000e+00
     72.758     8.8703   3.530674    33.1641       2865    11.9333     2.4375  0.000e+00
     72.675     8.8709   3.530721    33.1641       2866    11.9375     2.4375  0.000e+00
     72.581     8.8716   3.530847    33.1648       2867    11.9417     2.4382  0.000e+00
     72.498     8.8733   3.530974    33.1646       2868    11.9458     2.4379  0.000e+00
     72.411     8.8753   3.531043    33.1635       2869    11.9500     2.4392  0.000e+00
     72.305     8.8773   3.531084    33.1621       2870    11.9542     2.4407  0.000e+00
     72.209     8.8790   3.531320    33.1630       2871    11.9583     2.4417  0.000e+00
     72.106     8.8818   3.531551    33.1628       2872    11.9625     2.4421  0.000e+00
     71.995     8.8855   3.531897    33.1630       2873    11.9667     2.4424  0.000e+00
     71.889     8.8906   3.532514    33.1647       2874    11.9708     2.4440  0.000e+00
     71.775     8.8991   3.533114    33.1631       2875    11.9750     2.4446  0.000e+00
     71.668     8.9103   3.533673    33.1586       2876    11.9792     2.4445  0.000e+00
     71.569     8.9220   3.534567    33.1570       2877    11.9833     2.4467  0.000e+00
     71.467     8.9361   3.535514    33.1538       2878    11.9875     2.4470  0.000e+00
     71.370     8.9528   3.536517    33.1487       2879    11.9917     2.4472  0.000e+00
     71.270     8.9730   3.537181    33.1369       2880    11.9958     2.4482  0.000e+00
     71.182     8.9925   3.537181    33.1187       2881    12.0000     2.4499  0.000e+00
     71.095     9.0060   3.537354    33.1080       2882    12.0042     2.4529  0.000e+00
     71.016     9.0154   3.537394    33.0996       2883    12.0083     2.4529  0.000e+00
     70.941     9.0218   3.537532    33.0952       2884    12.0125     2.4549  0.000e+00
     70.873     9.0263   3.537440    33.0900       2885    12.0167     2.4546  0.000e+00
     70.811     9.0288   3.537440    33.0878       2886    12.0208     2.4584  0.000e+00
