HB2304/sbe113.cnv
* Sea-Bird SBE 19plus V2 Data File:
* FileName = C:\cruise\data\sbe113.hex
* Software Version Seasave V 7.26.7.121
* Temperature SN = 7037
* Conductivity SN = 7037
* System UpLoad Time = Nov 05 2023 08:21:08
** Ship: Bigelow
** Cruise:  HB2304
** Program:  Fall Bottom Trawl
# nquan = 8
# nvalues = 4701                                  
# units = specified
# name 0 = depSM: Depth [salt water, m], lat = 40.00
# name 1 = tv290C: Temperature [ITS-90, deg C]
# name 2 = c0S/m: Conductivity [S/m]
# name 3 = sal00: Salinity, Practical [PSU]
# name 4 = scan: Scan Count
# name 5 = timeM: Time, Elapsed [minutes]
# name 6 = sbeox0V: Oxygen raw, SBE 43 [V]
# name 7 = flag:  0.000e+00
# span 0 =     -0.046,    179.288                 
# span 1 =     8.0922,    12.4353                 
# span 2 =   0.000004,   3.753486                 
# span 3 =     0.0064,    34.3944                 
# span 4 =         11,       4711                 
# span 5 =     0.0417,    19.6250                 
# span 6 =     2.1738,     3.2048                 
# span 7 = 0.0000e+00, 0.0000e+00                 
# interval = seconds: 0.25
# start_time = Nov 05 2023 08:21:08 [System UTC, header]
# bad_flag = -9.990e-29
*END*
[from data line 4315]
     19.553    12.4160   3.751151    32.2143       4326    18.0208     3.1886  0.000e+00
     19.498    12.4156   3.751151    32.2146       4327    18.0250     3.1885  0.000e+00
     19.450    12.4157   3.751169    32.2148       4328    18.0292     3.1890  0.000e+00
     19.399    12.4158   3.751151    32.2146       4329    18.0333     3.1892  0.000e+00
     19.356    12.4157   3.751063    32.2138       4330    18.0375     3.1901  0.000e+00
     19.318    12.4155   3.751086    32.2142       4331    18.0417     3.1911  0.000e+00
     19.276    12.4153   3.751086    32.2144       4332    18.0458     3.1914  0.000e+00
     19.222    12.4153   3.751128    32.2148       4333    18.0500     3.1902  0.000e+00
     19.162    12.4150   3.751104    32.2148       4334    18.0542     3.1904  0.000e+00
     19.106    12.4152   3.751151    32.2152       4335    18.0583     3.1904  0.000e+00
     19.050    12.4153   3.751128    32.2148       4336    18.0625     3.1908  0.000e+00
     18.993    12.4155   3.751216    32.2156       4337    18.0667     3.1910  0.000e+00
     18.926    12.4158   3.751199    32.2152       4338    18.0708     3.1897  0.000e+00
     18.855    12.4160   3.751169    32.2147       4339    18.0750     3.1901  0.000e+00
     18.785    12.4161   3.751175    32.2147       4340    18.0792     3.1914  0.000e+00
     18.723    12.4160   3.751169    32.2148       4341    18.0833     3.1917  0.000e+00
     18.649    12.4160   3.751039    32.2136       4342    18.0875     3.1917  0.000e+00
     18.586    12.4157   3.750974    32.2133       4343    18.0917     3.1938  0.000e+00
     18.530    12.4151   3.750968    32.2137       4344    18.0958     3.1928  0.000e+00
     18.465    12.4147   3.750932    32.2138       4345    18.1000     3.1927  0.000e+00
     18.402    12.4143   3.750921    32.2140       4346    18.1042     3.1921  0.000e+00
     18.335    12.4139   3.750932    32.2145       4347    18.1083     3.1908  0.000e+00
     18.275    12.4140   3.750921    32.2143       4348    18.1125     3.1917  0.000e+00
     18.201    12.4137   3.750909    32.2145       4349    18.1167     3.1918  0.000e+00
     18.140    12.4136   3.750968    32.2152       4350    18.1208     3.1918  0.000e+00
     18.073    12.4138   3.750974    32.2151       4351    18.1250     3.1921  0.000e+00
     18.013    12.4141   3.751086    32.2160       4352    18.1292     3.1924  0.000e+00
     17.939    12.4143   3.751062    32.2155       4353    18.1333     3.1925  0.000e+00
     17.878    12.4146   3.751015    32.2149       4354    18.1375     3.1926  0.000e+00
     17.807    12.4148   3.751104    32.2156       4355    18.1417     3.1920  0.000e+00
     17.746    12.4149   3.751104    32.2155       4356    18.1458     3.1925  0.000e+00
     17.692    12.4151   3.751039    32.2147       4357    18.1500     3.1933  0.000e+00
     17.625    12.4151   3.751015    32.2145       4358    18.1542     3.1924  0.000e+00
     17.572    12.4150   3.751086    32.2153       4359    18.1583     3.1927  0.000e+00
     17.522    12.4149   3.751103    32.2156       4360    18.1625     3.1926  0.000e+00
     17.464    12.4151   3.751086    32.2153       4361    18.1667     3.1905  0.000e+00
     17.419    12.4153   3.751062    32.2149       4362    18.1708     3.1907  0.000e+00
     17.383    12.4153   3.751038    32.2147       4363    18.1750     3.1907  0.000e+00
     17.339    12.4152   3.751038    32.2148       4364    18.1792     3.1915  0.000e+00
     17.300    12.4152   3.751038    32.2148       4365    18.1833     3.1907  0.000e+00
     17.260    12.4153   3.751062    32.2150       4366    18.1875     3.1899  0.000e+00
     17.217    12.4154   3.751062    32.2149       4367    18.1917     3.1904  0.000e+00
     17.164    12.4154   3.751015    32.2145       4368    18.1958     3.1897  0.000e+00
     17.119    12.4153   3.750897    32.2135       4369    18.2000     3.1900  0.000e+00
     17.076    12.4148   3.750885    32.2138       4370    18.2042     3.1887  0.000e+00
     17.018    12.4143   3.750920    32.2145       4371    18.2083     3.1895  0.000e+00
     16.958    12.4141   3.750820    32.2139       4372    18.2125     3.1901  0.000e+00
     16.891    12.4137   3.750737    32.2134       4373    18.2167     3.1897  0.000e+00
     16.808    12.4132   3.750642    32.2130       4374    18.2208     3.1894  0.000e+00
     16.736    12.4124   3.750737    32.2146       4375    18.2250     3.1902  0.000e+00
     16.671    12.4123   3.750642    32.2138       4376    18.2292     3.1898  0.000e+00
     16.588    12.4121   3.750737    32.2149       4377    18.2333     3.1895  0.000e+00
     16.490    12.4121   3.750577    32.2134       4378    18.2375     3.1878  0.000e+00
     16.396    12.4118   3.750577    32.2137       4379    18.2417     3.1876  0.000e+00
     16.311    12.4114   3.750489    32.2132       4380    18.2458     3.1881  0.000e+00
     16.237    12.4109   3.750465    32.2135       4381    18.2500     3.1888  0.000e+00
     16.165    12.4102   3.750488    32.2143       4382    18.2542     3.1890  0.000e+00
     16.094    12.4099   3.750553    32.2153       4383    18.2583     3.1895  0.000e+00
     16.033    12.4101   3.750601    32.2155       4384    18.2625     3.1894  0.000e+00
     15.988    12.4104   3.750648    32.2157       4385    18.2667     3.1898  0.000e+00
     15.934    12.4108   3.750642    32.2154       4386    18.2708     3.1910  0.000e+00
     15.887    12.4111   3.750488    32.2137       4387    18.2750     3.1903  0.000e+00
     15.841    12.4106   3.750441    32.2137       4388    18.2792     3.1912  0.000e+00
     15.798    12.4099   3.750465    32.2145       4389    18.2833     3.1913  0.000e+00
     15.760    12.4097   3.750417    32.2142       4390    18.2875     3.1924  0.000e+00
     15.711    12.4093   3.750358    32.2140       4391    18.2917     3.1921  0.000e+00
     15.670    12.4091   3.750323    32.2138       4392    18.2958     3.1913  0.000e+00
     15.630    12.4089   3.750311    32.2140       4393    18.3000     3.1924  0.000e+00
     15.576    12.4085   3.750323    32.2144       4394    18.3042     3.1918  0.000e+00
     15.527    12.4083   3.750358    32.2150       4395    18.3083     3.1918  0.000e+00
     15.464    12.4085   3.750370    32.2149       4396    18.3125     3.1926  0.000e+00
     15.402    12.4085   3.750335    32.2146       4397    18.3167     3.1923  0.000e+00
     15.346    12.4086   3.750370    32.2149       4398    18.3208     3.1922  0.000e+00
     15.288    12.4087   3.750382    32.2150       4399    18.3250     3.1923  0.000e+00
     15.229    12.4088   3.750530    32.2163       4400    18.3292     3.1922  0.000e+00
     15.167    12.4092   3.750553    32.2162       4401    18.3333     3.1921  0.000e+00
     15.106    12.4096   3.750577    32.2161       4402    18.3375     3.1920  0.000e+00
     15.046    12.4099   3.750577    32.2159       4403    18.3417     3.1933  0.000e+00
     14.996    12.4103   3.750671    32.2165       4404    18.3458     3.1921  0.000e+00
     14.934    12.4109   3.750707    32.2163       4405    18.3500     3.1920  0.000e+00
     14.878    12.4113   3.750553    32.2145       4406    18.3542     3.1912  0.000e+00
     14.808    12.4113   3.750642    32.2154       4407    18.3583     3.1908  0.000e+00
     14.739    12.4113   3.750736    32.2163       4408    18.3625     3.1910  0.000e+00
     14.674    12.4115   3.750488    32.2138       4409    18.3667     3.1912  0.000e+00
     14.595    12.4114   3.750346    32.2125       4410    18.3708     3.1910  0.000e+00
     14.515    12.4106   3.750381    32.2137       4411    18.3750     3.1901  0.000e+00
     14.437    12.4100   3.750281    32.2132       4412    18.3792     3.1897  0.000e+00
     14.356    12.4096   3.750293    32.2137       4413    18.3833     3.1882  0.000e+00
     14.275    12.4090   3.750311    32.2144       4414    18.3875     3.1875  0.000e+00
     14.203    12.4089   3.750281    32.2142       4415    18.3917     3.1862  0.000e+00
     14.136    12.4087   3.750293    32.2146       4416    18.3958     3.1860  0.000e+00
     14.080    12.4087   3.750322    32.2148       4417    18.4000     3.1871  0.000e+00
     14.031    12.4089   3.750310    32.2146       4418    18.4042     3.1877  0.000e+00
     13.986    12.4089   3.750299    32.2145       4419    18.4083     3.1897  0.000e+00
     13.955    12.4088   3.750269    32.2143       4420    18.4125     3.1897  0.000e+00
     13.927    12.4086   3.750299    32.2148       4421    18.4167     3.1916  0.000e+00
     13.887    12.4087   3.750293    32.2146       4422    18.4208     3.1918  0.000e+00
     13.851    12.4087   3.750440    32.2161       4423    18.4250     3.1923  0.000e+00
     13.804    12.4094   3.750488    32.2160       4424    18.4292     3.1924  0.000e+00
     13.768    12.4099   3.750234    32.2132       4425    18.4333     3.1926  0.000e+00
     13.717    12.4102   3.750446    32.2149       4426    18.4375     3.1943  0.000e+00
     13.652    12.4109   3.750464    32.2145       4427    18.4417     3.1934  0.000e+00
     13.589    12.4111   3.750423    32.2140       4428    18.4458     3.1936  0.000e+00
     13.529    12.4111   3.750417    32.2140       4429    18.4500     3.1937  0.000e+00
     13.448    12.4109   3.750334    32.2134       4430    18.4542     3.1941  0.000e+00
     13.373    12.4106   3.750281    32.2132       4431    18.4583     3.1926  0.000e+00
     13.296    12.4103   3.750269    32.2133       4432    18.4625     3.1936  0.000e+00
     13.216    12.4097   3.750257    32.2137       4433    18.4667     3.1926  0.000e+00
     13.131    12.4094   3.750310    32.2146       4434    18.4708     3.1926  0.000e+00
     13.045    12.4091   3.750322    32.2149       4435    18.4750     3.1917  0.000e+00
     12.971    12.4095   3.750245    32.2139       4436    18.4792     3.1924  0.000e+00
     12.913    12.4093   3.750233    32.2140       4437    18.4833     3.1922  0.000e+00
     12.844    12.4092   3.750227    32.2140       4438    18.4875     3.1938  0.000e+00
     12.781    12.4090   3.750245    32.2144       4439    18.4917     3.1934  0.000e+00
     12.730    12.4089   3.750233    32.2144       4440    18.4958     3.1933  0.000e+00
     12.671    12.4089   3.750227    32.2144       4441    18.5000     3.1930  0.000e+00
     12.609    12.4087   3.750257    32.2148       4442    18.5042     3.1941  0.000e+00
     12.551    12.4087   3.750552    32.2177       4443    18.5083     3.1932  0.000e+00
     12.490    12.4096   3.750670    32.2180       4444    18.5125     3.1955  0.000e+00
     12.421    12.4115   3.750729    32.2170       4445    18.5167     3.1945  0.000e+00
     12.358    12.4128   3.750735    32.2160       4446    18.5208     3.1933  0.000e+00
     12.291    12.4138   3.750729    32.2151       4447    18.5250     3.1924  0.000e+00
     12.230    12.4145   3.750712    32.2144       4448    18.5292     3.1927  0.000e+00
     12.163    12.4145   3.750729    32.2145       4449    18.5333     3.1920  0.000e+00
     12.105    12.4148   3.750712    32.2142       4450    18.5375     3.1910  0.000e+00
     12.051    12.4147   3.750753    32.2147       4451    18.5417     3.1916  0.000e+00
     12.000    12.4148   3.750670    32.2138       4452    18.5458     3.1916  0.000e+00
     11.950    12.4148   3.750463    32.2119       4453    18.5500     3.1920  0.000e+00
     11.915    12.4138   3.750280    32.2109       4454    18.5542     3.1916  0.000e+00
     11.876    12.4124   3.750422    32.2135       4455    18.5583     3.1915  0.000e+00
     11.849    12.4117   3.750759    32.2174       4456    18.5625     3.1920  0.000e+00
     11.814    12.4126   3.750664    32.2158       4457    18.5667     3.1916  0.000e+00
     11.773    12.4133   3.750782    32.2163       4458    18.5708     3.1929  0.000e+00
     11.733    12.4142   3.750640    32.2142       4459    18.5750     3.1918  0.000e+00
     11.691    12.4145   3.750599    32.2135       4460    18.5792     3.1913  0.000e+00
     11.637    12.4146   3.750599    32.2134       4461    18.5833     3.1921  0.000e+00
     11.574    12.4145   3.750575    32.2133       4462    18.5875     3.1916  0.000e+00
     11.496    12.4144   3.750575    32.2134       4463    18.5917     3.1915  0.000e+00
     11.415    12.4144   3.750552    32.2133       4464    18.5958     3.1924  0.000e+00
     11.332    12.4143   3.750552    32.2133       4465    18.6000     3.1929  0.000e+00
     11.227    12.4143   3.750640    32.2143       4466    18.6042     3.1936  0.000e+00
     11.137    12.4146   3.750806    32.2156       4467    18.6083     3.1948  0.000e+00
     11.043    12.4154   3.750817    32.2151       4468    18.6125     3.1921  0.000e+00
     10.958    12.4159   3.750806    32.2146       4469    18.6167     3.1924  0.000e+00
     10.869    12.4165   3.750817    32.2142       4470    18.6208     3.1926  0.000e+00
     10.786    12.4168   3.750829    32.2141       4471    18.6250     3.1933  0.000e+00
     10.699    12.4170   3.750859    32.2142       4472    18.6292     3.1958  0.000e+00
     10.618    12.4174   3.750853    32.2139       4473    18.6333     3.1952  0.000e+00
     10.544    12.4177   3.750776    32.2129       4474    18.6375     3.1953  0.000e+00
     10.459    12.4175   3.750646    32.2119       4475    18.6417     3.1958  0.000e+00
     10.382    12.4169   3.750599    32.2120       4476    18.6458     3.1958  0.000e+00
     10.313    12.4163   3.750504    32.2117       4477    18.6500     3.1948  0.000e+00
     10.241    12.4157   3.750599    32.2131       4478    18.6542     3.1981  0.000e+00
     10.176    12.4155   3.750622    32.2135       4479    18.6583     3.1967  0.000e+00
     10.120    12.4154   3.750598    32.2134       4480    18.6625     3.1982  0.000e+00
     10.062    12.4154   3.750622    32.2136       4481    18.6667     3.1975  0.000e+00
     10.024    12.4155   3.750663    32.2140       4482    18.6708     3.1959  0.000e+00
      9.975    12.4155   3.750711    32.2144       4483    18.6750     3.1954  0.000e+00
      9.930    12.4160   3.750598    32.2129       4484    18.6792     3.1967  0.000e+00
      9.890    12.4158   3.750669    32.2138       4485    18.6833     3.1955  0.000e+00
      9.850    12.4159   3.750728    32.2143       4486    18.6875     3.1947  0.000e+00
      9.805    12.4164   3.750669    32.2133       4487    18.6917     3.1951  0.000e+00
      9.762    12.4163   3.750705    32.2138       4488    18.6958     3.1958  0.000e+00
      9.719    12.4163   3.750693    32.2136       4489    18.7000     3.1974  0.000e+00
      9.668    12.4163   3.750687    32.2136       4490    18.7042     3.1982  0.000e+00
      9.610    12.4165   3.750640    32.2131       4491    18.7083     3.1986  0.000e+00
      9.547    12.4163   3.750598    32.2129       4492    18.7125     3.1988  0.000e+00
      9.471    12.4160   3.750598    32.2132       4493    18.7167     3.1982  0.000e+00
      9.406    12.4158   3.750575    32.2131       4494    18.7208     3.1990  0.000e+00
      9.325    12.4158   3.750598    32.2133       4495    18.7250     3.1984  0.000e+00
      9.240    12.4157   3.750575    32.2133       4496    18.7292     3.1977  0.000e+00
      9.162    12.4158   3.750462    32.2122       4497    18.7333     3.1994  0.000e+00
      9.068    12.4153   3.750486    32.2128       4498    18.7375     3.1984  0.000e+00
      8.979    12.4151   3.750486    32.2130       4499    18.7417     3.1980  0.000e+00
      8.885    12.4150   3.750486    32.2131       4500    18.7458     3.1977  0.000e+00
      8.808    12.4151   3.750486    32.2131       4501    18.7500     3.1972  0.000e+00
      8.726    12.4149   3.750486    32.2133       4502    18.7542     3.1952  0.000e+00
      8.651    12.4148   3.750462    32.2132       4503    18.7583     3.1984  0.000e+00
      8.578    12.4147   3.750486    32.2135       4504    18.7625     3.1974  0.000e+00
