HB2304/sbe105.cnv
* Sea-Bird SBE 19plus V2 Data File:
* FileName = C:\cruise\data\sbe105.hex
* Software Version Seasave V 7.26.7.121
* Temperature SN = 7037
* Conductivity SN = 7037
* System UpLoad Time = Nov 02 2023 13:08:46
** Ship: Bigelow
** Cruise:  HB2304
** Program:  Fall Bottom Trawl
# nquan = 8
# nvalues = 1685                                  
# units = specified
# name 0 = depSM: Depth [salt water, m], lat = 40.00
# name 1 = tv290C: Temperature [ITS-90, deg C]
# name 2 = c0S/m: Conductivity [S/m]
# name 3 = sal00: Salinity, Practical [PSU]
# name 4 = scan: Scan Count
# name 5 = timeM: Time, Elapsed [minutes]
# name 6 = sbeox0V: Oxygen raw, SBE 43 [V]
# name 7 = flag:  0.000e+00
# span 0 =      0.078,     41.819                 
# span 1 =    10.0548,    14.9582                 
# span 2 =   0.000079,   3.956276                 
# span 3 =     0.0052,    33.3769                 
# span 4 =         11,       1695                 
# span 5 =     0.0417,     7.0583                 
# span 6 =     2.5250,     3.1140                 
# span 7 = 0.0000e+00, 0.0000e+00                 
# interval = seconds: 0.25
# start_time = Nov 02 2023 13:08:46 [System UTC, header]
# bad_flag = -9.990e-29
*END*
[from data line 360]
     24.921    14.8362   3.951171    32.0383        371     1.5417     2.6121  0.000e+00
     24.939    14.8645   3.951756    32.0203        372     1.5458     2.6138  0.000e+00
     24.949    14.8872   3.952227    32.0060        373     1.5500     2.6232  0.000e+00
     24.968    14.9033   3.952830    31.9982        374     1.5542     2.6441  0.000e+00
     24.987    14.9135   3.952975    31.9911        375     1.5583     2.6784  0.000e+00
     25.025    14.9200   3.952812    31.9843        376     1.5625     2.7220  0.000e+00
     25.080    14.9241   3.952553    31.9786        377     1.5667     2.7650  0.000e+00
     25.154    14.9267   3.951569    31.9676        378     1.5708     2.8033  0.000e+00
     25.246    14.9281   3.950047    31.9526        379     1.5750     2.8341  0.000e+00
     25.358    14.9301   3.949860    31.9493        380     1.5792     2.8585  0.000e+00
     25.479    14.9284   3.949631    31.9486        381     1.5833     2.8737  0.000e+00
     25.611    14.9227   3.949257    31.9498        382     1.5875     2.8812  0.000e+00
     25.752    14.9183   3.948811    31.9493        383     1.5917     2.8818  0.000e+00
     25.897    14.9149   3.948509    31.9493        384     1.5958     2.8793  0.000e+00
     26.047    14.9132   3.948551    31.9511        385     1.6000     2.8763  0.000e+00
     26.193    14.9115   3.948648    31.9533        386     1.6042     2.8711  0.000e+00
     26.339    14.9106   3.948533    31.9529        387     1.6083     2.8614  0.000e+00
     26.482    14.9109   3.948600    31.9532        388     1.6125     2.8529  0.000e+00
     26.632    14.9122   3.948859    31.9545        389     1.6167     2.8406  0.000e+00
     26.768    14.9140   3.949185    31.9558        390     1.6208     2.8272  0.000e+00
     26.905    14.9161   3.949445    31.9564        391     1.6250     2.8126  0.000e+00
     27.033    14.9177   3.949445    31.9551        392     1.6292     2.7973  0.000e+00
     27.162    14.9186   3.949234    31.9523        393     1.6333     2.7820  0.000e+00
     27.284    14.9193   3.948950    31.9492        394     1.6375     2.7689  0.000e+00
     27.407    14.9199   3.948715    31.9465        395     1.6417     2.7581  0.000e+00
     27.519    14.9200   3.948697    31.9462        396     1.6458     2.7496  0.000e+00
     27.628    14.9203   3.949421    31.9525        397     1.6500     2.7422  0.000e+00
     27.729    14.9210   3.949698    31.9544        398     1.6542     2.7374  0.000e+00
     27.816    14.9220   3.949795    31.9544        399     1.6583     2.7339  0.000e+00
     27.897    14.9233   3.950447    31.9592        400     1.6625     2.7329  0.000e+00
     27.964    14.9251   3.951292    31.9653        401     1.6667     2.7309  0.000e+00
     28.022    14.9261   3.951944    31.9703        402     1.6708     2.7308  0.000e+00
     28.072    14.9266   3.952366    31.9737        403     1.6750     2.7299  0.000e+00
     28.119    14.9271   3.952880    31.9779        404     1.6792     2.7295  0.000e+00
     28.161    14.9285   3.953000    31.9778        405     1.6833     2.7324  0.000e+00
     28.206    14.9304   3.953302    31.9790        406     1.6875     2.7347  0.000e+00
     28.244    14.9323   3.953417    31.9785        407     1.6917     2.7372  0.000e+00
     28.291    14.9334   3.953091    31.9746        408     1.6958     2.7411  0.000e+00
     28.354    14.9345   3.952083    31.9646        409     1.7000     2.7547  0.000e+00
     28.443    14.9353   3.950610    31.9506        410     1.7042     2.7756  0.000e+00
     28.539    14.9359   3.950773    31.9516        411     1.7083     2.7999  0.000e+00
     28.660    14.9311   3.950586    31.9538        412     1.7125     2.8196  0.000e+00
     28.790    14.9247   3.950007    31.9538        413     1.7167     2.8358  0.000e+00
     28.936    14.9193   3.949584    31.9543        414     1.7208     2.8452  0.000e+00
     29.088    14.9142   3.949373    31.9565        415     1.7250     2.8526  0.000e+00
     29.247    14.9099   3.949488    31.9610        416     1.7292     2.8516  0.000e+00
     29.404    14.9070   3.949633    31.9646        417     1.7333     2.8499  0.000e+00
     29.569    14.9054   3.949796    31.9673        418     1.7375     2.8451  0.000e+00
     29.724    14.9050   3.949796    31.9676        419     1.7417     2.8365  0.000e+00
     29.872    14.9058   3.949820    31.9672        420     1.7458     2.8258  0.000e+00
     30.006    14.9075   3.950122    31.9684        421     1.7500     2.8116  0.000e+00
     30.131    14.9102   3.950424    31.9688        422     1.7542     2.7999  0.000e+00
     30.236    14.9129   3.950520    31.9675        423     1.7583     2.7860  0.000e+00
     30.333    14.9150   3.950170    31.9626        424     1.7625     2.7711  0.000e+00
     30.413    14.9158   3.949187    31.9530        425     1.7667     2.7592  0.000e+00
     30.482    14.9162   3.948511    31.9466        426     1.7708     2.7476  0.000e+00
     30.552    14.9174   3.948909    31.9491        427     1.7750     2.7412  0.000e+00
     30.615    14.9189   3.949543    31.9536        428     1.7792     2.7355  0.000e+00
     30.688    14.9207   3.949959    31.9558        429     1.7833     2.7317  0.000e+00
     30.760    14.9221   3.950050    31.9555        430     1.7875     2.7291  0.000e+00
     30.838    14.9234   3.949072    31.9456        431     1.7917     2.7286  0.000e+00
     30.928    14.9238   3.948088    31.9364        432     1.7958     2.7278  0.000e+00
     31.020    14.9237   3.947575    31.9318        433     1.8000     2.7280  0.000e+00
     31.132    14.9145   3.947202    31.9359        434     1.8042     2.7261  0.000e+00
     31.248    14.9017   3.947015    31.9447        435     1.8083     2.7186  0.000e+00
     31.378    14.8904   3.946828    31.9522        436     1.8125     2.7124  0.000e+00
     31.521    14.8821   3.946689    31.9577        437     1.8167     2.7076  0.000e+00
     31.660    14.8768   3.946617    31.9613        438     1.8208     2.7047  0.000e+00
     31.803    14.8732   3.946804    31.9659        439     1.8250     2.6988  0.000e+00
     31.947    14.8707   3.947130    31.9708        440     1.8292     2.6937  0.000e+00
     32.086    14.8692   3.947293    31.9734        441     1.8333     2.6863  0.000e+00
     32.222    14.8686   3.947341    31.9743        442     1.8375     2.6806  0.000e+00
     32.357    14.8689   3.947390    31.9745        443     1.8417     2.6724  0.000e+00
     32.486    14.8716   3.947317    31.9716        444     1.8458     2.6618  0.000e+00
     32.603    14.8748   3.946919    31.9653        445     1.8500     2.6535  0.000e+00
     32.704    14.8758   3.946340    31.9592        446     1.8542     2.6446  0.000e+00
     32.802    14.8761   3.946292    31.9585        447     1.8583     2.6351  0.000e+00
     32.889    14.8781   3.946056    31.9547        448     1.8625     2.6254  0.000e+00
     32.961    14.8760   3.945918    31.9551        449     1.8667     2.6152  0.000e+00
     33.033    14.8712   3.945869    31.9586        450     1.8708     2.6054  0.000e+00
     33.097    14.8649   3.945942    31.9644        451     1.8750     2.5977  0.000e+00
     33.163    14.8613   3.946340    31.9709        452     1.8792     2.5897  0.000e+00
     33.230    14.8621   3.946732    31.9738        453     1.8833     2.5844  0.000e+00
     33.297    14.8685   3.947155    31.9723        454     1.8875     2.5780  0.000e+00
     33.373    14.8755   3.946503    31.9607        455     1.8917     2.5720  0.000e+00
     33.460    14.8809   3.945707    31.9491        456     1.8958     2.5696  0.000e+00
     33.559    14.8829   3.944844    31.9396        457     1.9000     2.5672  0.000e+00
     33.675    14.8742   3.944168    31.9405        458     1.9042     2.5640  0.000e+00
     33.796    14.8650   3.944120    31.9476        459     1.9083     2.5639  0.000e+00
     33.926    14.8573   3.944211    31.9547        460     1.9125     2.5646  0.000e+00
     34.069    14.8508   3.944235    31.9602        461     1.9167     2.5676  0.000e+00
     34.219    14.8464   3.944211    31.9636        462     1.9208     2.5706  0.000e+00
     34.367    14.8429   3.944193    31.9662        463     1.9250     2.5735  0.000e+00
     34.515    14.8404   3.944211    31.9683        464     1.9292     2.5745  0.000e+00
     34.665    14.8381   3.944380    31.9717        465     1.9333     2.5768  0.000e+00
     34.808    14.8366   3.944561    31.9745        466     1.9375     2.5742  0.000e+00
     34.949    14.8353   3.944749    31.9772        467     1.9417     2.5761  0.000e+00
     35.083    14.8343   3.944797    31.9784        468     1.9458     2.5757  0.000e+00
     35.209    14.8351   3.944749    31.9773        469     1.9500     2.5732  0.000e+00
     35.334    14.8377   3.944731    31.9749        470     1.9542     2.5686  0.000e+00
     35.455    14.8410   3.944586    31.9708        471     1.9583     2.5652  0.000e+00
     35.562    14.8439   3.944495    31.9676        472     1.9625     2.5592  0.000e+00
     35.665    14.8459   3.944284    31.9641        473     1.9667     2.5532  0.000e+00
     35.761    14.8462   3.944170    31.9627        474     1.9708     2.5468  0.000e+00
     35.856    14.8446   3.944007    31.9625        475     1.9750     2.5387  0.000e+00
     35.941    14.8405   3.943862    31.9646        476     1.9792     2.5328  0.000e+00
     36.016    14.8336   3.943283    31.9650        477     1.9833     2.5278  0.000e+00
     36.097    14.8283   3.942771    31.9646        478     1.9875     2.5253  0.000e+00
     36.171    14.8240   3.942487    31.9655        479     1.9917     2.5250  0.000e+00
     36.256    14.8177   3.942252    31.9686        480     1.9958     2.5253  0.000e+00
     36.334    14.8127   3.942234    31.9725        481     2.0000     2.5252  0.000e+00
     36.411    14.8077   3.942138    31.9757        482     2.0042     2.5253  0.000e+00
     36.500    14.8041   3.941698    31.9746        483     2.0083     2.5262  0.000e+00
     36.598    14.8012   3.941402    31.9743        484     2.0125     2.5278  0.000e+00
     36.704    14.7957   3.941487    31.9796        485     2.0167     2.5371  0.000e+00
     36.822    14.7914   3.941415    31.9824        486     2.0208     2.5516  0.000e+00
     36.950    14.7867   3.941391    31.9860        487     2.0250     2.5719  0.000e+00
     37.082    14.7861   3.941578    31.9881        488     2.0292     2.5972  0.000e+00
     37.218    14.7849   3.941789    31.9909        489     2.0333     2.6224  0.000e+00
     37.366    14.7835   3.941927    31.9933        490     2.0375     2.6454  0.000e+00
     37.509    14.7825   3.942024    31.9949        491     2.0417     2.6681  0.000e+00
     37.644    14.7816   3.942253    31.9977        492     2.0458     2.6796  0.000e+00
     37.783    14.7825   3.942374    31.9980        493     2.0500     2.6873  0.000e+00
     37.908    14.7828   3.942422    31.9981        494     2.0542     2.6919  0.000e+00
     38.031    14.7841   3.942489    31.9976        495     2.0583     2.6926  0.000e+00
     38.141    14.7896   3.942537    31.9935        496     2.0625     2.6883  0.000e+00
     38.237    14.7981   3.942561    31.9867        497     2.0667     2.6821  0.000e+00
     38.333    14.8091   3.942585    31.9778        498     2.0708     2.6734  0.000e+00
     38.405    14.8196   3.942561    31.9690        499     2.0750     2.6652  0.000e+00
     38.479    14.8254   3.942488    31.9635        500     2.0792     2.6538  0.000e+00
     38.546    14.8295   3.942464    31.9600        501     2.0833     2.6429  0.000e+00
     38.611    14.8346   3.942440    31.9555        502     2.0875     2.6318  0.000e+00
     38.672    14.8374   3.942422    31.9531        503     2.0917     2.6222  0.000e+00
     38.728    14.8341   3.942398    31.9555        504     2.0958     2.6118  0.000e+00
     38.794    14.8290   3.942440    31.9600        505     2.1000     2.6010  0.000e+00
     38.860    14.8230   3.942464    31.9651        506     2.1042     2.5922  0.000e+00
     38.944    14.8168   3.942253    31.9683        507     2.1083     2.5823  0.000e+00
     39.032    14.8117   3.942091    31.9710        508     2.1125     2.5735  0.000e+00
     39.141    14.8072   3.942440    31.9778        509     2.1167     2.5674  0.000e+00
     39.256    14.8036   3.942977    31.9856        510     2.1208     2.5619  0.000e+00
     39.386    14.8011   3.943351    31.9910        511     2.1250     2.5578  0.000e+00
     39.535    14.7999   3.943514    31.9934        512     2.1292     2.5526  0.000e+00
     39.686    14.7999   3.943659    31.9946        513     2.1333     2.5502  0.000e+00
     39.844    14.8004   3.943659    31.9942        514     2.1375     2.5488  0.000e+00
     40.010    14.8005   3.943539    31.9929        515     2.1417     2.5498  0.000e+00
     40.189    14.8002   3.943285    31.9908        516     2.1458     2.5517  0.000e+00
     40.362    14.7999   3.943165    31.9899        517     2.1500     2.5541  0.000e+00
     40.530    14.7994   3.943098    31.9896        518     2.1542     2.5557  0.000e+00
     40.706    14.8003   3.943002    31.9880        519     2.1583     2.5587  0.000e+00
     40.872    14.8070   3.943702    31.9887        520     2.1625     2.5589  0.000e+00
     41.020    14.8167   3.945222    31.9944        521     2.1667     2.5577  0.000e+00
     41.150    14.8287   3.947019    32.0007        522     2.1708     2.5542  0.000e+00
     41.281    14.8427   3.948582    32.0033        523     2.1750     2.5519  0.000e+00
     41.387    14.8581   3.949638    32.0002        524     2.1792     2.5482  0.000e+00
     41.478    14.8725   3.950199    31.9934        525     2.1833     2.5456  0.000e+00
     41.563    14.8852   3.950779    31.9882        526     2.1875     2.5441  0.000e+00
     41.635    14.8955   3.951672    31.9878        527     2.1917     2.5506  0.000e+00
     41.700    14.9050   3.952722    31.9895        528     2.1958     2.5617  0.000e+00
     41.761    14.9130   3.953447    31.9894        529     2.2000     2.5790  0.000e+00
     41.803    14.9204   3.954618    31.9939        530     2.2042     2.6007  0.000e+00
     41.819    14.9281   3.955367    31.9944        531     2.2083     2.6274  0.000e+00
     41.765    14.9349   3.955693    31.9917        532     2.2125     2.6523  0.000e+00
     41.675    14.9401   3.955505    31.9858        533     2.2167     2.6875  0.000e+00
     41.581    14.9434   3.955650    31.9844        534     2.2208     2.7293  0.000e+00
     41.499    14.9457   3.955674    31.9828        535     2.2250     2.7755  0.000e+00
     41.429    14.9470   3.955674    31.9818        536     2.2292     2.8162  0.000e+00
     41.366    14.9479   3.955626    31.9806        537     2.2333     2.8555  0.000e+00
     41.319    14.9484   3.955559    31.9796        538     2.2375     2.8831  0.000e+00
     41.284    14.9487   3.955674    31.9805        539     2.2417     2.9085  0.000e+00
     41.270    14.9488   3.955650    31.9801        540     2.2458     2.9308  0.000e+00
     41.268    14.9491   3.955692    31.9803        541     2.2500     2.9472  0.000e+00
     41.270    14.9491   3.955740    31.9807        542     2.2542     2.9584  0.000e+00
     41.282    14.9494   3.955765    31.9807        543     2.2583     2.9680  0.000e+00
     41.295    14.9495   3.955716    31.9801        544     2.2625     2.9780  0.000e+00
     41.302    14.9494   3.955765    31.9806        545     2.2667     2.9872  0.000e+00
     41.315    14.9494   3.955789    31.9809        546     2.2708     2.9932  0.000e+00
     41.329    14.9494   3.955789    31.9809        547     2.2750     3.0000  0.000e+00
     41.335    14.9493   3.955813    31.9812        548     2.2792     3.0060  0.000e+00
     41.337    14.9493   3.955837    31.9814        549     2.2833     3.0124  0.000e+00
