HB2304/sbe107.cnv
* Sea-Bird SBE 19plus V2 Data File:
* FileName = C:\cruise\data\sbe107.hex
* Software Version Seasave V 7.26.7.121
* Temperature SN = 7037
* Conductivity SN = 7037
* System UpLoad Time = Nov 02 2023 23:38:10
** Ship: Bigelow
** Cruise:  HB2304
** Program:  Fall Bottom Trawl
# nquan = 8
# nvalues = 2651                                  
# units = specified
# name 0 = depSM: Depth [salt water, m], lat = 40.00
# name 1 = tv290C: Temperature [ITS-90, deg C]
# name 2 = c0S/m: Conductivity [S/m]
# name 3 = sal00: Salinity, Practical [PSU]
# name 4 = scan: Scan Count
# name 5 = timeM: Time, Elapsed [minutes]
# name 6 = sbeox0V: Oxygen raw, SBE 43 [V]
# name 7 = flag:  0.000e+00
# span 0 =      0.169,    112.176                 
# span 1 =     7.2204,    13.0267                 
# span 2 =   0.000057,   3.763379                 
# span 3 =     0.0042,    32.9535                 
# span 4 =         11,       2661                 
# span 5 =     0.0417,    11.0833                 
# span 6 =     2.1938,     3.1373                 
# span 7 = 0.0000e+00, 0.0000e+00                 
# interval = seconds: 0.25
# start_time = Nov 02 2023 23:38:10 [System UTC, header]
# bad_flag = -9.990e-29
*END*
[from data line 2517]
      7.153    12.9132   3.755669    31.8397       2528    10.5292     3.1202  0.000e+00
      7.111    12.9108   3.755971    31.8446       2529    10.5333     3.1188  0.000e+00
      7.070    12.9095   3.756219    31.8480       2530    10.5375     3.1180  0.000e+00
      7.028    12.9095   3.756177    31.8476       2531    10.5417     3.1186  0.000e+00
      6.974    12.9095   3.756373    31.8495       2532    10.5458     3.1181  0.000e+00
      6.922    12.9101   3.756000    31.8455       2533    10.5500     3.1189  0.000e+00
      6.862    12.9098   3.755876    31.8447       2534    10.5542     3.1188  0.000e+00
      6.803    12.9089   3.755823    31.8449       2535    10.5583     3.1188  0.000e+00
      6.748    12.9080   3.755693    31.8444       2536    10.5625     3.1191  0.000e+00
      6.694    12.9073   3.755781    31.8459       2537    10.5667     3.1207  0.000e+00
      6.647    12.9073   3.755834    31.8464       2538    10.5708     3.1210  0.000e+00
      6.606    12.9077   3.755976    31.8474       2539    10.5750     3.1197  0.000e+00
      6.570    12.9085   3.756041    31.8474       2540    10.5792     3.1206  0.000e+00
      6.541    12.9093   3.755953    31.8459       2541    10.5833     3.1207  0.000e+00
      6.515    12.9100   3.755858    31.8444       2542    10.5875     3.1191  0.000e+00
      6.501    12.9101   3.755911    31.8448       2543    10.5917     3.1175  0.000e+00
      6.476    12.9101   3.755923    31.8450       2544    10.5958     3.1170  0.000e+00
      6.452    12.9103   3.756130    31.8468       2545    10.6000     3.1168  0.000e+00
      6.423    12.9116   3.756065    31.8451       2546    10.6042     3.1175  0.000e+00
      6.385    12.9124   3.756041    31.8442       2547    10.6083     3.1179  0.000e+00
      6.331    12.9124   3.756177    31.8455       2548    10.6125     3.1194  0.000e+00
      6.271    12.9132   3.756083    31.8440       2549    10.6167     3.1181  0.000e+00
      6.206    12.9135   3.755911    31.8421       2550    10.6208     3.1198  0.000e+00
      6.134    12.9126   3.755970    31.8435       2551    10.6250     3.1194  0.000e+00
      6.055    12.9120   3.756218    31.8463       2552    10.6292     3.1205  0.000e+00
      5.961    12.9135   3.756248    31.8454       2553    10.6333     3.1205  0.000e+00
      5.874    12.9147   3.755757    31.8398       2554    10.6375     3.1192  0.000e+00
      5.773    12.9134   3.755326    31.8368       2555    10.6417     3.1196  0.000e+00
      5.677    12.9098   3.755603    31.8425       2556    10.6458     3.1192  0.000e+00
      5.587    12.9087   3.756201    31.8491       2557    10.6500     3.1181  0.000e+00
      5.493    12.9111   3.756177    31.8469       2558    10.6542     3.1181  0.000e+00
      5.402    12.9132   3.755858    31.8422       2559    10.6583     3.1179  0.000e+00
      5.316    12.9134   3.755976    31.8432       2560    10.6625     3.1181  0.000e+00
      5.236    12.9131   3.756064    31.8443       2561    10.6667     3.1168  0.000e+00
      5.169    12.9126   3.756177    31.8457       2562    10.6708     3.1177  0.000e+00
      5.106    12.9120   3.755976    31.8444       2563    10.6750     3.1196  0.000e+00
      5.050    12.9115   3.756177    31.8468       2564    10.6792     3.1191  0.000e+00
      5.012    12.9113   3.756194    31.8471       2565    10.6833     3.1205  0.000e+00
      4.978    12.9112   3.756200    31.8473       2566    10.6875     3.1213  0.000e+00
      4.951    12.9113   3.756088    31.8461       2567    10.6917     3.1223  0.000e+00
      4.937    12.9114   3.756064    31.8458       2568    10.6958     3.1223  0.000e+00
      4.929    12.9116   3.755999    31.8451       2569    10.7000     3.1232  0.000e+00
      4.926    12.9120   3.756064    31.8453       2570    10.7042     3.1230  0.000e+00
      4.933    12.9120   3.755976    31.8445       2571    10.7083     3.1215  0.000e+00
      4.933    12.9123   3.755993    31.8444       2572    10.7125     3.1214  0.000e+00
      4.931    12.9125   3.756041    31.8447       2573    10.7167     3.1209  0.000e+00
      4.913    12.9132   3.755899    31.8427       2574    10.7208     3.1205  0.000e+00
      4.895    12.9135   3.755869    31.8422       2575    10.7250     3.1188  0.000e+00
      4.855    12.9137   3.755834    31.8418       2576    10.7292     3.1178  0.000e+00
      4.805    12.9136   3.755869    31.8422       2577    10.7333     3.1199  0.000e+00
      4.740    12.9138   3.755798    31.8414       2578    10.7375     3.1188  0.000e+00
      4.648    12.9137   3.755899    31.8424       2579    10.7417     3.1197  0.000e+00
      4.548    12.9143   3.755999    31.8429       2580    10.7458     3.1208  0.000e+00
      4.433    12.9148   3.756017    31.8427       2581    10.7500     3.1218  0.000e+00
      4.317    12.9152   3.756023    31.8425       2582    10.7542     3.1213  0.000e+00
      4.198    12.9155   3.756064    31.8426       2583    10.7583     3.1233  0.000e+00
      4.077    12.9162   3.756176    31.8432       2584    10.7625     3.1232  0.000e+00
      3.963    12.9172   3.756915    31.8494       2585    10.7667     3.1244  0.000e+00
      3.865    12.9211   3.757625    31.8528       2586    10.7708     3.1262  0.000e+00
      3.802    12.9273   3.756685    31.8387       2587    10.7750     3.1261  0.000e+00
      3.757    12.9293   3.756525    31.8356       2588    10.7792     3.1265  0.000e+00
      3.723    12.9279   3.756430    31.8359       2589    10.7833     3.1269  0.000e+00
      3.703    12.9265   3.756460    31.8373       2590    10.7875     3.1268  0.000e+00
      3.697    12.9256   3.756495    31.8385       2591    10.7917     3.1276  0.000e+00
      3.703    12.9255   3.756637    31.8398       2592    10.7958     3.1262  0.000e+00
      3.710    12.9264   3.756880    31.8413       2593    10.8000     3.1265  0.000e+00
      3.714    12.9285   3.756980    31.8406       2594    10.8042     3.1268  0.000e+00
      3.707    12.9306   3.757453    31.8432       2595    10.8083     3.1266  0.000e+00
      3.687    12.9339   3.757767    31.8435       2596    10.8125     3.1271  0.000e+00
      3.652    12.9376   3.757737    31.8400       2597    10.8167     3.1276  0.000e+00
      3.609    12.9408   3.758062    31.8405       2598    10.8208     3.1279  0.000e+00
      3.557    12.9439   3.759168    31.8483       2599    10.8250     3.1287  0.000e+00
      3.492    12.9507   3.758843    31.8396       2600    10.8292     3.1300  0.000e+00
      3.428    12.9556   3.758683    31.8339       2601    10.8333     3.1305  0.000e+00
      3.360    12.9572   3.758866    31.8343       2602    10.8375     3.1325  0.000e+00
      3.289    12.9589   3.759345    31.8374       2603    10.8417     3.1311  0.000e+00
      3.213    12.9618   3.759653    31.8379       2604    10.8458     3.1326  0.000e+00
      3.138    12.9663   3.760469    31.8419       2605    10.8500     3.1325  0.000e+00
      3.069    12.9726   3.760599    31.8379       2606    10.8542     3.1306  0.000e+00
      3.006    12.9781   3.760688    31.8341       2607    10.8583     3.1313  0.000e+00
      2.952    12.9821   3.760445    31.8284       2608    10.8625     3.1287  0.000e+00
      2.903    12.9837   3.760824    31.8307       2609    10.8667     3.1294  0.000e+00
      2.852    12.9858   3.761019    31.8308       2610    10.8708     3.1300  0.000e+00
      2.811    12.9884   3.761309    31.8313       2611    10.8750     3.1300  0.000e+00
      2.765    12.9917   3.762386    31.8387       2612    10.8792     3.1307  0.000e+00
      2.717    12.9986   3.761220    31.8219       2613    10.8833     3.1325  0.000e+00
      2.670    12.9991   3.760711    31.8167       2614    10.8875     3.1329  0.000e+00
      2.617    12.9959   3.760942    31.8217       2615    10.8917     3.1323  0.000e+00
      2.556    12.9942   3.760954    31.8232       2616    10.8958     3.1326  0.000e+00
      2.485    12.9936   3.761108    31.8252       2617    10.9000     3.1320  0.000e+00
      2.415    12.9938   3.761220    31.8261       2618    10.9042     3.1325  0.000e+00
      2.341    12.9947   3.761439    31.8275       2619    10.9083     3.1307  0.000e+00
      2.258    12.9965   3.761539    31.8270       2620    10.9125     3.1300  0.000e+00
      2.177    12.9984   3.761835    31.8282       2621    10.9167     3.1303  0.000e+00
      2.090    13.0010   3.762119    31.8287       2622    10.9208     3.1299  0.000e+00
      2.005    13.0042   3.762385    31.8285       2623    10.9250     3.1281  0.000e+00
      1.916    13.0078   3.762415    31.8258       2624    10.9292     3.1285  0.000e+00
      1.844    13.0103   3.762361    31.8232       2625    10.9333     3.1284  0.000e+00
      1.806    13.0117   3.762497    31.8234       2626    10.9375     3.1299  0.000e+00
      1.803    13.0133   3.762740    31.8243       2627    10.9417     3.1304  0.000e+00
      1.819    13.0153   3.762847    31.8236       2628    10.9458     3.1326  0.000e+00
      1.844    13.0172   3.762947    31.8230       2629    10.9500     3.1336  0.000e+00
      1.880    13.0191   3.763089    31.8227       2630    10.9542     3.1346  0.000e+00
      1.918    13.0207   3.763154    31.8219       2631    10.9583     3.1359  0.000e+00
      1.954    13.0223   3.763290    31.8219       2632    10.9625     3.1347  0.000e+00
      1.980    13.0238   3.763361    31.8213       2633    10.9667     3.1351  0.000e+00
      1.983    13.0252   3.763267    31.8192       2634    10.9708     3.1353  0.000e+00
      1.972    13.0258   3.763202    31.8181       2635    10.9750     3.1342  0.000e+00
      1.944    13.0260   3.763290    31.8188       2636    10.9792     3.1340  0.000e+00
      1.900    13.0260   3.763379    31.8196       2637    10.9833     3.1335  0.000e+00
      1.833    13.0267   3.763243    31.8178       2638    10.9875     3.1319  0.000e+00
      1.739    13.0265   3.763136    31.8169       2639    10.9917     3.1309  0.000e+00
      1.615    13.0260   3.763154    31.8176       2640    10.9958     3.1287  0.000e+00
      1.458    13.0255   3.763154    31.8181       2641    11.0000     3.1302  0.000e+00
      1.291    13.0252   3.762994    31.8169       2642    11.0042     3.1302  0.000e+00
      1.131    13.0247   3.762935    31.8168       2643    11.0083     3.1323  0.000e+00
      0.963    13.0239   3.763018    31.8184       2644    11.0125     3.1332  0.000e+00
      0.791    13.0235   3.763000    31.8186       2645    11.0167     3.1339  0.000e+00
      0.614    13.0236   3.762935    31.8180       2646    11.0208     3.1353  0.000e+00
      0.489    13.0233   3.762692    31.8159       2647    11.0250     3.1355  0.000e+00
      0.448    13.0226   3.762668    31.8164       2648    11.0292     3.1369  0.000e+00
      0.495    13.0215   3.762621    31.8168       2649    11.0333     3.1373  0.000e+00
      0.556    13.0207   3.762538    31.8167       2650    11.0375     3.1373  0.000e+00
      0.596    13.0200   3.762669    31.8185       2651    11.0417     3.1371  0.000e+00
      0.596    13.0198   3.762870    31.8205       2652    11.0458     3.1368  0.000e+00
      0.551    13.0204   3.762805    31.8194       2653    11.0500     3.1362  0.000e+00
      0.475    13.0207   3.762781    31.8190       2654    11.0542     3.1371  0.000e+00
      0.403    13.0209   3.762757    31.8186       2655    11.0583     3.1361  0.000e+00
      0.383    13.0209   3.762716    31.8183       2656    11.0625     3.1364  0.000e+00
      0.406    13.0207   3.762739    31.8187       2657    11.0667     3.1351  0.000e+00
      0.459    13.0206   3.762692    31.8183       2658    11.0708     3.1355  0.000e+00
      0.569    13.0204   3.762603    31.8175       2659    11.0750     3.1359  0.000e+00
      0.670    13.0199   3.762598    31.8179       2660    11.0792     3.1348  0.000e+00
      0.734    13.0193   3.762757    31.8199       2661    11.0833     3.1343  0.000e+00
