HB2304/sbe101.cnv
* Sea-Bird SBE 19plus V2 Data File:
* FileName = C:\cruise\data\sbe101.hex
* Software Version Seasave V 7.26.7.121
* Temperature SN = 7037
* Conductivity SN = 7037
* System UpLoad Time = Oct 31 2023 15:52:29
** Ship: Bigelow
** Cruise:  HB2304
** Program:  Fall Bottom Trawl
# nquan = 7
# nvalues = 2135                                  
# units = specified
# name 0 = depSM: Depth [salt water, m], lat = 40.00
# name 1 = tv290C: Temperature [ITS-90, deg C]
# name 2 = c0S/m: Conductivity [S/m]
# name 3 = sal00: Salinity, Practical [PSU]
# name 4 = scan: Scan Count
# name 5 = timeM: Time, Elapsed [minutes]
# name 6 = flag:  0.000e+00
# span 0 =     -0.031,     62.891                 
# span 1 =    10.0161,    14.3648                 
# span 2 =   0.000055,   3.887578                 
# span 3 =     0.0052,    32.8666                 
# span 4 =         11,       2145                 
# span 5 =     0.0417,     8.9333                 
# span 6 = 0.0000e+00, 0.0000e+00                 
# interval = seconds: 0.25
# start_time = Oct 31 2023 15:52:29 [System UTC, header]
# bad_flag = -9.990e-29
*END*
      0.038    10.3072   0.000071     0.0053         11     0.0417  0.000e+00
      0.036    10.2955   0.000069     0.0053         12     0.0458  0.000e+00
      0.041    10.2850   0.000071     0.0053         13     0.0500  0.000e+00
      0.049    10.2824   0.000066     0.0053         14     0.0542  0.000e+00
      0.047    10.2793   0.000071     0.0053         15     0.0583  0.000e+00
      0.041    10.2745   0.000071     0.0053         16     0.0625  0.000e+00
      0.041    10.2754   0.000071     0.0053         17     0.0667  0.000e+00
      0.043    10.2852   0.000071     0.0053         18     0.0708  0.000e+00
      0.049    10.2876   0.000074     0.0053         19     0.0750  0.000e+00
      0.047    10.2799   0.000071     0.0053         20     0.0792  0.000e+00
      0.047    10.2771   0.000077     0.0053         21     0.0833  0.000e+00
      0.041    10.2850   0.000071     0.0053         22     0.0875  0.000e+00
      0.047    10.2937   0.000066     0.0053         23     0.0917  0.000e+00
      0.041    10.2930   0.000077     0.0053         24     0.0958  0.000e+00
      0.041    10.2839   0.000071     0.0053         25     0.1000  0.000e+00
      0.040    10.2765   0.000069     0.0053         26     0.1042  0.000e+00
      0.041    10.2744   0.000071     0.0053         27     0.1083  0.000e+00
      0.038    10.2755   0.000066     0.0053         28     0.1125  0.000e+00
      0.038    10.2621   0.000066     0.0053         29     0.1167  0.000e+00
      0.041    10.2372   0.000055     0.0053         30     0.1208  0.000e+00
      0.041    10.2076   0.000061     0.0052         31     0.1250  0.000e+00
      0.034    10.1773   0.000055     0.0052         32     0.1292  0.000e+00
      0.032    10.1463   0.000066     0.0052         33     0.1333  0.000e+00
      0.034    10.1194   0.000066     0.0052         34     0.1375  0.000e+00
      0.034    10.0997   0.000061     0.0052         35     0.1417  0.000e+00
      0.031    10.0798   0.000061     0.0052         36     0.1458  0.000e+00
      0.036    10.0615   0.000071     0.0052         37     0.1500  0.000e+00
      0.038    10.0572   0.000071     0.0052         38     0.1542  0.000e+00
      0.038    10.0623   0.000069     0.0052         39     0.1583  0.000e+00
      0.040    10.0757   0.000071     0.0052         40     0.1625  0.000e+00
      0.041    10.0772   0.000071     0.0052         41     0.1667  0.000e+00
      0.041    10.0735   0.000066     0.0052         42     0.1708  0.000e+00
      0.041    10.0728   0.000071     0.0052         43     0.1750  0.000e+00
      0.038    10.0857   0.000077     0.0052         44     0.1792  0.000e+00
      0.042    10.1024   0.000069     0.0052         45     0.1833  0.000e+00
      0.045    10.1098   0.000071     0.0052         46     0.1875  0.000e+00
      0.040    10.1100   0.000071     0.0052         47     0.1917  0.000e+00
      0.043    10.1058   0.000071     0.0052         48     0.1958  0.000e+00
      0.040    10.0989   0.000071     0.0052         49     0.2000  0.000e+00
      0.034    10.0950   0.000066     0.0052         50     0.2042  0.000e+00
      0.034    10.0848   0.000061     0.0052         51     0.2083  0.000e+00
      0.033    10.0617   0.000066     0.0052         52     0.2125  0.000e+00
      0.038    10.0342   0.000066     0.0052         53     0.2167  0.000e+00
      0.034    10.0210   0.000066     0.0052         54     0.2208  0.000e+00
      0.036    10.0302   0.000066     0.0052         55     0.2250  0.000e+00
      0.031    10.0320   0.000066     0.0052         56     0.2292  0.000e+00
      0.036    10.0221   0.000066     0.0052         57     0.2333  0.000e+00
      0.036    10.0161   0.000069     0.0052         58     0.2375  0.000e+00
      0.040    10.0276   0.000071     0.0052         59     0.2417  0.000e+00
      0.045    10.0464   0.000071     0.0052         60     0.2458  0.000e+00
      0.045    10.0565   0.000077     0.0052         61     0.2500  0.000e+00
      0.047    10.0572   0.000066     0.0052         62     0.2542  0.000e+00
      0.045    10.0621   0.000071     0.0052         63     0.2583  0.000e+00
      0.045    10.0827   0.000071     0.0052         64     0.2625  0.000e+00
      0.043    10.0977   0.000069     0.0052         65     0.2667  0.000e+00
      0.040    10.1068   0.000071     0.0052         66     0.2708  0.000e+00
      0.040    10.1134   0.000071     0.0052         67     0.2750  0.000e+00
      0.040    10.1258   0.000066     0.0052         68     0.2792  0.000e+00
      0.038    10.1378   0.000066     0.0052         69     0.2833  0.000e+00
      0.034    10.1425   0.000071     0.0052         70     0.2875  0.000e+00
      0.038    10.1388   0.000071     0.0052         71     0.2917  0.000e+00
      0.038    10.1425   0.000069     0.0052         72     0.2958  0.000e+00
      0.040    10.1531   0.000077     0.0053         73     0.3000  0.000e+00
      0.036    10.1539   0.000066     0.0052         74     0.3042  0.000e+00
      0.036    10.1454   0.000066     0.0052         75     0.3083  0.000e+00
      0.038    10.1320   0.000071     0.0052         76     0.3125  0.000e+00
      0.040    10.1248   0.000071     0.0052         77     0.3167  0.000e+00
      0.040    10.1201   0.000066     0.0052         78     0.3208  0.000e+00
      0.044    10.1112   0.000066     0.0052         79     0.3250  0.000e+00
      0.044    10.1037   0.000071     0.0052         80     0.3292  0.000e+00
      0.045    10.0975   0.000066     0.0052         81     0.3333  0.000e+00
      0.047    10.0890   0.000077     0.0052         82     0.3375  0.000e+00
      0.049    10.0881   0.000071     0.0052         83     0.3417  0.000e+00
      0.051    10.0885   0.000071     0.0052         84     0.3458  0.000e+00
      0.051    10.0888   0.000069     0.0052         85     0.3500  0.000e+00
      0.044    10.0842   0.000071     0.0052         86     0.3542  0.000e+00
      0.047    10.0792   0.000077     0.0052         87     0.3583  0.000e+00
      0.047    10.0753   0.000066     0.0052         88     0.3625  0.000e+00
      0.047    10.0733   0.000077     0.0052         89     0.3667  0.000e+00
      0.130    10.1088   0.000082     0.0052         90     0.3708  0.000e+00
      0.282    10.1680   0.000066     0.0052         91     0.3750  0.000e+00
      0.331    10.2260   0.017122     0.1138         92     0.3792  0.000e+00
      0.302    10.5009   1.751072    14.6923         93     0.3833  0.000e+00
      0.215    11.1611   1.260365    10.1016         94     0.3875  0.000e+00
      0.149    11.7317   1.102379     8.6075         95     0.3917  0.000e+00
      0.058    12.1256   2.789718    23.4021         96     0.3958  0.000e+00
      0.051    12.4586   0.704712     5.2176         97     0.4000  0.000e+00
      0.049    12.7096   0.444527     3.1681         98     0.4042  0.000e+00
      0.054    12.8250   0.373017     2.6210         99     0.4083  0.000e+00
      0.054    12.8712   0.337120     2.3512        100     0.4125  0.000e+00
      0.047    12.8822   0.296424     2.0510        101     0.4167  0.000e+00
      0.286    12.8656   0.856937     6.3679        102     0.4208  0.000e+00
      0.526    12.8383   2.337765    18.9147        103     0.4250  0.000e+00
      0.732    12.8465   2.098583    16.8054        104     0.4292  0.000e+00
      0.920    12.8630   3.281429    27.4497        105     0.4333  0.000e+00
      1.098    12.8639   3.004870    24.9051        106     0.4375  0.000e+00
      1.280    12.8579   2.309817    18.6575        107     0.4417  0.000e+00
      1.479    12.8632   3.011770    24.9686        108     0.4458  0.000e+00
      1.692    12.8680   3.762863    31.9479        109     0.4500  0.000e+00
      1.900    12.8458   3.757593    31.9168        110     0.4542  0.000e+00
      2.095    12.8321   3.752864    31.8836        111     0.4583  0.000e+00
      2.265    12.8453   3.761644    31.9553        112     0.4625  0.000e+00
      2.423    12.9069   3.755813    31.8482        113     0.4667  0.000e+00
      2.592    13.0324   3.750942    31.6970        114     0.4708  0.000e+00
      2.784    13.1941   3.731432    31.3796        115     0.4750  0.000e+00
      2.987    13.3489   3.725978    31.2014        116     0.4792  0.000e+00
      3.209    13.4494   3.766981    31.5003        117     0.4833  0.000e+00
      3.355    13.5400   3.775305    31.5029        118     0.4875  0.000e+00
      3.520    13.6467   3.822830    31.8555        119     0.4917  0.000e+00
      3.589    13.7620   3.814972    31.6871        120     0.4958  0.000e+00
      3.599    13.8696   3.791969    31.3864        121     0.5000  0.000e+00
      3.587    13.9522   3.766756    31.0874        122     0.5042  0.000e+00
      3.664    14.0096   3.786574    31.2227        123     0.5083  0.000e+00
      3.834    13.9945   3.750322    30.9025        124     0.5125  0.000e+00
      4.037    13.8887   3.750819    30.9921        125     0.5167  0.000e+00
      4.252    13.7563   3.771151    31.2867        126     0.5208  0.000e+00
      4.444    13.6453   3.768080    31.3489        127     0.5250  0.000e+00
      4.635    13.5736   3.765275    31.3817        128     0.5292  0.000e+00
      4.823    13.5250   3.762785    31.3984        129     0.5333  0.000e+00
      5.002    13.4845   3.761360    31.4184        130     0.5375  0.000e+00
      5.187    13.4472   3.760562    31.4416        131     0.5417  0.000e+00
      5.355    13.4045   3.758250    31.4552        132     0.5458  0.000e+00
      5.516    13.3650   3.754331    31.4513        133     0.5500  0.000e+00
      5.669    13.3438   3.760646    31.5276        134     0.5542  0.000e+00
      5.792    13.3293   3.771180    31.6379        135     0.5583  0.000e+00
      5.897    13.3357   3.785966    31.7706        136     0.5625  0.000e+00
      5.978    13.4067   3.807323    31.9106        137     0.5667  0.000e+00
      6.049    13.5275   3.821504    31.9416        138     0.5708  0.000e+00
      6.110    13.6591   3.829466    31.9057        139     0.5750  0.000e+00
      6.186    13.7777   3.830197    31.8138        140     0.5792  0.000e+00
      6.284    13.8734   3.826627    31.7016        141     0.5833  0.000e+00
      6.414    13.9431   3.817166    31.5570        142     0.5875  0.000e+00
      6.564    13.9825   3.804024    31.4039        143     0.5917  0.000e+00
      6.732    14.0102   3.797531    31.3217        144     0.5958  0.000e+00
      6.915    14.0359   3.792116    31.2510        145     0.6000  0.000e+00
      7.105    14.0556   3.787779    31.1952        146     0.6042  0.000e+00
      7.286    14.0691   3.786954    31.1767        147     0.6083  0.000e+00
      7.450    14.0770   3.797595    31.2677        148     0.6125  0.000e+00
      7.597    14.0805   3.806471    31.3461        149     0.6167  0.000e+00
      7.721    14.0877   3.820778    31.4714        150     0.6208  0.000e+00
      7.815    14.1022   3.837741    31.6149        151     0.6250  0.000e+00
      7.870    14.1175   3.849341    31.7088        152     0.6292  0.000e+00
      7.895    14.1312   3.851413    31.7165        153     0.6333  0.000e+00
      7.918    14.1568   3.847030    31.6553        154     0.6375  0.000e+00
      7.956    14.1795   3.824152    31.4273        155     0.6417  0.000e+00
      8.005    14.1925   3.796276    31.1619        156     0.6458  0.000e+00
      8.068    14.2082   3.788507    31.0783        157     0.6500  0.000e+00
      8.159    14.1657   3.776591    31.0036        158     0.6542  0.000e+00
      8.278    14.0475   3.776296    31.0962        159     0.6583  0.000e+00
      8.428    13.8495   3.781318    31.3028        160     0.6625  0.000e+00
      8.603    13.6848   3.786325    31.4838        161     0.6667  0.000e+00
      8.811    13.5828   3.792034    31.6207        162     0.6708  0.000e+00
      9.050    13.5264   3.794124    31.6867        163     0.6750  0.000e+00
      9.301    13.5029   3.793394    31.6994        164     0.6792  0.000e+00
      9.532    13.4756   3.791970    31.7087        165     0.6833  0.000e+00
      9.766    13.4447   3.789520    31.7114        166     0.6875  0.000e+00
     10.011    13.4258   3.787183    31.7053        167     0.6917  0.000e+00
     10.259    13.4088   3.787296    31.7204        168     0.6958  0.000e+00
     10.476    13.3970   3.793746    31.7903        169     0.7000  0.000e+00
     10.633    13.3885   3.790921    31.7710        170     0.7042  0.000e+00
     10.805    13.3818   3.795242    31.8168        171     0.7083  0.000e+00
     10.908    13.4355   3.831169    32.1069        172     0.7125  0.000e+00
     10.955    13.5725   3.854343    32.2075        173     0.7167  0.000e+00
     10.914    13.7550   3.864275    32.1463        174     0.7208  0.000e+00
     10.832    13.9322   3.869172    32.0435        175     0.7250  0.000e+00
     10.755    14.0654   3.871109    31.9506        176     0.7292  0.000e+00
     10.684    14.1542   3.871335    31.8791        177     0.7333  0.000e+00
     10.619    14.2115   3.871508    31.8334        178     0.7375  0.000e+00
     10.559    14.2482   3.868665    31.7772        179     0.7417  0.000e+00
     10.563    14.2710   3.857853    31.6597        180     0.7458  0.000e+00
     10.634    14.2856   3.853449    31.6074        181     0.7500  0.000e+00
     10.766    14.2744   3.853880    31.6204        182     0.7542  0.000e+00
     10.946    14.2338   3.853074    31.6463        183     0.7583  0.000e+00
     11.167    14.2034   3.848231    31.6268        184     0.7625  0.000e+00
     11.422    14.1765   3.838099    31.5560        185     0.7667  0.000e+00
     11.660    14.1213   3.840313    31.6214        186     0.7708  0.000e+00
     11.874    14.0702   3.839252    31.6535        187     0.7750  0.000e+00
     12.112    14.0517   3.837946    31.6566        188     0.7792  0.000e+00
     12.347    14.0440   3.836521    31.6498        189     0.7833  0.000e+00
     12.602    14.0412   3.833880    31.6277        190     0.7875  0.000e+00
     12.859    14.0394   3.829541    31.5893        191     0.7917  0.000e+00
     13.128    14.0360   3.827599    31.5741        192     0.7958  0.000e+00
     13.405    14.0337   3.826694    31.5676        193     0.8000  0.000e+00
     13.615    14.0320   3.835216    31.6472        194     0.8042  0.000e+00
     13.806    14.0280   3.842827    31.7203        195     0.8083  0.000e+00
     13.980    14.0292   3.849846    31.7838        196     0.8125  0.000e+00
     14.105    14.0587   3.854678    31.8038        197     0.8167  0.000e+00
     14.161    14.1007   3.863907    31.8538        198     0.8208  0.000e+00
     14.146    14.1445   3.869583    31.8697        199     0.8250  0.000e+00
     14.108    14.1882   3.871402    31.8503        200     0.8292  0.000e+00
     14.099    14.2271   3.870558    31.8106        201     0.8333  0.000e+00
     14.112    14.2541   3.871766    31.7993        202     0.8375  0.000e+00
     14.132    14.2735   3.870467    31.7715        203     0.8417  0.000e+00
     14.170    14.2868   3.865836    31.7183        204     0.8458  0.000e+00
     14.235    14.2948   3.853713    31.6009        205     0.8500  0.000e+00
     14.331    14.3000   3.854717    31.6058        206     0.8542  0.000e+00
     14.457    14.2896   3.853152    31.6000        207     0.8583  0.000e+00
     14.605    14.2490   3.854562    31.6460        208     0.8625  0.000e+00
     14.770    14.2047   3.852580    31.6642        209     0.8667  0.000e+00
     14.949    14.1741   3.850048    31.6660        210     0.8708  0.000e+00
     15.150    14.1496   3.847236    31.6603        211     0.8750  0.000e+00
     15.365    14.1306   3.845201    31.6571        212     0.8792  0.000e+00
     15.587    14.1173   3.843321    31.6507        213     0.8833  0.000e+00
     15.815    14.1078   3.842421    31.6502        214     0.8875  0.000e+00
     16.054    14.1017   3.845697    31.6852        215     0.8917  0.000e+00
