HB2304/sbe112.cnv
* Sea-Bird SBE 19plus V2 Data File:
* FileName = C:\cruise\data\sbe112.hex
* Software Version Seasave V 7.26.7.121
* Temperature SN = 7037
* Conductivity SN = 7037
* System UpLoad Time = Nov 05 2023 02:29:49
** Ship: Bigelow
** Cruise:  HB2304
** Program:  Fall Bottom Trawl
# nquan = 8
# nvalues = 3956                                  
# units = specified
# name 0 = depSM: Depth [salt water, m], lat = 40.00
# name 1 = tv290C: Temperature [ITS-90, deg C]
# name 2 = c0S/m: Conductivity [S/m]
# name 3 = sal00: Salinity, Practical [PSU]
# name 4 = scan: Scan Count
# name 5 = timeM: Time, Elapsed [minutes]
# name 6 = sbeox0V: Oxygen raw, SBE 43 [V]
# name 7 = flag:  0.000e+00
# span 0 =      0.037,    144.298                 
# span 1 =     7.4581,    12.2108                 
# span 2 =   0.000001,   3.733442                 
# span 3 =     0.0063,    34.2474                 
# span 4 =         11,       3966                 
# span 5 =     0.0417,    16.5208                 
# span 6 =     2.1918,     3.2227                 
# span 7 = 0.0000e+00, 0.0000e+00                 
# interval = seconds: 0.25
# start_time = Nov 05 2023 02:29:49 [System UTC, header]
# bad_flag = -9.990e-29
*END*
[from data line 2517]
     66.413     8.5173   3.463797    32.7953       2528    10.5292     2.4034  0.000e+00
     66.385     8.5202   3.464192    32.7967       2529    10.5333     2.4041  0.000e+00
     66.356     8.5236   3.464507    32.7969       2530    10.5375     2.4041  0.000e+00
     66.325     8.5276   3.465571    32.8043       2531    10.5417     2.4045  0.000e+00
     66.305     8.5336   3.464758    32.7902       2532    10.5458     2.4046  0.000e+00
     66.281     8.5360   3.462480    32.7641       2533    10.5500     2.4059  0.000e+00
     66.260     8.5293   3.462040    32.7657       2534    10.5542     2.4055  0.000e+00
     66.238     8.5203   3.461977    32.7734       2535    10.5583     2.4053  0.000e+00
     66.218     8.5142   3.462458    32.7841       2536    10.5625     2.4049  0.000e+00
     66.196     8.5116   3.462595    32.7880       2537    10.5667     2.4056  0.000e+00
     66.175     8.5114   3.462686    32.7892       2538    10.5708     2.4053  0.000e+00
     66.148     8.5118   3.462732    32.7893       2539    10.5750     2.4055  0.000e+00
     66.120     8.5121   3.463104    32.7930       2540    10.5792     2.4053  0.000e+00
     66.086     8.5135   3.463270    32.7934       2541    10.5833     2.4061  0.000e+00
     66.054     8.5161   3.464506    32.8039       2542    10.5875     2.4061  0.000e+00
     66.023     8.5215   3.464907    32.8032       2543    10.5917     2.4069  0.000e+00
     65.981     8.5278   3.465262    32.8011       2544    10.5958     2.4068  0.000e+00
     65.945     8.5333   3.464169    32.7845       2545    10.6000     2.4070  0.000e+00
     65.907     8.5336   3.462858    32.7705       2546    10.6042     2.4053  0.000e+00
     65.869     8.5276   3.462921    32.7767       2547    10.6083     2.4060  0.000e+00
     65.829     8.5229   3.463837    32.7908       2548    10.6125     2.4072  0.000e+00
     65.797     8.5230   3.464672    32.7994       2549    10.6167     2.4067  0.000e+00
     65.768     8.5265   3.463356    32.7823       2550    10.6208     2.4071  0.000e+00
     65.732     8.5264   3.463253    32.7814       2551    10.6250     2.4068  0.000e+00
     65.701     8.5239   3.463356    32.7848       2552    10.6292     2.4074  0.000e+00
     65.659     8.5226   3.463568    32.7883       2553    10.6333     2.4073  0.000e+00
     65.629     8.5225   3.464014    32.7931       2554    10.6375     2.4079  0.000e+00
     65.594     8.5244   3.465027    32.8020       2555    10.6417     2.4069  0.000e+00
     65.556     8.5290   3.465531    32.8030       2556    10.6458     2.4076  0.000e+00
     65.524     8.5353   3.466390    32.8062       2557    10.6500     2.4069  0.000e+00
     65.486     8.5428   3.466996    32.8056       2558    10.6542     2.4077  0.000e+00
     65.449     8.5500   3.467019    32.7992       2559    10.6583     2.4076  0.000e+00
     65.404     8.5560   3.468021    32.8042       2560    10.6625     2.4078  0.000e+00
     65.375     8.5627   3.467872    32.7964       2561    10.6667     2.4089  0.000e+00
     65.357     8.5676   3.468084    32.7940       2562    10.6708     2.4093  0.000e+00
     65.328     8.5710   3.469058    32.8012       2563    10.6750     2.4095  0.000e+00
     65.316     8.5764   3.469527    32.8010       2564    10.6792     2.4092  0.000e+00
     65.307     8.5822   3.468880    32.7889       2565    10.6833     2.4113  0.000e+00
     65.296     8.5846   3.468628    32.7841       2566    10.6875     2.4118  0.000e+00
     65.294     8.5841   3.468989    32.7883       2567    10.6917     2.4112  0.000e+00
     65.288     8.5849   3.469109    32.7888       2568    10.6958     2.4131  0.000e+00
     65.285     8.5864   3.468691    32.7830       2569    10.7000     2.4134  0.000e+00
     65.276     8.5859   3.469195    32.7888       2570    10.7042     2.4133  0.000e+00
     65.259     8.5867   3.468880    32.7847       2571    10.7083     2.4140  0.000e+00
     65.245     8.5873   3.469384    32.7895       2572    10.7125     2.4138  0.000e+00
     65.225     8.5878   3.469905    32.7945       2573    10.7167     2.4147  0.000e+00
     65.198     8.5911   3.469132    32.7833       2574    10.7208     2.4141  0.000e+00
     65.162     8.5916   3.468290    32.7741       2575    10.7250     2.4144  0.000e+00
     65.122     8.5875   3.468399    32.7790       2576    10.7292     2.4146  0.000e+00
     65.079     8.5846   3.468479    32.7825       2577    10.7333     2.4146  0.000e+00
     65.037     8.5834   3.469464    32.7940       2578    10.7375     2.4153  0.000e+00
     64.981     8.5851   3.469945    32.7976       2579    10.7417     2.4146  0.000e+00
     64.932     8.5902   3.470850    32.8024       2580    10.7458     2.4159  0.000e+00
     64.889     8.5963   3.470919    32.7974       2581    10.7500     2.4154  0.000e+00
     64.847     8.6017   3.471079    32.7941       2582    10.7542     2.4156  0.000e+00
     64.811     8.6053   3.471520    32.7954       2583    10.7583     2.4159  0.000e+00
     64.775     8.6089   3.471056    32.7872       2584    10.7625     2.4155  0.000e+00
     64.742     8.6110   3.471371    32.7886       2585    10.7667     2.4165  0.000e+00
     64.717     8.6121   3.471514    32.7891       2586    10.7708     2.4170  0.000e+00
     64.695     8.6135   3.471394    32.7865       2587    10.7750     2.4166  0.000e+00
     64.677     8.6134   3.469527    32.7670       2588    10.7792     2.4167  0.000e+00
     64.663     8.6079   3.470489    32.7823       2589    10.7833     2.4178  0.000e+00
     64.644     8.6050   3.467539    32.7540       2590    10.7875     2.4178  0.000e+00
     64.625     8.5948   3.467917    32.7674       2591    10.7917     2.4185  0.000e+00
     64.601     8.5866   3.468187    32.7779       2592    10.7958     2.4179  0.000e+00
     64.576     8.5832   3.468880    32.7883       2593    10.8000     2.4176  0.000e+00
     64.559     8.5834   3.469069    32.7901       2594    10.8042     2.4170  0.000e+00
     64.543     8.5855   3.469979    32.7977       2595    10.8083     2.4169  0.000e+00
     64.525     8.5892   3.470117    32.7957       2596    10.8125     2.4176  0.000e+00
     64.505     8.5935   3.470953    32.8005       2597    10.8167     2.4169  0.000e+00
     64.491     8.5990   3.471663    32.8029       2598    10.8208     2.4186  0.000e+00
     64.482     8.6053   3.473004    32.8111       2599    10.8250     2.4172  0.000e+00
     64.464     8.6146   3.473290    32.8055       2600    10.8292     2.4176  0.000e+00
     64.453     8.6229   3.473720    32.8023       2601    10.8333     2.4180  0.000e+00
     64.445     8.6295   3.473617    32.7951       2602    10.8375     2.4183  0.000e+00
     64.433     8.6339   3.473594    32.7908       2603    10.8417     2.4186  0.000e+00
     64.417     8.6364   3.473576    32.7883       2604    10.8458     2.4174  0.000e+00
     64.395     8.6377   3.473617    32.7875       2605    10.8500     2.4193  0.000e+00
     64.375     8.6387   3.473674    32.7872       2606    10.8542     2.4192  0.000e+00
     64.351     8.6393   3.473089    32.7806       2607    10.8583     2.4185  0.000e+00
     64.317     8.6385   3.473049    32.7809       2608    10.8625     2.4202  0.000e+00
     64.285     8.6372   3.474740    32.7998       2609    10.8667     2.4206  0.000e+00
     64.247     8.6410   3.474808    32.7971       2610    10.8708     2.4203  0.000e+00
     64.205     8.6456   3.474098    32.7853       2611    10.8750     2.4198  0.000e+00
     64.160     8.6468   3.474831    32.7919       2612    10.8792     2.4208  0.000e+00
     64.111     8.6486   3.474848    32.7904       2613    10.8833     2.4206  0.000e+00
     64.070     8.6510   3.475026    32.7901       2614    10.8875     2.4196  0.000e+00
     64.028     8.6529   3.475399    32.7922       2615    10.8917     2.4190  0.000e+00
     63.988     8.6556   3.475794    32.7940       2616    10.8958     2.4203  0.000e+00
     63.952     8.6586   3.475416    32.7872       2617    10.9000     2.4219  0.000e+00
     63.927     8.6601   3.474831    32.7797       2618    10.9042     2.4218  0.000e+00
     63.903     8.6584   3.475003    32.7831       2619    10.9083     2.4233  0.000e+00
     63.885     8.6577   3.475209    32.7859       2620    10.9125     2.4228  0.000e+00
     63.876     8.6580   3.475794    32.7917       2621    10.9167     2.4241  0.000e+00
     63.876     8.6601   3.476029    32.7923       2622    10.9208     2.4244  0.000e+00
     63.865     8.6629   3.476528    32.7949       2623    10.9250     2.4236  0.000e+00
     63.861     8.6663   3.476413    32.7906       2624    10.9292     2.4244  0.000e+00
     63.863     8.6686   3.475289    32.7767       2625    10.9333     2.4242  0.000e+00
     63.856     8.6666   3.476275    32.7888       2626    10.9375     2.4248  0.000e+00
     63.865     8.6668   3.475375    32.7793       2627    10.9417     2.4254  0.000e+00
     63.852     8.6656   3.475163    32.7781       2628    10.9458     2.4260  0.000e+00
     63.840     8.6632   3.475112    32.7799       2629    10.9500     2.4259  0.000e+00
     63.818     8.6610   3.474848    32.7791       2630    10.9542     2.4260  0.000e+00
     63.789     8.6588   3.474201    32.7744       2631    10.9583     2.4266  0.000e+00
     63.769     8.6553   3.474287    32.7785       2632    10.9625     2.4271  0.000e+00
     63.740     8.6527   3.474390    32.7820       2633    10.9667     2.4254  0.000e+00
     63.713     8.6514   3.474281    32.7821       2634    10.9708     2.4252  0.000e+00
     63.688     8.6504   3.474516    32.7855       2635    10.9750     2.4256  0.000e+00
     63.664     8.6505   3.474642    32.7867       2636    10.9792     2.4263  0.000e+00
     63.641     8.6512   3.475186    32.7918       2637    10.9833     2.4260  0.000e+00
     63.624     8.6533   3.474997    32.7879       2638    10.9875     2.4259  0.000e+00
     63.599     8.6548   3.475381    32.7905       2639    10.9917     2.4245  0.000e+00
     63.579     8.6567   3.475335    32.7883       2640    10.9958     2.4255  0.000e+00
     63.559     8.6582   3.475352    32.7871       2641    11.0000     2.4244  0.000e+00
     63.532     8.6594   3.475272    32.7852       2642    11.0042     2.4246  0.000e+00
     63.505     8.6594   3.475209    32.7845       2643    11.0083     2.4246  0.000e+00
     63.478     8.6596   3.475049    32.7827       2644    11.0125     2.4248  0.000e+00
     63.452     8.6589   3.475060    32.7835       2645    11.0167     2.4253  0.000e+00
     63.416     8.6584   3.475352    32.7870       2646    11.0208     2.4244  0.000e+00
     63.382     8.6589   3.474997    32.7828       2647    11.0250     2.4259  0.000e+00
     63.346     8.6586   3.474327    32.7761       2648    11.0292     2.4255  0.000e+00
     63.306     8.6561   3.474304    32.7782       2649    11.0333     2.4254  0.000e+00
     63.255     8.6535   3.474390    32.7815       2650    11.0375     2.4256  0.000e+00
     63.228     8.6523   3.474665    32.7855       2651    11.0417     2.4266  0.000e+00
     63.192     8.6524   3.475209    32.7911       2652    11.0458     2.4262  0.000e+00
     63.159     8.6548   3.475903    32.7962       2653    11.0500     2.4262  0.000e+00
     63.140     8.6587   3.475862    32.7921       2654    11.0542     2.4256  0.000e+00
     63.127     8.6617   3.476046    32.7913       2655    11.0583     2.4260  0.000e+00
     63.107     8.6647   3.476195    32.7901       2656    11.0625     2.4257  0.000e+00
     63.091     8.6669   3.477055    32.7971       2657    11.0667     2.4260  0.000e+00
     63.085     8.6710   3.476487    32.7874       2658    11.0708     2.4273  0.000e+00
     63.082     8.6731   3.477290    32.7938       2659    11.0750     2.4270  0.000e+00
     63.085     8.6757   3.477221    32.7907       2660    11.0792     2.4266  0.000e+00
     63.098     8.6784   3.475983    32.7752       2661    11.0833     2.4261  0.000e+00
     63.105     8.6759   3.475816    32.7758       2662    11.0875     2.4270  0.000e+00
     63.114     8.6724   3.475776    32.7786       2663    11.0917     2.4267  0.000e+00
     63.123     8.6698   3.475776    32.7809       2664    11.0958     2.4264  0.000e+00
     63.121     8.6682   3.475857    32.7833       2665    11.1000     2.4254  0.000e+00
     63.120     8.6674   3.475857    32.7840       2666    11.1042     2.4267  0.000e+00
     63.109     8.6671   3.475690    32.7826       2667    11.1083     2.4270  0.000e+00
     63.098     8.6664   3.474957    32.7756       2668    11.1125     2.4265  0.000e+00
     63.078     8.6636   3.474917    32.7778       2669    11.1167     2.4252  0.000e+00
     63.056     8.6609   3.474911    32.7802       2670    11.1208     2.4253  0.000e+00
     63.026     8.6591   3.475163    32.7845       2671    11.1250     2.4261  0.000e+00
     62.993     8.6587   3.475335    32.7867       2672    11.1292     2.4257  0.000e+00
     62.961     8.6593   3.474871    32.7813       2673    11.1333     2.4258  0.000e+00
     62.932     8.6586   3.474521    32.7784       2674    11.1375     2.4252  0.000e+00
     62.892     8.6566   3.474871    32.7838       2675    11.1417     2.4270  0.000e+00
     62.866     8.6558   3.474785    32.7837       2676    11.1458     2.4259  0.000e+00
     62.836     8.6556   3.475375    32.7900       2677    11.1500     2.4263  0.000e+00
     62.821     8.6573   3.475776    32.7927       2678    11.1542     2.4257  0.000e+00
     62.805     8.6602   3.475776    32.7900       2679    11.1583     2.4262  0.000e+00
     62.785     8.6623   3.475879    32.7892       2680    11.1625     2.4264  0.000e+00
     62.769     8.6641   3.476195    32.7908       2681    11.1667     2.4270  0.000e+00
     62.762     8.6665   3.476842    32.7954       2682    11.1708     2.4262  0.000e+00
     62.749     8.6704   3.477077    32.7943       2683    11.1750     2.4266  0.000e+00
     62.740     8.6741   3.477117    32.7913       2684    11.1792     2.4264  0.000e+00
     62.718     8.6768   3.477433    32.7921       2685    11.1833     2.4261  0.000e+00
     62.691     8.6796   3.477221    32.7873       2686    11.1875     2.4273  0.000e+00
     62.675     8.6810   3.477203    32.7857       2687    11.1917     2.4283  0.000e+00
     62.655     8.6819   3.477307    32.7860       2688    11.1958     2.4278  0.000e+00
     62.633     8.6820   3.476808    32.7807       2689    11.2000     2.4277  0.000e+00
     62.617     8.6812   3.476361    32.7768       2690    11.2042     2.4274  0.000e+00
     62.595     8.6790   3.476842    32.7839       2691    11.2083     2.4273  0.000e+00
     62.584     8.6780   3.477140    32.7879       2692    11.2125     2.4274  0.000e+00
     62.573     8.6791   3.477140    32.7869       2693    11.2167     2.4273  0.000e+00
     62.568     8.6802   3.476653    32.7808       2694    11.2208     2.4281  0.000e+00
     62.561     8.6792   3.476464    32.7798       2695    11.2250     2.4279  0.000e+00
     62.570     8.6773   3.476298    32.7798       2696    11.2292     2.4284  0.000e+00
     62.572     8.6757   3.475982    32.7780       2697    11.2333     2.4287  0.000e+00
     62.572     8.6732   3.475816    32.7785       2698    11.2375     2.4289  0.000e+00
     62.575     8.6708   3.475684    32.7794       2699    11.2417     2.4282  0.000e+00
     62.579     8.6678   3.471937    32.7428       2700    11.2458     2.4290  0.000e+00
     62.583     8.6552   3.474831    32.7849       2701    11.2500     2.4294  0.000e+00
     62.588     8.6507   3.475398    32.7950       2702    11.2542     2.4299  0.000e+00
     62.591     8.6550   3.476338    32.8008       2703    11.2583     2.4291  0.000e+00
     62.584     8.6604   3.476544    32.7980       2704    11.2625     2.4289  0.000e+00
     62.568     8.6656   3.476447    32.7921       2705    11.2667     2.4292  0.000e+00
     62.544     8.6692   3.476275    32.7871       2706    11.2708     2.4299  0.000e+00
