HB2304/sbe118.cnv
* Sea-Bird SBE 19plus V2 Data File:
* FileName = C:\cruise\data\sbe118.hex
* Software Version Seasave V 7.26.7.121
* Temperature SN = 7037
* Conductivity SN = 7037
* System UpLoad Time = Nov 06 2023 12:46:00
** Ship: Bigelow
** Cruise:  HB2304
** Program:  Fall Bottom Trawl
# nquan = 8
# nvalues = 2986                                  
# units = specified
# name 0 = depSM: Depth [salt water, m], lat = 40.00
# name 1 = tv290C: Temperature [ITS-90, deg C]
# name 2 = c0S/m: Conductivity [S/m]
# name 3 = sal00: Salinity, Practical [PSU]
# name 4 = scan: Scan Count
# name 5 = timeM: Time, Elapsed [minutes]
# name 6 = sbeox0V: Oxygen raw, SBE 43 [V]
# name 7 = flag:  0.000e+00
# span 0 =      0.014,    150.426                 
# span 1 =     7.8207,    11.3931                 
# span 2 =   0.000052,   3.642137                 
# span 3 =     0.0043,    33.8935                 
# span 4 =         11,       2996                 
# span 5 =     0.0417,    12.4792                 
# span 6 =     2.4381,     3.2596                 
# span 7 = 0.0000e+00, 0.0000e+00                 
# interval = seconds: 0.25
# start_time = Nov 06 2023 12:46:00 [System UTC, header]
# bad_flag = -9.990e-29
*END*
      0.075     8.7786   0.000057     0.0044         11     0.0417     3.0611  0.000e+00
      0.077     8.7805   0.000057     0.0044         12     0.0458     3.0604  0.000e+00
      0.073     8.7819   0.000063     0.0044         13     0.0500     3.0607  0.000e+00
      0.071     8.7833   0.000057     0.0044         14     0.0542     3.0613  0.000e+00
      0.073     8.7851   0.000057     0.0044         15     0.0583     3.0606  0.000e+00
      0.071     8.7873   0.000063     0.0044         16     0.0625     3.0600  0.000e+00
      0.073     8.7892   0.000057     0.0044         17     0.0667     3.0616  0.000e+00
      0.075     8.7911   0.000057     0.0044         18     0.0708     3.0604  0.000e+00
      0.075     8.7930   0.000057     0.0044         19     0.0750     3.0613  0.000e+00
      0.073     8.7948   0.000057     0.0044         20     0.0792     3.0591  0.000e+00
      0.073     8.7963   0.000057     0.0044         21     0.0833     3.0618  0.000e+00
      0.077     8.7984   0.000057     0.0044         22     0.0875     3.0607  0.000e+00
      0.071     8.8003   0.000057     0.0044         23     0.0917     3.0611  0.000e+00
      0.071     8.8022   0.000057     0.0044         24     0.0958     3.0613  0.000e+00
      0.073     8.8033   0.000057     0.0044         25     0.1000     3.0602  0.000e+00
      0.075     8.8032   0.000057     0.0044         26     0.1042     3.0604  0.000e+00
      0.072     8.8020   0.000057     0.0044         27     0.1083     3.0606  0.000e+00
      0.073     8.8017   0.000057     0.0044         28     0.1125     3.0594  0.000e+00
      0.072     8.8021   0.000063     0.0045         29     0.1167     3.0591  0.000e+00
      0.070     8.8020   0.000052     0.0044         30     0.1208     3.0607  0.000e+00
      0.073     8.8012   0.000057     0.0044         31     0.1250     3.0603  0.000e+00
      0.072     8.8014   0.000063     0.0045         32     0.1292     3.0604  0.000e+00
      0.070     8.8022   0.000057     0.0044         33     0.1333     3.0594  0.000e+00
      0.077     8.8036   0.000057     0.0044         34     0.1375     3.0607  0.000e+00
      0.070     8.8053   0.000057     0.0044         35     0.1417     3.0601  0.000e+00
      0.072     8.8065   0.000057     0.0044         36     0.1458     3.0610  0.000e+00
      0.072     8.8077   0.000057     0.0044         37     0.1500     3.0605  0.000e+00
      0.072     8.8093   0.000063     0.0045         38     0.1542     3.0600  0.000e+00
      0.074     8.8106   0.000057     0.0044         39     0.1583     3.0601  0.000e+00
      0.072     8.8120   0.000057     0.0044         40     0.1625     3.0601  0.000e+00
      0.072     8.8131   0.000057     0.0044         41     0.1667     3.0602  0.000e+00
      0.068     8.8143   0.000057     0.0044         42     0.1708     3.0597  0.000e+00
      0.065     8.8154   0.000057     0.0044         43     0.1750     3.0600  0.000e+00
      0.070     8.8169   0.000057     0.0044         44     0.1792     3.0597  0.000e+00
      0.075     8.8179   0.000063     0.0045         45     0.1833     3.0597  0.000e+00
      0.086     8.8182   0.000052     0.0044         46     0.1875     3.0593  0.000e+00
      0.075     8.8187   0.000057     0.0044         47     0.1917     3.0605  0.000e+00
      0.074     8.8199   0.000057     0.0044         48     0.1958     3.0584  0.000e+00
      0.072     8.8205   0.000063     0.0045         49     0.2000     3.0593  0.000e+00
      0.072     8.8208   0.000057     0.0044         50     0.2042     3.0597  0.000e+00
      0.068     8.8210   0.000057     0.0044         51     0.2083     3.0592  0.000e+00
      0.070     8.8223   0.000052     0.0044         52     0.2125     3.0600  0.000e+00
      0.075     8.8236   0.000057     0.0044         53     0.2167     3.0593  0.000e+00
      0.070     8.8243   0.000057     0.0045         54     0.2208     3.0599  0.000e+00
      0.068     8.8243   0.000057     0.0045         55     0.2250     3.0597  0.000e+00
      0.072     8.8246   0.000057     0.0045         56     0.2292     3.0601  0.000e+00
      0.072     8.8256   0.000057     0.0045         57     0.2333     3.0597  0.000e+00
      0.070     8.8268   0.000057     0.0045         58     0.2375     3.0601  0.000e+00
      0.072     8.8279   0.000057     0.0045         59     0.2417     3.0612  0.000e+00
      0.074     8.8285   0.000057     0.0045         60     0.2458     3.0607  0.000e+00
      0.070     8.8270   0.000063     0.0045         61     0.2500     3.0598  0.000e+00
      0.070     8.8229   0.000057     0.0044         62     0.2542     3.0594  0.000e+00
      0.068     8.8134   0.000057     0.0044         63     0.2583     3.0593  0.000e+00
      0.077     8.8048   0.000057     0.0044         64     0.2625     3.0590  0.000e+00
      0.071     8.7987   0.000057     0.0044         65     0.2667     3.0589  0.000e+00
      0.073     8.7961   0.000057     0.0044         66     0.2708     3.0601  0.000e+00
      0.072     8.7961   0.000063     0.0044         67     0.2750     3.0599  0.000e+00
      0.064     8.7977   0.000057     0.0044         68     0.2792     3.0591  0.000e+00
      0.066     8.7992   0.000052     0.0044         69     0.2833     3.0591  0.000e+00
      0.068     8.8006   0.000057     0.0044         70     0.2875     3.0601  0.000e+00
      0.068     8.8026   0.000063     0.0045         71     0.2917     3.0594  0.000e+00
      0.068     8.8047   0.000052     0.0044         72     0.2958     3.0591  0.000e+00
      0.072     8.8064   0.000057     0.0044         73     0.3000     3.0598  0.000e+00
      0.072     8.8063   0.000057     0.0044         74     0.3042     3.0589  0.000e+00
      0.070     8.8066   0.000052     0.0044         75     0.3083     3.0603  0.000e+00
      0.070     8.8082   0.000052     0.0044         76     0.3125     3.0591  0.000e+00
      0.068     8.8102   0.000063     0.0045         77     0.3167     3.0603  0.000e+00
      0.066     8.8120   0.000057     0.0044         78     0.3208     3.0597  0.000e+00
      0.063     8.8129   0.000063     0.0045         79     0.3250     3.0597  0.000e+00
      0.068     8.8085   0.000052     0.0044         80     0.3292     3.0596  0.000e+00
      0.068     8.8036   0.000063     0.0045         81     0.3333     3.0590  0.000e+00
      0.066     8.8013   0.000063     0.0045         82     0.3375     3.0593  0.000e+00
      0.066     8.7994   0.000057     0.0044         83     0.3417     3.0582  0.000e+00
      0.073     8.7978   0.000057     0.0044         84     0.3458     3.0605  0.000e+00
      0.071     8.7900   0.000052     0.0044         85     0.3500     3.0602  0.000e+00
      0.068     8.7787   0.000057     0.0044         86     0.3542     3.0587  0.000e+00
      0.066     8.7743   0.000057     0.0044         87     0.3583     3.0593  0.000e+00
      0.072     8.7734   0.000057     0.0044         88     0.3625     3.0594  0.000e+00
      0.066     8.7745   0.000057     0.0044         89     0.3667     3.0588  0.000e+00
      0.068     8.7764   0.000057     0.0044         90     0.3708     3.0589  0.000e+00
      0.063     8.7764   0.000057     0.0044         91     0.3750     3.0607  0.000e+00
      0.068     8.7704   0.000057     0.0044         92     0.3792     3.0596  0.000e+00
      0.070     8.7566   0.000052     0.0044         93     0.3833     3.0591  0.000e+00
      0.072     8.7352   0.000063     0.0044         94     0.3875     3.0601  0.000e+00
      0.064     8.7100   0.000063     0.0044         95     0.3917     3.0603  0.000e+00
      0.063     8.6827   0.000057     0.0044         96     0.3958     3.0589  0.000e+00
      0.070     8.6560   0.000057     0.0044         97     0.4000     3.0602  0.000e+00
      0.072     8.6310   0.000057     0.0043         98     0.4042     3.0592  0.000e+00
      0.075     8.6069   0.000057     0.0043         99     0.4083     3.0591  0.000e+00
      0.072     8.5923   0.000063     0.0043        100     0.4125     3.0609  0.000e+00
      0.070     8.5868   0.000063     0.0043        101     0.4167     3.0599  0.000e+00
      0.074     8.5850   0.000063     0.0043        102     0.4208     3.0597  0.000e+00
      0.077     8.5872   0.000063     0.0043        103     0.4250     3.0592  0.000e+00
      0.074     8.5904   0.000057     0.0043        104     0.4292     3.0605  0.000e+00
      0.074     8.5885   0.000057     0.0043        105     0.4333     3.0587  0.000e+00
      0.065     8.5757   0.000063     0.0043        106     0.4375     3.0597  0.000e+00
      0.068     8.5574   0.000057     0.0043        107     0.4417     3.0597  0.000e+00
      0.070     8.5448   0.000063     0.0043        108     0.4458     3.0592  0.000e+00
      0.074     8.5350   0.000057     0.0043        109     0.4500     3.0600  0.000e+00
      0.079     8.5325   0.000063     0.0043        110     0.4542     3.0594  0.000e+00
      0.075     8.5355   0.000063     0.0043        111     0.4583     3.0599  0.000e+00
      0.072     8.5378   0.000063     0.0043        112     0.4625     3.0606  0.000e+00
      0.072     8.5394   0.000063     0.0043        113     0.4667     3.0603  0.000e+00
      0.074     8.5415   0.000063     0.0043        114     0.4708     3.0594  0.000e+00
      0.076     8.5443   0.000063     0.0043        115     0.4750     3.0600  0.000e+00
      0.072     8.5469   0.000063     0.0043        116     0.4792     3.0597  0.000e+00
      0.066     8.5519   0.000063     0.0043        117     0.4833     3.0598  0.000e+00
      0.072     8.5598   0.000057     0.0043        118     0.4875     3.0596  0.000e+00
      0.072     8.5690   0.000057     0.0043        119     0.4917     3.0594  0.000e+00
      0.070     8.5739   0.000057     0.0043        120     0.4958     3.0589  0.000e+00
      0.068     8.5779   0.000063     0.0043        121     0.5000     3.0597  0.000e+00
      0.068     8.5849   0.000063     0.0043        122     0.5042     3.0596  0.000e+00
      0.075     8.5931   0.000063     0.0043        123     0.5083     3.0601  0.000e+00
      0.074     8.6008   0.000063     0.0043        124     0.5125     3.0597  0.000e+00
      0.068     8.6088   0.000057     0.0043        125     0.5167     3.0600  0.000e+00
      0.070     8.6169   0.000063     0.0043        126     0.5208     3.0600  0.000e+00
      0.077     8.6241   0.000063     0.0043        127     0.5250     3.0599  0.000e+00
      0.074     8.6313   0.000057     0.0043        128     0.5292     3.0603  0.000e+00
      0.077     8.6395   0.000063     0.0044        129     0.5333     3.0597  0.000e+00
      0.076     8.6485   0.000057     0.0043        130     0.5375     3.0594  0.000e+00
      0.074     8.6577   0.000063     0.0044        131     0.5417     3.0587  0.000e+00
      0.079     8.6647   0.000063     0.0044        132     0.5458     3.0616  0.000e+00
      0.076     8.6630   0.000057     0.0044        133     0.5500     3.0601  0.000e+00
      0.072     8.6583   0.000057     0.0044        134     0.5542     3.0600  0.000e+00
      0.074     8.6527   0.000063     0.0044        135     0.5583     3.0606  0.000e+00
      0.070     8.6435   0.000057     0.0043        136     0.5625     3.0601  0.000e+00
      0.070     8.6372   0.000063     0.0044        137     0.5667     3.0599  0.000e+00
      0.078     8.6386   0.000057     0.0043        138     0.5708     3.0608  0.000e+00
      0.076     8.6505   0.000063     0.0044        139     0.5750     3.0653  0.000e+00
      0.204     8.6692   0.006572     0.0454        140     0.5792     3.0932  0.000e+00
      0.392     8.6904   0.997066     8.3971        141     0.5833     3.1016  0.000e+00
      0.584     8.8179   1.348880    11.5972        142     0.5875     3.0968  0.000e+00
      0.784     9.2100   1.463257    12.5280        143     0.5917     3.0932  0.000e+00
      1.005     9.5638   1.323126    11.1232        144     0.5958     3.0947  0.000e+00
      1.205     9.8193   1.099244     9.0393        145     0.6000     3.0993  0.000e+00
      1.389    10.0045   1.110555     9.0931        146     0.6042     3.0993  0.000e+00
      1.559    10.1296   0.826149     6.5892        147     0.6083     3.0986  0.000e+00
      1.738    10.2091   1.057150     8.5737        148     0.6125     3.0961  0.000e+00
      1.940    10.2586   1.916432    16.3170        149     0.6167     3.0924  0.000e+00
      2.143    10.2907   1.877481    15.9418        150     0.6208     3.0856  0.000e+00
      2.367    10.3108   2.434473    21.1638        151     0.6250     3.0769  0.000e+00
      2.585    10.3307   1.992124    16.9872        152     0.6292     3.0690  0.000e+00
      2.806    10.3600   1.374245    11.3372        153     0.6333     3.0554  0.000e+00
      3.023    10.3905   2.014578    17.1679        154     0.6375     3.0419  0.000e+00
      3.227    10.4071   2.029821    17.3018        155     0.6417     3.0281  0.000e+00
      3.400    10.3797   2.411275    20.9030        156     0.6458     3.0127  0.000e+00
      3.556    10.3308   3.452281    31.0877        157     0.6500     2.9968  0.000e+00
      3.675    10.3092   3.509505    31.6790        158     0.6542     2.9826  0.000e+00
      3.760    10.3014   3.473090    31.3210        159     0.6583     2.9680  0.000e+00
      3.816    10.3088   3.490274    31.4866        160     0.6625     2.9546  0.000e+00
      3.861    10.3277   3.514563    31.7135        161     0.6667     2.9412  0.000e+00
      3.917    10.3458   3.534251    31.8949        162     0.6708     2.9270  0.000e+00
      3.995    10.3699   3.544111    31.9725        163     0.6750     2.9129  0.000e+00
      4.092    10.3675   3.546624    31.9998        164     0.6792     2.8986  0.000e+00
      4.204    10.3854   3.545209    31.9698        165     0.6833     2.8851  0.000e+00
      4.325    10.4230   3.546624    31.9508        166     0.6875     2.8717  0.000e+00
      4.468    10.4384   3.548779    31.9589        167     0.6917     2.8633  0.000e+00
      4.633    10.4468   3.544734    31.9110        168     0.6958     2.8554  0.000e+00
      4.761    10.4546   3.535970    31.8165        169     0.7000     2.8423  0.000e+00
      4.859    10.4572   3.535900    31.8134        170     0.7042     2.8340  0.000e+00
      4.893    10.4525   3.540917    31.8677        171     0.7083     2.8250  0.000e+00
      4.866    10.4727   3.555965    32.0004        172     0.7125     2.8169  0.000e+00
      4.821    10.5534   3.563348    32.0033        173     0.7167     2.8077  0.000e+00
      4.803    10.6577   3.563046    31.9089        174     0.7208     2.7997  0.000e+00
      4.803    10.7482   3.561314    31.8128        175     0.7250     2.7940  0.000e+00
      4.788    10.8160   3.564462    31.7851        176     0.7292     2.7899  0.000e+00
      4.750    10.8765   3.573909    31.8261        177     0.7333     2.7877  0.000e+00
      4.698    10.9274   3.578338    31.8257        178     0.7375     2.7836  0.000e+00
      4.636    10.9690   3.580291    31.8089        179     0.7417     2.7850  0.000e+00
      4.591    11.0077   3.582118    31.7935        180     0.7458     2.7843  0.000e+00
      4.541    11.0390   3.583510    31.7802        181     0.7500     2.7877  0.000e+00
      4.485    11.0628   3.583881    31.7633        182     0.7542     2.7903  0.000e+00
      4.434    11.0812   3.583660    31.7452        183     0.7583     2.7958  0.000e+00
      4.396    11.0962   3.582227    31.7181        184     0.7625     2.8065  0.000e+00
      4.378    11.1074   3.572736    31.6151        185     0.7667     2.8223  0.000e+00
      4.396    11.1119   3.559302    31.4792        186     0.7708     2.8417  0.000e+00
      4.443    11.1179   3.556825    31.4498        187     0.7750     2.8646  0.000e+00
      4.512    11.0877   3.554044    31.4483        188     0.7792     2.8824  0.000e+00
      4.595    11.0210   3.554929    31.5141        189     0.7833     2.8981  0.000e+00
