HB2304/sbe111.cnv
* Sea-Bird SBE 19plus V2 Data File:
* FileName = C:\cruise\data\sbe111.hex
* Software Version Seasave V 7.26.7.121
* Temperature SN = 7037
* Conductivity SN = 7037
* System UpLoad Time = Nov 04 2023 22:37:31
** Ship: Bigelow
** Cruise:  HB2304
** Program:  Fall Bottom Trawl
# nquan = 8
# nvalues = 5892                                  
# units = specified
# name 0 = depSM: Depth [salt water, m], lat = 40.00
# name 1 = tv290C: Temperature [ITS-90, deg C]
# name 2 = c0S/m: Conductivity [S/m]
# name 3 = sal00: Salinity, Practical [PSU]
# name 4 = scan: Scan Count
# name 5 = timeM: Time, Elapsed [minutes]
# name 6 = sbeox0V: Oxygen raw, SBE 43 [V]
# name 7 = flag:  0.000e+00
# span 0 =     -0.012,    197.307                 
# span 1 =     8.3955,    12.5647                 
# span 2 =  -0.000007,   3.711570                 
# span 3 =     0.0000,    34.6608                 
# span 4 =         11,       5902                 
# span 5 =     0.0417,    24.5875                 
# span 6 =     2.2479,     3.1837                 
# span 7 = 0.0000e+00, 0.0000e+00                 
# interval = seconds: 0.25
# start_time = Nov 04 2023 22:37:31 [System UTC, header]
# bad_flag = -9.990e-29
*END*
[from data line 3956]
     91.928     8.4486   3.533766    33.5856       3967    16.5250     2.3239  0.000e+00
     91.888     8.4498   3.533749    33.5843       3968    16.5292     2.3248  0.000e+00
     91.854     8.4505   3.533685    33.5829       3969    16.5333     2.3247  0.000e+00
     91.830     8.4510   3.533639    33.5820       3970    16.5375     2.3239  0.000e+00
     91.814     8.4515   3.533599    33.5811       3971    16.5417     2.3240  0.000e+00
     91.805     8.4518   3.533639    33.5812       3972    16.5458     2.3242  0.000e+00
     91.798     8.4521   3.533662    33.5812       3973    16.5500     2.3234  0.000e+00
     91.807     8.4520   3.533703    33.5817       3974    16.5542     2.3240  0.000e+00
     91.819     8.4521   3.533726    33.5819       3975    16.5583     2.3251  0.000e+00
     91.836     8.4520   3.533789    33.5827       3976    16.5625     2.3238  0.000e+00
     91.857     8.4518   3.533876    33.5837       3977    16.5667     2.3248  0.000e+00
     91.888     8.4518   3.533985    33.5849       3978    16.5708     2.3239  0.000e+00
     91.913     8.4514   3.534130    33.5867       3979    16.5750     2.3249  0.000e+00
     91.935     8.4512   3.534326    33.5890       3980    16.5792     2.3238  0.000e+00
     91.958     8.4504   3.534453    33.5910       3981    16.5833     2.3246  0.000e+00
     91.969     8.4494   3.534476    33.5922       3982    16.5875     2.3242  0.000e+00
     91.973     8.4488   3.534493    33.5930       3983    16.5917     2.3245  0.000e+00
     91.969     8.4482   3.534499    33.5937       3984    16.5958     2.3246  0.000e+00
     91.958     8.4479   3.534476    33.5937       3985    16.6000     2.3245  0.000e+00
     91.946     8.4475   3.534430    33.5936       3986    16.6042     2.3245  0.000e+00
     91.924     8.4476   3.534216    33.5913       3987    16.6083     2.3239  0.000e+00
     91.904     8.4481   3.534049    33.5890       3988    16.6125     2.3246  0.000e+00
     91.882     8.4489   3.533985    33.5876       3989    16.6167     2.3243  0.000e+00
     91.868     8.4497   3.533916    33.5861       3990    16.6208     2.3252  0.000e+00
     91.843     8.4502   3.533899    33.5855       3991    16.6250     2.3245  0.000e+00
     91.828     8.4506   3.533899    33.5851       3992    16.6292     2.3251  0.000e+00
     91.805     8.4509   3.533876    33.5846       3993    16.6333     2.3255  0.000e+00
     91.796     8.4511   3.533812    33.5837       3994    16.6375     2.3253  0.000e+00
     91.778     8.4511   3.533766    33.5832       3995    16.6417     2.3255  0.000e+00
     91.768     8.4514   3.533749    33.5828       3996    16.6458     2.3242  0.000e+00
     91.745     8.4515   3.533639    33.5815       3997    16.6500     2.3252  0.000e+00
     91.731     8.4514   3.533599    33.5812       3998    16.6542     2.3244  0.000e+00
     91.707     8.4517   3.533553    33.5805       3999    16.6583     2.3242  0.000e+00
     91.682     8.4518   3.533512    33.5800       4000    16.6625     2.3233  0.000e+00
     91.656     8.4517   3.533489    33.5798       4001    16.6667     2.3244  0.000e+00
     91.629     8.4520   3.533403    33.5786       4002    16.6708     2.3242  0.000e+00
     91.600     8.4522   3.533235    33.5767       4003    16.6750     2.3244  0.000e+00
     91.573     8.4527   3.533103    33.5748       4004    16.6792     2.3243  0.000e+00
     91.546     8.4532   3.533126    33.5746       4005    16.6833     2.3242  0.000e+00
     91.524     8.4538   3.533022    33.5730       4006    16.6875     2.3242  0.000e+00
     91.506     8.4541   3.532935    33.5718       4007    16.6917     2.3236  0.000e+00
     91.490     8.4546   3.532953    33.5715       4008    16.6958     2.3246  0.000e+00
     91.485     8.4546   3.532976    33.5717       4009    16.7000     2.3231  0.000e+00
     91.486     8.4548   3.533022    33.5720       4010    16.7042     2.3233  0.000e+00
     91.492     8.4550   3.533103    33.5727       4011    16.7083     2.3240  0.000e+00
     91.505     8.4549   3.533126    33.5730       4012    16.7125     2.3252  0.000e+00
     91.519     8.4546   3.533172    33.5737       4013    16.7167     2.3254  0.000e+00
     91.531     8.4545   3.533212    33.5743       4014    16.7208     2.3245  0.000e+00
     91.542     8.4543   3.533189    33.5742       4015    16.7250     2.3247  0.000e+00
     91.548     8.4542   3.533253    33.5750       4016    16.7292     2.3239  0.000e+00
     91.551     8.4540   3.533235    33.5750       4017    16.7333     2.3236  0.000e+00
     91.550     8.4538   3.533299    33.5758       4018    16.7375     2.3245  0.000e+00
     91.539     8.4536   3.533212    33.5751       4019    16.7417     2.3250  0.000e+00
     91.521     8.4538   3.533022    33.5729       4020    16.7458     2.3239  0.000e+00
     91.493     8.4541   3.532485    33.5669       4021    16.7500     2.3245  0.000e+00
     91.461     8.4555   3.532526    33.5661       4022    16.7542     2.3246  0.000e+00
     91.427     8.4564   3.532462    33.5646       4023    16.7583     2.3243  0.000e+00
     91.390     8.4574   3.532456    33.5636       4024    16.7625     2.3255  0.000e+00
     91.351     8.4580   3.532358    33.5620       4025    16.7667     2.3256  0.000e+00
     91.311     8.4585   3.532358    33.5615       4026    16.7708     2.3259  0.000e+00
     91.275     8.4591   3.532312    33.5605       4027    16.7750     2.3255  0.000e+00
     91.239     8.4597   3.532335    33.5602       4028    16.7792     2.3255  0.000e+00
     91.222     8.4600   3.532312    33.5597       4029    16.7833     2.3259  0.000e+00
     91.201     8.4603   3.532249    33.5587       4030    16.7875     2.3262  0.000e+00
     91.183     8.4603   3.532249    33.5587       4031    16.7917     2.3268  0.000e+00
     91.181     8.4607   3.532249    33.5584       4032    16.7958     2.3265  0.000e+00
     91.172     8.4609   3.532208    33.5577       4033    16.8000     2.3279  0.000e+00
     91.175     8.4612   3.532162    33.5570       4034    16.8042     2.3273  0.000e+00
     91.175     8.4615   3.532122    33.5563       4035    16.8083     2.3275  0.000e+00
     91.177     8.4618   3.532145    33.5562       4036    16.8125     2.3279  0.000e+00
     91.177     8.4622   3.532145    33.5559       4037    16.8167     2.3276  0.000e+00
     91.184     8.4624   3.532145    33.5557       4038    16.8208     2.3281  0.000e+00
     91.181     8.4622   3.532122    33.5556       4039    16.8250     2.3286  0.000e+00
     91.186     8.4625   3.532122    33.5553       4040    16.8292     2.3291  0.000e+00
     91.179     8.4625   3.532099    33.5550       4041    16.8333     2.3284  0.000e+00
     91.172     8.4625   3.532122    33.5553       4042    16.8375     2.3291  0.000e+00
     91.164     8.4625   3.532099    33.5550       4043    16.8417     2.3290  0.000e+00
     91.152     8.4627   3.532093    33.5548       4044    16.8458     2.3297  0.000e+00
     91.141     8.4629   3.532099    33.5547       4045    16.8500     2.3294  0.000e+00
     91.125     8.4629   3.532099    33.5547       4046    16.8542     2.3296  0.000e+00
     91.110     8.4631   3.532058    33.5541       4047    16.8583     2.3285  0.000e+00
     91.090     8.4636   3.532058    33.5536       4048    16.8625     2.3291  0.000e+00
     91.072     8.4641   3.532058    33.5532       4049    16.8667     2.3297  0.000e+00
     91.049     8.4644   3.532075    33.5530       4050    16.8708     2.3289  0.000e+00
     91.025     8.4647   3.532012    33.5521       4051    16.8750     2.3288  0.000e+00
     91.002     8.4651   3.531995    33.5516       4052    16.8792     2.3292  0.000e+00
     90.985     8.4659   3.532012    33.5510       4053    16.8833     2.3291  0.000e+00
     90.969     8.4663   3.531885    33.5493       4054    16.8875     2.3294  0.000e+00
     90.953     8.4673   3.531845    33.5480       4055    16.8917     2.3296  0.000e+00
     90.927     8.4683   3.531845    33.5470       4056    16.8958     2.3294  0.000e+00
     90.900     8.4692   3.531822    33.5459       4057    16.9000     2.3298  0.000e+00
     90.886     8.4699   3.531781    33.5448       4058    16.9042     2.3302  0.000e+00
     90.868     8.4709   3.531845    33.5445       4059    16.9083     2.3290  0.000e+00
     90.848     8.4712   3.531798    33.5438       4060    16.9125     2.3295  0.000e+00
     90.822     8.4716   3.531821    33.5437       4061    16.9167     2.3299  0.000e+00
     90.804     8.4717   3.531845    33.5438       4062    16.9208     2.3288  0.000e+00
     90.797     8.4718   3.531804    33.5433       4063    16.9250     2.3294  0.000e+00
     90.786     8.4718   3.531735    33.5425       4064    16.9292     2.3299  0.000e+00
     90.783     8.4725   3.531798    33.5425       4065    16.9333     2.3298  0.000e+00
     90.772     8.4729   3.531798    33.5422       4066    16.9375     2.3304  0.000e+00
     90.766     8.4727   3.531845    33.5429       4067    16.9417     2.3298  0.000e+00
     90.755     8.4726   3.531821    33.5427       4068    16.9458     2.3304  0.000e+00
     90.746     8.4728   3.531695    33.5412       4069    16.9500     2.3306  0.000e+00
     90.736     8.4736   3.531648    33.5400       4070    16.9542     2.3306  0.000e+00
     90.708     8.4745   3.531608    33.5387       4071    16.9583     2.3308  0.000e+00
     90.683     8.4756   3.531608    33.5377       4072    16.9625     2.3309  0.000e+00
     90.660     8.4762   3.531585    33.5368       4073    16.9667     2.3317  0.000e+00
     90.629     8.4768   3.531585    33.5362       4074    16.9708     2.3315  0.000e+00
     90.598     8.4772   3.531608    33.5361       4075    16.9750     2.3321  0.000e+00
     90.576     8.4775   3.531608    33.5359       4076    16.9792     2.3326  0.000e+00
     90.551     8.4777   3.531608    33.5357       4077    16.9833     2.3325  0.000e+00
     90.522     8.4777   3.531585    33.5355       4078    16.9875     2.3309  0.000e+00
     90.511     8.4779   3.531544    33.5349       4079    16.9917     2.3321  0.000e+00
     90.502     8.4782   3.531498    33.5341       4080    16.9958     2.3316  0.000e+00
     90.497     8.4787   3.531481    33.5335       4081    17.0000     2.3311  0.000e+00
     90.499     8.4790   3.531423    33.5326       4082    17.0042     2.3314  0.000e+00
     90.497     8.4795   3.531331    33.5311       4083    17.0083     2.3313  0.000e+00
     90.499     8.4801   3.531268    33.5299       4084    17.0125     2.3308  0.000e+00
     90.499     8.4807   3.531308    33.5297       4085    17.0167     2.3314  0.000e+00
     90.497     8.4811   3.531268    33.5290       4086    17.0208     2.3318  0.000e+00
     90.499     8.4812   3.531221    33.5284       4087    17.0250     2.3329  0.000e+00
     90.486     8.4815   3.531308    33.5290       4088    17.0292     2.3327  0.000e+00
     90.468     8.4816   3.531158    33.5273       4089    17.0333     2.3333  0.000e+00
     90.446     8.4818   3.531181    33.5274       4090    17.0375     2.3339  0.000e+00
     90.410     8.4822   3.531071    33.5259       4091    17.0417     2.3337  0.000e+00
     90.363     8.4825   3.530904    33.5238       4092    17.0458     2.3358  0.000e+00
     90.318     8.4831   3.530858    33.5228       4093    17.0500     2.3344  0.000e+00
     90.276     8.4839   3.530754    33.5209       4094    17.0542     2.3349  0.000e+00
     90.224     8.4851   3.530581    33.5180       4095    17.0583     2.3359  0.000e+00
     90.180     8.4863   3.530558    33.5166       4096    17.0625     2.3352  0.000e+00
     90.142     8.4877   3.530541    33.5151       4097    17.0667     2.3355  0.000e+00
     90.115     8.4885   3.530541    33.5144       4098    17.0708     2.3358  0.000e+00
     90.094     8.4892   3.530541    33.5137       4099    17.0750     2.3363  0.000e+00
     90.081     8.4896   3.530546    33.5134       4100    17.0792     2.3372  0.000e+00
     90.090     8.4898   3.530541    33.5131       4101    17.0833     2.3367  0.000e+00
     90.099     8.4901   3.530541    33.5129       4102    17.0875     2.3361  0.000e+00
     90.120     8.4900   3.530558    33.5131       4103    17.0917     2.3359  0.000e+00
     90.139     8.4902   3.530604    33.5135       4104    17.0958     2.3358  0.000e+00
     90.160     8.4900   3.530667    33.5143       4105    17.1000     2.3369  0.000e+00
     90.180     8.4897   3.530754    33.5155       4106    17.1042     2.3371  0.000e+00
     90.187     8.4890   3.530794    33.5166       4107    17.1083     2.3365  0.000e+00
     90.184     8.4884   3.530794    33.5171       4108    17.1125     2.3369  0.000e+00
     90.175     8.4880   3.530685    33.5164       4109    17.1167     2.3369  0.000e+00
     90.153     8.4878   3.530708    33.5168       4110    17.1208     2.3374  0.000e+00
     90.130     8.4881   3.530731    33.5168       4111    17.1250     2.3361  0.000e+00
     90.099     8.4880   3.530708    33.5166       4112    17.1292     2.3362  0.000e+00
     90.064     8.4881   3.530667    33.5161       4113    17.1333     2.3363  0.000e+00
     90.028     8.4883   3.530667    33.5159       4114    17.1375     2.3359  0.000e+00
     90.001     8.4886   3.530621    33.5152       4115    17.1417     2.3355  0.000e+00
     89.976     8.4890   3.530621    33.5148       4116    17.1458     2.3359  0.000e+00
     89.954     8.4891   3.530604    33.5145       4117    17.1500     2.3355  0.000e+00
     89.936     8.4895   3.530604    33.5142       4118    17.1542     2.3364  0.000e+00
     89.929     8.4898   3.530615    33.5140       4119    17.1583     2.3359  0.000e+00
     89.909     8.4903   3.530581    33.5132       4120    17.1625     2.3359  0.000e+00
     89.900     8.4906   3.530604    33.5132       4121    17.1667     2.3362  0.000e+00
     89.880     8.4908   3.530558    33.5125       4122    17.1708     2.3362  0.000e+00
     89.864     8.4910   3.530558    33.5123       4123    17.1750     2.3362  0.000e+00
     89.838     8.4910   3.530540    33.5122       4124    17.1792     2.3380  0.000e+00
     89.813     8.4912   3.530517    33.5118       4125    17.1833     2.3356  0.000e+00
     89.786     8.4912   3.530517    33.5118       4126    17.1875     2.3373  0.000e+00
     89.761     8.4915   3.530390    33.5101       4127    17.1917     2.3388  0.000e+00
     89.723     8.4917   3.530390    33.5099       4128    17.1958     2.3382  0.000e+00
     89.687     8.4920   3.530367    33.5094       4129    17.2000     2.3388  0.000e+00
     89.656     8.4922   3.530344    33.5091       4130    17.2042     2.3388  0.000e+00
     89.627     8.4923   3.530217    33.5076       4131    17.2083     2.3373  0.000e+00
     89.603     8.4929   3.530240    33.5073       4132    17.2125     2.3378  0.000e+00
     89.589     8.4937   3.530217    33.5063       4133    17.2167     2.3381  0.000e+00
     89.574     8.4945   3.530177    33.5051       4134    17.2208     2.3382  0.000e+00
     89.571     8.4951   3.530131    33.5040       4135    17.2250     2.3403  0.000e+00
     89.576     8.4959   3.530188    33.5039       4136    17.2292     2.3404  0.000e+00
     89.587     8.4957   3.530240    33.5047       4137    17.2333     2.3399  0.000e+00
     89.601     8.4953   3.530304    33.5057       4138    17.2375     2.3405  0.000e+00
     89.629     8.4950   3.530321    33.5061       4139    17.2417     2.3403  0.000e+00
     89.650     8.4945   3.530367    33.5070       4140    17.2458     2.3399  0.000e+00
     89.670     8.4940   3.530390    33.5078       4141    17.2500     2.3409  0.000e+00
     89.681     8.4935   3.530408    33.5085       4142    17.2542     2.3408  0.000e+00
     89.690     8.4931   3.530344    33.5081       4143    17.2583     2.3413  0.000e+00
     89.674     8.4930   3.530344    33.5082       4144    17.2625     2.3406  0.000e+00
