HB2304/sbe136.cnv
* Sea-Bird SBE 19plus V2 Data File:
* FileName = C:\cruise\data\sbe136.hex
* Software Version Seasave V 7.26.7.121
* Temperature SN = 7037
* Conductivity SN = 7037
* System UpLoad Time = Nov 13 2023 11:22:05
** Ship: Bigelow
** Cruise:  HB2304
** Program:  Fall Bottom Trawl
# nquan = 8
# nvalues = 3538                                  
# units = specified
# name 0 = depSM: Depth [salt water, m], lat = 40.00
# name 1 = tv290C: Temperature [ITS-90, deg C]
# name 2 = c0S/m: Conductivity [S/m]
# name 3 = sal00: Salinity, Practical [PSU]
# name 4 = scan: Scan Count
# name 5 = timeM: Time, Elapsed [minutes]
# name 6 = sbeox0V: Oxygen raw, SBE 43 [V]
# name 7 = flag:  0.000e+00
# span 0 =      0.056,    136.439                 
# span 1 =     5.5872,    11.5827                 
# span 2 =  -0.087225,   3.651168                 
# span 3 =     0.0000,    34.7359                 
# span 4 =         11,       3548                 
# span 5 =     0.0417,    14.7792                 
# span 6 =     1.9435,     3.0931                 
# span 7 = 0.0000e+00, 0.0000e+00                 
# interval = seconds: 0.25
# start_time = Nov 13 2023 11:22:05 [System UTC, header]
# bad_flag = -9.990e-29
*END*
[from data line 1439]
    124.875    10.2386   3.593650    32.5345       1450     6.0375     2.3784  0.000e+00
    124.816    10.2384   3.593627    32.5345       1451     6.0417     2.3784  0.000e+00
    124.752    10.2380   3.593610    32.5347       1452     6.0458     2.3761  0.000e+00
    124.694    10.2377   3.593610    32.5350       1453     6.0500     2.3749  0.000e+00
    124.642    10.2376   3.593621    32.5352       1454     6.0542     2.3754  0.000e+00
    124.579    10.2378   3.593650    32.5353       1455     6.0583     2.3731  0.000e+00
    124.525    10.2378   3.593650    32.5354       1456     6.0625     2.3729  0.000e+00
    124.454    10.2379   3.593650    32.5353       1457     6.0667     2.3720  0.000e+00
    124.396    10.2379   3.593610    32.5349       1458     6.0708     2.3703  0.000e+00
    124.329    10.2376   3.593586    32.5349       1459     6.0750     2.3694  0.000e+00
    124.261    10.2374   3.593586    32.5352       1460     6.0792     2.3664  0.000e+00
    124.196    10.2374   3.593563    32.5350       1461     6.0833     2.3659  0.000e+00
    124.125    10.2373   3.593586    32.5353       1462     6.0875     2.3658  0.000e+00
    124.054    10.2372   3.593580    32.5354       1463     6.0917     2.3641  0.000e+00
    123.984    10.2371   3.593586    32.5356       1464     6.0958     2.3629  0.000e+00
    123.917    10.2371   3.593563    32.5354       1465     6.1000     2.3618  0.000e+00
    123.857    10.2370   3.593540    32.5352       1466     6.1042     2.3637  0.000e+00
    123.791    10.2370   3.593540    32.5353       1467     6.1083     2.3640  0.000e+00
    123.720    10.2369   3.593540    32.5354       1468     6.1125     2.3644  0.000e+00
    123.659    10.2367   3.593516    32.5354       1469     6.1167     2.3672  0.000e+00
    123.590    10.2364   3.593499    32.5354       1470     6.1208     2.3684  0.000e+00
    123.530    10.2363   3.593476    32.5354       1471     6.1250     2.3685  0.000e+00
    123.467    10.2364   3.593557    32.5361       1472     6.1292     2.3680  0.000e+00
    123.409    10.2367   3.593609    32.5364       1473     6.1333     2.3691  0.000e+00
    123.344    10.2370   3.593563    32.5357       1474     6.1375     2.3706  0.000e+00
    123.283    10.2370   3.593540    32.5355       1475     6.1417     2.3698  0.000e+00
    123.223    10.2369   3.593499    32.5352       1476     6.1458     2.3708  0.000e+00
    123.160    10.2368   3.593499    32.5353       1477     6.1500     2.3727  0.000e+00
    123.093    10.2367   3.593499    32.5354       1478     6.1542     2.3715  0.000e+00
    123.031    10.2366   3.593516    32.5357       1479     6.1583     2.3726  0.000e+00
    122.966    10.2366   3.593516    32.5358       1480     6.1625     2.3720  0.000e+00
    122.908    10.2367   3.593557    32.5361       1481     6.1667     2.3722  0.000e+00
    122.838    10.2371   3.593586    32.5361       1482     6.1708     2.3726  0.000e+00
    122.773    10.2375   3.593626    32.5361       1483     6.1750     2.3713  0.000e+00
    122.704    10.2380   3.593673    32.5362       1484     6.1792     2.3717  0.000e+00
    122.644    10.2387   3.593673    32.5356       1485     6.1833     2.3707  0.000e+00
    122.574    10.2391   3.593714    32.5356       1486     6.1875     2.3701  0.000e+00
    122.514    10.2397   3.593713    32.5351       1487     6.1917     2.3710  0.000e+00
    122.449    10.2401   3.593737    32.5350       1488     6.1958     2.3714  0.000e+00
    122.391    10.2407   3.593713    32.5343       1489     6.2000     2.3704  0.000e+00
    122.324    10.2409   3.593725    32.5342       1490     6.2042     2.3715  0.000e+00
    122.261    10.2411   3.593760    32.5344       1491     6.2083     2.3711  0.000e+00
    122.198    10.2415   3.593800    32.5346       1492     6.2125     2.3718  0.000e+00
    122.126    10.2420   3.593824    32.5344       1493     6.2167     2.3726  0.000e+00
    122.061    10.2425   3.593870    32.5344       1494     6.2208     2.3741  0.000e+00
    121.996    10.2433   3.593888    32.5339       1495     6.2250     2.3720  0.000e+00
    121.921    10.2441   3.593911    32.5335       1496     6.2292     2.3724  0.000e+00
    121.851    10.2450   3.594044    32.5340       1497     6.2333     2.3723  0.000e+00
    121.779    10.2465   3.594131    32.5336       1498     6.2375     2.3729  0.000e+00
    121.706    10.2478   3.594102    32.5322       1499     6.2417     2.3731  0.000e+00
    121.639    10.2490   3.594195    32.5320       1500     6.2458     2.3741  0.000e+00
    121.567    10.2504   3.594282    32.5317       1501     6.2500     2.3760  0.000e+00
    121.507    10.2519   3.594305    32.5306       1502     6.2542     2.3777  0.000e+00
    121.448    10.2532   3.594346    32.5299       1503     6.2583     2.3788  0.000e+00
    121.388    10.2541   3.594369    32.5293       1504     6.2625     2.3799  0.000e+00
    121.336    10.2552   3.594369    32.5284       1505     6.2667     2.3797  0.000e+00
    121.281    10.2560   3.594393    32.5279       1506     6.2708     2.3797  0.000e+00
    121.231    10.2567   3.594456    32.5279       1507     6.2750     2.3803  0.000e+00
    121.180    10.2578   3.594480    32.5272       1508     6.2792     2.3794  0.000e+00
    121.128    10.2586   3.594520    32.5269       1509     6.2833     2.3801  0.000e+00
    121.077    10.2592   3.594503    32.5262       1510     6.2875     2.3785  0.000e+00
    121.025    10.2598   3.594520    32.5259       1511     6.2917     2.3776  0.000e+00
    120.967    10.2602   3.594520    32.5255       1512     6.2958     2.3761  0.000e+00
    120.915    10.2604   3.594543    32.5256       1513     6.3000     2.3734  0.000e+00
    120.853    10.2605   3.594543    32.5256       1514     6.3042     2.3707  0.000e+00
    120.790    10.2607   3.594543    32.5254       1515     6.3083     2.3688  0.000e+00
    120.727    10.2609   3.594543    32.5253       1516     6.3125     2.3647  0.000e+00
    120.672    10.2610   3.594561    32.5254       1517     6.3167     2.3625  0.000e+00
    120.611    10.2612   3.594566    32.5253       1518     6.3208     2.3599  0.000e+00
    120.555    10.2615   3.594566    32.5251       1519     6.3250     2.3588  0.000e+00
    120.497    10.2616   3.594566    32.5250       1520     6.3292     2.3556  0.000e+00
    120.441    10.2617   3.594590    32.5252       1521     6.3333     2.3534  0.000e+00
    120.381    10.2620   3.594607    32.5251       1522     6.3375     2.3534  0.000e+00
    120.322    10.2622   3.594630    32.5252       1523     6.3417     2.3523  0.000e+00
    120.268    10.2624   3.594630    32.5250       1524     6.3458     2.3526  0.000e+00
    120.204    10.2628   3.594642    32.5248       1525     6.3500     2.3498  0.000e+00
    120.141    10.2632   3.594694    32.5250       1526     6.3542     2.3515  0.000e+00
    120.070    10.2636   3.594717    32.5249       1527     6.3583     2.3507  0.000e+00
    120.004    10.2642   3.594764    32.5248       1528     6.3625     2.3530  0.000e+00
    119.926    10.2648   3.594781    32.5245       1529     6.3667     2.3541  0.000e+00
    119.857    10.2653   3.594804    32.5244       1530     6.3708     2.3552  0.000e+00
    119.785    10.2657   3.594804    32.5240       1531     6.3750     2.3558  0.000e+00
    119.711    10.2661   3.594804    32.5237       1532     6.3792     2.3559  0.000e+00
    119.638    10.2664   3.594804    32.5234       1533     6.3833     2.3568  0.000e+00
    119.570    10.2667   3.594793    32.5231       1534     6.3875     2.3579  0.000e+00
    119.506    10.2669   3.594804    32.5231       1535     6.3917     2.3578  0.000e+00
    119.452    10.2671   3.594804    32.5229       1536     6.3958     2.3589  0.000e+00
    119.394    10.2673   3.594804    32.5228       1537     6.4000     2.3598  0.000e+00
    119.338    10.2675   3.594827    32.5229       1538     6.4042     2.3619  0.000e+00
    119.281    10.2677   3.594827    32.5227       1539     6.4083     2.3617  0.000e+00
    119.223    10.2679   3.594804    32.5223       1540     6.4125     2.3613  0.000e+00
    119.170    10.2679   3.594827    32.5225       1541     6.4167     2.3620  0.000e+00
    119.118    10.2681   3.594851    32.5226       1542     6.4208     2.3634  0.000e+00
    119.053    10.2681   3.594851    32.5227       1543     6.4250     2.3625  0.000e+00
    118.991    10.2682   3.594827    32.5224       1544     6.4292     2.3624  0.000e+00
    118.928    10.2682   3.594827    32.5224       1545     6.4333     2.3630  0.000e+00
    118.865    10.2683   3.594850    32.5226       1546     6.4375     2.3630  0.000e+00
    118.798    10.2683   3.594850    32.5226       1547     6.4417     2.3637  0.000e+00
    118.727    10.2681   3.594874    32.5230       1548     6.4458     2.3643  0.000e+00
    118.655    10.2685   3.594891    32.5229       1549     6.4500     2.3643  0.000e+00
    118.592    10.2689   3.594937    32.5230       1550     6.4542     2.3654  0.000e+00
    118.521    10.2696   3.594978    32.5228       1551     6.4583     2.3656  0.000e+00
    118.456    10.2703   3.594978    32.5223       1552     6.4625     2.3677  0.000e+00
    118.395    10.2709   3.595001    32.5219       1553     6.4667     2.3703  0.000e+00
    118.339    10.2713   3.594961    32.5212       1554     6.4708     2.3717  0.000e+00
    118.285    10.2717   3.594961    32.5209       1555     6.4750     2.3718  0.000e+00
    118.228    10.2720   3.594978    32.5208       1556     6.4792     2.3723  0.000e+00
    118.180    10.2721   3.594961    32.5205       1557     6.4833     2.3717  0.000e+00
    118.133    10.2724   3.595001    32.5207       1558     6.4875     2.3711  0.000e+00
    118.084    10.2726   3.595001    32.5206       1559     6.4917     2.3701  0.000e+00
    118.039    10.2728   3.595001    32.5204       1560     6.4958     2.3677  0.000e+00
    117.985    10.2729   3.594978    32.5201       1561     6.5000     2.3653  0.000e+00
    117.930    10.2731   3.595001    32.5202       1562     6.5042     2.3633  0.000e+00
    117.881    10.2732   3.595001    32.5201       1563     6.5083     2.3608  0.000e+00
    117.822    10.2732   3.594978    32.5199       1564     6.5125     2.3578  0.000e+00
    117.762    10.2731   3.595001    32.5202       1565     6.5167     2.3582  0.000e+00
    117.697    10.2730   3.595001    32.5203       1566     6.5208     2.3572  0.000e+00
    117.632    10.2730   3.595024    32.5206       1567     6.5250     2.3589  0.000e+00
    117.565    10.2732   3.595024    32.5205       1568     6.5292     2.3582  0.000e+00
    117.496    10.2735   3.595059    32.5206       1569     6.5333     2.3604  0.000e+00
    117.426    10.2737   3.595047    32.5203       1570     6.5375     2.3620  0.000e+00
    117.357    10.2737   3.595065    32.5205       1571     6.5417     2.3640  0.000e+00
    117.287    10.2738   3.595047    32.5203       1572     6.5458     2.3650  0.000e+00
    117.222    10.2740   3.595047    32.5201       1573     6.5500     2.3656  0.000e+00
    117.149    10.2740   3.595047    32.5202       1574     6.5542     2.3666  0.000e+00
    117.083    10.2739   3.595024    32.5201       1575     6.5583     2.3679  0.000e+00
    117.017    10.2738   3.595024    32.5202       1576     6.5625     2.3690  0.000e+00
    116.956    10.2736   3.595001    32.5201       1577     6.5667     2.3710  0.000e+00
    116.891    10.2738   3.595001    32.5200       1578     6.5708     2.3711  0.000e+00
    116.829    10.2736   3.595001    32.5202       1579     6.5750     2.3703  0.000e+00
    116.766    10.2735   3.595001    32.5203       1580     6.5792     2.3704  0.000e+00
    116.705    10.2737   3.595024    32.5204       1581     6.5833     2.3698  0.000e+00
    116.634    10.2737   3.595024    32.5204       1582     6.5875     2.3684  0.000e+00
    116.566    10.2740   3.595047    32.5205       1583     6.5917     2.3675  0.000e+00
    116.499    10.2741   3.595047    32.5204       1584     6.5958     2.3675  0.000e+00
    116.428    10.2742   3.595047    32.5203       1585     6.6000     2.3675  0.000e+00
    116.358    10.2742   3.595064    32.5205       1586     6.6042     2.3665  0.000e+00
    116.289    10.2744   3.595082    32.5205       1587     6.6083     2.3664  0.000e+00
    116.220    10.2747   3.595064    32.5201       1588     6.6125     2.3661  0.000e+00
    116.161    10.2749   3.595064    32.5200       1589     6.6167     2.3661  0.000e+00
    116.105    10.2751   3.595064    32.5198       1590     6.6208     2.3679  0.000e+00
    116.054    10.2753   3.595064    32.5197       1591     6.6250     2.3679  0.000e+00
    116.000    10.2755   3.595064    32.5195       1592     6.6292     2.3676  0.000e+00
    115.951    10.2755   3.595064    32.5195       1593     6.6333     2.3672  0.000e+00
    115.908    10.2758   3.595064    32.5192       1594     6.6375     2.3667  0.000e+00
    115.866    10.2758   3.595047    32.5191       1595     6.6417     2.3643  0.000e+00
    115.817    10.2759   3.595041    32.5190       1596     6.6458     2.3613  0.000e+00
    115.772    10.2760   3.595047    32.5190       1597     6.6500     2.3582  0.000e+00
    115.718    10.2760   3.595064    32.5191       1598     6.6542     2.3540  0.000e+00
    115.673    10.2762   3.595064    32.5190       1599     6.6583     2.3530  0.000e+00
    115.620    10.2764   3.595064    32.5189       1600     6.6625     2.3488  0.000e+00
    115.573    10.2764   3.595087    32.5191       1601     6.6667     2.3464  0.000e+00
    115.514    10.2765   3.595087    32.5191       1602     6.6708     2.3453  0.000e+00
    115.445    10.2765   3.595087    32.5191       1603     6.6750     2.3441  0.000e+00
    115.385    10.2766   3.595105    32.5192       1604     6.6792     2.3437  0.000e+00
    115.320    10.2768   3.595111    32.5191       1605     6.6833     2.3420  0.000e+00
    115.250    10.2769   3.595111    32.5190       1606     6.6875     2.3430  0.000e+00
    115.178    10.2772   3.595110    32.5188       1607     6.6917     2.3440  0.000e+00
    115.103    10.2770   3.595134    32.5193       1608     6.6958     2.3456  0.000e+00
    115.033    10.2772   3.595151    32.5193       1609     6.7000     2.3464  0.000e+00
    114.961    10.2776   3.595134    32.5188       1610     6.7042     2.3493  0.000e+00
    114.894    10.2779   3.595151    32.5187       1611     6.7083     2.3523  0.000e+00
    114.832    10.2779   3.595151    32.5187       1612     6.7125     2.3547  0.000e+00
    114.773    10.2781   3.595145    32.5185       1613     6.7167     2.3585  0.000e+00
    114.718    10.2783   3.595134    32.5182       1614     6.7208     2.3609  0.000e+00
    114.666    10.2785   3.595174    32.5185       1615     6.7250     2.3620  0.000e+00
    114.615    10.2789   3.595197    32.5184       1616     6.7292     2.3597  0.000e+00
    114.559    10.2794   3.595197    32.5180       1617     6.7333     2.3608  0.000e+00
    114.514    10.2796   3.595197    32.5178       1618     6.7375     2.3593  0.000e+00
    114.462    10.2799   3.595197    32.5175       1619     6.7417     2.3573  0.000e+00
    114.404    10.2801   3.595238    32.5178       1620     6.7458     2.3558  0.000e+00
    114.351    10.2808   3.595261    32.5174       1621     6.7500     2.3550  0.000e+00
    114.292    10.2811   3.595267    32.5172       1622     6.7542     2.3519  0.000e+00
    114.227    10.2813   3.595284    32.5173       1623     6.7583     2.3505  0.000e+00
    114.167    10.2815   3.595261    32.5169       1624     6.7625     2.3531  0.000e+00
    114.100    10.2817   3.595261    32.5168       1625     6.7667     2.3497  0.000e+00
    114.039    10.2817   3.595261    32.5167       1626     6.7708     2.3540  0.000e+00
    113.976    10.2818   3.595284    32.5169       1627     6.7750     2.3517  0.000e+00
