HB2304/sbe115.cnv
* Sea-Bird SBE 19plus V2 Data File:
* FileName = C:\cruise\data\sbe115.hex
* Software Version Seasave V 7.26.7.121
* Temperature SN = 7037
* Conductivity SN = 7037
* System UpLoad Time = Nov 05 2023 11:54:49
** Ship: Bigelow
** Cruise:  HB2304
** Program:  Fall Bottom Trawl
# nquan = 8
# nvalues = 2776                                  
# units = specified
# name 0 = depSM: Depth [salt water, m], lat = 40.00
# name 1 = tv290C: Temperature [ITS-90, deg C]
# name 2 = c0S/m: Conductivity [S/m]
# name 3 = sal00: Salinity, Practical [PSU]
# name 4 = scan: Scan Count
# name 5 = timeM: Time, Elapsed [minutes]
# name 6 = sbeox0V: Oxygen raw, SBE 43 [V]
# name 7 = flag:  0.000e+00
# span 0 =     -0.039,    245.384                 
# span 1 =     8.0510,    11.0522                 
# span 2 =   0.002059,   3.647801                 
# span 3 =     0.0161,    34.5849                 
# span 4 =         11,       2786                 
# span 5 =     0.0417,    11.6042                 
# span 6 =     2.2223,     3.1635                 
# span 7 = 0.0000e+00, 0.0000e+00                 
# interval = seconds: 0.25
# start_time = Nov 05 2023 11:54:49 [System UTC, header]
# bad_flag = -9.990e-29
*END*
[from data line 1259]
    237.184     8.5863   3.647290    34.5832       1270     5.2875     2.2290  0.000e+00
    237.332     8.5863   3.647267    34.5829       1271     5.2917     2.2286  0.000e+00
    237.481     8.5862   3.647243    34.5827       1272     5.2958     2.2287  0.000e+00
    237.620     8.5862   3.647226    34.5824       1273     5.3000     2.2289  0.000e+00
    237.776     8.5860   3.647243    34.5827       1274     5.3042     2.2292  0.000e+00
    237.944     8.5861   3.647243    34.5826       1275     5.3083     2.2285  0.000e+00
    238.127     8.5861   3.647244    34.5825       1276     5.3125     2.2282  0.000e+00
    238.324     8.5861   3.647249    34.5824       1277     5.3167     2.2281  0.000e+00
    238.545     8.5862   3.647220    34.5819       1278     5.3208     2.2283  0.000e+00
    238.773     8.5866   3.647331    34.5826       1279     5.3250     2.2283  0.000e+00
    239.012     8.5868   3.647378    34.5828       1280     5.3292     2.2287  0.000e+00
    239.258     8.5873   3.647378    34.5822       1281     5.3333     2.2292  0.000e+00
    239.506     8.5877   3.647314    34.5810       1282     5.3375     2.2278  0.000e+00
    239.756     8.5877   3.647291    34.5806       1283     5.3417     2.2291  0.000e+00
    239.993     8.5875   3.647244    34.5802       1284     5.3458     2.2287  0.000e+00
    240.221     8.5873   3.647268    34.5805       1285     5.3500     2.2286  0.000e+00
    240.431     8.5873   3.647314    34.5810       1286     5.3542     2.2296  0.000e+00
    240.641     8.5873   3.647315    34.5809       1287     5.3583     2.2288  0.000e+00
    240.834     8.5872   3.647291    34.5806       1288     5.3625     2.2293  0.000e+00
    241.023     8.5873   3.647315    34.5807       1289     5.3667     2.2287  0.000e+00
    241.193     8.5871   3.647315    34.5807       1290     5.3708     2.2296  0.000e+00
    241.361     8.5870   3.647315    34.5808       1291     5.3750     2.2293  0.000e+00
    241.520     8.5870   3.647315    34.5808       1292     5.3792     2.2292  0.000e+00
    241.676     8.5870   3.647332    34.5809       1293     5.3833     2.2285  0.000e+00
    241.823     8.5868   3.647332    34.5809       1294     5.3875     2.2284  0.000e+00
    241.969     8.5869   3.647315    34.5806       1295     5.3917     2.2283  0.000e+00
    242.118     8.5868   3.647333    34.5808       1296     5.3958     2.2299  0.000e+00
    242.268     8.5867   3.647333    34.5808       1297     5.4000     2.2288  0.000e+00
    242.422     8.5866   3.647333    34.5809       1298     5.4042     2.2283  0.000e+00
    242.588     8.5865   3.647356    34.5811       1299     5.4083     2.2284  0.000e+00
    242.764     8.5865   3.647356    34.5810       1300     5.4125     2.2274  0.000e+00
    242.954     8.5866   3.647397    34.5813       1301     5.4167     2.2283  0.000e+00
    243.164     8.5865   3.647444    34.5818       1302     5.4208     2.2276  0.000e+00
    243.383     8.5865   3.647514    34.5824       1303     5.4250     2.2282  0.000e+00
    243.621     8.5870   3.647555    34.5823       1304     5.4292     2.2284  0.000e+00
    243.864     8.5871   3.647590    34.5824       1305     5.4333     2.2280  0.000e+00
    244.123     8.5875   3.647602    34.5820       1306     5.4375     2.2277  0.000e+00
    244.383     8.5875   3.647602    34.5819       1307     5.4417     2.2265  0.000e+00
    244.646     8.5876   3.647602    34.5817       1308     5.4458     2.2270  0.000e+00
    244.905     8.5874   3.647567    34.5814       1309     5.4500     2.2264  0.000e+00
    245.140     8.5873   3.647556    34.5813       1310     5.4542     2.2264  0.000e+00
    245.122     8.5871   3.647468    34.5805       1311     5.4583     2.2249  0.000e+00
    245.174     8.5868   3.647468    34.5808       1312     5.4625     2.2260  0.000e+00
    245.084     8.5866   3.647445    34.5808       1313     5.4667     2.2257  0.000e+00
    245.126     8.5863   3.647445    34.5811       1314     5.4708     2.2258  0.000e+00
    245.095     8.5862   3.647445    34.5812       1315     5.4750     2.2264  0.000e+00
    245.087     8.5860   3.647427    34.5812       1316     5.4792     2.2264  0.000e+00
    244.999     8.5860   3.647421    34.5812       1317     5.4833     2.2267  0.000e+00
    244.952     8.5858   3.647427    34.5814       1318     5.4875     2.2259  0.000e+00
    244.944     8.5858   3.647445    34.5817       1319     5.4917     2.2267  0.000e+00
    244.915     8.5857   3.647404    34.5813       1320     5.4958     2.2269  0.000e+00
    244.879     8.5857   3.647398    34.5813       1321     5.5000     2.2261  0.000e+00
    244.839     8.5858   3.647404    34.5813       1322     5.5042     2.2275  0.000e+00
    244.863     8.5856   3.647404    34.5814       1323     5.5083     2.2268  0.000e+00
    244.874     8.5856   3.647404    34.5814       1324     5.5125     2.2271  0.000e+00
    244.901     8.5858   3.647421    34.5814       1325     5.5167     2.2268  0.000e+00
    244.897     8.5857   3.647427    34.5816       1326     5.5208     2.2271  0.000e+00
    244.930     8.5858   3.647445    34.5816       1327     5.5250     2.2256  0.000e+00
    244.959     8.5858   3.647445    34.5816       1328     5.5292     2.2261  0.000e+00
    244.991     8.5860   3.647445    34.5815       1329     5.5333     2.2260  0.000e+00
    244.995     8.5859   3.647468    34.5818       1330     5.5375     2.2248  0.000e+00
    245.002     8.5861   3.647445    34.5813       1331     5.5417     2.2256  0.000e+00
    245.002     8.5862   3.647491    34.5817       1332     5.5458     2.2252  0.000e+00
    245.004     8.5861   3.647526    34.5822       1333     5.5500     2.2252  0.000e+00
    244.989     8.5859   3.647626    34.5834       1334     5.5542     2.2261  0.000e+00
    244.966     8.5860   3.647602    34.5831       1335     5.5583     2.2255  0.000e+00
    244.950     8.5858   3.647649    34.5838       1336     5.5625     2.2256  0.000e+00
    244.935     8.5856   3.647655    34.5840       1337     5.5667     2.2248  0.000e+00
    244.921     8.5856   3.647667    34.5841       1338     5.5708     2.2239  0.000e+00
    244.904     8.5856   3.647690    34.5845       1339     5.5750     2.2233  0.000e+00
    244.892     8.5855   3.647696    34.5846       1340     5.5792     2.2229  0.000e+00
    244.881     8.5854   3.647667    34.5844       1341     5.5833     2.2239  0.000e+00
    244.870     8.5855   3.647649    34.5841       1342     5.5875     2.2226  0.000e+00
    244.857     8.5853   3.647626    34.5841       1343     5.5917     2.2226  0.000e+00
    244.850     8.5853   3.647655    34.5844       1344     5.5958     2.2226  0.000e+00
    244.841     8.5854   3.647649    34.5842       1345     5.6000     2.2232  0.000e+00
    244.837     8.5854   3.647626    34.5840       1346     5.6042     2.2235  0.000e+00
    244.837     8.5854   3.647649    34.5842       1347     5.6083     2.2230  0.000e+00
    244.838     8.5855   3.647696    34.5846       1348     5.6125     2.2232  0.000e+00
    244.847     8.5856   3.647713    34.5847       1349     5.6167     2.2245  0.000e+00
    244.857     8.5859   3.647690    34.5842       1350     5.6208     2.2244  0.000e+00
    244.879     8.5861   3.647737    34.5845       1351     5.6250     2.2243  0.000e+00
    244.903     8.5861   3.647784    34.5849       1352     5.6292     2.2248  0.000e+00
    244.935     8.5866   3.647760    34.5842       1353     5.6333     2.2246  0.000e+00
    244.970     8.5867   3.647760    34.5841       1354     5.6375     2.2243  0.000e+00
    245.008     8.5868   3.647801    34.5844       1355     5.6417     2.2239  0.000e+00
    245.053     8.5870   3.647801    34.5841       1356     5.6458     2.2236  0.000e+00
    245.084     8.5871   3.647801    34.5841       1357     5.6500     2.2241  0.000e+00
    245.112     8.5870   3.647778    34.5839       1358     5.6542     2.2248  0.000e+00
    245.125     8.5871   3.647778    34.5837       1359     5.6583     2.2227  0.000e+00
    245.127     8.5871   3.647737    34.5834       1360     5.6625     2.2239  0.000e+00
    245.118     8.5869   3.647713    34.5833       1361     5.6667     2.2236  0.000e+00
    245.096     8.5866   3.647626    34.5827       1362     5.6708     2.2243  0.000e+00
    245.053     8.5864   3.647602    34.5827       1363     5.6750     2.2244  0.000e+00
    245.006     8.5860   3.647567    34.5827       1364     5.6792     2.2236  0.000e+00
    244.950     8.5858   3.647538    34.5827       1365     5.6833     2.2246  0.000e+00
    244.884     8.5856   3.647538    34.5829       1366     5.6875     2.2233  0.000e+00
    244.819     8.5855   3.647468    34.5822       1367     5.6917     2.2235  0.000e+00
    244.758     8.5855   3.647526    34.5829       1368     5.6958     2.2229  0.000e+00
    244.703     8.5853   3.647538    34.5832       1369     5.7000     2.2233  0.000e+00
    244.660     8.5853   3.647445    34.5822       1370     5.7042     2.2223  0.000e+00
    244.631     8.5854   3.647427    34.5819       1371     5.7083     2.2224  0.000e+00
    244.629     8.5854   3.647421    34.5819       1372     5.7125     2.2229  0.000e+00
    244.644     8.5854   3.647468    34.5824       1373     5.7167     2.2230  0.000e+00
    244.680     8.5856   3.647626    34.5838       1374     5.7208     2.2230  0.000e+00
    244.732     8.5860   3.647713    34.5844       1375     5.7250     2.2227  0.000e+00
    244.805     8.5865   3.647696    34.5836       1376     5.7292     2.2226  0.000e+00
    244.897     8.5868   3.647667    34.5830       1377     5.7333     2.2239  0.000e+00
    244.993     8.5871   3.647690    34.5829       1378     5.7375     2.2229  0.000e+00
    245.092     8.5871   3.647667    34.5827       1379     5.7417     2.2237  0.000e+00
    245.192     8.5871   3.647678    34.5827       1380     5.7458     2.2238  0.000e+00
    245.270     8.5870   3.647690    34.5829       1381     5.7500     2.2243  0.000e+00
    245.333     8.5870   3.647714    34.5831       1382     5.7542     2.2243  0.000e+00
    245.371     8.5871   3.647714    34.5830       1383     5.7583     2.2240  0.000e+00
    245.384     8.5872   3.647696    34.5827       1384     5.7625     2.2245  0.000e+00
    245.366     8.5871   3.647603    34.5818       1385     5.7667     2.2252  0.000e+00
    245.318     8.5868   3.647556    34.5816       1386     5.7708     2.2253  0.000e+00
    245.250     8.5866   3.647491    34.5812       1387     5.7750     2.2253  0.000e+00
    245.163     8.5865   3.647486    34.5813       1388     5.7792     2.2258  0.000e+00
    245.063     8.5862   3.647538    34.5822       1389     5.7833     2.2253  0.000e+00
    244.956     8.5861   3.647538    34.5823       1390     5.7875     2.2259  0.000e+00
    244.846     8.5860   3.647491    34.5820       1391     5.7917     2.2268  0.000e+00
    244.746     8.5860   3.647445    34.5815       1392     5.7958     2.2263  0.000e+00
    244.654     8.5860   3.647427    34.5814       1393     5.8000     2.2250  0.000e+00
    244.589     8.5862   3.647427    34.5812       1394     5.8042     2.2251  0.000e+00
    244.542     8.5862   3.647427    34.5812       1395     5.8083     2.2266  0.000e+00
    244.519     8.5863   3.647421    34.5811       1396     5.8125     2.2266  0.000e+00
    244.511     8.5861   3.647444    34.5815       1397     5.8167     2.2267  0.000e+00
    244.531     8.5863   3.647468    34.5816       1398     5.8208     2.2262  0.000e+00
    244.564     8.5865   3.647515    34.5819       1399     5.8250     2.2266  0.000e+00
    244.613     8.5866   3.647631    34.5829       1400     5.8292     2.2266  0.000e+00
    244.673     8.5871   3.647602    34.5821       1401     5.8333     2.2264  0.000e+00
    244.745     8.5873   3.647602    34.5819       1402     5.8375     2.2262  0.000e+00
    244.823     8.5875   3.647602    34.5817       1403     5.8417     2.2258  0.000e+00
    244.902     8.5875   3.647614    34.5818       1404     5.8458     2.2251  0.000e+00
    244.984     8.5876   3.647602    34.5815       1405     5.8500     2.2251  0.000e+00
    245.054     8.5876   3.647602    34.5815       1406     5.8542     2.2246  0.000e+00
    245.116     8.5875   3.647602    34.5815       1407     5.8583     2.2239  0.000e+00
    245.172     8.5875   3.647591    34.5814       1408     5.8625     2.2243  0.000e+00
    245.223     8.5875   3.647626    34.5818       1409     5.8667     2.2235  0.000e+00
    245.261     8.5877   3.647602    34.5813       1410     5.8708     2.2240  0.000e+00
    245.290     8.5875   3.647556    34.5810       1411     5.8750     2.2254  0.000e+00
    245.311     8.5873   3.647567    34.5813       1412     5.8792     2.2244  0.000e+00
    245.326     8.5871   3.647538    34.5812       1413     5.8833     2.2244  0.000e+00
    245.324     8.5870   3.647556    34.5814       1414     5.8875     2.2248  0.000e+00
    245.313     8.5870   3.647515    34.5811       1415     5.8917     2.2245  0.000e+00
    245.286     8.5867   3.647462    34.5808       1416     5.8958     2.2258  0.000e+00
    245.239     8.5865   3.647468    34.5810       1417     5.9000     2.2247  0.000e+00
    245.183     8.5864   3.647445    34.5809       1418     5.9042     2.2252  0.000e+00
    245.108     8.5864   3.647468    34.5812       1419     5.9083     2.2260  0.000e+00
    245.032     8.5863   3.647445    34.5811       1420     5.9125     2.2268  0.000e+00
    244.953     8.5863   3.647445    34.5812       1421     5.9167     2.2266  0.000e+00
    244.869     8.5863   3.647445    34.5812       1422     5.9208     2.2270  0.000e+00
    244.797     8.5863   3.647427    34.5810       1423     5.9250     2.2271  0.000e+00
    244.736     8.5862   3.647421    34.5811       1424     5.9292     2.2265  0.000e+00
    244.685     8.5862   3.647427    34.5812       1425     5.9333     2.2261  0.000e+00
    244.658     8.5862   3.647427    34.5812       1426     5.9375     2.2262  0.000e+00
    244.632     8.5862   3.647427    34.5812       1427     5.9417     2.2267  0.000e+00
    244.638     8.5862   3.647398    34.5809       1428     5.9458     2.2264  0.000e+00
    244.649     8.5863   3.647444    34.5813       1429     5.9500     2.2274  0.000e+00
    244.679     8.5865   3.647468    34.5814       1430     5.9542     2.2270  0.000e+00
    244.712     8.5867   3.647538    34.5818       1431     5.9583     2.2279  0.000e+00
    244.748     8.5869   3.647567    34.5819       1432     5.9625     2.2275  0.000e+00
    244.779     8.5871   3.647579    34.5818       1433     5.9667     2.2283  0.000e+00
    244.826     8.5875   3.647602    34.5817       1434     5.9708     2.2279  0.000e+00
    244.859     8.5877   3.647579    34.5813       1435     5.9750     2.2278  0.000e+00
    244.889     8.5877   3.647567    34.5811       1436     5.9792     2.2280  0.000e+00
    244.893     8.5877   3.647556    34.5810       1437     5.9833     2.2266  0.000e+00
    244.889     8.5877   3.647538    34.5808       1438     5.9875     2.2269  0.000e+00
    244.873     8.5875   3.647515    34.5807       1439     5.9917     2.2262  0.000e+00
    244.846     8.5874   3.647485    34.5805       1440     5.9958     2.2273  0.000e+00
    244.804     8.5871   3.647468    34.5806       1441     6.0000     2.2257  0.000e+00
    244.748     8.5868   3.647468    34.5810       1442     6.0042     2.2255  0.000e+00
    244.674     8.5865   3.647491    34.5816       1443     6.0083     2.2258  0.000e+00
    244.592     8.5862   3.647462    34.5816       1444     6.0125     2.2265  0.000e+00
    244.498     8.5862   3.647444    34.5814       1445     6.0167     2.2267  0.000e+00
    244.382     8.5862   3.647403    34.5811       1446     6.0208     2.2262  0.000e+00
    244.243     8.5861   3.647403    34.5813       1447     6.0250     2.2273  0.000e+00
    244.100     8.5862   3.647380    34.5810       1448     6.0292     2.2271  0.000e+00
