HB2304/sbe129.cnv
* Sea-Bird SBE 19plus V2 Data File:
* FileName = C:\cruise\data\sbe129.hex
* Software Version Seasave V 7.26.7.121
* Temperature SN = 7037
* Conductivity SN = 7037
* System UpLoad Time = Nov 09 2023 20:36:46
** Ship: Bigelow
** Cruise:  HB2304
** Program:  Fall Bottom Trawl
# nquan = 8
# nvalues = 2227                                  
# units = specified
# name 0 = depSM: Depth [salt water, m], lat = 40.00
# name 1 = tv290C: Temperature [ITS-90, deg C]
# name 2 = c0S/m: Conductivity [S/m]
# name 3 = sal00: Salinity, Practical [PSU]
# name 4 = scan: Scan Count
# name 5 = timeM: Time, Elapsed [minutes]
# name 6 = sbeox0V: Oxygen raw, SBE 43 [V]
# name 7 = flag:  0.000e+00
# span 0 =      0.186,    162.643                 
# span 1 =     8.0941,    11.2199                 
# span 2 =   1.844812,   3.634693                 
# span 3 =    15.7363,    33.5376                 
# span 4 =         11,       2237                 
# span 5 =     0.0417,     9.3167                 
# span 6 =     1.7757,     3.0200                 
# span 7 = 0.0000e+00, 0.0000e+00                 
# interval = seconds: 0.25
# start_time = Nov 09 2023 20:36:46 [System UTC, header]
# bad_flag = -9.990e-29
*END*
[from data line 1798]
     84.608     8.8867   3.506747    32.8939       1809     7.5333     2.2792  0.000e+00
     84.396     8.8888   3.506919    32.8938       1810     7.5375     2.2774  0.000e+00
     84.183     8.8908   3.507022    32.8931       1811     7.5417     2.2777  0.000e+00
     83.977     8.8926   3.507149    32.8929       1812     7.5458     2.2778  0.000e+00
     83.763     8.8949   3.507344    32.8929       1813     7.5500     2.2772  0.000e+00
     83.552     8.8972   3.507385    32.8913       1814     7.5542     2.2776  0.000e+00
     83.337     8.8995   3.507500    32.8905       1815     7.5583     2.2785  0.000e+00
     83.122     8.9026   3.507810    32.8908       1816     7.5625     2.2775  0.000e+00
     82.912     8.9069   3.508253    32.8916       1817     7.5667     2.2783  0.000e+00
     82.700     8.9129   3.509041    32.8943       1818     7.5708     2.2796  0.000e+00
     82.496     8.9206   3.509800    32.8952       1819     7.5750     2.2808  0.000e+00
     82.294     8.9290   3.510186    32.8916       1820     7.5792     2.2810  0.000e+00
     82.097     8.9369   3.510611    32.8888       1821     7.5833     2.2816  0.000e+00
     81.909     8.9444   3.511077    32.8867       1822     7.5875     2.2844  0.000e+00
     81.726     8.9517   3.511992    32.8896       1823     7.5917     2.2821  0.000e+00
     81.543     8.9600   3.512878    32.8912       1824     7.5958     2.2820  0.000e+00
     81.365     8.9680   3.513137    32.8866       1825     7.6000     2.2812  0.000e+00
     81.187     8.9765   3.513857    32.8863       1826     7.6042     2.2793  0.000e+00
     81.016     8.9850   3.514518    32.8854       1827     7.6083     2.2799  0.000e+00
     80.842     8.9933   3.515624    32.8893       1828     7.6125     2.2777  0.000e+00
     80.665     9.0041   3.517944    32.9036       1829     7.6167     2.2760  0.000e+00
     80.479     9.0215   3.520922    32.9185       1830     7.6208     2.2757  0.000e+00
     80.298     9.0425   3.522287    32.9133       1831     7.6250     2.2743  0.000e+00
     80.117     9.0621   3.522137    32.8937       1832     7.6292     2.2741  0.000e+00
     79.931     9.0737   3.519009    32.8506       1833     7.6333     2.2747  0.000e+00
     79.731     9.0733   3.515386    32.8135       1834     7.6375     2.2784  0.000e+00
     79.532     9.0650   3.514057    32.8074       1835     7.6417     2.2809  0.000e+00
     79.331     9.0567   3.514068    32.8153       1836     7.6458     2.2810  0.000e+00
     79.136     9.0536   3.515859    32.8369       1837     7.6500     2.2845  0.000e+00
     78.935     9.0590   3.518346    32.8578       1838     7.6542     2.2869  0.000e+00
     78.726     9.0714   3.521007    32.8740       1839     7.6583     2.2891  0.000e+00
     78.512     9.0906   3.524401    32.8916       1840     7.6625     2.2922  0.000e+00
     78.304     9.1183   3.530079    32.9250       1841     7.6667     2.2928  0.000e+00
     78.095     9.1538   3.533823    32.9311       1842     7.6708     2.2948  0.000e+00
     77.885     9.1917   3.536580    32.9247       1843     7.6750     2.2960  0.000e+00
     77.666     9.2298   3.539968    32.9247       1844     7.6792     2.2972  0.000e+00
     77.449     9.2686   3.543294    32.9234       1845     7.6833     2.2996  0.000e+00
     77.231     9.3054   3.545223    32.9095       1846     7.6875     2.3013  0.000e+00
     77.019     9.3375   3.546684    32.8952       1847     7.6917     2.3048  0.000e+00
     76.806     9.3644   3.548446    32.8887       1848     7.6958     2.3092  0.000e+00
     76.593     9.3876   3.550295    32.8866       1849     7.7000     2.3129  0.000e+00
     76.381     9.4089   3.552191    32.8866       1850     7.7042     2.3158  0.000e+00
     76.173     9.4292   3.553417    32.8806       1851     7.7083     2.3186  0.000e+00
     75.964     9.4482   3.554903    32.8786       1852     7.7125     2.3215  0.000e+00
     75.763     9.4662   3.556395    32.8775       1853     7.7167     2.3241  0.000e+00
     75.560     9.4839   3.558031    32.8781       1854     7.7208     2.3254  0.000e+00
     75.351     9.5013   3.559582    32.8782       1855     7.7250     2.3272  0.000e+00
     75.150     9.5186   3.562134    32.8887       1856     7.7292     2.3300  0.000e+00
     74.955     9.5378   3.565225    32.9029       1857     7.7333     2.3306  0.000e+00
     74.758     9.5598   3.567622    32.9074       1858     7.7375     2.3316  0.000e+00
     74.563     9.5839   3.569637    32.9060       1859     7.7417     2.3321  0.000e+00
     74.371     9.6074   3.571329    32.9019       1860     7.7458     2.3316  0.000e+00
     74.185     9.6289   3.572082    32.8900       1861     7.7500     2.3322  0.000e+00
     74.004     9.6471   3.573037    32.8832       1862     7.7542     2.3352  0.000e+00
     73.823     9.6629   3.574428    32.8831       1863     7.7583     2.3363  0.000e+00
     73.635     9.6762   3.575031    32.8771       1864     7.7625     2.3367  0.000e+00
     73.454     9.6878   3.575662    32.8731       1865     7.7667     2.3369  0.000e+00
     73.270     9.6975   3.576288    32.8707       1866     7.7708     2.3360  0.000e+00
     73.086     9.7054   3.576984    32.8706       1867     7.7750     2.3364  0.000e+00
     72.898     9.7126   3.577865    32.8732       1868     7.7792     2.3378  0.000e+00
     72.701     9.7196   3.578485    32.8732       1869     7.7833     2.3384  0.000e+00
     72.505     9.7263   3.578984    32.8723       1870     7.7875     2.3406  0.000e+00
     72.303     9.7319   3.579024    32.8676       1871     7.7917     2.3424  0.000e+00
     72.104     9.7369   3.579418    32.8672       1872     7.7958     2.3479  0.000e+00
     71.894     9.7405   3.579743    32.8673       1873     7.8000     2.3496  0.000e+00
     71.679     9.7431   3.579894    32.8665       1874     7.8042     2.3555  0.000e+00
     71.461     9.7446   3.579569    32.8620       1875     7.8083     2.3614  0.000e+00
     71.244     9.7465   3.579766    32.8624       1876     7.8125     2.3666  0.000e+00
     71.029     9.7495   3.580352    32.8657       1877     7.8167     2.3707  0.000e+00
     70.806     9.7545   3.581419    32.8721       1878     7.8208     2.3755  0.000e+00
     70.589     9.7623   3.582179    32.8729       1879     7.8250     2.3783  0.000e+00
     70.363     9.7714   3.583089    32.8739       1880     7.8292     2.3802  0.000e+00
     70.156     9.7819   3.583808    32.8718       1881     7.8333     2.3809  0.000e+00
     69.953     9.7933   3.584226    32.8657       1882     7.8375     2.3817  0.000e+00
     69.747     9.8041   3.584330    32.8570       1883     7.8417     2.3828  0.000e+00
     69.548     9.8143   3.584440    32.8489       1884     7.8458     2.3844  0.000e+00
     69.353     9.8247   3.584806    32.8432       1885     7.8500     2.3852  0.000e+00
     69.171     9.8361   3.585525    32.8403       1886     7.8542     2.3868  0.000e+00
     68.995     9.8478   3.586204    32.8366       1887     7.8583     2.3880  0.000e+00
     68.805     9.8598   3.586813    32.8319       1888     7.8625     2.3906  0.000e+00
     68.621     9.8723   3.587486    32.8275       1889     7.8667     2.3915  0.000e+00
     68.440     9.8852   3.587857    32.8196       1890     7.8708     2.3927  0.000e+00
     68.267     9.8966   3.588072    32.8115       1891     7.8750     2.3925  0.000e+00
     68.084     9.9053   3.588159    32.8046       1892     7.8792     2.3937  0.000e+00
     67.898     9.9115   3.588205    32.7995       1893     7.8833     2.3959  0.000e+00
     67.715     9.9166   3.588118    32.7941       1894     7.8875     2.3978  0.000e+00
     67.515     9.9199   3.587921    32.7892       1895     7.8917     2.4014  0.000e+00
     67.321     9.9218   3.587920    32.7875       1896     7.8958     2.4057  0.000e+00
     67.115     9.9236   3.587967    32.7864       1897     7.9000     2.4071  0.000e+00
     66.900     9.9255   3.588071    32.7859       1898     7.9042     2.4094  0.000e+00
     66.685     9.9274   3.588030    32.7839       1899     7.9083     2.4122  0.000e+00
     66.463     9.9290   3.587659    32.7787       1900     7.9125     2.4135  0.000e+00
     66.242     9.9308   3.588419    32.7849       1901     7.9167     2.4151  0.000e+00
     66.015     9.9367   3.591189    32.8078       1902     7.9208     2.4170  0.000e+00
     65.787     9.9496   3.594063    32.8254       1903     7.9250     2.4211  0.000e+00
     65.557     9.9693   3.596404    32.8313       1904     7.9292     2.4234  0.000e+00
     65.335     9.9927   3.597519    32.8214       1905     7.9333     2.4262  0.000e+00
     65.122    10.0154   3.598112    32.8069       1906     7.9375     2.4280  0.000e+00
     64.910    10.0351   3.598635    32.7944       1907     7.9417     2.4296  0.000e+00
     64.706    10.0534   3.599006    32.7818       1908     7.9458     2.4310  0.000e+00
     64.509    10.0691   3.598965    32.7672       1909     7.9500     2.4304  0.000e+00
     64.321    10.0823   3.598744    32.7531       1910     7.9542     2.4317  0.000e+00
     64.136    10.0929   3.598471    32.7408       1911     7.9583     2.4307  0.000e+00
     63.961    10.1008   3.598221    32.7312       1912     7.9625     2.4321  0.000e+00
     63.782    10.1077   3.597936    32.7222       1913     7.9667     2.4335  0.000e+00
     63.612    10.1141   3.597692    32.7140       1914     7.9708     2.4319  0.000e+00
     63.437    10.1199   3.597540    32.7073       1915     7.9750     2.4311  0.000e+00
     63.269    10.1247   3.597628    32.7039       1916     7.9792     2.4314  0.000e+00
     63.099    10.1281   3.597691    32.7016       1917     7.9833     2.4335  0.000e+00
     62.922    10.1313   3.598063    32.7025       1918     7.9875     2.4357  0.000e+00
     62.745    10.1347   3.598348    32.7024       1919     7.9917     2.4389  0.000e+00
     62.553    10.1383   3.598830    32.7041       1920     7.9958     2.4421  0.000e+00
     62.369    10.1425   3.599440    32.7066       1921     8.0000     2.4443  0.000e+00
     62.174    10.1477   3.600318    32.7108       1922     8.0042     2.4467  0.000e+00
     61.964    10.1542   3.600864    32.7105       1923     8.0083     2.4483  0.000e+00
     61.745    10.1616   3.601277    32.7082       1924     8.0125     2.4508  0.000e+00
     61.528    10.1700   3.602178    32.7098       1925     8.0167     2.4536  0.000e+00
     61.302    10.1799   3.602265    32.7018       1926     8.0208     2.4575  0.000e+00
     61.076    10.1909   3.601439    32.6836       1927     8.0250     2.4599  0.000e+00
     60.852    10.1999   3.600253    32.6637       1928     8.0292     2.4629  0.000e+00
     60.612    10.2058   3.599352    32.6494       1929     8.0333     2.4658  0.000e+00
     60.381    10.2099   3.598805    32.6403       1930     8.0375     2.4673  0.000e+00
     60.153    10.2128   3.598544    32.6351       1931     8.0417     2.4691  0.000e+00
     59.923    10.2146   3.598654    32.6347       1932     8.0458     2.4703  0.000e+00
     59.696    10.2164   3.598607    32.6327       1933     8.0500     2.4722  0.000e+00
     59.480    10.2186   3.598346    32.6282       1934     8.0542     2.4748  0.000e+00
     59.271    10.2204   3.597718    32.6203       1935     8.0583     2.4766  0.000e+00
     59.067    10.2207   3.596858    32.6115       1936     8.0625     2.4786  0.000e+00
     58.871    10.2208   3.596399    32.6069       1937     8.0667     2.4791  0.000e+00
     58.680    10.2282   3.598369    32.6201       1938     8.0708     2.4810  0.000e+00
     58.486    10.2527   3.600902    32.6238       1939     8.0750     2.4838  0.000e+00
     58.311    10.2862   3.602588    32.6107       1940     8.0792     2.4838  0.000e+00
     58.143    10.3234   3.604431    32.5959       1941     8.0833     2.4857  0.000e+00
     57.977    10.3608   3.605675    32.5749       1942     8.0875     2.4865  0.000e+00
     57.807    10.3975   3.607559    32.5611       1943     8.0917     2.4878  0.000e+00
     57.641    10.4325   3.608420    32.5385       1944     8.0958     2.4880  0.000e+00
     57.478    10.4627   3.609275    32.5201       1945     8.1000     2.4870  0.000e+00
     57.319    10.4878   3.610060    32.5057       1946     8.1042     2.4881  0.000e+00
     57.156    10.5085   3.610828    32.4949       1947     8.1083     2.4873  0.000e+00
     56.977    10.5266   3.611793    32.4885       1948     8.1125     2.4860  0.000e+00
     56.793    10.5431   3.612573    32.4817       1949     8.1167     2.4857  0.000e+00
     56.607    10.5581   3.613225    32.4749       1950     8.1208     2.4870  0.000e+00
     56.410    10.5710   3.613749    32.4688       1951     8.1250     2.4885  0.000e+00
     56.200    10.5821   3.614232    32.4638       1952     8.1292     2.4914  0.000e+00
     55.981    10.5917   3.614610    32.4592       1953     8.1333     2.4961  0.000e+00
     55.752    10.5999   3.615110    32.4569       1954     8.1375     2.5007  0.000e+00
     55.524    10.6081   3.615535    32.4540       1955     8.1417     2.5054  0.000e+00
     55.302    10.6154   3.615750    32.4497       1956     8.1458     2.5110  0.000e+00
     55.070    10.6221   3.616012    32.4465       1957     8.1500     2.5179  0.000e+00
     54.841    10.6280   3.616321    32.4445       1958     8.1542     2.5250  0.000e+00
     54.606    10.6336   3.616542    32.4418       1959     8.1583     2.5325  0.000e+00
     54.369    10.6394   3.616891    32.4402       1960     8.1625     2.5407  0.000e+00
     54.147    10.6450   3.616920    32.4356       1961     8.1667     2.5487  0.000e+00
     53.923    10.6499   3.617112    32.4333       1962     8.1708     2.5531  0.000e+00
     53.702    10.6533   3.617660    32.4358       1963     8.1750     2.5593  0.000e+00
     53.493    10.6568   3.617461    32.4308       1964     8.1792     2.5621  0.000e+00
     53.283    10.6597   3.617485    32.4286       1965     8.1833     2.5653  0.000e+00
     53.080    10.6619   3.617752    32.4294       1966     8.1875     2.5687  0.000e+00
     52.889    10.6640   3.617636    32.4264       1967     8.1917     2.5711  0.000e+00
     52.701    10.6666   3.617927    32.4270       1968     8.1958     2.5724  0.000e+00
     52.515    10.6701   3.618189    32.4266       1969     8.2000     2.5729  0.000e+00
     52.332    10.6746   3.618387    32.4247       1970     8.2042     2.5743  0.000e+00
     52.155    10.6792   3.618870    32.4255       1971     8.2083     2.5720  0.000e+00
     51.976    10.6849   3.619511    32.4270       1972     8.2125     2.5727  0.000e+00
     51.785    10.6920   3.619953    32.4251       1973     8.2167     2.5724  0.000e+00
     51.600    10.7004   3.620413    32.4223       1974     8.2208     2.5703  0.000e+00
     51.410    10.7093   3.620611    32.4165       1975     8.2250     2.5700  0.000e+00
     51.223    10.7174   3.621031    32.4136       1976     8.2292     2.5702  0.000e+00
     51.022    10.7256   3.621467    32.4108       1977     8.2333     2.5700  0.000e+00
     50.834    10.7353   3.621910    32.4066       1978     8.2375     2.5724  0.000e+00
     50.632    10.7460   3.622504    32.4031       1979     8.2417     2.5742  0.000e+00
     50.427    10.7577   3.623011    32.3979       1980     8.2458     2.5774  0.000e+00
     50.232    10.7706   3.623430    32.3908       1981     8.2500     2.5788  0.000e+00
     50.026    10.7839   3.623914    32.3838       1982     8.2542     2.5816  0.000e+00
     49.822    10.7989   3.624607    32.3775       1983     8.2583     2.5850  0.000e+00
     49.625    10.8174   3.624951    32.3647       1984     8.2625     2.5897  0.000e+00
     49.428    10.8354   3.625458    32.3539       1985     8.2667     2.5933  0.000e+00
     49.238    10.8509   3.625900    32.3447       1986     8.2708     2.5953  0.000e+00
     49.048    10.8647   3.626186    32.3355       1987     8.2750     2.5976  0.000e+00
