HB2304/sbe104.cnv
* Sea-Bird SBE 19plus V2 Data File:
* FileName = C:\cruise\data\sbe104.hex
* Software Version Seasave V 7.26.7.121
* Temperature SN = 7037
* Conductivity SN = 7037
* System UpLoad Time = Nov 01 2023 16:50:45
** Ship: Bigelow
** Cruise:  HB2304
** Program:  Fall Bottom Trawl
# nquan = 8
# nvalues = 2160                                  
# units = specified
# name 0 = depSM: Depth [salt water, m], lat = 40.00
# name 1 = tv290C: Temperature [ITS-90, deg C]
# name 2 = c0S/m: Conductivity [S/m]
# name 3 = sal00: Salinity, Practical [PSU]
# name 4 = scan: Scan Count
# name 5 = timeM: Time, Elapsed [minutes]
# name 6 = sbeox0V: Oxygen raw, SBE 43 [V]
# name 7 = flag:  0.000e+00
# span 0 =     -0.092,     75.437                 
# span 1 =     8.7521,    14.3030                 
# span 2 =   0.000004,   3.904711                 
# span 3 =     0.0044,    34.9756                 
# span 4 =         11,       2170                 
# span 5 =     0.0417,     9.0375                 
# span 6 =     2.6979,     3.0464                 
# span 7 = 0.0000e+00, 0.0000e+00                 
# interval = seconds: 0.25
# start_time = Nov 01 2023 16:50:45 [System UTC, header]
# bad_flag = -9.990e-29
*END*
[from data line 899]
     62.014    14.2468   3.899775    32.0432        910     3.7875     3.0186  0.000e+00
     61.817    14.2464   3.899751    32.0434        911     3.7917     3.0195  0.000e+00
     61.656    14.2465   3.899679    32.0427        912     3.7958     3.0199  0.000e+00
     61.490    14.2461   3.899775    32.0440        913     3.8000     3.0206  0.000e+00
     61.327    14.2462   3.899751    32.0438        914     3.8042     3.0206  0.000e+00
     61.177    14.2462   3.899750    32.0438        915     3.8083     3.0209  0.000e+00
     61.040    14.2462   3.899726    32.0436        916     3.8125     3.0219  0.000e+00
     60.904    14.2462   3.899726    32.0437        917     3.8167     3.0218  0.000e+00
     60.783    14.2462   3.899726    32.0437        918     3.8208     3.0212  0.000e+00
     60.658    14.2462   3.899684    32.0434        919     3.8250     3.0217  0.000e+00
     60.539    14.2462   3.899636    32.0430        920     3.8292     3.0199  0.000e+00
     60.425    14.2459   3.899636    32.0433        921     3.8333     3.0164  0.000e+00
     60.317    14.2459   3.899654    32.0435        922     3.8375     3.0136  0.000e+00
     60.207    14.2458   3.899588    32.0430        923     3.8417     3.0119  0.000e+00
     60.100    14.2458   3.899564    32.0429        924     3.8458     3.0094  0.000e+00
     59.988    14.2454   3.899612    32.0436        925     3.8500     3.0077  0.000e+00
     59.878    14.2454   3.899612    32.0437        926     3.8542     3.0060  0.000e+00
     59.766    14.2454   3.899654    32.0441        927     3.8583     3.0054  0.000e+00
     59.664    14.2456   3.899816    32.0455        928     3.8625     3.0059  0.000e+00
     59.561    14.2462   3.900026    32.0470        929     3.8667     3.0073  0.000e+00
     59.458    14.2475   3.900020    32.0459        930     3.8708     3.0077  0.000e+00
     59.361    14.2485   3.900092    32.0457        931     3.8750     3.0083  0.000e+00
     59.251    14.2493   3.900068    32.0449        932     3.8792     3.0090  0.000e+00
     59.155    14.2496   3.900026    32.0443        933     3.8833     3.0109  0.000e+00
     59.052    14.2497   3.900068    32.0446        934     3.8875     3.0113  0.000e+00
     58.944    14.2499   3.900068    32.0445        935     3.8917     3.0118  0.000e+00
     58.821    14.2502   3.900092    32.0445        936     3.8958     3.0138  0.000e+00
     58.705    14.2503   3.900092    32.0445        937     3.9000     3.0126  0.000e+00
     58.568    14.2504   3.900050    32.0441        938     3.9042     3.0143  0.000e+00
     58.413    14.2506   3.900050    32.0439        939     3.9083     3.0150  0.000e+00
     58.268    14.2505   3.900068    32.0443        940     3.9125     3.0155  0.000e+00
     58.131    14.2505   3.900116    32.0448        941     3.9167     3.0172  0.000e+00
     57.993    14.2508   3.900115    32.0446        942     3.9208     3.0183  0.000e+00
     57.856    14.2508   3.900067    32.0441        943     3.9250     3.0188  0.000e+00
     57.726    14.2509   3.899977    32.0433        944     3.9292     3.0210  0.000e+00
     57.616    14.2508   3.899953    32.0432        945     3.9333     3.0221  0.000e+00
     57.495    14.2505   3.900001    32.0440        946     3.9375     3.0233  0.000e+00
     57.400    14.2503   3.900049    32.0446        947     3.9417     3.0233  0.000e+00
     57.305    14.2505   3.900067    32.0447        948     3.9458     3.0223  0.000e+00
     57.222    14.2507   3.900091    32.0447        949     3.9500     3.0199  0.000e+00
     57.144    14.2510   3.900091    32.0445        950     3.9542     3.0189  0.000e+00
     57.077    14.2512   3.900067    32.0441        951     3.9583     3.0154  0.000e+00
     57.005    14.2511   3.900091    32.0444        952     3.9625     3.0139  0.000e+00
     56.943    14.2514   3.900049    32.0439        953     3.9667     3.0149  0.000e+00
     56.880    14.2511   3.900049    32.0441        954     3.9708     3.0143  0.000e+00
     56.813    14.2511   3.899977    32.0435        955     3.9750     3.0148  0.000e+00
     56.741    14.2509   3.899953    32.0435        956     3.9792     3.0168  0.000e+00
     56.658    14.2505   3.899929    32.0436        957     3.9833     3.0154  0.000e+00
     56.580    14.2503   3.900163    32.0459        958     3.9875     3.0155  0.000e+00
     56.501    14.2509   3.900163    32.0455        959     3.9917     3.0154  0.000e+00
     56.403    14.2514   3.900217    32.0456        960     3.9958     3.0160  0.000e+00
     56.300    14.2521   3.900277    32.0456        961     4.0000     3.0149  0.000e+00
     56.201    14.2525   3.900301    32.0455        962     4.0042     3.0166  0.000e+00
     56.096    14.2530   3.900253    32.0448        963     4.0083     3.0173  0.000e+00
     55.973    14.2533   3.900301    32.0449        964     4.0125     3.0176  0.000e+00
     55.863    14.2536   3.900301    32.0448        965     4.0167     3.0198  0.000e+00
     55.749    14.2536   3.900253    32.0444        966     4.0208     3.0189  0.000e+00
     55.630    14.2536   3.900205    32.0439        967     4.0250     3.0205  0.000e+00
     55.523    14.2535   3.900187    32.0439        968     4.0292     3.0221  0.000e+00
     55.414    14.2533   3.900114    32.0434        969     4.0333     3.0216  0.000e+00
     55.306    14.2530   3.900048    32.0432        970     4.0375     3.0210  0.000e+00
     55.192    14.2526   3.900066    32.0437        971     4.0417     3.0220  0.000e+00
     55.091    14.2524   3.900066    32.0439        972     4.0458     3.0239  0.000e+00
     54.986    14.2523   3.900024    32.0437        973     4.0500     3.0235  0.000e+00
     54.899    14.2519   3.899910    32.0430        974     4.0542     3.0225  0.000e+00
     54.816    14.2514   3.899910    32.0434        975     4.0583     3.0208  0.000e+00
     54.735    14.2510   3.899838    32.0431        976     4.0625     3.0198  0.000e+00
     54.668    14.2505   3.899772    32.0429        977     4.0667     3.0210  0.000e+00
     54.603    14.2501   3.899790    32.0435        978     4.0708     3.0196  0.000e+00
     54.552    14.2499   3.899838    32.0441        979     4.0750     3.0211  0.000e+00
     54.503    14.2499   3.899814    32.0439        980     4.0792     3.0199  0.000e+00
     54.453    14.2498   3.899826    32.0441        981     4.0833     3.0203  0.000e+00
     54.399    14.2499   3.899772    32.0436        982     4.0875     3.0206  0.000e+00
     54.343    14.2497   3.899748    32.0435        983     4.0917     3.0210  0.000e+00
     54.274    14.2495   3.899790    32.0441        984     4.0958     3.0233  0.000e+00
     54.200    14.2493   3.899772    32.0441        985     4.1000     3.0246  0.000e+00
     54.112    14.2493   3.899748    32.0439        986     4.1042     3.0240  0.000e+00
     54.007    14.2493   3.899724    32.0437        987     4.1083     3.0259  0.000e+00
     53.891    14.2492   3.899700    32.0437        988     4.1125     3.0267  0.000e+00
     53.784    14.2490   3.899700    32.0438        989     4.1167     3.0270  0.000e+00
     53.667    14.2489   3.899610    32.0432        990     4.1208     3.0277  0.000e+00
     53.548    14.2486   3.899369    32.0413        991     4.1250     3.0283  0.000e+00
     53.427    14.2477   3.899375    32.0421        992     4.1292     3.0296  0.000e+00
     53.320    14.2468   3.899033    32.0398        993     4.1333     3.0292  0.000e+00
     53.212    14.2452   3.898895    32.0399        994     4.1375     3.0283  0.000e+00
     53.094    14.2438   3.898895    32.0411        995     4.1417     3.0280  0.000e+00
     52.982    14.2427   3.898961    32.0426        996     4.1458     3.0274  0.000e+00
     52.883    14.2422   3.898961    32.0431        997     4.1500     3.0284  0.000e+00
     52.783    14.2419   3.898823    32.0421        998     4.1542     3.0274  0.000e+00
     52.671    14.2416   3.898943    32.0435        999     4.1583     3.0253  0.000e+00
     52.572    14.2414   3.898919    32.0435       1000     4.1625     3.0256  0.000e+00
     52.472    14.2413   3.899009    32.0444       1001     4.1667     3.0257  0.000e+00
     52.378    14.2416   3.899057    32.0447       1002     4.1708     3.0241  0.000e+00
     52.272    14.2419   3.899057    32.0445       1003     4.1750     3.0231  0.000e+00
     52.172    14.2424   3.899081    32.0443       1004     4.1792     3.0222  0.000e+00
     52.087    14.2424   3.899285    32.0462       1005     4.1833     3.0206  0.000e+00
     51.999    14.2433   3.899357    32.0461       1006     4.1875     3.0205  0.000e+00
     51.916    14.2443   3.899399    32.0458       1007     4.1917     3.0192  0.000e+00
     51.843    14.2450   3.899399    32.0452       1008     4.1958     3.0174  0.000e+00
     51.773    14.2456   3.899309    32.0439       1009     4.2000     3.0163  0.000e+00
     51.704    14.2458   3.899237    32.0431       1010     4.2042     3.0154  0.000e+00
     51.639    14.2457   3.899297    32.0437       1011     4.2083     3.0143  0.000e+00
     51.583    14.2455   3.899375    32.0447       1012     4.2125     3.0132  0.000e+00
     51.536    14.2459   3.899399    32.0446       1013     4.2167     3.0132  0.000e+00
     51.491    14.2463   3.899399    32.0442       1014     4.2208     3.0136  0.000e+00
     51.448    14.2465   3.899375    32.0439       1015     4.2250     3.0139  0.000e+00
     51.401    14.2465   3.899375    32.0439       1016     4.2292     3.0138  0.000e+00
     51.354    14.2466   3.899399    32.0440       1017     4.2333     3.0145  0.000e+00
     51.310    14.2467   3.899375    32.0438       1018     4.2375     3.0134  0.000e+00
     51.263    14.2468   3.899375    32.0437       1019     4.2417     3.0151  0.000e+00
     51.209    14.2465   3.899375    32.0439       1020     4.2458     3.0148  0.000e+00
     51.139    14.2468   3.899465    32.0446       1021     4.2500     3.0161  0.000e+00
     51.059    14.2470   3.899471    32.0445       1022     4.2542     3.0162  0.000e+00
     50.971    14.2472   3.899470    32.0443       1023     4.2583     3.0167  0.000e+00
     50.875    14.2473   3.899422    32.0439       1024     4.2625     3.0173  0.000e+00
     50.754    14.2473   3.899332    32.0431       1025     4.2667     3.0179  0.000e+00
     50.618    14.2471   3.899308    32.0431       1026     4.2708     3.0197  0.000e+00
     50.478    14.2468   3.899284    32.0432       1027     4.2750     3.0212  0.000e+00
     50.338    14.2465   3.899308    32.0437       1028     4.2792     3.0233  0.000e+00
     50.208    14.2464   3.899284    32.0436       1029     4.2833     3.0244  0.000e+00
     50.095    14.2464   3.899284    32.0437       1030     4.2875     3.0267  0.000e+00
     49.977    14.2462   3.899272    32.0437       1031     4.2917     3.0275  0.000e+00
     49.899    14.2461   3.899356    32.0446       1032     4.2958     3.0264  0.000e+00
     49.834    14.2462   3.899356    32.0445       1033     4.3000     3.0251  0.000e+00
     49.787    14.2466   3.899356    32.0442       1034     4.3042     3.0222  0.000e+00
     49.766    14.2466   3.899308    32.0438       1035     4.3083     3.0183  0.000e+00
     49.759    14.2466   3.899284    32.0436       1036     4.3125     3.0171  0.000e+00
     49.762    14.2465   3.899236    32.0432       1037     4.3167     3.0150  0.000e+00
     49.775    14.2462   3.899194    32.0431       1038     4.3208     3.0127  0.000e+00
     49.795    14.2459   3.899218    32.0435       1039     4.3250     3.0100  0.000e+00
     49.807    14.2459   3.899332    32.0446       1040     4.3292     3.0075  0.000e+00
     49.825    14.2464   3.899752    32.0480       1041     4.3333     3.0046  0.000e+00
     49.840    14.2478   3.899632    32.0458       1042     4.3375     3.0034  0.000e+00
     49.824    14.2487   3.899974    32.0482       1043     4.3417     3.0022  0.000e+00
     49.802    14.2502   3.900184    32.0489       1044     4.3458     3.0036  0.000e+00
     49.744    14.2521   3.900250    32.0479       1045     4.3500     3.0051  0.000e+00
     49.659    14.2536   3.900022    32.0446       1046     4.3542     3.0064  0.000e+00
     49.569    14.2538   3.900112    32.0453       1047     4.3583     3.0099  0.000e+00
     49.448    14.2543   3.900250    32.0462       1048     4.3625     3.0117  0.000e+00
     49.337    14.2548   3.900136    32.0447       1049     4.3667     3.0152  0.000e+00
     49.207    14.2551   3.899788    32.0414       1050     4.3708     3.0177  0.000e+00
     49.088    14.2544   3.899536    32.0397       1051     4.3750     3.0200  0.000e+00
     48.960    14.2525   3.899464    32.0407       1052     4.3792     3.0212  0.000e+00
     48.846    14.2511   3.899470    32.0420       1053     4.3833     3.0213  0.000e+00
     48.750    14.2501   3.899422    32.0424       1054     4.3875     3.0226  0.000e+00
     48.656    14.2495   3.899512    32.0437       1055     4.3917     3.0213  0.000e+00
     48.575    14.2493   3.899722    32.0458       1056     4.3958     3.0196  0.000e+00
     48.506    14.2499   3.899632    32.0446       1057     4.4000     3.0199  0.000e+00
     48.450    14.2504   3.900436    32.0515       1058     4.4042     3.0189  0.000e+00
     48.411    14.2528   3.900436    32.0495       1059     4.4083     3.0184  0.000e+00
     48.389    14.2551   3.900298    32.0463       1060     4.4125     3.0177  0.000e+00
     48.382    14.2561   3.899998    32.0428       1061     4.4167     3.0180  0.000e+00
     48.400    14.2555   3.899872    32.0422       1062     4.4208     3.0161  0.000e+00
     48.414    14.2547   3.899908    32.0431       1063     4.4250     3.0129  0.000e+00
     48.429    14.2542   3.900046    32.0448       1064     4.4292     3.0068  0.000e+00
     48.443    14.2543   3.899926    32.0436       1065     4.4333     2.9985  0.000e+00
     48.456    14.2541   3.899884    32.0434       1066     4.4375     2.9922  0.000e+00
     48.465    14.2536   3.899674    32.0418       1067     4.4417     2.9882  0.000e+00
     48.438    14.2527   3.899650    32.0424       1068     4.4458     2.9891  0.000e+00
     48.393    14.2520   3.899608    32.0426       1069     4.4500     2.9907  0.000e+00
     48.326    14.2512   3.899608    32.0433       1070     4.4542     2.9929  0.000e+00
     48.226    14.2506   3.899559    32.0434       1071     4.4583     2.9992  0.000e+00
     48.102    14.2506   3.899607    32.0439       1072     4.4625     3.0027  0.000e+00
     47.970    14.2502   3.899631    32.0445       1073     4.4667     3.0062  0.000e+00
     47.823    14.2504   3.899649    32.0446       1074     4.4708     3.0103  0.000e+00
     47.701    14.2505   3.899631    32.0444       1075     4.4750     3.0150  0.000e+00
     47.576    14.2508   3.899673    32.0446       1076     4.4792     3.0192  0.000e+00
     47.453    14.2508   3.899697    32.0448       1077     4.4833     3.0222  0.000e+00
     47.350    14.2511   3.899673    32.0444       1078     4.4875     3.0246  0.000e+00
     47.260    14.2509   3.899559    32.0435       1079     4.4917     3.0267  0.000e+00
     47.182    14.2508   3.899559    32.0436       1080     4.4958     3.0279  0.000e+00
     47.123    14.2507   3.899583    32.0440       1081     4.5000     3.0279  0.000e+00
     47.070    14.2506   3.899607    32.0443       1082     4.5042     3.0264  0.000e+00
     47.032    14.2506   3.899649    32.0447       1083     4.5083     3.0243  0.000e+00
     47.011    14.2510   3.899631    32.0442       1084     4.5125     3.0235  0.000e+00
     46.991    14.2510   3.899787    32.0456       1085     4.5167     3.0219  0.000e+00
     46.982    14.2518   3.900111    32.0479       1086     4.5208     3.0202  0.000e+00
     46.973    14.2531   3.900273    32.0483       1087     4.5250     3.0171  0.000e+00
     46.964    14.2548   3.900502    32.0490       1088     4.5292     3.0148  0.000e+00
