HB2304/sbe130.cnv
* Sea-Bird SBE 19plus V2 Data File:
* FileName = C:\cruise\data\sbe130.hex
* Software Version Seasave V 7.26.7.121
* Temperature SN = 7037
* Conductivity SN = 7037
* System UpLoad Time = Nov 09 2023 22:55:17
** Ship: Bigelow
** Cruise:  HB2304
** Program:  Fall Bottom Trawl
# nquan = 8
# nvalues = 4310                                  
# units = specified
# name 0 = depSM: Depth [salt water, m], lat = 40.00
# name 1 = tv290C: Temperature [ITS-90, deg C]
# name 2 = c0S/m: Conductivity [S/m]
# name 3 = sal00: Salinity, Practical [PSU]
# name 4 = scan: Scan Count
# name 5 = timeM: Time, Elapsed [minutes]
# name 6 = sbeox0V: Oxygen raw, SBE 43 [V]
# name 7 = flag:  0.000e+00
# span 0 =     -0.050,    174.461                 
# span 1 =     6.9479,    11.6623                 
# span 2 =   0.000004,   3.678196                 
# span 3 =     0.0032,    33.4317                 
# span 4 =         11,       4320                 
# span 5 =     0.0417,    17.9958                 
# span 6 =     2.0964,     3.1476                 
# span 7 = 0.0000e+00, 0.0000e+00                 
# interval = seconds: 0.25
# start_time = Nov 09 2023 22:55:17 [System UTC, header]
# bad_flag = -9.990e-29
*END*
[from data line 2877]
     80.007     9.3269   3.541793    32.8532       2888    12.0292     2.4443  0.000e+00
     79.946     9.3304   3.541943    32.8515       2889    12.0333     2.4454  0.000e+00
     79.895     9.3337   3.542093    32.8501       2890    12.0375     2.4450  0.000e+00
     79.846     9.3366   3.542220    32.8488       2891    12.0417     2.4451  0.000e+00
     79.801     9.3391   3.542370    32.8480       2892    12.0458     2.4470  0.000e+00
     79.758     9.3414   3.542474    32.8469       2893    12.0500     2.4474  0.000e+00
     79.720     9.3434   3.542474    32.8451       2894    12.0542     2.4473  0.000e+00
     79.684     9.3452   3.542283    32.8416       2895    12.0583     2.4490  0.000e+00
     79.651     9.3462   3.542110    32.8388       2896    12.0625     2.4493  0.000e+00
     79.617     9.3465   3.542093    32.8384       2897    12.0667     2.4476  0.000e+00
     79.593     9.3469   3.542260    32.8398       2898    12.0708     2.4496  0.000e+00
     79.561     9.3473   3.542156    32.8384       2899    12.0750     2.4493  0.000e+00
     79.534     9.3475   3.542197    32.8386       2900    12.0792     2.4481  0.000e+00
     79.509     9.3477   3.542133    32.8378       2901    12.0833     2.4485  0.000e+00
     79.478     9.3476   3.542110    32.8376       2902    12.0875     2.4489  0.000e+00
     79.442     9.3478   3.541919    32.8355       2903    12.0917     2.4493  0.000e+00
     79.404     9.3476   3.541856    32.8351       2904    12.0958     2.4494  0.000e+00
     79.360     9.3474   3.541856    32.8352       2905    12.1000     2.4499  0.000e+00
     79.306     9.3473   3.541856    32.8354       2906    12.1042     2.4499  0.000e+00
     79.257     9.3474   3.542006    32.8369       2907    12.1083     2.4502  0.000e+00
     79.192     9.3481   3.542196    32.8382       2908    12.1125     2.4501  0.000e+00
     79.131     9.3495   3.542347    32.8385       2909    12.1167     2.4509  0.000e+00
     79.060     9.3512   3.542474    32.8382       2910    12.1208     2.4515  0.000e+00
     78.984     9.3532   3.542410    32.8358       2911    12.1250     2.4522  0.000e+00
     78.909     9.3544   3.542780    32.8386       2912    12.1292     2.4521  0.000e+00
     78.833     9.3563   3.543611    32.8454       2913    12.1333     2.4510  0.000e+00
     78.757     9.3606   3.543784    32.8433       2914    12.1375     2.4520  0.000e+00
     78.690     9.3652   3.544067    32.8420       2915    12.1417     2.4521  0.000e+00
     78.626     9.3692   3.544385    32.8417       2916    12.1458     2.4525  0.000e+00
     78.567     9.3732   3.544321    32.8373       2917    12.1500     2.4519  0.000e+00
     78.513     9.3762   3.544518    32.8366       2918    12.1542     2.4537  0.000e+00
     78.456     9.3785   3.544731    32.8367       2919    12.1583     2.4528  0.000e+00
     78.409     9.3814   3.544835    32.8352       2920    12.1625     2.4529  0.000e+00
     78.364     9.3838   3.545095    32.8357       2921    12.1667     2.4529  0.000e+00
     78.319     9.3868   3.545269    32.8347       2922    12.1708     2.4529  0.000e+00
     78.279     9.3898   3.545269    32.8320       2923    12.1750     2.4531  0.000e+00
     78.245     9.3918   3.545332    32.8308       2924    12.1792     2.4532  0.000e+00
     78.207     9.3935   3.545332    32.8293       2925    12.1833     2.4545  0.000e+00
     78.176     9.3945   3.545459    32.8297       2926    12.1875     2.4540  0.000e+00
     78.140     9.3957   3.545482    32.8289       2927    12.1917     2.4541  0.000e+00
     78.111     9.3966   3.545869    32.8320       2928    12.1958     2.4527  0.000e+00
     78.077     9.3992   3.546620    32.8374       2929    12.2000     2.4548  0.000e+00
     78.051     9.4047   3.547071    32.8370       2930    12.2042     2.4539  0.000e+00
     78.017     9.4112   3.547481    32.8353       2931    12.2083     2.4546  0.000e+00
     77.988     9.4175   3.547695    32.8317       2932    12.2125     2.4557  0.000e+00
     77.952     9.4225   3.547891    32.8292       2933    12.2167     2.4563  0.000e+00
     77.919     9.4266   3.548059    32.8272       2934    12.2208     2.4558  0.000e+00
     77.882     9.4299   3.548359    32.8272       2935    12.2250     2.4572  0.000e+00
     77.835     9.4329   3.548509    32.8260       2936    12.2292     2.4570  0.000e+00
     77.791     9.4359   3.548532    32.8236       2937    12.2333     2.4590  0.000e+00
     77.746     9.4383   3.548579    32.8218       2938    12.2375     2.4592  0.000e+00
     77.701     9.4403   3.548729    32.8216       2939    12.2417     2.4591  0.000e+00
     77.645     9.4418   3.548920    32.8222       2940    12.2458     2.4597  0.000e+00
     77.594     9.4436   3.549116    32.8226       2941    12.2500     2.4609  0.000e+00
     77.538     9.4456   3.549284    32.8225       2942    12.2542     2.4618  0.000e+00
     77.484     9.4478   3.549393    32.8217       2943    12.2583     2.4621  0.000e+00
     77.424     9.4495   3.549694    32.8232       2944    12.2625     2.4642  0.000e+00
     77.372     9.4518   3.550018    32.8244       2945    12.2667     2.4650  0.000e+00
     77.321     9.4545   3.550278    32.8247       2946    12.2708     2.4648  0.000e+00
     77.269     9.4571   3.550382    32.8234       2947    12.2750     2.4658  0.000e+00
     77.216     9.4596   3.550445    32.8217       2948    12.2792     2.4657  0.000e+00
     77.168     9.4613   3.550428    32.8200       2949    12.2833     2.4659  0.000e+00
     77.121     9.4629   3.550191    32.8161       2950    12.2875     2.4658  0.000e+00
     77.081     9.4637   3.549994    32.8134       2951    12.2917     2.4657  0.000e+00
     77.032     9.4643   3.549954    32.8125       2952    12.2958     2.4669  0.000e+00
     76.996     9.4651   3.549890    32.8111       2953    12.3000     2.4658  0.000e+00
     76.955     9.4667   3.549803    32.8087       2954    12.3042     2.4656  0.000e+00
     76.913     9.4686   3.549821    32.8072       2955    12.3083     2.4671  0.000e+00
     76.875     9.4709   3.549352    32.8004       2956    12.3125     2.4664  0.000e+00
     76.833     9.4740   3.549029    32.7942       2957    12.3167     2.4661  0.000e+00
     76.794     9.4769   3.548982    32.7910       2958    12.3208     2.4659  0.000e+00
     76.750     9.4791   3.548919    32.7884       2959    12.3250     2.4666  0.000e+00
     76.700     9.4810   3.548792    32.7854       2960    12.3292     2.4661  0.000e+00
     76.651     9.4829   3.548815    32.7839       2961    12.3333     2.4664  0.000e+00
     76.600     9.4850   3.548815    32.7820       2962    12.3375     2.4665  0.000e+00
     76.551     9.4875   3.548832    32.7799       2963    12.3417     2.4657  0.000e+00
     76.495     9.4900   3.548896    32.7784       2964    12.3458     2.4671  0.000e+00
     76.438     9.4919   3.548919    32.7769       2965    12.3500     2.4677  0.000e+00
     76.382     9.4932   3.548919    32.7757       2966    12.3542     2.4685  0.000e+00
     76.327     9.4944   3.548965    32.7751       2967    12.3583     2.4684  0.000e+00
     76.271     9.4950   3.549092    32.7759       2968    12.3625     2.4691  0.000e+00
     76.221     9.4966   3.549179    32.7753       2969    12.3667     2.4693  0.000e+00
     76.163     9.4993   3.549219    32.7733       2970    12.3708     2.4684  0.000e+00
     76.107     9.5019   3.549282    32.7716       2971    12.3750     2.4694  0.000e+00
     76.054     9.5039   3.549352    32.7705       2972    12.3792     2.4699  0.000e+00
     76.007     9.5058   3.549415    32.7694       2973    12.3833     2.4705  0.000e+00
     75.962     9.5076   3.549502    32.7687       2974    12.3875     2.4699  0.000e+00
     75.917     9.5092   3.549479    32.7670       2975    12.3917     2.4719  0.000e+00
     75.879     9.5105   3.549456    32.7656       2976    12.3958     2.4713  0.000e+00
     75.837     9.5113   3.549502    32.7654       2977    12.4000     2.4725  0.000e+00
     75.798     9.5122   3.549513    32.7647       2978    12.4042     2.4716  0.000e+00
     75.763     9.5130   3.549542    32.7643       2979    12.4083     2.4705  0.000e+00
     75.729     9.5138   3.549606    32.7642       2980    12.4125     2.4718  0.000e+00
     75.696     9.5148   3.549629    32.7635       2981    12.4167     2.4729  0.000e+00
     75.666     9.5159   3.549629    32.7626       2982    12.4208     2.4727  0.000e+00
     75.638     9.5168   3.549629    32.7617       2983    12.4250     2.4722  0.000e+00
     75.606     9.5172   3.549629    32.7614       2984    12.4292     2.4737  0.000e+00
     75.579     9.5175   3.549739    32.7623       2985    12.4333     2.4730  0.000e+00
     75.546     9.5183   3.549820    32.7624       2986    12.4375     2.4740  0.000e+00
     75.519     9.5194   3.549843    32.7616       2987    12.4417     2.4746  0.000e+00
     75.488     9.5205   3.549843    32.7606       2988    12.4458     2.4743  0.000e+00
     75.449     9.5214   3.549906    32.7605       2989    12.4500     2.4749  0.000e+00
     75.413     9.5218   3.549976    32.7608       2990    12.4542     2.4761  0.000e+00
     75.376     9.5229   3.549993    32.7601       2991    12.4583     2.4748  0.000e+00
     75.326     9.5235   3.549976    32.7593       2992    12.4625     2.4751  0.000e+00
     75.281     9.5239   3.550080    32.7601       2993    12.4667     2.4742  0.000e+00
     75.236     9.5244   3.550166    32.7605       2994    12.4708     2.4739  0.000e+00
     75.181     9.5254   3.550189    32.7599       2995    12.4750     2.4745  0.000e+00
     75.129     9.5263   3.550230    32.7595       2996    12.4792     2.4742  0.000e+00
     75.075     9.5272   3.550230    32.7587       2997    12.4833     2.4735  0.000e+00
     75.024     9.5278   3.550253    32.7584       2998    12.4875     2.4753  0.000e+00
     74.968     9.5283   3.550293    32.7584       2999    12.4917     2.4744  0.000e+00
     74.916     9.5287   3.550293    32.7580       3000    12.4958     2.4757  0.000e+00
     74.852     9.5291   3.550316    32.7579       3001    12.5000     2.4766  0.000e+00
     74.802     9.5297   3.550316    32.7574       3002    12.5042     2.4768  0.000e+00
     74.747     9.5299   3.550293    32.7570       3003    12.5083     2.4761  0.000e+00
     74.699     9.5302   3.550293    32.7567       3004    12.5125     2.4763  0.000e+00
     74.644     9.5305   3.550293    32.7565       3005    12.5167     2.4750  0.000e+00
     74.592     9.5306   3.550530    32.7589       3006    12.5208     2.4763  0.000e+00
     74.545     9.5315   3.550750    32.7603       3007    12.5250     2.4760  0.000e+00
     74.492     9.5332   3.550964    32.7610       3008    12.5292     2.4776  0.000e+00
     74.438     9.5356   3.551201    32.7613       3009    12.5333     2.4777  0.000e+00
     74.395     9.5388   3.551501    32.7614       3010    12.5375     2.4776  0.000e+00
     74.344     9.5427   3.551524    32.7581       3011    12.5417     2.4776  0.000e+00
     74.290     9.5473   3.551605    32.7548       3012    12.5458     2.4777  0.000e+00
     74.239     9.5519   3.551674    32.7513       3013    12.5500     2.4790  0.000e+00
     74.194     9.5554   3.551651    32.7479       3014    12.5542     2.4803  0.000e+00
     74.142     9.5575   3.551651    32.7460       3015    12.5583     2.4799  0.000e+00
     74.089     9.5592   3.551628    32.7442       3016    12.5625     2.4797  0.000e+00
     74.033     9.5599   3.551541    32.7427       3017    12.5667     2.4806  0.000e+00
     73.986     9.5604   3.551524    32.7421       3018    12.5708     2.4812  0.000e+00
     73.943     9.5607   3.551478    32.7414       3019    12.5750     2.4812  0.000e+00
     73.894     9.5609   3.551478    32.7412       3020    12.5792     2.4809  0.000e+00
     73.851     9.5612   3.551454    32.7408       3021    12.5833     2.4794  0.000e+00
     73.806     9.5614   3.551414    32.7401       3022    12.5875     2.4809  0.000e+00
     73.764     9.5616   3.551350    32.7394       3023    12.5917     2.4800  0.000e+00
     73.722     9.5617   3.551241    32.7382       3024    12.5958     2.4813  0.000e+00
     73.681     9.5618   3.551217    32.7378       3025    12.6000     2.4816  0.000e+00
     73.639     9.5622   3.551177    32.7371       3026    12.6042     2.4797  0.000e+00
     73.590     9.5623   3.551177    32.7370       3027    12.6083     2.4803  0.000e+00
     73.551     9.5624   3.551154    32.7367       3028    12.6125     2.4797  0.000e+00
     73.506     9.5628   3.551177    32.7366       3029    12.6167     2.4807  0.000e+00
     73.464     9.5634   3.551240    32.7367       3030    12.6208     2.4802  0.000e+00
     73.419     9.5641   3.551287    32.7366       3031    12.6250     2.4802  0.000e+00
     73.384     9.5646   3.551304    32.7363       3032    12.6292     2.4794  0.000e+00
     73.341     9.5653   3.551350    32.7361       3033    12.6333     2.4804  0.000e+00
     73.296     9.5663   3.551477    32.7366       3034    12.6375     2.4810  0.000e+00
     73.258     9.5674   3.551564    32.7365       3035    12.6417     2.4794  0.000e+00
     73.213     9.5698   3.551477    32.7334       3036    12.6458     2.4794  0.000e+00
     73.169     9.5735   3.551587    32.7312       3037    12.6500     2.4793  0.000e+00
     73.121     9.5775   3.551651    32.7282       3038    12.6542     2.4805  0.000e+00
     73.079     9.5811   3.551737    32.7258       3039    12.6583     2.4798  0.000e+00
     73.030     9.5840   3.551841    32.7243       3040    12.6625     2.4794  0.000e+00
     72.985     9.5869   3.551951    32.7228       3041    12.6667     2.4791  0.000e+00
     72.940     9.5893   3.552038    32.7215       3042    12.6708     2.4801  0.000e+00
     72.893     9.5918   3.552188    32.7208       3043    12.6750     2.4796  0.000e+00
     72.855     9.5946   3.552165    32.7180       3044    12.6792     2.4796  0.000e+00
     72.808     9.5969   3.552252    32.7168       3045    12.6833     2.4794  0.000e+00
     72.768     9.5986   3.552298    32.7157       3046    12.6875     2.4796  0.000e+00
     72.727     9.5998   3.552298    32.7147       3047    12.6917     2.4784  0.000e+00
     72.682     9.6008   3.552298    32.7138       3048    12.6958     2.4794  0.000e+00
     72.640     9.6014   3.552298    32.7132       3049    12.7000     2.4805  0.000e+00
     72.597     9.6018   3.552275    32.7127       3050    12.7042     2.4777  0.000e+00
     72.548     9.6022   3.552298    32.7126       3051    12.7083     2.4795  0.000e+00
     72.497     9.6023   3.552315    32.7127       3052    12.7125     2.4790  0.000e+00
     72.448     9.6025   3.552361    32.7130       3053    12.7167     2.4789  0.000e+00
     72.398     9.6029   3.552425    32.7133       3054    12.7208     2.4797  0.000e+00
     72.342     9.6038   3.552425    32.7125       3055    12.7250     2.4781  0.000e+00
     72.286     9.6044   3.552448    32.7122       3056    12.7292     2.4786  0.000e+00
     72.233     9.6053   3.552488    32.7118       3057    12.7333     2.4803  0.000e+00
     72.177     9.6061   3.552535    32.7117       3058    12.7375     2.4798  0.000e+00
     72.118     9.6069   3.552598    32.7116       3059    12.7417     2.4794  0.000e+00
     72.060     9.6077   3.552662    32.7115       3060    12.7458     2.4787  0.000e+00
     71.998     9.6089   3.552748    32.7113       3061    12.7500     2.4799  0.000e+00
     71.940     9.6101   3.552922    32.7121       3062    12.7542     2.4778  0.000e+00
     71.883     9.6123   3.553199    32.7129       3063    12.7583     2.4797  0.000e+00
     71.825     9.6168   3.553286    32.7097       3064    12.7625     2.4791  0.000e+00
     71.776     9.6207   3.553349    32.7069       3065    12.7667     2.4784  0.000e+00
     71.736     9.6237   3.553563    32.7063       3066    12.7708     2.4803  0.000e+00
