HB2304/sbe100.cnv
* Sea-Bird SBE 19plus V2 Data File:
* FileName = C:\cruise\data\sbe100.hex
* Software Version Seasave V 7.26.7.121
* Temperature SN = 7037
* Conductivity SN = 7037
* System UpLoad Time = Oct 31 2023 11:39:52
** Ship: Bigelow
** Cruise:  HB2304
** Program:  Fall Bottom Trawl
# nquan = 7
# nvalues = 1182                                  
# units = specified
# name 0 = depSM: Depth [salt water, m], lat = 40.00
# name 1 = tv290C: Temperature [ITS-90, deg C]
# name 2 = c0S/m: Conductivity [S/m]
# name 3 = sal00: Salinity, Practical [PSU]
# name 4 = scan: Scan Count
# name 5 = timeM: Time, Elapsed [minutes]
# name 6 = flag:  0.000e+00
# span 0 =     -0.012,     17.175                 
# span 1 =    10.2154,    15.2403                 
# span 2 =   0.000039,   3.903631                 
# span 3 =     0.0052,    31.8620                 
# span 4 =         11,       1192                 
# span 5 =     0.0417,     4.9625                 
# span 6 = 0.0000e+00, 0.0000e+00                 
# interval = seconds: 0.25
# start_time = Oct 31 2023 11:39:52 [System UTC, header]
# bad_flag = -9.990e-29
*END*
      0.028    10.2422   0.000066     0.0053         11     0.0417  0.000e+00
      0.026    10.2421   0.000066     0.0053         12     0.0458  0.000e+00
      0.030    10.2421   0.000066     0.0053         13     0.0500  0.000e+00
      0.025    10.2419   0.000061     0.0053         14     0.0542  0.000e+00
      0.028    10.2419   0.000066     0.0053         15     0.0583  0.000e+00
      0.028    10.2417   0.000066     0.0053         16     0.0625  0.000e+00
      0.026    10.2417   0.000061     0.0053         17     0.0667  0.000e+00
      0.030    10.2418   0.000061     0.0053         18     0.0708  0.000e+00
      0.032    10.2417   0.000066     0.0053         19     0.0750  0.000e+00
      0.028    10.2416   0.000066     0.0053         20     0.0792  0.000e+00
      0.030    10.2416   0.000066     0.0053         21     0.0833  0.000e+00
      0.019    10.2415   0.000066     0.0053         22     0.0875  0.000e+00
      0.026    10.2415   0.000061     0.0053         23     0.0917  0.000e+00
      0.030    10.2415   0.000061     0.0053         24     0.0958  0.000e+00
      0.030    10.2414   0.000066     0.0053         25     0.1000  0.000e+00
      0.030    10.2413   0.000061     0.0053         26     0.1042  0.000e+00
      0.030    10.2415   0.000066     0.0053         27     0.1083  0.000e+00
      0.032    10.2414   0.000061     0.0053         28     0.1125  0.000e+00
      0.035    10.2414   0.000066     0.0053         29     0.1167  0.000e+00
      0.037    10.2413   0.000061     0.0053         30     0.1208  0.000e+00
      0.030    10.2412   0.000066     0.0053         31     0.1250  0.000e+00
      0.030    10.2411   0.000061     0.0053         32     0.1292  0.000e+00
      0.026    10.2412   0.000061     0.0053         33     0.1333  0.000e+00
      0.028    10.2413   0.000061     0.0053         34     0.1375  0.000e+00
      0.021    10.2411   0.000066     0.0053         35     0.1417  0.000e+00
      0.021    10.2411   0.000066     0.0053         36     0.1458  0.000e+00
      0.025    10.2411   0.000066     0.0053         37     0.1500  0.000e+00
      0.026    10.2411   0.000066     0.0053         38     0.1542  0.000e+00
      0.028    10.2412   0.000055     0.0053         39     0.1583  0.000e+00
      0.026    10.2412   0.000061     0.0053         40     0.1625  0.000e+00
      0.035    10.2411   0.000061     0.0053         41     0.1667  0.000e+00
      0.028    10.2413   0.000061     0.0053         42     0.1708  0.000e+00
      0.028    10.2414   0.000061     0.0053         43     0.1750  0.000e+00
      0.034    10.2414   0.000061     0.0053         44     0.1792  0.000e+00
      0.032    10.2415   0.000061     0.0053         45     0.1833  0.000e+00
      0.030    10.2416   0.000061     0.0053         46     0.1875  0.000e+00
      0.028    10.2416   0.000061     0.0053         47     0.1917  0.000e+00
      0.032    10.2417   0.000061     0.0053         48     0.1958  0.000e+00
      0.032    10.2417   0.000061     0.0053         49     0.2000  0.000e+00
      0.030    10.2419   0.000061     0.0053         50     0.2042  0.000e+00
      0.026    10.2419   0.000061     0.0053         51     0.2083  0.000e+00
      0.025    10.2419   0.000061     0.0053         52     0.2125  0.000e+00
      0.023    10.2418   0.000055     0.0053         53     0.2167  0.000e+00
      0.019    10.2417   0.000061     0.0053         54     0.2208  0.000e+00
      0.019    10.2417   0.000055     0.0053         55     0.2250  0.000e+00
      0.023    10.2415   0.000061     0.0053         56     0.2292  0.000e+00
      0.026    10.2401   0.000055     0.0053         57     0.2333  0.000e+00
      0.023    10.2392   0.000055     0.0053         58     0.2375  0.000e+00
      0.026    10.2387   0.000055     0.0053         59     0.2417  0.000e+00
      0.023    10.2380   0.000055     0.0053         60     0.2458  0.000e+00
      0.025    10.2376   0.000050     0.0052         61     0.2500  0.000e+00
      0.021    10.2377   0.000055     0.0053         62     0.2542  0.000e+00
      0.023    10.2374   0.000045     0.0052         63     0.2583  0.000e+00
      0.016    10.2370   0.000050     0.0052         64     0.2625  0.000e+00
      0.021    10.2368   0.000050     0.0052         65     0.2667  0.000e+00
      0.021    10.2366   0.000055     0.0053         66     0.2708  0.000e+00
      0.023    10.2362   0.000039     0.0052         67     0.2750  0.000e+00
      0.023    10.2360   0.000042     0.0052         68     0.2792  0.000e+00
      0.023    10.2358   0.000050     0.0052         69     0.2833  0.000e+00
      0.025    10.2355   0.000050     0.0052         70     0.2875  0.000e+00
      0.025    10.2353   0.000050     0.0052         71     0.2917  0.000e+00
      0.026    10.2350   0.000050     0.0052         72     0.2958  0.000e+00
      0.023    10.2346   0.000050     0.0052         73     0.3000  0.000e+00
      0.026    10.2343   0.000039     0.0052         74     0.3042  0.000e+00
      0.023    10.2342   0.000047     0.0052         75     0.3083  0.000e+00
      0.025    10.2340   0.000050     0.0052         76     0.3125  0.000e+00
      0.028    10.2336   0.000050     0.0052         77     0.3167  0.000e+00
      0.021    10.2323   0.000045     0.0052         78     0.3208  0.000e+00
      0.021    10.2307   0.000045     0.0052         79     0.3250  0.000e+00
      0.025    10.2301   0.000045     0.0052         80     0.3292  0.000e+00
      0.019    10.2298   0.000047     0.0052         81     0.3333  0.000e+00
      0.021    10.2295   0.000050     0.0052         82     0.3375  0.000e+00
      0.021    10.2295   0.000050     0.0052         83     0.3417  0.000e+00
      0.021    10.2297   0.000055     0.0053         84     0.3458  0.000e+00
      0.021    10.2294   0.000050     0.0052         85     0.3500  0.000e+00
      0.023    10.2283   0.000050     0.0052         86     0.3542  0.000e+00
      0.019    10.2276   0.000055     0.0052         87     0.3583  0.000e+00
      0.012    10.2270   0.000055     0.0052         88     0.3625  0.000e+00
      0.017    10.2263   0.000055     0.0052         89     0.3667  0.000e+00
      0.023    10.2254   0.000055     0.0052         90     0.3708  0.000e+00
      0.026    10.2247   0.000061     0.0053         91     0.3750  0.000e+00
      0.023    10.2244   0.000055     0.0052         92     0.3792  0.000e+00
      0.025    10.2246   0.000055     0.0052         93     0.3833  0.000e+00
      0.030    10.2247   0.000061     0.0053         94     0.3875  0.000e+00
      0.032    10.2249   0.000082     0.0053         95     0.3917  0.000e+00
      0.026    10.2251   0.000087     0.0053         96     0.3958  0.000e+00
      0.028    10.2251   0.000087     0.0053         97     0.4000  0.000e+00
      0.025    10.2252   0.000087     0.0053         98     0.4042  0.000e+00
      0.028    10.2250   0.000087     0.0053         99     0.4083  0.000e+00
      0.032    10.2248   0.000087     0.0053        100     0.4125  0.000e+00
      0.025    10.2240   0.000085     0.0053        101     0.4167  0.000e+00
      0.025    10.2233   0.000087     0.0053        102     0.4208  0.000e+00
      0.025    10.2231   0.000082     0.0053        103     0.4250  0.000e+00
      0.025    10.2221   0.000082     0.0053        104     0.4292  0.000e+00
      0.021    10.2211   0.000082     0.0053        105     0.4333  0.000e+00
      0.023    10.2204   0.000082     0.0053        106     0.4375  0.000e+00
      0.021    10.2201   0.000069     0.0053        107     0.4417  0.000e+00
      0.023    10.2202   0.000071     0.0053        108     0.4458  0.000e+00
      0.025    10.2201   0.000061     0.0053        109     0.4500  0.000e+00
      0.025    10.2197   0.000071     0.0053        110     0.4542  0.000e+00
      0.025    10.2191   0.000061     0.0053        111     0.4583  0.000e+00
      0.028    10.2189   0.000066     0.0053        112     0.4625  0.000e+00
      0.024    10.2189   0.000066     0.0053        113     0.4667  0.000e+00
      0.032    10.2185   0.000066     0.0053        114     0.4708  0.000e+00
      0.030    10.2181   0.000066     0.0053        115     0.4750  0.000e+00
      0.032    10.2181   0.000061     0.0053        116     0.4792  0.000e+00
      0.032    10.2179   0.000061     0.0053        117     0.4833  0.000e+00
      0.030    10.2176   0.000061     0.0053        118     0.4875  0.000e+00
      0.030    10.2173   0.000066     0.0053        119     0.4917  0.000e+00
      0.035    10.2171   0.000061     0.0053        120     0.4958  0.000e+00
      0.032    10.2170   0.000061     0.0053        121     0.5000  0.000e+00
      0.025    10.2169   0.000066     0.0053        122     0.5042  0.000e+00
      0.028    10.2166   0.000071     0.0053        123     0.5083  0.000e+00
      0.028    10.2164   0.000066     0.0053        124     0.5125  0.000e+00
      0.028    10.2162   0.000061     0.0053        125     0.5167  0.000e+00
      0.028    10.2163   0.000061     0.0053        126     0.5208  0.000e+00
      0.028    10.2162   0.000066     0.0053        127     0.5250  0.000e+00
      0.028    10.2154   0.000071     0.0053        128     0.5292  0.000e+00
      0.032    10.2173   0.000066     0.0053        129     0.5333  0.000e+00
      0.083    10.2363   0.000066     0.0053        130     0.5375  0.000e+00
      0.301    10.2671   0.000066     0.0053        131     0.5417  0.000e+00
      0.459    10.3040   0.255511     1.8774        132     0.5458  0.000e+00
      0.576    10.6862   1.513456    12.4761        133     0.5500  0.000e+00
      0.648    11.5583   1.380956    11.0329        134     0.5542  0.000e+00
      0.665    12.2519   1.170055     9.0529        135     0.5583  0.000e+00
      0.659    12.6926   2.443327    19.9288        136     0.5625  0.000e+00
      0.676    12.9428   2.787269    22.8784        137     0.5667  0.000e+00
      0.677    13.0938   2.641895    21.4846        138     0.5708  0.000e+00
      0.668    13.2086   3.154317    26.0388        139     0.5750  0.000e+00
      0.645    13.3385   3.711081    31.0721        140     0.5792  0.000e+00
      0.583    13.5381   3.813665    31.8620        141     0.5833  0.000e+00
      0.497    13.8662   3.820284    31.6513        142     0.5875  0.000e+00
      0.404    14.2246   3.830809    31.4543        143     0.5917  0.000e+00
      0.346    14.4987   3.851490    31.4200        144     0.5958  0.000e+00
      0.308    14.6846   3.863278    31.3766        145     0.6000  0.000e+00
      0.240    14.8142   3.861614    31.2574        146     0.6042  0.000e+00
      0.130    14.9109   3.846003    31.0397        147     0.6083  0.000e+00
      0.047    14.9818   3.848307    31.0041        148     0.6125  0.000e+00
      0.036    15.0293   3.856113    31.0364        149     0.6167  0.000e+00
      0.092    15.0526   3.216523    25.3676        150     0.6208  0.000e+00
      0.339    15.0485   3.654973    29.2276        151     0.6250  0.000e+00
      0.607    14.9957   3.817442    30.7165        152     0.6292  0.000e+00
      0.874    14.9236   3.831570    30.8998        153     0.6333  0.000e+00
      1.104    14.8620   3.826774    30.9055        154     0.6375  0.000e+00
      1.270    14.8179   3.820498    30.8839        155     0.6417  0.000e+00
      1.399    14.7848   3.829784    30.9937        156     0.6458  0.000e+00
      1.505    14.7703   3.848991    31.1783        157     0.6500  0.000e+00
      1.550    14.8008   3.869953    31.3428        158     0.6542  0.000e+00
      1.473    14.8803   3.875022    31.3246        159     0.6583  0.000e+00
      1.298    14.9718   3.886967    31.3586        160     0.6625  0.000e+00
      1.108    15.0447   3.883574    31.2699        161     0.6667  0.000e+00
      0.965    15.0896   3.878325    31.1870        162     0.6708  0.000e+00
      0.901    15.1137   3.858108    30.9871        163     0.6750  0.000e+00
      0.921    15.1259   3.825151    30.6831        164     0.6792  0.000e+00
      1.001    15.1335   3.830733    30.7269        165     0.6833  0.000e+00
      1.115    15.1383   3.835483    30.7655        166     0.6875  0.000e+00
      1.232    15.1412   3.827193    30.6892        167     0.6917  0.000e+00
      1.323    15.1407   3.813740    30.5696        168     0.6958  0.000e+00
      1.391    15.1251   3.832896    30.7527        169     0.7000  0.000e+00
      1.435    15.1182   3.837440    30.7987        170     0.7042  0.000e+00
      1.444    15.1183   3.855682    30.9615        171     0.7083  0.000e+00
      1.413    15.1125   3.863800    31.0387        172     0.7125  0.000e+00
      1.380    15.1027   3.862861    31.0381        173     0.7167  0.000e+00
      1.370    15.0978   3.846383    30.8947        174     0.7208  0.000e+00
      1.398    15.1026   3.835245    30.7913        175     0.7250  0.000e+00
      1.498    15.1070   3.834518    30.7813        176     0.7292  0.000e+00
      1.619    15.1062   3.831949    30.7590        177     0.7333  0.000e+00
      1.747    15.0970   3.840679    30.8442        178     0.7375  0.000e+00
      1.865    15.0894   3.843418    30.8746        179     0.7417  0.000e+00
      1.966    15.0823   3.842964    30.8761        180     0.7458  0.000e+00
      2.067    15.0740   3.839599    30.8526        181     0.7500  0.000e+00
      2.161    15.0676   3.828934    30.7622        182     0.7542  0.000e+00
      2.273    15.0557   3.826004    30.7453        183     0.7583  0.000e+00
      2.385    15.0475   3.822853    30.7235        184     0.7625  0.000e+00
      2.503    15.0077   3.820455    30.7333        185     0.7667  0.000e+00
      2.599    14.9578   3.817563    30.7466        186     0.7708  0.000e+00
      2.667    14.9045   3.820004    30.8104        187     0.7750  0.000e+00
      2.687    14.8729   3.840008    31.0152        188     0.7792  0.000e+00
      2.666    14.8738   3.867356    31.2604        189     0.7833  0.000e+00
      2.602    14.9217   3.881772    31.3517        190     0.7875  0.000e+00
      2.506    14.9918   3.886344    31.3365        191     0.7917  0.000e+00
      2.409    15.0513   3.886115    31.2868        192     0.7958  0.000e+00
      2.344    15.0909   3.885084    31.2460        193     0.8000  0.000e+00
      2.311    15.1128   3.883573    31.2150        194     0.8042  0.000e+00
      2.306    15.1253   3.879523    31.1689        195     0.8083  0.000e+00
      2.344    15.1312   3.866282    31.0457        196     0.8125  0.000e+00
      2.467    15.1365   3.866324    31.0419        197     0.8167  0.000e+00
      2.646    15.1245   3.867006    31.0574        198     0.8208  0.000e+00
      2.858    15.0871   3.864823    31.0675        199     0.8250  0.000e+00
      3.085    15.0556   3.862204    31.0690        200     0.8292  0.000e+00
      3.320    15.0333   3.860088    31.0677        201     0.8333  0.000e+00
      3.551    15.0151   3.854250    31.0297        202     0.8375  0.000e+00
      3.750    14.9989   3.857112    31.0681        203     0.8417  0.000e+00
      3.910    14.9829   3.862002    31.1247        204     0.8458  0.000e+00
      4.067    14.9710   3.864299    31.1547        205     0.8500  0.000e+00
      4.235    14.9758   3.878495    31.2782        206     0.8542  0.000e+00
      4.356    15.0012   3.887148    31.3355        207     0.8583  0.000e+00
      4.365    15.0482   3.894002    31.3593        208     0.8625  0.000e+00
      4.260    15.0992   3.896497    31.3408        209     0.8667  0.000e+00
      4.092    15.1387   3.896100    31.3058        210     0.8708  0.000e+00
      3.902    15.1658   3.895806    31.2816        211     0.8750  0.000e+00
      3.702    15.1833   3.895320    31.2634        212     0.8792  0.000e+00
      3.542    15.1935   3.894150    31.2448        213     0.8833  0.000e+00
      3.450    15.1986   3.892632    31.2272        214     0.8875  0.000e+00
      3.434    15.1999   3.889489    31.1981        215     0.8917  0.000e+00
