HB2304/sbe121.cnv
* Sea-Bird SBE 19plus V2 Data File:
* FileName = C:\cruise\data\sbe121.hex
* Software Version Seasave V 7.26.7.121
* Temperature SN = 7037
* Conductivity SN = 7037
* System UpLoad Time = Nov 06 2023 22:38:48
** Ship: Bigelow
** Cruise:  HB2304
** Program:  Fall Bottom Trawl
# nquan = 8
# nvalues = 2804                                  
# units = specified
# name 0 = depSM: Depth [salt water, m], lat = 40.00
# name 1 = tv290C: Temperature [ITS-90, deg C]
# name 2 = c0S/m: Conductivity [S/m]
# name 3 = sal00: Salinity, Practical [PSU]
# name 4 = scan: Scan Count
# name 5 = timeM: Time, Elapsed [minutes]
# name 6 = sbeox0V: Oxygen raw, SBE 43 [V]
# name 7 = flag:  0.000e+00
# span 0 =      0.313,    205.637                 
# span 1 =     8.2734,    10.7970                 
# span 2 =   2.784114,   3.619502                 
# span 3 =    25.2345,    34.3174                 
# span 4 =         11,       2814                 
# span 5 =     0.0417,    11.7208                 
# span 6 =     2.1686,     3.1802                 
# span 7 = 0.0000e+00, 0.0000e+00                 
# interval = seconds: 0.25
# start_time = Nov 06 2023 22:38:48 [System UTC, header]
# bad_flag = -9.990e-29
*END*
[from data line 2158]
    128.399     8.3724   3.559121    33.9097       2169     9.0333     2.3136  0.000e+00
    128.115     8.3717   3.559098    33.9102       2170     9.0375     2.3201  0.000e+00
    127.833     8.3712   3.559052    33.9103       2171     9.0417     2.3273  0.000e+00
    127.575     8.3710   3.559052    33.9106       2172     9.0458     2.3341  0.000e+00
    127.327     8.3709   3.559011    33.9104       2173     9.0500     2.3393  0.000e+00
    127.090     8.3709   3.559011    33.9106       2174     9.0542     2.3465  0.000e+00
    126.886     8.3708   3.558970    33.9103       2175     9.0583     2.3522  0.000e+00
    126.696     8.3709   3.558883    33.9093       2176     9.0625     2.3565  0.000e+00
    126.524     8.3708   3.558797    33.9086       2177     9.0667     2.3610  0.000e+00
    126.363     8.3707   3.558733    33.9081       2178     9.0708     2.3635  0.000e+00
    126.208     8.3706   3.558606    33.9070       2179     9.0750     2.3667  0.000e+00
    126.065     8.3702   3.558472    33.9060       2180     9.0792     2.3685  0.000e+00
    125.926     8.3699   3.558386    33.9054       2181     9.0833     2.3708  0.000e+00
    125.786     8.3694   3.558189    33.9038       2182     9.0875     2.3726  0.000e+00
    125.638     8.3689   3.557848    33.9008       2183     9.0917     2.3752  0.000e+00
    125.488     8.3681   3.557327    33.8961       2184     9.0958     2.3763  0.000e+00
    125.331     8.3667   3.557113    33.8952       2185     9.1000     2.3773  0.000e+00
    125.168     8.3653   3.556679    33.8921       2186     9.1042     2.3790  0.000e+00
    124.993     8.3639   3.556204    33.8885       2187     9.1083     2.3795  0.000e+00
    124.799     8.3621   3.555713    33.8851       2188     9.1125     2.3807  0.000e+00
    124.607     8.3601   3.554915    33.8787       2189     9.1167     2.3813  0.000e+00
    124.410     8.3572   3.554354    33.8756       2190     9.1208     2.3810  0.000e+00
    124.206     8.3544   3.554007    33.8748       2191     9.1250     2.3814  0.000e+00
    123.994     8.3520   3.553683    33.8737       2192     9.1292     2.3811  0.000e+00
    123.777     8.3499   3.553492    33.8738       2193     9.1333     2.3823  0.000e+00
    123.541     8.3487   3.553208    33.8721       2194     9.1375     2.3815  0.000e+00
    123.313     8.3475   3.553104    33.8722       2195     9.1417     2.3839  0.000e+00
    123.081     8.3468   3.553058    33.8725       2196     9.1458     2.3852  0.000e+00
    122.861     8.3465   3.552416    33.8661       2197     9.1500     2.3862  0.000e+00
    122.626     8.3455   3.550884    33.8509       2198     9.1542     2.3875  0.000e+00
    122.391     8.3429   3.550520    33.8497       2199     9.1583     2.3877  0.000e+00
    122.166     8.3400   3.550219    33.8494       2200     9.1625     2.3881  0.000e+00
    121.953     8.3375   3.550173    33.8514       2201     9.1667     2.3881  0.000e+00
    121.745     8.3357   3.550155    33.8531       2202     9.1708     2.3890  0.000e+00
    121.552     8.3346   3.550069    33.8533       2203     9.1750     2.3878  0.000e+00
    121.356     8.3337   3.550022    33.8537       2204     9.1792     2.3874  0.000e+00
    121.174     8.3332   3.550069    33.8548       2205     9.1833     2.3855  0.000e+00
    121.011     8.3330   3.550005    33.8544       2206     9.1875     2.3836  0.000e+00
    120.855     8.3328   3.550022    33.8548       2207     9.1917     2.3807  0.000e+00
    120.703     8.3328   3.549982    33.8545       2208     9.1958     2.3779  0.000e+00
    120.550     8.3327   3.549959    33.8544       2209     9.2000     2.3741  0.000e+00
    120.396     8.3329   3.549958    33.8543       2210     9.2042     2.3720  0.000e+00
    120.253     8.3330   3.549935    33.8540       2211     9.2083     2.3697  0.000e+00
    120.112     8.3330   3.549918    33.8539       2212     9.2125     2.3668  0.000e+00
    119.955     8.3329   3.549918    33.8540       2213     9.2167     2.3652  0.000e+00
    119.783     8.3332   3.549831    33.8530       2214     9.2208     2.3628  0.000e+00
    119.613     8.3333   3.549681    33.8513       2215     9.2250     2.3608  0.000e+00
    119.434     8.3334   3.549634    33.8508       2216     9.2292     2.3596  0.000e+00
    119.253     8.3339   3.549421    33.8481       2217     9.2333     2.3581  0.000e+00
    119.058     8.3354   3.549270    33.8453       2218     9.2375     2.3584  0.000e+00
    118.854     8.3366   3.549247    33.8440       2219     9.2417     2.3571  0.000e+00
    118.635     8.3374   3.549230    33.8431       2220     9.2458     2.3567  0.000e+00
    118.416     8.3381   3.549097    33.8411       2221     9.2500     2.3565  0.000e+00
    118.201     8.3384   3.548969    33.8395       2222     9.2542     2.3552  0.000e+00
    117.980     8.3384   3.549033    33.8403       2223     9.2583     2.3544  0.000e+00
    117.747     8.3387   3.548796    33.8377       2224     9.2625     2.3549  0.000e+00
    117.507     8.3394   3.548686    33.8360       2225     9.2667     2.3545  0.000e+00
    117.283     8.3400   3.548709    33.8356       2226     9.2708     2.3539  0.000e+00
    117.049     8.3409   3.548668    33.8345       2227     9.2750     2.3539  0.000e+00
    116.818     8.3419   3.548622    33.8331       2228     9.2792     2.3536  0.000e+00
    116.568     8.3428   3.548622    33.8324       2229     9.2833     2.3536  0.000e+00
    116.321     8.3435   3.548558    33.8311       2230     9.2875     2.3535  0.000e+00
    116.058     8.3440   3.548535    33.8306       2231     9.2917     2.3520  0.000e+00
    115.805     8.3442   3.548471    33.8298       2232     9.2958     2.3550  0.000e+00
    115.530     8.3446   3.548408    33.8289       2233     9.3000     2.3548  0.000e+00
    115.248     8.3450   3.548032    33.8247       2234     9.3042     2.3565  0.000e+00
    114.961     8.3455   3.547893    33.8228       2235     9.3083     2.3568  0.000e+00
    114.690     8.3463   3.547760    33.8208       2236     9.3125     2.3585  0.000e+00
    114.415     8.3465   3.547356    33.8165       2237     9.3167     2.3584  0.000e+00
    114.147     8.3469   3.547223    33.8148       2238     9.3208     2.3593  0.000e+00
    113.901     8.3470   3.547119    33.8137       2239     9.3250     2.3599  0.000e+00
    113.677     8.3469   3.547072    33.8134       2240     9.3292     2.3604  0.000e+00
    113.493     8.3467   3.546945    33.8123       2241     9.3333     2.3610  0.000e+00
    113.337     8.3465   3.546818    33.8112       2242     9.3375     2.3633  0.000e+00
    113.212     8.3463   3.546731    33.8106       2243     9.3417     2.3636  0.000e+00
    113.111     8.3462   3.546558    33.8089       2244     9.3458     2.3651  0.000e+00
    113.044     8.3461   3.546581    33.8093       2245     9.3500     2.3657  0.000e+00
    113.010     8.3461   3.546558    33.8090       2246     9.3542     2.3651  0.000e+00
    112.986     8.3462   3.546454    33.8079       2247     9.3583     2.3662  0.000e+00
    112.970     8.3460   3.546367    33.8072       2248     9.3625     2.3675  0.000e+00
    112.945     8.3461   3.546407    33.8075       2249     9.3667     2.3675  0.000e+00
    112.912     8.3461   3.545957    33.8027       2250     9.3708     2.3687  0.000e+00
    112.865     8.3461   3.545697    33.8000       2251     9.3750     2.3692  0.000e+00
    112.793     8.3460   3.545656    33.7996       2252     9.3792     2.3682  0.000e+00
    112.684     8.3461   3.545633    33.7994       2253     9.3833     2.3693  0.000e+00
    112.542     8.3462   3.545529    33.7983       2254     9.3875     2.3711  0.000e+00
    112.346     8.3462   3.545442    33.7975       2255     9.3917     2.3695  0.000e+00
    112.128     8.3468   3.544842    33.7906       2256     9.3958     2.3684  0.000e+00
    111.874     8.3486   3.544194    33.7821       2257     9.4000     2.3694  0.000e+00
    111.572     8.3501   3.543784    33.7765       2258     9.4042     2.3694  0.000e+00
    111.249     8.3504   3.543570    33.7741       2259     9.4083     2.3687  0.000e+00
    110.887     8.3495   3.541965    33.7581       2260     9.4125     2.3674  0.000e+00
    110.515     8.3462   3.539539    33.7357       2261     9.4167     2.3683  0.000e+00
    110.139     8.3399   3.537611    33.7215       2262     9.4208     2.3681  0.000e+00
    109.754     8.3318   3.536134    33.7138       2263     9.4250     2.3695  0.000e+00
    109.376     8.3234   3.535297    33.7131       2264     9.4292     2.3700  0.000e+00
    109.021     8.3158   3.534783    33.7152       2265     9.4333     2.3710  0.000e+00
    108.678     8.3101   3.533497    33.7072       2266     9.4375     2.3685  0.000e+00
    108.389     8.3043   3.533093    33.7085       2267     9.4417     2.3682  0.000e+00
    108.114     8.2992   3.532706    33.7094       2268     9.4458     2.3661  0.000e+00
    107.870     8.2953   3.532302    33.7090       2269     9.4500     2.3623  0.000e+00
    107.669     8.2919   3.532320    33.7126       2270     9.4542     2.3575  0.000e+00
    107.510     8.2895   3.531702    33.7084       2271     9.4583     2.3533  0.000e+00
    107.385     8.2872   3.531466    33.7082       2272     9.4625     2.3444  0.000e+00
    107.273     8.2851   3.531529    33.7109       2273     9.4667     2.3417  0.000e+00
    107.177     8.2836   3.531564    33.7127       2274     9.4708     2.3359  0.000e+00
    107.099     8.2828   3.531570    33.7136       2275     9.4750     2.3281  0.000e+00
    107.022     8.2822   3.531293    33.7112       2276     9.4792     2.3223  0.000e+00
    106.946     8.2816   3.530629    33.7048       2277     9.4833     2.3165  0.000e+00
    106.861     8.2801   3.530526    33.7052       2278     9.4875     2.3116  0.000e+00
    106.752     8.2786   3.530676    33.7083       2279     9.4917     2.3070  0.000e+00
    106.622     8.2777   3.530526    33.7076       2280     9.4958     2.3020  0.000e+00
    106.479     8.2771   3.530329    33.7062       2281     9.5000     2.2978  0.000e+00
    106.317     8.2764   3.529672    33.6999       2282     9.5042     2.2945  0.000e+00
    106.118     8.2752   3.528086    33.6844       2283     9.5083     2.2902  0.000e+00
    105.899     8.2740   3.527855    33.6832       2284     9.5125     2.2858  0.000e+00
    105.649     8.2734   3.527002    33.6748       2285     9.5167     2.2819  0.000e+00
    105.396     8.2738   3.525976    33.6636       2286     9.5208     2.2797  0.000e+00
    105.147     8.2785   3.526212    33.6618       2287     9.5250     2.2768  0.000e+00
    104.883     8.2869   3.526489    33.6568       2288     9.5292     2.2736  0.000e+00
    104.624     8.2946   3.526656    33.6513       2289     9.5333     2.2707  0.000e+00
    104.360     8.3007   3.527157    33.6509       2290     9.5375     2.2679  0.000e+00
    104.123     8.3068   3.527428    33.6481       2291     9.5417     2.2656  0.000e+00
    103.896     8.3123   3.527681    33.6456       2292     9.5458     2.2619  0.000e+00
    103.684     8.3173   3.528044    33.6448       2293     9.5500     2.2604  0.000e+00
    103.491     8.3219   3.528431    33.6446       2294     9.5542     2.2619  0.000e+00
    103.306     8.3268   3.528517    33.6409       2295     9.5583     2.2626  0.000e+00
    103.138     8.3310   3.528748    33.6394       2296     9.5625     2.2666  0.000e+00
    102.981     8.3349   3.529157    33.6401       2297     9.5667     2.2678  0.000e+00
    102.825     8.3392   3.529583    33.6405       2298     9.5708     2.2744  0.000e+00
    102.665     8.3447   3.530200    33.6419       2299     9.5750     2.2784  0.000e+00
    102.495     8.3519   3.530823    33.6417       2300     9.5792     2.2819  0.000e+00
    102.325     8.3600   3.531867    33.6451       2301     9.5833     2.2887  0.000e+00
    102.146     8.3714   3.532830    33.6445       2302     9.5875     2.2922  0.000e+00
    101.950     8.3842   3.533990    33.6447       2303     9.5917     2.2987  0.000e+00
    101.741     8.3982   3.534797    33.6399       2304     9.5958     2.3065  0.000e+00
    101.522     8.4124   3.535016    33.6288       2305     9.6000     2.3131  0.000e+00
    101.296     8.4257   3.535033    33.6164       2306     9.6042     2.3209  0.000e+00
    101.061     8.4351   3.534947    33.6066       2307     9.6083     2.3295  0.000e+00
    100.819     8.4412   3.534092    33.5918       2308     9.6125     2.3389  0.000e+00
    100.571     8.4439   3.534433    33.5931       2309     9.6167     2.3495  0.000e+00
    100.327     8.4464   3.534865    33.5954       2310     9.6208     2.3581  0.000e+00
    100.076     8.4512   3.534629    33.5884       2311     9.6250     2.3681  0.000e+00
     99.821     8.4551   3.533942    33.5775       2312     9.6292     2.3772  0.000e+00
     99.575     8.4563   3.532401    33.5602       2313     9.6333     2.3864  0.000e+00
     99.331     8.4538   3.530435    33.5420       2314     9.6375     2.3940  0.000e+00
     99.081     8.4481   3.529944    33.5423       2315     9.6417     2.4011  0.000e+00
     98.853     8.4422   3.529218    33.5404       2316     9.6458     2.4076  0.000e+00
     98.625     8.4365   3.527678    33.5296       2317     9.6500     2.4124  0.000e+00
     98.396     8.4295   3.527061    33.5298       2318     9.6542     2.4157  0.000e+00
     98.170     8.4230   3.527165    33.5372       2319     9.6583     2.4185  0.000e+00
     97.953     8.4190   3.526635    33.5355       2320     9.6625     2.4201  0.000e+00
     97.734     8.4173   3.527424    33.5456       2321     9.6667     2.4203  0.000e+00
     97.528     8.4192   3.527338    33.5430       2322     9.6708     2.4213  0.000e+00
     97.320     8.4233   3.528018    33.5464       2323     9.6750     2.4183  0.000e+00
     97.121     8.4283   3.528064    33.5422       2324     9.6792     2.4160  0.000e+00
     96.924     8.4341   3.528277    33.5390       2325     9.6833     2.4133  0.000e+00
     96.749     8.4399   3.528831    33.5395       2326     9.6875     2.4088  0.000e+00
     96.568     8.4457   3.528727    33.5329       2327     9.6917     2.4064  0.000e+00
     96.406     8.4509   3.525221    33.4910       2328     9.6958     2.4044  0.000e+00
     96.250     8.4480   3.523878    33.4796       2329     9.7000     2.4031  0.000e+00
     96.113     8.4405   3.523602    33.4839       2330     9.7042     2.4016  0.000e+00
     95.975     8.4343   3.523429    33.4881       2331     9.7083     2.4015  0.000e+00
     95.852     8.4312   3.523366    33.4904       2332     9.7125     2.4014  0.000e+00
     95.724     8.4301   3.523279    33.4905       2333     9.7167     2.4011  0.000e+00
     95.601     8.4300   3.523239    33.4903       2334     9.7208     2.4022  0.000e+00
     95.483     8.4300   3.523198    33.4900       2335     9.7250     2.4030  0.000e+00
     95.364     8.4304   3.523556    33.4934       2336     9.7292     2.4043  0.000e+00
     95.245     8.4320   3.524414    33.5010       2337     9.7333     2.4042  0.000e+00
     95.113     8.4361   3.525924    33.5131       2338     9.7375     2.4061  0.000e+00
     94.970     8.4437   3.527573    33.5234       2339     9.7417     2.4056  0.000e+00
     94.813     8.4550   3.528426    33.5217       2340     9.7458     2.4060  0.000e+00
     94.641     8.4666   3.528063    33.5070       2341     9.7500     2.4064  0.000e+00
     94.455     8.4747   3.527676    33.4952       2342     9.7542     2.4074  0.000e+00
     94.252     8.4790   3.527273    33.4869       2343     9.7583     2.4101  0.000e+00
     94.019     8.4808   3.526886    33.4813       2344     9.7625     2.4105  0.000e+00
     93.768     8.4811   3.526206    33.4739       2345     9.7667     2.4133  0.000e+00
     93.493     8.4821   3.525906    33.4700       2346     9.7708     2.4176  0.000e+00
     93.211     8.4825   3.525819    33.4688       2347     9.7750     2.4210  0.000e+00
