HB2502/ctd031.cnv
* Sea-Bird SBE 9 Data File:
* FileName = C:\cruise\data\ctd031.hex
* Software Version Seasave V 7.26.7.121
* Temperature SN = 6768
* Conductivity SN = 6166
* Number of Bytes Per Scan = 37
* Number of Voltage Words = 4
* Number of Scans Averaged by the Deck Unit = 1
* NMEA Latitude = 36 44.63 N
* NMEA Longitude = 074 40.48 W
* NMEA UTC (Time) = Mar 12 2025 15:20:43
* NMEA baud rate = 4800
** Ship: Bigelow HB2502
** Program:  Spring Bottom Trawl
** Chief Scientist:Jon Galbraith
# nquan = 7
# nvalues = 206                         
# units = specified
# name 0 = depSM: Depth [salt water, m]
# name 1 = t090C: Temperature [ITS-90, deg C]
# name 2 = c0S/m: Conductivity [S/m]
# name 3 = sal00: Salinity, Practical [PSU]
# name 4 = scan: Scan Count
# name 5 = timeM: Time, Elapsed [minutes]
# name 6 = flag: flag
# span 0 =      1.000,    105.000       
# span 1 =     7.8847,    13.1214       
# span 2 =   2.532934,   4.081929       
# span 3 =    23.9325,    34.7152       
# span 4 =        175,       7121       
# span 5 =     0.1207,     4.9448       
# span 6 = 0.0000e+00, 0.0000e+00       
# interval = meters: 1                  
# start_time = Mar 12 2025 15:20:43 [NMEA time, header]
# bad_flag = -9.990e-29
*END*
      4.000     7.9964   3.449181    33.1585        175     0.1207 0.0000e+00
      5.000     7.9594   3.438189    33.0756        311     0.2150 0.0000e+00
      6.000     7.9479   3.432248    33.0227        332     0.2298 0.0000e+00
      7.000     7.9318   3.429937    33.0127        357     0.2471 0.0000e+00
      8.000     7.9281   3.429654    33.0127        385     0.2667 0.0000e+00
      9.000     7.9147   3.429150    33.0195        415     0.2875 0.0000e+00
     10.000     7.9036   3.428217    33.0196        443     0.3072 0.0000e+00
     11.000     7.8982   3.433826    33.0842        529     0.3667 0.0000e+00
     12.000     7.8916   3.428457    33.0325        610     0.4231 0.0000e+00
     13.000     7.8868   3.426717    33.0180        644     0.4465 0.0000e+00
     14.000     7.8850   3.426367    33.0155        675     0.4682 0.0000e+00
     15.000     7.8918   3.426515    33.0102        703     0.4872 0.0000e+00
     16.000     7.8974   3.426329    33.0024        726     0.5038 0.0000e+00
     17.000     7.8945   3.426884    33.0105        749     0.5198 0.0000e+00
     18.000     7.8911   3.427645    33.0215        775     0.5377 0.0000e+00
     19.000     7.8889   3.428032    33.0272        807     0.5596 0.0000e+00
     20.000     7.8869   3.427043    33.0181        838     0.5810 0.0000e+00
     21.000     7.8890   3.426487    33.0096        862     0.5982 0.0000e+00
     22.000     7.8882   3.426506    33.0101        885     0.6136 0.0000e+00
     23.000     7.8896   3.426612    33.0095        908     0.6301 0.0000e+00
     24.000     7.8907   3.428193    33.0248        936     0.6494 0.0000e+00
     25.000     7.8913   3.428662    33.0288        966     0.6704 0.0000e+00
     26.000     7.8866   3.428003    33.0258        995     0.6900 0.0000e+00
     27.000     7.8847   3.427031    33.0167       1020     0.7079 0.0000e+00
     28.000     7.8852   3.426639    33.0116       1045     0.7251 0.0000e+00
     29.000     7.8873   3.426513    33.0078       1071     0.7427 0.0000e+00
     30.000     7.8879   3.426612    33.0077       1098     0.7616 0.0000e+00
     31.000     7.8868   3.426688    33.0091       1125     0.7807 0.0000e+00
     32.000     7.8863   3.426699    33.0093       1150     0.7982 0.0000e+00
     33.000     7.8881   3.426824    33.0084       1175     0.8150 0.0000e+00
     34.000     7.8913   3.426902    33.0058       1201     0.8332 0.0000e+00
     35.000     7.8928   3.427284    33.0079       1230     0.8535 0.0000e+00
     36.000     7.8920   3.427723    33.0130       1261     0.8748 0.0000e+00
     37.000     7.8912   3.428119    33.0174       1289     0.8943 0.0000e+00
     38.000     7.8908   3.428366    33.0200       1314     0.9121 0.0000e+00
     39.000     7.9358   3.428606    32.9797       1339     0.9291 0.0000e+00
     40.000     8.0521   3.429130    32.8752       1365     0.9469 0.0000e+00
     41.000     8.1693   3.432260    32.7983       1391     0.9650 0.0000e+00
     42.000     8.3093   3.439048    32.7391       1414     0.9815 0.0000e+00
     43.000     8.4055   3.447062    32.7337       1437     0.9971 0.0000e+00
     44.000     8.5580   3.457093    32.6973       1462     1.0148 0.0000e+00
     45.000     8.7433   3.472065    32.6825       1495     1.0378 0.0000e+00
     46.000     8.9934   3.511863    32.8658       1529     1.0609 0.0000e+00
     47.000     9.4372   3.562606    32.9810       1555     1.0788 0.0000e+00
     48.000     9.7982   3.608853    33.1222       1578     1.0951 0.0000e+00
     49.000     9.9679   3.647220    33.3564       1602     1.1119 0.0000e+00
     50.000    10.0366   3.667042    33.4940       1629     1.1306 0.0000e+00
     51.000    10.1159   3.683109    33.5832       1657     1.1501 0.0000e+00
     52.000    10.3604   3.710877    33.6370       1684     1.1691 0.0000e+00
     53.000    10.6527   3.748064    33.7403       1709     1.1863 0.0000e+00
     54.000    11.0415   3.800247    33.9016       1733     1.2027 0.0000e+00
     55.000    11.1069   3.811055    33.9482       1758     1.2203 0.0000e+00
     56.000    11.2119   3.824664    33.9858       1787     1.2405 0.0000e+00
     57.000    11.2921   3.835792    34.0215       1818     1.2617 0.0000e+00
     58.000    11.3661   3.845643    34.0501       1846     1.2810 0.0000e+00
     59.000    11.4105   3.851601    34.0675       1871     1.2986 0.0000e+00
     60.000    11.5055   3.863702    34.0986       1896     1.3161 0.0000e+00
     61.000    11.5719   3.872029    34.1189       1923     1.3347 0.0000e+00
     62.000    11.6175   3.878552    34.1405       1950     1.3535 0.0000e+00
     63.000    11.6395   3.881872    34.1524       1976     1.3714 0.0000e+00
     64.000    11.6567   3.884313    34.1600       1999     1.3878 0.0000e+00
     65.000    11.7100   3.891340    34.1794       2023     1.4039 0.0000e+00
     66.000    11.7793   3.900157    34.2014       2048     1.4216 0.0000e+00
     67.000    11.9485   3.921154    34.2502       2078     1.4426 0.0000e+00
     68.000    12.1144   3.942350    34.3036       2112     1.4662 0.0000e+00
     69.000    12.2093   3.954620    34.3350       2143     1.4876 0.0000e+00
     70.000    12.3489   3.972551    34.3799       2168     1.5046 0.0000e+00
     71.000    12.4040   3.980567    34.4063       2189     1.5194 0.0000e+00
     72.000    12.4320   3.984367    34.4168       2210     1.5342 0.0000e+00
     73.000    12.4753   3.990032    34.4313       2233     1.5501 0.0000e+00
     74.000    12.5135   3.995217    34.4458       2259     1.5678 0.0000e+00
     75.000    12.5832   4.003555    34.4616       2287     1.5873 0.0000e+00
     76.000    12.8671   4.039521    34.5458       2319     1.6099 0.0000e+00
     77.000    13.0245   4.062673    34.6224       2352     1.6330 0.0000e+00
     78.000    13.0084   4.061521    34.6257       2380     1.6519 0.0000e+00
     79.000    13.0250   4.065138    34.6445       2403     1.6678 0.0000e+00
     80.000    13.0783   4.074297    34.6825       2424     1.6827 0.0000e+00
     81.000    13.1214   4.081929    34.7152       2447     1.6984 0.0000e+00
     82.000    12.8277   4.052147    34.7000       2473     1.7168 0.0000e+00
     83.000    11.3971   3.896169    34.5073       2505     1.7387 0.0000e+00
     84.000    10.6274   3.808492    34.3569       2534     1.7587 0.0000e+00
     85.000    10.6693   3.812641    34.3587       2558     1.7755 0.0000e+00
     86.000    10.8823   3.839526    34.4272       2581     1.7919 0.0000e+00
     87.000    11.0689   3.863650    34.4923       2607     1.8097 0.0000e+00
     88.000    11.2016   3.881360    34.5433       2637     1.8303 0.0000e+00
     89.000    11.2271   3.886523    34.5702       2667     1.8510 0.0000e+00
     90.000    11.0310   3.867263    34.5626       2694     1.8700 0.0000e+00
     91.000    10.8869   3.852682    34.5523       2718     1.8871 0.0000e+00
     92.000    10.8495   3.848907    34.5493       2742     1.9033 0.0000e+00
     93.000    10.7785   3.841906    34.5458       2766     1.9198 0.0000e+00
     94.000    10.6922   3.833174    34.5392       2791     1.9375 0.0000e+00
     95.000    10.7045   3.834732    34.5428       2819     1.9568 0.0000e+00
     96.000    10.8108   3.848522    34.5802       2848     1.9768 0.0000e+00
     97.000    10.8494   3.853533    34.5936       2876     1.9964 0.0000e+00
     98.000    10.8411   3.852614    34.5917       2902     2.0148 0.0000e+00
     99.000    10.8496   3.853638    34.5935       2928     2.0324 0.0000e+00
    100.000    10.8510   3.853938    34.5947       2953     2.0499 0.0000e+00
    101.000    10.8572   3.854769    34.5967       2979     2.0682 0.0000e+00
    102.000    10.8712   3.856491    34.6003       3008     2.0882 0.0000e+00
    103.000    10.8724   3.856792    34.6017       3037     2.1083 0.0000e+00
    104.000    10.8972   3.860274    34.6127       3063     2.1263 0.0000e+00
    105.000    10.8971   3.860387    34.6134       3152     2.1884 0.0000e+00
    104.000    10.8752   3.856769    34.5984       3580     2.4852 0.0000e+00
    103.000    10.8864   3.858450    34.6051       3740     2.5966 0.0000e+00
    102.000    10.8815   3.857733    34.6030       3756     2.6080 0.0000e+00
    101.000    10.8780   3.857278    34.6022       3778     2.6228 0.0000e+00
    100.000    10.8713   3.856321    34.5994       3800     2.6382 0.0000e+00
     99.000    10.8658   3.855520    34.5970       3825     2.6554 0.0000e+00
     98.000    10.8663   3.855582    34.5976       3853     2.6748 0.0000e+00
     97.000    10.8622   3.855004    34.5962       3882     2.6954 0.0000e+00
     96.000    10.8566   3.854328    34.5951       3913     2.7163 0.0000e+00
     95.000    10.8536   3.853833    34.5935       3942     2.7365 0.0000e+00
     94.000    10.8439   3.852647    34.5912       3966     2.7537 0.0000e+00
     93.000    10.8194   3.849392    34.5822       3987     2.7683 0.0000e+00
     92.000    10.7967   3.846425    34.5744       4008     2.7825 0.0000e+00
     91.000    10.7741   3.843040    34.5623       4031     2.7983 0.0000e+00
     90.000    10.7604   3.840482    34.5500       4060     2.8186 0.0000e+00
     89.000    10.8013   3.843881    34.5459       4091     2.8400 0.0000e+00
     88.000    10.8891   3.851352    34.5383       4116     2.8575 0.0000e+00
     87.000    10.9437   3.856692    34.5407       4139     2.8734 0.0000e+00
     86.000    10.9647   3.857828    34.5327       4163     2.8905 0.0000e+00
     85.000    10.9755   3.856925    34.5140       4192     2.9103 0.0000e+00
     84.000    10.9525   3.850003    34.4669       4220     2.9299 0.0000e+00
     83.000    10.9289   3.844470    34.4343       4246     2.9478 0.0000e+00
     82.000    10.9074   3.840741    34.4177       4270     2.9648 0.0000e+00
     81.000    10.9213   3.840133    34.3990       4294     2.9814 0.0000e+00
     80.000    11.1793   3.865453    34.4099       4320     2.9991 0.0000e+00
     79.000    11.3732   3.886747    34.4401       4347     3.0181 0.0000e+00
     78.000    11.8476   3.930128    34.4262       4374     3.0370 0.0000e+00
     77.000    12.2708   3.980633    34.5268       4399     3.0542 0.0000e+00
     76.000    12.4620   4.005485    34.5912       4422     3.0704 0.0000e+00
     75.000    12.6031   4.020159    34.6030       4447     3.0874 0.0000e+00
     74.000    12.7092   4.030200    34.6023       4475     3.1067 0.0000e+00
     73.000    12.6764   4.027500    34.6070       4504     3.1268 0.0000e+00
     72.000    12.6570   4.020036    34.5536       4529     3.1447 0.0000e+00
     71.000    12.6113   4.012561    34.5242       4553     3.1612 0.0000e+00
     70.000    12.5903   4.009494    34.5144       4578     3.1783 0.0000e+00
     69.000    12.5411   4.002271    34.4905       4606     3.1982 0.0000e+00
     68.000    12.5001   3.997489    34.4826       4637     3.2196 0.0000e+00
     67.000    12.3677   3.979820    34.4341       4662     3.2368 0.0000e+00
     66.000    12.3125   3.971995    34.4096       4683     3.2511 0.0000e+00
     65.000    12.2625   3.965914    34.3972       4702     3.2647 0.0000e+00
     64.000    12.1791   3.954215    34.3610       4724     3.2799 0.0000e+00
     63.000    11.9213   3.921885    34.2839       4753     3.2999 0.0000e+00
     62.000    11.7825   3.903367    34.2316       4790     3.3256 0.0000e+00
     61.000    11.7788   3.903193    34.2337       4821     3.3471 0.0000e+00
     60.000    11.6297   3.884656    34.1901       4844     3.3634 0.0000e+00
     59.000    11.6368   3.884414    34.1815       4866     3.3782 0.0000e+00
     58.000    11.6235   3.882795    34.1784       4887     3.3932 0.0000e+00
     57.000    11.5470   3.872939    34.1525       4911     3.4095 0.0000e+00
     56.000    11.4560   3.861560    34.1250       4936     3.4272 0.0000e+00
     55.000    11.4110   3.855468    34.1069       4964     3.4464 0.0000e+00
     54.000    11.3008   3.842951    34.0856       4993     3.4664 0.0000e+00
     53.000    11.1993   3.831001    34.0616       5020     3.4856 0.0000e+00
     52.000    11.1065   3.818615    34.0250       5046     3.5038 0.0000e+00
     51.000    10.8491   3.789269    33.9717       5072     3.5213 0.0000e+00
     50.000    10.6745   3.766727    33.9087       5096     3.5383 0.0000e+00
     49.000    10.5418   3.749478    33.8591       5121     3.5552 0.0000e+00
     48.000    10.3303   3.724323    33.8026       5146     3.5726 0.0000e+00
     47.000    10.1669   3.704264    33.7522       5172     3.5909 0.0000e+00
     46.000    10.0072   3.686786    33.7239       5199     3.6094 0.0000e+00
     45.000     9.8370   3.664582    33.6568       5225     3.6278 0.0000e+00
     44.000     9.5273   3.630329    33.5955       5253     3.6469 0.0000e+00
     43.000     9.3240   3.606423    33.5401       5281     3.6664 0.0000e+00
     42.000     9.0636   3.577311    33.4831       5307     3.6846 0.0000e+00
     41.000     8.7528   3.539516    33.3816       5329     3.7001 0.0000e+00
     40.000     8.6231   3.523826    33.3397       5349     3.7141 0.0000e+00
     39.000     8.5664   3.516686    33.3185       5370     3.7285 0.0000e+00
     38.000     8.3561   3.490946    33.2458       5395     3.7461 0.0000e+00
     37.000     8.1667   3.467070    33.1722       5432     3.7715 0.0000e+00
     36.000     8.1143   3.460078    33.1479       5469     3.7969 0.0000e+00
     35.000     7.9828   3.442571    33.0862       5494     3.8144 0.0000e+00
     34.000     7.9593   3.438221    33.0625       5514     3.8287 0.0000e+00
     33.000     7.9753   3.439896    33.0657       5534     3.8423 0.0000e+00
     32.000     7.9581   3.437762    33.0596       5555     3.8571 0.0000e+00
     31.000     7.9251   3.433063    33.0411       5580     3.8745 0.0000e+00
     30.000     7.9203   3.432154    33.0363       5609     3.8946 0.0000e+00
     29.000     7.9189   3.431049    33.0263       5638     3.9149 0.0000e+00
     28.000     7.9113   3.429925    33.0220       5665     3.9336 0.0000e+00
     27.000     7.9088   3.429142    33.0165       5692     3.9521 0.0000e+00
     26.000     7.9090   3.429037    33.0156       5720     3.9717 0.0000e+00
     25.000     7.9065   3.428690    33.0148       5747     3.9904 0.0000e+00
     24.000     7.9019   3.427983    33.0121       5772     4.0074 0.0000e+00
     23.000     7.9046   3.428088    33.0111       5795     4.0233 0.0000e+00
     22.000     7.9068   3.428067    33.0093       5818     4.0393 0.0000e+00
     21.000     7.9037   3.427763    33.0094       5842     4.0560 0.0000e+00
     20.000     7.9003   3.427305    33.0081       5869     4.0749 0.0000e+00
     19.000     7.8979   3.426907    33.0067       5899     4.0959 0.0000e+00
     18.000     7.8973   3.426597    33.0044       5927     4.1155 0.0000e+00
     17.000     7.8994   3.426649    33.0034       5952     4.1326 0.0000e+00
     16.000     7.8989   3.426496    33.0027       5975     4.1489 0.0000e+00
     15.000     7.9006   3.426563    33.0023       5999     4.1656 0.0000e+00
     14.000     7.9000   3.426395    33.0016       6025     4.1832 0.0000e+00
     13.000     7.9007   3.426285    33.0003       6052     4.2019 0.0000e+00
     12.000     7.8989   3.425911    32.9984       6079     4.2211 0.0000e+00
     11.000     7.8979   3.425512    32.9955       6107     4.2404 0.0000e+00
     10.000     7.8965   3.424994    32.9917       6134     4.2590 0.0000e+00
      9.000     7.8981   3.424667    32.9872       6159     4.2764 0.0000e+00
      8.000     7.9059   3.425104    32.9851       6182     4.2926 0.0000e+00
      7.000     7.9102   3.425286    32.9834       6205     4.3082 0.0000e+00
      6.000     7.9430   3.427222    32.9736       6905     4.7945 0.0000e+00
      5.000     7.9425   3.427115    32.9734       6938     4.8171 0.0000e+00
      4.000     7.9464   3.427239    32.9715       6970     4.8395 0.0000e+00
      3.000     7.9589   3.427997    32.9682       7001     4.8608 0.0000e+00
      2.000     8.0188   3.432583    32.9612       7036     4.8853 0.0000e+00
