HB2502/ctd026.cnv
* Sea-Bird SBE 9 Data File:
* FileName = C:\cruise\data\ctd026.hex
* Software Version Seasave V 7.26.7.121
* Temperature SN = 6768
* Conductivity SN = 6166
* Number of Bytes Per Scan = 37
* Number of Voltage Words = 4
* Number of Scans Averaged by the Deck Unit = 1
* NMEA Latitude = 37 13.79 N
* NMEA Longitude = 074 31.27 W
* NMEA UTC (Time) = Mar 11 2025 19:05:27
* NMEA baud rate = 4800
** Ship: Bigelow HB2502
** Program:  Spring Bottom Trawl
** Chief Scientist:Jon Galbraith
# nquan = 7
# nvalues = 388                         
# units = specified
# name 0 = depSM: Depth [salt water, m]
# name 1 = t090C: Temperature [ITS-90, deg C]
# name 2 = c0S/m: Conductivity [S/m]
# name 3 = sal00: Salinity, Practical [PSU]
# name 4 = scan: Scan Count
# name 5 = timeM: Time, Elapsed [minutes]
# name 6 = flag: flag
# span 0 =      2.000,    196.000       
# span 1 =     6.7277,    11.0065       
# span 2 =   3.308041,   3.925453       
# span 3 =    32.7935,    35.2042       
# span 4 =          6,      11236       
# span 5 =     0.0036,     7.8019       
# span 6 = 0.0000e+00, 0.0000e+00       
# interval = meters: 1                  
# start_time = Mar 11 2025 19:05:27 [NMEA time, header]
# bad_flag = -9.990e-29
*END*
      3.000     7.5181   3.422922    33.3337          6     0.0036 0.0000e+00
      4.000     7.2810   3.387711    33.1791        296     0.2046 0.0000e+00
      5.000     7.3210   3.369286    32.9401        381     0.2641 0.0000e+00
      6.000     7.3251   3.364650    32.8855        404     0.2802 0.0000e+00
      7.000     7.2627   3.360634    32.9008        433     0.3001 0.0000e+00
      8.000     7.2212   3.354764    32.8760        463     0.3208 0.0000e+00
      9.000     7.1977   3.355187    32.9025        487     0.3376 0.0000e+00
     10.000     7.1247   3.350945    32.9255        507     0.3513 0.0000e+00
     11.000     7.0823   3.345356    32.9046        526     0.3649 0.0000e+00
     12.000     7.0680   3.343813    32.9008        553     0.3836 0.0000e+00
     13.000     7.0697   3.345662    32.9189        597     0.4142 0.0000e+00
     14.000     7.0758   3.343256    32.8863        627     0.4350 0.0000e+00
     15.000     7.0726   3.342035    32.8756        646     0.4481 0.0000e+00
     16.000     7.0646   3.341292    32.8746        664     0.4605 0.0000e+00
     17.000     7.0533   3.341361    32.8857        687     0.4763 0.0000e+00
     18.000     7.0452   3.344187    32.9238        727     0.5042 0.0000e+00
     19.000     7.0403   3.341956    32.9036        758     0.5256 0.0000e+00
     20.000     7.0343   3.339164    32.8784        778     0.5396 0.0000e+00
     21.000     7.0319   3.338466    32.8726        802     0.5561 0.0000e+00
     22.000     7.0231   3.339395    32.8907        834     0.5785 0.0000e+00
     23.000     7.0112   3.339345    32.9010        862     0.5976 0.0000e+00
     24.000     7.0049   3.338998    32.9028        883     0.6125 0.0000e+00
     25.000     6.9981   3.337763    32.8953        904     0.6272 0.0000e+00
     26.000     6.9877   3.336183    32.8875        929     0.6447 0.0000e+00
     27.000     6.9814   3.335292    32.8832        961     0.6667 0.0000e+00
     28.000     6.9760   3.334648    32.8809        996     0.6913 0.0000e+00
     29.000     6.9663   3.333728    32.8796       1030     0.7148 0.0000e+00
     30.000     6.9604   3.331848    32.8642       1054     0.7312 0.0000e+00
     31.000     6.9552   3.330907    32.8584       1072     0.7440 0.0000e+00
     32.000     6.9406   3.331417    32.8775       1090     0.7560 0.0000e+00
     33.000     6.9365   3.331020    32.8766       1111     0.7706 0.0000e+00
     34.000     6.9302   3.331099    32.8829       1143     0.7934 0.0000e+00
     35.000     6.9273   3.330598    32.8797       1181     0.8195 0.0000e+00
     36.000     6.9245   3.329522    32.8701       1215     0.8427 0.0000e+00
     37.000     6.9230   3.328270    32.8574       1240     0.8605 0.0000e+00
     38.000     6.9219   3.327756    32.8524       1261     0.8747 0.0000e+00
     39.000     6.9214   3.327516    32.8497       1280     0.8885 0.0000e+00
     40.000     6.9211   3.327586    32.8503       1302     0.9033 0.0000e+00
     41.000     6.9214   3.327751    32.8514       1326     0.9204 0.0000e+00
     42.000     6.9208   3.328115    32.8554       1356     0.9410 0.0000e+00
     43.000     6.9196   3.327893    32.8536       1391     0.9655 0.0000e+00
     44.000     6.9171   3.327664    32.8530       1428     0.9908 0.0000e+00
     45.000     6.9100   3.326920    32.8512       1453     1.0086 0.0000e+00
     46.000     6.8951   3.326118    32.8561       1473     1.0222 0.0000e+00
     47.000     6.8863   3.324245    32.8436       1491     1.0350 0.0000e+00
     48.000     6.8824   3.323198    32.8353       1513     1.0502 0.0000e+00
     49.000     6.8720   3.321689    32.8283       1544     1.0714 0.0000e+00
     50.000     6.8648   3.320238    32.8188       1576     1.0940 0.0000e+00
     51.000     6.8651   3.319725    32.8123       1602     1.1119 0.0000e+00
     52.000     6.8554   3.318603    32.8088       1632     1.1326 0.0000e+00
     53.000     6.8525   3.317977    32.8042       1665     1.1554 0.0000e+00
     54.000     6.8524   3.317920    32.8032       1686     1.1700 0.0000e+00
     55.000     6.8511   3.317885    32.8036       1703     1.1818 0.0000e+00
     56.000     6.8498   3.317908    32.8046       1721     1.1947 0.0000e+00
     57.000     6.8377   3.316981    32.8055       1758     1.2203 0.0000e+00
     58.000     6.8183   3.315356    32.8058       1800     1.2497 0.0000e+00
     59.000     6.8034   3.314088    32.8056       1821     1.2639 0.0000e+00
     60.000     6.7836   3.312388    32.8054       1839     1.2763 0.0000e+00
     61.000     6.7814   3.312171    32.8046       1858     1.2893 0.0000e+00
     62.000     6.7550   3.310151    32.8072       1882     1.3062 0.0000e+00
     63.000     6.7437   3.309241    32.8075       1922     1.3337 0.0000e+00
     64.000     6.7277   3.308041    32.8091       1965     1.3640 0.0000e+00
     65.000     6.7329   3.309254    32.8171       1990     1.3812 0.0000e+00
     66.000     6.8030   3.318015    32.8457       2008     1.3940 0.0000e+00
     67.000     6.8522   3.325726    32.8827       2025     1.4058 0.0000e+00
     68.000     6.8925   3.331635    32.9084       2043     1.4180 0.0000e+00
     69.000     6.9141   3.335312    32.9276       2063     1.4319 0.0000e+00
     70.000     6.9697   3.342878    32.9567       2095     1.4539 0.0000e+00
     71.000     7.0557   3.353528    32.9902       2143     1.4872 0.0000e+00
     72.000     7.1492   3.364420    33.0190       2169     1.5053 0.0000e+00
     73.000     7.2243   3.373692    33.0475       2192     1.5214 0.0000e+00
     74.000     7.2495   3.376938    33.0583       2219     1.5405 0.0000e+00
     75.000     7.2867   3.381273    33.0693       2248     1.5607 0.0000e+00
     76.000     7.3798   3.391601    33.0918       2270     1.5760 0.0000e+00
     77.000     7.5388   3.409770    33.1360       2289     1.5889 0.0000e+00
     78.000     7.7721   3.437189    33.2082       2307     1.6011 0.0000e+00
     79.000     8.0091   3.467218    33.3033       2327     1.6149 0.0000e+00
     80.000     8.1474   3.485575    33.3670       2363     1.6404 0.0000e+00
     81.000     8.1980   3.492708    33.3942       2424     1.6827 0.0000e+00
     82.000     8.2142   3.495007    33.4028       2451     1.7015 0.0000e+00
     83.000     8.2462   3.498947    33.4137       2470     1.7148 0.0000e+00
     84.000     8.2962   3.505199    33.4320       2486     1.7254 0.0000e+00
     85.000     8.3788   3.515101    33.4579       2499     1.7347 0.0000e+00
     86.000     8.4348   3.522448    33.4819       2512     1.7434 0.0000e+00
     87.000     8.4747   3.527926    33.5014       2526     1.7534 0.0000e+00
     88.000     8.5514   3.538383    33.5382       2579     1.7905 0.0000e+00
     89.000     8.7000   3.557529    33.5982       2646     1.8366 0.0000e+00
     90.000     8.7339   3.562042    33.6130       2661     1.8474 0.0000e+00
     91.000     8.7762   3.567627    33.6309       2675     1.8571 0.0000e+00
     92.000     8.8392   3.575789    33.6561       2690     1.8672 0.0000e+00
     93.000     8.8724   3.580211    33.6705       2707     1.8792 0.0000e+00
     94.000     8.9395   3.588838    33.6965       2731     1.8958 0.0000e+00
     95.000     9.0137   3.598717    33.7288       2761     1.9165 0.0000e+00
     96.000     9.0655   3.605492    33.7498       2792     1.9384 0.0000e+00
     97.000     9.1668   3.618682    33.7905       2830     1.9645 0.0000e+00
     98.000     9.3175   3.638596    33.8539       2863     1.9878 0.0000e+00
     99.000     9.3343   3.641166    33.8641       2886     2.0032 0.0000e+00
    100.000     9.4693   3.658433    33.9143       2904     2.0161 0.0000e+00
    101.000     9.5832   3.673409    33.9604       2923     2.0294 0.0000e+00
    102.000     9.5974   3.675600    33.9691       2948     2.0462 0.0000e+00
    103.000     9.6078   3.677203    33.9753       2981     2.0696 0.0000e+00
    104.000     9.6243   3.679421    33.9820       3014     2.0927 0.0000e+00
    105.000     9.6319   3.680476    33.9852       3039     2.1100 0.0000e+00
    106.000     9.6370   3.681186    33.9873       3063     2.1265 0.0000e+00
    107.000     9.6836   3.686885    34.0012       3090     2.1453 0.0000e+00
    108.000     9.8200   3.704464    34.0521       3118     2.1647 0.0000e+00
    109.000     9.9205   3.718328    34.0984       3144     2.1827 0.0000e+00
    110.000    10.0545   3.736892    34.1608       3168     2.1996 0.0000e+00
    111.000    10.0860   3.741700    34.1795       3193     2.2164 0.0000e+00
    112.000    10.2090   3.758836    34.2371       3217     2.2334 0.0000e+00
    113.000    10.2319   3.762343    34.2506       3246     2.2537 0.0000e+00
    114.000    10.2613   3.766606    34.2656       3279     2.2767 0.0000e+00
    115.000    10.2826   3.769720    34.2766       3309     2.2969 0.0000e+00
    116.000    10.2938   3.771401    34.2826       3335     2.3152 0.0000e+00
    117.000    10.3135   3.774195    34.2919       3361     2.3334 0.0000e+00
    118.000    10.3902   3.784866    34.3269       3384     2.3491 0.0000e+00
    119.000    10.4212   3.790564    34.3547       3404     2.3629 0.0000e+00
    120.000    10.4477   3.795665    34.3808       3425     2.3778 0.0000e+00
    121.000    10.5027   3.804793    34.4205       3456     2.3994 0.0000e+00
    122.000    10.5594   3.813842    34.4577       3499     2.4290 0.0000e+00
    123.000    10.5872   3.818584    34.4787       3528     2.4490 0.0000e+00
    124.000    10.5988   3.821752    34.4991       3551     2.4655 0.0000e+00
    125.000    10.6109   3.825164    34.5217       3575     2.4821 0.0000e+00
    126.000    10.5995   3.824693    34.5272       3599     2.4983 0.0000e+00
    127.000    10.5835   3.823399    34.5289       3619     2.5124 0.0000e+00
    128.000    10.5762   3.823452    34.5358       3638     2.5256 0.0000e+00
    129.000    10.5856   3.825146    34.5436       3660     2.5408 0.0000e+00
    130.000    10.5947   3.826757    34.5507       3703     2.5712 0.0000e+00
    131.000    10.6855   3.845063    34.6482       3749     2.6029 0.0000e+00
    132.000    10.8660   3.879960    34.8266       3775     2.6211 0.0000e+00
    133.000    10.9214   3.889981    34.8738       3798     2.6365 0.0000e+00
    134.000    10.9070   3.894571    34.9330       3815     2.6489 0.0000e+00
    135.000    10.8571   3.896780    35.0023       3830     2.6593 0.0000e+00
    136.000    10.9535   3.914398    35.0861       3845     2.6692 0.0000e+00
    137.000    11.0065   3.923532    35.1262       3863     2.6816 0.0000e+00
    138.000    10.9890   3.924513    35.1524       3919     2.7209 0.0000e+00
    139.000    10.9518   3.921962    35.1620       3964     2.7520 0.0000e+00
    140.000    10.9271   3.920095    35.1666       3984     2.7661 0.0000e+00
    141.000    10.8897   3.916508    35.1660       4003     2.7794 0.0000e+00
    142.000    10.7904   3.906563    35.1611       4024     2.7937 0.0000e+00
    143.000    10.7317   3.902092    35.1722       4048     2.8103 0.0000e+00
    144.000    10.7022   3.900151    35.1806       4076     2.8296 0.0000e+00
    145.000    10.7001   3.900298    35.1836       4102     2.8478 0.0000e+00
    146.000    10.6824   3.899077    35.1880       4126     2.8645 0.0000e+00
    147.000    10.6638   3.897131    35.1859       4156     2.8854 0.0000e+00
    148.000    10.6455   3.895403    35.1855       4194     2.9120 0.0000e+00
    149.000    10.6397   3.895024    35.1869       4222     2.9314 0.0000e+00
    150.000    10.6526   3.896686    35.1908       4244     2.9463 0.0000e+00
    151.000    10.6593   3.897686    35.1939       4264     2.9604 0.0000e+00
    152.000    10.6451   3.896573    35.1959       4285     2.9747 0.0000e+00
    153.000    10.6179   3.894081    35.1966       4309     2.9917 0.0000e+00
    154.000    10.5991   3.892130    35.1945       4345     3.0166 0.0000e+00
    155.000    10.5842   3.890585    35.1928       4383     3.0428 0.0000e+00
    156.000    10.5865   3.890839    35.1927       4408     3.0606 0.0000e+00
    157.000    10.5713   3.889341    35.1918       4430     3.0759 0.0000e+00
    158.000    10.5281   3.885065    35.1899       4453     3.0916 0.0000e+00
    159.000    10.5230   3.884613    35.1898       4480     3.1102 0.0000e+00
    160.000    10.5145   3.883952    35.1908       4507     3.1294 0.0000e+00
    161.000    10.5012   3.882790    35.1915       4531     3.1462 0.0000e+00
    162.000    10.4938   3.882151    35.1917       4553     3.1614 0.0000e+00
    163.000    10.4829   3.881113    35.1913       4577     3.1777 0.0000e+00
    164.000    10.4715   3.880162    35.1922       4608     3.1995 0.0000e+00
    165.000    10.4642   3.879543    35.1925       4649     3.2275 0.0000e+00
    166.000    10.4614   3.879538    35.1947       4678     3.2480 0.0000e+00
    167.000    10.4569   3.879925    35.2026       4703     3.2653 0.0000e+00
    168.000    10.4367   3.878212    35.2042       4726     3.2814 0.0000e+00
    169.000    10.3772   3.872320    35.2016       4747     3.2955 0.0000e+00
    170.000    10.2978   3.864552    35.1992       4767     3.3096 0.0000e+00
    171.000    10.2626   3.860663    35.1933       4791     3.3261 0.0000e+00
    172.000    10.2631   3.860616    35.1919       4817     3.3445 0.0000e+00
    173.000    10.2805   3.862577    35.1945       4844     3.3634 0.0000e+00
    174.000    10.2790   3.862420    35.1939       4879     3.3873 0.0000e+00
    175.000    10.2699   3.861411    35.1920       4921     3.4167 0.0000e+00
    176.000    10.2656   3.860912    35.1906       4950     3.4368 0.0000e+00
    177.000    10.2524   3.859499    35.1886       4971     3.4515 0.0000e+00
    178.000    10.2485   3.859124    35.1881       4991     3.4650 0.0000e+00
    179.000    10.2425   3.858556    35.1877       5010     3.4783 0.0000e+00
    180.000    10.2398   3.858311    35.1873       5030     3.4924 0.0000e+00
    181.000    10.2374   3.858104    35.1871       5053     3.5087 0.0000e+00
    182.000    10.2366   3.858061    35.1870       5080     3.5272 0.0000e+00
    183.000    10.2364   3.858054    35.1866       5119     3.5540 0.0000e+00
    184.000    10.2299   3.857531    35.1871       5177     3.5945 0.0000e+00
    185.000    10.2081   3.855648    35.1887       5201     3.6108 0.0000e+00
    186.000    10.1990   3.854841    35.1888       5217     3.6219 0.0000e+00
    187.000    10.2042   3.855346    35.1884       5229     3.6308 0.0000e+00
    188.000    10.1934   3.854267    35.1874       5243     3.6402 0.0000e+00
    189.000    10.1674   3.851517    35.1842       5259     3.6513 0.0000e+00
    190.000    10.1526   3.849983    35.1825       5324     3.6964 0.0000e+00
    191.000    10.1502   3.849818    35.1827       5389     3.7416 0.0000e+00
    192.000    10.1468   3.849487    35.1821       5410     3.7566 0.0000e+00
    193.000    10.1608   3.851045    35.1840       5433     3.7721 0.0000e+00
    194.000    10.1624   3.851266    35.1842       5465     3.7944 0.0000e+00
    195.000    10.1591   3.850933    35.1835       5627     3.9066 0.0000e+00
    196.000    10.1413   3.848942    35.1800       5892     4.0913 0.0000e+00
    195.000    10.1500   3.849868    35.1815       5827     4.0461 0.0000e+00
    194.000    10.1510   3.849929    35.1816       5851     4.0624 0.0000e+00
    193.000    10.1447   3.849086    35.1796       5958     4.1367 0.0000e+00
    192.000    10.1472   3.849242    35.1792       6055     4.2043 0.0000e+00
    191.000    10.1491   3.849390    35.1794       6082     4.2231 0.0000e+00
    190.000    10.1519   3.849624    35.1796       6131     4.2572 0.0000e+00
    189.000    10.1603   3.850410    35.1799       6179     4.2903 0.0000e+00
    188.000    10.1680   3.851194    35.1808       6202     4.3064 0.0000e+00
    187.000    10.1696   3.851329    35.1811       6222     4.3198 0.0000e+00
    186.000    10.1672   3.851041    35.1809       6240     4.3326 0.0000e+00
    185.000    10.1717   3.851483    35.1816       6259     4.3456 0.0000e+00
