HB2502/ctd021.cnv
* Sea-Bird SBE 9 Data File:
* FileName = C:\cruise\data\ctd021.hex
* Software Version Seasave V 7.26.7.121
* Temperature SN = 6768
* Conductivity SN = 6166
* Number of Bytes Per Scan = 37
* Number of Voltage Words = 4
* Number of Scans Averaged by the Deck Unit = 1
* NMEA Latitude = 37 52.39 N
* NMEA Longitude = 074 07.55 W
* NMEA UTC (Time) = Mar 11 2025 01:06:09
* NMEA baud rate = 4800
** Ship: Bigelow HB2502
** Program:  Spring Bottom Trawl
** Chief Scientist:Jon Galbraith
# nquan = 7
# nvalues = 261                         
# units = specified
# name 0 = depSM: Depth [salt water, m]
# name 1 = t090C: Temperature [ITS-90, deg C]
# name 2 = c0S/m: Conductivity [S/m]
# name 3 = sal00: Salinity, Practical [PSU]
# name 4 = scan: Scan Count
# name 5 = timeM: Time, Elapsed [minutes]
# name 6 = flag: flag
# span 0 =      3.000,    133.000       
# span 1 =     7.5452,    10.5219       
# span 2 =   3.403233,   3.809199       
# span 3 =    32.8084,    34.8356       
# span 4 =         68,       7535       
# span 5 =     0.0465,     5.2321       
# span 6 = 0.0000e+00, 0.0000e+00       
# interval = meters: 1                  
# start_time = Mar 11 2025 01:06:09 [NMEA time, header]
# bad_flag = -9.990e-29
*END*
      3.000     8.1083   3.426153    32.8084         68     0.0465 0.0000e+00
      4.000     8.1851   3.433014    32.8087        236     0.1633 0.0000e+00
      5.000     8.1945   3.453260    33.0143        258     0.1785 0.0000e+00
      6.000     8.1954   3.457959    33.0629        283     0.1955 0.0000e+00
      7.000     8.1799   3.458607    33.0839        307     0.2126 0.0000e+00
      8.000     8.0791   3.456696    33.1584        334     0.2311 0.0000e+00
      9.000     8.0303   3.450427    33.1373        362     0.2506 0.0000e+00
     10.000     7.7976   3.442603    33.2744        389     0.2693 0.0000e+00
     11.000     7.6667   3.428721    33.2497        414     0.2871 0.0000e+00
     12.000     7.6452   3.422835    33.2064        440     0.3048 0.0000e+00
     13.000     7.6070   3.420324    33.2154        466     0.3227 0.0000e+00
     14.000     7.6186   3.418193    33.1808        492     0.3412 0.0000e+00
     15.000     7.6461   3.418691    33.1595        520     0.3602 0.0000e+00
     16.000     7.6848   3.420697    33.1437        547     0.3792 0.0000e+00
     17.000     7.7023   3.423100    33.1524        574     0.3980 0.0000e+00
     18.000     7.7202   3.424451    33.1493        600     0.4162 0.0000e+00
     19.000     7.7373   3.426170    33.1511        626     0.4343 0.0000e+00
     20.000     7.7438   3.427249    33.1560        652     0.4524 0.0000e+00
     21.000     7.7507   3.427959    33.1566        678     0.4701 0.0000e+00
     22.000     7.7696   3.428592    33.1449        703     0.4877 0.0000e+00
     23.000     7.7967   3.429308    33.1264        729     0.5058 0.0000e+00
     24.000     7.8175   3.430960    33.1239        757     0.5249 0.0000e+00
     25.000     7.8588   3.431802    33.0932        786     0.5450 0.0000e+00
     26.000     7.9406   3.432993    33.0281        814     0.5645 0.0000e+00
     27.000     7.9975   3.438515    33.0327        840     0.5826 0.0000e+00
     28.000     8.0364   3.444640    33.0609        865     0.6000 0.0000e+00
     29.000     8.0624   3.449411    33.0866        890     0.6171 0.0000e+00
     30.000     8.0792   3.453398    33.1128        914     0.6342 0.0000e+00
     31.000     8.0961   3.456890    33.1335        940     0.6520 0.0000e+00
     32.000     8.1080   3.459563    33.1502        967     0.6710 0.0000e+00
     33.000     8.1264   3.461517    33.1532        996     0.6909 0.0000e+00
     34.000     8.1415   3.463988    33.1647       1025     0.7110 0.0000e+00
     35.000     8.1536   3.466713    33.1818       1052     0.7298 0.0000e+00
     36.000     8.1599   3.468430    33.1935       1077     0.7470 0.0000e+00
     37.000     8.1662   3.470245    33.2064       1101     0.7638 0.0000e+00
     38.000     8.1732   3.471524    33.2129       1126     0.7810 0.0000e+00
     39.000     8.1779   3.472660    33.2200       1152     0.7993 0.0000e+00
     40.000     8.1811   3.473287    33.2232       1181     0.8193 0.0000e+00
     41.000     8.1887   3.474433    33.2277       1210     0.8396 0.0000e+00
     42.000     8.1971   3.475704    33.2328       1237     0.8582 0.0000e+00
     43.000     8.2040   3.477086    33.2404       1262     0.8754 0.0000e+00
     44.000     8.2051   3.479418    33.2637       1286     0.8925 0.0000e+00
     45.000     8.2050   3.481244    33.2828       1312     0.9101 0.0000e+00
     46.000     8.2048   3.482434    33.2951       1338     0.9285 0.0000e+00
     47.000     8.2041   3.483326    33.3048       1365     0.9472 0.0000e+00
     48.000     8.2021   3.483919    33.3125       1392     0.9659 0.0000e+00
     49.000     8.1986   3.484130    33.3176       1420     0.9851 0.0000e+00
     50.000     8.1888   3.483743    33.3223       1448     1.0052 0.0000e+00
     51.000     8.1811   3.483178    33.3232       1476     1.0246 0.0000e+00
     52.000     8.1752   3.482745    33.3237       1501     1.0419 0.0000e+00
     53.000     8.1706   3.482326    33.3231       1524     1.0580 0.0000e+00
     54.000     8.1600   3.481462    33.3236       1548     1.0742 0.0000e+00
     55.000     8.1581   3.481343    33.3236       1574     1.0922 0.0000e+00
     56.000     8.1264   3.478614    33.3242       1604     1.1131 0.0000e+00
     57.000     8.0997   3.475965    33.3210       1636     1.1351 0.0000e+00
     58.000     8.0926   3.475304    33.3202       1663     1.1540 0.0000e+00
     59.000     8.0947   3.475603    33.3209       1687     1.1709 0.0000e+00
     60.000     8.1082   3.477035    33.3229       1711     1.1873 0.0000e+00
     61.000     8.1240   3.478864    33.3268       1735     1.2045 0.0000e+00
     62.000     8.1367   3.480491    33.3316       1762     1.2229 0.0000e+00
     63.000     8.1391   3.481014    33.3344       1790     1.2422 0.0000e+00
     64.000     8.1417   3.481749    33.3393       1817     1.2612 0.0000e+00
     65.000     8.1063   3.478733    33.3403       1844     1.2797 0.0000e+00
     66.000     8.0434   3.473816    33.3473       1870     1.2977 0.0000e+00
     67.000     8.0183   3.471635    33.3475       1896     1.3159 0.0000e+00
     68.000     8.0091   3.471189    33.3510       1924     1.3351 0.0000e+00
     69.000     8.0096   3.471529    33.3537       1952     1.3547 0.0000e+00
     70.000     8.0093   3.471837    33.3568       1979     1.3737 0.0000e+00
     71.000     8.0074   3.472899    33.3695       2005     1.3918 0.0000e+00
     72.000     8.0774   3.481849    33.3977       2030     1.4093 0.0000e+00
     73.000     8.1101   3.488137    33.4331       2055     1.4263 0.0000e+00
     74.000     8.1265   3.491586    33.4537       2080     1.4436 0.0000e+00
     75.000     8.2103   3.502970    33.4943       2105     1.4614 0.0000e+00
     76.000     8.4905   3.536838    33.5855       2133     1.4805 0.0000e+00
     77.000     8.5797   3.548757    33.6259       2162     1.5008 0.0000e+00
     78.000     8.6061   3.552279    33.6374       2191     1.5208 0.0000e+00
     79.000     8.8605   3.582835    33.7157       2218     1.5393 0.0000e+00
     80.000     9.0073   3.601281    33.7685       2243     1.5569 0.0000e+00
     81.000     9.2129   3.626945    33.8400       2269     1.5747 0.0000e+00
     82.000     9.4035   3.651915    33.9176       2295     1.5934 0.0000e+00
     83.000     9.5475   3.671053    33.9782       2322     1.6120 0.0000e+00
     84.000     9.6245   3.681593    34.0134       2348     1.6300 0.0000e+00
     85.000     9.7354   3.696794    34.0640       2373     1.6474 0.0000e+00
     86.000     9.8175   3.708307    34.1039       2398     1.6647 0.0000e+00
     87.000     9.8853   3.717515    34.1335       2424     1.6830 0.0000e+00
     88.000     9.9715   3.729081    34.1696       2453     1.7026 0.0000e+00
     89.000    10.0577   3.740254    34.2016       2482     1.7228 0.0000e+00
     90.000    10.2065   3.759022    34.2512       2509     1.7418 0.0000e+00
     91.000    10.3947   3.782223    34.3080       2535     1.7595 0.0000e+00
     92.000    10.5219   3.801313    34.3803       2560     1.7768 0.0000e+00
     93.000    10.2547   3.775908    34.3757       2585     1.7947 0.0000e+00
     94.000    10.1381   3.763260    34.3573       2612     1.8135 0.0000e+00
     95.000    10.0425   3.752727    34.3403       2640     1.8324 0.0000e+00
     96.000     9.9962   3.747760    34.3331       2666     1.8508 0.0000e+00
     97.000     9.9158   3.739557    34.3253       2692     1.8690 0.0000e+00
     98.000     9.8729   3.735286    34.3220       2718     1.8868 0.0000e+00
     99.000     9.8465   3.732686    34.3201       2744     1.9046 0.0000e+00
    100.000     9.8372   3.732314    34.3247       2770     1.9232 0.0000e+00
    101.000     9.8345   3.733233    34.3362       2798     1.9426 0.0000e+00
    102.000     9.8347   3.733905    34.3424       2826     1.9618 0.0000e+00
    103.000     9.8400   3.734983    34.3479       2852     1.9798 0.0000e+00
    104.000     9.8377   3.736383    34.3640       2877     1.9971 0.0000e+00
    105.000     9.8100   3.734587    34.3716       2902     2.0146 0.0000e+00
    106.000     9.8013   3.733931    34.3727       2929     2.0334 0.0000e+00
    107.000     9.7780   3.732450    34.3793       2958     2.0533 0.0000e+00
    108.000     9.7566   3.731207    34.3865       2986     2.0730 0.0000e+00
    109.000     9.7424   3.731624    34.4039       3013     2.0914 0.0000e+00
    110.000     9.7289   3.732579    34.4262       3038     2.1087 0.0000e+00
    111.000     9.7433   3.736803    34.4553       3062     2.1257 0.0000e+00
    112.000     9.7526   3.738348    34.4618       3087     2.1434 0.0000e+00
    113.000     9.7667   3.740721    34.4722       3114     2.1619 0.0000e+00
    114.000     9.7749   3.742161    34.4787       3141     2.1806 0.0000e+00
    115.000     9.7820   3.743569    34.4859       3168     2.1992 0.0000e+00
    116.000     9.7908   3.745420    34.4960       3195     2.2179 0.0000e+00
    117.000     9.7945   3.746285    34.5009       3222     2.2368 0.0000e+00
    118.000     9.8013   3.747705    34.5085       3249     2.2557 0.0000e+00
    119.000     9.8067   3.748910    34.5153       3276     2.2745 0.0000e+00
    120.000     9.8167   3.751248    34.5291       3303     2.2927 0.0000e+00
    121.000     9.8179   3.751563    34.5308       3329     2.3108 0.0000e+00
    122.000     9.8230   3.752707    34.5372       3354     2.3287 0.0000e+00
    123.000     9.8342   3.755195    34.5514       3380     2.3465 0.0000e+00
    124.000     9.8597   3.760227    34.5782       3406     2.3645 0.0000e+00
    125.000     9.8981   3.766732    34.6075       3433     2.3832 0.0000e+00
    126.000     9.9073   3.768276    34.6140       3462     2.4036 0.0000e+00
    127.000     9.9081   3.768474    34.6148       3494     2.4259 0.0000e+00
    128.000     9.9173   3.769909    34.6202       3527     2.4489 0.0000e+00
    129.000     9.9413   3.773606    34.6345       3560     2.4714 0.0000e+00
    130.000     9.9782   3.781078    34.6751       3591     2.4930 0.0000e+00
    131.000    10.0023   3.788690    34.7293       3621     2.5142 0.0000e+00
    132.000    10.0648   3.801316    34.7976       3652     2.5356 0.0000e+00
    133.000    10.1085   3.809199    34.8356       3690     2.5621 0.0000e+00
    132.000    10.0486   3.799241    34.7921       4338     3.0118 0.0000e+00
    131.000    10.0552   3.800053    34.7945       4096     2.8437 0.0000e+00
    130.000    10.0310   3.795242    34.7691       4127     2.8652 0.0000e+00
    129.000    10.0120   3.790436    34.7387       4154     2.8843 0.0000e+00
    128.000     9.9837   3.783469    34.6951       4180     2.9019 0.0000e+00
    127.000     9.9609   3.778473    34.6664       4203     2.9183 0.0000e+00
    126.000     9.9409   3.774632    34.6468       4226     2.9344 0.0000e+00
    125.000     9.9266   3.771985    34.6339       4250     2.9510 0.0000e+00
    124.000     9.9117   3.769505    34.6233       4277     2.9692 0.0000e+00
    123.000     9.8897   3.766043    34.6094       4304     2.9884 0.0000e+00
    122.000     9.8791   3.763854    34.5976       4332     3.0075 0.0000e+00
    121.000     9.8586   3.759852    34.5767       4357     3.0251 0.0000e+00
    120.000     9.8446   3.757099    34.5624       4381     3.0419 0.0000e+00
    119.000     9.8357   3.755197    34.5519       4407     3.0594 0.0000e+00
    118.000     9.8267   3.753278    34.5413       4434     3.0783 0.0000e+00
    117.000     9.8192   3.751598    34.5318       4462     3.0981 0.0000e+00
    116.000     9.8167   3.750975    34.5282       4489     3.1167 0.0000e+00
    115.000     9.8068   3.748894    34.5168       4514     3.1338 0.0000e+00
    114.000     9.8024   3.747895    34.5112       4537     3.1502 0.0000e+00
    113.000     9.7962   3.746584    34.5042       4562     3.1671 0.0000e+00
    112.000     9.7838   3.744262    34.4927       4589     3.1860 0.0000e+00
    111.000     9.7777   3.743026    34.4863       4617     3.2057 0.0000e+00
    110.000     9.7689   3.741261    34.4771       4643     3.2236 0.0000e+00
    109.000     9.7627   3.740145    34.4720       4666     3.2398 0.0000e+00
    108.000     9.7514   3.737672    34.4579       4690     3.2560 0.0000e+00
    107.000     9.7490   3.736273    34.4463       4716     3.2740 0.0000e+00
    106.000     9.7536   3.734603    34.4252       4745     3.2942 0.0000e+00
    105.000     9.7613   3.733738    34.4094       4774     3.3145 0.0000e+00
    104.000     9.7779   3.733321    34.3897       4800     3.3326 0.0000e+00
    103.000     9.7853   3.733600    34.3860       4824     3.3495 0.0000e+00
    102.000     9.7891   3.733909    34.3860       4848     3.3663 0.0000e+00
    101.000     9.8006   3.734403    34.3805       4874     3.3840 0.0000e+00
    100.000     9.8130   3.734357    34.3687       4900     3.4024 0.0000e+00
     99.000     9.8223   3.734150    34.3582       4925     3.4197 0.0000e+00
     98.000     9.8270   3.733647    34.3490       4949     3.4363 0.0000e+00
     97.000     9.8299   3.733367    34.3439       4974     3.4534 0.0000e+00
     96.000     9.8329   3.733355    34.3413       5001     3.4724 0.0000e+00
     95.000     9.8704   3.735846    34.3315       5030     3.4926 0.0000e+00
     94.000     9.9103   3.739005    34.3263       5058     3.5115 0.0000e+00
     93.000     9.9476   3.742778    34.3299       5082     3.5286 0.0000e+00
     92.000     9.9790   3.746116    34.3346       5106     3.5455 0.0000e+00
     91.000    10.0676   3.754867    34.3401       5132     3.5630 0.0000e+00
     90.000    10.2364   3.771846    34.3532       5159     3.5818 0.0000e+00
     89.000    10.2417   3.771180    34.3418       5186     3.6004 0.0000e+00
     88.000    10.2472   3.769508    34.3201       5210     3.6175 0.0000e+00
     87.000    10.2195   3.765410    34.3052       5234     3.6341 0.0000e+00
     86.000    10.1264   3.753097    34.2687       5259     3.6511 0.0000e+00
     85.000    10.1213   3.751398    34.2567       5285     3.6696 0.0000e+00
     84.000     9.9861   3.735636    34.2245       5314     3.6894 0.0000e+00
     83.000     9.9038   3.722153    34.1652       5342     3.7089 0.0000e+00
     82.000     9.8087   3.711076    34.1425       5367     3.7267 0.0000e+00
     81.000     9.7407   3.700703    34.1010       5391     3.7430 0.0000e+00
     80.000     9.6571   3.689236    34.0628       5414     3.7591 0.0000e+00
     79.000     9.5567   3.675085    34.0128       5439     3.7761 0.0000e+00
     78.000     9.4773   3.664306    33.9775       5465     3.7945 0.0000e+00
     77.000     9.3006   3.642916    33.9244       5494     3.8145 0.0000e+00
     76.000     9.1851   3.631512    33.9163       5522     3.8343 0.0000e+00
     75.000     8.9325   3.596636    33.7935       5548     3.8519 0.0000e+00
     74.000     8.8128   3.579748    33.7310       5571     3.8678 0.0000e+00
     73.000     8.7081   3.567125    33.6988       5593     3.8836 0.0000e+00
     72.000     8.5502   3.549254    33.6615       5618     3.9009 0.0000e+00
     71.000     8.4383   3.533348    33.6008       5647     3.9212 0.0000e+00
     70.000     8.2622   3.511250    33.5352       5678     3.9421 0.0000e+00
     69.000     8.1959   3.501175    33.4919       5704     3.9602 0.0000e+00
     68.000     8.1054   3.487071    33.4286       5727     3.9763 0.0000e+00
     67.000     8.0935   3.484689    33.4151       5750     3.9922 0.0000e+00
     66.000     8.0719   3.481112    33.3979       5774     4.0093 0.0000e+00
     65.000     8.0633   3.479423    33.3886       5802     4.0288 0.0000e+00
     64.000     8.0565   3.477282    33.3727       5832     4.0490 0.0000e+00
     63.000     8.0638   3.477373    33.3673       5858     4.0671 0.0000e+00
     62.000     8.0949   3.478886    33.3542       5881     4.0835 0.0000e+00
     61.000     8.1180   3.480566    33.3507       5904     4.0995 0.0000e+00
     60.000     8.1247   3.480916    33.3484       5929     4.1167 0.0000e+00
     59.000     8.1258   3.480793    33.3465       5957     4.1364 0.0000e+00
