HB2502/ctd038.cnv
* Sea-Bird SBE 9 Data File:
* FileName = C:\cruise\data\ctd038.hex
* Software Version Seasave V 7.26.7.121
* Temperature SN = 6768
* Conductivity SN = 6166
* Number of Bytes Per Scan = 37
* Number of Voltage Words = 4
* Number of Scans Averaged by the Deck Unit = 1
* NMEA Latitude = 35 59.12 N
* NMEA Longitude = 074 51.75 W
* NMEA UTC (Time) = Mar 13 2025 10:01:45
* NMEA baud rate = 4800
** Ship: Bigelow HB2502
** Program:  Spring Bottom Trawl
** Chief Scientist:Jon Galbraith
# nquan = 7
# nvalues = 180                         
# units = specified
# name 0 = depSM: Depth [salt water, m]
# name 1 = t090C: Temperature [ITS-90, deg C]
# name 2 = c0S/m: Conductivity [S/m]
# name 3 = sal00: Salinity, Practical [PSU]
# name 4 = scan: Scan Count
# name 5 = timeM: Time, Elapsed [minutes]
# name 6 = flag: flag
# span 0 =      1.000,     92.000       
# span 1 =     7.1805,    13.1773       
# span 2 =   2.681382,   4.109886       
# span 3 =    25.7834,    34.9338       
# span 4 =        156,       6879       
# span 5 =     0.1078,     4.7763       
# span 6 = 0.0000e+00, 0.0000e+00       
# interval = meters: 1                  
# start_time = Mar 13 2025 10:01:45 [NMEA time, header]
# bad_flag = -9.990e-29
*END*
      4.000     7.6315   3.437673    33.3832        156     0.1078 0.0000e+00
      5.000     7.5659   3.389637    32.9275        285     0.1970 0.0000e+00
      6.000     7.5622   3.380136    32.8281        296     0.2050 0.0000e+00
      7.000     7.5596   3.382633    32.8570        318     0.2203 0.0000e+00
      8.000     7.5627   3.387827    32.9095        348     0.2409 0.0000e+00
      9.000     7.5456   3.378531    32.8250        377     0.2613 0.0000e+00
     10.000     7.5493   3.390208    32.9470        457     0.3165 0.0000e+00
     11.000     7.5221   3.383366    32.8985        545     0.3781 0.0000e+00
     12.000     7.4929   3.376016    32.8463        592     0.4106 0.0000e+00
     13.000     7.4816   3.372282    32.8163        615     0.4267 0.0000e+00
     14.000     7.4493   3.370986    32.8324        637     0.4414 0.0000e+00
     15.000     7.4087   3.371078    32.8713        662     0.4589 0.0000e+00
     16.000     7.3858   3.372210    32.9049        695     0.4818 0.0000e+00
     17.000     7.3563   3.367318    32.8794        726     0.5034 0.0000e+00
     18.000     7.3332   3.362082    32.8441        749     0.5192 0.0000e+00
     19.000     7.2981   3.361539    32.8712        770     0.5341 0.0000e+00
     20.000     7.2481   3.364733    32.9530        796     0.5524 0.0000e+00
     21.000     7.1805   3.369923    33.0736        831     0.5765 0.0000e+00
     22.000     7.2705   3.365599    32.9400        861     0.5973 0.0000e+00
     23.000     7.3292   3.361564    32.8399        886     0.6143 0.0000e+00
     24.000     7.3573   3.364254    32.8419        909     0.6305 0.0000e+00
     25.000     7.3728   3.369647    32.8852        934     0.6478 0.0000e+00
     26.000     7.5037   3.372121    32.7875        962     0.6675 0.0000e+00
     27.000     7.6536   3.373221    32.6577        991     0.6876 0.0000e+00
     28.000     8.0138   3.386309    32.4612       1018     0.7066 0.0000e+00
     29.000     8.3628   3.411254    32.4021       1044     0.7243 0.0000e+00
     30.000     8.5669   3.435146    32.4652       1072     0.7437 0.0000e+00
     31.000     8.7428   3.454814    32.5090       1102     0.7646 0.0000e+00
     32.000     8.7539   3.474832    32.7077       1129     0.7833 0.0000e+00
     33.000     8.6947   3.489882    32.9195       1153     0.7999 0.0000e+00
     34.000     8.6309   3.494998    33.0322       1178     0.8170 0.0000e+00
     35.000     8.4877   3.495783    33.1744       1205     0.8361 0.0000e+00
     36.000     8.4007   3.493975    33.2367       1237     0.8580 0.0000e+00
     37.000     8.3900   3.489374    33.1977       1265     0.8781 0.0000e+00
     38.000     8.3880   3.486654    33.1704       1290     0.8952 0.0000e+00
     39.000     8.6438   3.485864    32.9225       1314     0.9117 0.0000e+00
     40.000     9.0757   3.485753    32.5222       1341     0.9308 0.0000e+00
     41.000     9.3905   3.494330    32.3241       1373     0.9531 0.0000e+00
     42.000     9.5490   3.521654    32.4607       1401     0.9723 0.0000e+00
     43.000     9.8091   3.562054    32.6374       1425     0.9891 0.0000e+00
     44.000    10.3691   3.624872    32.7661       1449     1.0058 0.0000e+00
     45.000    10.8309   3.706032    33.1603       1474     1.0227 0.0000e+00
     46.000    11.1333   3.774632    33.5666       1500     1.0409 0.0000e+00
     47.000    11.3428   3.817032    33.7937       1532     1.0630 0.0000e+00
     48.000    11.7251   3.875689    34.0197       1564     1.0853 0.0000e+00
     49.000    11.8858   3.902531    34.1341       1589     1.1026 0.0000e+00
     50.000    11.9850   3.922821    34.2403       1612     1.1187 0.0000e+00
     51.000    11.9637   3.924096    34.2719       1638     1.1365 0.0000e+00
     52.000    11.8643   3.915461    34.2788       1667     1.1568 0.0000e+00
     53.000    11.2453   3.855446    34.2607       1695     1.1762 0.0000e+00
     54.000    10.9812   3.821331    34.1675       1719     1.1928 0.0000e+00
     55.000    11.1135   3.838267    34.2124       1741     1.2085 0.0000e+00
     56.000    11.2248   3.853719    34.2618       1767     1.2265 0.0000e+00
     57.000    11.3075   3.865307    34.2991       1798     1.2482 0.0000e+00
     58.000    11.3122   3.866275    34.3039       1828     1.2688 0.0000e+00
     59.000    11.3323   3.868586    34.3076       1854     1.2866 0.0000e+00
     60.000    11.3790   3.874596    34.3232       1877     1.3029 0.0000e+00
     61.000    11.4053   3.877966    34.3316       1902     1.3204 0.0000e+00
     62.000    11.4682   3.885797    34.3499       1932     1.3412 0.0000e+00
     63.000    11.7003   3.913809    34.4093       1962     1.3619 0.0000e+00
     64.000    12.0787   3.962202    34.5310       1988     1.3802 0.0000e+00
     65.000    12.2894   3.990557    34.6110       2013     1.3974 0.0000e+00
     66.000    12.3194   3.995282    34.6285       2037     1.4140 0.0000e+00
     67.000    12.3345   3.997748    34.6380       2063     1.4316 0.0000e+00
     68.000    12.3334   3.998180    34.6428       2090     1.4507 0.0000e+00
     69.000    12.3408   3.999369    34.6469       2120     1.4716 0.0000e+00
     70.000    12.3963   4.006510    34.6643       2152     1.4936 0.0000e+00
     71.000    12.4231   4.010000    34.6728       2178     1.5121 0.0000e+00
     72.000    12.5923   4.030156    34.7104       2201     1.5274 0.0000e+00
     73.000    12.8963   4.069275    34.8046       2222     1.5423 0.0000e+00
     74.000    13.1049   4.097533    34.8816       2247     1.5595 0.0000e+00
     75.000    13.1255   4.101553    34.9005       2281     1.5836 0.0000e+00
     76.000    13.1509   4.105346    34.9128       2314     1.6061 0.0000e+00
     77.000    13.1765   4.109430    34.9276       2337     1.6223 0.0000e+00
     78.000    13.1773   4.109886    34.9307       2360     1.6384 0.0000e+00
     79.000    13.1430   4.106932    34.9338       2389     1.6584 0.0000e+00
     80.000    12.7914   4.071499    34.9197       2419     1.6790 0.0000e+00
     81.000    12.4783   4.037212    34.8799       2443     1.6962 0.0000e+00
     82.000    12.1397   3.999379    34.8281       2466     1.7121 0.0000e+00
     83.000    12.0046   3.983497    34.7991       2491     1.7291 0.0000e+00
     84.000    11.9219   3.973613    34.7794       2521     1.7502 0.0000e+00
     85.000    11.8529   3.965481    34.7639       2554     1.7729 0.0000e+00
     86.000    11.6883   3.947374    34.7398       2581     1.7916 0.0000e+00
     87.000    11.4797   3.923159    34.6966       2605     1.8080 0.0000e+00
     88.000    11.4613   3.920495    34.6871       2628     1.8246 0.0000e+00
     89.000    11.4470   3.918833    34.6837       2654     1.8425 0.0000e+00
     90.000    11.3675   3.909845    34.6691       2682     1.8615 0.0000e+00
     91.000    11.3341   3.904979    34.6519       3140     2.1796 0.0000e+00
     92.000    11.3904   3.911027    34.6584       3923     2.7234 0.0000e+00
     91.000    11.3526   3.907038    34.6548       3581     2.4863 0.0000e+00
     90.000    11.3672   3.908461    34.6557       3613     2.5083 0.0000e+00
     89.000    11.3824   3.910258    34.6597       3633     2.5219 0.0000e+00
     88.000    11.3929   3.911316    34.6607       3654     2.5368 0.0000e+00
     87.000    11.4435   3.917116    34.6709       3681     2.5557 0.0000e+00
     86.000    11.5028   3.923214    34.6759       3715     2.5794 0.0000e+00
     85.000    11.6169   3.936073    34.6962       3747     2.6016 0.0000e+00
     84.000    11.7172   3.948205    34.7219       3771     2.6183 0.0000e+00
     83.000    11.8867   3.967571    34.7537       3792     2.6325 0.0000e+00
     82.000    12.0162   3.981991    34.7740       3814     2.6482 0.0000e+00
     81.000    12.1774   3.999640    34.7960       3841     2.6669 0.0000e+00
     80.000    12.3815   4.023090    34.8339       3869     2.6861 0.0000e+00
     79.000    12.6789   4.055421    34.8700       3898     2.7060 0.0000e+00
     78.000    12.9466   4.083534    34.8924       3926     2.7254 0.0000e+00
     77.000    13.0821   4.098388    34.9095       3949     2.7419 0.0000e+00
     76.000    13.1183   4.102269    34.9135       3970     2.7566 0.0000e+00
     75.000    13.1115   4.101426    34.9122       3992     2.7715 0.0000e+00
     74.000    13.0839   4.097832    34.9038       4019     2.7905 0.0000e+00
     73.000    12.9782   4.084077    34.8706       4054     2.8146 0.0000e+00
     72.000    12.8228   4.064466    34.8268       4085     2.8359 0.0000e+00
     71.000    12.5776   4.032804    34.7498       4108     2.8520 0.0000e+00
     70.000    12.4942   4.021407    34.7176       4129     2.8665 0.0000e+00
     69.000    12.4491   4.015762    34.7052       4150     2.8814 0.0000e+00
     68.000    12.4035   4.009655    34.6889       4176     2.8995 0.0000e+00
     67.000    12.3710   4.005313    34.6774       4207     2.9210 0.0000e+00
     66.000    12.3498   4.002480    34.6701       4235     2.9402 0.0000e+00
     65.000    12.3105   3.997214    34.6559       4259     2.9567 0.0000e+00
     64.000    12.2409   3.988233    34.6337       4283     2.9739 0.0000e+00
     63.000    12.1201   3.972539    34.5937       4311     2.9931 0.0000e+00
     62.000    11.8568   3.938455    34.5059       4339     3.0123 0.0000e+00
     61.000    11.5173   3.895744    34.4027       4364     3.0298 0.0000e+00
     60.000    11.4459   3.886368    34.3771       4388     3.0466 0.0000e+00
     59.000    11.3978   3.879697    34.3565       4414     3.0646 0.0000e+00
     58.000    11.3619   3.875092    34.3448       4443     3.0851 0.0000e+00
     57.000    11.3267   3.870628    34.3339       4472     3.1051 0.0000e+00
     56.000    11.2322   3.858310    34.3004       4498     3.1228 0.0000e+00
     55.000    11.1645   3.848969    34.2712       4521     3.1391 0.0000e+00
     54.000    11.0638   3.834989    34.2265       4544     3.1552 0.0000e+00
     53.000    11.1704   3.843105    34.2084       4570     3.1727 0.0000e+00
     52.000    11.5804   3.886051    34.2527       4595     3.1906 0.0000e+00
     51.000    11.7928   3.909934    34.2912       4622     3.2090 0.0000e+00
     50.000    11.7358   3.902248    34.2690       4650     3.2287 0.0000e+00
     49.000    11.6766   3.894630    34.2494       4682     3.2509 0.0000e+00
     48.000    11.4990   3.873208    34.2034       4710     3.2699 0.0000e+00
     47.000    11.3482   3.855190    34.1657       4732     3.2851 0.0000e+00
     46.000    11.2571   3.843688    34.1368       4754     3.3004 0.0000e+00
     45.000    11.2075   3.837951    34.1264       4779     3.3183 0.0000e+00
     44.000    11.0641   3.820962    34.0911       4808     3.3381 0.0000e+00
     43.000    10.6393   3.769656    33.9737       4834     3.3564 0.0000e+00
     42.000    10.2781   3.726656    33.8776       4860     3.3740 0.0000e+00
     41.000    10.0798   3.702196    33.8152       4886     3.3921 0.0000e+00
     40.000     9.9431   3.685764    33.7762       4912     3.4107 0.0000e+00
     39.000     9.7334   3.660864    33.7184       4938     3.4285 0.0000e+00
     38.000     9.6485   3.650448    33.6917       4964     3.4462 0.0000e+00
     37.000     9.4886   3.632458    33.6571       4991     3.4651 0.0000e+00
     36.000     9.1750   3.596594    33.5814       5018     3.4841 0.0000e+00
     35.000     8.7135   3.541613    33.4434       5045     3.5024 0.0000e+00
     34.000     8.6135   3.526562    33.3803       5070     3.5198 0.0000e+00
     33.000     8.6984   3.533724    33.3758       5094     3.5366 0.0000e+00
     32.000     8.8048   3.544003    33.3838       5119     3.5541 0.0000e+00
     31.000     8.6758   3.529145    33.3499       5147     3.5735 0.0000e+00
     30.000     8.2330   3.479093    33.2403       5175     3.5930 0.0000e+00
     29.000     7.9545   3.445954    33.1519       5201     3.6110 0.0000e+00
     28.000     7.6495   3.410198    33.0585       5224     3.6269 0.0000e+00
     27.000     7.4657   3.385924    32.9720       5246     3.6423 0.0000e+00
     26.000     7.4123   3.377335    32.9304       5273     3.6612 0.0000e+00
     25.000     7.3712   3.371233    32.9039       5307     3.6849 0.0000e+00
     24.000     7.3514   3.368032    32.8885       5334     3.7035 0.0000e+00
     23.000     7.2791   3.359445    32.8645       5356     3.7188 0.0000e+00
     22.000     7.2449   3.354625    32.8452       5379     3.7348 0.0000e+00
     21.000     7.2241   3.350493    32.8206       5407     3.7539 0.0000e+00
     20.000     7.2357   3.349601    32.8004       5437     3.7751 0.0000e+00
     19.000     7.2769   3.351862    32.7862       5463     3.7933 0.0000e+00
     18.000     7.3110   3.354095    32.7786       5487     3.8095 0.0000e+00
     17.000     7.3765   3.358625    32.7662       5512     3.8270 0.0000e+00
     16.000     7.4357   3.363199    32.7601       5542     3.8478 0.0000e+00
     15.000     7.4750   3.366104    32.7548       5571     3.8680 0.0000e+00
     14.000     7.4974   3.367856    32.7530       5594     3.8843 0.0000e+00
     13.000     7.5074   3.368703    32.7533       5617     3.9002 0.0000e+00
     12.000     7.5165   3.369384    32.7525       5650     3.9228 0.0000e+00
     11.000     7.5263   3.370016    32.7505       5685     3.9470 0.0000e+00
     10.000     7.5388   3.371013    32.7500       5706     3.9621 0.0000e+00
      9.000     7.5425   3.371302    32.7501       5726     3.9755 0.0000e+00
      8.000     7.5454   3.371479    32.7497       5750     3.9926 0.0000e+00
      7.000     7.5538   3.371806    32.7458       6123     4.2516 0.0000e+00
      6.000     7.5613   3.372150    32.7429       6570     4.5621 0.0000e+00
      5.000     7.5589   3.371948    32.7434       6597     4.5807 0.0000e+00
      4.000     7.5556   3.371633    32.7436       6636     4.6076 0.0000e+00
      3.000     7.5524   3.371316    32.7437       6659     4.6237 0.0000e+00
      2.000     7.5482   3.370901    32.7436       6719     4.6651 0.0000e+00
      1.000     7.6450   2.681382    25.7834       6879     4.7763 0.0000e+00
