HB2502/ctd004.cnv
* Sea-Bird SBE 9 Data File:
* FileName = C:\cruise\data\ctd004.hex
* Software Version Seasave V 7.26.7.121
* Temperature SN = 6768
* Conductivity SN = 6166
* Number of Bytes Per Scan = 37
* Number of Voltage Words = 4
* Number of Scans Averaged by the Deck Unit = 1
* NMEA Latitude = 39 23.33 N
* NMEA Longitude = 074 03.34 W
* NMEA UTC (Time) = Mar 08 2025 14:32:57
* NMEA baud rate = 4800
** Ship: Bigelow HB2502
** Program:  Spring Bottom Trawl
** Chief Scientist:Jon Galbraith
# nquan = 7
# nvalues = 36                          
# units = specified
# name 0 = depSM: Depth [salt water, m]
# name 1 = t090C: Temperature [ITS-90, deg C]
# name 2 = c0S/m: Conductivity [S/m]
# name 3 = sal00: Salinity, Practical [PSU]
# name 4 = scan: Scan Count
# name 5 = timeM: Time, Elapsed [minutes]
# name 6 = flag: flag
# span 0 =      1.000,     20.000       
# span 1 =     5.0475,     5.1750       
# span 2 =   1.504825,   3.198134       
# span 3 =    15.4163,    33.2288       
# span 4 =        406,       2781       
# span 5 =     0.2810,     1.9306       
# span 6 = 0.0000e+00, 0.0000e+00       
# interval = meters: 1                  
# start_time = Mar 08 2025 14:32:57 [NMEA time, header]
# bad_flag = -9.990e-29
*END*
      4.000     5.0632   3.198134    33.2288        406     0.2810 0.0000e+00
      5.000     5.0542   3.185623    33.0933        672     0.4659 0.0000e+00
      6.000     5.0548   3.183520    33.0680        700     0.4851 0.0000e+00
      7.000     5.0566   3.183078    33.0606        728     0.5049 0.0000e+00
      8.000     5.0537   3.183202    33.0644        756     0.5243 0.0000e+00
      9.000     5.0494   3.182867    33.0643        782     0.5421 0.0000e+00
     10.000     5.0522   3.182411    33.0557        809     0.5608 0.0000e+00
     11.000     5.0520   3.182441    33.0558        836     0.5801 0.0000e+00
     12.000     5.0510   3.182556    33.0576        862     0.5978 0.0000e+00
     13.000     5.0504   3.182466    33.0566        886     0.6144 0.0000e+00
     14.000     5.0492   3.182445    33.0570        912     0.6325 0.0000e+00
     15.000     5.0484   3.182534    33.0584        940     0.6521 0.0000e+00
     16.000     5.0475   3.182654    33.0601        967     0.6707 0.0000e+00
     17.000     5.0487   3.182633    33.0582        994     0.6895 0.0000e+00
     18.000     5.0509   3.182688    33.0561       1023     0.7098 0.0000e+00
     19.000     5.0536   3.182825    33.0545       1051     0.7293 0.0000e+00
     20.000     5.0583   3.185895    33.0847       1671     1.1594 0.0000e+00
     19.000     5.0634   3.184818    33.0677       1934     1.3422 0.0000e+00
     18.000     5.0650   3.184569    33.0638       1994     1.3843 0.0000e+00
     17.000     5.0676   3.184139    33.0568       2021     1.4028 0.0000e+00
     16.000     5.0762   3.183841    33.0454       2047     1.4210 0.0000e+00
     15.000     5.0808   3.183786    33.0407       2073     1.4392 0.0000e+00
     14.000     5.0822   3.183796    33.0399       2100     1.4575 0.0000e+00
     13.000     5.0804   3.183838    33.0426       2124     1.4745 0.0000e+00
     12.000     5.0790   3.183867    33.0449       2147     1.4904 0.0000e+00
     11.000     5.0788   3.183889    33.0459       2171     1.5070 0.0000e+00
     10.000     5.0794   3.184929    33.0577       2198     1.5256 0.0000e+00
      9.000     5.0811   3.187224    33.0829       2227     1.5455 0.0000e+00
      8.000     5.0960   3.189463    33.0944       2254     1.5645 0.0000e+00
      7.000     5.1249   3.190689    33.0803       2279     1.5822 0.0000e+00
      6.000     5.1444   3.191472    33.0705       2305     1.6000 0.0000e+00
      5.000     5.1501   3.192041    33.0719       2331     1.6181 0.0000e+00
      4.000     5.1750   3.193702    33.0668       2355     1.6350 0.0000e+00
      3.000     5.0816   3.190451    33.1226       2557     1.7751 0.0000e+00
      2.000     5.1380   3.190889    33.0722       2712     1.8828 0.0000e+00
      1.000     5.1728   1.504825    15.4163       2781     1.9306 0.0000e+00
