HB2502/ctd089.cnv
* Sea-Bird SBE 9 Data File:
* FileName = C:\cruise\data\ctd089.hex
* Software Version Seasave V 7.26.7.121
* Temperature SN = 6768
* Conductivity SN = 6166
* Number of Bytes Per Scan = 37
* Number of Voltage Words = 4
* Number of Scans Averaged by the Deck Unit = 1
* NMEA Latitude = 40 25.62 N
* NMEA Longitude = 073 32.80 W
* NMEA UTC (Time) = Mar 21 2025 19:08:33
* NMEA baud rate = 4800
** Ship: Bigelow HB2502
** Program:  Spring Bottom Trawl
** Chief Scientist:Jon Galbraith
# nquan = 7
# nvalues = 38                          
# units = specified
# name 0 = depSM: Depth [salt water, m]
# name 1 = t090C: Temperature [ITS-90, deg C]
# name 2 = c0S/m: Conductivity [S/m]
# name 3 = sal00: Salinity, Practical [PSU]
# name 4 = scan: Scan Count
# name 5 = timeM: Time, Elapsed [minutes]
# name 6 = flag: flag
# span 0 =      2.000,     21.000       
# span 1 =     5.4552,     6.0305       
# span 2 =   3.180045,   3.259507       
# span 3 =    32.4325,    33.1151       
# span 4 =       -179,       2910       
# span 5 =    -0.1249,     2.0205       
# span 6 = 0.0000e+00, 0.0000e+00       
# interval = meters: 1                  
# start_time = Mar 21 2025 19:08:33 [NMEA time, header]
# bad_flag = -9.990e-29
*END*
      3.000     6.0305   3.259507    32.9737       -179    -0.1249 0.0000e+00
      4.000     5.4552   3.222221    33.1151        512     0.3551 0.0000e+00
      5.000     5.6312   3.190190    32.5794        493     0.3417 0.0000e+00
      6.000     5.6305   3.184636    32.5168        525     0.3636 0.0000e+00
      7.000     5.6254   3.183262    32.5057        551     0.3821 0.0000e+00
      8.000     5.6260   3.183997    32.5129        584     0.4048 0.0000e+00
      9.000     5.6306   3.182793    32.4944        616     0.4272 0.0000e+00
     10.000     5.6298   3.182633    32.4929        651     0.4511 0.0000e+00
     11.000     5.6279   3.182105    32.4882        686     0.4755 0.0000e+00
     12.000     5.6268   3.181825    32.4856        719     0.4983 0.0000e+00
     13.000     5.6229   3.181748    32.4880        752     0.5215 0.0000e+00
     14.000     5.6160   3.181513    32.4915        786     0.5449 0.0000e+00
     15.000     5.6062   3.181729    32.5029        818     0.5671 0.0000e+00
     16.000     5.6041   3.181281    32.4994        851     0.5901 0.0000e+00
     17.000     5.6066   3.180767    32.4907        885     0.6136 0.0000e+00
     18.000     5.6081   3.180045    32.4805        916     0.6351 0.0000e+00
     19.000     5.6076   3.180151    32.4817        946     0.6562 0.0000e+00
     20.000     5.6062   3.181917    32.5026        979     0.6794 0.0000e+00
     21.000     5.6078   3.184759    32.5327       1018     0.7065 0.0000e+00
     20.000     5.6872   3.184003    32.4479       2528     1.7551 0.0000e+00
     19.000     5.6773   3.182613    32.4423       1987     1.3791 0.0000e+00
     18.000     5.6639   3.182445    32.4538       2012     1.3968 0.0000e+00
     17.000     5.6852   3.182323    32.4325       2038     1.4143 0.0000e+00
     16.000     5.6850   3.182358    32.4335       2067     1.4348 0.0000e+00
     15.000     5.6849   3.182253    32.4329       2096     1.4547 0.0000e+00
     14.000     5.6830   3.182033    32.4328       2119     1.4711 0.0000e+00
     13.000     5.6839   3.182707    32.4400       2143     1.4875 0.0000e+00
     12.000     5.6834   3.186191    32.4804       2170     1.5062 0.0000e+00
     11.000     5.6804   3.188101    32.5053       2199     1.5266 0.0000e+00
     10.000     5.7077   3.189794    32.4985       2228     1.5463 0.0000e+00
      9.000     5.7401   3.194371    32.5194       2256     1.5660 0.0000e+00
      8.000     5.7767   3.199251    32.5396       2298     1.5948 0.0000e+00
      7.000     5.8611   3.205503    32.5290       2339     1.6236 0.0000e+00
      6.000     5.8489   3.207943    32.5688       2375     1.6487 0.0000e+00
      5.000     5.9320   3.210848    32.5218       2416     1.6770 0.0000e+00
      4.000     6.0301   3.216896    32.4958       2453     1.7026 0.0000e+00
      3.000     5.8825   3.223291    32.7109       2523     1.7516 0.0000e+00
      2.000     5.7670   3.214124    32.7196       2910     2.0205 0.0000e+00
