HB2502/ctd096.cnv
* Sea-Bird SBE 9 Data File:
* FileName = C:\cruise\data\ctd096.hex
* Software Version Seasave V 7.26.7.121
* Temperature SN = 6768
* Conductivity SN = 6166
* Number of Bytes Per Scan = 37
* Number of Voltage Words = 4
* Number of Scans Averaged by the Deck Unit = 1
* NMEA Latitude = 40 50.25 N
* NMEA Longitude = 071 51.13 W
* NMEA UTC (Time) = Mar 22 2025 15:17:07
* NMEA baud rate = 4800
** Ship: Bigelow HB2502
** Program:  Spring Bottom Trawl
** Chief Scientist:Jon Galbraith
# nquan = 7
# nvalues = 73                          
# units = specified
# name 0 = depSM: Depth [salt water, m]
# name 1 = t090C: Temperature [ITS-90, deg C]
# name 2 = c0S/m: Conductivity [S/m]
# name 3 = sal00: Salinity, Practical [PSU]
# name 4 = scan: Scan Count
# name 5 = timeM: Time, Elapsed [minutes]
# name 6 = flag: flag
# span 0 =      1.000,     38.000       
# span 1 =     5.7603,     6.3889       
# span 2 =   3.195482,   3.268168       
# span 3 =    32.4212,    33.1456       
# span 4 =        193,       3262       
# span 5 =     0.1330,     2.2644       
# span 6 = 0.0000e+00, 0.0000e+00       
# interval = meters: 1                  
# start_time = Mar 22 2025 15:17:07 [NMEA time, header]
# bad_flag = -9.990e-29
*END*
      3.000     5.9534   3.268168    33.1456        193     0.1330 0.0000e+00
      4.000     5.8268   3.210075    32.6152        333     0.2307 0.0000e+00
      5.000     5.8328   3.201083    32.5076        352     0.2439 0.0000e+00
      6.000     5.8382   3.197967    32.4669        382     0.2645 0.0000e+00
      7.000     5.8392   3.195768    32.4407        411     0.2847 0.0000e+00
      8.000     5.8337   3.195482    32.4423        437     0.3029 0.0000e+00
      9.000     5.8236   3.195784    32.4548        466     0.3226 0.0000e+00
     10.000     5.8150   3.196011    32.4652        493     0.3417 0.0000e+00
     11.000     5.8307   3.200360    32.4986        519     0.3599 0.0000e+00
     12.000     5.8495   3.204063    32.5216        548     0.3797 0.0000e+00
     13.000     5.8650   3.207062    32.5399        578     0.4005 0.0000e+00
     14.000     5.8832   3.209007    32.5437        605     0.4196 0.0000e+00
     15.000     5.9016   3.211426    32.5526        632     0.4382 0.0000e+00
     16.000     5.9175   3.213490    32.5599        661     0.4583 0.0000e+00
     17.000     5.9320   3.215410    32.5671        690     0.4782 0.0000e+00
     18.000     5.9427   3.217217    32.5765        715     0.4956 0.0000e+00
     19.000     5.9509   3.218377    32.5812        740     0.5133 0.0000e+00
     20.000     5.9564   3.219299    32.5857        770     0.5339 0.0000e+00
     21.000     5.9650   3.219575    32.5800        801     0.5556 0.0000e+00
     22.000     5.9740   3.220472    32.5809        828     0.5743 0.0000e+00
     23.000     5.9791   3.222044    32.5932        854     0.5920 0.0000e+00
     24.000     5.9843   3.223019    32.5986        881     0.6114 0.0000e+00
     25.000     5.9913   3.223379    32.5954        909     0.6305 0.0000e+00
     26.000     6.0010   3.224061    32.5931        938     0.6507 0.0000e+00
     27.000     6.0274   3.225164    32.5796        968     0.6717 0.0000e+00
     28.000     6.0440   3.228522    32.6008        994     0.6899 0.0000e+00
     29.000     6.0356   3.233088    32.6594       1019     0.7070 0.0000e+00
     30.000     5.9951   3.235875    32.7293       1047     0.7262 0.0000e+00
     31.000     5.9468   3.236740    32.7852       1076     0.7466 0.0000e+00
     32.000     5.9069   3.236819    32.8243       1105     0.7667 0.0000e+00
     33.000     5.8611   3.235971    32.8588       1134     0.7870 0.0000e+00
     34.000     5.8045   3.234651    32.8986       1163     0.8072 0.0000e+00
     35.000     5.7603   3.232337    32.9150       1189     0.8250 0.0000e+00
     36.000     5.7780   3.231682    32.8899       1213     0.8414 0.0000e+00
     37.000     5.7942   3.232496    32.8828       1237     0.8580 0.0000e+00
     38.000     5.7963   3.232428    32.8795       1249     0.8666 0.0000e+00
     37.000     5.8049   3.235256    32.9035       1574     1.0925 0.0000e+00
     36.000     5.8496   3.229984    32.8011       2191     1.5207 0.0000e+00
     35.000     5.8838   3.229146    32.7590       2193     1.5223 0.0000e+00
     34.000     5.8774   3.228994    32.7640       2217     1.5390 0.0000e+00
     33.000     5.9068   3.229217    32.7385       2241     1.5557 0.0000e+00
     32.000     5.8959   3.229533    32.7531       2265     1.5725 0.0000e+00
     31.000     5.8826   3.229864    32.7702       2290     1.5896 0.0000e+00
     30.000     5.9066   3.230051    32.7496       2314     1.6065 0.0000e+00
     29.000     5.9095   3.230369    32.7508       2340     1.6243 0.0000e+00
     28.000     5.9179   3.230081    32.7400       2369     1.6445 0.0000e+00
     27.000     5.9238   3.229960    32.7334       2397     1.6640 0.0000e+00
     26.000     5.9268   3.229756    32.7287       2422     1.6809 0.0000e+00
     25.000     5.9050   3.229839    32.7512       2447     1.6984 0.0000e+00
     24.000     5.9362   3.229698    32.7200       2474     1.7174 0.0000e+00
     23.000     5.9154   3.229795    32.7417       2499     1.7349 0.0000e+00
     22.000     5.9366   3.229852    32.7223       2522     1.7505 0.0000e+00
     21.000     5.9394   3.229856    32.7201       2545     1.7669 0.0000e+00
     20.000     5.9486   3.229563    32.7084       2574     1.7866 0.0000e+00
     19.000     5.9602   3.229101    32.6925       2604     1.8076 0.0000e+00
     18.000     5.9434   3.229305    32.7116       2631     1.8265 0.0000e+00
     17.000     5.9267   3.229993    32.7359       2656     1.8439 0.0000e+00
     16.000     5.9337   3.230481    32.7351       2681     1.8612 0.0000e+00
     15.000     5.9489   3.231458    32.7318       2706     1.8787 0.0000e+00
     14.000     5.9839   3.232239    32.7073       2731     1.8957 0.0000e+00
     13.000     6.0090   3.231975    32.6806       2755     1.9128 0.0000e+00
     12.000     6.0522   3.232273    32.6427       2782     1.9314 0.0000e+00
     11.000     6.0722   3.232976    32.6318       2813     1.9528 0.0000e+00
     10.000     6.0965   3.233883    32.6191       2842     1.9729 0.0000e+00
      9.000     6.1223   3.235042    32.6076       2866     1.9893 0.0000e+00
      8.000     6.1671   3.234457    32.5586       2888     2.0051 0.0000e+00
      7.000     6.1644   3.233038    32.5459       2914     2.0229 0.0000e+00
      6.000     6.2097   3.232610    32.4981       2942     2.0420 0.0000e+00
      5.000     6.2321   3.232143    32.4720       2969     2.0611 0.0000e+00
      4.000     6.2576   3.240563    32.5418       2995     2.0793 0.0000e+00
      3.000     6.0896   3.239814    32.6961       3150     2.1867 0.0000e+00
      2.000     6.2290   3.242123    32.5878       3233     2.2444 0.0000e+00
      1.000     6.3889   3.240858    32.4212       3262     2.2644 0.0000e+00
