HB2502/ctd077.cnv
* Sea-Bird SBE 9 Data File:
* FileName = C:\cruise\data\ctd077.hex
* Software Version Seasave V 7.26.7.121
* Temperature SN = 6768
* Conductivity SN = 6166
* Number of Bytes Per Scan = 37
* Number of Voltage Words = 4
* Number of Scans Averaged by the Deck Unit = 1
* NMEA Latitude = 38 55.78 N
* NMEA Longitude = 072 55.12 W
* NMEA UTC (Time) = Mar 20 2025 00:07:28
* NMEA baud rate = 4800
** Ship: Bigelow HB2502
** Program:  Spring Bottom Trawl
** Chief Scientist:Jon Galbraith
# nquan = 7
# nvalues = 212                         
# units = specified
# name 0 = depSM: Depth [salt water, m]
# name 1 = t090C: Temperature [ITS-90, deg C]
# name 2 = c0S/m: Conductivity [S/m]
# name 3 = sal00: Salinity, Practical [PSU]
# name 4 = scan: Scan Count
# name 5 = timeM: Time, Elapsed [minutes]
# name 6 = flag: flag
# span 0 =      2.000,    108.000       
# span 1 =     6.7236,     7.6613       
# span 2 =   3.309844,   3.468929       
# span 3 =    32.6709,    33.6568       
# span 4 =       -188,       7099       
# span 5 =    -0.1313,     4.9289       
# span 6 = 0.0000e+00, 0.0000e+00       
# interval = meters: 1                  
# start_time = Mar 20 2025 00:07:28 [NMEA time, header]
# bad_flag = -9.990e-29
*END*
      3.000     6.8098   3.332175    33.0254       -188    -0.1313 0.0000e+00
      4.000     6.8106   3.319145    32.8809        357     0.2471 0.0000e+00
      5.000     6.8093   3.311063    32.7929        488     0.3379 0.0000e+00
      6.000     6.8086   3.314794    32.8340        530     0.3673 0.0000e+00
      7.000     6.8091   3.314284    32.8275        551     0.3816 0.0000e+00
      8.000     6.8100   3.314374    32.8271        566     0.3925 0.0000e+00
      9.000     6.8102   3.314404    32.8268        584     0.4048 0.0000e+00
     10.000     6.8107   3.315205    32.8346        608     0.4216 0.0000e+00
     11.000     6.8120   3.314798    32.8284        652     0.4521 0.0000e+00
     12.000     6.8083   3.314588    32.8291        688     0.4768 0.0000e+00
     13.000     6.8089   3.314318    32.8251        709     0.4917 0.0000e+00
     14.000     6.8100   3.314450    32.8251        731     0.5067 0.0000e+00
     15.000     6.7952   3.315070    32.8455        764     0.5301 0.0000e+00
     16.000     6.7734   3.315051    32.8658        806     0.5592 0.0000e+00
     17.000     6.7568   3.312542    32.8536        824     0.5715 0.0000e+00
     18.000     6.7492   3.311440    32.8483        838     0.5816 0.0000e+00
     19.000     6.7236   3.310375    32.8606        852     0.5907 0.0000e+00
     20.000     6.7331   3.309844    32.8452        867     0.6014 0.0000e+00
     21.000     6.7577   3.313262    32.8587        935     0.6486 0.0000e+00
     22.000     6.7966   3.313419    32.8227        980     0.6802 0.0000e+00
     23.000     6.8349   3.317299    32.8282        994     0.6897 0.0000e+00
     24.000     6.9619   3.322698    32.7656       1007     0.6984 0.0000e+00
     25.000     7.0513   3.331614    32.7774       1021     0.7082 0.0000e+00
     26.000     7.0867   3.332590    32.7539       1039     0.7210 0.0000e+00
     27.000     7.1128   3.327293    32.6709       1078     0.7480 0.0000e+00
     28.000     7.1499   3.337443    32.7457       1121     0.7779 0.0000e+00
     29.000     7.1562   3.344564    32.8168       1146     0.7949 0.0000e+00
     30.000     7.1882   3.346697    32.8091       1171     0.8127 0.0000e+00
     31.000     7.2140   3.349121    32.8105       1201     0.8331 0.0000e+00
     32.000     7.2170   3.352429    32.8431       1235     0.8568 0.0000e+00
     33.000     7.2069   3.356422    32.8956       1261     0.8747 0.0000e+00
     34.000     7.1860   3.358836    32.9413       1279     0.8876 0.0000e+00
     35.000     7.1715   3.360023    32.9676       1295     0.8989 0.0000e+00
     36.000     7.1587   3.360628    32.9860       1313     0.9109 0.0000e+00
     37.000     7.1480   3.360088    32.9898       1338     0.9285 0.0000e+00
     38.000     7.1370   3.360570    33.0051       1389     0.9639 0.0000e+00
     39.000     7.1288   3.364212    33.0522       1423     0.9872 0.0000e+00
     40.000     7.1032   3.367188    33.1087       1448     1.0049 0.0000e+00
     41.000     7.1059   3.368777    33.1229       1475     1.0236 0.0000e+00
     42.000     7.1225   3.370430    33.1246       1501     1.0413 0.0000e+00
     43.000     7.1311   3.372926    33.1430       1521     1.0558 0.0000e+00
     44.000     7.1397   3.375448    33.1618       1540     1.0686 0.0000e+00
     45.000     7.1434   3.377930    33.1848       1558     1.0813 0.0000e+00
     46.000     7.1456   3.379872    33.2034       1580     1.0967 0.0000e+00
     47.000     7.1442   3.381712    33.2243       1618     1.1229 0.0000e+00
     48.000     7.1397   3.382951    33.2416       1671     1.1600 0.0000e+00
     49.000     7.1312   3.383548    33.2559       1696     1.1768 0.0000e+00
     50.000     7.1035   3.382807    33.2740       1716     1.1912 0.0000e+00
     51.000     7.1183   3.384635    33.2792       1738     1.2063 0.0000e+00
     52.000     7.1267   3.385929    33.2848       1765     1.2252 0.0000e+00
     53.000     7.1314   3.386521    33.2862       1792     1.2440 0.0000e+00
     54.000     7.1365   3.387268    33.2889       1814     1.2587 0.0000e+00
     55.000     7.1382   3.387856    33.2933       1832     1.2717 0.0000e+00
     56.000     7.1457   3.389024    33.2982       1855     1.2873 0.0000e+00
     57.000     7.1626   3.391505    33.3085       1890     1.3121 0.0000e+00
     58.000     7.1855   3.394870    33.3226       1941     1.3475 0.0000e+00
     59.000     7.1938   3.396124    33.3278       1973     1.3692 0.0000e+00
     60.000     7.2027   3.397550    33.3342       1993     1.3831 0.0000e+00
     61.000     7.2126   3.398986    33.3398       2010     1.3950 0.0000e+00
     62.000     7.2353   3.401781    33.3479       2028     1.4080 0.0000e+00
     63.000     7.2442   3.404477    33.3681       2055     1.4262 0.0000e+00
     64.000     7.2689   3.408214    33.3845       2093     1.4530 0.0000e+00
     65.000     7.2245   3.404534    33.3868       2120     1.4718 0.0000e+00
     66.000     7.2665   3.409649    33.4014       2142     1.4866 0.0000e+00
     67.000     7.1696   3.401794    33.4091       2165     1.5025 0.0000e+00
     68.000     7.0919   3.394221    33.4012       2197     1.5250 0.0000e+00
     69.000     6.9832   3.384001    33.3943       2239     1.5542 0.0000e+00
     70.000     6.8296   3.370405    33.3938       2268     1.5747 0.0000e+00
     71.000     6.7764   3.365449    33.3905       2289     1.5888 0.0000e+00
     72.000     6.7833   3.366011    33.3895       2307     1.6011 0.0000e+00
     73.000     6.7941   3.367037    33.3898       2325     1.6136 0.0000e+00
     74.000     6.8273   3.370544    33.3956       2351     1.6316 0.0000e+00
     75.000     6.8563   3.373897    33.4037       2407     1.6707 0.0000e+00
     76.000     7.2786   3.417806    33.4735       2435     1.6903 0.0000e+00
     77.000     7.4839   3.442813    33.5458       2455     1.7039 0.0000e+00
     78.000     7.6310   3.462129    33.6119       2473     1.7167 0.0000e+00
     79.000     7.6613   3.467269    33.6376       2492     1.7301 0.0000e+00
     80.000     7.6613   3.467893    33.6438       2514     1.7453 0.0000e+00
     81.000     7.6594   3.468323    33.6497       2555     1.7734 0.0000e+00
     82.000     7.6609   3.468891    33.6540       2612     1.8135 0.0000e+00
     83.000     7.6613   3.468929    33.6535       2630     1.8260 0.0000e+00
     84.000     7.6595   3.468785    33.6532       2646     1.8367 0.0000e+00
     85.000     7.6595   3.468890    33.6539       2661     1.8469 0.0000e+00
     86.000     7.6542   3.468477    33.6541       2677     1.8582 0.0000e+00
     87.000     7.6505   3.468189    33.6540       2700     1.8746 0.0000e+00
     88.000     7.6381   3.467232    33.6553       2760     1.9159 0.0000e+00
     89.000     7.6366   3.467192    33.6558       2797     1.9419 0.0000e+00
     90.000     7.6287   3.466458    33.6551       2816     1.9546 0.0000e+00
     91.000     7.6280   3.466468    33.6553       2832     1.9658 0.0000e+00
     92.000     7.6296   3.466665    33.6555       2849     1.9776 0.0000e+00
     93.000     7.6283   3.466545    33.6549       2871     1.9928 0.0000e+00
     94.000     7.6298   3.466724    33.6549       2904     2.0161 0.0000e+00
     95.000     7.6297   3.466770    33.6551       2942     2.0425 0.0000e+00
     96.000     7.6292   3.466786    33.6552       2972     2.0632 0.0000e+00
     97.000     7.6290   3.466886    33.6559       2998     2.0810 0.0000e+00
     98.000     7.6289   3.466962    33.6564       3022     2.0979 0.0000e+00
     99.000     7.6277   3.466869    33.6561       3046     2.1142 0.0000e+00
    100.000     7.6287   3.467018    33.6563       3069     2.1308 0.0000e+00
    101.000     7.6296   3.467195    33.6568       3096     2.1492 0.0000e+00
    102.000     7.6300   3.467263    33.6567       3129     2.1723 0.0000e+00
    103.000     7.6284   3.467170    33.6568       3162     2.1953 0.0000e+00
    104.000     7.6226   3.466587    33.6555       3187     2.2126 0.0000e+00
    105.000     7.6240   3.466781    33.6558       3209     2.2277 0.0000e+00
    106.000     7.6229   3.466715    33.6557       3232     2.2440 0.0000e+00
    107.000     7.6216   3.466573    33.6549       3393     2.3553 0.0000e+00
    108.000     7.6220   3.466604    33.6544       3816     2.6494 0.0000e+00
    107.000     7.6193   3.466326    33.6545       3742     2.5981 0.0000e+00
    106.000     7.6226   3.466586    33.6546       3900     2.7073 0.0000e+00
    105.000     7.6209   3.466354    33.6542       3995     2.7736 0.0000e+00
    104.000     7.6199   3.466238    33.6544       4016     2.7885 0.0000e+00
    103.000     7.6198   3.466162    33.6542       4041     2.8053 0.0000e+00
    102.000     7.6220   3.466316    33.6542       4063     2.8211 0.0000e+00
    101.000     7.6263   3.466702    33.6547       4087     2.8374 0.0000e+00
    100.000     7.6271   3.466764    33.6550       4115     2.8571 0.0000e+00
     99.000     7.6271   3.466728    33.6551       4150     2.8815 0.0000e+00
     98.000     7.6272   3.466685    33.6551       4181     2.9029 0.0000e+00
     97.000     7.6272   3.466629    33.6549       4205     2.9193 0.0000e+00
     96.000     7.6267   3.466507    33.6546       4227     2.9345 0.0000e+00
     95.000     7.6261   3.466424    33.6548       4249     2.9499 0.0000e+00
     94.000     7.6253   3.466313    33.6548       4271     2.9655 0.0000e+00
     93.000     7.6223   3.465963    33.6544       4293     2.9809 0.0000e+00
     92.000     7.6154   3.465140    33.6527       4317     2.9973 0.0000e+00
     91.000     7.6106   3.464588    33.6519       4348     3.0185 0.0000e+00
     90.000     7.6088   3.464338    33.6514       4385     3.0444 0.0000e+00
     89.000     7.6070   3.464120    33.6513       4416     3.0663 0.0000e+00
     88.000     7.6066   3.464067    33.6515       4441     3.0833 0.0000e+00
     87.000     7.6066   3.463993    33.6513       4463     3.0989 0.0000e+00
     86.000     7.6068   3.463983    33.6514       4486     3.1148 0.0000e+00
     85.000     7.6102   3.464173    33.6507       4512     3.1324 0.0000e+00
     84.000     7.6176   3.464705    33.6497       4537     3.1498 0.0000e+00
     83.000     7.6267   3.465484    33.6498       4559     3.1652 0.0000e+00
     82.000     7.6303   3.465743    33.6496       4580     3.1796 0.0000e+00
     81.000     7.6300   3.465499    33.6477       4601     3.1942 0.0000e+00
     80.000     7.6208   3.463804    33.6389       4626     3.2117 0.0000e+00
     79.000     7.4891   3.446871    33.5837       4679     3.2489 0.0000e+00
     78.000     7.3044   3.426269    33.5395       4725     3.2806 0.0000e+00
     77.000     6.9741   3.389282    33.4571       4741     3.2918 0.0000e+00
     76.000     6.8783   3.378068    33.4276       4755     3.3014 0.0000e+00
     75.000     6.8221   3.371223    33.4076       4769     3.3112 0.0000e+00
     74.000     6.8022   3.368676    33.3995       4785     3.3222 0.0000e+00
     73.000     6.8008   3.367915    33.3929       4807     3.3372 0.0000e+00
     72.000     6.8161   3.368833    33.3886       4844     3.3635 0.0000e+00
     71.000     6.8813   3.374290    33.3857       4890     3.3954 0.0000e+00
     70.000     6.9854   3.383446    33.3856       4921     3.4165 0.0000e+00
     69.000     7.0693   3.391316    33.3908       4945     3.4331 0.0000e+00
     68.000     7.2082   3.404487    33.4006       4965     3.4474 0.0000e+00
     67.000     7.2604   3.409648    33.4068       4985     3.4611 0.0000e+00
     66.000     7.3001   3.412709    33.4022       5008     3.4768 0.0000e+00
     65.000     7.3114   3.413082    33.3959       5041     3.5002 0.0000e+00
     64.000     7.2986   3.411207    33.3883       5078     3.5254 0.0000e+00
     63.000     7.2589   3.405552    33.3657       5101     3.5419 0.0000e+00
     62.000     7.2264   3.401164    33.3498       5122     3.5560 0.0000e+00
     61.000     7.2061   3.398416    33.3399       5144     3.5713 0.0000e+00
     60.000     7.1879   3.396038    33.3321       5178     3.5949 0.0000e+00
     59.000     7.1841   3.395467    33.3299       5220     3.6246 0.0000e+00
     58.000     7.1656   3.392752    33.3187       5244     3.6410 0.0000e+00
     57.000     7.1548   3.391118    33.3119       5262     3.6534 0.0000e+00
     56.000     7.1490   3.390119    33.3071       5278     3.6646 0.0000e+00
     55.000     7.1461   3.389378    33.3022       5296     3.6768 0.0000e+00
     54.000     7.1388   3.388034    33.2951       5318     3.6924 0.0000e+00
     53.000     7.1174   3.384573    33.2785       5364     3.7240 0.0000e+00
     52.000     7.1175   3.384064    33.2733       5419     3.7622 0.0000e+00
     51.000     7.1140   3.382718    33.2625       5440     3.7769 0.0000e+00
     50.000     7.1292   3.383584    33.2577       5457     3.7888 0.0000e+00
     49.000     7.1369   3.383992    33.2552       5472     3.7995 0.0000e+00
     48.000     7.1403   3.383976    33.2522       5489     3.8111 0.0000e+00
     47.000     7.1438   3.383666    33.2460       5510     3.8257 0.0000e+00
     46.000     7.1431   3.383444    33.2447       5545     3.8502 0.0000e+00
     45.000     7.1407   3.383025    33.2430       5585     3.8777 0.0000e+00
     44.000     7.1313   3.381835    33.2396       5612     3.8965 0.0000e+00
     43.000     7.1191   3.380346    33.2356       5642     3.9171 0.0000e+00
     42.000     7.1073   3.378639    33.2288       5675     3.9402 0.0000e+00
     41.000     7.1193   3.377202    33.2020       5698     3.9563 0.0000e+00
     40.000     7.1254   3.376569    33.1897       5715     3.9681 0.0000e+00
     39.000     7.1327   3.375783    33.1746       5731     3.9789 0.0000e+00
     38.000     7.1412   3.374552    33.1535       5748     3.9907 0.0000e+00
     37.000     7.1482   3.372400    33.1238       5774     4.0093 0.0000e+00
     36.000     7.1637   3.368375    33.0655       5835     4.0514 0.0000e+00
     35.000     7.1662   3.367962    33.0592       5865     4.0724 0.0000e+00
     34.000     7.1768   3.366839    33.0373       5886     4.0868 0.0000e+00
     33.000     7.1940   3.366695    33.0197       5905     4.1003 0.0000e+00
     32.000     7.2045   3.366950    33.0129       5926     4.1143 0.0000e+00
     31.000     7.2117   3.366803    33.0049       5948     4.1296 0.0000e+00
     30.000     7.2174   3.366629    32.9981       5971     4.1459 0.0000e+00
     29.000     7.2194   3.366379    32.9939       5996     4.1630 0.0000e+00
     28.000     7.2081   3.364244    32.9819       6027     4.1845 0.0000e+00
     27.000     7.2048   3.363183    32.9741       6067     4.2126 0.0000e+00
     26.000     7.1996   3.362224    32.9691       6099     4.2348 0.0000e+00
     25.000     7.1787   3.358799    32.9522       6122     4.2506 0.0000e+00
     24.000     7.1502   3.355769    32.9469       6142     4.2648 0.0000e+00
     23.000     7.1122   3.351741    32.9398       6163     4.2794 0.0000e+00
     22.000     7.0867   3.349019    32.9350       6187     4.2956 0.0000e+00
     21.000     7.0436   3.344626    32.9287       6213     4.3142 0.0000e+00
     20.000     6.8954   3.329690    32.9075       6241     4.3333 0.0000e+00
     19.000     6.8132   3.319451    32.8745       6268     4.3520 0.0000e+00
     18.000     6.7795   3.315187    32.8604       6295     4.3707 0.0000e+00
     17.000     6.7623   3.313046    32.8538       6321     4.3892 0.0000e+00
     16.000     6.7568   3.311875    32.8467       6350     4.4090 0.0000e+00
     15.000     6.7582   3.311175    32.8382       6379     4.4291 0.0000e+00
     14.000     6.7604   3.310952    32.8341       6406     4.4483 0.0000e+00
     13.000     6.7777   3.311853    32.8279       6432     4.4661 0.0000e+00
     12.000     6.7907   3.312715    32.8254       6456     4.4825 0.0000e+00
     11.000     6.7936   3.312928    32.8255       6477     4.4971 0.0000e+00
     10.000     6.8009   3.313327    32.8234       6497     4.5114 0.0000e+00
      9.000     6.8055   3.313641    32.8229       6524     4.5297 0.0000e+00
