HB2502/ctd057.cnv
* Sea-Bird SBE 9 Data File:
* FileName = C:\cruise\data\ctd057.hex
* Software Version Seasave V 7.26.7.121
* Temperature SN = 6768
* Conductivity SN = 6166
* Number of Bytes Per Scan = 37
* Number of Voltage Words = 4
* Number of Scans Averaged by the Deck Unit = 1
* NMEA Latitude = 35 09.47 N
* NMEA Longitude = 075 04.09 W
* NMEA UTC (Time) = Mar 15 2025 06:23:20
* NMEA baud rate = 4800
** Ship: Bigelow HB2502
** Program:  Spring Bottom Trawl
** Chief Scientist:Jon Galbraith
# nquan = 7
# nvalues = 542                         
# units = specified
# name 0 = depSM: Depth [salt water, m]
# name 1 = t090C: Temperature [ITS-90, deg C]
# name 2 = c0S/m: Conductivity [S/m]
# name 3 = sal00: Salinity, Practical [PSU]
# name 4 = scan: Scan Count
# name 5 = timeM: Time, Elapsed [minutes]
# name 6 = flag: flag
# span 0 =      1.000,    273.000       
# span 1 =    11.9042,    21.5499       
# span 2 =   4.054972,   5.137982       
# span 3 =    31.0881,    36.6688       
# span 4 =        141,      16354       
# span 5 =     0.0974,    11.3564       
# span 6 = 0.0000e+00, 0.0000e+00       
# interval = meters: 1                  
# start_time = Mar 15 2025 06:23:20 [NMEA time, header]
# bad_flag = -9.990e-29
*END*
[from data line 206]
    210.000    14.5727   4.356787    35.8992       5947     4.1291 0.0000e+00
    211.000    14.5663   4.356050    35.8979       5969     4.1444 0.0000e+00
    212.000    14.5507   4.354295    35.8957       5994     4.1621 0.0000e+00
    213.000    14.5097   4.349606    35.8899       6039     4.1929 0.0000e+00
    214.000    14.4043   4.337706    35.8770       6085     4.2250 0.0000e+00
    215.000    14.3182   4.327931    35.8657       6105     4.2386 0.0000e+00
    216.000    14.2926   4.324938    35.8613       6121     4.2498 0.0000e+00
    217.000    14.2582   4.321022    35.8565       6135     4.2599 0.0000e+00
    218.000    14.2074   4.315246    35.8495       6151     4.2710 0.0000e+00
    219.000    14.1762   4.311669    35.8447       6173     4.2864 0.0000e+00
    220.000    14.1414   4.307550    35.8383       6219     4.3181 0.0000e+00
    221.000    14.0969   4.302474    35.8319       6267     4.3511 0.0000e+00
    222.000    14.0498   4.297199    35.8261       6291     4.3678 0.0000e+00
    223.000    14.0432   4.296452    35.8247       6309     4.3808 0.0000e+00
    224.000    14.0412   4.296229    35.8241       6326     4.3923 0.0000e+00
    225.000    14.0337   4.295358    35.8226       6343     4.4043 0.0000e+00
    226.000    13.9969   4.291379    35.8192       6365     4.4195 0.0000e+00
    227.000    13.9317   4.283931    35.8098       6412     4.4518 0.0000e+00
    228.000    13.8202   4.271402    35.7959       6456     4.4826 0.0000e+00
    229.000    13.4941   4.235159    35.7588       6477     4.4971 0.0000e+00
    230.000    13.2382   4.206439    35.7264       6495     4.5097 0.0000e+00
    231.000    13.2198   4.203863    35.7187       6513     4.5222 0.0000e+00
    232.000    13.2077   4.202245    35.7143       6533     4.5359 0.0000e+00
    233.000    13.1895   4.200035    35.7099       6556     4.5524 0.0000e+00
    234.000    13.1840   4.199188    35.7066       6592     4.5770 0.0000e+00
    235.000    13.1746   4.197981    35.7034       6634     4.6065 0.0000e+00
    236.000    13.1618   4.196484    35.7008       6663     4.6261 0.0000e+00
    237.000    13.1622   4.196477    35.6999       6686     4.6421 0.0000e+00
    238.000    13.1570   4.195881    35.6987       6709     4.6581 0.0000e+00
    239.000    13.1500   4.195074    35.6972       6733     4.6749 0.0000e+00
    240.000    13.1395   4.193870    35.6951       6759     4.6927 0.0000e+00
    241.000    13.0872   4.188111    35.6890       6785     4.7114 0.0000e+00
    242.000    12.9694   4.175023    35.6744       6811     4.7295 0.0000e+00
    243.000    12.9081   4.168120    35.6657       6837     4.7470 0.0000e+00
    244.000    12.8517   4.161752    35.6575       6863     4.7652 0.0000e+00
    245.000    12.8140   4.157412    35.6510       6891     4.7845 0.0000e+00
    246.000    12.8058   4.156379    35.6483       6920     4.8046 0.0000e+00
    247.000    12.8052   4.156233    35.6471       6953     4.8277 0.0000e+00
    248.000    12.7915   4.154676    35.6447       6989     4.8529 0.0000e+00
    249.000    12.7728   4.152553    35.6414       7018     4.8732 0.0000e+00
    250.000    12.7494   4.149936    35.6380       7041     4.8886 0.0000e+00
    251.000    12.7436   4.149271    35.6366       7060     4.9018 0.0000e+00
    252.000    12.7227   4.146958    35.6337       7078     4.9144 0.0000e+00
    253.000    12.6641   4.140480    35.6263       7096     4.9270 0.0000e+00
    254.000    12.5947   4.132775    35.6172       7116     4.9407 0.0000e+00
    255.000    12.5577   4.128541    35.6110       7144     4.9608 0.0000e+00
    256.000    12.5286   4.125014    35.6040       7222     5.0147 0.0000e+00
    257.000    12.5238   4.124494    35.6031       7251     5.0344 0.0000e+00
    258.000    12.5212   4.124216    35.6024       7267     5.0455 0.0000e+00
    259.000    12.5033   4.122261    35.6000       7281     5.0558 0.0000e+00
    260.000    12.5056   4.122516    35.5999       7296     5.0657 0.0000e+00
    261.000    12.4995   4.121854    35.5988       7312     5.0770 0.0000e+00
    262.000    12.4599   4.117543    35.5942       7334     5.0924 0.0000e+00
    263.000    12.4625   4.117736    35.5931       7371     5.1184 0.0000e+00
    264.000    12.4522   4.116581    35.5913       7413     5.1475 0.0000e+00
    265.000    12.4018   4.111057    35.5852       7443     5.1679 0.0000e+00
    266.000    12.3465   4.105014    35.5786       7471     5.1878 0.0000e+00
    267.000    12.2877   4.098514    35.5709       7501     5.2086 0.0000e+00
    268.000    12.2634   4.095808    35.5672       7526     5.2260 0.0000e+00
    269.000    12.2431   4.093566    35.5643       7547     5.2400 0.0000e+00
    270.000    12.0963   4.077571    35.5476       7566     5.2533 0.0000e+00
    271.000    11.9981   4.066656    35.5341       7589     5.2692 0.0000e+00
    272.000    11.9296   4.058952    35.5235       7621     5.2913 0.0000e+00
    273.000    11.9042   4.054972    35.5084       8189     5.6861 0.0000e+00
    272.000    11.9306   4.057943    35.5128       8680     6.0273 0.0000e+00
    271.000    11.9475   4.059766    35.5150       8587     5.9628 0.0000e+00
    270.000    11.9797   4.063111    35.5175       8604     5.9742 0.0000e+00
    269.000    12.0092   4.066266    35.5206       8619     5.9847 0.0000e+00
    268.000    12.0817   4.074152    35.5291       8636     5.9965 0.0000e+00
    267.000    12.1808   4.085210    35.5431       8658     6.0121 0.0000e+00
    266.000    12.2512   4.092990    35.5523       8699     6.0403 0.0000e+00
    265.000    12.3219   4.100941    35.5629       8744     6.0716 0.0000e+00
    264.000    12.4029   4.109760    35.5720       8773     6.0920 0.0000e+00
    263.000    12.4627   4.116500    35.5810       8801     6.1111 0.0000e+00
    262.000    12.4877   4.119390    35.5858       8828     6.1295 0.0000e+00
    261.000    12.5053   4.121511    35.5900       8849     6.1444 0.0000e+00
    260.000    12.5125   4.122309    35.5914       8867     6.1567 0.0000e+00
    259.000    12.5147   4.122612    35.5926       8883     6.1681 0.0000e+00
    258.000    12.5194   4.123096    35.5933       8900     6.1799 0.0000e+00
    257.000    12.5235   4.123508    35.5939       8920     6.1939 0.0000e+00
    256.000    12.5583   4.127300    35.5980       8962     6.2228 0.0000e+00
    255.000    12.5962   4.131587    35.6039       9021     6.2640 0.0000e+00
    254.000    12.6078   4.132940    35.6065       9042     6.2786 0.0000e+00
    253.000    12.6201   4.134245    35.6078       9059     6.2905 0.0000e+00
    252.000    12.6460   4.137198    35.6122       9077     6.3026 0.0000e+00
    251.000    12.6889   4.141875    35.6171       9099     6.3178 0.0000e+00
    250.000    12.7223   4.145731    35.6231       9132     6.3407 0.0000e+00
    249.000    12.7267   4.146160    35.6235       9163     6.3624 0.0000e+00
    248.000    12.7360   4.147221    35.6254       9182     6.3758 0.0000e+00
    247.000    12.7420   4.147910    35.6268       9198     6.3871 0.0000e+00
    246.000    12.7480   4.148610    35.6283       9215     6.3986 0.0000e+00
    245.000    12.7806   4.152209    35.6325       9241     6.4166 0.0000e+00
    244.000    12.9233   4.167939    35.6492       9309     6.4642 0.0000e+00
    243.000    13.0123   4.177917    35.6613       9340     6.4853 0.0000e+00
    242.000    13.0838   4.185990    35.6716       9359     6.4988 0.0000e+00
    241.000    13.1033   4.188299    35.6757       9375     6.5099 0.0000e+00
    240.000    13.1187   4.190053    35.6783       9391     6.5208 0.0000e+00
    239.000    13.1237   4.190687    35.6801       9407     6.5323 0.0000e+00
    238.000    13.1350   4.192003    35.6825       9428     6.5466 0.0000e+00
    237.000    13.1456   4.193188    35.6843       9457     6.5668 0.0000e+00
    236.000    13.1512   4.194001    35.6871       9499     6.5961 0.0000e+00
    235.000    13.1710   4.195940    35.6875       9545     6.6276 0.0000e+00
    234.000    13.2114   4.200531    35.6936       9571     6.6456 0.0000e+00
    233.000    13.2208   4.201715    35.6965       9590     6.6588 0.0000e+00
    232.000    13.2215   4.201799    35.6970       9608     6.6714 0.0000e+00
    231.000    13.2255   4.202235    35.6979       9628     6.6854 0.0000e+00
    230.000    13.2538   4.205298    35.7008       9653     6.7029 0.0000e+00
    229.000    13.3480   4.215615    35.7108       9681     6.7222 0.0000e+00
    228.000    13.4639   4.228712    35.7267       9707     6.7401 0.0000e+00
    227.000    13.7175   4.257214    35.7589       9734     6.7593 0.0000e+00
    226.000    13.8704   4.274518    35.7792       9771     6.7849 0.0000e+00
    225.000    13.9349   4.281796    35.7878       9806     6.8089 0.0000e+00
    224.000    13.9961   4.289279    35.8012       9828     6.8244 0.0000e+00
    223.000    13.9961   4.289347    35.8022       9847     6.8375 0.0000e+00
    222.000    14.0082   4.290741    35.8044       9866     6.8509 0.0000e+00
    221.000    14.0714   4.297665    35.8107       9891     6.8683 0.0000e+00
    220.000    14.1512   4.306905    35.8231       9928     6.8936 0.0000e+00
    219.000    14.2052   4.312667    35.8270       9961     6.9167 0.0000e+00
    218.000    14.2837   4.321875    35.8403       9984     6.9326 0.0000e+00
    217.000    14.3024   4.324191    35.8448      10004     6.9462 0.0000e+00
    216.000    14.3374   4.328135    35.8494      10023     6.9600 0.0000e+00
    215.000    14.3856   4.333841    35.8580      10049     6.9778 0.0000e+00
    214.000    14.4473   4.340643    35.8644      10088     7.0051 0.0000e+00
    213.000    14.5007   4.346671    35.8711      10122     7.0284 0.0000e+00
    212.000    14.5466   4.352325    35.8813      10145     7.0447 0.0000e+00
    211.000    14.5551   4.353385    35.8836      10168     7.0602 0.0000e+00
    210.000    14.5625   4.354257    35.8853      10192     7.0770 0.0000e+00
    209.000    14.5732   4.355533    35.8876      10218     7.0953 0.0000e+00
    208.000    14.5756   4.355689    35.8872      10244     7.1132 0.0000e+00
    207.000    14.5968   4.358117    35.8904      10268     7.1300 0.0000e+00
    206.000    14.6147   4.360231    35.8938      10292     7.1465 0.0000e+00
    205.000    14.6259   4.361610    35.8966      10320     7.1663 0.0000e+00
    204.000    14.6459   4.363773    35.8984      10356     7.1913 0.0000e+00
    203.000    14.6598   4.365408    35.9011      10386     7.2117 0.0000e+00
    202.000    14.6921   4.369036    35.9051      10408     7.2274 0.0000e+00
    201.000    14.7020   4.370266    35.9077      10429     7.2420 0.0000e+00
    200.000    14.7309   4.373660    35.9127      10453     7.2581 0.0000e+00
    199.000    14.7933   4.380589    35.9192      10484     7.2798 0.0000e+00
    198.000    14.8239   4.384340    35.9259      10522     7.3066 0.0000e+00
    197.000    14.8743   4.389859    35.9305      10548     7.3240 0.0000e+00
    196.000    14.8872   4.391541    35.9345      10566     7.3368 0.0000e+00
    195.000    14.8990   4.392846    35.9359      10583     7.3486 0.0000e+00
    194.000    14.9163   4.394860    35.9389      10602     7.3615 0.0000e+00
    193.000    14.9469   4.398439    35.9438      10630     7.3814 0.0000e+00
    192.000    14.9699   4.401119    35.9476      10677     7.4136 0.0000e+00
    191.000    14.9753   4.401679    35.9482      10707     7.4350 0.0000e+00
    190.000    14.9958   4.404073    35.9516      10731     7.4515 0.0000e+00
    189.000    15.0166   4.406432    35.9545      10754     7.4676 0.0000e+00
    188.000    15.0554   4.410682    35.9581      10778     7.4838 0.0000e+00
    187.000    15.1086   4.416698    35.9645      10801     7.4997 0.0000e+00
    186.000    15.1237   4.418603    35.9684      10823     7.5152 0.0000e+00
    185.000    15.1450   4.421370    35.9744      10846     7.5310 0.0000e+00
    184.000    15.2368   4.431294    35.9810      10871     7.5485 0.0000e+00
    183.000    15.3021   4.440560    36.0057      10901     7.5697 0.0000e+00
    182.000    15.4682   4.458379    36.0155      10935     7.5931 0.0000e+00
    181.000    15.6132   4.473824    36.0229      10963     7.6128 0.0000e+00
    180.000    15.7062   4.486401    36.0517      10986     7.6286 0.0000e+00
    179.000    15.7465   4.491501    36.0613      11007     7.6431 0.0000e+00
    178.000    15.7724   4.494562    36.0656      11030     7.6587 0.0000e+00
    177.000    15.8150   4.499563    36.0721      11056     7.6769 0.0000e+00
    176.000    15.8558   4.504299    36.0779      11085     7.6969 0.0000e+00
    175.000    15.8773   4.506998    36.0829      11116     7.7187 0.0000e+00
    174.000    15.9002   4.509722    36.0868      11145     7.7386 0.0000e+00
    173.000    15.9175   4.511983    36.0918      11167     7.7544 0.0000e+00
    172.000    15.9149   4.511807    36.0930      11187     7.7683 0.0000e+00
    171.000    15.9226   4.512678    36.0942      11208     7.7828 0.0000e+00
    170.000    15.9600   4.516945    36.0988      11235     7.8017 0.0000e+00
    169.000    15.9901   4.520627    36.1047      11272     7.8270 0.0000e+00
    168.000    16.0148   4.522967    36.1036      11301     7.8469 0.0000e+00
    167.000    16.1080   4.533924    36.1172      11322     7.8617 0.0000e+00
    166.000    16.1570   4.539711    36.1247      11341     7.8753 0.0000e+00
    165.000    16.2225   4.547558    36.1356      11363     7.8904 0.0000e+00
    164.000    16.3867   4.565964    36.1507      11393     7.9114 0.0000e+00
    163.000    16.3897   4.567292    36.1601      11430     7.9370 0.0000e+00
    162.000    16.4630   4.575223    36.1645      11460     7.9577 0.0000e+00
    161.000    16.5050   4.580592    36.1745      11483     7.9736 0.0000e+00
    160.000    16.5473   4.585160    36.1770      11502     7.9866 0.0000e+00
    159.000    16.6210   4.594495    36.1933      11520     7.9991 0.0000e+00
    158.000    16.7221   4.605724    36.2014      11540     8.0131 0.0000e+00
    157.000    16.9368   4.631825    36.2377      11571     8.0348 0.0000e+00
    156.000    17.0642   4.647056    36.2569      11615     8.0650 0.0000e+00
    155.000    17.1926   4.662300    36.2751      11642     8.0841 0.0000e+00
    154.000    17.2426   4.668226    36.2823      11663     8.0983 0.0000e+00
    153.000    17.2423   4.668206    36.2828      11682     8.1118 0.0000e+00
    152.000    17.2700   4.671656    36.2884      11704     8.1268 0.0000e+00
    151.000    17.3009   4.675362    36.2933      11730     8.1450 0.0000e+00
    150.000    17.3073   4.676180    36.2951      11760     8.1663 0.0000e+00
    149.000    17.3227   4.677868    36.2964      11791     8.1877 0.0000e+00
    148.000    17.3711   4.683774    36.3047      11819     8.2067 0.0000e+00
    147.000    17.4214   4.689603    36.3107      11841     8.2223 0.0000e+00
    146.000    17.4354   4.691550    36.3154      11861     8.2362 0.0000e+00
    145.000    17.4601   4.694538    36.3197      11882     8.2506 0.0000e+00
    144.000    17.4811   4.696881    36.3216      11908     8.2688 0.0000e+00
    143.000    17.5124   4.700890    36.3287      11945     8.2945 0.0000e+00
    142.000    17.5503   4.704530    36.3267      11980     8.3189 0.0000e+00
    141.000    17.6904   4.721146    36.3456      12005     8.3358 0.0000e+00
    140.000    17.7702   4.730896    36.3588      12025     8.3501 0.0000e+00
    139.000    17.8470   4.739363    36.3636      12045     8.3641 0.0000e+00
    138.000    17.9882   4.756055    36.3817      12066     8.3781 0.0000e+00
    137.000    18.1991   4.782075    36.4173      12087     8.3930 0.0000e+00
    136.000    18.3890   4.804355    36.4392      12113     8.4110 0.0000e+00
    135.000    18.7417   4.844179    36.4654      12152     8.4384 0.0000e+00
    134.000    18.8043   4.852932    36.4845      12190     8.4649 0.0000e+00
    133.000    19.1963   4.897700    36.5162      12214     8.4810 0.0000e+00
