HB2502/ctd001.cnv
* Sea-Bird SBE 9 Data File:
* FileName = C:\cruise\data\sbe001.hex
* Software Version Seasave V 7.26.7.121
* Temperature SN = 6768
* Conductivity SN = 6166
* Number of Bytes Per Scan = 37
* Number of Voltage Words = 4
* Number of Scans Averaged by the Deck Unit = 1
* NMEA Latitude = 40 01.20 N
* NMEA Longitude = 073 53.22 W
* NMEA UTC (Time) = Mar 08 2025 02:59:51
* NMEA baud rate = 4800
** Ship: Bigelow HB2502
** Program:  Spring Bottom Trawl
** Chief Scientist:Jon Galbraith
# nquan = 7
# nvalues = 34                          
# units = specified
# name 0 = depSM: Depth [salt water, m]
# name 1 = t090C: Temperature [ITS-90, deg C]
# name 2 = c0S/m: Conductivity [S/m]
# name 3 = sal00: Salinity, Practical [PSU]
# name 4 = scan: Scan Count
# name 5 = timeM: Time, Elapsed [minutes]
# name 6 = flag: flag
# span 0 =      2.000,     19.000       
# span 1 =     4.8308,     5.1044       
# span 2 =   3.163555,   3.186396       
# span 3 =    32.9859,    33.2204       
# span 4 =        144,       2055       
# span 5 =     0.0995,     1.4265       
# span 6 = 0.0000e+00, 0.0000e+00       
# interval = meters: 1                  
# start_time = Mar 08 2025 02:59:51 [NMEA time, header]
# bad_flag = -9.990e-29
*END*
      3.000     4.8893   3.182306    33.2204        144     0.0995 0.0000e+00
      4.000     4.8774   3.165737    33.0403        261     0.1806 0.0000e+00
      5.000     4.8783   3.165323    33.0340        293     0.2027 0.0000e+00
      6.000     4.8800   3.164413    33.0214        327     0.2262 0.0000e+00
      7.000     4.8796   3.164212    33.0189        361     0.2502 0.0000e+00
      8.000     4.8791   3.163843    33.0146        396     0.2743 0.0000e+00
      9.000     4.8788   3.163555    33.0110        431     0.2984 0.0000e+00
     10.000     4.8812   3.163773    33.0107        464     0.3213 0.0000e+00
     11.000     4.8875   3.164180    33.0086        493     0.3414 0.0000e+00
     12.000     4.8936   3.164919    33.0106        519     0.3596 0.0000e+00
     13.000     4.9011   3.165467    33.0089        548     0.3795 0.0000e+00
     14.000     4.9102   3.165477    32.9995        583     0.4043 0.0000e+00
     15.000     4.9263   3.165724    32.9859        622     0.4309 0.0000e+00
     16.000     4.9368   3.167271    32.9928        656     0.4546 0.0000e+00
     17.000     4.9544   3.168821    32.9927        688     0.4769 0.0000e+00
     18.000     4.9663   3.170253    32.9969        719     0.4989 0.0000e+00
     19.000     4.9689   3.170741    32.9994        736     0.5105 0.0000e+00
     18.000     4.9746   3.171383    33.0016       1095     0.7595 0.0000e+00
     17.000     4.9567   3.170744    33.0126       1212     0.8410 0.0000e+00
     16.000     4.9550   3.170008    33.0063       1243     0.8623 0.0000e+00
     15.000     4.9604   3.169922    33.0005       1278     0.8870 0.0000e+00
     14.000     4.9632   3.169707    32.9957       1324     0.9186 0.0000e+00
     13.000     4.9621   3.169694    32.9972       1365     0.9473 0.0000e+00
     12.000     4.9598   3.169689    32.9999       1399     0.9706 0.0000e+00
     11.000     4.9301   3.169665    33.0297       1439     0.9986 0.0000e+00
     10.000     4.9591   3.169605    33.0007       1482     1.0285 0.0000e+00
      9.000     4.9596   3.169827    33.0032       1515     1.0514 0.0000e+00
      8.000     4.9597   3.171307    33.0207       1549     1.0752 0.0000e+00
      7.000     4.9619   3.173495    33.0443       1592     1.1047 0.0000e+00
      6.000     4.9775   3.175543    33.0529       1633     1.1330 0.0000e+00
      5.000     5.0101   3.179523    33.0669       1669     1.1581 0.0000e+00
      4.000     5.0581   3.184140    33.0729       1708     1.1852 0.0000e+00
      3.000     5.1044   3.186396    33.0534       1748     1.2131 0.0000e+00
      2.000     4.8308   3.173678    33.1795       2055     1.4265 0.0000e+00
