HB2502/ctd062.cnv
* Sea-Bird SBE 9 Data File:
* FileName = C:\cruise\data\ctd062.hex
* Software Version Seasave V 7.26.7.121
* Temperature SN = 6768
* Conductivity SN = 6166
* Number of Bytes Per Scan = 37
* Number of Voltage Words = 4
* Number of Scans Averaged by the Deck Unit = 1
* NMEA Latitude = 36 28.28 N
* NMEA Longitude = 075 23.49 W
* NMEA UTC (Time) = Mar 16 2025 02:02:08
* NMEA baud rate = 4800
** Ship: Bigelow HB2502
** Program:  Spring Bottom Trawl
** Chief Scientist:Jon Galbraith
# nquan = 7
# nvalues = 45                          
# units = specified
# name 0 = depSM: Depth [salt water, m]
# name 1 = t090C: Temperature [ITS-90, deg C]
# name 2 = c0S/m: Conductivity [S/m]
# name 3 = sal00: Salinity, Practical [PSU]
# name 4 = scan: Scan Count
# name 5 = timeM: Time, Elapsed [minutes]
# name 6 = flag: flag
# span 0 =      1.000,     24.000       
# span 1 =     9.0917,     9.7292       
# span 2 =   3.602246,   3.706136       
# span 3 =    33.5854,    34.2050       
# span 4 =       -233,       2853       
# span 5 =    -0.1626,     1.9806       
# span 6 = 0.0000e+00, 0.0000e+00       
# interval = meters: 1                  
# start_time = Mar 16 2025 02:02:08 [NMEA time, header]
# bad_flag = -9.990e-29
*END*
      3.000     9.7292   3.706136    34.2050       -233    -0.1626 0.0000e+00
      4.000     9.0917   3.620853    33.9290        526     0.3646 0.0000e+00
      5.000     9.2271   3.617681    33.7658        504     0.3490 0.0000e+00
      6.000     9.1853   3.610215    33.7273        527     0.3650 0.0000e+00
      7.000     9.1391   3.610767    33.7764        561     0.3887 0.0000e+00
      8.000     9.1241   3.607317    33.7542        596     0.4132 0.0000e+00
      9.000     9.1085   3.607257    33.7678        627     0.4345 0.0000e+00
     10.000     9.1079   3.606297    33.7580        661     0.4583 0.0000e+00
     11.000     9.1088   3.605911    33.7527        703     0.4878 0.0000e+00
     12.000     9.1095   3.604616    33.7380        741     0.5136 0.0000e+00
     13.000     9.1131   3.603441    33.7219        769     0.5331 0.0000e+00
     14.000     9.1096   3.603562    33.7260        797     0.5527 0.0000e+00
     15.000     9.1094   3.605140    33.7422        836     0.5796 0.0000e+00
     16.000     9.1097   3.603871    33.7283        875     0.6072 0.0000e+00
     17.000     9.1097   3.602634    33.7149        904     0.6269 0.0000e+00
     18.000     9.1100   3.602412    33.7118        931     0.6457 0.0000e+00
     19.000     9.1102   3.603508    33.7226        966     0.6701 0.0000e+00
     20.000     9.1105   3.604768    33.7349       1010     0.7007 0.0000e+00
     21.000     9.1107   3.603517    33.7213       1044     0.7244 0.0000e+00
     22.000     9.1111   3.602492    33.7097       1073     0.7448 0.0000e+00
     23.000     9.1110   3.602246    33.7068       1103     0.7656 0.0000e+00
     24.000     9.1108   3.603932    33.7241       1126     0.7816 0.0000e+00
     23.000     9.1165   3.612601    33.8094       1937     1.3442 0.0000e+00
     22.000     9.1359   3.607305    33.7363       2152     1.4939 0.0000e+00
     21.000     9.1546   3.606343    33.7091       2141     1.4858 0.0000e+00
     20.000     9.1660   3.605737    33.6925       2164     1.5024 0.0000e+00
     19.000     9.1699   3.605530    33.6871       2189     1.5191 0.0000e+00
     18.000     9.1767   3.605396    33.6797       2217     1.5386 0.0000e+00
     17.000     9.1890   3.605291    33.6675       2246     1.5592 0.0000e+00
     16.000     9.1858   3.605302    33.6712       2273     1.5778 0.0000e+00
     15.000     9.1849   3.605253    33.6719       2297     1.5942 0.0000e+00
     14.000     9.1850   3.605386    33.6736       2319     1.6097 0.0000e+00
     13.000     9.1857   3.606738    33.6876       2343     1.6262 0.0000e+00
     12.000     9.1878   3.609721    33.7169       2371     1.6455 0.0000e+00
     11.000     9.2008   3.612256    33.7315       2401     1.6670 0.0000e+00
     10.000     9.2264   3.617233    33.7594       2427     1.6849 0.0000e+00
      9.000     9.2542   3.621023    33.7729       2449     1.6999 0.0000e+00
      8.000     9.3307   3.622867    33.7201       2471     1.7151 0.0000e+00
      7.000     9.3733   3.622327    33.6749       2498     1.7338 0.0000e+00
      6.000     9.3800   3.624835    33.6949       2530     1.7566 0.0000e+00
      5.000     9.4240   3.627910    33.6857       2560     1.7768 0.0000e+00
      4.000     9.4574   3.637847    33.7574       2582     1.7925 0.0000e+00
      3.000     9.3476   3.631711    33.7982       2710     1.8812 0.0000e+00
      2.000     9.4583   3.633093    33.7084       2803     1.9460 0.0000e+00
      1.000     9.5828   3.632477    33.5854       2853     1.9806 0.0000e+00
