HB2502/ctd099.cnv
* Sea-Bird SBE 9 Data File:
* FileName = C:\cruise\data\ctd099.hex
* Software Version Seasave V 7.26.7.121
* Temperature SN = 6768
* Conductivity SN = 6166
* Number of Bytes Per Scan = 37
* Number of Voltage Words = 4
* Number of Scans Averaged by the Deck Unit = 1
* NMEA Latitude = 41 01.04 N
* NMEA Longitude = 071 51.73 W
* NMEA UTC (Time) = Mar 22 2025 20:46:22
* NMEA baud rate = 4800
** Ship: Bigelow HB2502
** Program:  Spring Bottom Trawl
** Chief Scientist:Jon Galbraith
# nquan = 7
# nvalues = 36                          
# units = specified
# name 0 = depSM: Depth [salt water, m]
# name 1 = t090C: Temperature [ITS-90, deg C]
# name 2 = c0S/m: Conductivity [S/m]
# name 3 = sal00: Salinity, Practical [PSU]
# name 4 = scan: Scan Count
# name 5 = timeM: Time, Elapsed [minutes]
# name 6 = flag: flag
# span 0 =      2.000,     20.000       
# span 1 =     5.6302,     6.2154       
# span 2 =   3.133128,   3.179373       
# span 3 =    31.6849,    32.1339       
# span 4 =        223,       2129       
# span 5 =     0.1541,     1.4776       
# span 6 = 0.0000e+00, 0.0000e+00       
# interval = meters: 1                  
# start_time = Mar 22 2025 20:46:22 [NMEA time, header]
# bad_flag = -9.990e-29
*END*
      3.000     5.9699   3.179373    32.1339        223     0.1541 0.0000e+00
      4.000     5.9404   3.154296    31.8808        369     0.2557 0.0000e+00
      5.000     5.9267   3.140484    31.7387        410     0.2837 0.0000e+00
      6.000     5.8965   3.137717    31.7356        445     0.3085 0.0000e+00
      7.000     5.8137   3.134091    31.7723        483     0.3344 0.0000e+00
      8.000     5.8071   3.133155    31.7675        516     0.3576 0.0000e+00
      9.000     5.8943   3.133128    31.6849        548     0.3798 0.0000e+00
     10.000     5.9618   3.139803    31.6957        580     0.4024 0.0000e+00
     11.000     5.9471   3.143688    31.7524        617     0.4277 0.0000e+00
     12.000     5.8881   3.143211    31.8020        652     0.4523 0.0000e+00
     13.000     5.8454   3.140103    31.8070        683     0.4733 0.0000e+00
     14.000     5.7698   3.138519    31.8600        713     0.4947 0.0000e+00
     15.000     5.7112   3.138072    31.9099        748     0.5191 0.0000e+00
     16.000     5.6676   3.137770    31.9473        786     0.5448 0.0000e+00
     17.000     5.6439   3.136804    31.9585        819     0.5682 0.0000e+00
     18.000     5.6331   3.138434    31.9866        851     0.5903 0.0000e+00
     19.000     5.6308   3.141368    32.0214        885     0.6137 0.0000e+00
     20.000     5.6302   3.143140    32.0414        909     0.6307 0.0000e+00
     19.000     5.6453   3.150671    32.1126       1366     0.9481 0.0000e+00
     18.000     5.7230   3.142965    31.9524       1397     0.9698 0.0000e+00
     17.000     5.7529   3.141814    31.9116       1428     0.9908 0.0000e+00
     16.000     5.8122   3.141110    31.8481       1453     1.0085 0.0000e+00
     15.000     5.8543   3.141989    31.8187       1476     1.0246 0.0000e+00
     14.000     5.8647   3.142928    31.8200       1500     1.0412 0.0000e+00
     13.000     5.8773   3.144470    31.8258       1527     1.0600 0.0000e+00
     12.000     5.8802   3.145293    31.8328       1556     1.0800 0.0000e+00
     11.000     5.8740   3.145502    31.8414       1582     1.0978 0.0000e+00
     10.000     5.8710   3.148878    31.8826       1606     1.1145 0.0000e+00
      9.000     5.8830   3.151413    31.9002       1632     1.1326 0.0000e+00
      8.000     5.9567   3.154268    31.8631       1659     1.1517 0.0000e+00
      7.000     6.0352   3.157199    31.8225       1684     1.1688 0.0000e+00
      6.000     6.1046   3.157996    31.7668       1707     1.1850 0.0000e+00
      5.000     6.1375   3.160624    31.7657       1734     1.2035 0.0000e+00
      4.000     6.2154   3.165065    31.7427       1762     1.2233 0.0000e+00
      3.000     6.0731   3.165600    31.8829       1877     1.3027 0.0000e+00
      2.000     5.8755   3.156349    31.9657       2129     1.4776 0.0000e+00
