HB2502/ctd006.cnv
* Sea-Bird SBE 9 Data File:
* FileName = C:\cruise\data\ctd006.hex
* Software Version Seasave V 7.26.7.121
* Temperature SN = 6768
* Conductivity SN = 6166
* Number of Bytes Per Scan = 37
* Number of Voltage Words = 4
* Number of Scans Averaged by the Deck Unit = 1
* NMEA Latitude = 39 08.85 N
* NMEA Longitude = 074 17.05 W
* NMEA UTC (Time) = Mar 08 2025 18:05:06
* NMEA baud rate = 4800
** Ship: Bigelow HB2502
** Program:  Spring Bottom Trawl
** Chief Scientist:Jon Galbraith
# nquan = 7
# nvalues = 32                          
# units = specified
# name 0 = depSM: Depth [salt water, m]
# name 1 = t090C: Temperature [ITS-90, deg C]
# name 2 = c0S/m: Conductivity [S/m]
# name 3 = sal00: Salinity, Practical [PSU]
# name 4 = scan: Scan Count
# name 5 = timeM: Time, Elapsed [minutes]
# name 6 = flag: flag
# span 0 =      2.000,     18.000       
# span 1 =     5.8409,     5.9955       
# span 2 =   3.250201,   3.269077       
# span 3 =    33.0039,    33.2194       
# span 4 =        131,       1744       
# span 5 =     0.0904,     1.2104       
# span 6 = 0.0000e+00, 0.0000e+00       
# interval = meters: 1                  
# start_time = Mar 08 2025 18:05:06 [NMEA time, header]
# bad_flag = -9.990e-29
*END*
      3.000     5.8889   3.269077    33.2194        131     0.0904 0.0000e+00
      4.000     5.8548   3.262228    33.1752        310     0.2148 0.0000e+00
      5.000     5.8472   3.252757    33.0754        329     0.2280 0.0000e+00
      6.000     5.8459   3.250913    33.0554        355     0.2456 0.0000e+00
      7.000     5.8445   3.250414    33.0507        383     0.2650 0.0000e+00
      8.000     5.8441   3.250534    33.0519        413     0.2860 0.0000e+00
      9.000     5.8429   3.250234    33.0491        439     0.3044 0.0000e+00
     10.000     5.8411   3.250374    33.0521        463     0.3207 0.0000e+00
     11.000     5.8409   3.250201    33.0498        487     0.3375 0.0000e+00
     12.000     5.8423   3.250255    33.0485        515     0.3571 0.0000e+00
     13.000     5.8444   3.251086    33.0553        546     0.3786 0.0000e+00
     14.000     5.8499   3.251861    33.0582        572     0.3968 0.0000e+00
     15.000     5.8549   3.252576    33.0608        595     0.4124 0.0000e+00
     16.000     5.8579   3.253283    33.0654        620     0.4299 0.0000e+00
     17.000     5.8684   3.253894    33.0614        652     0.4518 0.0000e+00
     18.000     5.9368   3.254764    33.0039        881     0.6109 0.0000e+00
     17.000     5.9239   3.255210    33.0220       1152     0.7995 0.0000e+00
     16.000     5.9149   3.255059    33.0296       1188     0.8245 0.0000e+00
     15.000     5.9028   3.255048    33.0417       1235     0.8569 0.0000e+00
     14.000     5.9045   3.255250    33.0429       1263     0.8766 0.0000e+00
     13.000     5.9048   3.255914    33.0505       1287     0.8929 0.0000e+00
     12.000     5.9004   3.256594    33.0630       1310     0.9087 0.0000e+00
     11.000     5.9027   3.256998    33.0658       1337     0.9281 0.0000e+00
     10.000     5.9106   3.257226    33.0612       1371     0.9513 0.0000e+00
      9.000     5.9164   3.257860    33.0631       1398     0.9703 0.0000e+00
      8.000     5.9207   3.259113    33.0735       1420     0.9855 0.0000e+00
      7.000     5.9367   3.259826    33.0663       1441     1.0001 0.0000e+00
      6.000     5.9596   3.260070    33.0473       1466     1.0175 0.0000e+00
      5.000     5.9671   3.260450    33.0447       1498     1.0393 0.0000e+00
      4.000     5.9790   3.261716    33.0478       1528     1.0606 0.0000e+00
      3.000     5.9955   3.261984    33.0352       1558     1.0813 0.0000e+00
      2.000     5.8420   3.259044    33.1528       1744     1.2104 0.0000e+00
