HB2502/ctd072.cnv
* Sea-Bird SBE 9 Data File:
* FileName = C:\cruise\data\ctd072.hex
* Software Version Seasave V 7.26.7.121
* Temperature SN = 6768
* Conductivity SN = 6166
* Number of Bytes Per Scan = 37
* Number of Voltage Words = 4
* Number of Scans Averaged by the Deck Unit = 1
* NMEA Latitude = 38 22.75 N
* NMEA Longitude = 074 48.69 W
* NMEA UTC (Time) = Mar 18 2025 23:59:56
* NMEA baud rate = 4800
** Ship: Bigelow HB2502
** Program:  Spring Bottom Trawl
** Chief Scientist:Jon Galbraith
# nquan = 7
# nvalues = 40                          
# units = specified
# name 0 = depSM: Depth [salt water, m]
# name 1 = t090C: Temperature [ITS-90, deg C]
# name 2 = c0S/m: Conductivity [S/m]
# name 3 = sal00: Salinity, Practical [PSU]
# name 4 = scan: Scan Count
# name 5 = timeM: Time, Elapsed [minutes]
# name 6 = flag: flag
# span 0 =      2.000,     22.000       
# span 1 =     6.6817,     6.7021       
# span 2 =   3.277833,   3.287196       
# span 3 =    32.5464,    32.6282       
# span 4 =         35,       2846       
# span 5 =     0.0238,     1.9760       
# span 6 = 0.0000e+00, 0.0000e+00       
# interval = meters: 1                  
# start_time = Mar 18 2025 23:59:56 [NMEA time, header]
# bad_flag = -9.990e-29
*END*
      3.000     6.6881   3.278513    32.5516         35     0.0238 0.0000e+00
      4.000     6.6837   3.278233    32.5522        330     0.2288 0.0000e+00
      5.000     6.6858   3.278217    32.5495        442     0.3065 0.0000e+00
      6.000     6.6817   3.277833    32.5487        469     0.3251 0.0000e+00
      7.000     6.6827   3.278059    32.5497        497     0.3447 0.0000e+00
      8.000     6.6821   3.278318    32.5527        531     0.3680 0.0000e+00
      9.000     6.6830   3.278442    32.5527        571     0.3961 0.0000e+00
     10.000     6.6821   3.278595    32.5548        603     0.4181 0.0000e+00
     11.000     6.6820   3.278452    32.5528        629     0.4358 0.0000e+00
     12.000     6.6834   3.278332    32.5496        655     0.4543 0.0000e+00
     13.000     6.6839   3.278338    32.5488        693     0.4805 0.0000e+00
     14.000     6.6864   3.278378    32.5464        748     0.5185 0.0000e+00
     15.000     6.6981   3.281307    32.5670        779     0.5405 0.0000e+00
     16.000     6.7009   3.284595    32.6000        803     0.5572 0.0000e+00
     17.000     6.7011   3.285792    32.6125        826     0.5731 0.0000e+00
     18.000     6.7012   3.286147    32.6158        853     0.5917 0.0000e+00
     19.000     6.7001   3.285952    32.6143        902     0.6255 0.0000e+00
     20.000     6.6993   3.286853    32.6245        951     0.6599 0.0000e+00
     21.000     6.6989   3.287196    32.6282        979     0.6792 0.0000e+00
     22.000     6.6986   3.283821    32.5908       1700     1.1799 0.0000e+00
     21.000     6.6983   3.285294    32.6078       2205     1.5304 0.0000e+00
     20.000     6.6978   3.284760    32.6028       2148     1.4908 0.0000e+00
     19.000     6.6983   3.284510    32.6001       2175     1.5098 0.0000e+00
     18.000     6.6979   3.284314    32.5988       2200     1.5268 0.0000e+00
     17.000     6.6972   3.284159    32.5983       2221     1.5420 0.0000e+00
     16.000     6.6964   3.283994    32.5977       2243     1.5566 0.0000e+00
     15.000     6.6959   3.283787    32.5964       2268     1.5743 0.0000e+00
     14.000     6.6954   3.283656    32.5959       2302     1.5981 0.0000e+00
     13.000     6.6953   3.283615    32.5960       2334     1.6199 0.0000e+00
     12.000     6.6950   3.283545    32.5960       2357     1.6361 0.0000e+00
     11.000     6.6948   3.282775    32.5882       2380     1.6520 0.0000e+00
     10.000     6.6948   3.281988    32.5800       2409     1.6725 0.0000e+00
      9.000     6.6953   3.281587    32.5756       2444     1.6968 0.0000e+00
      8.000     6.6957   3.281144    32.5709       2471     1.7155 0.0000e+00
      7.000     6.6959   3.280776    32.5671       2495     1.7321 0.0000e+00
      6.000     6.6967   3.280713    32.5661       2520     1.7494 0.0000e+00
      5.000     6.6979   3.280587    32.5641       2545     1.7668 0.0000e+00
      4.000     6.7003   3.280078    32.5567       2568     1.7824 0.0000e+00
      3.000     6.7021   3.280107    32.5558       2587     1.7960 0.0000e+00
      2.000     6.6876   3.279777    32.5665       2846     1.9760 0.0000e+00
