HB2502/ctd018.cnv
* Sea-Bird SBE 9 Data File:
* FileName = C:\cruise\data\ctd018.hex
* Software Version Seasave V 7.26.7.121
* Temperature SN = 6768
* Conductivity SN = 6166
* Number of Bytes Per Scan = 37
* Number of Voltage Words = 4
* Number of Scans Averaged by the Deck Unit = 1
* NMEA Latitude = 38 09.36 N
* NMEA Longitude = 073 44.51 W
* NMEA UTC (Time) = Mar 10 2025 18:34:29
* NMEA baud rate = 4800
** Ship: Bigelow HB2502
** Program:  Spring Bottom Trawl
** Chief Scientist:Jon Galbraith
# nquan = 7
# nvalues = 431                         
# units = specified
# name 0 = depSM: Depth [salt water, m]
# name 1 = t090C: Temperature [ITS-90, deg C]
# name 2 = c0S/m: Conductivity [S/m]
# name 3 = sal00: Salinity, Practical [PSU]
# name 4 = scan: Scan Count
# name 5 = timeM: Time, Elapsed [minutes]
# name 6 = flag: flag
# span 0 =      1.000,    217.000       
# span 1 =     7.4495,     9.7372       
# span 2 =   3.020817,   3.782609       
# span 3 =    28.9600,    35.0144       
# span 4 =        266,      12673       
# span 5 =     0.1842,     8.8003       
# span 6 = 0.0000e+00, 0.0000e+00       
# interval = meters: 1                  
# start_time = Mar 10 2025 18:34:29 [NMEA time, header]
# bad_flag = -9.990e-29
*END*
[from data line 206]
    209.000     9.4363   3.766513    35.0131       5981     4.1525 0.0000e+00
    210.000     9.4355   3.766379    35.0120       6010     4.1732 0.0000e+00
    211.000     9.4340   3.766310    35.0123       6040     4.1935 0.0000e+00
    212.000     9.4336   3.766188    35.0110       6068     4.2133 0.0000e+00
    213.000     9.4296   3.765888    35.0113       6101     4.2358 0.0000e+00
    214.000     9.4030   3.763091    35.0078       6137     4.2613 0.0000e+00
    215.000     9.4116   3.763953    35.0079       6170     4.2838 0.0000e+00
    216.000     9.4131   3.764105    35.0075       6197     4.3029 0.0000e+00
    217.000     9.3820   3.761056    35.0058       6214     4.3144 0.0000e+00
    216.000     9.4179   3.764684    35.0088       6804     4.7243 0.0000e+00
    215.000     9.4201   3.764884    35.0092       6849     4.7556 0.0000e+00
    214.000     9.4231   3.765190    35.0100       6871     4.7708 0.0000e+00
    213.000     9.4245   3.765333    35.0105       6895     4.7872 0.0000e+00
    212.000     9.4261   3.765471    35.0109       6918     4.8034 0.0000e+00
    211.000     9.4266   3.765456    35.0107       6941     4.8197 0.0000e+00
    210.000     9.4270   3.765439    35.0106       6966     4.8370 0.0000e+00
    209.000     9.4278   3.765463    35.0105       6995     4.8566 0.0000e+00
    208.000     9.4281   3.765489    35.0109       7028     4.8796 0.0000e+00
    207.000     9.4309   3.765735    35.0113       7058     4.9009 0.0000e+00
    206.000     9.4366   3.766322    35.0122       7082     4.9177 0.0000e+00
    205.000     9.4383   3.766446    35.0123       7104     4.9326 0.0000e+00
    204.000     9.4417   3.766677    35.0119       7127     4.9487 0.0000e+00
    203.000     9.4440   3.766823    35.0116       7154     4.9673 0.0000e+00
    202.000     9.4556   3.767506    35.0078       7181     4.9863 0.0000e+00
    201.000     9.4614   3.768030    35.0081       7206     5.0035 0.0000e+00
    200.000     9.4769   3.768890    35.0023       7232     5.0213 0.0000e+00
    199.000     9.5078   3.770727    34.9916       7260     5.0413 0.0000e+00
    198.000     9.5133   3.771101    34.9906       7289     5.0611 0.0000e+00
    197.000     9.5270   3.771902    34.9860       7315     5.0790 0.0000e+00
    196.000     9.5361   3.772463    34.9834       7341     5.0970 0.0000e+00
    195.000     9.5433   3.772855    34.9809       7368     5.1162 0.0000e+00
    194.000     9.5605   3.773821    34.9746       7395     5.1348 0.0000e+00
    193.000     9.5806   3.775028    34.9680       7419     5.1512 0.0000e+00
    192.000     9.6026   3.776458    34.9619       7441     5.1666 0.0000e+00
    191.000     9.6212   3.777580    34.9558       7465     5.1834 0.0000e+00
    190.000     9.6491   3.779533    34.9492       7493     5.2031 0.0000e+00
    189.000     9.6537   3.779877    34.9487       7523     5.2236 0.0000e+00
    188.000     9.6563   3.780098    34.9490       7550     5.2422 0.0000e+00
    187.000     9.6726   3.781101    34.9440       7576     5.2604 0.0000e+00
    186.000     9.6796   3.781476    34.9415       7603     5.2791 0.0000e+00
    185.000     9.6787   3.781326    34.9413       7628     5.2962 0.0000e+00
    184.000     9.6788   3.781032    34.9386       7650     5.3118 0.0000e+00
    183.000     9.6795   3.780766    34.9357       7673     5.3275 0.0000e+00
    182.000     9.6808   3.780624    34.9334       7698     5.3450 0.0000e+00
    181.000     9.6811   3.780428    34.9316       7726     5.3647 0.0000e+00
    180.000     9.6809   3.780293    34.9309       7754     5.3839 0.0000e+00
    179.000     9.6813   3.780052    34.9284       7780     5.4023 0.0000e+00
    178.000     9.6852   3.780105    34.9257       7808     5.4213 0.0000e+00
    177.000     9.6871   3.780112    34.9244       7833     5.4390 0.0000e+00
    176.000     9.6889   3.780004    34.9220       7857     5.4553 0.0000e+00
    175.000     9.6890   3.779895    34.9212       7881     5.4725 0.0000e+00
    174.000     9.6907   3.779880    34.9199       7909     5.4914 0.0000e+00
    173.000     9.6901   3.779684    34.9190       7935     5.5094 0.0000e+00
    172.000     9.6902   3.779483    34.9172       7958     5.5256 0.0000e+00
    171.000     9.6913   3.779235    34.9141       7982     5.5426 0.0000e+00
    170.000     9.6924   3.778999    34.9110       8010     5.5620 0.0000e+00
    169.000     9.6922   3.778957    34.9113       8037     5.5808 0.0000e+00
    168.000     9.6943   3.778917    34.9093       8063     5.5987 0.0000e+00
    167.000     9.6960   3.778902    34.9079       8090     5.6175 0.0000e+00
    166.000     9.6985   3.778901    34.9060       8117     5.6363 0.0000e+00
    165.000     9.6995   3.778892    34.9053       8141     5.6531 0.0000e+00
    164.000     9.7011   3.778879    34.9041       8164     5.6689 0.0000e+00
    163.000     9.7021   3.778908    34.9040       8188     5.6857 0.0000e+00
    162.000     9.7028   3.778905    34.9037       8215     5.7044 0.0000e+00
    161.000     9.7040   3.778923    34.9032       8242     5.7231 0.0000e+00
    160.000     9.7070   3.779034    34.9019       8268     5.7409 0.0000e+00
    159.000     9.7089   3.778977    34.8999       8295     5.7598 0.0000e+00
    158.000     9.7109   3.778916    34.8978       8322     5.7786 0.0000e+00
    157.000     9.7150   3.778841    34.8935       8347     5.7958 0.0000e+00
    156.000     9.7208   3.778741    34.8873       8371     5.8128 0.0000e+00
    155.000     9.7257   3.778590    34.8815       8397     5.8308 0.0000e+00
    154.000     9.7283   3.777820    34.8715       8424     5.8494 0.0000e+00
    153.000     9.7226   3.775683    34.8555       8450     5.8674 0.0000e+00
    152.000     9.7132   3.773102    34.8386       8475     5.8849 0.0000e+00
    151.000     9.7053   3.771483    34.8300       8500     5.9023 0.0000e+00
    150.000     9.7018   3.770629    34.8251       8526     5.9200 0.0000e+00
    149.000     9.6964   3.769060    34.8145       8551     5.9376 0.0000e+00
    148.000     9.6930   3.767160    34.7988       8578     5.9561 0.0000e+00
    147.000     9.6917   3.765177    34.7801       8607     5.9762 0.0000e+00
    146.000     9.6976   3.763933    34.7620       8633     5.9948 0.0000e+00
    145.000     9.7076   3.763636    34.7497       8657     6.0112 0.0000e+00
    144.000     9.7115   3.763045    34.7404       8680     6.0274 0.0000e+00
    143.000     9.7056   3.761162    34.7272       8706     6.0448 0.0000e+00
    142.000     9.7006   3.759777    34.7182       8734     6.0644 0.0000e+00
    141.000     9.6906   3.757383    34.7037       8762     6.0837 0.0000e+00
    140.000     9.6874   3.756462    34.6978       8787     6.1015 0.0000e+00
    139.000     9.6863   3.756063    34.6951       8813     6.1192 0.0000e+00
    138.000     9.6864   3.755571    34.6905       8838     6.1370 0.0000e+00
    137.000     9.6863   3.754768    34.6827       8863     6.1540 0.0000e+00
    136.000     9.6868   3.754115    34.6760       8888     6.1716 0.0000e+00
    135.000     9.6877   3.753224    34.6665       8916     6.1908 0.0000e+00
    134.000     9.6886   3.752624    34.6599       8944     6.2107 0.0000e+00
    133.000     9.6902   3.751439    34.6466       8971     6.2294 0.0000e+00
    132.000     9.6909   3.750594    34.6377       8997     6.2469 0.0000e+00
    131.000     9.6907   3.750181    34.6341       9020     6.2633 0.0000e+00
    130.000     9.6905   3.749915    34.6321       9043     6.2795 0.0000e+00
    129.000     9.6901   3.749717    34.6308       9069     6.2969 0.0000e+00
    128.000     9.6903   3.749245    34.6263       9096     6.3163 0.0000e+00
    127.000     9.6909   3.748803    34.6216       9125     6.3359 0.0000e+00
    126.000     9.6909   3.748080    34.6147       9151     6.3544 0.0000e+00
    125.000     9.6898   3.747397    34.6091       9178     6.3728 0.0000e+00
    124.000     9.6884   3.746924    34.6060       9203     6.3906 0.0000e+00
    123.000     9.6865   3.746309    34.6020       9228     6.4074 0.0000e+00
    122.000     9.6845   3.745739    34.5985       9253     6.4253 0.0000e+00
    121.000     9.6830   3.745227    34.5952       9280     6.4438 0.0000e+00
    120.000     9.6794   3.743831    34.5847       9306     6.4615 0.0000e+00
    119.000     9.6744   3.742140    34.5726       9331     6.4793 0.0000e+00
    118.000     9.6676   3.739990    34.5575       9359     6.4988 0.0000e+00
    117.000     9.6596   3.737670    34.5417       9387     6.5177 0.0000e+00
    116.000     9.6517   3.735290    34.5253       9411     6.5347 0.0000e+00
    115.000     9.6440   3.733450    34.5142       9435     6.5513 0.0000e+00
    114.000     9.6343   3.730942    34.4981       9460     6.5684 0.0000e+00
    113.000     9.6203   3.727590    34.4775       9486     6.5866 0.0000e+00
    112.000     9.6155   3.726466    34.4710       9514     6.6060 0.0000e+00
    111.000     9.6061   3.724426    34.4595       9544     6.6268 0.0000e+00
    110.000     9.5941   3.721985    34.4463       9571     6.6456 0.0000e+00
    109.000     9.5813   3.719115    34.4294       9594     6.6619 0.0000e+00
    108.000     9.5695   3.716752    34.4168       9617     6.6780 0.0000e+00
    107.000     9.5553   3.713897    34.4015       9642     6.6954 0.0000e+00
    106.000     9.5510   3.712849    34.3952       9669     6.7142 0.0000e+00
    105.000     9.5453   3.711849    34.3908       9697     6.7332 0.0000e+00
    104.000     9.5224   3.707255    34.3658       9724     6.7521 0.0000e+00
    103.000     9.4883   3.701129    34.3357       9752     6.7712 0.0000e+00
    102.000     9.4289   3.692319    34.3020       9777     6.7891 0.0000e+00
    101.000     9.3763   3.682833    34.2546       9802     6.8064 0.0000e+00
    100.000     9.3372   3.676592    34.2279       9827     6.8236 0.0000e+00
     99.000     9.2952   3.669714    34.1972       9852     6.8407 0.0000e+00
     98.000     9.2183   3.658908    34.1590       9877     6.8580 0.0000e+00
     97.000     9.1769   3.651909    34.1263       9903     6.8765 0.0000e+00
     96.000     9.1370   3.646065    34.1042       9931     6.8960 0.0000e+00
     95.000     9.1145   3.642805    34.0923       9959     6.9151 0.0000e+00
     94.000     9.0795   3.637800    34.0741       9986     6.9339 0.0000e+00
     93.000     9.0643   3.634804    34.0579      10012     6.9520 0.0000e+00
     92.000     9.0400   3.631331    34.0454      10036     6.9685 0.0000e+00
     91.000     9.0190   3.628317    34.0344      10058     6.9843 0.0000e+00
     90.000     8.9932   3.624582    34.0206      10083     7.0014 0.0000e+00
     89.000     8.9698   3.620915    34.0051      10110     7.0204 0.0000e+00
     88.000     8.9728   3.621161    34.0053      10138     7.0396 0.0000e+00
     87.000     8.9428   3.616901    33.9900      10166     7.0588 0.0000e+00
     86.000     8.9280   3.614345    33.9778      10193     7.0776 0.0000e+00
     85.000     8.9062   3.611320    33.9675      10218     7.0951 0.0000e+00
     84.000     8.8853   3.608303    33.9563      10242     7.1116 0.0000e+00
     83.000     8.8396   3.601153    33.9256      10265     7.1278 0.0000e+00
     82.000     8.7908   3.594366    33.9016      10289     7.1445 0.0000e+00
     81.000     8.7597   3.589605    33.8819      10316     7.1630 0.0000e+00
     80.000     8.7200   3.584517    33.8668      10345     7.1830 0.0000e+00
     79.000     8.6580   3.575324    33.8300      10372     7.2022 0.0000e+00
     78.000     8.6308   3.571045    33.8114      10398     7.2199 0.0000e+00
     77.000     8.5892   3.565305    33.7912      10423     7.2373 0.0000e+00
     76.000     8.5631   3.561328    33.7747      10449     7.2552 0.0000e+00
     75.000     8.5467   3.558906    33.7654      10474     7.2732 0.0000e+00
     74.000     8.5089   3.553593    33.7459      10499     7.2905 0.0000e+00
     73.000     8.4796   3.549317    33.7292      10524     7.3077 0.0000e+00
     72.000     8.4570   3.546086    33.7171      10549     7.3248 0.0000e+00
     71.000     8.4133   3.539822    33.6932      10574     7.3426 0.0000e+00
     70.000     8.3382   3.529768    33.6590      10601     7.3608 0.0000e+00
     69.000     8.2766   3.520704    33.6222      10628     7.3796 0.0000e+00
     68.000     8.1865   3.508050    33.5745      10656     7.3991 0.0000e+00
     67.000     8.1376   3.500956    33.5461      10681     7.4169 0.0000e+00
     66.000     8.0986   3.495445    33.5253      10706     7.4337 0.0000e+00
     65.000     8.0763   3.492492    33.5156      10732     7.4518 0.0000e+00
     64.000     8.0783   3.492380    33.5130      10760     7.4714 0.0000e+00
     63.000     8.0611   3.490145    33.5060      10786     7.4895 0.0000e+00
     62.000     8.0451   3.487957    33.4985      10810     7.5060 0.0000e+00
     61.000     8.0406   3.487306    33.4964      10835     7.5235 0.0000e+00
     60.000     8.0343   3.486502    33.4942      10861     7.5420 0.0000e+00
     59.000     8.0209   3.484664    33.4879      10887     7.5601 0.0000e+00
     58.000     7.9984   3.481744    33.4787      10913     7.5780 0.0000e+00
     57.000     7.9844   3.479594    33.4697      10940     7.5962 0.0000e+00
     56.000     7.9676   3.477247    33.4611      10967     7.6154 0.0000e+00
     55.000     7.9147   3.470122    33.4359      10995     7.6345 0.0000e+00
     54.000     7.8126   3.455881    33.3815      11021     7.6527 0.0000e+00
     53.000     7.7391   3.445580    33.3418      11046     7.6698 0.0000e+00
     52.000     7.7093   3.441434    33.3261      11070     7.6867 0.0000e+00
     51.000     7.7031   3.440167    33.3190      11095     7.7044 0.0000e+00
     50.000     7.6848   3.437726    33.3107      11123     7.7233 0.0000e+00
     49.000     7.6706   3.435665    33.3025      11149     7.7419 0.0000e+00
     48.000     7.6644   3.434735    33.2990      11174     7.7594 0.0000e+00
     47.000     7.6567   3.433658    33.2952      11199     7.7764 0.0000e+00
     46.000     7.6548   3.433216    33.2927      11225     7.7943 0.0000e+00
     45.000     7.6501   3.432554    33.2906      11254     7.8147 0.0000e+00
     44.000     7.6435   3.431769    33.2890      11284     7.8353 0.0000e+00
     43.000     7.6320   3.430194    33.2835      11308     7.8520 0.0000e+00
     42.000     7.6240   3.429093    33.2797      11330     7.8677 0.0000e+00
     41.000     7.6111   3.427382    33.2741      11355     7.8845 0.0000e+00
     40.000     7.5851   3.424050    33.2635      11381     7.9027 0.0000e+00
     39.000     7.5813   3.423458    33.2613      11407     7.9207 0.0000e+00
     38.000     7.5654   3.421317    33.2538      11433     7.9386 0.0000e+00
     37.000     7.5603   3.420486    33.2503      11460     7.9578 0.0000e+00
     36.000     7.5566   3.419952    33.2485      11489     7.9775 0.0000e+00
     35.000     7.5521   3.419304    33.2463      11514     7.9953 0.0000e+00
     34.000     7.5487   3.418687    33.2434      11539     8.0126 0.0000e+00
     33.000     7.5472   3.418395    33.2422      11564     8.0300 0.0000e+00
     32.000     7.5439   3.417803    33.2394      11588     8.0468 0.0000e+00
     31.000     7.5414   3.417360    33.2375      11613     8.0636 0.0000e+00
     30.000     7.5320   3.416135    33.2338      11640     8.0827 0.0000e+00
     29.000     7.5319   3.415959    33.2324      11668     8.1021 0.0000e+00
     28.000     7.5335   3.415856    33.2303      11693     8.1197 0.0000e+00
     27.000     7.5325   3.415436    33.2272      11719     8.1376 0.0000e+00
     26.000     7.5247   3.414389    33.2238      11746     8.1565 0.0000e+00
     25.000     7.5162   3.413136    33.2189      11773     8.1748 0.0000e+00
     24.000     7.5096   3.412203    33.2156      11797     8.1917 0.0000e+00
     23.000     7.5032   3.411107    33.2104      11821     8.2084 0.0000e+00
     22.000     7.4980   3.410110    33.2050      11847     8.2264 0.0000e+00
