HB2502/ctd024.cnv
* Sea-Bird SBE 9 Data File:
* FileName = C:\cruise\data\ctd024.hex
* Software Version Seasave V 7.26.7.121
* Temperature SN = 6768
* Conductivity SN = 6166
* Number of Bytes Per Scan = 37
* Number of Voltage Words = 4
* Number of Scans Averaged by the Deck Unit = 1
* NMEA Latitude = 37 21.83 N
* NMEA Longitude = 074 27.53 W
* NMEA UTC (Time) = Mar 11 2025 14:30:41
* NMEA baud rate = 4800
** Ship: Bigelow HB2502
** Program:  Spring Bottom Trawl
** Chief Scientist:Jon Galbraith
# nquan = 7
# nvalues = 606                         
# units = specified
# name 0 = depSM: Depth [salt water, m]
# name 1 = t090C: Temperature [ITS-90, deg C]
# name 2 = c0S/m: Conductivity [S/m]
# name 3 = sal00: Salinity, Practical [PSU]
# name 4 = scan: Scan Count
# name 5 = timeM: Time, Elapsed [minutes]
# name 6 = flag: flag
# span 0 =      1.000,    305.000       
# span 1 =     6.7255,    11.3089       
# span 2 =   2.116064,   3.955726       
# span 3 =    20.3870,    35.2964       
# span 4 =        157,      18557       
# span 5 =     0.1081,    12.8859       
# span 6 = 0.0000e+00, 0.0000e+00       
# interval = meters: 1                  
# start_time = Mar 11 2025 14:30:41 [NMEA time, header]
# bad_flag = -9.990e-29
*END*
[from data line 411]
    195.000    10.1314   3.849216    35.1930      12401     8.6114 0.0000e+00
    194.000    10.1392   3.849951    35.1933      12424     8.6274 0.0000e+00
    193.000    10.2092   3.856490    35.1925      12471     8.6599 0.0000e+00
    192.000    10.2643   3.862030    35.1959      12534     8.7038 0.0000e+00
    191.000    10.3192   3.867394    35.1976      12554     8.7172 0.0000e+00
    190.000    10.3601   3.871766    35.2028      12569     8.7278 0.0000e+00
    189.000    10.3864   3.874569    35.2063      12583     8.7373 0.0000e+00
    188.000    10.4103   3.877271    35.2110      12596     8.7468 0.0000e+00
    187.000    10.4233   3.878744    35.2139      12611     8.7571 0.0000e+00
    186.000    10.4957   3.886562    35.2235      12635     8.7737 0.0000e+00
    185.000    10.6206   3.900721    35.2463      12722     8.8343 0.0000e+00
    184.000    10.6160   3.900114    35.2450      12739     8.8455 0.0000e+00
    183.000    10.6259   3.901073    35.2456      12752     8.8545 0.0000e+00
    182.000    10.6334   3.901836    35.2465      12765     8.8640 0.0000e+00
    181.000    10.6352   3.901897    35.2458      12782     8.8756 0.0000e+00
    180.000    10.6257   3.900600    35.2424      12809     8.8946 0.0000e+00
    179.000    10.6486   3.902540    35.2403      12861     8.9306 0.0000e+00
    178.000    10.7078   3.908798    35.2467      12899     8.9566 0.0000e+00
    177.000    10.7674   3.915504    35.2572      12920     8.9717 0.0000e+00
    176.000    10.8098   3.919720    35.2591      12938     8.9840 0.0000e+00
    175.000    10.8557   3.924435    35.2627      12955     8.9956 0.0000e+00
    174.000    10.9102   3.930100    35.2675      12974     9.0092 0.0000e+00
    173.000    11.0134   3.941014    35.2780      13021     9.0416 0.0000e+00
    172.000    11.0349   3.943561    35.2832      13063     9.0712 0.0000e+00
    171.000    11.0648   3.946736    35.2867      13082     9.0839 0.0000e+00
    170.000    11.0933   3.949559    35.2880      13099     9.0955 0.0000e+00
    169.000    11.1376   3.953492    35.2852      13116     9.1079 0.0000e+00
    168.000    11.1469   3.954163    35.2833      13136     9.1218 0.0000e+00
    167.000    11.1457   3.953345    35.2769      13169     9.1442 0.0000e+00
    166.000    11.1395   3.951861    35.2685      13239     9.1931 0.0000e+00
    165.000    11.1320   3.950914    35.2667      13259     9.2068 0.0000e+00
    164.000    11.1246   3.949768    35.2628      13274     9.2175 0.0000e+00
    163.000    11.1196   3.949014    35.2605      13288     9.2274 0.0000e+00
    162.000    11.1176   3.948687    35.2596      13303     9.2376 0.0000e+00
    161.000    11.1168   3.948456    35.2585      13321     9.2502 0.0000e+00
    160.000    11.1059   3.946958    35.2545      13356     9.2741 0.0000e+00
    159.000    11.0940   3.945264    35.2494      13407     9.3095 0.0000e+00
    158.000    11.0736   3.942345    35.2403      13438     9.3310 0.0000e+00
    157.000    11.0629   3.940804    35.2357      13464     9.3490 0.0000e+00
    156.000    11.0545   3.939605    35.2322      13488     9.3662 0.0000e+00
    155.000    11.0506   3.938978    35.2302      13511     9.3820 0.0000e+00
    154.000    11.0459   3.938335    35.2287      13533     9.3970 0.0000e+00
    153.000    11.0357   3.936968    35.2253      13556     9.4131 0.0000e+00
    152.000    11.0310   3.935815    35.2188      13583     9.4320 0.0000e+00
    151.000    11.0698   3.938385    35.2076      13616     9.4547 0.0000e+00
    150.000    11.1487   3.944208    35.1907      13653     9.4803 0.0000e+00
    149.000    11.2085   3.948386    35.1755      13686     9.5033 0.0000e+00
    148.000    11.2356   3.950377    35.1699      13710     9.5198 0.0000e+00
    147.000    11.2414   3.950809    35.1691      13728     9.5328 0.0000e+00
    146.000    11.2447   3.951026    35.1686      13747     9.5458 0.0000e+00
    145.000    11.2480   3.951274    35.1684      13773     9.5638 0.0000e+00
    144.000    11.2472   3.951188    35.1687      13820     9.5964 0.0000e+00
    143.000    11.2495   3.951317    35.1683      13848     9.6162 0.0000e+00
    142.000    11.2541   3.951552    35.1666      13871     9.6316 0.0000e+00
    141.000    11.2588   3.951813    35.1652      13892     9.6466 0.0000e+00
    140.000    11.2677   3.952304    35.1620      13916     9.6633 0.0000e+00
    139.000    11.2742   3.952684    35.1601      13944     9.6827 0.0000e+00
    138.000    11.2843   3.953220    35.1562      13977     9.7054 0.0000e+00
    137.000    11.2924   3.953591    35.1526      14011     9.7291 0.0000e+00
    136.000    11.3034   3.953995    35.1466      14037     9.7469 0.0000e+00
    135.000    11.3089   3.954226    35.1441      14060     9.7634 0.0000e+00
    134.000    11.3087   3.954005    35.1425      14091     9.7848 0.0000e+00
    133.000    11.3054   3.953481    35.1409      14119     9.8039 0.0000e+00
    132.000    11.2976   3.952276    35.1369      14140     9.8187 0.0000e+00
    131.000    11.2824   3.950048    35.1297      14161     9.8332 0.0000e+00
    130.000    11.2206   3.941669    35.1058      14186     9.8510 0.0000e+00
    129.000    11.1182   3.927432    35.0621      14223     9.8765 0.0000e+00
    128.000    11.0839   3.922652    35.0476      14262     9.9034 0.0000e+00
    127.000    11.0004   3.911485    35.0163      14287     9.9205 0.0000e+00
    126.000    10.9580   3.905744    34.9997      14306     9.9342 0.0000e+00
    125.000    10.9037   3.898539    34.9799      14324     9.9466 0.0000e+00
    124.000    10.8693   3.893360    34.9613      14343     9.9594 0.0000e+00
    123.000    10.8354   3.886374    34.9241      14367     9.9763 0.0000e+00
    122.000    10.8021   3.876466    34.8569      14419    10.0122 0.0000e+00
    121.000    10.7983   3.874611    34.8424      14453    10.0360 0.0000e+00
    120.000    10.7938   3.872928    34.8302      14471    10.0485 0.0000e+00
    119.000    10.7796   3.869001    34.8048      14487    10.0599 0.0000e+00
    118.000    10.7676   3.865269    34.7792      14505    10.0720 0.0000e+00
    117.000    10.7646   3.863935    34.7691      14525    10.0862 0.0000e+00
    116.000    10.7609   3.862583    34.7595      14553    10.1058 0.0000e+00
    115.000    10.7550   3.860575    34.7455      14594    10.1340 0.0000e+00
    114.000    10.7372   3.855705    34.7139      14629    10.1581 0.0000e+00
    113.000    10.6778   3.840467    34.6176      14652    10.1744 0.0000e+00
    112.000    10.6969   3.840214    34.5974      14671    10.1877 0.0000e+00
    111.000    10.7040   3.839323    34.5822      14690    10.2009 0.0000e+00
    110.000    10.6197   3.827088    34.5394      14714    10.2170 0.0000e+00
    109.000    10.5008   3.810556    34.4858      14748    10.2408 0.0000e+00
    108.000    10.4864   3.808084    34.4750      14785    10.2667 0.0000e+00
    107.000    10.3771   3.793081    34.4274      14812    10.2852 0.0000e+00
    106.000    10.3183   3.784153    34.3932      14832    10.2993 0.0000e+00
    105.000    10.2974   3.780661    34.3780      14850    10.3121 0.0000e+00
    104.000    10.2860   3.778886    34.3712      14870    10.3259 0.0000e+00
    103.000    10.2702   3.776270    34.3601      14897    10.3446 0.0000e+00
    102.000    10.2627   3.775080    34.3557      14933    10.3692 0.0000e+00
    101.000    10.2146   3.768178    34.3315      14965    10.3920 0.0000e+00
    100.000    10.1067   3.752025    34.2700      14996    10.4135 0.0000e+00
     99.000    10.0314   3.739935    34.2186      15022    10.4314 0.0000e+00
     98.000     9.9192   3.723049    34.1530      15043    10.4457 0.0000e+00
     97.000     9.7989   3.706207    34.0949      15061    10.4585 0.0000e+00
     96.000     9.6565   3.686266    34.0256      15080    10.4715 0.0000e+00
     95.000     9.5442   3.670556    33.9707      15103    10.4875 0.0000e+00
     94.000     9.4802   3.660829    33.9315      15143    10.5151 0.0000e+00
     93.000     9.3641   3.645151    33.8798      15175    10.5374 0.0000e+00
     92.000     9.1762   3.619055    33.7878      15199    10.5541 0.0000e+00
     91.000     9.0936   3.607617    33.7476      15222    10.5703 0.0000e+00
     90.000     8.9714   3.592637    33.7077      15247    10.5875 0.0000e+00
     89.000     8.7089   3.559159    33.6068      15272    10.6051 0.0000e+00
     88.000     8.5613   3.539911    33.5450      15299    10.6237 0.0000e+00
     87.000     8.4756   3.528791    33.5096      15330    10.6449 0.0000e+00
     86.000     8.3675   3.515236    33.4696      15358    10.6648 0.0000e+00
     85.000     8.1608   3.490914    33.4087      15380    10.6799 0.0000e+00
     84.000     8.0963   3.482262    33.3785      15398    10.6923 0.0000e+00
     83.000     8.0522   3.476780    33.3626      15416    10.7048 0.0000e+00
     82.000     7.9284   3.462103    33.3242      15441    10.7225 0.0000e+00
     81.000     7.7330   3.437901    33.2517      15492    10.7578 0.0000e+00
     80.000     7.5542   3.415284    33.1793      15528    10.7827 0.0000e+00
     79.000     7.3984   3.396751    33.1285      15546    10.7953 0.0000e+00
     78.000     7.3799   3.393325    33.1095      15563    10.8067 0.0000e+00
     77.000     7.3685   3.390836    33.0939      15580    10.8187 0.0000e+00
     76.000     7.3874   3.391553    33.0841      15601    10.8331 0.0000e+00
     75.000     7.4038   3.391727    33.0708      15629    10.8526 0.0000e+00
     74.000     7.4005   3.390143    33.0573      15668    10.8802 0.0000e+00
     73.000     7.3782   3.386956    33.0446      15706    10.9063 0.0000e+00
     72.000     7.3455   3.382752    33.0307      15730    10.9232 0.0000e+00
     71.000     7.3358   3.381427    33.0260      15750    10.9368 0.0000e+00
     70.000     7.3325   3.380815    33.0230      15769    10.9499 0.0000e+00
     69.000     7.3126   3.378439    33.0167      15791    10.9651 0.0000e+00
     68.000     7.2888   3.375543    33.0085      15820    10.9853 0.0000e+00
     67.000     7.2694   3.372947    32.9993      15852    11.0076 0.0000e+00
     66.000     7.2342   3.368569    32.9858      15883    11.0290 0.0000e+00
     65.000     7.1877   3.362998    32.9701      15910    11.0477 0.0000e+00
     64.000     7.1419   3.357491    32.9544      15933    11.0641 0.0000e+00
     63.000     7.0927   3.351437    32.9359      15957    11.0803 0.0000e+00
     62.000     7.0561   3.346797    32.9207      15983    11.0984 0.0000e+00
     61.000     7.0223   3.342387    32.9053      16011    11.1181 0.0000e+00
     60.000     6.9685   3.335624    32.8833      16039    11.1374 0.0000e+00
     59.000     6.9407   3.331811    32.8686      16069    11.1583 0.0000e+00
     58.000     6.9324   3.330580    32.8636      16097    11.1780 0.0000e+00
     57.000     6.9260   3.329727    32.8608      16118    11.1922 0.0000e+00
     56.000     6.9199   3.328787    32.8569      16136    11.2050 0.0000e+00
     55.000     6.9133   3.327863    32.8535      16159    11.2210 0.0000e+00
     54.000     6.9067   3.326787    32.8486      16203    11.2512 0.0000e+00
     53.000     6.8949   3.325327    32.8443      16239    11.2763 0.0000e+00
     52.000     6.8681   3.321578    32.8293      16257    11.2889 0.0000e+00
     51.000     6.8562   3.319888    32.8226      16274    11.3004 0.0000e+00
     50.000     6.8398   3.317445    32.8120      16291    11.3124 0.0000e+00
     49.000     6.8263   3.315085    32.7994      16312    11.3269 0.0000e+00
     48.000     6.8183   3.313354    32.7886      16351    11.3545 0.0000e+00
     47.000     6.8156   3.312599    32.7834      16400    11.3882 0.0000e+00
     46.000     6.8119   3.311066    32.7706      16421    11.4030 0.0000e+00
     45.000     6.8116   3.310772    32.7681      16439    11.4150 0.0000e+00
     44.000     6.8113   3.310643    32.7675      16455    11.4266 0.0000e+00
     43.000     6.8104   3.310425    32.7664      16475    11.4400 0.0000e+00
     42.000     6.8123   3.310488    32.7658      16499    11.4567 0.0000e+00
     41.000     6.8140   3.310555    32.7653      16532    11.4797 0.0000e+00
     40.000     6.8160   3.310689    32.7654      16571    11.5072 0.0000e+00
     39.000     6.8294   3.311791    32.7652      16601    11.5274 0.0000e+00
     38.000     6.8475   3.313257    32.7645      16625    11.5443 0.0000e+00
     37.000     6.8656   3.314546    32.7619      16647    11.5598 0.0000e+00
     36.000     6.8772   3.315417    32.7608      16667    11.5734 0.0000e+00
     35.000     6.8852   3.315953    32.7595      16687    11.5872 0.0000e+00
     34.000     6.8919   3.316389    32.7584      16712    11.6051 0.0000e+00
     33.000     6.8949   3.316566    32.7580      16748    11.6298 0.0000e+00
     32.000     6.9041   3.317052    32.7551      16778    11.6504 0.0000e+00
     31.000     6.9132   3.317568    32.7525      16805    11.6697 0.0000e+00
     30.000     6.9149   3.317628    32.7520      16832    11.6879 0.0000e+00
     29.000     6.9200   3.317884    32.7504      16853    11.7030 0.0000e+00
     28.000     6.9228   3.318044    32.7500      16874    11.7176 0.0000e+00
     27.000     6.9246   3.318100    32.7493      16901    11.7358 0.0000e+00
     26.000     6.9251   3.318099    32.7494      16935    11.7600 0.0000e+00
     25.000     6.9258   3.318110    32.7493      16964    11.7797 0.0000e+00
     24.000     6.9272   3.318149    32.7489      16987    11.7956 0.0000e+00
     23.000     6.9292   3.318199    32.7480      17007    11.8099 0.0000e+00
     22.000     6.9302   3.318174    32.7472      17029    11.8247 0.0000e+00
     21.000     6.9312   3.318107    32.7461      17054    11.8420 0.0000e+00
     20.000     6.9319   3.318014    32.7448      17087    11.8656 0.0000e+00
     19.000     6.9326   3.317946    32.7440      17121    11.8890 0.0000e+00
     18.000     6.9339   3.317816    32.7417      17148    11.9079 0.0000e+00
     17.000     6.9355   3.317793    32.7404      17171    11.9237 0.0000e+00
     16.000     6.9367   3.317800    32.7399      17192    11.9380 0.0000e+00
     15.000     6.9379   3.317758    32.7387      17213    11.9529 0.0000e+00
     14.000     6.9391   3.317720    32.7376      17238    11.9703 0.0000e+00
     13.000     6.9399   3.317718    32.7374      17267    11.9903 0.0000e+00
     12.000     6.9411   3.317743    32.7370      17300    12.0130 0.0000e+00
     11.000     6.9490   3.318185    32.7348      17330    12.0338 0.0000e+00
     10.000     6.9925   3.321420    32.7293      17354    12.0504 0.0000e+00
      9.000     6.9998   3.322133    32.7306      17376    12.0659 0.0000e+00
      8.000     7.0042   3.322452    32.7304      17398    12.0813 0.0000e+00
      7.000     7.0082   3.322733    32.7301      17420    12.0967 0.0000e+00
      6.000     7.0117   3.323094    32.7311      18034    12.5231 0.0000e+00
      5.000     7.0197   3.323693    32.7306      18262    12.6811 0.0000e+00
      4.000     7.0262   3.324301    32.7315      18401    12.7779 0.0000e+00
      3.000     7.0268   3.324140    32.7297      18417    12.7890 0.0000e+00
      2.000     7.0211   3.323751    32.7314      18477    12.8306 0.0000e+00
      1.000     7.0667   2.116064    20.3870      18557    12.8859 0.0000e+00
