HB2502/ctd022.cnv
* Sea-Bird SBE 9 Data File:
* FileName = C:\cruise\data\ctd022.hex
* Software Version Seasave V 7.26.7.121
* Temperature SN = 6768
* Conductivity SN = 6166
* Number of Bytes Per Scan = 37
* Number of Voltage Words = 4
* Number of Scans Averaged by the Deck Unit = 1
* NMEA Latitude = 37 48.42 N
* NMEA Longitude = 074 06.84 W
* NMEA UTC (Time) = Mar 11 2025 02:20:14
* NMEA baud rate = 4800
** Ship: Bigelow HB2502
** Program:  Spring Bottom Trawl
** Chief Scientist:Jon Galbraith
# nquan = 7
# nvalues = 441                         
# units = specified
# name 0 = depSM: Depth [salt water, m]
# name 1 = t090C: Temperature [ITS-90, deg C]
# name 2 = c0S/m: Conductivity [S/m]
# name 3 = sal00: Salinity, Practical [PSU]
# name 4 = scan: Scan Count
# name 5 = timeM: Time, Elapsed [minutes]
# name 6 = flag: flag
# span 0 =      3.000,    223.000       
# span 1 =     7.3430,    10.4383       
# span 2 =   3.381560,   3.832819       
# span 3 =    32.9492,    35.0983       
# span 4 =         76,      12435       
# span 5 =     0.0523,     8.6344       
# span 6 = 0.0000e+00, 0.0000e+00       
# interval = meters: 1                  
# start_time = Mar 11 2025 02:20:14 [NMEA time, header]
# bad_flag = -9.990e-29
*END*
[from data line 411]
     32.000     7.3804   3.385164    33.0427      11545     8.0167 0.0000e+00
     31.000     7.3803   3.385010    33.0416      11570     8.0341 0.0000e+00
     30.000     7.3806   3.384918    33.0408      11595     8.0516 0.0000e+00
     29.000     7.3813   3.384888    33.0402      11622     8.0698 0.0000e+00
     28.000     7.3822   3.384852    33.0395      11648     8.0884 0.0000e+00
     27.000     7.3851   3.384976    33.0386      11675     8.1069 0.0000e+00
     26.000     7.3883   3.385180    33.0382      11701     8.1250 0.0000e+00
     25.000     7.3952   3.385632    33.0370      11727     8.1428 0.0000e+00
     24.000     7.3976   3.385665    33.0355      11753     8.1611 0.0000e+00
     23.000     7.3898   3.384709    33.0331      11780     8.1796 0.0000e+00
     22.000     7.3801   3.383645    33.0312      11806     8.1978 0.0000e+00
     21.000     7.3757   3.383103    33.0301      11831     8.2155 0.0000e+00
     20.000     7.3752   3.382993    33.0299      11857     8.2335 0.0000e+00
     19.000     7.3694   3.382319    33.0285      11885     8.2528 0.0000e+00
     18.000     7.3640   3.381560    33.0260      11914     8.2728 0.0000e+00
     17.000     7.3693   3.381705    33.0230      11941     8.2918 0.0000e+00
     16.000     7.3826   3.382603    33.0205      11965     8.3087 0.0000e+00
     15.000     7.4091   3.384706    33.0184      11988     8.3246 0.0000e+00
     14.000     7.4389   3.387060    33.0160      12012     8.3413 0.0000e+00
     13.000     7.4713   3.389786    33.0151      12040     8.3601 0.0000e+00
     12.000     7.4985   3.392130    33.0151      12070     8.3810 0.0000e+00
     11.000     7.5086   3.392858    33.0137      12098     8.4006 0.0000e+00
     10.000     7.4987   3.391401    33.0079      12123     8.4180 0.0000e+00
      9.000     7.4983   3.390688    33.0010      12147     8.4351 0.0000e+00
      8.000     7.4905   3.389498    32.9962      12175     8.4540 0.0000e+00
      7.000     7.4769   3.387048    32.9831      12205     8.4751 0.0000e+00
      6.000     7.4997   3.387506    32.9668      12234     8.4949 0.0000e+00
      5.000     7.5400   3.389880    32.9547      12258     8.5116 0.0000e+00
      4.000     7.5579   3.391102    32.9513      12281     8.5276 0.0000e+00
      3.000     7.5845   3.393206    32.9492      12435     8.6344 0.0000e+00
