HB2502/ctd022.cnv
* Sea-Bird SBE 9 Data File:
* FileName = C:\cruise\data\ctd022.hex
* Software Version Seasave V 7.26.7.121
* Temperature SN = 6768
* Conductivity SN = 6166
* Number of Bytes Per Scan = 37
* Number of Voltage Words = 4
* Number of Scans Averaged by the Deck Unit = 1
* NMEA Latitude = 37 48.42 N
* NMEA Longitude = 074 06.84 W
* NMEA UTC (Time) = Mar 11 2025 02:20:14
* NMEA baud rate = 4800
** Ship: Bigelow HB2502
** Program:  Spring Bottom Trawl
** Chief Scientist:Jon Galbraith
# nquan = 7
# nvalues = 441                         
# units = specified
# name 0 = depSM: Depth [salt water, m]
# name 1 = t090C: Temperature [ITS-90, deg C]
# name 2 = c0S/m: Conductivity [S/m]
# name 3 = sal00: Salinity, Practical [PSU]
# name 4 = scan: Scan Count
# name 5 = timeM: Time, Elapsed [minutes]
# name 6 = flag: flag
# span 0 =      3.000,    223.000       
# span 1 =     7.3430,    10.4383       
# span 2 =   3.381560,   3.832819       
# span 3 =    32.9492,    35.0983       
# span 4 =         76,      12435       
# span 5 =     0.0523,     8.6344       
# span 6 = 0.0000e+00, 0.0000e+00       
# interval = meters: 1                  
# start_time = Mar 11 2025 02:20:14 [NMEA time, header]
# bad_flag = -9.990e-29
*END*
[from data line 206]
    209.000     9.5351   3.783917    35.0967       5665     3.9337 0.0000e+00
    210.000     9.5044   3.780944    35.0955       5693     3.9525 0.0000e+00
    211.000     9.4606   3.776691    35.0939       5721     3.9719 0.0000e+00
    212.000     9.4090   3.771760    35.0928       5748     3.9913 0.0000e+00
    213.000     9.3382   3.764938    35.0909       5775     4.0100 0.0000e+00
    214.000     9.3098   3.762109    35.0889       5801     4.0276 0.0000e+00
    215.000     9.2718   3.758386    35.0870       5825     4.0446 0.0000e+00
    216.000     9.1592   3.747392    35.0825       5851     4.0627 0.0000e+00
    217.000     9.0943   3.740936    35.0784       5884     4.0854 0.0000e+00
    218.000     8.9514   3.727219    35.0750       5919     4.1099 0.0000e+00
    219.000     8.9260   3.724546    35.0716       5951     4.1321 0.0000e+00
    220.000     8.9200   3.723841    35.0697       5979     4.1514 0.0000e+00
    221.000     8.8936   3.721229    35.0678       6005     4.1694 0.0000e+00
    222.000     8.8303   3.715103    35.0654       6032     4.1883 0.0000e+00
    223.000     8.7502   3.706422    35.0527       6485     4.5024 0.0000e+00
    222.000     8.7833   3.709593    35.0538       6645     4.6140 0.0000e+00
    221.000     8.8112   3.712268    35.0549       6642     4.6120 0.0000e+00
    220.000     8.8496   3.715924    35.0559       6668     4.6296 0.0000e+00
    219.000     8.8826   3.719097    35.0572       6692     4.6464 0.0000e+00
    218.000     8.9050   3.721346    35.0592       6716     4.6630 0.0000e+00
    217.000     8.9194   3.722451    35.0571       6740     4.6802 0.0000e+00
    216.000     8.9584   3.725910    35.0554       6767     4.6986 0.0000e+00
    215.000     9.0415   3.732406    35.0421       6796     4.7185 0.0000e+00
    214.000     9.1150   3.740532    35.0553       6826     4.7393 0.0000e+00
    213.000     9.1581   3.744783    35.0577       6854     4.7590 0.0000e+00
    212.000     9.2406   3.753524    35.0684       6879     4.7764 0.0000e+00
    211.000     9.2837   3.757893    35.0721       6902     4.7926 0.0000e+00
    210.000     9.3008   3.759599    35.0735       6926     4.8090 0.0000e+00
    209.000     9.3707   3.766620    35.0784       6952     4.8271 0.0000e+00
    208.000     9.4096   3.769928    35.0751       6982     4.8482 0.0000e+00
    207.000     9.4721   3.775603    35.0733       7013     4.8695 0.0000e+00
    206.000     9.5024   3.778817    35.0774       7040     4.8879 0.0000e+00
    205.000     9.5549   3.783870    35.0788       7063     4.9042 0.0000e+00
    204.000     9.5770   3.786382    35.0836       7086     4.9201 0.0000e+00
    203.000     9.6277   3.790775    35.0800       7110     4.9371 0.0000e+00
    202.000     9.6468   3.791951    35.0739       7137     4.9557 0.0000e+00
    201.000     9.7213   3.798884    35.0732       7166     4.9759 0.0000e+00
    200.000     9.8007   3.804601    35.0552       7195     4.9958 0.0000e+00
    199.000     9.8526   3.808901    35.0494       7221     5.0140 0.0000e+00
    198.000     9.8832   3.811804    35.0500       7246     5.0312 0.0000e+00
    197.000     9.9069   3.813411    35.0439       7271     5.0488 0.0000e+00
    196.000     9.9216   3.814521    35.0414       7298     5.0673 0.0000e+00
    195.000     9.9311   3.815311    35.0408       7326     5.0866 0.0000e+00
    194.000     9.9551   3.816991    35.0352       7352     5.1052 0.0000e+00
    193.000     9.9674   3.817767    35.0317       7378     5.1231 0.0000e+00
    192.000     9.9768   3.818553    35.0310       7404     5.1409 0.0000e+00
    191.000     9.9797   3.818706    35.0303       7430     5.1591 0.0000e+00
    190.000     9.9882   3.819168    35.0272       7456     5.1774 0.0000e+00
    189.000     9.9953   3.819755    35.0268       7482     5.1950 0.0000e+00
    188.000    10.0113   3.820732    35.0217       7507     5.2122 0.0000e+00
    187.000    10.0231   3.821441    35.0181       7532     5.2297 0.0000e+00
    186.000    10.0300   3.821923    35.0168       7558     5.2479 0.0000e+00
    185.000    10.0367   3.822294    35.0145       7585     5.2666 0.0000e+00
    184.000    10.0434   3.822748    35.0132       7612     5.2853 0.0000e+00
    183.000    10.0498   3.823137    35.0114       7638     5.3034 0.0000e+00
    182.000    10.0568   3.823550    35.0093       7663     5.3210 0.0000e+00
    181.000    10.0690   3.824341    35.0061       7689     5.3386 0.0000e+00
    180.000    10.0716   3.824510    35.0057       7715     5.3567 0.0000e+00
    179.000    10.0812   3.825143    35.0033       7741     5.3751 0.0000e+00
    178.000    10.0832   3.825332    35.0038       7766     5.3924 0.0000e+00
    177.000    10.0876   3.825665    35.0034       7790     5.4089 0.0000e+00
    176.000    10.0885   3.825763    35.0040       7815     5.4262 0.0000e+00
    175.000    10.0941   3.826169    35.0032       7842     5.4454 0.0000e+00
    174.000    10.0993   3.826531    35.0023       7872     5.4662 0.0000e+00
    173.000    10.1046   3.826832    35.0007       7899     5.4850 0.0000e+00
    172.000    10.1096   3.827233    35.0005       7923     5.5011 0.0000e+00
    171.000    10.1173   3.827685    34.9981       7945     5.5168 0.0000e+00
    170.000    10.1245   3.828229    34.9971       7970     5.5337 0.0000e+00
    169.000    10.1388   3.829225    34.9940       7997     5.5530 0.0000e+00
    168.000    10.1467   3.829734    34.9919       8026     5.5728 0.0000e+00
    167.000    10.1488   3.829781    34.9909       8052     5.5911 0.0000e+00
    166.000    10.1636   3.830664    34.9860       8077     5.6083 0.0000e+00
    165.000    10.1700   3.830913    34.9829       8102     5.6256 0.0000e+00
    164.000    10.1790   3.831141    34.9769       8128     5.6435 0.0000e+00
    163.000    10.1878   3.831064    34.9681       8154     5.6618 0.0000e+00
    162.000    10.1965   3.830837    34.9579       8180     5.6796 0.0000e+00
    161.000    10.2051   3.830466    34.9463       8205     5.6970 0.0000e+00
    160.000    10.2051   3.830054    34.9425       8229     5.7142 0.0000e+00
    159.000    10.2048   3.829478    34.9375       8255     5.7318 0.0000e+00
    158.000    10.2020   3.828290    34.9285       8281     5.7503 0.0000e+00
    157.000    10.1919   3.826376    34.9192       8309     5.7696 0.0000e+00
    156.000    10.1717   3.823369    34.9085       8337     5.7889 0.0000e+00
    155.000    10.1487   3.819704    34.8939       8363     5.8067 0.0000e+00
    154.000    10.1391   3.818132    34.8875       8386     5.8233 0.0000e+00
    153.000    10.1343   3.817426    34.8854       8410     5.8394 0.0000e+00
    152.000    10.1288   3.816547    34.8822       8435     5.8566 0.0000e+00
    151.000    10.1227   3.815526    34.8781       8462     5.8755 0.0000e+00
    150.000    10.1161   3.814247    34.8719       8490     5.8952 0.0000e+00
    149.000    10.1023   3.811710    34.8597       8517     5.9137 0.0000e+00
    148.000    10.0823   3.807713    34.8388       8542     5.9312 0.0000e+00
    147.000    10.0722   3.805246    34.8237       8567     5.9484 0.0000e+00
    146.000    10.0627   3.802745    34.8078       8592     5.9662 0.0000e+00
    145.000    10.0605   3.801697    34.7997       8618     5.9841 0.0000e+00
    144.000    10.0546   3.799504    34.7835       8643     6.0017 0.0000e+00
    143.000    10.0554   3.798424    34.7722       8668     6.0191 0.0000e+00
    142.000    10.0604   3.797887    34.7623       8694     6.0367 0.0000e+00
    141.000    10.0779   3.799204    34.7593       8721     6.0553 0.0000e+00
    140.000    10.1057   3.801492    34.7565       8749     6.0747 0.0000e+00
    139.000    10.1382   3.804425    34.7556       8776     6.0939 0.0000e+00
    138.000    10.1816   3.808533    34.7563       8802     6.1116 0.0000e+00
    137.000    10.2122   3.811106    34.7535       8826     6.1284 0.0000e+00
    136.000    10.2149   3.810868    34.7491       8849     6.1447 0.0000e+00
    135.000    10.2157   3.810550    34.7455       8874     6.1616 0.0000e+00
    134.000    10.2048   3.808901    34.7396       8900     6.1797 0.0000e+00
    133.000    10.1887   3.806535    34.7315       8928     6.1990 0.0000e+00
    132.000    10.1687   3.803096    34.7161       8955     6.2178 0.0000e+00
    131.000    10.1371   3.798829    34.7034       8980     6.2354 0.0000e+00
    130.000    10.0830   3.791553    34.6816       9005     6.2525 0.0000e+00
    129.000    10.0385   3.785363    34.6615       9030     6.2702 0.0000e+00
    128.000    10.0219   3.782773    34.6514       9057     6.2891 0.0000e+00
    127.000     9.9387   3.771306    34.6144       9084     6.3077 0.0000e+00
    126.000     9.8067   3.753339    34.5574       9109     6.3249 0.0000e+00
    125.000     9.7764   3.748510    34.5374       9132     6.3413 0.0000e+00
    124.000     9.7340   3.742839    34.5202       9157     6.3581 0.0000e+00
    123.000     9.7215   3.740326    34.5068       9182     6.3759 0.0000e+00
    122.000     9.6974   3.736005    34.4860       9210     6.3950 0.0000e+00
    121.000     9.7060   3.736524    34.4835       9237     6.4138 0.0000e+00
    120.000     9.7106   3.736562    34.4800       9262     6.4316 0.0000e+00
    119.000     9.7172   3.737072    34.4794       9287     6.4483 0.0000e+00
    118.000     9.7293   3.738171    34.4796       9311     6.4649 0.0000e+00
    117.000     9.7434   3.739251    34.4775       9335     6.4820 0.0000e+00
    116.000     9.7511   3.738671    34.4647       9362     6.5006 0.0000e+00
    115.000     9.7345   3.734131    34.4345       9390     6.5204 0.0000e+00
    114.000     9.6965   3.725693    34.3845       9418     6.5395 0.0000e+00
    113.000     9.7299   3.726919    34.3656       9443     6.5571 0.0000e+00
    112.000     9.8092   3.734148    34.3646       9468     6.5741 0.0000e+00
    111.000     9.8823   3.741475    34.3705       9492     6.5912 0.0000e+00
    110.000     9.9258   3.745687    34.3726       9517     6.6087 0.0000e+00
    109.000     9.9540   3.748348    34.3734       9543     6.6262 0.0000e+00
    108.000     9.9946   3.752078    34.3733       9567     6.6434 0.0000e+00
    107.000    10.0150   3.753894    34.3729       9592     6.6605 0.0000e+00
    106.000    10.0192   3.753684    34.3672       9617     6.6780 0.0000e+00
    105.000    10.0282   3.753826    34.3605       9644     6.6967 0.0000e+00
    104.000    10.1033   3.760921    34.3619       9673     6.7166 0.0000e+00
    103.000    10.3271   3.784162    34.3862       9701     6.7360 0.0000e+00
    102.000    10.4103   3.791535    34.3825       9726     6.7535 0.0000e+00
    101.000    10.4198   3.791484    34.3735       9750     6.7702 0.0000e+00
    100.000    10.3969   3.787152    34.3518       9774     6.7869 0.0000e+00
     99.000    10.3683   3.782803    34.3353       9800     6.8052 0.0000e+00
     98.000    10.3292   3.776697    34.3109       9828     6.8245 0.0000e+00
     97.000    10.2836   3.770107    34.2877       9855     6.8428 0.0000e+00
     96.000    10.2371   3.763427    34.2644       9878     6.8593 0.0000e+00
     95.000    10.2064   3.759119    34.2501       9901     6.8752 0.0000e+00
     94.000    10.1740   3.754554    34.2348       9925     6.8917 0.0000e+00
     93.000    10.1422   3.749989    34.2189       9951     6.9096 0.0000e+00
     92.000    10.1289   3.748138    34.2131       9978     6.9285 0.0000e+00
     91.000    10.0925   3.743132    34.1971      10005     6.9470 0.0000e+00
     90.000    10.0384   3.736041    34.1765      10031     6.9652 0.0000e+00
     89.000     9.9386   3.722477    34.1328      10057     6.9837 0.0000e+00
     88.000     9.8218   3.707972    34.0955      10085     7.0031 0.0000e+00
     87.000     9.6621   3.687978    34.0420      10113     7.0225 0.0000e+00
     86.000     9.5393   3.671812    33.9924      10139     7.0404 0.0000e+00
     85.000     9.4286   3.657343    33.9485      10162     7.0564 0.0000e+00
     84.000     9.2933   3.640081    33.8986      10184     7.0714 0.0000e+00
     83.000     9.1204   3.619210    33.8465      10206     7.0867 0.0000e+00
     82.000     9.0021   3.604205    33.8031      10230     7.1035 0.0000e+00
     81.000     8.7457   3.572951    33.7203      10257     7.1225 0.0000e+00
     80.000     8.4084   3.531107    33.6012      10287     7.1433 0.0000e+00
     79.000     8.1465   3.497881    33.4992      10316     7.1633 0.0000e+00
     78.000     7.9569   3.474419    33.4306      10342     7.1815 0.0000e+00
     77.000     7.8750   3.463991    33.3978      10367     7.1989 0.0000e+00
     76.000     7.8626   3.461618    33.3848      10393     7.2164 0.0000e+00
     75.000     7.8371   3.457815    33.3688      10419     7.2349 0.0000e+00
     74.000     7.8182   3.454407    33.3509      10446     7.2536 0.0000e+00
     73.000     7.8074   3.452304    33.3391      10472     7.2716 0.0000e+00
     72.000     7.7948   3.449812    33.3249      10497     7.2886 0.0000e+00
     71.000     7.7857   3.447733    33.3117      10521     7.3054 0.0000e+00
     70.000     7.7724   3.445680    33.3028      10546     7.3228 0.0000e+00
     69.000     7.7449   3.441844    33.2884      10573     7.3413 0.0000e+00
     68.000     7.7062   3.436975    33.2735      10600     7.3605 0.0000e+00
     67.000     7.6682   3.432068    33.2576      10627     7.3793 0.0000e+00
     66.000     7.6498   3.429302    33.2458      10654     7.3977 0.0000e+00
     65.000     7.6412   3.427613    33.2364      10680     7.4160 0.0000e+00
     64.000     7.6406   3.426912    33.2298      10707     7.4346 0.0000e+00
     63.000     7.6300   3.424797    33.2177      10733     7.4531 0.0000e+00
     62.000     7.5981   3.419848    33.1953      10760     7.4713 0.0000e+00
     61.000     7.5711   3.416201    33.1822      10786     7.4896 0.0000e+00
     60.000     7.5642   3.414728    33.1735      10813     7.5082 0.0000e+00
     59.000     7.5669   3.414365    33.1674      10839     7.5263 0.0000e+00
     58.000     7.5709   3.414320    33.1636      10865     7.5444 0.0000e+00
     57.000     7.5687   3.413859    33.1612      10891     7.5622 0.0000e+00
     56.000     7.5563   3.412097    33.1545      10917     7.5805 0.0000e+00
     55.000     7.5341   3.409251    33.1454      10943     7.5988 0.0000e+00
     54.000     7.5056   3.405517    33.1328      10969     7.6166 0.0000e+00
     53.000     7.4913   3.403561    33.1258      10994     7.6343 0.0000e+00
     52.000     7.4838   3.402517    33.1221      11020     7.6521 0.0000e+00
     51.000     7.4765   3.401484    33.1185      11048     7.6714 0.0000e+00
     50.000     7.4661   3.400097    33.1138      11077     7.6914 0.0000e+00
     49.000     7.4545   3.398565    33.1089      11104     7.7107 0.0000e+00
     48.000     7.4367   3.396253    33.1013      11130     7.7282 0.0000e+00
     47.000     7.4146   3.393448    33.0926      11154     7.7450 0.0000e+00
     46.000     7.4012   3.391586    33.0857      11178     7.7617 0.0000e+00
     45.000     7.3886   3.389819    33.0790      11203     7.7795 0.0000e+00
     44.000     7.3843   3.388944    33.0742      11231     7.7985 0.0000e+00
     43.000     7.3843   3.388393    33.0686      11259     7.8177 0.0000e+00
     42.000     7.3867   3.388116    33.0639      11285     7.8359 0.0000e+00
     41.000     7.3879   3.387976    33.0616      11310     7.8532 0.0000e+00
     40.000     7.3888   3.387798    33.0593      11335     7.8708 0.0000e+00
     39.000     7.3895   3.387523    33.0562      11361     7.8888 0.0000e+00
     38.000     7.3897   3.387297    33.0540      11387     7.9071 0.0000e+00
     37.000     7.3890   3.387034    33.0523      11413     7.9253 0.0000e+00
     36.000     7.3872   3.386586    33.0497      11440     7.9436 0.0000e+00
     35.000     7.3850   3.386182    33.0479      11467     7.9623 0.0000e+00
     34.000     7.3831   3.385847    33.0465      11494     7.9811 0.0000e+00
