HB2502/ctd070.cnv
* Sea-Bird SBE 9 Data File:
* FileName = C:\cruise\data\ctd070.hex
* Software Version Seasave V 7.26.7.121
* Temperature SN = 6768
* Conductivity SN = 6166
* Number of Bytes Per Scan = 37
* Number of Voltage Words = 4
* Number of Scans Averaged by the Deck Unit = 1
* NMEA Latitude = 37 55.58 N
* NMEA Longitude = 075 04.03 W
* NMEA UTC (Time) = Mar 18 2025 01:38:19
* NMEA baud rate = 4800
** Ship: Bigelow HB2502
** Program:  Spring Bottom Trawl
** Chief Scientist:Jon Galbraith
# nquan = 7
# nvalues = 38                          
# units = specified
# name 0 = depSM: Depth [salt water, m]
# name 1 = t090C: Temperature [ITS-90, deg C]
# name 2 = c0S/m: Conductivity [S/m]
# name 3 = sal00: Salinity, Practical [PSU]
# name 4 = scan: Scan Count
# name 5 = timeM: Time, Elapsed [minutes]
# name 6 = flag: flag
# span 0 =      2.000,     21.000       
# span 1 =     6.8402,     7.1043       
# span 2 =   3.317990,   3.338854       
# span 3 =    32.6935,    32.8989       
# span 4 =         84,       2406       
# span 5 =     0.0578,     1.6704       
# span 6 = 0.0000e+00, 0.0000e+00       
# interval = meters: 1                  
# start_time = Mar 18 2025 01:38:19 [NMEA time, header]
# bad_flag = -9.990e-29
*END*
      3.000     7.0179   3.338854    32.8989         84     0.0578 0.0000e+00
      4.000     6.9958   3.326483    32.7843        291     0.2016 0.0000e+00
      5.000     6.9948   3.320300    32.7173        329     0.2277 0.0000e+00
      6.000     6.9955   3.319117    32.7031        365     0.2525 0.0000e+00
      7.000     6.9959   3.318686    32.6976        401     0.2780 0.0000e+00
      8.000     6.9951   3.318424    32.6950        430     0.2979 0.0000e+00
      9.000     6.9933   3.318314    32.6950        450     0.3118 0.0000e+00
     10.000     6.9932   3.318360    32.6951        468     0.3245 0.0000e+00
     11.000     6.9961   3.318509    32.6935        490     0.3398 0.0000e+00
     12.000     6.9987   3.321012    32.7179        529     0.3666 0.0000e+00
     13.000     6.9971   3.320271    32.7109        580     0.4022 0.0000e+00
     14.000     6.9913   3.318289    32.6943        604     0.4190 0.0000e+00
     15.000     6.9870   3.318338    32.6983        628     0.4354 0.0000e+00
     16.000     6.9593   3.320506    32.7479        673     0.4669 0.0000e+00
     17.000     6.8967   3.320039    32.8020        726     0.5033 0.0000e+00
     18.000     6.8511   3.318211    32.8251        753     0.5223 0.0000e+00
     19.000     6.8402   3.317990    32.8326        780     0.5410 0.0000e+00
     20.000     6.8424   3.319422    32.8457        810     0.5618 0.0000e+00
     21.000     6.8479   3.320826    32.8554        838     0.5813 0.0000e+00
     20.000     6.8544   3.322287    32.8657        908     0.6301 0.0000e+00
     19.000     6.8891   3.321526    32.8247       1433     0.9947 0.0000e+00
     18.000     6.9257   3.318939    32.7618       1754     1.2173 0.0000e+00
     17.000     6.9274   3.318943    32.7608       1788     1.2411 0.0000e+00
     16.000     6.9350   3.319093    32.7556       1811     1.2572 0.0000e+00
     15.000     6.9128   3.319196    32.7784       1834     1.2728 0.0000e+00
     14.000     6.9264   3.319575    32.7701       1859     1.2903 0.0000e+00
     13.000     6.9544   3.320027    32.7488       1891     1.3128 0.0000e+00
     12.000     6.9477   3.320241    32.7580       1923     1.3345 0.0000e+00
     11.000     6.9527   3.320855    32.7605       1946     1.3506 0.0000e+00
     10.000     6.9543   3.322310    32.7753       1966     1.3645 0.0000e+00
      9.000     6.9627   3.323747    32.7836       1995     1.3847 0.0000e+00
      8.000     6.9925   3.324059    32.7590       2040     1.4157 0.0000e+00
      7.000     7.0025   3.324246    32.7521       2063     1.4323 0.0000e+00
      6.000     7.0216   3.326291    32.7567       2081     1.4447 0.0000e+00
      5.000     7.0380   3.327245    32.7519       2099     1.4571 0.0000e+00
      4.000     7.0807   3.328778    32.7286       2128     1.4770 0.0000e+00
      3.000     7.1043   3.331486    32.7361       2180     1.5130 0.0000e+00
      2.000     7.0540   3.328782    32.7550       2406     1.6704 0.0000e+00
