HB2502/ctd029.cnv
* Sea-Bird SBE 9 Data File:
* FileName = C:\cruise\data\ctd029.hex
* Software Version Seasave V 7.26.7.121
* Temperature SN = 6768
* Conductivity SN = 6166
* Number of Bytes Per Scan = 37
* Number of Voltage Words = 4
* Number of Scans Averaged by the Deck Unit = 1
* NMEA Latitude = 36 54.06 N
* NMEA Longitude = 074 47.10 W
* NMEA UTC (Time) = Mar 12 2025 11:44:30
* NMEA baud rate = 4800
** Ship: Bigelow HB2502
** Program:  Spring Bottom Trawl
** Chief Scientist:Jon Galbraith
# nquan = 7
# nvalues = 108                         
# units = specified
# name 0 = depSM: Depth [salt water, m]
# name 1 = t090C: Temperature [ITS-90, deg C]
# name 2 = c0S/m: Conductivity [S/m]
# name 3 = sal00: Salinity, Practical [PSU]
# name 4 = scan: Scan Count
# name 5 = timeM: Time, Elapsed [minutes]
# name 6 = flag: flag
# span 0 =      1.000,     56.000       
# span 1 =     7.4858,    11.3130       
# span 2 =   3.290942,   3.901960       
# span 3 =    31.9708,    34.7715       
# span 4 =         21,       4425       
# span 5 =     0.0140,     3.0723       
# span 6 = 0.0000e+00, 0.0000e+00       
# interval = meters: 1                  
# start_time = Mar 12 2025 11:44:30 [NMEA time, header]
# bad_flag = -9.990e-29
*END*
      4.000     7.6260   3.434883    33.3587         21     0.0140 0.0000e+00
      5.000     7.5289   3.410884    33.1920        192     0.1324 0.0000e+00
      6.000     7.5298   3.387169    32.9346        200     0.1385 0.0000e+00
      7.000     7.5488   3.386634    32.9103        234     0.1617 0.0000e+00
      8.000     7.5441   3.387711    32.9260        271     0.1878 0.0000e+00
      9.000     7.5360   3.386455    32.9195        300     0.2073 0.0000e+00
     10.000     7.5230   3.384875    32.9144        321     0.2223 0.0000e+00
     11.000     7.5272   3.382651    32.8859        341     0.2360 0.0000e+00
     12.000     7.7051   3.383689    32.7288        362     0.2509 0.0000e+00
     13.000     7.7724   3.390359    32.7365        389     0.2697 0.0000e+00
     14.000     7.8311   3.391747    32.6958        426     0.2954 0.0000e+00
     15.000     7.9118   3.396384    32.6694        457     0.3167 0.0000e+00
     16.000     8.0699   3.413686    32.7055        478     0.3316 0.0000e+00
     17.000     8.0866   3.426322    32.8237        498     0.3450 0.0000e+00
     18.000     8.0876   3.429322    32.8543        520     0.3604 0.0000e+00
     19.000     8.0922   3.428421    32.8399        551     0.3821 0.0000e+00
     20.000     8.1058   3.429768    32.8411        586     0.4063 0.0000e+00
     21.000     8.1214   3.436547    32.8980        613     0.4252 0.0000e+00
     22.000     8.1454   3.440595    32.9180        637     0.4418 0.0000e+00
     23.000     8.1568   3.441706    32.9186        661     0.4586 0.0000e+00
     24.000     8.1487   3.432516    32.8282        686     0.4757 0.0000e+00
     25.000     8.1274   3.431305    32.8348        711     0.4929 0.0000e+00
     26.000     8.0222   3.436335    32.9867        737     0.5110 0.0000e+00
     27.000     7.9943   3.438704    33.0378        767     0.5320 0.0000e+00
     28.000     8.1177   3.439377    32.9283        799     0.5544 0.0000e+00
     29.000     8.5554   3.451162    32.6469        828     0.5741 0.0000e+00
     30.000     9.3976   3.469503    32.0676        851     0.5901 0.0000e+00
     31.000     9.5682   3.505129    32.2791        872     0.6049 0.0000e+00
     32.000     9.7777   3.534099    32.3861        894     0.6203 0.0000e+00
     33.000     9.9322   3.559728    32.5070        919     0.6377 0.0000e+00
     34.000     9.9933   3.577283    32.6295        950     0.6589 0.0000e+00
     35.000    10.1274   3.601003    32.7480        983     0.6823 0.0000e+00
     36.000    10.2306   3.624738    32.8939       1013     0.7025 0.0000e+00
     37.000    10.2957   3.645396    33.0426       1036     0.7189 0.0000e+00
     38.000    10.3936   3.657580    33.0758       1059     0.7349 0.0000e+00
     39.000    10.4795   3.667009    33.0921       1085     0.7529 0.0000e+00
     40.000    10.5164   3.676912    33.1575       1114     0.7728 0.0000e+00
     41.000    10.4931   3.693465    33.3445       1139     0.7906 0.0000e+00
     42.000    10.5334   3.707453    33.4477       1162     0.8064 0.0000e+00
     43.000    10.7486   3.711166    33.2878       1186     0.8229 0.0000e+00
     44.000    10.8830   3.713836    33.1918       1216     0.8439 0.0000e+00
     45.000    10.9669   3.726100    33.2372       1249     0.8666 0.0000e+00
     46.000    11.2234   3.760517    33.3452       1276     0.8851 0.0000e+00
     47.000    11.3130   3.807426    33.7265       1298     0.9007 0.0000e+00
     48.000    11.1371   3.837828    34.1894       1321     0.9163 0.0000e+00
     49.000    10.9753   3.837050    34.3320       1348     0.9354 0.0000e+00
     50.000    10.9549   3.844690    34.4269       1382     0.9588 0.0000e+00
     51.000    10.8834   3.847432    34.5211       1409     0.9779 0.0000e+00
     52.000    10.8829   3.850516    34.5520       1431     0.9932 0.0000e+00
     53.000    11.0610   3.874835    34.6264       1453     1.0081 0.0000e+00
     54.000    11.1748   3.894759    34.7169       1479     1.0261 0.0000e+00
     55.000    11.1922   3.899059    34.7429       1510     1.0477 0.0000e+00
     56.000    11.1973   3.899864    34.7455       1527     1.0595 0.0000e+00
     55.000    11.1924   3.901960    34.7715       2070     1.4367 0.0000e+00
     54.000    11.1915   3.901699    34.7702       2325     1.6139 0.0000e+00
     53.000    11.1733   3.899308    34.7641       2332     1.6191 0.0000e+00
     52.000    11.1350   3.894390    34.7518       2359     1.6376 0.0000e+00
     51.000    11.0356   3.881003    34.7128       2384     1.6548 0.0000e+00
     50.000    10.9705   3.870026    34.6653       2407     1.6711 0.0000e+00
     49.000    10.9305   3.862823    34.6315       2430     1.6870 0.0000e+00
     48.000    10.9365   3.861066    34.6087       2453     1.7028 0.0000e+00
     47.000    10.9491   3.860224    34.5889       2478     1.7198 0.0000e+00
     46.000    10.9899   3.861733    34.5659       2508     1.7409 0.0000e+00
     45.000    11.0352   3.865526    34.5615       2543     1.7655 0.0000e+00
     44.000    11.1997   3.879054    34.5419       2570     1.7838 0.0000e+00
     43.000    11.2182   3.879465    34.5290       2590     1.7982 0.0000e+00
     42.000    11.1350   3.869124    34.5048       2610     1.8116 0.0000e+00
     41.000    11.0584   3.859000    34.4765       2631     1.8264 0.0000e+00
     40.000    10.9226   3.840317    34.4180       2659     1.8455 0.0000e+00
     39.000    10.8627   3.829860    34.3702       2691     1.8679 0.0000e+00
     38.000    10.7098   3.808888    34.3041       2719     1.8875 0.0000e+00
     37.000    10.5748   3.785051    34.1916       2744     1.9046 0.0000e+00
     36.000    10.5567   3.779682    34.1550       2767     1.9212 0.0000e+00
     35.000    10.5332   3.774419    34.1246       2792     1.9381 0.0000e+00
     34.000    10.4570   3.760038    34.0514       2818     1.9565 0.0000e+00
     33.000    10.4340   3.753657    34.0090       2847     1.9765 0.0000e+00
     32.000    10.3875   3.745497    33.9704       2874     1.9954 0.0000e+00
     31.000    10.2878   3.726141    33.8684       2897     2.0114 0.0000e+00
     30.000    10.2322   3.718504    33.8434       2919     2.0263 0.0000e+00
     29.000    10.1613   3.710032    33.8241       2944     2.0434 0.0000e+00
     28.000     9.9205   3.680592    33.7500       2977     2.0666 0.0000e+00
     27.000     9.7657   3.665871    33.7449       3008     2.0884 0.0000e+00
     26.000     9.4643   3.625668    33.6151       3030     2.1035 0.0000e+00
     25.000     9.1896   3.596258    33.5694       3049     2.1168 0.0000e+00
     24.000     8.7841   3.550128    33.4710       3070     2.1311 0.0000e+00
     23.000     8.4669   3.504894    33.2955       3097     2.1503 0.0000e+00
     22.000     8.3352   3.488641    33.2487       3134     2.1757 0.0000e+00
     21.000     8.1702   3.467314    33.1789       3163     2.1956 0.0000e+00
     20.000     8.1499   3.460283    33.1239       3185     2.2112 0.0000e+00
     19.000     8.1537   3.459450    33.1119       3206     2.2260 0.0000e+00
     18.000     8.1578   3.458407    33.0975       3228     2.2412 0.0000e+00
     17.000     8.1456   3.455317    33.0766       3252     2.2576 0.0000e+00
     16.000     8.1309   3.451747    33.0530       3279     2.2766 0.0000e+00
     15.000     8.1278   3.450969    33.0481       3312     2.2995 0.0000e+00
     14.000     8.1249   3.449830    33.0392       3345     2.3222 0.0000e+00
     13.000     8.1215   3.447522    33.0183       3371     2.3401 0.0000e+00
     12.000     8.1105   3.446394    33.0172       3392     2.3547 0.0000e+00
     11.000     8.0603   3.441114    33.0087       3411     2.3681 0.0000e+00
     10.000     8.0006   3.434454    32.9946       3431     2.3819 0.0000e+00
      9.000     7.8269   3.417918    32.9823       3453     2.3973 0.0000e+00
      8.000     7.7554   3.407268    32.9362       3481     2.4164 0.0000e+00
      7.000     7.6926   3.400487    32.9233       3518     2.4420 0.0000e+00
      6.000     7.6423   3.394318    32.9051       3557     2.4693 0.0000e+00
      5.000     7.6273   3.392405    32.8991       3585     2.4888 0.0000e+00
      4.000     7.6161   3.391579    32.9013       3609     2.5053 0.0000e+00
      3.000     7.5334   3.382428    32.8814       3638     2.5258 0.0000e+00
      2.000     7.5163   3.378833    32.8594       4052     2.8129 0.0000e+00
      1.000     7.4858   3.290942    31.9708       4425     3.0723 0.0000e+00
