HB2502/ctd064.cnv
* Sea-Bird SBE 9 Data File:
* FileName = C:\cruise\data\ctd064.hex
* Software Version Seasave V 7.26.7.121
* Temperature SN = 6768
* Conductivity SN = 6166
* Number of Bytes Per Scan = 37
* Number of Voltage Words = 4
* Number of Scans Averaged by the Deck Unit = 1
* NMEA Latitude = 37 15.76 N
* NMEA Longitude = 075 30.71 W
* NMEA UTC (Time) = Mar 16 2025 17:35:50
* NMEA baud rate = 4800
** Ship: Bigelow HB2502
** Program:  Spring Bottom Trawl
** Chief Scientist:Jon Galbraith
# nquan = 7
# nvalues = 31                          
# units = specified
# name 0 = depSM: Depth [salt water, m]
# name 1 = t090C: Temperature [ITS-90, deg C]
# name 2 = c0S/m: Conductivity [S/m]
# name 3 = sal00: Salinity, Practical [PSU]
# name 4 = scan: Scan Count
# name 5 = timeM: Time, Elapsed [minutes]
# name 6 = flag: flag
# span 0 =      2.000,     18.000       
# span 1 =     7.6225,     8.3146       
# span 2 =   3.393385,   3.450716       
# span 3 =    32.6570,    33.2135       
# span 4 =        277,       2570       
# span 5 =     0.1915,     1.7839       
# span 6 = 0.0000e+00, 0.0000e+00       
# interval = meters: 1                  
# start_time = Mar 16 2025 17:35:50 [NMEA time, header]
# bad_flag = -9.990e-29
*END*
      4.000     7.9557   3.450716    33.2135        277     0.1915 0.0000e+00
      5.000     7.8869   3.395237    32.6852        537     0.3721 0.0000e+00
      6.000     7.9090   3.396421    32.6766        521     0.3611 0.0000e+00
      7.000     7.9127   3.397552    32.6848        547     0.3792 0.0000e+00
      8.000     7.9105   3.407280    32.7902        626     0.4341 0.0000e+00
      9.000     7.9121   3.395476    32.6622        672     0.4662 0.0000e+00
     10.000     7.9106   3.394902    32.6570        699     0.4845 0.0000e+00
     11.000     7.9155   3.398027    32.6853        753     0.5226 0.0000e+00
     12.000     7.8912   3.394679    32.6718        800     0.5551 0.0000e+00
     13.000     7.8358   3.394767    32.7242        842     0.5840 0.0000e+00
     14.000     7.7725   3.395908    32.7955        899     0.6237 0.0000e+00
     15.000     7.7099   3.394641    32.8404        943     0.6539 0.0000e+00
     16.000     7.6596   3.394532    32.8862        994     0.6893 0.0000e+00
     17.000     7.6433   3.398809    32.9471       1041     0.7224 0.0000e+00
     18.000     7.6304   3.394809    32.9160       1408     0.9770 0.0000e+00
     17.000     7.6225   3.394579    32.9214       1884     1.3076 0.0000e+00
     16.000     7.6284   3.393385    32.9034       1928     1.3384 0.0000e+00
     15.000     7.7305   3.393606    32.8098       1950     1.3533 0.0000e+00
     14.000     7.8316   3.396492    32.7462       1974     1.3702 0.0000e+00
     13.000     7.8566   3.398716    32.7470       1997     1.3862 0.0000e+00
     12.000     7.8636   3.399624    32.7505       2024     1.4050 0.0000e+00
     11.000     7.8652   3.399818    32.7515       2055     1.4263 0.0000e+00
     10.000     7.8843   3.400964    32.7464       2082     1.4451 0.0000e+00
      9.000     7.8945   3.406791    32.7996       2106     1.4616 0.0000e+00
      8.000     7.9437   3.414840    32.8398       2134     1.4811 0.0000e+00
      7.000     8.0389   3.423125    32.8392       2166     1.5038 0.0000e+00
      6.000     8.0998   3.426434    32.8177       2190     1.5204 0.0000e+00
      5.000     8.1637   3.429912    32.7953       2209     1.5333 0.0000e+00
      4.000     8.2446   3.433190    32.7550       2255     1.5654 0.0000e+00
      3.000     8.3146   3.445124    32.8164       2302     1.5977 0.0000e+00
      2.000     8.0530   3.435622    32.9615       2570     1.7839 0.0000e+00
