HB2502/ctd060.cnv
* Sea-Bird SBE 9 Data File:
* FileName = C:\cruise\data\ctd060.hex
* Software Version Seasave V 7.26.7.121
* Temperature SN = 6768
* Conductivity SN = 6166
* Number of Bytes Per Scan = 37
* Number of Voltage Words = 4
* Number of Scans Averaged by the Deck Unit = 1
* NMEA Latitude = 35 50.60 N
* NMEA Longitude = 075 25.63 W
* NMEA UTC (Time) = Mar 15 2025 14:33:58
* NMEA baud rate = 4800
** Ship: Bigelow HB2502
** Program:  Spring Bottom Trawl
** Chief Scientist:Jon Galbraith
# nquan = 7
# nvalues = 40                          
# units = specified
# name 0 = depSM: Depth [salt water, m]
# name 1 = t090C: Temperature [ITS-90, deg C]
# name 2 = c0S/m: Conductivity [S/m]
# name 3 = sal00: Salinity, Practical [PSU]
# name 4 = scan: Scan Count
# name 5 = timeM: Time, Elapsed [minutes]
# name 6 = flag: flag
# span 0 =      1.000,     22.000       
# span 1 =     9.6857,     9.9579       
# span 2 =   3.211051,   3.658235       
# span 3 =    29.1516,    33.6492       
# span 4 =         60,       2650       
# span 5 =     0.0412,     1.8394       
# span 6 = 0.0000e+00, 0.0000e+00       
# interval = meters: 1                  
# start_time = Mar 15 2025 14:33:58 [NMEA time, header]
# bad_flag = -9.990e-29
*END*
      4.000     9.7958   3.658235    33.6492         60     0.0412 0.0000e+00
      5.000     9.6857   3.636933    33.5334        263     0.1817 0.0000e+00
      6.000     9.7662   3.636568    33.4541        393     0.2724 0.0000e+00
      7.000     9.7820   3.638867    33.4624        418     0.2895 0.0000e+00
      8.000     9.7804   3.640132    33.4764        449     0.3113 0.0000e+00
      9.000     9.7758   3.640049    33.4794        482     0.3344 0.0000e+00
     10.000     9.7788   3.640615    33.4819        508     0.3519 0.0000e+00
     11.000     9.7822   3.641545    33.4878        529     0.3663 0.0000e+00
     12.000     9.7833   3.641913    33.4902        549     0.3808 0.0000e+00
     13.000     9.7849   3.642294    33.4921        574     0.3980 0.0000e+00
     14.000     9.7880   3.642650    33.4924        607     0.4209 0.0000e+00
     15.000     9.7954   3.642921    33.4878        640     0.4440 0.0000e+00
     16.000     9.8037   3.643964    33.4903        666     0.4620 0.0000e+00
     17.000     9.8108   3.644641    33.4902        689     0.4780 0.0000e+00
     18.000     9.8157   3.645398    33.4929        713     0.4946 0.0000e+00
     19.000     9.8178   3.645988    33.4966        739     0.5125 0.0000e+00
     20.000     9.8192   3.646319    33.4982        766     0.5311 0.0000e+00
     21.000     9.8214   3.646676    33.4993        792     0.5490 0.0000e+00
     22.000     9.8211   3.645938    33.4916       1128     0.7825 0.0000e+00
     21.000     9.8216   3.646085    33.4931       1750     1.2146 0.0000e+00
     20.000     9.8217   3.645918    33.4917       1959     1.3595 0.0000e+00
     19.000     9.8208   3.645792    33.4917       1956     1.3574 0.0000e+00
     18.000     9.8201   3.645623    33.4911       1981     1.3749 0.0000e+00
     17.000     9.8201   3.645440    33.4897       2011     1.3961 0.0000e+00
     16.000     9.8211   3.645415    33.4889       2042     1.4175 0.0000e+00
     15.000     9.8217   3.645599    33.4907       2066     1.4342 0.0000e+00
     14.000     9.8214   3.645813    33.4936       2087     1.4488 0.0000e+00
     13.000     9.8210   3.645985    33.4963       2108     1.4633 0.0000e+00
     12.000     9.8214   3.646393    33.5005       2131     1.4792 0.0000e+00
     11.000     9.8228   3.647231    33.5082       2161     1.5003 0.0000e+00
     10.000     9.8302   3.648638    33.5161       2198     1.5256 0.0000e+00
      9.000     9.8422   3.649964    33.5190       2224     1.5439 0.0000e+00
      8.000     9.8649   3.650683    33.5056       2244     1.5576 0.0000e+00
      7.000     9.8893   3.651000    33.4867       2263     1.5706 0.0000e+00
      6.000     9.9031   3.650663    33.4709       2284     1.5854 0.0000e+00
      5.000     9.9156   3.651657    33.4699       2315     1.6068 0.0000e+00
      4.000     9.8261   3.651821    33.5553       2442     1.6955 0.0000e+00
      3.000     9.8285   3.651061    33.5457       2610     1.8116 0.0000e+00
      2.000     9.9200   3.652751    33.4783       2621     1.8194 0.0000e+00
      1.000     9.9579   3.211051    29.1516       2650     1.8394 0.0000e+00
