HB2502/ctd052.cnv
* Sea-Bird SBE 9 Data File:
* FileName = C:\cruise\data\ctd052.hex
* Software Version Seasave V 7.26.7.121
* Temperature SN = 6768
* Conductivity SN = 6166
* Number of Bytes Per Scan = 37
* Number of Voltage Words = 4
* Number of Scans Averaged by the Deck Unit = 1
* NMEA Latitude = 34 44.02 N
* NMEA Longitude = 075 33.30 W
* NMEA UTC (Time) = Mar 14 2025 18:53:18
* NMEA baud rate = 4800
** Ship: Bigelow HB2502
** Program:  Spring Bottom Trawl
** Chief Scientist:Jon Galbraith
# nquan = 7
# nvalues = 331                         
# units = specified
# name 0 = depSM: Depth [salt water, m]
# name 1 = t090C: Temperature [ITS-90, deg C]
# name 2 = c0S/m: Conductivity [S/m]
# name 3 = sal00: Salinity, Practical [PSU]
# name 4 = scan: Scan Count
# name 5 = timeM: Time, Elapsed [minutes]
# name 6 = flag: flag
# span 0 =      1.000,    167.000       
# span 1 =    19.8015,    23.6835       
# span 2 =   1.985693,   5.359381       
# span 3 =    13.0809,    36.7437       
# span 4 =       -273,      10467       
# span 5 =    -0.1905,     7.2682       
# span 6 = 0.0000e+00, 0.0000e+00       
# interval = meters: 1                  
# start_time = Mar 14 2025 18:53:18 [NMEA time, header]
# bad_flag = -9.990e-29
*END*
[from data line 206]
    125.000    20.0948   4.979739    36.4169       6686     4.6423 0.0000e+00
    124.000    20.1349   4.984319    36.4202       6714     4.6621 0.0000e+00
    123.000    20.1970   4.991618    36.4268       6745     4.6835 0.0000e+00
    122.000    20.2395   4.996634    36.4317       6774     4.7038 0.0000e+00
    121.000    20.2666   4.999796    36.4345       6801     4.7225 0.0000e+00
    120.000    20.2954   5.003149    36.4376       6831     4.7433 0.0000e+00
    119.000    20.3103   5.004927    36.4397       6863     4.7654 0.0000e+00
    118.000    20.3203   5.006071    36.4408       6889     4.7832 0.0000e+00
    117.000    20.3225   5.006311    36.4412       6910     4.7982 0.0000e+00
    116.000    20.3213   5.006197    36.4417       6934     4.8143 0.0000e+00
    115.000    20.3169   5.005687    36.4416       6961     4.8332 0.0000e+00
    114.000    20.3119   5.005118    36.4416       6992     4.8548 0.0000e+00
    113.000    20.3025   5.003996    36.4409       7024     4.8771 0.0000e+00
    112.000    20.3058   5.004327    36.4412       7054     4.8981 0.0000e+00
    111.000    20.3215   5.006084    36.4423       7082     4.9173 0.0000e+00
    110.000    20.3276   5.006744    36.4429       7106     4.9342 0.0000e+00
    109.000    20.3254   5.006476    36.4429       7129     4.9498 0.0000e+00
    108.000    20.3105   5.004773    36.4422       7152     4.9658 0.0000e+00
    107.000    20.3106   5.004721    36.4421       7178     4.9842 0.0000e+00
    106.000    20.3201   5.005791    36.4430       7213     5.0087 0.0000e+00
    105.000    20.3286   5.006726    36.4437       7255     5.0372 0.0000e+00
    104.000    20.3362   5.007551    36.4443       7282     5.0560 0.0000e+00
    103.000    20.3366   5.007559    36.4444       7300     5.0689 0.0000e+00
    102.000    20.3372   5.007594    36.4445       7317     5.0808 0.0000e+00
    101.000    20.3429   5.008228    36.4451       7336     5.0937 0.0000e+00
    100.000    20.3518   5.009231    36.4461       7361     5.1108 0.0000e+00
     99.000    20.3593   5.009711    36.4439       7394     5.1342 0.0000e+00
     98.000    20.3753   5.011932    36.4487       7444     5.1687 0.0000e+00
     97.000    20.3912   5.013665    36.4494       7479     5.1931 0.0000e+00
     96.000    20.4484   5.020353    36.4552       7499     5.2067 0.0000e+00
     95.000    20.4655   5.022367    36.4572       7515     5.2184 0.0000e+00
     94.000    20.4693   5.022823    36.4581       7532     5.2301 0.0000e+00
     93.000    20.4769   5.023693    36.4590       7551     5.2430 0.0000e+00
     92.000    20.4935   5.025628    36.4609       7574     5.2590 0.0000e+00
     91.000    20.5317   5.029945    36.4636       7615     5.2876 0.0000e+00
     90.000    20.5400   5.031020    36.4655       7669     5.3251 0.0000e+00
     89.000    20.5629   5.033591    36.4671       7694     5.3425 0.0000e+00
     88.000    20.5740   5.034830    36.4680       7715     5.3568 0.0000e+00
     87.000    20.5809   5.035544    36.4683       7733     5.3693 0.0000e+00
     86.000    20.5870   5.036146    36.4683       7749     5.3808 0.0000e+00
     85.000    20.5893   5.036358    36.4684       7766     5.3922 0.0000e+00
     84.000    20.5946   5.036863    36.4684       7785     5.4052 0.0000e+00
     83.000    20.6868   5.046266    36.4659       7833     5.4392 0.0000e+00
     82.000    20.7429   5.052309    36.4672       7893     5.4809 0.0000e+00
     81.000    20.8271   5.060984    36.4657       7910     5.4925 0.0000e+00
     80.000    20.8535   5.063820    36.4664       7927     5.5042 0.0000e+00
     79.000    20.8597   5.064665    36.4683       7945     5.5167 0.0000e+00
     78.000    20.8727   5.066105    36.4692       7965     5.5307 0.0000e+00
     77.000    20.9314   5.072294    36.4694       7989     5.5471 0.0000e+00
     76.000    20.9839   5.078102    36.4718       8014     5.5649 0.0000e+00
     75.000    21.0571   5.085835    36.4720       8042     5.5839 0.0000e+00
     74.000    21.0929   5.089911    36.4746       8078     5.6088 0.0000e+00
     73.000    21.1143   5.092295    36.4759       8129     5.6443 0.0000e+00
     72.000    21.1528   5.096300    36.4756       8157     5.6640 0.0000e+00
     71.000    21.2050   5.101988    36.4773       8176     5.6769 0.0000e+00
     70.000    21.2266   5.104193    36.4770       8193     5.6886 0.0000e+00
     69.000    21.2378   5.105275    36.4765       8211     5.7011 0.0000e+00
     68.000    21.2548   5.106934    36.4757       8232     5.7162 0.0000e+00
     67.000    21.2726   5.108757    36.4755       8261     5.7358 0.0000e+00
     66.000    21.2911   5.110704    36.4757       8290     5.7563 0.0000e+00
     65.000    21.3204   5.113679    36.4750       8317     5.7747 0.0000e+00
     64.000    21.3496   5.116711    36.4749       8352     5.7996 0.0000e+00
     63.000    21.3582   5.117681    36.4757       8399     5.8320 0.0000e+00
     62.000    21.3833   5.120176    36.4747       8420     5.8467 0.0000e+00
     61.000    21.4001   5.121876    36.4743       8437     5.8581 0.0000e+00
     60.000    21.4388   5.125831    36.4735       8452     5.8688 0.0000e+00
     59.000    21.4997   5.131940    36.4710       8469     5.8809 0.0000e+00
     58.000    21.5813   5.140296    36.4689       8495     5.8988 0.0000e+00
     57.000    21.5924   5.141806    36.4718       8534     5.9257 0.0000e+00
     56.000    21.6614   5.149118    36.4720       8568     5.9491 0.0000e+00
     55.000    21.7451   5.157568    36.4688       8593     5.9665 0.0000e+00
     54.000    21.8138   5.164126    36.4632       8616     5.9826 0.0000e+00
     53.000    21.8507   5.167837    36.4618       8640     5.9996 0.0000e+00
     52.000    21.8799   5.170783    36.4610       8668     6.0187 0.0000e+00
     51.000    21.9018   5.172960    36.4601       8694     6.0371 0.0000e+00
     50.000    21.9730   5.181453    36.4677       8718     6.0536 0.0000e+00
     49.000    22.0243   5.187244    36.4707       8744     6.0714 0.0000e+00
     48.000    22.0707   5.193012    36.4775       8774     6.0922 0.0000e+00
     47.000    22.1155   5.197603    36.4764       8802     6.1116 0.0000e+00
     46.000    22.2285   5.210499    36.4834       8824     6.1270 0.0000e+00
     45.000    22.2948   5.216672    36.4767       8844     6.1410 0.0000e+00
     44.000    22.3236   5.220015    36.4792       8864     6.1550 0.0000e+00
     43.000    22.3990   5.228178    36.4804       8886     6.1704 0.0000e+00
     42.000    22.4692   5.235371    36.4784       8918     6.1926 0.0000e+00
     41.000    22.5389   5.242323    36.4749       8969     6.2280 0.0000e+00
     40.000    22.6592   5.257208    36.4911       8996     6.2469 0.0000e+00
     39.000    22.7474   5.266761    36.4924       9016     6.2602 0.0000e+00
     38.000    22.7877   5.271496    36.4959       9033     6.2721 0.0000e+00
     37.000    22.8336   5.276598    36.4978       9050     6.2837 0.0000e+00
     36.000    22.8933   5.283019    36.4983       9068     6.2963 0.0000e+00
     35.000    22.9679   5.289485    36.4868       9090     6.3118 0.0000e+00
     34.000    23.0782   5.297881    36.4606       9120     6.3329 0.0000e+00
     33.000    23.1334   5.302412    36.4503       9154     6.3560 0.0000e+00
     32.000    23.2018   5.308797    36.4433       9187     6.3795 0.0000e+00
     31.000    23.2345   5.312213    36.4430       9221     6.4031 0.0000e+00
     30.000    23.2867   5.317530    36.4412       9247     6.4206 0.0000e+00
     29.000    23.3218   5.321505    36.4431       9267     6.4346 0.0000e+00
     28.000    23.3357   5.323058    36.4440       9286     6.4478 0.0000e+00
     27.000    23.3404   5.323597    36.4446       9305     6.4614 0.0000e+00
     26.000    23.3433   5.324082    36.4463       9328     6.4771 0.0000e+00
     25.000    23.3555   5.325464    36.4472       9354     6.4953 0.0000e+00
     24.000    23.3681   5.326997    36.4489       9385     6.5164 0.0000e+00
     23.000    23.3840   5.328857    36.4505       9417     6.5391 0.0000e+00
     22.000    23.3984   5.330697    36.4531       9445     6.5583 0.0000e+00
     21.000    23.4123   5.332254    36.4539       9469     6.5751 0.0000e+00
     20.000    23.4199   5.333081    36.4544       9495     6.5928 0.0000e+00
     19.000    23.4234   5.333477    36.4549       9523     6.6126 0.0000e+00
     18.000    23.4512   5.336502    36.4555       9550     6.6311 0.0000e+00
     17.000    23.5318   5.345230    36.4565       9574     6.6476 0.0000e+00
     16.000    23.5942   5.351945    36.4569       9596     6.6634 0.0000e+00
     15.000    23.6199   5.354796    36.4579       9620     6.6795 0.0000e+00
     14.000    23.6320   5.356158    36.4587       9646     6.6981 0.0000e+00
     13.000    23.6384   5.356923    36.4598       9677     6.7194 0.0000e+00
     12.000    23.6438   5.357531    36.4602       9706     6.7393 0.0000e+00
     11.000    23.6497   5.358198    36.4608       9731     6.7567 0.0000e+00
     10.000    23.6555   5.358837    36.4613       9758     6.7754 0.0000e+00
      9.000    23.6587   5.359222    36.4620       9801     6.8056 0.0000e+00
      8.000    23.6570   5.359085    36.4627       9847     6.8372 0.0000e+00
      7.000    23.6583   5.359167    36.4626       9871     6.8542 0.0000e+00
      6.000    23.6608   5.359327    36.4621       9893     6.8693 0.0000e+00
      5.000    23.6606   5.359381    36.4630       9936     6.8990 0.0000e+00
      4.000    23.6592   5.359315    36.4640       9997     6.9416 0.0000e+00
      3.000    23.6575   5.359244    36.4652      10178     7.0672 0.0000e+00
      2.000    23.6556   5.359059    36.4657      10294     7.1476 0.0000e+00
      1.000    23.1562   1.985693    13.0809      10467     7.2682 0.0000e+00
