HB2502/ctd067.cnv
* Sea-Bird SBE 9 Data File:
* FileName = C:\cruise\data\ctd067.hex
* Software Version Seasave V 7.26.7.121
* Temperature SN = 6768
* Conductivity SN = 6166
* Number of Bytes Per Scan = 37
* Number of Voltage Words = 4
* Number of Scans Averaged by the Deck Unit = 1
* NMEA Latitude = 37 23.30 N
* NMEA Longitude = 075 27.30 W
* NMEA UTC (Time) = Mar 17 2025 17:25:05
* NMEA baud rate = 4800
** Ship: Bigelow HB2502
** Program:  Spring Bottom Trawl
** Chief Scientist:Jon Galbraith
# nquan = 7
# nvalues = 42                          
# units = specified
# name 0 = depSM: Depth [salt water, m]
# name 1 = t090C: Temperature [ITS-90, deg C]
# name 2 = c0S/m: Conductivity [S/m]
# name 3 = sal00: Salinity, Practical [PSU]
# name 4 = scan: Scan Count
# name 5 = timeM: Time, Elapsed [minutes]
# name 6 = flag: flag
# span 0 =      2.000,     23.000       
# span 1 =     7.5870,     8.3028       
# span 2 =   3.397066,   3.451712       
# span 3 =    32.5412,    33.1922       
# span 4 =         25,       2637       
# span 5 =     0.0165,     1.8308       
# span 6 = 0.0000e+00, 0.0000e+00       
# interval = meters: 1                  
# start_time = Mar 17 2025 17:25:05 [NMEA time, header]
# bad_flag = -9.990e-29
*END*
      3.000     8.2597   3.451712    32.9376         25     0.0165 0.0000e+00
      4.000     8.2425   3.431715    32.7413        362     0.2504 0.0000e+00
      5.000     8.2284   3.414884    32.5758        491     0.3404 0.0000e+00
      6.000     8.2249   3.412298    32.5511        511     0.3544 0.0000e+00
      7.000     8.2279   3.411663    32.5412        534     0.3698 0.0000e+00
      8.000     8.2211   3.413083    32.5621        569     0.3941 0.0000e+00
      9.000     8.2057   3.411845    32.5628        614     0.4256 0.0000e+00
     10.000     8.1683   3.410031    32.5779        645     0.4471 0.0000e+00
     11.000     8.1234   3.408498    32.6028        670     0.4643 0.0000e+00
     12.000     8.1026   3.407951    32.6159        693     0.4809 0.0000e+00
     13.000     8.0879   3.408631    32.6364        723     0.5011 0.0000e+00
     14.000     8.0699   3.409939    32.6665        761     0.5281 0.0000e+00
     15.000     8.0219   3.408362    32.6942        799     0.5543 0.0000e+00
     16.000     7.9637   3.406050    32.7234        831     0.5766 0.0000e+00
     17.000     7.9356   3.405662    32.7452        865     0.6003 0.0000e+00
     18.000     7.9142   3.406372    32.7724        897     0.6222 0.0000e+00
     19.000     7.8466   3.404460    32.8150        923     0.6405 0.0000e+00
     20.000     7.7087   3.402876    32.9275        950     0.6588 0.0000e+00
     21.000     7.6491   3.403702    32.9924        983     0.6817 0.0000e+00
     22.000     7.6114   3.404101    33.0320       1022     0.7090 0.0000e+00
     23.000     7.5870   3.416849    33.1922       1479     1.0267 0.0000e+00
     22.000     7.6161   3.402979    33.0155       2315     1.6068 0.0000e+00
     21.000     7.7692   3.398472    32.8227       2068     1.4355 0.0000e+00
     20.000     7.8009   3.397341    32.7813       2090     1.4505 0.0000e+00
     19.000     7.7157   3.397087    32.8593       2113     1.4669 0.0000e+00
     18.000     7.7764   3.397066    32.8023       2139     1.4844 0.0000e+00
     17.000     7.8709   3.397347    32.7171       2166     1.5036 0.0000e+00
     16.000     7.9204   3.397518    32.6730       2194     1.5227 0.0000e+00
     15.000     7.9044   3.397453    32.6877       2220     1.5407 0.0000e+00
     14.000     7.9240   3.397393    32.6692       2249     1.5614 0.0000e+00
     13.000     7.9182   3.397591    32.6772       2281     1.5831 0.0000e+00
     12.000     7.9052   3.398292    32.6974       2307     1.6013 0.0000e+00
     11.000     7.8921   3.400322    32.7317       2328     1.6163 0.0000e+00
     10.000     7.8885   3.404978    32.7854       2348     1.6299 0.0000e+00
      9.000     7.9225   3.406841    32.7738       2368     1.6437 0.0000e+00
      8.000     8.0373   3.408542    32.6849       2392     1.6603 0.0000e+00
      7.000     8.0969   3.411057    32.6565       2423     1.6819 0.0000e+00
      6.000     8.1186   3.410650    32.6325       2458     1.7066 0.0000e+00
      5.000     8.1403   3.413576    32.6437       2489     1.7277 0.0000e+00
      4.000     8.2282   3.419105    32.6211       2516     1.7468 0.0000e+00
      3.000     8.3028   3.426669    32.6324       2542     1.7643 0.0000e+00
      2.000     8.2940   3.417244    32.5413       2637     1.8308 0.0000e+00
