HB2502/ctd088.cnv
* Sea-Bird SBE 9 Data File:
* FileName = C:\cruise\data\ctd088.hex
* Software Version Seasave V 7.26.7.121
* Temperature SN = 6768
* Conductivity SN = 6166
* Number of Bytes Per Scan = 37
* Number of Voltage Words = 4
* Number of Scans Averaged by the Deck Unit = 1
* NMEA Latitude = 40 20.47 N
* NMEA Longitude = 073 38.99 W
* NMEA UTC (Time) = Mar 21 2025 17:07:10
* NMEA baud rate = 4800
** Ship: Bigelow HB2502
** Program:  Spring Bottom Trawl
** Chief Scientist:Jon Galbraith
# nquan = 7
# nvalues = 44                          
# units = specified
# name 0 = depSM: Depth [salt water, m]
# name 1 = t090C: Temperature [ITS-90, deg C]
# name 2 = c0S/m: Conductivity [S/m]
# name 3 = sal00: Salinity, Practical [PSU]
# name 4 = scan: Scan Count
# name 5 = timeM: Time, Elapsed [minutes]
# name 6 = flag: flag
# span 0 =      2.000,     24.000       
# span 1 =     5.3445,     5.5850       
# span 2 =   3.178690,   3.201841       
# span 3 =    32.6869,    32.9440       
# span 4 =         65,       2440       
# span 5 =     0.0443,     1.6937       
# span 6 = 0.0000e+00, 0.0000e+00       
# interval = meters: 1                  
# start_time = Mar 21 2025 17:07:10 [NMEA time, header]
# bad_flag = -9.990e-29
*END*
      3.000     5.3942   3.201841    32.9440         65     0.0443 0.0000e+00
      4.000     5.3633   3.184552    32.7768        353     0.2444 0.0000e+00
      5.000     5.3670   3.180637    32.7281        398     0.2757 0.0000e+00
      6.000     5.3660   3.179676    32.7175        429     0.2973 0.0000e+00
      7.000     5.3701   3.179509    32.7111        460     0.3191 0.0000e+00
      8.000     5.3715   3.180006    32.7150        492     0.3408 0.0000e+00
      9.000     5.3713   3.179822    32.7125        527     0.3650 0.0000e+00
     10.000     5.3708   3.179698    32.7111        557     0.3863 0.0000e+00
     11.000     5.3695   3.179416    32.7086        589     0.4086 0.0000e+00
     12.000     5.3680   3.179774    32.7137        623     0.4318 0.0000e+00
     13.000     5.3680   3.179717    32.7125        654     0.4536 0.0000e+00
     14.000     5.3706   3.179229    32.7039        687     0.4763 0.0000e+00
     15.000     5.3724   3.179431    32.7039        717     0.4970 0.0000e+00
     16.000     5.3714   3.179520    32.7054        747     0.5183 0.0000e+00
     17.000     5.3680   3.179492    32.7080        783     0.5430 0.0000e+00
     18.000     5.3552   3.179335    32.7181        822     0.5702 0.0000e+00
     19.000     5.3488   3.179568    32.7266        857     0.5945 0.0000e+00
     20.000     5.3489   3.181098    32.7433        902     0.6257 0.0000e+00
     21.000     5.3493   3.180399    32.7345        943     0.6544 0.0000e+00
     22.000     5.3479   3.179056    32.7201        977     0.6775 0.0000e+00
     23.000     5.3445   3.178690    32.7187       1014     0.7032 0.0000e+00
     24.000     5.3459   3.181563    32.7496       1495     1.0373 0.0000e+00
     23.000     5.3519   3.180903    32.7367       1867     1.2956 0.0000e+00
     22.000     5.3703   3.180354    32.7130       1777     1.2336 0.0000e+00
     21.000     5.3733   3.180222    32.7091       1799     1.2488 0.0000e+00
     20.000     5.3726   3.180170    32.7097       1823     1.2654 0.0000e+00
     19.000     5.3731   3.180109    32.7090       1854     1.2871 0.0000e+00
     18.000     5.3680   3.180056    32.7138       1886     1.3089 0.0000e+00
     17.000     5.3722   3.179915    32.7087       1909     1.3248 0.0000e+00
     16.000     5.3869   3.179600    32.6912       1930     1.3395 0.0000e+00
     15.000     5.3886   3.179322    32.6869       1954     1.3561 0.0000e+00
     14.000     5.3763   3.179190    32.6979       1983     1.3764 0.0000e+00
     13.000     5.3840   3.179143    32.6904       2012     1.3966 0.0000e+00
     12.000     5.3871   3.179160    32.6880       2038     1.4142 0.0000e+00
     11.000     5.3856   3.180755    32.7081       2062     1.4313 0.0000e+00
     10.000     5.3846   3.183723    32.7434       2087     1.4489 0.0000e+00
      9.000     5.3950   3.185723    32.7566       2115     1.4680 0.0000e+00
      8.000     5.4284   3.187458    32.7442       2149     1.4914 0.0000e+00
      7.000     5.4583   3.188342    32.7255       2188     1.5187 0.0000e+00
      6.000     5.4616   3.188919    32.7294       2219     1.5404 0.0000e+00
      5.000     5.4711   3.190351    32.7369       2252     1.5631 0.0000e+00
      4.000     5.5171   3.193914    32.7330       2296     1.5938 0.0000e+00
      3.000     5.5397   3.196381    32.7394       2362     1.6395 0.0000e+00
      2.000     5.5850   3.197514    32.7087       2440     1.6937 0.0000e+00
