HB2502/ctd092.cnv
* Sea-Bird SBE 9 Data File:
* FileName = C:\cruise\data\ctd092.hex
* Software Version Seasave V 7.26.7.121
* Temperature SN = 6768
* Conductivity SN = 6166
* Number of Bytes Per Scan = 37
* Number of Voltage Words = 4
* Number of Scans Averaged by the Deck Unit = 1
* NMEA Latitude = 40 35.63 N
* NMEA Longitude = 072 50.35 W
* NMEA UTC (Time) = Mar 22 2025 05:06:29
* NMEA baud rate = 4800
** Ship: Bigelow HB2502
** Program:  Spring Bottom Trawl
** Chief Scientist:Jon Galbraith
# nquan = 7
# nvalues = 55                          
# units = specified
# name 0 = depSM: Depth [salt water, m]
# name 1 = t090C: Temperature [ITS-90, deg C]
# name 2 = c0S/m: Conductivity [S/m]
# name 3 = sal00: Salinity, Practical [PSU]
# name 4 = scan: Scan Count
# name 5 = timeM: Time, Elapsed [minutes]
# name 6 = flag: flag
# span 0 =      1.000,     29.000       
# span 1 =     4.8122,     5.7824       
# span 2 =   2.812505,   3.186627       
# span 3 =    28.5046,    33.1730       
# span 4 =        131,       2310       
# span 5 =     0.0904,     1.6032       
# span 6 = 0.0000e+00, 0.0000e+00       
# interval = meters: 1                  
# start_time = Mar 22 2025 05:06:29 [NMEA time, header]
# bad_flag = -9.990e-29
*END*
      3.000     5.7824   3.186627    32.3945        131     0.0904 0.0000e+00
      4.000     5.7207   3.170546    32.2719        258     0.1783 0.0000e+00
      5.000     5.7227   3.172666    32.2934        279     0.1930 0.0000e+00
      6.000     5.7225   3.172090    32.2867        303     0.2099 0.0000e+00
      7.000     5.7229   3.171654    32.2809        331     0.2292 0.0000e+00
      8.000     5.7230   3.171688    32.2806        360     0.2490 0.0000e+00
      9.000     5.7229   3.171905    32.2827        389     0.2696 0.0000e+00
     10.000     5.7234   3.171673    32.2791        418     0.2894 0.0000e+00
     11.000     5.7243   3.171570    32.2766        443     0.3067 0.0000e+00
     12.000     5.7254   3.171667    32.2762        466     0.3231 0.0000e+00
     13.000     5.7256   3.171895    32.2780        490     0.3399 0.0000e+00
     14.000     5.7251   3.172200    32.2815        517     0.3587 0.0000e+00
     15.000     5.7195   3.172651    32.2914        547     0.3789 0.0000e+00
     16.000     5.7017   3.173485    32.3174        575     0.3983 0.0000e+00
     17.000     5.6507   3.174341    32.3755        600     0.4163 0.0000e+00
     18.000     5.5591   3.174125    32.4609        627     0.4344 0.0000e+00
     19.000     5.4786   3.173364    32.5297        654     0.4532 0.0000e+00
     20.000     5.4414   3.173551    32.5673        681     0.4720 0.0000e+00
     21.000     5.4264   3.174103    32.5877        706     0.4898 0.0000e+00
     22.000     5.4187   3.174683    32.6013        732     0.5076 0.0000e+00
     23.000     5.4110   3.175545    32.6181        760     0.5269 0.0000e+00
     24.000     5.3993   3.175922    32.6333        788     0.5467 0.0000e+00
     25.000     5.3806   3.175313    32.6440        814     0.5647 0.0000e+00
     26.000     5.3480   3.173699    32.6569        838     0.5815 0.0000e+00
     27.000     5.2913   3.171792    32.6901        864     0.5990 0.0000e+00
     28.000     5.1067   3.170425    32.8551        893     0.6191 0.0000e+00
     29.000     4.8122   3.172681    33.1730       1105     0.7667 0.0000e+00
     28.000     4.9525   3.171471    33.0196       1382     0.9588 0.0000e+00
     27.000     5.1823   3.168702    32.7613       1396     0.9690 0.0000e+00
     26.000     5.3277   3.167033    32.6007       1420     0.9857 0.0000e+00
     25.000     5.3823   3.166093    32.5374       1443     1.0013 0.0000e+00
     24.000     5.3551   3.165373    32.5562       1466     1.0176 0.0000e+00
     23.000     5.3907   3.164713    32.5146       1493     1.0362 0.0000e+00
     22.000     5.3863   3.164048    32.5118       1523     1.0567 0.0000e+00
     21.000     5.3669   3.163513    32.5250       1550     1.0760 0.0000e+00
     20.000     5.3575   3.163211    32.5312       1575     1.0931 0.0000e+00
     19.000     5.3594   3.163040    32.5279       1598     1.1091 0.0000e+00
     18.000     5.3635   3.162365    32.5167       1622     1.1258 0.0000e+00
     17.000     5.3591   3.161697    32.5140       1648     1.1437 0.0000e+00
     16.000     5.3620   3.162092    32.5162       1675     1.1628 0.0000e+00
     15.000     5.3681   3.162685    32.5175       1704     1.1827 0.0000e+00
     14.000     5.3769   3.163159    32.5148       1732     1.2023 0.0000e+00
     13.000     5.3962   3.163491    32.5003       1757     1.2194 0.0000e+00
     12.000     5.4254   3.164473    32.4837       1779     1.2349 0.0000e+00
     11.000     5.4527   3.165631    32.4709       1802     1.2508 0.0000e+00
     10.000     5.5018   3.165749    32.4253       1828     1.2689 0.0000e+00
      9.000     5.5421   3.166767    32.3984       1858     1.2896 0.0000e+00
      8.000     5.5646   3.167469    32.3852       1888     1.3102 0.0000e+00
      7.000     5.5883   3.167453    32.3627       1913     1.3278 0.0000e+00
      6.000     5.6004   3.168263    32.3607       1936     1.3436 0.0000e+00
      5.000     5.6327   3.169538    32.3445       1960     1.3605 0.0000e+00
      4.000     5.6630   3.172203    32.3460       1989     1.3804 0.0000e+00
      3.000     5.7101   3.171373    32.2920       2015     1.3983 0.0000e+00
      2.000     5.6602   3.167045    32.2915       2236     1.5518 0.0000e+00
      1.000     5.6545   2.812505    28.5046       2310     1.6032 0.0000e+00
