HB2502/ctd041.cnv
* Sea-Bird SBE 9 Data File:
* FileName = C:\cruise\data\ctd041.hex
* Software Version Seasave V 7.26.7.121
* Temperature SN = 6768
* Conductivity SN = 6166
* Number of Bytes Per Scan = 37
* Number of Voltage Words = 4
* Number of Scans Averaged by the Deck Unit = 1
* NMEA Latitude = 35 42.40 N
* NMEA Longitude = 074 49.40 W
* NMEA UTC (Time) = Mar 13 2025 15:39:28
* NMEA baud rate = 4800
** Ship: Bigelow HB2502
** Program:  Spring Bottom Trawl
** Chief Scientist:Jon Galbraith
# nquan = 7
# nvalues = 745                         
# units = specified
# name 0 = depSM: Depth [salt water, m]
# name 1 = t090C: Temperature [ITS-90, deg C]
# name 2 = c0S/m: Conductivity [S/m]
# name 3 = sal00: Salinity, Practical [PSU]
# name 4 = scan: Scan Count
# name 5 = timeM: Time, Elapsed [minutes]
# name 6 = flag: flag
# span 0 =      2.000,    375.000       
# span 1 =     6.8509,    17.6117       
# span 2 =   3.529372,   4.703261       
# span 3 =    34.9749,    36.3507       
# span 4 =        202,      21978       
# span 5 =     0.1397,    15.2615       
# span 6 = 0.0000e+00, 0.0000e+00       
# interval = meters: 1                  
# start_time = Mar 13 2025 15:39:28 [NMEA time, header]
# bad_flag = -9.990e-29
*END*
[from data line 616]
    130.000    12.5213   4.057697    35.0162      17361    12.0555 0.0000e+00
    129.000    12.5290   4.058467    35.0169      17391    12.0766 0.0000e+00
    128.000    12.5381   4.059147    35.0154      17419    12.0956 0.0000e+00
    127.000    12.5596   4.061350    35.0171      17442    12.1118 0.0000e+00
    126.000    12.5730   4.062694    35.0180      17464    12.1269 0.0000e+00
    125.000    12.5963   4.065112    35.0200      17487    12.1432 0.0000e+00
    124.000    12.6167   4.067304    35.0226      17516    12.1634 0.0000e+00
    123.000    12.6301   4.069032    35.0272      17548    12.1852 0.0000e+00
    122.000    12.6612   4.072058    35.0277      17574    12.2033 0.0000e+00
    121.000    12.6746   4.073560    35.0302      17596    12.2190 0.0000e+00
    120.000    12.6677   4.072524    35.0271      17619    12.2350 0.0000e+00
    119.000    12.6615   4.071565    35.0241      17647    12.2544 0.0000e+00
    118.000    12.6545   4.070436    35.0201      17677    12.2752 0.0000e+00
    117.000    12.6524   4.069979    35.0181      17702    12.2925 0.0000e+00
    116.000    12.6512   4.069695    35.0170      17728    12.3107 0.0000e+00
    115.000    12.6525   4.069601    35.0153      17759    12.3316 0.0000e+00
    114.000    12.6658   4.070860    35.0154      17784    12.3493 0.0000e+00
    113.000    12.6918   4.073856    35.0205      17805    12.3640 0.0000e+00
    112.000    12.7022   4.075199    35.0242      17825    12.3781 0.0000e+00
    111.000    12.7092   4.076168    35.0274      17850    12.3950 0.0000e+00
    110.000    12.7338   4.078991    35.0321      17883    12.4181 0.0000e+00
    109.000    12.7344   4.079133    35.0333      17915    12.4405 0.0000e+00
    108.000    12.7663   4.082656    35.0379      17939    12.4569 0.0000e+00
    107.000    12.7796   4.084106    35.0399      17961    12.4719 0.0000e+00
    106.000    12.8358   4.090060    35.0452      17985    12.4890 0.0000e+00
    105.000    12.9560   4.104473    35.0720      18018    12.5115 0.0000e+00
    104.000    12.9781   4.106143    35.0679      18048    12.5327 0.0000e+00
    103.000    13.1890   4.131374    35.1134      18070    12.5480 0.0000e+00
    102.000    13.2433   4.138261    35.1290      18089    12.5615 0.0000e+00
    101.000    13.2450   4.138575    35.1309      18110    12.5758 0.0000e+00
    100.000    13.3316   4.148802    35.1482      18137    12.5945 0.0000e+00
     99.000    13.3673   4.153161    35.1570      18173    12.6195 0.0000e+00
     98.000    13.4229   4.159412    35.1651      18205    12.6417 0.0000e+00
     97.000    13.5835   4.177461    35.1878      18230    12.6591 0.0000e+00
     96.000    13.6147   4.181630    35.1988      18252    12.6746 0.0000e+00
     95.000    13.6518   4.185779    35.2040      18273    12.6890 0.0000e+00
     94.000    13.6737   4.188607    35.2109      18295    12.7039 0.0000e+00
     93.000    13.6841   4.189882    35.2138      18320    12.7214 0.0000e+00
     92.000    13.7176   4.193498    35.2173      18351    12.7430 0.0000e+00
     91.000    13.7120   4.192986    35.2181      18384    12.7658 0.0000e+00
     90.000    13.7057   4.191925    35.2144      18410    12.7841 0.0000e+00
     89.000    13.6785   4.188420    35.2069      18433    12.8000 0.0000e+00
     88.000    13.6676   4.187094    35.2048      18456    12.8159 0.0000e+00
     87.000    13.6572   4.185677    35.2016      18480    12.8326 0.0000e+00
     86.000    13.6223   4.180916    35.1893      18506    12.8506 0.0000e+00
     85.000    13.6414   4.182655    35.1886      18533    12.8693 0.0000e+00
     84.000    13.6795   4.186097    35.1862      18560    12.8881 0.0000e+00
     83.000    13.7547   4.196000    35.2105      18587    12.9066 0.0000e+00
     82.000    13.8969   4.212180    35.2319      18613    12.9247 0.0000e+00
     81.000    13.9617   4.220642    35.2520      18639    12.9433 0.0000e+00
     80.000    14.0757   4.233333    35.2663      18668    12.9631 0.0000e+00
     79.000    14.1703   4.244727    35.2861      18694    12.9812 0.0000e+00
     78.000    14.2106   4.250309    35.3015      18716    12.9966 0.0000e+00
     77.000    14.2298   4.252737    35.3069      18738    13.0121 0.0000e+00
     76.000    14.2915   4.259933    35.3176      18767    13.0321 0.0000e+00
     75.000    14.3813   4.269516    35.3248      18800    13.0551 0.0000e+00
     74.000    14.4639   4.279181    35.3392      18824    13.0714 0.0000e+00
     73.000    14.5046   4.284737    35.3538      18843    13.0848 0.0000e+00
     72.000    14.5216   4.287345    35.3627      18863    13.0988 0.0000e+00
     71.000    14.6117   4.297284    35.3726      18891    13.1177 0.0000e+00
     70.000    14.7218   4.309838    35.3882      18931    13.1461 0.0000e+00
     69.000    14.9419   4.335005    35.4191      18963    13.1678 0.0000e+00
     68.000    15.1806   4.365128    35.4778      18984    13.1828 0.0000e+00
     67.000    15.2200   4.369816    35.4851      19003    13.1957 0.0000e+00
     66.000    15.2991   4.380490    35.5108      19021    13.2086 0.0000e+00
     65.000    15.4018   4.392836    35.5303      19043    13.2236 0.0000e+00
     64.000    15.5050   4.405445    35.5514      19076    13.2462 0.0000e+00
     63.000    15.6690   4.425545    35.5849      19115    13.2734 0.0000e+00
     62.000    15.8093   4.443733    35.6224      19140    13.2909 0.0000e+00
     61.000    15.8672   4.452769    35.6517      19161    13.3053 0.0000e+00
     60.000    15.8995   4.456937    35.6603      19181    13.3194 0.0000e+00
     59.000    16.0174   4.472087    35.6901      19205    13.3358 0.0000e+00
     58.000    16.1114   4.483663    35.7093      19235    13.3573 0.0000e+00
     57.000    16.1765   4.492521    35.7302      19267    13.3792 0.0000e+00
     56.000    16.4704   4.528122    35.7829      19292    13.3962 0.0000e+00
     55.000    16.5922   4.546708    35.8385      19313    13.4111 0.0000e+00
     54.000    16.5696   4.544631    35.8408      19335    13.4263 0.0000e+00
     53.000    16.7609   4.569277    35.8872      19361    13.4447 0.0000e+00
     52.000    17.0489   4.603756    35.9327      19394    13.4670 0.0000e+00
     51.000    17.0671   4.607620    35.9507      19423    13.4872 0.0000e+00
     50.000    17.2973   4.636565    35.9985      19445    13.5030 0.0000e+00
     49.000    17.2679   4.635189    36.0130      19466    13.5176 0.0000e+00
     48.000    17.3098   4.639658    36.0150      19490    13.5342 0.0000e+00
     47.000    17.3844   4.648835    36.0287      19520    13.5546 0.0000e+00
     46.000    17.3893   4.649761    36.0328      19551    13.5765 0.0000e+00
     45.000    17.3772   4.648220    36.0306      19580    13.5964 0.0000e+00
     44.000    17.3780   4.648076    36.0290      19605    13.6136 0.0000e+00
     43.000    17.3780   4.648340    36.0317      19627    13.6289 0.0000e+00
     42.000    17.3860   4.649256    36.0329      19648    13.6434 0.0000e+00
     41.000    17.3998   4.650929    36.0356      19671    13.6595 0.0000e+00
     40.000    17.4169   4.652853    36.0375      19699    13.6792 0.0000e+00
     39.000    17.4322   4.654790    36.0410      19731    13.7015 0.0000e+00
     38.000    17.4340   4.655213    36.0435      19759    13.7208 0.0000e+00
     37.000    17.4438   4.656446    36.0459      19782    13.7371 0.0000e+00
     36.000    17.4395   4.655932    36.0457      19805    13.7530 0.0000e+00
     35.000    17.4421   4.656410    36.0479      19829    13.7698 0.0000e+00
     34.000    17.4608   4.658810    36.0524      19857    13.7889 0.0000e+00
     33.000    17.4793   4.661095    36.0562      19888    13.8105 0.0000e+00
     32.000    17.5018   4.664046    36.0622      19918    13.8311 0.0000e+00
     31.000    17.5461   4.669802    36.0730      19942    13.8481 0.0000e+00
     30.000    17.5491   4.670407    36.0761      19962    13.8621 0.0000e+00
     29.000    17.5502   4.670671    36.0777      19982    13.8755 0.0000e+00
     28.000    17.5602   4.671890    36.0798      20003    13.8905 0.0000e+00
     27.000    17.5810   4.674510    36.0843      20038    13.9148 0.0000e+00
     26.000    17.5910   4.675775    36.0868      20080    13.9440 0.0000e+00
     25.000    17.5982   4.676906    36.0905      20103    13.9594 0.0000e+00
     24.000    17.5967   4.676813    36.0915      20121    13.9719 0.0000e+00
     23.000    17.5985   4.676949    36.0915      20138    13.9842 0.0000e+00
     22.000    17.5987   4.677013    36.0923      20160    13.9992 0.0000e+00
     21.000    17.6060   4.677793    36.0929      20194    14.0229 0.0000e+00
     20.000    17.6085   4.678045    36.0933      20231    14.0485 0.0000e+00
     19.000    17.6079   4.678036    36.0941      20254    14.0646 0.0000e+00
     18.000    17.6074   4.678029    36.0949      20273    14.0777 0.0000e+00
     17.000    17.6058   4.677848    36.0951      20292    14.0910 0.0000e+00
     16.000    17.6095   4.678174    36.0950      20317    14.1083 0.0000e+00
     15.000    17.6117   4.678405    36.0955      20356    14.1353 0.0000e+00
     14.000    17.6110   4.678163    36.0944      20987    14.5739 0.0000e+00
     13.000    17.6015   4.676573    36.0895      21354    14.8285 0.0000e+00
     12.000    17.5963   4.675749    36.0874      21433    14.8832 0.0000e+00
     11.000    17.5901   4.674673    36.0839      21511    14.9378 0.0000e+00
     10.000    17.5959   4.675419    36.0857      21552    14.9660 0.0000e+00
      9.000    17.5971   4.675486    36.0856      21613    15.0083 0.0000e+00
      8.000    17.5962   4.675306    36.0852      21657    15.0391 0.0000e+00
      7.000    17.5908   4.674307    36.0818      21708    15.0746 0.0000e+00
      6.000    17.5843   4.673451    36.0805      21765    15.1138 0.0000e+00
      5.000    17.5836   4.673270    36.0800      21810    15.1450 0.0000e+00
      4.000    17.5820   4.673086    36.0802      21872    15.1880 0.0000e+00
      3.000    17.5794   4.672751    36.0800      21918    15.2202 0.0000e+00
      2.000    17.5702   4.671692    36.0794      21978    15.2615 0.0000e+00
