HB2502/ctd044.cnv
* Sea-Bird SBE 9 Data File:
* FileName = C:\cruise\data\ctd044.hex
* Software Version Seasave V 7.26.7.121
* Temperature SN = 6768
* Conductivity SN = 6166
* Number of Bytes Per Scan = 37
* Number of Voltage Words = 4
* Number of Scans Averaged by the Deck Unit = 1
* NMEA Latitude = 35 03.85 N
* NMEA Longitude = 075 27.80 W
* NMEA UTC (Time) = Mar 14 2025 03:15:09
* NMEA baud rate = 4800
** Ship: Bigelow HB2502
** Program:  Spring Bottom Trawl
** Chief Scientist:Jon Galbraith
# nquan = 7
# nvalues = 39                          
# units = specified
# name 0 = depSM: Depth [salt water, m]
# name 1 = t090C: Temperature [ITS-90, deg C]
# name 2 = c0S/m: Conductivity [S/m]
# name 3 = sal00: Salinity, Practical [PSU]
# name 4 = scan: Scan Count
# name 5 = timeM: Time, Elapsed [minutes]
# name 6 = flag: flag
# span 0 =      3.000,     22.000       
# span 1 =    17.5200,    19.0598       
# span 2 =   4.706521,   4.824091       
# span 3 =    35.4969,    36.6748       
# span 4 =       -167,       2544       
# span 5 =    -0.1164,     1.7660       
# span 6 = 0.0000e+00, 0.0000e+00       
# interval = meters: 1                  
# start_time = Mar 14 2025 03:15:09 [NMEA time, header]
# bad_flag = -9.990e-29
*END*
      3.000    18.4371   4.713130    35.6720       -167    -0.1164 0.0000e+00
      4.000    19.0598   4.756162    35.4969        288     0.1991 0.0000e+00
      5.000    18.8878   4.824091    36.2170        296     0.2051 0.0000e+00
      6.000    18.7917   4.818775    36.2560        339     0.2346 0.0000e+00
      7.000    18.6889   4.817920    36.3390        385     0.2666 0.0000e+00
      8.000    18.2807   4.800705    36.5544        411     0.2848 0.0000e+00
      9.000    17.9767   4.767485    36.5409        434     0.3008 0.0000e+00
     10.000    17.9176   4.776899    36.6748        480     0.3327 0.0000e+00
     11.000    17.7947   4.746203    36.5199        525     0.3639 0.0000e+00
     12.000    17.5937   4.719669    36.4704        546     0.3785 0.0000e+00
     13.000    17.5200   4.710711    36.4587        567     0.3934 0.0000e+00
     14.000    17.5592   4.735475    36.6380        608     0.4217 0.0000e+00
     15.000    17.5554   4.728055    36.5767        654     0.4536 0.0000e+00
     16.000    17.5244   4.706521    36.4171        674     0.4676 0.0000e+00
     17.000    17.5301   4.713199    36.4696        700     0.4857 0.0000e+00
     18.000    17.5900   4.722965    36.5001        747     0.5184 0.0000e+00
     19.000    17.5474   4.709056    36.4172        778     0.5397 0.0000e+00
     20.000    17.5426   4.706959    36.4030        804     0.5579 0.0000e+00
     21.000    17.5528   4.719092    36.4987        838     0.5812 0.0000e+00
     22.000    17.6043   4.726898    36.5197       1327     0.9208 0.0000e+00
     21.000    17.7031   4.723151    36.3988       1798     1.2479 0.0000e+00
     20.000    17.6954   4.721990    36.3962       1875     1.3012 0.0000e+00
     19.000    17.6791   4.721379    36.4059       1920     1.3323 0.0000e+00
     18.000    17.7637   4.720446    36.3224       1945     1.3498 0.0000e+00
     17.000    17.7585   4.719484    36.3191       1967     1.3650 0.0000e+00
     16.000    17.7571   4.718462    36.3119       1995     1.3846 0.0000e+00
     15.000    17.7253   4.718179    36.3384       2035     1.4128 0.0000e+00
     14.000    17.7639   4.717687    36.2999       2075     1.4405 0.0000e+00
     13.000    17.7528   4.716794    36.3025       2109     1.4638 0.0000e+00
     12.000    17.7429   4.718506    36.3266       2139     1.4846 0.0000e+00
     11.000    17.7253   4.719883    36.3546       2170     1.5064 0.0000e+00
     10.000    17.7415   4.719245    36.3350       2203     1.5294 0.0000e+00
      9.000    17.7572   4.722979    36.3536       2235     1.5513 0.0000e+00
      8.000    17.7668   4.727712    36.3863       2267     1.5739 0.0000e+00
      7.000    17.8528   4.729984    36.3295       2310     1.6037 0.0000e+00
      6.000    17.8253   4.731286    36.3656       2350     1.6316 0.0000e+00
      5.000    17.8575   4.734462    36.3647       2375     1.6486 0.0000e+00
      4.000    17.9062   4.738263    36.3543       2404     1.6688 0.0000e+00
      3.000    18.3715   4.733240    35.9012       2544     1.7660 0.0000e+00
