HB2502/ctd087.cnv
* Sea-Bird SBE 9 Data File:
* FileName = C:\cruise\data\ctd087.hex
* Software Version Seasave V 7.26.7.121
* Temperature SN = 6768
* Conductivity SN = 6166
* Number of Bytes Per Scan = 37
* Number of Voltage Words = 4
* Number of Scans Averaged by the Deck Unit = 1
* NMEA Latitude = 40 20.51 N
* NMEA Longitude = 073 38.13 W
* NMEA UTC (Time) = Mar 21 2025 11:52:48
* NMEA baud rate = 4800
** Ship: Bigelow HB2502
** Program:  Spring Bottom Trawl
** Chief Scientist:Jon Galbraith
# nquan = 7
# nvalues = 39                          
# units = specified
# name 0 = depSM: Depth [salt water, m]
# name 1 = t090C: Temperature [ITS-90, deg C]
# name 2 = c0S/m: Conductivity [S/m]
# name 3 = sal00: Salinity, Practical [PSU]
# name 4 = scan: Scan Count
# name 5 = timeM: Time, Elapsed [minutes]
# name 6 = flag: flag
# span 0 =      1.000,     21.000       
# span 1 =     5.2204,     5.2601       
# span 2 =   3.158306,   3.165358       
# span 3 =    32.6104,    32.6852       
# span 4 =         39,       2205       
# span 5 =     0.0264,     1.5304       
# span 6 = 0.0000e+00, 0.0000e+00       
# interval = meters: 1                  
# start_time = Mar 21 2025 11:52:48 [NMEA time, header]
# bad_flag = -9.990e-29
*END*
      3.000     5.2245   3.158306    32.6133         39     0.0264 0.0000e+00
      4.000     5.2509   3.160342    32.6104        186     0.1284 0.0000e+00
      5.000     5.2544   3.163626    32.6439        344     0.2384 0.0000e+00
      6.000     5.2564   3.164142    32.6474        384     0.2662 0.0000e+00
      7.000     5.2577   3.164385    32.6484        417     0.2886 0.0000e+00
      8.000     5.2597   3.164453    32.6467        447     0.3100 0.0000e+00
      9.000     5.2586   3.164728    32.6504        477     0.3306 0.0000e+00
     10.000     5.2584   3.164908    32.6521        501     0.3472 0.0000e+00
     11.000     5.2581   3.164382    32.6459        535     0.3705 0.0000e+00
     12.000     5.2583   3.164394    32.6453        576     0.3993 0.0000e+00
     13.000     5.2585   3.164905    32.6504        599     0.4150 0.0000e+00
     14.000     5.2588   3.165081    32.6517        619     0.4293 0.0000e+00
     15.000     5.2588   3.164734    32.6472        663     0.4597 0.0000e+00
     16.000     5.2589   3.164456    32.6435        717     0.4972 0.0000e+00
     17.000     5.2596   3.164872    32.6470        735     0.5096 0.0000e+00
     18.000     5.2601   3.165358    32.6515        753     0.5220 0.0000e+00
     19.000     5.2540   3.165293    32.6563        777     0.5392 0.0000e+00
     20.000     5.2204   3.164996    32.6852        821     0.5692 0.0000e+00
     21.000     5.2395   3.164941    32.6654        854     0.5925 0.0000e+00
     20.000     5.2326   3.164877    32.6719       1070     0.7422 0.0000e+00
     19.000     5.2418   3.164699    32.6614       1408     0.9774 0.0000e+00
     18.000     5.2411   3.164599    32.6615       1416     0.9826 0.0000e+00
     17.000     5.2385   3.164529    32.6637       1442     1.0009 0.0000e+00
     16.000     5.2399   3.164475    32.6622       1476     1.0243 0.0000e+00
     15.000     5.2430   3.164397    32.6588       1510     1.0482 0.0000e+00
     14.000     5.2441   3.164351    32.6577       1532     1.0633 0.0000e+00
     13.000     5.2418   3.164262    32.6595       1552     1.0772 0.0000e+00
     12.000     5.2433   3.164181    32.6576       1584     1.0995 0.0000e+00
     11.000     5.2464   3.164121    32.6543       1625     1.1275 0.0000e+00
     10.000     5.2416   3.164045    32.6587       1650     1.1453 0.0000e+00
      9.000     5.2394   3.163854    32.6591       1676     1.1631 0.0000e+00
      8.000     5.2434   3.163605    32.6529       1713     1.1887 0.0000e+00
      7.000     5.2454   3.163482    32.6500       1746     1.2120 0.0000e+00
      6.000     5.2374   3.163147    32.6545       1771     1.2294 0.0000e+00
      5.000     5.2358   3.162867    32.6534       1798     1.2483 0.0000e+00
      4.000     5.2466   3.162872    32.6435       1844     1.2797 0.0000e+00
      3.000     5.2334   3.162642    32.6542       1887     1.3097 0.0000e+00
      2.000     5.2442   3.162751    32.6454       2136     1.4825 0.0000e+00
      1.000     5.2329   3.162057    32.6490       2205     1.5304 0.0000e+00
