HB2502/ctd068.cnv
* Sea-Bird SBE 9 Data File:
* FileName = C:\cruise\data\ctd068.hex
* Software Version Seasave V 7.26.7.121
* Temperature SN = 6768
* Conductivity SN = 6166
* Number of Bytes Per Scan = 37
* Number of Voltage Words = 4
* Number of Scans Averaged by the Deck Unit = 1
* NMEA Latitude = 37 48.31 N
* NMEA Longitude = 075 08.95 W
* NMEA UTC (Time) = Mar 17 2025 21:35:28
* NMEA baud rate = 4800
** Ship: Bigelow HB2502
** Program:  Spring Bottom Trawl
** Chief Scientist:Jon Galbraith
# nquan = 7
# nvalues = 36                          
# units = specified
# name 0 = depSM: Depth [salt water, m]
# name 1 = t090C: Temperature [ITS-90, deg C]
# name 2 = c0S/m: Conductivity [S/m]
# name 3 = sal00: Salinity, Practical [PSU]
# name 4 = scan: Scan Count
# name 5 = timeM: Time, Elapsed [minutes]
# name 6 = flag: flag
# span 0 =      2.000,     20.000       
# span 1 =     7.0162,     7.7190       
# span 2 =   3.344548,   3.438613       
# span 3 =    32.8059,    33.4954       
# span 4 =        -32,       2213       
# span 5 =    -0.0229,     1.5362       
# span 6 = 0.0000e+00, 0.0000e+00       
# interval = meters: 1                  
# start_time = Mar 17 2025 21:35:28 [NMEA time, header]
# bad_flag = -9.990e-29
*END*
      2.000     7.7190   3.438613    33.3111        -32    -0.0229 0.0000e+00
      3.000     7.3346   3.421542    33.4954        168     0.1158 0.0000e+00
      4.000     7.3038   3.372773    32.9948        344     0.2385 0.0000e+00
      5.000     7.2989   3.359078    32.8504        399     0.2766 0.0000e+00
      6.000     7.2632   3.351901    32.8059        423     0.2933 0.0000e+00
      7.000     7.2336   3.350036    32.8133        449     0.3113 0.0000e+00
      8.000     7.1712   3.353986    32.9152        497     0.3444 0.0000e+00
      9.000     7.1417   3.348358    32.8815        540     0.3745 0.0000e+00
     10.000     7.1139   3.345961    32.8815        568     0.3940 0.0000e+00
     11.000     7.1043   3.346488    32.8959        597     0.4141 0.0000e+00
     12.000     7.0998   3.347515    32.9109        631     0.4377 0.0000e+00
     13.000     7.0982   3.345353    32.8883        662     0.4592 0.0000e+00
     14.000     7.0970   3.344548    32.8803        690     0.4782 0.0000e+00
     15.000     7.0949   3.346109    32.8988        724     0.5019 0.0000e+00
     16.000     7.0935   3.349965    32.9417        771     0.5348 0.0000e+00
     17.000     7.0731   3.349377    32.9543        809     0.5611 0.0000e+00
     18.000     7.0238   3.350367    33.0118        844     0.5856 0.0000e+00
     19.000     7.0162   3.348598    32.9994        874     0.6065 0.0000e+00
     20.000     7.0352   3.356827    33.0705       1117     0.7750 0.0000e+00
     19.000     7.0396   3.356036    33.0582       1671     1.1599 0.0000e+00
     18.000     7.0488   3.351714    33.0026       1824     1.2663 0.0000e+00
     17.000     7.1058   3.351046    32.9413       1858     1.2898 0.0000e+00
     16.000     7.1387   3.351266    32.9127       1889     1.3113 0.0000e+00
     15.000     7.1754   3.352587    32.8925       1919     1.3317 0.0000e+00
     14.000     7.1914   3.354878    32.9027       1946     1.3505 0.0000e+00
     13.000     7.1978   3.356944    32.9196       1968     1.3662 0.0000e+00
     12.000     7.2048   3.358655    32.9320       1988     1.3799 0.0000e+00
     11.000     7.2174   3.360386    32.9393       2007     1.3934 0.0000e+00
     10.000     7.2230   3.362212    32.9543       2034     1.4116 0.0000e+00
      9.000     7.2429   3.364566    32.9613       2082     1.4453 0.0000e+00
      8.000     7.2745   3.369821    32.9888       2119     1.4709 0.0000e+00
      7.000     7.3350   3.372350    32.9590       2137     1.4836 0.0000e+00
      6.000     7.4124   3.374201    32.9060       2152     1.4937 0.0000e+00
      5.000     7.4639   3.371994    32.8337       2166     1.5034 0.0000e+00
      4.000     7.5084   3.373626    32.8097       2181     1.5136 0.0000e+00
      3.000     7.5191   3.380098    32.8699       2213     1.5362 0.0000e+00
