HB2502/ctd036.cnv
* Sea-Bird SBE 9 Data File:
* FileName = C:\cruise\data\ctd036.hex
* Software Version Seasave V 7.26.7.121
* Temperature SN = 6768
* Conductivity SN = 6166
* Number of Bytes Per Scan = 37
* Number of Voltage Words = 4
* Number of Scans Averaged by the Deck Unit = 1
* NMEA Latitude = 36 06.79 N
* NMEA Longitude = 074 47.17 W
* NMEA UTC (Time) = Mar 13 2025 06:31:51
* NMEA baud rate = 4800
** Ship: Bigelow HB2502
** Program:  Spring Bottom Trawl
** Chief Scientist:Jon Galbraith
# nquan = 7
# nvalues = 448                         
# units = specified
# name 0 = depSM: Depth [salt water, m]
# name 1 = t090C: Temperature [ITS-90, deg C]
# name 2 = c0S/m: Conductivity [S/m]
# name 3 = sal00: Salinity, Practical [PSU]
# name 4 = scan: Scan Count
# name 5 = timeM: Time, Elapsed [minutes]
# name 6 = flag: flag
# span 0 =      1.000,    226.000       
# span 1 =     7.2651,    12.3305       
# span 2 =   1.610109,   4.009574       
# span 3 =    14.9899,    35.1271       
# span 4 =        154,      14181       
# span 5 =     0.1065,     9.8475       
# span 6 = 0.0000e+00, 0.0000e+00       
# interval = meters: 1                  
# start_time = Mar 13 2025 06:31:51 [NMEA time, header]
# bad_flag = -9.990e-29
*END*
[from data line 206]
    210.000     9.7533   3.806570    35.1169       6028     4.1852 0.0000e+00
    211.000     9.7609   3.807314    35.1167       6052     4.2024 0.0000e+00
    212.000     9.7491   3.806252    35.1168       6082     4.2226 0.0000e+00
    213.000     9.7490   3.806248    35.1165       6111     4.2427 0.0000e+00
    214.000     9.7301   3.804511    35.1166       6135     4.2600 0.0000e+00
    215.000     9.7207   3.803604    35.1159       6160     4.2769 0.0000e+00
    216.000     9.7142   3.802997    35.1155       6187     4.2962 0.0000e+00
    217.000     9.6960   3.801250    35.1148       6221     4.3194 0.0000e+00
    218.000     9.7003   3.801661    35.1144       6251     4.3405 0.0000e+00
    219.000     9.6813   3.799912    35.1144       6276     4.3575 0.0000e+00
    220.000     9.6805   3.799803    35.1136       6298     4.3732 0.0000e+00
    221.000     9.6550   3.797396    35.1132       6321     4.3891 0.0000e+00
    222.000     9.6227   3.794286    35.1122       6350     4.4090 0.0000e+00
    223.000     9.6225   3.794220    35.1113       6386     4.4341 0.0000e+00
    224.000     9.6249   3.794482    35.1112       6414     4.4533 0.0000e+00
    225.000     9.6390   3.795879    35.1113       6436     4.4685 0.0000e+00
    226.000     9.6098   3.793153    35.1113       6457     4.4833 0.0000e+00
    225.000     9.6471   3.796616    35.1110       7150     4.9645 0.0000e+00
    224.000     9.6439   3.796271    35.1111       7587     5.2684 0.0000e+00
    223.000     9.6440   3.796228    35.1109       7618     5.2894 0.0000e+00
    222.000     9.6436   3.796142    35.1109       7654     5.3147 0.0000e+00
    221.000     9.6436   3.796098    35.1110       7676     5.3298 0.0000e+00
    220.000     9.6456   3.796239    35.1110       7695     5.3430 0.0000e+00
    219.000     9.6465   3.796277    35.1109       7715     5.3571 0.0000e+00
    218.000     9.6508   3.796650    35.1111       7740     5.3744 0.0000e+00
    217.000     9.6551   3.796983    35.1107       7769     5.3947 0.0000e+00
    216.000     9.6623   3.797692    35.1115       7801     5.4166 0.0000e+00
    215.000     9.6689   3.798253    35.1113       7829     5.4360 0.0000e+00
    214.000     9.6849   3.799735    35.1114       7854     5.4535 0.0000e+00
    213.000     9.7005   3.801169    35.1114       7880     5.4717 0.0000e+00
    212.000     9.7109   3.802255    35.1129       7908     5.4907 0.0000e+00
    211.000     9.7168   3.802756    35.1128       7932     5.5074 0.0000e+00
    210.000     9.7218   3.803202    35.1131       7954     5.5229 0.0000e+00
    209.000     9.7213   3.803142    35.1134       7977     5.5392 0.0000e+00
    208.000     9.7258   3.803558    35.1137       8007     5.5601 0.0000e+00
    207.000     9.7289   3.803805    35.1137       8043     5.5848 0.0000e+00
    206.000     9.7392   3.804729    35.1137       8071     5.6041 0.0000e+00
    205.000     9.7464   3.805396    35.1140       8091     5.6184 0.0000e+00
    204.000     9.7512   3.805855    35.1144       8111     5.6316 0.0000e+00
    203.000     9.7635   3.807122    35.1160       8132     5.6466 0.0000e+00
    202.000     9.7738   3.808231    35.1178       8164     5.6687 0.0000e+00
    201.000     9.7758   3.808366    35.1178       8199     5.6927 0.0000e+00
    200.000     9.7839   3.809183    35.1187       8222     5.7092 0.0000e+00
    199.000     9.7892   3.809673    35.1191       8245     5.7248 0.0000e+00
    198.000     9.7928   3.810000    35.1194       8272     5.7438 0.0000e+00
    197.000     9.7931   3.810005    35.1196       8305     5.7664 0.0000e+00
    196.000     9.7971   3.810330    35.1196       8329     5.7836 0.0000e+00
    195.000     9.7989   3.810487    35.1199       8350     5.7982 0.0000e+00
    194.000     9.7996   3.810524    35.1200       8374     5.8147 0.0000e+00
    193.000     9.8046   3.810966    35.1201       8406     5.8369 0.0000e+00
    192.000     9.8124   3.811602    35.1196       8437     5.8584 0.0000e+00
    191.000     9.8257   3.812860    35.1199       8459     5.8739 0.0000e+00
    190.000     9.8292   3.813191    35.1205       8480     5.8884 0.0000e+00
    189.000     9.8310   3.813298    35.1203       8506     5.9061 0.0000e+00
    188.000     9.8385   3.813923    35.1198       8540     5.9300 0.0000e+00
    187.000     9.8502   3.815062    35.1205       8572     5.9524 0.0000e+00
    186.000     9.9038   3.819491    35.1144       8595     5.9681 0.0000e+00
    185.000     9.9431   3.822960    35.1122       8615     5.9817 0.0000e+00
    184.000     9.9667   3.825208    35.1127       8634     5.9952 0.0000e+00
    183.000     9.9962   3.827921    35.1123       8660     6.0132 0.0000e+00
    182.000    10.0216   3.830290    35.1123       8701     6.0418 0.0000e+00
    181.000    10.0485   3.832424    35.1085       8732     6.0631 0.0000e+00
    180.000    10.1016   3.837068    35.1048       8753     6.0775 0.0000e+00
    179.000    10.1231   3.838959    35.1037       8772     6.0913 0.0000e+00
    178.000    10.1328   3.839805    35.1035       8796     6.1076 0.0000e+00
    177.000    10.1395   3.840366    35.1032       8823     6.1265 0.0000e+00
    176.000    10.1534   3.841478    35.1015       8849     6.1442 0.0000e+00
    175.000    10.1727   3.843035    35.0991       8874     6.1615 0.0000e+00
    174.000    10.2018   3.845387    35.0953       8902     6.1812 0.0000e+00
    173.000    10.2226   3.847074    35.0929       8933     6.2026 0.0000e+00
    172.000    10.2460   3.849113    35.0914       8960     6.2214 0.0000e+00
    171.000    10.2623   3.850683    35.0921       8984     6.2384 0.0000e+00
    170.000    10.2801   3.852332    35.0921       9011     6.2568 0.0000e+00
    169.000    10.3061   3.854569    35.0903       9038     6.2756 0.0000e+00
    168.000    10.3376   3.857133    35.0863       9061     6.2920 0.0000e+00
    167.000    10.3659   3.859393    35.0823       9084     6.3076 0.0000e+00
    166.000    10.3854   3.860999    35.0803       9108     6.3245 0.0000e+00
    165.000    10.4067   3.862741    35.0779       9137     6.3444 0.0000e+00
    164.000    10.4212   3.863970    35.0768       9167     6.3650 0.0000e+00
    163.000    10.4319   3.864791    35.0752       9195     6.3845 0.0000e+00
    162.000    10.4385   3.865275    35.0742       9221     6.4025 0.0000e+00
    161.000    10.4440   3.865728    35.0740       9246     6.4203 0.0000e+00
    160.000    10.4503   3.866215    35.0733       9272     6.4379 0.0000e+00
    159.000    10.4651   3.867325    35.0707       9295     6.4542 0.0000e+00
    158.000    10.5113   3.871309    35.0670       9319     6.4711 0.0000e+00
    157.000    10.5479   3.874202    35.0615       9351     6.4928 0.0000e+00
    156.000    10.5675   3.875716    35.0584       9384     6.5159 0.0000e+00
    155.000    10.6029   3.878617    35.0541       9407     6.5318 0.0000e+00
    154.000    10.6340   3.881461    35.0534       9428     6.5463 0.0000e+00
    153.000    10.7040   3.887907    35.0516       9452     6.5629 0.0000e+00
    152.000    10.7557   3.892494    35.0486       9481     6.5837 0.0000e+00
    151.000    10.8045   3.896770    35.0452       9512     6.6045 0.0000e+00
    150.000    10.8572   3.901237    35.0401       9537     6.6225 0.0000e+00
    149.000    10.8816   3.903346    35.0383       9561     6.6390 0.0000e+00
    148.000    10.8844   3.903524    35.0378       9586     6.6560 0.0000e+00
    147.000    10.9084   3.905748    35.0377       9615     6.6766 0.0000e+00
    146.000    10.9163   3.906128    35.0343       9647     6.6985 0.0000e+00
    145.000    10.9005   3.903557    35.0241       9673     6.7163 0.0000e+00
    144.000    10.9006   3.901934    35.0083       9694     6.7316 0.0000e+00
    143.000    10.9079   3.901769    35.0001       9716     6.7463 0.0000e+00
    142.000    10.9130   3.901939    34.9974       9740     6.7635 0.0000e+00
    141.000    10.9218   3.901765    34.9877       9770     6.7839 0.0000e+00
    140.000    10.9288   3.901374    34.9776       9801     6.8058 0.0000e+00
    139.000    10.9468   3.902164    34.9687       9832     6.8270 0.0000e+00
    138.000    10.9614   3.903231    34.9659       9860     6.8463 0.0000e+00
    137.000    10.9748   3.904216    34.9634       9884     6.8633 0.0000e+00
    136.000    10.9810   3.904678    34.9627       9907     6.8789 0.0000e+00
    135.000    10.9876   3.905032    34.9604       9930     6.8950 0.0000e+00
    134.000    10.9951   3.905285    34.9562       9956     6.9133 0.0000e+00
    133.000    11.0118   3.906103    34.9489       9985     6.9334 0.0000e+00
    132.000    11.0326   3.906929    34.9378      10015     6.9541 0.0000e+00
    131.000    11.0448   3.907327    34.9306      10044     6.9740 0.0000e+00
    130.000    11.0565   3.907998    34.9267      10069     6.9914 0.0000e+00
    129.000    11.0610   3.908329    34.9261      10092     7.0079 0.0000e+00
    128.000    11.0635   3.908494    34.9258      10117     7.0249 0.0000e+00
    127.000    11.0649   3.908514    34.9251      10144     7.0440 0.0000e+00
    126.000    11.0638   3.908151    34.9230      10174     7.0642 0.0000e+00
    125.000    11.0564   3.907039    34.9195      10201     7.0837 0.0000e+00
    124.000    11.0379   3.904483    34.9119      10227     7.1012 0.0000e+00
    123.000    11.0204   3.901909    34.9034      10249     7.1166 0.0000e+00
    122.000    11.0153   3.901208    34.9016      10272     7.1326 0.0000e+00
    121.000    11.0134   3.900838    34.9002      10303     7.1544 0.0000e+00
    120.000    11.0103   3.900398    34.8993      10341     7.1809 0.0000e+00
    119.000    10.9868   3.897316    34.8913      10367     7.1989 0.0000e+00
    118.000    10.9330   3.889380    34.8635      10387     7.2126 0.0000e+00
    117.000    10.8814   3.881875    34.8380      10406     7.2260 0.0000e+00
    116.000    10.8663   3.879336    34.8273      10428     7.2413 0.0000e+00
    115.000    10.8522   3.877032    34.8181      10459     7.2628 0.0000e+00
    114.000    10.8458   3.875912    34.8134      10496     7.2880 0.0000e+00
    113.000    10.8355   3.874300    34.8075      10523     7.3070 0.0000e+00
    112.000    10.8293   3.873320    34.8040      10546     7.3228 0.0000e+00
    111.000    10.8233   3.872425    34.8012      10571     7.3404 0.0000e+00
    110.000    10.8205   3.871885    34.7989      10601     7.3614 0.0000e+00
    109.000    10.8282   3.872104    34.7942      10629     7.3808 0.0000e+00
    108.000    10.7784   3.862767    34.7484      10652     7.3964 0.0000e+00
    107.000    10.7200   3.851132    34.6875      10672     7.4102 0.0000e+00
    106.000    10.6852   3.844389    34.6532      10694     7.4257 0.0000e+00
    105.000    10.6736   3.840612    34.6266      10728     7.4492 0.0000e+00
    104.000    10.6774   3.839834    34.6157      10764     7.4746 0.0000e+00
    103.000    10.7040   3.840609    34.5988      10790     7.4924 0.0000e+00
    102.000    10.7121   3.840940    34.5949      10814     7.5089 0.0000e+00
    101.000    10.7148   3.841076    34.5941      10839     7.5261 0.0000e+00
    100.000    10.7255   3.841704    34.5908      10864     7.5440 0.0000e+00
     99.000    10.7538   3.843785    34.5853      10889     7.5610 0.0000e+00
     98.000    10.7848   3.846370    34.5823      10913     7.5781 0.0000e+00
     97.000    10.8492   3.852940    34.5878      10938     7.5955 0.0000e+00
     96.000    10.9091   3.858374    34.5861      10967     7.6155 0.0000e+00
     95.000    10.8701   3.851518    34.5547      11000     7.6385 0.0000e+00
     94.000    10.9153   3.852360    34.5210      11029     7.6585 0.0000e+00
     93.000    11.0122   3.860506    34.5115      11054     7.6757 0.0000e+00
     92.000    11.0731   3.865461    34.5042      11079     7.6932 0.0000e+00
     91.000    11.1359   3.871936    34.5100      11103     7.7099 0.0000e+00
     90.000    11.2558   3.885265    34.5304      11127     7.7263 0.0000e+00
     89.000    11.5790   3.920520    34.5767      11152     7.7437 0.0000e+00
     88.000    11.8472   3.951076    34.6269      11180     7.7635 0.0000e+00
     87.000    11.9072   3.958715    34.6462      11212     7.7854 0.0000e+00
     86.000    11.9375   3.961883    34.6494      11241     7.8058 0.0000e+00
     85.000    11.8581   3.951241    34.6197      11265     7.8223 0.0000e+00
     84.000    11.6640   3.926712    34.5605      11288     7.8385 0.0000e+00
     83.000    11.5116   3.907332    34.5124      11316     7.8577 0.0000e+00
     82.000    11.4673   3.901130    34.4931      11349     7.8804 0.0000e+00
     81.000    11.3734   3.889192    34.4633      11377     7.8998 0.0000e+00
     80.000    11.2628   3.874715    34.4237      11400     7.9156 0.0000e+00
     79.000    11.1954   3.865772    34.3985      11422     7.9311 0.0000e+00
     78.000    11.1392   3.858661    34.3808      11447     7.9486 0.0000e+00
     77.000    11.0962   3.853245    34.3677      11476     7.9689 0.0000e+00
     76.000    11.0475   3.847049    34.3520      11506     7.9898 0.0000e+00
     75.000    11.0164   3.843011    34.3413      11534     8.0087 0.0000e+00
     74.000    11.0051   3.841251    34.3348      11559     8.0261 0.0000e+00
     73.000    10.9865   3.838514    34.3254      11584     8.0436 0.0000e+00
     72.000    10.9609   3.834314    34.3079      11612     8.0635 0.0000e+00
     71.000    10.9436   3.829059    34.2720      11641     8.0837 0.0000e+00
     70.000    11.0103   3.833569    34.2552      11668     8.1017 0.0000e+00
     69.000    11.0583   3.837295    34.2480      11692     8.1186 0.0000e+00
     68.000    11.1079   3.841398    34.2430      11717     8.1360 0.0000e+00
     67.000    11.1422   3.844593    34.2432      11744     8.1548 0.0000e+00
     66.000    11.1734   3.847406    34.2426      11771     8.1738 0.0000e+00
     65.000    11.2219   3.852289    34.2463      11796     8.1912 0.0000e+00
     64.000    11.3288   3.863556    34.2589      11821     8.2084 0.0000e+00
     63.000    11.4456   3.876546    34.2792      11848     8.2270 0.0000e+00
     62.000    11.5601   3.888369    34.2899      11877     8.2470 0.0000e+00
     61.000    11.7266   3.906043    34.3098      11905     8.2666 0.0000e+00
     60.000    11.7928   3.912804    34.3153      11932     8.2853 0.0000e+00
     59.000    11.8568   3.918428    34.3116      11959     8.3040 0.0000e+00
     58.000    11.9196   3.924551    34.3139      11983     8.3211 0.0000e+00
     57.000    11.9824   3.931543    34.3247      12007     8.3373 0.0000e+00
     56.000    11.9941   3.932977    34.3283      12032     8.3547 0.0000e+00
     55.000    12.0137   3.935141    34.3317      12060     8.3744 0.0000e+00
     54.000    11.9928   3.931991    34.3207      12088     8.3939 0.0000e+00
     53.000    11.7932   3.905776    34.2491      12113     8.4113 0.0000e+00
     52.000    11.3967   3.856351    34.1300      12137     8.4280 0.0000e+00
     51.000    11.2312   3.835254    34.0750      12164     8.4463 0.0000e+00
     50.000    10.9109   3.795966    33.9817      12194     8.4671 0.0000e+00
     49.000    10.7961   3.781865    33.9477      12224     8.4885 0.0000e+00
     48.000    10.6165   3.758771    33.8835      12251     8.5072 0.0000e+00
     47.000    10.3671   3.728389    33.8100      12273     8.5224 0.0000e+00
     46.000    10.2576   3.713935    33.7662      12294     8.5366 0.0000e+00
     45.000    10.1496   3.700687    33.7329      12317     8.5527 0.0000e+00
     44.000    10.0727   3.691246    33.7092      12347     8.5734 0.0000e+00
     43.000     9.9906   3.682089    33.6930      12378     8.5951 0.0000e+00
     42.000     9.5787   3.634590    33.5921      12404     8.6130 0.0000e+00
     41.000     9.2115   3.589708    33.4735      12428     8.6295 0.0000e+00
     40.000     8.9556   3.558909    33.3939      12453     8.6471 0.0000e+00
     39.000     8.4551   3.500478    33.2525      12481     8.6664 0.0000e+00
