HB2502/ctd019.cnv
* Sea-Bird SBE 9 Data File:
* FileName = C:\cruise\data\ctd019.hex
* Software Version Seasave V 7.26.7.121
* Temperature SN = 6768
* Conductivity SN = 6166
* Number of Bytes Per Scan = 37
* Number of Voltage Words = 4
* Number of Scans Averaged by the Deck Unit = 1
* NMEA Latitude = 37 54.94 N
* NMEA Longitude = 074 07.32 W
* NMEA UTC (Time) = Mar 10 2025 22:00:32
* NMEA baud rate = 4800
** Ship: Bigelow HB2502
** Program:  Spring Bottom Trawl
** Chief Scientist:Jon Galbraith
# nquan = 7
# nvalues = 219                         
# units = specified
# name 0 = depSM: Depth [salt water, m]
# name 1 = t090C: Temperature [ITS-90, deg C]
# name 2 = c0S/m: Conductivity [S/m]
# name 3 = sal00: Salinity, Practical [PSU]
# name 4 = scan: Scan Count
# name 5 = timeM: Time, Elapsed [minutes]
# name 6 = flag: flag
# span 0 =      3.000,    112.000       
# span 1 =     6.9623,    10.1709       
# span 2 =   3.338156,   3.818613       
# span 3 =    32.7804,    34.9304       
# span 4 =         63,       6527       
# span 5 =     0.0428,     4.5322       
# span 6 = 0.0000e+00, 0.0000e+00       
# interval = meters: 1                  
# start_time = Mar 10 2025 22:00:32 [NMEA time, header]
# bad_flag = -9.990e-29
*END*
      3.000     7.3889   3.425152    33.4824         63     0.0428 0.0000e+00
      4.000     7.2521   3.398236    33.3211        267     0.1845 0.0000e+00
      5.000     7.0870   3.367934    33.1493        285     0.1969 0.0000e+00
      6.000     7.0292   3.354933    33.0624        310     0.2144 0.0000e+00
      7.000     7.0074   3.349717    33.0258        336     0.2327 0.0000e+00
      8.000     6.9998   3.350728    33.0436        363     0.2511 0.0000e+00
      9.000     6.9944   3.349567    33.0357        389     0.2698 0.0000e+00
     10.000     6.9938   3.348337    33.0223        417     0.2889 0.0000e+00
     11.000     6.9883   3.346654    33.0087        443     0.3068 0.0000e+00
     12.000     6.9746   3.345180    33.0052        468     0.3243 0.0000e+00
     13.000     6.9627   3.344029    33.0036        494     0.3422 0.0000e+00
     14.000     6.9623   3.343848    33.0015        521     0.3613 0.0000e+00
     15.000     6.9667   3.343714    32.9953        549     0.3809 0.0000e+00
     16.000     6.9698   3.343845    32.9933        577     0.4001 0.0000e+00
     17.000     6.9727   3.343635    32.9877        603     0.4177 0.0000e+00
     18.000     6.9806   3.343922    32.9827        627     0.4349 0.0000e+00
     19.000     7.0056   3.344730    32.9672        653     0.4528 0.0000e+00
     20.000     7.1079   3.345349    32.8757        680     0.4715 0.0000e+00
     21.000     7.2345   3.347708    32.7804        706     0.4898 0.0000e+00
     22.000     7.2816   3.353694    32.8002        733     0.5085 0.0000e+00
     23.000     7.2756   3.354270    32.8118        761     0.5280 0.0000e+00
     24.000     7.2750   3.358549    32.8582        788     0.5465 0.0000e+00
     25.000     7.3155   3.364237    32.8810        813     0.5639 0.0000e+00
     26.000     7.3916   3.370411    32.8751        838     0.5815 0.0000e+00
     27.000     7.4192   3.378482    32.9357        865     0.6001 0.0000e+00
     28.000     7.4394   3.382795    32.9627        892     0.6186 0.0000e+00
     29.000     7.4826   3.386643    32.9628        917     0.6364 0.0000e+00
     30.000     7.5184   3.389162    32.9555        943     0.6540 0.0000e+00
     31.000     7.5218   3.393362    32.9971        970     0.6730 0.0000e+00
     32.000     7.4985   3.396191    33.0494        999     0.6930 0.0000e+00
     33.000     7.4802   3.396449    33.0691       1027     0.7126 0.0000e+00
     34.000     7.4852   3.396129    33.0604       1053     0.7308 0.0000e+00
     35.000     7.5065   3.396504    33.0437       1077     0.7475 0.0000e+00
     36.000     7.5293   3.397788    33.0353       1101     0.7641 0.0000e+00
     37.000     7.5472   3.399718    33.0387       1126     0.7815 0.0000e+00
     38.000     7.5660   3.401072    33.0349       1153     0.8000 0.0000e+00
     39.000     7.5872   3.402621    33.0310       1182     0.8202 0.0000e+00
     40.000     7.6333   3.404691    33.0090       1211     0.8401 0.0000e+00
     41.000     7.6620   3.406862    33.0047       1237     0.8585 0.0000e+00
     42.000     7.6767   3.409389    33.0174       1263     0.8765 0.0000e+00
     43.000     7.6916   3.412110    33.0320       1289     0.8944 0.0000e+00
     44.000     7.7366   3.415436    33.0246       1315     0.9125 0.0000e+00
     45.000     7.8042   3.419899    33.0080       1342     0.9310 0.0000e+00
     46.000     7.8320   3.429197    33.0807       1368     0.9493 0.0000e+00
     47.000     7.8576   3.438280    33.1533       1394     0.9674 0.0000e+00
     48.000     7.8697   3.443316    33.1952       1420     0.9856 0.0000e+00
     49.000     7.8797   3.446808    33.2227       1447     1.0042 0.0000e+00
     50.000     7.8907   3.450205    33.2481       1474     1.0228 0.0000e+00
     51.000     7.8989   3.452334    33.2626       1501     1.0414 0.0000e+00
     52.000     7.9082   3.454218    33.2734       1526     1.0591 0.0000e+00
     53.000     7.8995   3.454252    33.2816       1551     1.0767 0.0000e+00
     54.000     7.8681   3.451769    33.2845       1578     1.0953 0.0000e+00
     55.000     7.8523   3.451086    33.2917       1607     1.1150 0.0000e+00
     56.000     7.8863   3.454915    33.2998       1635     1.1348 0.0000e+00
     57.000     7.9441   3.462171    33.3218       1662     1.1534 0.0000e+00
     58.000     7.9754   3.467047    33.3437       1688     1.1712 0.0000e+00
     59.000     8.0142   3.472185    33.3611       1713     1.1888 0.0000e+00
     60.000     8.0449   3.477403    33.3871       1738     1.2063 0.0000e+00
     61.000     8.0431   3.478067    33.3954       1764     1.2242 0.0000e+00
     62.000     8.0544   3.480253    33.4074       1790     1.2425 0.0000e+00
     63.000     8.0661   3.481808    33.4123       1817     1.2614 0.0000e+00
     64.000     8.0965   3.485646    33.4238       1845     1.2806 0.0000e+00
     65.000     8.1587   3.494187    33.4549       1872     1.2995 0.0000e+00
     66.000     8.1805   3.497483    33.4687       1900     1.3185 0.0000e+00
     67.000     8.2250   3.502960    33.4841       1925     1.3364 0.0000e+00
     68.000     8.3251   3.515828    33.5246       1950     1.3537 0.0000e+00
     69.000     8.4834   3.535017    33.5764       1976     1.3716 0.0000e+00
     70.000     8.5557   3.545328    33.6159       2003     1.3905 0.0000e+00
     71.000     8.5606   3.546409    33.6221       2032     1.4102 0.0000e+00
     72.000     8.5604   3.546705    33.6250       2060     1.4295 0.0000e+00
     73.000     8.6100   3.552099    33.6341       2086     1.4478 0.0000e+00
     74.000     8.8083   3.576215    33.6983       2111     1.4653 0.0000e+00
     75.000     8.8650   3.583399    33.7192       2137     1.4830 0.0000e+00
     76.000     8.9995   3.599510    33.7594       2163     1.5014 0.0000e+00
     77.000     9.1688   3.620306    33.8148       2190     1.5204 0.0000e+00
     78.000     9.2957   3.636917    33.8663       2218     1.5393 0.0000e+00
     79.000     9.3268   3.642458    33.8939       2244     1.5576 0.0000e+00
     80.000     9.5219   3.669973    33.9927       2270     1.5755 0.0000e+00
     81.000     9.6562   3.690374    34.0750       2295     1.5933 0.0000e+00
     82.000     9.6416   3.690416    34.0888       2322     1.6115 0.0000e+00
     83.000     9.6302   3.692438    34.1199       2349     1.6302 0.0000e+00
     84.000     9.7892   3.713504    34.1847       2377     1.6497 0.0000e+00
     85.000    10.0005   3.741046    34.2656       2404     1.6688 0.0000e+00
     86.000     9.9710   3.739861    34.2810       2430     1.6871 0.0000e+00
     87.000     9.8987   3.735575    34.3055       2456     1.7046 0.0000e+00
     88.000     9.8445   3.730876    34.3085       2481     1.7225 0.0000e+00
     89.000     9.7517   3.722564    34.3113       2509     1.7414 0.0000e+00
     90.000     9.7273   3.723673    34.3454       2535     1.7601 0.0000e+00
     91.000     9.7639   3.741614    34.4942       2561     1.7779 0.0000e+00
     92.000     9.8611   3.756440    34.5528       2586     1.7951 0.0000e+00
     93.000     9.9275   3.766465    34.5913       2612     1.8132 0.0000e+00
     94.000     9.9824   3.775231    34.6279       2639     1.8320 0.0000e+00
     95.000    10.0041   3.780431    34.6598       2667     1.8512 0.0000e+00
     96.000     9.9744   3.780513    34.6887       2695     1.8706 0.0000e+00
     97.000     9.9797   3.783395    34.7126       2722     1.8895 0.0000e+00
     98.000    10.0004   3.786626    34.7252       2748     1.9077 0.0000e+00
     99.000    10.0102   3.788143    34.7309       2774     1.9258 0.0000e+00
    100.000    10.0228   3.789913    34.7364       2800     1.9436 0.0000e+00
    101.000    10.0469   3.793162    34.7460       2825     1.9611 0.0000e+00
    102.000    10.0834   3.798170    34.7616       2851     1.9792 0.0000e+00
    103.000    10.1419   3.806803    34.7929       2878     1.9978 0.0000e+00
    104.000    10.1597   3.810338    34.8114       2905     2.0165 0.0000e+00
    105.000    10.1704   3.812363    34.8212       2932     2.0354 0.0000e+00
    106.000    10.1709   3.813121    34.8280       2959     2.0542 0.0000e+00
    107.000    10.1656   3.813863    34.8402       2986     2.0727 0.0000e+00
    108.000    10.1620   3.814190    34.8465       3012     2.0909 0.0000e+00
    109.000    10.1540   3.815379    34.8659       3037     2.1086 0.0000e+00
    110.000    10.1442   3.816640    34.8877       3063     2.1263 0.0000e+00
    111.000    10.1315   3.817748    34.9108       3089     2.1445 0.0000e+00
    112.000    10.1199   3.818613    34.9304       3366     2.3365 0.0000e+00
    111.000    10.1213   3.818284    34.9261       3620     2.5131 0.0000e+00
    110.000    10.1254   3.817870    34.9184       3652     2.5355 0.0000e+00
    109.000    10.1326   3.817310    34.9062       3679     2.5541 0.0000e+00
    108.000    10.1470   3.815984    34.8792       3705     2.5722 0.0000e+00
    107.000    10.1507   3.815308    34.8692       3729     2.5892 0.0000e+00
    106.000    10.1518   3.814966    34.8651       3753     2.6057 0.0000e+00
    105.000    10.1593   3.814272    34.8513       3778     2.6227 0.0000e+00
    104.000    10.1619   3.813827    34.8447       3803     2.6404 0.0000e+00
    103.000    10.1606   3.813018    34.8382       3829     2.6582 0.0000e+00
    102.000    10.1522   3.810957    34.8258       3855     2.6762 0.0000e+00
    101.000    10.1302   3.807407    34.8112       3881     2.6944 0.0000e+00
    100.000    10.1026   3.802682    34.7900       3907     2.7128 0.0000e+00
     99.000    10.0857   3.800771    34.7873       3935     2.7316 0.0000e+00
     98.000    10.0469   3.794945    34.7656       3961     2.7500 0.0000e+00
     97.000    10.0232   3.791044    34.7490       3987     2.7678 0.0000e+00
     96.000    10.0004   3.787763    34.7378       4013     2.7861 0.0000e+00
     95.000    10.0001   3.787234    34.7332       4038     2.8038 0.0000e+00
     94.000     9.9968   3.784812    34.7120       4063     2.8208 0.0000e+00
     93.000    10.0007   3.784470    34.7052       4087     2.8376 0.0000e+00
     92.000     9.9913   3.781456    34.6839       4111     2.8542 0.0000e+00
     91.000     9.9578   3.774115    34.6414       4136     2.8717 0.0000e+00
     90.000     9.9027   3.765412    34.6057       4164     2.8907 0.0000e+00
     89.000     9.8612   3.757499    34.5649       4192     2.9104 0.0000e+00
     88.000     9.7982   3.740467    34.4510       4219     2.9291 0.0000e+00
     87.000     9.7886   3.735584    34.4106       4245     2.9469 0.0000e+00
     86.000     9.8297   3.734802    34.3637       4270     2.9648 0.0000e+00
     85.000     9.8685   3.736518    34.3448       4296     2.9827 0.0000e+00
     84.000     9.9169   3.738931    34.3239       4321     2.9998 0.0000e+00
     83.000     9.9276   3.739257    34.3175       4345     3.0169 0.0000e+00
     82.000     9.9065   3.735207    34.2967       4371     3.0347 0.0000e+00
     81.000     9.8102   3.720990    34.2430       4397     3.0526 0.0000e+00
     80.000     9.7431   3.710580    34.2006       4423     3.0710 0.0000e+00
     79.000     9.7018   3.702001    34.1521       4450     3.0897 0.0000e+00
     78.000     9.6530   3.694698    34.1238       4477     3.1083 0.0000e+00
     77.000     9.5116   3.675350    34.0593       4503     3.1263 0.0000e+00
     76.000     9.4462   3.663004    33.9945       4528     3.1438 0.0000e+00
     75.000     9.4200   3.657907    33.9671       4553     3.1609 0.0000e+00
     74.000     9.2124   3.632247    33.8989       4577     3.1781 0.0000e+00
     73.000     9.1569   3.624008    33.8664       4603     3.1961 0.0000e+00
     72.000     9.0726   3.612092    33.8229       4631     3.2151 0.0000e+00
     71.000     9.0006   3.602842    33.7954       4658     3.2338 0.0000e+00
     70.000     8.8462   3.584946    33.7556       4683     3.2516 0.0000e+00
     69.000     8.6905   3.565802    33.7035       4708     3.2688 0.0000e+00
     68.000     8.6564   3.560170    33.6772       4733     3.2860 0.0000e+00
     67.000     8.6003   3.553185    33.6576       4758     3.3038 0.0000e+00
     66.000     8.5355   3.544781    33.6313       4785     3.3222 0.0000e+00
     65.000     8.4339   3.532594    33.5999       4812     3.3410 0.0000e+00
     64.000     8.3572   3.522393    33.5655       4839     3.3595 0.0000e+00
     63.000     8.3032   3.514527    33.5341       4864     3.3771 0.0000e+00
     62.000     8.2340   3.505631    33.5062       4888     3.3940 0.0000e+00
     61.000     8.2080   3.501431    33.4869       4913     3.4113 0.0000e+00
     60.000     8.1515   3.494435    33.4668       4940     3.4298 0.0000e+00
     59.000     8.1494   3.493431    33.4586       4968     3.4494 0.0000e+00
     58.000     8.0926   3.486424    33.4387       4995     3.4680 0.0000e+00
     57.000     8.0697   3.482107    33.4150       5020     3.4852 0.0000e+00
     56.000     8.0613   3.480535    33.4067       5044     3.5017 0.0000e+00
     55.000     8.0447   3.477937    33.3953       5068     3.5186 0.0000e+00
     54.000     8.0222   3.474614    33.3818       5094     3.5367 0.0000e+00
     53.000     7.9771   3.468575    33.3608       5122     3.5563 0.0000e+00
     52.000     7.9369   3.463691    33.3474       5149     3.5753 0.0000e+00
     51.000     7.9172   3.459373    33.3205       5176     3.5934 0.0000e+00
     50.000     7.9073   3.457319    33.3084       5200     3.6107 0.0000e+00
     49.000     7.9134   3.457386    33.3037       5225     3.6280 0.0000e+00
     48.000     7.9198   3.458040    33.3051       5251     3.6456 0.0000e+00
     47.000     7.9149   3.457151    33.3008       5277     3.6636 0.0000e+00
     46.000     7.9067   3.455692    33.2935       5303     3.6823 0.0000e+00
     45.000     7.9022   3.455016    33.2910       5331     3.7011 0.0000e+00
     44.000     7.8896   3.453248    33.2845       5356     3.7190 0.0000e+00
     43.000     7.8724   3.451205    33.2795       5382     3.7365 0.0000e+00
     42.000     7.8508   3.448535    33.2720       5406     3.7537 0.0000e+00
     41.000     7.8210   3.445152    33.2646       5431     3.7708 0.0000e+00
     40.000     7.8114   3.443621    33.2578       5456     3.7882 0.0000e+00
     39.000     7.7781   3.439330    33.2441       5482     3.8063 0.0000e+00
     38.000     7.7443   3.435710    33.2379       5509     3.8252 0.0000e+00
     37.000     7.7373   3.434670    33.2338       5537     3.8447 0.0000e+00
     36.000     7.7164   3.431795    33.2234       5565     3.8638 0.0000e+00
     35.000     7.6887   3.428557    33.2154       5591     3.8819 0.0000e+00
     34.000     7.6611   3.425181    33.2059       5616     3.8990 0.0000e+00
     33.000     7.6284   3.420812    33.1906       5639     3.9155 0.0000e+00
     32.000     7.6203   3.420232    33.1925       5663     3.9318 0.0000e+00
     31.000     7.5843   3.415447    33.1759       5688     3.9494 0.0000e+00
     30.000     7.5524   3.411699    33.1663       5715     3.9682 0.0000e+00
     29.000     7.5429   3.409832    33.1557       5743     3.9872 0.0000e+00
     28.000     7.5465   3.409915    33.1537       5770     4.0059 0.0000e+00
     27.000     7.5419   3.408960    33.1482       5795     4.0238 0.0000e+00
     26.000     7.5249   3.407152    33.1454       5820     4.0413 0.0000e+00
     25.000     7.5136   3.405300    33.1367       5846     4.0592 0.0000e+00
     24.000     7.4723   3.401414    33.1346       5873     4.0776 0.0000e+00
     23.000     7.4135   3.393724    33.1081       5899     4.0958 0.0000e+00
     22.000     7.3867   3.390106    33.0949       5925     4.1135 0.0000e+00
     21.000     7.3897   3.389141    33.0821       5949     4.1308 0.0000e+00
     20.000     7.4299   3.391960    33.0748       5974     4.1479 0.0000e+00
     19.000     7.4235   3.390480    33.0653       5999     4.1655 0.0000e+00
     18.000     7.3527   3.382872    33.0509       6026     4.1841 0.0000e+00
     17.000     7.2656   3.372895    33.0264       6053     4.2027 0.0000e+00
