HB2502/ctd011.cnv
* Sea-Bird SBE 9 Data File:
* FileName = C:\cruise\data\ctd011.hex
* Software Version Seasave V 7.26.7.121
* Temperature SN = 6768
* Conductivity SN = 6166
* Number of Bytes Per Scan = 37
* Number of Voltage Words = 4
* Number of Scans Averaged by the Deck Unit = 1
* NMEA Latitude = 38 17.78 N
* NMEA Longitude = 073 36.79 W
* NMEA UTC (Time) = Mar 09 2025 20:39:03
* NMEA baud rate = 4800
** Ship: Bigelow HB2502
** Program:  Spring Bottom Trawl
** Chief Scientist:Jon Galbraith
# nquan = 7
# nvalues = 455                         
# units = specified
# name 0 = depSM: Depth [salt water, m]
# name 1 = t090C: Temperature [ITS-90, deg C]
# name 2 = c0S/m: Conductivity [S/m]
# name 3 = sal00: Salinity, Practical [PSU]
# name 4 = scan: Scan Count
# name 5 = timeM: Time, Elapsed [minutes]
# name 6 = flag: flag
# span 0 =      3.000,    230.000       
# span 1 =     6.9353,    11.3055       
# span 2 =   3.347844,   3.928652       
# span 3 =    32.9037,    35.0870       
# span 4 =         -7,      13763       
# span 5 =    -0.0056,     9.5572       
# span 6 = 0.0000e+00, 0.0000e+00       
# interval = meters: 1                  
# start_time = Mar 09 2025 20:39:03 [NMEA time, header]
# bad_flag = -9.990e-29
*END*
      3.000     7.2335   3.390213    33.2526         -7    -0.0056 0.0000e+00
      4.000     7.0004   3.364788    33.1990        231     0.1595 0.0000e+00
      5.000     7.0326   3.359115    33.1053        328     0.2274 0.0000e+00
      6.000     7.0317   3.355612    33.0674        342     0.2367 0.0000e+00
      7.000     7.0426   3.354621    33.0456        362     0.2509 0.0000e+00
      8.000     7.0428   3.355363    33.0530        387     0.2682 0.0000e+00
      9.000     7.0439   3.355358    33.0515        422     0.2923 0.0000e+00
     10.000     7.0429   3.355790    33.0567        450     0.3117 0.0000e+00
     11.000     7.0418   3.355356    33.0525        475     0.3290 0.0000e+00
     12.000     7.0423   3.355228    33.0501        506     0.3504 0.0000e+00
     13.000     7.0444   3.355114    33.0464        535     0.3707 0.0000e+00
     14.000     7.0417   3.355008    33.0474        558     0.3867 0.0000e+00
     15.000     7.0385   3.354950    33.0493        582     0.4036 0.0000e+00
     16.000     7.0381   3.355094    33.0507        616     0.4269 0.0000e+00
     17.000     7.0262   3.355093    33.0617        649     0.4502 0.0000e+00
     18.000     7.0171   3.354409    33.0624        677     0.4692 0.0000e+00
     19.000     7.0139   3.353954    33.0601        703     0.4875 0.0000e+00
     20.000     7.0139   3.353618    33.0559        732     0.5079 0.0000e+00
     21.000     7.0192   3.353603    33.0502        758     0.5258 0.0000e+00
     22.000     7.0201   3.353919    33.0523        784     0.5434 0.0000e+00
     23.000     7.0285   3.354231    33.0472        814     0.5648 0.0000e+00
     24.000     7.0019   3.354215    33.0720        849     0.5888 0.0000e+00
     25.000     6.9837   3.353413    33.0802        874     0.6065 0.0000e+00
     26.000     6.9705   3.353023    33.0882        898     0.6228 0.0000e+00
     27.000     6.9541   3.352029    33.0927        924     0.6412 0.0000e+00
     28.000     6.9477   3.351164    33.0888        954     0.6619 0.0000e+00
     29.000     6.9458   3.350147    33.0790        981     0.6807 0.0000e+00
     30.000     6.9422   3.350099    33.0815       1010     0.7007 0.0000e+00
     31.000     6.9390   3.349892    33.0818       1043     0.7236 0.0000e+00
     32.000     6.9405   3.349426    33.0748       1071     0.7428 0.0000e+00
     33.000     6.9388   3.349201    33.0735       1094     0.7592 0.0000e+00
     34.000     6.9388   3.348982    33.0706       1119     0.7765 0.0000e+00
     35.000     6.9387   3.349124    33.0717       1150     0.7978 0.0000e+00
     36.000     6.9370   3.348844    33.0698       1180     0.8187 0.0000e+00
     37.000     6.9356   3.348719    33.0693       1204     0.8356 0.0000e+00
     38.000     6.9353   3.348725    33.0691       1232     0.8546 0.0000e+00
     39.000     6.9416   3.348692    33.0622       1266     0.8782 0.0000e+00
     40.000     6.9497   3.348494    33.0519       1292     0.8967 0.0000e+00
     41.000     6.9571   3.348704    33.0466       1314     0.9119 0.0000e+00
     42.000     6.9636   3.349172    33.0449       1340     0.9299 0.0000e+00
     43.000     6.9986   3.349620    33.0158       1375     0.9542 0.0000e+00
     44.000     7.0582   3.350081    32.9632       1406     0.9756 0.0000e+00
     45.000     7.1047   3.351264    32.9312       1430     0.9920 0.0000e+00
     46.000     7.1443   3.353577    32.9181       1456     1.0102 0.0000e+00
     47.000     7.1819   3.356605    32.9148       1486     1.0314 0.0000e+00
     48.000     7.2814   3.364354    32.9037       1515     1.0515 0.0000e+00
     49.000     7.4205   3.385123    32.9958       1542     1.0699 0.0000e+00
     50.000     7.5500   3.406986    33.1082       1570     1.0893 0.0000e+00
     51.000     7.6114   3.420409    33.1939       1599     1.1100 0.0000e+00
     52.000     7.6806   3.428895    33.2187       1627     1.1295 0.0000e+00
     53.000     8.0237   3.468565    33.3163       1652     1.1468 0.0000e+00
     54.000     8.1661   3.491653    33.4262       1676     1.1634 0.0000e+00
     55.000     8.2116   3.500283    33.4740       1709     1.1863 0.0000e+00
     56.000     8.3574   3.518131    33.5239       1746     1.2116 0.0000e+00
     57.000     8.5562   3.542461    33.5913       1770     1.2285 0.0000e+00
     58.000     8.8911   3.584368    33.7125       1794     1.2453 0.0000e+00
     59.000     8.9992   3.598751    33.7596       1824     1.2662 0.0000e+00
     60.000     9.4512   3.652890    33.8925       1854     1.2865 0.0000e+00
     61.000     9.6448   3.679702    33.9853       1881     1.3052 0.0000e+00
     62.000     9.7083   3.688517    34.0153       1912     1.3272 0.0000e+00
     63.000     9.9308   3.716676    34.0928       1944     1.3490 0.0000e+00
     64.000    10.0940   3.737989    34.1556       1969     1.3667 0.0000e+00
     65.000    10.1762   3.749128    34.1908       1997     1.3859 0.0000e+00
     66.000    10.2228   3.755954    34.2157       2027     1.4073 0.0000e+00
     67.000    10.2819   3.764089    34.2420       2055     1.4266 0.0000e+00
     68.000    10.3380   3.772086    34.2696       2081     1.4445 0.0000e+00
     69.000    10.3808   3.778437    34.2930       2112     1.4657 0.0000e+00
     70.000    10.3954   3.781044    34.3051       2147     1.4905 0.0000e+00
     71.000    10.4153   3.783846    34.3142       2175     1.5096 0.0000e+00
     72.000    10.4468   3.788286    34.3288       2200     1.5269 0.0000e+00
     73.000    10.4690   3.791669    34.3416       2229     1.5475 0.0000e+00
     74.000    10.4771   3.793031    34.3473       2260     1.5688 0.0000e+00
     75.000    10.5021   3.796450    34.3578       2286     1.5871 0.0000e+00
     76.000    10.5345   3.801079    34.3734       2314     1.6063 0.0000e+00
     77.000    10.5860   3.808474    34.3989       2345     1.6276 0.0000e+00
     78.000    10.6163   3.813608    34.4214       2376     1.6491 0.0000e+00
     79.000    10.6689   3.821980    34.4556       2402     1.6671 0.0000e+00
     80.000    10.8061   3.841086    34.5173       2426     1.6837 0.0000e+00
     81.000    10.9545   3.861965    34.5858       2452     1.7023 0.0000e+00
     82.000    10.9869   3.867365    34.6088       2487     1.7261 0.0000e+00
     83.000    10.9787   3.867012    34.6125       2518     1.7480 0.0000e+00
     84.000    10.9996   3.870049    34.6226       2545     1.7665 0.0000e+00
     85.000    11.0133   3.873984    34.6485       2576     1.7879 0.0000e+00
     86.000    10.7874   3.851096    34.6327       2608     1.8101 0.0000e+00
     87.000    10.5900   3.830073    34.6081       2632     1.8268 0.0000e+00
     88.000    10.5604   3.828807    34.6230       2654     1.8424 0.0000e+00
     89.000    10.6107   3.835207    34.6392       2684     1.8629 0.0000e+00
     90.000    10.5506   3.829883    34.6423       2717     1.8860 0.0000e+00
     91.000    10.3773   3.814016    34.6464       2744     1.9050 0.0000e+00
     92.000    10.1575   3.790959    34.6216       2771     1.9236 0.0000e+00
     93.000    10.4028   3.818689    34.6683       2802     1.9449 0.0000e+00
     94.000    10.7363   3.858118    34.7480       2834     1.9672 0.0000e+00
     95.000    11.0470   3.896207    34.8339       2863     1.9878 0.0000e+00
     96.000    11.0681   3.901474    34.8659       2891     2.0067 0.0000e+00
     97.000    10.9812   3.892389    34.8573       2920     2.0270 0.0000e+00
     98.000    10.9350   3.887320    34.8500       2952     2.0491 0.0000e+00
     99.000    10.9301   3.886913    34.8502       2980     2.0690 0.0000e+00
    100.000    10.9523   3.889649    34.8560       3007     2.0875 0.0000e+00
    101.000    11.0447   3.900905    34.8801       3034     2.1062 0.0000e+00
    102.000    11.1181   3.910811    34.9088       3062     2.1259 0.0000e+00
    103.000    11.0922   3.908538    34.9103       3093     2.1470 0.0000e+00
    104.000    11.0654   3.905848    34.9085       3125     2.1694 0.0000e+00
    105.000    10.9775   3.896664    34.8999       3157     2.1919 0.0000e+00
    106.000    10.7786   3.875166    34.8735       3189     2.2139 0.0000e+00
    107.000    10.7174   3.868745    34.8669       3216     2.2328 0.0000e+00
    108.000    10.4205   3.837621    34.8363       3242     2.2509 0.0000e+00
    109.000    10.2652   3.819780    34.8038       3271     2.2705 0.0000e+00
    110.000    10.2171   3.814060    34.7913       3302     2.2921 0.0000e+00
    111.000    10.1146   3.803081    34.7775       3337     2.3169 0.0000e+00
    112.000    10.0193   3.792966    34.7654       3370     2.3394 0.0000e+00
    113.000     9.9712   3.787693    34.7573       3397     2.3581 0.0000e+00
    114.000     9.9453   3.785076    34.7550       3421     2.3752 0.0000e+00
    115.000     9.9116   3.782796    34.7636       3445     2.3920 0.0000e+00
    116.000     9.8323   3.775679    34.7667       3473     2.4112 0.0000e+00
    117.000     9.8071   3.773686    34.7701       3509     2.4359 0.0000e+00
    118.000     9.7914   3.772609    34.7737       3544     2.4603 0.0000e+00
    119.000     9.7876   3.772513    34.7759       3574     2.4816 0.0000e+00
    120.000     9.7841   3.772446    34.7781       3603     2.5017 0.0000e+00
    121.000     9.7813   3.772342    34.7794       3629     2.5197 0.0000e+00
    122.000     9.7791   3.772376    34.7813       3655     2.5373 0.0000e+00
    123.000     9.7795   3.772733    34.7841       3685     2.5583 0.0000e+00
    124.000     9.7775   3.773169    34.7901       3720     2.5825 0.0000e+00
    125.000     9.7689   3.773145    34.7977       3747     2.6011 0.0000e+00
    126.000     9.7654   3.773253    34.8016       3772     2.6191 0.0000e+00
    127.000     9.7594   3.773061    34.8050       3808     2.6438 0.0000e+00
    128.000     9.7498   3.772961    34.8128       3840     2.6658 0.0000e+00
    129.000     9.7416   3.772974    34.8205       3865     2.6834 0.0000e+00
    130.000     9.7363   3.773239    34.8278       3895     2.7042 0.0000e+00
    131.000     9.7292   3.773299    34.8349       3930     2.7286 0.0000e+00
    132.000     9.7148   3.774078    34.8564       3957     2.7473 0.0000e+00
    133.000     9.7205   3.775333    34.8633       3983     2.7653 0.0000e+00
    134.000     9.7317   3.777043    34.8696       4015     2.7877 0.0000e+00
    135.000     9.7578   3.781426    34.8889       4048     2.8106 0.0000e+00
    136.000     9.7887   3.786231    34.9079       4077     2.8305 0.0000e+00
    137.000     9.7987   3.788160    34.9175       4106     2.8505 0.0000e+00
    138.000     9.7882   3.787460    34.9201       4135     2.8708 0.0000e+00
    139.000     9.7908   3.788093    34.9236       4164     2.8912 0.0000e+00
    140.000     9.7874   3.787915    34.9246       4196     2.9131 0.0000e+00
    141.000     9.7825   3.787508    34.9247       4231     2.9376 0.0000e+00
    142.000     9.7824   3.787733    34.9267       4261     2.9584 0.0000e+00
    143.000     9.7816   3.787814    34.9278       4288     2.9770 0.0000e+00
    144.000     9.7755   3.787382    34.9288       4315     2.9959 0.0000e+00
    145.000     9.7718   3.787070    34.9287       4344     3.0157 0.0000e+00
    146.000     9.7611   3.786285    34.9305       4375     3.0375 0.0000e+00
    147.000     9.7549   3.785876    34.9318       4410     3.0621 0.0000e+00
    148.000     9.7546   3.786428    34.9374       4444     3.0858 0.0000e+00
    149.000     9.8043   3.793955    34.9661       4474     3.1060 0.0000e+00
    150.000     9.8130   3.795547    34.9736       4499     3.1234 0.0000e+00
    151.000     9.8179   3.796736    34.9805       4524     3.1409 0.0000e+00
    152.000     9.8213   3.797573    34.9854       4554     3.1615 0.0000e+00
    153.000     9.8250   3.798494    34.9908       4589     3.1862 0.0000e+00
    154.000     9.8248   3.798746    34.9931       4625     3.2109 0.0000e+00
    155.000     9.8235   3.798936    34.9958       4653     3.2305 0.0000e+00
    156.000     9.8192   3.799202    35.0022       4679     3.2484 0.0000e+00
    157.000     9.8176   3.799327    35.0047       4711     3.2707 0.0000e+00
    158.000     9.8146   3.799315    35.0070       4746     3.2950 0.0000e+00
    159.000     9.8174   3.799707    35.0078       4773     3.3141 0.0000e+00
    160.000     9.8251   3.800647    35.0096       4800     3.3326 0.0000e+00
    161.000     9.8316   3.801501    35.0115       4831     3.3544 0.0000e+00
    162.000     9.8337   3.801969    35.0138       4866     3.3788 0.0000e+00
    163.000     9.8333   3.802596    35.0202       4896     3.3996 0.0000e+00
    164.000     9.8316   3.802692    35.0224       4924     3.4189 0.0000e+00
    165.000     9.8264   3.802285    35.0228       4956     3.4411 0.0000e+00
    166.000     9.8230   3.802088    35.0236       4990     3.4647 0.0000e+00
    167.000     9.8156   3.802079    35.0302       5017     3.4834 0.0000e+00
    168.000     9.8113   3.802371    35.0369       5043     3.5015 0.0000e+00
    169.000     9.8119   3.803863    35.0512       5082     3.5282 0.0000e+00
    170.000     9.8103   3.804059    35.0543       5115     3.5513 0.0000e+00
    171.000     9.8103   3.804363    35.0569       5141     3.5693 0.0000e+00
    172.000     9.8106   3.804585    35.0585       5171     3.5900 0.0000e+00
    173.000     9.8109   3.804796    35.0599       5204     3.6131 0.0000e+00
    174.000     9.8115   3.804954    35.0605       5230     3.6314 0.0000e+00
    175.000     9.8117   3.804996    35.0603       5260     3.6520 0.0000e+00
    176.000     9.8108   3.805010    35.0608       5295     3.6767 0.0000e+00
    177.000     9.8100   3.804995    35.0609       5324     3.6963 0.0000e+00
    178.000     9.8072   3.804826    35.0615       5350     3.7148 0.0000e+00
    179.000     9.8055   3.804736    35.0618       5381     3.7361 0.0000e+00
    180.000     9.8064   3.804822    35.0613       5411     3.7568 0.0000e+00
    181.000     9.8063   3.804876    35.0615       5438     3.7760 0.0000e+00
    182.000     9.8044   3.805042    35.0646       5474     3.8006 0.0000e+00
    183.000     9.8045   3.805100    35.0646       5506     3.8231 0.0000e+00
    184.000     9.8055   3.805239    35.0645       5532     3.8410 0.0000e+00
    185.000     9.8041   3.805154    35.0646       5564     3.8635 0.0000e+00
    186.000     9.8029   3.805096    35.0647       5601     3.8891 0.0000e+00
    187.000     9.8038   3.805285    35.0653       5628     3.9075 0.0000e+00
    188.000     9.8049   3.805490    35.0659       5651     3.9239 0.0000e+00
    189.000     9.8036   3.805420    35.0660       5678     3.9425 0.0000e+00
    190.000     9.8012   3.805213    35.0657       5710     3.9648 0.0000e+00
    191.000     9.8012   3.805331    35.0664       5745     3.9886 0.0000e+00
    192.000     9.7993   3.805240    35.0669       5773     4.0083 0.0000e+00
    193.000     9.7944   3.804826    35.0669       5800     4.0272 0.0000e+00
    194.000     9.7813   3.803557    35.0662       5831     4.0488 0.0000e+00
    195.000     9.7704   3.802741    35.0679       5863     4.0708 0.0000e+00
    196.000     9.7202   3.799319    35.0812       5891     4.0905 0.0000e+00
    197.000     9.6421   3.792543    35.0870       5923     4.1126 0.0000e+00
    198.000     9.5994   3.788472    35.0862       5956     4.1356 0.0000e+00
    199.000     9.5030   3.779020    35.0821       5981     4.1526 0.0000e+00
    200.000     9.4694   3.775665    35.0798       6003     4.1681 0.0000e+00
    201.000     9.4417   3.773177    35.0807       6031     4.1876 0.0000e+00
    202.000     9.4229   3.771458    35.0808       6070     4.2143 0.0000e+00
    203.000     9.3722   3.766304    35.0765       6097     4.2330 0.0000e+00
    204.000     9.3286   3.761948    35.0735       6120     4.2491 0.0000e+00
    205.000     9.3217   3.761409    35.0742       6150     4.2702 0.0000e+00
    206.000     9.3079   3.760105    35.0736       6185     4.2942 0.0000e+00
    207.000     9.2846   3.757854    35.0726       6211     4.3127 0.0000e+00
