HB2502/ctd002.cnv
* Sea-Bird SBE 9 Data File:
* FileName = C:\cruise\data\ctd002.hex
* Software Version Seasave V 7.26.7.121
* Temperature SN = 6768
* Conductivity SN = 6166
* Number of Bytes Per Scan = 37
* Number of Voltage Words = 4
* Number of Scans Averaged by the Deck Unit = 1
* NMEA Latitude = 39 46.73 N
* NMEA Longitude = 073 49.43 W
* NMEA UTC (Time) = Mar 08 2025 05:17:56
* NMEA baud rate = 4800
** Ship: Bigelow HB2502
** Program:  Spring Bottom Trawl
** Chief Scientist:Jon Galbraith
# nquan = 7
# nvalues = 42                          
# units = specified
# name 0 = depSM: Depth [salt water, m]
# name 1 = t090C: Temperature [ITS-90, deg C]
# name 2 = c0S/m: Conductivity [S/m]
# name 3 = sal00: Salinity, Practical [PSU]
# name 4 = scan: Scan Count
# name 5 = timeM: Time, Elapsed [minutes]
# name 6 = flag: flag
# span 0 =      1.000,     23.000       
# span 1 =     4.0447,     4.1792       
# span 2 =   3.011897,   3.086854       
# span 3 =    31.9659,    32.9244       
# span 4 =        170,       2665       
# span 5 =     0.1172,     1.8500       
# span 6 = 0.0000e+00, 0.0000e+00       
# interval = meters: 1                  
# start_time = Mar 08 2025 05:17:56 [NMEA time, header]
# bad_flag = -9.990e-29
*END*
      4.000     4.0719   3.086854    32.9244        170     0.1172 0.0000e+00
      5.000     4.0472   3.070667    32.7576        301     0.2086 0.0000e+00
      6.000     4.0455   3.066742    32.7125        346     0.2394 0.0000e+00
      7.000     4.0454   3.066956    32.7145        378     0.2615 0.0000e+00
      8.000     4.0447   3.066350    32.7076        409     0.2837 0.0000e+00
      9.000     4.0465   3.065694    32.6975        446     0.3089 0.0000e+00
     10.000     4.0486   3.065361    32.6910        479     0.3319 0.0000e+00
     11.000     4.0472   3.065101    32.6888        508     0.3522 0.0000e+00
     12.000     4.0473   3.064861    32.6853        536     0.3719 0.0000e+00
     13.000     4.0475   3.064837    32.6843        565     0.3914 0.0000e+00
     14.000     4.0474   3.064771    32.6831        595     0.4125 0.0000e+00
     15.000     4.0479   3.064711    32.6814        625     0.4332 0.0000e+00
     16.000     4.0476   3.064548    32.6793        652     0.4523 0.0000e+00
     17.000     4.0473   3.064453    32.6779        680     0.4714 0.0000e+00
     18.000     4.0473   3.064768    32.6811        709     0.4918 0.0000e+00
     19.000     4.0501   3.065531    32.6867        739     0.5123 0.0000e+00
     20.000     4.0524   3.065250    32.6806        768     0.5325 0.0000e+00
     21.000     4.0530   3.064711    32.6731        799     0.5539 0.0000e+00
     22.000     4.0530   3.065047    32.6765        830     0.5758 0.0000e+00
     23.000     4.0540   3.066085    32.6872        848     0.5882 0.0000e+00
     22.000     4.0612   3.067741    32.7002       1545     1.0721 0.0000e+00
     21.000     4.0794   3.066257    32.6650       1776     1.2324 0.0000e+00
     20.000     4.0701   3.066165    32.6737       1797     1.2472 0.0000e+00
     19.000     4.0717   3.066014    32.6709       1827     1.2682 0.0000e+00
     18.000     4.0773   3.065942    32.6650       1858     1.2899 0.0000e+00
     17.000     4.0791   3.065813    32.6622       1884     1.3079 0.0000e+00
     16.000     4.0749   3.065650    32.6650       1907     1.3237 0.0000e+00
     15.000     4.0743   3.065488    32.6642       1929     1.3390 0.0000e+00
     14.000     4.0757   3.065317    32.6613       1953     1.3554 0.0000e+00
     13.000     4.0741   3.065408    32.6645       1978     1.3729 0.0000e+00
     12.000     4.0718   3.065893    32.6731       2005     1.3919 0.0000e+00
     11.000     4.0708   3.066156    32.6776       2033     1.4114 0.0000e+00
     10.000     4.0747   3.067925    32.6952       2059     1.4291 0.0000e+00
      9.000     4.0801   3.070729    32.7233       2084     1.4467 0.0000e+00
      8.000     4.0965   3.072842    32.7324       2113     1.4663 0.0000e+00
      7.000     4.1264   3.074459    32.7221       2140     1.4856 0.0000e+00
      6.000     4.1490   3.075123    32.7079       2164     1.5019 0.0000e+00
      5.000     4.1642   3.076104    32.7049       2191     1.5211 0.0000e+00
      4.000     4.1792   3.078057    32.7134       2221     1.5419 0.0000e+00
      3.000     4.1235   3.074439    32.7269       2413     1.6747 0.0000e+00
      2.000     4.1361   3.075861    32.7316       2626     1.8228 0.0000e+00
      1.000     4.1735   3.011897    31.9659       2665     1.8500 0.0000e+00
