HB2502/ctd086.cnv
* Sea-Bird SBE 9 Data File:
* FileName = C:\cruise\data\ctd086.hex
* Software Version Seasave V 7.26.7.121
* Temperature SN = 6768
* Conductivity SN = 6166
* Number of Bytes Per Scan = 37
* Number of Voltage Words = 4
* Number of Scans Averaged by the Deck Unit = 1
* NMEA Latitude = 40 19.99 N
* NMEA Longitude = 073 40.11 W
* NMEA UTC (Time) = Mar 21 2025 10:17:57
* NMEA baud rate = 4800
** Ship: Bigelow HB2502
** Program:  Spring Bottom Trawl
** Chief Scientist:Jon Galbraith
# nquan = 7
# nvalues = 37                          
# units = specified
# name 0 = depSM: Depth [salt water, m]
# name 1 = t090C: Temperature [ITS-90, deg C]
# name 2 = c0S/m: Conductivity [S/m]
# name 3 = sal00: Salinity, Practical [PSU]
# name 4 = scan: Scan Count
# name 5 = timeM: Time, Elapsed [minutes]
# name 6 = flag: flag
# span 0 =      1.000,     20.000       
# span 1 =     5.2512,     5.4233       
# span 2 =   3.170078,   3.225069       
# span 3 =    32.5947,    33.2261       
# span 4 =       -379,       2756       
# span 5 =    -0.2638,     1.9131       
# span 6 = 0.0000e+00, 0.0000e+00       
# interval = meters: 1                  
# start_time = Mar 21 2025 10:17:57 [NMEA time, header]
# bad_flag = -9.990e-29
*END*
      3.000     5.3764   3.225069    33.2261       -379    -0.2638 0.0000e+00
      4.000     5.3808   3.170078    32.5947        428     0.2963 0.0000e+00
      5.000     5.3776   3.177821    32.6856        333     0.2303 0.0000e+00
      6.000     5.3767   3.177592    32.6833        396     0.2740 0.0000e+00
      7.000     5.3796   3.175563    32.6569        425     0.2946 0.0000e+00
      8.000     5.3798   3.175731    32.6581        443     0.3071 0.0000e+00
      9.000     5.3765   3.175408    32.6572        463     0.3208 0.0000e+00
     10.000     5.3791   3.177346    32.6762        493     0.3416 0.0000e+00
     11.000     5.3800   3.176323    32.6632        525     0.3640 0.0000e+00
     12.000     5.3838   3.175670    32.6515        551     0.3819 0.0000e+00
     13.000     5.3855   3.176081    32.6541        584     0.4051 0.0000e+00
     14.000     5.3870   3.176890    32.6613        623     0.4316 0.0000e+00
     15.000     5.3784   3.176057    32.6597        646     0.4480 0.0000e+00
     16.000     5.3294   3.175521    32.7009        677     0.4694 0.0000e+00
     17.000     5.2999   3.175931    32.7339        716     0.4962 0.0000e+00
     18.000     5.2693   3.175181    32.7548        738     0.5118 0.0000e+00
     19.000     5.2512   3.173127    32.7486        757     0.5253 0.0000e+00
     20.000     5.2726   3.172397    32.7188        776     0.5380 0.0000e+00
     19.000     5.2644   3.171007    32.7114        803     0.5567 0.0000e+00
     18.000     5.3009   3.175325    32.7255       1181     0.8197 0.0000e+00
     17.000     5.2928   3.173070    32.7082       1701     1.1808 0.0000e+00
     16.000     5.2989   3.173768    32.7107       1670     1.1591 0.0000e+00
     15.000     5.3142   3.174113    32.7002       1683     1.1682 0.0000e+00
     14.000     5.3322   3.174296    32.6852       1700     1.1800 0.0000e+00
     13.000     5.3504   3.174120    32.6659       1741     1.2081 0.0000e+00
     12.000     5.3519   3.174232    32.6662       1788     1.2411 0.0000e+00
     11.000     5.3539   3.174841    32.6717       1806     1.2536 0.0000e+00
     10.000     5.3643   3.175854    32.6737       1827     1.2681 0.0000e+00
      9.000     5.3689   3.175716    32.6681       1873     1.2999 0.0000e+00
      8.000     5.3699   3.176600    32.6777       1909     1.3251 0.0000e+00
      7.000     5.3777   3.177469    32.6805       1930     1.3394 0.0000e+00
      6.000     5.3845   3.178343    32.6843       1975     1.3706 0.0000e+00
      5.000     5.3784   3.178571    32.6934       2045     1.4195 0.0000e+00
      4.000     5.4119   3.182661    32.7077       2125     1.4753 0.0000e+00
      3.000     5.4164   3.182595    32.7030       2389     1.6585 0.0000e+00
      2.000     5.4077   3.181788    32.7029       2668     1.8524 0.0000e+00
      1.000     5.4233   3.181006    32.6793       2756     1.9131 0.0000e+00
