HB2502/ctd094.cnv
* Sea-Bird SBE 9 Data File:
* FileName = C:\cruise\data\ctd094.hex
* Software Version Seasave V 7.26.7.121
* Temperature SN = 6768
* Conductivity SN = 6166
* Number of Bytes Per Scan = 37
* Number of Voltage Words = 4
* Number of Scans Averaged by the Deck Unit = 1
* NMEA Latitude = 40 49.55 N
* NMEA Longitude = 072 19.70 W
* NMEA UTC (Time) = Mar 22 2025 09:26:22
* NMEA baud rate = 4800
** Ship: Bigelow HB2502
** Program:  Spring Bottom Trawl
** Chief Scientist:Jon Galbraith
# nquan = 7
# nvalues = 44                          
# units = specified
# name 0 = depSM: Depth [salt water, m]
# name 1 = t090C: Temperature [ITS-90, deg C]
# name 2 = c0S/m: Conductivity [S/m]
# name 3 = sal00: Salinity, Practical [PSU]
# name 4 = scan: Scan Count
# name 5 = timeM: Time, Elapsed [minutes]
# name 6 = flag: flag
# span 0 =      1.000,     24.000       
# span 1 =     5.5776,     5.7782       
# span 2 =   2.446301,   3.162259       
# span 3 =    24.4513,    32.1174       
# span 4 =        159,       2324       
# span 5 =     0.1098,     1.6129       
# span 6 = 0.0000e+00, 0.0000e+00       
# interval = meters: 1                  
# start_time = Mar 22 2025 09:26:22 [NMEA time, header]
# bad_flag = -9.990e-29
*END*
      4.000     5.7347   3.138552    31.8985        159     0.1098 0.0000e+00
      5.000     5.7336   3.135212    31.8615        292     0.2023 0.0000e+00
      6.000     5.7393   3.134852    31.8515        320     0.2216 0.0000e+00
      7.000     5.7395   3.134750    31.8497        349     0.2419 0.0000e+00
      8.000     5.7431   3.134915    31.8477        375     0.2596 0.0000e+00
      9.000     5.7468   3.135292    31.8479        400     0.2771 0.0000e+00
     10.000     5.7462   3.135477    31.8501        428     0.2962 0.0000e+00
     11.000     5.7524   3.135781    31.8471        455     0.3152 0.0000e+00
     12.000     5.7597   3.136838    31.8516        480     0.3328 0.0000e+00
     13.000     5.7676   3.137901    31.8556        506     0.3506 0.0000e+00
     14.000     5.7638   3.139463    31.8763        534     0.3703 0.0000e+00
     15.000     5.7431   3.140850    31.9109        561     0.3892 0.0000e+00
     16.000     5.7191   3.142351    31.9501        585     0.4058 0.0000e+00
     17.000     5.7069   3.144082    31.9807        608     0.4218 0.0000e+00
     18.000     5.7289   3.145638    31.9768        635     0.4399 0.0000e+00
     19.000     5.7570   3.147013    31.9651        666     0.4619 0.0000e+00
     20.000     5.7710   3.152951    32.0181        699     0.4844 0.0000e+00
     21.000     5.7760   3.158868    32.0794        726     0.5034 0.0000e+00
     22.000     5.7782   3.161316    32.1043        749     0.5191 0.0000e+00
     23.000     5.7751   3.162259    32.1174        771     0.5344 0.0000e+00
     24.000     5.7503   3.160172    32.1171        791     0.5486 0.0000e+00
     23.000     5.5776   3.138832    32.0417       1627     1.1295 0.0000e+00
     22.000     5.6922   3.149166    32.0494       1546     1.0731 0.0000e+00
     21.000     5.7245   3.149156    32.0191       1566     1.0869 0.0000e+00
     20.000     5.7326   3.149113    32.0114       1591     1.1044 0.0000e+00
     19.000     5.7339   3.149524    32.0152       1616     1.1217 0.0000e+00
     18.000     5.7355   3.152088    32.0431       1642     1.1395 0.0000e+00
     17.000     5.7368   3.152475    32.0467       1670     1.1590 0.0000e+00
     16.000     5.7359   3.152519    32.0485       1698     1.1784 0.0000e+00
     15.000     5.7331   3.152546    32.0520       1723     1.1959 0.0000e+00
     14.000     5.7281   3.152479    32.0565       1746     1.2120 0.0000e+00
     13.000     5.7253   3.150424    32.0365       1770     1.2285 0.0000e+00
     12.000     5.7253   3.148806    32.0189       1796     1.2465 0.0000e+00
     11.000     5.7286   3.145935    31.9839       1825     1.2664 0.0000e+00
     10.000     5.7340   3.144337    31.9612       1852     1.2857 0.0000e+00
      9.000     5.7399   3.142975    31.9408       1878     1.3037 0.0000e+00
      8.000     5.7462   3.142523    31.9303       1903     1.3212 0.0000e+00
      7.000     5.7486   3.142355    31.9266       1929     1.3388 0.0000e+00
      6.000     5.7523   3.142004    31.9196       1953     1.3557 0.0000e+00
      5.000     5.7597   3.141040    31.9022       1977     1.3724 0.0000e+00
      4.000     5.7659   3.141470    31.9017       2002     1.3895 0.0000e+00
      3.000     5.7513   3.140950    31.9102       2259     1.5678 0.0000e+00
      2.000     5.7613   3.139864    31.8890       2285     1.5863 0.0000e+00
      1.000     5.7638   2.446301    24.4513       2324     1.6129 0.0000e+00
