HB2502/ctd032.cnv
* Sea-Bird SBE 9 Data File:
* FileName = C:\cruise\data\ctd032.hex
* Software Version Seasave V 7.26.7.121
* Temperature SN = 6768
* Conductivity SN = 6166
* Number of Bytes Per Scan = 37
* Number of Voltage Words = 4
* Number of Scans Averaged by the Deck Unit = 1
* NMEA Latitude = 36 24.81 N
* NMEA Longitude = 074 47.05 W
* NMEA UTC (Time) = Mar 12 2025 21:57:55
* NMEA baud rate = 4800
** Ship: Bigelow HB2502
** Program:  Spring Bottom Trawl
** Chief Scientist:Jon Galbraith
# nquan = 7
# nvalues = 249                         
# units = specified
# name 0 = depSM: Depth [salt water, m]
# name 1 = t090C: Temperature [ITS-90, deg C]
# name 2 = c0S/m: Conductivity [S/m]
# name 3 = sal00: Salinity, Practical [PSU]
# name 4 = scan: Scan Count
# name 5 = timeM: Time, Elapsed [minutes]
# name 6 = flag: flag
# span 0 =      2.000,    127.000       
# span 1 =     7.7553,    13.0682       
# span 2 =   3.415357,   4.069753       
# span 3 =    32.9014,    34.8981       
# span 4 =        204,       7497       
# span 5 =     0.1413,     5.2054       
# span 6 = 0.0000e+00, 0.0000e+00       
# interval = meters: 1                  
# start_time = Mar 12 2025 21:57:55 [NMEA time, header]
# bad_flag = -9.990e-29
*END*
[from data line 206]
     44.000     8.7008   3.532102    33.3515       6303     4.3766 0.0000e+00
     43.000     8.6351   3.524287    33.3318       6324     4.3906 0.0000e+00
     42.000     8.5256   3.511351    33.2993       6344     4.4048 0.0000e+00
     41.000     8.3653   3.494118    33.2693       6366     4.4200 0.0000e+00
     40.000     8.2328   3.478199    33.2264       6391     4.4378 0.0000e+00
     39.000     8.1511   3.468508    33.2013       6422     4.4591 0.0000e+00
     38.000     8.1358   3.466423    33.1940       6453     4.4803 0.0000e+00
     37.000     8.0963   3.460458    33.1684       6483     4.5010 0.0000e+00
     36.000     7.9932   3.449071    33.1452       6512     4.5216 0.0000e+00
     35.000     7.9740   3.446536    33.1368       6538     4.5395 0.0000e+00
     34.000     7.9713   3.445984    33.1340       6560     4.5551 0.0000e+00
     33.000     7.9544   3.444189    33.1313       6581     4.5693 0.0000e+00
     32.000     7.9465   3.443092    33.1275       6601     4.5834 0.0000e+00
     31.000     7.9281   3.440964    33.1227       6625     4.5998 0.0000e+00
     30.000     7.8769   3.434782    33.1055       6655     4.6205 0.0000e+00
     29.000     7.8801   3.434489    33.0999       6687     4.6433 0.0000e+00
     28.000     7.8526   3.430329    33.0820       6716     4.6632 0.0000e+00
     27.000     7.8116   3.423636    33.0496       6741     4.6804 0.0000e+00
     26.000     7.8177   3.423756    33.0456       6764     4.6968 0.0000e+00
     25.000     7.8096   3.422898    33.0444       6788     4.7135 0.0000e+00
     24.000     7.7987   3.420671    33.0314       6813     4.7307 0.0000e+00
     23.000     7.7835   3.418194    33.0197       6838     4.7481 0.0000e+00
     22.000     7.7771   3.416780    33.0111       6864     4.7663 0.0000e+00
     21.000     7.7752   3.416068    33.0058       6891     4.7851 0.0000e+00
     20.000     7.7755   3.415357    32.9983       6919     4.8040 0.0000e+00
     19.000     7.7827   3.415445    32.9929       6947     4.8234 0.0000e+00
     18.000     7.7909   3.416005    32.9916       6974     4.8423 0.0000e+00
     17.000     7.8137   3.417819    32.9900       6998     4.8590 0.0000e+00
     16.000     7.8163   3.418194    32.9920       7020     4.8745 0.0000e+00
     15.000     7.8221   3.418577    32.9911       7044     4.8907 0.0000e+00
     14.000     7.8301   3.419031    32.9888       7070     4.9090 0.0000e+00
     13.000     7.8475   3.420218    32.9856       7098     4.9285 0.0000e+00
     12.000     7.8568   3.420868    32.9842       7125     4.9472 0.0000e+00
     11.000     7.8581   3.420518    32.9797       7152     4.9657 0.0000e+00
     10.000     7.8600   3.420427    32.9774       7181     4.9865 0.0000e+00
      9.000     7.8523   3.418941    32.9692       7214     5.0090 0.0000e+00
      8.000     7.8473   3.418344    32.9680       7242     5.0283 0.0000e+00
      7.000     7.8373   3.416447    32.9577       7269     5.0471 0.0000e+00
      6.000     7.8344   3.415681    32.9527       7300     5.0687 0.0000e+00
      5.000     7.8630   3.416702    32.9370       7334     5.0921 0.0000e+00
      4.000     7.8987   3.417794    32.9156       7375     5.1206 0.0000e+00
      3.000     7.9281   3.419016    32.9014       7413     5.1471 0.0000e+00
      2.000     7.8817   3.416526    32.9190       7497     5.2054 0.0000e+00
