HB2502/ctd008.cnv
* Sea-Bird SBE 9 Data File:
* FileName = C:\cruise\data\ctd008.hex
* Software Version Seasave V 7.26.7.121
* Temperature SN = 6768
* Conductivity SN = 6166
* Number of Bytes Per Scan = 37
* Number of Voltage Words = 4
* Number of Scans Averaged by the Deck Unit = 1
* NMEA Latitude = 38 56.48 N
* NMEA Longitude = 074 12.68 W
* NMEA UTC (Time) = Mar 08 2025 22:34:43
* NMEA baud rate = 4800
** Ship: Bigelow HB2502
** Program:  Spring Bottom Trawl
** Chief Scientist:Jon Galbraith
# nquan = 7
# nvalues = 61                          
# units = specified
# name 0 = depSM: Depth [salt water, m]
# name 1 = t090C: Temperature [ITS-90, deg C]
# name 2 = c0S/m: Conductivity [S/m]
# name 3 = sal00: Salinity, Practical [PSU]
# name 4 = scan: Scan Count
# name 5 = timeM: Time, Elapsed [minutes]
# name 6 = flag: flag
# span 0 =      1.000,     32.000       
# span 1 =     6.5840,     7.0755       
# span 2 =   3.332262,   3.384523       
# span 3 =    33.0582,    33.6167       
# span 4 =        143,       2411       
# span 5 =     0.0985,     1.6737       
# span 6 = 0.0000e+00, 0.0000e+00       
# interval = meters: 1                  
# start_time = Mar 08 2025 22:34:43 [NMEA time, header]
# bad_flag = -9.990e-29
*END*
      3.000     6.6190   3.368938    33.6167        143     0.0985 0.0000e+00
      4.000     6.5907   3.344247    33.3706        300     0.2079 0.0000e+00
      5.000     6.5879   3.335468    33.2756        314     0.2172 0.0000e+00
      6.000     6.5951   3.333458    33.2458        339     0.2346 0.0000e+00
      7.000     6.5994   3.335075    33.2591        368     0.2552 0.0000e+00
      8.000     6.5875   3.334785    33.2669        396     0.2742 0.0000e+00
      9.000     6.5840   3.333129    33.2515        422     0.2920 0.0000e+00
     10.000     6.5866   3.332484    33.2414        448     0.3104 0.0000e+00
     11.000     6.5873   3.332882    33.2446        474     0.3284 0.0000e+00
     12.000     6.5851   3.332598    33.2431        498     0.3452 0.0000e+00
     13.000     6.5899   3.332267    33.2342        524     0.3629 0.0000e+00
     14.000     6.5920   3.332262    33.2317        553     0.3831 0.0000e+00
     15.000     6.5909   3.332270    33.2323        582     0.4033 0.0000e+00
     16.000     6.5984   3.332350    33.2254        608     0.4212 0.0000e+00
     17.000     6.5974   3.332786    33.2308        633     0.4388 0.0000e+00
     18.000     6.5980   3.333077    33.2329        658     0.4564 0.0000e+00
     19.000     6.5982   3.333412    33.2359        684     0.4740 0.0000e+00
     20.000     6.5978   3.335114    33.2546        711     0.4928 0.0000e+00
     21.000     6.5962   3.333324    33.2359        741     0.5138 0.0000e+00
     22.000     6.5952   3.332916    33.2318        769     0.5336 0.0000e+00
     23.000     6.5965   3.332990    33.2309        795     0.5511 0.0000e+00
     24.000     6.6854   3.332846    33.1426        819     0.5680 0.0000e+00
     25.000     6.8025   3.335497    33.0582        845     0.5860 0.0000e+00
     26.000     6.9145   3.347081    33.0770        873     0.6057 0.0000e+00
     27.000     7.0156   3.360369    33.1247        902     0.6260 0.0000e+00
     28.000     7.0526   3.371370    33.2089        930     0.6449 0.0000e+00
     29.000     7.0656   3.378133    33.2698        955     0.6622 0.0000e+00
     30.000     7.0721   3.381400    33.2987        979     0.6794 0.0000e+00
     31.000     7.0751   3.384523    33.3295       1005     0.6971 0.0000e+00
     32.000     7.0755   3.382494    33.3065       1029     0.7141 0.0000e+00
     31.000     7.0301   3.359781    33.1025       1444     1.0020 0.0000e+00
     30.000     6.9267   3.367228    33.2843       1475     1.0235 0.0000e+00
     29.000     6.8835   3.365189    33.3042       1495     1.0376 0.0000e+00
     28.000     6.8685   3.364841    33.3155       1518     1.0532 0.0000e+00
     27.000     6.9081   3.365634    33.2862       1542     1.0700 0.0000e+00
     26.000     6.8825   3.365981    33.3153       1569     1.0890 0.0000e+00
     25.000     6.8692   3.366748    33.3372       1598     1.1093 0.0000e+00
     24.000     6.8568   3.367426    33.3572       1626     1.1287 0.0000e+00
     23.000     6.8566   3.367081    33.3541       1652     1.1465 0.0000e+00
     22.000     6.8610   3.365786    33.3360       1676     1.1634 0.0000e+00
     21.000     6.8648   3.363753    33.3105       1700     1.1795 0.0000e+00
     20.000     6.8637   3.362333    33.2964       1724     1.1963 0.0000e+00
     19.000     6.8654   3.362542    33.2975       1751     1.2153 0.0000e+00
     18.000     6.8604   3.362311    33.3004       1780     1.2353 0.0000e+00
     17.000     6.8446   3.362209    33.3151       1807     1.2541 0.0000e+00
     16.000     6.8349   3.362255    33.3255       1833     1.2721 0.0000e+00
     15.000     6.8565   3.362277    33.3052       1858     1.2893 0.0000e+00
     14.000     6.8548   3.361818    33.3023       1881     1.3059 0.0000e+00
     13.000     6.8583   3.361398    33.2948       1907     1.3236 0.0000e+00
     12.000     6.8594   3.361011    33.2901       1936     1.3441 0.0000e+00
     11.000     6.8621   3.360056    33.2774       1966     1.3642 0.0000e+00
     10.000     6.8647   3.358902    33.2626       1989     1.3804 0.0000e+00
      9.000     6.8639   3.358859    33.2635       2009     1.3947 0.0000e+00
      8.000     6.8602   3.358585    33.2645       2034     1.4119 0.0000e+00
      7.000     6.8727   3.358520    33.2521       2068     1.4354 0.0000e+00
      6.000     6.8731   3.360677    33.2759       2095     1.4542 0.0000e+00
      5.000     6.8836   3.361416    33.2744       2118     1.4703 0.0000e+00
      4.000     6.9003   3.361614    33.2609       2143     1.4878 0.0000e+00
      3.000     6.7993   3.362961    33.3745       2255     1.5653 0.0000e+00
      2.000     6.8111   3.363168    33.3656       2387     1.6567 0.0000e+00
      1.000     6.9429   3.364985    33.2581       2411     1.6737 0.0000e+00
