HB2502/ctd083.cnv
* Sea-Bird SBE 9 Data File:
* FileName = C:\cruise\data\ctd083.hex
* Software Version Seasave V 7.26.7.121
* Temperature SN = 6768
* Conductivity SN = 6166
* Number of Bytes Per Scan = 37
* Number of Voltage Words = 4
* Number of Scans Averaged by the Deck Unit = 1
* NMEA Latitude = 39 50.87 N
* NMEA Longitude = 073 28.46 W
* NMEA UTC (Time) = Mar 21 2025 00:27:20
* NMEA baud rate = 4800
** Ship: Bigelow HB2502
** Program:  Spring Bottom Trawl
** Chief Scientist:Jon Galbraith
# nquan = 7
# nvalues = 66                          
# units = specified
# name 0 = depSM: Depth [salt water, m]
# name 1 = t090C: Temperature [ITS-90, deg C]
# name 2 = c0S/m: Conductivity [S/m]
# name 3 = sal00: Salinity, Practical [PSU]
# name 4 = scan: Scan Count
# name 5 = timeM: Time, Elapsed [minutes]
# name 6 = flag: flag
# span 0 =      1.000,     35.000       
# span 1 =     5.8972,     6.3580       
# span 2 =   3.291321,   3.328231       
# span 3 =    33.2842,    33.5630       
# span 4 =        272,       3032       
# span 5 =     0.1884,     2.1046       
# span 6 = 0.0000e+00, 0.0000e+00       
# interval = meters: 1                  
# start_time = Mar 21 2025 00:27:20 [NMEA time, header]
# bad_flag = -9.990e-29
*END*
      4.000     6.2134   3.328231    33.5630        272     0.1884 0.0000e+00
      5.000     6.2093   3.313960    33.4069        433     0.3003 0.0000e+00
      6.000     6.2058   3.311907    33.3869        459     0.3179 0.0000e+00
      7.000     6.2014   3.313147    33.4046        492     0.3408 0.0000e+00
      8.000     6.1988   3.312628    33.4009        526     0.3649 0.0000e+00
      9.000     6.1625   3.310255    33.4096        548     0.3796 0.0000e+00
     10.000     6.1565   3.307691    33.3862        568     0.3935 0.0000e+00
     11.000     6.1651   3.306991    33.3694        591     0.4100 0.0000e+00
     12.000     6.1779   3.307730    33.3646        619     0.4293 0.0000e+00
     13.000     6.1856   3.308606    33.3663        646     0.4477 0.0000e+00
     14.000     6.1807   3.308746    33.3722        673     0.4663 0.0000e+00
     15.000     6.1810   3.309148    33.3759        707     0.4901 0.0000e+00
     16.000     6.1732   3.309377    33.3857        745     0.5167 0.0000e+00
     17.000     6.1591   3.307507    33.3781        771     0.5346 0.0000e+00
     18.000     6.1418   3.305539    33.3726        791     0.5484 0.0000e+00
     19.000     6.1335   3.304664    33.3705        810     0.5616 0.0000e+00
     20.000     6.1262   3.304748    33.3781        831     0.5765 0.0000e+00
     21.000     6.1262   3.306147    33.3932        857     0.5941 0.0000e+00
     22.000     6.1260   3.309206    33.4272        890     0.6172 0.0000e+00
     23.000     6.1415   3.306694    33.3833        927     0.6432 0.0000e+00
     24.000     6.1589   3.305165    33.3486        957     0.6641 0.0000e+00
     25.000     6.1633   3.305655    33.3492        980     0.6798 0.0000e+00
     26.000     6.1595   3.305957    33.3558       1001     0.6944 0.0000e+00
     27.000     6.1277   3.305865    33.3856       1026     0.7119 0.0000e+00
     28.000     6.0193   3.305766    33.4909       1060     0.7353 0.0000e+00
     29.000     5.9777   3.300912    33.4770       1092     0.7573 0.0000e+00
     30.000     5.9753   3.295581    33.4189       1114     0.7730 0.0000e+00
     31.000     5.9599   3.294013    33.4160       1135     0.7875 0.0000e+00
     32.000     5.9125   3.293934    33.4614       1160     0.8045 0.0000e+00
     33.000     5.8972   3.293328    33.4693       1195     0.8289 0.0000e+00
     34.000     5.8973   3.291321    33.4461       1228     0.8524 0.0000e+00
     35.000     5.9049   3.300139    33.5374       1528     1.0606 0.0000e+00
     34.000     5.9099   3.300379    33.5357       1785     1.2386 0.0000e+00
     33.000     5.9747   3.298285    33.4484       1812     1.2574 0.0000e+00
     32.000     6.0172   3.297725    33.4007       1835     1.2733 0.0000e+00
     31.000     5.9968   3.297670    33.4207       1858     1.2897 0.0000e+00
     30.000     6.0497   3.297651    33.3688       1883     1.3070 0.0000e+00
     29.000     6.0526   3.297310    33.3626       1908     1.3240 0.0000e+00
     28.000     5.9876   3.297021    33.4240       1938     1.3450 0.0000e+00
     27.000     6.0503   3.296579    33.3577       1976     1.3712 0.0000e+00
     26.000     6.0662   3.295781    33.3336       2000     1.3881 0.0000e+00
     25.000     6.0680   3.296114    33.3360       2018     1.4004 0.0000e+00
     24.000     6.0665   3.299146    33.3720       2034     1.4119 0.0000e+00
     23.000     6.0711   3.300903    33.3877       2054     1.4260 0.0000e+00
     22.000     6.1135   3.299642    33.3324       2094     1.4536 0.0000e+00
     21.000     6.1441   3.299155    33.2974       2134     1.4810 0.0000e+00
     20.000     6.0838   3.299931    33.3658       2154     1.4950 0.0000e+00
     19.000     6.0973   3.299964    33.3534       2172     1.5074 0.0000e+00
     18.000     6.1265   3.300416    33.3303       2192     1.5213 0.0000e+00
     17.000     6.1157   3.301649    33.3552       2223     1.5429 0.0000e+00
     16.000     6.1751   3.300474    33.2842       2258     1.5672 0.0000e+00
     15.000     6.1477   3.303046    33.3404       2284     1.5854 0.0000e+00
     14.000     6.1062   3.305483    33.4090       2307     1.6015 0.0000e+00
     13.000     6.1111   3.306204    33.4128       2331     1.6178 0.0000e+00
     12.000     6.1435   3.307287    33.3935       2356     1.6354 0.0000e+00
     11.000     6.1710   3.308915    33.3852       2382     1.6536 0.0000e+00
     10.000     6.1885   3.310911    33.3908       2409     1.6724 0.0000e+00
      9.000     6.2098   3.312836    33.3919       2436     1.6911 0.0000e+00
      8.000     6.2296   3.314142    33.3875       2465     1.7111 0.0000e+00
      7.000     6.2608   3.316010    33.3782       2492     1.7296 0.0000e+00
      6.000     6.2926   3.317774    33.3671       2515     1.7462 0.0000e+00
      5.000     6.3063   3.318910    33.3669       2546     1.7672 0.0000e+00
      4.000     6.3393   3.320124    33.3486       2576     1.7881 0.0000e+00
      3.000     6.3580   3.324450    33.3789       2597     1.8029 0.0000e+00
      2.000     6.2499   3.320143    33.4376       2862     1.9866 0.0000e+00
      1.000     6.3294   3.321303    33.3729       3032     2.1046 0.0000e+00
