HB2502/ctd054.cnv
* Sea-Bird SBE 9 Data File:
* FileName = C:\cruise\data\ctd054.hex
* Software Version Seasave V 7.26.7.121
* Temperature SN = 6768
* Conductivity SN = 6166
* Number of Bytes Per Scan = 37
* Number of Voltage Words = 4
* Number of Scans Averaged by the Deck Unit = 1
* NMEA Latitude = 34 47.90 N
* NMEA Longitude = 075 30.43 W
* NMEA UTC (Time) = Mar 14 2025 23:16:36
* NMEA baud rate = 4800
** Ship: Bigelow HB2502
** Program:  Spring Bottom Trawl
** Chief Scientist:Jon Galbraith
# nquan = 7
# nvalues = 280                         
# units = specified
# name 0 = depSM: Depth [salt water, m]
# name 1 = t090C: Temperature [ITS-90, deg C]
# name 2 = c0S/m: Conductivity [S/m]
# name 3 = sal00: Salinity, Practical [PSU]
# name 4 = scan: Scan Count
# name 5 = timeM: Time, Elapsed [minutes]
# name 6 = flag: flag
# span 0 =      3.000,    143.000       
# span 1 =    19.0413,    24.2808       
# span 2 =   4.872938,   5.429739       
# span 3 =    35.4583,    36.9331       
# span 4 =        200,       8984       
# span 5 =     0.1380,     6.2385       
# span 6 = 0.0000e+00, 0.0000e+00       
# interval = meters: 1                  
# start_time = Mar 14 2025 23:16:36 [NMEA time, header]
# bad_flag = -9.990e-29
*END*
      4.000    23.9486   5.258133    35.4583        200     0.1380 0.0000e+00
      5.000    24.2357   5.371144    36.0833        317     0.2195 0.0000e+00
      6.000    24.2613   5.393950    36.2348        340     0.2355 0.0000e+00
      7.000    24.2683   5.404853    36.3113        362     0.2506 0.0000e+00
      8.000    24.2719   5.405336    36.3117        387     0.2678 0.0000e+00
      9.000    24.2652   5.387781    36.1839        425     0.2946 0.0000e+00
     10.000    24.2660   5.403991    36.3056        471     0.3265 0.0000e+00
     11.000    24.2719   5.411913    36.3604        498     0.3452 0.0000e+00
     12.000    24.2770   5.415921    36.3863        520     0.3604 0.0000e+00
     13.000    24.2773   5.417449    36.3973        541     0.3747 0.0000e+00
     14.000    24.2779   5.417317    36.3955        562     0.3897 0.0000e+00
     15.000    24.2802   5.416443    36.3867        586     0.4066 0.0000e+00
     16.000    24.2799   5.415310    36.3780        616     0.4269 0.0000e+00
     17.000    24.2775   5.415505    36.3811        650     0.4510 0.0000e+00
     18.000    24.2782   5.417850    36.3979        680     0.4716 0.0000e+00
     19.000    24.2797   5.420013    36.4127        704     0.4885 0.0000e+00
     20.000    24.2808   5.420666    36.4165        728     0.5046 0.0000e+00
     21.000    24.2790   5.419925    36.4120        754     0.5227 0.0000e+00
     22.000    24.2685   5.419608    36.4178        782     0.5424 0.0000e+00
     23.000    24.2473   5.419549    36.4343        809     0.5612 0.0000e+00
     24.000    24.2417   5.420307    36.4442        835     0.5791 0.0000e+00
     25.000    24.1732   5.419005    36.4901        863     0.5983 0.0000e+00
     26.000    24.0460   5.418411    36.5896        891     0.6180 0.0000e+00
     27.000    23.8794   5.410210    36.6640        916     0.6352 0.0000e+00
     28.000    23.7509   5.395487    36.6572        937     0.6502 0.0000e+00
     29.000    23.5877   5.385863    36.7184        960     0.6661 0.0000e+00
     30.000    23.3655   5.380216    36.8597        990     0.6866 0.0000e+00
     31.000    23.1645   5.367980    36.9331       1027     0.7126 0.0000e+00
     32.000    23.0317   5.344368    36.8610       1058     0.7337 0.0000e+00
     33.000    22.9104   5.325929    36.8192       1079     0.7485 0.0000e+00
     34.000    22.7935   5.312597    36.8132       1098     0.7616 0.0000e+00
     35.000    22.6780   5.302233    36.8292       1117     0.7750 0.0000e+00
     36.000    22.5635   5.298104    36.8933       1141     0.7918 0.0000e+00
     37.000    22.4962   5.293055    36.9103       1176     0.8161 0.0000e+00
     38.000    22.4424   5.280889    36.8600       1208     0.8385 0.0000e+00
     39.000    22.3881   5.272294    36.8379       1232     0.8550 0.0000e+00
     40.000    22.3484   5.265375    36.8168       1255     0.8708 0.0000e+00
     41.000    22.3155   5.261615    36.8147       1280     0.8885 0.0000e+00
     42.000    22.2938   5.257734    36.8021       1309     0.9082 0.0000e+00
     43.000    22.2665   5.253334    36.7902       1338     0.9282 0.0000e+00
     44.000    22.2085   5.246417    36.7845       1365     0.9471 0.0000e+00
     45.000    22.1289   5.233748    36.7515       1389     0.9641 0.0000e+00
     46.000    22.0291   5.217416    36.7066       1412     0.9796 0.0000e+00
     47.000    21.9673   5.204693    36.6578       1434     0.9952 0.0000e+00
     48.000    21.8996   5.193560    36.6265       1459     1.0126 0.0000e+00
     49.000    21.7830   5.177706    36.5991       1490     1.0341 0.0000e+00
     50.000    21.6990   5.160512    36.5331       1527     1.0599 0.0000e+00
     51.000    21.6711   5.153932    36.5040       1558     1.0815 0.0000e+00
     52.000    21.6413   5.149375    36.4925       1581     1.0974 0.0000e+00
     53.000    21.5713   5.142159    36.4941       1601     1.1109 0.0000e+00
     54.000    21.5165   5.134581    36.4797       1619     1.1239 0.0000e+00
     55.000    21.4845   5.131325    36.4804       1640     1.1385 0.0000e+00
     56.000    21.4558   5.127321    36.4724       1669     1.1586 0.0000e+00
     57.000    21.3976   5.120415    36.4662       1710     1.1869 0.0000e+00
     58.000    21.3660   5.117155    36.4667       1742     1.2092 0.0000e+00
     59.000    21.2898   5.109029    36.4659       1766     1.2260 0.0000e+00
     60.000    21.2598   5.105151    36.4599       1789     1.2417 0.0000e+00
     61.000    21.2512   5.103996    36.4576       1813     1.2581 0.0000e+00
     62.000    21.1920   5.098006    36.4596       1838     1.2756 0.0000e+00
     63.000    21.1372   5.091705    36.4552       1865     1.2942 0.0000e+00
     64.000    21.1073   5.088227    36.4524       1891     1.3127 0.0000e+00
     65.000    21.0853   5.085576    36.4494       1917     1.3307 0.0000e+00
     66.000    21.0768   5.084480    36.4475       1946     1.3509 0.0000e+00
     67.000    20.9917   5.075282    36.4456       1981     1.3751 0.0000e+00
     68.000    20.9576   5.071085    36.4405       2013     1.3971 0.0000e+00
     69.000    20.8758   5.062459    36.4403       2038     1.4149 0.0000e+00
     70.000    20.7919   5.052932    36.4347       2062     1.4313 0.0000e+00
     71.000    20.7449   5.047684    36.4320       2086     1.4481 0.0000e+00
     72.000    20.7054   5.043086    36.4282       2113     1.4666 0.0000e+00
     73.000    20.6703   5.039115    36.4256       2141     1.4860 0.0000e+00
     74.000    20.6170   5.033465    36.4251       2168     1.5052 0.0000e+00
     75.000    20.5388   5.024750    36.4210       2199     1.5263 0.0000e+00
     76.000    20.4819   5.018342    36.4172       2235     1.5514 0.0000e+00
     77.000    20.4509   5.014848    36.4150       2269     1.5747 0.0000e+00
     78.000    20.4187   5.011385    36.4141       2294     1.5921 0.0000e+00
     79.000    20.3981   5.009093    36.4127       2315     1.6070 0.0000e+00
     80.000    20.3736   5.006425    36.4117       2336     1.6212 0.0000e+00
     81.000    20.3375   5.002587    36.4110       2361     1.6388 0.0000e+00
     82.000    20.2881   4.997211    36.4092       2399     1.6656 0.0000e+00
     83.000    20.2685   4.994987    36.4075       2441     1.6942 0.0000e+00
     84.000    20.2268   4.990588    36.4071       2474     1.7172 0.0000e+00
     85.000    20.1919   4.986969    36.4071       2502     1.7366 0.0000e+00
     86.000    20.1502   4.982704    36.4078       2525     1.7525 0.0000e+00
     87.000    20.1296   4.980525    36.4074       2545     1.7670 0.0000e+00
     88.000    20.1166   4.979095    36.4064       2569     1.7833 0.0000e+00
     89.000    20.1135   4.978730    36.4058       2600     1.8047 0.0000e+00
     90.000    20.1123   4.978607    36.4055       2639     1.8318 0.0000e+00
     91.000    20.1091   4.978301    36.4053       2677     1.8585 0.0000e+00
     92.000    20.0989   4.977367    36.4061       2708     1.8798 0.0000e+00
     93.000    20.0772   4.975361    36.4080       2732     1.8965 0.0000e+00
     94.000    20.0435   4.972301    36.4116       2754     1.9115 0.0000e+00
     95.000    20.0196   4.970021    36.4131       2777     1.9274 0.0000e+00
     96.000    19.9904   4.966862    36.4120       2808     1.9492 0.0000e+00
     97.000    19.9634   4.963749    36.4094       2852     1.9799 0.0000e+00
     98.000    19.9357   4.960551    36.4066       2889     2.0054 0.0000e+00
     99.000    19.9344   4.960413    36.4062       2913     2.0223 0.0000e+00
    100.000    19.9278   4.959660    36.4053       2934     2.0369 0.0000e+00
    101.000    19.9096   4.957527    36.4032       2955     2.0512 0.0000e+00
    102.000    19.9154   4.958189    36.4033       2982     2.0698 0.0000e+00
    103.000    19.9069   4.957181    36.4020       3024     2.0990 0.0000e+00
    104.000    19.9077   4.957316    36.4020       3061     2.1250 0.0000e+00
    105.000    19.9064   4.957176    36.4016       3091     2.1456 0.0000e+00
    106.000    19.9059   4.957114    36.4011       3122     2.1670 0.0000e+00
    107.000    19.9028   4.956701    36.4001       3150     2.1869 0.0000e+00
    108.000    19.9041   4.956884    36.4001       3174     2.2034 0.0000e+00
    109.000    19.9067   4.957218    36.4002       3197     2.2196 0.0000e+00
    110.000    19.9069   4.957270    36.4001       3227     2.2402 0.0000e+00
    111.000    19.9082   4.957455    36.4001       3265     2.2666 0.0000e+00
    112.000    19.9036   4.956897    36.3991       3296     2.2885 0.0000e+00
    113.000    19.8939   4.955571    36.3962       3325     2.3082 0.0000e+00
    114.000    19.8984   4.956158    36.3968       3361     2.3333 0.0000e+00
    115.000    19.8965   4.955950    36.3963       3396     2.3574 0.0000e+00
    116.000    19.8929   4.955531    36.3956       3419     2.3734 0.0000e+00
    117.000    19.8902   4.955205    36.3949       3439     2.3873 0.0000e+00
    118.000    19.8868   4.954831    36.3944       3462     2.4031 0.0000e+00
    119.000    19.8862   4.954806    36.3943       3502     2.4311 0.0000e+00
    120.000    19.8827   4.954498    36.3944       3558     2.4702 0.0000e+00
    121.000    19.8733   4.953628    36.3950       3581     2.4862 0.0000e+00
    122.000    19.8650   4.952761    36.3947       3600     2.4992 0.0000e+00
    123.000    19.8612   4.952375    36.3944       3620     2.5129 0.0000e+00
    124.000    19.8608   4.952361    36.3943       3650     2.5342 0.0000e+00
    125.000    19.8572   4.952020    36.3943       3698     2.5676 0.0000e+00
    126.000    19.8556   4.951886    36.3941       3731     2.5900 0.0000e+00
    127.000    19.8536   4.951830    36.3950       3755     2.6073 0.0000e+00
    128.000    19.8624   4.954059    36.4055       3781     2.6252 0.0000e+00
    129.000    19.8692   4.955424    36.4104       3808     2.6439 0.0000e+00
    130.000    19.8690   4.955352    36.4096       3839     2.6650 0.0000e+00
    131.000    19.8723   4.956043    36.4121       3874     2.6894 0.0000e+00
    132.000    19.8770   4.956887    36.4147       3913     2.7164 0.0000e+00
    133.000    19.8791   4.957262    36.4156       3948     2.7411 0.0000e+00
    134.000    19.8797   4.957361    36.4155       3975     2.7600 0.0000e+00
    135.000    19.8823   4.957872    36.4171       3999     2.7762 0.0000e+00
    136.000    19.8769   4.958156    36.4238       4022     2.7923 0.0000e+00
    137.000    19.8280   4.953707    36.4291       4049     2.8113 0.0000e+00
    138.000    19.6745   4.939276    36.4427       4089     2.8389 0.0000e+00
    139.000    19.5501   4.926829    36.4474       4140     2.8746 0.0000e+00
    140.000    19.4698   4.918697    36.4494       4169     2.8945 0.0000e+00
    141.000    19.3470   4.906081    36.4512       4193     2.9108 0.0000e+00
    142.000    19.1567   4.885990    36.4495       4222     2.9315 0.0000e+00
    143.000    19.0413   4.872938    36.4409       4280     2.9715 0.0000e+00
    142.000    19.1232   4.881508    36.4413       4417     3.0666 0.0000e+00
    141.000    19.2233   4.891903    36.4410       4645     3.2249 0.0000e+00
    140.000    19.4433   4.915099    36.4426       4873     3.3831 0.0000e+00
    139.000    19.4497   4.915969    36.4446       4922     3.4175 0.0000e+00
    138.000    19.4889   4.919852    36.4431       4955     3.4400 0.0000e+00
    137.000    19.5607   4.927053    36.4407       4977     3.4554 0.0000e+00
    136.000    19.6694   4.937325    36.4317       5001     3.4719 0.0000e+00
    135.000    19.7988   4.949438    36.4198       5025     3.4891 0.0000e+00
    134.000    19.8672   4.955537    36.4113       5051     3.5070 0.0000e+00
    133.000    19.8778   4.956522    36.4106       5079     3.5264 0.0000e+00
    132.000    19.8809   4.956854    36.4110       5107     3.5456 0.0000e+00
    131.000    19.8813   4.956890    36.4113       5132     3.5634 0.0000e+00
    130.000    19.8814   4.956906    36.4117       5157     3.5802 0.0000e+00
    129.000    19.8784   4.956348    36.4101       5180     3.5962 0.0000e+00
    128.000    19.8724   4.955213    36.4063       5206     3.6145 0.0000e+00
    127.000    19.8698   4.954636    36.4041       5238     3.6367 0.0000e+00
    126.000    19.8688   4.954148    36.4014       5269     3.6584 0.0000e+00
    125.000    19.8679   4.953352    36.3960       5292     3.6741 0.0000e+00
    124.000    19.8681   4.952982    36.3931       5312     3.6885 0.0000e+00
    123.000    19.8695   4.952986    36.3923       5336     3.7045 0.0000e+00
    122.000    19.8698   4.952995    36.3925       5370     3.7284 0.0000e+00
    121.000    19.8708   4.953053    36.3924       5410     3.7559 0.0000e+00
    120.000    19.8735   4.953293    36.3924       5435     3.7735 0.0000e+00
    119.000    19.8736   4.953259    36.3925       5456     3.7879 0.0000e+00
    118.000    19.8737   4.953248    36.3927       5477     3.8029 0.0000e+00
    117.000    19.8760   4.953426    36.3926       5506     3.8227 0.0000e+00
    116.000    19.8790   4.953696    36.3926       5549     3.8530 0.0000e+00
    115.000    19.8807   4.953825    36.3925       5582     3.8759 0.0000e+00
    114.000    19.8835   4.954095    36.3927       5604     3.8912 0.0000e+00
    113.000    19.8859   4.954344    36.3930       5625     3.9054 0.0000e+00
    112.000    19.8911   4.954911    36.3936       5651     3.9233 0.0000e+00
    111.000    19.9048   4.956428    36.3946       5701     3.9582 0.0000e+00
    110.000    19.9061   4.956592    36.3952       5741     3.9858 0.0000e+00
    109.000    19.9067   4.956626    36.3953       5762     4.0005 0.0000e+00
    108.000    19.9062   4.956535    36.3954       5781     4.0137 0.0000e+00
    107.000    19.9064   4.956550    36.3957       5805     4.0308 0.0000e+00
    106.000    19.9076   4.956667    36.3960       5852     4.0633 0.0000e+00
    105.000    19.9087   4.956763    36.3962       5892     4.0908 0.0000e+00
    104.000    19.9100   4.956860    36.3962       5913     4.1054 0.0000e+00
    103.000    19.9107   4.956918    36.3965       5933     4.1198 0.0000e+00
    102.000    19.9131   4.957234    36.3974       5959     4.1378 0.0000e+00
    101.000    19.9197   4.958031    36.3986       6003     4.1683 0.0000e+00
    100.000    19.9240   4.958608    36.4000       6041     4.1947 0.0000e+00
     99.000    19.9242   4.958525    36.3996       6064     4.2106 0.0000e+00
     98.000    19.9515   4.961646    36.4020       6083     4.2238 0.0000e+00
     97.000    19.9734   4.964175    36.4043       6107     4.2405 0.0000e+00
     96.000    19.9853   4.965523    36.4054       6150     4.2699 0.0000e+00
     95.000    20.0046   4.967582    36.4060       6187     4.2960 0.0000e+00
     94.000    20.0464   4.971833    36.4052       6211     4.3125 0.0000e+00
     93.000    20.0753   4.974738    36.4045       6236     4.3297 0.0000e+00
     92.000    20.1014   4.977131    36.4020       6267     4.3511 0.0000e+00
     91.000    20.1226   4.979108    36.4003       6299     4.3736 0.0000e+00
     90.000    20.1333   4.980158    36.4000       6324     4.3911 0.0000e+00
     89.000    20.1365   4.980455    36.4001       6350     4.4088 0.0000e+00
     88.000    20.1416   4.980980    36.4003       6383     4.4323 0.0000e+00
     87.000    20.1507   4.981864    36.4001       6422     4.4591 0.0000e+00
     86.000    20.1639   4.983171    36.3998       6448     4.4771 0.0000e+00
     85.000    20.1869   4.985361    36.3983       6469     4.4914 0.0000e+00
     84.000    20.1960   4.986295    36.3985       6489     4.5058 0.0000e+00
     83.000    20.2213   4.988882    36.3982       6517     4.5250 0.0000e+00
     82.000    20.2507   4.991860    36.3977       6551     4.5486 0.0000e+00
     81.000    20.3000   4.997077    36.3982       6584     4.5713 0.0000e+00
     80.000    20.3520   5.002602    36.3990       6613     4.5915 0.0000e+00
     79.000    20.3919   5.006896    36.4001       6643     4.6122 0.0000e+00
     78.000    20.4152   5.009407    36.4009       6673     4.6335 0.0000e+00
