HB2502/ctd012.cnv
* Sea-Bird SBE 9 Data File:
* FileName = C:\cruise\data\ctd012.hex
* Software Version Seasave V 7.26.7.121
* Temperature SN = 6768
* Conductivity SN = 6166
* Number of Bytes Per Scan = 37
* Number of Voltage Words = 4
* Number of Scans Averaged by the Deck Unit = 1
* NMEA Latitude = 38 19.10 N
* NMEA Longitude = 073 37.59 W
* NMEA UTC (Time) = Mar 10 2025 00:12:40
* NMEA baud rate = 4800
** Ship: Bigelow HB2502
** Program:  Spring Bottom Trawl
** Chief Scientist:Jon Galbraith
# nquan = 7
# nvalues = 271                         
# units = specified
# name 0 = depSM: Depth [salt water, m]
# name 1 = t090C: Temperature [ITS-90, deg C]
# name 2 = c0S/m: Conductivity [S/m]
# name 3 = sal00: Salinity, Practical [PSU]
# name 4 = scan: Scan Count
# name 5 = timeM: Time, Elapsed [minutes]
# name 6 = flag: flag
# span 0 =      1.000,    137.000       
# span 1 =     6.8820,    10.3081       
# span 2 =   3.079696,   3.809845       
# span 3 =    30.3079,    34.8683       
# span 4 =       -203,       8391       
# span 5 =    -0.1417,     5.8264       
# span 6 = 0.0000e+00, 0.0000e+00       
# interval = meters: 1                  
# start_time = Mar 10 2025 00:12:40 [NMEA time, header]
# bad_flag = -9.990e-29
*END*
[from data line 206]
     65.000     7.7813   3.452234    33.3671       6193     4.3003 0.0000e+00
     64.000     7.7034   3.442465    33.3372       6213     4.3141 0.0000e+00
     63.000     7.6554   3.436349    33.3178       6237     4.3302 0.0000e+00
     62.000     7.6390   3.433980    33.3085       6282     4.3616 0.0000e+00
     61.000     7.5418   3.422706    33.2804       6311     4.3819 0.0000e+00
     60.000     7.3489   3.399627    33.2162       6330     4.3950 0.0000e+00
     59.000     7.3056   3.394176    33.1990       6343     4.4043 0.0000e+00
     58.000     7.2805   3.390867    33.1876       6369     4.4224 0.0000e+00
     57.000     7.2444   3.386143    33.1714       6421     4.4580 0.0000e+00
     56.000     7.2228   3.383566    33.1646       6449     4.4775 0.0000e+00
     55.000     7.1697   3.377112    33.1458       6467     4.4904 0.0000e+00
     54.000     7.1234   3.371350    33.1279       6486     4.5037 0.0000e+00
     53.000     7.0993   3.368262    33.1179       6516     4.5244 0.0000e+00
     52.000     7.0506   3.362229    33.0993       6564     4.5573 0.0000e+00
     51.000     6.9971   3.355502    33.0776       6588     4.5742 0.0000e+00
     50.000     6.9871   3.354167    33.0731       6597     4.5803 0.0000e+00
     49.000     6.9670   3.351434    33.0630       6623     4.5985 0.0000e+00
     48.000     6.9463   3.348561    33.0520       6659     4.6239 0.0000e+00
     47.000     6.9419   3.347722    33.0474       6714     4.6620 0.0000e+00
     46.000     6.9364   3.346942    33.0447       6729     4.6724 0.0000e+00
     45.000     6.9316   3.346184    33.0415       6748     4.6856 0.0000e+00
     44.000     6.9273   3.345507    33.0387       6766     4.6982 0.0000e+00
     43.000     6.9200   3.344401    33.0340       6812     4.7299 0.0000e+00
     42.000     6.9194   3.344073    33.0316       6865     4.7664 0.0000e+00
     41.000     6.9153   3.343502    33.0297       6881     4.7777 0.0000e+00
     40.000     6.9127   3.343116    33.0284       6895     4.7875 0.0000e+00
     39.000     6.9106   3.342747    33.0269       6911     4.7983 0.0000e+00
     38.000     6.9043   3.341764    33.0226       6954     4.8286 0.0000e+00
     37.000     6.9050   3.341671    33.0215       7006     4.8643 0.0000e+00
     36.000     6.9032   3.341369    33.0204       7022     4.8754 0.0000e+00
     35.000     6.9030   3.341337    33.0207       7037     4.8860 0.0000e+00
     34.000     6.9024   3.341199    33.0203       7056     4.8991 0.0000e+00
     33.000     6.9022   3.341112    33.0200       7115     4.9405 0.0000e+00
     32.000     6.9041   3.341276    33.0204       7153     4.9666 0.0000e+00
     31.000     6.9043   3.341310    33.0211       7168     4.9774 0.0000e+00
     30.000     6.9039   3.341199    33.0208       7183     4.9873 0.0000e+00
     29.000     6.9026   3.341008    33.0204       7200     4.9991 0.0000e+00
     28.000     6.8999   3.340546    33.0184       7259     5.0400 0.0000e+00
     27.000     6.9010   3.340615    33.0186       7300     5.0690 0.0000e+00
     26.000     6.9018   3.340657    33.0188       7315     5.0790 0.0000e+00
     25.000     6.9011   3.340539    33.0187       7329     5.0887 0.0000e+00
     24.000     6.9000   3.340376    33.0184       7346     5.1005 0.0000e+00
     23.000     6.8968   3.339900    33.0168       7396     5.1351 0.0000e+00
     22.000     6.8957   3.339633    33.0154       7443     5.1681 0.0000e+00
     21.000     6.8947   3.339500    33.0154       7460     5.1802 0.0000e+00
     20.000     6.8943   3.339422    33.0154       7478     5.1921 0.0000e+00
     19.000     6.8942   3.339360    33.0152       7500     5.2075 0.0000e+00
     18.000     6.8940   3.339278    33.0151       7537     5.2333 0.0000e+00
     17.000     6.8939   3.339204    33.0148       7575     5.2595 0.0000e+00
     16.000     6.8940   3.339180    33.0149       7603     5.2789 0.0000e+00
     15.000     6.8932   3.339072    33.0150       7630     5.2979 0.0000e+00
     14.000     6.8931   3.338999    33.0148       7655     5.3153 0.0000e+00
     13.000     6.8929   3.338942    33.0149       7678     5.3315 0.0000e+00
     12.000     6.8921   3.338830    33.0149       7704     5.3495 0.0000e+00
     11.000     6.8908   3.338690    33.0150       7743     5.3761 0.0000e+00
     10.000     6.8905   3.338593    33.0148       7777     5.4002 0.0000e+00
      9.000     6.8918   3.338725    33.0155       7800     5.4158 0.0000e+00
      8.000     6.8910   3.338605    33.0154       7819     5.4295 0.0000e+00
      7.000     6.8908   3.338544    33.0154       7841     5.4447 0.0000e+00
      6.000     6.8884   3.338290    33.0154       7884     5.4746 0.0000e+00
      5.000     6.8885   3.338215    33.0150       7921     5.4999 0.0000e+00
      4.000     6.8869   3.338055    33.0152       7938     5.5118 0.0000e+00
      3.000     6.8853   3.337793    33.0144       8239     5.7206 0.0000e+00
      2.000     6.8861   3.337852    33.0148       8358     5.8033 0.0000e+00
      1.000     6.8854   3.079696    30.3079       8391     5.8264 0.0000e+00
