HB2502/ctd079.cnv
* Sea-Bird SBE 9 Data File:
* FileName = C:\cruise\data\ctd079.hex
* Software Version Seasave V 7.26.7.121
* Temperature SN = 6768
* Conductivity SN = 6166
* Number of Bytes Per Scan = 37
* Number of Voltage Words = 4
* Number of Scans Averaged by the Deck Unit = 1
* NMEA Latitude = 39 04.84 N
* NMEA Longitude = 072 48.76 W
* NMEA UTC (Time) = Mar 20 2025 03:33:51
* NMEA baud rate = 4800
** Ship: Bigelow HB2502
** Program:  Spring Bottom Trawl
** Chief Scientist:Jon Galbraith
# nquan = 7
# nvalues = 225                         
# units = specified
# name 0 = depSM: Depth [salt water, m]
# name 1 = t090C: Temperature [ITS-90, deg C]
# name 2 = c0S/m: Conductivity [S/m]
# name 3 = sal00: Salinity, Practical [PSU]
# name 4 = scan: Scan Count
# name 5 = timeM: Time, Elapsed [minutes]
# name 6 = flag: flag
# span 0 =      1.000,    114.000       
# span 1 =     6.5007,     9.7155       
# span 2 =   3.022620,   3.692814       
# span 3 =    29.8258,    34.0984       
# span 4 =       -413,       7867       
# span 5 =    -0.2872,     5.4627       
# span 6 = 0.0000e+00, 0.0000e+00       
# interval = meters: 1                  
# start_time = Mar 20 2025 03:33:51 [NMEA time, header]
# bad_flag = -9.990e-29
*END*
      3.000     6.5007   3.284268    32.7939       -413    -0.2872 0.0000e+00
      4.000     6.8678   3.301923    32.6372        460     0.3185 0.0000e+00
      5.000     6.7687   3.304599    32.7607        315     0.2179 0.0000e+00
      6.000     6.7684   3.305394    32.7692        342     0.2368 0.0000e+00
      7.000     6.7680   3.305541    32.7707        375     0.2598 0.0000e+00
      8.000     6.7694   3.305786    32.7716        406     0.2813 0.0000e+00
      9.000     6.7696   3.303467    32.7455        495     0.3429 0.0000e+00
     10.000     6.7696   3.305621    32.7687        573     0.3971 0.0000e+00
     11.000     6.7688   3.306086    32.7741        614     0.4254 0.0000e+00
     12.000     6.7680   3.306360    32.7773        651     0.4511 0.0000e+00
     13.000     6.7685   3.306501    32.7779        678     0.4705 0.0000e+00
     14.000     6.7692   3.306691    32.7789        704     0.4879 0.0000e+00
     15.000     6.7688   3.306787    32.7798        727     0.5040 0.0000e+00
     16.000     6.7680   3.306860    32.7809        749     0.5192 0.0000e+00
     17.000     6.7586   3.306879    32.7896        770     0.5341 0.0000e+00
     18.000     6.7464   3.306514    32.7968        794     0.5509 0.0000e+00
     19.000     6.7434   3.306145    32.7951        827     0.5733 0.0000e+00
     20.000     6.7398   3.305905    32.7954        861     0.5975 0.0000e+00
     21.000     6.7361   3.305648    32.7956        887     0.6155 0.0000e+00
     22.000     6.7349   3.305603    32.7958        910     0.6312 0.0000e+00
     23.000     6.7560   3.305787    32.7771        935     0.6487 0.0000e+00
     24.000     6.7994   3.305947    32.7370        966     0.6704 0.0000e+00
     25.000     6.8927   3.306285    32.6513       1000     0.6938 0.0000e+00
     26.000     6.9182   3.310881    32.6769       1026     0.7116 0.0000e+00
     27.000     6.9403   3.320782    32.7638       1045     0.7250 0.0000e+00
     28.000     6.9764   3.326093    32.7869       1062     0.7366 0.0000e+00
     29.000     7.0325   3.327637    32.7499       1080     0.7491 0.0000e+00
     30.000     7.0724   3.320338    32.6320       1112     0.7717 0.0000e+00
     31.000     7.1368   3.327687    32.6506       1168     0.8102 0.0000e+00
     32.000     7.1655   3.341488    32.7730       1189     0.8251 0.0000e+00
     33.000     7.1946   3.351623    32.8552       1206     0.8370 0.0000e+00
     34.000     7.2014   3.354348    32.8778       1224     0.8496 0.0000e+00
     35.000     7.2111   3.355865    32.8847       1249     0.8667 0.0000e+00
     36.000     7.2246   3.358178    32.8964       1282     0.8899 0.0000e+00
     37.000     7.2241   3.361377    32.9312       1311     0.9097 0.0000e+00
     38.000     7.2255   3.363822    32.9560       1336     0.9271 0.0000e+00
     39.000     7.2369   3.365224    32.9598       1365     0.9472 0.0000e+00
     40.000     7.2473   3.367237    32.9713       1397     0.9696 0.0000e+00
     41.000     7.2523   3.369937    32.9954       1423     0.9872 0.0000e+00
     42.000     7.2619   3.372308    33.0115       1441     1.0002 0.0000e+00
     43.000     7.2701   3.374401    33.0259       1458     1.0119 0.0000e+00
     44.000     7.2876   3.374872    33.0139       1477     1.0247 0.0000e+00
     45.000     7.3644   3.373353    32.9238       1521     1.0554 0.0000e+00
     46.000     7.4162   3.378274    32.9273       1581     1.0973 0.0000e+00
     47.000     7.4545   3.388155    32.9973       1598     1.1090 0.0000e+00
     48.000     7.6015   3.402118    33.0077       1612     1.1186 0.0000e+00
     49.000     7.5687   3.417886    33.2085       1625     1.1278 0.0000e+00
     50.000     7.7183   3.422947    33.1198       1639     1.1372 0.0000e+00
     51.000     7.8205   3.440779    33.2134       1656     1.1496 0.0000e+00
     52.000     7.9241   3.461802    33.3394       1694     1.1760 0.0000e+00
     53.000     8.0109   3.478565    33.4352       1754     1.2174 0.0000e+00
     54.000     8.0677   3.485723    33.4568       1781     1.2363 0.0000e+00
     55.000     8.1356   3.494387    33.4838       1802     1.2509 0.0000e+00
     56.000     8.1988   3.502705    33.5116       1821     1.2640 0.0000e+00
     57.000     8.2089   3.505401    33.5301       1839     1.2763 0.0000e+00
     58.000     8.1707   3.502867    33.5392       1857     1.2887 0.0000e+00
     59.000     8.1305   3.499547    33.5418       1877     1.3031 0.0000e+00
     60.000     8.2964   3.519172    33.5912       1910     1.3256 0.0000e+00
     61.000     8.3863   3.531754    33.6383       1961     1.3614 0.0000e+00
     62.000     8.4677   3.540348    33.6510       1989     1.3803 0.0000e+00
     63.000     8.7725   3.571419    33.6871       2008     1.3936 0.0000e+00
     64.000     8.9694   3.596292    33.7599       2026     1.4063 0.0000e+00
     65.000     9.0108   3.602096    33.7807       2048     1.4218 0.0000e+00
     66.000     9.1162   3.614455    33.8089       2079     1.4429 0.0000e+00
     67.000     9.1958   3.624963    33.8422       2110     1.4647 0.0000e+00
     68.000     9.2419   3.631137    33.8621       2135     1.4818 0.0000e+00
     69.000     9.2616   3.634274    33.8755       2156     1.4967 0.0000e+00
     70.000     9.2928   3.637888    33.8829       2179     1.5125 0.0000e+00
     71.000     9.4172   3.653665    33.9278       2206     1.5315 0.0000e+00
     72.000     9.4441   3.657875    33.9453       2240     1.5547 0.0000e+00
     73.000     9.4712   3.661631    33.9579       2273     1.5781 0.0000e+00
     74.000     9.4942   3.665162    33.9721       2302     1.5978 0.0000e+00
     75.000     9.5116   3.667454    33.9789       2327     1.6152 0.0000e+00
     76.000     9.6097   3.679256    34.0070       2349     1.6306 0.0000e+00
     77.000     9.6791   3.687920    34.0299       2369     1.6444 0.0000e+00
     78.000     9.7079   3.691515    34.0391       2388     1.6577 0.0000e+00
     79.000     9.7155   3.692814    34.0448       2409     1.6723 0.0000e+00
     80.000     9.7100   3.692487    34.0461       2443     1.6960 0.0000e+00
     81.000     9.6767   3.689348    34.0450       2497     1.7335 0.0000e+00
     82.000     9.5940   3.681302    34.0401       2521     1.7498 0.0000e+00
     83.000     9.5051   3.672998    34.0385       2538     1.7615 0.0000e+00
     84.000     9.4294   3.666805    34.0460       2554     1.7728 0.0000e+00
     85.000     9.3973   3.665129    34.0588       2573     1.7863 0.0000e+00
     86.000     9.3342   3.660966    34.0753       2603     1.8073 0.0000e+00
     87.000     9.2634   3.655101    34.0816       2641     1.8332 0.0000e+00
     88.000     9.2382   3.653333    34.0868       2666     1.8507 0.0000e+00
     89.000     9.1207   3.643690    34.0984       2687     1.8652 0.0000e+00
     90.000     9.0909   3.640696    34.0952       2710     1.8811 0.0000e+00
     91.000     9.0463   3.635935    34.0878       2741     1.9028 0.0000e+00
     92.000     9.0194   3.633081    34.0833       2778     1.9287 0.0000e+00
     93.000     8.8799   3.618799    34.0673       2807     1.9487 0.0000e+00
     94.000     8.8686   3.617202    34.0609       2830     1.9647 0.0000e+00
     95.000     8.8604   3.616262    34.0584       2851     1.9793 0.0000e+00
     96.000     8.8536   3.615536    34.0569       2872     1.9940 0.0000e+00
     97.000     8.8577   3.615883    34.0561       2897     2.0109 0.0000e+00
     98.000     8.8562   3.615739    34.0556       2930     2.0343 0.0000e+00
     99.000     8.8531   3.615401    34.0546       2967     2.0600 0.0000e+00
    100.000     8.8520   3.615327    34.0544       2993     2.0777 0.0000e+00
    101.000     8.8483   3.614958    34.0536       3013     2.0917 0.0000e+00
    102.000     8.8514   3.615291    34.0536       3034     2.1063 0.0000e+00
    103.000     8.8513   3.615307    34.0534       3064     2.1273 0.0000e+00
    104.000     8.8470   3.614883    34.0527       3099     2.1514 0.0000e+00
    105.000     8.8464   3.614851    34.0524       3122     2.1674 0.0000e+00
    106.000     8.8468   3.614951    34.0526       3141     2.1802 0.0000e+00
    107.000     8.8493   3.615245    34.0528       3160     2.1937 0.0000e+00
    108.000     8.8620   3.616698    34.0553       3194     2.2174 0.0000e+00
    109.000     8.8479   3.615146    34.0522       3252     2.2579 0.0000e+00
    110.000     8.8561   3.616102    34.0539       3275     2.2739 0.0000e+00
    111.000     8.8688   3.617595    34.0569       3293     2.2859 0.0000e+00
    112.000     8.8850   3.619409    34.0598       3309     2.2969 0.0000e+00
    113.000     8.8864   3.619634    34.0604       3326     2.3093 0.0000e+00
    114.000     8.8912   3.620148    34.0607       3343     2.3210 0.0000e+00
    113.000     8.8849   3.619484    34.0602       3427     2.3794 0.0000e+00
    112.000     8.8541   3.615978    34.0536       3998     2.7754 0.0000e+00
    111.000     8.8498   3.615459    34.0526       4220     2.9301 0.0000e+00
    110.000     8.8491   3.615310    34.0523       4242     2.9455 0.0000e+00
    109.000     8.8494   3.615326    34.0526       4276     2.9685 0.0000e+00
    108.000     8.8516   3.615498    34.0528       4302     2.9868 0.0000e+00
    107.000     8.8519   3.615470    34.0527       4322     3.0004 0.0000e+00
    106.000     8.8503   3.615265    34.0525       4340     3.0129 0.0000e+00
    105.000     8.8459   3.614763    34.0519       4360     3.0270 0.0000e+00
    104.000     8.8338   3.613389    34.0496       4391     3.0488 0.0000e+00
    103.000     8.8305   3.612938    34.0485       4433     3.0776 0.0000e+00
    102.000     8.8187   3.611652    34.0469       4458     3.0952 0.0000e+00
    101.000     8.8097   3.610593    34.0448       4477     3.1083 0.0000e+00
    100.000     8.8101   3.610560    34.0446       4495     3.1209 0.0000e+00
     99.000     8.8093   3.610428    34.0444       4515     3.1347 0.0000e+00
     98.000     8.8081   3.610233    34.0440       4541     3.1526 0.0000e+00
     97.000     8.8087   3.610268    34.0443       4577     3.1775 0.0000e+00
     96.000     8.8087   3.610197    34.0439       4612     3.2017 0.0000e+00
     95.000     8.8118   3.610494    34.0446       4642     3.2228 0.0000e+00
     94.000     8.8212   3.611393    34.0455       4670     3.2423 0.0000e+00
     93.000     8.8318   3.612422    34.0466       4693     3.2583 0.0000e+00
     92.000     8.8608   3.615449    34.0510       4713     3.2719 0.0000e+00
     91.000     8.8762   3.617136    34.0543       4731     3.2849 0.0000e+00
     90.000     8.9607   3.625466    34.0609       4751     3.2989 0.0000e+00
     89.000     9.0699   3.636918    34.0763       4776     3.3161 0.0000e+00
     88.000     9.1388   3.644113    34.0859       4813     3.3416 0.0000e+00
     87.000     9.1593   3.645983    34.0862       4850     3.3674 0.0000e+00
     86.000     9.2978   3.658623    34.0857       4873     3.3835 0.0000e+00
     85.000     9.3684   3.664685    34.0817       4892     3.3966 0.0000e+00
     84.000     9.3961   3.666508    34.0747       4911     3.4099 0.0000e+00
     83.000     9.4306   3.667707    34.0547       4943     3.4318 0.0000e+00
     82.000     9.4799   3.671511    34.0475       4991     3.4654 0.0000e+00
     81.000     9.6027   3.681740    34.0369       5013     3.4805 0.0000e+00
     80.000     9.6300   3.684558    34.0405       5029     3.4915 0.0000e+00
     79.000     9.6445   3.685962    34.0416       5043     3.5015 0.0000e+00
     78.000     9.6607   3.687613    34.0437       5059     3.5126 0.0000e+00
     77.000     9.6492   3.685869    34.0372       5087     3.5319 0.0000e+00
     76.000     9.4801   3.664688    33.9798       5151     3.5763 0.0000e+00
     75.000     9.4844   3.664799    33.9772       5173     3.5917 0.0000e+00
     74.000     9.4690   3.662803    33.9717       5189     3.6028 0.0000e+00
     73.000     9.4576   3.661254    33.9670       5204     3.6131 0.0000e+00
     72.000     9.4320   3.658068    33.9588       5219     3.6239 0.0000e+00
     71.000     9.3849   3.652051    33.9418       5239     3.6377 0.0000e+00
     70.000     9.2955   3.640565    33.9081       5276     3.6634 0.0000e+00
     69.000     9.2390   3.633327    33.8872       5318     3.6926 0.0000e+00
     68.000     9.1946   3.627669    33.8710       5347     3.7124 0.0000e+00
     67.000     9.1604   3.623428    33.8598       5377     3.7330 0.0000e+00
     66.000     9.1118   3.617356    33.8434       5405     3.7525 0.0000e+00
     65.000     9.0145   3.605827    33.8162       5426     3.7671 0.0000e+00
     64.000     8.9863   3.602194    33.8055       5443     3.7789 0.0000e+00
     63.000     8.9571   3.598936    33.7997       5458     3.7894 0.0000e+00
     62.000     8.9144   3.594015    33.7894       5473     3.8003 0.0000e+00
     61.000     8.8093   3.582778    33.7722       5493     3.8141 0.0000e+00
     60.000     8.3207   3.525578    33.6356       5536     3.8441 0.0000e+00
     59.000     8.2249   3.512029    33.5843       5589     3.8808 0.0000e+00
     58.000     8.2320   3.511549    33.5729       5616     3.8992 0.0000e+00
     57.000     8.2314   3.510972    33.5678       5637     3.9141 0.0000e+00
     56.000     8.2238   3.509758    33.5626       5657     3.9279 0.0000e+00
     55.000     8.2070   3.507813    33.5584       5676     3.9412 0.0000e+00
     54.000     8.1909   3.505726    33.5521       5695     3.9540 0.0000e+00
     53.000     8.1647   3.502427    33.5426       5713     3.9667 0.0000e+00
     52.000     8.1261   3.497923    33.5320       5732     3.9800 0.0000e+00
     51.000     8.0649   3.490831    33.5154       5757     3.9970 0.0000e+00
     50.000     7.9352   3.475824    33.4797       5804     4.0300 0.0000e+00
     49.000     7.7683   3.457397    33.4427       5847     4.0597 0.0000e+00
     48.000     7.6186   3.439386    33.3930       5868     4.0741 0.0000e+00
     47.000     7.6848   3.443726    33.3767       5885     4.0863 0.0000e+00
     46.000     7.7417   3.448417    33.3731       5903     4.0984 0.0000e+00
     45.000     7.6788   3.440090    33.3442       5923     4.1124 0.0000e+00
     44.000     7.5285   3.422348    33.2975       5950     4.1312 0.0000e+00
     43.000     7.5430   3.423404    33.2955       5980     4.1524 0.0000e+00
     42.000     7.3947   3.406041    33.2503       6006     4.1701 0.0000e+00
     41.000     7.2946   3.392188    33.1966       6029     4.1862 0.0000e+00
     40.000     7.2910   3.389852    33.1752       6055     4.2038 0.0000e+00
     39.000     7.2868   3.388408    33.1640       6091     4.2293 0.0000e+00
     38.000     7.2820   3.387375    33.1579       6128     4.2550 0.0000e+00
     37.000     7.2703   3.384870    33.1424       6149     4.2695 0.0000e+00
     36.000     7.2634   3.383881    33.1387       6166     4.2814 0.0000e+00
     35.000     7.2540   3.382751    33.1360       6183     4.2933 0.0000e+00
     34.000     7.2404   3.380478    33.1247       6202     4.3062 0.0000e+00
     33.000     7.2359   3.377990    33.1025       6224     4.3219 0.0000e+00
     32.000     7.2244   3.374939    33.0807       6255     4.3427 0.0000e+00
     31.000     7.2182   3.373453    33.0710       6294     4.3704 0.0000e+00
     30.000     7.1969   3.368496    33.0380       6330     4.3952 0.0000e+00
     29.000     7.1742   3.363444    33.0052       6355     4.4127 0.0000e+00
     28.000     7.1499   3.358885    32.9792       6376     4.4271 0.0000e+00
     27.000     7.1349   3.356225    32.9650       6395     4.4400 0.0000e+00
     26.000     7.0683   3.348808    32.9483       6413     4.4530 0.0000e+00
     25.000     7.0072   3.341682    32.9294       6435     4.4678 0.0000e+00
     24.000     6.9688   3.336677    32.9119       6462     4.4867 0.0000e+00
     23.000     6.9616   3.335371    32.9050       6496     4.5103 0.0000e+00
     22.000     6.9417   3.332268    32.8905       6529     4.5334 0.0000e+00
     21.000     6.8955   3.326722    32.8745       6557     4.5529 0.0000e+00
