HB2502/ctd080.cnv
* Sea-Bird SBE 9 Data File:
* FileName = C:\cruise\data\ctd080.hex
* Software Version Seasave V 7.26.7.121
* Temperature SN = 6768
* Conductivity SN = 6166
* Number of Bytes Per Scan = 37
* Number of Voltage Words = 4
* Number of Scans Averaged by the Deck Unit = 1
* NMEA Latitude = 39 06.31 N
* NMEA Longitude = 072 43.71 W
* NMEA UTC (Time) = Mar 20 2025 05:56:36
* NMEA baud rate = 4800
** Ship: Bigelow HB2502
** Program:  Spring Bottom Trawl
** Chief Scientist:Jon Galbraith
# nquan = 7
# nvalues = 271                         
# units = specified
# name 0 = depSM: Depth [salt water, m]
# name 1 = t090C: Temperature [ITS-90, deg C]
# name 2 = c0S/m: Conductivity [S/m]
# name 3 = sal00: Salinity, Practical [PSU]
# name 4 = scan: Scan Count
# name 5 = timeM: Time, Elapsed [minutes]
# name 6 = flag: flag
# span 0 =      1.000,    137.000       
# span 1 =     6.5945,    10.0168       
# span 2 =   2.228689,   3.735275       
# span 3 =    21.8524,    34.2842       
# span 4 =        128,       9994       
# span 5 =     0.0882,     6.9394       
# span 6 = 0.0000e+00, 0.0000e+00       
# interval = meters: 1                  
# start_time = Mar 20 2025 05:56:36 [NMEA time, header]
# bad_flag = -9.990e-29
*END*
[from data line 206]
     65.000     7.5116   3.421044    33.2895       7514     5.2174 0.0000e+00
     64.000     7.4359   3.412211    33.2671       7536     5.2328 0.0000e+00
     63.000     7.3801   3.404738    33.2401       7558     5.2483 0.0000e+00
     62.000     7.3532   3.400908    33.2249       7586     5.2675 0.0000e+00
     61.000     7.3328   3.397963    33.2130       7627     5.2956 0.0000e+00
     60.000     7.3374   3.398122    33.2108       7659     5.3180 0.0000e+00
     59.000     7.3365   3.397508    33.2055       7680     5.3325 0.0000e+00
     58.000     7.3399   3.397862    33.2066       7698     5.3455 0.0000e+00
     57.000     7.3391   3.397695    33.2060       7719     5.3594 0.0000e+00
     56.000     7.3351   3.397181    33.2047       7744     5.3769 0.0000e+00
     55.000     7.3199   3.395183    33.1981       7773     5.3973 0.0000e+00
     54.000     7.3173   3.394673    33.1956       7801     5.4169 0.0000e+00
     53.000     7.2842   3.390761    33.1854       7831     5.4372 0.0000e+00
     52.000     7.2597   3.387021    33.1687       7860     5.4578 0.0000e+00
     51.000     7.2292   3.382076    33.1446       7886     5.4756 0.0000e+00
     50.000     7.2149   3.378894    33.1242       7908     5.4912 0.0000e+00
     49.000     7.2122   3.378076    33.1184       7930     5.5064 0.0000e+00
     48.000     7.2099   3.377424    33.1140       7953     5.5219 0.0000e+00
     47.000     7.1909   3.374376    33.0995       7977     5.5388 0.0000e+00
     46.000     7.1789   3.372068    33.0864       8004     5.5580 0.0000e+00
     45.000     7.1683   3.370395    33.0788       8035     5.5790 0.0000e+00
     44.000     7.1542   3.367894    33.0656       8066     5.6007 0.0000e+00
     43.000     7.1450   3.366286    33.0574       8096     5.6212 0.0000e+00
     42.000     7.1132   3.361124    33.0321       8120     5.6385 0.0000e+00
     41.000     7.1144   3.361015    33.0302       8142     5.6537 0.0000e+00
     40.000     7.0947   3.358352    33.0205       8163     5.6678 0.0000e+00
     39.000     7.0763   3.355684    33.0095       8183     5.6817 0.0000e+00
     38.000     7.0199   3.348212    32.9824       8206     5.6978 0.0000e+00
     37.000     6.9341   3.336474    32.9366       8238     5.7202 0.0000e+00
     36.000     6.9000   3.331342    32.9136       8270     5.7425 0.0000e+00
     35.000     6.8197   3.321610    32.8842       8295     5.7601 0.0000e+00
     34.000     6.7804   3.315504    32.8552       8322     5.7782 0.0000e+00
     33.000     6.7449   3.311010    32.8404       8353     5.8002 0.0000e+00
     32.000     6.6995   3.304730    32.8153       8384     5.8213 0.0000e+00
     31.000     6.6814   3.300629    32.7878       8406     5.8365 0.0000e+00
     30.000     6.6739   3.299110    32.7788       8424     5.8490 0.0000e+00
     29.000     6.6752   3.298696    32.7735       8441     5.8609 0.0000e+00
     28.000     6.6765   3.298520    32.7708       8459     5.8738 0.0000e+00
     27.000     6.6766   3.298203    32.7677       8484     5.8908 0.0000e+00
     26.000     6.6749   3.297700    32.7643       8525     5.9196 0.0000e+00
     25.000     6.6778   3.297760    32.7626       8566     5.9477 0.0000e+00
     24.000     6.6818   3.297795    32.7596       8590     5.9645 0.0000e+00
     23.000     6.6848   3.297893    32.7584       8609     5.9780 0.0000e+00
     22.000     6.6856   3.297885    32.7580       8629     5.9913 0.0000e+00
     21.000     6.6836   3.297543    32.7567       8650     6.0065 0.0000e+00
     20.000     6.6802   3.296989    32.7543       8678     6.0258 0.0000e+00
     19.000     6.6790   3.296637    32.7521       8710     6.0478 0.0000e+00
     18.000     6.6797   3.296587    32.7513       8736     6.0660 0.0000e+00
     17.000     6.6800   3.296557    32.7511       8759     6.0818 0.0000e+00
     16.000     6.6798   3.296496    32.7512       8781     6.0974 0.0000e+00
     15.000     6.6791   3.296363    32.7509       8807     6.1150 0.0000e+00
     14.000     6.6789   3.296286    32.7507       8835     6.1349 0.0000e+00
     13.000     6.6764   3.296025    32.7507       8863     6.1542 0.0000e+00
     12.000     6.6748   3.295854    32.7508       8890     6.1728 0.0000e+00
     11.000     6.6739   3.295652    32.7499       8919     6.1927 0.0000e+00
     10.000     6.6733   3.295548    32.7499       8948     6.2132 0.0000e+00
      9.000     6.6728   3.295398    32.7492       8973     6.2303 0.0000e+00
      8.000     6.6734   3.295322    32.7483       8994     6.2454 0.0000e+00
      7.000     6.6706   3.295106    32.7491       9015     6.2595 0.0000e+00
      6.000     6.6661   3.294496    32.7471       9468     6.5745 0.0000e+00
      5.000     6.6651   3.294340    32.7468       9766     6.7811 0.0000e+00
      4.000     6.6657   3.294346    32.7468       9814     6.8145 0.0000e+00
      3.000     6.6638   3.294143    32.7469       9857     6.8445 0.0000e+00
      2.000     6.6625   3.293905    32.7460       9918     6.8866 0.0000e+00
      1.000     6.5945   2.228689    21.8524       9994     6.9394 0.0000e+00
