HB2502/ctd013.cnv
* Sea-Bird SBE 9 Data File:
* FileName = C:\cruise\data\ctd013.hex
* Software Version Seasave V 7.26.7.121
* Temperature SN = 6768
* Conductivity SN = 6166
* Number of Bytes Per Scan = 37
* Number of Voltage Words = 4
* Number of Scans Averaged by the Deck Unit = 1
* NMEA Latitude = 38 26.62 N
* NMEA Longitude = 073 50.24 W
* NMEA UTC (Time) = Mar 10 2025 02:35:45
* NMEA baud rate = 4800
** Ship: Bigelow HB2502
** Program:  Spring Bottom Trawl
** Chief Scientist:Jon Galbraith
# nquan = 7
# nvalues = 115                         
# units = specified
# name 0 = depSM: Depth [salt water, m]
# name 1 = t090C: Temperature [ITS-90, deg C]
# name 2 = c0S/m: Conductivity [S/m]
# name 3 = sal00: Salinity, Practical [PSU]
# name 4 = scan: Scan Count
# name 5 = timeM: Time, Elapsed [minutes]
# name 6 = flag: flag
# span 0 =      2.000,     60.000       
# span 1 =     7.1546,     8.3431       
# span 2 =   3.363680,   3.529283       
# span 3 =    32.8991,    33.6582       
# span 4 =        166,       3916       
# span 5 =     0.1147,     2.7189       
# span 6 = 0.0000e+00, 0.0000e+00       
# interval = meters: 1                  
# start_time = Mar 10 2025 02:35:45 [NMEA time, header]
# bad_flag = -9.990e-29
*END*
      4.000     7.1652   3.369130    33.0878        166     0.1147 0.0000e+00
      5.000     7.1637   3.366605    33.0612        257     0.1781 0.0000e+00
      6.000     7.1629   3.366375    33.0590        323     0.2236 0.0000e+00
      7.000     7.1612   3.365606    33.0518        345     0.2389 0.0000e+00
      8.000     7.1618   3.365273    33.0470        366     0.2533 0.0000e+00
      9.000     7.1622   3.365327    33.0468        389     0.2693 0.0000e+00
     10.000     7.1622   3.365994    33.0536        415     0.2873 0.0000e+00
     11.000     7.1627   3.365999    33.0527        447     0.3096 0.0000e+00
     12.000     7.1626   3.365358    33.0453        477     0.3305 0.0000e+00
     13.000     7.1636   3.365255    33.0428        501     0.3469 0.0000e+00
     14.000     7.1649   3.365463    33.0433        524     0.3629 0.0000e+00
     15.000     7.1663   3.365469    33.0415        549     0.3803 0.0000e+00
     16.000     7.1663   3.365672    33.0433        577     0.3998 0.0000e+00
     17.000     7.1664   3.365781    33.0439        608     0.4216 0.0000e+00
     18.000     7.1660   3.365805    33.0440        636     0.4411 0.0000e+00
     19.000     7.1650   3.365820    33.0447        661     0.4584 0.0000e+00
     20.000     7.1646   3.365839    33.0448        687     0.4767 0.0000e+00
     21.000     7.1643   3.365902    33.0453        714     0.4952 0.0000e+00
     22.000     7.1644   3.365905    33.0447        739     0.5125 0.0000e+00
     23.000     7.1656   3.365913    33.0432        764     0.5299 0.0000e+00
     24.000     7.1701   3.366114    33.0406        792     0.5493 0.0000e+00
     25.000     7.1718   3.366598    33.0437        823     0.5710 0.0000e+00
     26.000     7.1731   3.366884    33.0451        852     0.5912 0.0000e+00
     27.000     7.1775   3.367186    33.0437        875     0.6070 0.0000e+00
     28.000     7.1829   3.367729    33.0440        897     0.6219 0.0000e+00
     29.000     7.1851   3.368088    33.0452        925     0.6416 0.0000e+00
     30.000     7.1874   3.368464    33.0467        964     0.6689 0.0000e+00
     31.000     7.1879   3.368820    33.0496        990     0.6868 0.0000e+00
     32.000     7.1900   3.369067    33.0498       1009     0.7002 0.0000e+00
     33.000     7.2014   3.369262    33.0406       1030     0.7146 0.0000e+00
     34.000     7.2246   3.369573    33.0213       1061     0.7358 0.0000e+00
     35.000     7.2666   3.370664    32.9925       1096     0.7606 0.0000e+00
     36.000     7.3187   3.374092    32.9796       1122     0.7783 0.0000e+00
     37.000     7.4236   3.378730    32.9295       1143     0.7931 0.0000e+00
     38.000     7.5142   3.385071    32.9115       1165     0.8085 0.0000e+00
     39.000     7.5918   3.390846    32.8998       1192     0.8270 0.0000e+00
     40.000     7.6565   3.396513    32.8991       1225     0.8498 0.0000e+00
     41.000     7.7145   3.403523    32.9191       1259     0.8737 0.0000e+00
     42.000     7.7486   3.411559    32.9726       1287     0.8934 0.0000e+00
     43.000     7.7939   3.419182    33.0110       1312     0.9105 0.0000e+00
     44.000     7.8396   3.424961    33.0292       1336     0.9274 0.0000e+00
     45.000     7.8800   3.434215    33.0895       1363     0.9456 0.0000e+00
     46.000     7.9412   3.448820    33.1871       1392     0.9657 0.0000e+00
     47.000     7.9776   3.462858    33.3020       1420     0.9853 0.0000e+00
     48.000     7.9894   3.471067    33.3780       1446     1.0032 0.0000e+00
     49.000     7.9987   3.476254    33.4240       1471     1.0209 0.0000e+00
     50.000     8.0556   3.485510    33.4680       1501     1.0419 0.0000e+00
     51.000     8.1931   3.504268    33.5359       1535     1.0654 0.0000e+00
     52.000     8.2676   3.516247    33.5915       1562     1.0844 0.0000e+00
     53.000     8.2927   3.520473    33.6120       1585     1.0998 0.0000e+00
     54.000     8.3142   3.523672    33.6249       1608     1.1157 0.0000e+00
     55.000     8.3297   3.526287    33.6373       1638     1.1369 0.0000e+00
     56.000     8.3324   3.527074    33.6426       1675     1.1627 0.0000e+00
     57.000     8.3360   3.527679    33.6451       1701     1.1807 0.0000e+00
     58.000     8.3389   3.528251    33.6479       1723     1.1958 0.0000e+00
     59.000     8.3399   3.528461    33.6487       1745     1.2111 0.0000e+00
     60.000     8.3431   3.528935    33.6501       1756     1.2185 0.0000e+00
     59.000     8.3402   3.528674    33.6506       1796     1.2466 0.0000e+00
     58.000     8.3396   3.529283    33.6582       2399     1.6650 0.0000e+00
     57.000     8.3385   3.528876    33.6554       2235     1.5511 0.0000e+00
     56.000     8.3379   3.528756    33.6552       2259     1.5681 0.0000e+00
     55.000     8.3358   3.528470    33.6546       2285     1.5865 0.0000e+00
     54.000     8.3301   3.527710    33.6525       2313     1.6055 0.0000e+00
     53.000     8.3196   3.526312    33.6482       2338     1.6227 0.0000e+00
     52.000     8.3115   3.525186    33.6444       2362     1.6393 0.0000e+00
     51.000     8.3009   3.523802    33.6404       2388     1.6575 0.0000e+00
     50.000     8.2711   3.519982    33.6288       2414     1.6755 0.0000e+00
     49.000     8.2025   3.511524    33.6051       2439     1.6933 0.0000e+00
     48.000     8.0832   3.495861    33.5530       2468     1.7131 0.0000e+00
     47.000     8.0241   3.487377    33.5195       2498     1.7342 0.0000e+00
     46.000     8.0004   3.483719    33.5036       2523     1.7512 0.0000e+00
     45.000     7.9921   3.481986    33.4935       2544     1.7657 0.0000e+00
     44.000     7.9782   3.479599    33.4817       2565     1.7804 0.0000e+00
     43.000     7.9463   3.475147    33.4652       2593     1.7997 0.0000e+00
     42.000     7.9018   3.468697    33.4392       2630     1.8254 0.0000e+00
     41.000     7.8693   3.463995    33.4204       2660     1.8463 0.0000e+00
     40.000     7.8005   3.454345    33.3834       2681     1.8613 0.0000e+00
     39.000     7.7627   3.448578    33.3580       2700     1.8746 0.0000e+00
     38.000     7.7335   3.443547    33.3324       2723     1.8899 0.0000e+00
     37.000     7.6681   3.434142    33.2943       2759     1.9152 0.0000e+00
     36.000     7.6012   3.425132    33.2617       2796     1.9413 0.0000e+00
     35.000     7.4954   3.411835    33.2199       2818     1.9560 0.0000e+00
     34.000     7.4075   3.400275    33.1795       2835     1.9681 0.0000e+00
     33.000     7.3594   3.393424    33.1518       2855     1.9819 0.0000e+00
     32.000     7.2937   3.384637    33.1198       2889     2.0058 0.0000e+00
     31.000     7.2494   3.378772    33.0990       2931     2.0351 0.0000e+00
     30.000     7.1943   3.371686    33.0752       2955     2.0517 0.0000e+00
     29.000     7.1793   3.369234    33.0633       2976     2.0659 0.0000e+00
     28.000     7.1756   3.368499    33.0594       2998     2.0810 0.0000e+00
     27.000     7.1719   3.367815    33.0559       3025     2.1000 0.0000e+00
     26.000     7.1706   3.367442    33.0536       3059     2.1236 0.0000e+00
     25.000     7.1711   3.367320    33.0523       3089     2.1444 0.0000e+00
     24.000     7.1682   3.366937    33.0514       3114     2.1617 0.0000e+00
     23.000     7.1679   3.366784    33.0504       3138     2.1787 0.0000e+00
     22.000     7.1656   3.366375    33.0487       3163     2.1959 0.0000e+00
     21.000     7.1640   3.366063    33.0473       3189     2.2139 0.0000e+00
     20.000     7.1627   3.365742    33.0455       3219     2.2348 0.0000e+00
     19.000     7.1610   3.365387    33.0438       3251     2.2566 0.0000e+00
     18.000     7.1581   3.364869    33.0414       3276     2.2743 0.0000e+00
     17.000     7.1579   3.364726    33.0406       3298     2.2898 0.0000e+00
     16.000     7.1574   3.364527    33.0393       3321     2.3056 0.0000e+00
     15.000     7.1569   3.364429    33.0392       3349     2.3247 0.0000e+00
     14.000     7.1564   3.364260    33.0383       3382     2.3476 0.0000e+00
     13.000     7.1570   3.364251    33.0381       3409     2.3667 0.0000e+00
     12.000     7.1565   3.364112    33.0376       3432     2.3824 0.0000e+00
     11.000     7.1566   3.364090    33.0378       3454     2.3979 0.0000e+00
     10.000     7.1561   3.363951    33.0372       3487     2.4205 0.0000e+00
      9.000     7.1561   3.363884    33.0369       3517     2.4416 0.0000e+00
      8.000     7.1548   3.363736    33.0371       3537     2.4558 0.0000e+00
      7.000     7.1546   3.363680    33.0371       3557     2.4693 0.0000e+00
      6.000     7.1550   3.363743    33.0379       3586     2.4894 0.0000e+00
      5.000     7.1554   3.363707    33.0377       3622     2.5145 0.0000e+00
      4.000     7.1566   3.363832    33.0383       3648     2.5323 0.0000e+00
      3.000     7.1579   3.363970    33.0391       3669     2.5474 0.0000e+00
      2.000     7.1568   3.363816    33.0389       3916     2.7189 0.0000e+00
