HB2502/ctd091.cnv
* Sea-Bird SBE 9 Data File:
* FileName = C:\cruise\data\ctd091.hex
* Software Version Seasave V 7.26.7.121
* Temperature SN = 6768
* Conductivity SN = 6166
* Number of Bytes Per Scan = 37
* Number of Voltage Words = 4
* Number of Scans Averaged by the Deck Unit = 1
* NMEA Latitude = 40 33.94 N
* NMEA Longitude = 073 09.23 W
* NMEA UTC (Time) = Mar 22 2025 01:25:02
* NMEA baud rate = 4800
** Ship: Bigelow HB2502
** Program:  Spring Bottom Trawl
** Chief Scientist:Jon Galbraith
# nquan = 7
# nvalues = 41                          
# units = specified
# name 0 = depSM: Depth [salt water, m]
# name 1 = t090C: Temperature [ITS-90, deg C]
# name 2 = c0S/m: Conductivity [S/m]
# name 3 = sal00: Salinity, Practical [PSU]
# name 4 = scan: Scan Count
# name 5 = timeM: Time, Elapsed [minutes]
# name 6 = flag: flag
# span 0 =      3.000,     23.000       
# span 1 =     5.0770,     5.5378       
# span 2 =   3.146767,   3.199973       
# span 3 =    32.3725,    32.8687       
# span 4 =        130,       2273       
# span 5 =     0.0897,     1.5777       
# span 6 = 0.0000e+00, 0.0000e+00       
# interval = meters: 1                  
# start_time = Mar 22 2025 01:25:02 [NMEA time, header]
# bad_flag = -9.990e-29
*END*
      3.000     5.4496   3.199973    32.8687        130     0.0897 0.0000e+00
      4.000     5.3511   3.178700    32.7219        383     0.2653 0.0000e+00
      5.000     5.3530   3.158876    32.4937        416     0.2885 0.0000e+00
      6.000     5.3524   3.156027    32.4614        440     0.3047 0.0000e+00
      7.000     5.3519   3.155137    32.4513        465     0.3223 0.0000e+00
      8.000     5.3503   3.155608    32.4577        490     0.3395 0.0000e+00
      9.000     5.3498   3.155150    32.4524        517     0.3583 0.0000e+00
     10.000     5.3499   3.154816    32.4480        547     0.3791 0.0000e+00
     11.000     5.3480   3.154229    32.4427        574     0.3982 0.0000e+00
     12.000     5.3474   3.153994    32.4401        600     0.4161 0.0000e+00
     13.000     5.3466   3.153890    32.4391        625     0.4337 0.0000e+00
     14.000     5.3478   3.153949    32.4382        651     0.4513 0.0000e+00
     15.000     5.3493   3.153915    32.4359        677     0.4695 0.0000e+00
     16.000     5.3467   3.153793    32.4365        704     0.4881 0.0000e+00
     17.000     5.3442   3.153584    32.4360        731     0.5066 0.0000e+00
     18.000     5.3410   3.153893    32.4422        761     0.5280 0.0000e+00
     19.000     5.3342   3.154669    32.4570        797     0.5531 0.0000e+00
     20.000     5.3322   3.154317    32.4544        832     0.5769 0.0000e+00
     21.000     5.3194   3.153565    32.4578        861     0.5972 0.0000e+00
     22.000     5.2003   3.153696    32.5747        892     0.6188 0.0000e+00
     23.000     5.1143   3.154844    32.6713        921     0.6387 0.0000e+00
     22.000     5.0770   3.157847    32.7428       1640     1.1384 0.0000e+00
     21.000     5.2887   3.152163    32.4716       1729     1.2001 0.0000e+00
     20.000     5.3353   3.151613    32.4207       1737     1.2058 0.0000e+00
     19.000     5.2566   3.151431    32.4955       1763     1.2238 0.0000e+00
     18.000     5.2840   3.150948    32.4638       1786     1.2398 0.0000e+00
     17.000     5.3373   3.150114    32.4032       1809     1.2556 0.0000e+00
     16.000     5.3423   3.148716    32.3829       1836     1.2741 0.0000e+00
     15.000     5.3386   3.147446    32.3725       1868     1.2962 0.0000e+00
     14.000     5.3343   3.147176    32.3741       1896     1.3159 0.0000e+00
     13.000     5.3138   3.146767    32.3898       1920     1.3324 0.0000e+00
     12.000     5.2971   3.147522    32.4150       1943     1.3484 0.0000e+00
     11.000     5.2837   3.151906    32.4786       1966     1.3648 0.0000e+00
     10.000     5.2846   3.153064    32.4914       1991     1.3820 0.0000e+00
      9.000     5.3337   3.157753    32.4977       2018     1.4005 0.0000e+00
      8.000     5.3732   3.161098    32.4979       2047     1.4206 0.0000e+00
      7.000     5.4184   3.163385    32.4807       2075     1.4401 0.0000e+00
      6.000     5.4510   3.163849    32.4549       2098     1.4564 0.0000e+00
      5.000     5.4828   3.166558    32.4553       2123     1.4739 0.0000e+00
      4.000     5.5378   3.172333    32.4682       2154     1.4951 0.0000e+00
      3.000     5.4508   3.169474    32.5205       2273     1.5777 0.0000e+00
