HB2502/ctd085.cnv
* Sea-Bird SBE 9 Data File:
* FileName = C:\cruise\data\ctd085.hex
* Software Version Seasave V 7.26.7.121
* Temperature SN = 6768
* Conductivity SN = 6166
* Number of Bytes Per Scan = 37
* Number of Voltage Words = 4
* Number of Scans Averaged by the Deck Unit = 1
* NMEA Latitude = 40 29.70 N
* NMEA Longitude = 073 46.22 W
* NMEA UTC (Time) = Mar 21 2025 06:55:09
* NMEA baud rate = 4800
** Ship: Bigelow HB2502
** Program:  Spring Bottom Trawl
** Chief Scientist:Jon Galbraith
# nquan = 7
# nvalues = 36                          
# units = specified
# name 0 = depSM: Depth [salt water, m]
# name 1 = t090C: Temperature [ITS-90, deg C]
# name 2 = c0S/m: Conductivity [S/m]
# name 3 = sal00: Salinity, Practical [PSU]
# name 4 = scan: Scan Count
# name 5 = timeM: Time, Elapsed [minutes]
# name 6 = flag: flag
# span 0 =      2.000,     20.000       
# span 1 =     5.7260,     6.2672       
# span 2 =   3.215279,   3.266336       
# span 3 =    32.5444,    32.9188       
# span 4 =        117,       2196       
# span 5 =     0.0803,     1.5246       
# span 6 = 0.0000e+00, 0.0000e+00       
# interval = meters: 1                  
# start_time = Mar 21 2025 06:55:09 [NMEA time, header]
# bad_flag = -9.990e-29
*END*
      3.000     6.1652   3.266336    32.9188        117     0.0803 0.0000e+00
      4.000     6.1211   3.249019    32.7674        282     0.1948 0.0000e+00
      5.000     6.1192   3.238414    32.6503        329     0.2276 0.0000e+00
      6.000     6.1207   3.234001    32.5991        360     0.2490 0.0000e+00
      7.000     6.1140   3.233264    32.5967        388     0.2685 0.0000e+00
      8.000     6.1046   3.233829    32.6116        423     0.2929 0.0000e+00
      9.000     6.0908   3.234337    32.6301        457     0.3166 0.0000e+00
     10.000     6.0815   3.233805    32.6326        482     0.3339 0.0000e+00
     11.000     6.0746   3.233718    32.6378        506     0.3510 0.0000e+00
     12.000     6.0652   3.233538    32.6444        535     0.3706 0.0000e+00
     13.000     6.0574   3.233439    32.6502        566     0.3926 0.0000e+00
     14.000     6.0367   3.232313    32.6571        597     0.4140 0.0000e+00
     15.000     6.0019   3.230637    32.6714        627     0.4346 0.0000e+00
     16.000     5.9429   3.228443    32.7033        654     0.4538 0.0000e+00
     17.000     5.8663   3.223903    32.7259        677     0.4694 0.0000e+00
     18.000     5.7895   3.220350    32.7600        700     0.4855 0.0000e+00
     19.000     5.7551   3.221241    32.8030        728     0.5050 0.0000e+00
     20.000     5.7260   3.224326    32.8656        763     0.5289 0.0000e+00
     19.000     5.8663   3.223008    32.7150       1613     1.1196 0.0000e+00
     18.000     5.8957   3.221917    32.6748       1734     1.2031 0.0000e+00
     17.000     5.8689   3.221282    32.6939       1763     1.2234 0.0000e+00
     16.000     5.9866   3.219658    32.5626       1787     1.2406 0.0000e+00
     15.000     5.9725   3.218092    32.5591       1812     1.2579 0.0000e+00
     14.000     5.9756   3.216993    32.5444       1839     1.2764 0.0000e+00
     13.000     5.9639   3.216033    32.5453       1866     1.2951 0.0000e+00
     12.000     5.9510   3.215279    32.5498       1889     1.3114 0.0000e+00
     11.000     5.9358   3.216342    32.5768       1911     1.3260 0.0000e+00
     10.000     5.9181   3.222782    32.6667       1933     1.3420 0.0000e+00
      9.000     5.9242   3.226387    32.7018       1964     1.3630 0.0000e+00
      8.000     5.9833   3.229361    32.6786       1998     1.3869 0.0000e+00
      7.000     6.0412   3.231676    32.6491       2025     1.4053 0.0000e+00
      6.000     6.0956   3.232925    32.6112       2048     1.4218 0.0000e+00
      5.000     6.1390   3.236577    32.6107       2079     1.4431 0.0000e+00
      4.000     6.2203   3.240770    32.5799       2118     1.4701 0.0000e+00
      3.000     6.2672   3.245566    32.5889       2141     1.4861 0.0000e+00
      2.000     6.2360   3.241821    32.5776       2196     1.5246 0.0000e+00
