HB2502/ctd033.cnv
* Sea-Bird SBE 9 Data File:
* FileName = C:\cruise\data\ctd033.hex
* Software Version Seasave V 7.26.7.121
* Temperature SN = 6768
* Conductivity SN = 6166
* Number of Bytes Per Scan = 37
* Number of Voltage Words = 4
* Number of Scans Averaged by the Deck Unit = 1
* NMEA Latitude = 36 20.51 N
* NMEA Longitude = 074 47.44 W
* NMEA UTC (Time) = Mar 12 2025 22:39:26
* NMEA baud rate = 4800
** Ship: Bigelow HB2502
** Program:  Spring Bottom Trawl
** Chief Scientist:Jon Galbraith
# nquan = 7
# nvalues = 234                         
# units = specified
# name 0 = depSM: Depth [salt water, m]
# name 1 = t090C: Temperature [ITS-90, deg C]
# name 2 = c0S/m: Conductivity [S/m]
# name 3 = sal00: Salinity, Practical [PSU]
# name 4 = scan: Scan Count
# name 5 = timeM: Time, Elapsed [minutes]
# name 6 = flag: flag
# span 0 =      2.000,    119.000       
# span 1 =     7.6826,    11.0522       
# span 2 =   3.408529,   3.889512       
# span 3 =    32.5738,    34.8436       
# span 4 =        -43,       7308       
# span 5 =    -0.0303,     5.0744       
# span 6 = 0.0000e+00, 0.0000e+00       
# interval = meters: 1                  
# start_time = Mar 12 2025 22:39:26 [NMEA time, header]
# bad_flag = -9.990e-29
*END*
      3.000     7.9531   3.472781    33.4520        -43    -0.0303 0.0000e+00
      4.000     7.7881   3.432014    33.1727        367     0.2542 0.0000e+00
      5.000     7.7982   3.416061    32.9914        402     0.2787 0.0000e+00
      6.000     7.7964   3.413610    32.9664        429     0.2969 0.0000e+00
      7.000     7.7877   3.413150    32.9692        451     0.3124 0.0000e+00
      8.000     7.7491   3.412213    32.9952        470     0.3259 0.0000e+00
      9.000     7.7338   3.410066    32.9862        490     0.3397 0.0000e+00
     10.000     7.7299   3.409753    32.9861        518     0.3592 0.0000e+00
     11.000     7.7272   3.411646    33.0085        559     0.3875 0.0000e+00
     12.000     7.7403   3.410065    32.9786        591     0.4100 0.0000e+00
     13.000     7.7851   3.409860    32.9336        614     0.4257 0.0000e+00
     14.000     7.7966   3.412364    32.9491        634     0.4395 0.0000e+00
     15.000     7.8145   3.413521    32.9441        655     0.4538 0.0000e+00
     16.000     7.8314   3.414641    32.9396        678     0.4703 0.0000e+00
     17.000     7.8585   3.415946    32.9276        706     0.4898 0.0000e+00
     18.000     7.8721   3.417746    32.9335        738     0.5119 0.0000e+00
     19.000     7.8792   3.419388    32.9439        770     0.5340 0.0000e+00
     20.000     7.8691   3.420436    32.9642        798     0.5531 0.0000e+00
     21.000     7.7745   3.421088    33.0603        821     0.5694 0.0000e+00
     22.000     7.6826   3.417912    33.1130        845     0.5862 0.0000e+00
     23.000     7.7166   3.414294    33.0413        872     0.6052 0.0000e+00
     24.000     7.7646   3.411428    32.9646        899     0.6238 0.0000e+00
     25.000     7.7871   3.412890    32.9585        922     0.6398 0.0000e+00
     26.000     7.8173   3.415127    32.9535        945     0.6553 0.0000e+00
     27.000     7.8423   3.416299    32.9419        970     0.6732 0.0000e+00
     28.000     7.8506   3.418687    32.9592       1003     0.6958 0.0000e+00
     29.000     7.8417   3.420342    32.9848       1038     0.7199 0.0000e+00
     30.000     7.8860   3.421327    32.9531       1065     0.7389 0.0000e+00
     31.000     7.9929   3.424082    32.8813       1087     0.7541 0.0000e+00
     32.000     8.1491   3.429142    32.7882       1109     0.7693 0.0000e+00
     33.000     8.3490   3.435307    32.6671       1134     0.7868 0.0000e+00
     34.000     8.5508   3.444941    32.5809       1162     0.8062 0.0000e+00
     35.000     8.7381   3.460773    32.5738       1189     0.8251 0.0000e+00
     36.000     8.8630   3.475261    32.6097       1214     0.8423 0.0000e+00
     37.000     8.9431   3.489730    32.6863       1238     0.8590 0.0000e+00
     38.000     9.0276   3.499046    32.7049       1266     0.8782 0.0000e+00
     39.000     9.0636   3.508524    32.7697       1299     0.9011 0.0000e+00
     40.000     9.2195   3.519442    32.7391       1328     0.9217 0.0000e+00
     41.000     9.3474   3.530299    32.7334       1352     0.9385 0.0000e+00
     42.000     9.4711   3.546749    32.7890       1376     0.9546 0.0000e+00
     43.000     9.5864   3.564267    32.8627       1400     0.9714 0.0000e+00
     44.000     9.6986   3.590012    33.0230       1426     0.9898 0.0000e+00
     45.000    10.0491   3.621905    33.0264       1455     1.0099 0.0000e+00
     46.000    10.2196   3.668216    33.3387       1484     1.0297 0.0000e+00
     47.000    10.3265   3.693670    33.4970       1512     1.0491 0.0000e+00
     48.000    10.4391   3.715335    33.6111       1538     1.0675 0.0000e+00
     49.000    10.4659   3.726535    33.6987       1561     1.0836 0.0000e+00
     50.000    10.5095   3.734396    33.7369       1583     1.0986 0.0000e+00
     51.000    10.5509   3.742113    33.7758       1605     1.1140 0.0000e+00
     52.000    10.5743   3.747061    33.8034       1632     1.1328 0.0000e+00
     53.000    10.5691   3.748013    33.8173       1673     1.1608 0.0000e+00
     54.000    10.5411   3.746520    33.8279       1711     1.1873 0.0000e+00
     55.000    10.2922   3.723414    33.8258       1735     1.2042 0.0000e+00
     56.000    10.0579   3.699797    33.8045       1754     1.2174 0.0000e+00
     57.000     9.8325   3.676864    33.7813       1772     1.2296 0.0000e+00
     58.000     9.6360   3.657451    33.7662       1790     1.2425 0.0000e+00
     59.000     9.5182   3.644661    33.7450       1813     1.2581 0.0000e+00
     60.000     9.4758   3.639033    33.7265       1844     1.2798 0.0000e+00
     61.000     9.5460   3.645669    33.7283       1884     1.3079 0.0000e+00
     62.000     9.4792   3.639949    33.7317       1918     1.3312 0.0000e+00
     63.000     9.4629   3.639191    33.7388       1943     1.3487 0.0000e+00
     64.000     9.6777   3.663264    33.7836       1965     1.3639 0.0000e+00
     65.000    10.1045   3.716259    33.9242       1986     1.3784 0.0000e+00
     66.000    10.2982   3.741836    34.0017       2007     1.3931 0.0000e+00
     67.000    10.3545   3.750558    34.0367       2031     1.4097 0.0000e+00
     68.000    10.3759   3.753756    34.0486       2062     1.4316 0.0000e+00
     69.000    10.4834   3.767300    34.0840       2100     1.4575 0.0000e+00
     70.000    10.7411   3.800417    34.1755       2127     1.4762 0.0000e+00
     71.000    10.9189   3.822965    34.2342       2149     1.4913 0.0000e+00
     72.000    11.0120   3.835721    34.2741       2170     1.5062 0.0000e+00
     73.000    11.0366   3.839366    34.2870       2194     1.5232 0.0000e+00
     74.000    11.0470   3.841092    34.2940       2222     1.5424 0.0000e+00
     75.000    11.0286   3.839641    34.2963       2251     1.5627 0.0000e+00
     76.000    11.0160   3.838480    34.2961       2281     1.5831 0.0000e+00
     77.000    10.9954   3.836619    34.2964       2308     1.6020 0.0000e+00
     78.000    10.9414   3.833317    34.3135       2334     1.6200 0.0000e+00
     79.000    10.8972   3.831395    34.3352       2360     1.6380 0.0000e+00
     80.000    10.9046   3.832626    34.3401       2386     1.6561 0.0000e+00
     81.000    10.9397   3.838864    34.3691       2412     1.6740 0.0000e+00
     82.000    10.9312   3.840598    34.3939       2437     1.6917 0.0000e+00
     83.000    10.9254   3.841375    34.4067       2463     1.7094 0.0000e+00
     84.000    10.9591   3.845815    34.4189       2488     1.7269 0.0000e+00
     85.000    10.9376   3.848539    34.4659       2513     1.7442 0.0000e+00
     86.000    10.8683   3.841807    34.4633       2541     1.7642 0.0000e+00
     87.000    10.7969   3.835348    34.4655       2579     1.7900 0.0000e+00
     88.000    10.7745   3.833706    34.4696       2611     1.8126 0.0000e+00
     89.000    10.7846   3.835040    34.4730       2634     1.8286 0.0000e+00
     90.000    10.8267   3.840834    34.4910       2654     1.8421 0.0000e+00
     91.000    10.8526   3.844322    34.5010       2672     1.8549 0.0000e+00
     92.000    10.8730   3.847134    34.5094       2692     1.8686 0.0000e+00
     93.000    10.8914   3.849546    34.5158       2715     1.8845 0.0000e+00
     94.000    10.9623   3.859984    34.5528       2745     1.9057 0.0000e+00
     95.000    11.0247   3.870663    34.6002       2792     1.9382 0.0000e+00
     96.000    11.0522   3.880632    34.6731       2830     1.9646 0.0000e+00
     97.000    11.0488   3.885295    34.7225       2853     1.9805 0.0000e+00
     98.000    11.0418   3.886233    34.7380       2872     1.9937 0.0000e+00
     99.000    11.0416   3.886250    34.7379       2890     2.0061 0.0000e+00
    100.000    11.0377   3.886788    34.7465       2908     2.0184 0.0000e+00
    101.000    11.0318   3.887697    34.7606       2926     2.0315 0.0000e+00
    102.000    11.0275   3.888364    34.7709       2951     2.0483 0.0000e+00
    103.000    11.0231   3.888632    34.7774       2993     2.0776 0.0000e+00
    104.000    11.0110   3.888667    34.7887       3036     2.1075 0.0000e+00
    105.000    11.0196   3.888644    34.7798       3062     2.1256 0.0000e+00
    106.000    11.0184   3.888900    34.7831       3085     2.1417 0.0000e+00
    107.000    10.9995   3.888994    34.8015       3107     2.1571 0.0000e+00
    108.000    10.9891   3.888789    34.8089       3128     2.1719 0.0000e+00
    109.000    10.9786   3.888952    34.8200       3149     2.1859 0.0000e+00
    110.000    10.9798   3.888946    34.8184       3170     2.2005 0.0000e+00
    111.000    10.9764   3.888974    34.8214       3195     2.2182 0.0000e+00
    112.000    10.9725   3.888893    34.8238       3232     2.2440 0.0000e+00
    113.000    10.9668   3.888690    34.8268       3273     2.2725 0.0000e+00
    114.000    10.9670   3.888791    34.8272       3301     2.2920 0.0000e+00
    115.000    10.9695   3.888915    34.8255       3323     2.3070 0.0000e+00
    116.000    10.9626   3.888700    34.8295       3343     2.3208 0.0000e+00
    117.000    10.9576   3.888660    34.8334       3363     2.3348 0.0000e+00
    118.000    10.9543   3.889013    34.8396       3386     2.3510 0.0000e+00
    119.000    10.9463   3.888704    34.8436       3448     2.3937 0.0000e+00
    118.000    10.9471   3.888719    34.8436       3840     2.6663 0.0000e+00
    117.000    10.9584   3.889458    34.8406       4267     2.9625 0.0000e+00
    116.000    10.9622   3.889512    34.8380       4286     2.9757 0.0000e+00
    115.000    10.9615   3.889363    34.8376       4334     3.0091 0.0000e+00
    114.000    10.9608   3.887811    34.8233       4360     3.0270 0.0000e+00
    113.000    10.9629   3.888966    34.8332       4379     3.0400 0.0000e+00
    112.000    10.9637   3.888744    34.8308       4396     3.0518 0.0000e+00
    111.000    10.9651   3.888519    34.8276       4414     3.0647 0.0000e+00
    110.000    10.9700   3.888387    34.8220       4438     3.0813 0.0000e+00
    109.000    10.9746   3.888414    34.8184       4470     3.1034 0.0000e+00
    108.000    10.9743   3.888360    34.8186       4500     3.1246 0.0000e+00
    107.000    10.9977   3.888457    34.7978       4527     3.1433 0.0000e+00
    106.000    11.0024   3.888504    34.7944       4554     3.1618 0.0000e+00
    105.000    11.0017   3.888461    34.7950       4579     3.1794 0.0000e+00
    104.000    11.0059   3.888668    34.7935       4603     3.1958 0.0000e+00
    103.000    11.0122   3.888843    34.7897       4626     3.2116 0.0000e+00
    102.000    11.0157   3.888834    34.7868       4650     3.2287 0.0000e+00
    101.000    11.0183   3.889071    34.7872       4682     3.2504 0.0000e+00
    100.000    11.0172   3.889044    34.7883       4717     3.2749 0.0000e+00
     99.000    11.0181   3.889108    34.7886       4741     3.2920 0.0000e+00
     98.000    11.0200   3.888884    34.7850       4760     3.3048 0.0000e+00
     97.000    11.0215   3.888590    34.7811       4777     3.3165 0.0000e+00
     96.000    11.0247   3.888117    34.7738       4794     3.3288 0.0000e+00
     95.000    11.0302   3.887316    34.7610       4816     3.3440 0.0000e+00
     94.000    11.0422   3.885287    34.7299       4857     3.3721 0.0000e+00
     93.000    11.0347   3.878138    34.6662       4908     3.4073 0.0000e+00
     92.000    11.0175   3.871465    34.6163       4931     3.4239 0.0000e+00
     91.000    11.0026   3.867885    34.5951       4950     3.4369 0.0000e+00
     90.000    10.9611   3.861664    34.5725       4968     3.4490 0.0000e+00
     89.000    10.9322   3.857039    34.5540       4985     3.4608 0.0000e+00
     88.000    10.8997   3.852569    34.5405       5002     3.4726 0.0000e+00
     87.000    10.8869   3.850343    34.5307       5020     3.4854 0.0000e+00
     86.000    10.8072   3.838730    34.4900       5045     3.5030 0.0000e+00
     85.000    10.7932   3.835069    34.4670       5108     3.5464 0.0000e+00
     84.000    10.9051   3.845895    34.4705       5143     3.5707 0.0000e+00
     83.000    10.9301   3.845835    34.4468       5160     3.5828 0.0000e+00
     82.000    10.9141   3.841948    34.4234       5176     3.5939 0.0000e+00
     81.000    10.9146   3.841065    34.4146       5193     3.6053 0.0000e+00
     80.000    10.9242   3.840264    34.3981       5211     3.6180 0.0000e+00
     79.000    10.9374   3.839936    34.3829       5234     3.6339 0.0000e+00
     78.000    10.9411   3.838994    34.3705       5262     3.6535 0.0000e+00
     77.000    10.9627   3.837076    34.3315       5296     3.6771 0.0000e+00
     76.000    10.9760   3.837552    34.3242       5334     3.7035 0.0000e+00
     75.000    11.0184   3.840232    34.3118       5364     3.7241 0.0000e+00
     74.000    11.0290   3.841087    34.3108       5387     3.7406 0.0000e+00
     73.000    11.0208   3.840183    34.3099       5409     3.7555 0.0000e+00
     72.000    11.0028   3.837531    34.3007       5431     3.7706 0.0000e+00
     71.000    10.9537   3.831731    34.2893       5453     3.7864 0.0000e+00
     70.000    10.8814   3.822405    34.2642       5476     3.8024 0.0000e+00
     69.000    10.8198   3.813924    34.2375       5500     3.8184 0.0000e+00
     68.000    10.7210   3.801080    34.2018       5525     3.8361 0.0000e+00
     67.000    10.6070   3.786920    34.1667       5557     3.8586 0.0000e+00
     66.000    10.5387   3.777399    34.1354       5591     3.8820 0.0000e+00
     65.000    10.4206   3.761559    34.0868       5619     3.9012 0.0000e+00
     64.000    10.2885   3.745171    34.0454       5643     3.9181 0.0000e+00
     63.000    10.1961   3.732065    33.9997       5666     3.9338 0.0000e+00
     62.000     9.9543   3.701435    33.9156       5688     3.9493 0.0000e+00
     61.000     9.8940   3.692776    33.8843       5711     3.9656 0.0000e+00
     60.000     9.7022   3.668770    33.8193       5737     3.9832 0.0000e+00
     59.000     9.6591   3.663315    33.8043       5764     4.0021 0.0000e+00
     58.000     9.6078   3.656162    33.7795       5793     4.0222 0.0000e+00
     57.000     9.5924   3.653777    33.7700       5822     4.0426 0.0000e+00
     56.000     9.6679   3.659197    33.7551       5849     4.0609 0.0000e+00
     55.000     9.7998   3.671081    33.7535       5872     4.0769 0.0000e+00
     54.000     9.8975   3.682354    33.7777       5895     4.0928 0.0000e+00
     53.000    10.0523   3.694685    33.7591       5921     4.1112 0.0000e+00
     52.000    10.2631   3.718880    33.8084       5950     4.1310 0.0000e+00
     51.000    10.3397   3.726261    33.8122       5975     4.1483 0.0000e+00
     50.000    10.4417   3.736640    33.8225       5997     4.1639 0.0000e+00
     49.000    10.4581   3.738347    33.8249       6020     4.1800 0.0000e+00
     48.000    10.4594   3.737948    33.8201       6048     4.1993 0.0000e+00
     47.000    10.4534   3.736675    33.8133       6086     4.2256 0.0000e+00
     46.000    10.4068   3.731440    33.8043       6118     4.2478 0.0000e+00
     45.000    10.3605   3.725856    33.7914       6138     4.2616 0.0000e+00
     44.000    10.3319   3.722364    33.7832       6155     4.2734 0.0000e+00
     43.000    10.2372   3.712133    33.7683       6172     4.2852 0.0000e+00
     42.000    10.0751   3.693187    33.7275       6191     4.2990 0.0000e+00
     41.000     9.8943   3.672757    33.6887       6219     4.3183 0.0000e+00
     40.000     9.7788   3.657544    33.6415       6261     4.3470 0.0000e+00
     39.000     9.6176   3.637840    33.5904       6298     4.3730 0.0000e+00
     38.000     9.2281   3.591005    33.4728       6325     4.3914 0.0000e+00
     37.000     9.2880   3.595920    33.4680       6346     4.4066 0.0000e+00
     36.000     9.2311   3.589884    33.4593       6366     4.4203 0.0000e+00
     35.000     9.1899   3.583911    33.4364       6385     4.4334 0.0000e+00
     34.000     9.0694   3.570655    33.4122       6404     4.4468 0.0000e+00
     33.000     8.9412   3.554325    33.3628       6426     4.4618 0.0000e+00
     32.000     8.7875   3.536135    33.3176       6456     4.4829 0.0000e+00
     31.000     8.6534   3.520532    33.2807       6496     4.5103 0.0000e+00
