HB2502/ctd007.cnv
* Sea-Bird SBE 9 Data File:
* FileName = C:\cruise\data\ctd007.hex
* Software Version Seasave V 7.26.7.121
* Temperature SN = 6768
* Conductivity SN = 6166
* Number of Bytes Per Scan = 37
* Number of Voltage Words = 4
* Number of Scans Averaged by the Deck Unit = 1
* NMEA Latitude = 39 09.63 N
* NMEA Longitude = 074 24.50 W
* NMEA UTC (Time) = Mar 08 2025 19:27:05
* NMEA baud rate = 4800
** Ship: Bigelow HB2502
** Program:  Spring Bottom Trawl
** Chief Scientist:Jon Galbraith
# nquan = 7
# nvalues = 35                          
# units = specified
# name 0 = depSM: Depth [salt water, m]
# name 1 = t090C: Temperature [ITS-90, deg C]
# name 2 = c0S/m: Conductivity [S/m]
# name 3 = sal00: Salinity, Practical [PSU]
# name 4 = scan: Scan Count
# name 5 = timeM: Time, Elapsed [minutes]
# name 6 = flag: flag
# span 0 =      1.000,     19.000       
# span 1 =     5.5383,     5.7681       
# span 2 =   3.108574,   3.228972       
# span 3 =    31.6162,    33.0594       
# span 4 =        148,       1993       
# span 5 =     0.1022,     1.3836       
# span 6 = 0.0000e+00, 0.0000e+00       
# interval = meters: 1                  
# start_time = Mar 08 2025 19:27:05 [NMEA time, header]
# bad_flag = -9.990e-29
*END*
      3.000     5.5906   3.228972    33.0594        148     0.1022 0.0000e+00
      4.000     5.5540   3.211023    32.8911        292     0.2018 0.0000e+00
      5.000     5.5530   3.207514    32.8518        308     0.2129 0.0000e+00
      6.000     5.5503   3.205332    32.8292        339     0.2349 0.0000e+00
      7.000     5.5493   3.205131    32.8274        374     0.2590 0.0000e+00
      8.000     5.5461   3.205008    32.8286        401     0.2775 0.0000e+00
      9.000     5.5440   3.204501    32.8244        423     0.2934 0.0000e+00
     10.000     5.5397   3.204356    32.8265        446     0.3089 0.0000e+00
     11.000     5.5388   3.204592    32.8295        476     0.3298 0.0000e+00
     12.000     5.5383   3.204600    32.8296        511     0.3539 0.0000e+00
     13.000     5.5407   3.204644    32.8272        536     0.3712 0.0000e+00
     14.000     5.5470   3.205809    32.8338        558     0.3865 0.0000e+00
     15.000     5.5518   3.206695    32.8386        583     0.4038 0.0000e+00
     16.000     5.6203   3.207496    32.7804        613     0.4252 0.0000e+00
     17.000     5.7120   3.209046    32.7082        643     0.4460 0.0000e+00
     18.000     5.7463   3.214296    32.7336        669     0.4642 0.0000e+00
     19.000     5.7246   3.210962    32.7166       1018     0.7061 0.0000e+00
     18.000     5.7265   3.212982    32.7380       1608     1.1157 0.0000e+00
     17.000     5.6770   3.215086    32.8104       1320     0.9162 0.0000e+00
     16.000     5.6664   3.216046    32.8322       1357     0.9415 0.0000e+00
     15.000     5.6409   3.218353    32.8837       1389     0.9641 0.0000e+00
     14.000     5.6422   3.220767    32.9103       1414     0.9814 0.0000e+00
     13.000     5.6465   3.221663    32.9166       1436     0.9968 0.0000e+00
     12.000     5.6489   3.222629    32.9258       1459     1.0126 0.0000e+00
     11.000     5.6645   3.222548    32.9101       1486     1.0315 0.0000e+00
     10.000     5.6717   3.221498    32.8917       1515     1.0517 0.0000e+00
      9.000     5.6749   3.220814    32.8813       1541     1.0692 0.0000e+00
      8.000     5.6775   3.220773    32.8788       1564     1.0855 0.0000e+00
      7.000     5.6953   3.220775    32.8620       1592     1.1049 0.0000e+00
      6.000     5.7135   3.220820    32.8452       1620     1.1245 0.0000e+00
      5.000     5.7195   3.221385    32.8462       1644     1.1408 0.0000e+00
      4.000     5.7406   3.222133    32.8346       1672     1.1603 0.0000e+00
      3.000     5.7681   3.223876    32.8280       1704     1.1828 0.0000e+00
      2.000     5.5712   3.220352    32.9811       1888     1.3102 0.0000e+00
      1.000     5.7247   3.108574    31.6162       1993     1.3836 0.0000e+00
