HB2502/ctd066.cnv
* Sea-Bird SBE 9 Data File:
* FileName = C:\cruise\data\ctd066.hex
* Software Version Seasave V 7.26.7.121
* Temperature SN = 6768
* Conductivity SN = 6166
* Number of Bytes Per Scan = 37
* Number of Voltage Words = 4
* Number of Scans Averaged by the Deck Unit = 1
* NMEA Latitude = 37 24.10 N
* NMEA Longitude = 075 27.17 W
* NMEA UTC (Time) = Mar 16 2025 21:31:47
* NMEA baud rate = 4800
** Ship: Bigelow HB2502
** Program:  Spring Bottom Trawl
** Chief Scientist:Jon Galbraith
# nquan = 7
# nvalues = 40                          
# units = specified
# name 0 = depSM: Depth [salt water, m]
# name 1 = t090C: Temperature [ITS-90, deg C]
# name 2 = c0S/m: Conductivity [S/m]
# name 3 = sal00: Salinity, Practical [PSU]
# name 4 = scan: Scan Count
# name 5 = timeM: Time, Elapsed [minutes]
# name 6 = flag: flag
# span 0 =      2.000,     22.000       
# span 1 =     7.1493,     8.2929       
# span 2 =   3.393477,   3.514361       
# span 3 =    32.9371,    33.7680       
# span 4 =        -73,       1984       
# span 5 =    -0.0511,     1.3767       
# span 6 = 0.0000e+00, 0.0000e+00       
# interval = meters: 1                  
# start_time = Mar 16 2025 21:31:47 [NMEA time, header]
# bad_flag = -9.990e-29
*END*
      3.000     8.0883   3.514361    33.7680        -73    -0.0511 0.0000e+00
      4.000     7.6421   3.458592    33.5989        173     0.1195 0.0000e+00
      5.000     7.6529   3.414078    33.1081        328     0.2269 0.0000e+00
      6.000     7.6499   3.409887    33.0653        362     0.2504 0.0000e+00
      7.000     7.6493   3.408384    33.0492        392     0.2713 0.0000e+00
      8.000     7.6499   3.407417    33.0378        417     0.2886 0.0000e+00
      9.000     7.6495   3.407138    33.0347        444     0.3079 0.0000e+00
     10.000     7.6488   3.406956    33.0330        478     0.3311 0.0000e+00
     11.000     7.6456   3.405609    33.0210        503     0.3486 0.0000e+00
     12.000     7.6228   3.403736    33.0220        523     0.3622 0.0000e+00
     13.000     7.5943   3.402291    33.0331        542     0.3754 0.0000e+00
     14.000     7.5781   3.402062    33.0455        565     0.3918 0.0000e+00
     15.000     7.5502   3.407868    33.1343        606     0.4204 0.0000e+00
     16.000     7.5167   3.405245    33.1374        646     0.4478 0.0000e+00
     17.000     7.4824   3.399167    33.1040        668     0.4635 0.0000e+00
     18.000     7.4517   3.395755    33.0960        689     0.4776 0.0000e+00
     19.000     7.4299   3.395228    33.1106        711     0.4931 0.0000e+00
     20.000     7.3411   3.398324    33.2288        738     0.5118 0.0000e+00
     21.000     7.2502   3.405354    33.3923        769     0.5332 0.0000e+00
     22.000     7.1621   3.407183    33.4971       1146     0.7953 0.0000e+00
     21.000     7.1807   3.403687    33.4414       1440     0.9992 0.0000e+00
     20.000     7.1493   3.403332    33.4685       1450     1.0062 0.0000e+00
     19.000     7.2873   3.400774    33.3077       1478     1.0260 0.0000e+00
     18.000     7.4400   3.398393    33.1358       1501     1.0419 0.0000e+00
     17.000     7.4464   3.397791    33.1236       1525     1.0585 0.0000e+00
     16.000     7.4896   3.397364    33.0783       1554     1.0782 0.0000e+00
     15.000     7.5334   3.396553    33.0282       1581     1.0973 0.0000e+00
     14.000     7.5689   3.395053    32.9787       1603     1.1128 0.0000e+00
     13.000     7.5671   3.393477    32.9639       1624     1.1272 0.0000e+00
     12.000     7.5480   3.393705    32.9850       1648     1.1437 0.0000e+00
     11.000     7.5179   3.397471    33.0548       1681     1.1667 0.0000e+00
     10.000     7.5060   3.400311    33.0973       1715     1.1902 0.0000e+00
      9.000     7.5242   3.408655    33.1705       1739     1.2071 0.0000e+00
      8.000     7.5919   3.418497    33.2125       1760     1.2218 0.0000e+00
      7.000     7.7519   3.422853    33.1074       1786     1.2399 0.0000e+00
      6.000     7.7027   3.419794    33.1217       1837     1.2747 0.0000e+00
      5.000     7.8219   3.425391    33.0690       1878     1.3035 0.0000e+00
      4.000     7.9455   3.437039    33.0770       1903     1.3209 0.0000e+00
      3.000     8.0883   3.448917    33.0693       1931     1.3404 0.0000e+00
      2.000     8.2929   3.454589    32.9371       1984     1.3767 0.0000e+00
