HB2502/ctd046.cnv
* Sea-Bird SBE 9 Data File:
* FileName = C:\cruise\data\ctd046.hex
* Software Version Seasave V 7.26.7.121
* Temperature SN = 6768
* Conductivity SN = 6166
* Number of Bytes Per Scan = 37
* Number of Voltage Words = 4
* Number of Scans Averaged by the Deck Unit = 1
* NMEA Latitude = 34 57.54 N
* NMEA Longitude = 075 52.06 W
* NMEA UTC (Time) = Mar 14 2025 07:00:01
* NMEA baud rate = 4800
** Ship: Bigelow HB2502
** Program:  Spring Bottom Trawl
** Chief Scientist:Jon Galbraith
# nquan = 7
# nvalues = 34                          
# units = specified
# name 0 = depSM: Depth [salt water, m]
# name 1 = t090C: Temperature [ITS-90, deg C]
# name 2 = c0S/m: Conductivity [S/m]
# name 3 = sal00: Salinity, Practical [PSU]
# name 4 = scan: Scan Count
# name 5 = timeM: Time, Elapsed [minutes]
# name 6 = flag: flag
# span 0 =      1.000,     19.000       
# span 1 =    18.4610,    18.8873       
# span 2 =   3.934375,   4.839955       
# span 3 =    29.4094,    36.4045       
# span 4 =        210,       2178       
# span 5 =     0.1451,     1.5118       
# span 6 = 0.0000e+00, 0.0000e+00       
# interval = meters: 1                  
# start_time = Mar 14 2025 07:00:01 [NMEA time, header]
# bad_flag = -9.990e-29
*END*
      4.000    18.8267   4.763045    35.7560        210     0.1451 0.0000e+00
      5.000    18.8735   4.813349    36.1389        352     0.2434 0.0000e+00
      6.000    18.8824   4.831611    36.2848        376     0.2605 0.0000e+00
      7.000    18.8839   4.834382    36.3064        409     0.2830 0.0000e+00
      8.000    18.8830   4.833316    36.2979        447     0.3097 0.0000e+00
      9.000    18.8857   4.833352    36.2955        483     0.3349 0.0000e+00
     10.000    18.8861   4.833856    36.2989        522     0.3618 0.0000e+00
     11.000    18.8864   4.835404    36.3113        566     0.3921 0.0000e+00
     12.000    18.8862   4.838772    36.3396        598     0.4149 0.0000e+00
     13.000    18.8870   4.839955    36.3484        622     0.4309 0.0000e+00
     14.000    18.8873   4.838625    36.3367        645     0.4473 0.0000e+00
     15.000    18.8817   4.830447    36.2721        686     0.4756 0.0000e+00
     16.000    18.8833   4.833150    36.2932        737     0.5112 0.0000e+00
     17.000    18.8813   4.839926    36.3517        767     0.5321 0.0000e+00
     18.000    18.8807   4.839645    36.3494        796     0.5518 0.0000e+00
     19.000    18.8813   4.832295    36.2865        820     0.5686 0.0000e+00
     18.000    18.7957   4.829769    36.3409       1396     0.9687 0.0000e+00
     17.000    18.7794   4.833884    36.3905       1437     0.9972 0.0000e+00
     16.000    18.7756   4.834440    36.3989       1467     1.0178 0.0000e+00
     15.000    18.7750   4.834998    36.4045       1498     1.0396 0.0000e+00
     14.000    18.7813   4.835177    36.4009       1526     1.0591 0.0000e+00
     13.000    18.7883   4.833402    36.3801       1549     1.0751 0.0000e+00
     12.000    18.7923   4.830982    36.3564       1570     1.0895 0.0000e+00
     11.000    18.7814   4.828411    36.3447       1590     1.1035 0.0000e+00
     10.000    18.7582   4.821495    36.3070       1614     1.1198 0.0000e+00
      9.000    18.7168   4.815142    36.2901       1644     1.1412 0.0000e+00
      8.000    18.6731   4.811105    36.2948       1676     1.1633 0.0000e+00
      7.000    18.6395   4.809648    36.3125       1701     1.1805 0.0000e+00
      6.000    18.5813   4.806208    36.3350       1723     1.1960 0.0000e+00
      5.000    18.5219   4.801005    36.3437       1752     1.2162 0.0000e+00
      4.000    18.4610   4.786668    36.2761       1785     1.2387 0.0000e+00
      3.000    18.6000   4.800429    36.2708       2020     1.4019 0.0000e+00
      2.000    18.4830   4.801273    36.3816       2123     1.4739 0.0000e+00
      1.000    18.5662   3.934375    29.4094       2178     1.5118 0.0000e+00
