HB2502/ctd051.cnv
* Sea-Bird SBE 9 Data File:
* FileName = C:\cruise\data\ctd051.hex
* Software Version Seasave V 7.26.7.121
* Temperature SN = 6768
* Conductivity SN = 6166
* Number of Bytes Per Scan = 37
* Number of Voltage Words = 4
* Number of Scans Averaged by the Deck Unit = 1
* NMEA Latitude = 34 40.82 N
* NMEA Longitude = 075 37.79 W
* NMEA UTC (Time) = Mar 14 2025 17:14:32
* NMEA baud rate = 4800
** Ship: Bigelow HB2502
** Program:  Spring Bottom Trawl
** Chief Scientist:Jon Galbraith
# nquan = 7
# nvalues = 251                         
# units = specified
# name 0 = depSM: Depth [salt water, m]
# name 1 = t090C: Temperature [ITS-90, deg C]
# name 2 = c0S/m: Conductivity [S/m]
# name 3 = sal00: Salinity, Practical [PSU]
# name 4 = scan: Scan Count
# name 5 = timeM: Time, Elapsed [minutes]
# name 6 = flag: flag
# span 0 =      1.000,    128.000       
# span 1 =    20.7862,    23.7030       
# span 2 =   3.829142,   5.363989       
# span 3 =    25.6360,    36.6194       
# span 4 =        183,       7908       
# span 5 =     0.1263,     5.4906       
# span 6 = 0.0000e+00, 0.0000e+00       
# interval = meters: 1                  
# start_time = Mar 14 2025 17:14:32 [NMEA time, header]
# bad_flag = -9.990e-29
*END*
[from data line 206]
     45.000    22.8196   5.272558    36.4752       6354     4.4121 0.0000e+00
     44.000    22.8642   5.276921    36.4723       6385     4.4332 0.0000e+00
     43.000    22.9245   5.282605    36.4667       6418     4.4562 0.0000e+00
     42.000    23.0098   5.290681    36.4588       6447     4.4761 0.0000e+00
     41.000    23.0700   5.297063    36.4587       6469     4.4916 0.0000e+00
     40.000    23.1049   5.300682    36.4580       6488     4.5049 0.0000e+00
     39.000    23.1277   5.303202    36.4590       6507     4.5179 0.0000e+00
     38.000    23.1561   5.306389    36.4605       6529     4.5336 0.0000e+00
     37.000    23.1887   5.309873    36.4608       6561     4.5553 0.0000e+00
     36.000    23.2030   5.311598    36.4626       6594     4.5787 0.0000e+00
     35.000    23.2277   5.314136    36.4621       6621     4.5975 0.0000e+00
     34.000    23.2461   5.316129    36.4626       6643     4.6127 0.0000e+00
     33.000    23.2531   5.316809    36.4624       6664     4.6269 0.0000e+00
     32.000    23.2562   5.317051    36.4621       6687     4.6429 0.0000e+00
     31.000    23.2627   5.317489    36.4604       6713     4.6614 0.0000e+00
     30.000    23.2684   5.317867    36.4590       6740     4.6801 0.0000e+00
     29.000    23.2788   5.318833    36.4581       6769     4.7000 0.0000e+00
     28.000    23.2897   5.319964    36.4582       6799     4.7210 0.0000e+00
     27.000    23.3042   5.321437    36.4579       6823     4.7378 0.0000e+00
     26.000    23.3212   5.323160    36.4575       6844     4.7520 0.0000e+00
     25.000    23.3302   5.324088    36.4575       6864     4.7661 0.0000e+00
     24.000    23.3328   5.324403    36.4581       6890     4.7840 0.0000e+00
     23.000    23.3366   5.324787    36.4583       6923     4.8066 0.0000e+00
     22.000    23.3460   5.325711    36.4581       6954     4.8286 0.0000e+00
     21.000    23.3689   5.327991    36.4570       6979     4.8456 0.0000e+00
     20.000    23.4051   5.331618    36.4553       7001     4.8608 0.0000e+00
     19.000    23.4239   5.333601    36.4555       7023     4.8763 0.0000e+00
     18.000    23.4403   5.335255    36.4549       7049     4.8946 0.0000e+00
     17.000    23.4773   5.339120    36.4545       7081     4.9164 0.0000e+00
     16.000    23.4886   5.340319    36.4547       7108     4.9351 0.0000e+00
     15.000    23.5050   5.341908    36.4537       7130     4.9505 0.0000e+00
     14.000    23.5412   5.345647    36.4530       7152     4.9662 0.0000e+00
     13.000    23.5664   5.348461    36.4541       7179     4.9850 0.0000e+00
     12.000    23.5778   5.349818    36.4555       7210     5.0066 0.0000e+00
     11.000    23.5930   5.351392    36.4554       7243     5.0293 0.0000e+00
     10.000    23.6391   5.356191    36.4546       7275     5.0515 0.0000e+00
      9.000    23.6813   5.361137    36.4580       7300     5.0689 0.0000e+00
      8.000    23.6975   5.363144    36.4604       7337     5.0943 0.0000e+00
      7.000    23.7030   5.363989    36.4627       7387     5.1291 0.0000e+00
      6.000    23.7022   5.363849    36.4626       7414     5.1480 0.0000e+00
      5.000    23.7013   5.363734    36.4629       7460     5.1799 0.0000e+00
      4.000    23.6973   5.363454    36.4643       7526     5.2258 0.0000e+00
      3.000    23.6941   5.363231    36.4656       7736     5.3714 0.0000e+00
      2.000    23.6906   5.362933    36.4665       7897     5.4830 0.0000e+00
      1.000    23.6717   3.829142    25.6360       7908     5.4906 0.0000e+00
