HB2502/ctd098.cnv
* Sea-Bird SBE 9 Data File:
* FileName = C:\cruise\data\ctd098.hex
* Software Version Seasave V 7.26.7.121
* Temperature SN = 6768
* Conductivity SN = 6166
* Number of Bytes Per Scan = 37
* Number of Voltage Words = 4
* Number of Scans Averaged by the Deck Unit = 1
* NMEA Latitude = 41 00.05 N
* NMEA Longitude = 071 52.98 W
* NMEA UTC (Time) = Mar 22 2025 18:19:35
* NMEA baud rate = 4800
** Ship: Bigelow HB2502
** Program:  Spring Bottom Trawl
** Chief Scientist:Jon Galbraith
# nquan = 7
# nvalues = 33                          
# units = specified
# name 0 = depSM: Depth [salt water, m]
# name 1 = t090C: Temperature [ITS-90, deg C]
# name 2 = c0S/m: Conductivity [S/m]
# name 3 = sal00: Salinity, Practical [PSU]
# name 4 = scan: Scan Count
# name 5 = timeM: Time, Elapsed [minutes]
# name 6 = flag: flag
# span 0 =      2.000,     19.000       
# span 1 =     5.6253,     6.4466       
# span 2 =   3.137018,   3.202980       
# span 3 =    31.8382,    32.3248       
# span 4 =        267,       1897       
# span 5 =     0.1850,     1.3163       
# span 6 = 0.0000e+00, 0.0000e+00       
# interval = meters: 1                  
# start_time = Mar 22 2025 18:19:35 [NMEA time, header]
# bad_flag = -9.990e-29
*END*
      4.000     5.9375   3.193702    32.3248        267     0.1850 0.0000e+00
      5.000     5.9158   3.155893    31.9213        458     0.3170 0.0000e+00
      6.000     5.9176   3.151974    31.8753        487     0.3372 0.0000e+00
      7.000     5.9138   3.151080    31.8684        546     0.3782 0.0000e+00
      8.000     5.9151   3.149513    31.8491        591     0.4100 0.0000e+00
      9.000     5.9185   3.148873    31.8382        622     0.4310 0.0000e+00
     10.000     5.8985   3.149300    31.8614        669     0.4640 0.0000e+00
     11.000     5.8913   3.146950    31.8414        715     0.4959 0.0000e+00
     12.000     5.8668   3.145218    31.8447        745     0.5165 0.0000e+00
     13.000     5.8078   3.145598    31.9041        785     0.5444 0.0000e+00
     14.000     5.7338   3.144146    31.9573        836     0.5798 0.0000e+00
     15.000     5.7096   3.139122    31.9232        870     0.6037 0.0000e+00
     16.000     5.6791   3.139802    31.9593        916     0.6353 0.0000e+00
     17.000     5.6665   3.138148    31.9521        960     0.6656 0.0000e+00
     18.000     5.6449   3.137018    31.9595        995     0.6900 0.0000e+00
     19.000     5.6253   3.146081    32.0798       1154     0.8009 0.0000e+00
     18.000     5.6634   3.146687    32.0508       1475     1.0236 0.0000e+00
     17.000     5.7446   3.145402    31.9598       1520     1.0550 0.0000e+00
     16.000     5.8027   3.144967    31.9003       1547     1.0733 0.0000e+00
     15.000     5.8447   3.146594    31.8794       1570     1.0897 0.0000e+00
     14.000     5.8694   3.147620    31.8681       1593     1.1058 0.0000e+00
     13.000     5.8788   3.148084    31.8649       1620     1.1240 0.0000e+00
     12.000     5.8851   3.148435    31.8634       1648     1.1435 0.0000e+00
     11.000     5.8837   3.150593    31.8894       1675     1.1625 0.0000e+00
     10.000     5.8809   3.158694    31.9833       1703     1.1822 0.0000e+00
      9.000     5.9031   3.165450    32.0385       1728     1.1993 0.0000e+00
      8.000     6.0249   3.170969    31.9854       1750     1.2143 0.0000e+00
      7.000     6.1268   3.173933    31.9229       1773     1.2304 0.0000e+00
      6.000     6.2152   3.174170    31.8430       1808     1.2550 0.0000e+00
      5.000     6.2241   3.180624    31.9068       1836     1.2746 0.0000e+00
      4.000     6.3249   3.187935    31.8938       1855     1.2875 0.0000e+00
      3.000     6.4068   3.200407    31.9555       1872     1.2996 0.0000e+00
      2.000     6.4466   3.202980    31.9474       1897     1.3163 0.0000e+00
