HB2502/ctd069.cnv
* Sea-Bird SBE 9 Data File:
* FileName = C:\cruise\data\ctd069.hex
* Software Version Seasave V 7.26.7.121
* Temperature SN = 6768
* Conductivity SN = 6166
* Number of Bytes Per Scan = 37
* Number of Voltage Words = 4
* Number of Scans Averaged by the Deck Unit = 1
* NMEA Latitude = 37 53.96 N
* NMEA Longitude = 075 05.56 W
* NMEA UTC (Time) = Mar 17 2025 23:44:59
* NMEA baud rate = 4800
** Ship: Bigelow HB2502
** Program:  Spring Bottom Trawl
** Chief Scientist:Jon Galbraith
# nquan = 7
# nvalues = 36                          
# units = specified
# name 0 = depSM: Depth [salt water, m]
# name 1 = t090C: Temperature [ITS-90, deg C]
# name 2 = c0S/m: Conductivity [S/m]
# name 3 = sal00: Salinity, Practical [PSU]
# name 4 = scan: Scan Count
# name 5 = timeM: Time, Elapsed [minutes]
# name 6 = flag: flag
# span 0 =      2.000,     20.000       
# span 1 =     7.0288,     7.2850       
# span 2 =   3.330389,   3.374578       
# span 3 =    32.7352,    33.1802       
# span 4 =        -52,       2657       
# span 5 =    -0.0366,     1.8448       
# span 6 = 0.0000e+00, 0.0000e+00       
# interval = meters: 1                  
# start_time = Mar 17 2025 23:44:59 [NMEA time, header]
# bad_flag = -9.990e-29
*END*
      3.000     7.1314   3.374578    33.1802        -52    -0.0366 0.0000e+00
      4.000     7.0958   3.362061    33.0773         66     0.0453 0.0000e+00
      5.000     7.0807   3.341756    32.8697        348     0.2407 0.0000e+00
      6.000     7.0803   3.330997    32.7522        539     0.3738 0.0000e+00
      7.000     7.0907   3.330389    32.7352        557     0.3860 0.0000e+00
      8.000     7.0845   3.330704    32.7440        593     0.4109 0.0000e+00
      9.000     7.0643   3.331127    32.7674        633     0.4391 0.0000e+00
     10.000     7.0507   3.330658    32.7747        673     0.4667 0.0000e+00
     11.000     7.0446   3.330405    32.7773        700     0.4855 0.0000e+00
     12.000     7.0448   3.332790    32.8027        739     0.5123 0.0000e+00
     13.000     7.0600   3.333848    32.7993        798     0.5533 0.0000e+00
     14.000     7.0460   3.336392    32.8399        827     0.5738 0.0000e+00
     15.000     7.0373   3.338263    32.8682        875     0.6069 0.0000e+00
     16.000     7.0356   3.338935    32.8766        921     0.6391 0.0000e+00
     17.000     7.0349   3.339119    32.8789        955     0.6624 0.0000e+00
     18.000     7.0342   3.339992    32.8885        992     0.6884 0.0000e+00
     19.000     7.0306   3.340575    32.8978       1026     0.7115 0.0000e+00
     20.000     7.0288   3.340645    32.8998       1653     1.1469 0.0000e+00
     19.000     7.0305   3.340083    32.8926       1879     1.3042 0.0000e+00
     18.000     7.0321   3.339967    32.8902       1907     1.3239 0.0000e+00
     17.000     7.0370   3.339227    32.8780       1934     1.3427 0.0000e+00
     16.000     7.0418   3.338755    32.8687       1973     1.3694 0.0000e+00
     15.000     7.0594   3.338734    32.8522       2000     1.3883 0.0000e+00
     14.000     7.0688   3.339291    32.8498       2024     1.4050 0.0000e+00
     13.000     7.0640   3.339937    32.8619       2058     1.4283 0.0000e+00
     12.000     7.0808   3.340645    32.8540       2090     1.4504 0.0000e+00
     11.000     7.0859   3.341617    32.8603       2109     1.4640 0.0000e+00
     10.000     7.1031   3.344336    32.8740       2127     1.4761 0.0000e+00
      9.000     7.1304   3.345741    32.8638       2146     1.4893 0.0000e+00
      8.000     7.1859   3.346610    32.8209       2175     1.5095 0.0000e+00
      7.000     7.1652   3.346109    32.8356       2215     1.5377 0.0000e+00
      6.000     7.2043   3.347421    32.8132       2251     1.5626 0.0000e+00
      5.000     7.2403   3.350637    32.8145       2275     1.5789 0.0000e+00
      4.000     7.2850   3.358829    32.8613       2293     1.5917 0.0000e+00
      3.000     7.1839   3.349938    32.8615       2468     1.7134 0.0000e+00
      2.000     7.1734   3.345761    32.8265       2657     1.8448 0.0000e+00
