HB2502/ctd076.cnv
* Sea-Bird SBE 9 Data File:
* FileName = C:\cruise\data\ctd076.hex
* Software Version Seasave V 7.26.7.121
* Temperature SN = 6768
* Conductivity SN = 6166
* Number of Bytes Per Scan = 37
* Number of Voltage Words = 4
* Number of Scans Averaged by the Deck Unit = 1
* NMEA Latitude = 38 57.63 N
* NMEA Longitude = 073 01.86 W
* NMEA UTC (Time) = Mar 19 2025 22:10:20
* NMEA baud rate = 4800
** Ship: Bigelow HB2502
** Program:  Spring Bottom Trawl
** Chief Scientist:Jon Galbraith
# nquan = 7
# nvalues = 155                         
# units = specified
# name 0 = depSM: Depth [salt water, m]
# name 1 = t090C: Temperature [ITS-90, deg C]
# name 2 = c0S/m: Conductivity [S/m]
# name 3 = sal00: Salinity, Practical [PSU]
# name 4 = scan: Scan Count
# name 5 = timeM: Time, Elapsed [minutes]
# name 6 = flag: flag
# span 0 =      1.000,     79.000       
# span 1 =     7.3018,     7.7095       
# span 2 =   1.437272,   3.469345       
# span 3 =    13.3248,    33.6631       
# span 4 =        -17,       5279       
# span 5 =    -0.0124,     3.6650       
# span 6 = 0.0000e+00, 0.0000e+00       
# interval = meters: 1                  
# start_time = Mar 19 2025 22:10:20 [NMEA time, header]
# bad_flag = -9.990e-29
*END*
      3.000     7.6009   3.460803    33.6631        -17    -0.0124 0.0000e+00
      4.000     7.4866   3.419151    33.3226        258     0.1786 0.0000e+00
      5.000     7.5039   3.398415    33.0812        356     0.2465 0.0000e+00
      6.000     7.5070   3.396706    33.0593        377     0.2609 0.0000e+00
      7.000     7.5066   3.396454    33.0564        397     0.2749 0.0000e+00
      8.000     7.5035   3.398681    33.0830        435     0.3013 0.0000e+00
      9.000     7.4571   3.394906    33.0859        479     0.3321 0.0000e+00
     10.000     7.4248   3.391247    33.0768        499     0.3457 0.0000e+00
     11.000     7.4217   3.390541    33.0716        515     0.3572 0.0000e+00
     12.000     7.4276   3.390863    33.0689        533     0.3696 0.0000e+00
     13.000     7.4285   3.392616    33.0866        562     0.3894 0.0000e+00
     14.000     7.4280   3.393942    33.1009        605     0.4196 0.0000e+00
     15.000     7.4276   3.391725    33.0768        633     0.4389 0.0000e+00
     16.000     7.4267   3.391064    33.0700        656     0.4549 0.0000e+00
     17.000     7.4218   3.391805    33.0823        682     0.4730 0.0000e+00
     18.000     7.4113   3.392623    33.1006        710     0.4925 0.0000e+00
     19.000     7.4049   3.390998    33.0887        732     0.5078 0.0000e+00
     20.000     7.3975   3.389599    33.0801        751     0.5206 0.0000e+00
     21.000     7.3901   3.388942    33.0796        770     0.5339 0.0000e+00
     22.000     7.3839   3.392080    33.1190        796     0.5517 0.0000e+00
     23.000     7.3800   3.395812    33.1628        846     0.5868 0.0000e+00
     24.000     7.3668   3.392609    33.1402        893     0.6192 0.0000e+00
     25.000     7.3588   3.387474    33.0917        913     0.6333 0.0000e+00
     26.000     7.3534   3.386027    33.0807        929     0.6447 0.0000e+00
     27.000     7.3442   3.385503    33.0833        944     0.6550 0.0000e+00
     28.000     7.3397   3.385327    33.0852        959     0.6654 0.0000e+00
     29.000     7.3374   3.385390    33.0876        978     0.6782 0.0000e+00
     30.000     7.3361   3.386392    33.0992       1009     0.6997 0.0000e+00
     31.000     7.3372   3.387574    33.1105       1066     0.7393 0.0000e+00
     32.000     7.3378   3.386871    33.1018       1100     0.7630 0.0000e+00
     33.000     7.3366   3.386887    33.1027       1122     0.7788 0.0000e+00
     34.000     7.3293   3.387192    33.1125       1142     0.7925 0.0000e+00
     35.000     7.3176   3.387457    33.1261       1161     0.8058 0.0000e+00
     36.000     7.3067   3.388005    33.1420       1182     0.8199 0.0000e+00
     37.000     7.3028   3.388638    33.1521       1204     0.8353 0.0000e+00
     38.000     7.3077   3.389477    33.1561       1229     0.8531 0.0000e+00
     39.000     7.3197   3.390815    33.1586       1266     0.8784 0.0000e+00
     40.000     7.3244   3.392156    33.1682       1304     0.9051 0.0000e+00
     41.000     7.3254   3.393184    33.1779       1330     0.9233 0.0000e+00
     42.000     7.3251   3.394140    33.1881       1353     0.9385 0.0000e+00
     43.000     7.3227   3.395216    33.2016       1375     0.9541 0.0000e+00
     44.000     7.3196   3.396345    33.2163       1401     0.9720 0.0000e+00
     45.000     7.3218   3.398041    33.2322       1429     0.9917 0.0000e+00
     46.000     7.3280   3.400239    33.2496       1458     1.0119 0.0000e+00
     47.000     7.3314   3.402149    33.2665       1492     1.0354 0.0000e+00
     48.000     7.3363   3.403774    33.2790       1523     1.0568 0.0000e+00
     49.000     7.3385   3.405325    33.2932       1544     1.0713 0.0000e+00
     50.000     7.3327   3.406986    33.3164       1561     1.0830 0.0000e+00
     51.000     7.3218   3.407760    33.3348       1577     1.0947 0.0000e+00
     52.000     7.3158   3.408153    33.3443       1600     1.1101 0.0000e+00
     53.000     7.3126   3.408774    33.3537       1658     1.1510 0.0000e+00
     54.000     7.3175   3.410894    33.3715       1698     1.1783 0.0000e+00
     55.000     7.3139   3.411459    33.3807       1716     1.1907 0.0000e+00
     56.000     7.3350   3.414870    33.3969       1731     1.2012 0.0000e+00
     57.000     7.3494   3.418285    33.4196       1745     1.2112 0.0000e+00
     58.000     7.3914   3.423602    33.4363       1762     1.2226 0.0000e+00
     59.000     7.5286   3.441430    33.4964       1784     1.2385 0.0000e+00
     60.000     7.6035   3.453236    33.5511       1839     1.2764 0.0000e+00
     61.000     7.6550   3.460359    33.5778       1881     1.3056 0.0000e+00
     62.000     7.6642   3.461810    33.5841       1901     1.3194 0.0000e+00
     63.000     7.6919   3.465426    33.5958       1920     1.3323 0.0000e+00
     64.000     7.6987   3.466632    33.6018       1939     1.3457 0.0000e+00
     65.000     7.7013   3.467088    33.6037       1962     1.3617 0.0000e+00
     66.000     7.6968   3.466653    33.6028       1990     1.3813 0.0000e+00
     67.000     7.7011   3.467220    33.6044       2018     1.4006 0.0000e+00
     68.000     7.7033   3.467665    33.6066       2042     1.4170 0.0000e+00
     69.000     7.7010   3.467420    33.6056       2066     1.4338 0.0000e+00
     70.000     7.7013   3.467531    33.6060       2100     1.4575 0.0000e+00
     71.000     7.7024   3.467730    33.6067       2137     1.4831 0.0000e+00
     72.000     7.7035   3.467934    33.6073       2163     1.5016 0.0000e+00
     73.000     7.7078   3.468575    33.6096       2188     1.5189 0.0000e+00
     74.000     7.7081   3.468669    33.6099       2217     1.5392 0.0000e+00
     75.000     7.7083   3.468778    33.6103       2247     1.5600 0.0000e+00
     76.000     7.7082   3.468841    33.6106       2272     1.5768 0.0000e+00
     77.000     7.7083   3.468867    33.6103       2292     1.5913 0.0000e+00
     78.000     7.7083   3.468802    33.6091       2315     1.6069 0.0000e+00
     79.000     7.7095   3.469345    33.6134       2957     2.0526 0.0000e+00
     78.000     7.7087   3.469062    33.6116       3110     2.1587 0.0000e+00
     77.000     7.7095   3.469165    33.6124       3034     2.1061 0.0000e+00
     76.000     7.7092   3.469076    33.6122       3057     2.1222 0.0000e+00
     75.000     7.7092   3.469004    33.6119       3090     2.1449 0.0000e+00
     74.000     7.7090   3.468864    33.6111       3132     2.1744 0.0000e+00
     73.000     7.7087   3.468759    33.6107       3163     2.1961 0.0000e+00
     72.000     7.7086   3.468716    33.6108       3190     2.2148 0.0000e+00
     71.000     7.7078   3.468549    33.6103       3214     2.2309 0.0000e+00
     70.000     7.7072   3.468447    33.6102       3233     2.2443 0.0000e+00
     69.000     7.7067   3.468337    33.6100       3250     2.2561 0.0000e+00
     68.000     7.7062   3.468229    33.6099       3266     2.2677 0.0000e+00
     67.000     7.7043   3.467930    33.6089       3286     2.2814 0.0000e+00
     66.000     7.7026   3.467657    33.6081       3326     2.3093 0.0000e+00
     65.000     7.7031   3.467695    33.6084       3376     2.3437 0.0000e+00
     64.000     7.7035   3.467721    33.6088       3397     2.3584 0.0000e+00
     63.000     7.7026   3.467564    33.6085       3416     2.3712 0.0000e+00
     62.000     7.7015   3.467389    33.6081       3433     2.3833 0.0000e+00
     61.000     7.6995   3.467068    33.6071       3451     2.3959 0.0000e+00
     60.000     7.6674   3.462736    33.5919       3473     2.4111 0.0000e+00
     59.000     7.6437   3.459368    33.5790       3505     2.4332 0.0000e+00
     58.000     7.6457   3.459434    33.5782       3544     2.4605 0.0000e+00
     57.000     7.5575   3.447330    33.5332       3572     2.4801 0.0000e+00
     56.000     7.4226   3.429153    33.4673       3599     2.4988 0.0000e+00
     55.000     7.3579   3.419182    33.4221       3626     2.5176 0.0000e+00
     54.000     7.3269   3.413813    33.3942       3649     2.5335 0.0000e+00
     53.000     7.3205   3.412037    33.3815       3668     2.5467 0.0000e+00
     52.000     7.3210   3.410968    33.3699       3685     2.5584 0.0000e+00
     51.000     7.3209   3.409926    33.3592       3702     2.5704 0.0000e+00
     50.000     7.3239   3.408779    33.3443       3725     2.5864 0.0000e+00
     49.000     7.3383   3.405988    33.3006       3778     2.6231 0.0000e+00
     48.000     7.3389   3.405129    33.2912       3814     2.6477 0.0000e+00
     47.000     7.3367   3.403910    33.2806       3833     2.6609 0.0000e+00
     46.000     7.3332   3.402989    33.2745       3850     2.6732 0.0000e+00
     45.000     7.3318   3.402246    33.2682       3870     2.6868 0.0000e+00
     44.000     7.3279   3.400914    33.2580       3896     2.7049 0.0000e+00
     43.000     7.3254   3.400035    33.2513       3928     2.7273 0.0000e+00
     42.000     7.3226   3.398818    33.2413       3957     2.7472 0.0000e+00
     41.000     7.3242   3.396566    33.2158       3981     2.7638 0.0000e+00
     40.000     7.3272   3.396196    33.2094       4003     2.7789 0.0000e+00
     39.000     7.3265   3.395743    33.2056       4027     2.7955 0.0000e+00
     38.000     7.3254   3.394736    33.1962       4055     2.8152 0.0000e+00
     37.000     7.3234   3.393894    33.1895       4083     2.8347 0.0000e+00
     36.000     7.3108   3.390942    33.1700       4108     2.8522 0.0000e+00
     35.000     7.3018   3.388263    33.1500       4134     2.8705 0.0000e+00
     34.000     7.3061   3.387316    33.1361       4166     2.8922 0.0000e+00
     33.000     7.3134   3.386757    33.1235       4197     2.9136 0.0000e+00
     32.000     7.3273   3.385728    33.0995       4220     2.9296 0.0000e+00
     31.000     7.3348   3.385068    33.0856       4239     2.9430 0.0000e+00
     30.000     7.3359   3.384455    33.0784       4259     2.9567 0.0000e+00
     29.000     7.3350   3.383443    33.0688       4285     2.9748 0.0000e+00
     28.000     7.3347   3.383156    33.0665       4321     3.0002 0.0000e+00
     27.000     7.3357   3.382629    33.0603       4351     3.0207 0.0000e+00
     26.000     7.3371   3.381778    33.0502       4373     3.0361 0.0000e+00
     25.000     7.3373   3.381493    33.0474       4394     3.0504 0.0000e+00
     24.000     7.3387   3.381107    33.0423       4416     3.0662 0.0000e+00
     23.000     7.3436   3.381187    33.0390       4445     3.0863 0.0000e+00
     22.000     7.3528   3.381457    33.0336       4481     3.1110 0.0000e+00
     21.000     7.3578   3.381648    33.0314       4513     3.1333 0.0000e+00
     20.000     7.3737   3.382464    33.0255       4537     3.1498 0.0000e+00
     19.000     7.3858   3.383375    33.0244       4556     3.1633 0.0000e+00
     18.000     7.3962   3.384302    33.0250       4575     3.1761 0.0000e+00
     17.000     7.4044   3.385124    33.0265       4594     3.1898 0.0000e+00
     16.000     7.4149   3.385956    33.0260       4620     3.2074 0.0000e+00
     15.000     7.4224   3.386630    33.0267       4659     3.2347 0.0000e+00
     14.000     7.4242   3.386713    33.0263       4696     3.2602 0.0000e+00
     13.000     7.4320   3.387222    33.0248       4719     3.2762 0.0000e+00
     12.000     7.4342   3.387334    33.0245       4739     3.2900 0.0000e+00
     11.000     7.4321   3.387062    33.0240       4760     3.3048 0.0000e+00
     10.000     7.4343   3.386941    33.0210       4786     3.3228 0.0000e+00
      9.000     7.4442   3.387407    33.0171       4814     3.3425 0.0000e+00
      8.000     7.4727   3.389002    33.0077       4839     3.3596 0.0000e+00
      7.000     7.5008   3.390875    33.0017       4863     3.3765 0.0000e+00
      6.000     7.5027   3.391117    33.0030       4893     3.3973 0.0000e+00
      5.000     7.5024   3.390990    33.0024       4925     3.4193 0.0000e+00
      4.000     7.5019   3.390977    33.0031       4955     3.4400 0.0000e+00
      3.000     7.5008   3.390851    33.0033       4978     3.4559 0.0000e+00
      2.000     7.5016   3.390816    33.0027       5215     3.6210 0.0000e+00
      1.000     7.4413   1.437272    13.3248       5279     3.6650 0.0000e+00
