HB2502/ctd055.cnv
* Sea-Bird SBE 9 Data File:
* FileName = C:\cruise\data\ctd055.hex
* Software Version Seasave V 7.26.7.121
* Temperature SN = 6768
* Conductivity SN = 6166
* Number of Bytes Per Scan = 37
* Number of Voltage Words = 4
* Number of Scans Averaged by the Deck Unit = 1
* NMEA Latitude = 34 49.91 N
* NMEA Longitude = 075 28.64 W
* NMEA UTC (Time) = Mar 15 2025 00:51:09
* NMEA baud rate = 4800
** Ship: Bigelow HB2502
** Program:  Spring Bottom Trawl
** Chief Scientist:Jon Galbraith
# nquan = 7
# nvalues = 274                         
# units = specified
# name 0 = depSM: Depth [salt water, m]
# name 1 = t090C: Temperature [ITS-90, deg C]
# name 2 = c0S/m: Conductivity [S/m]
# name 3 = sal00: Salinity, Practical [PSU]
# name 4 = scan: Scan Count
# name 5 = timeM: Time, Elapsed [minutes]
# name 6 = flag: flag
# span 0 =      1.000,    139.000       
# span 1 =    18.8319,    24.2977       
# span 2 =   3.026866,   5.429312       
# span 3 =    19.9041,    36.9466       
# span 4 =        195,       8848       
# span 5 =     0.1349,     6.1434       
# span 6 = 0.0000e+00, 0.0000e+00       
# interval = meters: 1                  
# start_time = Mar 15 2025 00:51:09 [NMEA time, header]
# bad_flag = -9.990e-29
*END*
      4.000    24.1705   5.262265    35.3130        195     0.1349 0.0000e+00
      5.000    24.2831   5.391958    36.2024        358     0.2478 0.0000e+00
      6.000    24.2908   5.403235    36.2811        377     0.2609 0.0000e+00
      7.000    24.2929   5.406384    36.3028        408     0.2824 0.0000e+00
      8.000    24.2952   5.409387    36.3234        442     0.3062 0.0000e+00
      9.000    24.2977   5.412258    36.3428        468     0.3240 0.0000e+00
     10.000    24.2973   5.415118    36.3644        489     0.3387 0.0000e+00
     11.000    24.2957   5.416527    36.3760        510     0.3535 0.0000e+00
     12.000    24.2955   5.414831    36.3630        539     0.3738 0.0000e+00
     13.000    24.2926   5.413552    36.3553        577     0.3999 0.0000e+00
     14.000    24.2931   5.418620    36.3930        603     0.4180 0.0000e+00
     15.000    24.2947   5.421083    36.4099        624     0.4323 0.0000e+00
     16.000    24.2914   5.421385    36.4146        645     0.4475 0.0000e+00
     17.000    24.2881   5.417939    36.3909        674     0.4672 0.0000e+00
     18.000    24.2908   5.415139    36.3672        709     0.4915 0.0000e+00
     19.000    24.2904   5.420565    36.4082        738     0.5115 0.0000e+00
     20.000    24.2900   5.423133    36.4276        760     0.5271 0.0000e+00
     21.000    24.2869   5.423816    36.4350        782     0.5420 0.0000e+00
     22.000    24.2732   5.421116    36.4254        807     0.5597 0.0000e+00
     23.000    24.2608   5.410785    36.3569        839     0.5819 0.0000e+00
     24.000    24.2181   5.413183    36.4096        869     0.6028 0.0000e+00
     25.000    24.1552   5.419854    36.5113        896     0.6213 0.0000e+00
     26.000    24.0806   5.417039    36.5507        922     0.6393 0.0000e+00
     27.000    24.0097   5.413164    36.5791        947     0.6571 0.0000e+00
     28.000    23.9430   5.408638    36.5991        974     0.6754 0.0000e+00
     29.000    23.8657   5.402305    36.6142       1000     0.6938 0.0000e+00
     30.000    23.7572   5.395482    36.6513       1027     0.7123 0.0000e+00
     31.000    23.6557   5.388137    36.6787       1054     0.7312 0.0000e+00
     32.000    23.5187   5.380122    36.7304       1080     0.7496 0.0000e+00
     33.000    23.4243   5.370179    36.7321       1105     0.7668 0.0000e+00
     34.000    23.2576   5.361438    36.8034       1131     0.7846 0.0000e+00
     35.000    23.0852   5.353793    36.8883       1160     0.8051 0.0000e+00
     36.000    22.8995   5.338852    36.9280       1189     0.8250 0.0000e+00
     37.000    22.7580   5.322025    36.9157       1213     0.8418 0.0000e+00
     38.000    22.6406   5.307064    36.8976       1237     0.8581 0.0000e+00
     39.000    22.5510   5.297674    36.8994       1263     0.8764 0.0000e+00
     40.000    22.4732   5.288375    36.8920       1291     0.8957 0.0000e+00
     41.000    22.4267   5.279324    36.8598       1316     0.9131 0.0000e+00
     42.000    22.3493   5.271754    36.8655       1341     0.9303 0.0000e+00
     43.000    22.2547   5.266065    36.9007       1368     0.9496 0.0000e+00
     44.000    22.1678   5.258683    36.9160       1398     0.9703 0.0000e+00
     45.000    22.1311   5.247883    36.8615       1425     0.9889 0.0000e+00
     46.000    22.0301   5.239701    36.8824       1449     1.0054 0.0000e+00
     47.000    21.8464   5.228066    36.9466       1472     1.0214 0.0000e+00
     48.000    21.8222   5.207775    36.8055       1497     1.0387 0.0000e+00
     49.000    21.8321   5.194939    36.6945       1525     1.0587 0.0000e+00
     50.000    21.8111   5.185386    36.6360       1556     1.0799 0.0000e+00
     51.000    21.7725   5.176470    36.5975       1582     1.0977 0.0000e+00
     52.000    21.7379   5.166614    36.5480       1604     1.1135 0.0000e+00
     53.000    21.6268   5.155472    36.5532       1628     1.1300 0.0000e+00
     54.000    21.5808   5.142979    36.4922       1655     1.1483 0.0000e+00
     55.000    21.5431   5.137200    36.4776       1683     1.1680 0.0000e+00
     56.000    21.5260   5.132854    36.4570       1713     1.1888 0.0000e+00
     57.000    21.4945   5.129704    36.4582       1740     1.2078 0.0000e+00
     58.000    21.4661   5.125698    36.4499       1764     1.2243 0.0000e+00
     59.000    21.3628   5.115274    36.4539       1787     1.2403 0.0000e+00
     60.000    21.2826   5.105332    36.4420       1813     1.2580 0.0000e+00
     61.000    21.2416   5.100177    36.4352       1844     1.2798 0.0000e+00
     62.000    21.2287   5.098416    36.4316       1877     1.3025 0.0000e+00
     63.000    21.1789   5.093197    36.4317       1904     1.3216 0.0000e+00
     64.000    21.1210   5.086839    36.4295       1926     1.3371 0.0000e+00
     65.000    21.0588   5.080085    36.4278       1947     1.3511 0.0000e+00
     66.000    21.0333   5.077010    36.4244       1969     1.3668 0.0000e+00
     67.000    20.9310   5.066274    36.4246       2000     1.3883 0.0000e+00
     68.000    20.8817   5.060466    36.4195       2034     1.4115 0.0000e+00
     69.000    20.8218   5.054321    36.4206       2062     1.4316 0.0000e+00
     70.000    20.7449   5.045945    36.4182       2091     1.4511 0.0000e+00
     71.000    20.6939   5.040511    36.4175       2119     1.4706 0.0000e+00
     72.000    20.6440   5.035104    36.4160       2145     1.4890 0.0000e+00
     73.000    20.6110   5.031654    36.4159       2169     1.5056 0.0000e+00
     74.000    20.5682   5.027175    36.4158       2191     1.5208 0.0000e+00
     75.000    20.5367   5.023928    36.4160       2213     1.5359 0.0000e+00
     76.000    20.4945   5.019551    36.4163       2240     1.5551 0.0000e+00
     77.000    20.4380   5.013640    36.4163       2283     1.5850 0.0000e+00
     78.000    20.3819   5.007900    36.4173       2315     1.6069 0.0000e+00
     79.000    20.3496   5.004429    36.4164       2337     1.6222 0.0000e+00
     80.000    20.3101   5.000318    36.4164       2358     1.6367 0.0000e+00
     81.000    20.2731   4.996351    36.4155       2382     1.6534 0.0000e+00
     82.000    20.2633   4.995106    36.4134       2413     1.6749 0.0000e+00
     83.000    20.2564   4.994331    36.4126       2446     1.6979 0.0000e+00
     84.000    20.2451   4.993231    36.4130       2472     1.7161 0.0000e+00
     85.000    20.2288   4.991703    36.4142       2494     1.7314 0.0000e+00
     86.000    20.2143   4.990248    36.4143       2517     1.7470 0.0000e+00
     87.000    20.2061   4.989428    36.4144       2545     1.7665 0.0000e+00
     88.000    20.1746   4.986405    36.4163       2587     1.7956 0.0000e+00
     89.000    20.1672   4.985652    36.4163       2620     1.8186 0.0000e+00
     90.000    20.1666   4.985594    36.4159       2642     1.8344 0.0000e+00
     91.000    20.1601   4.985119    36.4172       2663     1.8486 0.0000e+00
     92.000    20.1586   4.984982    36.4170       2686     1.8643 0.0000e+00
     93.000    20.1577   4.984923    36.4169       2716     1.8855 0.0000e+00
     94.000    20.1576   4.984941    36.4168       2750     1.9090 0.0000e+00
     95.000    20.1589   4.985049    36.4162       2779     1.9290 0.0000e+00
     96.000    20.1535   4.984597    36.4168       2806     1.9478 0.0000e+00
     97.000    20.1477   4.984262    36.4187       2833     1.9665 0.0000e+00
     98.000    20.1474   4.984241    36.4184       2860     1.9857 0.0000e+00
     99.000    20.1320   4.982850    36.4199       2889     2.0057 0.0000e+00
    100.000    20.1102   4.980669    36.4205       2919     2.0261 0.0000e+00
    101.000    20.0858   4.978024    36.4195       2948     2.0466 0.0000e+00
    102.000    20.0802   4.977380    36.4187       2977     2.0669 0.0000e+00
    103.000    20.0745   4.976760    36.4181       3005     2.0860 0.0000e+00
    104.000    20.0673   4.975955    36.4173       3030     2.1032 0.0000e+00
    105.000    20.0494   4.973938    36.4159       3056     2.1214 0.0000e+00
    106.000    20.0412   4.972980    36.4147       3086     2.1423 0.0000e+00
    107.000    20.0376   4.972558    36.4140       3120     2.1657 0.0000e+00
    108.000    20.0349   4.972260    36.4135       3150     2.1869 0.0000e+00
    109.000    20.0335   4.972115    36.4132       3177     2.2056 0.0000e+00
    110.000    20.0307   4.971834    36.4129       3203     2.2237 0.0000e+00
    111.000    20.0249   4.971241    36.4126       3228     2.2410 0.0000e+00
    112.000    20.0178   4.970501    36.4124       3256     2.2602 0.0000e+00
    113.000    19.9941   4.967886    36.4110       3287     2.2819 0.0000e+00
    114.000    19.9806   4.966405    36.4101       3314     2.3006 0.0000e+00
    115.000    19.9719   4.965410    36.4091       3336     2.3163 0.0000e+00
    116.000    19.9572   4.963702    36.4073       3363     2.3347 0.0000e+00
    117.000    19.9556   4.963500    36.4067       3402     2.3617 0.0000e+00
    118.000    19.9548   4.963432    36.4064       3437     2.3859 0.0000e+00
    119.000    19.9553   4.963517    36.4063       3461     2.4026 0.0000e+00
    120.000    19.9538   4.963377    36.4061       3483     2.4178 0.0000e+00
    121.000    19.9494   4.962900    36.4056       3504     2.4330 0.0000e+00
    122.000    19.9489   4.962861    36.4053       3528     2.4496 0.0000e+00
    123.000    19.9397   4.961831    36.4045       3557     2.4695 0.0000e+00
    124.000    19.9356   4.961383    36.4039       3590     2.4924 0.0000e+00
    125.000    19.9285   4.960651    36.4037       3618     2.5120 0.0000e+00
    126.000    19.9173   4.959478    36.4033       3647     2.5321 0.0000e+00
    127.000    19.9094   4.958615    36.4027       3679     2.5541 0.0000e+00
    128.000    19.8895   4.956502    36.4021       3709     2.5747 0.0000e+00
    129.000    19.7869   4.946781    36.4104       3734     2.5927 0.0000e+00
    130.000    19.7149   4.939652    36.4136       3756     2.6077 0.0000e+00
    131.000    19.5894   4.927669    36.4230       3776     2.6215 0.0000e+00
    132.000    19.5501   4.923791    36.4247       3797     2.6364 0.0000e+00
    133.000    19.4644   4.915622    36.4311       3830     2.6590 0.0000e+00
    134.000    19.2976   4.900605    36.4513       3886     2.6980 0.0000e+00
    135.000    19.1186   4.884908    36.4765       3918     2.7201 0.0000e+00
    136.000    19.0025   4.873779    36.4848       3941     2.7363 0.0000e+00
    137.000    18.9856   4.871863    36.4831       3966     2.7533 0.0000e+00
    138.000    18.9623   4.869336    36.4820       3991     2.7709 0.0000e+00
    139.000    18.8319   4.854921    36.4751       4041     2.8058 0.0000e+00
    138.000    18.9082   4.862751    36.4742       4168     2.8937 0.0000e+00
    137.000    18.9937   4.871376    36.4719       4638     3.2201 0.0000e+00
    136.000    18.9975   4.871903    36.4734       4714     3.2730 0.0000e+00
    135.000    19.0117   4.873097    36.4713       4734     3.2868 0.0000e+00
    134.000    19.0684   4.878300    36.4656       4753     3.2999 0.0000e+00
    133.000    19.1590   4.886711    36.4569       4772     3.3133 0.0000e+00
    132.000    19.2710   4.896438    36.4405       4801     3.3330 0.0000e+00
    131.000    19.3719   4.905308    36.4267       4838     3.3589 0.0000e+00
    130.000    19.5246   4.919284    36.4103       4862     3.3755 0.0000e+00
    129.000    19.6483   4.931207    36.4019       4882     3.3895 0.0000e+00
    128.000    19.7474   4.940847    36.3960       4903     3.4041 0.0000e+00
    127.000    19.8272   4.948863    36.3934       4930     3.4228 0.0000e+00
    126.000    19.8721   4.953622    36.3942       4964     3.4466 0.0000e+00
    125.000    19.9051   4.957088    36.3946       4995     3.4678 0.0000e+00
    124.000    19.9189   4.958596    36.3954       5018     3.4843 0.0000e+00
    123.000    19.9248   4.959302    36.3965       5038     3.4978 0.0000e+00
    122.000    19.9314   4.960049    36.3973       5056     3.5104 0.0000e+00
    121.000    19.9398   4.961007    36.3983       5076     3.5240 0.0000e+00
    120.000    19.9454   4.961711    36.3996       5101     3.5419 0.0000e+00
    119.000    19.9502   4.962308    36.4008       5141     3.5694 0.0000e+00
    118.000    19.9523   4.962601    36.4017       5184     3.5991 0.0000e+00
    117.000    19.9544   4.962826    36.4021       5210     3.6175 0.0000e+00
    116.000    19.9575   4.963139    36.4024       5229     3.6305 0.0000e+00
    115.000    19.9598   4.963398    36.4029       5245     3.6420 0.0000e+00
    114.000    19.9740   4.964936    36.4036       5262     3.6532 0.0000e+00
    113.000    19.9831   4.966022    36.4051       5278     3.6649 0.0000e+00
    112.000    20.0044   4.968338    36.4061       5300     3.6801 0.0000e+00
    111.000    20.0179   4.969841    36.4072       5339     3.7069 0.0000e+00
    110.000    20.0235   4.970523    36.4083       5386     3.7395 0.0000e+00
    109.000    20.0283   4.971052    36.4089       5416     3.7603 0.0000e+00
    108.000    20.0386   4.972171    36.4096       5439     3.7765 0.0000e+00
    107.000    20.0433   4.972715    36.4103       5458     3.7896 0.0000e+00
    106.000    20.0460   4.972973    36.4105       5476     3.8019 0.0000e+00
    105.000    20.0514   4.973558    36.4110       5493     3.8141 0.0000e+00
    104.000    20.0641   4.974975    36.4121       5513     3.8275 0.0000e+00
    103.000    20.0787   4.976585    36.4130       5540     3.8466 0.0000e+00
    102.000    20.0886   4.977741    36.4144       5586     3.8786 0.0000e+00
    101.000    20.0950   4.978444    36.4150       5619     3.9015 0.0000e+00
    100.000    20.1065   4.979698    36.4157       5641     3.9165 0.0000e+00
     99.000    20.1153   4.980598    36.4159       5660     3.9295 0.0000e+00
     98.000    20.1290   4.981973    36.4157       5683     3.9459 0.0000e+00
     97.000    20.1380   4.982851    36.4155       5713     3.9668 0.0000e+00
     96.000    20.1465   4.983638    36.4150       5741     3.9861 0.0000e+00
     95.000    20.1570   4.984580    36.4140       5763     4.0015 0.0000e+00
     94.000    20.1626   4.985056    36.4134       5786     4.0172 0.0000e+00
     93.000    20.1686   4.985554    36.4128       5820     4.0407 0.0000e+00
     92.000    20.1705   4.985681    36.4125       5857     4.0667 0.0000e+00
     91.000    20.1730   4.985813    36.4118       5880     4.0824 0.0000e+00
     90.000    20.1742   4.985860    36.4115       5902     4.0979 0.0000e+00
     89.000    20.1750   4.985841    36.4111       5927     4.1153 0.0000e+00
     88.000    20.1762   4.985888    36.4108       5953     4.1333 0.0000e+00
     87.000    20.1814   4.986305    36.4101       5978     4.1504 0.0000e+00
     86.000    20.1874   4.986828    36.4095       6004     4.1691 0.0000e+00
     85.000    20.1978   4.987719    36.4082       6041     4.1947 0.0000e+00
     84.000    20.2081   4.988660    36.4074       6079     4.2210 0.0000e+00
     83.000    20.2303   4.990659    36.4050       6101     4.2358 0.0000e+00
     82.000    20.2489   4.992478    36.4043       6119     4.2489 0.0000e+00
     81.000    20.2616   4.993692    36.4036       6140     4.2629 0.0000e+00
     80.000    20.2776   4.995310    36.4034       6166     4.2814 0.0000e+00
     79.000    20.3045   4.998068    36.4032       6207     4.3094 0.0000e+00
     78.000    20.3386   5.001470    36.4021       6246     4.3368 0.0000e+00
     77.000    20.3970   5.007444    36.4010       6270     4.3538 0.0000e+00
     76.000    20.4405   5.011915    36.4004       6292     4.3685 0.0000e+00
     75.000    20.4837   5.016191    36.3985       6314     4.3842 0.0000e+00
     74.000    20.5256   5.020433    36.3975       6339     4.4014 0.0000e+00
     73.000    20.5527   5.023323    36.3981       6366     4.4200 0.0000e+00
     72.000    20.5840   5.026571    36.3981       6399     4.4429 0.0000e+00
     71.000    20.6342   5.031668    36.3968       6444     4.4740 0.0000e+00
     70.000    20.6831   5.036801    36.3969       6474     4.4951 0.0000e+00
