HB2502/ctd061.cnv
* Sea-Bird SBE 9 Data File:
* FileName = C:\cruise\data\ctd061.hex
* Software Version Seasave V 7.26.7.121
* Temperature SN = 6768
* Conductivity SN = 6166
* Number of Bytes Per Scan = 37
* Number of Voltage Words = 4
* Number of Scans Averaged by the Deck Unit = 1
* NMEA Latitude = 36 07.40 N
* NMEA Longitude = 075 32.85 W
* NMEA UTC (Time) = Mar 15 2025 17:55:20
* NMEA baud rate = 4800
** Ship: Bigelow HB2502
** Program:  Spring Bottom Trawl
** Chief Scientist:Jon Galbraith
# nquan = 7
# nvalues = 40                          
# units = specified
# name 0 = depSM: Depth [salt water, m]
# name 1 = t090C: Temperature [ITS-90, deg C]
# name 2 = c0S/m: Conductivity [S/m]
# name 3 = sal00: Salinity, Practical [PSU]
# name 4 = scan: Scan Count
# name 5 = timeM: Time, Elapsed [minutes]
# name 6 = flag: flag
# span 0 =      2.000,     22.000       
# span 1 =     8.6906,     9.3810       
# span 2 =   3.527828,   3.646858       
# span 3 =    33.2703,    34.3395       
# span 4 =        152,       2268       
# span 5 =     0.1047,     1.5743       
# span 6 = 0.0000e+00, 0.0000e+00       
# interval = meters: 1                  
# start_time = Mar 15 2025 17:55:20 [NMEA time, header]
# bad_flag = -9.990e-29
*END*
      3.000     8.9480   3.646858    34.3395        152     0.1047 0.0000e+00
      4.000     8.7035   3.567662    33.7414        388     0.2686 0.0000e+00
      5.000     8.7668   3.540782    33.3984        413     0.2858 0.0000e+00
      6.000     8.7468   3.538660    33.3945        447     0.3095 0.0000e+00
      7.000     8.7314   3.535818    33.3789        483     0.3348 0.0000e+00
      8.000     8.7289   3.536870    33.3917        515     0.3566 0.0000e+00
      9.000     8.7462   3.534213    33.3471        544     0.3773 0.0000e+00
     10.000     8.7285   3.533652    33.3575        577     0.4002 0.0000e+00
     11.000     8.6981   3.532749    33.3762        613     0.4252 0.0000e+00
     12.000     8.6937   3.530057    33.3516        649     0.4499 0.0000e+00
     13.000     8.6916   3.528562    33.3374        682     0.4731 0.0000e+00
     14.000     8.6906   3.528142    33.3335        714     0.4951 0.0000e+00
     15.000     8.6918   3.528031    33.3307        745     0.5168 0.0000e+00
     16.000     8.7078   3.527828    33.3131        775     0.5374 0.0000e+00
     17.000     8.7219   3.528346    33.3047        805     0.5585 0.0000e+00
     18.000     8.7238   3.529667    33.3164        841     0.5833 0.0000e+00
     19.000     8.7246   3.530175    33.3205        880     0.6106 0.0000e+00
     20.000     8.7278   3.529571    33.3106        914     0.6340 0.0000e+00
     21.000     8.7441   3.529287    33.2919        943     0.6541 0.0000e+00
     22.000     8.7557   3.531607    33.3048        971     0.6738 0.0000e+00
     21.000     8.7602   3.544870    33.4400       1672     1.1602 0.0000e+00
     20.000     8.7604   3.538871    33.3774       1634     1.1343 0.0000e+00
     19.000     8.7615   3.538342    33.3713       1652     1.1466 0.0000e+00
     18.000     8.7893   3.537387    33.3356       1679     1.1656 0.0000e+00
     17.000     8.8073   3.536473    33.3096       1710     1.1868 0.0000e+00
     16.000     8.8285   3.536068    33.2858       1738     1.2062 0.0000e+00
     15.000     8.8455   3.536146    33.2711       1763     1.2236 0.0000e+00
     14.000     8.8495   3.536378    33.2703       1789     1.2415 0.0000e+00
     13.000     8.8492   3.536402    33.2713       1815     1.2600 0.0000e+00
     12.000     8.8506   3.537188    33.2787       1840     1.2770 0.0000e+00
     11.000     8.8544   3.543222    33.3387       1863     1.2929 0.0000e+00
     10.000     8.8596   3.550899    33.4146       1886     1.3091 0.0000e+00
      9.000     8.9347   3.556380    33.4016       1913     1.3281 0.0000e+00
      8.000     9.0244   3.564646    33.4040       1941     1.3476 0.0000e+00
      7.000     9.0833   3.568051    33.3846       1966     1.3645 0.0000e+00
      6.000     9.1531   3.567668    33.3156       1991     1.3816 0.0000e+00
      5.000     9.2028   3.575559    33.3515       2023     1.4041 0.0000e+00
      4.000     9.3013   3.584661    33.3542       2053     1.4251 0.0000e+00
      3.000     9.3810   3.594926    33.3863       2074     1.4393 0.0000e+00
      2.000     8.9939   3.575554    33.5499       2268     1.5743 0.0000e+00
