HB2502/ctd028.cnv
* Sea-Bird SBE 9 Data File:
* FileName = C:\cruise\data\ctd028.hex
* Software Version Seasave V 7.26.7.121
* Temperature SN = 6768
* Conductivity SN = 6166
* Number of Bytes Per Scan = 37
* Number of Voltage Words = 4
* Number of Scans Averaged by the Deck Unit = 1
* NMEA Latitude = 37 05.90 N
* NMEA Longitude = 075 17.85 W
* NMEA UTC (Time) = Mar 12 2025 06:21:37
* NMEA baud rate = 4800
** Ship: Bigelow HB2502
** Program:  Spring Bottom Trawl
** Chief Scientist:Jon Galbraith
# nquan = 7
# nvalues = 57                          
# units = specified
# name 0 = depSM: Depth [salt water, m]
# name 1 = t090C: Temperature [ITS-90, deg C]
# name 2 = c0S/m: Conductivity [S/m]
# name 3 = sal00: Salinity, Practical [PSU]
# name 4 = scan: Scan Count
# name 5 = timeM: Time, Elapsed [minutes]
# name 6 = flag: flag
# span 0 =      1.000,     30.000       
# span 1 =     9.2480,     9.4299       
# span 2 =   3.627043,   3.651981       
# span 3 =    33.7752,    33.9991       
# span 4 =       -109,       3021       
# span 5 =    -0.0767,     2.0975       
# span 6 = 0.0000e+00, 0.0000e+00       
# interval = meters: 1                  
# start_time = Mar 12 2025 06:21:37 [NMEA time, header]
# bad_flag = -9.990e-29
*END*
      3.000     9.3570   3.651981    33.9991       -109    -0.0767 0.0000e+00
      4.000     9.3281   3.641961    33.9223        214     0.1479 0.0000e+00
      5.000     9.3208   3.632113    33.8267        293     0.2025 0.0000e+00
      6.000     9.3196   3.630560    33.8113        317     0.2192 0.0000e+00
      7.000     9.3179   3.630822    33.8151        345     0.2389 0.0000e+00
      8.000     9.3167   3.631060    33.8182        375     0.2597 0.0000e+00
      9.000     9.3152   3.630549    33.8139        402     0.2785 0.0000e+00
     10.000     9.3162   3.630224    33.8091        428     0.2967 0.0000e+00
     11.000     9.3174   3.630129    33.8066        456     0.3156 0.0000e+00
     12.000     9.3159   3.630049    33.8067        483     0.3344 0.0000e+00
     13.000     9.3081   3.629803    33.8110        507     0.3513 0.0000e+00
     14.000     9.2950   3.629166    33.8164        530     0.3674 0.0000e+00
     15.000     9.2843   3.628695    33.8212        555     0.3844 0.0000e+00
     16.000     9.2745   3.628750    33.8306        586     0.4063 0.0000e+00
     17.000     9.2685   3.629107    33.8395        622     0.4315 0.0000e+00
     18.000     9.2607   3.628073    33.8357        648     0.4496 0.0000e+00
     19.000     9.2510   3.627300    33.8364        668     0.4629 0.0000e+00
     20.000     9.2481   3.627043    33.8361        685     0.4751 0.0000e+00
     21.000     9.2480   3.627334    33.8387        705     0.4888 0.0000e+00
     22.000     9.2496   3.629139    33.8554        737     0.5111 0.0000e+00
     23.000     9.2509   3.629747    33.8600        784     0.5436 0.0000e+00
     24.000     9.2515   3.628127    33.8421        818     0.5671 0.0000e+00
     25.000     9.2523   3.627875    33.8384        838     0.5814 0.0000e+00
     26.000     9.2534   3.627667    33.8347        855     0.5933 0.0000e+00
     27.000     9.2553   3.627667    33.8325        871     0.6042 0.0000e+00
     28.000     9.2556   3.627825    33.8333        887     0.6155 0.0000e+00
     29.000     9.2576   3.628106    33.8338        909     0.6309 0.0000e+00
     30.000     9.2569   3.628849    33.8417        923     0.6405 0.0000e+00
     29.000     9.2572   3.629125    33.8448        935     0.6485 0.0000e+00
     28.000     9.2539   3.630153    33.8591       1714     1.1897 0.0000e+00
     27.000     9.2664   3.628841    33.8341       2066     1.4343 0.0000e+00
     26.000     9.2775   3.628555    33.8211       2090     1.4505 0.0000e+00
     25.000     9.2804   3.628487    33.8180       2112     1.4662 0.0000e+00
     24.000     9.2804   3.628409    33.8177       2132     1.4799 0.0000e+00
     23.000     9.2799   3.628448    33.8191       2153     1.4943 0.0000e+00
     22.000     9.2770   3.628493    33.8228       2181     1.5136 0.0000e+00
     21.000     9.2611   3.628455    33.8379       2218     1.5398 0.0000e+00
     20.000     9.2596   3.628414    33.8394       2246     1.5593 0.0000e+00
     19.000     9.2715   3.628377    33.8282       2267     1.5734 0.0000e+00
     18.000     9.2685   3.628293    33.8305       2285     1.5864 0.0000e+00
     17.000     9.2768   3.628275    33.8230       2306     1.6008 0.0000e+00
     16.000     9.2762   3.628662    33.8280       2334     1.6204 0.0000e+00
     15.000     9.2796   3.629390    33.8328       2369     1.6445 0.0000e+00
     14.000     9.2812   3.629984    33.8379       2397     1.6641 0.0000e+00
     13.000     9.2849   3.630338    33.8386       2421     1.6803 0.0000e+00
     12.000     9.3035   3.630955    33.8278       2443     1.6961 0.0000e+00
     11.000     9.3170   3.631662    33.8228       2468     1.7129 0.0000e+00
     10.000     9.3239   3.631661    33.8167       2495     1.7322 0.0000e+00
      9.000     9.3392   3.632907    33.8156       2525     1.7527 0.0000e+00
      8.000     9.3435   3.633696    33.8201       2551     1.7709 0.0000e+00
      7.000     9.3607   3.634402    33.8116       2573     1.7863 0.0000e+00
      6.000     9.3779   3.634766    33.7996       2594     1.8009 0.0000e+00
      5.000     9.3891   3.634910    33.7910       2618     1.8172 0.0000e+00
      4.000     9.3934   3.635396    33.7924       2687     1.8652 0.0000e+00
      3.000     9.3522   3.633667    33.8140       2876     1.9966 0.0000e+00
      2.000     9.3747   3.635505    33.8122       2984     2.0715 0.0000e+00
      1.000     9.4299   3.636922    33.7752       3021     2.0975 0.0000e+00
