HB2502/ctd071.cnv
* Sea-Bird SBE 9 Data File:
* FileName = C:\cruise\data\ctd071.hex
* Software Version Seasave V 7.26.7.121
* Temperature SN = 6768
* Conductivity SN = 6166
* Number of Bytes Per Scan = 37
* Number of Voltage Words = 4
* Number of Scans Averaged by the Deck Unit = 1
* NMEA Latitude = 38 05.72 N
* NMEA Longitude = 074 58.27 W
* NMEA UTC (Time) = Mar 18 2025 20:45:13
* NMEA baud rate = 4800
** Ship: Bigelow HB2502
** Program:  Spring Bottom Trawl
** Chief Scientist:Jon Galbraith
# nquan = 7
# nvalues = 29                          
# units = specified
# name 0 = depSM: Depth [salt water, m]
# name 1 = t090C: Temperature [ITS-90, deg C]
# name 2 = c0S/m: Conductivity [S/m]
# name 3 = sal00: Salinity, Practical [PSU]
# name 4 = scan: Scan Count
# name 5 = timeM: Time, Elapsed [minutes]
# name 6 = flag: flag
# span 0 =      3.000,     17.000       
# span 1 =     6.6535,     6.7265       
# span 2 =   3.244089,   3.258522       
# span 3 =    32.1697,    32.3034       
# span 4 =        153,       2399       
# span 5 =     0.1052,     1.6649       
# span 6 = 0.0000e+00, 0.0000e+00       
# interval = meters: 1                  
# start_time = Mar 18 2025 20:45:13 [NMEA time, header]
# bad_flag = -9.990e-29
*END*
      3.000     6.7181   3.258522    32.3034        153     0.1052 0.0000e+00
      4.000     6.7117   3.252031    32.2376        334     0.2314 0.0000e+00
      5.000     6.7127   3.247341    32.1846        369     0.2556 0.0000e+00
      6.000     6.7135   3.246369    32.1728        407     0.2816 0.0000e+00
      7.000     6.7102   3.246141    32.1729        446     0.3088 0.0000e+00
      8.000     6.7097   3.246053    32.1719        483     0.3347 0.0000e+00
      9.000     6.7105   3.245966    32.1697        528     0.3662 0.0000e+00
     10.000     6.7046   3.245674    32.1716        566     0.3925 0.0000e+00
     11.000     6.6785   3.245369    32.1923        599     0.4151 0.0000e+00
     12.000     6.6634   3.245134    32.2034        638     0.4426 0.0000e+00
     13.000     6.6616   3.244535    32.1981        679     0.4708 0.0000e+00
     14.000     6.6591   3.244089    32.1950        711     0.4930 0.0000e+00
     15.000     6.6563   3.244501    32.2017        749     0.5192 0.0000e+00
     16.000     6.6563   3.245665    32.2140        798     0.5535 0.0000e+00
     17.000     6.6535   3.245941    32.2192       1403     0.9736 0.0000e+00
     16.000     6.6802   3.245116    32.1855       1891     1.3127 0.0000e+00
     15.000     6.6869   3.244978    32.1782       1942     1.3478 0.0000e+00
     14.000     6.6862   3.244863    32.1780       1978     1.3729 0.0000e+00
     13.000     6.6847   3.244661    32.1777       2007     1.3928 0.0000e+00
     12.000     6.6828   3.244518    32.1784       2033     1.4112 0.0000e+00
     11.000     6.6802   3.244685    32.1832       2059     1.4292 0.0000e+00
     10.000     6.6773   3.245048    32.1903       2090     1.4508 0.0000e+00
      9.000     6.6786   3.246752    32.2083       2123     1.4738 0.0000e+00
      8.000     6.6868   3.248158    32.2166       2153     1.4943 0.0000e+00
      7.000     6.7032   3.249322    32.2144       2179     1.5125 0.0000e+00
      6.000     6.7109   3.249589    32.2105       2202     1.5287 0.0000e+00
      5.000     6.7144   3.250078    32.2131       2225     1.5444 0.0000e+00
      4.000     6.7265   3.251072    32.2132       2250     1.5618 0.0000e+00
      3.000     6.7201   3.251426    32.2235       2399     1.6649 0.0000e+00
