HB2502/ctd020.cnv
* Sea-Bird SBE 9 Data File:
* FileName = C:\cruise\data\ctd020.hex
* Software Version Seasave V 7.26.7.121
* Temperature SN = 6768
* Conductivity SN = 6166
* Number of Bytes Per Scan = 37
* Number of Voltage Words = 4
* Number of Scans Averaged by the Deck Unit = 1
* NMEA Latitude = 37 57.58 N
* NMEA Longitude = 074 12.53 W
* NMEA UTC (Time) = Mar 10 2025 23:41:48
* NMEA baud rate = 4800
** Ship: Bigelow HB2502
** Program:  Spring Bottom Trawl
** Chief Scientist:Jon Galbraith
# nquan = 7
# nvalues = 148                         
# units = specified
# name 0 = depSM: Depth [salt water, m]
# name 1 = t090C: Temperature [ITS-90, deg C]
# name 2 = c0S/m: Conductivity [S/m]
# name 3 = sal00: Salinity, Practical [PSU]
# name 4 = scan: Scan Count
# name 5 = timeM: Time, Elapsed [minutes]
# name 6 = flag: flag
# span 0 =      2.000,     76.000       
# span 1 =     7.3842,     9.9865       
# span 2 =   3.388075,   3.795017       
# span 3 =    32.7491,    34.8537       
# span 4 =        120,       4832       
# span 5 =     0.0828,     3.3547       
# span 6 = 0.0000e+00, 0.0000e+00       
# interval = meters: 1                  
# start_time = Mar 10 2025 23:41:48 [NMEA time, header]
# bad_flag = -9.990e-29
*END*
      3.000     8.0146   3.412350    32.7491        120     0.0828 0.0000e+00
      4.000     7.8418   3.416844    32.9596        290     0.2009 0.0000e+00
      5.000     7.5568   3.405666    33.1090        318     0.2202 0.0000e+00
      6.000     7.4844   3.398681    33.1021        345     0.2392 0.0000e+00
      7.000     7.4375   3.395466    33.1117        371     0.2571 0.0000e+00
      8.000     7.4136   3.393787    33.1158        397     0.2749 0.0000e+00
      9.000     7.4092   3.392155    33.1020        423     0.2929 0.0000e+00
     10.000     7.4159   3.392005    33.0934        450     0.3121 0.0000e+00
     11.000     7.4149   3.392154    33.0955        478     0.3315 0.0000e+00
     12.000     7.4123   3.391961    33.0954        504     0.3493 0.0000e+00
     13.000     7.4001   3.391674    33.1035        528     0.3661 0.0000e+00
     14.000     7.3842   3.391525    33.1166        553     0.3835 0.0000e+00
     15.000     7.3852   3.392114    33.1216        581     0.4029 0.0000e+00
     16.000     7.3946   3.391356    33.1038        612     0.4241 0.0000e+00
     17.000     7.4162   3.391877    33.0884        640     0.4435 0.0000e+00
     18.000     7.4449   3.394159    33.0853        664     0.4604 0.0000e+00
     19.000     7.4802   3.396660    33.0781        687     0.4766 0.0000e+00
     20.000     7.5282   3.398560    33.0524        712     0.4938 0.0000e+00
     21.000     7.5514   3.399396    33.0388        740     0.5130 0.0000e+00
     22.000     7.5512   3.399946    33.0445        768     0.5328 0.0000e+00
     23.000     7.5834   3.403853    33.0555        795     0.5516 0.0000e+00
     24.000     7.6011   3.409293    33.0968        821     0.5693 0.0000e+00
     25.000     7.6144   3.411102    33.1032        847     0.5875 0.0000e+00
     26.000     7.6256   3.411422    33.0954        874     0.6065 0.0000e+00
     27.000     7.6406   3.412855    33.0961        902     0.6255 0.0000e+00
     28.000     7.6600   3.415616    33.1069        928     0.6437 0.0000e+00
     29.000     7.6569   3.418087    33.1359        953     0.6609 0.0000e+00
     30.000     7.6535   3.419506    33.1540        978     0.6782 0.0000e+00
     31.000     7.6626   3.420370    33.1542       1005     0.6972 0.0000e+00
     32.000     7.6966   3.421669    33.1353       1034     0.7174 0.0000e+00
     33.000     7.7182   3.423865    33.1378       1062     0.7367 0.0000e+00
     34.000     7.7439   3.426627    33.1426       1087     0.7543 0.0000e+00
     35.000     7.7795   3.429222    33.1361       1112     0.7716 0.0000e+00
     36.000     7.8398   3.431160    33.0992       1137     0.7890 0.0000e+00
     37.000     7.9213   3.434660    33.0589       1164     0.8075 0.0000e+00
     38.000     7.9930   3.440467    33.0526       1192     0.8268 0.0000e+00
     39.000     8.0318   3.447190    33.0872       1219     0.8459 0.0000e+00
     40.000     8.0507   3.453444    33.1355       1246     0.8643 0.0000e+00
     41.000     8.0660   3.457407    33.1628       1272     0.8827 0.0000e+00
     42.000     8.1042   3.461077    33.1652       1298     0.9008 0.0000e+00
     43.000     8.1386   3.467086    33.1962       1324     0.9191 0.0000e+00
     44.000     8.1555   3.477191    33.2871       1351     0.9375 0.0000e+00
     45.000     8.1661   3.484687    33.3563       1377     0.9558 0.0000e+00
     46.000     8.1877   3.490286    33.3948       1404     0.9742 0.0000e+00
     47.000     8.1987   3.494596    33.4297       1431     0.9931 0.0000e+00
     48.000     8.2254   3.498137    33.4414       1458     1.0117 0.0000e+00
     49.000     8.3022   3.509553    33.4889       1484     1.0299 0.0000e+00
     50.000     8.3370   3.516875    33.5329       1510     1.0480 0.0000e+00
     51.000     8.3566   3.521177    33.5594       1536     1.0659 0.0000e+00
     52.000     8.4540   3.531739    33.5778       1562     1.0841 0.0000e+00
     53.000     8.7067   3.568295    33.7218       1588     1.1022 0.0000e+00
     54.000     8.7715   3.580892    33.7918       1615     1.1207 0.0000e+00
     55.000     8.8382   3.592109    33.8453       1642     1.1395 0.0000e+00
     56.000     8.8990   3.601764    33.8880       1669     1.1582 0.0000e+00
     57.000     9.0012   3.616343    33.9423       1696     1.1770 0.0000e+00
     58.000     9.0793   3.627818    33.9870       1722     1.1953 0.0000e+00
     59.000     9.1078   3.632845    34.0118       1748     1.2134 0.0000e+00
     60.000     9.1141   3.634279    34.0202       1774     1.2316 0.0000e+00
     61.000     9.1186   3.635179    34.0247       1800     1.2496 0.0000e+00
     62.000     9.1218   3.635838    34.0281       1826     1.2673 0.0000e+00
     63.000     9.1293   3.637086    34.0335       1851     1.2849 0.0000e+00
     64.000     9.1567   3.641197    34.0496       1878     1.3036 0.0000e+00
     65.000     9.1891   3.646115    34.0693       1908     1.3240 0.0000e+00
     66.000     9.2228   3.651589    34.0936       1937     1.3442 0.0000e+00
     67.000     9.2408   3.654360    34.1047       1963     1.3624 0.0000e+00
     68.000     9.3614   3.670819    34.1598       1987     1.3795 0.0000e+00
     69.000     9.5456   3.696808    34.2519       2013     1.3970 0.0000e+00
     70.000     9.6920   3.720445    34.3552       2041     1.4165 0.0000e+00
     71.000     9.7325   3.728744    34.4014       2072     1.4380 0.0000e+00
     72.000     9.8192   3.744530    34.4800       2103     1.4596 0.0000e+00
     73.000     9.9356   3.773914    34.6690       2132     1.4800 0.0000e+00
     74.000     9.9865   3.792109    34.8058       2159     1.4989 0.0000e+00
     75.000     9.9781   3.794191    34.8348       2186     1.5174 0.0000e+00
     76.000     9.9759   3.794297    34.8376       2215     1.5377 0.0000e+00
     75.000     9.9673   3.795017    34.8537       2901     2.0137 0.0000e+00
     74.000     9.9733   3.794690    34.8450       2733     1.8974 0.0000e+00
     73.000     9.9767   3.794229    34.8375       2764     1.9185 0.0000e+00
     72.000     9.9681   3.789871    34.8016       2789     1.9361 0.0000e+00
     71.000     9.9439   3.782282    34.7477       2812     1.9522 0.0000e+00
     70.000     9.8884   3.768305    34.6584       2836     1.9686 0.0000e+00
     69.000     9.8221   3.752069    34.5560       2861     1.9863 0.0000e+00
     68.000     9.7949   3.745986    34.5201       2889     2.0052 0.0000e+00
     67.000     9.6389   3.721564    34.4189       2916     2.0246 0.0000e+00
     66.000     9.4482   3.691969    34.2966       2943     2.0431 0.0000e+00
     65.000     9.3465   3.674345    34.2119       2967     2.0601 0.0000e+00
     64.000     9.3037   3.665681    34.1636       2991     2.0765 0.0000e+00
     63.000     9.2686   3.660648    34.1453       3015     2.0933 0.0000e+00
     62.000     9.2295   3.653760    34.1117       3041     2.1110 0.0000e+00
     61.000     9.2026   3.649528    34.0938       3069     2.1305 0.0000e+00
     60.000     9.1774   3.645748    34.0791       3097     2.1502 0.0000e+00
     59.000     9.1542   3.641809    34.0607       3123     2.1684 0.0000e+00
     58.000     9.1399   3.639657    34.0525       3148     2.1857 0.0000e+00
     57.000     9.1293   3.637848    34.0443       3173     2.2028 0.0000e+00
     56.000     9.0956   3.633332    34.0299       3198     2.2204 0.0000e+00
     55.000     9.0386   3.625046    33.9984       3224     2.2381 0.0000e+00
     54.000     8.9789   3.617126    33.9732       3249     2.2557 0.0000e+00
     53.000     8.8738   3.601048    33.9060       3276     2.2740 0.0000e+00
     52.000     8.8547   3.597194    33.8843       3302     2.2925 0.0000e+00
     51.000     8.7926   3.587724    33.8447       3329     2.3110 0.0000e+00
     50.000     8.6735   3.570411    33.7770       3355     2.3288 0.0000e+00
     49.000     8.5937   3.558874    33.7323       3379     2.3462 0.0000e+00
     48.000     8.4759   3.541661    33.6636       3404     2.3635 0.0000e+00
     47.000     8.3742   3.527265    33.6089       3430     2.3812 0.0000e+00
     46.000     8.3686   3.524880    33.5894       3456     2.3995 0.0000e+00
     45.000     8.3027   3.515921    33.5579       3483     2.4183 0.0000e+00
     44.000     8.2761   3.510673    33.5280       3511     2.4374 0.0000e+00
     43.000     8.2455   3.506902    33.5177       3538     2.4561 0.0000e+00
     42.000     8.2138   3.502285    33.4994       3563     2.4739 0.0000e+00
     41.000     8.2006   3.500218    33.4905       3587     2.4905 0.0000e+00
     40.000     8.1822   3.497377    33.4783       3611     2.5070 0.0000e+00
     39.000     8.1457   3.492491    33.4616       3636     2.5242 0.0000e+00
     38.000     8.1182   3.488237    33.4430       3662     2.5421 0.0000e+00
     37.000     8.1031   3.486260    33.4368       3688     2.5607 0.0000e+00
     36.000     8.0590   3.480356    33.4165       3716     2.5799 0.0000e+00
     35.000     8.0148   3.474811    33.3999       3743     2.5988 0.0000e+00
     34.000     7.9391   3.464572    33.3632       3769     2.6167 0.0000e+00
     33.000     7.8821   3.456363    33.3303       3794     2.6342 0.0000e+00
     32.000     7.8301   3.449029    33.3018       3819     2.6516 0.0000e+00
     31.000     7.8052   3.445435    33.2875       3845     2.6691 0.0000e+00
     30.000     7.7717   3.441133    33.2737       3871     2.6872 0.0000e+00
     29.000     7.7401   3.436844    33.2583       3897     2.7059 0.0000e+00
     28.000     7.7317   3.435223    33.2494       3924     2.7243 0.0000e+00
     27.000     7.7196   3.433128    33.2389       3949     2.7416 0.0000e+00
     26.000     7.7072   3.431187    33.2304       3973     2.7585 0.0000e+00
     25.000     7.6864   3.428271    33.2194       3998     2.7755 0.0000e+00
     24.000     7.6662   3.425645    33.2108       4025     2.7942 0.0000e+00
     23.000     7.6429   3.422259    33.1971       4054     2.8143 0.0000e+00
     22.000     7.6466   3.422562    33.1973       4081     2.8333 0.0000e+00
     21.000     7.6277   3.420076    33.1891       4106     2.8505 0.0000e+00
     20.000     7.6130   3.417916    33.1803       4130     2.8670 0.0000e+00
     19.000     7.5959   3.415795    33.1742       4154     2.8840 0.0000e+00
     18.000     7.5774   3.413409    33.1667       4180     2.9020 0.0000e+00
     17.000     7.5545   3.410388    33.1564       4207     2.9209 0.0000e+00
     16.000     7.5118   3.405594    33.1459       4234     2.9397 0.0000e+00
     15.000     7.4638   3.398719    33.1179       4260     2.9576 0.0000e+00
     14.000     7.4379   3.395101    33.1040       4285     2.9751 0.0000e+00
     13.000     7.4238   3.392628    33.0912       4310     2.9926 0.0000e+00
     12.000     7.4245   3.392496    33.0896       4336     3.0107 0.0000e+00
     11.000     7.4159   3.390553    33.0772       4363     3.0294 0.0000e+00
     10.000     7.4134   3.389466    33.0683       4390     3.0478 0.0000e+00
      9.000     7.4156   3.389237    33.0642       4416     3.0659 0.0000e+00
      8.000     7.4175   3.388939    33.0597       4441     3.0833 0.0000e+00
      7.000     7.4179   3.388592    33.0559       4465     3.0999 0.0000e+00
      6.000     7.4180   3.388138    33.0515       4489     3.1168 0.0000e+00
      5.000     7.4211   3.388075    33.0483       4515     3.1349 0.0000e+00
      4.000     7.4389   3.388970    33.0415       4543     3.1544 0.0000e+00
      3.000     7.7934   3.418156    33.0195       4735     3.2872 0.0000e+00
      2.000     7.7548   3.415366    33.0266       4832     3.3547 0.0000e+00
