HB2502/ctd025.cnv
* Sea-Bird SBE 9 Data File:
* FileName = C:\cruise\data\ctd025.hex
* Software Version Seasave V 7.26.7.121
* Temperature SN = 6768
* Conductivity SN = 6166
* Number of Bytes Per Scan = 37
* Number of Voltage Words = 4
* Number of Scans Averaged by the Deck Unit = 1
* NMEA Latitude = 37 15.37 N
* NMEA Longitude = 074 32.48 W
* NMEA UTC (Time) = Mar 11 2025 17:09:31
* NMEA baud rate = 4800
** Ship: Bigelow HB2502
** Program:  Spring Bottom Trawl
** Chief Scientist:Jon Galbraith
# nquan = 7
# nvalues = 231                         
# units = specified
# name 0 = depSM: Depth [salt water, m]
# name 1 = t090C: Temperature [ITS-90, deg C]
# name 2 = c0S/m: Conductivity [S/m]
# name 3 = sal00: Salinity, Practical [PSU]
# name 4 = scan: Scan Count
# name 5 = timeM: Time, Elapsed [minutes]
# name 6 = flag: flag
# span 0 =      2.000,    118.000       
# span 1 =     6.5646,    10.2810       
# span 2 =   3.288142,   3.774525       
# span 3 =    32.7250,    34.3254       
# span 4 =        251,       7280       
# span 5 =     0.1735,     5.0548       
# span 6 = 0.0000e+00, 0.0000e+00       
# interval = meters: 1                  
# start_time = Mar 11 2025 17:09:31 [NMEA time, header]
# bad_flag = -9.990e-29
*END*
      4.000     6.9808   3.338913    32.9346        251     0.1735 0.0000e+00
      5.000     6.9708   3.328527    32.8301        477     0.3305 0.0000e+00
      6.000     6.9708   3.322885    32.7679        501     0.3471 0.0000e+00
      7.000     6.9580   3.321505    32.7644        528     0.3656 0.0000e+00
      8.000     6.9494   3.320869    32.7652        551     0.3817 0.0000e+00
      9.000     6.9287   3.320000    32.7750        574     0.3979 0.0000e+00
     10.000     6.9031   3.318193    32.7791        596     0.4134 0.0000e+00
     11.000     6.8651   3.316220    32.7932        622     0.4312 0.0000e+00
     12.000     6.8538   3.315098    32.7912        656     0.4552 0.0000e+00
     13.000     6.8303   3.314248    32.8039        691     0.4789 0.0000e+00
     14.000     6.8027   3.312213    32.8075        715     0.4956 0.0000e+00
     15.000     6.7849   3.309732    32.7967        735     0.5098 0.0000e+00
     16.000     6.7653   3.307666    32.7923        755     0.5239 0.0000e+00
     17.000     6.7472   3.307841    32.8111        780     0.5410 0.0000e+00
     18.000     6.7286   3.308844    32.8395        812     0.5635 0.0000e+00
     19.000     6.7234   3.309129    32.8471        850     0.5899 0.0000e+00
     20.000     6.7151   3.307203    32.8334        880     0.6106 0.0000e+00
     21.000     6.7012   3.303798    32.8087        902     0.6258 0.0000e+00
     22.000     6.6903   3.301548    32.7939        923     0.6400 0.0000e+00
     23.000     6.6861   3.300584    32.7868        945     0.6557 0.0000e+00
     24.000     6.6841   3.303269    32.8178        970     0.6731 0.0000e+00
     25.000     6.6788   3.301615    32.8042        996     0.6908 0.0000e+00
     26.000     6.6735   3.300443    32.7958       1025     0.7114 0.0000e+00
     27.000     6.6705   3.299746    32.7906       1061     0.7364 0.0000e+00
     28.000     6.6685   3.298757    32.7811       1093     0.7583 0.0000e+00
     29.000     6.6675   3.298246    32.7759       1118     0.7755 0.0000e+00
     30.000     6.6666   3.298126    32.7749       1139     0.7906 0.0000e+00
     31.000     6.6656   3.297931    32.7733       1161     0.8056 0.0000e+00
     32.000     6.6655   3.297688    32.7702       1185     0.8220 0.0000e+00
     33.000     6.6629   3.297806    32.7735       1212     0.8412 0.0000e+00
     34.000     6.6582   3.297776    32.7772       1242     0.8621 0.0000e+00
     35.000     6.6533   3.297606    32.7795       1273     0.8837 0.0000e+00
     36.000     6.6519   3.297364    32.7778       1304     0.9049 0.0000e+00
     37.000     6.6495   3.297176    32.7775       1333     0.9253 0.0000e+00
     38.000     6.6463   3.296627    32.7740       1358     0.9424 0.0000e+00
     39.000     6.6404   3.296480    32.7775       1379     0.9568 0.0000e+00
     40.000     6.6260   3.295979    32.7853       1399     0.9711 0.0000e+00
     41.000     6.6151   3.296116    32.7968       1424     0.9879 0.0000e+00
     42.000     6.6113   3.295464    32.7928       1457     1.0114 0.0000e+00
     43.000     6.6078   3.293680    32.7760       1493     1.0359 0.0000e+00
     44.000     6.6031   3.292134    32.7629       1522     1.0566 0.0000e+00
     45.000     6.6019   3.291486    32.7565       1549     1.0747 0.0000e+00
     46.000     6.5987   3.290942    32.7530       1573     1.0915 0.0000e+00
     47.000     6.5790   3.289409    32.7544       1596     1.1074 0.0000e+00
     48.000     6.5646   3.288142    32.7538       1617     1.1223 0.0000e+00
     49.000     6.5675   3.288736    32.7570       1641     1.1388 0.0000e+00
     50.000     6.6023   3.293373    32.7744       1671     1.1600 0.0000e+00
     51.000     6.6146   3.295171    32.7820       1703     1.1822 0.0000e+00
     52.000     6.6361   3.297777    32.7896       1738     1.2062 0.0000e+00
     53.000     6.6519   3.299892    32.7973       1771     1.2288 0.0000e+00
     54.000     6.6979   3.304867    32.8076       1794     1.2452 0.0000e+00
     55.000     6.7513   3.311561    32.8297       1814     1.2592 0.0000e+00
     56.000     6.7803   3.316475    32.8554       1835     1.2735 0.0000e+00
     57.000     6.8595   3.326013    32.8837       1857     1.2892 0.0000e+00
     58.000     6.9594   3.338426    32.9236       1883     1.3067 0.0000e+00
     59.000     7.0378   3.347440    32.9467       1913     1.3277 0.0000e+00
     60.000     7.1773   3.363631    32.9893       1954     1.3561 0.0000e+00
     61.000     7.2520   3.372304    33.0118       1989     1.3809 0.0000e+00
     62.000     7.2946   3.377037    33.0221       2014     1.3981 0.0000e+00
     63.000     7.3455   3.382444    33.0316       2034     1.4117 0.0000e+00
     64.000     7.4662   3.395476    33.0571       2052     1.4242 0.0000e+00
     65.000     7.5014   3.400592    33.0784       2071     1.4374 0.0000e+00
     66.000     7.5468   3.406348    33.0968       2095     1.4540 0.0000e+00
     67.000     7.5814   3.411475    33.1186       2128     1.4768 0.0000e+00
     68.000     7.7208   3.429109    33.1751       2173     1.5086 0.0000e+00
     69.000     7.9368   3.454436    33.2404       2207     1.5318 0.0000e+00
     70.000     8.0847   3.472713    33.2944       2229     1.5470 0.0000e+00
     71.000     8.3661   3.506195    33.3821       2247     1.5598 0.0000e+00
     72.000     8.5722   3.532508    33.4641       2265     1.5725 0.0000e+00
     73.000     8.7446   3.554688    33.5336       2286     1.5866 0.0000e+00
     74.000     8.8178   3.564682    33.5685       2312     1.6050 0.0000e+00
     75.000     8.9122   3.576483    33.6021       2352     1.6327 0.0000e+00
     76.000     9.2577   3.621832    33.7469       2394     1.6617 0.0000e+00
     77.000     9.3832   3.640152    33.8175       2420     1.6799 0.0000e+00
     78.000     9.5127   3.657966    33.8786       2441     1.6948 0.0000e+00
     79.000     9.6549   3.679085    33.9611       2462     1.7091 0.0000e+00
     80.000     9.7024   3.686579    33.9927       2483     1.7236 0.0000e+00
     81.000     9.7964   3.700702    34.0483       2504     1.7384 0.0000e+00
     82.000     9.8054   3.702431    34.0570       2529     1.7554 0.0000e+00
     83.000     9.8055   3.702878    34.0610       2567     1.7819 0.0000e+00
     84.000     9.8294   3.706490    34.0750       2610     1.8115 0.0000e+00
     85.000     9.8574   3.710591    34.0900       2634     1.8287 0.0000e+00
     86.000     9.8865   3.714864    34.1057       2655     1.8430 0.0000e+00
     87.000     9.8872   3.715167    34.1077       2675     1.8572 0.0000e+00
     88.000     9.8906   3.715770    34.1102       2697     1.8724 0.0000e+00
     89.000     9.8992   3.717547    34.1197       2724     1.8912 0.0000e+00
     90.000     9.8918   3.717134    34.1221       2758     1.9144 0.0000e+00
     91.000     9.8895   3.717064    34.1231       2789     1.9360 0.0000e+00
     92.000     9.8886   3.717115    34.1240       2815     1.9544 0.0000e+00
     93.000     9.8887   3.717248    34.1248       2840     1.9712 0.0000e+00
     94.000     9.8883   3.717340    34.1257       2862     1.9869 0.0000e+00
     95.000     9.8882   3.717435    34.1262       2885     2.0027 0.0000e+00
     96.000     9.8897   3.717797    34.1281       2911     2.0212 0.0000e+00
     97.000     9.8905   3.718107    34.1301       2946     2.0451 0.0000e+00
     98.000     9.8918   3.718545    34.1328       2984     2.0713 0.0000e+00
     99.000     9.9028   3.720105    34.1380       3011     2.0905 0.0000e+00
    100.000     9.9268   3.723533    34.1498       3031     2.1045 0.0000e+00
    101.000     9.9296   3.723991    34.1513       3049     2.1167 0.0000e+00
    102.000     9.9310   3.724225    34.1519       3068     2.1300 0.0000e+00
    103.000     9.9486   3.726322    34.1563       3095     2.1485 0.0000e+00
    104.000     9.9658   3.728545    34.1622       3135     2.1761 0.0000e+00
    105.000     9.9811   3.730706    34.1694       3166     2.1981 0.0000e+00
    106.000     9.9992   3.733072    34.1759       3191     2.2153 0.0000e+00
    107.000    10.0086   3.734397    34.1801       3215     2.2319 0.0000e+00
    108.000    10.0346   3.737918    34.1910       3238     2.2478 0.0000e+00
    109.000    10.0554   3.740877    34.2009       3261     2.2638 0.0000e+00
    110.000    10.0691   3.742885    34.2080       3289     2.2832 0.0000e+00
    111.000    10.0715   3.743317    34.2097       3324     2.3074 0.0000e+00
    112.000    10.0712   3.743357    34.2099       3352     2.3270 0.0000e+00
    113.000    10.0801   3.744639    34.2141       3372     2.3412 0.0000e+00
    114.000    10.0882   3.745846    34.2183       3391     2.3543 0.0000e+00
    115.000    10.1015   3.747818    34.2253       3414     2.3701 0.0000e+00
    116.000    10.1615   3.756427    34.2556       3453     2.3973 0.0000e+00
    117.000    10.2368   3.767381    34.2953       3494     2.4257 0.0000e+00
    118.000    10.2810   3.774525    34.3254       3729     2.5890 0.0000e+00
    117.000    10.2726   3.773440    34.3228       3973     2.7581 0.0000e+00
    116.000    10.2319   3.767373    34.3002       3990     2.7703 0.0000e+00
    115.000    10.1863   3.760604    34.2750       4025     2.7946 0.0000e+00
    114.000    10.1740   3.758859    34.2695       4061     2.8194 0.0000e+00
    113.000    10.1250   3.751544    34.2419       4090     2.8398 0.0000e+00
    112.000    10.0799   3.745168    34.2201       4114     2.8560 0.0000e+00
    111.000    10.0674   3.743225    34.2126       4136     2.8712 0.0000e+00
    110.000    10.0689   3.743351    34.2129       4160     2.8881 0.0000e+00
    109.000    10.0673   3.743117    34.2125       4186     2.9063 0.0000e+00
    108.000    10.0562   3.741573    34.2078       4209     2.9224 0.0000e+00
    107.000    10.0439   3.739784    34.2017       4231     2.9372 0.0000e+00
    106.000    10.0367   3.738807    34.1989       4256     2.9547 0.0000e+00
    105.000    10.0289   3.737650    34.1949       4288     2.9771 0.0000e+00
    104.000    10.0174   3.736129    34.1908       4317     2.9976 0.0000e+00
    103.000     9.9684   3.729597    34.1710       4344     3.0157 0.0000e+00
    102.000     9.9410   3.726204    34.1627       4372     3.0355 0.0000e+00
    101.000     9.9351   3.725425    34.1608       4401     3.0558 0.0000e+00
    100.000     9.9325   3.724988    34.1593       4427     3.0736 0.0000e+00
     99.000     9.9221   3.723656    34.1560       4449     3.0891 0.0000e+00
     98.000     9.9117   3.722056    34.1499       4470     3.1037 0.0000e+00
     97.000     9.9029   3.720689    34.1447       4490     3.1176 0.0000e+00
     96.000     9.8990   3.719933    34.1411       4512     3.1325 0.0000e+00
     95.000     9.8952   3.719283    34.1386       4539     3.1516 0.0000e+00
     94.000     9.8952   3.719139    34.1376       4579     3.1791 0.0000e+00
     93.000     9.8954   3.719023    34.1366       4617     3.2057 0.0000e+00
     92.000     9.8972   3.719042    34.1355       4643     3.2234 0.0000e+00
     91.000     9.8983   3.719054    34.1350       4661     3.2361 0.0000e+00
     90.000     9.9012   3.719279    34.1351       4678     3.2479 0.0000e+00
     89.000     9.8979   3.718567    34.1314       4696     3.2605 0.0000e+00
     88.000     9.8749   3.715105    34.1183       4719     3.2761 0.0000e+00
     87.000     9.8630   3.713256    34.1110       4754     3.3006 0.0000e+00
     86.000     9.8625   3.713128    34.1107       4795     3.3288 0.0000e+00
     85.000     9.8464   3.710873    34.1033       4823     3.3490 0.0000e+00
     84.000     9.8410   3.709953    34.0994       4846     3.3648 0.0000e+00
     83.000     9.8379   3.709435    34.0975       4866     3.3782 0.0000e+00
     82.000     9.8373   3.709305    34.0972       4884     3.3912 0.0000e+00
     81.000     9.8318   3.708474    34.0944       4905     3.4058 0.0000e+00
     80.000     9.7896   3.702390    34.0724       4938     3.4288 0.0000e+00
     79.000     9.7671   3.699048    34.0600       4977     3.4557 0.0000e+00
     78.000     9.6858   3.686874    34.0124       5003     3.4734 0.0000e+00
     77.000     9.6146   3.676523    33.9738       5025     3.4888 0.0000e+00
     76.000     9.5545   3.667356    33.9367       5046     3.5036 0.0000e+00
     75.000     9.4647   3.654949    33.8942       5068     3.5186 0.0000e+00
     74.000     9.2544   3.625957    33.7936       5093     3.5361 0.0000e+00
     73.000     9.1023   3.606308    33.7341       5125     3.5582 0.0000e+00
     72.000     9.0097   3.593653    33.6905       5157     3.5806 0.0000e+00
     71.000     8.8170   3.569244    33.6185       5183     3.5989 0.0000e+00
     70.000     8.6509   3.548006    33.5536       5205     3.6138 0.0000e+00
     69.000     8.4980   3.527644    33.4847       5225     3.6279 0.0000e+00
     68.000     8.2699   3.500446    33.4141       5246     3.6421 0.0000e+00
     67.000     8.0697   3.475056    33.3350       5270     3.6592 0.0000e+00
     66.000     7.8273   3.445694    33.2526       5309     3.6861 0.0000e+00
     65.000     7.8141   3.442456    33.2309       5350     3.7147 0.0000e+00
     64.000     7.6041   3.416068    33.1479       5375     3.7317 0.0000e+00
     63.000     7.5497   3.409147    33.1256       5392     3.7438 0.0000e+00
     62.000     7.4721   3.399947    33.1007       5408     3.7547 0.0000e+00
     61.000     7.4012   3.391723    33.0799       5423     3.7654 0.0000e+00
     60.000     7.3527   3.386431    33.0695       5441     3.7778 0.0000e+00
     59.000     7.2320   3.373168    33.0412       5471     3.7989 0.0000e+00
     58.000     7.1006   3.357388    32.9957       5526     3.8368 0.0000e+00
     57.000     7.0001   3.345994    32.9679       5558     3.8589 0.0000e+00
     56.000     6.9286   3.337349    32.9423       5580     3.8746 0.0000e+00
     55.000     6.8584   3.328869    32.9171       5600     3.8882 0.0000e+00
     54.000     6.8087   3.322132    32.8913       5617     3.9003 0.0000e+00
     53.000     6.7823   3.318248    32.8744       5635     3.9128 0.0000e+00
     52.000     6.7363   3.311895    32.8491       5657     3.9280 0.0000e+00
     51.000     6.7040   3.307675    32.8341       5688     3.9495 0.0000e+00
     50.000     6.6651   3.302651    32.8165       5725     3.9747 0.0000e+00
     49.000     6.6174   3.296467    32.7946       5756     3.9967 0.0000e+00
     48.000     6.5811   3.291345    32.7733       5781     4.0141 0.0000e+00
     47.000     6.5742   3.289751    32.7629       5804     4.0301 0.0000e+00
     46.000     6.5751   3.289131    32.7556       5831     4.0483 0.0000e+00
     45.000     6.5802   3.289116    32.7511       5858     4.0673 0.0000e+00
     44.000     6.5967   3.290148    32.7471       5881     4.0836 0.0000e+00
     43.000     6.6099   3.291078    32.7452       5902     4.0981 0.0000e+00
     42.000     6.6112   3.291141    32.7451       5924     4.1135 0.0000e+00
     41.000     6.6118   3.291088    32.7445       5956     4.1354 0.0000e+00
     40.000     6.6145   3.291202    32.7437       5991     4.1600 0.0000e+00
     39.000     6.6236   3.291854    32.7427       6015     4.1767 0.0000e+00
     38.000     6.6298   3.292318    32.7423       6037     4.1917 0.0000e+00
     37.000     6.6372   3.292846    32.7415       6060     4.2076 0.0000e+00
     36.000     6.6452   3.293460    32.7411       6087     4.2262 0.0000e+00
     35.000     6.6498   3.293788    32.7408       6116     4.2466 0.0000e+00
     34.000     6.6518   3.293896    32.7406       6146     4.2670 0.0000e+00
     33.000     6.6530   3.293912    32.7401       6174     4.2867 0.0000e+00
     32.000     6.6551   3.294002    32.7396       6200     4.3049 0.0000e+00
     31.000     6.6546   3.293913    32.7396       6223     4.3205 0.0000e+00
     30.000     6.6556   3.293900    32.7389       6244     4.3355 0.0000e+00
     29.000     6.6590   3.294061    32.7379       6267     4.3512 0.0000e+00
     28.000     6.6623   3.294207    32.7368       6292     4.3687 0.0000e+00
