HB2502/ctd053.cnv
* Sea-Bird SBE 9 Data File:
* FileName = C:\cruise\data\ctd053.hex
* Software Version Seasave V 7.26.7.121
* Temperature SN = 6768
* Conductivity SN = 6166
* Number of Bytes Per Scan = 37
* Number of Voltage Words = 4
* Number of Scans Averaged by the Deck Unit = 1
* NMEA Latitude = 34 43.61 N
* NMEA Longitude = 075 32.32 W
* NMEA UTC (Time) = Mar 14 2025 20:46:49
* NMEA baud rate = 4800
** Ship: Bigelow HB2502
** Program:  Spring Bottom Trawl
** Chief Scientist:Jon Galbraith
# nquan = 7
# nvalues = 435                         
# units = specified
# name 0 = depSM: Depth [salt water, m]
# name 1 = t090C: Temperature [ITS-90, deg C]
# name 2 = c0S/m: Conductivity [S/m]
# name 3 = sal00: Salinity, Practical [PSU]
# name 4 = scan: Scan Count
# name 5 = timeM: Time, Elapsed [minutes]
# name 6 = flag: flag
# span 0 =      3.000,    220.000       
# span 1 =    14.6383,    24.3148       
# span 2 =   4.364619,   5.431750       
# span 3 =    35.6662,    36.6632       
# span 4 =       -113,      13016       
# span 5 =    -0.0789,     9.0379       
# span 6 = 0.0000e+00, 0.0000e+00       
# interval = meters: 1                  
# start_time = Mar 14 2025 20:46:49 [NMEA time, header]
# bad_flag = -9.990e-29
*END*
[from data line 206]
    209.000    14.8915   4.394568    35.9527       5989     4.1582 0.0000e+00
    210.000    14.8616   4.391035    35.9475       6021     4.1803 0.0000e+00
    211.000    14.8287   4.387076    35.9411       6071     4.2154 0.0000e+00
    212.000    14.8143   4.385299    35.9377       6117     4.2471 0.0000e+00
    213.000    14.7992   4.383547    35.9352       6141     4.2642 0.0000e+00
    214.000    14.7782   4.381184    35.9324       6162     4.2783 0.0000e+00
    215.000    14.7407   4.376906    35.9272       6182     4.2924 0.0000e+00
    216.000    14.6729   4.369264    35.9192       6204     4.3079 0.0000e+00
    217.000    14.6590   4.367438    35.9147       6233     4.3277 0.0000e+00
    218.000    14.6618   4.367635    35.9135       6276     4.3574 0.0000e+00
    219.000    14.6503   4.366186    35.9104       6341     4.4028 0.0000e+00
    220.000    14.6383   4.364619    35.9067       6473     4.4944 0.0000e+00
    219.000    14.6428   4.364977    35.9061       6519     4.5266 0.0000e+00
    218.000    14.6682   4.367685    35.9081       6772     4.7022 0.0000e+00
    217.000    14.7036   4.371601    35.9118       6928     4.8102 0.0000e+00
    216.000    14.7399   4.375645    35.9159       6976     4.8439 0.0000e+00
    215.000    14.7585   4.377765    35.9187       7004     4.8634 0.0000e+00
    214.000    14.7825   4.380489    35.9220       7035     4.8844 0.0000e+00
    213.000    14.7994   4.382389    35.9243       7062     4.9036 0.0000e+00
    212.000    14.8133   4.383911    35.9259       7085     4.9192 0.0000e+00
    211.000    14.8289   4.385681    35.9282       7103     4.9322 0.0000e+00
    210.000    14.8400   4.386910    35.9296       7121     4.9442 0.0000e+00
    209.000    14.8485   4.387860    35.9309       7138     4.9559 0.0000e+00
    208.000    14.8571   4.388815    35.9322       7156     4.9689 0.0000e+00
    207.000    14.8853   4.391945    35.9353       7180     4.9857 0.0000e+00
    206.000    14.9059   4.394345    35.9387       7215     5.0097 0.0000e+00
    205.000    14.9310   4.397027    35.9406       7247     5.0317 0.0000e+00
    204.000    14.9633   4.400701    35.9449       7268     5.0467 0.0000e+00
    203.000    15.0308   4.408217    35.9519       7287     5.0596 0.0000e+00
    202.000    15.1382   4.420409    35.9649       7305     5.0719 0.0000e+00
    201.000    15.2925   4.437883    35.9827       7323     5.0848 0.0000e+00
    200.000    15.4171   4.452330    36.0001       7344     5.0995 0.0000e+00
    199.000    15.5200   4.464142    36.0133       7370     5.1176 0.0000e+00
    198.000    15.6429   4.478531    36.0313       7403     5.1403 0.0000e+00
    197.000    15.7141   4.486972    36.0427       7432     5.1606 0.0000e+00
    196.000    15.8652   4.504140    36.0597       7453     5.1750 0.0000e+00
    195.000    15.9303   4.511728    36.0689       7471     5.1875 0.0000e+00
    194.000    16.0487   4.525190    36.0821       7488     5.1992 0.0000e+00
    193.000    16.1389   4.535470    36.0924       7506     5.2119 0.0000e+00
    192.000    16.2598   4.549498    36.1080       7528     5.2269 0.0000e+00
    191.000    16.3428   4.559770    36.1246       7554     5.2451 0.0000e+00
    190.000    16.4521   4.572341    36.1376       7580     5.2632 0.0000e+00
    189.000    16.5203   4.580324    36.1470       7605     5.2802 0.0000e+00
    188.000    16.6966   4.599820    36.1604       7629     5.2975 0.0000e+00
    187.000    16.8841   4.621614    36.1836       7656     5.3161 0.0000e+00
    186.000    17.0395   4.639248    36.1988       7682     5.3344 0.0000e+00
    185.000    17.1660   4.653316    36.2087       7704     5.3496 0.0000e+00
    184.000    17.2382   4.661122    36.2124       7723     5.3626 0.0000e+00
    183.000    17.3213   4.670031    36.2160       7741     5.3747 0.0000e+00
    182.000    17.4421   4.683070    36.2216       7759     5.3873 0.0000e+00
    181.000    17.6188   4.702916    36.2361       7779     5.4016 0.0000e+00
    180.000    18.1406   4.758185    36.2481       7808     5.4217 0.0000e+00
    179.000    18.5038   4.801167    36.2940       7847     5.4484 0.0000e+00
    178.000    19.0145   4.857056    36.3176       7873     5.4664 0.0000e+00
    177.000    19.4030   4.901165    36.3477       7892     5.4801 0.0000e+00
    176.000    19.6893   4.932232    36.3572       7910     5.4926 0.0000e+00
    175.000    19.8781   4.954119    36.3749       7928     5.5047 0.0000e+00
    174.000    19.9757   4.965216    36.3823       7946     5.5173 0.0000e+00
    173.000    20.0004   4.968528    36.3885       7967     5.5322 0.0000e+00
    172.000    20.0173   4.970853    36.3934       7997     5.5527 0.0000e+00
    171.000    20.0224   4.971767    36.3969       8031     5.5766 0.0000e+00
    170.000    20.0387   4.973495    36.3974       8054     5.5922 0.0000e+00
    169.000    20.0449   4.974197    36.3982       8071     5.6040 0.0000e+00
    168.000    20.0460   4.974405    36.3993       8086     5.6147 0.0000e+00
    167.000    20.0484   4.974758    36.4005       8103     5.6265 0.0000e+00
    166.000    20.0494   4.974973    36.4018       8125     5.6416 0.0000e+00
    165.000    20.0498   4.975222    36.4039       8159     5.6655 0.0000e+00
    164.000    20.0473   4.975094    36.4053       8197     5.6918 0.0000e+00
    163.000    20.0431   4.974654    36.4058       8217     5.7057 0.0000e+00
    162.000    20.0422   4.974571    36.4062       8234     5.7173 0.0000e+00
    161.000    20.0424   4.974588    36.4065       8249     5.7277 0.0000e+00
    160.000    20.0428   4.974643    36.4070       8265     5.7392 0.0000e+00
    159.000    20.0436   4.974745    36.4075       8284     5.7521 0.0000e+00
    158.000    20.0448   4.974913    36.4082       8310     5.7702 0.0000e+00
    157.000    20.0470   4.975226    36.4093       8345     5.7946 0.0000e+00
    156.000    20.0494   4.975492    36.4098       8378     5.8176 0.0000e+00
    155.000    20.0610   4.976754    36.4105       8401     5.8335 0.0000e+00
    154.000    20.0692   4.977664    36.4113       8419     5.8459 0.0000e+00
    153.000    20.0819   4.979027    36.4118       8436     5.8574 0.0000e+00
    152.000    20.0976   4.980788    36.4132       8453     5.8697 0.0000e+00
    151.000    20.1244   4.983928    36.4162       8474     5.8840 0.0000e+00
    150.000    20.1853   4.990846    36.4207       8501     5.9029 0.0000e+00
    149.000    20.2235   4.995422    36.4256       8531     5.9233 0.0000e+00
    148.000    20.2434   4.997804    36.4283       8556     5.9411 0.0000e+00
    147.000    20.2517   4.998836    36.4299       8581     5.9583 0.0000e+00
    146.000    20.2605   4.999839    36.4310       8607     5.9760 0.0000e+00
    145.000    20.2696   5.000926    36.4324       8630     5.9925 0.0000e+00
    144.000    20.2962   5.003952    36.4346       8652     6.0074 0.0000e+00
    143.000    20.3061   5.005121    36.4360       8671     6.0212 0.0000e+00
    142.000    20.3437   5.009446    36.4393       8691     6.0350 0.0000e+00
    141.000    20.4090   5.016874    36.4441       8714     6.0507 0.0000e+00
    140.000    20.4262   5.018984    36.4469       8742     6.0701 0.0000e+00
    139.000    20.4308   5.019584    36.4482       8772     6.0912 0.0000e+00
    138.000    20.4308   5.019592    36.4487       8798     6.1089 0.0000e+00
    137.000    20.4502   5.021704    36.4496       8820     6.1243 0.0000e+00
    136.000    20.4638   5.023274    36.4510       8840     6.1381 0.0000e+00
    135.000    20.4960   5.026779    36.4523       8860     6.1522 0.0000e+00
    134.000    20.5061   5.027995    36.4538       8881     6.1666 0.0000e+00
    133.000    20.5095   5.028389    36.4545       8904     6.1827 0.0000e+00
    132.000    20.5749   5.035480    36.4564       8929     6.1998 0.0000e+00
    131.000    20.6728   5.046438    36.4618       8956     6.2187 0.0000e+00
    130.000    20.7040   5.050160    36.4656       8983     6.2378 0.0000e+00
    129.000    20.7170   5.051674    36.4671       9008     6.2549 0.0000e+00
    128.000    20.7196   5.052013    36.4680       9031     6.2707 0.0000e+00
    127.000    20.7200   5.052076    36.4686       9054     6.2869 0.0000e+00
    126.000    20.7200   5.052093    36.4690       9080     6.3046 0.0000e+00
    125.000    20.7198   5.052091    36.4696       9108     6.3242 0.0000e+00
    124.000    20.7201   5.052132    36.4700       9133     6.3418 0.0000e+00
    123.000    20.7205   5.052149    36.4702       9154     6.3560 0.0000e+00
    122.000    20.7207   5.052132    36.4703       9174     6.3699 0.0000e+00
    121.000    20.7219   5.052278    36.4707       9194     6.3839 0.0000e+00
    120.000    20.7229   5.052365    36.4710       9220     6.4022 0.0000e+00
    119.000    20.7239   5.052484    36.4715       9259     6.4294 0.0000e+00
    118.000    20.7290   5.053038    36.4720       9298     6.4560 0.0000e+00
    117.000    20.7365   5.053845    36.4724       9322     6.4733 0.0000e+00
    116.000    20.7451   5.054763    36.4728       9343     6.4873 0.0000e+00
    115.000    20.7519   5.055499    36.4734       9362     6.5009 0.0000e+00
    114.000    20.7669   5.057091    36.4737       9383     6.5152 0.0000e+00
    113.000    20.7889   5.059399    36.4740       9405     6.5305 0.0000e+00
    112.000    20.8223   5.062839    36.4736       9434     6.5505 0.0000e+00
    111.000    20.8528   5.065904    36.4726       9481     6.5836 0.0000e+00
    110.000    20.8608   5.066637    36.4720       9526     6.6149 0.0000e+00
    109.000    20.8630   5.066479    36.4692       9553     6.6336 0.0000e+00
    108.000    20.8644   5.066203    36.4662       9574     6.6477 0.0000e+00
    107.000    20.8646   5.066134    36.4658       9592     6.6606 0.0000e+00
    106.000    20.8628   5.065726    36.4644       9611     6.6734 0.0000e+00
    105.000    20.8628   5.065715    36.4647       9632     6.6885 0.0000e+00
    104.000    20.8614   5.065396    36.4637       9686     6.7260 0.0000e+00
    103.000    20.8573   5.064579    36.4609       9747     6.7684 0.0000e+00
    102.000    20.8562   5.064265    36.4597       9767     6.7822 0.0000e+00
    101.000    20.8512   5.063163    36.4554       9785     6.7947 0.0000e+00
    100.000    20.8450   5.061791    36.4500       9804     6.8080 0.0000e+00
     99.000    20.8442   5.060818    36.4432       9828     6.8241 0.0000e+00
     98.000    20.8652   5.061846    36.4338       9879     6.8597 0.0000e+00
     97.000    20.8769   5.062792    36.4319       9940     6.9023 0.0000e+00
     96.000    20.9207   5.067594    36.4336       9959     6.9156 0.0000e+00
     95.000    20.9674   5.073343    36.4405       9982     6.9312 0.0000e+00
     94.000    21.0324   5.081536    36.4515      10014     6.9534 0.0000e+00
     93.000    21.1048   5.091191    36.4679      10059     6.9848 0.0000e+00
     92.000    21.1369   5.095648    36.4767      10095     7.0097 0.0000e+00
     91.000    21.1478   5.097162    36.4800      10130     7.0338 0.0000e+00
     90.000    21.1600   5.098853    36.4836      10169     7.0610 0.0000e+00
     89.000    21.1705   5.100279    36.4864      10209     7.0892 0.0000e+00
     88.000    21.2048   5.104074    36.4880      10245     7.1139 0.0000e+00
     87.000    21.2285   5.106093    36.4844      10271     7.1321 0.0000e+00
     86.000    21.2424   5.106659    36.4775      10299     7.1517 0.0000e+00
     85.000    21.2875   5.110265    36.4684      10355     7.1902 0.0000e+00
     84.000    21.3231   5.113700    36.4661      10409     7.2280 0.0000e+00
     83.000    21.3930   5.120495    36.4614      10435     7.2459 0.0000e+00
     82.000    21.4416   5.125356    36.4594      10463     7.2650 0.0000e+00
     81.000    21.4555   5.126806    36.4595      10498     7.2898 0.0000e+00
     80.000    21.4760   5.128834    36.4587      10537     7.3170 0.0000e+00
     79.000    21.4974   5.130994    36.4581      10587     7.3516 0.0000e+00
     78.000    21.5018   5.131492    36.4588      10639     7.3875 0.0000e+00
     77.000    21.5024   5.131538    36.4590      10670     7.4090 0.0000e+00
     76.000    21.5086   5.132222    36.4596      10695     7.4265 0.0000e+00
     75.000    21.5464   5.136436    36.4616      10724     7.4464 0.0000e+00
     74.000    21.5887   5.141025    36.4626      10764     7.4746 0.0000e+00
     73.000    21.6233   5.144682    36.4628      10815     7.5096 0.0000e+00
     72.000    21.6366   5.145987    36.4624      10858     7.5399 0.0000e+00
     71.000    21.6448   5.146740    36.4618      10889     7.5614 0.0000e+00
     70.000    21.6634   5.148802    36.4628      10917     7.5806 0.0000e+00
     69.000    21.7423   5.157472    36.4654      10945     7.5997 0.0000e+00
     68.000    21.8433   5.168963    36.4717      10977     7.6222 0.0000e+00
     67.000    21.9876   5.186220    36.4870      11034     7.6618 0.0000e+00
     66.000    22.0694   5.195936    36.4953      11078     7.6924 0.0000e+00
     65.000    22.1735   5.208463    36.5070      11104     7.7102 0.0000e+00
     64.000    22.2633   5.219198    36.5164      11127     7.7264 0.0000e+00
     63.000    22.4065   5.236079    36.5291      11153     7.7447 0.0000e+00
     62.000    22.5733   5.256194    36.5473      11196     7.7741 0.0000e+00
     61.000    22.6485   5.264989    36.5535      11243     7.8069 0.0000e+00
     60.000    22.7703   5.278462    36.5571      11280     7.8325 0.0000e+00
     59.000    22.8947   5.291376    36.5542      11318     7.8587 0.0000e+00
     58.000    22.9798   5.299070    36.5434      11347     7.8794 0.0000e+00
     57.000    23.0681   5.304894    36.5154      11370     7.8952 0.0000e+00
     56.000    23.1258   5.306986    36.4840      11392     7.9106 0.0000e+00
     55.000    23.1285   5.304992    36.4667      11421     7.9306 0.0000e+00
     54.000    23.1324   5.303745    36.4541      11477     7.9697 0.0000e+00
     53.000    23.1346   5.304197    36.4562      11520     7.9994 0.0000e+00
     52.000    23.1448   5.305074    36.4549      11542     8.0145 0.0000e+00
     51.000    23.1485   5.305409    36.4547      11561     8.0279 0.0000e+00
     50.000    23.1499   5.305548    36.4550      11583     8.0428 0.0000e+00
     49.000    23.1569   5.306290    36.4553      11612     8.0632 0.0000e+00
     48.000    23.1667   5.307394    36.4560      11649     8.0886 0.0000e+00
     47.000    23.1954   5.310251    36.4547      11679     8.1098 0.0000e+00
     46.000    23.2293   5.313716    36.4537      11708     8.1300 0.0000e+00
     45.000    23.2643   5.317172    36.4518      11737     8.1498 0.0000e+00
     44.000    23.3158   5.322048    36.4472      11762     8.1676 0.0000e+00
     43.000    23.3544   5.325948    36.4456      11786     8.1842 0.0000e+00
     42.000    23.3757   5.328407    36.4474      11811     8.2015 0.0000e+00
     41.000    23.4007   5.330985    36.4469      11840     8.2214 0.0000e+00
     40.000    23.4161   5.332841    36.4488      11870     8.2423 0.0000e+00
     39.000    23.4292   5.334520    36.4513      11898     8.2621 0.0000e+00
     38.000    23.4670   5.338641    36.4521      11924     8.2799 0.0000e+00
     37.000    23.5228   5.344133    36.4486      11948     8.2965 0.0000e+00
     36.000    23.5493   5.346922    36.4485      11972     8.3130 0.0000e+00
     35.000    23.5812   5.350319    36.4487      11998     8.3313 0.0000e+00
     34.000    23.5936   5.351748    36.4497      12028     8.3520 0.0000e+00
     33.000    23.6379   5.355649    36.4435      12055     8.3710 0.0000e+00
     32.000    23.6560   5.358036    36.4472      12079     8.3873 0.0000e+00
     31.000    23.6691   5.359507    36.4481      12102     8.4035 0.0000e+00
     30.000    23.7069   5.363179    36.4454      12128     8.4215 0.0000e+00
     29.000    23.7652   5.369146    36.4435      12154     8.4399 0.0000e+00
     28.000    23.8070   5.374089    36.4473      12181     8.4587 0.0000e+00
