HB2502/ctd037.cnv
* Sea-Bird SBE 9 Data File:
* FileName = C:\cruise\data\ctd037.hex
* Software Version Seasave V 7.26.7.121
* Temperature SN = 6768
* Conductivity SN = 6166
* Number of Bytes Per Scan = 37
* Number of Voltage Words = 4
* Number of Scans Averaged by the Deck Unit = 1
* NMEA Latitude = 36 02.21 N
* NMEA Longitude = 074 48.07 W
* NMEA UTC (Time) = Mar 13 2025 08:36:32
* NMEA baud rate = 4800
** Ship: Bigelow HB2502
** Program:  Spring Bottom Trawl
** Chief Scientist:Jon Galbraith
# nquan = 7
# nvalues = 320                         
# units = specified
# name 0 = depSM: Depth [salt water, m]
# name 1 = t090C: Temperature [ITS-90, deg C]
# name 2 = c0S/m: Conductivity [S/m]
# name 3 = sal00: Salinity, Practical [PSU]
# name 4 = scan: Scan Count
# name 5 = timeM: Time, Elapsed [minutes]
# name 6 = flag: flag
# span 0 =      1.000,    162.000       
# span 1 =     7.3028,    12.9554       
# span 2 =   3.265388,   4.084191       
# span 3 =    31.6868,    35.1193       
# span 4 =        240,      10564       
# span 5 =     0.1663,     7.3356       
# span 6 = 0.0000e+00, 0.0000e+00       
# interval = meters: 1                  
# start_time = Mar 13 2025 08:36:32 [NMEA time, header]
# bad_flag = -9.990e-29
*END*
[from data line 206]
    114.000    11.2929   3.925560    34.8844       6888     4.7827 0.0000e+00
    113.000    11.2747   3.923051    34.8771       6917     4.8029 0.0000e+00
    112.000    11.2690   3.922102    34.8736       6940     4.8184 0.0000e+00
    111.000    11.2616   3.920993    34.8700       6959     4.8321 0.0000e+00
    110.000    11.2380   3.917238    34.8555       6980     4.8462 0.0000e+00
    109.000    11.2233   3.913593    34.8337       7004     4.8631 0.0000e+00
    108.000    11.2133   3.910435    34.8121       7036     4.8853 0.0000e+00
    107.000    11.2295   3.910697    34.7999       7069     4.9081 0.0000e+00
    106.000    11.2777   3.913918    34.7868       7095     4.9263 0.0000e+00
    105.000    11.3207   3.917209    34.7793       7118     4.9423 0.0000e+00
    104.000    11.3453   3.917967    34.7641       7141     4.9580 0.0000e+00
    103.000    11.3506   3.917832    34.7583       7164     4.9744 0.0000e+00
    102.000    11.3669   3.918874    34.7536       7190     4.9926 0.0000e+00
    101.000    11.3835   3.920214    34.7517       7224     5.0163 0.0000e+00
    100.000    11.4020   3.921566    34.7481       7256     5.0381 0.0000e+00
     99.000    11.4428   3.924424    34.7385       7277     5.0527 0.0000e+00
     98.000    11.4582   3.925542    34.7354       7295     5.0654 0.0000e+00
     97.000    11.4606   3.925655    34.7347       7317     5.0805 0.0000e+00
     96.000    11.4633   3.925723    34.7334       7352     5.1048 0.0000e+00
     95.000    11.4623   3.925573    34.7332       7387     5.1290 0.0000e+00
     94.000    11.4635   3.925227    34.7292       7409     5.1444 0.0000e+00
     93.000    11.4624   3.924840    34.7268       7429     5.1583 0.0000e+00
     92.000    11.4498   3.922968    34.7207       7450     5.1731 0.0000e+00
     91.000    11.4386   3.921429    34.7163       7477     5.1917 0.0000e+00
     90.000    11.4289   3.920195    34.7137       7511     5.2152 0.0000e+00
     89.000    11.4093   3.917574    34.7067       7542     5.2372 0.0000e+00
     88.000    11.3288   3.908019    34.6883       7567     5.2545 0.0000e+00
     87.000    11.2549   3.898623    34.6651       7590     5.2705 0.0000e+00
     86.000    11.2203   3.894281    34.6550       7614     5.2869 0.0000e+00
     85.000    11.1857   3.889822    34.6437       7639     5.3040 0.0000e+00
     84.000    11.1545   3.885880    34.6343       7665     5.3225 0.0000e+00
     83.000    11.1481   3.884727    34.6294       7693     5.3416 0.0000e+00
     82.000    11.1653   3.884750    34.6139       7718     5.3592 0.0000e+00
     81.000    11.2453   3.891540    34.6065       7743     5.3767 0.0000e+00
     80.000    11.3495   3.902220    34.6150       7771     5.3956 0.0000e+00
     79.000    11.5735   3.926982    34.6499       7800     5.4160 0.0000e+00
     78.000    12.0533   3.979616    34.7180       7827     5.4349 0.0000e+00
     77.000    12.3555   4.015179    34.7829       7852     5.4519 0.0000e+00
     76.000    12.5164   4.033871    34.8145       7877     5.4694 0.0000e+00
     75.000    12.6673   4.050703    34.8373       7904     5.4879 0.0000e+00
     74.000    12.8160   4.068173    34.8678       7930     5.5064 0.0000e+00
     73.000    12.8569   4.073165    34.8782       7956     5.5241 0.0000e+00
     72.000    12.8526   4.071980    34.8713       7980     5.5410 0.0000e+00
     71.000    12.7839   4.063203    34.8511       8006     5.5587 0.0000e+00
     70.000    12.4915   4.026245    34.7667       8035     5.5789 0.0000e+00
     69.000    12.0968   3.977169    34.6576       8065     5.6003 0.0000e+00
     68.000    11.5147   3.904813    34.4912       8092     5.6184 0.0000e+00
     67.000    11.0118   3.841364    34.3328       8115     5.6346 0.0000e+00
     66.000    10.9735   3.835997    34.3155       8138     5.6507 0.0000e+00
     65.000    10.9312   3.830365    34.2993       8164     5.6687 0.0000e+00
     64.000    10.8748   3.822366    34.2727       8195     5.6901 0.0000e+00
     63.000    10.8947   3.822392    34.2548       8225     5.7109 0.0000e+00
     62.000    11.0373   3.834427    34.2421       8250     5.7288 0.0000e+00
     61.000    11.1475   3.845399    34.2489       8274     5.7454 0.0000e+00
     60.000    11.2043   3.851048    34.2526       8298     5.7615 0.0000e+00
     59.000    11.2433   3.855358    34.2595       8323     5.7791 0.0000e+00
     58.000    11.2801   3.859028    34.2621       8353     5.7998 0.0000e+00
     57.000    11.3203   3.863027    34.2647       8381     5.8197 0.0000e+00
     56.000    11.3756   3.868381    34.2667       8404     5.8355 0.0000e+00
     55.000    11.4791   3.878296    34.2689       8426     5.8508 0.0000e+00
     54.000    11.5779   3.887675    34.2702       8452     5.8685 0.0000e+00
     53.000    11.6256   3.892146    34.2704       8480     5.8884 0.0000e+00
     52.000    11.6714   3.896563    34.2719       8509     5.9084 0.0000e+00
     51.000    11.6854   3.897587    34.2694       8537     5.9279 0.0000e+00
     50.000    11.6821   3.896563    34.2629       8565     5.9470 0.0000e+00
     49.000    11.6376   3.890418    34.2441       8589     5.9639 0.0000e+00
     48.000    11.3955   3.858962    34.1587       8613     5.9804 0.0000e+00
     47.000    11.1597   3.828615    34.0772       8638     5.9981 0.0000e+00
     46.000    11.0088   3.809112    34.0238       8665     6.0167 0.0000e+00
     45.000    10.9223   3.797710    33.9908       8690     6.0339 0.0000e+00
     44.000    10.8873   3.792987    33.9766       8713     6.0500 0.0000e+00
     43.000    10.8709   3.790615    33.9685       8738     6.0674 0.0000e+00
     42.000    10.8599   3.788965    33.9627       8769     6.0892 0.0000e+00
     41.000    10.8348   3.785685    33.9537       8804     6.1131 0.0000e+00
     40.000    10.7976   3.780796    33.9397       8830     6.1310 0.0000e+00
     39.000    10.7106   3.769575    33.9086       8851     6.1460 0.0000e+00
     38.000    10.6586   3.763135    33.8928       8871     6.1600 0.0000e+00
     37.000    10.5809   3.753856    33.8722       8892     6.1744 0.0000e+00
     36.000    10.4416   3.736395    33.8264       8915     6.1905 0.0000e+00
     35.000    10.3268   3.721815    33.7865       8947     6.2126 0.0000e+00
     34.000    10.2539   3.712659    33.7622       8986     6.2396 0.0000e+00
     33.000    10.1044   3.695229    33.7250       9014     6.2590 0.0000e+00
     32.000     9.8607   3.666687    33.6621       9036     6.2741 0.0000e+00
     31.000     9.6201   3.637034    33.5837       9057     6.2886 0.0000e+00
     30.000     9.4073   3.611763    33.5231       9079     6.3044 0.0000e+00
     29.000     9.0548   3.571045    33.4320       9105     6.3220 0.0000e+00
     28.000     8.4920   3.506349    33.2848       9132     6.3413 0.0000e+00
     27.000     8.0010   3.450635    33.1585       9164     6.3629 0.0000e+00
     26.000     7.6946   3.415803    33.0770       9195     6.3847 0.0000e+00
     25.000     7.7488   3.416830    33.0371       9219     6.4016 0.0000e+00
     24.000     7.7625   3.415825    33.0137       9240     6.4162 0.0000e+00
     23.000     7.7143   3.409370    32.9906       9262     6.4309 0.0000e+00
     22.000     7.5050   3.384135    32.9177       9288     6.4493 0.0000e+00
     21.000     7.3418   3.363066    32.8453       9322     6.4733 0.0000e+00
     20.000     7.3060   3.357667    32.8212       9351     6.4929 0.0000e+00
     19.000     7.3028   3.355567    32.8019       9373     6.5084 0.0000e+00
     18.000     7.3311   3.357352    32.7949       9396     6.5240 0.0000e+00
     17.000     7.3459   3.358256    32.7911       9423     6.5432 0.0000e+00
     16.000     7.3744   3.359879    32.7822       9452     6.5634 0.0000e+00
     15.000     7.4495   3.365818    32.7758       9476     6.5802 0.0000e+00
     14.000     7.5082   3.370674    32.7733       9501     6.5969 0.0000e+00
     13.000     7.5186   3.371609    32.7740       9528     6.6158 0.0000e+00
     12.000     7.5282   3.372356    32.7735       9558     6.6371 0.0000e+00
     11.000     7.5424   3.373433    32.7721       9584     6.6548 0.0000e+00
     10.000     7.5437   3.373547    32.7726       9607     6.6709 0.0000e+00
      9.000     7.5364   3.373002    32.7741       9631     6.6878 0.0000e+00
      8.000     7.5182   3.371470    32.7753       9659     6.7070 0.0000e+00
      7.000     7.5366   3.372273    32.7670       9987     6.9350 0.0000e+00
      6.000     7.5646   3.374375    32.7638      10414     7.2309 0.0000e+00
      5.000     7.5584   3.373830    32.7642      10420     7.2354 0.0000e+00
      4.000     7.5579   3.373664    32.7633      10461     7.2641 0.0000e+00
      3.000     7.5538   3.373416    32.7651      10488     7.2830 0.0000e+00
      2.000     7.5385   3.372154    32.7663      10513     7.3002 0.0000e+00
      1.000     7.5131   3.265388    31.6868      10564     7.3356 0.0000e+00
