HB2502/ctd027.cnv
* Sea-Bird SBE 9 Data File:
* FileName = C:\cruise\data\ctd027.hex
* Software Version Seasave V 7.26.7.121
* Temperature SN = 6768
* Conductivity SN = 6166
* Number of Bytes Per Scan = 37
* Number of Voltage Words = 4
* Number of Scans Averaged by the Deck Unit = 1
* NMEA Latitude = 37 10.84 N
* NMEA Longitude = 074 35.04 W
* NMEA UTC (Time) = Mar 11 2025 21:37:11
* NMEA baud rate = 4800
** Ship: Bigelow HB2502
** Program:  Spring Bottom Trawl
** Chief Scientist:Jon Galbraith
# nquan = 7
# nvalues = 191                         
# units = specified
# name 0 = depSM: Depth [salt water, m]
# name 1 = t090C: Temperature [ITS-90, deg C]
# name 2 = c0S/m: Conductivity [S/m]
# name 3 = sal00: Salinity, Practical [PSU]
# name 4 = scan: Scan Count
# name 5 = timeM: Time, Elapsed [minutes]
# name 6 = flag: flag
# span 0 =      3.000,     98.000       
# span 1 =     6.4230,     9.8280       
# span 2 =   3.276832,   3.703390       
# span 3 =    32.7119,    34.0381       
# span 4 =        -70,       5878       
# span 5 =    -0.0493,     4.0812       
# span 6 = 0.0000e+00, 0.0000e+00       
# interval = meters: 1                  
# start_time = Mar 11 2025 21:37:11 [NMEA time, header]
# bad_flag = -9.990e-29
*END*
      3.000     6.9984   3.360048    33.1494        -70    -0.0493 0.0000e+00
      4.000     7.0150   3.331810    32.8241        434     0.3009 0.0000e+00
      5.000     7.0079   3.325317    32.7595        462     0.3199 0.0000e+00
      6.000     7.0077   3.328319    32.7921        501     0.3474 0.0000e+00
      7.000     7.0076   3.326964    32.7769        561     0.3887 0.0000e+00
      8.000     7.0040   3.325061    32.7591        580     0.4018 0.0000e+00
      9.000     6.9937   3.324192    32.7588        596     0.4129 0.0000e+00
     10.000     6.9526   3.322679    32.7810        609     0.4222 0.0000e+00
     11.000     6.9263   3.319928    32.7754        623     0.4319 0.0000e+00
     12.000     6.9220   3.318912    32.7679        642     0.4451 0.0000e+00
     13.000     6.9079   3.325557    32.8537        701     0.4862 0.0000e+00
     14.000     6.8989   3.320388    32.8052        740     0.5132 0.0000e+00
     15.000     6.8638   3.316281    32.7933        756     0.5245 0.0000e+00
     16.000     6.8102   3.312691    32.8045        771     0.5346 0.0000e+00
     17.000     6.7939   3.310389    32.7944        785     0.5447 0.0000e+00
     18.000     6.7828   3.311051    32.8118        805     0.5580 0.0000e+00
     19.000     6.7752   3.318185    32.8970        857     0.5942 0.0000e+00
     20.000     6.7629   3.314226    32.8648        902     0.6259 0.0000e+00
     21.000     6.7452   3.308253    32.8155        921     0.6387 0.0000e+00
     22.000     6.7407   3.306348    32.7985        937     0.6500 0.0000e+00
     23.000     6.7349   3.305172    32.7906        953     0.6613 0.0000e+00
     24.000     6.7246   3.305015    32.7982        971     0.6735 0.0000e+00
     25.000     6.7213   3.309004    32.8448        993     0.6891 0.0000e+00
     26.000     6.7141   3.307396    32.8335       1029     0.7137 0.0000e+00
     27.000     6.7046   3.305558    32.8218       1072     0.7437 0.0000e+00
     28.000     6.6989   3.303693    32.8063       1109     0.7696 0.0000e+00
     29.000     6.6954   3.302149    32.7922       1137     0.7891 0.0000e+00
     30.000     6.6906   3.301185    32.7857       1157     0.8029 0.0000e+00
     31.000     6.6865   3.300453    32.7810       1174     0.8145 0.0000e+00
     32.000     6.6831   3.299899    32.7777       1189     0.8252 0.0000e+00
     33.000     6.6791   3.299983    32.7820       1205     0.8362 0.0000e+00
     34.000     6.6785   3.299729    32.7793       1225     0.8497 0.0000e+00
     35.000     6.6769   3.301478    32.7996       1279     0.8875 0.0000e+00
     36.000     6.6733   3.300202    32.7885       1342     0.9316 0.0000e+00
     37.000     6.6729   3.299302    32.7785       1357     0.9416 0.0000e+00
     38.000     6.6726   3.298342    32.7677       1370     0.9508 0.0000e+00
     39.000     6.6656   3.297976    32.7699       1381     0.9585 0.0000e+00
     40.000     6.6630   3.298297    32.7754       1395     0.9680 0.0000e+00
     41.000     6.6579   3.297888    32.7754       1411     0.9793 0.0000e+00
     42.000     6.6554   3.298539    32.7844       1440     0.9993 0.0000e+00
     43.000     6.6542   3.298521    32.7849       1491     1.0346 0.0000e+00
     44.000     6.6512   3.296683    32.7670       1531     1.0627 0.0000e+00
     45.000     6.6494   3.295784    32.7583       1563     1.0844 0.0000e+00
     46.000     6.6454   3.295010    32.7532       1587     1.1011 0.0000e+00
     47.000     6.6221   3.293724    32.7608       1605     1.1137 0.0000e+00
     48.000     6.6022   3.291899    32.7592       1620     1.1245 0.0000e+00
     49.000     6.5955   3.290731    32.7522       1635     1.1349 0.0000e+00
     50.000     6.5837   3.289328    32.7476       1653     1.1471 0.0000e+00
     51.000     6.5717   3.288041    32.7444       1683     1.1683 0.0000e+00
     52.000     6.5683   3.287360    32.7397       1749     1.2141 0.0000e+00
     53.000     6.5495   3.286323    32.7457       1776     1.2328 0.0000e+00
     54.000     6.5328   3.284938    32.7460       1796     1.2464 0.0000e+00
     55.000     6.5197   3.284130    32.7491       1813     1.2582 0.0000e+00
     56.000     6.4994   3.282475    32.7497       1829     1.2696 0.0000e+00
     57.000     6.4558   3.279443    32.7576       1847     1.2822 0.0000e+00
     58.000     6.4230   3.276832    32.7596       1875     1.3013 0.0000e+00
     59.000     6.4538   3.281439    32.7806       1916     1.3300 0.0000e+00
     60.000     6.5483   3.292560    32.8124       1948     1.3520 0.0000e+00
     61.000     6.6096   3.300143    32.8368       1973     1.3695 0.0000e+00
     62.000     6.6653   3.307303    32.8618       1997     1.3860 0.0000e+00
     63.000     6.6921   3.310698    32.8730       2020     1.4024 0.0000e+00
     64.000     6.7384   3.315952    32.8859       2047     1.4209 0.0000e+00
     65.000     6.8125   3.324719    32.9107       2077     1.4417 0.0000e+00
     66.000     6.8754   3.331661    32.9261       2101     1.4586 0.0000e+00
     67.000     7.1027   3.356523    32.9797       2121     1.4724 0.0000e+00
     68.000     7.2174   3.371222    33.0298       2142     1.4871 0.0000e+00
     69.000     7.3363   3.385343    33.0690       2175     1.5097 0.0000e+00
     70.000     7.5458   3.409943    33.1346       2218     1.5395 0.0000e+00
     71.000     7.6574   3.423469    33.1734       2246     1.5591 0.0000e+00
     72.000     7.8244   3.442730    33.2207       2268     1.5741 0.0000e+00
     73.000     8.2054   3.487865    33.3395       2286     1.5871 0.0000e+00
     74.000     8.3071   3.502068    33.3931       2304     1.5996 0.0000e+00
     75.000     8.3135   3.503551    33.4023       2326     1.6144 0.0000e+00
     76.000     8.3188   3.504666    33.4087       2356     1.6355 0.0000e+00
     77.000     8.3767   3.511971    33.4305       2399     1.6656 0.0000e+00
     78.000     8.3913   3.514115    33.4389       2433     1.6891 0.0000e+00
     79.000     8.4769   3.524140    33.4630       2454     1.7035 0.0000e+00
     80.000     8.5501   3.533435    33.4912       2472     1.7159 0.0000e+00
     81.000     8.6431   3.544375    33.5176       2491     1.7289 0.0000e+00
     82.000     8.7705   3.560441    33.5651       2519     1.7483 0.0000e+00
     83.000     8.8236   3.567416    33.5875       2556     1.7746 0.0000e+00
     84.000     8.9132   3.579073    33.6240       2580     1.7907 0.0000e+00
     85.000     8.9530   3.584639    33.6440       2600     1.8046 0.0000e+00
     86.000     8.9705   3.587113    33.6528       2622     1.8199 0.0000e+00
     87.000     9.0034   3.591636    33.6685       2651     1.8399 0.0000e+00
     88.000     9.0328   3.595590    33.6813       2684     1.8632 0.0000e+00
     89.000     9.2113   3.617969    33.7445       2718     1.8869 0.0000e+00
     90.000     9.5292   3.658832    33.8664       2750     1.9090 0.0000e+00
     91.000     9.6430   3.674206    33.9167       2772     1.9246 0.0000e+00
     92.000     9.6707   3.678314    33.9323       2791     1.9372 0.0000e+00
     93.000     9.7054   3.683539    33.9527       2808     1.9495 0.0000e+00
     94.000     9.7175   3.685722    33.9633       2830     1.9643 0.0000e+00
     95.000     9.7267   3.687502    33.9724       2860     1.9854 0.0000e+00
     96.000     9.7475   3.690766    33.9858       2896     2.0106 0.0000e+00
     97.000     9.7744   3.695196    34.0053       3063     2.1261 0.0000e+00
     98.000     9.8280   3.703390    34.0381       3353     2.3280 0.0000e+00
     97.000     9.7861   3.697718    34.0200       3348     2.3246 0.0000e+00
     96.000     9.7615   3.694096    34.0066       3364     2.3357 0.0000e+00
     95.000     9.7306   3.689418    33.9883       3433     2.3832 0.0000e+00
     94.000     9.7196   3.687823    33.9828       3560     2.4714 0.0000e+00
     93.000     9.7171   3.687326    33.9805       3565     2.4752 0.0000e+00
     92.000     9.7150   3.686949    33.9791       3576     2.4823 0.0000e+00
     91.000     9.7116   3.686320    33.9763       3587     2.4901 0.0000e+00
     90.000     9.6881   3.683030    33.9652       3600     2.4991 0.0000e+00
     89.000     9.6355   3.675870    33.9418       3620     2.5134 0.0000e+00
     88.000     8.9419   3.586104    33.6701       3717     2.5803 0.0000e+00
     87.000     9.0382   3.597759    33.6993       3752     2.6047 0.0000e+00
     86.000     9.0188   3.595207    33.6915       3767     2.6155 0.0000e+00
     85.000     9.0016   3.592973    33.6850       3781     2.6252 0.0000e+00
     84.000     8.9812   3.590317    33.6771       3795     2.6345 0.0000e+00
     83.000     8.9538   3.586684    33.6655       3808     2.6440 0.0000e+00
     82.000     8.9187   3.581997    33.6503       3824     2.6546 0.0000e+00
     81.000     8.8358   3.571525    33.6199       3843     2.6683 0.0000e+00
     80.000     8.7058   3.555637    33.5769       3883     2.6958 0.0000e+00
     79.000     8.4921   3.528878    33.4987       3955     2.7455 0.0000e+00
     78.000     8.4600   3.524432    33.4827       3982     2.7645 0.0000e+00
     77.000     8.4261   3.520420    33.4729       3999     2.7765 0.0000e+00
     76.000     8.3938   3.516390    33.4615       4013     2.7864 0.0000e+00
     75.000     8.3803   3.514621    33.4561       4027     2.7959 0.0000e+00
     74.000     8.3773   3.514109    33.4540       4041     2.8057 0.0000e+00
     73.000     8.3671   3.512774    33.4500       4058     2.8173 0.0000e+00
     72.000     8.1568   3.487677    33.3836       4098     2.8451 0.0000e+00
     71.000     7.8986   3.456150    33.2943       4159     2.8873 0.0000e+00
     70.000     7.6871   3.430764    33.2241       4175     2.8987 0.0000e+00
     69.000     7.6327   3.423787    33.2013       4194     2.9120 0.0000e+00
     68.000     7.5846   3.418109    33.1866       4215     2.9266 0.0000e+00
     67.000     7.4379   3.400782    33.1400       4239     2.9428 0.0000e+00
     66.000     7.2734   3.381541    33.0893       4261     2.9584 0.0000e+00
     65.000     7.1262   3.363575    33.0352       4283     2.9733 0.0000e+00
     64.000     7.0930   3.359615    33.0242       4307     2.9902 0.0000e+00
     63.000     6.9860   3.347488    32.9948       4339     3.0124 0.0000e+00
     62.000     6.9355   3.340681    32.9693       4372     3.0353 0.0000e+00
     61.000     6.7908   3.323900    32.9244       4400     3.0548 0.0000e+00
     60.000     6.7373   3.317760    32.9088       4427     3.0738 0.0000e+00
     59.000     6.7147   3.314559    32.8957       4450     3.0895 0.0000e+00
     58.000     6.6576   3.307496    32.8732       4469     3.1030 0.0000e+00
     57.000     6.6113   3.301864    32.8561       4490     3.1170 0.0000e+00
     56.000     6.5429   3.293082    32.8253       4515     3.1350 0.0000e+00
     55.000     6.4974   3.285880    32.7898       4550     3.1593 0.0000e+00
     54.000     6.5228   3.288769    32.7979       4587     3.1850 0.0000e+00
     53.000     6.5367   3.286871    32.7641       4614     3.2034 0.0000e+00
     52.000     6.5432   3.286661    32.7560       4634     3.2172 0.0000e+00
     51.000     6.5437   3.286834    32.7580       4651     3.2291 0.0000e+00
     50.000     6.5519   3.287096    32.7534       4668     3.2411 0.0000e+00
     49.000     6.5583   3.287369    32.7508       4689     3.2554 0.0000e+00
     48.000     6.5697   3.287859    32.7458       4724     3.2797 0.0000e+00
     47.000     6.5928   3.289402    32.7412       4770     3.3120 0.0000e+00
     46.000     6.6166   3.291142    32.7381       4798     3.3314 0.0000e+00
     45.000     6.6239   3.291753    32.7383       4820     3.3463 0.0000e+00
     44.000     6.6262   3.291886    32.7381       4838     3.3590 0.0000e+00
     43.000     6.6324   3.292326    32.7374       4855     3.3707 0.0000e+00
     42.000     6.6364   3.292617    32.7374       4872     3.3826 0.0000e+00
     41.000     6.6384   3.292767    32.7375       4893     3.3975 0.0000e+00
     40.000     6.6426   3.293049    32.7372       4941     3.4307 0.0000e+00
     39.000     6.6562   3.294074    32.7359       4981     3.4586 0.0000e+00
     38.000     6.6622   3.294602    32.7365       5000     3.4713 0.0000e+00
     37.000     6.6634   3.294709    32.7369       5016     3.4828 0.0000e+00
     36.000     6.6646   3.294783    32.7371       5034     3.4950 0.0000e+00
     35.000     6.6651   3.294769    32.7370       5055     3.5100 0.0000e+00
     34.000     6.6679   3.294936    32.7366       5085     3.5307 0.0000e+00
     33.000     6.6702   3.295107    32.7368       5121     3.5558 0.0000e+00
     32.000     6.6738   3.295295    32.7359       5156     3.5799 0.0000e+00
     31.000     6.6813   3.295850    32.7354       5184     3.5992 0.0000e+00
     30.000     6.6840   3.296092    32.7359       5203     3.6123 0.0000e+00
     29.000     6.6853   3.296133    32.7356       5219     3.6233 0.0000e+00
     28.000     6.6876   3.296264    32.7354       5234     3.6341 0.0000e+00
     27.000     6.6899   3.296413    32.7353       5256     3.6490 0.0000e+00
     26.000     6.6972   3.296875    32.7339       5306     3.6842 0.0000e+00
     25.000     6.7031   3.297296    32.7333       5343     3.7095 0.0000e+00
     24.000     6.7054   3.297400    32.7328       5364     3.7244 0.0000e+00
     23.000     6.7087   3.297626    32.7326       5383     3.7378 0.0000e+00
     22.000     6.7113   3.297781    32.7323       5402     3.7504 0.0000e+00
     21.000     6.7151   3.298052    32.7321       5420     3.7633 0.0000e+00
     20.000     6.7179   3.298213    32.7318       5441     3.7775 0.0000e+00
     19.000     6.7239   3.298626    32.7310       5465     3.7946 0.0000e+00
     18.000     6.7326   3.299285    32.7305       5498     3.8174 0.0000e+00
     17.000     6.7436   3.300180    32.7302       5552     3.8549 0.0000e+00
     16.000     6.7792   3.302514    32.7224       5584     3.8773 0.0000e+00
     15.000     6.7951   3.304006    32.7241       5601     3.8890 0.0000e+00
     14.000     6.8068   3.304830    32.7224       5615     3.8986 0.0000e+00
     13.000     6.8275   3.306438    32.7208       5629     3.9080 0.0000e+00
     12.000     6.8450   3.307772    32.7193       5643     3.9179 0.0000e+00
     11.000     6.8706   3.309793    32.7176       5660     3.9295 0.0000e+00
     10.000     6.9113   3.313225    32.7169       5684     3.9466 0.0000e+00
      9.000     6.9852   3.319792    32.7188       5773     4.0083 0.0000e+00
      8.000     6.9722   3.318536    32.7180       5798     4.0253 0.0000e+00
      7.000     6.9905   3.320010    32.7172       5810     4.0339 0.0000e+00
      6.000     6.9973   3.320686    32.7185       5821     4.0419 0.0000e+00
      5.000     7.0002   3.320924    32.7189       5833     4.0497 0.0000e+00
      4.000     7.0067   3.320806    32.7119       5844     4.0579 0.0000e+00
      3.000     7.0117   3.321769    32.7182       5878     4.0812 0.0000e+00
