HB2502/ctd040.cnv
* Sea-Bird SBE 9 Data File:
* FileName = C:\cruise\data\ctd040.hex
* Software Version Seasave V 7.26.7.121
* Temperature SN = 6768
* Conductivity SN = 6166
* Number of Bytes Per Scan = 37
* Number of Voltage Words = 4
* Number of Scans Averaged by the Deck Unit = 1
* NMEA Latitude = 35 43.30 N
* NMEA Longitude = 074 59.21 W
* NMEA UTC (Time) = Mar 13 2025 13:18:23
* NMEA baud rate = 4800
** Ship: Bigelow HB2502
** Program:  Spring Bottom Trawl
** Chief Scientist:Jon Galbraith
# nquan = 7
# nvalues = 94                          
# units = specified
# name 0 = depSM: Depth [salt water, m]
# name 1 = t090C: Temperature [ITS-90, deg C]
# name 2 = c0S/m: Conductivity [S/m]
# name 3 = sal00: Salinity, Practical [PSU]
# name 4 = scan: Scan Count
# name 5 = timeM: Time, Elapsed [minutes]
# name 6 = flag: flag
# span 0 =      1.000,     49.000       
# span 1 =    16.5645,    16.9086       
# span 2 =   3.444882,   4.601341       
# span 3 =    26.8368,    36.0618       
# span 4 =         73,       3905       
# span 5 =     0.0501,     2.7109       
# span 6 = 0.0000e+00, 0.0000e+00       
# interval = meters: 1                  
# start_time = Mar 13 2025 13:18:23 [NMEA time, header]
# bad_flag = -9.990e-29
*END*
      4.000    16.6809   4.566550    35.9546         73     0.0501 0.0000e+00
      5.000    16.6486   4.552662    35.8606        276     0.1907 0.0000e+00
      6.000    16.6559   4.550801    35.8372        382     0.2642 0.0000e+00
      7.000    16.6548   4.550561    35.8357        423     0.2932 0.0000e+00
      8.000    16.6551   4.550425    35.8337        453     0.3140 0.0000e+00
      9.000    16.6542   4.550113    35.8315        477     0.3303 0.0000e+00
     10.000    16.6472   4.549526    35.8321        499     0.3462 0.0000e+00
     11.000    16.6457   4.549127    35.8295        522     0.3620 0.0000e+00
     12.000    16.6451   4.548886    35.8275        546     0.3787 0.0000e+00
     13.000    16.6441   4.548610    35.8256        573     0.3970 0.0000e+00
     14.000    16.6373   4.548292    35.8285        605     0.4196 0.0000e+00
     15.000    16.6342   4.547941    35.8278        641     0.4447 0.0000e+00
     16.000    16.6337   4.547672    35.8254        667     0.4623 0.0000e+00
     17.000    16.6361   4.547924    35.8252        686     0.4757 0.0000e+00
     18.000    16.6405   4.547561    35.8176        704     0.4883 0.0000e+00
     19.000    16.6435   4.547786    35.8165        725     0.5027 0.0000e+00
     20.000    16.6432   4.548289    35.8208        759     0.5262 0.0000e+00
     21.000    16.6394   4.548327    35.8241        807     0.5596 0.0000e+00
     22.000    16.6355   4.547914    35.8236        830     0.5755 0.0000e+00
     23.000    16.6348   4.548069    35.8252        848     0.5880 0.0000e+00
     24.000    16.6361   4.547699    35.8203        866     0.6005 0.0000e+00
     25.000    16.6331   4.547576    35.8215        889     0.6166 0.0000e+00
     26.000    16.6340   4.547523    35.8199        922     0.6398 0.0000e+00
     27.000    16.6334   4.547360    35.8186        955     0.6628 0.0000e+00
     28.000    16.6313   4.547343    35.8198        982     0.6814 0.0000e+00
     29.000    16.6365   4.547285    35.8143       1006     0.6977 0.0000e+00
     30.000    16.6322   4.547481    35.8195       1029     0.7136 0.0000e+00
     31.000    16.6314   4.547418    35.8193       1055     0.7322 0.0000e+00
     32.000    16.6309   4.547332    35.8186       1087     0.7544 0.0000e+00
     33.000    16.6301   4.547243    35.8181       1116     0.7744 0.0000e+00
     34.000    16.6332   4.547199    35.8145       1140     0.7909 0.0000e+00
     35.000    16.6317   4.547434    35.8175       1162     0.8062 0.0000e+00
     36.000    16.6157   4.547538    35.8323       1185     0.8220 0.0000e+00
     37.000    16.6043   4.547337    35.8404       1211     0.8404 0.0000e+00
     38.000    16.6145   4.546841    35.8265       1244     0.8631 0.0000e+00
     39.000    16.6737   4.546669    35.7715       1277     0.8858 0.0000e+00
     40.000    16.7451   4.549777    35.7348       1304     0.9052 0.0000e+00
     41.000    16.7403   4.556822    35.8007       1327     0.9208 0.0000e+00
     42.000    16.7453   4.558886    35.8140       1346     0.9338 0.0000e+00
     43.000    16.7419   4.559741    35.8242       1365     0.9471 0.0000e+00
     44.000    16.9086   4.564774    35.7193       1396     0.9684 0.0000e+00
     45.000    16.9052   4.589356    35.9378       1445     1.0030 0.0000e+00
     46.000    16.8239   4.587744    35.9961       1468     1.0187 0.0000e+00
     47.000    16.8763   4.591289    35.9798       1484     1.0298 0.0000e+00
     48.000    16.8706   4.597842    36.0422       1500     1.0409 0.0000e+00
     49.000    16.8585   4.597898    36.0531       1508     1.0467 0.0000e+00
     48.000    16.8662   4.597805    36.0458       1534     1.0649 0.0000e+00
     47.000    16.8834   4.601341    36.0618       2056     1.4269 0.0000e+00
     46.000    16.8728   4.599470    36.0553       2341     1.6249 0.0000e+00
     45.000    16.8574   4.597038    36.0482       2379     1.6515 0.0000e+00
     44.000    16.8418   4.594328    36.0388       2406     1.6700 0.0000e+00
     43.000    16.8434   4.593286    36.0286       2433     1.6886 0.0000e+00
     42.000    16.8756   4.595001    36.0151       2459     1.7073 0.0000e+00
     41.000    16.8883   4.593890    35.9944       2490     1.7285 0.0000e+00
     40.000    16.8032   4.579509    35.9445       2517     1.7475 0.0000e+00
     39.000    16.7353   4.566416    35.8906       2539     1.7622 0.0000e+00
     38.000    16.7014   4.560564    35.8697       2558     1.7755 0.0000e+00
     37.000    16.6889   4.558682    35.8647       2579     1.7903 0.0000e+00
     36.000    16.6113   4.547340    35.8346       2609     1.8111 0.0000e+00
     35.000    16.5863   4.543275    35.8214       2644     1.8352 0.0000e+00
     34.000    16.5673   4.540354    35.8131       2671     1.8539 0.0000e+00
     33.000    16.5645   4.538526    35.7998       2695     1.8705 0.0000e+00
     32.000    16.5862   4.541198    35.8044       2719     1.8875 0.0000e+00
     31.000    16.6048   4.543317    35.8069       2743     1.9043 0.0000e+00
     30.000    16.6142   4.544199    35.8066       2766     1.9201 0.0000e+00
     29.000    16.6206   4.545132    35.8096       2789     1.9363 0.0000e+00
     28.000    16.6254   4.545746    35.8110       2818     1.9562 0.0000e+00
     27.000    16.6262   4.545770    35.8109       2850     1.9787 0.0000e+00
     26.000    16.6263   4.545671    35.8104       2880     1.9991 0.0000e+00
     25.000    16.6271   4.545674    35.8101       2902     2.0147 0.0000e+00
     24.000    16.6262   4.545531    35.8100       2922     2.0288 0.0000e+00
     23.000    16.6251   4.545347    35.8098       2943     2.0434 0.0000e+00
     22.000    16.6235   4.545079    35.8093       2971     2.0627 0.0000e+00
     21.000    16.6223   4.544844    35.8087       3006     2.0869 0.0000e+00
     20.000    16.6246   4.545071    35.8090       3032     2.1046 0.0000e+00
     19.000    16.6247   4.545084    35.8095       3052     2.1188 0.0000e+00
     18.000    16.6242   4.544969    35.8093       3074     2.1343 0.0000e+00
     17.000    16.6233   4.544829    35.8092       3105     2.1558 0.0000e+00
     16.000    16.6272   4.545188    35.8093       3136     2.1770 0.0000e+00
     15.000    16.6306   4.545677    35.8111       3160     2.1941 0.0000e+00
     14.000    16.6309   4.545703    35.8114       3184     2.2105 0.0000e+00
     13.000    16.6298   4.545515    35.8111       3209     2.2279 0.0000e+00
     12.000    16.6286   4.545299    35.8107       3235     2.2456 0.0000e+00
     11.000    16.6271   4.545066    35.8103       3259     2.2628 0.0000e+00
     10.000    16.6259   4.544842    35.8098       3284     2.2796 0.0000e+00
      9.000    16.6250   4.544632    35.8092       3308     2.2967 0.0000e+00
      8.000    16.6273   4.544790    35.8090       3337     2.3166 0.0000e+00
      7.000    16.6359   4.545687    35.8095       3367     2.3375 0.0000e+00
      6.000    16.6449   4.547033    35.8138       3392     2.3550 0.0000e+00
      5.000    16.6491   4.547591    35.8153       3417     2.3722 0.0000e+00
      4.000    16.6510   4.547901    35.8168       3470     2.4091 0.0000e+00
      3.000    16.6520   4.548034    35.8174       3781     2.6248 0.0000e+00
      2.000    16.6488   4.547366    35.8148       3836     2.6629 0.0000e+00
      1.000    16.6061   3.444882    26.8368       3905     2.7109 0.0000e+00
