HB2502/ctd009.cnv
* Sea-Bird SBE 9 Data File:
* FileName = C:\cruise\data\ctd009.hex
* Software Version Seasave V 7.26.7.121
* Temperature SN = 6768
* Conductivity SN = 6166
* Number of Bytes Per Scan = 37
* Number of Voltage Words = 4
* Number of Scans Averaged by the Deck Unit = 1
* NMEA Latitude = 38 53.95 N
* NMEA Longitude = 073 27.31 W
* NMEA UTC (Time) = Mar 09 2025 04:36:01
* NMEA baud rate = 4800
** Ship: Bigelow HB2502
** Program:  Spring Bottom Trawl
** Chief Scientist:Jon Galbraith
# nquan = 7
# nvalues = 114                         
# units = specified
# name 0 = depSM: Depth [salt water, m]
# name 1 = t090C: Temperature [ITS-90, deg C]
# name 2 = c0S/m: Conductivity [S/m]
# name 3 = sal00: Salinity, Practical [PSU]
# name 4 = scan: Scan Count
# name 5 = timeM: Time, Elapsed [minutes]
# name 6 = flag: flag
# span 0 =      1.000,     59.000       
# span 1 =     7.1726,     7.1980       
# span 2 =   3.397906,   3.407560       
# span 3 =    33.3945,    33.4568       
# span 4 =        165,       4478       
# span 5 =     0.1141,     3.1089       
# span 6 = 0.0000e+00, 0.0000e+00       
# interval = meters: 1                  
# start_time = Mar 09 2025 04:36:01 [NMEA time, header]
# bad_flag = -9.990e-29
*END*
      4.000     7.1726   3.397906    33.3945        165     0.1141 0.0000e+00
      5.000     7.1797   3.402249    33.4344        353     0.2444 0.0000e+00
      6.000     7.1804   3.402959    33.4410        402     0.2787 0.0000e+00
      7.000     7.1823   3.403208    33.4415        454     0.3146 0.0000e+00
      8.000     7.1855   3.403634    33.4424        467     0.3238 0.0000e+00
      9.000     7.1875   3.404030    33.4444        483     0.3346 0.0000e+00
     10.000     7.1880   3.404268    33.4460        502     0.3477 0.0000e+00
     11.000     7.1886   3.404391    33.4463        536     0.3715 0.0000e+00
     12.000     7.1892   3.404529    33.4467        582     0.4035 0.0000e+00
     13.000     7.1894   3.404589    33.4467        609     0.4220 0.0000e+00
     14.000     7.1892   3.404578    33.4462        631     0.4373 0.0000e+00
     15.000     7.1894   3.404839    33.4484        649     0.4502 0.0000e+00
     16.000     7.1892   3.404885    33.4486        674     0.4672 0.0000e+00
     17.000     7.1887   3.404665    33.4462        722     0.5004 0.0000e+00
     18.000     7.1884   3.405084    33.4506        747     0.5181 0.0000e+00
     19.000     7.1888   3.405069    33.4495        764     0.5301 0.0000e+00
     20.000     7.1894   3.405108    33.4489        784     0.5439 0.0000e+00
     21.000     7.1894   3.405088    33.4482        817     0.5670 0.0000e+00
     22.000     7.1885   3.405279    33.4507        853     0.5920 0.0000e+00
     23.000     7.1882   3.405452    33.4524        878     0.6092 0.0000e+00
     24.000     7.1871   3.405526    33.4537        904     0.6267 0.0000e+00
     25.000     7.1871   3.405483    33.4528        931     0.6458 0.0000e+00
     26.000     7.1882   3.405569    33.4522        957     0.6639 0.0000e+00
     27.000     7.1876   3.405645    33.4531        982     0.6810 0.0000e+00
     28.000     7.1867   3.405711    33.4542       1010     0.7007 0.0000e+00
     29.000     7.1868   3.405743    33.4540       1046     0.7258 0.0000e+00
     30.000     7.1869   3.405801    33.4540       1074     0.7454 0.0000e+00
     31.000     7.1872   3.405867    33.4539       1096     0.7601 0.0000e+00
     32.000     7.1882   3.405893    33.4528       1118     0.7757 0.0000e+00
     33.000     7.1893   3.405957    33.4519       1148     0.7964 0.0000e+00
     34.000     7.1898   3.406064    33.4521       1181     0.8194 0.0000e+00
     35.000     7.1892   3.406151    33.4531       1207     0.8375 0.0000e+00
     36.000     7.1896   3.406218    33.4530       1230     0.8537 0.0000e+00
     37.000     7.1905   3.406275    33.4523       1256     0.8716 0.0000e+00
     38.000     7.1929   3.406348    33.4503       1285     0.8914 0.0000e+00
     39.000     7.1937   3.406430    33.4499       1317     0.9138 0.0000e+00
     40.000     7.1964   3.406601    33.4487       1348     0.9354 0.0000e+00
     41.000     7.1963   3.406844    33.4509       1372     0.9518 0.0000e+00
     42.000     7.1970   3.407004    33.4515       1392     0.9662 0.0000e+00
     43.000     7.1969   3.407133    33.4525       1417     0.9833 0.0000e+00
     44.000     7.1980   3.407290    33.4526       1455     1.0095 0.0000e+00
     45.000     7.1974   3.407357    33.4535       1486     1.0315 0.0000e+00
     46.000     7.1975   3.407348    33.4528       1507     1.0460 0.0000e+00
     47.000     7.1969   3.407439    33.4539       1528     1.0601 0.0000e+00
     48.000     7.1969   3.407484    33.4539       1556     1.0801 0.0000e+00
     49.000     7.1970   3.407560    33.4541       1597     1.1081 0.0000e+00
     50.000     7.1939   3.407276    33.4536       1624     1.1269 0.0000e+00
     51.000     7.1945   3.407378    33.4536       1644     1.1409 0.0000e+00
     52.000     7.1939   3.407375    33.4537       1665     1.1554 0.0000e+00
     53.000     7.1934   3.407367    33.4536       1690     1.1732 0.0000e+00
     54.000     7.1929   3.407370    33.4536       1727     1.1983 0.0000e+00
     55.000     7.1926   3.407373    33.4535       1761     1.2226 0.0000e+00
     56.000     7.1906   3.407208    33.4531       1784     1.2383 0.0000e+00
     57.000     7.1907   3.407279    33.4533       1804     1.2524 0.0000e+00
     58.000     7.1904   3.407274    33.4531       1827     1.2680 0.0000e+00
     59.000     7.1905   3.407289    33.4526       1842     1.2785 0.0000e+00
     58.000     7.1912   3.407361    33.4533       2004     1.3907 0.0000e+00
     57.000     7.1911   3.407324    33.4534       2502     1.7369 0.0000e+00
     56.000     7.1906   3.407241    33.4534       2622     1.8205 0.0000e+00
     55.000     7.1908   3.407213    33.4535       2658     1.8450 0.0000e+00
     54.000     7.1906   3.407160    33.4535       2682     1.8622 0.0000e+00
     53.000     7.1906   3.407096    33.4534       2702     1.8755 0.0000e+00
     52.000     7.1904   3.407036    33.4534       2720     1.8884 0.0000e+00
     51.000     7.1904   3.406996    33.4535       2746     1.9064 0.0000e+00
     50.000     7.1914   3.407076    33.4538       2785     1.9336 0.0000e+00
     49.000     7.1924   3.407124    33.4539       2812     1.9524 0.0000e+00
     48.000     7.1925   3.407090    33.4539       2831     1.9652 0.0000e+00
     47.000     7.1929   3.407082    33.4539       2848     1.9773 0.0000e+00
     46.000     7.1934   3.407092    33.4540       2872     1.9936 0.0000e+00
     45.000     7.1938   3.407093    33.4542       2911     2.0212 0.0000e+00
     44.000     7.1938   3.407057    33.4542       2942     2.0422 0.0000e+00
     43.000     7.1936   3.407000    33.4542       2961     2.0554 0.0000e+00
     42.000     7.1934   3.406940    33.4543       2982     2.0698 0.0000e+00
     41.000     7.1937   3.406921    33.4543       3015     2.0931 0.0000e+00
     40.000     7.1938   3.406899    33.4544       3048     2.1158 0.0000e+00
     39.000     7.1941   3.406875    33.4544       3067     2.1289 0.0000e+00
     38.000     7.1929   3.406700    33.4542       3083     2.1403 0.0000e+00
     37.000     7.1924   3.406617    33.4542       3101     2.1529 0.0000e+00
     36.000     7.1915   3.406475    33.4540       3135     2.1763 0.0000e+00
     35.000     7.1908   3.406344    33.4537       3192     2.2157 0.0000e+00
     34.000     7.1940   3.406610    33.4540       3211     2.2289 0.0000e+00
     33.000     7.1954   3.406738    33.4546       3227     2.2400 0.0000e+00
     32.000     7.1956   3.406723    33.4547       3241     2.2497 0.0000e+00
     31.000     7.1948   3.406603    33.4546       3255     2.2596 0.0000e+00
     30.000     7.1926   3.406328    33.4543       3286     2.2816 0.0000e+00
     29.000     7.1929   3.406309    33.4543       3350     2.3256 0.0000e+00
     28.000     7.1940   3.406356    33.4542       3369     2.3386 0.0000e+00
     27.000     7.1958   3.406489    33.4543       3385     2.3497 0.0000e+00
     26.000     7.1956   3.406476    33.4549       3400     2.3607 0.0000e+00
     25.000     7.1954   3.406401    33.4548       3420     2.3743 0.0000e+00
     24.000     7.1956   3.406370    33.4547       3452     2.3964 0.0000e+00
     23.000     7.1957   3.406335    33.4547       3498     2.4282 0.0000e+00
     22.000     7.1955   3.406272    33.4548       3523     2.4459 0.0000e+00
     21.000     7.1957   3.406235    33.4546       3542     2.4589 0.0000e+00
     20.000     7.1956   3.406201    33.4548       3561     2.4720 0.0000e+00
     19.000     7.1955   3.406156    33.4549       3587     2.4900 0.0000e+00
     18.000     7.1949   3.406051    33.4549       3618     2.5118 0.0000e+00
     17.000     7.1939   3.405892    33.4545       3646     2.5316 0.0000e+00
     16.000     7.1940   3.405840    33.4544       3684     2.5578 0.0000e+00
     15.000     7.1929   3.405608    33.4534       3714     2.5783 0.0000e+00
     14.000     7.1920   3.405652    33.4552       3732     2.5911 0.0000e+00
     13.000     7.1919   3.405559    33.4548       3748     2.6023 0.0000e+00
     12.000     7.1913   3.405500    33.4553       3766     2.6146 0.0000e+00
     11.000     7.1907   3.405440    33.4557       3822     2.6535 0.0000e+00
     10.000     7.1906   3.405382    33.4556       3865     2.6836 0.0000e+00
      9.000     7.1894   3.405238    33.4557       3885     2.6973 0.0000e+00
      8.000     7.1882   3.405049    33.4553       3905     2.7111 0.0000e+00
      7.000     7.1866   3.404907    33.4557       3930     2.7286 0.0000e+00
      6.000     7.1839   3.404622    33.4558       3977     2.7613 0.0000e+00
      5.000     7.1825   3.404486    33.4561       4019     2.7906 0.0000e+00
      4.000     7.1808   3.404229    33.4555       4078     2.8311 0.0000e+00
      3.000     7.1817   3.404306    33.4560       4351     3.0211 0.0000e+00
      2.000     7.1824   3.404319    33.4559       4456     3.0940 0.0000e+00
      1.000     7.1816   3.404288    33.4568       4478     3.1089 0.0000e+00
