HB2502/ctd084.cnv
* Sea-Bird SBE 9 Data File:
* FileName = C:\cruise\data\ctd084.hex
* Software Version Seasave V 7.26.7.121
* Temperature SN = 6768
* Conductivity SN = 6166
* Number of Bytes Per Scan = 37
* Number of Voltage Words = 4
* Number of Scans Averaged by the Deck Unit = 1
* NMEA Latitude = 40 14.88 N
* NMEA Longitude = 073 50.58 W
* NMEA UTC (Time) = Mar 21 2025 04:17:06
* NMEA baud rate = 4800
** Ship: Bigelow HB2502
** Program:  Spring Bottom Trawl
** Chief Scientist:Jon Galbraith
# nquan = 7
# nvalues = 43                          
# units = specified
# name 0 = depSM: Depth [salt water, m]
# name 1 = t090C: Temperature [ITS-90, deg C]
# name 2 = c0S/m: Conductivity [S/m]
# name 3 = sal00: Salinity, Practical [PSU]
# name 4 = scan: Scan Count
# name 5 = timeM: Time, Elapsed [minutes]
# name 6 = flag: flag
# span 0 =      1.000,     23.000       
# span 1 =     5.4675,     6.8453       
# span 2 =   1.477767,   3.220833       
# span 3 =    14.5098,    33.0778       
# span 4 =        172,       2635       
# span 5 =     0.1186,     1.8291       
# span 6 = 0.0000e+00, 0.0000e+00       
# interval = meters: 1                  
# start_time = Mar 21 2025 04:17:06 [NMEA time, header]
# bad_flag = -9.990e-29
*END*
      3.000     6.8453   3.185125    31.3823        172     0.1186 0.0000e+00
      4.000     6.7080   3.148770    31.1097        307     0.2123 0.0000e+00
      5.000     6.3657   3.156504    31.5079        332     0.2297 0.0000e+00
      6.000     6.4970   3.157754    31.3999        360     0.2492 0.0000e+00
      7.000     6.3280   3.156838    31.5455        389     0.2697 0.0000e+00
      8.000     6.2502   3.163911    31.6956        418     0.2899 0.0000e+00
      9.000     6.3803   3.168185    31.6215        448     0.3103 0.0000e+00
     10.000     6.0348   3.167053    31.9318        476     0.3295 0.0000e+00
     11.000     5.9059   3.182471    32.2257        499     0.3460 0.0000e+00
     12.000     5.8135   3.198930    32.4985        522     0.3618 0.0000e+00
     13.000     5.8123   3.202947    32.5444        547     0.3794 0.0000e+00
     14.000     5.8593   3.208381    32.5597        576     0.3990 0.0000e+00
     15.000     5.8757   3.214316    32.6101        604     0.4185 0.0000e+00
     16.000     5.8653   3.218408    32.6656        633     0.4390 0.0000e+00
     17.000     5.8529   3.219772    32.6925        666     0.4620 0.0000e+00
     18.000     5.8046   3.219220    32.7326        692     0.4802 0.0000e+00
     19.000     5.6984   3.212956    32.7645        712     0.4939 0.0000e+00
     20.000     5.6408   3.208514    32.7699        731     0.5070 0.0000e+00
     21.000     5.6050   3.209898    32.8199        757     0.5247 0.0000e+00
     22.000     5.6209   3.212719    32.8359        803     0.5568 0.0000e+00
     23.000     5.4675   3.220833    33.0778       1485     1.0302 0.0000e+00
     22.000     5.5118   3.213885    32.9559       1751     1.2153 0.0000e+00
     21.000     5.5534   3.210274    32.8747       1793     1.2444 0.0000e+00
     20.000     5.6422   3.206591    32.7468       1815     1.2597 0.0000e+00
     19.000     5.6546   3.205555    32.7235       1837     1.2752 0.0000e+00
     18.000     5.7310   3.203916    32.6314       1861     1.2919 0.0000e+00
     17.000     5.7471   3.202770    32.6034       1891     1.3125 0.0000e+00
     16.000     5.8804   3.201887    32.4654       1924     1.3353 0.0000e+00
     15.000     5.9068   3.201265    32.4336       1948     1.3524 0.0000e+00
     14.000     5.9078   3.201362    32.4342       1970     1.3670 0.0000e+00
     13.000     5.9052   3.201195    32.4353       1994     1.3841 0.0000e+00
     12.000     5.9048   3.200442    32.4278       2028     1.4079 0.0000e+00
     11.000     5.9012   3.197932    32.4036       2058     1.4283 0.0000e+00
     10.000     5.9266   3.194457    32.3407       2077     1.4420 0.0000e+00
      9.000     5.9760   3.189006    32.2330       2095     1.4544 0.0000e+00
      8.000     6.0532   3.185524    32.1212       2114     1.4675 0.0000e+00
      7.000     6.1079   3.183934    32.0523       2145     1.4891 0.0000e+00
      6.000     6.1770   3.181299    31.9581       2189     1.5193 0.0000e+00
      5.000     6.1878   3.178793    31.9206       2211     1.5350 0.0000e+00
      4.000     6.2829   3.175968    31.8006       2229     1.5473 0.0000e+00
      3.000     6.1357   3.169511    31.8674       2373     1.6469 0.0000e+00
      2.000     6.2081   3.169057    31.7949       2532     1.7574 0.0000e+00
      1.000     6.3361   1.477767    14.5098       2635     1.8291 0.0000e+00
