HB2502/ctd078.cnv
* Sea-Bird SBE 9 Data File:
* FileName = C:\cruise\data\ctd078.hex
* Software Version Seasave V 7.26.7.121
* Temperature SN = 6768
* Conductivity SN = 6166
* Number of Bytes Per Scan = 37
* Number of Voltage Words = 4
* Number of Scans Averaged by the Deck Unit = 1
* NMEA Latitude = 39 00.27 N
* NMEA Longitude = 072 52.20 W
* NMEA UTC (Time) = Mar 20 2025 01:50:30
* NMEA baud rate = 4800
** Ship: Bigelow HB2502
** Program:  Spring Bottom Trawl
** Chief Scientist:Jon Galbraith
# nquan = 7
# nvalues = 218                         
# units = specified
# name 0 = depSM: Depth [salt water, m]
# name 1 = t090C: Temperature [ITS-90, deg C]
# name 2 = c0S/m: Conductivity [S/m]
# name 3 = sal00: Salinity, Practical [PSU]
# name 4 = scan: Scan Count
# name 5 = timeM: Time, Elapsed [minutes]
# name 6 = flag: flag
# span 0 =      2.000,    111.000       
# span 1 =     6.8432,     8.5764       
# span 2 =   3.301041,   3.569501       
# span 3 =    32.5162,    33.8516       
# span 4 =        165,       6739       
# span 5 =     0.1142,     4.6795       
# span 6 = 0.0000e+00, 0.0000e+00       
# interval = meters: 1                  
# start_time = Mar 20 2025 01:50:30 [NMEA time, header]
# bad_flag = -9.990e-29
*END*
      3.000     6.8432   3.301041    32.6515        165     0.1142 0.0000e+00
      4.000     6.8621   3.312859    32.7627        306     0.2118 0.0000e+00
      5.000     6.8630   3.313928    32.7731        328     0.2272 0.0000e+00
      6.000     6.8629   3.314234    32.7760        359     0.2486 0.0000e+00
      7.000     6.8629   3.314545    32.7789        399     0.2763 0.0000e+00
      8.000     6.8631   3.314953    32.7828        426     0.2951 0.0000e+00
      9.000     6.8618   3.315039    32.7844        448     0.3104 0.0000e+00
     10.000     6.8619   3.315085    32.7844        470     0.3259 0.0000e+00
     11.000     6.8618   3.315193    32.7852        498     0.3454 0.0000e+00
     12.000     6.8617   3.315228    32.7851        532     0.3687 0.0000e+00
     13.000     6.8682   3.315566    32.7821        561     0.3891 0.0000e+00
     14.000     6.8805   3.316429    32.7794        583     0.4045 0.0000e+00
     15.000     6.8967   3.317562    32.7759        604     0.4185 0.0000e+00
     16.000     6.9010   3.318899    32.7859        625     0.4334 0.0000e+00
     17.000     6.9004   3.319324    32.7907        651     0.4517 0.0000e+00
     18.000     6.9038   3.319398    32.7877        685     0.4750 0.0000e+00
     19.000     6.9099   3.320354    32.7920        716     0.4968 0.0000e+00
     20.000     6.9218   3.321471    32.7923        743     0.5149 0.0000e+00
     21.000     6.9509   3.322365    32.7739        767     0.5317 0.0000e+00
     22.000     6.9743   3.323197    32.7602        791     0.5484 0.0000e+00
     23.000     7.0117   3.324170    32.7348        816     0.5661 0.0000e+00
     24.000     7.1621   3.323825    32.5881        845     0.5862 0.0000e+00
     25.000     7.2431   3.324291    32.5162        878     0.6092 0.0000e+00
     26.000     7.2503   3.330310    32.5742        910     0.6316 0.0000e+00
     27.000     7.2477   3.344796    32.7334        934     0.6479 0.0000e+00
     28.000     7.2466   3.353443    32.8279        953     0.6610 0.0000e+00
     29.000     7.2441   3.356407    32.8620        971     0.6735 0.0000e+00
     30.000     7.2338   3.356750    32.8750        993     0.6887 0.0000e+00
     31.000     7.2210   3.356876    32.8881       1028     0.7130 0.0000e+00
     32.000     7.2109   3.359890    32.9300       1065     0.7391 0.0000e+00
     33.000     7.2063   3.362177    32.9588       1091     0.7571 0.0000e+00
     34.000     7.2027   3.363298    32.9739       1117     0.7750 0.0000e+00
     35.000     7.1994   3.364170    32.9861       1144     0.7936 0.0000e+00
     36.000     7.1960   3.364981    32.9977       1169     0.8114 0.0000e+00
     37.000     7.1950   3.365876    33.0079       1194     0.8287 0.0000e+00
     38.000     7.1957   3.366302    33.0114       1221     0.8472 0.0000e+00
     39.000     7.1930   3.367576    33.0274       1247     0.8652 0.0000e+00
     40.000     7.1914   3.368514    33.0387       1271     0.8820 0.0000e+00
     41.000     7.1904   3.369073    33.0452       1295     0.8987 0.0000e+00
     42.000     7.1892   3.369908    33.0549       1321     0.9165 0.0000e+00
     43.000     7.1857   3.370357    33.0627       1350     0.9368 0.0000e+00
     44.000     7.1766   3.370990    33.0778       1381     0.9587 0.0000e+00
     45.000     7.1714   3.372623    33.1001       1411     0.9791 0.0000e+00
     46.000     7.2387   3.378122    33.0949       1438     0.9983 0.0000e+00
     47.000     7.2751   3.387031    33.1564       1463     1.0156 0.0000e+00
     48.000     7.2904   3.390207    33.1757       1485     1.0309 0.0000e+00
     49.000     7.3517   3.395283    33.1716       1506     1.0449 0.0000e+00
     50.000     7.4657   3.409171    33.2123       1527     1.0598 0.0000e+00
     51.000     7.5190   3.422063    33.3002       1559     1.0823 0.0000e+00
     52.000     7.5361   3.426703    33.3334       1608     1.1159 0.0000e+00
     53.000     7.5841   3.432050    33.3446       1635     1.1347 0.0000e+00
     54.000     7.6133   3.436638    33.3655       1654     1.1481 0.0000e+00
     55.000     7.6038   3.436536    33.3731       1672     1.1602 0.0000e+00
     56.000     7.5987   3.436303    33.3750       1690     1.1729 0.0000e+00
     57.000     7.5999   3.436598    33.3765       1712     1.1883 0.0000e+00
     58.000     7.6011   3.436811    33.3772       1742     1.2093 0.0000e+00
     59.000     7.6034   3.437535    33.3824       1777     1.2336 0.0000e+00
     60.000     7.6091   3.438541    33.3872       1810     1.2563 0.0000e+00
     61.000     7.6212   3.440872    33.4003       1842     1.2783 0.0000e+00
     62.000     7.6206   3.442197    33.4146       1868     1.2964 0.0000e+00
     63.000     7.6343   3.445032    33.4316       1890     1.3115 0.0000e+00
     64.000     7.6285   3.444954    33.4358       1910     1.3255 0.0000e+00
     65.000     7.6247   3.444825    33.4376       1931     1.3400 0.0000e+00
     66.000     7.6024   3.443535    33.4447       1955     1.3572 0.0000e+00
     67.000     7.5909   3.442687    33.4461       1988     1.3798 0.0000e+00
     68.000     7.5604   3.440316    33.4493       2026     1.4066 0.0000e+00
     69.000     7.5521   3.439689    33.4501       2055     1.4264 0.0000e+00
     70.000     7.5325   3.438077    33.4511       2075     1.4405 0.0000e+00
     71.000     7.5238   3.437341    33.4510       2095     1.4538 0.0000e+00
     72.000     7.5146   3.436689    33.4524       2117     1.4696 0.0000e+00
     73.000     7.5659   3.442907    33.4696       2151     1.4933 0.0000e+00
     74.000     7.8469   3.473031    33.5230       2186     1.5176 0.0000e+00
     75.000     7.9674   3.487223    33.5589       2209     1.5337 0.0000e+00
     76.000     8.0423   3.496668    33.5874       2230     1.5477 0.0000e+00
     77.000     8.0401   3.498276    33.6063       2253     1.5638 0.0000e+00
     78.000     7.8911   3.484727    33.6041       2288     1.5879 0.0000e+00
     79.000     7.9511   3.491747    33.6210       2320     1.6108 0.0000e+00
     80.000     8.1933   3.518170    33.6697       2342     1.6255 0.0000e+00
     81.000     8.4283   3.546851    33.7484       2361     1.6388 0.0000e+00
     82.000     8.5566   3.563250    33.7983       2383     1.6543 0.0000e+00
     83.000     8.5551   3.564630    33.8138       2416     1.6768 0.0000e+00
     84.000     8.5098   3.562126    33.8304       2451     1.7016 0.0000e+00
     85.000     8.5348   3.566433    33.8513       2478     1.7201 0.0000e+00
     86.000     8.3718   3.549901    33.8326       2502     1.7365 0.0000e+00
     87.000     8.3042   3.542933    33.8232       2527     1.7544 0.0000e+00
     88.000     8.2605   3.538450    33.8171       2556     1.7741 0.0000e+00
     89.000     8.2430   3.536666    33.8146       2581     1.7916 0.0000e+00
     90.000     8.2327   3.535598    33.8126       2603     1.8066 0.0000e+00
     91.000     8.2258   3.534916    33.8116       2624     1.8215 0.0000e+00
     92.000     8.2222   3.534532    33.8104       2648     1.8384 0.0000e+00
     93.000     8.2243   3.534810    33.8109       2679     1.8596 0.0000e+00
     94.000     8.1854   3.530874    33.8060       2716     1.8857 0.0000e+00
     95.000     8.1763   3.529870    33.8037       2751     1.9098 0.0000e+00
     96.000     8.1605   3.528312    33.8018       2778     1.9284 0.0000e+00
     97.000     8.1419   3.526414    33.7990       2801     1.9446 0.0000e+00
     98.000     8.1414   3.526321    33.7980       2823     1.9596 0.0000e+00
     99.000     8.1416   3.526356    33.7978       2843     1.9733 0.0000e+00
    100.000     8.1422   3.526498    33.7982       2862     1.9867 0.0000e+00
    101.000     8.1423   3.526530    33.7979       2882     2.0008 0.0000e+00
    102.000     8.1430   3.526647    33.7980       2912     2.0214 0.0000e+00
    103.000     8.1438   3.526761    33.7980       2963     2.0571 0.0000e+00
    104.000     8.1398   3.526352    33.7971       2995     2.0790 0.0000e+00
    105.000     8.1426   3.526726    33.7978       3018     2.0948 0.0000e+00
    106.000     8.1421   3.526568    33.7961       3041     2.1113 0.0000e+00
    107.000     8.1414   3.526655    33.7973       3066     2.1284 0.0000e+00
    108.000     8.1388   3.526450    33.7971       3088     2.1436 0.0000e+00
    109.000     8.1345   3.525964    33.7956       3107     2.1572 0.0000e+00
    110.000     8.1338   3.525934    33.7955       3127     2.1705 0.0000e+00
    111.000     8.1345   3.526037    33.7954       3149     2.1865 0.0000e+00
    110.000     8.1345   3.526000    33.7955       3185     2.2110 0.0000e+00
    109.000     8.1345   3.525980    33.7958       3224     2.2384 0.0000e+00
    108.000     8.1527   3.527961    33.7999       3756     2.6075 0.0000e+00
    107.000     8.1455   3.527180    33.7989       3786     2.6288 0.0000e+00
    106.000     8.1447   3.527039    33.7987       3814     2.6478 0.0000e+00
    105.000     8.1420   3.526695    33.7981       3837     2.6639 0.0000e+00
    104.000     8.1456   3.526987    33.7982       3858     2.6785 0.0000e+00
    103.000     8.1534   3.527802    33.7998       3881     2.6942 0.0000e+00
    102.000     8.1585   3.528338    33.8011       3912     2.7157 0.0000e+00
    101.000     8.1582   3.528254    33.8010       3949     2.7419 0.0000e+00
    100.000     8.1625   3.528707    33.8021       3974     2.7594 0.0000e+00
     99.000     8.1643   3.528851    33.8024       3994     2.7728 0.0000e+00
     98.000     8.1642   3.528823    33.8027       4012     2.7853 0.0000e+00
     97.000     8.1635   3.528719    33.8028       4031     2.7984 0.0000e+00
     96.000     8.1617   3.528480    33.8024       4053     2.8138 0.0000e+00
     95.000     8.1702   3.529295    33.8033       4083     2.8347 0.0000e+00
     94.000     8.1713   3.529386    33.8038       4123     2.8628 0.0000e+00
     93.000     8.1857   3.530764    33.8051       4157     2.8858 0.0000e+00
     92.000     8.2068   3.532883    33.8077       4180     2.9022 0.0000e+00
     91.000     8.2207   3.534265    33.8095       4200     2.9160 0.0000e+00
     90.000     8.2455   3.536843    33.8136       4219     2.9292 0.0000e+00
     89.000     8.2574   3.538076    33.8156       4239     2.9429 0.0000e+00
     88.000     8.2745   3.539841    33.8184       4265     2.9609 0.0000e+00
     87.000     8.2889   3.541254    33.8201       4302     2.9867 0.0000e+00
     86.000     8.3020   3.542529    33.8215       4332     3.0078 0.0000e+00
     85.000     8.3528   3.547620    33.8271       4353     3.0222 0.0000e+00
     84.000     8.3772   3.550100    33.8304       4372     3.0353 0.0000e+00
     83.000     8.5026   3.562293    33.8395       4394     3.0508 0.0000e+00
     82.000     8.5597   3.568579    33.8516       4427     3.0733 0.0000e+00
     81.000     8.5764   3.569501    33.8458       4459     3.0957 0.0000e+00
     80.000     8.5113   3.559734    33.8056       4484     3.1131 0.0000e+00
     79.000     8.2664   3.531253    33.7392       4509     3.1303 0.0000e+00
     78.000     8.0800   3.508842    33.6802       4537     3.1500 0.0000e+00
     77.000     7.9773   3.495509    33.6371       4564     3.1684 0.0000e+00
     76.000     7.9613   3.492217    33.6177       4585     3.1831 0.0000e+00
     75.000     7.9887   3.494470    33.6159       4604     3.1963 0.0000e+00
     74.000     7.9999   3.494798    33.6092       4623     3.2099 0.0000e+00
     73.000     7.9288   3.486052    33.5843       4651     3.2293 0.0000e+00
     72.000     7.8291   3.472971    33.5405       4698     3.2615 0.0000e+00
     71.000     7.5670   3.445872    33.5015       4729     3.2837 0.0000e+00
     70.000     7.3694   3.423508    33.4507       4750     3.2983 0.0000e+00
     69.000     7.3845   3.424028    33.4422       4770     3.3116 0.0000e+00
     68.000     7.4957   3.434550    33.4494       4788     3.3245 0.0000e+00
     67.000     7.5520   3.439822    33.4526       4807     3.3378 0.0000e+00
     66.000     7.5822   3.442477    33.4527       4830     3.3533 0.0000e+00
     65.000     7.5920   3.443274    33.4523       4866     3.3784 0.0000e+00
     64.000     7.5946   3.443420    33.4519       4909     3.4084 0.0000e+00
     63.000     7.6042   3.443917    33.4485       4934     3.4257 0.0000e+00
     62.000     7.6145   3.444546    33.4459       4954     3.4393 0.0000e+00
     61.000     7.6265   3.445275    33.4426       4973     3.4526 0.0000e+00
     60.000     7.6336   3.445180    33.4352       4996     3.4684 0.0000e+00
     59.000     7.6379   3.444438    33.4236       5028     3.4911 0.0000e+00
     58.000     7.6359   3.444281    33.4244       5062     3.5145 0.0000e+00
     57.000     7.6255   3.442188    33.4122       5086     3.5314 0.0000e+00
     56.000     7.6246   3.441586    33.4071       5106     3.5455 0.0000e+00
     55.000     7.6187   3.440490    33.4014       5125     3.5585 0.0000e+00
     54.000     7.6112   3.439067    33.3938       5146     3.5731 0.0000e+00
     53.000     7.6062   3.437774    33.3851       5182     3.5976 0.0000e+00
     52.000     7.6075   3.437761    33.3842       5229     3.6307 0.0000e+00
     51.000     7.5987   3.436197    33.3763       5253     3.6474 0.0000e+00
     50.000     7.5836   3.434152    33.3691       5270     3.6592 0.0000e+00
     49.000     7.5754   3.433088    33.3661       5286     3.6699 0.0000e+00
     48.000     7.5678   3.432152    33.3638       5301     3.6808 0.0000e+00
     47.000     7.5531   3.430352    33.3589       5321     3.6942 0.0000e+00
     46.000     7.4657   3.419044    33.3211       5369     3.7278 0.0000e+00
     45.000     7.3839   3.408091    33.2815       5416     3.7604 0.0000e+00
     44.000     7.3357   3.401299    33.2547       5435     3.7735 0.0000e+00
     43.000     7.3107   3.397848    33.2416       5452     3.7854 0.0000e+00
     42.000     7.2797   3.393785    33.2278       5470     3.7977 0.0000e+00
     41.000     7.2356   3.387131    33.1983       5490     3.8116 0.0000e+00
     40.000     7.1967   3.380992    33.1694       5515     3.8295 0.0000e+00
     39.000     7.1870   3.378966    33.1571       5551     3.8541 0.0000e+00
     38.000     7.1892   3.378473    33.1502       5581     3.8753 0.0000e+00
     37.000     7.1910   3.376467    33.1271       5604     3.8906 0.0000e+00
     36.000     7.1922   3.376017    33.1215       5624     3.9049 0.0000e+00
     35.000     7.1908   3.375425    33.1168       5648     3.9216 0.0000e+00
     34.000     7.1906   3.374817    33.1109       5685     3.9475 0.0000e+00
     33.000     7.1914   3.374633    33.1086       5725     3.9748 0.0000e+00
     32.000     7.1979   3.372659    33.0814       5746     3.9894 0.0000e+00
     31.000     7.1999   3.372120    33.0741       5762     4.0008 0.0000e+00
     30.000     7.2019   3.371833    33.0696       5777     4.0114 0.0000e+00
     29.000     7.2066   3.371635    33.0634       5794     4.0228 0.0000e+00
     28.000     7.2210   3.371400    33.0475       5818     4.0398 0.0000e+00
     27.000     7.2465   3.370710    33.0160       5871     4.0766 0.0000e+00
     26.000     7.2546   3.370961    33.0116       5901     4.0972 0.0000e+00
     25.000     7.2577   3.370860    33.0079       5920     4.1101 0.0000e+00
     24.000     7.2633   3.370471    32.9989       5938     4.1229 0.0000e+00
     23.000     7.2743   3.369799    32.9816       5961     4.1387 0.0000e+00
     22.000     7.2647   3.368426    32.9763       5993     4.1612 0.0000e+00
     21.000     7.2160   3.362820    32.9622       6024     4.1829 0.0000e+00
     20.000     7.0339   3.340994    32.8988       6048     4.1996 0.0000e+00
     19.000     6.9717   3.332463    32.8654       6071     4.2151 0.0000e+00
     18.000     6.9278   3.327216    32.8505       6093     4.2306 0.0000e+00
     17.000     6.9000   3.323535    32.8372       6115     4.2457 0.0000e+00
     16.000     6.8935   3.322361    32.8311       6138     4.2617 0.0000e+00
     15.000     6.8907   3.321895    32.8291       6168     4.2824 0.0000e+00
