HB2502/ctd010.cnv
* Sea-Bird SBE 9 Data File:
* FileName = C:\cruise\data\ctd010.hex
* Software Version Seasave V 7.26.7.121
* Temperature SN = 6768
* Conductivity SN = 6166
* Number of Bytes Per Scan = 37
* Number of Voltage Words = 4
* Number of Scans Averaged by the Deck Unit = 1
* NMEA Latitude = 38 49.84 N
* NMEA Longitude = 073 22.46 W
* NMEA UTC (Time) = Mar 09 2025 06:34:23
* NMEA baud rate = 4800
** Ship: Bigelow HB2502
** Program:  Spring Bottom Trawl
** Chief Scientist:Jon Galbraith
# nquan = 7
# nvalues = 127                         
# units = specified
# name 0 = depSM: Depth [salt water, m]
# name 1 = t090C: Temperature [ITS-90, deg C]
# name 2 = c0S/m: Conductivity [S/m]
# name 3 = sal00: Salinity, Practical [PSU]
# name 4 = scan: Scan Count
# name 5 = timeM: Time, Elapsed [minutes]
# name 6 = flag: flag
# span 0 =      1.000,     65.000       
# span 1 =     6.9335,     7.8540       
# span 2 =   1.724768,   3.480697       
# span 3 =    16.4556,    33.6073       
# span 4 =         21,       4749       
# span 5 =     0.0138,     3.2972       
# span 6 = 0.0000e+00, 0.0000e+00       
# interval = meters: 1                  
# start_time = Mar 09 2025 06:34:23 [NMEA time, header]
# bad_flag = -9.990e-29
*END*
      3.000     7.1549   3.366819    33.0731         21     0.0138 0.0000e+00
      4.000     7.3257   3.386772    33.1259         48     0.0325 0.0000e+00
      5.000     7.3342   3.387524    33.1254        231     0.1598 0.0000e+00
      6.000     7.3387   3.398025    33.2345        327     0.2266 0.0000e+00
      7.000     7.3393   3.398353    33.2371        364     0.2524 0.0000e+00
      8.000     7.3416   3.399702    33.2491        391     0.2710 0.0000e+00
      9.000     7.3417   3.400168    33.2535        411     0.2846 0.0000e+00
     10.000     7.3415   3.400264    33.2543        430     0.2977 0.0000e+00
     11.000     7.3419   3.400169    33.2524        455     0.3152 0.0000e+00
     12.000     7.3424   3.399645    33.2457        497     0.3444 0.0000e+00
     13.000     7.3432   3.400335    33.2519        528     0.3660 0.0000e+00
     14.000     7.3440   3.400840    33.2562        548     0.3797 0.0000e+00
     15.000     7.3429   3.401080    33.2593        567     0.3931 0.0000e+00
     16.000     7.3441   3.401043    33.2573        590     0.4093 0.0000e+00
     17.000     7.3447   3.400504    33.2504        631     0.4374 0.0000e+00
     18.000     7.3478   3.401149    33.2539        661     0.4583 0.0000e+00
     19.000     7.3501   3.401775    33.2581        680     0.4717 0.0000e+00
     20.000     7.3516   3.402513    33.2641        699     0.4847 0.0000e+00
     21.000     7.3533   3.402592    33.2628        724     0.5017 0.0000e+00
     22.000     7.3545   3.401044    33.2445        761     0.5275 0.0000e+00
     23.000     7.3574   3.401237    33.2433        789     0.5470 0.0000e+00
     24.000     7.3575   3.402883    33.2605        812     0.5630 0.0000e+00
     25.000     7.3642   3.404803    33.2745        837     0.5808 0.0000e+00
     26.000     7.3716   3.406585    33.2862        865     0.5998 0.0000e+00
     27.000     7.3740   3.407561    33.2939        889     0.6165 0.0000e+00
     28.000     7.3730   3.407855    33.2976        911     0.6321 0.0000e+00
     29.000     7.3672   3.410381    33.3301        940     0.6518 0.0000e+00
     30.000     7.3654   3.411283    33.3412        977     0.6778 0.0000e+00
     31.000     7.3634   3.412698    33.3580       1007     0.6989 0.0000e+00
     32.000     7.3611   3.412970    33.3627       1027     0.7126 0.0000e+00
     33.000     7.3578   3.413621    33.3724       1045     0.7251 0.0000e+00
     34.000     7.3514   3.413957    33.3818       1067     0.7399 0.0000e+00
     35.000     7.3470   3.414033    33.3864       1107     0.7678 0.0000e+00
     36.000     7.3428   3.414494    33.3949       1147     0.7959 0.0000e+00
     37.000     7.3325   3.414500    33.4045       1169     0.8108 0.0000e+00
     38.000     7.3067   3.414526    33.4292       1188     0.8240 0.0000e+00
     39.000     7.3059   3.414356    33.4276       1208     0.8383 0.0000e+00
     40.000     7.2953   3.413822    33.4315       1239     0.8598 0.0000e+00
     41.000     7.2936   3.413469    33.4289       1276     0.8852 0.0000e+00
     42.000     7.2932   3.412922    33.4229       1302     0.9032 0.0000e+00
     43.000     7.2868   3.412625    33.4253       1325     0.9192 0.0000e+00
     44.000     7.3023   3.412628    33.4099       1352     0.9380 0.0000e+00
     45.000     7.3115   3.412647    33.4007       1384     0.9603 0.0000e+00
     46.000     7.3046   3.414042    33.4221       1412     0.9799 0.0000e+00
     47.000     7.3027   3.414450    33.4278       1435     0.9956 0.0000e+00
     48.000     7.3074   3.415115    33.4300       1458     1.0119 0.0000e+00
     49.000     7.3133   3.415996    33.4334       1491     1.0344 0.0000e+00
     50.000     7.3252   3.417479    33.4376       1527     1.0599 0.0000e+00
     51.000     7.3355   3.419113    33.4449       1554     1.0783 0.0000e+00
     52.000     7.3371   3.419147    33.4433       1576     1.0940 0.0000e+00
     53.000     7.4217   3.427815    33.4551       1603     1.1123 0.0000e+00
     54.000     7.4610   3.433827    33.4818       1641     1.1387 0.0000e+00
     55.000     7.4639   3.434339    33.4841       1675     1.1622 0.0000e+00
     56.000     7.4650   3.434590    33.4853       1698     1.1781 0.0000e+00
     57.000     7.4771   3.435781    33.4859       1720     1.1939 0.0000e+00
     58.000     7.5086   3.439523    33.4955       1755     1.2181 0.0000e+00
     59.000     7.5830   3.447702    33.5117       1796     1.2466 0.0000e+00
     60.000     7.6274   3.452864    33.5241       1821     1.2641 0.0000e+00
     61.000     7.7028   3.461628    33.5454       1843     1.2792 0.0000e+00
     62.000     7.7365   3.466186    33.5615       1867     1.2957 0.0000e+00
     63.000     7.7633   3.469537    33.5712       1908     1.3246 0.0000e+00
     64.000     7.8421   3.478628    33.5924       1949     1.3527 0.0000e+00
     65.000     7.8540   3.480697    33.6028       2020     1.4019 0.0000e+00
     64.000     7.8341   3.478728    33.6012       2484     1.7240 0.0000e+00
     63.000     7.8493   3.480608    33.6073       2695     1.8711 0.0000e+00
     62.000     7.8371   3.479021    33.6025       2731     1.8961 0.0000e+00
     61.000     7.8043   3.475146    33.5930       2778     1.9284 0.0000e+00
     60.000     7.7674   3.470973    33.5841       2809     1.9498 0.0000e+00
     59.000     7.7310   3.466669    33.5734       2826     1.9618 0.0000e+00
     58.000     7.6706   3.459808    33.5582       2842     1.9730 0.0000e+00
     57.000     7.5875   3.450138    33.5346       2862     1.9866 0.0000e+00
     56.000     7.5049   3.440223    33.5077       2898     2.0115 0.0000e+00
     55.000     7.4790   3.437016    33.4985       2938     2.0397 0.0000e+00
     54.000     7.4617   3.434940    33.4931       2959     2.0540 0.0000e+00
     53.000     7.4589   3.434475    33.4913       2976     2.0663 0.0000e+00
     52.000     7.4522   3.433516    33.4878       2998     2.0815 0.0000e+00
     51.000     7.4206   3.429692    33.4774       3040     2.1102 0.0000e+00
     50.000     7.3778   3.425052    33.4689       3074     2.1340 0.0000e+00
     49.000     7.3394   3.420220    33.4541       3093     2.1475 0.0000e+00
     48.000     7.3272   3.418532    33.4481       3113     2.1610 0.0000e+00
     47.000     7.3147   3.416840    33.4422       3138     2.1783 0.0000e+00
     46.000     7.3079   3.415809    33.4381       3175     2.2041 0.0000e+00
     45.000     7.3036   3.415131    33.4353       3206     2.2254 0.0000e+00
     44.000     7.3051   3.415051    33.4336       3229     2.2419 0.0000e+00
     43.000     7.3127   3.415531    33.4318       3251     2.2571 0.0000e+00
     42.000     7.3119   3.415130    33.4288       3279     2.2764 0.0000e+00
     41.000     7.2939   3.412485    33.4179       3322     2.3064 0.0000e+00
     40.000     7.2949   3.412186    33.4142       3353     2.3275 0.0000e+00
     39.000     7.2962   3.412011    33.4115       3370     2.3395 0.0000e+00
     38.000     7.2975   3.412032    33.4109       3386     2.3508 0.0000e+00
     37.000     7.2967   3.411820    33.4099       3405     2.3640 0.0000e+00
     36.000     7.3076   3.412588    33.4083       3458     2.4006 0.0000e+00
     35.000     7.3089   3.412565    33.4072       3496     2.4273 0.0000e+00
     34.000     7.3087   3.412443    33.4066       3510     2.4368 0.0000e+00
     33.000     7.3119   3.412507    33.4046       3525     2.4469 0.0000e+00
     32.000     7.3267   3.413284    33.3993       3543     2.4595 0.0000e+00
     31.000     7.3454   3.414633    33.3963       3598     2.4983 0.0000e+00
     30.000     7.3451   3.414482    33.3955       3636     2.5242 0.0000e+00
     29.000     7.3485   3.414682    33.3949       3653     2.5360 0.0000e+00
     28.000     7.3467   3.414371    33.3937       3669     2.5470 0.0000e+00
     27.000     7.3479   3.414176    33.3909       3686     2.5593 0.0000e+00
     26.000     7.3522   3.414134    33.3868       3715     2.5794 0.0000e+00
     25.000     7.3609   3.414472    33.3826       3766     2.6149 0.0000e+00
     24.000     7.3662   3.414583    33.3791       3795     2.6349 0.0000e+00
     23.000     7.3725   3.414077    33.3681       3815     2.6488 0.0000e+00
     22.000     7.3722   3.412712    33.3540       3835     2.6624 0.0000e+00
     21.000     7.3666   3.410757    33.3387       3859     2.6789 0.0000e+00
     20.000     7.3556   3.407814    33.3178       3890     2.7005 0.0000e+00
     19.000     7.3494   3.406078    33.3054       3921     2.7222 0.0000e+00
     18.000     7.3485   3.405973    33.3057       3949     2.7415 0.0000e+00
     17.000     7.3431   3.404515    33.2954       3975     2.7599 0.0000e+00
     16.000     7.3379   3.402787    33.2822       3999     2.7767 0.0000e+00
     15.000     7.3371   3.402234    33.2774       4023     2.7934 0.0000e+00
     14.000     7.3362   3.401969    33.2759       4051     2.8128 0.0000e+00
     13.000     7.3360   3.401721    33.2739       4085     2.8362 0.0000e+00
     12.000     7.3347   3.401627    33.2746       4117     2.8585 0.0000e+00
     11.000     7.3337   3.401453    33.2742       4147     2.8789 0.0000e+00
     10.000     7.3327   3.401322    33.2742       4169     2.8945 0.0000e+00
      9.000     7.3328   3.401283    33.2742       4188     2.9078 0.0000e+00
      8.000     7.3328   3.401226    33.2740       4209     2.9220 0.0000e+00
      7.000     7.3327   3.401187    33.2741       4238     2.9427 0.0000e+00
      6.000     7.3332   3.401161    33.2739       4291     2.9790 0.0000e+00
      5.000     7.3326   3.401117    33.2745       4315     2.9961 0.0000e+00
      4.000     7.3316   3.400975    33.2744       4333     3.0084 0.0000e+00
      3.000     7.3305   3.400784    33.2739       4498     3.1229 0.0000e+00
      2.000     7.3309   3.400682    33.2729       4727     3.2822 0.0000e+00
      1.000     6.9335   1.724768    16.4556       4749     3.2972 0.0000e+00
