HB2502/ctd058.cnv
* Sea-Bird SBE 9 Data File:
* FileName = C:\cruise\data\ctd058.hex
* Software Version Seasave V 7.26.7.121
* Temperature SN = 6768
* Conductivity SN = 6166
* Number of Bytes Per Scan = 37
* Number of Voltage Words = 4
* Number of Scans Averaged by the Deck Unit = 1
* NMEA Latitude = 35 23.14 N
* NMEA Longitude = 074 59.72 W
* NMEA UTC (Time) = Mar 15 2025 09:41:22
* NMEA baud rate = 4800
** Ship: Bigelow HB2502
** Program:  Spring Bottom Trawl
** Chief Scientist:Jon Galbraith
# nquan = 7
# nvalues = 70                          
# units = specified
# name 0 = depSM: Depth [salt water, m]
# name 1 = t090C: Temperature [ITS-90, deg C]
# name 2 = c0S/m: Conductivity [S/m]
# name 3 = sal00: Salinity, Practical [PSU]
# name 4 = scan: Scan Count
# name 5 = timeM: Time, Elapsed [minutes]
# name 6 = flag: flag
# span 0 =      1.000,     37.000       
# span 1 =    17.1500,    20.3606       
# span 2 =   3.008298,   4.941122       
# span 3 =    22.0632,    37.1448       
# span 4 =        163,       4559       
# span 5 =     0.1125,     3.1655       
# span 6 = 0.0000e+00, 0.0000e+00       
# interval = meters: 1                  
# start_time = Mar 15 2025 09:41:22 [NMEA time, header]
# bad_flag = -9.990e-29
*END*
      4.000    20.3606   4.791349    34.6988        163     0.1125 0.0000e+00
      5.000    20.0048   4.925016    36.0910        313     0.2164 0.0000e+00
      6.000    19.8172   4.935298    36.3353        368     0.2546 0.0000e+00
      7.000    19.9471   4.935250    36.2222        395     0.2739 0.0000e+00
      8.000    19.2875   4.941122    36.8488        420     0.2911 0.0000e+00
      9.000    19.4434   4.904203    36.4011        445     0.3084 0.0000e+00
     10.000    19.1871   4.897559    36.5713        474     0.3284 0.0000e+00
     11.000    18.3799   4.880273    37.1448        503     0.3484 0.0000e+00
     12.000    18.2944   4.825616    36.7537        531     0.3684 0.0000e+00
     13.000    18.0851   4.804325    36.7589        561     0.3886 0.0000e+00
     14.000    17.8355   4.785570    36.8222        588     0.4078 0.0000e+00
     15.000    17.6486   4.767489    36.8348        617     0.4278 0.0000e+00
     16.000    17.5431   4.762041    36.8830        655     0.4540 0.0000e+00
     17.000    17.3711   4.743017    36.8735        695     0.4821 0.0000e+00
     18.000    17.2623   4.713407    36.7135        722     0.5006 0.0000e+00
     19.000    17.1806   4.697170    36.6453        742     0.5148 0.0000e+00
     20.000    17.1870   4.690083    36.5771        763     0.5289 0.0000e+00
     21.000    17.1968   4.712931    36.7679        789     0.5475 0.0000e+00
     22.000    17.2733   4.755385    37.0693        834     0.5784 0.0000e+00
     23.000    17.2659   4.740849    36.9484        874     0.6060 0.0000e+00
     24.000    17.2064   4.697513    36.6229        899     0.6238 0.0000e+00
     25.000    17.1861   4.689524    36.5709        923     0.6401 0.0000e+00
     26.000    17.1855   4.691456    36.5880        949     0.6582 0.0000e+00
     27.000    17.1776   4.688878    36.5722        977     0.6779 0.0000e+00
     28.000    17.1698   4.684644    36.5419       1006     0.6977 0.0000e+00
     29.000    17.1669   4.685554    36.5521       1038     0.7201 0.0000e+00
     30.000    17.1665   4.685300    36.5498       1077     0.7470 0.0000e+00
     31.000    17.1599   4.677959    36.4911       1108     0.7685 0.0000e+00
     32.000    17.1559   4.674441    36.4635       1132     0.7854 0.0000e+00
     33.000    17.1553   4.672274    36.4446       1154     0.8008 0.0000e+00
     34.000    17.1509   4.672411    36.4494       1178     0.8176 0.0000e+00
     35.000    17.1500   4.675221    36.4745       1210     0.8394 0.0000e+00
     36.000    17.1500   4.674950    36.4717       1245     0.8638 0.0000e+00
     37.000    17.2700   4.686347    36.4625       2219     1.5400 0.0000e+00
     36.000    17.3165   4.666424    36.2470       3046     2.1149 0.0000e+00
     35.000    17.2675   4.665646    36.2847       3082     2.1398 0.0000e+00
     34.000    17.2848   4.663674    36.2523       3181     2.2083 0.0000e+00
     33.000    17.2845   4.662241    36.2405       3211     2.2292 0.0000e+00
     32.000    17.2840   4.661227    36.2325       3237     2.2470 0.0000e+00
     31.000    17.2121   4.661720    36.3018       3274     2.2728 0.0000e+00
     30.000    17.2558   4.661307    36.2593       3314     2.3007 0.0000e+00
     29.000    17.2533   4.663070    36.2774       3335     2.3153 0.0000e+00
     28.000    17.2436   4.666315    36.3148       3352     2.3270 0.0000e+00
     27.000    17.2411   4.671257    36.3606       3368     2.3382 0.0000e+00
     26.000    17.2475   4.674547    36.3840       3387     2.3514 0.0000e+00
     25.000    17.2225   4.675206    36.4128       3420     2.3742 0.0000e+00
     24.000    17.2797   4.675239    36.3618       3464     2.4050 0.0000e+00
     23.000    17.3036   4.677157    36.3574       3489     2.4226 0.0000e+00
     22.000    17.3090   4.678830    36.3675       3509     2.4362 0.0000e+00
     21.000    17.2692   4.679764    36.4120       3528     2.4494 0.0000e+00
     20.000    17.2624   4.682277    36.4405       3550     2.4645 0.0000e+00
     19.000    17.3308   4.687230    36.4224       3577     2.4836 0.0000e+00
     18.000    17.3281   4.689766    36.4473       3610     2.5064 0.0000e+00
     17.000    17.3877   4.689284    36.3898       3639     2.5261 0.0000e+00
     16.000    17.4145   4.689314    36.3663       3662     2.5420 0.0000e+00
     15.000    17.4520   4.691180    36.3492       3684     2.5574 0.0000e+00
     14.000    17.5219   4.695590    36.3253       3712     2.5772 0.0000e+00
     13.000    17.4919   4.696569    36.3610       3747     2.6015 0.0000e+00
     12.000    17.5251   4.700636    36.3669       3773     2.6192 0.0000e+00
     11.000    17.5638   4.709731    36.4115       3793     2.6331 0.0000e+00
     10.000    17.6260   4.718433    36.4315       3813     2.6475 0.0000e+00
      9.000    17.7213   4.731260    36.4574       3842     2.6674 0.0000e+00
      8.000    17.7925   4.733863    36.4164       3876     2.6913 0.0000e+00
      7.000    17.8371   4.735116    36.3877       3901     2.7084 0.0000e+00
      6.000    17.8763   4.738284    36.3804       3921     2.7219 0.0000e+00
      5.000    17.9353   4.758999    36.5065       3940     2.7357 0.0000e+00
      4.000    18.9349   4.741657    35.4985       3995     2.7739 0.0000e+00
      3.000    19.4100   4.774976    35.3668       4287     2.9761 0.0000e+00
      2.000    18.7768   4.835396    36.4098       4537     3.1502 0.0000e+00
      1.000    18.9397   3.008298    22.0632       4559     3.1655 0.0000e+00
