HB2502/ctd073.cnv
* Sea-Bird SBE 9 Data File:
* FileName = C:\cruise\data\ctd073.hex
* Software Version Seasave V 7.26.7.121
* Temperature SN = 6768
* Conductivity SN = 6166
* Number of Bytes Per Scan = 37
* Number of Voltage Words = 4
* Number of Scans Averaged by the Deck Unit = 1
* NMEA Latitude = 38 38.65 N
* NMEA Longitude = 074 51.62 W
* NMEA UTC (Time) = Mar 19 2025 02:52:46
* NMEA baud rate = 4800
** Ship: Bigelow HB2502
** Program:  Spring Bottom Trawl
** Chief Scientist:Jon Galbraith
# nquan = 7
# nvalues = 45                          
# units = specified
# name 0 = depSM: Depth [salt water, m]
# name 1 = t090C: Temperature [ITS-90, deg C]
# name 2 = c0S/m: Conductivity [S/m]
# name 3 = sal00: Salinity, Practical [PSU]
# name 4 = scan: Scan Count
# name 5 = timeM: Time, Elapsed [minutes]
# name 6 = flag: flag
# span 0 =      2.000,     25.000       
# span 1 =     6.5729,     6.6602       
# span 2 =   3.244639,   3.253030       
# span 3 =    32.2413,    32.3534       
# span 4 =        244,       2331       
# span 5 =     0.1687,     1.6182       
# span 6 = 0.0000e+00, 0.0000e+00       
# interval = meters: 1                  
# start_time = Mar 19 2025 02:52:46 [NMEA time, header]
# bad_flag = -9.990e-29
*END*
      4.000     6.6126   3.249503    32.3032        244     0.1687 0.0000e+00
      5.000     6.6123   3.244639    32.2494        338     0.2341 0.0000e+00
      6.000     6.6107   3.244813    32.2524        373     0.2582 0.0000e+00
      7.000     6.6085   3.244947    32.2554        402     0.2786 0.0000e+00
      8.000     6.6086   3.245217    32.2578        425     0.2947 0.0000e+00
      9.000     6.6107   3.245333    32.2567        446     0.3090 0.0000e+00
     10.000     6.6095   3.245355    32.2575        467     0.3237 0.0000e+00
     11.000     6.6094   3.245428    32.2580        492     0.3407 0.0000e+00
     12.000     6.6093   3.245660    32.2601        525     0.3641 0.0000e+00
     13.000     6.6083   3.245733    32.2614        563     0.3905 0.0000e+00
     14.000     6.6084   3.245802    32.2616        592     0.4103 0.0000e+00
     15.000     6.6101   3.245815    32.2597        615     0.4262 0.0000e+00
     16.000     6.6132   3.245593    32.2538        637     0.4417 0.0000e+00
     17.000     6.6263   3.245619    32.2413        664     0.4601 0.0000e+00
     18.000     6.6106   3.246781    32.2684        696     0.4823 0.0000e+00
     19.000     6.6123   3.248289    32.2829        728     0.5048 0.0000e+00
     20.000     6.6340   3.247693    32.2554        763     0.5288 0.0000e+00
     21.000     6.6239   3.247489    32.2622        803     0.5569 0.0000e+00
     22.000     6.5972   3.250037    32.3150        838     0.5814 0.0000e+00
     23.000     6.5915   3.252719    32.3494        865     0.6001 0.0000e+00
     24.000     6.5905   3.253030    32.3534        896     0.6213 0.0000e+00
     25.000     6.5882   3.250503    32.3272        921     0.6387 0.0000e+00
     24.000     6.5729   3.250813    32.3456       1429     0.9919 0.0000e+00
     23.000     6.5814   3.249732    32.3261       1662     1.1537 0.0000e+00
     22.000     6.5918   3.248911    32.3076       1687     1.1708 0.0000e+00
     21.000     6.5994   3.248452    32.2959       1710     1.1865 0.0000e+00
     20.000     6.6026   3.248272    32.2914       1733     1.2029 0.0000e+00
     19.000     6.6000   3.248166    32.2932       1757     1.2197 0.0000e+00
     18.000     6.6081   3.248052    32.2848       1782     1.2370 0.0000e+00
     17.000     6.6106   3.247925    32.2815       1809     1.2552 0.0000e+00
     16.000     6.6103   3.247845    32.2814       1837     1.2749 0.0000e+00
     15.000     6.6104   3.247889    32.2823       1868     1.2962 0.0000e+00
     14.000     6.6109   3.248115    32.2847       1894     1.3145 0.0000e+00
     13.000     6.6116   3.248015    32.2834       1916     1.3296 0.0000e+00
     12.000     6.6116   3.248233    32.2863       1938     1.3451 0.0000e+00
     11.000     6.6124   3.248166    32.2853       1970     1.3672 0.0000e+00
     10.000     6.6173   3.248197    32.2815       2011     1.3960 0.0000e+00
      9.000     6.6221   3.248450    32.2802       2037     1.4138 0.0000e+00
      8.000     6.6281   3.248640    32.2772       2058     1.4284 0.0000e+00
      7.000     6.6319   3.248710    32.2748       2079     1.4433 0.0000e+00
      6.000     6.6340   3.248674    32.2729       2111     1.4650 0.0000e+00
      5.000     6.6423   3.249391    32.2735       2159     1.4989 0.0000e+00
      4.000     6.6502   3.250787    32.2819       2203     1.5293 0.0000e+00
      3.000     6.6602   3.250263    32.2672       2245     1.5581 0.0000e+00
      2.000     6.6400   3.249604    32.2795       2331     1.6182 0.0000e+00
