HB2502/ctd003.cnv
* Sea-Bird SBE 9 Data File:
* FileName = C:\cruise\data\ctd003.hex
* Software Version Seasave V 7.26.7.121
* Temperature SN = 6768
* Conductivity SN = 6166
* Number of Bytes Per Scan = 37
* Number of Voltage Words = 4
* Number of Scans Averaged by the Deck Unit = 1
* NMEA Latitude = 39 32.45 N
* NMEA Longitude = 073 56.90 W
* NMEA UTC (Time) = Mar 08 2025 11:59:59
* NMEA baud rate = 4800
** Ship: Bigelow HB2502
** Program:  Spring Bottom Trawl
** Chief Scientist:Jon Galbraith
# nquan = 7
# nvalues = 39                          
# units = specified
# name 0 = depSM: Depth [salt water, m]
# name 1 = t090C: Temperature [ITS-90, deg C]
# name 2 = c0S/m: Conductivity [S/m]
# name 3 = sal00: Salinity, Practical [PSU]
# name 4 = scan: Scan Count
# name 5 = timeM: Time, Elapsed [minutes]
# name 6 = flag: flag
# span 0 =      1.000,     21.000       
# span 1 =     4.1565,     4.6550       
# span 2 =   2.353129,   3.118911       
# span 3 =    24.6133,    32.9929       
# span 4 =       -257,       2744       
# span 5 =    -0.1795,     1.9048       
# span 6 = 0.0000e+00, 0.0000e+00       
# interval = meters: 1                  
# start_time = Mar 08 2025 11:59:59 [NMEA time, header]
# bad_flag = -9.990e-29
*END*
      3.000     4.6550   3.118911    32.7178       -257    -0.1795 0.0000e+00
      4.000     4.1565   3.099902    32.9929        317     0.2193 0.0000e+00
      5.000     4.2354   3.088531    32.7799        323     0.2238 0.0000e+00
      6.000     4.2334   3.084565    32.7348        348     0.2408 0.0000e+00
      7.000     4.2340   3.083025    32.7156        372     0.2575 0.0000e+00
      8.000     4.2339   3.082462    32.7085        397     0.2749 0.0000e+00
      9.000     4.2344   3.082767    32.7111        424     0.2938 0.0000e+00
     10.000     4.2350   3.082536    32.7073        452     0.3131 0.0000e+00
     11.000     4.2355   3.082400    32.7047        480     0.3325 0.0000e+00
     12.000     4.2358   3.082329    32.7030        508     0.3524 0.0000e+00
     13.000     4.2383   3.082358    32.7004        537     0.3724 0.0000e+00
     14.000     4.2452   3.082586    32.6956        566     0.3923 0.0000e+00
     15.000     4.2600   3.083712    32.6936        593     0.4114 0.0000e+00
     16.000     4.2669   3.084433    32.6946        620     0.4300 0.0000e+00
     17.000     4.2715   3.084911    32.6953        646     0.4481 0.0000e+00
     18.000     4.2777   3.085331    32.6934        673     0.4665 0.0000e+00
     19.000     4.2835   3.085782    32.6924        700     0.4855 0.0000e+00
     20.000     4.2904   3.086241    32.6905        727     0.5045 0.0000e+00
     21.000     4.3004   3.086717    32.6856        758     0.5260 0.0000e+00
     20.000     4.2968   3.087702    32.7012       1966     1.3648 0.0000e+00
     19.000     4.2958   3.087660    32.7022       1935     1.3432 0.0000e+00
     18.000     4.2946   3.087655    32.7039       1961     1.3609 0.0000e+00
     17.000     4.2948   3.087768    32.7055       1986     1.3786 0.0000e+00
     16.000     4.2951   3.087870    32.7070       2011     1.3955 0.0000e+00
     15.000     4.2959   3.087904    32.7071       2037     1.4136 0.0000e+00
     14.000     4.2965   3.087853    32.7064       2065     1.4331 0.0000e+00
     13.000     4.2968   3.087820    32.7062       2091     1.4513 0.0000e+00
     12.000     4.2975   3.087992    32.7080       2115     1.4684 0.0000e+00
     11.000     4.2985   3.089543    32.7258       2141     1.4863 0.0000e+00
     10.000     4.3017   3.090718    32.7369       2170     1.5060 0.0000e+00
      9.000     4.3190   3.092244    32.7381       2197     1.5249 0.0000e+00
      8.000     4.3339   3.093644    32.7402       2222     1.5421 0.0000e+00
      7.000     4.3548   3.093886    32.7227       2247     1.5598 0.0000e+00
      6.000     4.3677   3.094704    32.7200       2274     1.5785 0.0000e+00
      5.000     4.3734   3.095847    32.7282       2300     1.5966 0.0000e+00
      4.000     4.3905   3.096669    32.7214       2324     1.6129 0.0000e+00
      3.000     4.2351   3.093385    32.8383       2549     1.7698 0.0000e+00
      2.000     4.3237   3.093753    32.7548       2695     1.8708 0.0000e+00
      1.000     4.3678   2.353129    24.6133       2744     1.9048 0.0000e+00
