HB2502/ctd097.cnv
* Sea-Bird SBE 9 Data File:
* FileName = C:\cruise\data\ctd097.hex
* Software Version Seasave V 7.26.7.121
* Temperature SN = 6768
* Conductivity SN = 6166
* Number of Bytes Per Scan = 37
* Number of Voltage Words = 4
* Number of Scans Averaged by the Deck Unit = 1
* NMEA Latitude = 40 58.57 N
* NMEA Longitude = 071 52.15 W
* NMEA UTC (Time) = Mar 22 2025 17:12:00
* NMEA baud rate = 4800
** Ship: Bigelow HB2502
** Program:  Spring Bottom Trawl
** Chief Scientist:Jon Galbraith
# nquan = 7
# nvalues = 47                          
# units = specified
# name 0 = depSM: Depth [salt water, m]
# name 1 = t090C: Temperature [ITS-90, deg C]
# name 2 = c0S/m: Conductivity [S/m]
# name 3 = sal00: Salinity, Practical [PSU]
# name 4 = scan: Scan Count
# name 5 = timeM: Time, Elapsed [minutes]
# name 6 = flag: flag
# span 0 =      1.000,     25.000       
# span 1 =     5.5848,     6.2821       
# span 2 =   3.119849,   3.217412       
# span 3 =    31.7817,    32.6499       
# span 4 =        167,       2753       
# span 5 =     0.1153,     1.9109       
# span 6 = 0.0000e+00, 0.0000e+00       
# interval = meters: 1                  
# start_time = Mar 22 2025 17:12:00 [NMEA time, header]
# bad_flag = -9.990e-29
*END*
      3.000     5.8771   3.217412    32.6499        167     0.1153 0.0000e+00
      4.000     5.7420   3.162284    32.1587        486     0.3369 0.0000e+00
      5.000     5.7511   3.139014    31.8877        503     0.3488 0.0000e+00
      6.000     5.7545   3.132898    31.8152        537     0.3723 0.0000e+00
      7.000     5.7599   3.131731    31.7964        570     0.3953 0.0000e+00
      8.000     5.7652   3.131929    31.7933        599     0.4150 0.0000e+00
      9.000     5.7643   3.131954    31.7939        629     0.4363 0.0000e+00
     10.000     5.7486   3.131608    31.8043        663     0.4600 0.0000e+00
     11.000     5.7471   3.129510    31.7817        692     0.4796 0.0000e+00
     12.000     5.7124   3.128361    31.8010        717     0.4974 0.0000e+00
     13.000     5.6815   3.126732    31.8113        745     0.5166 0.0000e+00
     14.000     5.6399   3.125166    31.8326        775     0.5373 0.0000e+00
     15.000     5.6132   3.121915    31.8206        801     0.5554 0.0000e+00
     16.000     5.5976   3.120358    31.8174        827     0.5738 0.0000e+00
     17.000     5.5904   3.120361    31.8237        857     0.5943 0.0000e+00
     18.000     5.5858   3.119849    31.8218        886     0.6142 0.0000e+00
     19.000     5.5848   3.121382    31.8395        912     0.6329 0.0000e+00
     20.000     5.5866   3.124024    31.8672        940     0.6519 0.0000e+00
     21.000     5.5911   3.125824    31.8827        967     0.6711 0.0000e+00
     22.000     5.5977   3.126992    31.8891        991     0.6877 0.0000e+00
     23.000     5.6126   3.129423    31.9020       1016     0.7045 0.0000e+00
     24.000     5.6244   3.133032    31.9310       1046     0.7253 0.0000e+00
     25.000     5.6848   3.134480    31.8896       1504     1.0440 0.0000e+00
     24.000     5.6960   3.132082    31.8525       1783     1.2373 0.0000e+00
     23.000     5.6994   3.131475    31.8430       1832     1.2718 0.0000e+00
     22.000     5.7299   3.131395    31.8137       1875     1.3011 0.0000e+00
     21.000     5.7242   3.131820    31.8244       1895     1.3155 0.0000e+00
     20.000     5.6928   3.132623    31.8636       1916     1.3299 0.0000e+00
     19.000     5.6916   3.133614    31.8763       1942     1.3480 0.0000e+00
     18.000     5.7243   3.135427    31.8663       1974     1.3699 0.0000e+00
     17.000     5.7448   3.137414    31.8698       2000     1.3884 0.0000e+00
     16.000     5.7441   3.139353    31.8926       2022     1.4037 0.0000e+00
     15.000     5.7468   3.141337    31.9130       2045     1.4193 0.0000e+00
     14.000     5.7523   3.141769    31.9130       2072     1.4380 0.0000e+00
     13.000     5.7543   3.141813    31.9122       2102     1.4593 0.0000e+00
     12.000     5.7581   3.142066    31.9119       2129     1.4777 0.0000e+00
     11.000     5.7669   3.147313    31.9630       2153     1.4941 0.0000e+00
     10.000     5.7838   3.152653    32.0075       2178     1.5115 0.0000e+00
      9.000     5.8719   3.156005    31.9622       2205     1.5304 0.0000e+00
      8.000     5.9761   3.159957    31.9085       2231     1.5486 0.0000e+00
      7.000     6.0535   3.161363    31.8518       2255     1.5654 0.0000e+00
      6.000     6.0800   3.161688    31.8310       2281     1.5830 0.0000e+00
      5.000     6.1160   3.165868    31.8442       2309     1.6028 0.0000e+00
      4.000     6.2018   3.174102    31.8558       2340     1.6241 0.0000e+00
      3.000     6.2821   3.190759    31.9658       2365     1.6415 0.0000e+00
      2.000     5.9858   3.169970    32.0147       2571     1.7846 0.0000e+00
      1.000     6.0096   3.162699    31.9113       2753     1.9109 0.0000e+00
