HB2502/ctd082.cnv
* Sea-Bird SBE 9 Data File:
* FileName = C:\cruise\data\ctd082.hex
* Software Version Seasave V 7.26.7.121
* Temperature SN = 6768
* Conductivity SN = 6166
* Number of Bytes Per Scan = 37
* Number of Voltage Words = 4
* Number of Scans Averaged by the Deck Unit = 1
* NMEA Latitude = 39 20.91 N
* NMEA Longitude = 072 51.62 W
* NMEA UTC (Time) = Mar 20 2025 13:38:06
* NMEA baud rate = 4800
** Ship: Bigelow HB2502
** Program:  Spring Bottom Trawl
** Chief Scientist:Jon Galbraith
# nquan = 7
# nvalues = 136                         
# units = specified
# name 0 = depSM: Depth [salt water, m]
# name 1 = t090C: Temperature [ITS-90, deg C]
# name 2 = c0S/m: Conductivity [S/m]
# name 3 = sal00: Salinity, Practical [PSU]
# name 4 = scan: Scan Count
# name 5 = timeM: Time, Elapsed [minutes]
# name 6 = flag: flag
# span 0 =      1.000,     70.000       
# span 1 =     6.6266,     7.0759       
# span 2 =   1.931461,   3.366231       
# span 3 =    18.5783,    33.3609       
# span 4 =        179,       5194       
# span 5 =     0.1234,     3.6063       
# span 6 = 0.0000e+00, 0.0000e+00       
# interval = meters: 1                  
# start_time = Mar 20 2025 13:38:06 [NMEA time, header]
# bad_flag = -9.990e-29
*END*
      4.000     7.0638   3.347577    32.9499        179     0.1234 0.0000e+00
      5.000     7.0578   3.341927    32.8934        310     0.2149 0.0000e+00
      6.000     7.0582   3.340836    32.8806        365     0.2528 0.0000e+00
      7.000     7.0580   3.340459    32.8762        400     0.2769 0.0000e+00
      8.000     7.0607   3.340370    32.8722        424     0.2938 0.0000e+00
      9.000     7.0588   3.340573    32.8757        449     0.3109 0.0000e+00
     10.000     7.0578   3.340508    32.8755        476     0.3300 0.0000e+00
     11.000     7.0512   3.340273    32.8787        504     0.3493 0.0000e+00
     12.000     7.0461   3.339772    32.8776        528     0.3658 0.0000e+00
     13.000     7.0433   3.339521    32.8771        551     0.3820 0.0000e+00
     14.000     7.0428   3.339643    32.8784        582     0.4037 0.0000e+00
     15.000     7.0405   3.339672    32.8804        623     0.4320 0.0000e+00
     16.000     7.0386   3.339192    32.8765        650     0.4510 0.0000e+00
     17.000     7.0376   3.338900    32.8738        671     0.4655 0.0000e+00
     18.000     7.0366   3.338867    32.8740        692     0.4796 0.0000e+00
     19.000     7.0332   3.338751    32.8754        714     0.4949 0.0000e+00
     20.000     7.0147   3.338769    32.8929        738     0.5121 0.0000e+00
     21.000     6.9802   3.339031    32.9282        767     0.5320 0.0000e+00
     22.000     6.9316   3.339202    32.9762        799     0.5539 0.0000e+00
     23.000     6.8930   3.339130    33.0120        834     0.5787 0.0000e+00
     24.000     6.8349   3.338368    33.0590        874     0.6061 0.0000e+00
     25.000     6.7959   3.331893    33.0248        903     0.6261 0.0000e+00
     26.000     6.7744   3.327325    32.9949        923     0.6400 0.0000e+00
     27.000     6.7995   3.327828    32.9758        939     0.6517 0.0000e+00
     28.000     6.8379   3.331103    32.9744        956     0.6633 0.0000e+00
     29.000     6.8608   3.334384    32.9879        975     0.6766 0.0000e+00
     30.000     6.8563   3.337090    33.0215       1003     0.6958 0.0000e+00
     31.000     6.8297   3.339900    33.0775       1055     0.7317 0.0000e+00
     32.000     6.8043   3.341115    33.1148       1101     0.7641 0.0000e+00
     33.000     6.8076   3.340941    33.1092       1126     0.7816 0.0000e+00
     34.000     6.8098   3.341331    33.1109       1146     0.7951 0.0000e+00
     35.000     6.8037   3.341770    33.1211       1163     0.8068 0.0000e+00
     36.000     6.7905   3.341827    33.1340       1179     0.8181 0.0000e+00
     37.000     6.7687   3.342257    33.1593       1197     0.8302 0.0000e+00
     38.000     6.7295   3.342631    33.2009       1220     0.8464 0.0000e+00
     39.000     6.6698   3.343681    33.2699       1272     0.8825 0.0000e+00
     40.000     6.6476   3.342257    33.2753       1321     0.9170 0.0000e+00
     41.000     6.6347   3.338860    33.2498       1342     0.9310 0.0000e+00
     42.000     6.6303   3.337806    33.2419       1358     0.9427 0.0000e+00
     43.000     6.6302   3.338328    33.2474       1376     0.9546 0.0000e+00
     44.000     6.6308   3.339140    33.2553       1397     0.9698 0.0000e+00
     45.000     6.6316   3.339632    33.2594       1430     0.9924 0.0000e+00
     46.000     6.6330   3.339222    33.2530       1464     1.0160 0.0000e+00
     47.000     6.6360   3.338978    33.2469       1488     1.0327 0.0000e+00
     48.000     6.6389   3.339158    33.2456       1510     1.0482 0.0000e+00
     49.000     6.6411   3.339561    33.2474       1539     1.0677 0.0000e+00
     50.000     6.6478   3.340358    33.2492       1583     1.0988 0.0000e+00
     51.000     6.6514   3.341200    33.2546       1617     1.1224 0.0000e+00
     52.000     6.6530   3.341267    33.2532       1639     1.1374 0.0000e+00
     53.000     6.6575   3.342105    33.2576       1659     1.1511 0.0000e+00
     54.000     6.6790   3.344885    33.2669       1679     1.1656 0.0000e+00
     55.000     6.7480   3.354224    33.3023       1703     1.1817 0.0000e+00
     56.000     6.7891   3.360535    33.3314       1727     1.1985 0.0000e+00
     57.000     6.7912   3.361161    33.3357       1752     1.2158 0.0000e+00
     58.000     6.7972   3.362055    33.3393       1782     1.2366 0.0000e+00
     59.000     6.8048   3.363334    33.3455       1829     1.2696 0.0000e+00
     60.000     6.8066   3.363693    33.3472       1869     1.2972 0.0000e+00
     61.000     6.8079   3.363991    33.3487       1891     1.3125 0.0000e+00
     62.000     6.8119   3.364627    33.3514       1909     1.3250 0.0000e+00
     63.000     6.8132   3.364935    33.3530       1926     1.3371 0.0000e+00
     64.000     6.8153   3.365293    33.3544       1945     1.3503 0.0000e+00
     65.000     6.8162   3.365518    33.3555       1968     1.3659 0.0000e+00
     66.000     6.8169   3.365736    33.3568       1997     1.3858 0.0000e+00
     67.000     6.8174   3.365889    33.3575       2037     1.4141 0.0000e+00
     68.000     6.8173   3.365906    33.3572       2079     1.4431 0.0000e+00
     69.000     6.8175   3.366029    33.3579       2177     1.5114 0.0000e+00
     70.000     6.8162   3.366231    33.3609       2393     1.6611 0.0000e+00
     69.000     6.8166   3.366191    33.3606       2521     1.7499 0.0000e+00
     68.000     6.8169   3.366154    33.3603       2844     1.9742 0.0000e+00
     67.000     6.8181   3.366183    33.3600       3195     2.2183 0.0000e+00
     66.000     6.8181   3.366119    33.3597       3222     2.2365 0.0000e+00
     65.000     6.8180   3.365990    33.3589       3244     2.2519 0.0000e+00
     64.000     6.8176   3.365827    33.3580       3264     2.2662 0.0000e+00
     63.000     6.8163   3.365549    33.3568       3289     2.2830 0.0000e+00
     62.000     6.8151   3.365305    33.3557       3323     2.3068 0.0000e+00
     61.000     6.8149   3.365198    33.3552       3356     2.3295 0.0000e+00
     60.000     6.8124   3.364754    33.3533       3379     2.3456 0.0000e+00
     59.000     6.8111   3.364509    33.3523       3401     2.3614 0.0000e+00
     58.000     6.8085   3.364070    33.3505       3426     2.3785 0.0000e+00
     57.000     6.8058   3.363587    33.3483       3451     2.3959 0.0000e+00
     56.000     6.8023   3.363037    33.3461       3475     2.4127 0.0000e+00
     55.000     6.7987   3.362391    33.3430       3500     2.4300 0.0000e+00
     54.000     6.7871   3.360978    33.3392       3526     2.4480 0.0000e+00
     53.000     6.7449   3.355662    33.3221       3554     2.4671 0.0000e+00
     52.000     6.7016   3.348544    33.2863       3582     2.4867 0.0000e+00
     51.000     6.6834   3.346216    33.2788       3608     2.5046 0.0000e+00
     50.000     6.6674   3.343391    33.2637       3631     2.5205 0.0000e+00
     49.000     6.6673   3.343027    33.2602       3653     2.5365 0.0000e+00
     48.000     6.6600   3.341920    33.2556       3682     2.5566 0.0000e+00
     47.000     6.6552   3.340776    33.2481       3721     2.5833 0.0000e+00
     46.000     6.6450   3.339101    33.2400       3750     2.6034 0.0000e+00
     45.000     6.6400   3.337992    33.2331       3769     2.6166 0.0000e+00
     44.000     6.6384   3.337686    33.2318       3785     2.6277 0.0000e+00
     43.000     6.6375   3.337517    33.2312       3800     2.6384 0.0000e+00
     42.000     6.6349   3.336955    33.2281       3819     2.6511 0.0000e+00
     41.000     6.6313   3.336291    33.2247       3855     2.6767 0.0000e+00
     40.000     6.6266   3.333571    33.1997       3912     2.7159 0.0000e+00
     39.000     6.6373   3.331978    33.1722       3931     2.7295 0.0000e+00
     38.000     6.6502   3.332544    33.1665       3948     2.7409 0.0000e+00
     37.000     6.6567   3.332892    33.1645       3964     2.7522 0.0000e+00
     36.000     6.6676   3.333492    33.1611       3983     2.7650 0.0000e+00
     35.000     6.6968   3.335288    33.1531       4008     2.7829 0.0000e+00
     34.000     6.7358   3.337675    33.1421       4049     2.8114 0.0000e+00
     33.000     6.7726   3.338999    33.1216       4084     2.8352 0.0000e+00
     32.000     6.8004   3.340380    33.1105       4105     2.8499 0.0000e+00
     31.000     6.7968   3.340005    33.1103       4124     2.8632 0.0000e+00
     30.000     6.7949   3.339339    33.1053       4144     2.8768 0.0000e+00
     29.000     6.8126   3.339349    33.0889       4167     2.8927 0.0000e+00
     28.000     6.8325   3.339629    33.0732       4198     2.9144 0.0000e+00
     27.000     6.8406   3.339755    33.0673       4232     2.9381 0.0000e+00
     26.000     6.8495   3.336741    33.0261       4258     2.9560 0.0000e+00
     25.000     6.8228   3.330518    32.9839       4279     2.9709 0.0000e+00
     24.000     6.8057   3.327999    32.9732       4300     2.9854 0.0000e+00
     23.000     6.7906   3.325273    32.9582       4324     3.0022 0.0000e+00
     22.000     6.7928   3.322021    32.9209       4360     3.0273 0.0000e+00
     21.000     6.7963   3.321975    32.9175       4397     3.0530 0.0000e+00
     20.000     6.8741   3.324118    32.8669       4420     3.0690 0.0000e+00
     19.000     6.8940   3.325903    32.8679       4440     3.0826 0.0000e+00
     18.000     6.9197   3.327725    32.8638       4459     3.0960 0.0000e+00
     17.000     6.9662   3.331290    32.8589       4480     3.1103 0.0000e+00
     16.000     7.0032   3.334382    32.8578       4503     3.1263 0.0000e+00
     15.000     7.0130   3.335295    32.8589       4528     3.1440 0.0000e+00
     14.000     7.0303   3.336616    32.8573       4558     3.1644 0.0000e+00
     13.000     7.0375   3.337439    32.8599       4595     3.1905 0.0000e+00
     12.000     7.0388   3.337501    32.8598       4631     3.2156 0.0000e+00
     11.000     7.0500   3.338346    32.8588       4654     3.2313 0.0000e+00
     10.000     7.0534   3.338707    32.8600       4673     3.2441 0.0000e+00
      9.000     7.0572   3.339019    32.8603       4690     3.2565 0.0000e+00
      8.000     7.0618   3.339370    32.8602       4712     3.2715 0.0000e+00
      7.000     7.0685   3.339920    32.8603       4744     3.2940 0.0000e+00
      6.000     7.0676   3.339860    32.8610       4775     3.3151 0.0000e+00
      5.000     7.0705   3.340063    32.8609       4798     3.3312 0.0000e+00
      4.000     7.0712   3.340118    32.8613       4822     3.3477 0.0000e+00
      3.000     7.0759   3.340605    32.8627       5024     3.4880 0.0000e+00
      2.000     7.0746   3.340480    32.8630       5134     3.5647 0.0000e+00
      1.000     7.0216   1.931461    18.5783       5194     3.6063 0.0000e+00
