HB2502/ctd074.cnv
* Sea-Bird SBE 9 Data File:
* FileName = C:\cruise\data\ctd074.hex
* Software Version Seasave V 7.26.7.121
* Temperature SN = 6768
* Conductivity SN = 6166
* Number of Bytes Per Scan = 37
* Number of Voltage Words = 4
* Number of Scans Averaged by the Deck Unit = 1
* NMEA Latitude = 38 49.90 N
* NMEA Longitude = 074 44.53 W
* NMEA UTC (Time) = Mar 19 2025 06:27:32
* NMEA baud rate = 4800
** Ship: Bigelow HB2502
** Program:  Spring Bottom Trawl
** Chief Scientist:Jon Galbraith
# nquan = 7
# nvalues = 31                          
# units = specified
# name 0 = depSM: Depth [salt water, m]
# name 1 = t090C: Temperature [ITS-90, deg C]
# name 2 = c0S/m: Conductivity [S/m]
# name 3 = sal00: Salinity, Practical [PSU]
# name 4 = scan: Scan Count
# name 5 = timeM: Time, Elapsed [minutes]
# name 6 = flag: flag
# span 0 =      1.000,     17.000       
# span 1 =     6.4005,     6.5375       
# span 2 =   3.217940,   3.227127       
# span 3 =    32.0889,    32.1602       
# span 4 =       -156,       2031       
# span 5 =    -0.1089,     1.4100       
# span 6 = 0.0000e+00, 0.0000e+00       
# interval = meters: 1                  
# start_time = Mar 19 2025 06:27:32 [NMEA time, header]
# bad_flag = -9.990e-29
*END*
      3.000     6.5375   3.227127    32.1279       -156    -0.1089 0.0000e+00
      4.000     6.5293   3.225450    32.1167        279     0.1927 0.0000e+00
      5.000     6.5276   3.223222    32.0932        347     0.2401 0.0000e+00
      6.000     6.5290   3.223182    32.0910        371     0.2572 0.0000e+00
      7.000     6.5265   3.223418    32.0954        399     0.2761 0.0000e+00
      8.000     6.5098   3.223110    32.1072        427     0.2956 0.0000e+00
      9.000     6.4922   3.222323    32.1146        456     0.3159 0.0000e+00
     10.000     6.4674   3.221062    32.1236        484     0.3355 0.0000e+00
     11.000     6.4407   3.219581    32.1319        510     0.3534 0.0000e+00
     12.000     6.4226   3.218390    32.1352        534     0.3700 0.0000e+00
     13.000     6.4134   3.217940    32.1385        557     0.3864 0.0000e+00
     14.000     6.4083   3.218052    32.1440        583     0.4040 0.0000e+00
     15.000     6.4024   3.218490    32.1540        613     0.4247 0.0000e+00
     16.000     6.4005   3.218839    32.1592        644     0.4463 0.0000e+00
     17.000     6.4401   3.222359    32.1602       1234     0.8560 0.0000e+00
     16.000     6.4416   3.220463    32.1384       1390     0.9643 0.0000e+00
     15.000     6.4586   3.220378    32.1219       1427     0.9903 0.0000e+00
     14.000     6.4631   3.220854    32.1234       1452     1.0076 0.0000e+00
     13.000     6.4621   3.221345    32.1303       1476     1.0244 0.0000e+00
     12.000     6.4598   3.221530    32.1349       1500     1.0413 0.0000e+00
     11.000     6.4571   3.221570    32.1384       1527     1.0599 0.0000e+00
     10.000     6.4549   3.221544    32.1407       1558     1.0810 0.0000e+00
      9.000     6.4565   3.221806    32.1425       1587     1.1011 0.0000e+00
      8.000     6.4629   3.222030    32.1394       1611     1.1184 0.0000e+00
      7.000     6.4706   3.222019    32.1325       1635     1.1347 0.0000e+00
      6.000     6.4764   3.222201    32.1296       1660     1.1523 0.0000e+00
      5.000     6.4885   3.222606    32.1232       1688     1.1712 0.0000e+00
      4.000     6.4963   3.223656    32.1279       1714     1.1899 0.0000e+00
      3.000     6.5207   3.222164    32.0889       1860     1.2912 0.0000e+00
      2.000     6.4913   3.222491    32.1207       1995     1.3847 0.0000e+00
      1.000     6.5012   3.222498    32.1119       2031     1.4100 0.0000e+00
