HB2502/ctd023.cnv
* Sea-Bird SBE 9 Data File:
* FileName = C:\cruise\data\ctd023.hex
* Software Version Seasave V 7.26.7.121
* Temperature SN = 6768
* Conductivity SN = 6166
* Number of Bytes Per Scan = 37
* Number of Voltage Words = 4
* Number of Scans Averaged by the Deck Unit = 1
* NMEA Latitude = 37 31.43 N
* NMEA Longitude = 074 21.12 W
* NMEA UTC (Time) = Mar 11 2025 10:15:45
* NMEA baud rate = 4800
** Ship: Bigelow HB2502
** Program:  Spring Bottom Trawl
** Chief Scientist:Jon Galbraith
# nquan = 7
# nvalues = 271                         
# units = specified
# name 0 = depSM: Depth [salt water, m]
# name 1 = t090C: Temperature [ITS-90, deg C]
# name 2 = c0S/m: Conductivity [S/m]
# name 3 = sal00: Salinity, Practical [PSU]
# name 4 = scan: Scan Count
# name 5 = timeM: Time, Elapsed [minutes]
# name 6 = flag: flag
# span 0 =      1.000,    137.000       
# span 1 =     6.8414,    10.9123       
# span 2 =   2.106449,   3.853502       
# span 3 =    20.4087,    34.7629       
# span 4 =        -34,       9495       
# span 5 =    -0.0246,     6.5932       
# span 6 = 0.0000e+00, 0.0000e+00       
# interval = meters: 1                  
# start_time = Mar 11 2025 10:15:45 [NMEA time, header]
# bad_flag = -9.990e-29
*END*
      3.000     7.0725   3.351599    32.9860        -34    -0.0246 0.0000e+00
      4.000     6.8414   3.334461    33.0196        250     0.1730 0.0000e+00
      5.000     6.9020   3.319491    32.7967        331     0.2292 0.0000e+00
      6.000     6.9021   3.318519    32.7856        381     0.2636 0.0000e+00
      7.000     6.9024   3.317840    32.7773        416     0.2880 0.0000e+00
      8.000     6.9026   3.317260    32.7703        432     0.2992 0.0000e+00
      9.000     6.9028   3.316886    32.7656        450     0.3117 0.0000e+00
     10.000     6.9081   3.320273    32.7971        535     0.3709 0.0000e+00
     11.000     6.9146   3.318087    32.7665        633     0.4391 0.0000e+00
     12.000     6.9174   3.317714    32.7592        681     0.4723 0.0000e+00
     13.000     6.9167   3.317630    32.7585        707     0.4903 0.0000e+00
     14.000     6.9181   3.317590    32.7563        729     0.5058 0.0000e+00
     15.000     6.9202   3.317622    32.7541        757     0.5250 0.0000e+00
     16.000     6.9287   3.317808    32.7475        791     0.5484 0.0000e+00
     17.000     6.9310   3.318174    32.7489        820     0.5688 0.0000e+00
     18.000     6.9279   3.318377    32.7536        843     0.5844 0.0000e+00
     19.000     6.9296   3.318358    32.7513        864     0.5992 0.0000e+00
     20.000     6.9386   3.318961    32.7488        889     0.6164 0.0000e+00
     21.000     6.9586   3.319009    32.7299        919     0.6374 0.0000e+00
     22.000     6.9629   3.318936    32.7244        948     0.6576 0.0000e+00
     23.000     6.9691   3.319687    32.7263        973     0.6748 0.0000e+00
     24.000     6.9755   3.321137    32.7355        998     0.6920 0.0000e+00
     25.000     6.9849   3.321835    32.7337       1025     0.7110 0.0000e+00
     26.000     6.9929   3.322776    32.7360       1056     0.7323 0.0000e+00
     27.000     6.9891   3.323957    32.7520       1087     0.7541 0.0000e+00
     28.000     6.9744   3.324704    32.7737       1114     0.7731 0.0000e+00
     29.000     6.9587   3.324498    32.7859       1138     0.7895 0.0000e+00
     30.000     6.9365   3.323820    32.7992       1161     0.8053 0.0000e+00
     31.000     6.9120   3.322686    32.8097       1183     0.8208 0.0000e+00
     32.000     6.8933   3.321372    32.8127       1205     0.8360 0.0000e+00
     33.000     6.8867   3.320104    32.8046       1229     0.8530 0.0000e+00
     34.000     6.8925   3.319834    32.7956       1269     0.8803 0.0000e+00
     35.000     6.8967   3.319170    32.7838       1310     0.9087 0.0000e+00
     36.000     6.9002   3.319202    32.7803       1332     0.9242 0.0000e+00
     37.000     6.9028   3.319265    32.7781       1351     0.9372 0.0000e+00
     38.000     6.9034   3.319501    32.7796       1369     0.9499 0.0000e+00
     39.000     6.9018   3.319651    32.7823       1390     0.9647 0.0000e+00
     40.000     6.8993   3.319867    32.7866       1422     0.9868 0.0000e+00
     41.000     6.8990   3.319914    32.7869       1459     1.0127 0.0000e+00
     42.000     6.9108   3.319782    32.7737       1488     1.0326 0.0000e+00
     43.000     6.9637   3.321895    32.7460       1510     1.0482 0.0000e+00
     44.000     7.0490   3.330523    32.7585       1532     1.0633 0.0000e+00
     45.000     7.1567   3.345824    32.8223       1557     1.0809 0.0000e+00
     46.000     7.1794   3.352649    32.8746       1585     1.1001 0.0000e+00
     47.000     7.1894   3.355392    32.8944       1613     1.1192 0.0000e+00
     48.000     7.2009   3.357768    32.9088       1640     1.1385 0.0000e+00
     49.000     7.2050   3.359339    32.9215       1670     1.1587 0.0000e+00
     50.000     7.2036   3.359634    32.9255       1699     1.1793 0.0000e+00
     51.000     7.2102   3.360478    32.9279       1724     1.1968 0.0000e+00
     52.000     7.2897   3.368581    32.9398       1747     1.2124 0.0000e+00
     53.000     7.3490   3.377951    32.9843       1773     1.2303 0.0000e+00
     54.000     7.3945   3.383845    33.0044       1805     1.2527 0.0000e+00
     55.000     7.4355   3.389430    33.0253       1835     1.2736 0.0000e+00
     56.000     7.4605   3.392897    33.0385       1861     1.2917 0.0000e+00
     57.000     7.5020   3.397901    33.0526       1884     1.3078 0.0000e+00
     58.000     7.5596   3.405223    33.0762       1905     1.3220 0.0000e+00
     59.000     7.5906   3.409602    33.0934       1926     1.3372 0.0000e+00
     60.000     7.6467   3.416421    33.1130       1960     1.3602 0.0000e+00
     61.000     7.7477   3.428832    33.1499       2001     1.3889 0.0000e+00
     62.000     7.8319   3.438682    33.1749       2026     1.4063 0.0000e+00
     63.000     7.9100   3.448250    33.2026       2046     1.4202 0.0000e+00
     64.000     7.9760   3.456496    33.2276       2068     1.4356 0.0000e+00
     65.000     7.9864   3.458788    33.2417       2098     1.4564 0.0000e+00
     66.000     7.9761   3.458536    33.2484       2128     1.4774 0.0000e+00
     67.000     7.9641   3.458237    33.2560       2151     1.4927 0.0000e+00
     68.000     7.9336   3.456363    33.2646       2171     1.5072 0.0000e+00
     69.000     7.9677   3.460979    33.2810       2198     1.5256 0.0000e+00
     70.000     7.9971   3.465174    33.2973       2234     1.5508 0.0000e+00
     71.000     8.0288   3.469255    33.3102       2267     1.5735 0.0000e+00
     72.000     8.1209   3.480980    33.3471       2289     1.5892 0.0000e+00
     73.000     8.2388   3.495790    33.3919       2310     1.6031 0.0000e+00
     74.000     8.3695   3.511368    33.4324       2334     1.6201 0.0000e+00
     75.000     8.4264   3.518760    33.4561       2366     1.6420 0.0000e+00
     76.000     8.4632   3.523356    33.4692       2394     1.6617 0.0000e+00
     77.000     8.5014   3.528017    33.4816       2417     1.6777 0.0000e+00
     78.000     8.5250   3.531088    33.4912       2440     1.6937 0.0000e+00
     79.000     8.5936   3.541061    33.5307       2470     1.7145 0.0000e+00
     80.000     8.6380   3.547944    33.5605       2508     1.7407 0.0000e+00
     81.000     8.7019   3.556329    33.5875       2532     1.7573 0.0000e+00
     82.000     8.7610   3.564361    33.6153       2550     1.7702 0.0000e+00
     83.000     8.8136   3.571007    33.6346       2570     1.7838 0.0000e+00
     84.000     9.0034   3.593836    33.6926       2599     1.8039 0.0000e+00
     85.000     9.6159   3.671028    33.9123       2643     1.8346 0.0000e+00
     86.000     9.9846   3.721794    34.0838       2674     1.8560 0.0000e+00
     87.000    10.2197   3.753120    34.1803       2693     1.8694 0.0000e+00
     88.000    10.2643   3.761026    34.2179       2710     1.8812 0.0000e+00
     89.000    10.2415   3.759536    34.2239       2728     1.8937 0.0000e+00
     90.000    10.2303   3.758884    34.2274       2758     1.9143 0.0000e+00
     91.000    10.2268   3.759041    34.2318       2802     1.9454 0.0000e+00
     92.000    10.2268   3.759288    34.2340       2832     1.9657 0.0000e+00
     93.000    10.2275   3.759620    34.2362       2854     1.9811 0.0000e+00
     94.000    10.2258   3.759655    34.2376       2876     1.9963 0.0000e+00
     95.000    10.2260   3.759873    34.2393       2900     2.0129 0.0000e+00
     96.000    10.2313   3.760890    34.2441       2928     2.0324 0.0000e+00
     97.000    10.2481   3.763693    34.2562       2956     2.0518 0.0000e+00
     98.000    10.2491   3.763974    34.2577       2979     2.0683 0.0000e+00
     99.000    10.2505   3.764262    34.2588       3005     2.0863 0.0000e+00
    100.000    10.2583   3.765428    34.2628       3036     2.1074 0.0000e+00
    101.000    10.2662   3.766615    34.2669       3070     2.1312 0.0000e+00
    102.000    10.2786   3.768391    34.2728       3098     2.1507 0.0000e+00
    103.000    10.2973   3.771038    34.2814       3120     2.1661 0.0000e+00
    104.000    10.3086   3.772660    34.2868       3141     2.1803 0.0000e+00
    105.000    10.3416   3.777089    34.3000       3162     2.1952 0.0000e+00
    106.000    10.4970   3.798269    34.3668       3189     2.2136 0.0000e+00
    107.000    10.5801   3.809867    34.4049       3220     2.2353 0.0000e+00
    108.000    10.6981   3.825106    34.4464       3252     2.2579 0.0000e+00
    109.000    10.9123   3.853479    34.5283       3278     2.2754 0.0000e+00
    110.000    10.9001   3.852511    34.5297       3302     2.2926 0.0000e+00
    111.000    10.9058   3.853502    34.5337       3334     2.3147 0.0000e+00
    112.000    10.9001   3.853217    34.5358       3368     2.3380 0.0000e+00
    113.000    10.8285   3.847465    34.5453       3393     2.3557 0.0000e+00
    114.000    10.8583   3.849641    34.5385       3412     2.3688 0.0000e+00
    115.000    10.8017   3.845470    34.5497       3430     2.3812 0.0000e+00
    116.000    10.7513   3.841439    34.5564       3452     2.3967 0.0000e+00
    117.000    10.7541   3.841525    34.5542       3490     2.4229 0.0000e+00
    118.000    10.7550   3.841701    34.5547       3528     2.4493 0.0000e+00
    119.000    10.7139   3.838830    34.5643       3553     2.4667 0.0000e+00
    120.000    10.6587   3.834816    34.5757       3575     2.4816 0.0000e+00
    121.000    10.6267   3.832403    34.5813       3599     2.4988 0.0000e+00
    122.000    10.6147   3.831341    34.5816       3630     2.5205 0.0000e+00
    123.000    10.6218   3.831746    34.5785       3661     2.5420 0.0000e+00
    124.000    10.6696   3.835253    34.5680       3687     2.5596 0.0000e+00
    125.000    10.6240   3.832204    34.5800       3709     2.5749 0.0000e+00
    126.000    10.5729   3.828773    34.5935       3732     2.5912 0.0000e+00
    127.000    10.4498   3.820679    34.6283       3762     2.6121 0.0000e+00
    128.000    10.2834   3.808995    34.6681       3797     2.6359 0.0000e+00
    129.000    10.2399   3.809135    34.7107       3826     2.6564 0.0000e+00
    130.000    10.2839   3.814704    34.7247       3852     2.6744 0.0000e+00
    131.000    10.2891   3.815865    34.7311       3878     2.6927 0.0000e+00
    132.000    10.2902   3.816433    34.7353       3906     2.7117 0.0000e+00
    133.000    10.2889   3.816431    34.7361       3933     2.7304 0.0000e+00
    134.000    10.2884   3.816648    34.7383       3960     2.7493 0.0000e+00
    135.000    10.2931   3.817975    34.7468       3988     2.7684 0.0000e+00
    136.000    10.3022   3.820467    34.7629       4016     2.7885 0.0000e+00
    137.000    10.2998   3.819876    34.7587       4034     2.8003 0.0000e+00
    136.000    10.2955   3.818405    34.7484       4116     2.8574 0.0000e+00
    135.000    10.3009   3.820100    34.7609       4636     3.2190 0.0000e+00
    134.000    10.3043   3.819425    34.7513       5076     3.5241 0.0000e+00
    133.000    10.3031   3.819559    34.7542       5095     3.5378 0.0000e+00
    132.000    10.3048   3.819427    34.7517       5112     3.5496 0.0000e+00
    131.000    10.3069   3.819173    34.7476       5130     3.5617 0.0000e+00
    130.000    10.3055   3.818077    34.7383       5153     3.5778 0.0000e+00
    129.000    10.2951   3.816052    34.7281       5191     3.6042 0.0000e+00
    128.000    10.2866   3.814599    34.7219       5229     3.6307 0.0000e+00
    127.000    10.2673   3.811543    34.7099       5250     3.6453 0.0000e+00
    126.000    10.2425   3.808069    34.6987       5269     3.6583 0.0000e+00
    125.000    10.2335   3.806697    34.6939       5288     3.6715 0.0000e+00
    124.000    10.2357   3.805968    34.6848       5311     3.6875 0.0000e+00
    123.000    10.2867   3.808978    34.6671       5340     3.7075 0.0000e+00
    122.000    10.3482   3.813046    34.6502       5374     3.7309 0.0000e+00
    121.000    10.3945   3.816188    34.6383       5404     3.7523 0.0000e+00
    120.000    10.4331   3.818457    34.6250       5429     3.7693 0.0000e+00
    119.000    10.5397   3.824742    34.5875       5449     3.7835 0.0000e+00
    118.000    10.6359   3.830982    34.5597       5469     3.7970 0.0000e+00
    117.000    10.7433   3.838148    34.5306       5491     3.8127 0.0000e+00
    116.000    10.7715   3.840325    34.5262       5523     3.8349 0.0000e+00
    115.000    10.7754   3.840625    34.5260       5561     3.8612 0.0000e+00
    114.000    10.7790   3.840810    34.5249       5591     3.8822 0.0000e+00
    113.000    10.7810   3.841121    34.5265       5618     3.9010 0.0000e+00
    112.000    10.7874   3.841694    34.5267       5642     3.9171 0.0000e+00
    111.000    10.7937   3.842349    34.5278       5662     3.9315 0.0000e+00
    110.000    10.8012   3.843000    34.5276       5685     3.9470 0.0000e+00
    109.000    10.8076   3.843006    34.5222       5711     3.9650 0.0000e+00
    108.000    10.8067   3.841603    34.5094       5739     3.9845 0.0000e+00
    107.000    10.7962   3.839842    34.5021       5771     4.0067 0.0000e+00
    106.000    10.7498   3.833677    34.4845       5804     4.0300 0.0000e+00
    105.000    10.6609   3.821873    34.4503       5831     4.0487 0.0000e+00
    104.000    10.5842   3.811810    34.4219       5854     4.0645 0.0000e+00
    103.000    10.4763   3.797242    34.3774       5876     4.0797 0.0000e+00
    102.000    10.3785   3.783737    34.3337       5901     4.0976 0.0000e+00
    101.000    10.3213   3.775866    34.3087       5937     4.1219 0.0000e+00
    100.000    10.3028   3.772960    34.2971       5971     4.1455 0.0000e+00
     99.000    10.2839   3.770278    34.2882       5994     4.1621 0.0000e+00
     98.000    10.2692   3.768168    34.2812       6013     4.1748 0.0000e+00
     97.000    10.2607   3.766876    34.2766       6031     4.1875 0.0000e+00
     96.000    10.2543   3.765884    34.2730       6055     4.2039 0.0000e+00
     95.000    10.2506   3.765214    34.2702       6096     4.2324 0.0000e+00
     94.000    10.2471   3.764630    34.2680       6130     4.2565 0.0000e+00
     93.000    10.2344   3.762762    34.2615       6152     4.2716 0.0000e+00
     92.000    10.2312   3.762158    34.2589       6173     4.2860 0.0000e+00
     91.000    10.2302   3.761940    34.2581       6198     4.3031 0.0000e+00
     90.000    10.2322   3.762039    34.2576       6235     4.3290 0.0000e+00
     89.000    10.2347   3.762213    34.2575       6265     4.3502 0.0000e+00
     88.000    10.2417   3.762791    34.2572       6285     4.3641 0.0000e+00
     87.000    10.2441   3.762927    34.2568       6304     4.3769 0.0000e+00
     86.000    10.2494   3.763332    34.2563       6325     4.3916 0.0000e+00
     85.000    10.2590   3.764135    34.2558       6357     4.4141 0.0000e+00
     84.000    10.2585   3.763672    34.2521       6399     4.4430 0.0000e+00
     83.000    10.1105   3.743112    34.1835       6424     4.4601 0.0000e+00
     82.000     9.8172   3.703432    34.0560       6443     4.4736 0.0000e+00
     81.000     9.3837   3.647862    33.8948       6463     4.4877 0.0000e+00
     80.000     9.1591   3.618659    33.8053       6489     4.5055 0.0000e+00
     79.000     8.9443   3.590547    33.7168       6521     4.5279 0.0000e+00
     78.000     8.8044   3.572322    33.6594       6551     4.5488 0.0000e+00
     77.000     8.6809   3.556132    33.6073       6577     4.5669 0.0000e+00
     76.000     8.5955   3.544602    33.5676       6601     4.5837 0.0000e+00
     75.000     8.5620   3.539409    33.5452       6628     4.6020 0.0000e+00
     74.000     8.5502   3.537270    33.5343       6658     4.6231 0.0000e+00
     73.000     8.5304   3.534294    33.5222       6688     4.6437 0.0000e+00
     72.000     8.4705   3.527164    33.5043       6712     4.6603 0.0000e+00
     71.000     8.3536   3.513598    33.4725       6732     4.6744 0.0000e+00
     70.000     8.2380   3.499426    33.4327       6752     4.6883 0.0000e+00
     69.000     8.1413   3.486755    33.3905       6780     4.7078 0.0000e+00
     68.000     8.0853   3.478469    33.3562       6826     4.7394 0.0000e+00
     67.000     8.0481   3.472337    33.3267       6855     4.7598 0.0000e+00
