HB2502/ctd049.cnv
* Sea-Bird SBE 9 Data File:
* FileName = C:\cruise\data\ctd049.hex
* Software Version Seasave V 7.26.7.121
* Temperature SN = 6768
* Conductivity SN = 6166
* Number of Bytes Per Scan = 37
* Number of Voltage Words = 4
* Number of Scans Averaged by the Deck Unit = 1
* NMEA Latitude = 34 42.66 N
* NMEA Longitude = 076 04.85 W
* NMEA UTC (Time) = Mar 14 2025 12:29:42
* NMEA baud rate = 4800
** Ship: Bigelow HB2502
** Program:  Spring Bottom Trawl
** Chief Scientist:Jon Galbraith
# nquan = 7
# nvalues = 58                          
# units = specified
# name 0 = depSM: Depth [salt water, m]
# name 1 = t090C: Temperature [ITS-90, deg C]
# name 2 = c0S/m: Conductivity [S/m]
# name 3 = sal00: Salinity, Practical [PSU]
# name 4 = scan: Scan Count
# name 5 = timeM: Time, Elapsed [minutes]
# name 6 = flag: flag
# span 0 =      1.000,     31.000       
# span 1 =    18.7790,    19.2956       
# span 2 =   3.288088,   4.881482       
# span 3 =    24.2840,    36.3807       
# span 4 =        120,       2676       
# span 5 =     0.0829,     1.8576       
# span 6 = 0.0000e+00, 0.0000e+00       
# interval = meters: 1                  
# start_time = Mar 14 2025 12:29:42 [NMEA time, header]
# bad_flag = -9.990e-29
*END*
      4.000    19.2183   4.794723    35.6840        120     0.0829 0.0000e+00
      5.000    19.2867   4.854478    36.1239        252     0.1744 0.0000e+00
      6.000    19.2878   4.869865    36.2512        283     0.1962 0.0000e+00
      7.000    19.2879   4.876493    36.3063        310     0.2149 0.0000e+00
      8.000    19.2919   4.876759    36.3047        336     0.2329 0.0000e+00
      9.000    19.2911   4.876939    36.3064        363     0.2512 0.0000e+00
     10.000    19.2919   4.878436    36.3178        386     0.2676 0.0000e+00
     11.000    19.2923   4.878577    36.3183        409     0.2834 0.0000e+00
     12.000    19.2950   4.876282    36.2964        437     0.3028 0.0000e+00
     13.000    19.2956   4.876346    36.2960        471     0.3267 0.0000e+00
     14.000    19.2951   4.879194    36.3199        504     0.3495 0.0000e+00
     15.000    19.2946   4.880438    36.3303        531     0.3683 0.0000e+00
     16.000    19.2940   4.880852    36.3340        555     0.3844 0.0000e+00
     17.000    19.2937   4.880871    36.3340        577     0.4002 0.0000e+00
     18.000    19.2930   4.879816    36.3254        602     0.4175 0.0000e+00
     19.000    19.2930   4.879564    36.3229        630     0.4366 0.0000e+00
     20.000    19.2942   4.880883    36.3325        657     0.4558 0.0000e+00
     21.000    19.2939   4.881022    36.3336        684     0.4745 0.0000e+00
     22.000    19.2936   4.881099    36.3341        711     0.4933 0.0000e+00
     23.000    19.2933   4.881434    36.3368        738     0.5118 0.0000e+00
     24.000    19.2908   4.881482    36.3391        765     0.5303 0.0000e+00
     25.000    19.2800   4.880041    36.3360        795     0.5511 0.0000e+00
     26.000    19.2540   4.880556    36.3627        825     0.5725 0.0000e+00
     27.000    19.2395   4.881233    36.3807        853     0.5915 0.0000e+00
     28.000    19.2367   4.879819    36.3709        877     0.6085 0.0000e+00
     29.000    19.2321   4.879377    36.3708        900     0.6241 0.0000e+00
     30.000    19.2291   4.878821    36.3684        922     0.6397 0.0000e+00
     31.000    19.2298   4.876292    36.3462        941     0.6531 0.0000e+00
     30.000    19.2135   4.875481    36.3541       1384     0.9606 0.0000e+00
     29.000    19.1952   4.874217    36.3600       1580     1.0966 0.0000e+00
     28.000    19.1944   4.874099    36.3601       1616     1.1213 0.0000e+00
     27.000    19.1845   4.874102    36.3691       1645     1.1414 0.0000e+00
     26.000    19.1826   4.874164    36.3716       1669     1.1582 0.0000e+00
     25.000    19.1873   4.873970    36.3663       1692     1.1741 0.0000e+00
     24.000    19.1909   4.873479    36.3594       1715     1.1902 0.0000e+00
     23.000    19.1983   4.872823    36.3478       1738     1.2065 0.0000e+00
     22.000    19.2155   4.872013    36.3264       1763     1.2237 0.0000e+00
     21.000    19.2477   4.871438    36.2937       1793     1.2447 0.0000e+00
     20.000    19.1883   4.870378    36.3372       1827     1.2678 0.0000e+00
     19.000    19.1797   4.867586    36.3217       1853     1.2862 0.0000e+00
     18.000    19.1676   4.866256    36.3215       1876     1.3019 0.0000e+00
     17.000    19.1505   4.865452    36.3301       1898     1.3174 0.0000e+00
     16.000    19.1445   4.865211    36.3338       1922     1.3339 0.0000e+00
     15.000    19.1288   4.864977    36.3459       1955     1.3571 0.0000e+00
     14.000    19.1265   4.864566    36.3449       1998     1.3866 0.0000e+00
     13.000    19.1128   4.860200    36.3207       2025     1.4057 0.0000e+00
     12.000    19.0959   4.853994    36.2837       2046     1.4205 0.0000e+00
     11.000    19.0581   4.851327    36.2948       2068     1.4357 0.0000e+00
     10.000    19.0010   4.848332    36.3200       2092     1.4522 0.0000e+00
      9.000    18.9766   4.843351    36.2999       2117     1.4698 0.0000e+00
      8.000    18.9375   4.838882    36.2969       2144     1.4880 0.0000e+00
      7.000    19.0058   4.839498    36.2426       2177     1.5109 0.0000e+00
      6.000    18.9385   4.836221    36.2744       2221     1.5419 0.0000e+00
      5.000    18.8146   4.828342    36.3172       2250     1.5617 0.0000e+00
      4.000    19.1425   4.831661    36.0588       2420     1.6797 0.0000e+00
      3.000    18.9116   4.830011    36.2468       2579     1.7904 0.0000e+00
      2.000    18.7790   4.826515    36.3343       2606     1.8092 0.0000e+00
      1.000    18.8125   3.288088    24.2840       2676     1.8576 0.0000e+00
