HB2502/ctd043.cnv
* Sea-Bird SBE 9 Data File:
* FileName = C:\cruise\data\ctd043.hex
* Software Version Seasave V 7.26.7.121
* Temperature SN = 6768
* Conductivity SN = 6166
* Number of Bytes Per Scan = 37
* Number of Voltage Words = 4
* Number of Scans Averaged by the Deck Unit = 1
* NMEA Latitude = 35 12.35 N
* NMEA Longitude = 075 16.89 W
* NMEA UTC (Time) = Mar 14 2025 01:16:53
* NMEA baud rate = 4800
** Ship: Bigelow HB2502
** Program:  Spring Bottom Trawl
** Chief Scientist:Jon Galbraith
# nquan = 7
# nvalues = 39                          
# units = specified
# name 0 = depSM: Depth [salt water, m]
# name 1 = t090C: Temperature [ITS-90, deg C]
# name 2 = c0S/m: Conductivity [S/m]
# name 3 = sal00: Salinity, Practical [PSU]
# name 4 = scan: Scan Count
# name 5 = timeM: Time, Elapsed [minutes]
# name 6 = flag: flag
# span 0 =      3.000,     22.000       
# span 1 =    19.4086,    19.9263       
# span 2 =   4.803136,   4.942850       
# span 3 =    35.2873,    36.5524       
# span 4 =         15,       2032       
# span 5 =     0.0098,     1.4105       
# span 6 = 0.0000e+00, 0.0000e+00       
# interval = meters: 1                  
# start_time = Mar 14 2025 01:16:53 [NMEA time, header]
# bad_flag = -9.990e-29
*END*
      3.000    19.7674   4.803136    35.2873         15     0.0098 0.0000e+00
      4.000    19.9218   4.899322    35.9485        333     0.2304 0.0000e+00
      5.000    19.9227   4.928895    36.1913        344     0.2383 0.0000e+00
      6.000    19.9242   4.936730    36.2543        383     0.2654 0.0000e+00
      7.000    19.9263   4.939469    36.2747        407     0.2822 0.0000e+00
      8.000    19.9260   4.939882    36.2780        429     0.2971 0.0000e+00
      9.000    19.9263   4.940927    36.2860        453     0.3138 0.0000e+00
     10.000    19.9253   4.940770    36.2852        482     0.3340 0.0000e+00
     11.000    19.9215   4.940925    36.2894        514     0.3560 0.0000e+00
     12.000    19.9131   4.942637    36.3104        540     0.3742 0.0000e+00
     13.000    19.9059   4.942850    36.3180        563     0.3900 0.0000e+00
     14.000    19.9033   4.940801    36.3030        590     0.4090 0.0000e+00
     15.000    19.8991   4.939808    36.2980        625     0.4330 0.0000e+00
     16.000    19.8898   4.942338    36.3267        653     0.4526 0.0000e+00
     17.000    19.8665   4.942079    36.3443        673     0.4668 0.0000e+00
     18.000    19.7908   4.940920    36.4001        694     0.4815 0.0000e+00
     19.000    19.7809   4.936696    36.3733        729     0.5057 0.0000e+00
     20.000    19.6653   4.933839    36.4500        782     0.5422 0.0000e+00
     21.000    19.4864   4.923553    36.5203        810     0.5616 0.0000e+00
     22.000    19.5115   4.930085    36.5524       1466     1.0177 0.0000e+00
     21.000    19.5150   4.924621    36.5042       1585     1.0998 0.0000e+00
     20.000    19.5141   4.924445    36.5039       1592     1.1049 0.0000e+00
     19.000    19.5669   4.923997    36.4544       1637     1.1358 0.0000e+00
     18.000    19.6195   4.923021    36.4007       1669     1.1582 0.0000e+00
     17.000    19.6307   4.922251    36.3849       1687     1.1711 0.0000e+00
     16.000    19.6429   4.921159    36.3656       1704     1.1823 0.0000e+00
     15.000    19.6568   4.918767    36.3341       1722     1.1950 0.0000e+00
     14.000    19.7078   4.916661    36.2727       1766     1.2255 0.0000e+00
     13.000    19.6463   4.915180    36.3141       1805     1.2527 0.0000e+00
     12.000    19.6512   4.911903    36.2830       1821     1.2636 0.0000e+00
     11.000    19.6244   4.906446    36.2613       1835     1.2733 0.0000e+00
     10.000    19.6019   4.904066    36.2615       1849     1.2833 0.0000e+00
      9.000    19.5441   4.903224    36.3052       1871     1.2985 0.0000e+00
      8.000    19.7467   4.899290    36.0974       1926     1.3371 0.0000e+00
      7.000    19.5323   4.895920    36.2553       1953     1.3558 0.0000e+00
      6.000    19.5127   4.891025    36.2321       1970     1.3675 0.0000e+00
      5.000    19.4709   4.887859    36.2424       1985     1.3778 0.0000e+00
      4.000    19.4086   4.886358    36.2845       2002     1.3893 0.0000e+00
      3.000    19.4611   4.859334    36.0139       2032     1.4105 0.0000e+00
