HB2502/ctd059.cnv
* Sea-Bird SBE 9 Data File:
* FileName = C:\cruise\data\ctd059.hex
* Software Version Seasave V 7.26.7.121
* Temperature SN = 6768
* Conductivity SN = 6166
* Number of Bytes Per Scan = 37
* Number of Voltage Words = 4
* Number of Scans Averaged by the Deck Unit = 1
* NMEA Latitude = 35 39.59 N
* NMEA Longitude = 075 21.83 W
* NMEA UTC (Time) = Mar 15 2025 12:51:34
* NMEA baud rate = 4800
** Ship: Bigelow HB2502
** Program:  Spring Bottom Trawl
** Chief Scientist:Jon Galbraith
# nquan = 7
# nvalues = 42                          
# units = specified
# name 0 = depSM: Depth [salt water, m]
# name 1 = t090C: Temperature [ITS-90, deg C]
# name 2 = c0S/m: Conductivity [S/m]
# name 3 = sal00: Salinity, Practical [PSU]
# name 4 = scan: Scan Count
# name 5 = timeM: Time, Elapsed [minutes]
# name 6 = flag: flag
# span 0 =      1.000,     23.000       
# span 1 =    10.0099,    10.1172       
# span 2 =   2.449169,   3.640728       
# span 3 =    21.8945,    33.2574       
# span 4 =        242,       2977       
# span 5 =     0.1676,     2.0669       
# span 6 = 0.0000e+00, 0.0000e+00       
# interval = meters: 1                  
# start_time = Mar 15 2025 12:51:34 [NMEA time, header]
# bad_flag = -9.990e-29
*END*
      4.000    10.0255   3.640728    33.2574        242     0.1676 0.0000e+00
      5.000    10.0114   3.623380    33.0937        416     0.2885 0.0000e+00
      6.000    10.0141   3.617970    33.0358        436     0.3021 0.0000e+00
      7.000    10.0113   3.617403    33.0322        467     0.3234 0.0000e+00
      8.000    10.0101   3.617836    33.0373        524     0.3634 0.0000e+00
      9.000    10.0099   3.617209    33.0306        574     0.3982 0.0000e+00
     10.000    10.0108   3.616880    33.0260        602     0.4172 0.0000e+00
     11.000    10.0130   3.617158    33.0263        635     0.4400 0.0000e+00
     12.000    10.0144   3.617425    33.0274        670     0.4647 0.0000e+00
     13.000    10.0154   3.617637    33.0282        699     0.4849 0.0000e+00
     14.000    10.0163   3.617903    33.0296        727     0.5041 0.0000e+00
     15.000    10.0178   3.618256    33.0314        760     0.5268 0.0000e+00
     16.000    10.0213   3.618777    33.0330        811     0.5623 0.0000e+00
     17.000    10.0256   3.619429    33.0353        851     0.5906 0.0000e+00
     18.000    10.0351   3.621183    33.0440        878     0.6091 0.0000e+00
     19.000    10.0376   3.622497    33.0546        908     0.6295 0.0000e+00
     20.000    10.0377   3.622884    33.0580        949     0.6583 0.0000e+00
     21.000    10.0457   3.623876    33.0602        991     0.6878 0.0000e+00
     22.000    10.0504   3.625909    33.0762       1025     0.7108 0.0000e+00
     23.000    10.1024   3.624622    33.0151       1538     1.0676 0.0000e+00
     22.000    10.1046   3.625359    33.0210       2092     1.4518 0.0000e+00
     21.000    10.0990   3.625009    33.0230       2087     1.4489 0.0000e+00
     20.000    10.0893   3.624759    33.0298       2120     1.4714 0.0000e+00
     19.000    10.0747   3.624581    33.0418       2142     1.4866 0.0000e+00
     18.000    10.0690   3.624499    33.0465       2162     1.5006 0.0000e+00
     17.000    10.0653   3.624506    33.0505       2185     1.5166 0.0000e+00
     16.000    10.0627   3.624589    33.0541       2220     1.5407 0.0000e+00
     15.000    10.0627   3.624734    33.0561       2258     1.5674 0.0000e+00
     14.000    10.0621   3.624827    33.0580       2288     1.5883 0.0000e+00
     13.000    10.0617   3.625014    33.0607       2322     1.6115 0.0000e+00
     12.000    10.0472   3.626215    33.0866       2389     1.6584 0.0000e+00
     11.000    10.0628   3.626641    33.0771       2423     1.6820 0.0000e+00
     10.000    10.0704   3.628215    33.0866       2443     1.6955 0.0000e+00
      9.000    10.0759   3.628865    33.0886       2460     1.7075 0.0000e+00
      8.000    10.0872   3.628968    33.0797       2477     1.7195 0.0000e+00
      7.000    10.0926   3.628769    33.0732       2498     1.7337 0.0000e+00
      6.000    10.0918   3.629598    33.0828       2528     1.7549 0.0000e+00
      5.000    10.0974   3.632957    33.1121       2560     1.7772 0.0000e+00
      4.000    10.1172   3.635866    33.1239       2584     1.7938 0.0000e+00
      3.000    10.0672   3.632964    33.1407       2792     1.9380 0.0000e+00
      2.000    10.0864   3.632212    33.1160       2942     2.0420 0.0000e+00
      1.000    10.1081   2.449169    21.8945       2977     2.0669 0.0000e+00
