HB2502/ctd063.cnv
* Sea-Bird SBE 9 Data File:
* FileName = C:\cruise\data\ctd063.hex
* Software Version Seasave V 7.26.7.121
* Temperature SN = 6768
* Conductivity SN = 6166
* Number of Bytes Per Scan = 37
* Number of Voltage Words = 4
* Number of Scans Averaged by the Deck Unit = 1
* NMEA Latitude = 36 20.43 N
* NMEA Longitude = 075 35.92 W
* NMEA UTC (Time) = Mar 16 2025 04:10:37
* NMEA baud rate = 4800
** Ship: Bigelow HB2502
** Program:  Spring Bottom Trawl
** Chief Scientist:Jon Galbraith
# nquan = 7
# nvalues = 35                          
# units = specified
# name 0 = depSM: Depth [salt water, m]
# name 1 = t090C: Temperature [ITS-90, deg C]
# name 2 = c0S/m: Conductivity [S/m]
# name 3 = sal00: Salinity, Practical [PSU]
# name 4 = scan: Scan Count
# name 5 = timeM: Time, Elapsed [minutes]
# name 6 = flag: flag
# span 0 =      3.000,     20.000       
# span 1 =     8.3513,     8.7248       
# span 2 =   3.480250,   3.539251       
# span 3 =    33.0870,    33.5426       
# span 4 =        197,       2950       
# span 5 =     0.1363,     2.0477       
# span 6 = 0.0000e+00, 0.0000e+00       
# interval = meters: 1                  
# start_time = Mar 16 2025 04:10:37 [NMEA time, header]
# bad_flag = -9.990e-29
*END*
      3.000     8.5985   3.539251    33.5426        197     0.1363 0.0000e+00
      4.000     8.5554   3.503512    33.2065        404     0.2802 0.0000e+00
      5.000     8.5555   3.499302    33.1616        435     0.3012 0.0000e+00
      6.000     8.5548   3.497504    33.1428        468     0.3240 0.0000e+00
      7.000     8.5520   3.496485    33.1343        500     0.3463 0.0000e+00
      8.000     8.5160   3.495608    33.1584        526     0.3646 0.0000e+00
      9.000     8.5097   3.493974    33.1467        549     0.3803 0.0000e+00
     10.000     8.4831   3.492698    33.1578        571     0.3960 0.0000e+00
     11.000     8.4014   3.490952    33.2158        597     0.4137 0.0000e+00
     12.000     8.3810   3.488455    33.2082        628     0.4351 0.0000e+00
     13.000     8.3830   3.486104    33.1809        660     0.4579 0.0000e+00
     14.000     8.3665   3.483733    33.1710        688     0.4768 0.0000e+00
     15.000     8.3513   3.481045    33.1564        710     0.4923 0.0000e+00
     16.000     8.3514   3.480250    33.1474        731     0.5068 0.0000e+00
     17.000     8.3551   3.480616    33.1474        754     0.5227 0.0000e+00
     18.000     8.3610   3.482610    33.1624        784     0.5441 0.0000e+00
     19.000     8.3702   3.483962    33.1675        822     0.5700 0.0000e+00
     20.000     8.3869   3.493274    33.2498        945     0.6557 0.0000e+00
     19.000     8.3898   3.493422    33.2492       2783     1.9322 0.0000e+00
     18.000     8.3965   3.487384    33.1794       2503     1.7377 0.0000e+00
     17.000     8.4330   3.485849    33.1293       2499     1.7350 0.0000e+00
     16.000     8.4581   3.485143    33.0987       2526     1.7535 0.0000e+00
     15.000     8.4731   3.485316    33.0870       2549     1.7697 0.0000e+00
     14.000     8.4725   3.485660    33.0917       2572     1.7853 0.0000e+00
     13.000     8.4644   3.486031    33.1036       2597     1.8025 0.0000e+00
     12.000     8.4636   3.487057    33.1156       2625     1.8225 0.0000e+00
     11.000     8.4680   3.490628    33.1496       2654     1.8424 0.0000e+00
     10.000     8.4781   3.497113    33.2090       2680     1.8607 0.0000e+00
      9.000     8.5153   3.500636    33.2116       2705     1.8777 0.0000e+00
      8.000     8.5833   3.501887    33.1613       2728     1.8937 0.0000e+00
      7.000     8.6225   3.502976    33.1364       2751     1.9100 0.0000e+00
      6.000     8.6437   3.504707    33.1352       2778     1.9288 0.0000e+00
      5.000     8.6915   3.509154    33.1375       2810     1.9507 0.0000e+00
      4.000     8.7248   3.518660    33.2064       2836     1.9685 0.0000e+00
      3.000     8.6074   3.509188    33.2179       2950     2.0477 0.0000e+00
