HB2502/ctd056.cnv
* Sea-Bird SBE 9 Data File:
* FileName = C:\cruise\data\ctd056.hex
* Software Version Seasave V 7.26.7.121
* Temperature SN = 6768
* Conductivity SN = 6166
* Number of Bytes Per Scan = 37
* Number of Voltage Words = 4
* Number of Scans Averaged by the Deck Unit = 1
* NMEA Latitude = 35 04.55 N
* NMEA Longitude = 075 09.89 W
* NMEA UTC (Time) = Mar 15 2025 03:33:49
* NMEA baud rate = 4800
** Ship: Bigelow HB2502
** Program:  Spring Bottom Trawl
** Chief Scientist:Jon Galbraith
# nquan = 7
# nvalues = 490                         
# units = specified
# name 0 = depSM: Depth [salt water, m]
# name 1 = t090C: Temperature [ITS-90, deg C]
# name 2 = c0S/m: Conductivity [S/m]
# name 3 = sal00: Salinity, Practical [PSU]
# name 4 = scan: Scan Count
# name 5 = timeM: Time, Elapsed [minutes]
# name 6 = flag: flag
# span 0 =      1.000,    247.000       
# span 1 =    12.0883,    21.5031       
# span 2 =   2.472705,   5.127013       
# span 3 =    17.1325,    36.7768       
# span 4 =         26,      15007       
# span 5 =     0.0175,    10.4211       
# span 6 = 0.0000e+00, 0.0000e+00       
# interval = meters: 1                  
# start_time = Mar 15 2025 03:33:49 [NMEA time, header]
# bad_flag = -9.990e-29
*END*
[from data line 206]
    210.000    14.4788   4.347668    35.9018       5851     4.0627 0.0000e+00
    211.000    14.4297   4.341841    35.8930       5886     4.0870 0.0000e+00
    212.000    14.3548   4.333073    35.8808       5923     4.1125 0.0000e+00
    213.000    14.2787   4.324329    35.8698       5953     4.1336 0.0000e+00
    214.000    14.2283   4.318431    35.8613       5978     4.1505 0.0000e+00
    215.000    14.2150   4.316739    35.8576       6000     4.1661 0.0000e+00
    216.000    14.2087   4.315924    35.8554       6022     4.1809 0.0000e+00
    217.000    14.1837   4.313050    35.8514       6043     4.1956 0.0000e+00
    218.000    14.1025   4.303944    35.8417       6067     4.2125 0.0000e+00
    219.000    13.9590   4.287530    35.8214       6106     4.2395 0.0000e+00
    220.000    13.8863   4.278981    35.8087       6154     4.2730 0.0000e+00
    221.000    13.8120   4.270537    35.7985       6178     4.2897 0.0000e+00
    222.000    13.7116   4.259096    35.7843       6195     4.3014 0.0000e+00
    223.000    13.5519   4.241325    35.7657       6209     4.3110 0.0000e+00
    224.000    13.4674   4.231755    35.7540       6223     4.3211 0.0000e+00
    225.000    13.4360   4.227994    35.7473       6242     4.3338 0.0000e+00
    226.000    13.3930   4.222638    35.7365       6296     4.3713 0.0000e+00
    227.000    13.3409   4.216709    35.7287       6345     4.4056 0.0000e+00
    228.000    13.3236   4.214679    35.7253       6363     4.4180 0.0000e+00
    229.000    13.2752   4.209258    35.7188       6379     4.4293 0.0000e+00
    230.000    13.1838   4.198975    35.7064       6396     4.4411 0.0000e+00
    231.000    13.1002   4.189642    35.6957       6418     4.4562 0.0000e+00
    232.000    12.9781   4.175872    35.6787       6450     4.4787 0.0000e+00
    233.000    12.9174   4.168784    35.6677       6486     4.5034 0.0000e+00
    234.000    12.8739   4.163803    35.6606       6518     4.5256 0.0000e+00
    235.000    12.8424   4.160155    35.6549       6548     4.5467 0.0000e+00
    236.000    12.8118   4.156714    35.6503       6570     4.5617 0.0000e+00
    237.000    12.7471   4.149569    35.6422       6588     4.5743 0.0000e+00
    238.000    12.6201   4.135621    35.6276       6606     4.5871 0.0000e+00
    239.000    12.5880   4.131816    35.6208       6632     4.6049 0.0000e+00
    240.000    12.5630   4.128744    35.6145       6685     4.6415 0.0000e+00
    241.000    12.5350   4.125552    35.6097       6722     4.6676 0.0000e+00
    242.000    12.5024   4.121946    35.6053       6740     4.6797 0.0000e+00
    243.000    12.4810   4.119531    35.6018       6756     4.6906 0.0000e+00
    244.000    12.3967   4.110272    35.5916       6772     4.7019 0.0000e+00
    245.000    12.2881   4.098340    35.5784       6792     4.7157 0.0000e+00
    246.000    12.1874   4.087136    35.5647       6819     4.7346 0.0000e+00
    247.000    12.0883   4.075856    35.5487       6857     4.7613 0.0000e+00
    246.000    12.1902   4.086710    35.5580       6878     4.7756 0.0000e+00
    245.000    12.1945   4.086097    35.5484       7740     5.3746 0.0000e+00
    244.000    12.2428   4.091323    35.5538       7881     5.4725 0.0000e+00
    243.000    12.2902   4.096199    35.5565       7910     5.4925 0.0000e+00
    242.000    12.3685   4.104795    35.5661       7934     5.5092 0.0000e+00
    241.000    12.4387   4.112876    35.5783       7960     5.5272 0.0000e+00
    240.000    12.4718   4.116669    35.5841       7987     5.5460 0.0000e+00
    239.000    12.5019   4.120159    35.5898       8021     5.5692 0.0000e+00
    238.000    12.5358   4.123806    35.5933       8054     5.5921 0.0000e+00
    237.000    12.5777   4.128593    35.6004       8076     5.6073 0.0000e+00
    236.000    12.5938   4.130448    35.6034       8095     5.6205 0.0000e+00
    235.000    12.6306   4.134388    35.6071       8114     5.6342 0.0000e+00
    234.000    12.7362   4.146077    35.6203       8139     5.6515 0.0000e+00
    233.000    12.8176   4.155404    35.6335       8181     5.6806 0.0000e+00
    232.000    12.8482   4.158881    35.6384       8214     5.7032 0.0000e+00
    231.000    12.9191   4.166552    35.6456       8233     5.7167 0.0000e+00
    230.000    12.9632   4.171511    35.6519       8252     5.7300 0.0000e+00
    229.000    13.0257   4.178575    35.6610       8277     5.7470 0.0000e+00
    228.000    13.1268   4.190030    35.6757       8308     5.7690 0.0000e+00
    227.000    13.1167   4.188650    35.6725       8336     5.7884 0.0000e+00
    226.000    13.1649   4.194453    35.6829       8361     5.8056 0.0000e+00
    225.000    13.1916   4.197502    35.6872       8386     5.8230 0.0000e+00
    224.000    13.2638   4.205157    35.6926       8413     5.8415 0.0000e+00
    223.000    13.3242   4.211890    35.7004       8441     5.8609 0.0000e+00
    222.000    13.4906   4.229993    35.7164       8467     5.8795 0.0000e+00
    221.000    13.6825   4.252226    35.7472       8494     5.8977 0.0000e+00
    220.000    13.8078   4.266193    35.7620       8520     5.9161 0.0000e+00
    219.000    13.8964   4.276132    35.7731       8546     5.9338 0.0000e+00
    218.000    13.9472   4.282573    35.7865       8570     5.9510 0.0000e+00
    217.000    14.0025   4.290107    35.8059       8597     5.9697 0.0000e+00
    216.000    14.0193   4.291918    35.8077       8627     5.9905 0.0000e+00
    215.000    14.0763   4.297755    35.8095       8655     6.0097 0.0000e+00
    214.000    14.1499   4.306296    35.8212       8679     6.0263 0.0000e+00
    213.000    14.1726   4.309435    35.8298       8702     6.0427 0.0000e+00
    212.000    14.2481   4.317498    35.8351       8728     6.0604 0.0000e+00
    211.000    14.3157   4.324919    35.8418       8754     6.0783 0.0000e+00
    210.000    14.3662   4.330901    35.8509       8779     6.0956 0.0000e+00
    209.000    14.4502   4.340892    35.8661       8807     6.1154 0.0000e+00
    208.000    14.5005   4.346728    35.8739       8848     6.1439 0.0000e+00
    207.000    14.6019   4.357811    35.8829       8876     6.1632 0.0000e+00
    206.000    14.6929   4.368816    35.9006       8893     6.1753 0.0000e+00
    205.000    14.7922   4.379074    35.9038       8909     6.1864 0.0000e+00
    204.000    14.9214   4.395220    35.9333       8928     6.1990 0.0000e+00
    203.000    15.1287   4.418760    35.9582       8961     6.2219 0.0000e+00
    202.000    15.1986   4.427293    35.9722       9007     6.2539 0.0000e+00
    201.000    15.2658   4.435130    35.9822       9032     6.2715 0.0000e+00
    200.000    15.3567   4.445597    35.9943       9054     6.2870 0.0000e+00
    199.000    15.3906   4.449791    36.0018       9076     6.3023 0.0000e+00
    198.000    15.4647   4.457949    36.0082       9098     6.3174 0.0000e+00
    197.000    15.5598   4.468618    36.0181       9119     6.3317 0.0000e+00
    196.000    15.6320   4.477931    36.0367       9140     6.3465 0.0000e+00
    195.000    15.8395   4.502851    36.0718       9169     6.3669 0.0000e+00
    194.000    16.2771   4.552489    36.1184       9225     6.4056 0.0000e+00
    193.000    16.5224   4.581839    36.1569       9252     6.4244 0.0000e+00
    192.000    16.6063   4.592457    36.1754       9270     6.4366 0.0000e+00
    191.000    16.6653   4.599306    36.1829       9286     6.4476 0.0000e+00
    190.000    16.7183   4.606008    36.1946       9302     6.4593 0.0000e+00
    189.000    16.8967   4.627481    36.2229       9323     6.4738 0.0000e+00
    188.000    17.0595   4.645683    36.2364       9356     6.4964 0.0000e+00
    187.000    17.1628   4.658194    36.2533       9394     6.5226 0.0000e+00
    186.000    17.3759   4.681189    36.2629       9422     6.5426 0.0000e+00
    185.000    17.4695   4.696095    36.3090       9449     6.5610 0.0000e+00
    184.000    17.4671   4.696027    36.3110       9474     6.5781 0.0000e+00
    183.000    17.5502   4.705544    36.3195       9496     6.5935 0.0000e+00
    182.000    17.6545   4.718795    36.3413       9517     6.6081 0.0000e+00
    181.000    17.7490   4.730729    36.3603       9539     6.6234 0.0000e+00
    180.000    17.8683   4.745244    36.3793       9563     6.6402 0.0000e+00
    179.000    18.0484   4.765482    36.3931       9592     6.6602 0.0000e+00
    178.000    18.1440   4.777830    36.4142       9629     6.6859 0.0000e+00
    177.000    18.2162   4.785968    36.4200       9661     6.7081 0.0000e+00
    176.000    18.3399   4.800864    36.4377       9681     6.7223 0.0000e+00
    175.000    18.3764   4.805044    36.4413       9699     6.7349 0.0000e+00
    174.000    18.4047   4.808666    36.4474       9719     6.7488 0.0000e+00
    173.000    18.5212   4.822291    36.4604       9750     6.7704 0.0000e+00
    172.000    18.6133   4.833134    36.4713       9790     6.7980 0.0000e+00
    171.000    18.6611   4.839476    36.4831       9813     6.8140 0.0000e+00
    170.000    18.7109   4.845551    36.4909       9832     6.8269 0.0000e+00
    169.000    18.7293   4.847773    36.4938       9851     6.8403 0.0000e+00
    168.000    18.7432   4.849650    36.4978       9873     6.8556 0.0000e+00
    167.000    18.7734   4.853008    36.4999       9899     6.8734 0.0000e+00
    166.000    18.7967   4.856050    36.5054       9931     6.8961 0.0000e+00
    165.000    18.7979   4.856565    36.5091       9969     6.9221 0.0000e+00
    164.000    18.8180   4.858689    36.5096       9999     6.9431 0.0000e+00
    163.000    18.8694   4.864952    36.5175      10020     6.9579 0.0000e+00
    162.000    18.9852   4.878830    36.5326      10038     6.9702 0.0000e+00
    161.000    19.0961   4.892835    36.5530      10056     6.9826 0.0000e+00
    160.000    19.2543   4.911633    36.5718      10077     6.9974 0.0000e+00
    159.000    19.3642   4.924508    36.5833      10105     7.0165 0.0000e+00
    158.000    19.4716   4.937789    36.6002      10136     7.0379 0.0000e+00
    157.000    19.5464   4.946787    36.6099      10173     7.0639 0.0000e+00
    156.000    19.5838   4.951564    36.6172      10209     7.0890 0.0000e+00
    155.000    19.7799   4.974874    36.6394      10231     7.1045 0.0000e+00
    154.000    19.7804   4.975653    36.6458      10249     7.1169 0.0000e+00
    153.000    19.7893   4.976527    36.6457      10266     7.1288 0.0000e+00
    152.000    19.8051   4.978220    36.6463      10284     7.1413 0.0000e+00
    151.000    19.8221   4.979750    36.6445      10306     7.1561 0.0000e+00
    150.000    19.8573   4.982573    36.6374      10339     7.1790 0.0000e+00
    149.000    19.8928   4.985189    36.6284      10385     7.2108 0.0000e+00
    148.000    19.9258   4.988883    36.6306      10413     7.2305 0.0000e+00
    147.000    19.9436   4.991292    36.6353      10435     7.2455 0.0000e+00
    146.000    19.9476   4.991989    36.6380      10455     7.2596 0.0000e+00
    145.000    19.9607   4.993518    36.6395      10475     7.2737 0.0000e+00
    144.000    20.0024   4.998463    36.6443      10497     7.2888 0.0000e+00
    143.000    20.0582   5.005724    36.6559      10522     7.3060 0.0000e+00
    142.000    20.0745   5.008110    36.6617      10550     7.3255 0.0000e+00
    141.000    20.1459   5.016865    36.6719      10582     7.3476 0.0000e+00
    140.000    20.1773   5.020798    36.6774      10613     7.3698 0.0000e+00
    139.000    20.2121   5.025774    36.6883      10639     7.3874 0.0000e+00
    138.000    20.2159   5.026455    36.6910      10660     7.4022 0.0000e+00
    137.000    20.2205   5.026916    36.6911      10682     7.4175 0.0000e+00
    136.000    20.2460   5.030132    36.6957      10713     7.4390 0.0000e+00
    135.000    20.2707   5.033202    36.6998      10742     7.4592 0.0000e+00
    134.000    20.2967   5.036602    36.7054      10763     7.4735 0.0000e+00
    133.000    20.2997   5.037014    36.7066      10784     7.4881 0.0000e+00
    132.000    20.3000   5.037061    36.7071      10815     7.5094 0.0000e+00
    131.000    20.3127   5.038437    36.7077      10845     7.5305 0.0000e+00
    130.000    20.3186   5.039254    36.7097      10866     7.5452 0.0000e+00
    129.000    20.3280   5.040506    36.7121      10889     7.5609 0.0000e+00
    128.000    20.3394   5.041867    36.7137      10925     7.5859 0.0000e+00
    127.000    20.3440   5.042469    36.7150      10957     7.6083 0.0000e+00
    126.000    20.3487   5.043280    36.7179      10976     7.6218 0.0000e+00
    125.000    20.3519   5.043633    36.7184      10993     7.6334 0.0000e+00
    124.000    20.3544   5.043956    36.7193      11010     7.6449 0.0000e+00
    123.000    20.3604   5.044700    36.7205      11032     7.6604 0.0000e+00
    122.000    20.3922   5.048510    36.7245      11091     7.7014 0.0000e+00
    121.000    20.3942   5.048754    36.7251      11124     7.7244 0.0000e+00
    120.000    20.4032   5.049803    36.7263      11138     7.7342 0.0000e+00
    119.000    20.4102   5.050680    36.7277      11151     7.7430 0.0000e+00
    118.000    20.4187   5.051618    36.7283      11163     7.7516 0.0000e+00
    117.000    20.4310   5.053076    36.7300      11178     7.7620 0.0000e+00
    116.000    20.4755   5.058393    36.7352      11223     7.7928 0.0000e+00
    115.000    20.5217   5.063956    36.7409      11276     7.8300 0.0000e+00
    114.000    20.5770   5.070626    36.7477      11294     7.8423 0.0000e+00
    113.000    20.6369   5.077455    36.7518      11311     7.8541 0.0000e+00
    112.000    20.6681   5.081252    36.7560      11332     7.8684 0.0000e+00
    111.000    20.7170   5.086814    36.7593      11360     7.8879 0.0000e+00
    110.000    20.7720   5.092893    36.7616      11388     7.9079 0.0000e+00
    109.000    20.8116   5.096983    36.7609      11412     7.9240 0.0000e+00
    108.000    20.8385   5.099681    36.7599      11433     7.9388 0.0000e+00
    107.000    20.8440   5.099814    36.7566      11457     7.9557 0.0000e+00
    106.000    20.8812   5.101926    36.7419      11489     7.9776 0.0000e+00
    105.000    20.8640   5.100212    36.7433      11517     7.9975 0.0000e+00
    104.000    20.8886   5.101705    36.7345      11540     8.0131 0.0000e+00
    103.000    20.9031   5.103038    36.7332      11566     8.0315 0.0000e+00
    102.000    20.9090   5.103291    36.7304      11612     8.0631 0.0000e+00
    101.000    20.8808   5.099018    36.7206      11638     8.0811 0.0000e+00
    100.000    20.8526   5.094226    36.7064      11653     8.0915 0.0000e+00
     99.000    20.8320   5.091130    36.6994      11666     8.1008 0.0000e+00
     98.000    20.8174   5.088618    36.6920      11680     8.1104 0.0000e+00
     97.000    20.7993   5.085825    36.6853      11697     8.1223 0.0000e+00
     96.000    20.7455   5.077433    36.6639      11732     8.1468 0.0000e+00
     95.000    20.7056   5.071290    36.6488      11797     8.1916 0.0000e+00
     94.000    20.6610   5.064192    36.6300      11826     8.2119 0.0000e+00
     93.000    20.6238   5.058366    36.6150      11846     8.2256 0.0000e+00
     92.000    20.5853   5.051845    36.5955      11862     8.2367 0.0000e+00
     91.000    20.5603   5.047337    36.5807      11876     8.2468 0.0000e+00
     90.000    20.5444   5.045125    36.5767      11891     8.2566 0.0000e+00
     89.000    20.5365   5.043256    36.5687      11906     8.2672 0.0000e+00
     88.000    20.5306   5.040880    36.5548      11945     8.2947 0.0000e+00
     87.000    20.5524   5.041925    36.5448      12005     8.3358 0.0000e+00
     86.000    20.6124   5.047040    36.5352      12019     8.3457 0.0000e+00
     85.000    20.6624   5.051571    36.5293      12034     8.3561 0.0000e+00
     84.000    20.6812   5.053596    36.5300      12052     8.3687 0.0000e+00
     83.000    20.7121   5.056524    36.5276      12087     8.3931 0.0000e+00
     82.000    20.7893   5.063567    36.5187      12126     8.4202 0.0000e+00
     81.000    20.8477   5.069369    36.5160      12145     8.4336 0.0000e+00
