HB2502/ctd048.cnv
* Sea-Bird SBE 9 Data File:
* FileName = C:\cruise\data\ctd048.hex
* Software Version Seasave V 7.26.7.121
* Temperature SN = 6768
* Conductivity SN = 6166
* Number of Bytes Per Scan = 37
* Number of Voltage Words = 4
* Number of Scans Averaged by the Deck Unit = 1
* NMEA Latitude = 34 45.08 N
* NMEA Longitude = 076 04.09 W
* NMEA UTC (Time) = Mar 14 2025 10:37:04
* NMEA baud rate = 4800
** Ship: Bigelow HB2502
** Program:  Spring Bottom Trawl
** Chief Scientist:Jon Galbraith
# nquan = 7
# nvalues = 54                          
# units = specified
# name 0 = depSM: Depth [salt water, m]
# name 1 = t090C: Temperature [ITS-90, deg C]
# name 2 = c0S/m: Conductivity [S/m]
# name 3 = sal00: Salinity, Practical [PSU]
# name 4 = scan: Scan Count
# name 5 = timeM: Time, Elapsed [minutes]
# name 6 = flag: flag
# span 0 =      1.000,     29.000       
# span 1 =    18.9033,    19.4719       
# span 2 =   4.140378,   4.899586       
# span 3 =    30.5927,    36.3854       
# span 4 =        146,       2834       
# span 5 =     0.1005,     1.9674       
# span 6 = 0.0000e+00, 0.0000e+00       
# interval = meters: 1                  
# start_time = Mar 14 2025 10:37:04 [NMEA time, header]
# bad_flag = -9.990e-29
*END*
      4.000    19.3422   4.793055    35.5640        146     0.1005 0.0000e+00
      5.000    19.4537   4.869897    36.1077        323     0.2239 0.0000e+00
      6.000    19.4550   4.888504    36.2612        339     0.2346 0.0000e+00
      7.000    19.4634   4.891817    36.2811        364     0.2522 0.0000e+00
      8.000    19.4654   4.890365    36.2669        392     0.2716 0.0000e+00
      9.000    19.4679   4.892538    36.2824        420     0.2911 0.0000e+00
     10.000    19.4683   4.894032    36.2942        447     0.3095 0.0000e+00
     11.000    19.4678   4.895233    36.3042        471     0.3267 0.0000e+00
     12.000    19.4686   4.895477    36.3053        497     0.3443 0.0000e+00
     13.000    19.4707   4.894769    36.2971        526     0.3645 0.0000e+00
     14.000    19.4715   4.895404    36.3014        559     0.3873 0.0000e+00
     15.000    19.4719   4.897622    36.3191        586     0.4065 0.0000e+00
     16.000    19.4707   4.898646    36.3283        609     0.4223 0.0000e+00
     17.000    19.4698   4.898846    36.3304        631     0.4375 0.0000e+00
     18.000    19.4675   4.894578    36.2964        656     0.4548 0.0000e+00
     19.000    19.4655   4.891785    36.2745        686     0.4757 0.0000e+00
     20.000    19.4656   4.897866    36.3248        717     0.4970 0.0000e+00
     21.000    19.4654   4.899148    36.3352        744     0.5156 0.0000e+00
     22.000    19.4657   4.899586    36.3382        768     0.5326 0.0000e+00
     23.000    19.4660   4.899293    36.3351        792     0.5495 0.0000e+00
     24.000    19.4658   4.898884    36.3315        818     0.5675 0.0000e+00
     25.000    19.4656   4.897927    36.3234        846     0.5871 0.0000e+00
     26.000    19.4661   4.897549    36.3194        877     0.6080 0.0000e+00
     27.000    19.4669   4.897690    36.3195        910     0.6311 0.0000e+00
     28.000    19.4648   4.896419    36.3103        951     0.6597 0.0000e+00
     29.000    19.4655   4.892566    36.2772       1051     0.7293 0.0000e+00
     28.000    19.4184   4.893866    36.3295       1589     1.1028 0.0000e+00
     27.000    19.3960   4.895510    36.3631       1726     1.1980 0.0000e+00
     26.000    19.3766   4.895993    36.3845       1738     1.2065 0.0000e+00
     25.000    19.3836   4.896225    36.3808       1761     1.2226 0.0000e+00
     24.000    19.3811   4.896479    36.3854       1788     1.2408 0.0000e+00
     23.000    19.4043   4.896028    36.3618       1818     1.2617 0.0000e+00
     22.000    19.3867   4.895805    36.3756       1847     1.2822 0.0000e+00
     21.000    19.3915   4.895691    36.3708       1873     1.3000 0.0000e+00
     20.000    19.3938   4.895078    36.3641       1897     1.3167 0.0000e+00
     19.000    19.3991   4.893508    36.3467       1922     1.3341 0.0000e+00
     18.000    19.3879   4.890815    36.3344       1948     1.3524 0.0000e+00
     17.000    19.3854   4.886404    36.3002       1974     1.3705 0.0000e+00
     16.000    19.3713   4.886041    36.3099       1999     1.3874 0.0000e+00
     15.000    19.3410   4.885126    36.3290       2022     1.4036 0.0000e+00
     14.000    19.3097   4.883603    36.3440       2047     1.4211 0.0000e+00
     13.000    19.2955   4.880065    36.3272       2075     1.4406 0.0000e+00
     12.000    19.2767   4.875402    36.3050       2105     1.4613 0.0000e+00
     11.000    19.2485   4.869685    36.2821       2135     1.4818 0.0000e+00
     10.000    19.1976   4.860643    36.2513       2160     1.4995 0.0000e+00
      9.000    19.1276   4.857269    36.2846       2182     1.5146 0.0000e+00
      8.000    19.0580   4.854245    36.3205       2204     1.5296 0.0000e+00
      7.000    19.0349   4.855403    36.3509       2229     1.5470 0.0000e+00
      6.000    19.0309   4.854060    36.3435       2259     1.5682 0.0000e+00
      5.000    18.9922   4.844687    36.2990       2294     1.5923 0.0000e+00
      4.000    18.9033   4.833436    36.2826       2321     1.6111 0.0000e+00
      3.000    19.2222   4.850142    36.1446       2587     1.7960 0.0000e+00
      2.000    19.0315   4.851370    36.3219       2739     1.9017 0.0000e+00
      1.000    19.1482   4.140378    30.5927       2834     1.9674 0.0000e+00
