HB2502/ctd081.cnv
* Sea-Bird SBE 9 Data File:
* FileName = C:\cruise\data\ctd081.hex
* Software Version Seasave V 7.26.7.121
* Temperature SN = 6768
* Conductivity SN = 6166
* Number of Bytes Per Scan = 37
* Number of Voltage Words = 4
* Number of Scans Averaged by the Deck Unit = 1
* NMEA Latitude = 39 14.43 N
* NMEA Longitude = 072 44.74 W
* NMEA UTC (Time) = Mar 20 2025 09:32:03
* NMEA baud rate = 4800
** Ship: Bigelow HB2502
** Program:  Spring Bottom Trawl
** Chief Scientist:Jon Galbraith
# nquan = 7
# nvalues = 214                         
# units = specified
# name 0 = depSM: Depth [salt water, m]
# name 1 = t090C: Temperature [ITS-90, deg C]
# name 2 = c0S/m: Conductivity [S/m]
# name 3 = sal00: Salinity, Practical [PSU]
# name 4 = scan: Scan Count
# name 5 = timeM: Time, Elapsed [minutes]
# name 6 = flag: flag
# span 0 =      1.000,    109.000       
# span 1 =     6.6486,     7.1180       
# span 2 =   2.141203,   3.389114       
# span 3 =    20.7446,    33.3223       
# span 4 =        214,       8120       
# span 5 =     0.1477,     5.6383       
# span 6 = 0.0000e+00, 0.0000e+00       
# interval = meters: 1                  
# start_time = Mar 20 2025 09:32:03 [NMEA time, header]
# bad_flag = -9.990e-29
*END*
      4.000     6.9230   3.304594    32.6154        214     0.1477 0.0000e+00
      5.000     6.9241   3.304463    32.6114        330     0.2286 0.0000e+00
      6.000     6.9241   3.327389    32.8617        362     0.2506 0.0000e+00
      7.000     6.9243   3.327152    32.8584        398     0.2754 0.0000e+00
      8.000     6.9243   3.327084    32.8572        434     0.3006 0.0000e+00
      9.000     6.9238   3.325879    32.8440        570     0.3948 0.0000e+00
     10.000     6.9211   3.327154    32.8601        626     0.4337 0.0000e+00
     11.000     6.9160   3.327814    32.8717        655     0.4539 0.0000e+00
     12.000     6.9112   3.328029    32.8781        684     0.4743 0.0000e+00
     13.000     6.9092   3.328093    32.8803        719     0.4984 0.0000e+00
     14.000     6.9089   3.328357    32.8830        747     0.5180 0.0000e+00
     15.000     6.9083   3.328491    32.8845        768     0.5327 0.0000e+00
     16.000     6.9067   3.328675    32.8876        789     0.5471 0.0000e+00
     17.000     6.9046   3.328688    32.8893        817     0.5665 0.0000e+00
     18.000     6.9022   3.328628    32.8904        860     0.5963 0.0000e+00
     19.000     6.8970   3.329057    32.8996        887     0.6153 0.0000e+00
     20.000     6.8883   3.328905    32.9058        904     0.6271 0.0000e+00
     21.000     6.8864   3.328664    32.9045        919     0.6372 0.0000e+00
     22.000     6.8841   3.328610    32.9056        934     0.6476 0.0000e+00
     23.000     6.8860   3.328609    32.9033        969     0.6725 0.0000e+00
     24.000     6.8816   3.328778    32.9088       1035     0.7181 0.0000e+00
     25.000     6.8793   3.328569    32.9083       1053     0.7309 0.0000e+00
     26.000     6.8783   3.328279    32.9056       1070     0.7421 0.0000e+00
     27.000     6.8784   3.328244    32.9046       1085     0.7530 0.0000e+00
     28.000     6.8775   3.328307    32.9057       1104     0.7659 0.0000e+00
     29.000     6.8755   3.328420    32.9084       1131     0.7850 0.0000e+00
     30.000     6.8727   3.328390    32.9102       1166     0.8092 0.0000e+00
     31.000     6.8711   3.328166    32.9088       1194     0.8285 0.0000e+00
     32.000     6.8701   3.328011    32.9076       1218     0.8448 0.0000e+00
     33.000     6.8696   3.327959    32.9071       1242     0.8616 0.0000e+00
     34.000     6.8683   3.327998    32.9082       1272     0.8826 0.0000e+00
     35.000     6.8644   3.327987    32.9114       1309     0.9083 0.0000e+00
     36.000     6.8601   3.327832    32.9133       1338     0.9285 0.0000e+00
     37.000     6.8556   3.327556    32.9141       1361     0.9444 0.0000e+00
     38.000     6.8491   3.327277    32.9168       1382     0.9590 0.0000e+00
     39.000     6.8394   3.326980    32.9223       1403     0.9737 0.0000e+00
     40.000     6.8251   3.326602    32.9314       1425     0.9890 0.0000e+00
     41.000     6.7997   3.326317    32.9521       1451     1.0073 0.0000e+00
     42.000     6.7649   3.325852    32.9801       1488     1.0325 0.0000e+00
     43.000     6.7452   3.324345    32.9819       1522     1.0565 0.0000e+00
     44.000     6.7399   3.322529    32.9665       1545     1.0722 0.0000e+00
     45.000     6.7382   3.321606    32.9575       1564     1.0852 0.0000e+00
     46.000     6.7403   3.321732    32.9564       1582     1.0979 0.0000e+00
     47.000     6.7420   3.321981    32.9570       1605     1.1137 0.0000e+00
     48.000     6.7443   3.322154    32.9563       1646     1.1421 0.0000e+00
     49.000     6.7437   3.322126    32.9561       1692     1.1742 0.0000e+00
     50.000     6.7444   3.321078    32.9433       1719     1.1929 0.0000e+00
     51.000     6.7451   3.322696    32.9600       1740     1.2077 0.0000e+00
     52.000     6.7562   3.324458    32.9682       1758     1.2203 0.0000e+00
     53.000     6.7675   3.327363    32.9888       1776     1.2325 0.0000e+00
     54.000     6.7732   3.329043    33.0013       1793     1.2445 0.0000e+00
     55.000     6.7755   3.329660    33.0054       1811     1.2573 0.0000e+00
     56.000     6.7787   3.330456    33.0105       1834     1.2727 0.0000e+00
     57.000     6.7858   3.331975    33.0200       1876     1.3018 0.0000e+00
     58.000     6.8261   3.338180    33.0488       1945     1.3497 0.0000e+00
     59.000     6.8103   3.339186    33.0747       1968     1.3657 0.0000e+00
     60.000     6.6857   3.328994    33.0822       1985     1.3779 0.0000e+00
     61.000     6.6560   3.326264    33.0803       2001     1.3890 0.0000e+00
     62.000     6.6499   3.325796    33.0806       2018     1.4008 0.0000e+00
     63.000     6.6513   3.326229    33.0835       2038     1.4144 0.0000e+00
     64.000     6.6539   3.326666    33.0853       2059     1.4294 0.0000e+00
     65.000     6.6558   3.326952    33.0861       2081     1.4444 0.0000e+00
     66.000     6.6643   3.328224    33.0914       2103     1.4598 0.0000e+00
     67.000     6.6667   3.328777    33.0947       2143     1.4878 0.0000e+00
     68.000     6.6673   3.328895    33.0950       2206     1.5315 0.0000e+00
     69.000     6.6683   3.329067    33.0954       2229     1.5472 0.0000e+00
     70.000     6.6696   3.329274    33.0959       2248     1.5604 0.0000e+00
     71.000     6.6705   3.329419    33.0962       2267     1.5735 0.0000e+00
     72.000     6.6954   3.332081    33.1010       2286     1.5870 0.0000e+00
     73.000     6.7433   3.337799    33.1172       2305     1.5998 0.0000e+00
     74.000     6.7741   3.341610    33.1289       2322     1.6121 0.0000e+00
     75.000     6.8565   3.351335    33.1557       2342     1.6254 0.0000e+00
     76.000     6.8728   3.354505    33.1743       2379     1.6511 0.0000e+00
     77.000     6.9134   3.359776    33.1924       2437     1.6914 0.0000e+00
     78.000     6.9623   3.365662    33.2093       2461     1.7080 0.0000e+00
     79.000     7.0397   3.375235    33.2388       2480     1.7215 0.0000e+00
     80.000     7.0923   3.383358    33.2763       2499     1.7348 0.0000e+00
     81.000     7.1028   3.385486    33.2890       2521     1.7500 0.0000e+00
     82.000     7.1180   3.388664    33.3084       2548     1.7688 0.0000e+00
     83.000     7.1108   3.389114    33.3198       2577     1.7887 0.0000e+00
     84.000     7.0850   3.387096    33.3223       2602     1.8064 0.0000e+00
     85.000     6.9979   3.379409    33.3219       2627     1.8234 0.0000e+00
     86.000     6.9329   3.373463    33.3193       2654     1.8427 0.0000e+00
     87.000     6.9079   3.370955    33.3155       2686     1.8644 0.0000e+00
     88.000     6.9138   3.371438    33.3146       2712     1.8828 0.0000e+00
     89.000     6.8980   3.370054    33.3142       2736     1.8992 0.0000e+00
     90.000     6.8622   3.366817    33.3129       2761     1.9167 0.0000e+00
     91.000     6.8487   3.365501    33.3110       2793     1.9390 0.0000e+00
     92.000     6.8191   3.362790    33.3094       2823     1.9601 0.0000e+00
     93.000     6.8042   3.361407    33.3083       2846     1.9760 0.0000e+00
     94.000     6.8099   3.361919    33.3079       2868     1.9910 0.0000e+00
     95.000     6.8107   3.362016    33.3076       2894     2.0091 0.0000e+00
     96.000     6.8073   3.361736    33.3073       2926     2.0311 0.0000e+00
     97.000     6.8053   3.361604    33.3074       2952     2.0490 0.0000e+00
     98.000     6.8028   3.361405    33.3071       2972     2.0632 0.0000e+00
     99.000     6.7964   3.360852    33.3067       2993     2.0776 0.0000e+00
    100.000     6.7974   3.360970    33.3066       3022     2.0980 0.0000e+00
    101.000     6.7974   3.361005    33.3065       3064     2.1271 0.0000e+00
    102.000     6.7970   3.361021    33.3065       3093     2.1473 0.0000e+00
    103.000     6.7942   3.360819    33.3066       3115     2.1622 0.0000e+00
    104.000     6.7943   3.360887    33.3068       3134     2.1759 0.0000e+00
    105.000     6.7940   3.360899    33.3066       3156     2.1911 0.0000e+00
    106.000     6.7939   3.360909    33.3064       3184     2.2107 0.0000e+00
    107.000     6.7932   3.360847    33.3059       3217     2.2331 0.0000e+00
    108.000     6.7931   3.360881    33.3059       3865     2.6835 0.0000e+00
    109.000     6.7918   3.360805    33.3058       4701     3.2637 0.0000e+00
    108.000     6.7929   3.360851    33.3057       4442     3.0842 0.0000e+00
    107.000     6.7928   3.360803    33.3059       4461     3.0972 0.0000e+00
    106.000     6.7928   3.360762    33.3059       4479     3.1098 0.0000e+00
    105.000     6.7927   3.360704    33.3058       4501     3.1253 0.0000e+00
    104.000     6.7931   3.360712    33.3060       4540     3.1519 0.0000e+00
    103.000     6.7931   3.360658    33.3059       4582     3.1814 0.0000e+00
    102.000     6.7941   3.360672    33.3055       4610     3.2005 0.0000e+00
    101.000     6.7960   3.360812    33.3057       4632     3.2158 0.0000e+00
    100.000     6.7964   3.360791    33.3056       4652     3.2300 0.0000e+00
     99.000     6.7967   3.360799    33.3059       4673     3.2445 0.0000e+00
     98.000     6.7970   3.360785    33.3059       4696     3.2607 0.0000e+00
     97.000     6.7970   3.360760    33.3061       4722     3.2787 0.0000e+00
     96.000     6.7971   3.360704    33.3059       4749     3.2975 0.0000e+00
     95.000     6.7968   3.360635    33.3059       4776     3.3159 0.0000e+00
     94.000     6.7963   3.360557    33.3061       4801     3.3334 0.0000e+00
     93.000     6.7967   3.360548    33.3061       4825     3.3503 0.0000e+00
     92.000     6.7980   3.360615    33.3061       4853     3.3692 0.0000e+00
     91.000     6.7991   3.360666    33.3060       4885     3.3919 0.0000e+00
     90.000     6.7989   3.360616    33.3062       4918     3.4147 0.0000e+00
     89.000     6.8009   3.360718    33.3058       4945     3.4336 0.0000e+00
     88.000     6.8060   3.361111    33.3057       4967     3.4487 0.0000e+00
     87.000     6.8138   3.361740    33.3056       4986     3.4615 0.0000e+00
     86.000     6.8216   3.362509    33.3069       5003     3.4738 0.0000e+00
     85.000     6.8340   3.363650    33.3079       5021     3.4863 0.0000e+00
     84.000     6.8498   3.365037    33.3084       5042     3.5007 0.0000e+00
     83.000     6.9305   3.372390    33.3112       5076     3.5246 0.0000e+00
     82.000     7.0376   3.381264    33.3054       5131     3.5622 0.0000e+00
     81.000     7.0895   3.385599    33.3030       5157     3.5806 0.0000e+00
     80.000     7.0969   3.386459    33.3057       5176     3.5937 0.0000e+00
     79.000     7.0918   3.385404    33.2996       5194     3.6059 0.0000e+00
     78.000     7.0849   3.384092    33.2925       5213     3.6193 0.0000e+00
     77.000     7.0676   3.381261    33.2787       5237     3.6362 0.0000e+00
     76.000     7.0081   3.372709    33.2431       5268     3.6574 0.0000e+00
     75.000     6.9865   3.370481    33.2401       5294     3.6758 0.0000e+00
     74.000     6.9060   3.359612    33.1992       5315     3.6902 0.0000e+00
     73.000     6.9042   3.358750    33.1921       5335     3.7041 0.0000e+00
     72.000     6.8755   3.355092    33.1801       5360     3.7213 0.0000e+00
     71.000     6.7726   3.342297    33.1394       5402     3.7510 0.0000e+00
     70.000     6.7423   3.338588    33.1283       5439     3.7764 0.0000e+00
     69.000     6.6842   3.331294    33.1046       5462     3.7922 0.0000e+00
     68.000     6.6904   3.331729    33.1038       5483     3.8067 0.0000e+00
     67.000     6.6856   3.331265    33.1039       5505     3.8224 0.0000e+00
     66.000     6.6813   3.330617    33.1014       5531     3.8401 0.0000e+00
     65.000     6.6755   3.329901    33.0996       5554     3.8561 0.0000e+00
     64.000     6.6735   3.329563    33.0983       5573     3.8692 0.0000e+00
     63.000     6.6716   3.329208    33.0967       5590     3.8812 0.0000e+00
     62.000     6.6711   3.329028    33.0957       5608     3.8938 0.0000e+00
     61.000     6.6591   3.327198    33.0876       5650     3.9226 0.0000e+00
     60.000     6.6486   3.325297    33.0773       5720     3.9715 0.0000e+00
     59.000     6.6552   3.325607    33.0748       5736     3.9824 0.0000e+00
     58.000     6.6917   3.328306    33.0697       5750     3.9924 0.0000e+00
     57.000     6.7511   3.333410    33.0692       5763     4.0016 0.0000e+00
     56.000     6.7733   3.335069    33.0665       5777     4.0109 0.0000e+00
     55.000     6.7833   3.335301    33.0599       5792     4.0215 0.0000e+00
     54.000     6.7869   3.334041    33.0430       5812     4.0358 0.0000e+00
     53.000     6.7773   3.330830    33.0174       5859     4.0677 0.0000e+00
     52.000     6.7702   3.328904    33.0037       5911     4.1041 0.0000e+00
     51.000     6.7633   3.327050    32.9904       5932     4.1184 0.0000e+00
     50.000     6.7575   3.325750    32.9821       5949     4.1307 0.0000e+00
     49.000     6.7519   3.324442    32.9737       5966     4.1426 0.0000e+00
     48.000     6.7509   3.324053    32.9708       5986     4.1563 0.0000e+00
     47.000     6.7474   3.323000    32.9630       6012     4.1744 0.0000e+00
     46.000     6.7457   3.322240    32.9568       6044     4.1963 0.0000e+00
     45.000     6.7454   3.322057    32.9556       6071     4.2156 0.0000e+00
     44.000     6.7422   3.321115    32.9488       6095     4.2321 0.0000e+00
     43.000     6.7410   3.320760    32.9465       6119     4.2488 0.0000e+00
     42.000     6.7391   3.320243    32.9431       6148     4.2687 0.0000e+00
     41.000     6.7385   3.319541    32.9365       6182     4.2923 0.0000e+00
     40.000     6.7403   3.318734    32.9263       6210     4.3115 0.0000e+00
     39.000     6.7446   3.317707    32.9114       6230     4.3260 0.0000e+00
     38.000     6.7448   3.318175    32.9169       6250     4.3393 0.0000e+00
     37.000     6.7478   3.318072    32.9133       6271     4.3540 0.0000e+00
     36.000     6.7582   3.318442    32.9079       6299     4.3739 0.0000e+00
     35.000     6.7829   3.320049    32.9023       6333     4.3973 0.0000e+00
     34.000     6.8216   3.322715    32.8950       6359     4.4150 0.0000e+00
     33.000     6.8423   3.324690    32.8974       6380     4.4299 0.0000e+00
     32.000     6.8417   3.324745    32.8989       6403     4.4456 0.0000e+00
     31.000     6.8476   3.325264    32.8995       6433     4.4664 0.0000e+00
     30.000     6.8529   3.325619    32.8988       6465     4.4890 0.0000e+00
     29.000     6.8619   3.326335    32.8986       6489     4.5057 0.0000e+00
     28.000     6.8655   3.326686    32.8995       6510     4.5204 0.0000e+00
     27.000     6.8669   3.326784    32.8996       6534     4.5365 0.0000e+00
     26.000     6.8695   3.326986    32.8998       6562     4.5565 0.0000e+00
     25.000     6.8699   3.326973    32.8998       6590     4.5758 0.0000e+00
     24.000     6.8718   3.327106    32.9000       6613     4.5918 0.0000e+00
     23.000     6.8719   3.327083    32.9001       6636     4.6078 0.0000e+00
     22.000     6.8716   3.327025    32.9002       6666     4.6281 0.0000e+00
     21.000     6.8723   3.327020    32.8999       6696     4.6491 0.0000e+00
     20.000     6.8741   3.327142    32.9001       6720     4.6656 0.0000e+00
     19.000     6.8775   3.327388    32.9000       6742     4.6811 0.0000e+00
     18.000     6.8795   3.327535    32.9002       6766     4.6982 0.0000e+00
     17.000     6.8808   3.327610    32.9002       6794     4.7173 0.0000e+00
     16.000     6.8887   3.328090    32.8984       6822     4.7365 0.0000e+00
     15.000     6.8961   3.328607    32.8975       6848     4.7551 0.0000e+00
     14.000     6.8991   3.328690    32.8960       6874     4.7729 0.0000e+00
     13.000     6.9000   3.328637    32.8950       6899     4.7901 0.0000e+00
     12.000     6.9043   3.328546    32.8904       6922     4.8064 0.0000e+00
     11.000     6.9076   3.328440    32.8866       6945     4.8223 0.0000e+00
     10.000     6.9089   3.328363    32.8849       6971     4.8402 0.0000e+00
