HB2502/ctd030.cnv
* Sea-Bird SBE 9 Data File:
* FileName = C:\cruise\data\ctd030.hex
* Software Version Seasave V 7.26.7.121
* Temperature SN = 6768
* Conductivity SN = 6166
* Number of Bytes Per Scan = 37
* Number of Voltage Words = 4
* Number of Scans Averaged by the Deck Unit = 1
* NMEA Latitude = 36 49.94 N
* NMEA Longitude = 074 38.80 W
* NMEA UTC (Time) = Mar 12 2025 13:29:23
* NMEA baud rate = 4800
** Ship: Bigelow HB2502
** Program:  Spring Bottom Trawl
** Chief Scientist:Jon Galbraith
# nquan = 7
# nvalues = 370                         
# units = specified
# name 0 = depSM: Depth [salt water, m]
# name 1 = t090C: Temperature [ITS-90, deg C]
# name 2 = c0S/m: Conductivity [S/m]
# name 3 = sal00: Salinity, Practical [PSU]
# name 4 = scan: Scan Count
# name 5 = timeM: Time, Elapsed [minutes]
# name 6 = flag: flag
# span 0 =      1.000,    187.000       
# span 1 =     7.6336,    11.5990       
# span 2 =   1.855401,   3.943104       
# span 3 =    17.5430,    35.1197       
# span 4 =        145,      11806       
# span 5 =     0.0999,     8.1982       
# span 6 = 0.0000e+00, 0.0000e+00       
# interval = meters: 1                  
# start_time = Mar 12 2025 13:29:23 [NMEA time, header]
# bad_flag = -9.990e-29
*END*
      4.000     7.7105   3.436683    33.2969        145     0.0999 0.0000e+00
      5.000     7.6728   3.416146    33.1114        306     0.2117 0.0000e+00
      6.000     7.6584   3.403361    32.9871        335     0.2320 0.0000e+00
      7.000     7.6554   3.400036    32.9536        366     0.2534 0.0000e+00
      8.000     7.6551   3.398258    32.9343        390     0.2700 0.0000e+00
      9.000     7.6525   3.398137    32.9350        409     0.2833 0.0000e+00
     10.000     7.6599   3.405802    33.0100        501     0.3470 0.0000e+00
     11.000     7.6566   3.398681    32.9360        597     0.4136 0.0000e+00
     12.000     7.6563   3.398039    32.9289        620     0.4297 0.0000e+00
     13.000     7.6544   3.397985    32.9297        645     0.4473 0.0000e+00
     14.000     7.6546   3.397942    32.9286        674     0.4673 0.0000e+00
     15.000     7.6554   3.397707    32.9248        704     0.4880 0.0000e+00
     16.000     7.6534   3.397643    32.9256        733     0.5081 0.0000e+00
     17.000     7.6459   3.397492    32.9305        761     0.5274 0.0000e+00
     18.000     7.6373   3.397062    32.9335        788     0.5467 0.0000e+00
     19.000     7.6339   3.396591    32.9312        815     0.5651 0.0000e+00
     20.000     7.6336   3.396545    32.9305        840     0.5824 0.0000e+00
     21.000     7.6592   3.396815    32.9088        865     0.5998 0.0000e+00
     22.000     7.6843   3.396633    32.8826        891     0.6178 0.0000e+00
     23.000     7.7023   3.397818    32.8779        917     0.6360 0.0000e+00
     24.000     7.7243   3.400930    32.8900        943     0.6543 0.0000e+00
     25.000     7.7342   3.402990    32.9023        970     0.6728 0.0000e+00
     26.000     7.7349   3.403785    32.9097        998     0.6921 0.0000e+00
     27.000     7.7389   3.404155    32.9094       1025     0.7114 0.0000e+00
     28.000     7.7729   3.404355    32.8790       1052     0.7296 0.0000e+00
     29.000     7.8101   3.404172    32.8415       1077     0.7470 0.0000e+00
     30.000     7.8715   3.405916    32.8019       1102     0.7648 0.0000e+00
     31.000     7.9304   3.414104    32.8336       1130     0.7843 0.0000e+00
     32.000     7.9540   3.418949    32.8627       1160     0.8046 0.0000e+00
     33.000     7.9608   3.422082    32.8892       1188     0.8240 0.0000e+00
     34.000     7.9614   3.423808    32.9066       1214     0.8421 0.0000e+00
     35.000     7.9589   3.424596    32.9169       1238     0.8592 0.0000e+00
     36.000     7.9525   3.425347    32.9305       1262     0.8760 0.0000e+00
     37.000     7.9216   3.425725    32.9632       1287     0.8934 0.0000e+00
     38.000     7.8420   3.425579    33.0364       1314     0.9117 0.0000e+00
     39.000     7.8125   3.423119    33.0375       1342     0.9310 0.0000e+00
     40.000     7.8484   3.420528    32.9753       1370     0.9504 0.0000e+00
     41.000     7.8932   3.420830    32.9358       1397     0.9695 0.0000e+00
     42.000     7.9187   3.423099    32.9355       1425     0.9890 0.0000e+00
     43.000     7.9321   3.425162    32.9444       1452     1.0079 0.0000e+00
     44.000     7.9550   3.426779    32.9397       1477     1.0249 0.0000e+00
     45.000     8.0475   3.429079    32.8767       1499     1.0406 0.0000e+00
     46.000     8.1905   3.433644    32.7908       1523     1.0572 0.0000e+00
     47.000     8.3904   3.450464    32.7817       1552     1.0774 0.0000e+00
     48.000     8.9298   3.505913    32.8616       1584     1.0990 0.0000e+00
     49.000     9.6572   3.590651    33.0651       1613     1.1196 0.0000e+00
     50.000     9.9583   3.640539    33.2968       1641     1.1390 0.0000e+00
     51.000    10.0629   3.664265    33.4409       1666     1.1564 0.0000e+00
     52.000    10.2040   3.688726    33.5580       1689     1.1720 0.0000e+00
     53.000    10.2740   3.703347    33.6406       1711     1.1872 0.0000e+00
     54.000    10.2942   3.709558    33.6843       1735     1.2044 0.0000e+00
     55.000    10.3132   3.713569    33.7068       1765     1.2252 0.0000e+00
     56.000    10.3622   3.719357    33.7193       1796     1.2468 0.0000e+00
     57.000    10.4318   3.728718    33.7487       1823     1.2653 0.0000e+00
     58.000    10.4623   3.732746    33.7605       1849     1.2832 0.0000e+00
     59.000    10.5035   3.738262    33.7774       1875     1.3013 0.0000e+00
     60.000    10.5114   3.739791    33.7850       1901     1.3191 0.0000e+00
     61.000    10.5721   3.746369    33.7945       1926     1.3366 0.0000e+00
     62.000    10.7338   3.766524    33.8462       1952     1.3548 0.0000e+00
     63.000    10.7474   3.768933    33.8574       1980     1.3745 0.0000e+00
     64.000    10.7440   3.768916    33.8599       2010     1.3949 0.0000e+00
     65.000    10.7818   3.772516    33.8604       2037     1.4140 0.0000e+00
     66.000    11.3155   3.837117    34.0090       2060     1.4302 0.0000e+00
     67.000    11.5990   3.874952    34.1199       2082     1.4449 0.0000e+00
     68.000    11.0380   3.820969    34.1038       2104     1.4603 0.0000e+00
     69.000    10.4169   3.750612    33.9779       2131     1.4793 0.0000e+00
     70.000    10.3434   3.741757    33.9568       2167     1.5040 0.0000e+00
     71.000    10.3462   3.742237    33.9586       2199     1.5264 0.0000e+00
     72.000    10.3902   3.747123    33.9663       2225     1.5441 0.0000e+00
     73.000    10.4485   3.753887    33.9797       2248     1.5607 0.0000e+00
     74.000    10.7273   3.785657    34.0385       2272     1.5770 0.0000e+00
     75.000    10.8632   3.802523    34.0804       2296     1.5936 0.0000e+00
     76.000    10.9770   3.815655    34.1050       2320     1.6105 0.0000e+00
     77.000    11.0464   3.824380    34.1270       2345     1.6280 0.0000e+00
     78.000    11.0987   3.831066    34.1444       2371     1.6462 0.0000e+00
     79.000    11.2366   3.850547    34.2091       2399     1.6656 0.0000e+00
     80.000    11.1292   3.841174    34.2156       2430     1.6871 0.0000e+00
     81.000    10.6375   3.788838    34.1511       2463     1.7096 0.0000e+00
     82.000    10.5210   3.775038    34.1210       2492     1.7297 0.0000e+00
     83.000    10.5338   3.776959    34.1279       2516     1.7464 0.0000e+00
     84.000    10.5505   3.779114    34.1335       2536     1.7607 0.0000e+00
     85.000    10.5863   3.783373    34.1424       2556     1.7745 0.0000e+00
     86.000    10.6641   3.792900    34.1648       2578     1.7895 0.0000e+00
     87.000    10.8406   3.816072    34.2315       2606     1.8090 0.0000e+00
     88.000    10.8553   3.819703    34.2536       2644     1.8356 0.0000e+00
     89.000    10.7696   3.811261    34.2488       2680     1.8602 0.0000e+00
     90.000    10.6190   3.796680    34.2433       2705     1.8777 0.0000e+00
     91.000    10.5795   3.792947    34.2424       2725     1.8920 0.0000e+00
     92.000    10.5542   3.790330    34.2393       2745     1.9055 0.0000e+00
     93.000    10.5263   3.787414    34.2357       2766     1.9201 0.0000e+00
     94.000    10.4644   3.781212    34.2309       2791     1.9377 0.0000e+00
     95.000    10.4394   3.779775    34.2395       2824     1.9606 0.0000e+00
     96.000    10.4327   3.779657    34.2442       2859     1.9851 0.0000e+00
     97.000    10.4390   3.780596    34.2473       2887     2.0042 0.0000e+00
     98.000    10.4601   3.783080    34.2520       2909     2.0198 0.0000e+00
     99.000    10.5096   3.788938    34.2641       2932     2.0351 0.0000e+00
    100.000    10.5543   3.794576    34.2784       2956     2.0518 0.0000e+00
    101.000    10.6718   3.809482    34.3174       2982     2.0699 0.0000e+00
    102.000    10.6988   3.814204    34.3390       3008     2.0884 0.0000e+00
    103.000    10.6722   3.812522    34.3466       3035     2.1072 0.0000e+00
    104.000    10.7544   3.823105    34.3751       3064     2.1274 0.0000e+00
    105.000    10.7334   3.821388    34.3772       3095     2.1487 0.0000e+00
    106.000    10.7477   3.823712    34.3865       3125     2.1692 0.0000e+00
    107.000    10.9666   3.850819    34.4515       3149     2.1864 0.0000e+00
    108.000    11.0595   3.862524    34.4805       3171     2.2011 0.0000e+00
    109.000    11.4261   3.909087    34.5981       3191     2.2155 0.0000e+00
    110.000    11.3461   3.901845    34.6011       3214     2.2313 0.0000e+00
    111.000    11.2968   3.896504    34.5940       3243     2.2516 0.0000e+00
    112.000    11.1950   3.885329    34.5783       3279     2.2764 0.0000e+00
    113.000    11.1748   3.883093    34.5746       3310     2.2978 0.0000e+00
    114.000    11.1586   3.881690    34.5754       3335     2.3156 0.0000e+00
    115.000    11.1738   3.883853    34.5822       3359     2.3318 0.0000e+00
    116.000    11.1846   3.885217    34.5851       3382     2.3477 0.0000e+00
    117.000    11.1869   3.885449    34.5849       3405     2.3642 0.0000e+00
    118.000    11.1969   3.886639    34.5868       3432     2.3825 0.0000e+00
    119.000    11.1956   3.886760    34.5888       3461     2.4024 0.0000e+00
    120.000    11.1985   3.887516    34.5932       3489     2.4223 0.0000e+00
    121.000    11.1193   3.880349    34.5959       3515     2.4406 0.0000e+00
    122.000    11.0920   3.880225    34.6200       3540     2.4576 0.0000e+00
    123.000    11.1176   3.887053    34.6633       3565     2.4748 0.0000e+00
    124.000    11.1111   3.888363    34.6820       3593     2.4943 0.0000e+00
    125.000    11.1119   3.889094    34.6880       3623     2.5152 0.0000e+00
    126.000    11.1106   3.889040    34.6883       3651     2.5345 0.0000e+00
    127.000    11.1110   3.889238    34.6894       3676     2.5518 0.0000e+00
    128.000    11.1123   3.889504    34.6904       3700     2.5684 0.0000e+00
    129.000    11.1173   3.890657    34.6968       3725     2.5859 0.0000e+00
    130.000    11.1189   3.891279    34.7010       3752     2.6048 0.0000e+00
    131.000    11.1185   3.891992    34.7081       3780     2.6243 0.0000e+00
    132.000    11.1269   3.894345    34.7230       3806     2.6424 0.0000e+00
    133.000    11.1361   3.895967    34.7301       3831     2.6599 0.0000e+00
    134.000    11.1429   3.897312    34.7365       3858     2.6787 0.0000e+00
    135.000    11.1457   3.897901    34.7393       3887     2.6989 0.0000e+00
    136.000    11.1469   3.898160    34.7403       3914     2.7176 0.0000e+00
    137.000    11.1483   3.898470    34.7416       3939     2.7345 0.0000e+00
    138.000    11.1588   3.900544    34.7519       3963     2.7514 0.0000e+00
    139.000    11.1638   3.902044    34.7617       3989     2.7697 0.0000e+00
    140.000    11.1794   3.904914    34.7750       4018     2.7896 0.0000e+00
    141.000    11.2457   3.915005    34.8122       4047     2.8094 0.0000e+00
    142.000    11.3077   3.923386    34.8363       4073     2.8276 0.0000e+00
    143.000    11.3964   3.934372    34.8609       4097     2.8445 0.0000e+00
    144.000    11.4273   3.938902    34.8761       4121     2.8614 0.0000e+00
    145.000    11.4424   3.942940    34.9012       4148     2.8801 0.0000e+00
    146.000    11.4270   3.943104    34.9170       4177     2.9002 0.0000e+00
    147.000    11.3664   3.939519    34.9383       4204     2.9189 0.0000e+00
    148.000    11.3248   3.938370    34.9659       4230     2.9365 0.0000e+00
    149.000    11.2864   3.936169    34.9800       4257     2.9555 0.0000e+00
    150.000    11.2492   3.932575    34.9792       4286     2.9760 0.0000e+00
    151.000    11.2323   3.930908    34.9783       4313     2.9944 0.0000e+00
    152.000    11.1860   3.927025    34.9832       4336     3.0105 0.0000e+00
    153.000    11.0318   3.913500    34.9946       4359     3.0262 0.0000e+00
    154.000    10.9835   3.909015    34.9954       4385     3.0444 0.0000e+00
    155.000    10.9604   3.907163    34.9985       4416     3.0660 0.0000e+00
    156.000    10.9442   3.906046    35.0023       4446     3.0871 0.0000e+00
    157.000    10.9360   3.905480    35.0040       4472     3.1045 0.0000e+00
    158.000    10.8377   3.897945    35.0220       4494     3.1202 0.0000e+00
    159.000    10.8298   3.897224    35.0219       4517     3.1363 0.0000e+00
    160.000    10.8000   3.895092    35.0286       4543     3.1544 0.0000e+00
    161.000    10.6357   3.882430    35.0583       4572     3.1742 0.0000e+00
    162.000    10.5818   3.877883    35.0638       4599     3.1932 0.0000e+00
    163.000    10.5118   3.872172    35.0730       4626     3.2119 0.0000e+00
    164.000    10.4107   3.864110    35.0883       4655     3.2318 0.0000e+00
    165.000    10.3515   3.858913    35.0923       4685     3.2530 0.0000e+00
    166.000    10.2682   3.851719    35.0993       4714     3.2729 0.0000e+00
    167.000    10.1489   3.841428    35.1095       4739     3.2900 0.0000e+00
    168.000    10.0952   3.836686    35.1128       4761     3.3052 0.0000e+00
    169.000    10.0617   3.833730    35.1146       4782     3.3200 0.0000e+00
    170.000    10.0378   3.831637    35.1159       4804     3.3356 0.0000e+00
    171.000    10.0227   3.830279    35.1162       4831     3.3540 0.0000e+00
    172.000    10.0148   3.829553    35.1160       4864     3.3769 0.0000e+00
    173.000    10.0082   3.828996    35.1162       4898     3.4008 0.0000e+00
    174.000     9.9975   3.828200    35.1180       4927     3.4205 0.0000e+00
    175.000     9.9992   3.828372    35.1176       4951     3.4377 0.0000e+00
    176.000    10.0014   3.828498    35.1164       4975     3.4545 0.0000e+00
    177.000    10.0019   3.828518    35.1156       5000     3.4715 0.0000e+00
    178.000     9.9979   3.828365    35.1175       5024     3.4883 0.0000e+00
    179.000     9.9984   3.828422    35.1172       5048     3.5050 0.0000e+00
    180.000     9.9959   3.828262    35.1174       5074     3.5228 0.0000e+00
    181.000     9.9830   3.827262    35.1192       5103     3.5434 0.0000e+00
    182.000     9.9807   3.827130    35.1197       5134     3.5644 0.0000e+00
    183.000     9.9801   3.827085    35.1193       5160     3.5827 0.0000e+00
    184.000     9.9776   3.826912    35.1195       5185     3.6000 0.0000e+00
    185.000     9.9701   3.826237    35.1195       5211     3.6184 0.0000e+00
    186.000     9.9625   3.825459    35.1184       5240     3.6383 0.0000e+00
    187.000     9.9647   3.825612    35.1174       5531     3.8400 0.0000e+00
    186.000     9.9681   3.825726    35.1157       6144     4.2661 0.0000e+00
    185.000     9.9682   3.825732    35.1161       6188     4.2968 0.0000e+00
    184.000     9.9700   3.825864    35.1162       6208     4.3104 0.0000e+00
    183.000     9.9727   3.826079    35.1163       6232     4.3274 0.0000e+00
    182.000     9.9749   3.826210    35.1158       6260     4.3464 0.0000e+00
    181.000     9.9772   3.826352    35.1156       6292     4.3684 0.0000e+00
    180.000     9.9783   3.826395    35.1154       6323     4.3905 0.0000e+00
    179.000     9.9800   3.826486    35.1152       6350     4.4088 0.0000e+00
    178.000     9.9830   3.826691    35.1148       6373     4.4247 0.0000e+00
    177.000     9.9893   3.827140    35.1137       6395     4.4400 0.0000e+00
    176.000     9.9953   3.827614    35.1133       6417     4.4553 0.0000e+00
    175.000    10.0033   3.828120    35.1111       6439     4.4708 0.0000e+00
    174.000    10.0125   3.828788    35.1095       6462     4.4867 0.0000e+00
    173.000    10.0180   3.829145    35.1082       6488     4.5046 0.0000e+00
    172.000    10.0263   3.829740    35.1067       6519     4.5261 0.0000e+00
    171.000    10.0250   3.829619    35.1073       6553     4.5501 0.0000e+00
    170.000    10.0324   3.830126    35.1057       6584     4.5715 0.0000e+00
    169.000    10.0420   3.830902    35.1048       6608     4.5885 0.0000e+00
    168.000    10.0495   3.831498    35.1041       6629     4.6028 0.0000e+00
    167.000    10.0615   3.832466    35.1028       6648     4.6163 0.0000e+00
    166.000    10.0866   3.834461    35.0992       6668     4.6300 0.0000e+00
