HB2502/ctd045.cnv
* Sea-Bird SBE 9 Data File:
* FileName = C:\cruise\data\ctd045.hex
* Software Version Seasave V 7.26.7.121
* Temperature SN = 6768
* Conductivity SN = 6166
* Number of Bytes Per Scan = 37
* Number of Voltage Words = 4
* Number of Scans Averaged by the Deck Unit = 1
* NMEA Latitude = 34 56.03 N
* NMEA Longitude = 075 45.49 W
* NMEA UTC (Time) = Mar 14 2025 05:30:54
* NMEA baud rate = 4800
** Ship: Bigelow HB2502
** Program:  Spring Bottom Trawl
** Chief Scientist:Jon Galbraith
# nquan = 7
# nvalues = 44                          
# units = specified
# name 0 = depSM: Depth [salt water, m]
# name 1 = t090C: Temperature [ITS-90, deg C]
# name 2 = c0S/m: Conductivity [S/m]
# name 3 = sal00: Salinity, Practical [PSU]
# name 4 = scan: Scan Count
# name 5 = timeM: Time, Elapsed [minutes]
# name 6 = flag: flag
# span 0 =      1.000,     24.000       
# span 1 =    18.7519,    19.3390       
# span 2 =   4.342784,   4.890693       
# span 3 =    32.2079,    36.4153       
# span 4 =        148,       2816       
# span 5 =     0.1022,     1.9545       
# span 6 = 0.0000e+00, 0.0000e+00       
# interval = meters: 1                  
# start_time = Mar 14 2025 05:30:54 [NMEA time, header]
# bad_flag = -9.990e-29
*END*
      4.000    18.7519   4.796485    36.1037        148     0.1022 0.0000e+00
      5.000    19.2910   4.849365    36.0774        292     0.2023 0.0000e+00
      6.000    19.3226   4.874927    36.2633        330     0.2282 0.0000e+00
      7.000    19.3269   4.879566    36.2979        366     0.2535 0.0000e+00
      8.000    19.3247   4.881857    36.3186        403     0.2789 0.0000e+00
      9.000    19.3279   4.882754    36.3229        434     0.3007 0.0000e+00
     10.000    19.3314   4.885993    36.3465        461     0.3197 0.0000e+00
     11.000    19.3284   4.886700    36.3547        489     0.3386 0.0000e+00
     12.000    19.3296   4.886673    36.3531        517     0.3583 0.0000e+00
     13.000    19.3341   4.887460    36.3553        544     0.3771 0.0000e+00
     14.000    19.3328   4.888054    36.3611        572     0.3962 0.0000e+00
     15.000    19.3325   4.887553    36.3568        602     0.4176 0.0000e+00
     16.000    19.3344   4.888099    36.3593        635     0.4399 0.0000e+00
     17.000    19.3376   4.889656    36.3691        665     0.4609 0.0000e+00
     18.000    19.3380   4.890225    36.3732        693     0.4807 0.0000e+00
     19.000    19.3379   4.890471    36.3749        722     0.5005 0.0000e+00
     20.000    19.3358   4.890306    36.3749        751     0.5208 0.0000e+00
     21.000    19.3364   4.890238    36.3735        781     0.5419 0.0000e+00
     22.000    19.3379   4.890693    36.3757        812     0.5633 0.0000e+00
     23.000    19.3390   4.890477    36.3725        843     0.5844 0.0000e+00
     24.000    19.3382   4.886707    36.3413        865     0.6002 0.0000e+00
     23.000    19.2745   4.882691    36.3637       1654     1.1478 0.0000e+00
     22.000    19.2661   4.885769    36.3972       1816     1.2606 0.0000e+00
     21.000    19.2631   4.886005    36.4023       1842     1.2782 0.0000e+00
     20.000    19.2643   4.886053    36.4020       1866     1.2950 0.0000e+00
     19.000    19.2551   4.886194    36.4116       1892     1.3133 0.0000e+00
     18.000    19.2516   4.886220    36.4153       1919     1.3320 0.0000e+00
     17.000    19.2521   4.886073    36.4140       1945     1.3498 0.0000e+00
     16.000    19.2532   4.886064    36.4133       1969     1.3667 0.0000e+00
     15.000    19.2533   4.886038    36.4134       1993     1.3832 0.0000e+00
     14.000    19.2525   4.883924    36.3968       2019     1.4013 0.0000e+00
     13.000    19.2525   4.881565    36.3774       2049     1.4221 0.0000e+00
     12.000    19.2351   4.877934    36.3626       2078     1.4423 0.0000e+00
     11.000    19.2137   4.872123    36.3330       2102     1.4589 0.0000e+00
     10.000    19.1771   4.868983    36.3391       2124     1.4742 0.0000e+00
      9.000    19.1177   4.867031    36.3752       2147     1.4906 0.0000e+00
      8.000    19.0942   4.865727    36.3853       2175     1.5097 0.0000e+00
      7.000    19.0887   4.862384    36.3624       2204     1.5295 0.0000e+00
      6.000    19.0743   4.858945    36.3465       2232     1.5490 0.0000e+00
      5.000    18.9992   4.854521    36.3756       2260     1.5687 0.0000e+00
      4.000    18.9551   4.845377    36.3377       2288     1.5883 0.0000e+00
      3.000    19.2220   4.854321    36.1797       2508     1.7408 0.0000e+00
      2.000    19.0714   4.861340    36.3708       2685     1.8640 0.0000e+00
      1.000    19.2363   4.342784    32.2079       2816     1.9545 0.0000e+00
