HB2502/ctd005.cnv
* Sea-Bird SBE 9 Data File:
* FileName = C:\cruise\data\ctd005.hex
* Software Version Seasave V 7.26.7.121
* Temperature SN = 6768
* Conductivity SN = 6166
* Number of Bytes Per Scan = 37
* Number of Voltage Words = 4
* Number of Scans Averaged by the Deck Unit = 1
* NMEA Latitude = 39 17.78 N
* NMEA Longitude = 074 10.64 W
* NMEA UTC (Time) = Mar 08 2025 16:09:07
* NMEA baud rate = 4800
** Ship: Bigelow HB2502
** Program:  Spring Bottom Trawl
** Chief Scientist:Jon Galbraith
# nquan = 7
# nvalues = 41                          
# units = specified
# name 0 = depSM: Depth [salt water, m]
# name 1 = t090C: Temperature [ITS-90, deg C]
# name 2 = c0S/m: Conductivity [S/m]
# name 3 = sal00: Salinity, Practical [PSU]
# name 4 = scan: Scan Count
# name 5 = timeM: Time, Elapsed [minutes]
# name 6 = flag: flag
# span 0 =      1.000,     22.000       
# span 1 =     4.9471,     5.1168       
# span 2 =   2.972469,   3.171601       
# span 3 =    30.6923,    33.0065       
# span 4 =        131,       2186       
# span 5 =     0.0901,     1.5171       
# span 6 = 0.0000e+00, 0.0000e+00       
# interval = meters: 1                  
# start_time = Mar 08 2025 16:09:07 [NMEA time, header]
# bad_flag = -9.990e-29
*END*
      3.000     4.9801   3.171601    33.0065        131     0.0901 0.0000e+00
      4.000     4.9664   3.152851    32.8035        338     0.2342 0.0000e+00
      5.000     4.9630   3.145286    32.7192        355     0.2462 0.0000e+00
      6.000     4.9511   3.143487    32.7096        379     0.2626 0.0000e+00
      7.000     4.9563   3.142425    32.6918        406     0.2810 0.0000e+00
      8.000     4.9609   3.142836    32.6915        434     0.3004 0.0000e+00
      9.000     4.9623   3.143049    32.6921        461     0.3192 0.0000e+00
     10.000     4.9592   3.142721    32.6908        487     0.3376 0.0000e+00
     11.000     4.9521   3.142452    32.6941        514     0.3565 0.0000e+00
     12.000     4.9489   3.141865    32.6901        542     0.3755 0.0000e+00
     13.000     4.9518   3.141960    32.6878        568     0.3939 0.0000e+00
     14.000     4.9553   3.141874    32.6829        593     0.4114 0.0000e+00
     15.000     4.9471   3.141939    32.6911        619     0.4291 0.0000e+00
     16.000     4.9494   3.141915    32.6881        646     0.4480 0.0000e+00
     17.000     4.9539   3.141460    32.6779        674     0.4676 0.0000e+00
     18.000     4.9560   3.141915    32.6806        700     0.4853 0.0000e+00
     19.000     4.9642   3.142006    32.6731        724     0.5021 0.0000e+00
     20.000     4.9642   3.142118    32.6739        752     0.5214 0.0000e+00
     21.000     4.9664   3.142505    32.6757        783     0.5431 0.0000e+00
     22.000     4.9695   3.142904    32.6767        798     0.5536 0.0000e+00
     21.000     4.9728   3.146570    32.7161       1401     0.9722 0.0000e+00
     20.000     4.9752   3.145022    32.6965       1440     0.9992 0.0000e+00
     19.000     4.9705   3.145191    32.7035       1465     1.0163 0.0000e+00
     18.000     4.9722   3.144765    32.6975       1488     1.0329 0.0000e+00
     17.000     4.9778   3.144270    32.6867       1511     1.0488 0.0000e+00
     16.000     4.9842   3.143883    32.6765       1536     1.0658 0.0000e+00
     15.000     4.9915   3.143880    32.6699       1564     1.0852 0.0000e+00
     14.000     4.9941   3.143903    32.6681       1592     1.1049 0.0000e+00
     13.000     4.9922   3.143822    32.6696       1617     1.1220 0.0000e+00
     12.000     4.9917   3.143965    32.6722       1639     1.1378 0.0000e+00
     11.000     4.9924   3.145366    32.6881       1664     1.1545 0.0000e+00
     10.000     4.9939   3.146966    32.7056       1691     1.1736 0.0000e+00
      9.000     5.0075   3.149005    32.7162       1720     1.1940 0.0000e+00
      8.000     5.0255   3.151117    32.7232       1747     1.2126 0.0000e+00
      7.000     5.0513   3.152065    32.7093       1771     1.2292 0.0000e+00
      6.000     5.0700   3.152093    32.6918       1795     1.2460 0.0000e+00
      5.000     5.0828   3.154201    32.7040       1821     1.2638 0.0000e+00
      4.000     5.1092   3.155949    32.6986       1845     1.2807 0.0000e+00
      3.000     4.9508   3.150726    32.7948       2068     1.4351 0.0000e+00
      2.000     5.0574   3.153388    32.7211       2141     1.4860 0.0000e+00
      1.000     5.1168   2.972469    30.6923       2186     1.5171 0.0000e+00
