HB2502/ctd035.cnv
* Sea-Bird SBE 9 Data File:
* FileName = C:\cruise\data\ctd035.hex
* Software Version Seasave V 7.26.7.121
* Temperature SN = 6768
* Conductivity SN = 6166
* Number of Bytes Per Scan = 37
* Number of Voltage Words = 4
* Number of Scans Averaged by the Deck Unit = 1
* NMEA Latitude = 36 04.31 N
* NMEA Longitude = 074 47.70 W
* NMEA UTC (Time) = Mar 13 2025 04:16:46
* NMEA baud rate = 4800
** Ship: Bigelow HB2502
** Program:  Spring Bottom Trawl
** Chief Scientist:Jon Galbraith
# nquan = 7
# nvalues = 346                         
# units = specified
# name 0 = depSM: Depth [salt water, m]
# name 1 = t090C: Temperature [ITS-90, deg C]
# name 2 = c0S/m: Conductivity [S/m]
# name 3 = sal00: Salinity, Practical [PSU]
# name 4 = scan: Scan Count
# name 5 = timeM: Time, Elapsed [minutes]
# name 6 = flag: flag
# span 0 =      1.000,    175.000       
# span 1 =     7.2155,    13.1178       
# span 2 =   2.405498,   4.106459       
# span 3 =    23.0381,    35.1192       
# span 4 =        149,      11379       
# span 5 =     0.1025,     7.9012       
# span 6 = 0.0000e+00, 0.0000e+00       
# interval = meters: 1                  
# start_time = Mar 13 2025 04:16:46 [NMEA time, header]
# bad_flag = -9.990e-29
*END*
      4.000     7.5331   3.438945    33.4918        149     0.1025 0.0000e+00
      5.000     7.5044   3.391629    33.0074        272     0.1885 0.0000e+00
      6.000     7.5035   3.378668    32.8678        292     0.2024 0.0000e+00
      7.000     7.4972   3.376675    32.8517        319     0.2210 0.0000e+00
      8.000     7.4999   3.377997    32.8630        351     0.2427 0.0000e+00
      9.000     7.4971   3.375681    32.8402        379     0.2623 0.0000e+00
     10.000     7.4978   3.383310    32.9214        436     0.3020 0.0000e+00
     11.000     7.4969   3.385653    32.9471        550     0.3815 0.0000e+00
     12.000     7.4751   3.375218    32.8546        587     0.4070 0.0000e+00
     13.000     7.4128   3.370640    32.8637        620     0.4301 0.0000e+00
     14.000     7.4289   3.367927    32.8186        648     0.4495 0.0000e+00
     15.000     7.4482   3.368070    32.8014        675     0.4680 0.0000e+00
     16.000     7.4248   3.372769    32.8739        699     0.4845 0.0000e+00
     17.000     7.3664   3.373778    32.9398        722     0.5006 0.0000e+00
     18.000     7.3067   3.368778    32.9420        746     0.5175 0.0000e+00
     19.000     7.2676   3.362670    32.9124        773     0.5364 0.0000e+00
     20.000     7.2510   3.358066    32.8777        802     0.5566 0.0000e+00
     21.000     7.2495   3.360845    32.9089        833     0.5776 0.0000e+00
     22.000     7.2564   3.365819    32.9559        862     0.5982 0.0000e+00
     23.000     7.2600   3.359671    32.8852        889     0.6165 0.0000e+00
     24.000     7.2601   3.356984    32.8555        912     0.6327 0.0000e+00
     25.000     7.2609   3.355639    32.8396        935     0.6484 0.0000e+00
     26.000     7.2609   3.355430    32.8369        959     0.6652 0.0000e+00
     27.000     7.2509   3.355595    32.8477        988     0.6852 0.0000e+00
     28.000     7.2155   3.354966    32.8740       1019     0.7068 0.0000e+00
     29.000     7.2366   3.353258    32.8349       1046     0.7259 0.0000e+00
     30.000     7.3953   3.355419    32.7076       1071     0.7427 0.0000e+00
     31.000     7.6386   3.366784    32.6006       1096     0.7606 0.0000e+00
     32.000     7.7656   3.379692    32.6197       1125     0.7807 0.0000e+00
     33.000     7.9648   3.394758    32.5942       1153     0.8003 0.0000e+00
     34.000     8.2788   3.410584    32.4702       1179     0.8184 0.0000e+00
     35.000     8.4312   3.434264    32.5787       1203     0.8345 0.0000e+00
     36.000     8.5607   3.451369    32.6384       1225     0.8503 0.0000e+00
     37.000     8.7523   3.458787    32.5391       1252     0.8689 0.0000e+00
     38.000     9.0442   3.469717    32.3856       1285     0.8918 0.0000e+00
     39.000     9.5257   3.485282    32.1111       1318     0.9143 0.0000e+00
     40.000     9.9393   3.521027    32.1051       1345     0.9331 0.0000e+00
     41.000    10.1291   3.570172    32.4324       1367     0.9483 0.0000e+00
     42.000    10.5018   3.603688    32.4361       1386     0.9621 0.0000e+00
     43.000    10.6968   3.627187    32.4966       1408     0.9774 0.0000e+00
     44.000    10.7761   3.648775    32.6405       1436     0.9968 0.0000e+00
     45.000    11.0072   3.697732    32.9193       1469     1.0193 0.0000e+00
     46.000    11.2275   3.757613    33.3128       1502     1.0423 0.0000e+00
     47.000    11.3720   3.803562    33.6345       1531     1.0625 0.0000e+00
     48.000    11.4354   3.826736    33.8044       1555     1.0789 0.0000e+00
     49.000    11.5117   3.844619    33.9100       1577     1.0944 0.0000e+00
     50.000    11.6450   3.868080    34.0177       1600     1.1106 0.0000e+00
     51.000    11.6785   3.883474    34.1374       1625     1.1279 0.0000e+00
     52.000    11.6831   3.888244    34.1795       1651     1.1460 0.0000e+00
     53.000    11.6822   3.890556    34.2025       1679     1.1655 0.0000e+00
     54.000    11.6705   3.891264    34.2199       1713     1.1886 0.0000e+00
     55.000    11.3862   3.865683    34.2306       1744     1.2105 0.0000e+00
     56.000    11.1685   3.841499    34.1929       1768     1.2274 0.0000e+00
     57.000    11.2085   3.845291    34.1929       1789     1.2417 0.0000e+00
     58.000    11.2363   3.849270    34.2061       1809     1.2558 0.0000e+00
     59.000    11.2098   3.847558    34.2133       1834     1.2731 0.0000e+00
     60.000    11.1173   3.838480    34.2087       1869     1.2971 0.0000e+00
     61.000    11.0133   3.827612    34.1971       1901     1.3197 0.0000e+00
     62.000    11.0072   3.826713    34.1934       1927     1.3375 0.0000e+00
     63.000    11.0537   3.832244    34.2047       1952     1.3547 0.0000e+00
     64.000    11.0857   3.836535    34.2171       1977     1.3720 0.0000e+00
     65.000    11.0830   3.836657    34.2203       2001     1.3889 0.0000e+00
     66.000    11.0698   3.835776    34.2234       2027     1.4070 0.0000e+00
     67.000    11.0523   3.834544    34.2270       2055     1.4261 0.0000e+00
     68.000    11.0242   3.832547    34.2329       2082     1.4450 0.0000e+00
     69.000    10.9715   3.827964    34.2360       2108     1.4634 0.0000e+00
     70.000    10.8757   3.819620    34.2418       2136     1.4825 0.0000e+00
     71.000    10.8303   3.815243    34.2400       2167     1.5040 0.0000e+00
     72.000    10.8288   3.815208    34.2406       2196     1.5241 0.0000e+00
     73.000    10.8114   3.813841    34.2427       2219     1.5404 0.0000e+00
     74.000    10.7770   3.811201    34.2481       2242     1.5559 0.0000e+00
     75.000    10.8466   3.821350    34.2840       2266     1.5727 0.0000e+00
     76.000    11.0609   3.847162    34.3406       2293     1.5915 0.0000e+00
     77.000    11.5898   3.909011    34.4585       2320     1.6105 0.0000e+00
     78.000    11.9524   3.954497    34.5670       2348     1.6299 0.0000e+00
     79.000    12.3713   4.005494    34.6735       2377     1.6499 0.0000e+00
     80.000    12.8256   4.062508    34.8019       2404     1.6687 0.0000e+00
     81.000    12.9404   4.078854    34.8521       2430     1.6865 0.0000e+00
     82.000    12.9706   4.083382    34.8670       2457     1.7054 0.0000e+00
     83.000    12.9847   4.085796    34.8767       2486     1.7256 0.0000e+00
     84.000    13.0099   4.089320    34.8866       2513     1.7446 0.0000e+00
     85.000    13.0179   4.090802    34.8930       2537     1.7612 0.0000e+00
     86.000    13.0423   4.094347    34.9038       2560     1.7773 0.0000e+00
     87.000    13.1042   4.103312    34.9317       2585     1.7942 0.0000e+00
     88.000    13.1178   4.106459    34.9487       2613     1.8141 0.0000e+00
     89.000    13.1043   4.105352    34.9501       2646     1.8370 0.0000e+00
     90.000    13.0689   4.101786    34.9485       2675     1.8567 0.0000e+00
     91.000    13.0371   4.098700    34.9479       2698     1.8727 0.0000e+00
     92.000    13.0146   4.096405    34.9464       2721     1.8890 0.0000e+00
     93.000    13.0130   4.096526    34.9486       2750     1.9087 0.0000e+00
     94.000    12.9954   4.094791    34.9478       2778     1.9288 0.0000e+00
     95.000    12.9758   4.092712    34.9457       2805     1.9471 0.0000e+00
     96.000    12.7415   4.066691    34.9129       2831     1.9654 0.0000e+00
     97.000    12.3102   4.018005    34.8436       2859     1.9847 0.0000e+00
     98.000    12.1640   4.000822    34.8125       2886     2.0035 0.0000e+00
     99.000    12.0538   3.988461    34.7946       2911     2.0210 0.0000e+00
    100.000    11.9641   3.978834    34.7839       2936     2.0383 0.0000e+00
    101.000    11.6448   3.947415    34.7744       2963     2.0570 0.0000e+00
    102.000    11.4341   3.927488    34.7756       2990     2.0754 0.0000e+00
    103.000    11.4007   3.923791    34.7700       3016     2.0939 0.0000e+00
    104.000    11.3862   3.922206    34.7676       3046     2.1145 0.0000e+00
    105.000    11.3831   3.921784    34.7659       3075     2.1345 0.0000e+00
    106.000    11.3854   3.921930    34.7647       3100     2.1521 0.0000e+00
    107.000    11.3832   3.921684    34.7638       3125     2.1698 0.0000e+00
    108.000    11.3850   3.921899    34.7638       3152     2.1881 0.0000e+00
    109.000    11.3874   3.922052    34.7627       3181     2.2082 0.0000e+00
    110.000    11.3769   3.921184    34.7635       3209     2.2275 0.0000e+00
    111.000    11.3740   3.920995    34.7639       3231     2.2430 0.0000e+00
    112.000    11.3696   3.920697    34.7647       3251     2.2567 0.0000e+00
    113.000    11.3632   3.920400    34.7673       3274     2.2731 0.0000e+00
    114.000    11.3201   3.918025    34.7840       3316     2.3022 0.0000e+00
    115.000    11.2972   3.916694    34.7919       3352     2.3268 0.0000e+00
    116.000    11.2807   3.915169    34.7919       3373     2.3418 0.0000e+00
    117.000    11.2614   3.913603    34.7942       3392     2.3551 0.0000e+00
    118.000    11.2216   3.910576    34.8012       3412     2.3687 0.0000e+00
    119.000    11.2030   3.909292    34.8056       3436     2.3856 0.0000e+00
    120.000    11.1946   3.908798    34.8082       3470     2.4089 0.0000e+00
    121.000    11.1637   3.906060    34.8098       3504     2.4326 0.0000e+00
    122.000    11.1337   3.904665    34.8238       3530     2.4510 0.0000e+00
    123.000    11.1415   3.906981    34.8390       3554     2.4677 0.0000e+00
    124.000    11.1260   3.906311    34.8466       3579     2.4847 0.0000e+00
    125.000    11.1247   3.906779    34.8520       3604     2.5022 0.0000e+00
    126.000    11.1157   3.908686    34.8791       3630     2.5202 0.0000e+00
    127.000    11.1149   3.910366    34.8961       3658     2.5394 0.0000e+00
    128.000    11.1200   3.912554    34.9126       3685     2.5587 0.0000e+00
    129.000    11.1222   3.913301    34.9175       3712     2.5772 0.0000e+00
    130.000    11.1274   3.914048    34.9196       3739     2.5960 0.0000e+00
    131.000    11.1445   3.916502    34.9274       3768     2.6158 0.0000e+00
    132.000    11.1429   3.918016    34.9435       3797     2.6362 0.0000e+00
    133.000    11.1540   3.920053    34.9528       3825     2.6556 0.0000e+00
    134.000    11.1661   3.923033    34.9705       3849     2.6723 0.0000e+00
    135.000    11.1416   3.922827    34.9913       3871     2.6872 0.0000e+00
    136.000    11.1437   3.926423    35.0246       3894     2.7034 0.0000e+00
    137.000    11.1402   3.927969    35.0429       3929     2.7277 0.0000e+00
    138.000    11.0959   3.925913    35.0642       3965     2.7530 0.0000e+00
    139.000    11.0906   3.926891    35.0785       3990     2.7702 0.0000e+00
    140.000    11.0622   3.924176    35.0781       4011     2.7847 0.0000e+00
    141.000    11.0465   3.922785    35.0788       4032     2.7991 0.0000e+00
    142.000    11.0395   3.922384    35.0810       4054     2.8145 0.0000e+00
    143.000    11.0124   3.920538    35.0880       4081     2.8331 0.0000e+00
    144.000    11.0117   3.920599    35.0888       4120     2.8601 0.0000e+00
    145.000    11.0112   3.920610    35.0889       4157     2.8861 0.0000e+00
    146.000    11.0080   3.920428    35.0897       4179     2.9016 0.0000e+00
    147.000    10.9756   3.917644    35.0924       4199     2.9149 0.0000e+00
    148.000    10.9393   3.914436    35.0946       4220     2.9299 0.0000e+00
    149.000    10.9035   3.911472    35.0988       4251     2.9516 0.0000e+00
    150.000    10.7900   3.900896    35.1010       4285     2.9748 0.0000e+00
    151.000    10.7278   3.894813    35.0991       4308     2.9907 0.0000e+00
    152.000    10.6799   3.890274    35.0990       4328     3.0049 0.0000e+00
    153.000    10.5237   3.876479    35.1096       4353     3.0220 0.0000e+00
    154.000    10.4355   3.868537    35.1139       4392     3.0492 0.0000e+00
    155.000    10.3171   3.857835    35.1192       4424     3.0712 0.0000e+00
    156.000    10.2195   3.848385    35.1171       4444     3.0854 0.0000e+00
    157.000    10.1935   3.845698    35.1144       4463     3.0989 0.0000e+00
    158.000    10.1949   3.845679    35.1124       4487     3.1154 0.0000e+00
    159.000    10.1914   3.845252    35.1110       4523     3.1402 0.0000e+00
    160.000    10.1917   3.845217    35.1099       4557     3.1640 0.0000e+00
    161.000    10.1934   3.845347    35.1091       4582     3.1812 0.0000e+00
    162.000    10.1954   3.845525    35.1085       4605     3.1975 0.0000e+00
    163.000    10.1909   3.845130    35.1084       4630     3.2148 0.0000e+00
    164.000    10.1932   3.845302    35.1074       4656     3.2327 0.0000e+00
    165.000    10.1937   3.845350    35.1070       4681     3.2503 0.0000e+00
    166.000    10.2041   3.846283    35.1060       4708     3.2691 0.0000e+00
    167.000    10.2124   3.847067    35.1055       4740     3.2909 0.0000e+00
    168.000    10.2128   3.847142    35.1054       4770     3.3120 0.0000e+00
    169.000    10.2106   3.846968    35.1053       4796     3.3298 0.0000e+00
    170.000    10.2090   3.846851    35.1051       4820     3.3463 0.0000e+00
    171.000    10.2181   3.847703    35.1046       4846     3.3645 0.0000e+00
    172.000    10.2157   3.847541    35.1048       4876     3.3854 0.0000e+00
    173.000    10.2148   3.847480    35.1046       4905     3.4053 0.0000e+00
    174.000    10.2168   3.847678    35.1042       4929     3.4219 0.0000e+00
    175.000    10.2179   3.847780    35.1037       4945     3.4334 0.0000e+00
    174.000    10.2094   3.846864    35.1031       5358     3.7204 0.0000e+00
    173.000    10.1935   3.845329    35.1032       5998     4.1649 0.0000e+00
    172.000    10.1986   3.845719    35.1028       6005     4.1695 0.0000e+00
    171.000    10.1992   3.845725    35.1028       6036     4.1908 0.0000e+00
    170.000    10.1971   3.845508    35.1030       6065     4.2112 0.0000e+00
    169.000    10.1899   3.844826    35.1035       6090     4.2286 0.0000e+00
    168.000    10.1745   3.843443    35.1048       6114     4.2450 0.0000e+00
    167.000    10.1714   3.843112    35.1048       6142     4.2645 0.0000e+00
    166.000    10.1688   3.842857    35.1053       6171     4.2847 0.0000e+00
    165.000    10.1622   3.842181    35.1052       6196     4.3019 0.0000e+00
    164.000    10.1562   3.841552    35.1051       6219     4.3182 0.0000e+00
    163.000    10.1533   3.841197    35.1048       6244     4.3354 0.0000e+00
    162.000    10.1600   3.841788    35.1047       6270     4.3535 0.0000e+00
    161.000    10.1732   3.842989    35.1047       6298     4.3728 0.0000e+00
    160.000    10.1744   3.843057    35.1047       6326     4.3925 0.0000e+00
    159.000    10.1990   3.845274    35.1039       6353     4.4109 0.0000e+00
    158.000    10.3097   3.855642    35.1027       6376     4.4274 0.0000e+00
    157.000    10.3956   3.863362    35.0985       6398     4.4426 0.0000e+00
    156.000    10.4308   3.866619    35.0981       6421     4.4581 0.0000e+00
    155.000    10.4773   3.870833    35.0963       6448     4.4768 0.0000e+00
    154.000    10.5694   3.878838    35.0890       6483     4.5012 0.0000e+00
    153.000    10.6446   3.885499    35.0843       6512     4.5216 0.0000e+00
    152.000    10.7399   3.894335    35.0822       6534     4.5370 0.0000e+00
    151.000    10.7852   3.898850    35.0846       6557     4.5525 0.0000e+00
    150.000    10.7946   3.899893    35.0865       6584     4.5714 0.0000e+00
    149.000    10.8234   3.902699    35.0875       6614     4.5923 0.0000e+00
    148.000    10.8915   3.908821    35.0842       6638     4.6090 0.0000e+00
    147.000    10.9716   3.916006    35.0799       6660     4.6242 0.0000e+00
    146.000    11.0087   3.918952    35.0744       6684     4.6412 0.0000e+00
    145.000    11.0220   3.920147    35.0740       6716     4.6631 0.0000e+00
    144.000    11.0521   3.922829    35.0725       6752     4.6879 0.0000e+00
    143.000    11.0869   3.925878    35.0702       6777     4.7054 0.0000e+00
    142.000    11.1117   3.927479    35.0629       6796     4.7190 0.0000e+00
