HB2502/ctd015.cnv
* Sea-Bird SBE 9 Data File:
* FileName = C:\cruise\data\ctd015.hex
* Software Version Seasave V 7.26.7.121
* Temperature SN = 6768
* Conductivity SN = 6166
* Number of Bytes Per Scan = 37
* Number of Voltage Words = 4
* Number of Scans Averaged by the Deck Unit = 1
* NMEA Latitude = 38 37.93 N
* NMEA Longitude = 073 54.09 W
* NMEA UTC (Time) = Mar 10 2025 06:17:02
** Ship: Bigelow HB2502
** Program:  Spring Bottom Trawl
** Chief Scientist:Jon Galbraith
# nquan = 7
# nvalues = 86                          
# units = specified
# name 0 = depSM: Depth [salt water, m]
# name 1 = t090C: Temperature [ITS-90, deg C]
# name 2 = c0S/m: Conductivity [S/m]
# name 3 = sal00: Salinity, Practical [PSU]
# name 4 = scan: Scan Count
# name 5 = timeM: Time, Elapsed [minutes]
# name 6 = flag: flag
# span 0 =      1.000,     45.000       
# span 1 =     8.1443,     8.1668       
# span 2 =   3.505932,   3.510450       
# span 3 =    33.6214,    33.6366       
# span 4 =        158,       3649       
# span 5 =     0.1092,     2.5335       
# span 6 = 0.0000e+00, 0.0000e+00       
# interval = meters: 1                  
# start_time = Mar 10 2025 06:17:02 [NMEA time, header]
# bad_flag = -9.990e-29
*END*
      4.000     8.1443   3.505932    33.6227        158     0.1092 0.0000e+00
      5.000     8.1513   3.506476    33.6214        289     0.2000 0.0000e+00
      6.000     8.1528   3.507044    33.6255        317     0.2197 0.0000e+00
      7.000     8.1513   3.507258    33.6287        340     0.2355 0.0000e+00
      8.000     8.1526   3.507353    33.6280        363     0.2511 0.0000e+00
      9.000     8.1519   3.507369    33.6284        388     0.2688 0.0000e+00
     10.000     8.1550   3.507454    33.6259        416     0.2880 0.0000e+00
     11.000     8.1559   3.507702    33.6272        445     0.3082 0.0000e+00
     12.000     8.1540   3.507737    33.6288        473     0.3275 0.0000e+00
     13.000     8.1538   3.507752    33.6287        499     0.3459 0.0000e+00
     14.000     8.1537   3.507813    33.6290        524     0.3635 0.0000e+00
     15.000     8.1511   3.507817    33.6310        550     0.3816 0.0000e+00
     16.000     8.1500   3.507757    33.6309        579     0.4011 0.0000e+00
     17.000     8.1505   3.507783    33.6303        607     0.4208 0.0000e+00
     18.000     8.1519   3.507845    33.6291        633     0.4390 0.0000e+00
     19.000     8.1517   3.507971    33.6302        658     0.4565 0.0000e+00
     20.000     8.1524   3.507976    33.6291        686     0.4755 0.0000e+00
     21.000     8.1582   3.508018    33.6235        715     0.4959 0.0000e+00
     22.000     8.1618   3.508212    33.6217        742     0.5144 0.0000e+00
     23.000     8.1640   3.508757    33.6248        766     0.5315 0.0000e+00
     24.000     8.1647   3.508852    33.6247        793     0.5498 0.0000e+00
     25.000     8.1649   3.508919    33.6248        822     0.5701 0.0000e+00
     26.000     8.1652   3.509168    33.6267        849     0.5890 0.0000e+00
     27.000     8.1655   3.509359    33.6280        873     0.6054 0.0000e+00
     28.000     8.1655   3.509441    33.6283        896     0.6217 0.0000e+00
     29.000     8.1655   3.509480    33.6283        925     0.6419 0.0000e+00
     30.000     8.1656   3.509583    33.6289        959     0.6650 0.0000e+00
     31.000     8.1656   3.509669    33.6292        986     0.6840 0.0000e+00
     32.000     8.1654   3.509740    33.6298       1010     0.7009 0.0000e+00
     33.000     8.1653   3.509794    33.6299       1036     0.7186 0.0000e+00
     34.000     8.1659   3.509836    33.6293       1062     0.7371 0.0000e+00
     35.000     8.1663   3.509925    33.6294       1089     0.7557 0.0000e+00
     36.000     8.1665   3.510035    33.6299       1115     0.7734 0.0000e+00
     37.000     8.1666   3.510067    33.6297       1140     0.7911 0.0000e+00
     38.000     8.1666   3.510138    33.6299       1170     0.8120 0.0000e+00
     39.000     8.1667   3.510191    33.6299       1203     0.8347 0.0000e+00
     40.000     8.1665   3.510297    33.6308       1229     0.8525 0.0000e+00
     41.000     8.1654   3.510337    33.6318       1250     0.8673 0.0000e+00
     42.000     8.1652   3.510383    33.6321       1273     0.8836 0.0000e+00
     43.000     8.1660   3.510376    33.6307       1305     0.9053 0.0000e+00
     44.000     8.1668   3.510450    33.6302       1336     0.9274 0.0000e+00
     45.000     8.1601   3.510056    33.6320       2489     1.7279 0.0000e+00
     44.000     8.1640   3.510319    33.6315       2149     1.4915 0.0000e+00
     43.000     8.1647   3.510342    33.6316       2173     1.5082 0.0000e+00
     42.000     8.1647   3.510317    33.6317       2195     1.5236 0.0000e+00
     41.000     8.1642   3.510237    33.6319       2222     1.5426 0.0000e+00
     40.000     8.1637   3.510143    33.6318       2255     1.5652 0.0000e+00
     39.000     8.1632   3.510066    33.6320       2280     1.5825 0.0000e+00
     38.000     8.1630   3.509992    33.6318       2301     1.5975 0.0000e+00
     37.000     8.1629   3.509927    33.6317       2326     1.6144 0.0000e+00
     36.000     8.1626   3.509843    33.6316       2357     1.6364 0.0000e+00
     35.000     8.1626   3.509815    33.6318       2387     1.6569 0.0000e+00
     34.000     8.1618   3.509734    33.6321       2409     1.6721 0.0000e+00
     33.000     8.1609   3.509601    33.6321       2430     1.6865 0.0000e+00
     32.000     8.1608   3.509510    33.6317       2454     1.7036 0.0000e+00
     31.000     8.1611   3.509472    33.6315       2485     1.7253 0.0000e+00
     30.000     8.1613   3.509436    33.6314       2513     1.7444 0.0000e+00
     29.000     8.1614   3.509393    33.6313       2535     1.7596 0.0000e+00
     28.000     8.1613   3.509352    33.6315       2556     1.7744 0.0000e+00
     27.000     8.1606   3.509285    33.6319       2583     1.7931 0.0000e+00
     26.000     8.1602   3.509221    33.6320       2616     1.8158 0.0000e+00
     25.000     8.1598   3.509155    33.6322       2643     1.8345 0.0000e+00
     24.000     8.1598   3.509101    33.6321       2665     1.8500 0.0000e+00
     23.000     8.1590   3.509037    33.6326       2688     1.8660 0.0000e+00
     22.000     8.1585   3.508974    33.6330       2717     1.8862 0.0000e+00
     21.000     8.1587   3.508876    33.6322       2749     1.9083 0.0000e+00
     20.000     8.1588   3.508756    33.6313       2774     1.9257 0.0000e+00
     19.000     8.1587   3.508756    33.6319       2794     1.9398 0.0000e+00
     18.000     8.1586   3.508694    33.6318       2816     1.9547 0.0000e+00
     17.000     8.1583   3.508637    33.6320       2847     1.9767 0.0000e+00
     16.000     8.1582   3.508578    33.6319       2880     1.9993 0.0000e+00
     15.000     8.1575   3.508527    33.6325       2903     2.0155 0.0000e+00
     14.000     8.1557   3.508468    33.6341       2925     2.0304 0.0000e+00
     13.000     8.1548   3.508402    33.6347       2949     2.0472 0.0000e+00
     12.000     8.1533   3.508348    33.6361       2979     2.0683 0.0000e+00
     11.000     8.1524   3.508279    33.6366       3018     2.0949 0.0000e+00
     10.000     8.1562   3.508201    33.6326       3054     2.1202 0.0000e+00
      9.000     8.1557   3.508141    33.6330       3092     2.1466 0.0000e+00
      8.000     8.1522   3.508041    33.6357       3151     2.1875 0.0000e+00
      7.000     8.1554   3.507970    33.6324       3202     2.2229 0.0000e+00
      6.000     8.1552   3.507881    33.6321       3256     2.2603 0.0000e+00
      5.000     8.1552   3.507823    33.6320       3286     2.2816 0.0000e+00
      4.000     8.1525   3.507712    33.6338       3346     2.3231 0.0000e+00
      3.000     8.1535   3.507604    33.6323       3394     2.3565 0.0000e+00
      2.000     8.1559   3.507467    33.6289       3645     2.5303 0.0000e+00
      1.000     8.1531   3.507119    33.6284       3649     2.5335 0.0000e+00
