HB2502/ctd090.cnv
* Sea-Bird SBE 9 Data File:
* FileName = C:\cruise\data\ctd090.hex
* Software Version Seasave V 7.26.7.121
* Temperature SN = 6768
* Conductivity SN = 6166
* Number of Bytes Per Scan = 37
* Number of Voltage Words = 4
* Number of Scans Averaged by the Deck Unit = 1
* NMEA Latitude = 40 29.52 N
* NMEA Longitude = 073 20.64 W
* NMEA UTC (Time) = Mar 21 2025 23:30:38
* NMEA baud rate = 4800
** Ship: Bigelow HB2502
** Program:  Spring Bottom Trawl
** Chief Scientist:Jon Galbraith
# nquan = 7
# nvalues = 43                          
# units = specified
# name 0 = depSM: Depth [salt water, m]
# name 1 = t090C: Temperature [ITS-90, deg C]
# name 2 = c0S/m: Conductivity [S/m]
# name 3 = sal00: Salinity, Practical [PSU]
# name 4 = scan: Scan Count
# name 5 = timeM: Time, Elapsed [minutes]
# name 6 = flag: flag
# span 0 =      1.000,     23.000       
# span 1 =     5.6913,     5.9602       
# span 2 =   3.178293,   3.225961       
# span 3 =    32.1478,    32.8665       
# span 4 =        199,       2793       
# span 5 =     0.1374,     1.9391       
# span 6 = 0.0000e+00, 0.0000e+00       
# interval = meters: 1                  
# start_time = Mar 21 2025 23:30:38 [NMEA time, header]
# bad_flag = -9.990e-29
*END*
      3.000     5.7528   3.225961    32.8665        199     0.1374 0.0000e+00
      4.000     5.6946   3.193241    32.5531        417     0.2892 0.0000e+00
      5.000     5.6937   3.185450    32.4655        454     0.3143 0.0000e+00
      6.000     5.6940   3.181049    32.4151        481     0.3336 0.0000e+00
      7.000     5.6944   3.179826    32.4004        507     0.3517 0.0000e+00
      8.000     5.6946   3.180153    32.4034        535     0.3712 0.0000e+00
      9.000     5.6946   3.180270    32.4042        564     0.3906 0.0000e+00
     10.000     5.6950   3.179263    32.3920        590     0.4092 0.0000e+00
     11.000     5.6954   3.178899    32.3869        618     0.4287 0.0000e+00
     12.000     5.6955   3.179199    32.3898        647     0.4489 0.0000e+00
     13.000     5.6961   3.178809    32.3843        675     0.4682 0.0000e+00
     14.000     5.6957   3.178706    32.3831        704     0.4880 0.0000e+00
     15.000     5.6954   3.178701    32.3827        733     0.5084 0.0000e+00
     16.000     5.6960   3.178585    32.3803        762     0.5286 0.0000e+00
     17.000     5.6948   3.178454    32.3795        791     0.5486 0.0000e+00
     18.000     5.6939   3.178318    32.3784        819     0.5683 0.0000e+00
     19.000     5.6936   3.178293    32.3779        848     0.5882 0.0000e+00
     20.000     5.6935   3.178493    32.3797        878     0.6088 0.0000e+00
     21.000     5.6933   3.178579    32.3804        907     0.6290 0.0000e+00
     22.000     5.6913   3.178383    32.3797        935     0.6486 0.0000e+00
     23.000     5.6975   3.182791    32.4229       1161     0.8058 0.0000e+00
     22.000     5.7111   3.182842    32.4109       2293     1.5917 0.0000e+00
     21.000     5.7230   3.181289    32.3824       1843     1.2794 0.0000e+00
     20.000     5.7179   3.181013    32.3847       1881     1.3057 0.0000e+00
     19.000     5.7494   3.180399    32.3481       1917     1.3307 0.0000e+00
     18.000     5.7487   3.180002    32.3447       1957     1.3584 0.0000e+00
     17.000     5.7551   3.179741    32.3361       1990     1.3813 0.0000e+00
     16.000     5.7531   3.179285    32.3334       2016     1.3991 0.0000e+00
     15.000     5.7489   3.178881    32.3334       2045     1.4192 0.0000e+00
     14.000     5.7446   3.178750    32.3365       2077     1.4415 0.0000e+00
     13.000     5.7399   3.178889    32.3431       2106     1.4616 0.0000e+00
     12.000     5.7366   3.180218    32.3617       2131     1.4788 0.0000e+00
     11.000     5.7354   3.183320    32.3983       2156     1.4964 0.0000e+00
     10.000     5.7505   3.186118    32.4159       2185     1.5170 0.0000e+00
      9.000     5.7903   3.189951    32.4213       2216     1.5385 0.0000e+00
      8.000     5.8295   3.192640    32.4144       2246     1.5591 0.0000e+00
      7.000     5.8583   3.193543    32.3973       2274     1.5783 0.0000e+00
      6.000     5.8770   3.194853    32.3946       2300     1.5969 0.0000e+00
      5.000     5.9156   3.197010    32.3824       2327     1.6150 0.0000e+00
      4.000     5.9602   3.205249    32.4324       2360     1.6381 0.0000e+00
      3.000     5.8062   3.196574    32.4836       2550     1.7701 0.0000e+00
      2.000     5.9135   3.198637    32.4041       2728     1.8935 0.0000e+00
      1.000     5.9503   3.178553    32.1478       2793     1.9391 0.0000e+00
