HB2502/ctd112.cnv
* Sea-Bird SBE 9 Data File:
* FileName = C:\cruise\data\ctd112.hex
* Software Version Seasave V 7.26.7.121
* Temperature SN = 6768
* Conductivity SN = 6166
* Number of Bytes Per Scan = 37
* Number of Voltage Words = 4
* Number of Scans Averaged by the Deck Unit = 1
* NMEA Latitude = 39 22.66 N
* NMEA Longitude = 072 28.78 W
* NMEA UTC (Time) = Apr 04 2025 11:41:17
* NMEA baud rate = 4800
** Ship: Bigelow HB2502
** Program:  Spring Bottom Trawl
** Chief Scientist:Jon Galbraith
# nquan = 7
# nvalues = 248                         
# units = specified
# name 0 = depSM: Depth [salt water, m]
# name 1 = t090C: Temperature [ITS-90, deg C]
# name 2 = c0S/m: Conductivity [S/m]
# name 3 = sal00: Salinity, Practical [PSU]
# name 4 = scan: Scan Count
# name 5 = timeM: Time, Elapsed [minutes]
# name 6 = flag: flag
# span 0 =      1.000,    126.000       
# span 1 =     7.6344,    11.8357       
# span 2 =   3.292042,   3.964154       
# span 3 =    31.8146,    34.8066       
# span 4 =         99,       8611       
# span 5 =     0.0683,     5.9789       
# span 6 = 0.0000e+00, 0.0000e+00       
# interval = meters: 1                  
# start_time = Apr 04 2025 11:41:17 [NMEA time, header]
# bad_flag = -9.990e-29
*END*
[from data line 206]
     42.000     7.8195   3.430430    33.1077       6691     4.6460 0.0000e+00
     41.000     7.8018   3.427859    33.0975       6708     4.6577 0.0000e+00
     40.000     7.7651   3.422628    33.0767       6728     4.6713 0.0000e+00
     39.000     7.7186   3.415166    33.0412       6757     4.6919 0.0000e+00
     38.000     7.6966   3.411428    33.0223       6802     4.7226 0.0000e+00
     37.000     7.6887   3.406595    32.9784       6837     4.7475 0.0000e+00
     36.000     7.6775   3.401404    32.9336       6862     4.7643 0.0000e+00
     35.000     7.6666   3.397618    32.9037       6878     4.7757 0.0000e+00
     34.000     7.6620   3.396414    32.8957       6892     4.7852 0.0000e+00
     33.000     7.6597   3.393797    32.8701       6905     4.7948 0.0000e+00
     32.000     7.6714   3.390143    32.8203       6922     4.8063 0.0000e+00
     31.000     7.6705   3.381975    32.7339       6989     4.8526 0.0000e+00
     30.000     7.6588   3.378880    32.7121       7038     4.8867 0.0000e+00
     29.000     7.6554   3.377994    32.7063       7048     4.8935 0.0000e+00
     28.000     7.6525   3.377296    32.7019       7058     4.9006 0.0000e+00
     27.000     7.6503   3.376594    32.6970       7068     4.9077 0.0000e+00
     26.000     7.6459   3.375620    32.6912       7080     4.9160 0.0000e+00
     25.000     7.6419   3.374713    32.6856       7097     4.9278 0.0000e+00
     24.000     7.6382   3.373694    32.6786       7175     4.9819 0.0000e+00
     23.000     7.6412   3.373912    32.6786       7211     5.0068 0.0000e+00
     22.000     7.6412   3.373849    32.6784       7221     5.0135 0.0000e+00
     21.000     7.6405   3.373730    32.6783       7232     5.0212 0.0000e+00
     20.000     7.6403   3.373681    32.6784       7244     5.0295 0.0000e+00
     19.000     7.6388   3.373465    32.6779       7261     5.0415 0.0000e+00
     18.000     7.6374   3.373152    32.6763       7338     5.0950 0.0000e+00
     17.000     7.6398   3.373310    32.6762       7364     5.1135 0.0000e+00
     16.000     7.6401   3.373312    32.6764       7375     5.1209 0.0000e+00
     15.000     7.6390   3.373154    32.6763       7388     5.1298 0.0000e+00
     14.000     7.6381   3.373064    32.6766       7403     5.1404 0.0000e+00
     13.000     7.6371   3.372918    32.6765       7437     5.1642 0.0000e+00
     12.000     7.6376   3.372841    32.6756       7492     5.2018 0.0000e+00
     11.000     7.6379   3.372812    32.6755       7509     5.2141 0.0000e+00
     10.000     7.6380   3.372763    32.6754       7525     5.2250 0.0000e+00
      9.000     7.6375   3.372685    32.6755       7542     5.2366 0.0000e+00
      8.000     7.6384   3.372397    32.6720       7567     5.2542 0.0000e+00
      7.000     7.6404   3.372642    32.6733       7620     5.2912 0.0000e+00
      6.000     7.6403   3.372431    32.6715       8228     5.7133 0.0000e+00
      5.000     7.6394   3.372347    32.6720       8350     5.7980 0.0000e+00
      4.000     7.6398   3.372296    32.6715       8457     5.8724 0.0000e+00
      3.000     7.6390   3.372224    32.6720       8519     5.9150 0.0000e+00
      2.000     7.6380   3.372142    32.6725       8573     5.9526 0.0000e+00
      1.000     7.6415   3.292042    31.8146       8611     5.9789 0.0000e+00
