HB2502/ctd121.cnv
* Sea-Bird SBE 9 Data File:
* FileName = C:\cruise\data\ctd121.hex
* Software Version Seasave V 7.26.7.121
* Temperature SN = 6768
* Conductivity SN = 6166
* Number of Bytes Per Scan = 37
* Number of Voltage Words = 4
* Number of Scans Averaged by the Deck Unit = 1
* NMEA Latitude = 40 14.55 N
* NMEA Longitude = 070 25.03 W
* NMEA UTC (Time) = Apr 06 2025 04:43:36
* NMEA baud rate = 4800
** Ship: Bigelow HB2502
** Program:  Spring Bottom Trawl
** Chief Scientist:Jon Galbraith
# nquan = 7
# nvalues = 201                         
# units = specified
# name 0 = depSM: Depth [salt water, m]
# name 1 = t090C: Temperature [ITS-90, deg C]
# name 2 = c0S/m: Conductivity [S/m]
# name 3 = sal00: Salinity, Practical [PSU]
# name 4 = scan: Scan Count
# name 5 = timeM: Time, Elapsed [minutes]
# name 6 = flag: flag
# span 0 =      1.000,    102.000       
# span 1 =     5.1581,     6.6750       
# span 2 =   2.093481,   3.300216       
# span 3 =    20.6039,    33.0623       
# span 4 =        -23,       7903       
# span 5 =    -0.0169,     5.4878       
# span 6 = 0.0000e+00, 0.0000e+00       
# interval = meters: 1                  
# start_time = Apr 06 2025 04:43:36 [NMEA time, header]
# bad_flag = -9.990e-29
*END*
      3.000     6.6750   3.300216    32.8037        -23    -0.0169 0.0000e+00
      4.000     6.2997   3.265062    32.7740        179     0.1239 0.0000e+00
      5.000     6.3366   3.247717    32.5454        283     0.1961 0.0000e+00
      6.000     6.3368   3.243932    32.5026        307     0.2126 0.0000e+00
      7.000     6.3380   3.242868    32.4892        329     0.2276 0.0000e+00
      8.000     6.3335   3.243401    32.4989        360     0.2490 0.0000e+00
      9.000     6.3306   3.243779    32.5053        396     0.2744 0.0000e+00
     10.000     6.3285   3.242736    32.4952        426     0.2950 0.0000e+00
     11.000     6.3269   3.247337    32.5475        486     0.3371 0.0000e+00
     12.000     6.3277   3.246971    32.5421        589     0.4082 0.0000e+00
     13.000     6.3259   3.242927    32.4984        627     0.4346 0.0000e+00
     14.000     6.3192   3.241846    32.4923        661     0.4586 0.0000e+00
     15.000     6.3142   3.240956    32.4867        688     0.4768 0.0000e+00
     16.000     6.3103   3.240701    32.4872        710     0.4923 0.0000e+00
     17.000     6.3026   3.241102    32.4985        734     0.5088 0.0000e+00
     18.000     6.2925   3.242153    32.5193        765     0.5304 0.0000e+00
     19.000     6.2707   3.241966    32.5376        799     0.5539 0.0000e+00
     20.000     6.2454   3.240687    32.5471        825     0.5721 0.0000e+00
     21.000     6.2315   3.240171    32.5541        846     0.5869 0.0000e+00
     22.000     6.2214   3.240199    32.5637        868     0.6023 0.0000e+00
     23.000     6.2161   3.242372    32.5925        896     0.6216 0.0000e+00
     24.000     6.2212   3.244266    32.6081        932     0.6466 0.0000e+00
     25.000     6.2049   3.242007    32.5982        961     0.6668 0.0000e+00
     26.000     6.1891   3.238340    32.5719        981     0.6806 0.0000e+00
     27.000     6.1691   3.237042    32.5762        999     0.6931 0.0000e+00
     28.000     6.1566   3.239406    32.6141       1022     0.7092 0.0000e+00
     29.000     6.1900   3.241893    32.6093       1064     0.7382 0.0000e+00
     30.000     6.1364   3.239804    32.6369       1099     0.7626 0.0000e+00
     31.000     6.1106   3.234043    32.5970       1119     0.7763 0.0000e+00
     32.000     6.1002   3.232307    32.5870       1137     0.7888 0.0000e+00
     33.000     6.0927   3.233625    32.6085       1157     0.8030 0.0000e+00
     34.000     6.0635   3.236457    32.6678       1188     0.8244 0.0000e+00
     35.000     5.9856   3.233831    32.7131       1229     0.8528 0.0000e+00
     36.000     5.9551   3.228468    32.6819       1255     0.8706 0.0000e+00
     37.000     5.7809   3.222045    32.7780       1273     0.8833 0.0000e+00
     38.000     5.6179   3.215769    32.8653       1291     0.8957 0.0000e+00
     39.000     5.5081   3.215144    32.9654       1315     0.9126 0.0000e+00
     40.000     5.4297   3.210695    32.9912       1360     0.9440 0.0000e+00
     41.000     5.4256   3.197958    32.8497       1388     0.9633 0.0000e+00
     42.000     5.3753   3.192317    32.8343       1407     0.9762 0.0000e+00
     43.000     5.3341   3.188394    32.8295       1425     0.9887 0.0000e+00
     44.000     5.3151   3.188996    32.8545       1449     1.0054 0.0000e+00
     45.000     5.2879   3.191412    32.9083       1490     1.0340 0.0000e+00
     46.000     5.2636   3.184754    32.8555       1523     1.0569 0.0000e+00
     47.000     5.2145   3.177573    32.8211       1544     1.0716 0.0000e+00
     48.000     5.1581   3.169781    32.7868       1565     1.0863 0.0000e+00
     49.000     5.1712   3.165321    32.7224       1591     1.1041 0.0000e+00
     50.000     5.2487   3.166941    32.6647       1619     1.1234 0.0000e+00
     51.000     5.3003   3.170424    32.6535       1641     1.1390 0.0000e+00
     52.000     5.3141   3.171943    32.6568       1663     1.1543 0.0000e+00
     53.000     5.3513   3.174655    32.6510       1691     1.1736 0.0000e+00
     54.000     5.3332   3.174311    32.6643       1730     1.2006 0.0000e+00
     55.000     5.3046   3.171420    32.6587       1760     1.2218 0.0000e+00
     56.000     5.3052   3.171118    32.6541       1783     1.2374 0.0000e+00
     57.000     5.3217   3.172629    32.6548       1804     1.2524 0.0000e+00
     58.000     5.3570   3.176737    32.6666       1828     1.2686 0.0000e+00
     59.000     5.3610   3.177893    32.6754       1852     1.2854 0.0000e+00
     60.000     5.3600   3.178574    32.6837       1876     1.3019 0.0000e+00
     61.000     5.3730   3.180557    32.6930       1906     1.3232 0.0000e+00
     62.000     5.3705   3.181674    32.7077       1948     1.3523 0.0000e+00
     63.000     5.3404   3.180296    32.7209       1975     1.3707 0.0000e+00
     64.000     5.3217   3.180392    32.7398       1993     1.3836 0.0000e+00
     65.000     5.3095   3.180078    32.7476       2012     1.3963 0.0000e+00
     66.000     5.2833   3.178581    32.7557       2035     1.4122 0.0000e+00
     67.000     5.2516   3.176360    32.7608       2066     1.4337 0.0000e+00
     68.000     5.2515   3.176672    32.7640       2096     1.4552 0.0000e+00
     69.000     5.2489   3.177033    32.7701       2125     1.4747 0.0000e+00
     70.000     5.2459   3.176936    32.7715       2155     1.4957 0.0000e+00
     71.000     5.2280   3.175807    32.7756       2182     1.5145 0.0000e+00
     72.000     5.2112   3.174833    32.7804       2205     1.5305 0.0000e+00
     73.000     5.1965   3.174052    32.7854       2227     1.5456 0.0000e+00
     74.000     5.2259   3.177929    32.8004       2252     1.5630 0.0000e+00
     75.000     5.2308   3.179162    32.8091       2287     1.5877 0.0000e+00
     76.000     5.2437   3.180547    32.8119       2319     1.6095 0.0000e+00
     77.000     5.2809   3.184297    32.8177       2338     1.6231 0.0000e+00
     78.000     5.3736   3.194015    32.8372       2356     1.6355 0.0000e+00
     79.000     5.4089   3.198108    32.8487       2378     1.6504 0.0000e+00
     80.000     5.4584   3.203709    32.8634       2412     1.6743 0.0000e+00
     81.000     5.5119   3.209811    32.8799       2447     1.6989 0.0000e+00
     82.000     5.5848   3.217916    32.9000       2473     1.7167 0.0000e+00
     83.000     5.7339   3.234365    32.9397       2498     1.7343 0.0000e+00
     84.000     5.8330   3.245971    32.9733       2524     1.7520 0.0000e+00
     85.000     5.8994   3.253808    32.9962       2549     1.7692 0.0000e+00
     86.000     5.9193   3.256277    33.0040       2571     1.7848 0.0000e+00
     87.000     5.9345   3.258115    33.0093       2595     1.8013 0.0000e+00
     88.000     5.9795   3.263295    33.0231       2630     1.8254 0.0000e+00
     89.000     6.0067   3.266586    33.0331       2661     1.8470 0.0000e+00
     90.000     6.0103   3.267080    33.0345       2681     1.8609 0.0000e+00
     91.000     6.0416   3.270528    33.0422       2699     1.8735 0.0000e+00
     92.000     6.0680   3.273587    33.0501       2724     1.8909 0.0000e+00
     93.000     6.0738   3.274397    33.0531       2774     1.9259 0.0000e+00
     94.000     6.0824   3.275407    33.0555       2804     1.9465 0.0000e+00
     95.000     6.0861   3.275832    33.0562       2822     1.9587 0.0000e+00
     96.000     6.0862   3.275960    33.0570       2838     1.9698 0.0000e+00
     97.000     6.0846   3.275877    33.0572       2855     1.9818 0.0000e+00
     98.000     6.0854   3.276009    33.0574       2879     1.9986 0.0000e+00
     99.000     6.0899   3.276529    33.0583       2921     2.0277 0.0000e+00
    100.000     6.0878   3.276421    33.0587       2956     2.0520 0.0000e+00
    101.000     6.0921   3.277025    33.0607       3663     2.5430 0.0000e+00
    102.000     6.0937   3.277258    33.0612       4627     3.2125 0.0000e+00
    101.000     6.0934   3.277183    33.0613       4258     2.9564 0.0000e+00
    100.000     6.0927   3.277146    33.0620       4355     3.0237 0.0000e+00
     99.000     6.0930   3.277104    33.0617       4459     3.0959 0.0000e+00
     98.000     6.0933   3.277069    33.0616       4516     3.1356 0.0000e+00
     97.000     6.0931   3.277013    33.0616       4533     3.1473 0.0000e+00
     96.000     6.0927   3.276961    33.0619       4547     3.1570 0.0000e+00
     95.000     6.0926   3.276942    33.0623       4561     3.1666 0.0000e+00
     94.000     6.0921   3.276855    33.0623       4577     3.1774 0.0000e+00
     93.000     6.0914   3.276753    33.0623       4625     3.2108 0.0000e+00
     92.000     6.0917   3.276701    33.0619       4676     3.2462 0.0000e+00
     91.000     6.0910   3.276619    33.0622       4689     3.2557 0.0000e+00
     90.000     6.0876   3.276185    33.0612       4702     3.2646 0.0000e+00
     89.000     6.0782   3.275061    33.0583       4715     3.2737 0.0000e+00
     88.000     6.0473   3.272010    33.0547       4732     3.2856 0.0000e+00
     87.000     6.0193   3.268591    33.0442       4784     3.3213 0.0000e+00
     86.000     6.0167   3.268177    33.0426       4821     3.3471 0.0000e+00
     85.000     5.9751   3.263527    33.0315       4837     3.3580 0.0000e+00
     84.000     5.9073   3.256481    33.0190       4852     3.3685 0.0000e+00
     83.000     5.8852   3.253347    33.0059       4869     3.3807 0.0000e+00
     82.000     5.7842   3.241844    32.9755       4909     3.4081 0.0000e+00
     81.000     5.7642   3.239078    32.9643       4950     3.4368 0.0000e+00
     80.000     5.6724   3.229089    32.9417       4966     3.4481 0.0000e+00
     79.000     5.6009   3.220977    32.9204       4980     3.4578 0.0000e+00
     78.000     5.5531   3.215534    32.9060       4996     3.4685 0.0000e+00
     77.000     5.4425   3.203302    32.8758       5034     3.4951 0.0000e+00
     76.000     5.3826   3.196168    32.8539       5085     3.5302 0.0000e+00
     75.000     5.3755   3.195131    32.8495       5101     3.5415 0.0000e+00
     74.000     5.3315   3.190353    32.8387       5115     3.5517 0.0000e+00
     73.000     5.2927   3.186126    32.8291       5131     3.5627 0.0000e+00
     72.000     5.2603   3.182213    32.8166       5155     3.5790 0.0000e+00
     71.000     5.2166   3.176503    32.7947       5198     3.6088 0.0000e+00
     70.000     5.2316   3.177882    32.7962       5228     3.6296 0.0000e+00
     69.000     5.2393   3.177641    32.7865       5248     3.6437 0.0000e+00
     68.000     5.2423   3.177284    32.7800       5270     3.6589 0.0000e+00
     67.000     5.2461   3.177013    32.7737       5300     3.6796 0.0000e+00
     66.000     5.2552   3.176856    32.7635       5331     3.7016 0.0000e+00
     65.000     5.2682   3.177539    32.7591       5353     3.7166 0.0000e+00
     64.000     5.2828   3.178312    32.7541       5371     3.7294 0.0000e+00
     63.000     5.2920   3.178717    32.7502       5390     3.7425 0.0000e+00
     62.000     5.3075   3.179244    32.7416       5416     3.7605 0.0000e+00
     61.000     5.3401   3.179959    32.7184       5463     3.7928 0.0000e+00
     60.000     5.3507   3.180264    32.7120       5493     3.8137 0.0000e+00
     59.000     5.3610   3.179479    32.6935       5510     3.8258 0.0000e+00
     58.000     5.3603   3.178897    32.6881       5525     3.8363 0.0000e+00
     57.000     5.3572   3.177663    32.6775       5541     3.8475 0.0000e+00
     56.000     5.3389   3.175120    32.6669       5567     3.8650 0.0000e+00
     55.000     5.3148   3.171789    32.6530       5634     3.9117 0.0000e+00
     54.000     5.3200   3.172240    32.6536       5649     3.9226 0.0000e+00
     53.000     5.3328   3.172755    32.6474       5663     3.9322 0.0000e+00
     52.000     5.3388   3.172952    32.6443       5677     3.9413 0.0000e+00
     51.000     5.3368   3.172577    32.6425       5691     3.9517 0.0000e+00
     50.000     5.3155   3.169971    32.6341       5739     3.9846 0.0000e+00
     49.000     5.3122   3.169419    32.6315       5793     4.0222 0.0000e+00
     48.000     5.2865   3.166852    32.6278       5802     4.0286 0.0000e+00
     47.000     5.2319   3.161085    32.6156       5813     4.0361 0.0000e+00
     46.000     5.2072   3.157320    32.5972       5824     4.0438 0.0000e+00
     45.000     5.2080   3.156575    32.5884       5837     4.0527 0.0000e+00
     44.000     5.2329   3.157751    32.5782       5897     4.0945 0.0000e+00
     43.000     5.2403   3.158349    32.5782       5939     4.1239 0.0000e+00
     42.000     5.2602   3.159630    32.5740       5952     4.1324 0.0000e+00
     41.000     5.2968   3.162224    32.5685       5963     4.1406 0.0000e+00
     40.000     5.3155   3.163810    32.5689       5976     4.1495 0.0000e+00
     39.000     5.3597   3.166381    32.5557       5994     4.1620 0.0000e+00
     38.000     5.4042   3.168045    32.5319       6059     4.2072 0.0000e+00
     37.000     5.4920   3.173882    32.5136       6089     4.2276 0.0000e+00
     36.000     5.6248   3.185811    32.5207       6104     4.2384 0.0000e+00
     35.000     5.7133   3.193774    32.5256       6120     4.2495 0.0000e+00
     34.000     5.8121   3.202552    32.5297       6140     4.2630 0.0000e+00
     33.000     5.9071   3.210399    32.5270       6170     4.2837 0.0000e+00
     32.000     5.9600   3.214869    32.5267       6206     4.3090 0.0000e+00
     31.000     6.0446   3.221462    32.5197       6233     4.3275 0.0000e+00
     30.000     6.0796   3.224577    32.5214       6256     4.3436 0.0000e+00
     29.000     6.0957   3.225981    32.5222       6277     4.3584 0.0000e+00
     28.000     6.1090   3.227278    32.5244       6298     4.3729 0.0000e+00
     27.000     6.1335   3.229201    32.5228       6322     4.3895 0.0000e+00
     26.000     6.1600   3.231474    32.5233       6355     4.4123 0.0000e+00
     25.000     6.1585   3.231415    32.5246       6393     4.4389 0.0000e+00
     24.000     6.1924   3.234033    32.5218       6416     4.4546 0.0000e+00
     23.000     6.2077   3.235459    32.5235       6434     4.4670 0.0000e+00
     22.000     6.2165   3.235866    32.5201       6451     4.4792 0.0000e+00
     21.000     6.2377   3.236483    32.5072       6472     4.4939 0.0000e+00
     20.000     6.2667   3.236975    32.4854       6513     4.5220 0.0000e+00
     19.000     6.2872   3.237279    32.4697       6551     4.5486 0.0000e+00
     18.000     6.3002   3.237390    32.4590       6570     4.5616 0.0000e+00
     17.000     6.3053   3.237403    32.4548       6587     4.5735 0.0000e+00
     16.000     6.3092   3.237380    32.4513       6607     4.5874 0.0000e+00
     15.000     6.3125   3.237401    32.4489       6638     4.6087 0.0000e+00
     14.000     6.3115   3.237351    32.4497       6674     4.6343 0.0000e+00
     13.000     6.3154   3.237325    32.4463       6699     4.6512 0.0000e+00
     12.000     6.3172   3.237305    32.4448       6719     4.6652 0.0000e+00
     11.000     6.3174   3.237351    32.4456       6741     4.6805 0.0000e+00
     10.000     6.3184   3.237287    32.4444       6771     4.7012 0.0000e+00
      9.000     6.3187   3.237166    32.4433       6801     4.7221 0.0000e+00
      8.000     6.3223   3.237105    32.4397       6824     4.7385 0.0000e+00
      7.000     6.3227   3.237088    32.4396       6847     4.7541 0.0000e+00
      6.000     6.3288   3.237532    32.4392       7439     5.1651 0.0000e+00
      5.000     6.3292   3.237503    32.4390       7687     5.3375 0.0000e+00
      4.000     6.3291   3.237476    32.4393       7743     5.3762 0.0000e+00
      3.000     6.3284   3.237403    32.4395       7832     5.4379 0.0000e+00
      2.000     6.3289   3.237380    32.4393       7865     5.4614 0.0000e+00
      1.000     6.4787   2.093481    20.6039       7903     5.4878 0.0000e+00
