HB2502/ctd128.cnv
* Sea-Bird SBE 9 Data File:
* FileName = C:\cruise\data\ctd128.hex
* Software Version Seasave V 7.26.7.121
* Temperature SN = 6768
* Conductivity SN = 6166
* Number of Bytes Per Scan = 37
* Number of Voltage Words = 4
* Number of Scans Averaged by the Deck Unit = 1
* NMEA Latitude = 40 22.90 N
* NMEA Longitude = 069 42.83 W
* NMEA UTC (Time) = Apr 07 2025 09:03:25
* NMEA baud rate = 4800
** Ship: Bigelow HB2502
** Program:  Spring Bottom Trawl
** Chief Scientist:Jon Galbraith
# nquan = 7
# nvalues = 131                         
# units = specified
# name 0 = depSM: Depth [salt water, m]
# name 1 = t090C: Temperature [ITS-90, deg C]
# name 2 = c0S/m: Conductivity [S/m]
# name 3 = sal00: Salinity, Practical [PSU]
# name 4 = scan: Scan Count
# name 5 = timeM: Time, Elapsed [minutes]
# name 6 = flag: flag
# span 0 =      2.000,     67.000       
# span 1 =     5.6530,     6.3342       
# span 2 =   3.199008,   3.255718       
# span 3 =    32.4320,    32.9136       
# span 4 =        -40,       4485       
# span 5 =    -0.0287,     3.1140       
# span 6 = 0.0000e+00, 0.0000e+00       
# interval = meters: 1                  
# start_time = Apr 07 2025 09:03:25 [NMEA time, header]
# bad_flag = -9.990e-29
*END*
      2.000     6.3342   3.255718    32.6380        -40    -0.0287 0.0000e+00
      3.000     6.2871   3.243834    32.5506        245     0.1694 0.0000e+00
      4.000     6.2982   3.237660    32.4707        318     0.2199 0.0000e+00
      5.000     6.2999   3.237865    32.4709        346     0.2393 0.0000e+00
      6.000     6.2853   3.237094    32.4758        376     0.2602 0.0000e+00
      7.000     6.2850   3.235899    32.4623        414     0.2869 0.0000e+00
      8.000     6.2977   3.235320    32.4434        446     0.3091 0.0000e+00
      9.000     6.3042   3.236909    32.4543        467     0.3236 0.0000e+00
     10.000     6.3016   3.237715    32.4652        484     0.3357 0.0000e+00
     11.000     6.3009   3.238002    32.4686        504     0.3490 0.0000e+00
     12.000     6.3009   3.238980    32.4790        536     0.3717 0.0000e+00
     13.000     6.2934   3.238578    32.4812        580     0.4018 0.0000e+00
     14.000     6.2918   3.237733    32.4729        604     0.4188 0.0000e+00
     15.000     6.2898   3.237493    32.4715        622     0.4314 0.0000e+00
     16.000     6.2852   3.237456    32.4750        640     0.4438 0.0000e+00
     17.000     6.2840   3.238316    32.4853        664     0.4602 0.0000e+00
     18.000     6.2990   3.238689    32.4746        708     0.4906 0.0000e+00
     19.000     6.2701   3.237666    32.4903        740     0.5134 0.0000e+00
     20.000     6.2611   3.236387    32.4842        762     0.5281 0.0000e+00
     21.000     6.2575   3.236110    32.4841        783     0.5431 0.0000e+00
     22.000     6.2525   3.236256    32.4900        808     0.5603 0.0000e+00
     23.000     6.2467   3.237320    32.5069        838     0.5816 0.0000e+00
     24.000     6.2400   3.236894    32.5081        870     0.6033 0.0000e+00
     25.000     6.2191   3.235453    32.5116        895     0.6209 0.0000e+00
     26.000     6.2036   3.233966    32.5094        918     0.6370 0.0000e+00
     27.000     6.1885   3.233561    32.5187        942     0.6537 0.0000e+00
     28.000     6.1632   3.234823    32.5566        969     0.6722 0.0000e+00
     29.000     6.1779   3.236385    32.5594       1002     0.6949 0.0000e+00
     30.000     6.1162   3.235064    32.6034       1039     0.7205 0.0000e+00
     31.000     6.0297   3.229891    32.6284       1067     0.7400 0.0000e+00
     32.000     5.9526   3.225767    32.6560       1088     0.7547 0.0000e+00
     33.000     5.8640   3.223868    32.7199       1106     0.7677 0.0000e+00
     34.000     5.8077   3.223278    32.7673       1125     0.7808 0.0000e+00
     35.000     5.7518   3.226679    32.8595       1148     0.7965 0.0000e+00
     36.000     5.7109   3.227981    32.9136       1191     0.8262 0.0000e+00
     37.000     5.6845   3.220850    32.8584       1240     0.8608 0.0000e+00
     38.000     5.6550   3.211017    32.7754       1258     0.8731 0.0000e+00
     39.000     5.6530   3.207738    32.7398       1274     0.8837 0.0000e+00
     40.000     5.6530   3.207750    32.7394       1289     0.8944 0.0000e+00
     41.000     5.6649   3.217011    32.8320       1309     0.9084 0.0000e+00
     42.000     5.6650   3.218733    32.8509       1355     0.9402 0.0000e+00
     43.000     5.6622   3.211918    32.7760       1394     0.9676 0.0000e+00
     44.000     5.6607   3.208885    32.7427       1415     0.9820 0.0000e+00
     45.000     5.6628   3.207793    32.7278       1435     0.9959 0.0000e+00
     46.000     5.6661   3.207047    32.7157       1459     1.0126 0.0000e+00
     47.000     5.6715   3.206618    32.7051       1491     1.0349 0.0000e+00
     48.000     5.7429   3.208207    32.6534       1525     1.0587 0.0000e+00
     49.000     5.8371   3.217110    32.6619       1553     1.0779 0.0000e+00
     50.000     5.8558   3.221769    32.6957       1574     1.0923 0.0000e+00
     51.000     5.8638   3.223948    32.7120       1592     1.1052 0.0000e+00
     52.000     5.8759   3.225751    32.7201       1612     1.1186 0.0000e+00
     53.000     5.8852   3.227413    32.7292       1644     1.1407 0.0000e+00
     54.000     5.8905   3.228396    32.7347       1709     1.1859 0.0000e+00
     55.000     5.9018   3.229691    32.7378       1731     1.2011 0.0000e+00
     56.000     5.9078   3.230565    32.7413       1748     1.2130 0.0000e+00
     57.000     5.9070   3.230606    32.7421       1763     1.2236 0.0000e+00
     58.000     5.9079   3.230739    32.7421       1779     1.2344 0.0000e+00
     59.000     5.9211   3.232289    32.7462       1799     1.2488 0.0000e+00
     60.000     5.9280   3.233283    32.7503       1843     1.2789 0.0000e+00
     61.000     5.9280   3.233383    32.7509       1885     1.3086 0.0000e+00
     62.000     5.9289   3.233524    32.7511       1909     1.3249 0.0000e+00
     63.000     5.9310   3.233788    32.7516       1930     1.3399 0.0000e+00
     64.000     5.9345   3.234249    32.7529       1953     1.3559 0.0000e+00
     65.000     5.9349   3.234365    32.7532       1982     1.3756 0.0000e+00
     66.000     5.9357   3.234487    32.7534       2016     1.3992 0.0000e+00
     67.000     5.9425   3.235350    32.7560       2394     1.6619 0.0000e+00
     66.000     5.9411   3.235150    32.7556       2720     1.8883 0.0000e+00
     65.000     5.9401   3.235014    32.7555       2757     1.9137 0.0000e+00
     64.000     5.9392   3.234863    32.7552       2790     1.9367 0.0000e+00
     63.000     5.9385   3.234743    32.7550       2824     1.9606 0.0000e+00
     62.000     5.9379   3.234626    32.7547       2846     1.9760 0.0000e+00
     61.000     5.9372   3.234492    32.7545       2865     1.9891 0.0000e+00
     60.000     5.9354   3.234283    32.7543       2885     2.0024 0.0000e+00
     59.000     5.9347   3.234000    32.7523       2909     2.0197 0.0000e+00
     58.000     5.9305   3.233626    32.7527       2950     2.0476 0.0000e+00
     57.000     5.9259   3.233063    32.7513       2980     2.0688 0.0000e+00
     56.000     5.9201   3.232261    32.7484       2998     2.0813 0.0000e+00
     55.000     5.9187   3.232035    32.7477       3014     2.0922 0.0000e+00
     54.000     5.9163   3.231720    32.7470       3031     2.1039 0.0000e+00
     53.000     5.9070   3.230556    32.7434       3066     2.1285 0.0000e+00
     52.000     5.8986   3.229391    32.7390       3125     2.1697 0.0000e+00
     51.000     5.8880   3.228145    32.7358       3143     2.1817 0.0000e+00
     50.000     5.8780   3.226834    32.7311       3157     2.1916 0.0000e+00
     49.000     5.8729   3.226154    32.7290       3170     2.2010 0.0000e+00
     48.000     5.8665   3.225297    32.7261       3185     2.2114 0.0000e+00
     47.000     5.8552   3.223952    32.7223       3207     2.2266 0.0000e+00
     46.000     5.8166   3.219442    32.7095       3254     2.2594 0.0000e+00
     45.000     5.7743   3.214662    32.6971       3290     2.2842 0.0000e+00
     44.000     5.6949   3.204665    32.6619       3312     2.2994 0.0000e+00
     43.000     5.6789   3.202463    32.6530       3333     2.3141 0.0000e+00
     42.000     5.6743   3.201842    32.6509       3357     2.3304 0.0000e+00
     41.000     5.6713   3.201452    32.6499       3382     2.3477 0.0000e+00
     40.000     5.6642   3.200507    32.6466       3405     2.3639 0.0000e+00
     39.000     5.6602   3.199829    32.6433       3427     2.3794 0.0000e+00
     38.000     5.6585   3.199552    32.6424       3453     2.3970 0.0000e+00
     37.000     5.6581   3.199410    32.6416       3482     2.4177 0.0000e+00
     36.000     5.6584   3.199300    32.6406       3511     2.4376 0.0000e+00
     35.000     5.6574   3.199063    32.6394       3539     2.4571 0.0000e+00
     34.000     5.6588   3.199008    32.6379       3570     2.4783 0.0000e+00
     33.000     5.6857   3.200377    32.6279       3598     2.4977 0.0000e+00
     32.000     5.7913   3.206729    32.5978       3621     2.5138 0.0000e+00
     31.000     5.8738   3.211893    32.5767       3642     2.5282 0.0000e+00
     30.000     5.9018   3.213489    32.5682       3662     2.5423 0.0000e+00
     29.000     5.9461   3.215670    32.5505       3684     2.5573 0.0000e+00
     28.000     6.0035   3.218362    32.5260       3708     2.5743 0.0000e+00
     27.000     6.0513   3.220830    32.5081       3737     2.5947 0.0000e+00
     26.000     6.1104   3.224140    32.4890       3773     2.6196 0.0000e+00
     25.000     6.1267   3.224953    32.4829       3806     2.6426 0.0000e+00
     24.000     6.2036   3.229428    32.4597       3832     2.6603 0.0000e+00
     23.000     6.2127   3.230412    32.4625       3853     2.6750 0.0000e+00
     22.000     6.2109   3.230387    32.4645       3874     2.6893 0.0000e+00
     21.000     6.2192   3.230999    32.4638       3895     2.7043 0.0000e+00
     20.000     6.2253   3.231434    32.4634       3919     2.7210 0.0000e+00
     19.000     6.2444   3.232680    32.4595       3944     2.7381 0.0000e+00
     18.000     6.2491   3.233181    32.4610       3969     2.7553 0.0000e+00
     17.000     6.2645   3.234363    32.4600       4005     2.7805 0.0000e+00
     16.000     6.2697   3.234757    32.4598       4049     2.8112 0.0000e+00
     15.000     6.2806   3.235578    32.4590       4070     2.8254 0.0000e+00
     14.000     6.2838   3.235809    32.4591       4086     2.8365 0.0000e+00
     13.000     6.2854   3.235913    32.4591       4101     2.8469 0.0000e+00
     12.000     6.2870   3.236019    32.4594       4117     2.8587 0.0000e+00
     11.000     6.2905   3.236125    32.4577       4142     2.8759 0.0000e+00
     10.000     6.2989   3.236916    32.4590       4192     2.9105 0.0000e+00
      9.000     6.3004   3.236945    32.4583       4225     2.9335 0.0000e+00
      8.000     6.3018   3.237008    32.4582       4243     2.9460 0.0000e+00
      7.000     6.3035   3.237050    32.4574       4260     2.9575 0.0000e+00
      6.000     6.3049   3.237082    32.4570       4279     2.9705 0.0000e+00
      5.000     6.3051   3.237049    32.4569       4305     2.9887 0.0000e+00
      4.000     6.3059   3.236940    32.4554       4342     3.0147 0.0000e+00
      3.000     6.3008   3.236109    32.4515       4383     3.0429 0.0000e+00
      2.000     6.2782   3.232367    32.4320       4485     3.1140 0.0000e+00
