HB2502/ctd192.cnv
* Sea-Bird SBE 9 Data File:
* FileName = C:\cruise\data\ctd192.hex
* Software Version Seasave V 7.26.7.121
* Temperature SN = 4591
* Conductivity SN = 6006
* Number of Bytes Per Scan = 37
* Number of Voltage Words = 4
* Number of Scans Averaged by the Deck Unit = 1
* NMEA Latitude = 42 03.20 N
* NMEA Longitude = 067 44.84 W
* NMEA UTC (Time) = May 08 2025 16:06:17
* NMEA baud rate = 4800
** Ship: Bigelow HB2502
** Program:  Spring Bottom Trawl
** Chief Scientist:Jon Galbraith
# nquan = 10
# nvalues = 345                         
# units = specified
# name 0 = depSM: Depth [salt water, m]
# name 1 = t090C: Temperature [ITS-90, deg C]
# name 2 = c0S/m: Conductivity [S/m]
# name 3 = sal00: Salinity, Practical [PSU]
# name 4 = scan: Scan Count
# name 5 = timeM: Time, Elapsed [minutes]
# name 6 = sbeox0Mg/L: Oxygen, SBE 43 [mg/l]
# name 7 = sbeox1Mg/L: Oxygen, SBE 43, 2 [mg/l]
# name 8 = par: PAR/Irradiance, Biospherical/Licor
# name 9 = flag: flag
# span 0 =      3.000,    175.000       
# span 1 =     5.5493,     9.3533       
# span 2 =   3.216218,   3.530654       
# span 3 =    32.6992,    34.1371       
# span 4 =        138,       9896       
# span 5 =     0.0952,     6.8716       
# span 6 =     6.0469,    10.8509       
# span 7 =     6.2067,    11.0880       
# span 8 = 1.0000e-12, 1.2199e+03       
# span 9 = 0.0000e+00, 0.0000e+00       
# interval = meters: 1                  
# start_time = May 08 2025 16:06:17 [NMEA time, header]
# bad_flag = -9.990e-29
*END*
[from data line 145]
    148.000     6.3403   3.336334    33.4565       4108     2.8518     7.5328     7.7030 1.0000e-12 0.0000e+00
    149.000     6.3616   3.339835    33.4740       4138     2.8727     7.4261     7.5663 1.0000e-12 0.0000e+00
    150.000     6.3895   3.343969    33.4921       4161     2.8892     7.3329     7.4887 1.0000e-12 0.0000e+00
    151.000     6.4033   3.346693    33.5084       4185     2.9053     7.2921     7.4580 1.0000e-12 0.0000e+00
    152.000     6.4060   3.347419    33.5133       4211     2.9239     7.2458     7.4394 1.0000e-12 0.0000e+00
    153.000     6.4217   3.350010    33.5261       4242     2.9450     7.2211     7.4136 1.0000e-12 0.0000e+00
    154.000     6.4398   3.353072    33.5419       4271     2.9656     7.2417     7.3906 1.0000e-12 0.0000e+00
    155.000     6.4498   3.354781    33.5506       4297     2.9834     7.2154     7.3669 1.0000e-12 0.0000e+00
    156.000     6.4515   3.355128    33.5522       4321     3.0001     7.1853     7.3354 1.0000e-12 0.0000e+00
    157.000     6.4575   3.356051    33.5561       4348     3.0189     7.1646     7.3112 1.0000e-12 0.0000e+00
    158.000     6.4657   3.357479    33.5634       4380     3.0410     7.1518     7.3133 1.0000e-12 0.0000e+00
    159.000     6.4914   3.361512    33.5824       4409     3.0610     7.1458     7.3290 1.0000e-12 0.0000e+00
    160.000     6.5407   3.370085    33.6284       4432     3.0770     7.1320     7.3168 1.0000e-12 0.0000e+00
    161.000     6.6382   3.385804    33.7060       4453     3.0917     7.1039     7.2766 1.0000e-12 0.0000e+00
    162.000     6.6844   3.394505    33.7562       4477     3.1082     7.0707     7.2248 1.0000e-12 0.0000e+00
    163.000     6.7418   3.404551    33.8100       4512     3.1323     6.9472     7.0546 1.0000e-12 0.0000e+00
    164.000     6.8219   3.418361    33.8828       4550     3.1588     6.7515     6.8902 1.0000e-12 0.0000e+00
    165.000     6.9088   3.432650    33.9537       4577     3.1776     6.6710     6.8218 1.0000e-12 0.0000e+00
    166.000     6.9528   3.440315    33.9941       4601     3.1942     6.6026     6.7440 1.0000e-12 0.0000e+00
    167.000     6.9957   3.447587    34.0310       4623     3.2101     6.5213     6.6482 1.0000e-12 0.0000e+00
    168.000     7.0402   3.455115    34.0691       4646     3.2254     6.4152     6.5386 1.0000e-12 0.0000e+00
    169.000     7.0665   3.459956    34.0956       4668     3.2406     6.3276     6.4481 1.0000e-12 0.0000e+00
    170.000     7.0785   3.462149    34.1073       4693     3.2581     6.2403     6.3658 1.0000e-12 0.0000e+00
    171.000     7.0920   3.464710    34.1215       4732     3.2856     6.1327     6.2838 1.0000e-12 0.0000e+00
    172.000     7.0946   3.465307    34.1250       4773     3.3142     6.0964     6.2488 1.0000e-12 0.0000e+00
    173.000     7.0982   3.465897    34.1274       4798     3.3315     6.0846     6.2312 1.0000e-12 0.0000e+00
    174.000     7.1014   3.466565    34.1310       4819     3.3456     6.0773     6.2332 1.0000e-12 0.0000e+00
    175.000     7.1023   3.467094    34.1354       5018     3.4844     6.0954     6.2358 1.0000e-12 0.0000e+00
    174.000     7.1029   3.467256    34.1371       5182     3.5981     6.0756     6.2071 1.0000e-12 0.0000e+00
    173.000     7.1005   3.466877    34.1358       5217     3.6220     6.0507     6.2067 1.0000e-12 0.0000e+00
    172.000     7.0949   3.465950    34.1317       5246     3.6421     6.0469     6.2189 1.0000e-12 0.0000e+00
    171.000     7.0885   3.464907    34.1271       5272     3.6602     6.0656     6.2320 1.0000e-12 0.0000e+00
    170.000     7.0771   3.463095    34.1190       5296     3.6769     6.0670     6.2369 1.0000e-12 0.0000e+00
    169.000     7.0767   3.462900    34.1177       5320     3.6939     6.0676     6.2548 1.0000e-12 0.0000e+00
    168.000     7.0626   3.460803    34.1092       5347     3.7124     6.1049     6.2753 1.0000e-12 0.0000e+00
    167.000     7.0341   3.456109    34.0865       5376     3.7324     6.1271     6.2765 1.0000e-12 0.0000e+00
    166.000     6.9842   3.448214    34.0497       5404     3.7524     6.1345     6.2860 1.0000e-12 0.0000e+00
    165.000     6.9274   3.438651    34.0014       5430     3.7702     6.1747     6.3207 1.0000e-12 0.0000e+00
    164.000     6.8952   3.433173    33.9734       5453     3.7863     6.2247     6.3638 1.0000e-12 0.0000e+00
    163.000     6.8241   3.421827    33.9193       5476     3.8023     6.2924     6.4489 1.0000e-12 0.0000e+00
    162.000     6.7362   3.406423    33.8367       5502     3.8198     6.3632     6.5429 1.0000e-12 0.0000e+00
    161.000     6.6794   3.396257    33.7810       5529     3.8389     6.4352     6.6265 1.0000e-12 0.0000e+00
    160.000     6.6355   3.389163    33.7463       5556     3.8579     6.5900     6.7759 1.0000e-12 0.0000e+00
    159.000     6.5363   3.372481    33.6598       5584     3.8774     6.7825     6.9367 1.0000e-12 0.0000e+00
    158.000     6.4913   3.363710    33.6073       5613     3.8970     6.8553     6.9987 1.0000e-12 0.0000e+00
    157.000     6.4733   3.360040    33.5849       5639     3.9153     6.8725     7.0733 1.0000e-12 0.0000e+00
    156.000     6.4713   3.359457    33.5808       5663     3.9321     6.9727     7.1852 1.0000e-12 0.0000e+00
    155.000     6.4735   3.359682    33.5817       5689     3.9497     7.0916     7.2790 1.0000e-12 0.0000e+00
    154.000     6.4669   3.358649    33.5772       5715     3.9678     7.1634     7.3145 1.0000e-12 0.0000e+00
    153.000     6.4487   3.355830    33.5643       5739     3.9847     7.1830     7.3185 1.0000e-12 0.0000e+00
    152.000     6.4164   3.350625    33.5387       5762     4.0004     7.1531     7.3115 1.0000e-12 0.0000e+00
    151.000     6.4003   3.347653    33.5220       5785     4.0163     7.1488     7.2955 1.0000e-12 0.0000e+00
    150.000     6.3893   3.345605    33.5105       5811     4.0349     7.1680     7.3063 1.0000e-12 0.0000e+00
    149.000     6.3728   3.343101    33.4994       5843     4.0573     7.2306     7.3737 1.0000e-12 0.0000e+00
    148.000     6.3455   3.338772    33.4785       5876     4.0799     7.2594     7.4168 1.0000e-12 0.0000e+00
    147.000     6.3246   3.335186    33.4597       5902     4.0982     7.2597     7.4127 1.0000e-12 0.0000e+00
    146.000     6.2900   3.330413    33.4409       5924     4.1132     7.2787     7.4207 1.0000e-12 0.0000e+00
    145.000     6.2242   3.319895    33.3887       5944     4.1268     7.2979     7.4711 1.0000e-12 0.0000e+00
    144.000     6.1941   3.314996    33.3640       5963     4.1404     7.3196     7.5084 1.0000e-12 0.0000e+00
    143.000     6.1844   3.313019    33.3520       5987     4.1570     7.3346     7.5367 1.0000e-12 0.0000e+00
    142.000     6.1506   3.307940    33.3289       6020     4.1800     7.4749     7.6596 1.0000e-12 0.0000e+00
    141.000     6.1205   3.303441    33.3086       6054     4.2037     7.6231     7.7581 1.0000e-12 0.0000e+00
    140.000     6.0651   3.295545    33.2751       6079     4.2211     7.6585     7.8102 1.0000e-12 0.0000e+00
    139.000     6.0246   3.289473    33.2472       6101     4.2358     7.6970     7.8554 1.0000e-12 0.0000e+00
    138.000     6.0145   3.287832    33.2392       6121     4.2503     7.7070     7.8784 1.0000e-12 0.0000e+00
    137.000     6.0028   3.286143    33.2323       6145     4.2665     7.7347     7.9488 1.0000e-12 0.0000e+00
    136.000     5.9636   3.280825    33.2115       6172     4.2851     7.8119     8.0390 1.0000e-12 0.0000e+00
    135.000     5.8903   3.270481    33.1676       6199     4.3040     7.8719     8.0931 1.0000e-12 0.0000e+00
    134.000     5.8538   3.265235    33.1449       6224     4.3217     7.9039     8.1221 1.0000e-12 0.0000e+00
    133.000     5.8410   3.263321    33.1364       6250     4.3396     7.9827     8.2223 1.0000e-12 0.0000e+00
    132.000     5.8023   3.258305    33.1183       6278     4.3591     8.1257     8.3554 1.0000e-12 0.0000e+00
    131.000     5.7577   3.251779    33.0890       6307     4.3791     8.2435     8.4255 1.0000e-12 0.0000e+00
    130.000     5.7542   3.251256    33.0870       6334     4.3978     8.2569     8.4600 1.0000e-12 0.0000e+00
    129.000     5.7673   3.251486    33.0772       6357     4.4140     8.3191     8.5283 1.0000e-12 0.0000e+00
    128.000     5.7749   3.251443    33.0698       6379     4.4290     8.3939     8.5881 1.0000e-12 0.0000e+00
    127.000     5.8009   3.251453    33.0450       6401     4.4444     8.4453     8.6064 1.0000e-12 0.0000e+00
    126.000     5.8253   3.252829    33.0371       6428     4.4633     8.4733     8.6455 1.0000e-12 0.0000e+00
    125.000     5.8308   3.253048    33.0347       6464     4.4881     8.5135     8.7242 1.0000e-12 0.0000e+00
    124.000     5.8316   3.252907    33.0328       6494     4.5090     8.5452     8.7712 1.0000e-12 0.0000e+00
    123.000     5.8321   3.252773    33.0314       6516     4.5241     8.5564     8.7730 1.0000e-12 0.0000e+00
    122.000     5.8324   3.252632    33.0300       6536     4.5379     8.5649     8.7649 1.0000e-12 0.0000e+00
    121.000     5.8337   3.252280    33.0252       6557     4.5525     8.5888     8.7596 1.0000e-12 0.0000e+00
    120.000     5.8350   3.251598    33.0167       6580     4.5687     8.6009     8.7653 1.0000e-12 0.0000e+00
    119.000     5.8332   3.251018    33.0125       6606     4.5871     8.5917     8.7710 1.0000e-12 0.0000e+00
    118.000     5.8326   3.250774    33.0108       6639     4.6094     8.5957     8.7720 1.0000e-12 0.0000e+00
    117.000     5.8324   3.250582    33.0093       6673     4.6332     8.6000     8.7947 1.0000e-12 0.0000e+00
    116.000     5.8309   3.250212    33.0072       6700     4.6524     8.6603     8.8313 1.0000e-12 0.0000e+00
    115.000     5.8253   3.249367    33.0036       6724     4.6688     8.6543     8.8370 1.0000e-12 0.0000e+00
    114.000     5.8211   3.248670    33.0004       6746     4.6843     8.6448     8.8341 1.0000e-12 0.0000e+00
    113.000     5.8199   3.248473    32.9998       6769     4.6997     8.6705     8.8428 1.0000e-12 0.0000e+00
    112.000     5.8185   3.248246    32.9991       6792     4.7160     8.6773     8.8438 1.0000e-12 0.0000e+00
    111.000     5.8184   3.248160    32.9987       6819     4.7345     8.6830     8.8577 1.0000e-12 0.0000e+00
    110.000     5.8123   3.247463    32.9973       6848     4.7549     8.6963     8.8852 1.0000e-12 0.0000e+00
    109.000     5.7819   3.244159    32.9904       6877     4.7753     8.7339     8.8895 1.0000e-12 0.0000e+00
    108.000     5.7434   3.239711    32.9783       6905     4.7945     8.7351     8.8874 1.0000e-12 0.0000e+00
    107.000     5.7354   3.238368    32.9714       6934     4.8145     8.7220     8.8893 1.0000e-12 0.0000e+00
    106.000     5.7210   3.236315    32.9629       6963     4.8349     8.7637     8.9303 1.0000e-12 0.0000e+00
    105.000     5.6112   3.224654    32.9388       6987     4.8517     8.8246     8.9853 1.0000e-12 0.0000e+00
    104.000     5.5590   3.216218    32.8949       7008     4.8658     8.8483     8.9860 1.0000e-12 0.0000e+00
    103.000     5.5945   3.217399    32.8741       7028     4.8799     8.8363     8.9763 1.0000e-12 0.0000e+00
    102.000     5.6748   3.222519    32.8542       7053     4.8972     8.8772     9.0950 1.0000e-12 0.0000e+00
    101.000     5.7270   3.225683    32.8395       7088     4.9216     9.1069     9.4210 1.0000e-12 0.0000e+00
    100.000     5.7712   3.229130    32.8359       7125     4.9471     9.3722     9.6432 1.0000e-12 0.0000e+00
     99.000     5.8192   3.233055    32.8339       7153     4.9668     9.4810     9.7074 1.0000e-12 0.0000e+00
     98.000     5.9130   3.241281    32.8357       7177     4.9836     9.4867     9.6830 1.0000e-12 0.0000e+00
     97.000     5.9930   3.248741    32.8424       7201     5.0001     9.4828     9.6700 1.0000e-12 0.0000e+00
     96.000     6.0072   3.250142    32.8447       7225     5.0165     9.4820     9.6765 1.0000e-12 0.0000e+00
     95.000     6.0144   3.250819    32.8458       7248     5.0326     9.4405     9.6301 1.0000e-12 0.0000e+00
     94.000     6.0175   3.251128    32.8468       7272     5.0492     9.3925     9.5520 1.0000e-12 0.0000e+00
     93.000     6.0197   3.251347    32.8476       7300     5.0688     9.3615     9.5181 1.0000e-12 0.0000e+00
     92.000     6.0293   3.252187    32.8483       7336     5.0935     9.3373     9.5205 2.7971e-05 0.0000e+00
     91.000     6.0439   3.253364    32.8478       7371     5.1184     9.3337     9.5252 2.8617e-03 0.0000e+00
     90.000     6.0556   3.254119    32.8454       7399     5.1378     9.3527     9.5336 3.3632e-03 0.0000e+00
     89.000     6.0610   3.254366    32.8434       7421     5.1527     9.3529     9.5344 3.2012e-03 0.0000e+00
     88.000     6.0796   3.255685    32.8407       7440     5.1660     9.3624     9.5331 6.7394e-03 0.0000e+00
     87.000     6.1078   3.258100    32.8408       7459     5.1794     9.3689     9.5382 1.1273e-02 0.0000e+00
     86.000     6.1194   3.259310    32.8436       7482     5.1951     9.3736     9.5465 1.8313e-02 0.0000e+00
     85.000     6.2169   3.268331    32.8505       7514     5.2173     9.3445     9.5231 2.8631e-02 0.0000e+00
     84.000     6.3750   3.282562    32.8566       7557     5.2471     9.2926     9.5088 3.7954e-02 0.0000e+00
     83.000     6.4531   3.289497    32.8588       7589     5.2693     9.2680     9.4771 4.5747e-02 0.0000e+00
     82.000     6.4757   3.291459    32.8593       7612     5.2854     9.2580     9.4330 4.6478e-02 0.0000e+00
     81.000     6.4865   3.292448    32.8603       7633     5.3001     9.2408     9.4128 5.8123e-02 0.0000e+00
     80.000     6.4931   3.293035    32.8609       7654     5.3146     9.2187     9.3953 6.6832e-02 0.0000e+00
     79.000     6.4964   3.293317    32.8613       7677     5.3304     9.2016     9.4005 8.1706e-02 0.0000e+00
     78.000     6.5008   3.293635    32.8611       7705     5.3497     9.2225     9.4248 9.9133e-02 0.0000e+00
     77.000     6.5061   3.294006    32.8606       7739     5.3736     9.2319     9.4363 1.0816e-01 0.0000e+00
     76.000     6.5085   3.294169    32.8606       7772     5.3966     9.2603     9.4401 1.1941e-01 0.0000e+00
     75.000     6.5129   3.294382    32.8592       7797     5.4142     9.2736     9.4538 1.4847e-01 0.0000e+00
     74.000     6.5147   3.294453    32.8588       7819     5.4293     9.2646     9.4725 1.6540e-01 0.0000e+00
     73.000     6.5255   3.295261    32.8578       7841     5.4441     9.2517     9.4729 1.8719e-01 0.0000e+00
     72.000     6.5344   3.295961    32.8574       7865     5.4610     9.2621     9.4756 2.0799e-01 0.0000e+00
     71.000     6.5478   3.296816    32.8545       7897     5.4831     9.2856     9.4743 2.4550e-01 0.0000e+00
     70.000     6.5672   3.297642    32.8455       7933     5.5082     9.2793     9.4660 2.7232e-01 0.0000e+00
     69.000     6.5780   3.297814    32.8375       7960     5.5270     9.2869     9.4962 2.9584e-01 0.0000e+00
     68.000     6.5842   3.298091    32.8351       7982     5.5421     9.3058     9.5320 3.2992e-01 0.0000e+00
     67.000     6.5996   3.298924    32.8300       8003     5.5570     9.3494     9.5456 3.6581e-01 0.0000e+00
     66.000     6.6227   3.300524    32.8260       8027     5.5737     9.3934     9.5620 4.0947e-01 0.0000e+00
     65.000     6.6481   3.302516    32.8241       8055     5.5931     9.4166     9.6165 4.6015e-01 0.0000e+00
     64.000     6.6611   3.303580    32.8238       8085     5.6137     9.4447     9.6616 5.1791e-01 0.0000e+00
     63.000     6.6684   3.304161    32.8237       8114     5.6341     9.4387     9.6877 5.7753e-01 0.0000e+00
     62.000     6.6717   3.304447    32.8242       8144     5.6549     9.4723     9.7003 6.2618e-01 0.0000e+00
     61.000     6.6746   3.304715    32.8248       8172     5.6741     9.4904     9.6912 6.8740e-01 0.0000e+00
     60.000     6.6785   3.305018    32.8250       8194     5.6899     9.4837     9.6949 7.5832e-01 0.0000e+00
