HB2502/ctd124.cnv
* Sea-Bird SBE 9 Data File:
* FileName = C:\cruise\data\ctd124.hex
* Software Version Seasave V 7.26.7.121
* Temperature SN = 6768
* Conductivity SN = 6166
* Number of Bytes Per Scan = 37
* Number of Voltage Words = 4
* Number of Scans Averaged by the Deck Unit = 1
* NMEA Latitude = 39 54.81 N
* NMEA Longitude = 069 43.64 W
* NMEA UTC (Time) = Apr 06 2025 17:46:40
* NMEA baud rate = 4800
** Ship: Bigelow HB2502
** Program:  Spring Bottom Trawl
** Chief Scientist:Jon Galbraith
# nquan = 7
# nvalues = 571                         
# units = specified
# name 0 = depSM: Depth [salt water, m]
# name 1 = t090C: Temperature [ITS-90, deg C]
# name 2 = c0S/m: Conductivity [S/m]
# name 3 = sal00: Salinity, Practical [PSU]
# name 4 = scan: Scan Count
# name 5 = timeM: Time, Elapsed [minutes]
# name 6 = flag: flag
# span 0 =      3.000,    288.000       
# span 1 =     4.6814,    11.1369       
# span 2 =   3.080005,   3.938850       
# span 3 =    31.3278,    35.1815       
# span 4 =        142,      16444       
# span 5 =     0.0978,    11.4188       
# span 6 = 0.0000e+00, 0.0000e+00       
# interval = meters: 1                  
# start_time = Apr 06 2025 17:46:40 [NMEA time, header]
# bad_flag = -9.990e-29
*END*
[from data line 206]
    209.000     9.1367   3.744677    35.0796       6121     4.2497 0.0000e+00
    210.000     9.1127   3.743752    35.0930       6163     4.2793 0.0000e+00
    211.000     8.9401   3.728030    35.0980       6189     4.2971 0.0000e+00
    212.000     8.8074   3.714639    35.0879       6210     4.3116 0.0000e+00
    213.000     8.7632   3.709994    35.0822       6231     4.3266 0.0000e+00
    214.000     8.6727   3.700539    35.0716       6257     4.3443 0.0000e+00
    215.000     8.5760   3.690669    35.0625       6289     4.3667 0.0000e+00
    216.000     8.5728   3.690226    35.0606       6324     4.3909 0.0000e+00
    217.000     8.5695   3.689841    35.0593       6351     4.4098 0.0000e+00
    218.000     8.5187   3.684775    35.0556       6375     4.4264 0.0000e+00
    219.000     8.4727   3.680117    35.0513       6399     4.4432 0.0000e+00
    220.000     8.4609   3.678859    35.0493       6426     4.4616 0.0000e+00
    221.000     8.4293   3.675734    35.0470       6453     4.4805 0.0000e+00
    222.000     8.4211   3.674977    35.0465       6479     4.4990 0.0000e+00
    223.000     8.4162   3.674487    35.0457       6505     4.5165 0.0000e+00
    224.000     8.3878   3.671722    35.0441       6531     4.5349 0.0000e+00
    225.000     8.3017   3.663168    35.0382       6560     4.5551 0.0000e+00
    226.000     8.2886   3.661735    35.0355       6591     4.5766 0.0000e+00
    227.000     8.2887   3.661699    35.0345       6620     4.5965 0.0000e+00
    228.000     8.2850   3.661324    35.0338       6643     4.6124 0.0000e+00
    229.000     8.2743   3.660335    35.0334       6666     4.6284 0.0000e+00
    230.000     8.2700   3.659982    35.0334       6696     4.6490 0.0000e+00
    231.000     8.2606   3.659029    35.0321       6730     4.6729 0.0000e+00
    232.000     8.2401   3.657093    35.0313       6757     4.6916 0.0000e+00
    233.000     8.2141   3.654621    35.0304       6778     4.7064 0.0000e+00
    234.000     8.1841   3.651805    35.0297       6799     4.7208 0.0000e+00
    235.000     8.1567   3.649158    35.0283       6825     4.7392 0.0000e+00
    236.000     8.1110   3.644753    35.0263       6861     4.7641 0.0000e+00
    237.000     8.0678   3.640647    35.0249       6892     4.7852 0.0000e+00
    238.000     8.0397   3.637945    35.0235       6913     4.8000 0.0000e+00
    239.000     7.9804   3.632358    35.0223       6933     4.8138 0.0000e+00
    240.000     7.9585   3.630208    35.0207       6959     4.8320 0.0000e+00
    241.000     7.9487   3.629180    35.0190       6999     4.8599 0.0000e+00
    242.000     7.9425   3.628585    35.0183       7029     4.8805 0.0000e+00
    243.000     7.8761   3.622435    35.0181       7050     4.8952 0.0000e+00
    244.000     7.8379   3.618759    35.0163       7070     4.9091 0.0000e+00
    245.000     7.8359   3.618506    35.0150       7093     4.9252 0.0000e+00
    246.000     7.8168   3.616609    35.0132       7127     4.9484 0.0000e+00
    247.000     7.7699   3.612174    35.0119       7163     4.9739 0.0000e+00
    248.000     7.7390   3.609277    35.0112       7189     4.9918 0.0000e+00
    249.000     7.6755   3.603290    35.0097       7211     5.0066 0.0000e+00
    250.000     7.6740   3.603050    35.0081       7232     5.0214 0.0000e+00
    251.000     7.6699   3.602645    35.0073       7256     5.0382 0.0000e+00
    252.000     7.6627   3.601923    35.0063       7287     5.0594 0.0000e+00
    253.000     7.6635   3.601968    35.0055       7322     5.0840 0.0000e+00
    254.000     7.6646   3.602102    35.0053       7353     5.1053 0.0000e+00
    255.000     7.6660   3.602254    35.0050       7377     5.1222 0.0000e+00
    256.000     7.6658   3.602249    35.0048       7397     5.1361 0.0000e+00
    257.000     7.6658   3.602254    35.0043       7417     5.1497 0.0000e+00
    258.000     7.6628   3.602003    35.0041       7442     5.1672 0.0000e+00
    259.000     7.6632   3.602061    35.0038       7481     5.1941 0.0000e+00
    260.000     7.6590   3.601693    35.0036       7513     5.2167 0.0000e+00
    261.000     7.6571   3.601557    35.0035       7536     5.2324 0.0000e+00
    262.000     7.6559   3.601456    35.0031       7559     5.2487 0.0000e+00
    263.000     7.6440   3.600390    35.0031       7588     5.2685 0.0000e+00
    264.000     7.6192   3.598151    35.0032       7616     5.2883 0.0000e+00
    265.000     7.5879   3.595248    35.0028       7642     5.3059 0.0000e+00
    266.000     7.5634   3.592954    35.0021       7668     5.3243 0.0000e+00
    267.000     7.5440   3.591206    35.0021       7698     5.3451 0.0000e+00
    268.000     7.5238   3.589444    35.0027       7725     5.3639 0.0000e+00
    269.000     7.4949   3.586606    35.0005       7746     5.3785 0.0000e+00
    270.000     7.4712   3.584262    34.9985       7766     5.3925 0.0000e+00
    271.000     7.4444   3.581652    34.9966       7796     5.4130 0.0000e+00
    272.000     7.4277   3.579991    34.9948       7848     5.4494 0.0000e+00
    273.000     7.3962   3.577104    34.9946       7871     5.4650 0.0000e+00
    274.000     7.3868   3.576300    34.9949       7885     5.4751 0.0000e+00
    275.000     7.3879   3.576388    34.9942       7899     5.4847 0.0000e+00
    276.000     7.3876   3.576378    34.9939       7916     5.4963 0.0000e+00
    277.000     7.3861   3.576243    34.9935       7962     5.5285 0.0000e+00
    278.000     7.3828   3.575966    34.9933       8010     5.5615 0.0000e+00
    279.000     7.3814   3.575882    34.9933       8027     5.5736 0.0000e+00
    280.000     7.3805   3.575825    34.9931       8044     5.5851 0.0000e+00
    281.000     7.3808   3.575873    34.9928       8063     5.5983 0.0000e+00
    282.000     7.3799   3.575819    34.9926       8095     5.6208 0.0000e+00
    283.000     7.3787   3.575711    34.9922       8135     5.6487 0.0000e+00
    284.000     7.3769   3.575602    34.9923       8158     5.6648 0.0000e+00
    285.000     7.3733   3.575285    34.9920       8179     5.6791 0.0000e+00
    286.000     7.3758   3.575558    34.9919       8202     5.6951 0.0000e+00
    287.000     7.3768   3.575628    34.9912       8438     5.8587 0.0000e+00
    288.000     7.3818   3.576093    34.9907       8866     6.1562 0.0000e+00
    287.000     7.3813   3.576011    34.9909       8810     6.1176 0.0000e+00
    286.000     7.3811   3.575949    34.9908       8891     6.1737 0.0000e+00
    285.000     7.3814   3.575911    34.9906       8971     6.2289 0.0000e+00
    284.000     7.3813   3.575869    34.9908       8988     6.2407 0.0000e+00
    283.000     7.3807   3.575775    34.9908       9019     6.2628 0.0000e+00
    282.000     7.3810   3.575751    34.9907       9060     6.2912 0.0000e+00
    281.000     7.3826   3.575850    34.9908       9085     6.3084 0.0000e+00
    280.000     7.3835   3.575895    34.9908       9104     6.3217 0.0000e+00
    279.000     7.3837   3.575869    34.9908       9123     6.3345 0.0000e+00
    278.000     7.3842   3.575853    34.9906       9145     6.3498 0.0000e+00
    277.000     7.3844   3.575819    34.9905       9182     6.3758 0.0000e+00
    276.000     7.3847   3.575781    34.9903       9222     6.4037 0.0000e+00
    275.000     7.3855   3.575791    34.9901       9244     6.4189 0.0000e+00
    274.000     7.3842   3.575618    34.9901       9264     6.4324 0.0000e+00
    273.000     7.3936   3.576364    34.9892       9284     6.4468 0.0000e+00
    272.000     7.4143   3.578219    34.9891       9309     6.4642 0.0000e+00
    271.000     7.4388   3.580488    34.9895       9336     6.4830 0.0000e+00
    270.000     7.4592   3.582433    34.9906       9364     6.5024 0.0000e+00
    269.000     7.4817   3.584741    34.9936       9398     6.5259 0.0000e+00
    268.000     7.5032   3.586674    34.9934       9430     6.5477 0.0000e+00
    267.000     7.5253   3.588868    34.9955       9452     6.5630 0.0000e+00
    266.000     7.5291   3.589314    34.9970       9470     6.5760 0.0000e+00
    265.000     7.5363   3.589873    34.9964       9490     6.5899 0.0000e+00
    264.000     7.5558   3.591637    34.9963       9520     6.6105 0.0000e+00
    263.000     7.6134   3.596531    34.9920       9561     6.6387 0.0000e+00
    262.000     7.6321   3.598588    34.9960       9586     6.6562 0.0000e+00
    261.000     7.6470   3.599936    34.9961       9605     6.6694 0.0000e+00
    260.000     7.6493   3.600237    34.9976       9624     6.6826 0.0000e+00
    259.000     7.6520   3.600504    34.9982       9650     6.7005 0.0000e+00
    258.000     7.6558   3.600870    34.9989       9690     6.7284 0.0000e+00
    257.000     7.6554   3.600833    34.9993       9719     6.7483 0.0000e+00
    256.000     7.6580   3.601016    34.9992       9739     6.7622 0.0000e+00
    255.000     7.6578   3.600976    34.9995       9758     6.7760 0.0000e+00
    254.000     7.6579   3.600966    34.9997       9784     6.7938 0.0000e+00
    253.000     7.6596   3.601098    34.9999       9825     6.8223 0.0000e+00
    252.000     7.6593   3.601012    34.9998       9853     6.8417 0.0000e+00
    251.000     7.6604   3.601094    35.0001       9871     6.8540 0.0000e+00
    250.000     7.6645   3.601408    34.9999       9887     6.8651 0.0000e+00
    249.000     7.6745   3.602339    35.0004       9906     6.8784 0.0000e+00
    248.000     7.7123   3.605867    35.0011       9951     6.9100 0.0000e+00
    247.000     7.7280   3.607217    35.0004       9989     6.9362 0.0000e+00
    246.000     7.7796   3.612115    35.0021      10006     6.9481 0.0000e+00
    245.000     7.8117   3.615163    35.0033      10022     6.9593 0.0000e+00
    244.000     7.8262   3.616558    35.0042      10041     6.9720 0.0000e+00
    243.000     7.8825   3.621934    35.0063      10083     7.0012 0.0000e+00
    242.000     7.9299   3.626264    35.0059      10125     7.0305 0.0000e+00
    241.000     7.9384   3.627274    35.0087      10140     7.0410 0.0000e+00
    240.000     7.9450   3.627863    35.0089      10154     7.0508 0.0000e+00
    239.000     7.9625   3.629454    35.0090      10170     7.0618 0.0000e+00
    238.000     8.0294   3.635814    35.0110      10205     7.0861 0.0000e+00
    237.000     8.0801   3.640534    35.0115      10254     7.1198 0.0000e+00
    236.000     8.1137   3.643877    35.0141      10274     7.1339 0.0000e+00
    235.000     8.1406   3.646466    35.0156      10292     7.1466 0.0000e+00
    234.000     8.1595   3.648297    35.0168      10313     7.1614 0.0000e+00
    233.000     8.1888   3.651059    35.0176      10341     7.1806 0.0000e+00
    232.000     8.2006   3.652216    35.0187      10370     7.2007 0.0000e+00
    231.000     8.2214   3.654235    35.0200      10398     7.2204 0.0000e+00
    230.000     8.2422   3.656344    35.0223      10429     7.2417 0.0000e+00
    229.000     8.2612   3.658194    35.0236      10458     7.2619 0.0000e+00
    228.000     8.2772   3.659670    35.0239      10482     7.2783 0.0000e+00
    227.000     8.2852   3.660438    35.0246      10503     7.2929 0.0000e+00
    226.000     8.2922   3.661106    35.0252      10524     7.3078 0.0000e+00
    225.000     8.3198   3.663818    35.0271      10550     7.3255 0.0000e+00
    224.000     8.3773   3.669462    35.0305      10580     7.3468 0.0000e+00
    223.000     8.3639   3.668011    35.0288      10611     7.3682 0.0000e+00
    222.000     8.4003   3.671712    35.0325      10639     7.3874 0.0000e+00
    221.000     8.4193   3.673553    35.0338      10665     7.4056 0.0000e+00
    220.000     8.4275   3.674355    35.0345      10691     7.4235 0.0000e+00
    219.000     8.4509   3.676565    35.0353      10715     7.4399 0.0000e+00
    218.000     8.4983   3.681422    35.0402      10738     7.4562 0.0000e+00
    217.000     8.5292   3.684486    35.0425      10766     7.4756 0.0000e+00
    216.000     8.5985   3.691356    35.0470      10800     7.4992 0.0000e+00
    215.000     8.6345   3.694435    35.0444      10827     7.5180 0.0000e+00
    214.000     8.7188   3.703571    35.0580      10848     7.5327 0.0000e+00
    213.000     8.7508   3.706817    35.0611      10870     7.5476 0.0000e+00
    212.000     8.8827   3.719770    35.0675      10898     7.5672 0.0000e+00
    211.000     9.0110   3.731988    35.0697      10931     7.5904 0.0000e+00
    210.000     8.9792   3.728646    35.0664      10955     7.6072 0.0000e+00
    209.000     9.0863   3.736749    35.0463      10976     7.6212 0.0000e+00
    208.000     9.1177   3.740053    35.0504      10997     7.6361 0.0000e+00
    207.000     9.1487   3.742737    35.0485      11034     7.6617 0.0000e+00
    206.000     9.1632   3.743877    35.0466      11077     7.6916 0.0000e+00
    205.000     9.1988   3.747076    35.0455      11098     7.7061 0.0000e+00
    204.000     9.2262   3.749390    35.0432      11114     7.7177 0.0000e+00
    203.000     9.2328   3.749774    35.0412      11130     7.7285 0.0000e+00
    202.000     9.2536   3.751552    35.0398      11147     7.7406 0.0000e+00
    201.000     9.3105   3.756532    35.0362      11178     7.7617 0.0000e+00
    200.000     9.3690   3.761636    35.0325      11238     7.8035 0.0000e+00
    199.000     9.3797   3.762515    35.0317      11257     7.8166 0.0000e+00
    198.000     9.3940   3.763788    35.0314      11272     7.8274 0.0000e+00
    197.000     9.4047   3.764783    35.0317      11287     7.8377 0.0000e+00
    196.000     9.4137   3.765691    35.0328      11305     7.8497 0.0000e+00
    195.000     9.4501   3.769294    35.0350      11343     7.8763 0.0000e+00
    194.000     9.4661   3.771091    35.0384      11388     7.9077 0.0000e+00
    193.000     9.5100   3.775368    35.0403      11408     7.9213 0.0000e+00
    192.000     9.5523   3.779726    35.0445      11426     7.9340 0.0000e+00
    191.000     9.6133   3.785975    35.0501      11449     7.9502 0.0000e+00
    190.000     9.7014   3.794821    35.0559      11482     7.9730 0.0000e+00
    189.000     9.7190   3.796423    35.0557      11508     7.9909 0.0000e+00
    188.000     9.7804   3.802900    35.0631      11527     8.0041 0.0000e+00
    187.000     9.8293   3.807735    35.0657      11546     8.0170 0.0000e+00
    186.000     9.8932   3.814662    35.0751      11570     8.0338 0.0000e+00
    185.000     9.9604   3.822014    35.0856      11603     8.0569 0.0000e+00
    184.000     9.9529   3.821216    35.0852      11635     8.0790 0.0000e+00
    183.000     9.9801   3.824205    35.0898      11665     8.0999 0.0000e+00
    182.000    10.0668   3.833272    35.0989      11690     8.1175 0.0000e+00
    181.000    10.0848   3.835726    35.1070      11710     8.1313 0.0000e+00
    180.000    10.1270   3.840400    35.1142      11729     8.1441 0.0000e+00
    179.000    10.1651   3.844622    35.1208      11749     8.1586 0.0000e+00
    178.000    10.2390   3.852168    35.1265      11784     8.1827 0.0000e+00
    177.000    10.3214   3.859696    35.1238      11822     8.2091 0.0000e+00
    176.000    10.3837   3.866932    35.1374      11845     8.2248 0.0000e+00
    175.000    10.4399   3.872868    35.1438      11865     8.2387 0.0000e+00
    174.000    10.4728   3.876787    35.1522      11887     8.2543 0.0000e+00
    173.000    10.5240   3.882095    35.1569      11911     8.2709 0.0000e+00
    172.000    10.5404   3.883806    35.1588      11933     8.2863 0.0000e+00
    171.000    10.5958   3.889470    35.1630      11957     8.3031 0.0000e+00
    170.000    10.6429   3.894280    35.1666      11996     8.3301 0.0000e+00
    169.000    10.7386   3.902564    35.1584      12032     8.3547 0.0000e+00
    168.000    10.7625   3.904997    35.1603      12050     8.3672 0.0000e+00
    167.000    10.7854   3.906918    35.1581      12065     8.3780 0.0000e+00
    166.000    10.7874   3.906939    35.1569      12082     8.3893 0.0000e+00
    165.000    10.7801   3.905165    35.1465      12109     8.4085 0.0000e+00
    164.000    10.7985   3.905489    35.1326      12160     8.4435 0.0000e+00
