HB2502/ctd178.cnv
* Sea-Bird SBE 9 Data File:
* FileName = C:\cruise\data\ctd178.hex
* Software Version Seasave V 7.26.7.121
* Temperature SN = 4591
* Conductivity SN = 6006
* Number of Bytes Per Scan = 37
* Number of Voltage Words = 4
* Number of Scans Averaged by the Deck Unit = 1
* NMEA Latitude = 41 44.35 N
* NMEA Longitude = 065 46.64 W
* NMEA UTC (Time) = May 05 2025 01:35:53
* NMEA baud rate = 4800
** Ship: Bigelow HB2502
** Program:  Spring Bottom Trawl
** Chief Scientist:Jon Galbraith
# nquan = 10
# nvalues = 353                         
# units = specified
# name 0 = depSM: Depth [salt water, m]
# name 1 = t090C: Temperature [ITS-90, deg C]
# name 2 = c0S/m: Conductivity [S/m]
# name 3 = sal00: Salinity, Practical [PSU]
# name 4 = scan: Scan Count
# name 5 = timeM: Time, Elapsed [minutes]
# name 6 = sbeox0Mg/L: Oxygen, SBE 43 [mg/l]
# name 7 = sbeox1Mg/L: Oxygen, SBE 43, 2 [mg/l]
# name 8 = par: PAR/Irradiance, Biospherical/Licor
# name 9 = flag: flag
# span 0 =      3.000,    179.000       
# span 1 =     4.8823,     7.7823       
# span 2 =   3.076898,   3.537672       
# span 3 =    31.6621,    34.2297       
# span 4 =         48,      10370       
# span 5 =     0.0329,     7.2009       
# span 6 =     6.7890,    10.3857       
# span 7 =     7.0228,    10.6304       
# span 8 = -3.277e-05, 1.0616e+01       
# span 9 = 0.0000e+00, 0.0000e+00       
# interval = meters: 1                  
# start_time = May 05 2025 01:35:53 [NMEA time, header]
# bad_flag = -9.990e-29
*END*
[from data line 145]
    148.000     6.9059   3.391939    33.5179       4091     2.8405     8.1964     8.3343 1.0000e-12 0.0000e+00
    149.000     6.9154   3.393824    33.5289       4135     2.8709     8.0242     8.2027 1.0000e-12 0.0000e+00
    150.000     6.9225   3.395068    33.5351       4158     2.8869     8.0350     8.2079 1.0000e-12 0.0000e+00
    151.000     6.9342   3.397084    33.5453       4177     2.8997     8.0391     8.2180 1.0000e-12 0.0000e+00
    152.000     6.9428   3.398475    33.5517       4194     2.9117     8.0209     8.2179 1.0000e-12 0.0000e+00
    153.000     6.9545   3.400334    33.5601       4213     2.9252     7.9861     8.1965 1.0000e-12 0.0000e+00
    154.000     6.9738   3.403468    33.5752       4246     2.9477     7.9643     8.1565 1.0000e-12 0.0000e+00
    155.000     6.9955   3.406915    33.5913       4295     2.9821     7.9333     8.1261 1.0000e-12 0.0000e+00
    156.000     7.0156   3.409768    33.6025       4322     3.0007     7.9249     8.1054 1.0000e-12 0.0000e+00
    157.000     7.0362   3.412703    33.6140       4341     3.0137     7.9016     8.1086 1.0000e-12 0.0000e+00
    158.000     7.0601   3.416035    33.6267       4358     3.0256     7.8778     8.1032 1.0000e-12 0.0000e+00
    159.000     7.0887   3.420147    33.6433       4378     3.0398     7.8709     8.0763 1.0000e-12 0.0000e+00
    160.000     7.1103   3.423560    33.6590       4414     3.0643     7.8843     8.0610 1.0000e-12 0.0000e+00
    161.000     7.1368   3.427294    33.6734       4453     3.0915     7.8374     8.0242 1.0000e-12 0.0000e+00
    162.000     7.1634   3.430907    33.6864       4478     3.1088     7.8096     8.0094 1.0000e-12 0.0000e+00
    163.000     7.1925   3.435089    33.7031       4499     3.1239     7.7963     7.9937 1.0000e-12 0.0000e+00
    164.000     7.2263   3.440062    33.7240       4524     3.1410     7.7738     7.9712 1.0000e-12 0.0000e+00
    165.000     7.2491   3.443665    33.7405       4552     3.1603     7.7496     7.9529 1.0000e-12 0.0000e+00
    166.000     7.2733   3.447186    33.7546       4578     3.1786     7.7424     7.9339 1.0000e-12 0.0000e+00
    167.000     7.3197   3.454179    33.7850       4606     3.1977     7.7213     7.9081 1.0000e-12 0.0000e+00
    168.000     7.3560   3.460259    33.8151       4637     3.2193     7.6844     7.8737 1.0000e-12 0.0000e+00
    169.000     7.3663   3.462005    33.8236       4665     3.2392     7.6349     7.8198 1.0000e-12 0.0000e+00
    170.000     7.4284   3.471492    33.8655       4690     3.2564     7.5850     7.7640 1.0000e-12 0.0000e+00
    171.000     7.4698   3.478791    33.9037       4714     3.2727     7.5620     7.7479 1.0000e-12 0.0000e+00
    172.000     7.5125   3.486514    33.9451       4740     3.2908     7.5540     7.7171 1.0000e-12 0.0000e+00
    173.000     7.5703   3.497311    34.0049       4772     3.3135     7.4541     7.6321 1.0000e-12 0.0000e+00
    174.000     7.6076   3.504474    34.0453       4804     3.3355     7.3624     7.5243 1.0000e-12 0.0000e+00
    175.000     7.6507   3.512629    34.0907       4827     3.3511     7.2863     7.4357 1.0000e-12 0.0000e+00
    176.000     7.6722   3.517284    34.1194       4845     3.3642     7.2384     7.3787 1.0000e-12 0.0000e+00
    177.000     7.6997   3.521861    34.1414       4866     3.3784     7.2141     7.3387 1.0000e-12 0.0000e+00
    178.000     7.7739   3.535419    34.2142       4921     3.4166     7.0413     7.1958 1.0000e-12 0.0000e+00
    179.000     7.7823   3.537672    34.2297       5329     3.6997     6.7890     7.0228 1.0000e-12 0.0000e+00
    178.000     7.6884   3.521967    34.1531       5453     3.7863     6.9437     7.1944 1.0000e-12 0.0000e+00
    177.000     7.6638   3.517292    34.1272       5492     3.8134     6.9002     7.1716 1.0000e-12 0.0000e+00
    176.000     7.6416   3.512861    34.1017       5529     3.8386     6.9314     7.1947 1.0000e-12 0.0000e+00
    175.000     7.6139   3.507531    34.0717       5560     3.8603     7.0354     7.2631 1.0000e-12 0.0000e+00
    174.000     7.5849   3.502194    34.0429       5582     3.8759     7.0743     7.2986 1.0000e-12 0.0000e+00
    173.000     7.5282   3.491797    33.9865       5603     3.8905     7.1109     7.3302 1.0000e-12 0.0000e+00
    172.000     7.4592   3.479780    33.9242       5627     3.9069     7.1379     7.3817 1.0000e-12 0.0000e+00
    171.000     7.3958   3.468702    33.8665       5654     3.9257     7.2314     7.4595 1.0000e-12 0.0000e+00
    170.000     7.3840   3.466400    33.8535       5681     3.9445     7.3489     7.5844 1.0000e-12 0.0000e+00
    169.000     7.3550   3.461827    33.8326       5706     3.9618     7.4438     7.6918 1.0000e-12 0.0000e+00
    168.000     7.3143   3.455414    33.8032       5733     3.9803     7.5227     7.7411 1.0000e-12 0.0000e+00
    167.000     7.2862   3.450958    33.7826       5763     4.0016     7.5274     7.7770 1.0000e-12 0.0000e+00
    166.000     7.2665   3.447853    33.7686       5790     4.0202     7.5985     7.8117 1.0000e-12 0.0000e+00
    165.000     7.2464   3.444803    33.7555       5811     4.0349     7.6456     7.8334 1.0000e-12 0.0000e+00
    164.000     7.2302   3.442314    33.7446       5831     4.0489     7.6462     7.8599 1.0000e-12 0.0000e+00
    163.000     7.2103   3.439352    33.7323       5855     4.0652     7.6548     7.8724 1.0000e-12 0.0000e+00
    162.000     7.1797   3.434862    33.7137       5889     4.0892     7.6536     7.8760 1.0000e-12 0.0000e+00
    161.000     7.1586   3.431698    33.7002       5927     4.1154     7.6608     7.8996 1.0000e-12 0.0000e+00
    160.000     7.1387   3.428992    33.6906       5952     4.1324     7.7025     7.9272 1.0000e-12 0.0000e+00
    159.000     7.1140   3.425634    33.6785       5971     4.1456     7.7439     7.9536 1.0000e-12 0.0000e+00
    158.000     7.0919   3.422536    33.6667       5988     4.1575     7.7558     7.9657 1.0000e-12 0.0000e+00
    157.000     7.0682   3.419093    33.6527       6006     4.1705     7.7483     7.9619 1.0000e-12 0.0000e+00
    156.000     7.0438   3.415349    33.6360       6033     4.1891     7.7543     7.9813 1.0000e-12 0.0000e+00
    155.000     7.0212   3.411869    33.6205       6081     4.2225     7.8033     8.0289 1.0000e-12 0.0000e+00
    154.000     7.0019   3.409052    33.6090       6110     4.2426     7.8530     8.0641 1.0000e-12 0.0000e+00
    153.000     6.9874   3.406907    33.6001       6129     4.2553     7.8430     8.0832 1.0000e-12 0.0000e+00
    152.000     6.9715   3.404382    33.5884       6146     4.2672     7.8307     8.0873 1.0000e-12 0.0000e+00
    151.000     6.9589   3.402305    33.5785       6164     4.2800     7.8174     8.0866 1.0000e-12 0.0000e+00
    150.000     6.9442   3.399869    33.5666       6190     4.2977     7.8468     8.0940 1.0000e-12 0.0000e+00
    149.000     6.9311   3.397664    33.5557       6231     4.3264     7.8754     8.1355 1.0000e-12 0.0000e+00
    148.000     6.9246   3.396641    33.5513       6264     4.3495     7.8969     8.1628 1.0000e-12 0.0000e+00
    147.000     6.9101   3.394303    33.5402       6284     4.3631     7.8934     8.1704 1.0000e-12 0.0000e+00
    146.000     6.9043   3.393167    33.5339       6301     4.3753     7.8867     8.1847 1.0000e-12 0.0000e+00
    145.000     6.8948   3.391397    33.5243       6321     4.3886     7.8806     8.2022 1.0000e-12 0.0000e+00
    144.000     6.8787   3.388907    33.5131       6347     4.4069     7.8870     8.2136 1.0000e-12 0.0000e+00
    143.000     6.8442   3.383607    33.4890       6382     4.4312     7.9657     8.2488 1.0000e-12 0.0000e+00
    142.000     6.8321   3.380925    33.4717       6411     4.4516     8.0077     8.2742 1.0000e-12 0.0000e+00
    141.000     6.8413   3.380217    33.4555       6435     4.4682     8.0351     8.2891 1.0000e-12 0.0000e+00
    140.000     6.7376   3.364162    33.3803       6457     4.4834     8.0744     8.3544 1.0000e-12 0.0000e+00
    139.000     6.6783   3.355888    33.3473       6480     4.4991     8.0919     8.4052 1.0000e-12 0.0000e+00
    138.000     6.6352   3.350088    33.3257       6506     4.5176     8.1576     8.4843 1.0000e-12 0.0000e+00
    137.000     6.6101   3.346474    33.3107       6536     4.5383     8.3393     8.6431 1.0000e-12 0.0000e+00
    136.000     6.5917   3.344161    33.3035       6564     4.5578     8.4823     8.7167 1.0000e-12 0.0000e+00
    135.000     6.5643   3.341055    33.2963       6589     4.5752     8.5152     8.7267 1.0000e-12 0.0000e+00
    134.000     6.5410   3.338146    33.2873       6613     4.5918     8.5330     8.7327 1.0000e-12 0.0000e+00
    133.000     6.5212   3.335753    33.2806       6638     4.6089     8.5110     8.7162 1.0000e-12 0.0000e+00
    132.000     6.5074   3.333925    33.2743       6662     4.6254     8.4684     8.7097 1.0000e-12 0.0000e+00
    131.000     6.4986   3.332792    33.2708       6685     4.6415     8.4532     8.7221 1.0000e-12 0.0000e+00
    130.000     6.4864   3.331146    33.2650       6715     4.6625     8.4812     8.7267 1.0000e-12 0.0000e+00
    129.000     6.4792   3.330178    33.2617       6752     4.6880     8.4621     8.7448 1.0000e-12 0.0000e+00
    128.000     6.4731   3.329425    33.2598       6777     4.7056     8.4305     8.7525 1.0000e-12 0.0000e+00
    127.000     6.4616   3.328033    33.2561       6797     4.7194     8.4727     8.7390 1.0000e-12 0.0000e+00
    126.000     6.4587   3.327531    33.2538       6816     4.7325     8.5094     8.7352 1.0000e-12 0.0000e+00
    125.000     6.4564   3.327128    33.2521       6838     4.7477     8.4994     8.7456 1.0000e-12 0.0000e+00
    124.000     6.4532   3.326540    33.2492       6866     4.7672     8.4961     8.7488 1.0000e-12 0.0000e+00
    123.000     6.4510   3.326122    33.2471       6897     4.7891     8.5004     8.7446 1.0000e-12 0.0000e+00
    122.000     6.4469   3.325599    33.2458       6928     4.8107     8.5176     8.7643 1.0000e-12 0.0000e+00
    121.000     6.4439   3.325197    33.2448       6955     4.8292     8.5381     8.7864 1.0000e-12 0.0000e+00
    120.000     6.4402   3.324701    33.2435       6977     4.8445     8.5245     8.7926 1.0000e-12 0.0000e+00
    119.000     6.4345   3.323844    33.2399       6997     4.8587     8.5077     8.7773 1.0000e-12 0.0000e+00
    118.000     6.4341   3.323607    33.2382       7019     4.8738     8.5005     8.7634 1.0000e-12 0.0000e+00
    117.000     6.4336   3.323326    33.2360       7045     4.8919     8.5193     8.7583 1.0000e-12 0.0000e+00
    116.000     6.4295   3.322649    33.2330       7080     4.9160     8.5537     8.7697 1.0000e-12 0.0000e+00
    115.000     6.4277   3.322354    33.2320       7117     4.9420     8.5294     8.7851 1.0000e-12 0.0000e+00
    114.000     6.4268   3.322204    33.2317       7143     4.9597     8.5404     8.7903 1.0000e-12 0.0000e+00
    113.000     6.4251   3.321970    33.2313       7162     4.9728     8.5533     8.7896 1.0000e-12 0.0000e+00
    112.000     6.4236   3.321751    33.2307       7179     4.9849     8.5581     8.8000 1.0000e-12 0.0000e+00
    111.000     6.4230   3.321595    33.2301       7198     4.9978     8.5671     8.8095 1.0000e-12 0.0000e+00
    110.000     6.4213   3.321235    33.2283       7222     5.0143     8.5319     8.8023 1.0000e-12 0.0000e+00
    109.000     6.4197   3.320870    33.2263       7262     5.0425     8.4856     8.7842 1.0000e-12 0.0000e+00
    108.000     6.4172   3.320516    33.2253       7302     5.0698     8.5225     8.8078 1.0000e-12 0.0000e+00
    107.000     6.4146   3.320190    33.2247       7324     5.0851     8.5534     8.8225 1.0000e-12 0.0000e+00
    106.000     6.4100   3.319664    33.2238       7342     5.0978     8.5688     8.8312 1.0000e-12 0.0000e+00
    105.000     6.4064   3.319148    33.2220       7360     5.1101     8.5841     8.8293 1.0000e-12 0.0000e+00
    104.000     6.4054   3.318842    33.2201       7380     5.1245     8.5761     8.8153 1.0000e-12 0.0000e+00
    103.000     6.4048   3.318631    33.2188       7411     5.1459     8.5496     8.8086 1.0000e-12 0.0000e+00
    102.000     6.4057   3.318607    33.2183       7446     5.1704     8.5440     8.8101 1.0000e-12 0.0000e+00
    101.000     6.4039   3.318284    33.2169       7472     5.1882     8.5734     8.8268 1.0000e-12 0.0000e+00
    100.000     6.4019   3.317965    33.2158       7497     5.2053     8.5818     8.8359 1.0000e-12 0.0000e+00
     99.000     6.3999   3.317727    33.2156       7525     5.2248     8.5979     8.8380 1.0000e-12 0.0000e+00
     98.000     6.3956   3.317207    33.2145       7551     5.2431     8.5938     8.8232 1.0000e-12 0.0000e+00
     97.000     6.3870   3.316173    33.2118       7573     5.2581     8.5630     8.8266 1.0000e-12 0.0000e+00
     96.000     6.3790   3.314670    33.2034       7594     5.2727     8.5601     8.8272 1.0000e-12 0.0000e+00
     95.000     6.3777   3.313886    33.1965       7620     5.2911     8.5665     8.8267 1.0000e-12 0.0000e+00
     94.000     6.3752   3.313147    33.1912       7655     5.3154     8.5718     8.8473 1.0000e-12 0.0000e+00
     93.000     6.3685   3.311903    33.1844       7683     5.3344     8.6241     8.8840 1.0000e-12 0.0000e+00
     92.000     6.3660   3.311358    33.1813       7703     5.3489     8.6179     8.8929 1.0000e-12 0.0000e+00
     91.000     6.3651   3.311144    33.1803       7724     5.3634     8.6069     8.8831 1.0000e-12 0.0000e+00
     90.000     6.3641   3.310895    33.1790       7750     5.3812     8.6288     8.8879 1.0000e-12 0.0000e+00
     89.000     6.3625   3.310531    33.1770       7785     5.4057     8.6532     8.9211 1.0000e-12 0.0000e+00
     88.000     6.3610   3.310202    33.1752       7819     5.4294     8.6806     8.9213 1.0000e-12 0.0000e+00
     87.000     6.3552   3.309386    33.1723       7841     5.4441     8.6399     8.9206 1.0000e-12 0.0000e+00
     86.000     6.3396   3.307354    33.1654       7859     5.4567     8.6245     8.9273 1.0000e-12 0.0000e+00
     85.000     6.3154   3.304232    33.1548       7878     5.4700     8.6402     8.9277 1.0000e-12 0.0000e+00
     84.000     6.2947   3.301531    33.1453       7904     5.4882     8.6425     8.9201 1.0000e-12 0.0000e+00
     83.000     6.2800   3.299590    33.1385       7941     5.5141     8.6671     8.9282 1.0000e-12 0.0000e+00
     82.000     6.2655   3.297731    33.1324       7971     5.5348     8.6856     8.9283 1.0000e-12 0.0000e+00
     81.000     6.2439   3.295173    33.1255       7993     5.5502     8.6837     8.9357 1.0000e-12 0.0000e+00
     80.000     6.2213   3.292324    33.1162       8014     5.5644     8.6933     8.9515 1.0000e-12 0.0000e+00
     79.000     6.2137   3.291311    33.1127       8035     5.5793     8.6849     8.9546 1.0000e-12 0.0000e+00
     78.000     6.2113   3.290943    33.1115       8063     5.5984     8.6821     8.9521 1.0000e-12 0.0000e+00
     77.000     6.1951   3.288978    33.1059       8099     5.6233     8.6850     8.9364 1.0000e-12 0.0000e+00
     76.000     6.1838   3.287529    33.1012       8129     5.6443     8.6709     8.9018 1.0000e-12 0.0000e+00
     75.000     6.1725   3.286226    33.0981       8151     5.6600     8.6745     8.9085 1.0000e-12 0.0000e+00
     74.000     6.1496   3.283319    33.0884       8173     5.6753     8.6999     8.9191 1.0000e-12 0.0000e+00
     73.000     6.1293   3.280737    33.0799       8197     5.6916     8.6999     8.9150 1.0000e-12 0.0000e+00
     72.000     6.1241   3.280041    33.0776       8223     5.7095     8.6700     8.9181 1.0000e-12 0.0000e+00
     71.000     6.1158   3.279056    33.0752       8251     5.7290     8.6713     8.9420 1.0000e-12 0.0000e+00
     70.000     6.1083   3.278174    33.0732       8277     5.7475     8.6670     8.9347 1.0000e-12 0.0000e+00
     69.000     6.0992   3.277120    33.0707       8301     5.7636     8.6966     8.9272 1.0000e-12 0.0000e+00
     68.000     6.0977   3.276669    33.0677       8325     5.7807     8.7194     8.9197 1.0000e-12 0.0000e+00
