HB2502/ctd107.cnv
* Sea-Bird SBE 9 Data File:
* FileName = C:\cruise\data\ctd107.hex
* Software Version Seasave V 7.26.7.121
* Temperature SN = 6768
* Conductivity SN = 6166
* Number of Bytes Per Scan = 37
* Number of Voltage Words = 4
* Number of Scans Averaged by the Deck Unit = 1
* NMEA Latitude = 41 02.88 N
* NMEA Longitude = 070 05.88 W
* NMEA UTC (Time) = Apr 02 2025 00:28:54
* NMEA baud rate = 4800
** Ship: Bigelow HB2502
** Program:  Spring Bottom Trawl
** Chief Scientist:Jon Galbraith
# nquan = 7
# nvalues = 37                          
# units = specified
# name 0 = depSM: Depth [salt water, m]
# name 1 = t090C: Temperature [ITS-90, deg C]
# name 2 = c0S/m: Conductivity [S/m]
# name 3 = sal00: Salinity, Practical [PSU]
# name 4 = scan: Scan Count
# name 5 = timeM: Time, Elapsed [minutes]
# name 6 = flag: flag
# span 0 =      2.000,     21.000       
# span 1 =     6.4088,     6.4276       
# span 2 =   3.257915,   3.260882       
# span 3 =    32.5844,    32.6168       
# span 4 =      -1535,       3231       
# span 5 =    -1.0669,     2.2428       
# span 6 = 0.0000e+00, 0.0000e+00       
# interval = meters: 1                  
# start_time = Apr 02 2025 00:28:54 [NMEA time, header]
# bad_flag = -9.990e-29
*END*
      4.000     6.4151   3.260882    32.6168      -1535    -1.0669 0.0000e+00
      5.000     6.4141   3.258352    32.5892       1605     1.1141 0.0000e+00
      6.000     6.4098   3.258481    32.5942       1294     0.8978 0.0000e+00
      7.000     6.4088   3.257915    32.5885       1344     0.9328 0.0000e+00
      8.000     6.4121   3.257946    32.5851       1371     0.9511 0.0000e+00
      9.000     6.4149   3.258245    32.5853       1391     0.9652 0.0000e+00
     10.000     6.4175   3.258430    32.5844       1414     0.9814 0.0000e+00
     11.000     6.4160   3.258475    32.5859       1454     1.0093 0.0000e+00
     12.000     6.4189   3.258638    32.5844       1490     1.0340 0.0000e+00
     13.000     6.4223   3.259133    32.5861       1510     1.0481 0.0000e+00
     14.000     6.4219   3.259346    32.5883       1528     1.0605 0.0000e+00
     15.000     6.4256   3.259464    32.5856       1548     1.0740 0.0000e+00
     16.000     6.4259   3.259663    32.5871       1574     1.0922 0.0000e+00
     17.000     6.4258   3.259804    32.5883       1607     1.1154 0.0000e+00
     18.000     6.4266   3.259977    32.5890       1633     1.1336 0.0000e+00
     19.000     6.4276   3.260047    32.5882       1655     1.1486 0.0000e+00
     20.000     6.4276   3.259992    32.5871       1680     1.1662 0.0000e+00
     21.000     6.4257   3.259714    32.5854       2061     1.4303 0.0000e+00
     20.000     6.4265   3.259803    32.5861       2307     1.6017 0.0000e+00
     19.000     6.4274   3.259834    32.5861       2590     1.7978 0.0000e+00
     18.000     6.4259   3.259789    32.5875       2603     1.8067 0.0000e+00
     17.000     6.4247   3.259724    32.5884       2626     1.8229 0.0000e+00
     16.000     6.4232   3.259666    32.5897       2652     1.8409 0.0000e+00
     15.000     6.4227   3.259606    32.5900       2682     1.8618 0.0000e+00
     14.000     6.4223   3.259543    32.5902       2710     1.8815 0.0000e+00
     13.000     6.4220   3.259505    32.5905       2736     1.8992 0.0000e+00
     12.000     6.4216   3.259436    32.5906       2764     1.9186 0.0000e+00
     11.000     6.4212   3.259409    32.5912       2793     1.9389 0.0000e+00
     10.000     6.4205   3.259466    32.5929       2817     1.9557 0.0000e+00
      9.000     6.4200   3.259477    32.5941       2836     1.9691 0.0000e+00
      8.000     6.4196   3.259431    32.5944       2854     1.9811 0.0000e+00
      7.000     6.4195   3.259481    32.5955       2873     1.9941 0.0000e+00
      6.000     6.4201   3.259701    32.5979       2908     2.0186 0.0000e+00
      5.000     6.4222   3.259990    32.5996       2951     2.0485 0.0000e+00
      4.000     6.4233   3.259912    32.5982       2970     2.0617 0.0000e+00
      3.000     6.4172   3.259535    32.6003       3089     2.1443 0.0000e+00
      2.000     6.4215   3.259376    32.5949       3231     2.2428 0.0000e+00
