HB2502/ctd193.cnv
* Sea-Bird SBE 9 Data File:
* FileName = C:\cruise\data\ctd193.hex
* Software Version Seasave V 7.26.7.121
* Temperature SN = 4591
* Conductivity SN = 6006
* Number of Bytes Per Scan = 37
* Number of Voltage Words = 4
* Number of Scans Averaged by the Deck Unit = 1
* NMEA Latitude = 42 10.02 N
* NMEA Longitude = 067 44.86 W
* NMEA UTC (Time) = May 09 2025 00:38:07
* NMEA baud rate = 4800
** Ship: Bigelow HB2502
** Program:  Spring Bottom Trawl
** Chief Scientist:Jon Galbraith
# nquan = 10
# nvalues = 399                         
# units = specified
# name 0 = depSM: Depth [salt water, m]
# name 1 = t090C: Temperature [ITS-90, deg C]
# name 2 = c0S/m: Conductivity [S/m]
# name 3 = sal00: Salinity, Practical [PSU]
# name 4 = scan: Scan Count
# name 5 = timeM: Time, Elapsed [minutes]
# name 6 = sbeox0Mg/L: Oxygen, SBE 43 [mg/l]
# name 7 = sbeox1Mg/L: Oxygen, SBE 43, 2 [mg/l]
# name 8 = par: PAR/Irradiance, Biospherical/Licor
# name 9 = flag: flag
# span 0 =      3.000,    202.000       
# span 1 =     5.3296,     8.8346       
# span 2 =   3.190929,   3.518219       
# span 3 =    32.6716,    34.4256       
# span 4 =        -66,      11609       
# span 5 =    -0.0465,     8.0608       
# span 6 =     6.1145,    11.2717       
# span 7 =     6.2614,    11.6492       
# span 8 = -2.019e-05, 1.1009e+01       
# span 9 = 0.0000e+00, 0.0000e+00       
# interval = meters: 1                  
# start_time = May 09 2025 00:38:07 [NMEA time, header]
# bad_flag = -9.990e-29
*END*
      3.000     8.4973   3.453352    32.7333        -66    -0.0465    10.6323    11.0057 9.0026e+00 0.0000e+00
      4.000     8.6978   3.470276    32.7246        131     0.0903    10.8096    11.0512 8.1560e+00 0.0000e+00
      5.000     8.7092   3.471209    32.7234        234     0.1618    10.7369    11.0002 6.0348e+00 0.0000e+00
      6.000     8.7403   3.472887    32.7117        257     0.1780    10.7573    11.0237 5.3746e+00 0.0000e+00
      7.000     8.8055   3.478865    32.7135        279     0.1933    10.7862    11.0289 4.4546e+00 0.0000e+00
      8.000     8.8346   3.482649    32.7257        302     0.2092    10.7688    11.0324 3.3009e+00 0.0000e+00
      9.000     8.8160   3.480735    32.7224        332     0.2302    10.7671    11.0374 2.7044e+00 0.0000e+00
     10.000     8.7309   3.476541    32.7569        379     0.2622    10.7520    10.9997 2.2067e+00 0.0000e+00
     11.000     8.4367   3.450312    32.7538        411     0.2850    10.8090    11.0996 1.7257e+00 0.0000e+00
     12.000     8.2561   3.436330    32.7738        433     0.2997    10.7846    10.9915 1.4967e+00 0.0000e+00
     13.000     8.1945   3.430088    32.7647        451     0.3127    10.7479    10.9716 1.1167e+00 0.0000e+00
     14.000     8.0516   3.419382    32.7841        470     0.3256    10.8137    11.0954 9.3427e-01 0.0000e+00
     15.000     7.8399   3.400732    32.7832        491     0.3401    10.9487    11.2475 7.1129e-01 0.0000e+00
     16.000     7.5794   3.377707    32.7808        517     0.3585    11.1118    11.3385 6.1891e-01 0.0000e+00
     17.000     7.2740   3.348965    32.7586        550     0.3813    11.2410    11.3794 4.9448e-01 0.0000e+00
     18.000     7.1597   3.337548    32.7424        586     0.4066    11.2181    11.3698 4.0971e-01 0.0000e+00
     19.000     7.1015   3.331711    32.7336        619     0.4290    11.2574    11.4722 3.1529e-01 0.0000e+00
     20.000     7.0659   3.328424    32.7311        643     0.4456    11.2717    11.4388 2.7412e-01 0.0000e+00
     21.000     7.0328   3.325327    32.7283        661     0.4584    11.2187    11.3653 2.1740e-01 0.0000e+00
     22.000     7.0201   3.323983    32.7252        679     0.4706    11.1406    11.2955 1.6229e-01 0.0000e+00
     23.000     6.9800   3.320347    32.7231        703     0.4878    11.0412    11.2269 1.2122e-01 0.0000e+00
     24.000     6.9497   3.316710    32.7117        762     0.5286    10.8729    11.1065 8.7447e-02 0.0000e+00
     25.000     6.9201   3.314232    32.7123        789     0.5470    10.8558    11.0981 8.0814e-02 0.0000e+00
     26.000     6.9064   3.313358    32.7153        804     0.5578    10.8807    11.0893 4.5971e-02 0.0000e+00
     27.000     6.8882   3.312409    32.7217        818     0.5676    10.8820    11.0747 4.0279e-02 0.0000e+00
     28.000     6.8502   3.309586    32.7265        832     0.5773    10.8686    11.0641 2.4396e-02 0.0000e+00
     29.000     6.8269   3.307051    32.7204        850     0.5897    10.8431    11.0229 1.2415e-02 0.0000e+00
     30.000     6.8201   3.305832    32.7130        902     0.6259    10.7193    10.9253 5.8699e-04 0.0000e+00
     31.000     6.8123   3.305141    32.7124        949     0.6583    10.6434    10.9205 4.1557e-03 0.0000e+00
     32.000     6.8017   3.304291    32.7128        969     0.6720    10.6560    10.9304 -2.019e-05 0.0000e+00
     33.000     6.7910   3.303453    32.7133        988     0.6852    10.6642    10.9227 7.5280e-08 0.0000e+00
     34.000     6.7646   3.301519    32.7167       1007     0.6989    10.6885    10.9191 1.0000e-12 0.0000e+00
     35.000     6.6950   3.296196    32.7241       1029     0.7136    10.7076    10.9234 1.0000e-12 0.0000e+00
     36.000     6.6157   3.289267    32.7231       1051     0.7290    10.7046    10.9021 1.0000e-12 0.0000e+00
     37.000     6.5625   3.284953    32.7259       1076     0.7467    10.6595    10.8215 1.0000e-12 0.0000e+00
     38.000     6.4810   3.278025    32.7269       1114     0.7728    10.5758    10.7291 1.0000e-12 0.0000e+00
     39.000     6.2860   3.261662    32.7322       1152     0.7995    10.5328    10.7030 1.0000e-12 0.0000e+00
     40.000     6.2196   3.254725    32.7184       1179     0.8178    10.4639    10.6131 1.0000e-12 0.0000e+00
     41.000     6.1771   3.251536    32.7233       1200     0.8327    10.3779    10.5410 1.0000e-12 0.0000e+00
     42.000     6.1636   3.250032    32.7190       1219     0.8460    10.3343    10.5015 1.0000e-12 0.0000e+00
     43.000     6.1783   3.253741    32.7458       1239     0.8596    10.2769    10.4567 1.0000e-12 0.0000e+00
     44.000     6.0775   3.246327    32.7597       1264     0.8773    10.2431    10.4644 1.0000e-12 0.0000e+00
     45.000     6.0504   3.243584    32.7547       1301     0.9026    10.1840    10.4251 1.0000e-12 0.0000e+00
     46.000     5.9838   3.238456    32.7612       1332     0.9243    10.2270    10.4276 1.0000e-12 0.0000e+00
     47.000     5.9336   3.233924    32.7584       1355     0.9404    10.2228    10.4160 1.0000e-12 0.0000e+00
     48.000     5.9125   3.232266    32.7598       1378     0.9560    10.1643    10.3816 1.0000e-12 0.0000e+00
     49.000     5.8655   3.229238    32.7709       1403     0.9739    10.1396    10.3516 1.0000e-12 0.0000e+00
     50.000     5.7838   3.223104    32.7805       1430     0.9927    10.1618    10.3415 1.0000e-12 0.0000e+00
     51.000     5.7438   3.219616    32.7796       1456     1.0108    10.1360    10.3103 1.0000e-12 0.0000e+00
     52.000     5.7151   3.217286    32.7807       1488     1.0329    10.0687    10.2779 1.0000e-12 0.0000e+00
     53.000     5.7024   3.216294    32.7814       1521     1.0558    10.0094    10.2478 1.0000e-12 0.0000e+00
     54.000     5.7012   3.216321    32.7823       1543     1.0707     9.9826    10.2440 1.0000e-12 0.0000e+00
     55.000     5.6971   3.216132    32.7838       1560     1.0830     9.9891    10.2272 1.0000e-12 0.0000e+00
     56.000     5.6936   3.215909    32.7841       1578     1.0953     9.9744    10.2064 1.0000e-12 0.0000e+00
     57.000     5.6844   3.215293    32.7856       1604     1.1129     9.9526    10.2011 1.0000e-12 0.0000e+00
     58.000     5.6608   3.213523    32.7880       1650     1.1453     9.9698    10.1809 1.0000e-12 0.0000e+00
     59.000     5.6296   3.211407    32.7941       1685     1.1692     9.9814    10.1829 1.0000e-12 0.0000e+00
     60.000     5.5975   3.209154    32.7993       1705     1.1833     9.9890    10.1761 1.0000e-12 0.0000e+00
     61.000     5.5807   3.207812    32.8000       1724     1.1965     9.9595    10.1510 1.0000e-12 0.0000e+00
     62.000     5.5523   3.205672    32.8030       1745     1.2111     9.9054    10.1254 1.0000e-12 0.0000e+00
     63.000     5.5505   3.205538    32.8027       1771     1.2292     9.8797    10.0931 1.0000e-12 0.0000e+00
     64.000     5.5520   3.206624    32.8130       1799     1.2487     9.8622    10.0577 1.0000e-12 0.0000e+00
     65.000     5.5435   3.207835    32.8345       1823     1.2652     9.8208    10.0407 1.0000e-12 0.0000e+00
     66.000     5.5398   3.207702    32.8362       1844     1.2801     9.7947    10.0266 1.0000e-12 0.0000e+00
     67.000     5.5328   3.207201    32.8368       1879     1.3043     9.7501     9.9681 1.0000e-12 0.0000e+00
     68.000     5.5191   3.206258    32.8390       1940     1.3467     9.6822     9.9056 1.0000e-12 0.0000e+00
     69.000     5.4930   3.204627    32.8455       1957     1.3585     9.6891     9.9191 1.0000e-12 0.0000e+00
     70.000     5.4794   3.203724    32.8480       1971     1.3680     9.6944     9.9169 1.0000e-12 0.0000e+00
     71.000     5.4605   3.202624    32.8535       1984     1.3769     9.6981     9.9070 1.0000e-12 0.0000e+00
     72.000     5.4251   3.199813    32.8557       1996     1.3858     9.7060     9.8902 1.0000e-12 0.0000e+00
     73.000     5.3789   3.195445    32.8507       2019     1.4012     9.6711     9.8471 1.0000e-12 0.0000e+00
     74.000     5.3429   3.191772    32.8437       2077     1.4414     9.4985     9.6987 1.0000e-12 0.0000e+00
     75.000     5.3296   3.190929    32.8467       2103     1.4598     9.4784     9.6745 1.0000e-12 0.0000e+00
     76.000     5.3323   3.191612    32.8513       2126     1.4755     9.4628     9.6705 1.0000e-12 0.0000e+00
     77.000     5.3471   3.193223    32.8546       2153     1.4947     9.4295     9.6492 1.0000e-12 0.0000e+00
     78.000     5.3709   3.195740    32.8594       2183     1.5152     9.3960     9.6181 1.0000e-12 0.0000e+00
     79.000     5.3980   3.199193    32.8717       2205     1.5303     9.3703     9.6014 1.0000e-12 0.0000e+00
     80.000     5.4080   3.200553    32.8768       2222     1.5425     9.3692     9.6030 1.0000e-12 0.0000e+00
     81.000     5.4346   3.204435    32.8944       2239     1.5541     9.3630     9.5963 1.0000e-12 0.0000e+00
     82.000     5.4371   3.206228    32.9119       2260     1.5691     9.3563     9.5777 1.0000e-12 0.0000e+00
     83.000     5.4370   3.206816    32.9182       2312     1.6051     9.2466     9.4390 1.0000e-12 0.0000e+00
     84.000     5.4381   3.207160    32.9205       2351     1.6317     9.1296     9.3350 1.0000e-12 0.0000e+00
     85.000     5.4391   3.207495    32.9228       2369     1.6442     9.1125     9.3439 1.0000e-12 0.0000e+00
     86.000     5.4406   3.207915    32.9257       2385     1.6556     9.1179     9.3390 1.0000e-12 0.0000e+00
     87.000     5.4446   3.209164    32.9354       2402     1.6674     9.1042     9.3241 1.0000e-12 0.0000e+00
     88.000     5.4513   3.210491    32.9435       2425     1.6830     9.0717     9.3003 1.0000e-12 0.0000e+00
     89.000     5.4598   3.212020    32.9520       2465     1.7109     9.0305     9.2413 1.0000e-12 0.0000e+00
     90.000     5.4622   3.212620    32.9559       2505     1.7390     8.9542     9.1365 1.0000e-12 0.0000e+00
     91.000     5.4692   3.213918    32.9633       2527     1.7541     8.9185     9.1324 1.0000e-12 0.0000e+00
     92.000     5.4858   3.216318    32.9738       2545     1.7664     8.8831     9.1191 1.0000e-12 0.0000e+00
     93.000     5.5084   3.219534    32.9876       2562     1.7787     8.8556     9.0898 1.0000e-12 0.0000e+00
     94.000     5.5149   3.221122    32.9987       2585     1.7948     8.8655     9.0534 1.0000e-12 0.0000e+00
     95.000     5.5159   3.221559    33.0022       2623     1.8210     8.7951     8.9495 1.0000e-12 0.0000e+00
     96.000     5.5183   3.222064    33.0051       2660     1.8468     8.6773     8.8521 1.0000e-12 0.0000e+00
     97.000     5.5251   3.223030    33.0089       2685     1.8635     8.6397     8.8403 1.0000e-12 0.0000e+00
     98.000     5.5357   3.224587    33.0157       2706     1.8786     8.6209     8.8379 1.0000e-12 0.0000e+00
     99.000     5.5433   3.225746    33.0208       2728     1.8934     8.6208     8.8316 1.0000e-12 0.0000e+00
    100.000     5.5608   3.227620    33.0244       2748     1.9076     8.6164     8.8141 1.0000e-12 0.0000e+00
    101.000     5.5711   3.229046    33.0300       2769     1.9224     8.6047     8.7927 1.0000e-12 0.0000e+00
    102.000     5.5807   3.230270    33.0339       2800     1.9441     8.5350     8.7518 1.0000e-12 0.0000e+00
    103.000     5.5888   3.231317    33.0373       2849     1.9775     8.5197     8.7328 1.0000e-12 0.0000e+00
    104.000     5.5951   3.232059    33.0391       2878     1.9980     8.5125     8.7088 1.0000e-12 0.0000e+00
    105.000     5.6030   3.234184    33.0549       2899     2.0124     8.5196     8.6956 1.0000e-12 0.0000e+00
    106.000     5.6154   3.236027    33.0630       2917     2.0249     8.5136     8.6928 1.0000e-12 0.0000e+00
    107.000     5.6519   3.241007    33.0831       2933     2.0364     8.4988     8.6795 1.0000e-12 0.0000e+00
    108.000     5.6747   3.244937    33.1046       2951     2.0483     8.4892     8.6564 1.0000e-12 0.0000e+00
    109.000     5.6820   3.246593    33.1157       2976     2.0658     8.4270     8.5828 1.0000e-12 0.0000e+00
    110.000     5.6974   3.248502    33.1217       3032     2.1048     8.2067     8.3534 1.0000e-12 0.0000e+00
    111.000     5.7691   3.255624    33.1312       3064     2.1268     8.1288     8.3214 1.0000e-12 0.0000e+00
    112.000     5.8757   3.266555    33.1493       3082     2.1398     8.1029     8.3152 1.0000e-12 0.0000e+00
    113.000     5.9267   3.273867    33.1810       3099     2.1515     8.0922     8.3197 1.0000e-12 0.0000e+00
    114.000     5.9612   3.278481    33.1985       3117     2.1640     8.0950     8.3229 1.0000e-12 0.0000e+00
    115.000     5.9950   3.284477    33.2322       3143     2.1820     8.0497     8.2402 1.0000e-12 0.0000e+00
    116.000     5.9854   3.285643    33.2542       3183     2.2097     7.9029     8.0459 1.0000e-12 0.0000e+00
    117.000     5.9686   3.285370    33.2672       3213     2.2307     7.7913     7.9390 1.0000e-12 0.0000e+00
    118.000     5.9740   3.286141    33.2700       3234     2.2449     7.7482     7.9127 1.0000e-12 0.0000e+00
    119.000     5.9955   3.288882    33.2791       3252     2.2580     7.7275     7.9074 1.0000e-12 0.0000e+00
    120.000     6.0364   3.295354    33.3111       3275     2.2739     7.7107     7.9054 1.0000e-12 0.0000e+00
    121.000     6.0803   3.301626    33.3377       3310     2.2979     7.6955     7.8977 1.0000e-12 0.0000e+00
    122.000     6.1121   3.305771    33.3524       3346     2.3231     7.6386     7.8348 1.0000e-12 0.0000e+00
    123.000     6.1535   3.311098    33.3708       3373     2.3418     7.5661     7.7761 1.0000e-12 0.0000e+00
    124.000     6.1891   3.315516    33.3847       3396     2.3576     7.5501     7.7405 1.0000e-12 0.0000e+00
    125.000     6.2233   3.319707    33.3975       3416     2.3717     7.5454     7.7136 1.0000e-12 0.0000e+00
    126.000     6.2487   3.323148    33.4104       3436     2.3854     7.5033     7.6825 1.0000e-12 0.0000e+00
    127.000     6.2683   3.325728    33.4194       3459     2.4013     7.4399     7.6429 1.0000e-12 0.0000e+00
    128.000     6.2990   3.329975    33.4361       3495     2.4266     7.3893     7.5730 1.0000e-12 0.0000e+00
    129.000     6.3238   3.333040    33.4455       3531     2.4512     7.3645     7.5297 1.0000e-12 0.0000e+00
    130.000     6.3468   3.336287    33.4585       3553     2.4666     7.3420     7.5088 1.0000e-12 0.0000e+00
    131.000     6.3617   3.338734    33.4706       3574     2.4814     7.3189     7.4979 1.0000e-12 0.0000e+00
    132.000     6.3852   3.342297    33.4867       3600     2.4991     7.2923     7.4682 1.0000e-12 0.0000e+00
    133.000     6.3907   3.343320    33.4921       3629     2.5198     7.2614     7.4337 1.0000e-12 0.0000e+00
    134.000     6.4002   3.344622    33.4968       3656     2.5379     7.2306     7.4005 1.0000e-12 0.0000e+00
    135.000     6.4050   3.345454    33.5009       3678     2.5537     7.2120     7.3911 1.0000e-12 0.0000e+00
    136.000     6.4118   3.346533    33.5056       3702     2.5700     7.2009     7.3912 1.0000e-12 0.0000e+00
    137.000     6.4205   3.347949    33.5124       3730     2.5894     7.1942     7.3904 1.0000e-12 0.0000e+00
    138.000     6.4307   3.349589    33.5201       3764     2.6133     7.1913     7.3957 1.0000e-12 0.0000e+00
    139.000     6.4374   3.350694    33.5252       3797     2.6358     7.1840     7.3744 1.0000e-12 0.0000e+00
    140.000     6.4565   3.353301    33.5349       3822     2.6533     7.2014     7.3505 1.0000e-12 0.0000e+00
    141.000     6.4917   3.358894    33.5620       3842     2.6677     7.1923     7.3564 1.0000e-12 0.0000e+00
    142.000     6.5286   3.364872    33.5915       3862     2.6811     7.1739     7.3592 1.0000e-12 0.0000e+00
    143.000     6.5489   3.368804    33.6146       3882     2.6953     7.1577     7.3485 1.0000e-12 0.0000e+00
    144.000     6.5586   3.370695    33.6255       3910     2.7143     7.1285     7.3181 1.0000e-12 0.0000e+00
    145.000     6.5722   3.372959    33.6367       3949     2.7414     7.0859     7.2448 1.0000e-12 0.0000e+00
    146.000     6.6179   3.380269    33.6722       3981     2.7638     7.0569     7.2068 1.0000e-12 0.0000e+00
