HB2502/ctd196.cnv
* Sea-Bird SBE 9 Data File:
* FileName = C:\cruise\data\ctd196.hex
* Software Version Seasave V 7.26.7.121
* Temperature SN = 4591
* Conductivity SN = 6006
* Number of Bytes Per Scan = 37
* Number of Voltage Words = 4
* Number of Scans Averaged by the Deck Unit = 1
* NMEA Latitude = 42 37.32 N
* NMEA Longitude = 067 46.03 W
* NMEA UTC (Time) = May 09 2025 11:30:39
* NMEA baud rate = 4800
** Ship: Bigelow HB2502
** Program:  Spring Bottom Trawl
** Chief Scientist:Jon Galbraith
# nquan = 10
# nvalues = 386                         
# units = specified
# name 0 = depSM: Depth [salt water, m]
# name 1 = t090C: Temperature [ITS-90, deg C]
# name 2 = c0S/m: Conductivity [S/m]
# name 3 = sal00: Salinity, Practical [PSU]
# name 4 = scan: Scan Count
# name 5 = timeM: Time, Elapsed [minutes]
# name 6 = sbeox0Mg/L: Oxygen, SBE 43 [mg/l]
# name 7 = sbeox1Mg/L: Oxygen, SBE 43, 2 [mg/l]
# name 8 = par: PAR/Irradiance, Biospherical/Licor
# name 9 = flag: flag
# span 0 =      2.000,    195.000       
# span 1 =     5.4235,     8.0359       
# span 2 =   3.183864,   3.592633       
# span 3 =    32.4387,    34.6481       
# span 4 =        404,      11997       
# span 5 =     0.2801,     8.3308       
# span 6 =     5.9597,    10.5426       
# span 7 =     6.1231,    10.9159       
# span 8 = -3.369e-08, 1.6490e+02       
# span 9 = 0.0000e+00, 0.0000e+00       
# interval = meters: 1                  
# start_time = May 09 2025 11:30:39 [NMEA time, header]
# bad_flag = -9.990e-29
*END*
[from data line 289]
     98.000     6.1115   3.306077    33.3684       9315     6.4678     7.6671     7.8362 1.0000e-12 0.0000e+00
     97.000     6.1122   3.305994    33.3672       9338     6.4839     7.6558     7.8421 1.0000e-12 0.0000e+00
     96.000     6.1145   3.306120    33.3669       9364     6.5019     7.6755     7.8563 1.0000e-12 0.0000e+00
     95.000     6.1159   3.306181    33.3667       9392     6.5216     7.7036     7.8880 1.0000e-12 0.0000e+00
     94.000     6.1171   3.306149    33.3657       9422     6.5422     7.7051     7.8866 1.0000e-12 0.0000e+00
     93.000     6.1192   3.306221    33.3649       9450     6.5621     7.7067     7.8782 1.0000e-12 0.0000e+00
     92.000     6.1162   3.305767    33.3633       9477     6.5805     7.7088     7.8799 1.0000e-12 0.0000e+00
     91.000     6.1132   3.305336    33.3618       9501     6.5974     7.7098     7.8821 1.0000e-12 0.0000e+00
     90.000     6.1106   3.304950    33.3606       9524     6.6135     7.7042     7.8860 1.0000e-12 0.0000e+00
     89.000     6.1062   3.304327    33.3585       9550     6.6310     7.7075     7.8873 1.0000e-12 0.0000e+00
     88.000     6.1015   3.303637    33.3559       9579     6.6516     7.7014     7.8837 1.0000e-12 0.0000e+00
     87.000     6.0872   3.301770    33.3495       9609     6.6723     7.7121     7.8930 1.0000e-12 0.0000e+00
     86.000     6.0608   3.298455    33.3388       9633     6.6892     7.7146     7.8995 7.1057e-04 0.0000e+00
     85.000     5.9987   3.290320    33.3091       9654     6.7037     7.7225     7.9170 3.6049e-04 0.0000e+00
     84.000     5.9545   3.283856    33.2804       9675     6.7177     7.7326     7.9159 9.3949e-04 0.0000e+00
     83.000     5.9390   3.280706    33.2608       9697     6.7332     7.7478     7.9131 5.0332e-03 0.0000e+00
     82.000     5.9101   3.276179    33.2388       9725     6.7525     7.8155     7.9842 1.0103e-02 0.0000e+00
     81.000     5.8973   3.274147    33.2290       9760     6.7774     7.9059     8.0544 1.3510e-02 0.0000e+00
     80.000     5.8941   3.273635    33.2269       9802     6.8059     7.9763     8.1521 2.1911e-02 0.0000e+00
     79.000     5.8899   3.273070    33.2252       9830     6.8257     7.9949     8.1802 2.3738e-02 0.0000e+00
     78.000     5.8737   3.271122    33.2197       9849     6.8392     7.9996     8.1643 2.7395e-02 0.0000e+00
     77.000     5.7901   3.259780    33.1745       9866     6.8504     8.0073     8.1715 2.6174e-02 0.0000e+00
     76.000     5.7638   3.255293    33.1502       9881     6.8613     8.0037     8.1654 3.1792e-02 0.0000e+00
     75.000     5.7576   3.254211    33.1445       9898     6.8731     7.9933     8.1488 3.4446e-02 0.0000e+00
     74.000     5.7501   3.252918    33.1378       9920     6.8883     8.0160     8.1955 4.8547e-02 0.0000e+00
     73.000     5.7518   3.252768    33.1350       9972     6.9241     8.1561     8.3367 5.6123e-02 0.0000e+00
     72.000     5.7323   3.249659    33.1195      10020     6.9575     8.1869     8.3378 6.4822e-02 0.0000e+00
     71.000     5.7139   3.246634    33.1040      10038     6.9699     8.1948     8.3377 7.2494e-02 0.0000e+00
     70.000     5.6910   3.243183    33.0879      10053     6.9805     8.1849     8.3407 8.2478e-02 0.0000e+00
     69.000     5.6632   3.238331    33.0608      10067     6.9904     8.1679     8.3507 9.5188e-02 0.0000e+00
     68.000     5.6459   3.234894    33.0393      10082     7.0009     8.1557     8.3669 9.9332e-02 0.0000e+00
     67.000     5.6239   3.230700    33.0140      10101     7.0137     8.1744     8.4141 1.1605e-01 0.0000e+00
     66.000     5.6326   3.231774    33.0181      10139     7.0401     8.3358     8.5604 1.4044e-01 0.0000e+00
     65.000     5.5891   3.223924    32.9723      10195     7.0793     8.5747     8.6582 1.4910e-01 0.0000e+00
     64.000     5.5720   3.220748    32.9536      10220     7.0965     8.4892     8.6190 1.6727e-01 0.0000e+00
     63.000     5.5448   3.215233    32.9182      10241     7.1112     8.4970     8.6519 1.8548e-01 0.0000e+00
     62.000     5.5222   3.210430    32.8864      10261     7.1249     8.5707     8.7429 2.0070e-01 0.0000e+00
     61.000     5.5012   3.205731    32.8540      10280     7.1380     8.6274     8.8462 2.2363e-01 0.0000e+00
     60.000     5.4776   3.200956    32.8234      10298     7.1509     8.6758     8.9446 2.4277e-01 0.0000e+00
     59.000     5.4610   3.197664    32.8027      10318     7.1644     8.7674     9.0396 2.7147e-01 0.0000e+00
     58.000     5.4502   3.195555    32.7898      10341     7.1803     8.9173     9.1453 3.0115e-01 0.0000e+00
     57.000     5.4363   3.192636    32.7707      10378     7.2065     9.1002     9.3116 3.3658e-01 0.0000e+00
     56.000     5.4260   3.188676    32.7363      10431     7.2434     9.2463     9.3999 3.5914e-01 0.0000e+00
     55.000     5.4305   3.187866    32.7231      10454     7.2592     9.2566     9.3575 3.9070e-01 0.0000e+00
     54.000     5.4314   3.187045    32.7134      10471     7.2709     9.2866     9.3964 4.1474e-01 0.0000e+00
     53.000     5.4328   3.185685    32.6971      10487     7.2817     9.3162     9.4601 4.5230e-01 0.0000e+00
     52.000     5.4359   3.184400    32.6800      10502     7.2927     9.3385     9.5154 4.8970e-01 0.0000e+00
     51.000     5.4362   3.184019    32.6758      10521     7.3054     9.3732     9.5652 5.5009e-01 0.0000e+00
     50.000     5.4464   3.183864    32.6646      10548     7.3245     9.4064     9.6504 6.1011e-01 0.0000e+00
     49.000     5.4815   3.184045    32.6331      10595     7.3573     9.5436     9.7247 6.8373e-01 0.0000e+00
     48.000     5.5009   3.185016    32.6257      10634     7.3843     9.5777     9.7456 7.3191e-01 0.0000e+00
     47.000     5.5331   3.186791    32.6151      10658     7.4008     9.6075     9.7776 7.8267e-01 0.0000e+00
     46.000     5.5743   3.188818    32.5986      10677     7.4140     9.6267     9.8077 8.5897e-01 0.0000e+00
     45.000     5.6097   3.190415    32.5829      10694     7.4254     9.6374     9.8440 9.3745e-01 0.0000e+00
     44.000     5.6630   3.193255    32.5639      10710     7.4369     9.6525     9.8819 1.0249e+00 0.0000e+00
     43.000     5.7420   3.198109    32.5428      10729     7.4498     9.6832     9.9225 1.1302e+00 0.0000e+00
     42.000     5.8212   3.203932    32.5325      10756     7.4684     9.7081     9.9689 1.2688e+00 0.0000e+00
     41.000     5.8950   3.209985    32.5299      10808     7.5045     9.8175     9.9840 1.3964e+00 0.0000e+00
     40.000     6.1309   3.225527    32.4780      10843     7.5291     9.8335     9.9927 1.5196e+00 0.0000e+00
     39.000     6.1847   3.229703    32.4736      10862     7.5427     9.8588    10.0993 1.6452e+00 0.0000e+00
     38.000     6.3500   3.240710    32.4387      10879     7.5541     9.8671    10.1413 1.8133e+00 0.0000e+00
     37.000     6.4155   3.247036    32.4469      10895     7.5652     9.8885    10.1919 2.0111e+00 0.0000e+00
     36.000     6.4443   3.249690    32.4494      10913     7.5775     9.9450    10.2802 2.2732e+00 0.0000e+00
     35.000     6.4674   3.251914    32.4525      10938     7.5948    10.0541    10.3595 2.5622e+00 0.0000e+00
     34.000     6.4862   3.253800    32.4559      10988     7.6297    10.2408    10.3829 2.8375e+00 0.0000e+00
     33.000     6.4893   3.254164    32.4575      11023     7.6542    10.2203    10.3964 3.0635e+00 0.0000e+00
     32.000     6.4889   3.254171    32.4585      11043     7.6680    10.1890    10.4119 3.3661e+00 0.0000e+00
     31.000     6.4920   3.254413    32.4586      11061     7.6804    10.1751    10.4189 3.7157e+00 0.0000e+00
     30.000     6.4933   3.254574    32.4597      11079     7.6929    10.1793    10.4035 4.1321e+00 0.0000e+00
     29.000     6.4963   3.254862    32.4605      11099     7.7070    10.1908    10.3951 4.6466e+00 0.0000e+00
     28.000     6.4990   3.255141    32.4615      11124     7.7241    10.1962    10.4057 5.2708e+00 0.0000e+00
     27.000     6.5262   3.257529    32.4626      11157     7.7473    10.2122    10.4112 5.9498e+00 0.0000e+00
     26.000     6.5376   3.258704    32.4652      11197     7.7749    10.2264    10.4163 6.5536e+00 0.0000e+00
     25.000     6.5899   3.263324    32.4670      11227     7.7960    10.2216    10.4188 7.1029e+00 0.0000e+00
     24.000     6.5981   3.264183    32.4691      11249     7.8111    10.2176    10.4362 7.7664e+00 0.0000e+00
     23.000     6.6527   3.268669    32.4671      11267     7.8238    10.2042    10.4405 8.6532e+00 0.0000e+00
     22.000     6.6600   3.269748    32.4726      11285     7.8364    10.2193    10.4595 9.8185e+00 0.0000e+00
     21.000     6.7433   3.276987    32.4737      11306     7.8505    10.2386    10.4782 1.1344e+01 0.0000e+00
     20.000     6.7979   3.282431    32.4823      11333     7.8698    10.2672    10.4910 1.3119e+01 0.0000e+00
     19.000     6.8338   3.285901    32.4867      11372     7.8965    10.3202    10.5402 1.4662e+01 0.0000e+00
     18.000     6.9591   3.297228    32.4927      11404     7.9186    10.3024    10.5411 1.6378e+01 0.0000e+00
     17.000     7.0532   3.305863    32.4986      11429     7.9359    10.3105    10.5721 1.8323e+01 0.0000e+00
     16.000     7.1085   3.310952    32.5023      11450     7.9510    10.3208    10.6099 2.0762e+01 0.0000e+00
     15.000     7.1711   3.316974    32.5093      11472     7.9659    10.3760    10.6292 2.4079e+01 0.0000e+00
     14.000     7.3267   3.331237    32.5180      11496     7.9825    10.3948    10.6474 2.7490e+01 0.0000e+00
     13.000     7.4521   3.343500    32.5333      11524     8.0023    10.3392    10.7281 3.1029e+01 0.0000e+00
     12.000     7.5297   3.350725    32.5389      11555     8.0239    10.3019    10.8152 3.5211e+01 0.0000e+00
     11.000     7.6282   3.358072    32.5262      11585     8.0445    10.3990    10.8604 4.0619e+01 0.0000e+00
     10.000     7.6643   3.359759    32.5111      11617     8.0666    10.4564    10.9159 4.5721e+01 0.0000e+00
      9.000     7.7100   3.362275    32.4958      11650     8.0898    10.3736    10.7771 5.2870e+01 0.0000e+00
      8.000     7.6889   3.361632    32.5091      11682     8.1115    10.3331    10.6098 5.7662e+01 0.0000e+00
      7.000     7.7029   3.362166    32.5022      11709     8.1302    10.2415    10.5083 6.6858e+01 0.0000e+00
      6.000     7.7190   3.362957    32.4962      11734     8.1478    10.1656    10.5296 7.7751e+01 0.0000e+00
      5.000     7.7200   3.363158    32.4978      11759     8.1655    10.1382    10.5944 9.0516e+01 0.0000e+00
      4.000     7.7204   3.363166    32.4980      11796     8.1908    10.1147    10.5161 1.1217e+02 0.0000e+00
      3.000     7.7184   3.363029    32.4988      11844     8.2246    10.2719    10.5153 1.3204e+02 0.0000e+00
      2.000     7.7156   3.362963    32.5013      11997     8.3308    10.3395    10.5296 1.6490e+02 0.0000e+00
