HB2502/ctd154.cnv
* Sea-Bird SBE 9 Data File:
* FileName = C:\cruise\data\ctd154.hex
* Software Version Seasave V 7.26.7.121
* Temperature SN = 6768
* Conductivity SN = 6166
* Number of Bytes Per Scan = 37
* Number of Voltage Words = 4
* Number of Scans Averaged by the Deck Unit = 1
* NMEA Latitude = 41 47.15 N
* NMEA Longitude = 068 04.15 W
* NMEA UTC (Time) = Apr 15 2025 07:16:24
* NMEA baud rate = 4800
** Ship: Bigelow HB2502
** Program:  Spring Bottom Trawl
** Chief Scientist:Jon Galbraith
# nquan = 7
# nvalues = 81                          
# units = specified
# name 0 = depSM: Depth [salt water, m]
# name 1 = t090C: Temperature [ITS-90, deg C]
# name 2 = c0S/m: Conductivity [S/m]
# name 3 = sal00: Salinity, Practical [PSU]
# name 4 = scan: Scan Count
# name 5 = timeM: Time, Elapsed [minutes]
# name 6 = flag: flag
# span 0 =      1.000,     42.000       
# span 1 =     5.9525,     6.1122       
# span 2 =   1.740302,   3.284673       
# span 3 =    17.1757,    33.2009       
# span 4 =        127,       3891       
# span 5 =     0.0878,     2.7014       
# span 6 = 0.0000e+00, 0.0000e+00       
# interval = meters: 1                  
# start_time = Apr 15 2025 07:16:24 [NMEA time, header]
# bad_flag = -9.990e-29
*END*
      3.000     6.0863   3.284673    33.2009        127     0.0878 0.0000e+00
      4.000     6.0421   3.244525    32.7936        295     0.2044 0.0000e+00
      5.000     6.0404   3.244989    32.8000        325     0.2253 0.0000e+00
      6.000     6.0401   3.243308    32.7809        351     0.2431 0.0000e+00
      7.000     6.0398   3.242304    32.7695        377     0.2609 0.0000e+00
      8.000     6.0362   3.241861    32.7674        404     0.2797 0.0000e+00
      9.000     6.0337   3.241877    32.7696        432     0.2996 0.0000e+00
     10.000     6.0332   3.241856    32.7693        459     0.3180 0.0000e+00
     11.000     6.0338   3.241573    32.7651        482     0.3343 0.0000e+00
     12.000     6.0342   3.241581    32.7643        507     0.3511 0.0000e+00
     13.000     6.0337   3.241955    32.7684        537     0.3724 0.0000e+00
     14.000     6.0247   3.241554    32.7722        569     0.3947 0.0000e+00
     15.000     6.0169   3.240872    32.7716        594     0.4119 0.0000e+00
     16.000     6.0132   3.240582    32.7714        616     0.4269 0.0000e+00
     17.000     6.0117   3.240764    32.7745        640     0.4436 0.0000e+00
     18.000     6.0102   3.241871    32.7878        671     0.4649 0.0000e+00
     19.000     6.0077   3.241433    32.7848        703     0.4877 0.0000e+00
     20.000     6.0062   3.240626    32.7767        730     0.5065 0.0000e+00
     21.000     6.0047   3.240319    32.7742        754     0.5228 0.0000e+00
     22.000     5.9996   3.240187    32.7772        776     0.5384 0.0000e+00
     23.000     5.9950   3.240631    32.7861        801     0.5556 0.0000e+00
     24.000     5.9898   3.241086    32.7958        830     0.5759 0.0000e+00
     25.000     5.9858   3.241240    32.8008        861     0.5974 0.0000e+00
     26.000     5.9727   3.241188    32.8125        890     0.6175 0.0000e+00
     27.000     5.9684   3.240333    32.8066        917     0.6359 0.0000e+00
     28.000     5.9675   3.239464    32.7972        942     0.6531 0.0000e+00
     29.000     5.9629   3.239172    32.7979        965     0.6696 0.0000e+00
     30.000     5.9566   3.239465    32.8068        990     0.6869 0.0000e+00
     31.000     5.9552   3.240397    32.8181       1022     0.7088 0.0000e+00
     32.000     5.9539   3.239147    32.8048       1053     0.7305 0.0000e+00
     33.000     5.9530   3.238121    32.7937       1077     0.7471 0.0000e+00
     34.000     5.9526   3.237952    32.7917       1098     0.7620 0.0000e+00
     35.000     5.9528   3.238378    32.7958       1122     0.7782 0.0000e+00
     36.000     5.9527   3.238344    32.7950       1152     0.7996 0.0000e+00
     37.000     5.9528   3.238320    32.7941       1188     0.8243 0.0000e+00
     38.000     5.9528   3.237895    32.7889       1213     0.8415 0.0000e+00
     39.000     5.9525   3.237801    32.7876       1233     0.8558 0.0000e+00
     40.000     5.9526   3.237940    32.7886       1256     0.8715 0.0000e+00
     41.000     5.9532   3.239434    32.8043       1384     0.9605 0.0000e+00
     42.000     5.9536   3.240959    32.8205       2618     1.8174 0.0000e+00
     41.000     5.9532   3.239786    32.8082       2422     1.6813 0.0000e+00
     40.000     5.9611   3.239044    32.7928       2583     1.7930 0.0000e+00
     39.000     5.9697   3.238617    32.7801       2611     1.8128 0.0000e+00
     38.000     5.9787   3.238426    32.7698       2632     1.8268 0.0000e+00
     37.000     5.9795   3.238342    32.7686       2654     1.8426 0.0000e+00
     36.000     5.9769   3.238303    32.7712       2685     1.8640 0.0000e+00
     35.000     5.9821   3.238297    32.7665       2716     1.8852 0.0000e+00
     34.000     5.9810   3.238259    32.7677       2740     1.9018 0.0000e+00
     33.000     5.9785   3.238190    32.7698       2761     1.9164 0.0000e+00
     32.000     5.9742   3.238254    32.7752       2783     1.9319 0.0000e+00
     31.000     5.9707   3.238408    32.7808       2811     1.9514 0.0000e+00
     30.000     5.9651   3.238603    32.7889       2846     1.9760 0.0000e+00
     29.000     5.9696   3.238602    32.7850       2876     1.9962 0.0000e+00
     28.000     5.9800   3.238882    32.7786       2897     2.0110 0.0000e+00
     27.000     5.9823   3.239354    32.7822       2915     2.0234 0.0000e+00
     26.000     5.9855   3.240352    32.7907       2934     2.0366 0.0000e+00
     25.000     5.9802   3.240721    32.8005       2959     2.0543 0.0000e+00
     24.000     5.9774   3.239844    32.7938       2999     2.0821 0.0000e+00
     23.000     5.9782   3.239416    32.7888       3030     2.1034 0.0000e+00
     22.000     5.9794   3.240258    32.7976       3051     2.1182 0.0000e+00
     21.000     5.9836   3.240693    32.7989       3071     2.1319 0.0000e+00
     20.000     5.9858   3.240906    32.7996       3093     2.1471 0.0000e+00
     19.000     5.9939   3.241166    32.7952       3120     2.1660 0.0000e+00
     18.000     5.9976   3.240984    32.7900       3152     2.1882 0.0000e+00
     17.000     6.0018   3.240942    32.7861       3182     2.2089 0.0000e+00
     16.000     6.0087   3.241356    32.7845       3205     2.2253 0.0000e+00
     15.000     6.0116   3.242010    32.7895       3226     2.2397 0.0000e+00
     14.000     6.0194   3.242918    32.7926       3248     2.2551 0.0000e+00
     13.000     6.0307   3.243374    32.7872       3278     2.2760 0.0000e+00
     12.000     6.0349   3.243381    32.7838       3314     2.3010 0.0000e+00
     11.000     6.0442   3.244210    32.7846       3339     2.3183 0.0000e+00
     10.000     6.0492   3.245186    32.7911       3359     2.3317 0.0000e+00
      9.000     6.0654   3.246625    32.7921       3378     2.3451 0.0000e+00
      8.000     6.0690   3.246431    32.7869       3405     2.3638 0.0000e+00
      7.000     6.0840   3.246214    32.7705       3445     2.3914 0.0000e+00
      6.000     6.0778   3.247474    32.7910       3472     2.4107 0.0000e+00
      5.000     6.0971   3.248696    32.7866       3492     2.4243 0.0000e+00
      4.000     6.1122   3.252771    32.8180       3511     2.4377 0.0000e+00
      3.000     6.0672   3.248021    32.8089       3731     2.5903 0.0000e+00
      2.000     6.0940   3.247813    32.7812       3826     2.6562 0.0000e+00
      1.000     6.0992   1.740302    17.1757       3891     2.7014 0.0000e+00
