HB2502/ctd144.cnv
* Sea-Bird SBE 9 Data File:
* FileName = C:\cruise\data\ctd144.hex
* Software Version Seasave V 7.26.7.121
* Temperature SN = 6768
* Conductivity SN = 6166
* Number of Bytes Per Scan = 37
* Number of Voltage Words = 4
* Number of Scans Averaged by the Deck Unit = 1
* NMEA Latitude = 40 32.83 N
* NMEA Longitude = 068 18.73 W
* NMEA UTC (Time) = Apr 11 2025 15:13:27
* NMEA baud rate = 4800
** Ship: Bigelow HB2502
** Program:  Spring Bottom Trawl
** Chief Scientist:Jon Galbraith
# nquan = 7
# nvalues = 179                         
# units = specified
# name 0 = depSM: Depth [salt water, m]
# name 1 = t090C: Temperature [ITS-90, deg C]
# name 2 = c0S/m: Conductivity [S/m]
# name 3 = sal00: Salinity, Practical [PSU]
# name 4 = scan: Scan Count
# name 5 = timeM: Time, Elapsed [minutes]
# name 6 = flag: flag
# span 0 =      1.000,     91.000       
# span 1 =     4.8660,     5.7759       
# span 2 =   1.234455,   3.254097       
# span 3 =    12.1473,    33.1188       
# span 4 =        129,       6923       
# span 5 =     0.0886,     4.8068       
# span 6 = 0.0000e+00, 0.0000e+00       
# interval = meters: 1                  
# start_time = Apr 11 2025 15:13:27 [NMEA time, header]
# bad_flag = -9.990e-29
*END*
      3.000     5.2721   3.173854    32.7446        129     0.0886 0.0000e+00
      4.000     5.1452   3.130514    32.3722        321     0.2219 0.0000e+00
      5.000     5.1545   3.124590    32.2948        331     0.2290 0.0000e+00
      6.000     5.1559   3.122822    32.2728        363     0.2513 0.0000e+00
      7.000     5.1557   3.121461    32.2568        418     0.2897 0.0000e+00
      8.000     5.1547   3.126331    32.3130        466     0.3232 0.0000e+00
      9.000     5.1414   3.123021    32.2875        589     0.4081 0.0000e+00
     10.000     5.1340   3.119242    32.2510        643     0.4458 0.0000e+00
     11.000     5.1336   3.117801    32.2344        669     0.4636 0.0000e+00
     12.000     5.1438   3.118055    32.2269        690     0.4788 0.0000e+00
     13.000     5.1319   3.118016    32.2374        712     0.4935 0.0000e+00
     14.000     5.1410   3.117865    32.2264        735     0.5095 0.0000e+00
     15.000     5.1404   3.121096    32.2635        767     0.5318 0.0000e+00
     16.000     5.1301   3.121988    32.2831        814     0.5646 0.0000e+00
     17.000     5.1287   3.118119    32.2397        842     0.5840 0.0000e+00
     18.000     5.1233   3.116710    32.2283        862     0.5976 0.0000e+00
     19.000     5.1212   3.116343    32.2256        880     0.6102 0.0000e+00
     20.000     5.1201   3.116706    32.2304        900     0.6246 0.0000e+00
     21.000     5.1211   3.119566    32.2616        929     0.6443 0.0000e+00
     22.000     5.1205   3.119932    32.2658        968     0.6718 0.0000e+00
     23.000     5.1043   3.119436    32.2754       1003     0.6957 0.0000e+00
     24.000     5.0728   3.115217    32.2571       1025     0.7114 0.0000e+00
     25.000     5.0374   3.112395    32.2584       1044     0.7246 0.0000e+00
     26.000     5.0080   3.111086    32.2713       1064     0.7383 0.0000e+00
     27.000     5.0003   3.114958    32.3228       1089     0.7555 0.0000e+00
     28.000     5.0309   3.116762    32.3133       1127     0.7819 0.0000e+00
     29.000     4.9528   3.115908    32.3789       1168     0.8102 0.0000e+00
     30.000     4.9481   3.110258    32.3180       1194     0.8283 0.0000e+00
     31.000     4.9433   3.106592    32.2800       1212     0.8412 0.0000e+00
     32.000     4.9310   3.105374    32.2774       1229     0.8529 0.0000e+00
     33.000     4.9203   3.105719    32.2912       1247     0.8656 0.0000e+00
     34.000     4.9184   3.109952    32.3413       1275     0.8850 0.0000e+00
     35.000     4.8777   3.110542    32.3872       1330     0.9228 0.0000e+00
     36.000     4.8746   3.106961    32.3484       1358     0.9421 0.0000e+00
     37.000     4.8716   3.104416    32.3215       1376     0.9551 0.0000e+00
     38.000     4.8720   3.104454    32.3211       1393     0.9670 0.0000e+00
     39.000     4.8745   3.104909    32.3234       1412     0.9801 0.0000e+00
     40.000     4.8796   3.106405    32.3351       1439     0.9988 0.0000e+00
     41.000     4.8876   3.107384    32.3382       1486     1.0315 0.0000e+00
     42.000     4.8886   3.106843    32.3304       1517     1.0528 0.0000e+00
     43.000     4.8895   3.108918    32.3529       1536     1.0663 0.0000e+00
     44.000     4.8922   3.110380    32.3666       1555     1.0795 0.0000e+00
     45.000     4.8957   3.111438    32.3749       1579     1.0956 0.0000e+00
     46.000     4.9052   3.112572    32.3783       1613     1.1198 0.0000e+00
     47.000     4.9144   3.113610    32.3807       1644     1.1411 0.0000e+00
     48.000     4.9235   3.116266    32.4019       1665     1.1553 0.0000e+00
     49.000     4.9316   3.119102    32.4261       1686     1.1701 0.0000e+00
     50.000     4.9487   3.122414    32.4470       1715     1.1903 0.0000e+00
     51.000     4.9753   3.128101    32.4860       1749     1.2142 0.0000e+00
     52.000     5.0202   3.135625    32.5281       1777     1.2334 0.0000e+00
     53.000     5.0462   3.141087    32.5649       1803     1.2515 0.0000e+00
     54.000     5.0606   3.145219    32.5978       1831     1.2710 0.0000e+00
     55.000     5.0856   3.151254    32.6420       1859     1.2901 0.0000e+00
     56.000     5.1242   3.157635    32.6769       1882     1.3065 0.0000e+00
     57.000     5.1576   3.162979    32.7049       1905     1.3223 0.0000e+00
     58.000     5.1808   3.166729    32.7246       1930     1.3393 0.0000e+00
     59.000     5.2046   3.170775    32.7470       1960     1.3603 0.0000e+00
     60.000     5.2320   3.175603    32.7749       1995     1.3846 0.0000e+00
     61.000     5.2663   3.180307    32.7946       2026     1.4062 0.0000e+00
     62.000     5.3072   3.186836    32.8284       2051     1.4235 0.0000e+00
     63.000     5.3262   3.189039    32.8345       2071     1.4373 0.0000e+00
     64.000     5.4010   3.197690    32.8592       2090     1.4506 0.0000e+00
     65.000     5.4319   3.201929    32.8767       2119     1.4706 0.0000e+00
     66.000     5.4677   3.206069    32.8882       2177     1.5111 0.0000e+00
     67.000     5.5255   3.212905    32.9087       2198     1.5260 0.0000e+00
     68.000     5.5525   3.217386    32.9325       2214     1.5369 0.0000e+00
     69.000     5.6182   3.228421    32.9927       2229     1.5474 0.0000e+00
     70.000     5.7209   3.243765    33.0650       2248     1.5602 0.0000e+00
     71.000     5.7413   3.247505    33.0868       2289     1.5891 0.0000e+00
     72.000     5.7474   3.248747    33.0944       2348     1.6300 0.0000e+00
     73.000     5.7532   3.249711    33.0991       2365     1.6415 0.0000e+00
     74.000     5.7576   3.250373    33.1018       2380     1.6524 0.0000e+00
     75.000     5.7630   3.251248    33.1058       2397     1.6641 0.0000e+00
     76.000     5.7640   3.251489    33.1070       2422     1.6809 0.0000e+00
     77.000     5.7640   3.251614    33.1079       2463     1.7099 0.0000e+00
     78.000     5.7639   3.251670    33.1082       2494     1.7316 0.0000e+00
     79.000     5.7650   3.251875    33.1089       2516     1.7466 0.0000e+00
     80.000     5.7701   3.252685    33.1126       2540     1.7633 0.0000e+00
     81.000     5.7672   3.252339    33.1110       2576     1.7885 0.0000e+00
     82.000     5.7705   3.252895    33.1135       2612     1.8131 0.0000e+00
     83.000     5.7728   3.253264    33.1150       2638     1.8311 0.0000e+00
     84.000     5.7745   3.253589    33.1165       2663     1.8485 0.0000e+00
     85.000     5.7747   3.253690    33.1169       2688     1.8659 0.0000e+00
     86.000     5.7754   3.253842    33.1174       2711     1.8821 0.0000e+00
     87.000     5.7756   3.253930    33.1177       2734     1.8981 0.0000e+00
     88.000     5.7759   3.254003    33.1178       2766     1.9204 0.0000e+00
     89.000     5.7751   3.253978    33.1177       2814     1.9538 0.0000e+00
     90.000     5.7753   3.254052    33.1179       2847     1.9764 0.0000e+00
     91.000     5.7751   3.254097    33.1181       2913     2.0223 0.0000e+00
     90.000     5.7747   3.254035    33.1183       2948     2.0465 0.0000e+00
     89.000     5.7736   3.253891    33.1183       3563     2.4736 0.0000e+00
     88.000     5.7740   3.253927    33.1188       3710     2.5754 0.0000e+00
     87.000     5.7732   3.253779    33.1184       3717     2.5806 0.0000e+00
     86.000     5.7725   3.253645    33.1180       3741     2.5970 0.0000e+00
     85.000     5.7724   3.253573    33.1178       3786     2.6285 0.0000e+00
     84.000     5.7720   3.253216    33.1147       3826     2.6563 0.0000e+00
     83.000     5.7718   3.253322    33.1165       3844     2.6688 0.0000e+00
     82.000     5.7718   3.253369    33.1176       3859     2.6794 0.0000e+00
     81.000     5.7715   3.253270    33.1172       3875     2.6901 0.0000e+00
     80.000     5.7692   3.252925    33.1161       3895     2.7041 0.0000e+00
     79.000     5.7673   3.252586    33.1147       3942     2.7368 0.0000e+00
     78.000     5.7668   3.252492    33.1147       3979     2.7628 0.0000e+00
     77.000     5.7673   3.252529    33.1150       3998     2.7757 0.0000e+00
     76.000     5.7669   3.252442    33.1149       4016     2.7880 0.0000e+00
     75.000     5.7649   3.252120    33.1138       4038     2.8033 0.0000e+00
     74.000     5.7615   3.251581    33.1116       4070     2.8255 0.0000e+00
     73.000     5.7568   3.250893    33.1089       4100     2.8465 0.0000e+00
     72.000     5.7389   3.248289    33.0976       4123     2.8626 0.0000e+00
     71.000     5.7223   3.245869    33.0870       4144     2.8773 0.0000e+00
     70.000     5.6842   3.240286    33.0618       4170     2.8953 0.0000e+00
     69.000     5.6351   3.232830    33.0262       4214     2.9260 0.0000e+00
     68.000     5.6054   3.228207    33.0034       4246     2.9476 0.0000e+00
     67.000     5.5437   3.217817    32.9466       4265     2.9611 0.0000e+00
     66.000     5.5140   3.212981    32.9213       4284     2.9742 0.0000e+00
     65.000     5.4694   3.207608    32.9045       4306     2.9899 0.0000e+00
     64.000     5.4304   3.202889    32.8895       4339     3.0123 0.0000e+00
     63.000     5.3965   3.198795    32.8767       4373     3.0361 0.0000e+00
     62.000     5.3378   3.191753    32.8545       4399     3.0540 0.0000e+00
     61.000     5.3026   3.187139    32.8370       4422     3.0700 0.0000e+00
     60.000     5.2713   3.182654    32.8170       4446     3.0866 0.0000e+00
     59.000     5.2519   3.179662    32.8023       4475     3.1072 0.0000e+00
     58.000     5.2232   3.175043    32.7781       4512     3.1326 0.0000e+00
     57.000     5.1927   3.169947    32.7503       4542     3.1538 0.0000e+00
     56.000     5.1736   3.166921    32.7349       4563     3.1684 0.0000e+00
     55.000     5.1561   3.164262    32.7221       4582     3.1815 0.0000e+00
     54.000     5.1236   3.159225    32.6967       4604     3.1966 0.0000e+00
     53.000     5.0919   3.153708    32.6651       4637     3.2191 0.0000e+00
     52.000     5.0748   3.149598    32.6352       4666     3.2395 0.0000e+00
     51.000     5.0503   3.144163    32.5973       4688     3.2546 0.0000e+00
     50.000     5.0245   3.139087    32.5647       4716     3.2742 0.0000e+00
     49.000     5.0116   3.136780    32.5513       4756     3.3020 0.0000e+00
     48.000     4.9682   3.128762    32.5020       4780     3.3187 0.0000e+00
     47.000     4.9536   3.125720    32.4818       4800     3.3325 0.0000e+00
     46.000     4.9383   3.123166    32.4679       4823     3.3486 0.0000e+00
     45.000     4.9287   3.121544    32.4591       4856     3.3716 0.0000e+00
     44.000     4.9215   3.120188    32.4510       4892     3.3964 0.0000e+00
     43.000     4.9075   3.117215    32.4310       4915     3.4125 0.0000e+00
     42.000     4.8990   3.115263    32.4173       4935     3.4261 0.0000e+00
     41.000     4.8957   3.113849    32.4048       4952     3.4383 0.0000e+00
     40.000     4.8913   3.111582    32.3834       4971     3.4512 0.0000e+00
     39.000     4.8841   3.107949    32.3490       4996     3.4691 0.0000e+00
     38.000     4.8733   3.104286    32.3178       5047     3.5040 0.0000e+00
     37.000     4.8743   3.103894    32.3129       5086     3.5311 0.0000e+00
     36.000     4.8695   3.102196    32.2985       5105     3.5448 0.0000e+00
     35.000     4.8675   3.101173    32.2891       5123     3.5568 0.0000e+00
     34.000     4.8660   3.100454    32.2829       5140     3.5687 0.0000e+00
     33.000     4.8688   3.099818    32.2733       5158     3.5813 0.0000e+00
     32.000     4.8775   3.099050    32.2565       5181     3.5972 0.0000e+00
     31.000     4.8907   3.099083    32.2446       5220     3.6245 0.0000e+00
     30.000     4.9138   3.099955    32.2327       5262     3.6533 0.0000e+00
     29.000     4.9495   3.101563    32.2171       5288     3.6719 0.0000e+00
     28.000     4.9645   3.102413    32.2129       5312     3.6882 0.0000e+00
     27.000     4.9706   3.102704    32.2109       5333     3.7027 0.0000e+00
     26.000     4.9813   3.103384    32.2088       5351     3.7156 0.0000e+00
     25.000     5.0228   3.106523    32.2052       5370     3.7284 0.0000e+00
     24.000     5.0482   3.108654    32.2056       5399     3.7483 0.0000e+00
     23.000     5.0757   3.110995    32.2063       5451     3.7844 0.0000e+00
     22.000     5.0779   3.111096    32.2059       5472     3.7992 0.0000e+00
     21.000     5.0866   3.111715    32.2051       5488     3.8107 0.0000e+00
     20.000     5.0978   3.112584    32.2047       5508     3.8243 0.0000e+00
     19.000     5.1058   3.113266    32.2053       5539     3.8460 0.0000e+00
     18.000     5.1091   3.113494    32.2052       5572     3.8690 0.0000e+00
     17.000     5.1167   3.114033    32.2046       5595     3.8849 0.0000e+00
     16.000     5.1244   3.114601    32.2041       5621     3.9030 0.0000e+00
     15.000     5.1298   3.115005    32.2040       5655     3.9267 0.0000e+00
     14.000     5.1309   3.115072    32.2043       5682     3.9454 0.0000e+00
     13.000     5.1330   3.115186    32.2040       5703     3.9599 0.0000e+00
     12.000     5.1378   3.115441    32.2028       5722     3.9730 0.0000e+00
     11.000     5.1423   3.115760    32.2026       5744     3.9881 0.0000e+00
     10.000     5.1534   3.116630    32.2023       5785     4.0164 0.0000e+00
      9.000     5.1549   3.116730    32.2026       5825     4.0443 0.0000e+00
      8.000     5.1597   3.117118    32.2028       5846     4.0591 0.0000e+00
      7.000     5.1600   3.117116    32.2030       5866     4.0726 0.0000e+00
      6.000     5.1566   3.116887    32.2042       6491     4.5073 0.0000e+00
      5.000     5.1584   3.117007    32.2043       6734     4.6755 0.0000e+00
      4.000     5.1570   3.116845    32.2044       6774     4.7035 0.0000e+00
      3.000     5.1564   3.116733    32.2041       6802     4.7230 0.0000e+00
      2.000     5.1563   3.116684    32.2042       6869     4.7696 0.0000e+00
      1.000     5.1271   1.234455    12.1473       6923     4.8068 0.0000e+00
