HB2502/ctd122.cnv
* Sea-Bird SBE 9 Data File:
* FileName = C:\cruise\data\ctd122.hex
* Software Version Seasave V 7.26.7.121
* Temperature SN = 6768
* Conductivity SN = 6166
* Number of Bytes Per Scan = 37
* Number of Voltage Words = 4
* Number of Scans Averaged by the Deck Unit = 1
* NMEA Latitude = 40 08.55 N
* NMEA Longitude = 070 01.36 W
* NMEA UTC (Time) = Apr 06 2025 10:43:23
* NMEA baud rate = 4800
** Ship: Bigelow HB2502
** Program:  Spring Bottom Trawl
** Chief Scientist:Jon Galbraith
# nquan = 7
# nvalues = 218                         
# units = specified
# name 0 = depSM: Depth [salt water, m]
# name 1 = t090C: Temperature [ITS-90, deg C]
# name 2 = c0S/m: Conductivity [S/m]
# name 3 = sal00: Salinity, Practical [PSU]
# name 4 = scan: Scan Count
# name 5 = timeM: Time, Elapsed [minutes]
# name 6 = flag: flag
# span 0 =      1.000,    111.000       
# span 1 =     4.8324,     7.7024       
# span 2 =   2.109631,   3.502425       
# span 3 =    20.9379,    33.9616       
# span 4 =        197,       9103       
# span 5 =     0.1363,     6.3207       
# span 6 = 0.0000e+00, 0.0000e+00       
# interval = meters: 1                  
# start_time = Apr 06 2025 10:43:23 [NMEA time, header]
# bad_flag = -9.990e-29
*END*
      4.000     6.0939   3.242835    32.7247        197     0.1363 0.0000e+00
      5.000     5.9710   3.214377    32.5239        378     0.2617 0.0000e+00
      6.000     5.9618   3.198281    32.3519        456     0.3161 0.0000e+00
      7.000     5.9683   3.204595    32.4159        839     0.5821 0.0000e+00
      8.000     5.9528   3.194548    32.3177       1360     0.9435 0.0000e+00
      9.000     5.9529   3.190514    32.2719       1381     0.9584 0.0000e+00
     10.000     5.9522   3.188902    32.2540       1404     0.9742 0.0000e+00
     11.000     5.9514   3.188780    32.2529       1425     0.9889 0.0000e+00
     12.000     5.9520   3.191679    32.2844       1456     1.0106 0.0000e+00
     13.000     5.9513   3.191166    32.2788       1499     1.0399 0.0000e+00
     14.000     5.9485   3.188444    32.2505       1526     1.0588 0.0000e+00
     15.000     5.9501   3.188175    32.2454       1548     1.0740 0.0000e+00
     16.000     5.9509   3.188437    32.2471       1571     1.0906 0.0000e+00
     17.000     5.9514   3.188842    32.2507       1600     1.1104 0.0000e+00
     18.000     5.9514   3.188914    32.2510       1629     1.1304 0.0000e+00
     19.000     5.9521   3.188691    32.2474       1655     1.1485 0.0000e+00
     20.000     5.9473   3.188641    32.2509       1681     1.1668 0.0000e+00
     21.000     5.9406   3.189974    32.2717       1713     1.1887 0.0000e+00
     22.000     5.9280   3.188970    32.2720       1744     1.2101 0.0000e+00
     23.000     5.8852   3.186916    32.2893       1767     1.2263 0.0000e+00
     24.000     5.8657   3.185524    32.2918       1788     1.2410 0.0000e+00
     25.000     5.8546   3.187631    32.3256       1814     1.2590 0.0000e+00
     26.000     5.8684   3.189192    32.3294       1852     1.2856 0.0000e+00
     27.000     5.7622   3.187330    32.4099       1882     1.3063 0.0000e+00
     28.000     5.7360   3.182491    32.3800       1905     1.3223 0.0000e+00
     29.000     5.7280   3.181846    32.3800       1930     1.3394 0.0000e+00
     30.000     5.7265   3.183172    32.3959       1957     1.3584 0.0000e+00
     31.000     5.7199   3.182633    32.3956       1985     1.3781 0.0000e+00
     32.000     5.7123   3.182149    32.3970       2013     1.3975 0.0000e+00
     33.000     5.7027   3.181646    32.4000       2037     1.4142 0.0000e+00
     34.000     5.6817   3.182010    32.4238       2060     1.4296 0.0000e+00
     35.000     5.6458   3.183253    32.4720       2087     1.4483 0.0000e+00
     36.000     5.6087   3.183925    32.5149       2123     1.4736 0.0000e+00
     37.000     5.5725   3.183437    32.5439       2156     1.4965 0.0000e+00
     38.000     5.5468   3.182502    32.5577       2181     1.5137 0.0000e+00
     39.000     5.5422   3.181702    32.5526       2201     1.5277 0.0000e+00
     40.000     5.5472   3.181847    32.5489       2221     1.5415 0.0000e+00
     41.000     5.5564   3.182703    32.5492       2243     1.5569 0.0000e+00
     42.000     5.5630   3.184668    32.5645       2274     1.5784 0.0000e+00
     43.000     5.5480   3.185857    32.5921       2309     1.6029 0.0000e+00
     44.000     5.5363   3.186161    32.6063       2338     1.6227 0.0000e+00
     45.000     5.5335   3.186171    32.6086       2363     1.6401 0.0000e+00
     46.000     5.5370   3.185432    32.5965       2387     1.6570 0.0000e+00
     47.000     5.5406   3.185407    32.5921       2416     1.6772 0.0000e+00
     48.000     5.5291   3.185358    32.6022       2451     1.7017 0.0000e+00
     49.000     5.5151   3.184035    32.6003       2478     1.7199 0.0000e+00
     50.000     5.4863   3.181608    32.6003       2496     1.7329 0.0000e+00
     51.000     5.4319   3.177260    32.6033       2515     1.7456 0.0000e+00
     52.000     5.3769   3.172329    32.6001       2543     1.7652 0.0000e+00
     53.000     5.3465   3.168457    32.5851       2592     1.7993 0.0000e+00
     54.000     5.3209   3.166736    32.5899       2616     1.8162 0.0000e+00
     55.000     5.2712   3.163054    32.5958       2635     1.8292 0.0000e+00
     56.000     5.2427   3.160185    32.5904       2655     1.8428 0.0000e+00
     57.000     5.2370   3.159877    32.5919       2680     1.8603 0.0000e+00
     58.000     5.2310   3.159681    32.5950       2710     1.8810 0.0000e+00
     59.000     5.2230   3.159018    32.5946       2735     1.8989 0.0000e+00
     60.000     5.2215   3.158880    32.5941       2761     1.9170 0.0000e+00
     61.000     5.2346   3.160251    32.5964       2801     1.9445 0.0000e+00
     62.000     5.2708   3.163643    32.5994       2831     1.9656 0.0000e+00
     63.000     5.2968   3.166524    32.6065       2851     1.9791 0.0000e+00
     64.000     5.3044   3.167884    32.6140       2870     1.9923 0.0000e+00
     65.000     5.3238   3.170307    32.6222       2893     2.0083 0.0000e+00
     66.000     5.3273   3.171417    32.6310       2921     2.0280 0.0000e+00
     67.000     5.3251   3.172940    32.6500       2951     2.0486 0.0000e+00
     68.000     5.3392   3.174670    32.6555       2982     2.0701 0.0000e+00
     69.000     5.3207   3.173425    32.6588       3012     2.0909 0.0000e+00
     70.000     5.1629   3.160216    32.6615       3039     2.1097 0.0000e+00
     71.000     5.0687   3.151027    32.6479       3062     2.1258 0.0000e+00
     72.000     5.0212   3.146517    32.6420       3085     2.1415 0.0000e+00
     73.000     4.9307   3.138283    32.6356       3110     2.1591 0.0000e+00
     74.000     4.8422   3.130727    32.6349       3139     2.1789 0.0000e+00
     75.000     4.8324   3.130604    32.6426       3168     2.1996 0.0000e+00
     76.000     4.9851   3.145412    32.6627       3197     2.2196 0.0000e+00
     77.000     5.1343   3.160667    32.6911       3222     2.2367 0.0000e+00
     78.000     5.1608   3.164044    32.7033       3244     2.2518 0.0000e+00
     79.000     5.1972   3.168098    32.7136       3268     2.2687 0.0000e+00
     80.000     5.2079   3.169716    32.7211       3303     2.2934 0.0000e+00
     81.000     5.1976   3.170662    32.7415       3340     2.3187 0.0000e+00
     82.000     5.2477   3.177850    32.7740       3363     2.3348 0.0000e+00
     83.000     5.2731   3.181499    32.7904       3382     2.3480 0.0000e+00
     84.000     5.3003   3.185253    32.8061       3401     2.3614 0.0000e+00
     85.000     5.3256   3.188716    32.8203       3425     2.3778 0.0000e+00
     86.000     5.3517   3.192420    32.8364       3457     2.4003 0.0000e+00
     87.000     5.3693   3.195421    32.8528       3490     2.4231 0.0000e+00
     88.000     5.3503   3.194448    32.8599       3518     2.4426 0.0000e+00
     89.000     5.3257   3.193466    32.8723       3545     2.4610 0.0000e+00
     90.000     5.4332   3.207188    32.9225       3569     2.4781 0.0000e+00
     91.000     5.6872   3.238009    33.0227       3592     2.4936 0.0000e+00
     92.000     5.6879   3.238505    33.0270       3615     2.5095 0.0000e+00
     93.000     5.6927   3.239271    33.0305       3643     2.5294 0.0000e+00
     94.000     5.7079   3.241217    33.0371       3681     2.5557 0.0000e+00
     95.000     5.7536   3.246655    33.0531       3709     2.5748 0.0000e+00
     96.000     6.2800   3.311795    33.2679       3730     2.5898 0.0000e+00
     97.000     6.6012   3.353671    33.4185       3752     2.6051 0.0000e+00
     98.000     6.8625   3.387867    33.5399       3777     2.6220 0.0000e+00
     99.000     7.0275   3.410082    33.6221       3803     2.6405 0.0000e+00
    100.000     7.1301   3.424108    33.6749       3834     2.6616 0.0000e+00
    101.000     7.1961   3.433135    33.7085       3864     2.6826 0.0000e+00
    102.000     7.2735   3.443380    33.7442       3889     2.7003 0.0000e+00
    103.000     7.3188   3.449473    33.7658       3913     2.7164 0.0000e+00
    104.000     7.3560   3.454309    33.7816       3940     2.7353 0.0000e+00
    105.000     7.4167   3.462334    33.8090       3973     2.7581 0.0000e+00
    106.000     7.4853   3.471472    33.8408       4000     2.7771 0.0000e+00
    107.000     7.5637   3.481822    33.8758       4021     2.7918 0.0000e+00
    108.000     7.6232   3.489922    33.9050       4041     2.8052 0.0000e+00
    109.000     7.6703   3.496469    33.9291       4063     2.8211 0.0000e+00
    110.000     7.6904   3.499523    33.9421       4102     2.8481 0.0000e+00
    111.000     7.6867   3.499712    33.9472       4227     2.9346 0.0000e+00
    110.000     7.7024   3.502425    33.9616       5038     3.4980 0.0000e+00
    109.000     7.6845   3.500029    33.9538       5437     3.7750 0.0000e+00
    108.000     7.6784   3.499147    33.9506       5471     3.7983 0.0000e+00
    107.000     7.6685   3.497706    33.9453       5495     3.8152 0.0000e+00
    106.000     7.6421   3.494141    33.9330       5520     3.8326 0.0000e+00
    105.000     7.6067   3.489380    33.9166       5546     3.8507 0.0000e+00
    104.000     7.5435   3.481012    33.8883       5573     3.8695 0.0000e+00
    103.000     7.4732   3.471696    33.8564       5601     3.8889 0.0000e+00
    102.000     7.4007   3.462530    33.8283       5628     3.9074 0.0000e+00
    101.000     7.3521   3.455857    33.8037       5651     3.9234 0.0000e+00
    100.000     7.3102   3.450359    33.7853       5672     3.9382 0.0000e+00
     99.000     7.2555   3.443359    33.7630       5696     3.9549 0.0000e+00
     98.000     7.2109   3.437448    33.7425       5727     3.9764 0.0000e+00
     97.000     7.1321   3.427162    33.7078       5760     3.9990 0.0000e+00
     96.000     6.9931   3.408917    33.6444       5784     4.0160 0.0000e+00
     95.000     6.8287   3.387729    33.5729       5804     4.0301 0.0000e+00
     94.000     6.5750   3.354912    33.4592       5826     4.0452 0.0000e+00
     93.000     6.0870   3.293613    33.2551       5856     4.0659 0.0000e+00
     92.000     6.0646   3.288059    33.2155       5892     4.0908 0.0000e+00
     91.000     5.7821   3.253773    33.1075       5914     4.1063 0.0000e+00
     90.000     5.7202   3.244888    33.0684       5932     4.1189 0.0000e+00
     89.000     5.7015   3.242337    33.0584       5951     4.1322 0.0000e+00
     88.000     5.6366   3.234499    33.0340       5976     4.1494 0.0000e+00
     87.000     5.4890   3.215813    32.9674       6015     4.1766 0.0000e+00
     86.000     5.4538   3.210882    32.9464       6054     4.2037 0.0000e+00
     85.000     5.3864   3.200354    32.8933       6074     4.2174 0.0000e+00
     84.000     5.3817   3.198801    32.8807       6090     4.2282 0.0000e+00
     83.000     5.3725   3.197137    32.8713       6106     4.2395 0.0000e+00
     82.000     5.3549   3.194250    32.8561       6127     4.2538 0.0000e+00
     81.000     5.3111   3.187920    32.8274       6169     4.2836 0.0000e+00
     80.000     5.2937   3.185490    32.8173       6210     4.3115 0.0000e+00
     79.000     5.2517   3.179685    32.7926       6228     4.3242 0.0000e+00
     78.000     5.2242   3.175266    32.7696       6244     4.3355 0.0000e+00
     77.000     5.2106   3.171861    32.7445       6265     4.3499 0.0000e+00
     76.000     5.2009   3.169687    32.7296       6299     4.3733 0.0000e+00
     75.000     5.1879   3.168226    32.7262       6332     4.3964 0.0000e+00
     74.000     5.0727   3.156069    32.7002       6355     4.4126 0.0000e+00
     73.000     4.9496   3.143632    32.6786       6377     4.4278 0.0000e+00
     72.000     4.8865   3.136060    32.6539       6399     4.4430 0.0000e+00
     71.000     4.9116   3.136802    32.6383       6423     4.4596 0.0000e+00
     70.000     4.9559   3.140197    32.6345       6453     4.4809 0.0000e+00
     69.000     5.0339   3.147100    32.6378       6489     4.5055 0.0000e+00
     68.000     5.2110   3.162841    32.6455       6514     4.5228 0.0000e+00
     67.000     5.3056   3.171386    32.6513       6534     4.5371 0.0000e+00
     66.000     5.3049   3.171242    32.6508       6557     4.5528 0.0000e+00
     65.000     5.3029   3.170493    32.6447       6587     4.5736 0.0000e+00
     64.000     5.3162   3.170572    32.6332       6618     4.5952 0.0000e+00
     63.000     5.3292   3.170181    32.6166       6641     4.6113 0.0000e+00
     62.000     5.3056   3.167404    32.6084       6662     4.6259 0.0000e+00
     61.000     5.3093   3.167538    32.6068       6685     4.6419 0.0000e+00
     60.000     5.3013   3.166404    32.6022       6714     4.6616 0.0000e+00
     59.000     5.2701   3.162904    32.5931       6749     4.6862 0.0000e+00
     58.000     5.2597   3.161449    32.5871       6781     4.7086 0.0000e+00
     57.000     5.2391   3.158974    32.5795       6805     4.7248 0.0000e+00
     56.000     5.2435   3.158684    32.5724       6823     4.7377 0.0000e+00
     55.000     5.2779   3.161105    32.5670       6840     4.7496 0.0000e+00
     54.000     5.3086   3.163583    32.5659       6860     4.7630 0.0000e+00
     53.000     5.3508   3.167032    32.5647       6897     4.7889 0.0000e+00
     52.000     5.3756   3.169110    32.5648       6946     4.8232 0.0000e+00
     51.000     5.4146   3.172621    32.5673       6965     4.8363 0.0000e+00
     50.000     5.4378   3.174671    32.5686       6982     4.8479 0.0000e+00
     49.000     5.4535   3.175977    32.5686       6999     4.8596 0.0000e+00
     48.000     5.4774   3.177935    32.5682       7021     4.8753 0.0000e+00
     47.000     5.4820   3.178365    32.5691       7061     4.9030 0.0000e+00
     46.000     5.4921   3.179086    32.5680       7095     4.9262 0.0000e+00
     45.000     5.5225   3.181437    32.5657       7117     4.9418 0.0000e+00
     44.000     5.5439   3.183166    32.5651       7141     4.9580 0.0000e+00
     43.000     5.5520   3.183793    32.5648       7170     4.9788 0.0000e+00
     42.000     5.5528   3.183590    32.5623       7199     4.9986 0.0000e+00
     41.000     5.5640   3.183923    32.5557       7221     5.0136 0.0000e+00
     40.000     5.5810   3.184890    32.5506       7243     5.0288 0.0000e+00
     39.000     5.5760   3.183911    32.5448       7273     5.0498 0.0000e+00
     38.000     5.5669   3.182341    32.5364       7308     5.0745 0.0000e+00
     37.000     5.5608   3.179089    32.5060       7333     5.0919 0.0000e+00
     36.000     5.5714   3.177932    32.4832       7355     5.1071 0.0000e+00
     35.000     5.5901   3.178225    32.4689       7382     5.1258 0.0000e+00
     34.000     5.6132   3.178431    32.4495       7413     5.1473 0.0000e+00
     33.000     5.6605   3.178771    32.4082       7437     5.1638 0.0000e+00
     32.000     5.6952   3.179299    32.3812       7457     5.1779 0.0000e+00
     31.000     5.7129   3.179282    32.3646       7481     5.1947 0.0000e+00
     30.000     5.7183   3.179036    32.3571       7519     5.2207 0.0000e+00
     29.000     5.7226   3.178688    32.3496       7554     5.2449 0.0000e+00
     28.000     5.7319   3.177603    32.3289       7576     5.2604 0.0000e+00
     27.000     5.7406   3.176808    32.3121       7596     5.2746 0.0000e+00
     26.000     5.7593   3.176678    32.2932       7619     5.2899 0.0000e+00
     25.000     5.7981   3.178139    32.2730       7644     5.3079 0.0000e+00
     24.000     5.8523   3.180918    32.2530       7672     5.3273 0.0000e+00
     23.000     5.8868   3.182874    32.2424       7700     5.3467 0.0000e+00
     22.000     5.9130   3.184486    32.2360       7729     5.3664 0.0000e+00
     21.000     5.9289   3.185398    32.2316       7755     5.3849 0.0000e+00
     20.000     5.9374   3.185923    32.2298       7780     5.4018 0.0000e+00
     19.000     5.9443   3.186287    32.2279       7805     5.4195 0.0000e+00
     18.000     5.9473   3.186462    32.2274       7838     5.4421 0.0000e+00
     17.000     5.9496   3.186549    32.2268       7868     5.4635 0.0000e+00
     16.000     5.9514   3.186619    32.2263       7889     5.4781 0.0000e+00
     15.000     5.9517   3.186616    32.2264       7908     5.4912 0.0000e+00
     14.000     5.9518   3.186564    32.2263       7932     5.5077 0.0000e+00
