HB2502/ctd119.cnv
* Sea-Bird SBE 9 Data File:
* FileName = C:\cruise\data\ctd119.hex
* Software Version Seasave V 7.26.7.121
* Temperature SN = 6768
* Conductivity SN = 6166
* Number of Bytes Per Scan = 37
* Number of Voltage Words = 4
* Number of Scans Averaged by the Deck Unit = 1
* NMEA Latitude = 40 06.94 N
* NMEA Longitude = 071 01.93 W
* NMEA UTC (Time) = Apr 05 2025 11:40:56
* NMEA baud rate = 4800
** Ship: Bigelow HB2502
** Program:  Spring Bottom Trawl
** Chief Scientist:Jon Galbraith
# nquan = 7
# nvalues = 302                         
# units = specified
# name 0 = depSM: Depth [salt water, m]
# name 1 = t090C: Temperature [ITS-90, deg C]
# name 2 = c0S/m: Conductivity [S/m]
# name 3 = sal00: Salinity, Practical [PSU]
# name 4 = scan: Scan Count
# name 5 = timeM: Time, Elapsed [minutes]
# name 6 = flag: flag
# span 0 =      1.000,    153.000       
# span 1 =     5.3854,     9.7778       
# span 2 =   3.180437,   3.783802       
# span 3 =    32.5027,    34.8856       
# span 4 =        184,      10555       
# span 5 =     0.1272,     7.3292       
# span 6 = 0.0000e+00, 0.0000e+00       
# interval = meters: 1                  
# start_time = Apr 05 2025 11:40:56 [NMEA time, header]
# bad_flag = -9.990e-29
*END*
      4.000     6.1708   3.245592    32.6813        184     0.1272 0.0000e+00
      5.000     6.1736   3.234414    32.5534        278     0.1921 0.0000e+00
      6.000     6.1911   3.233563    32.5266        312     0.2158 0.0000e+00
      7.000     6.1884   3.234617    32.5405        365     0.2529 0.0000e+00
      8.000     6.1657   3.232521    32.5383        398     0.2756 0.0000e+00
      9.000     6.2231   3.236994    32.5327        494     0.3423 0.0000e+00
     10.000     6.2229   3.239194    32.5569        579     0.4014 0.0000e+00
     11.000     6.2112   3.239855    32.5750        627     0.4350 0.0000e+00
     12.000     6.1965   3.239827    32.5884        667     0.4623 0.0000e+00
     13.000     6.1853   3.239285    32.5925        686     0.4759 0.0000e+00
     14.000     6.1816   3.239179    32.5944        702     0.4870 0.0000e+00
     15.000     6.1813   3.239277    32.5953        720     0.4992 0.0000e+00
     16.000     6.1817   3.239628    32.5983        745     0.5164 0.0000e+00
     17.000     6.1849   3.239887    32.5976        791     0.5488 0.0000e+00
     18.000     6.1757   3.239556    32.6023        825     0.5726 0.0000e+00
     19.000     6.1451   3.238317    32.6174        846     0.5869 0.0000e+00
     20.000     6.1142   3.236215    32.6231        864     0.5993 0.0000e+00
     21.000     6.1059   3.235689    32.6247        882     0.6121 0.0000e+00
     22.000     6.1057   3.237647    32.6464        907     0.6293 0.0000e+00
     23.000     6.1203   3.238564    32.6420        944     0.6548 0.0000e+00
     24.000     6.1099   3.237858    32.6437        977     0.6777 0.0000e+00
     25.000     6.0907   3.235159    32.6315       1001     0.6945 0.0000e+00
     26.000     6.0515   3.233428    32.6494       1022     0.7092 0.0000e+00
     27.000     6.0321   3.234733    32.6822       1047     0.7267 0.0000e+00
     28.000     6.0378   3.236539    32.6964       1082     0.7509 0.0000e+00
     29.000     5.9757   3.232595    32.7118       1111     0.7707 0.0000e+00
     30.000     5.8662   3.224205    32.7230       1130     0.7843 0.0000e+00
     31.000     5.7865   3.219987    32.7523       1148     0.7968 0.0000e+00
     32.000     5.7041   3.224561    32.8836       1170     0.8120 0.0000e+00
     33.000     5.5441   3.223241    33.0250       1207     0.8377 0.0000e+00
     34.000     5.4327   3.216271    33.0548       1251     0.8680 0.0000e+00
     35.000     5.4018   3.204460    32.9502       1276     0.8856 0.0000e+00
     36.000     5.3935   3.198703    32.8923       1296     0.8994 0.0000e+00
     37.000     5.3896   3.195141    32.8550       1314     0.9120 0.0000e+00
     38.000     5.3867   3.194633    32.8515       1333     0.9247 0.0000e+00
     39.000     5.3861   3.194128    32.8458       1354     0.9392 0.0000e+00
     40.000     5.3854   3.196750    32.8759       1382     0.9593 0.0000e+00
     41.000     5.3888   3.199912    32.9081       1436     0.9967 0.0000e+00
     42.000     5.3914   3.194376    32.8420       1471     1.0211 0.0000e+00
     43.000     5.4253   3.192958    32.7922       1489     1.0336 0.0000e+00
     44.000     5.4146   3.194899    32.8243       1505     1.0442 0.0000e+00
     45.000     5.4215   3.194036    32.8072       1520     1.0546 0.0000e+00
     46.000     5.4369   3.195108    32.8038       1537     1.0670 0.0000e+00
     47.000     5.4854   3.199241    32.8028       1567     1.0876 0.0000e+00
     48.000     5.5252   3.204450    32.8226       1606     1.1147 0.0000e+00
     49.000     5.5701   3.208982    32.8296       1635     1.1345 0.0000e+00
     50.000     5.7084   3.222585    32.8480       1663     1.1545 0.0000e+00
     51.000     5.8178   3.236238    32.8950       1697     1.1776 0.0000e+00
     52.000     5.8404   3.239151    32.9053       1725     1.1970 0.0000e+00
     53.000     5.8685   3.241821    32.9074       1746     1.2115 0.0000e+00
     54.000     5.9226   3.248959    32.9345       1764     1.2244 0.0000e+00
     55.000     5.9274   3.250223    32.9435       1783     1.2377 0.0000e+00
     56.000     5.9349   3.251266    32.9475       1809     1.2554 0.0000e+00
     57.000     5.9448   3.252609    32.9524       1846     1.2810 0.0000e+00
     58.000     5.9680   3.255442    32.9611       1880     1.3048 0.0000e+00
     59.000     5.9702   3.256147    32.9664       1905     1.3225 0.0000e+00
     60.000     5.9527   3.254704    32.9667       1927     1.3372 0.0000e+00
     61.000     5.9442   3.253858    32.9650       1946     1.3510 0.0000e+00
     62.000     5.9248   3.252105    32.9637       1971     1.3683 0.0000e+00
     63.000     5.9001   3.249768    32.9611       2011     1.3957 0.0000e+00
     64.000     5.8735   3.248495    32.9722       2044     1.4190 0.0000e+00
     65.000     6.0001   3.261271    32.9916       2066     1.4338 0.0000e+00
     66.000     6.2741   3.291115    33.0582       2083     1.4461 0.0000e+00
     67.000     6.4146   3.307596    33.1046       2101     1.4584 0.0000e+00
     68.000     6.4741   3.315448    33.1334       2123     1.4738 0.0000e+00
     69.000     6.4954   3.318512    33.1462       2165     1.5026 0.0000e+00
     70.000     6.5425   3.324595    33.1673       2205     1.5307 0.0000e+00
     71.000     6.5900   3.331288    33.1948       2226     1.5454 0.0000e+00
     72.000     6.6542   3.339985    33.2280       2244     1.5575 0.0000e+00
     73.000     6.7722   3.354332    33.2712       2261     1.5695 0.0000e+00
     74.000     6.8537   3.364256    33.3008       2285     1.5860 0.0000e+00
     75.000     6.8783   3.367604    33.3133       2329     1.6170 0.0000e+00
     76.000     6.8949   3.369647    33.3191       2363     1.6401 0.0000e+00
     77.000     6.9174   3.372242    33.3253       2382     1.6532 0.0000e+00
     78.000     6.9376   3.374635    33.3315       2399     1.6651 0.0000e+00
     79.000     6.9803   3.379573    33.3437       2419     1.6791 0.0000e+00
     80.000     7.0425   3.387128    33.3657       2454     1.7033 0.0000e+00
     81.000     7.0924   3.393323    33.3846       2494     1.7310 0.0000e+00
     82.000     7.1306   3.398131    33.3996       2517     1.7473 0.0000e+00
     83.000     7.1654   3.402433    33.4123       2536     1.7605 0.0000e+00
     84.000     7.2097   3.407974    33.4294       2555     1.7739 0.0000e+00
     85.000     7.2287   3.410483    33.4379       2582     1.7922 0.0000e+00
     86.000     7.2420   3.412358    33.4449       2623     1.8209 0.0000e+00
     87.000     7.2587   3.414554    33.4521       2652     1.8409 0.0000e+00
     88.000     7.2837   3.417685    33.4616       2672     1.8551 0.0000e+00
     89.000     7.3602   3.427167    33.4900       2693     1.8697 0.0000e+00
     90.000     7.3951   3.431657    33.5045       2718     1.8870 0.0000e+00
     91.000     7.4818   3.442268    33.5353       2746     1.9064 0.0000e+00
     92.000     7.5490   3.450572    33.5596       2775     1.9263 0.0000e+00
     93.000     7.6686   3.465509    33.6047       2803     1.9456 0.0000e+00
     94.000     7.6899   3.469062    33.6220       2829     1.9636 0.0000e+00
     95.000     7.6611   3.466418    33.6208       2854     1.9813 0.0000e+00
     96.000     7.6571   3.466132    33.6212       2882     2.0009 0.0000e+00
     97.000     7.6575   3.466370    33.6229       2916     2.0241 0.0000e+00
     98.000     7.6517   3.465931    33.6233       2944     2.0437 0.0000e+00
     99.000     7.6465   3.465518    33.6233       2965     2.0584 0.0000e+00
    100.000     7.6404   3.465038    33.6235       2984     2.0716 0.0000e+00
    101.000     7.6358   3.464714    33.6240       3005     2.0863 0.0000e+00
    102.000     7.6285   3.464147    33.6245       3035     2.1072 0.0000e+00
    103.000     7.6192   3.463493    33.6259       3074     2.1338 0.0000e+00
    104.000     7.6176   3.463638    33.6286       3104     2.1547 0.0000e+00
    105.000     7.6496   3.468037    33.6446       3128     2.1715 0.0000e+00
    106.000     7.7237   3.477702    33.6766       3149     2.1864 0.0000e+00
    107.000     7.8017   3.487209    33.7030       3170     2.2009 0.0000e+00
    108.000     7.8898   3.497758    33.7306       3194     2.2172 0.0000e+00
    109.000     8.0231   3.513492    33.7699       3225     2.2390 0.0000e+00
    110.000     8.0791   3.520404    33.7892       3261     2.2637 0.0000e+00
    111.000     8.1201   3.525665    33.8053       3288     2.2824 0.0000e+00
    112.000     8.2021   3.535664    33.8324       3310     2.2979 0.0000e+00
    113.000     8.2974   3.546890    33.8594       3333     2.3137 0.0000e+00
    114.000     8.4008   3.559899    33.8974       3360     2.3323 0.0000e+00
    115.000     8.4446   3.565671    33.9159       3388     2.3518 0.0000e+00
    116.000     8.4930   3.571928    33.9350       3412     2.3690 0.0000e+00
    117.000     8.5067   3.573865    33.9418       3437     2.3858 0.0000e+00
    118.000     8.5353   3.578396    33.9616       3467     2.4066 0.0000e+00
    119.000     8.2691   3.552500    33.9434       3504     2.4328 0.0000e+00
    120.000     8.2954   3.555738    33.9519       3533     2.4526 0.0000e+00
    121.000     8.3520   3.562444    33.9680       3552     2.4662 0.0000e+00
    122.000     8.4882   3.577620    33.9968       3569     2.4781 0.0000e+00
    123.000     8.6721   3.599537    34.0505       3588     2.4908 0.0000e+00
    124.000     8.8072   3.616304    34.0964       3614     2.5087 0.0000e+00
    125.000     8.8266   3.619479    34.1105       3661     2.5419 0.0000e+00
    126.000     8.8563   3.623457    34.1232       3697     2.5666 0.0000e+00
    127.000     8.8772   3.626141    34.1308       3717     2.5806 0.0000e+00
    128.000     8.9784   3.638855    34.1661       3734     2.5926 0.0000e+00
    129.000     9.0784   3.650920    34.1955       3751     2.6042 0.0000e+00
    130.000     9.1089   3.654848    34.2067       3770     2.6174 0.0000e+00
    131.000     9.1292   3.657632    34.2158       3802     2.6399 0.0000e+00
    132.000     9.1600   3.662104    34.2323       3861     2.6805 0.0000e+00
    133.000     9.1715   3.663815    34.2386       3884     2.6963 0.0000e+00
    134.000     9.1827   3.665840    34.2485       3901     2.7083 0.0000e+00
    135.000     9.1940   3.668395    34.2637       3918     2.7203 0.0000e+00
    136.000     9.1721   3.667650    34.2765       3938     2.7339 0.0000e+00
    137.000     9.1298   3.664184    34.2807       3962     2.7506 0.0000e+00
    138.000     9.0829   3.661319    34.2954       3992     2.7713 0.0000e+00
    139.000     9.3089   3.690873    34.3849       4026     2.7949 0.0000e+00
    140.000     9.4269   3.707652    34.4449       4055     2.8155 0.0000e+00
    141.000     9.4238   3.709586    34.4674       4081     2.8333 0.0000e+00
    142.000     9.4175   3.710473    34.4822       4108     2.8522 0.0000e+00
    143.000     9.4069   3.711974    34.5075       4137     2.8723 0.0000e+00
    144.000     9.4361   3.718275    34.5441       4163     2.8901 0.0000e+00
    145.000     9.4685   3.722725    34.5584       4185     2.9053 0.0000e+00
    146.000     9.5485   3.733440    34.5916       4206     2.9203 0.0000e+00
    147.000     9.5844   3.738481    34.6085       4233     2.9389 0.0000e+00
    148.000     9.6453   3.747455    34.6419       4270     2.9645 0.0000e+00
    149.000     9.7068   3.756797    34.6783       4301     2.9864 0.0000e+00
    150.000     9.7229   3.759569    34.6909       4325     3.0026 0.0000e+00
    151.000     9.7432   3.763762    34.7139       4346     3.0173 0.0000e+00
    152.000     9.7666   3.770129    34.7563       4368     3.0325 0.0000e+00
    153.000     9.7778   3.783802    34.8856       5420     3.7631 0.0000e+00
    152.000     9.7675   3.773977    34.7950       5661     3.9305 0.0000e+00
    151.000     9.7663   3.769777    34.7534       5723     3.9736 0.0000e+00
    150.000     9.7483   3.765655    34.7289       5755     3.9961 0.0000e+00
    149.000     9.7327   3.762320    34.7102       5775     4.0095 0.0000e+00
    148.000     9.7235   3.760470    34.7005       5790     4.0202 0.0000e+00
    147.000     9.7072   3.758043    34.6917       5805     4.0304 0.0000e+00
    146.000     9.6867   3.754794    34.6785       5821     4.0419 0.0000e+00
    145.000     9.5884   3.740700    34.6284       5856     4.0660 0.0000e+00
    144.000     9.4901   3.726575    34.5778       5909     4.1030 0.0000e+00
    143.000     9.4466   3.720519    34.5576       5932     4.1185 0.0000e+00
    142.000     9.4225   3.715992    34.5345       5950     4.1311 0.0000e+00
    141.000     9.4195   3.714360    34.5210       5967     4.1429 0.0000e+00
    140.000     9.4220   3.713209    34.5071       5985     4.1557 0.0000e+00
    139.000     9.4265   3.712095    34.4917       6010     4.1729 0.0000e+00
    138.000     9.4223   3.709606    34.4704       6048     4.1990 0.0000e+00
    137.000     9.2633   3.689867    34.4192       6078     4.2200 0.0000e+00
    136.000     9.1307   3.667943    34.3194       6099     4.2350 0.0000e+00
    135.000     9.1407   3.667499    34.3056       6121     4.2503 0.0000e+00
    134.000     9.1635   3.668364    34.2932       6149     4.2697 0.0000e+00
    133.000     9.1780   3.669106    34.2875       6181     4.2915 0.0000e+00
    132.000     9.1792   3.667122    34.2660       6205     4.3082 0.0000e+00
    131.000     9.1678   3.664531    34.2505       6225     4.3225 0.0000e+00
    130.000     9.1485   3.661769    34.2408       6248     4.3381 0.0000e+00
    129.000     9.1186   3.657714    34.2277       6281     4.3609 0.0000e+00
    128.000     9.1177   3.657577    34.2277       6317     4.3863 0.0000e+00
    127.000     9.0347   3.647341    34.2011       6340     4.4020 0.0000e+00
    126.000     8.9356   3.635028    34.1682       6358     4.4145 0.0000e+00
    125.000     8.9103   3.631654    34.1576       6375     4.4264 0.0000e+00
    124.000     8.8807   3.627842    34.1467       6394     4.4398 0.0000e+00
    123.000     8.7981   3.617700    34.1202       6431     4.4656 0.0000e+00
    122.000     8.6567   3.599819    34.0688       6481     4.5000 0.0000e+00
    121.000     8.5087   3.582281    34.0268       6502     4.5143 0.0000e+00
    120.000     8.4374   3.573654    34.0049       6518     4.5259 0.0000e+00
    119.000     8.4080   3.570075    33.9958       6534     4.5370 0.0000e+00
    118.000     8.3596   3.564262    33.9814       6553     4.5499 0.0000e+00
    117.000     8.3606   3.563345    33.9712       6582     4.5701 0.0000e+00
    116.000     8.4467   3.570312    33.9625       6624     4.5990 0.0000e+00
    115.000     8.4699   3.571521    33.9533       6654     4.6201 0.0000e+00
    114.000     8.4630   3.569604    33.9402       6679     4.6372 0.0000e+00
    113.000     8.4472   3.567498    33.9336       6701     4.6525 0.0000e+00
    112.000     8.4029   3.562068    33.9193       6720     4.6660 0.0000e+00
    111.000     8.3305   3.553046    33.8939       6738     4.6787 0.0000e+00
    110.000     8.2769   3.546802    33.8796       6758     4.6925 0.0000e+00
    109.000     8.1289   3.528544    33.8285       6796     4.7186 0.0000e+00
    108.000     8.0205   3.515287    33.7921       6843     4.7516 0.0000e+00
    107.000     7.9218   3.503669    33.7635       6864     4.7658 0.0000e+00
    106.000     7.8980   3.500454    33.7525       6881     4.7775 0.0000e+00
    105.000     7.8631   3.496176    33.7408       6897     4.7891 0.0000e+00
    104.000     7.7945   3.487799    33.7177       6916     4.8024 0.0000e+00
    103.000     7.7089   3.476880    33.6835       6944     4.8213 0.0000e+00
    102.000     7.6637   3.470363    33.6575       6984     4.8490 0.0000e+00
    101.000     7.6555   3.469223    33.6536       7017     4.8723 0.0000e+00
    100.000     7.6470   3.467112    33.6396       7041     4.8886 0.0000e+00
     99.000     7.6540   3.467661    33.6392       7062     4.9033 0.0000e+00
     98.000     7.6571   3.467932    33.6396       7082     4.9173 0.0000e+00
