HB2502/ctd149.cnv
* Sea-Bird SBE 9 Data File:
* FileName = C:\cruise\data\ctd149.hex
* Software Version Seasave V 7.26.7.121
* Temperature SN = 6768
* Conductivity SN = 6166
* Number of Bytes Per Scan = 37
* Number of Voltage Words = 4
* Number of Scans Averaged by the Deck Unit = 1
* NMEA Latitude = 40 22.72 N
* NMEA Longitude = 068 00.70 W
* NMEA UTC (Time) = Apr 12 2025 17:23:17
* NMEA baud rate = 4800
** Ship: Bigelow HB2502
** Program:  Spring Bottom Trawl
** Chief Scientist:Jon Galbraith
# nquan = 7
# nvalues = 275                         
# units = specified
# name 0 = depSM: Depth [salt water, m]
# name 1 = t090C: Temperature [ITS-90, deg C]
# name 2 = c0S/m: Conductivity [S/m]
# name 3 = sal00: Salinity, Practical [PSU]
# name 4 = scan: Scan Count
# name 5 = timeM: Time, Elapsed [minutes]
# name 6 = flag: flag
# span 0 =      3.000,    140.000       
# span 1 =     5.0437,     9.3270       
# span 2 =   3.110143,   3.694250       
# span 3 =    32.1612,    34.5618       
# span 4 =       -218,       8835       
# span 5 =    -0.1523,     6.1350       
# span 6 = 0.0000e+00, 0.0000e+00       
# interval = meters: 1                  
# start_time = Apr 12 2025 17:23:17 [NMEA time, header]
# bad_flag = -9.990e-29
*END*
      3.000     5.1604   3.167393    32.7804       -218    -0.1523 0.0000e+00
      4.000     5.0437   3.139099    32.5694        404     0.2802 0.0000e+00
      5.000     5.0540   3.113166    32.2612        568     0.3936 0.0000e+00
      6.000     5.0571   3.112201    32.2467        594     0.4115 0.0000e+00
      7.000     5.0508   3.111692    32.2465        616     0.4271 0.0000e+00
      8.000     5.0562   3.110143    32.2230        638     0.4420 0.0000e+00
      9.000     5.1312   3.111115    32.1612        664     0.4604 0.0000e+00
     10.000     5.1316   3.116435    32.2212        700     0.4852 0.0000e+00
     11.000     5.1387   3.120248    32.2574        736     0.5104 0.0000e+00
     12.000     5.1612   3.123544    32.2729        760     0.5273 0.0000e+00
     13.000     5.1821   3.127538    32.2978        782     0.5422 0.0000e+00
     14.000     5.1963   3.130111    32.3130        802     0.5563 0.0000e+00
     15.000     5.1993   3.132456    32.3363        822     0.5699 0.0000e+00
     16.000     5.2126   3.133083    32.3302        842     0.5840 0.0000e+00
     17.000     5.2180   3.132630    32.3192        870     0.6033 0.0000e+00
     18.000     5.2255   3.131198    32.2951        938     0.6504 0.0000e+00
     19.000     5.2955   3.146708    32.4039        959     0.6649 0.0000e+00
     20.000     5.3029   3.152407    32.4611        972     0.6746 0.0000e+00
     21.000     5.3063   3.154665    32.4831        985     0.6836 0.0000e+00
     22.000     5.3103   3.154347    32.4750        999     0.6932 0.0000e+00
     23.000     5.2904   3.147608    32.4171       1028     0.7131 0.0000e+00
     24.000     5.2684   3.143843    32.3949       1078     0.7479 0.0000e+00
     25.000     5.3322   3.153819    32.4463       1100     0.7634 0.0000e+00
     26.000     5.3412   3.160078    32.5084       1121     0.7778 0.0000e+00
     27.000     5.3439   3.156912    32.4692       1148     0.7962 0.0000e+00
     28.000     5.3361   3.153670    32.4393       1184     0.8217 0.0000e+00
     29.000     5.3819   3.164290    32.5153       1207     0.8375 0.0000e+00
     30.000     5.4225   3.171188    32.5538       1224     0.8491 0.0000e+00
     31.000     5.4638   3.173149    32.5356       1242     0.8619 0.0000e+00
     32.000     5.4822   3.165764    32.4335       1283     0.8903 0.0000e+00
     33.000     5.5473   3.174223    32.4659       1332     0.9242 0.0000e+00
     34.000     5.5543   3.187497    32.6091       1348     0.9353 0.0000e+00
     35.000     5.5660   3.192399    32.6527       1362     0.9451 0.0000e+00
     36.000     5.5805   3.194655    32.6637       1376     0.9549 0.0000e+00
     37.000     5.6432   3.193096    32.5848       1395     0.9681 0.0000e+00
     38.000     5.7574   3.189850    32.4374       1448     1.0047 0.0000e+00
     39.000     5.8032   3.203599    32.5476       1488     1.0327 0.0000e+00
     40.000     5.8472   3.216368    32.6483       1507     1.0462 0.0000e+00
     41.000     5.8811   3.224104    32.7020       1526     1.0591 0.0000e+00
     42.000     5.9297   3.227965    32.6978       1547     1.0733 0.0000e+00
     43.000     5.9996   3.229862    32.6511       1573     1.0919 0.0000e+00
     44.000     6.0392   3.234388    32.6631       1607     1.1153 0.0000e+00
     45.000     6.0623   3.245660    32.7664       1635     1.1348 0.0000e+00
     46.000     6.1153   3.259167    32.8657       1659     1.1514 0.0000e+00
     47.000     6.1882   3.274826    32.9694       1685     1.1694 0.0000e+00
     48.000     6.2836   3.291888    33.0665       1717     1.1920 0.0000e+00
     49.000     6.3769   3.308503    33.1601       1749     1.2139 0.0000e+00
     50.000     6.3929   3.315406    33.2208       1777     1.2332 0.0000e+00
     51.000     6.4504   3.323750    33.2570       1801     1.2503 0.0000e+00
     52.000     6.4971   3.331900    33.3013       1825     1.2665 0.0000e+00
     53.000     6.5257   3.337289    33.3327       1849     1.2836 0.0000e+00
     54.000     6.5463   3.340360    33.3461       1877     1.3026 0.0000e+00
     55.000     6.6147   3.348982    33.3742       1906     1.3230 0.0000e+00
     56.000     6.6952   3.359383    33.4101       1933     1.3417 0.0000e+00
     57.000     6.8017   3.373119    33.4572       1960     1.3605 0.0000e+00
     58.000     6.8445   3.379175    33.4816       1994     1.3842 0.0000e+00
     59.000     6.8653   3.381984    33.4917       2029     1.4083 0.0000e+00
     60.000     7.0500   3.400652    33.5159       2052     1.4241 0.0000e+00
     61.000     7.2233   3.423416    33.5956       2071     1.4376 0.0000e+00
     62.000     7.2450   3.426253    33.6049       2093     1.4529 0.0000e+00
     63.000     7.3309   3.436608    33.6336       2121     1.4720 0.0000e+00
     64.000     7.3475   3.439493    33.6483       2147     1.4904 0.0000e+00
     65.000     7.3542   3.440373    33.6509       2171     1.5071 0.0000e+00
     66.000     7.3631   3.441697    33.6561       2201     1.5277 0.0000e+00
     67.000     7.4060   3.446996    33.6715       2249     1.5610 0.0000e+00
     68.000     7.4158   3.448394    33.6767       2280     1.5826 0.0000e+00
     69.000     7.4160   3.448591    33.6782       2299     1.5961 0.0000e+00
     70.000     7.4282   3.450145    33.6826       2317     1.6083 0.0000e+00
     71.000     7.4177   3.449207    33.6822       2336     1.6212 0.0000e+00
     72.000     7.4271   3.450207    33.6834       2358     1.6365 0.0000e+00
     73.000     7.4324   3.451039    33.6867       2388     1.6575 0.0000e+00
     74.000     7.5026   3.459737    33.7123       2423     1.6818 0.0000e+00
     75.000     7.5278   3.462878    33.7214       2448     1.6994 0.0000e+00
     76.000     7.6138   3.472987    33.7467       2476     1.7185 0.0000e+00
     77.000     7.6751   3.480637    33.7692       2523     1.7515 0.0000e+00
     78.000     7.7596   3.490446    33.7925       2556     1.7741 0.0000e+00
     79.000     7.8230   3.498111    33.8129       2574     1.7865 0.0000e+00
     80.000     7.8592   3.502585    33.8254       2588     1.7966 0.0000e+00
     81.000     7.8915   3.506584    33.8365       2601     1.8056 0.0000e+00
     82.000     7.9221   3.510370    33.8470       2616     1.8161 0.0000e+00
     83.000     7.9465   3.513706    33.8587       2663     1.8485 0.0000e+00
     84.000     7.9875   3.518983    33.8750       2732     1.8965 0.0000e+00
     85.000     8.0227   3.523318    33.8868       2747     1.9067 0.0000e+00
     86.000     8.0468   3.526388    33.8958       2760     1.9158 0.0000e+00
     87.000     8.1102   3.534142    33.9168       2772     1.9243 0.0000e+00
     88.000     8.2905   3.555745    33.9719       2786     1.9344 0.0000e+00
     89.000     8.5380   3.587442    34.0682       2825     1.9609 0.0000e+00
     90.000     8.6344   3.600261    34.1101       2877     1.9971 0.0000e+00
     91.000     8.7403   3.613921    34.1513       2895     2.0098 0.0000e+00
     92.000     8.7744   3.618590    34.1670       2913     2.0221 0.0000e+00
     93.000     8.7921   3.621137    34.1762       2936     2.0379 0.0000e+00
     94.000     8.8205   3.625218    34.1912       2975     2.0653 0.0000e+00
     95.000     8.8413   3.628252    34.2026       3005     2.0863 0.0000e+00
     96.000     8.8793   3.633203    34.2173       3026     2.1006 0.0000e+00
     97.000     8.9202   3.638784    34.2359       3048     2.1162 0.0000e+00
     98.000     8.9651   3.644899    34.2561       3086     2.1421 0.0000e+00
     99.000     9.0003   3.649610    34.2710       3123     2.1683 0.0000e+00
    100.000     9.0254   3.653056    34.2824       3142     2.1810 0.0000e+00
    101.000     9.0437   3.655565    34.2905       3157     2.1917 0.0000e+00
    102.000     9.0523   3.656801    34.2946       3173     2.2026 0.0000e+00
    103.000     9.0756   3.659884    34.3040       3196     2.2187 0.0000e+00
    104.000     9.0956   3.662733    34.3139       3247     2.2540 0.0000e+00
    105.000     9.1003   3.663433    34.3162       3280     2.2773 0.0000e+00
    106.000     9.1180   3.665761    34.3229       3303     2.2929 0.0000e+00
    107.000     9.1309   3.667512    34.3283       3327     2.3101 0.0000e+00
    108.000     9.1463   3.669541    34.3341       3353     2.3281 0.0000e+00
    109.000     9.1612   3.671494    34.3397       3376     2.3439 0.0000e+00
    110.000     9.1918   3.675440    34.3508       3398     2.3590 0.0000e+00
    111.000     9.2095   3.677790    34.3577       3423     2.3762 0.0000e+00
    112.000     9.2248   3.679815    34.3636       3456     2.3991 0.0000e+00
    113.000     9.2463   3.682704    34.3725       3487     2.4207 0.0000e+00
    114.000     9.2814   3.687175    34.3847       3511     2.4377 0.0000e+00
    115.000     9.2941   3.689006    34.3910       3537     2.4558 0.0000e+00
    116.000     9.3228   3.692972    34.4041       3567     2.4763 0.0000e+00
    117.000     9.3229   3.693137    34.4052       3595     2.4960 0.0000e+00
    118.000     9.3229   3.693245    34.4059       3624     2.5157 0.0000e+00
    119.000     9.3215   3.693172    34.4060       3652     2.5355 0.0000e+00
    120.000     9.3239   3.693596    34.4077       3676     2.5520 0.0000e+00
    121.000     9.3270   3.694250    34.4110       3697     2.5666 0.0000e+00
    122.000     9.3119   3.693112    34.4132       3720     2.5829 0.0000e+00
    123.000     9.2192   3.687750    34.4464       3749     2.6030 0.0000e+00
    124.000     9.1559   3.683744    34.4654       3780     2.6243 0.0000e+00
    125.000     9.1028   3.680053    34.4777       3807     2.6433 0.0000e+00
    126.000     9.0831   3.678539    34.4806       3830     2.6590 0.0000e+00
    127.000     9.0359   3.674905    34.4878       3852     2.6746 0.0000e+00
    128.000     9.0193   3.673490    34.4886       3891     2.7017 0.0000e+00
    129.000     9.0029   3.672459    34.4933       3935     2.7320 0.0000e+00
    130.000     8.9949   3.672424    34.5003       3954     2.7450 0.0000e+00
    131.000     8.9918   3.672559    34.5042       3969     2.7554 0.0000e+00
    132.000     8.9793   3.672141    34.5115       3984     2.7658 0.0000e+00
    133.000     8.9729   3.672009    34.5158       4002     2.7783 0.0000e+00
    134.000     8.9580   3.671857    34.5283       4043     2.8066 0.0000e+00
    135.000     8.9569   3.671879    34.5290       4087     2.8377 0.0000e+00
    136.000     8.9462   3.671957    34.5398       4107     2.8514 0.0000e+00
    137.000     8.9239   3.671838    34.5597       4124     2.8635 0.0000e+00
    138.000     8.9204   3.671733    34.5616       4143     2.8763 0.0000e+00
    139.000     8.9189   3.671666    34.5618       4239     2.9432 0.0000e+00
    140.000     8.9179   3.671481    34.5605       4840     3.3605 0.0000e+00
    139.000     8.9189   3.671626    34.5615       4701     3.2640 0.0000e+00
    138.000     8.9192   3.671605    34.5614       4833     3.3557 0.0000e+00
    137.000     8.9244   3.671915    34.5601       5195     3.6071 0.0000e+00
    136.000     8.9306   3.671963    34.5551       5220     3.6242 0.0000e+00
    135.000     8.9428   3.672023    34.5443       5250     3.6452 0.0000e+00
    134.000     8.9587   3.672213    34.5313       5269     3.6584 0.0000e+00
    133.000     8.9668   3.672235    34.5241       5286     3.6700 0.0000e+00
    132.000     8.9808   3.672305    34.5118       5305     3.6833 0.0000e+00
    131.000     8.9875   3.672370    34.5064       5339     3.7070 0.0000e+00
    130.000     8.9893   3.672419    34.5056       5385     3.7388 0.0000e+00
    129.000     8.9962   3.672509    34.5003       5415     3.7599 0.0000e+00
    128.000     9.0132   3.673427    34.4939       5436     3.7744 0.0000e+00
    127.000     9.0453   3.675376    34.4836       5453     3.7863 0.0000e+00
    126.000     9.0624   3.676667    34.4810       5469     3.7969 0.0000e+00
    125.000     9.0734   3.677505    34.4796       5485     3.8083 0.0000e+00
    124.000     9.1018   3.679536    34.4739       5505     3.8224 0.0000e+00
    123.000     9.1234   3.680958    34.4682       5546     3.8507 0.0000e+00
    122.000     9.1424   3.681886    34.4600       5611     3.8961 0.0000e+00
    121.000     9.1573   3.682374    34.4511       5631     3.9095 0.0000e+00
    120.000     9.1609   3.682539    34.4499       5647     3.9206 0.0000e+00
    119.000     9.1693   3.682987    34.4469       5660     3.9301 0.0000e+00
    118.000     9.2020   3.684804    34.4347       5674     3.9393 0.0000e+00
    117.000     9.2465   3.687678    34.4221       5687     3.9486 0.0000e+00
    116.000     9.2794   3.689772    34.4126       5703     3.9597 0.0000e+00
    115.000     9.2947   3.690008    34.4008       5753     3.9944 0.0000e+00
    114.000     9.2860   3.688537    34.3945       5817     4.0392 0.0000e+00
    113.000     9.2767   3.687275    34.3907       5839     4.0541 0.0000e+00
    112.000     9.2740   3.686883    34.3897       5858     4.0676 0.0000e+00
    111.000     9.2594   3.684993    34.3847       5877     4.0805 0.0000e+00
    110.000     9.2275   3.680867    34.3729       5894     4.0924 0.0000e+00
    109.000     9.1968   3.676928    34.3620       5910     4.1032 0.0000e+00
    108.000     9.1747   3.674123    34.3545       5925     4.1139 0.0000e+00
    107.000     9.1550   3.671413    34.3458       5942     4.1259 0.0000e+00
    106.000     9.1111   3.665733    34.3293       5996     4.1631 0.0000e+00
    105.000     9.0978   3.663860    34.3231       6055     4.2041 0.0000e+00
    104.000     9.0891   3.662740    34.3203       6073     4.2168 0.0000e+00
    103.000     9.0790   3.661362    34.3160       6090     4.2284 0.0000e+00
    102.000     9.0683   3.659962    34.3122       6107     4.2400 0.0000e+00
    101.000     9.0571   3.658491    34.3081       6124     4.2522 0.0000e+00
    100.000     9.0374   3.655833    34.2999       6145     4.2665 0.0000e+00
     99.000     9.0073   3.651951    34.2887       6171     4.2850 0.0000e+00
     98.000     8.9727   3.647195    34.2729       6202     4.3061 0.0000e+00
     97.000     8.9060   3.638492    34.2466       6236     4.3300 0.0000e+00
     96.000     8.8801   3.634835    34.2337       6277     4.3586 0.0000e+00
     95.000     8.8524   3.631106    34.2218       6304     4.3772 0.0000e+00
     94.000     8.8318   3.628285    34.2126       6325     4.3914 0.0000e+00
     93.000     8.8191   3.626560    34.2072       6344     4.4050 0.0000e+00
     92.000     8.7908   3.622898    34.1964       6365     4.4196 0.0000e+00
     91.000     8.7646   3.619364    34.1850       6390     4.4366 0.0000e+00
     90.000     8.7167   3.613158    34.1665       6420     4.4577 0.0000e+00
     89.000     8.6402   3.603131    34.1353       6449     4.4781 0.0000e+00
     88.000     8.5504   3.591310    34.0977       6471     4.4929 0.0000e+00
     87.000     8.5347   3.589070    34.0897       6491     4.5068 0.0000e+00
     86.000     8.4452   3.577920    34.0586       6519     4.5264 0.0000e+00
     85.000     8.3375   3.564744    34.0236       6562     4.5560 0.0000e+00
     84.000     8.1389   3.539906    33.9519       6590     4.5758 0.0000e+00
     83.000     8.0578   3.529686    33.9219       6612     4.5908 0.0000e+00
     82.000     8.0160   3.524450    33.9068       6632     4.6051 0.0000e+00
     81.000     7.9631   3.517795    33.8873       6655     4.6207 0.0000e+00
     80.000     7.9121   3.511530    33.8701       6679     4.6372 0.0000e+00
     79.000     7.8454   3.503485    33.8489       6703     4.6540 0.0000e+00
     78.000     7.7628   3.493339    33.8205       6731     4.6736 0.0000e+00
     77.000     7.7344   3.489618    33.8085       6773     4.7029 0.0000e+00
     76.000     7.6269   3.477140    33.7788       6799     4.7212 0.0000e+00
     75.000     7.5142   3.463596    33.7424       6818     4.7340 0.0000e+00
     74.000     7.4810   3.459395    33.7296       6837     4.7475 0.0000e+00
     73.000     7.4225   3.451749    33.7041       6874     4.7726 0.0000e+00
