HB2502/ctd167.cnv
* Sea-Bird SBE 9 Data File:
* FileName = C:\cruise\data\ctd167.hex
* Software Version Seasave V 7.26.7.121
* Temperature SN = 6768
* Conductivity SN = 6166
* Number of Bytes Per Scan = 37
* Number of Voltage Words = 4
* Number of Scans Averaged by the Deck Unit = 1
* NMEA Latitude = 41 54.52 N
* NMEA Longitude = 069 55.97 W
* NMEA UTC (Time) = Apr 17 2025 08:43:49
* NMEA baud rate = 4800
** Ship: Bigelow HB2502
** Program:  Spring Bottom Trawl
** Chief Scientist:Jon Galbraith
# nquan = 7
# nvalues = 39                          
# units = specified
# name 0 = depSM: Depth [salt water, m]
# name 1 = t090C: Temperature [ITS-90, deg C]
# name 2 = c0S/m: Conductivity [S/m]
# name 3 = sal00: Salinity, Practical [PSU]
# name 4 = scan: Scan Count
# name 5 = timeM: Time, Elapsed [minutes]
# name 6 = flag: flag
# span 0 =      1.000,     21.000       
# span 1 =     5.3442,     5.4412       
# span 2 =   1.863318,   3.188621       
# span 3 =    18.7780,    32.8125       
# span 4 =       -125,       2317       
# span 5 =    -0.0872,     1.6087       
# span 6 = 0.0000e+00, 0.0000e+00       
# interval = meters: 1                  
# start_time = Apr 17 2025 08:43:49 [NMEA time, header]
# bad_flag = -9.990e-29
*END*
      3.000     5.3654   3.188621    32.8125       -125    -0.0872 0.0000e+00
      4.000     5.4412   3.011971    30.7556        353     0.2443 0.0000e+00
      5.000     5.4212   3.140049    32.2134        320     0.2213 0.0000e+00
      6.000     5.4189   3.137188    32.1831        353     0.2444 0.0000e+00
      7.000     5.4198   3.137462    32.1848        394     0.2733 0.0000e+00
      8.000     5.4226   3.138012    32.1879        425     0.2947 0.0000e+00
      9.000     5.4220   3.138164    32.1897        452     0.3132 0.0000e+00
     10.000     5.4189   3.138013    32.1904        480     0.3329 0.0000e+00
     11.000     5.4188   3.138130    32.1913        509     0.3525 0.0000e+00
     12.000     5.4190   3.138260    32.1922        536     0.3713 0.0000e+00
     13.000     5.4130   3.138379    32.1988        561     0.3891 0.0000e+00
     14.000     5.4080   3.138305    32.2022        587     0.4068 0.0000e+00
     15.000     5.4010   3.138147    32.2066        615     0.4263 0.0000e+00
     16.000     5.3905   3.138057    32.2152        645     0.4473 0.0000e+00
     17.000     5.3858   3.137943    32.2179        673     0.4669 0.0000e+00
     18.000     5.3834   3.137565    32.2155        699     0.4850 0.0000e+00
     19.000     5.3847   3.137396    32.2118        725     0.5026 0.0000e+00
     20.000     5.3818   3.137394    32.2141        751     0.5209 0.0000e+00
     21.000     5.3816   3.137427    32.2142        776     0.5382 0.0000e+00
     20.000     5.3795   3.137519    32.2177       1644     1.1410 0.0000e+00
     19.000     5.3857   3.137284    32.2095       1447     1.0043 0.0000e+00
     18.000     5.3846   3.137194    32.2101       1477     1.0251 0.0000e+00
     17.000     5.3871   3.137007    32.2061       1506     1.0451 0.0000e+00
     16.000     5.3864   3.136856    32.2055       1531     1.0627 0.0000e+00
     15.000     5.3854   3.136707    32.2053       1555     1.0792 0.0000e+00
     14.000     5.3840   3.136547    32.2053       1578     1.0955 0.0000e+00
     13.000     5.3823   3.136206    32.2036       1604     1.1131 0.0000e+00
     12.000     5.3804   3.135836    32.2017       1633     1.1336 0.0000e+00
     11.000     5.3772   3.135611    32.2028       1662     1.1537 0.0000e+00
     10.000     5.3717   3.135190    32.2038       1687     1.1708 0.0000e+00
      9.000     5.3670   3.134841    32.2048       1710     1.1866 0.0000e+00
      8.000     5.3719   3.134670    32.1986       1737     1.2055 0.0000e+00
      7.000     5.3701   3.134703    32.2012       1770     1.2283 0.0000e+00
      6.000     5.3589   3.134542    32.2106       1798     1.2480 0.0000e+00
      5.000     5.3508   3.134207    32.2151       1822     1.2645 0.0000e+00
      4.000     5.3442   3.132986    32.2080       1846     1.2815 0.0000e+00
      3.000     5.3725   3.134586    32.1995       2196     1.5241 0.0000e+00
      2.000     5.3463   3.133874    32.2172       2246     1.5589 0.0000e+00
      1.000     5.3529   1.863318    18.7780       2317     1.6087 0.0000e+00
