HB2502/ctd153.cnv
* Sea-Bird SBE 9 Data File:
* FileName = C:\cruise\data\ctd153.hex
* Software Version Seasave V 7.26.7.121
* Temperature SN = 6768
* Conductivity SN = 6166
* Number of Bytes Per Scan = 37
* Number of Voltage Words = 4
* Number of Scans Averaged by the Deck Unit = 1
* NMEA Latitude = 40 40.01 N
* NMEA Longitude = 067 42.33 W
* NMEA UTC (Time) = Apr 13 2025 14:51:09
* NMEA baud rate = 4800
** Ship: Bigelow HB2502
** Program:  Spring Bottom Trawl
** Chief Scientist:Jon Galbraith
# nquan = 7
# nvalues = 144                         
# units = specified
# name 0 = depSM: Depth [salt water, m]
# name 1 = t090C: Temperature [ITS-90, deg C]
# name 2 = c0S/m: Conductivity [S/m]
# name 3 = sal00: Salinity, Practical [PSU]
# name 4 = scan: Scan Count
# name 5 = timeM: Time, Elapsed [minutes]
# name 6 = flag: flag
# span 0 =      1.000,     73.000       
# span 1 =     4.8228,     6.5388       
# span 2 =   3.101475,   3.254600       
# span 3 =    32.1460,    32.7872       
# span 4 =        -26,       5730       
# span 5 =    -0.0185,     3.9786       
# span 6 = 0.0000e+00, 0.0000e+00       
# interval = meters: 1                  
# start_time = Apr 13 2025 14:51:09 [NMEA time, header]
# bad_flag = -9.990e-29
*END*
      2.000     6.5388   3.254600    32.4287        -26    -0.0185 0.0000e+00
      3.000     5.6542   3.203268    32.7063         38     0.0256 0.0000e+00
      4.000     5.3180   3.136250    32.2717        163     0.1122 0.0000e+00
      5.000     5.3879   3.139805    32.2431        282     0.1954 0.0000e+00
      6.000     5.3903   3.138856    32.2295        307     0.2127 0.0000e+00
      7.000     5.3857   3.143426    32.2854        367     0.2538 0.0000e+00
      8.000     5.3696   3.135537    32.2106        400     0.2769 0.0000e+00
      9.000     5.3527   3.133729    32.2059        418     0.2895 0.0000e+00
     10.000     5.3390   3.133300    32.2136        435     0.3013 0.0000e+00
     11.000     5.2892   3.133996    32.2691        454     0.3149 0.0000e+00
     12.000     5.2845   3.136658    32.3034        484     0.3352 0.0000e+00
     13.000     5.2783   3.134284    32.2819        526     0.3649 0.0000e+00
     14.000     5.2345   3.130901    32.2851        559     0.3874 0.0000e+00
     15.000     5.1514   3.128491    32.3374        586     0.4063 0.0000e+00
     16.000     5.1010   3.126526    32.3633        614     0.4260 0.0000e+00
     17.000     5.0761   3.122655    32.3426        641     0.4448 0.0000e+00
     18.000     5.0640   3.120301    32.3268        667     0.4622 0.0000e+00
     19.000     5.0538   3.123674    32.3750        696     0.4829 0.0000e+00
     20.000     5.0566   3.129760    32.4415        734     0.5087 0.0000e+00
     21.000     5.0281   3.121581    32.3748        763     0.5295 0.0000e+00
     22.000     5.0114   3.114527    32.3096        783     0.5434 0.0000e+00
     23.000     5.0010   3.112825    32.2997        803     0.5569 0.0000e+00
     24.000     5.0065   3.120651    32.3837        832     0.5774 0.0000e+00
     25.000     5.0598   3.125498    32.3870        887     0.6149 0.0000e+00
     26.000     5.0003   3.120304    32.3847        917     0.6361 0.0000e+00
     27.000     4.9949   3.113968    32.3166        937     0.6498 0.0000e+00
     28.000     4.9915   3.111500    32.2911        955     0.6623 0.0000e+00
     29.000     4.9898   3.111745    32.2951        975     0.6763 0.0000e+00
     30.000     4.9917   3.116136    32.3432       1006     0.6980 0.0000e+00
     31.000     4.9896   3.115497    32.3374       1059     0.7345 0.0000e+00
     32.000     4.9898   3.111973    32.2962       1092     0.7574 0.0000e+00
     33.000     4.9900   3.110620    32.2800       1112     0.7716 0.0000e+00
     34.000     4.9896   3.110164    32.2746       1132     0.7855 0.0000e+00
     35.000     4.9883   3.110392    32.2780       1154     0.8010 0.0000e+00
     36.000     4.9857   3.111628    32.2942       1187     0.8233 0.0000e+00
     37.000     4.9812   3.111987    32.3022       1232     0.8551 0.0000e+00
     38.000     4.9799   3.109765    32.2774       1258     0.8730 0.0000e+00
     39.000     4.9774   3.108960    32.2700       1277     0.8864 0.0000e+00
     40.000     4.9724   3.109163    32.2768       1298     0.9009 0.0000e+00
     41.000     4.9618   3.112275    32.3223       1345     0.9335 0.0000e+00
     42.000     4.9512   3.110008    32.3061       1392     0.9657 0.0000e+00
     43.000     4.9425   3.107817    32.2887       1409     0.9778 0.0000e+00
     44.000     4.9326   3.107088    32.2895       1424     0.9882 0.0000e+00
     45.000     4.9198   3.107492    32.3060       1441     1.0001 0.0000e+00
     46.000     4.9103   3.111505    32.3610       1493     1.0364 0.0000e+00
     47.000     4.9060   3.108320    32.3280       1545     1.0724 0.0000e+00
     48.000     4.9015   3.105472    32.2991       1561     1.0832 0.0000e+00
     49.000     4.8963   3.104096    32.2878       1576     1.0936 0.0000e+00
     50.000     4.8871   3.103534    32.2898       1592     1.1049 0.0000e+00
     51.000     4.8583   3.103118    32.3124       1627     1.1294 0.0000e+00
     52.000     4.8228   3.102545    32.3399       1692     1.1746 0.0000e+00
     53.000     4.8242   3.102980    32.3430       1713     1.1889 0.0000e+00
     54.000     4.8229   3.104548    32.3619       1732     1.2019 0.0000e+00
     55.000     4.8292   3.107703    32.3916       1752     1.2160 0.0000e+00
     56.000     4.8336   3.109901    32.4122       1782     1.2371 0.0000e+00
     57.000     4.8570   3.114069    32.4368       1826     1.2671 0.0000e+00
     58.000     4.9517   3.128443    32.5094       1856     1.2879 0.0000e+00
     59.000     5.0686   3.146251    32.5992       1881     1.3057 0.0000e+00
     60.000     5.1445   3.157805    32.6569       1907     1.3239 0.0000e+00
     61.000     5.2529   3.173269    32.7272       1934     1.3421 0.0000e+00
     62.000     5.2884   3.179171    32.7594       1963     1.3624 0.0000e+00
     63.000     5.2977   3.180852    32.7690       2000     1.3885 0.0000e+00
     64.000     5.3078   3.182402    32.7763       2039     1.4151 0.0000e+00
     65.000     5.3121   3.183201    32.7807       2067     1.4351 0.0000e+00
     66.000     5.3135   3.183529    32.7825       2092     1.4523 0.0000e+00
     67.000     5.3141   3.183703    32.7834       2119     1.4708 0.0000e+00
     68.000     5.3140   3.183761    32.7837       2148     1.4908 0.0000e+00
     69.000     5.3141   3.183910    32.7848       2174     1.5092 0.0000e+00
     70.000     5.3145   3.184027    32.7852       2202     1.5282 0.0000e+00
     71.000     5.3150   3.184169    32.7859       2251     1.5624 0.0000e+00
     72.000     5.3156   3.184318    32.7864       2325     1.6136 0.0000e+00
     73.000     5.3153   3.184402    32.7872       2383     1.6539 0.0000e+00
     72.000     5.3150   3.184323    32.7871       2400     1.6659 0.0000e+00
     71.000     5.3143   3.184220    32.7871       3003     2.0849 0.0000e+00
     70.000     5.3141   3.184135    32.7869       3475     2.4124 0.0000e+00
     69.000     5.3134   3.183986    32.7864       3479     2.4150 0.0000e+00
     68.000     5.3129   3.183887    32.7862       3496     2.4268 0.0000e+00
     67.000     5.3136   3.183940    32.7866       3519     2.4434 0.0000e+00
     66.000     5.3144   3.184014    32.7872       3560     2.4714 0.0000e+00
     65.000     5.3126   3.183739    32.7863       3594     2.4951 0.0000e+00
     64.000     5.3088   3.183160    32.7840       3616     2.5103 0.0000e+00
     63.000     5.3061   3.182755    32.7824       3636     2.5242 0.0000e+00
     62.000     5.2999   3.181835    32.7786       3657     2.5391 0.0000e+00
     61.000     5.2945   3.181031    32.7752       3683     2.5569 0.0000e+00
     60.000     5.2789   3.178878    32.7664       3714     2.5783 0.0000e+00
     59.000     5.2104   3.169399    32.7257       3743     2.5985 0.0000e+00
     58.000     5.1351   3.158480    32.6749       3770     2.6172 0.0000e+00
     57.000     5.0415   3.144629    32.6082       3801     2.6392 0.0000e+00
     56.000     4.9492   3.130083    32.5317       3832     2.6604 0.0000e+00
     55.000     4.8708   3.116947    32.4576       3854     2.6755 0.0000e+00
     54.000     4.8440   3.111925    32.4264       3871     2.6877 0.0000e+00
     53.000     4.8376   3.109749    32.4081       3889     2.6998 0.0000e+00
     52.000     4.8320   3.106911    32.3813       3913     2.7165 0.0000e+00
     51.000     4.8338   3.101942    32.3228       3965     2.7530 0.0000e+00
     50.000     4.8569   3.101954    32.3009       4000     2.7768 0.0000e+00
     49.000     4.8834   3.101564    32.2712       4018     2.7894 0.0000e+00
     48.000     4.8929   3.101549    32.2623       4034     2.8007 0.0000e+00
     47.000     4.8956   3.101494    32.2595       4050     2.8118 0.0000e+00
     46.000     4.8986   3.101475    32.2569       4068     2.8244 0.0000e+00
     45.000     4.9015   3.101530    32.2553       4095     2.8432 0.0000e+00
     44.000     4.9084   3.101785    32.2520       4147     2.8790 0.0000e+00
     43.000     4.9116   3.101916    32.2509       4183     2.9045 0.0000e+00
     42.000     4.9224   3.102331    32.2457       4204     2.9185 0.0000e+00
     41.000     4.9336   3.102808    32.2408       4220     2.9296 0.0000e+00
     40.000     4.9501   3.103453    32.2327       4235     2.9401 0.0000e+00
     39.000     4.9601   3.103863    32.2283       4252     2.9519 0.0000e+00
     38.000     4.9668   3.104254    32.2268       4281     2.9723 0.0000e+00
     37.000     4.9746   3.104707    32.2250       4342     3.0147 0.0000e+00
     36.000     4.9774   3.104796    32.2238       4364     3.0296 0.0000e+00
     35.000     4.9810   3.104977    32.2228       4380     3.0412 0.0000e+00
     34.000     4.9839   3.105122    32.2223       4397     3.0524 0.0000e+00
     33.000     4.9859   3.105222    32.2220       4414     3.0648 0.0000e+00
     32.000     4.9889   3.105371    32.2213       4439     3.0819 0.0000e+00
     31.000     4.9911   3.105447    32.2205       4485     3.1140 0.0000e+00
     30.000     4.9919   3.105467    32.2204       4523     3.1400 0.0000e+00
     29.000     4.9928   3.105426    32.2196       4544     3.1550 0.0000e+00
     28.000     4.9926   3.105322    32.2191       4563     3.1678 0.0000e+00
     27.000     4.9930   3.105283    32.2188       4581     3.1803 0.0000e+00
     26.000     4.9933   3.105203    32.2181       4601     3.1942 0.0000e+00
     25.000     4.9942   3.105202    32.2177       4629     3.2135 0.0000e+00
     24.000     4.9949   3.105156    32.2170       4672     3.2440 0.0000e+00
     23.000     4.9958   3.105141    32.2165       4712     3.2713 0.0000e+00
     22.000     5.0012   3.105493    32.2158       4733     3.2863 0.0000e+00
     21.000     5.0047   3.105706    32.2153       4750     3.2982 0.0000e+00
     20.000     5.0077   3.105878    32.2150       4768     3.3104 0.0000e+00
     19.000     5.0127   3.106150    32.2137       4788     3.3246 0.0000e+00
     18.000     5.0364   3.107791    32.2101       4821     3.3470 0.0000e+00
     17.000     5.0504   3.109040    32.2113       4867     3.3794 0.0000e+00
     16.000     5.0629   3.109793    32.2085       4893     3.3974 0.0000e+00
     15.000     5.0778   3.111020    32.2086       4914     3.4120 0.0000e+00
     14.000     5.0948   3.112075    32.2048       4936     3.4270 0.0000e+00
     13.000     5.1424   3.115031    32.1932       4959     3.4433 0.0000e+00
     12.000     5.1896   3.117963    32.1817       4985     3.4612 0.0000e+00
     11.000     5.2347   3.120885    32.1721       5015     3.4817 0.0000e+00
     10.000     5.2690   3.123242    32.1664       5048     3.5052 0.0000e+00
      9.000     5.2838   3.124262    32.1643       5084     3.5302 0.0000e+00
      8.000     5.3107   3.125941    32.1581       5107     3.5457 0.0000e+00
      7.000     5.3294   3.127186    32.1548       5125     3.5585 0.0000e+00
      6.000     5.3434   3.128103    32.1523       5146     3.5729 0.0000e+00
      5.000     5.3765   3.130354    32.1466       5180     3.5968 0.0000e+00
      4.000     5.3859   3.131125    32.1469       5223     3.6260 0.0000e+00
      3.000     5.3896   3.131323    32.1460       5245     3.6418 0.0000e+00
      2.000     5.3912   3.131757    32.1499       5465     3.7945 0.0000e+00
      1.000     5.3912   3.131928    32.1524       5730     3.9786 0.0000e+00
