HB2502/ctd125.cnv
* Sea-Bird SBE 9 Data File:
* FileName = C:\cruise\data\ctd125.hex
* Software Version Seasave V 7.26.7.121
* Temperature SN = 6768
* Conductivity SN = 6166
* Number of Bytes Per Scan = 37
* Number of Voltage Words = 4
* Number of Scans Averaged by the Deck Unit = 1
* NMEA Latitude = 40 04.43 N
* NMEA Longitude = 069 45.59 W
* NMEA UTC (Time) = Apr 06 2025 20:11:56
* NMEA baud rate = 4800
** Ship: Bigelow HB2502
** Program:  Spring Bottom Trawl
** Chief Scientist:Jon Galbraith
# nquan = 7
# nvalues = 215                         
# units = specified
# name 0 = depSM: Depth [salt water, m]
# name 1 = t090C: Temperature [ITS-90, deg C]
# name 2 = c0S/m: Conductivity [S/m]
# name 3 = sal00: Salinity, Practical [PSU]
# name 4 = scan: Scan Count
# name 5 = timeM: Time, Elapsed [minutes]
# name 6 = flag: flag
# span 0 =      3.000,    110.000       
# span 1 =     4.8581,    10.0663       
# span 2 =   3.104266,   3.737376       
# span 3 =    32.1346,    34.2255       
# span 4 =        -21,       6661       
# span 5 =    -0.0154,     4.6249       
# span 6 = 0.0000e+00, 0.0000e+00       
# interval = meters: 1                  
# start_time = Apr 06 2025 20:11:56 [NMEA time, header]
# bad_flag = -9.990e-29
*END*
      3.000     5.7472   3.204158    32.6259        -21    -0.0154 0.0000e+00
      4.000     5.7086   3.164436    32.2147        632     0.4385 0.0000e+00
      5.000     5.7239   3.162783    32.1809        606     0.4198 0.0000e+00
      6.000     5.7295   3.161823    32.1642        622     0.4312 0.0000e+00
      7.000     5.7303   3.161708    32.1617        636     0.4409 0.0000e+00
      8.000     5.7262   3.164309    32.1945        655     0.4541 0.0000e+00
      9.000     5.7264   3.165956    32.2124        722     0.5010 0.0000e+00
     10.000     5.7280   3.161795    32.1634        753     0.5223 0.0000e+00
     11.000     5.7253   3.161230    32.1591        766     0.5313 0.0000e+00
     12.000     5.7166   3.160386    32.1575        779     0.5403 0.0000e+00
     13.000     5.7138   3.159826    32.1534        792     0.5492 0.0000e+00
     14.000     5.7155   3.161658    32.1719        809     0.5611 0.0000e+00
     15.000     5.7348   3.163750    32.1765        875     0.6067 0.0000e+00
     16.000     5.7168   3.161122    32.1636        906     0.6287 0.0000e+00
     17.000     5.7155   3.160378    32.1560        924     0.6411 0.0000e+00
     18.000     5.7146   3.160139    32.1536        944     0.6545 0.0000e+00
     19.000     5.7080   3.160855    32.1675        966     0.6701 0.0000e+00
     20.000     5.6971   3.161763    32.1877        993     0.6889 0.0000e+00
     21.000     5.6940   3.161087    32.1825       1021     0.7082 0.0000e+00
     22.000     5.6910   3.160586    32.1792       1047     0.7265 0.0000e+00
     23.000     5.6921   3.162579    32.2002       1080     0.7490 0.0000e+00
     24.000     5.6928   3.162691    32.2003       1115     0.7738 0.0000e+00
     25.000     5.6846   3.158889    32.1647       1140     0.7910 0.0000e+00
     26.000     5.6836   3.157766    32.1525       1158     0.8035 0.0000e+00
     27.000     5.6813   3.157713    32.1536       1175     0.8154 0.0000e+00
     28.000     5.6764   3.159049    32.1729       1196     0.8299 0.0000e+00
     29.000     5.6969   3.160279    32.1667       1232     0.8550 0.0000e+00
     30.000     5.6794   3.160168    32.1817       1273     0.8832 0.0000e+00
     31.000     5.6293   3.158808    32.2138       1301     0.9025 0.0000e+00
     32.000     5.5677   3.156137    32.2421       1323     0.9182 0.0000e+00
     33.000     5.5247   3.151986    32.2359       1344     0.9326 0.0000e+00
     34.000     5.5009   3.149633    32.2316       1365     0.9470 0.0000e+00
     35.000     5.4956   3.152776    32.2718       1389     0.9641 0.0000e+00
     36.000     5.4793   3.151350    32.2708       1425     0.9887 0.0000e+00
     37.000     5.4498   3.148724    32.2689       1460     1.0135 0.0000e+00
     38.000     5.3964   3.145637    32.2847       1484     1.0301 0.0000e+00
     39.000     5.3152   3.143097    32.3336       1504     1.0438 0.0000e+00
     40.000     5.1766   3.141158    32.4453       1524     1.0578 0.0000e+00
     41.000     5.1084   3.139685    32.4942       1552     1.0768 0.0000e+00
     42.000     5.0005   3.137556    32.5746       1588     1.1024 0.0000e+00
     43.000     4.9006   3.130348    32.5889       1618     1.1232 0.0000e+00
     44.000     4.8657   3.124199    32.5518       1640     1.1380 0.0000e+00
     45.000     4.8656   3.121953    32.5255       1661     1.1524 0.0000e+00
     46.000     4.8606   3.123820    32.5513       1685     1.1695 0.0000e+00
     47.000     4.8581   3.125704    32.5750       1716     1.1908 0.0000e+00
     48.000     4.8630   3.124517    32.5560       1744     1.2104 0.0000e+00
     49.000     4.9298   3.126949    32.5182       1767     1.2267 0.0000e+00
     50.000     5.0228   3.138047    32.5544       1792     1.2441 0.0000e+00
     51.000     5.1167   3.151018    32.6109       1824     1.2661 0.0000e+00
     52.000     5.1505   3.157011    32.6461       1857     1.2888 0.0000e+00
     53.000     5.3159   3.168861    32.6195       1880     1.3048 0.0000e+00
     54.000     5.6102   3.199726    32.6832       1898     1.3176 0.0000e+00
     55.000     5.8983   3.234373    32.7937       1915     1.3291 0.0000e+00
     56.000     6.0967   3.262405    32.9150       1934     1.3422 0.0000e+00
     57.000     6.1419   3.271296    32.9700       1983     1.3761 0.0000e+00
     58.000     6.1990   3.278554    32.9951       2030     1.4090 0.0000e+00
     59.000     6.2759   3.287488    33.0195       2046     1.4198 0.0000e+00
     60.000     6.3616   3.296977    33.0415       2058     1.4286 0.0000e+00
     61.000     6.4316   3.305302    33.0655       2071     1.4375 0.0000e+00
     62.000     6.5090   3.314085    33.0874       2088     1.4493 0.0000e+00
     63.000     6.6337   3.328971    33.1307       2131     1.4792 0.0000e+00
     64.000     6.8296   3.351637    33.1904       2181     1.5139 0.0000e+00
     65.000     6.9294   3.363692    33.2257       2200     1.5271 0.0000e+00
     66.000     6.9987   3.371769    33.2468       2217     1.5386 0.0000e+00
     67.000     7.0429   3.377210    33.2632       2233     1.5498 0.0000e+00
     68.000     7.0758   3.381300    33.2755       2252     1.5630 0.0000e+00
     69.000     7.1282   3.387483    33.2920       2292     1.5912 0.0000e+00
     70.000     7.1946   3.395495    33.3148       2345     1.6278 0.0000e+00
     71.000     7.3033   3.407279    33.3377       2365     1.6414 0.0000e+00
     72.000     7.4529   3.424281    33.3775       2380     1.6520 0.0000e+00
     73.000     7.5708   3.437754    33.4093       2393     1.6614 0.0000e+00
     74.000     7.7467   3.457112    33.4483       2410     1.6726 0.0000e+00
     75.000     7.9780   3.484673    33.5214       2448     1.6996 0.0000e+00
     76.000     8.0688   3.495818    33.5530       2499     1.7346 0.0000e+00
     77.000     8.1720   3.507789    33.5812       2519     1.7485 0.0000e+00
     78.000     8.2118   3.512840    33.5964       2536     1.7601 0.0000e+00
     79.000     8.2436   3.516458    33.6040       2553     1.7720 0.0000e+00
     80.000     8.4603   3.541050    33.6569       2577     1.7889 0.0000e+00
     81.000     8.6179   3.560398    33.7102       2617     1.8168 0.0000e+00
     82.000     8.8031   3.581933    33.7594       2648     1.8381 0.0000e+00
     83.000     8.9618   3.601039    33.8078       2671     1.8542 0.0000e+00
     84.000     9.0693   3.614219    33.8426       2695     1.8711 0.0000e+00
     85.000     9.1875   3.628203    33.8754       2723     1.8900 0.0000e+00
     86.000     9.4466   3.658620    33.9441       2749     1.9084 0.0000e+00
     87.000     9.5881   3.676296    33.9920       2772     1.9246 0.0000e+00
     88.000     9.6109   3.679727    34.0052       2799     1.9428 0.0000e+00
     89.000     9.6284   3.682349    34.0151       2834     1.9672 0.0000e+00
     90.000     9.6782   3.688507    34.0308       2863     1.9877 0.0000e+00
     91.000     9.7136   3.692864    34.0416       2883     2.0014 0.0000e+00
     92.000     9.8071   3.704164    34.0685       2901     2.0139 0.0000e+00
     93.000     9.8838   3.713760    34.0938       2922     2.0285 0.0000e+00
     94.000     9.9358   3.720349    34.1115       2956     2.0522 0.0000e+00
     95.000     9.9969   3.728287    34.1343       3004     2.0856 0.0000e+00
     96.000    10.0663   3.737259    34.1597       3027     2.1012 0.0000e+00
     97.000    10.0290   3.737376    34.1956       3044     2.1131 0.0000e+00
     98.000     9.5171   3.684773    34.1416       3061     2.1252 0.0000e+00
     99.000     9.3655   3.668203    34.1144       3086     2.1425 0.0000e+00
    100.000     9.2806   3.660123    34.1112       3123     2.1683 0.0000e+00
    101.000     9.2091   3.653929    34.1147       3152     2.1885 0.0000e+00
    102.000     9.0974   3.644490    34.1229       3175     2.2042 0.0000e+00
    103.000     9.0775   3.643802    34.1343       3199     2.2207 0.0000e+00
    104.000     9.0966   3.647386    34.1529       3224     2.2384 0.0000e+00
    105.000     9.1154   3.650143    34.1632       3251     2.2572 0.0000e+00
    106.000     9.1568   3.655751    34.1814       3279     2.2764 0.0000e+00
    107.000     9.1861   3.659809    34.1951       3308     2.2966 0.0000e+00
    108.000     9.2131   3.663521    34.2073       3339     2.3180 0.0000e+00
    109.000     9.2146   3.663790    34.2082       3379     2.3455 0.0000e+00
    110.000     9.2545   3.669178    34.2255       3646     2.5314 0.0000e+00
    109.000     9.2316   3.666300    34.2180       3798     2.6366 0.0000e+00
    108.000     9.2250   3.665390    34.2154       3868     2.6851 0.0000e+00
    107.000     9.2191   3.664554    34.2127       3876     2.6906 0.0000e+00
    106.000     9.1951   3.661317    34.2025       3906     2.7116 0.0000e+00
    105.000     9.1735   3.658275    34.1921       3943     2.7376 0.0000e+00
    104.000     9.1357   3.653221    34.1762       3967     2.7541 0.0000e+00
    103.000     9.1110   3.649536    34.1620       3985     2.7665 0.0000e+00
    102.000     9.1010   3.647821    34.1541       4002     2.7783 0.0000e+00
    101.000     9.0935   3.646186    34.1448       4022     2.7922 0.0000e+00
    100.000     9.1425   3.648314    34.1205       4062     2.8203 0.0000e+00
     99.000     9.2317   3.655188    34.1071       4108     2.8519 0.0000e+00
     98.000     9.3363   3.663906    34.0982       4128     2.8658 0.0000e+00
     97.000     9.3829   3.668811    34.1050       4143     2.8766 0.0000e+00
     96.000     9.4424   3.675138    34.1142       4159     2.8873 0.0000e+00
     95.000     9.5937   3.690369    34.1278       4177     2.8999 0.0000e+00
     94.000     9.9038   3.720525    34.1436       4211     2.9238 0.0000e+00
     93.000     9.9201   3.720567    34.1290       4253     2.9525 0.0000e+00
     92.000     9.8931   3.716680    34.1153       4274     2.9673 0.0000e+00
     91.000     9.8647   3.713282    34.1078       4293     2.9806 0.0000e+00
     90.000     9.8037   3.705867    34.0901       4316     2.9968 0.0000e+00
     89.000     9.7164   3.694890    34.0607       4351     3.0206 0.0000e+00
     88.000     9.7065   3.694392    34.0654       4381     3.0419 0.0000e+00
     87.000     9.6319   3.684993    34.0400       4402     3.0566 0.0000e+00
     86.000     9.5967   3.680686    34.0294       4421     3.0694 0.0000e+00
     85.000     9.5311   3.673190    34.0148       4440     3.0829 0.0000e+00
     84.000     9.3371   3.650537    33.9654       4468     3.1019 0.0000e+00
     83.000     9.2938   3.644129    33.9406       4502     3.1259 0.0000e+00
     82.000     9.1091   3.623411    33.9013       4529     3.1445 0.0000e+00
     81.000     8.8945   3.597186    33.8326       4554     3.1620 0.0000e+00
     80.000     8.8031   3.585965    33.8027       4579     3.1791 0.0000e+00
     79.000     8.6714   3.570384    33.7652       4604     3.1963 0.0000e+00
     78.000     8.5312   3.553967    33.7266       4631     3.2149 0.0000e+00
     77.000     8.3953   3.537856    33.6867       4659     3.2349 0.0000e+00
     76.000     8.2405   3.519421    33.6398       4683     3.2516 0.0000e+00
     75.000     8.1079   3.504139    33.6047       4703     3.2651 0.0000e+00
     74.000     8.0102   3.492822    33.5781       4723     3.2789 0.0000e+00
     73.000     7.7895   3.468331    33.5282       4749     3.2973 0.0000e+00
     72.000     7.6489   3.450533    33.4725       4792     3.3269 0.0000e+00
     71.000     7.4119   3.424836    33.4236       4823     3.3487 0.0000e+00
     70.000     7.2998   3.410810    33.3799       4841     3.3614 0.0000e+00
     69.000     7.2273   3.402524    33.3603       4858     3.3728 0.0000e+00
     68.000     7.1734   3.396054    33.3423       4876     3.3856 0.0000e+00
     67.000     7.1038   3.387770    33.3197       4904     3.4049 0.0000e+00
     66.000     7.0849   3.385193    33.3103       4943     3.4319 0.0000e+00
     65.000     7.0104   3.376941    33.2925       4971     3.4511 0.0000e+00
     64.000     6.9265   3.367127    33.2667       4993     3.4664 0.0000e+00
     63.000     6.7940   3.351959    33.2288       5014     3.4816 0.0000e+00
     62.000     6.6701   3.337135    33.1861       5039     3.4985 0.0000e+00
     61.000     6.5670   3.325210    33.1548       5067     3.5181 0.0000e+00
     60.000     6.4626   3.313242    33.1240       5096     3.5382 0.0000e+00
     59.000     6.3668   3.301840    33.0910       5124     3.5573 0.0000e+00
     58.000     6.2983   3.293926    33.0700       5148     3.5741 0.0000e+00
     57.000     6.2305   3.285603    33.0436       5169     3.5888 0.0000e+00
     56.000     6.1715   3.278456    33.0217       5191     3.6042 0.0000e+00
     55.000     6.0579   3.264034    32.9714       5222     3.6257 0.0000e+00
     54.000     5.9208   3.249381    32.9410       5259     3.6513 0.0000e+00
     53.000     5.5869   3.212229    32.8479       5282     3.6677 0.0000e+00
     52.000     5.3560   3.184460    32.7586       5302     3.6815 0.0000e+00
     51.000     5.2483   3.171158    32.7126       5323     3.6958 0.0000e+00
     50.000     5.1644   3.160595    32.6745       5347     3.7126 0.0000e+00
     49.000     5.0990   3.151899    32.6393       5378     3.7340 0.0000e+00
     48.000     5.0332   3.143170    32.6041       5414     3.7590 0.0000e+00
     47.000     4.9481   3.131754    32.5566       5442     3.7786 0.0000e+00
     46.000     4.8813   3.122107    32.5114       5463     3.7929 0.0000e+00
     45.000     4.8803   3.121380    32.5045       5480     3.8051 0.0000e+00
     44.000     4.8763   3.120181    32.4951       5500     3.8186 0.0000e+00
     43.000     4.8739   3.116254    32.4526       5533     3.8416 0.0000e+00
     42.000     4.8715   3.110687    32.3914       5581     3.8753 0.0000e+00
     41.000     4.8957   3.104266    32.2943       5603     3.8906 0.0000e+00
     40.000     4.9756   3.106416    32.2421       5620     3.9024 0.0000e+00
     39.000     5.0549   3.110428    32.2119       5637     3.9139 0.0000e+00
     38.000     5.1985   3.119092    32.1730       5658     3.9285 0.0000e+00
     37.000     5.3185   3.127611    32.1551       5691     3.9513 0.0000e+00
     36.000     5.3259   3.128115    32.1543       5727     3.9762 0.0000e+00
     35.000     5.4372   3.136129    32.1391       5752     3.9938 0.0000e+00
     34.000     5.4694   3.138855    32.1396       5774     4.0093 0.0000e+00
     33.000     5.4881   3.140420    32.1400       5797     4.0251 0.0000e+00
     32.000     5.5056   3.141813    32.1395       5823     4.0429 0.0000e+00
     31.000     5.5495   3.145485    32.1395       5851     4.0624 0.0000e+00
     30.000     5.5813   3.147926    32.1373       5878     4.0815 0.0000e+00
     29.000     5.6118   3.150378    32.1363       5904     4.0994 0.0000e+00
     28.000     5.6512   3.153515    32.1346       5929     4.1170 0.0000e+00
     27.000     5.6646   3.154667    32.1353       5955     4.1345 0.0000e+00
     26.000     5.6803   3.155910    32.1348       5979     4.1514 0.0000e+00
     25.000     5.6900   3.156726    32.1353       6003     4.1680 0.0000e+00
     24.000     5.6911   3.156839    32.1360       6029     4.1861 0.0000e+00
     23.000     5.6942   3.157093    32.1363       6058     4.2064 0.0000e+00
     22.000     5.6969   3.157296    32.1365       6086     4.2256 0.0000e+00
     21.000     5.7043   3.157932    32.1372       6111     4.2427 0.0000e+00
     20.000     5.7051   3.158000    32.1376       6134     4.2590 0.0000e+00
     19.000     5.7041   3.157873    32.1376       6158     4.2760 0.0000e+00
     18.000     5.7064   3.158017    32.1375       6187     4.2956 0.0000e+00
     17.000     5.7059   3.157984    32.1381       6216     4.3157 0.0000e+00
     16.000     5.7069   3.158038    32.1383       6243     4.3347 0.0000e+00
     15.000     5.7077   3.158083    32.1386       6268     4.3520 0.0000e+00
     14.000     5.7073   3.158010    32.1386       6291     4.3679 0.0000e+00
     13.000     5.7064   3.157895    32.1386       6313     4.3831 0.0000e+00
