HB2502/ctd162.cnv
* Sea-Bird SBE 9 Data File:
* FileName = C:\cruise\data\ctd162.hex
* Software Version Seasave V 7.26.7.121
* Temperature SN = 6768
* Conductivity SN = 6166
* Number of Bytes Per Scan = 37
* Number of Voltage Words = 4
* Number of Scans Averaged by the Deck Unit = 1
* NMEA Latitude = 42 37.66 N
* NMEA Longitude = 069 41.69 W
* NMEA UTC (Time) = Apr 16 2025 17:30:50
* NMEA baud rate = 4800
** Ship: Bigelow HB2502
** Program:  Spring Bottom Trawl
** Chief Scientist:Jon Galbraith
# nquan = 7
# nvalues = 495                         
# units = specified
# name 0 = depSM: Depth [salt water, m]
# name 1 = t090C: Temperature [ITS-90, deg C]
# name 2 = c0S/m: Conductivity [S/m]
# name 3 = sal00: Salinity, Practical [PSU]
# name 4 = scan: Scan Count
# name 5 = timeM: Time, Elapsed [minutes]
# name 6 = flag: flag
# span 0 =      3.000,    250.000       
# span 1 =     5.2139,     7.6901       
# span 2 =   3.185252,   3.528669       
# span 3 =    32.8106,    34.2485       
# span 4 =         45,      15518       
# span 5 =     0.0307,    10.7757       
# span 6 = 0.0000e+00, 0.0000e+00       
# interval = meters: 1                  
# start_time = Apr 16 2025 17:30:50 [NMEA time, header]
# bad_flag = -9.990e-29
*END*
      3.000     5.7646   3.280486    33.4713         45     0.0307 0.0000e+00
      4.000     5.6126   3.223041    32.9703        629     0.4362 0.0000e+00
      5.000     5.6451   3.218073    32.8815        718     0.4978 0.0000e+00
      6.000     5.6412   3.216546    32.8675        735     0.5100 0.0000e+00
      7.000     5.6383   3.216338    32.8674        759     0.5265 0.0000e+00
      8.000     5.6382   3.219431    32.9020        805     0.5583 0.0000e+00
      9.000     5.6376   3.215613    32.8589        836     0.5798 0.0000e+00
     10.000     5.6323   3.214686    32.8530        851     0.5905 0.0000e+00
     11.000     5.6318   3.214434    32.8502        870     0.6032 0.0000e+00
     12.000     5.6311   3.218446    32.8958        899     0.6235 0.0000e+00
     13.000     5.6210   3.217530    32.8948        940     0.6524 0.0000e+00
     14.000     5.6025   3.213172    32.8631        963     0.6681 0.0000e+00
     15.000     5.5875   3.211736    32.8609        983     0.6822 0.0000e+00
     16.000     5.5808   3.212392    32.8744       1008     0.6993 0.0000e+00
     17.000     5.5825   3.217073    32.9253       1040     0.7216 0.0000e+00
     18.000     5.5848   3.213708    32.8844       1073     0.7444 0.0000e+00
     19.000     5.5792   3.211144    32.8603       1098     0.7618 0.0000e+00
     20.000     5.5764   3.210257    32.8525       1120     0.7772 0.0000e+00
     21.000     5.5725   3.210371    32.8571       1144     0.7935 0.0000e+00
     22.000     5.5724   3.213651    32.8939       1172     0.8130 0.0000e+00
     23.000     5.5760   3.216169    32.9184       1205     0.8364 0.0000e+00
     24.000     5.5681   3.214872    32.9109       1236     0.8574 0.0000e+00
     25.000     5.5679   3.210595    32.8621       1259     0.8736 0.0000e+00
     26.000     5.5620   3.209572    32.8557       1280     0.8881 0.0000e+00
     27.000     5.5613   3.211708    32.8802       1305     0.9056 0.0000e+00
     28.000     5.5589   3.213163    32.8986       1341     0.9306 0.0000e+00
     29.000     5.5488   3.210085    32.8729       1372     0.9521 0.0000e+00
     30.000     5.5449   3.208353    32.8567       1394     0.9674 0.0000e+00
     31.000     5.5429   3.207982    32.8539       1416     0.9829 0.0000e+00
     32.000     5.5398   3.208615    32.8636       1444     1.0020 0.0000e+00
     33.000     5.5404   3.208041    32.8560       1477     1.0247 0.0000e+00
     34.000     5.5399   3.207191    32.8463       1503     1.0431 0.0000e+00
     35.000     5.5383   3.207138    32.8468       1525     1.0585 0.0000e+00
     36.000     5.5342   3.207509    32.8545       1552     1.0768 0.0000e+00
     37.000     5.5235   3.207708    32.8667       1591     1.1040 0.0000e+00
     38.000     5.5190   3.206732    32.8595       1620     1.1241 0.0000e+00
     39.000     5.5107   3.205612    32.8544       1638     1.1372 0.0000e+00
     40.000     5.4974   3.205377    32.8643       1656     1.1496 0.0000e+00
     41.000     5.4821   3.205888    32.8846       1682     1.1674 0.0000e+00
     42.000     5.4639   3.207213    32.9170       1733     1.2028 0.0000e+00
     43.000     5.4602   3.204459    32.8888       1762     1.2231 0.0000e+00
     44.000     5.4512   3.202460    32.8744       1778     1.2338 0.0000e+00
     45.000     5.4474   3.201577    32.8675       1793     1.2442 0.0000e+00
     46.000     5.4435   3.202787    32.8846       1815     1.2595 0.0000e+00
     47.000     5.4427   3.203703    32.8954       1863     1.2934 0.0000e+00
     48.000     5.4415   3.200490    32.8594       1894     1.3143 0.0000e+00
     49.000     5.4407   3.199128    32.8443       1914     1.3287 0.0000e+00
     50.000     5.4410   3.198565    32.8370       1938     1.3451 0.0000e+00
     51.000     5.4413   3.198154    32.8316       1967     1.3650 0.0000e+00
     52.000     5.4413   3.197762    32.8266       1994     1.3842 0.0000e+00
     53.000     5.4414   3.197509    32.8231       2020     1.4022 0.0000e+00
     54.000     5.4415   3.197303    32.8202       2050     1.4226 0.0000e+00
     55.000     5.4415   3.197064    32.8169       2081     1.4443 0.0000e+00
     56.000     5.4416   3.197052    32.8162       2110     1.4649 0.0000e+00
     57.000     5.4416   3.197065    32.8159       2137     1.4835 0.0000e+00
     58.000     5.4417   3.197057    32.8152       2161     1.4999 0.0000e+00
     59.000     5.4417   3.197096    32.8151       2183     1.5152 0.0000e+00
     60.000     5.4408   3.197056    32.8150       2211     1.5344 0.0000e+00
     61.000     5.4404   3.197016    32.8145       2252     1.5633 0.0000e+00
     62.000     5.4395   3.197022    32.8149       2279     1.5822 0.0000e+00
     63.000     5.4386   3.196947    32.8145       2299     1.5956 0.0000e+00
     64.000     5.4377   3.196928    32.8146       2323     1.6124 0.0000e+00
     65.000     5.4375   3.196951    32.8146       2355     1.6349 0.0000e+00
     66.000     5.4375   3.196976    32.8144       2385     1.6558 0.0000e+00
     67.000     5.4379   3.197087    32.8147       2410     1.6732 0.0000e+00
     68.000     5.4361   3.196979    32.8147       2437     1.6917 0.0000e+00
     69.000     5.4339   3.196897    32.8155       2469     1.7139 0.0000e+00
     70.000     5.4336   3.196923    32.8155       2498     1.7344 0.0000e+00
     71.000     5.4339   3.197019    32.8158       2523     1.7516 0.0000e+00
     72.000     5.4337   3.197091    32.8164       2551     1.7709 0.0000e+00
     73.000     5.4303   3.196973    32.8178       2583     1.7931 0.0000e+00
     74.000     5.4258   3.196725    32.8189       2610     1.8121 0.0000e+00
     75.000     5.4121   3.195919    32.8226       2634     1.8286 0.0000e+00
     76.000     5.3803   3.194073    32.8323       2664     1.8495 0.0000e+00
     77.000     5.3447   3.191925    32.8422       2703     1.8762 0.0000e+00
     78.000     5.3345   3.191330    32.8449       2726     1.8923 0.0000e+00
     79.000     5.3150   3.190168    32.8502       2744     1.9052 0.0000e+00
     80.000     5.2887   3.188666    32.8584       2767     1.9206 0.0000e+00
     81.000     5.2529   3.186608    32.8695       2806     1.9482 0.0000e+00
     82.000     5.2385   3.185844    32.8744       2844     1.9740 0.0000e+00
     83.000     5.2233   3.185252    32.8821       2867     1.9901 0.0000e+00
     84.000     5.2199   3.185313    32.8856       2889     2.0058 0.0000e+00
     85.000     5.2185   3.185681    32.8907       2916     2.0242 0.0000e+00
     86.000     5.2232   3.187110    32.9019       2947     2.0461 0.0000e+00
     87.000     5.2364   3.189178    32.9121       2979     2.0679 0.0000e+00
     88.000     5.2426   3.190066    32.9156       3005     2.0860 0.0000e+00
     89.000     5.2441   3.190288    32.9162       3029     2.1030 0.0000e+00
     90.000     5.2455   3.190548    32.9173       3058     2.1231 0.0000e+00
     91.000     5.2451   3.190605    32.9178       3091     2.1458 0.0000e+00
     92.000     5.2373   3.189952    32.9176       3118     2.1649 0.0000e+00
     93.000     5.2373   3.189974    32.9173       3142     2.1812 0.0000e+00
     94.000     5.2364   3.189938    32.9172       3167     2.1989 0.0000e+00
     95.000     5.2317   3.189515    32.9165       3202     2.2229 0.0000e+00
     96.000     5.2369   3.190131    32.9179       3235     2.2459 0.0000e+00
     97.000     5.2723   3.194537    32.9330       3259     2.2622 0.0000e+00
     98.000     5.2860   3.196784    32.9446       3281     2.2779 0.0000e+00
     99.000     5.2830   3.196844    32.9477       3310     2.2980 0.0000e+00
    100.000     5.2630   3.195270    32.9490       3343     2.3210 0.0000e+00
    101.000     5.2605   3.195196    32.9501       3370     2.3393 0.0000e+00
    102.000     5.2811   3.197509    32.9557       3395     2.3572 0.0000e+00
    103.000     5.3004   3.199875    32.9632       3430     2.3812 0.0000e+00
    104.000     5.3189   3.201974    32.9685       3461     2.4027 0.0000e+00
    105.000     5.3335   3.203684    32.9731       3481     2.4167 0.0000e+00
    106.000     5.3345   3.203916    32.9742       3500     2.4297 0.0000e+00
    107.000     5.3305   3.203746    32.9757       3533     2.4526 0.0000e+00
    108.000     5.3351   3.205020    32.9852       3582     2.4865 0.0000e+00
    109.000     5.3869   3.210852    33.0002       3604     2.5018 0.0000e+00
    110.000     5.3921   3.211837    33.0058       3622     2.5148 0.0000e+00
    111.000     5.3889   3.212007    33.0104       3646     2.5313 0.0000e+00
    112.000     5.3923   3.212793    33.0155       3682     2.5563 0.0000e+00
    113.000     5.4084   3.214918    33.0233       3715     2.5790 0.0000e+00
    114.000     5.4168   3.215991    33.0268       3738     2.5953 0.0000e+00
    115.000     5.4512   3.219906    33.0369       3762     2.6118 0.0000e+00
    116.000     5.5207   3.227871    33.0586       3790     2.6312 0.0000e+00
    117.000     5.5626   3.232782    33.0726       3823     2.6541 0.0000e+00
    118.000     5.6105   3.238081    33.0851       3863     2.6816 0.0000e+00
    119.000     5.7325   3.251344    33.1148       3891     2.7012 0.0000e+00
    120.000     5.8019   3.259263    33.1355       3911     2.7151 0.0000e+00
    121.000     5.8782   3.267668    33.1548       3930     2.7284 0.0000e+00
    122.000     5.9278   3.273455    33.1708       3954     2.7451 0.0000e+00
    123.000     6.0127   3.283605    33.2011       3996     2.7746 0.0000e+00
    124.000     6.0697   3.290570    33.2228       4033     2.8002 0.0000e+00
    125.000     6.1482   3.299736    33.2480       4054     2.8146 0.0000e+00
    126.000     6.2164   3.307464    33.2671       4076     2.8297 0.0000e+00
    127.000     6.3508   3.322583    33.3036       4103     2.8489 0.0000e+00
    128.000     6.4201   3.331004    33.3290       4137     2.8723 0.0000e+00
    129.000     6.5444   3.345943    33.3728       4170     2.8950 0.0000e+00
    130.000     6.6172   3.355081    33.4023       4198     2.9144 0.0000e+00
    131.000     6.6898   3.364336    33.4332       4222     2.9312 0.0000e+00
    132.000     6.7101   3.367091    33.4433       4247     2.9487 0.0000e+00
    133.000     6.7230   3.368858    33.4497       4278     2.9703 0.0000e+00
    134.000     6.7631   3.374060    33.4674       4311     2.9932 0.0000e+00
    135.000     6.8176   3.381207    33.4924       4337     3.0114 0.0000e+00
    136.000     6.8914   3.390468    33.5217       4364     3.0299 0.0000e+00
    137.000     6.9522   3.398494    33.5500       4395     3.0513 0.0000e+00
    138.000     6.9809   3.402336    33.5637       4426     3.0726 0.0000e+00
    139.000     7.0262   3.408457    33.5861       4452     3.0908 0.0000e+00
    140.000     7.0502   3.411820    33.5990       4477     3.1083 0.0000e+00
    141.000     7.0890   3.417297    33.6206       4504     3.1272 0.0000e+00
    142.000     7.1341   3.423170    33.6403       4533     3.1469 0.0000e+00
    143.000     7.1511   3.425828    33.6522       4563     3.1684 0.0000e+00
    144.000     7.1735   3.429001    33.6645       4596     3.1911 0.0000e+00
    145.000     7.1769   3.429631    33.6676       4624     3.2103 0.0000e+00
    146.000     7.1780   3.429980    33.6699       4646     3.2260 0.0000e+00
    147.000     7.1953   3.432826    33.6836       4671     3.2432 0.0000e+00
    148.000     7.2175   3.436374    33.7001       4706     3.2673 0.0000e+00
    149.000     7.2316   3.438772    33.7120       4740     3.2911 0.0000e+00
    150.000     7.2566   3.442789    33.7308       4763     3.3071 0.0000e+00
    151.000     7.2931   3.447508    33.7461       4786     3.3230 0.0000e+00
    152.000     7.3106   3.449937    33.7550       4816     3.3440 0.0000e+00
    153.000     7.3164   3.451271    33.7633       4848     3.3663 0.0000e+00
    154.000     7.3147   3.451315    33.7650       4875     3.3846 0.0000e+00
    155.000     7.3140   3.451364    33.7657       4901     3.4027 0.0000e+00
    156.000     7.3144   3.451483    33.7662       4931     3.4236 0.0000e+00
    157.000     7.3154   3.451749    33.7676       4963     3.4458 0.0000e+00
    158.000     7.3255   3.453118    33.7722       4992     3.4660 0.0000e+00
    159.000     7.3421   3.455426    33.7806       5016     3.4826 0.0000e+00
    160.000     7.3535   3.457320    33.7895       5039     3.4988 0.0000e+00
    161.000     7.3691   3.460056    33.8036       5068     3.5185 0.0000e+00
    162.000     7.3923   3.463800    33.8211       5099     3.5404 0.0000e+00
    163.000     7.4538   3.473109    33.8616       5129     3.5614 0.0000e+00
    164.000     7.4702   3.475543    33.8715       5158     3.5810 0.0000e+00
    165.000     7.4918   3.479027    33.8876       5184     3.5992 0.0000e+00
    166.000     7.5077   3.481589    33.8994       5209     3.6167 0.0000e+00
    167.000     7.5115   3.482334    33.9033       5237     3.6361 0.0000e+00
    168.000     7.5260   3.484901    33.9163       5270     3.6588 0.0000e+00
    169.000     7.5469   3.488040    33.9294       5302     3.6816 0.0000e+00
    170.000     7.5720   3.491956    33.9468       5327     3.6984 0.0000e+00
    171.000     7.5755   3.492671    33.9507       5347     3.7124 0.0000e+00
    172.000     7.5781   3.493123    33.9525       5372     3.7297 0.0000e+00
    173.000     7.5865   3.494412    33.9577       5416     3.7605 0.0000e+00
    174.000     7.6031   3.497205    33.9713       5444     3.7796 0.0000e+00
    175.000     7.6155   3.499305    33.9813       5462     3.7924 0.0000e+00
    176.000     7.6202   3.500200    33.9859       5482     3.8061 0.0000e+00
    177.000     7.6273   3.501478    33.9923       5519     3.8318 0.0000e+00
    178.000     7.6332   3.502655    33.9988       5560     3.8605 0.0000e+00
    179.000     7.6409   3.504395    34.0095       5579     3.8733 0.0000e+00
    180.000     7.6434   3.505538    34.0189       5597     3.8861 0.0000e+00
    181.000     7.6504   3.507556    34.0334       5626     3.9061 0.0000e+00
    182.000     7.6530   3.508579    34.0413       5665     3.9334 0.0000e+00
    183.000     7.6575   3.510271    34.0548       5691     3.9515 0.0000e+00
    184.000     7.6590   3.511000    34.0606       5713     3.9664 0.0000e+00
    185.000     7.6638   3.513240    34.0797       5738     3.9841 0.0000e+00
    186.000     7.6660   3.514383    34.0894       5771     4.0068 0.0000e+00
    187.000     7.6664   3.514743    34.0923       5799     4.0267 0.0000e+00
    188.000     7.6673   3.515218    34.0961       5826     4.0451 0.0000e+00
    189.000     7.6715   3.518115    34.1228       5859     4.0683 0.0000e+00
    190.000     7.6731   3.518921    34.1294       5889     4.0887 0.0000e+00
    191.000     7.6733   3.519190    34.1317       5913     4.1053 0.0000e+00
    192.000     7.6734   3.519310    34.1324       5937     4.1221 0.0000e+00
    193.000     7.6732   3.520349    34.1433       5968     4.1440 0.0000e+00
    194.000     7.6730   3.521094    34.1511       6006     4.1700 0.0000e+00
    195.000     7.6723   3.521667    34.1574       6030     4.1871 0.0000e+00
    196.000     7.6727   3.522118    34.1614       6051     4.2015 0.0000e+00
    197.000     7.6734   3.522363    34.1629       6077     4.2196 0.0000e+00
    198.000     7.6738   3.522691    34.1655       6115     4.2459 0.0000e+00
    199.000     7.6736   3.523014    34.1687       6145     4.2664 0.0000e+00
    200.000     7.6743   3.523926    34.1774       6168     4.2826 0.0000e+00
    201.000     7.6749   3.524201    34.1793       6195     4.3014 0.0000e+00
    202.000     7.6755   3.524371    34.1800       6227     4.3239 0.0000e+00
    203.000     7.6764   3.525021    34.1857       6255     4.3433 0.0000e+00
    204.000     7.6806   3.526588    34.1981       6278     4.3592 0.0000e+00
    205.000     7.6864   3.527608    34.2028       6304     4.3771 0.0000e+00
    206.000     7.6886   3.527979    34.2042       6338     4.4006 0.0000e+00
    207.000     7.6893   3.528258    34.2060       6369     4.4220 0.0000e+00
