HB2502/ctd103.cnv
* Sea-Bird SBE 9 Data File:
* FileName = C:\cruise\data\ctd103.hex
* Software Version Seasave V 7.26.7.121
* Temperature SN = 6768
* Conductivity SN = 6166
* Number of Bytes Per Scan = 37
* Number of Voltage Words = 4
* Number of Scans Averaged by the Deck Unit = 1
* NMEA Latitude = 41 23.47 N
* NMEA Longitude = 071 10.01 W
* NMEA UTC (Time) = Mar 23 2025 12:23:05
* NMEA baud rate = 4800
** Ship: Bigelow HB2502
** Program:  Spring Bottom Trawl
** Chief Scientist:Jon Galbraith
# nquan = 7
# nvalues = 33                          
# units = specified
# name 0 = depSM: Depth [salt water, m]
# name 1 = t090C: Temperature [ITS-90, deg C]
# name 2 = c0S/m: Conductivity [S/m]
# name 3 = sal00: Salinity, Practical [PSU]
# name 4 = scan: Scan Count
# name 5 = timeM: Time, Elapsed [minutes]
# name 6 = flag: flag
# span 0 =      1.000,     18.000       
# span 1 =     4.7987,     5.2006       
# span 2 =   1.767373,   3.115617       
# span 3 =    18.0204,    32.2284       
# span 4 =        125,       2450       
# span 5 =     0.0859,     1.7009       
# span 6 = 0.0000e+00, 0.0000e+00       
# interval = meters: 1                  
# start_time = Mar 23 2025 12:23:05 [NMEA time, header]
# bad_flag = -9.990e-29
*END*
      3.000     5.0418   3.043129    31.4723        125     0.0859 0.0000e+00
      4.000     5.1409   3.084554    31.8508        315     0.2181 0.0000e+00
      5.000     5.1443   3.100111    32.0247        346     0.2396 0.0000e+00
      6.000     5.1449   3.103871    32.0666        380     0.2631 0.0000e+00
      7.000     5.1620   3.107738    32.0939        409     0.2832 0.0000e+00
      8.000     5.1729   3.110670    32.1164        431     0.2989 0.0000e+00
      9.000     5.1705   3.110662    32.1181        453     0.3136 0.0000e+00
     10.000     5.1728   3.108555    32.0914        481     0.3332 0.0000e+00
     11.000     5.1757   3.108323    32.0855        517     0.3587 0.0000e+00
     12.000     5.1766   3.111172    32.1166        547     0.3791 0.0000e+00
     13.000     5.1814   3.112991    32.1323        568     0.3937 0.0000e+00
     14.000     5.1906   3.114406    32.1391        587     0.4072 0.0000e+00
     15.000     5.1992   3.113795    32.1233        612     0.4243 0.0000e+00
     16.000     5.2006   3.108233    32.0580        656     0.4548 0.0000e+00
     17.000     5.1972   3.115617    32.1451        691     0.4795 0.0000e+00
     18.000     5.1685   3.109911    32.1070        763     0.5293 0.0000e+00
     17.000     5.1385   3.103452    32.0626       1390     0.9646 0.0000e+00
     16.000     5.0980   3.109042    32.1660       1512     1.0492 0.0000e+00
     15.000     5.0652   3.110020    32.2093       1548     1.0741 0.0000e+00
     14.000     5.0600   3.111194    32.2284       1580     1.0967 0.0000e+00
     13.000     5.0725   3.111957    32.2255       1604     1.1134 0.0000e+00
     12.000     5.0816   3.110488    32.2004       1626     1.1284 0.0000e+00
     11.000     5.0856   3.107416    32.1618       1649     1.1445 0.0000e+00
     10.000     5.0682   3.103926    32.1392       1678     1.1645 0.0000e+00
      9.000     5.0311   3.098348    32.1114       1710     1.1866 0.0000e+00
      8.000     5.0127   3.096578    32.1094       1735     1.2043 0.0000e+00
      7.000     4.9783   3.095510    32.1309       1758     1.2200 0.0000e+00
      6.000     4.9163   3.092180    32.1530       1782     1.2366 0.0000e+00
      5.000     4.8684   3.085382    32.1216       1809     1.2555 0.0000e+00
      4.000     4.7987   3.080041    32.1279       1836     1.2741 0.0000e+00
      3.000     5.1122   3.093536    31.9815       2155     1.4955 0.0000e+00
      2.000     4.9798   3.092835    32.1012       2393     1.6615 0.0000e+00
      1.000     4.9167   1.767373    18.0204       2450     1.7009 0.0000e+00
