HB2502/ctd155.cnv
* Sea-Bird SBE 9 Data File:
* FileName = C:\cruise\data\ctd155.hex
* Software Version Seasave V 7.26.7.121
* Temperature SN = 6768
* Conductivity SN = 6166
* Number of Bytes Per Scan = 37
* Number of Voltage Words = 4
* Number of Scans Averaged by the Deck Unit = 1
* NMEA Latitude = 41 46.31 N
* NMEA Longitude = 068 15.88 W
* NMEA UTC (Time) = Apr 15 2025 09:07:06
* NMEA baud rate = 4800
** Ship: Bigelow HB2502
** Program:  Spring Bottom Trawl
** Chief Scientist:Jon Galbraith
# nquan = 7
# nvalues = 157                         
# units = specified
# name 0 = depSM: Depth [salt water, m]
# name 1 = t090C: Temperature [ITS-90, deg C]
# name 2 = c0S/m: Conductivity [S/m]
# name 3 = sal00: Salinity, Practical [PSU]
# name 4 = scan: Scan Count
# name 5 = timeM: Time, Elapsed [minutes]
# name 6 = flag: flag
# span 0 =      1.000,     80.000       
# span 1 =     5.3538,     5.9824       
# span 2 =   3.186908,   3.254325       
# span 3 =    32.7112,    32.9827       
# span 4 =        114,       5627       
# span 5 =     0.0788,     3.9072       
# span 6 = 0.0000e+00, 0.0000e+00       
# interval = meters: 1                  
# start_time = Apr 15 2025 09:07:06 [NMEA time, header]
# bad_flag = -9.990e-29
*END*
      3.000     5.9824   3.254325    32.9621        114     0.0788 0.0000e+00
      4.000     5.9286   3.238049    32.8310        285     0.1975 0.0000e+00
      5.000     5.9267   3.232887    32.7743        334     0.2313 0.0000e+00
      6.000     5.9267   3.229934    32.7407        359     0.2484 0.0000e+00
      7.000     5.9270   3.229397    32.7339        379     0.2628 0.0000e+00
      8.000     5.9269   3.229242    32.7317        400     0.2773 0.0000e+00
      9.000     5.9269   3.229950    32.7392        426     0.2952 0.0000e+00
     10.000     5.9269   3.229919    32.7383        457     0.3170 0.0000e+00
     11.000     5.9269   3.229552    32.7337        486     0.3370 0.0000e+00
     12.000     5.9270   3.229639    32.7341        516     0.3579 0.0000e+00
     13.000     5.9267   3.229323    32.7303        544     0.3768 0.0000e+00
     14.000     5.9250   3.229025    32.7282        566     0.3926 0.0000e+00
     15.000     5.9239   3.228929    32.7276        587     0.4072 0.0000e+00
     16.000     5.9214   3.229407    32.7349        612     0.4244 0.0000e+00
     17.000     5.9215   3.231023    32.7525        646     0.4478 0.0000e+00
     18.000     5.9160   3.229331    32.7383        678     0.4702 0.0000e+00
     19.000     5.9110   3.228539    32.7338        704     0.4884 0.0000e+00
     20.000     5.9023   3.228167    32.7375        728     0.5051 0.0000e+00
     21.000     5.8968   3.227982    32.7403        752     0.5214 0.0000e+00
     22.000     5.8978   3.227987    32.7389        775     0.5376 0.0000e+00
     23.000     5.8963   3.228746    32.7483        804     0.5576 0.0000e+00
     24.000     5.8761   3.228780    32.7679        838     0.5810 0.0000e+00
     25.000     5.8421   3.227493    32.7858        864     0.5990 0.0000e+00
     26.000     5.8078   3.225401    32.7951        887     0.6150 0.0000e+00
     27.000     5.7828   3.225660    32.8218        912     0.6329 0.0000e+00
     28.000     5.7651   3.227893    32.8637        941     0.6528 0.0000e+00
     29.000     5.7555   3.226729    32.8595        970     0.6731 0.0000e+00
     30.000     5.7211   3.223635    32.8575        997     0.6916 0.0000e+00
     31.000     5.7051   3.220367    32.8358       1020     0.7078 0.0000e+00
     32.000     5.6929   3.218401    32.8249       1043     0.7236 0.0000e+00
     33.000     5.6699   3.218171    32.8443       1071     0.7430 0.0000e+00
     34.000     5.6498   3.217667    32.8577       1109     0.7691 0.0000e+00
     35.000     5.6453   3.214914    32.8304       1139     0.7901 0.0000e+00
     36.000     5.6274   3.212501    32.8200       1160     0.8047 0.0000e+00
     37.000     5.5642   3.212110    32.8769       1179     0.8182 0.0000e+00
     38.000     5.5344   3.210965    32.8926       1200     0.8327 0.0000e+00
     39.000     5.5232   3.211617    32.9104       1229     0.8527 0.0000e+00
     40.000     5.5133   3.210694    32.9091       1270     0.8811 0.0000e+00
     41.000     5.5026   3.206766    32.8745       1299     0.9016 0.0000e+00
     42.000     5.4702   3.204932    32.8849       1320     0.9157 0.0000e+00
     43.000     5.4133   3.204023    32.9298       1340     0.9298 0.0000e+00
     44.000     5.3726   3.203726    32.9660       1366     0.9479 0.0000e+00
     45.000     5.3614   3.202521    32.9628       1398     0.9702 0.0000e+00
     46.000     5.3591   3.199937    32.9351       1425     0.9891 0.0000e+00
     47.000     5.3566   3.198543    32.9211       1451     1.0068 0.0000e+00
     48.000     5.3567   3.197441    32.9079       1478     1.0255 0.0000e+00
     49.000     5.3610   3.195714    32.8835       1504     1.0441 0.0000e+00
     50.000     5.3704   3.195036    32.8660       1531     1.0626 0.0000e+00
     51.000     5.3872   3.196437    32.8650       1559     1.0820 0.0000e+00
     52.000     5.4079   3.199627    32.8806       1588     1.1019 0.0000e+00
     53.000     5.4145   3.201294    32.8925       1615     1.1211 0.0000e+00
     54.000     5.4177   3.202260    32.8999       1640     1.1379 0.0000e+00
     55.000     5.4222   3.203256    32.9063       1663     1.1545 0.0000e+00
     56.000     5.4231   3.203522    32.9080       1690     1.1729 0.0000e+00
     57.000     5.4270   3.203944    32.9084       1720     1.1941 0.0000e+00
     58.000     5.4386   3.205438    32.9135       1751     1.2155 0.0000e+00
     59.000     5.4489   3.206961    32.9202       1777     1.2336 0.0000e+00
     60.000     5.4596   3.208505    32.9268       1801     1.2499 0.0000e+00
     61.000     5.5000   3.213677    32.9455       1826     1.2674 0.0000e+00
     62.000     5.5466   3.220301    32.9745       1853     1.2861 0.0000e+00
     63.000     5.5533   3.221343    32.9792       1880     1.3052 0.0000e+00
     64.000     5.5535   3.221486    32.9801       1909     1.3253 0.0000e+00
     65.000     5.5539   3.221592    32.9804       1939     1.3461 0.0000e+00
     66.000     5.5544   3.221696    32.9806       1967     1.3656 0.0000e+00
     67.000     5.5547   3.221820    32.9812       1994     1.3838 0.0000e+00
     68.000     5.5543   3.221802    32.9809       2017     1.4003 0.0000e+00
     69.000     5.5542   3.221851    32.9810       2041     1.4170 0.0000e+00
     70.000     5.5539   3.221882    32.9812       2069     1.4360 0.0000e+00
     71.000     5.5539   3.221911    32.9810       2099     1.4567 0.0000e+00
     72.000     5.5543   3.221970    32.9808       2126     1.4760 0.0000e+00
     73.000     5.5546   3.222104    32.9815       2152     1.4941 0.0000e+00
     74.000     5.5551   3.222175    32.9813       2180     1.5129 0.0000e+00
     75.000     5.5551   3.222195    32.9811       2209     1.5335 0.0000e+00
     76.000     5.5549   3.222210    32.9809       2239     1.5541 0.0000e+00
     77.000     5.5559   3.222422    32.9818       2265     1.5721 0.0000e+00
     78.000     5.5549   3.222327    32.9813       2287     1.5874 0.0000e+00
     79.000     5.5556   3.222463    32.9816       2309     1.6029 0.0000e+00
     80.000     5.5557   3.222532    32.9817       2748     1.9073 0.0000e+00
     79.000     5.5574   3.222723    32.9827       3255     2.2595 0.0000e+00
     78.000     5.5571   3.222643    32.9827       3266     2.2673 0.0000e+00
     77.000     5.5564   3.222514    32.9823       3292     2.2851 0.0000e+00
     76.000     5.5558   3.222373    32.9819       3315     2.3017 0.0000e+00
     75.000     5.5559   3.222363    32.9822       3337     2.3167 0.0000e+00
     74.000     5.5550   3.222190    32.9816       3359     2.3320 0.0000e+00
     73.000     5.5541   3.222020    32.9810       3386     2.3510 0.0000e+00
     72.000     5.5539   3.221952    32.9810       3419     2.3736 0.0000e+00
     71.000     5.5537   3.221911    32.9812       3445     2.3918 0.0000e+00
     70.000     5.5532   3.221813    32.9811       3469     2.4080 0.0000e+00
     69.000     5.5526   3.221689    32.9808       3496     2.4270 0.0000e+00
     68.000     5.5524   3.221628    32.9808       3523     2.4460 0.0000e+00
     67.000     5.5520   3.221529    32.9806       3546     2.4618 0.0000e+00
     66.000     5.5504   3.221327    32.9803       3568     2.4771 0.0000e+00
     65.000     5.5452   3.220616    32.9778       3595     2.4957 0.0000e+00
     64.000     5.5417   3.220068    32.9756       3626     2.5171 0.0000e+00
     63.000     5.5207   3.217404    32.9665       3652     2.5357 0.0000e+00
     62.000     5.5021   3.214941    32.9572       3678     2.5534 0.0000e+00
     61.000     5.4870   3.212796    32.9482       3703     2.5709 0.0000e+00
     60.000     5.4696   3.210271    32.9371       3727     2.5877 0.0000e+00
     59.000     5.4534   3.207885    32.9263       3754     2.6065 0.0000e+00
     58.000     5.4506   3.207328    32.9233       3783     2.6265 0.0000e+00
     57.000     5.4423   3.206098    32.9179       3808     2.6437 0.0000e+00
     56.000     5.4353   3.205020    32.9130       3832     2.6605 0.0000e+00
     55.000     5.4325   3.204494    32.9103       3859     2.6791 0.0000e+00
     54.000     5.4266   3.203550    32.9058       3887     2.6987 0.0000e+00
     53.000     5.4220   3.202423    32.8981       3915     2.7180 0.0000e+00
     52.000     5.4175   3.201105    32.8879       3942     2.7369 0.0000e+00
     51.000     5.4128   3.199758    32.8777       3966     2.7538 0.0000e+00
     50.000     5.3995   3.196854    32.8583       3990     2.7702 0.0000e+00
     49.000     5.3848   3.194127    32.8421       4017     2.7890 0.0000e+00
     48.000     5.3748   3.192188    32.8302       4047     2.8096 0.0000e+00
     47.000     5.3631   3.190273    32.8205       4073     2.8281 0.0000e+00
     46.000     5.3547   3.188781    32.8121       4098     2.8449 0.0000e+00
     45.000     5.3538   3.188035    32.8051       4123     2.8626 0.0000e+00
     44.000     5.3561   3.187444    32.7965       4151     2.8823 0.0000e+00
     43.000     5.3591   3.186908    32.7881       4180     2.9023 0.0000e+00
     42.000     5.3877   3.188393    32.7775       4207     2.9207 0.0000e+00
     41.000     5.4475   3.191987    32.7604       4231     2.9375 0.0000e+00
     40.000     5.4768   3.194094    32.7562       4254     2.9535 0.0000e+00
     39.000     5.4963   3.195435    32.7530       4281     2.9719 0.0000e+00
     38.000     5.5038   3.195928    32.7518       4313     2.9943 0.0000e+00
     37.000     5.5133   3.196532    32.7499       4342     3.0147 0.0000e+00
     36.000     5.5253   3.197358    32.7480       4365     3.0303 0.0000e+00
     35.000     5.5700   3.200590    32.7416       4385     3.0442 0.0000e+00
     34.000     5.6170   3.203968    32.7346       4409     3.0610 0.0000e+00
     33.000     5.6198   3.204171    32.7347       4443     3.0849 0.0000e+00
     32.000     5.6289   3.204523    32.7303       4477     3.1087 0.0000e+00
     31.000     5.6483   3.205601    32.7242       4499     3.1236 0.0000e+00
     30.000     5.6705   3.207325    32.7226       4518     3.1366 0.0000e+00
     29.000     5.6927   3.209156    32.7221       4539     3.1513 0.0000e+00
     28.000     5.7045   3.210197    32.7229       4572     3.1744 0.0000e+00
     27.000     5.7117   3.210754    32.7228       4611     3.2015 0.0000e+00
     26.000     5.7399   3.212851    32.7196       4633     3.2168 0.0000e+00
     25.000     5.7623   3.214641    32.7186       4652     3.2297 0.0000e+00
     24.000     5.7845   3.216423    32.7176       4672     3.2434 0.0000e+00
     23.000     5.8065   3.218190    32.7166       4700     3.2630 0.0000e+00
     22.000     5.8109   3.218627    32.7178       4735     3.2878 0.0000e+00
     21.000     5.8447   3.221105    32.7134       4764     3.3076 0.0000e+00
     20.000     5.8610   3.222550    32.7143       4787     3.3235 0.0000e+00
     19.000     5.8662   3.222972    32.7146       4808     3.3382 0.0000e+00
     18.000     5.8754   3.223691    32.7143       4832     3.3550 0.0000e+00
     17.000     5.8754   3.223736    32.7152       4864     3.3774 0.0000e+00
     16.000     5.8797   3.223930    32.7137       4896     3.3996 0.0000e+00
     15.000     5.8992   3.225346    32.7112       4920     3.4162 0.0000e+00
     14.000     5.9094   3.226177    32.7112       4942     3.4311 0.0000e+00
     13.000     5.9148   3.226604    32.7113       4965     3.4471 0.0000e+00
     12.000     5.9162   3.226735    32.7119       4991     3.4654 0.0000e+00
     11.000     5.9181   3.226825    32.7116       5021     3.4864 0.0000e+00
     10.000     5.9199   3.226942    32.7117       5049     3.5058 0.0000e+00
      9.000     5.9225   3.227133    32.7118       5074     3.5226 0.0000e+00
      8.000     5.9238   3.227220    32.7121       5099     3.5402 0.0000e+00
      7.000     5.9247   3.227257    32.7121       5127     3.5599 0.0000e+00
      6.000     5.9251   3.227283    32.7125       5154     3.5787 0.0000e+00
      5.000     5.9251   3.227244    32.7126       5178     3.5955 0.0000e+00
      4.000     5.9253   3.227205    32.7124       5202     3.6118 0.0000e+00
      3.000     5.9302   3.227656    32.7132       5392     3.7440 0.0000e+00
      2.000     5.9393   3.228370    32.7129       5598     3.8865 0.0000e+00
      1.000     5.9386   3.228375    32.7142       5627     3.9072 0.0000e+00
