HB2502/ctd179.cnv
* Sea-Bird SBE 9 Data File:
* FileName = C:\cruise\data\ctd179.hex
* Software Version Seasave V 7.26.7.121
* Temperature SN = 4591
* Conductivity SN = 6006
* Number of Bytes Per Scan = 37
* Number of Voltage Words = 4
* Number of Scans Averaged by the Deck Unit = 1
* NMEA Latitude = 41 49.03 N
* NMEA Longitude = 065 49.87 W
* NMEA UTC (Time) = May 05 2025 05:42:04
* NMEA baud rate = 4800
** Ship: Bigelow HB2502
** Program:  Spring Bottom Trawl
** Chief Scientist:Jon Galbraith
# nquan = 10
# nvalues = 245                         
# units = specified
# name 0 = depSM: Depth [salt water, m]
# name 1 = t090C: Temperature [ITS-90, deg C]
# name 2 = c0S/m: Conductivity [S/m]
# name 3 = sal00: Salinity, Practical [PSU]
# name 4 = scan: Scan Count
# name 5 = timeM: Time, Elapsed [minutes]
# name 6 = sbeox0Mg/L: Oxygen, SBE 43 [mg/l]
# name 7 = sbeox1Mg/L: Oxygen, SBE 43, 2 [mg/l]
# name 8 = par: PAR/Irradiance, Biospherical/Licor
# name 9 = flag: flag
# span 0 =      2.000,    124.000       
# span 1 =     5.4022,     7.1850       
# span 2 =   3.137156,   3.379745       
# span 3 =    31.8820,    33.4037       
# span 4 =        -79,       8756       
# span 5 =    -0.0552,     6.0800       
# span 6 =     8.1763,    10.5222       
# span 7 =     8.4120,    10.7113       
# span 8 = 1.0000e-12, 1.6681e+01       
# span 9 = 0.0000e+00, 0.0000e+00       
# interval = meters: 1                  
# start_time = May 05 2025 05:42:04 [NMEA time, header]
# bad_flag = -9.990e-29
*END*
      2.000     5.7738   3.141630    31.8970        -79    -0.0552    10.2787    10.5325 1.1137e+01 0.0000e+00
      3.000     5.7416   3.137713    31.8830        860     0.5964    10.3150    10.5259 1.0400e+01 0.0000e+00
      4.000     5.7331   3.137156    31.8843       1040     0.7212    10.2739    10.5036 7.4920e+00 0.0000e+00
      5.000     5.7623   3.139457    31.8820       1055     0.7318    10.2983    10.5310 6.0737e+00 0.0000e+00
      6.000     5.8516   3.147822    31.8911       1085     0.7530    10.2765    10.5250 4.0381e+00 0.0000e+00
      7.000     6.3444   3.190409    31.9012       1114     0.7730    10.1843    10.4155 3.4225e+00 0.0000e+00
      8.000     6.6574   3.235019    32.0999       1141     0.7917    10.1749    10.5435 2.6970e+00 0.0000e+00
      9.000     6.7493   3.239843    32.0663       1168     0.8105    10.3200    10.7002 2.2052e+00 0.0000e+00
     10.000     6.5047   3.222767    32.1071       1193     0.8279    10.4268    10.5506 1.9073e+00 0.0000e+00
     11.000     6.7287   3.232414    32.0027       1216     0.8441    10.3939    10.6376 1.4917e+00 0.0000e+00
     12.000     7.0667   3.274630    32.1481       1242     0.8617    10.2472    10.4218 1.2246e+00 0.0000e+00
     13.000     7.1120   3.281602    32.1812       1274     0.8842    10.3567    10.6668 1.0036e+00 0.0000e+00
     14.000     7.1572   3.286641    32.1933       1305     0.9057    10.3458    10.6397 8.9402e-01 0.0000e+00
     15.000     7.1850   3.290123    32.2047       1329     0.9224    10.3691    10.6129 6.6529e-01 0.0000e+00
     16.000     7.1056   3.285567    32.2288       1351     0.9377    10.4198    10.6415 5.6630e-01 0.0000e+00
     17.000     6.8355   3.260973    32.2130       1374     0.9535    10.4750    10.6795 4.5790e-01 0.0000e+00
     18.000     6.5337   3.234831    32.2091       1400     0.9717    10.4540    10.6002 3.6067e-01 0.0000e+00
     19.000     6.3570   3.216638    32.1744       1430     0.9926    10.4072    10.5068 3.2428e-01 0.0000e+00
     20.000     6.3400   3.214462    32.1659       1461     1.0140    10.3470    10.5056 2.7136e-01 0.0000e+00
     21.000     6.3295   3.213735    32.1672       1489     1.0331    10.3527    10.5627 2.2474e-01 0.0000e+00
     22.000     6.3401   3.214730    32.1678       1513     1.0503    10.3813    10.5887 1.8383e-01 0.0000e+00
     23.000     6.3758   3.218391    32.1742       1537     1.0668    10.4015    10.5815 1.4652e-01 0.0000e+00
     24.000     6.4573   3.226734    32.1890       1562     1.0843    10.3979    10.5871 1.2242e-01 0.0000e+00
     25.000     6.4900   3.233602    32.2335       1590     1.1038    10.4159    10.6436 9.7804e-02 0.0000e+00
     26.000     6.4186   3.233376    32.2981       1621     1.1250    10.4563    10.6768 8.4550e-02 0.0000e+00
     27.000     6.0533   3.206454    32.3455       1651     1.1457    10.5222    10.7009 6.6913e-02 0.0000e+00
     28.000     5.8758   3.192590    32.3595       1674     1.1621    10.4856    10.6044 4.9206e-02 0.0000e+00
     29.000     5.8424   3.195262    32.4211       1695     1.1766    10.3801    10.4536 2.7773e-02 0.0000e+00
     30.000     5.5642   3.181835    32.5373       1717     1.1915    10.3255    10.4193 2.8297e-02 0.0000e+00
     31.000     5.4159   3.171938    32.5683       1745     1.2112    10.1556    10.2080 1.8634e-02 0.0000e+00
     32.000     5.4091   3.175027    32.6096       1784     1.2382     9.8481     9.9357 8.2093e-03 0.0000e+00
     33.000     5.4131   3.176710    32.6242       1814     1.2593     9.6394     9.8219 7.1586e-03 0.0000e+00
     34.000     5.4137   3.178168    32.6398       1836     1.2741     9.5621     9.7684 1.4678e-03 0.0000e+00
     35.000     5.4142   3.179268    32.6513       1855     1.2875     9.5244     9.7181 4.1733e-05 0.0000e+00
     36.000     5.4179   3.180243    32.6583       1876     1.3021     9.4693     9.6730 1.4777e-04 0.0000e+00
     37.000     5.4261   3.181426    32.6632       1903     1.3205     9.4266     9.6389 5.6056e-06 0.0000e+00
     38.000     5.4555   3.185601    32.6815       1937     1.3448     9.4075     9.6225 1.0000e-12 0.0000e+00
     39.000     5.5207   3.194937    32.7236       1972     1.3685     9.3763     9.6187 1.0000e-12 0.0000e+00
     40.000     5.5559   3.199586    32.7415       1997     1.3859     9.3659     9.6213 1.0000e-12 0.0000e+00
     41.000     5.5963   3.204760    32.7602       2017     1.4003     9.3762     9.5943 1.0000e-12 0.0000e+00
     42.000     5.6594   3.213805    32.8006       2038     1.4147     9.3627     9.5608 1.0000e-12 0.0000e+00
     43.000     5.6841   3.217444    32.8172       2063     1.4319     9.3555     9.5570 1.0000e-12 0.0000e+00
     44.000     5.7567   3.226024    32.8429       2093     1.4529     9.3218     9.5605 1.0000e-12 0.0000e+00
     45.000     5.8086   3.233261    32.8734       2124     1.4743     9.3140     9.5659 1.0000e-12 0.0000e+00
     46.000     5.8206   3.234691    32.8773       2154     1.4951     9.3372     9.5475 1.0000e-12 0.0000e+00
     47.000     5.8643   3.239656    32.8902       2181     1.5142     9.3039     9.5136 1.0000e-12 0.0000e+00
     48.000     5.9210   3.245317    32.8981       2205     1.5304     9.2725     9.5035 1.0000e-12 0.0000e+00
     49.000     5.9921   3.253256    32.9176       2225     1.5448     9.2512     9.5043 1.0000e-12 0.0000e+00
     50.000     6.0335   3.257439    32.9238       2247     1.5597     9.2891     9.5316 1.0000e-12 0.0000e+00
     51.000     6.0620   3.261227    32.9380       2277     1.5806     9.3279     9.5426 1.0000e-12 0.0000e+00
     52.000     6.0241   3.259852    32.9589       2315     1.6071     9.3380     9.5530 1.0000e-12 0.0000e+00
     53.000     5.8982   3.247916    32.9470       2343     1.6267     9.3330     9.5613 1.0000e-12 0.0000e+00
     54.000     5.9073   3.248664    32.9461       2365     1.6416     9.2729     9.4813 1.0000e-12 0.0000e+00
     55.000     5.8789   3.247022    32.9548       2386     1.6562     9.2721     9.4469 1.0000e-12 0.0000e+00
     56.000     6.0227   3.260522    32.9658       2411     1.6738     9.2415     9.4102 1.0000e-12 0.0000e+00
     57.000     6.1563   3.275780    33.0062       2443     1.6961     9.2241     9.4253 1.0000e-12 0.0000e+00
     58.000     6.1490   3.276419    33.0199       2472     1.7160     9.2214     9.4490 1.0000e-12 0.0000e+00
     59.000     6.1223   3.274802    33.0273       2496     1.7327     9.1890     9.3912 1.0000e-12 0.0000e+00
     60.000     6.0794   3.271437    33.0309       2521     1.7498     9.1576     9.3485 1.0000e-12 0.0000e+00
     61.000     6.0627   3.270137    33.0321       2549     1.7695     9.0966     9.2911 1.0000e-12 0.0000e+00
     62.000     6.0828   3.272689    33.0406       2578     1.7895     9.0498     9.2611 1.0000e-12 0.0000e+00
     63.000     6.1267   3.278457    33.0618       2604     1.8075     9.0281     9.2438 1.0000e-12 0.0000e+00
     64.000     6.1450   3.282655    33.0905       2628     1.8245     9.0243     9.2351 1.0000e-12 0.0000e+00
     65.000     6.1415   3.282881    33.0960       2655     1.8428     8.9892     9.2065 1.0000e-12 0.0000e+00
     66.000     6.1301   3.282274    33.0998       2685     1.8639     8.9358     9.1184 1.0000e-12 0.0000e+00
     67.000     6.1052   3.281220    33.1118       2715     1.8845     8.8834     9.0481 1.0000e-12 0.0000e+00
     68.000     6.1113   3.282494    33.1196       2739     1.9014     8.8480     9.0239 1.0000e-12 0.0000e+00
     69.000     6.1257   3.284846    33.1313       2761     1.9169     8.8150     9.0161 1.0000e-12 0.0000e+00
     70.000     6.1141   3.284523    33.1386       2788     1.9351     8.7853     8.9875 1.0000e-12 0.0000e+00
     71.000     6.0644   3.281198    33.1493       2822     1.9588     8.7340     8.9440 1.0000e-12 0.0000e+00
     72.000     6.0399   3.279046    33.1487       2851     1.9790     8.6805     8.8841 1.0000e-12 0.0000e+00
     73.000     6.0417   3.279181    33.1480       2873     1.9945     8.6298     8.8338 1.0000e-12 0.0000e+00
     74.000     6.0445   3.279492    33.1482       2895     2.0097     8.5845     8.7857 1.0000e-12 0.0000e+00
     75.000     6.0620   3.281742    33.1558       2923     2.0290     8.5476     8.7562 1.0000e-12 0.0000e+00
     76.000     6.0582   3.281027    33.1510       2957     2.0531     8.5593     8.7609 1.0000e-12 0.0000e+00
     77.000     6.2335   3.298591    33.1755       2988     2.0742     8.5133     8.7270 1.0000e-12 0.0000e+00
     78.000     6.5386   3.334347    33.2751       3012     2.0909     8.4340     8.6808 1.0000e-12 0.0000e+00
     79.000     6.7000   3.353826    33.3328       3034     2.1063     8.4704     8.6851 1.0000e-12 0.0000e+00
     80.000     6.7294   3.358091    33.3507       3058     2.1231     8.4987     8.7159 1.0000e-12 0.0000e+00
     81.000     6.7372   3.359705    33.3605       3089     2.1441     8.3690     8.6101 1.0000e-12 0.0000e+00
     82.000     6.7329   3.359606    33.3631       3120     2.1663     8.2557     8.4764 1.0000e-12 0.0000e+00
     83.000     6.7401   3.360433    33.3647       3147     2.1846     8.2450     8.4489 1.0000e-12 0.0000e+00
     84.000     6.7353   3.360188    33.3662       3170     2.2010     8.2492     8.4649 1.0000e-12 0.0000e+00
     85.000     6.7462   3.361291    33.3672       3196     2.2187     8.2521     8.4549 1.0000e-12 0.0000e+00
     86.000     6.7327   3.360523    33.3714       3227     2.2406     8.2676     8.4637 1.0000e-12 0.0000e+00
     87.000     6.7193   3.359053    33.3678       3259     2.2625     8.2841     8.4768 1.0000e-12 0.0000e+00
     88.000     6.7190   3.359331    33.3706       3284     2.2797     8.2710     8.4616 1.0000e-12 0.0000e+00
     89.000     6.7107   3.358433    33.3683       3306     2.2948     8.2621     8.4527 1.0000e-12 0.0000e+00
     90.000     6.7539   3.362069    33.3658       3329     2.3108     8.2405     8.4392 1.0000e-12 0.0000e+00
     91.000     6.7940   3.366621    33.3765       3358     2.3311     8.2233     8.4400 1.0000e-12 0.0000e+00
     92.000     6.7799   3.365590    33.3784       3394     2.3565     8.2637     8.4675 1.0000e-12 0.0000e+00
     93.000     6.7611   3.363914    33.3777       3424     2.3770     8.2650     8.4967 1.0000e-12 0.0000e+00
     94.000     6.7360   3.361621    33.3764       3445     2.3920     8.2726     8.5072 1.0000e-12 0.0000e+00
     95.000     6.7373   3.361489    33.3732       3466     2.4059     8.2645     8.4886 1.0000e-12 0.0000e+00
     96.000     6.7436   3.362149    33.3739       3490     2.4230     8.2480     8.4599 1.0000e-12 0.0000e+00
     97.000     6.7596   3.363671    33.3745       3526     2.4477     8.2610     8.4271 1.0000e-12 0.0000e+00
     98.000     6.7943   3.367162    33.3787       3558     2.4700     8.2607     8.4217 1.0000e-12 0.0000e+00
     99.000     6.8298   3.370571    33.3812       3581     2.4861     8.2311     8.4502 1.0000e-12 0.0000e+00
    100.000     6.8379   3.371823    33.3866       3602     2.5008     8.2243     8.4779 1.0000e-12 0.0000e+00
    101.000     6.8346   3.371469    33.3854       3627     2.5178     8.2495     8.4986 1.0000e-12 0.0000e+00
    102.000     6.8471   3.372840    33.3878       3659     2.5405     8.2727     8.4991 1.0000e-12 0.0000e+00
    103.000     6.8584   3.374020    33.3893       3692     2.5635     8.3064     8.5056 1.0000e-12 0.0000e+00
    104.000     6.8656   3.374768    33.3901       3718     2.5815     8.2999     8.4984 1.0000e-12 0.0000e+00
    105.000     6.8539   3.373938    33.3919       3741     2.5975     8.3007     8.4837 1.0000e-12 0.0000e+00
    106.000     6.8543   3.374026    33.3919       3765     2.6142     8.2948     8.4690 1.0000e-12 0.0000e+00
    107.000     6.8456   3.373196    33.3907       3793     2.6336     8.3145     8.4761 1.0000e-12 0.0000e+00
    108.000     6.8544   3.373941    33.3899       3824     2.6546     8.3162     8.4817 1.0000e-12 0.0000e+00
    109.000     6.8681   3.375579    33.3941       3851     2.6735     8.2872     8.4834 1.0000e-12 0.0000e+00
    110.000     6.8670   3.375475    33.3936       3875     2.6901     8.2721     8.4851 1.0000e-12 0.0000e+00
    111.000     6.8778   3.376495    33.3937       3899     2.7070     8.2758     8.4779 1.0000e-12 0.0000e+00
    112.000     6.8810   3.376877    33.3944       3928     2.7272     8.2861     8.4869 1.0000e-12 0.0000e+00
    113.000     6.8796   3.376856    33.3950       3959     2.7487     8.2933     8.4892 1.0000e-12 0.0000e+00
    114.000     6.8810   3.377001    33.3947       3986     2.7671     8.2856     8.4794 1.0000e-12 0.0000e+00
    115.000     6.8698   3.376135    33.3956       4010     2.7838     8.2882     8.4744 1.0000e-12 0.0000e+00
    116.000     6.8665   3.375836    33.3951       4035     2.8014     8.2598     8.4786 1.0000e-12 0.0000e+00
    117.000     6.8253   3.371893    33.3913       4063     2.8210     8.2365     8.4835 1.0000e-12 0.0000e+00
    118.000     6.8192   3.371162    33.3887       4092     2.8409     8.2513     8.4667 1.0000e-12 0.0000e+00
    119.000     6.8169   3.370877    33.3873       4117     2.8587     8.2706     8.4616 1.0000e-12 0.0000e+00
    120.000     6.8206   3.371352    33.3884       4143     2.8763     8.2730     8.4769 1.0000e-12 0.0000e+00
    121.000     6.8422   3.373102    33.3862       4171     2.8961     8.2671     8.4674 1.0000e-12 0.0000e+00
    122.000     6.8786   3.377105    33.3943       4199     2.9154     8.2411     8.4821 1.0000e-12 0.0000e+00
    123.000     6.8859   3.377971    33.3963       4224     2.9326     8.2591     8.5055 1.0000e-12 0.0000e+00
    124.000     6.8942   3.379261    33.4019       4995     3.4678     8.2522     8.4659 1.0000e-12 0.0000e+00
    123.000     6.8983   3.379745    33.4037       5444     3.7797     8.2555     8.4784 1.0000e-12 0.0000e+00
    122.000     6.8960   3.379426    33.4029       5475     3.8014     8.2344     8.4729 1.0000e-12 0.0000e+00
    121.000     6.8962   3.379394    33.4029       5503     3.8211     8.2268     8.4701 1.0000e-12 0.0000e+00
    120.000     6.8949   3.379214    33.4027       5527     3.8373     8.2533     8.4731 1.0000e-12 0.0000e+00
    119.000     6.8894   3.378555    33.4012       5549     3.8526     8.2487     8.4695 1.0000e-12 0.0000e+00
    118.000     6.8945   3.379060    33.4023       5574     3.8702     8.2509     8.4662 1.0000e-12 0.0000e+00
    117.000     6.8944   3.379033    33.4026       5605     3.8915     8.2620     8.4700 1.0000e-12 0.0000e+00
    116.000     6.8905   3.378512    33.4011       5633     3.9113     8.2416     8.4839 1.0000e-12 0.0000e+00
    115.000     6.8914   3.378468    33.4003       5656     3.9271     8.2449     8.4904 1.0000e-12 0.0000e+00
    114.000     6.8939   3.378738    33.4013       5676     3.9413     8.2555     8.4939 1.0000e-12 0.0000e+00
    113.000     6.8929   3.378608    33.4013       5698     3.9566     8.2575     8.4914 1.0000e-12 0.0000e+00
    112.000     6.8920   3.378443    33.4009       5729     3.9778     8.2619     8.4785 1.0000e-12 0.0000e+00
    111.000     6.8897   3.378117    33.4000       5766     4.0036     8.2643     8.4787 1.0000e-12 0.0000e+00
    110.000     6.8908   3.378104    33.3993       5792     4.0215     8.2514     8.4850 1.0000e-12 0.0000e+00
    109.000     6.8929   3.378226    33.3990       5812     4.0357     8.2560     8.4916 1.0000e-12 0.0000e+00
    108.000     6.8960   3.378509    33.3997       5832     4.0495     8.2540     8.4819 1.0000e-12 0.0000e+00
    107.000     6.8896   3.378127    33.4022       5856     4.0660     8.2587     8.4817 1.0000e-12 0.0000e+00
    106.000     6.8446   3.373392    33.3944       5888     4.0881     8.2743     8.4994 1.0000e-12 0.0000e+00
    105.000     6.8219   3.371921    33.4007       5920     4.1103     8.2494     8.4742 1.0000e-12 0.0000e+00
    104.000     6.7414   3.363315    33.3849       5944     4.1271     8.2486     8.4821 1.0000e-12 0.0000e+00
    103.000     6.8408   3.372171    33.3862       5966     4.1423     8.2026     8.4218 1.0000e-12 0.0000e+00
