HB2502/ctd173.cnv
* Sea-Bird SBE 9 Data File:
* FileName = C:\cruise\data\ctd173.hex
* Software Version Seasave V 7.26.7.121
* Temperature SN = 4591
* Conductivity SN = 6006
* Number of Bytes Per Scan = 37
* Number of Voltage Words = 4
* Number of Scans Averaged by the Deck Unit = 1
* NMEA Latitude = 41 10.96 N
* NMEA Longitude = 066 54.68 W
* NMEA UTC (Time) = May 03 2025 19:51:10
* NMEA baud rate = 4800
** Ship: Bigelow HB2502
** Program:  Spring Bottom Trawl
** Chief Scientist:Jon Galbraith
# nquan = 10
# nvalues = 128                         
# units = specified
# name 0 = depSM: Depth [salt water, m]
# name 1 = t090C: Temperature [ITS-90, deg C]
# name 2 = c0S/m: Conductivity [S/m]
# name 3 = sal00: Salinity, Practical [PSU]
# name 4 = scan: Scan Count
# name 5 = timeM: Time, Elapsed [minutes]
# name 6 = sbeox0Mg/L: Oxygen, SBE 43 [mg/l]
# name 7 = sbeox1Mg/L: Oxygen, SBE 43, 2 [mg/l]
# name 8 = par: PAR/Irradiance, Biospherical/Licor
# name 9 = flag: flag
# span 0 =      3.000,     67.000       
# span 1 =     6.2630,     6.9704       
# span 2 =   3.230731,   3.284625       
# span 3 =    32.3390,    32.4202       
# span 4 =        129,       4251       
# span 5 =     0.0891,     2.9512       
# span 6 =    10.6082,    10.9954       
# span 7 =    10.8607,    11.2110       
# span 8 = 1.3467e-02, 1.4234e+03       
# span 9 = 0.0000e+00, 0.0000e+00       
# interval = meters: 1                  
# start_time = May 03 2025 19:51:10 [NMEA time, header]
# bad_flag = -9.990e-29
*END*
      4.000     6.9679   3.284173    32.3485        129     0.0891    10.8243    11.0486 1.0736e+03 0.0000e+00
      5.000     6.9674   3.284209    32.3489        202     0.1394    10.8531    11.0437 7.1925e+02 0.0000e+00
      6.000     6.9487   3.282975    32.3526        228     0.1576    10.8723    11.0370 6.5236e+02 0.0000e+00
      7.000     6.9606   3.283612    32.3479        264     0.1825    10.8752    11.0461 6.1541e+02 0.0000e+00
      8.000     6.9704   3.284420    32.3470        290     0.2010    10.8996    11.0729 4.6368e+02 0.0000e+00
      9.000     6.9652   3.284625    32.3536        310     0.2145    10.9020    11.0567 4.1117e+02 0.0000e+00
     10.000     6.9240   3.281417    32.3569        329     0.2280    10.8978    11.0596 3.7560e+02 0.0000e+00
     11.000     6.9501   3.283121    32.3504        354     0.2448    10.8850    11.0510 3.5635e+02 0.0000e+00
     12.000     6.8967   3.279201    32.3574        387     0.2682    10.9158    11.0809 2.7498e+02 0.0000e+00
     13.000     6.7688   3.269970    32.3763        428     0.2965    10.9459    11.0822 2.5617e+02 0.0000e+00
     14.000     6.6692   3.260558    32.3666        455     0.3154    10.9555    11.0933 2.2725e+02 0.0000e+00
     15.000     6.6495   3.259781    32.3762        474     0.3283    10.9288    11.0720 1.6586e+02 0.0000e+00
     16.000     6.5548   3.252524    32.3855        491     0.3404    10.9527    11.0978 1.5003e+02 0.0000e+00
     17.000     6.5198   3.249302    32.3826        515     0.3569    10.9954    11.1119 1.3121e+02 0.0000e+00
     18.000     6.4430   3.243885    32.3951        564     0.3909    10.9900    11.1444 1.1802e+02 0.0000e+00
     19.000     6.3869   3.239941    32.4043        599     0.4150    10.9917    11.1455 1.0833e+02 0.0000e+00
     20.000     6.3652   3.238603    32.4096        618     0.4284    10.9783    11.1156 8.7395e+01 0.0000e+00
     21.000     6.3539   3.237824    32.4112        635     0.4402    10.9501    11.1016 7.3916e+01 0.0000e+00
     22.000     6.3143   3.235164    32.4189        653     0.4526    10.9475    11.1011 6.6850e+01 0.0000e+00
     23.000     6.2949   3.233307    32.4163        690     0.4785    10.9225    11.0715 5.5870e+01 0.0000e+00
     24.000     6.2837   3.232255    32.4148        746     0.5175    10.8382    11.0052 4.8879e+01 0.0000e+00
     25.000     6.2819   3.232240    32.4159        764     0.5300    10.7941    10.9916 4.4891e+01 0.0000e+00
     26.000     6.2706   3.231381    32.4166        780     0.5407    10.7784    10.9822 3.8087e+01 0.0000e+00
     27.000     6.2655   3.231004    32.4168        795     0.5511    10.7909    10.9672 3.1230e+01 0.0000e+00
     28.000     6.2634   3.230731    32.4153        814     0.5646    10.7915    10.9477 2.5754e+01 0.0000e+00
     29.000     6.2655   3.230833    32.4139        854     0.5923    10.7844    10.9571 2.1644e+01 0.0000e+00
     30.000     6.2657   3.230858    32.4135        901     0.6247    10.7643    10.9484 1.8872e+01 0.0000e+00
     31.000     6.2668   3.231088    32.4145        924     0.6409    10.7669    10.9415 1.6405e+01 0.0000e+00
     32.000     6.2676   3.231284    32.4154        943     0.6542    10.7693    10.9321 1.3757e+01 0.0000e+00
     33.000     6.2678   3.231331    32.4153        962     0.6671    10.7657    10.9207 1.1527e+01 0.0000e+00
     34.000     6.2674   3.231292    32.4148        983     0.6820    10.7561    10.9156 9.8542e+00 0.0000e+00
     35.000     6.2731   3.231715    32.4135       1014     0.7036    10.7601    10.9271 8.1329e+00 0.0000e+00
     36.000     6.2684   3.231370    32.4137       1054     0.7310    10.7728    10.9450 7.0967e+00 0.0000e+00
     37.000     6.2672   3.231324    32.4138       1084     0.7519    10.7761    10.9394 6.2128e+00 0.0000e+00
     38.000     6.2683   3.231436    32.4135       1107     0.7682    10.7770    10.9461 5.3040e+00 0.0000e+00
     39.000     6.2699   3.231754    32.4150       1129     0.7833    10.7202    10.9535 4.5817e+00 0.0000e+00
     40.000     6.2669   3.231700    32.4168       1152     0.7991    10.7018    10.9643 3.8815e+00 0.0000e+00
     41.000     6.2673   3.231739    32.4164       1178     0.8173    10.7432    10.9463 3.2407e+00 0.0000e+00
     42.000     6.2645   3.231688    32.4181       1207     0.8376    10.7609    10.9223 2.7512e+00 0.0000e+00
     43.000     6.2632   3.231644    32.4182       1237     0.8585    10.7464    10.8975 2.3707e+00 0.0000e+00
     44.000     6.2638   3.231715    32.4180       1269     0.8807    10.7193    10.9019 2.0417e+00 0.0000e+00
     45.000     6.2645   3.231791    32.4177       1299     0.9012    10.7257    10.9113 1.7312e+00 0.0000e+00
     46.000     6.2646   3.231819    32.4174       1321     0.9166    10.7238    10.9031 1.4796e+00 0.0000e+00
     47.000     6.2644   3.231877    32.4178       1340     0.9298    10.7103    10.8936 1.2659e+00 0.0000e+00
     48.000     6.2642   3.231921    32.4180       1362     0.9449    10.6825    10.8975 1.0544e+00 0.0000e+00
     49.000     6.2641   3.231941    32.4178       1402     0.9732    10.6968    10.8855 8.8716e-01 0.0000e+00
     50.000     6.2638   3.232010    32.4184       1440     0.9996    10.7078    10.8978 7.6068e-01 0.0000e+00
     51.000     6.2641   3.232042    32.4179       1463     1.0151    10.6814    10.9152 6.4230e-01 0.0000e+00
     52.000     6.2643   3.232093    32.4178       1481     1.0279    10.6926    10.9151 5.4285e-01 0.0000e+00
     53.000     6.2637   3.232138    32.4185       1499     1.0405    10.7126    10.9066 4.4870e-01 0.0000e+00
     54.000     6.2637   3.232129    32.4179       1523     1.0567    10.7134    10.8978 3.7708e-01 0.0000e+00
     55.000     6.2636   3.232141    32.4176       1568     1.0885    10.6965    10.9149 3.1809e-01 0.0000e+00
     56.000     6.2634   3.232193    32.4179       1610     1.1176    10.6923    10.9135 2.6922e-01 0.0000e+00
     57.000     6.2635   3.232261    32.4180       1632     1.1325    10.6896    10.9011 2.2377e-01 0.0000e+00
     58.000     6.2642   3.232384    32.4183       1649     1.1448    10.6638    10.8879 1.7642e-01 0.0000e+00
     59.000     6.2643   3.232487    32.4188       1666     1.1561    10.6724    10.8832 1.4469e-01 0.0000e+00
     60.000     6.2641   3.232551    32.4192       1684     1.1688    10.6823    10.8788 1.1435e-01 0.0000e+00
     61.000     6.2642   3.232585    32.4190       1730     1.2004    10.6995    10.8867 9.4671e-02 0.0000e+00
     62.000     6.2643   3.232657    32.4192       1780     1.2356    10.6957    10.8912 7.3808e-02 0.0000e+00
     63.000     6.2645   3.232698    32.4190       1798     1.2481    10.6686    10.8912 5.9148e-02 0.0000e+00
     64.000     6.2645   3.232752    32.4192       1814     1.2591    10.6708    10.8835 3.8352e-02 0.0000e+00
     65.000     6.2645   3.232767    32.4188       1831     1.2705    10.6753    10.8730 3.5081e-02 0.0000e+00
     66.000     6.2645   3.232807    32.4188       1854     1.2870    10.6715    10.8788 1.7526e-02 0.0000e+00
     67.000     6.2647   3.232980    32.4201       2004     1.3909    10.7037    10.8948 1.3467e-02 0.0000e+00
     66.000     6.2651   3.232984    32.4202       2276     1.5796    10.6669    10.8892 1.6768e-02 0.0000e+00
     65.000     6.2648   3.232916    32.4202       2438     1.6926    10.6713    10.8798 2.8696e-02 0.0000e+00
     64.000     6.2644   3.232694    32.4186       2454     1.7036    10.6449    10.8626 3.5735e-02 0.0000e+00
     63.000     6.2642   3.232631    32.4185       2472     1.7161    10.6153    10.8607 4.8957e-02 0.0000e+00
     62.000     6.2641   3.232588    32.4187       2497     1.7334    10.6083    10.8890 6.8660e-02 0.0000e+00
     61.000     6.2640   3.232493    32.4182       2536     1.7604    10.6451    10.9040 9.5946e-02 0.0000e+00
     60.000     6.2640   3.232430    32.4180       2568     1.7829    10.6928    10.8929 1.1881e-01 0.0000e+00
     59.000     6.2641   3.232416    32.4182       2591     1.7989    10.6985    10.8783 1.4924e-01 0.0000e+00
     58.000     6.2640   3.232312    32.4177       2613     1.8141    10.6857    10.8819 1.7435e-01 0.0000e+00
     57.000     6.2641   3.232291    32.4178       2636     1.8297    10.6564    10.8980 2.1594e-01 0.0000e+00
     56.000     6.2639   3.232270    32.4182       2657     1.8447    10.6374    10.8977 2.5987e-01 0.0000e+00
     55.000     6.2635   3.232139    32.4177       2679     1.8599    10.6082    10.8906 3.0871e-01 0.0000e+00
     54.000     6.2637   3.232104    32.4176       2706     1.8785    10.6247    10.9009 3.7320e-01 0.0000e+00
     53.000     6.2643   3.232062    32.4170       2743     1.9041    10.6647    10.9085 4.4269e-01 0.0000e+00
     52.000     6.2651   3.232034    32.4164       2777     1.9274    10.7097    10.9181 5.2090e-01 0.0000e+00
     51.000     6.2653   3.232012    32.4165       2799     1.9430    10.7067    10.9048 6.0813e-01 0.0000e+00
     50.000     6.2660   3.231996    32.4161       2818     1.9560    10.6928    10.8982 7.0274e-01 0.0000e+00
     49.000     6.2657   3.231954    32.4165       2836     1.9690    10.6798    10.8855 8.3173e-01 0.0000e+00
     48.000     6.2648   3.231875    32.4169       2859     1.9848    10.6354    10.8955 9.9087e-01 0.0000e+00
     47.000     6.2634   3.231742    32.4173       2894     2.0093    10.6585    10.8994 1.1854e+00 0.0000e+00
     46.000     6.2637   3.231709    32.4171       2937     2.0387    10.7259    10.9006 1.3932e+00 0.0000e+00
     45.000     6.2635   3.231662    32.4173       2962     2.0559    10.6959    10.8950 1.6062e+00 0.0000e+00
     44.000     6.2638   3.231635    32.4172       2981     2.0691    10.6977    10.8856 1.8623e+00 0.0000e+00
     43.000     6.2633   3.231534    32.4169       2998     2.0813    10.6940    10.8988 2.1717e+00 0.0000e+00
     42.000     6.2634   3.231491    32.4169       3018     2.0948    10.6612    10.9139 2.5588e+00 0.0000e+00
     41.000     6.2630   3.231445    32.4172       3047     2.1152    10.6414    10.9256 3.1154e+00 0.0000e+00
     40.000     6.2633   3.231422    32.4172       3093     2.1469    10.6843    10.9163 3.6994e+00 0.0000e+00
     39.000     6.2639   3.231422    32.4171       3122     2.1671    10.6947    10.8852 4.1995e+00 0.0000e+00
     38.000     6.2643   3.231374    32.4167       3142     2.1812    10.7007    10.8888 4.8909e+00 0.0000e+00
     37.000     6.2658   3.231440    32.4164       3162     2.1953    10.6629    10.9226 5.8166e+00 0.0000e+00
     36.000     6.2678   3.231500    32.4157       3187     2.2123    10.6218    10.9390 6.9547e+00 0.0000e+00
     35.000     6.2679   3.231468    32.4158       3214     2.2311    10.6335    10.9310 7.9884e+00 0.0000e+00
     34.000     6.2664   3.231317    32.4160       3241     2.2500    10.6528    10.9358 9.1662e+00 0.0000e+00
     33.000     6.2675   3.231356    32.4159       3275     2.2737    10.6919    10.9533 1.1179e+01 0.0000e+00
     32.000     6.2686   3.231351    32.4152       3310     2.2981    10.7310    10.9474 1.2614e+01 0.0000e+00
     31.000     6.2685   3.231277    32.4150       3332     2.3134    10.7162    10.9085 1.4400e+01 0.0000e+00
     30.000     6.2672   3.231130    32.4151       3351     2.3264    10.7157    10.8936 1.6801e+01 0.0000e+00
     29.000     6.2673   3.231068    32.4148       3370     2.3398    10.7209    10.9195 2.0236e+01 0.0000e+00
     28.000     6.2676   3.231052    32.4148       3395     2.3572    10.7042    10.9472 2.4694e+01 0.0000e+00
     27.000     6.2688   3.231002    32.4136       3435     2.3849    10.7030    10.9410 2.8354e+01 0.0000e+00
     26.000     6.2688   3.231012    32.4142       3479     2.4152    10.7354    10.9584 3.3068e+01 0.0000e+00
     25.000     6.2690   3.230944    32.4138       3502     2.4311    10.7310    10.9444 3.8184e+01 0.0000e+00
     24.000     6.2749   3.231047    32.4098       3519     2.4429    10.7380    10.9491 4.2399e+01 0.0000e+00
     23.000     6.2950   3.232261    32.4046       3535     2.4539    10.7168    10.9601 5.0947e+01 0.0000e+00
     22.000     6.3101   3.233577    32.4053       3553     2.4664    10.6738    10.9688 5.8436e+01 0.0000e+00
     21.000     6.3150   3.234052    32.4064       3588     2.4911    10.7110    11.0097 7.2440e+01 0.0000e+00
     20.000     6.3302   3.235174    32.4048       3646     2.5313    10.9212    11.0586 8.2379e+01 0.0000e+00
     19.000     6.3373   3.235359    32.4006       3665     2.5446    10.9160    11.0721 9.4493e+01 0.0000e+00
     18.000     6.3858   3.238187    32.3863       3682     2.5561    10.8865    11.0777 1.0814e+02 0.0000e+00
     17.000     6.4260   3.240785    32.3775       3699     2.5678    10.8505    11.0791 1.1925e+02 0.0000e+00
     16.000     6.4927   3.245279    32.3643       3720     2.5829    10.7907    11.1000 1.6702e+02 0.0000e+00
     15.000     6.5467   3.249352    32.3585       3754     2.6063    10.8529    11.1707 1.6317e+02 0.0000e+00
     14.000     6.6167   3.254591    32.3506       3789     2.6308    10.9495    11.2034 1.9993e+02 0.0000e+00
     13.000     6.7074   3.261464    32.3410       3816     2.6495    10.9448    11.1958 2.3375e+02 0.0000e+00
     12.000     6.8060   3.269744    32.3393       3842     2.6676    10.8868    11.1959 2.5157e+02 0.0000e+00
     11.000     6.8585   3.274205    32.3391       3868     2.6851    10.9111    11.2110 3.5167e+02 0.0000e+00
     10.000     6.8898   3.276842    32.3390       3893     2.7026    10.9391    11.1834 3.2357e+02 0.0000e+00
      9.000     6.9181   3.279469    32.3416       3923     2.7237    10.8956    11.1571 4.1265e+02 0.0000e+00
      8.000     6.9185   3.279739    32.3447       3959     2.7488    10.8647    11.1515 5.3505e+02 0.0000e+00
      7.000     6.9118   3.279219    32.3458       3987     2.7682    10.8925    11.1197 6.7916e+02 0.0000e+00
      6.000     6.9089   3.279034    32.3470       4012     2.7853    10.8721    11.0880 7.5155e+02 0.0000e+00
      5.000     6.9103   3.279154    32.3474       4039     2.8044    10.8483    11.0948 9.3386e+02 0.0000e+00
      4.000     6.9270   3.280570    32.3476       4076     2.8297    10.8881    11.1080 1.0723e+03 0.0000e+00
      3.000     6.9352   3.281357    32.3490       4251     2.9512    10.8737    11.0959 1.4234e+03 0.0000e+00
