HB2502/ctd187.cnv
* Sea-Bird SBE 9 Data File:
* FileName = C:\cruise\data\ctd187.hex
* Software Version Seasave V 7.26.7.121
* Temperature SN = 4591
* Conductivity SN = 6006
* Number of Bytes Per Scan = 37
* Number of Voltage Words = 4
* Number of Scans Averaged by the Deck Unit = 1
* NMEA Latitude = 42 39.96 N
* NMEA Longitude = 067 04.58 W
* NMEA UTC (Time) = May 07 2025 06:30:50
* NMEA baud rate = 4800
** Ship: Bigelow HB2502
** Program:  Spring Bottom Trawl
** Chief Scientist:Jon Galbraith
# nquan = 10
# nvalues = 530                         
# units = specified
# name 0 = depSM: Depth [salt water, m]
# name 1 = t090C: Temperature [ITS-90, deg C]
# name 2 = c0S/m: Conductivity [S/m]
# name 3 = sal00: Salinity, Practical [PSU]
# name 4 = scan: Scan Count
# name 5 = timeM: Time, Elapsed [minutes]
# name 6 = sbeox0Mg/L: Oxygen, SBE 43 [mg/l]
# name 7 = sbeox1Mg/L: Oxygen, SBE 43, 2 [mg/l]
# name 8 = par: PAR/Irradiance, Biospherical/Licor
# name 9 = flag: flag
# span 0 =      2.000,    267.000       
# span 1 =     5.0924,     8.2857       
# span 2 =   3.158061,   3.653001       
# span 3 =    32.1473,    34.9872       
# span 4 =       -142,      16323       
# span 5 =    -0.0993,    11.3348       
# span 6 =     5.6154,    10.2553       
# span 7 =     5.7722,    10.4778       
# span 8 = 1.0000e-12, 1.2749e+01       
# span 9 = 0.0000e+00, 0.0000e+00       
# interval = meters: 1                  
# start_time = May 07 2025 06:30:50 [NMEA time, header]
# bad_flag = -9.990e-29
*END*
      3.000     7.3208   3.297738    32.1664       -142    -0.0993     9.9696    10.2803 8.8878e+00 0.0000e+00
      4.000     7.3193   3.297705    32.1669        711     0.4933    10.0951    10.3169 8.3738e+00 0.0000e+00
      5.000     7.3202   3.297856    32.1673        766     0.5316    10.0753    10.3071 6.0112e+00 0.0000e+00
      6.000     7.3200   3.297901    32.1675        777     0.5390    10.0403    10.2920 4.5221e+00 0.0000e+00
      7.000     7.3209   3.298008    32.1673        798     0.5535    10.0588    10.2823 3.8457e+00 0.0000e+00
      8.000     7.3206   3.298048    32.1675        822     0.5698    10.0954    10.2833 2.7684e+00 0.0000e+00
      9.000     7.3207   3.298090    32.1674        850     0.5895    10.0746    10.2914 2.2075e+00 0.0000e+00
     10.000     7.3202   3.298096    32.1675        881     0.6114    10.0672    10.3109 2.0485e+00 0.0000e+00
     11.000     7.3199   3.298123    32.1676        911     0.6317    10.0881    10.2854 1.5973e+00 0.0000e+00
     12.000     7.3145   3.297787    32.1685        936     0.6495    10.1032    10.2923 1.3102e+00 0.0000e+00
     13.000     7.3137   3.297707    32.1679        960     0.6660    10.0992    10.2893 1.0368e+00 0.0000e+00
     14.000     7.3143   3.297800    32.1679        984     0.6827    10.0853    10.2801 7.8545e-01 0.0000e+00
     15.000     7.3066   3.297288    32.1690       1012     0.7019    10.0847    10.2869 6.6735e-01 0.0000e+00
     16.000     7.3043   3.297072    32.1684       1042     0.7229    10.0885    10.2967 5.0857e-01 0.0000e+00
     17.000     7.3050   3.297154    32.1682       1069     0.7415    10.1048    10.2949 4.7763e-01 0.0000e+00
     18.000     7.3042   3.297143    32.1684       1092     0.7577    10.0889    10.2965 3.6879e-01 0.0000e+00
     19.000     7.3025   3.297097    32.1689       1116     0.7741    10.0769    10.3151 3.3252e-01 0.0000e+00
     20.000     7.2872   3.296052    32.1714       1143     0.7929    10.0845    10.3180 2.5318e-01 0.0000e+00
     21.000     7.2449   3.292916    32.1764       1174     0.8148    10.1131    10.3044 2.1904e-01 0.0000e+00
     22.000     7.2184   3.290663    32.1761       1205     0.8360    10.0998    10.2987 1.4932e-01 0.0000e+00
     23.000     7.2082   3.289933    32.1772       1231     0.8542    10.0969    10.3153 1.4350e-01 0.0000e+00
     24.000     7.1662   3.287437    32.1888       1256     0.8714    10.1347    10.3373 1.0036e-01 0.0000e+00
     25.000     7.0547   3.279002    32.2008       1279     0.8878    10.1522    10.3268 8.0008e-02 0.0000e+00
     26.000     7.0157   3.275741    32.2013       1301     0.9025    10.1287    10.2830 6.4382e-02 0.0000e+00
     27.000     6.9904   3.273842    32.2038       1321     0.9168    10.1121    10.2825 4.6508e-02 0.0000e+00
     28.000     6.9750   3.272314    32.2011       1352     0.9384    10.1301    10.3096 3.3995e-02 0.0000e+00
     29.000     6.9583   3.270898    32.2008       1403     0.9734    10.0992    10.3276 2.3524e-02 0.0000e+00
     30.000     6.8864   3.266202    32.2164       1428     0.9909    10.1189    10.3608 1.5258e-02 0.0000e+00
     31.000     6.8070   3.262174    32.2463       1445     1.0029    10.1433    10.3535 7.6828e-03 0.0000e+00
     32.000     6.5663   3.244592    32.2794       1460     1.0132    10.1928    10.3731 2.8400e-03 0.0000e+00
     33.000     6.4598   3.236398    32.2891       1475     1.0236    10.1910    10.3437 9.8077e-05 0.0000e+00
     34.000     6.4015   3.230651    32.2803       1503     1.0430    10.1348    10.2443 1.0000e-12 0.0000e+00
     35.000     6.3308   3.225233    32.2868       1567     1.0876    10.1552    10.4008 1.0000e-12 0.0000e+00
     36.000     6.2060   3.216816    32.3113       1588     1.1023    10.2203    10.4075 1.0000e-12 0.0000e+00
     37.000     6.1472   3.212686    32.3207       1606     1.1146    10.2045    10.3571 1.0000e-12 0.0000e+00
     38.000     6.1236   3.210803    32.3218       1623     1.1265    10.1876    10.3171 1.0000e-12 0.0000e+00
     39.000     6.1052   3.209607    32.3254       1642     1.1397    10.1807    10.3079 1.0000e-12 0.0000e+00
     40.000     6.0039   3.203396    32.3522       1666     1.1560    10.1857    10.3232 1.0000e-12 0.0000e+00
     41.000     5.8967   3.195990    32.3713       1697     1.1777    10.1349    10.2998 1.0000e-12 0.0000e+00
     42.000     5.7796   3.188037    32.3937       1737     1.2057    10.0869    10.2851 1.0000e-12 0.0000e+00
     43.000     5.7128   3.183535    32.4067       1770     1.2284    10.0908    10.2785 1.0000e-12 0.0000e+00
     44.000     5.6750   3.182820    32.4345       1793     1.2442    10.0564    10.2721 1.0000e-12 0.0000e+00
     45.000     5.5481   3.175633    32.4752       1813     1.2581    10.0996    10.3225 1.0000e-12 0.0000e+00
     46.000     5.4689   3.180397    32.6055       1833     1.2725    10.1447    10.3413 1.0000e-12 0.0000e+00
     47.000     5.3084   3.170916    32.6533       1858     1.2898    10.2312    10.3736 1.0000e-12 0.0000e+00
     48.000     5.2206   3.165063    32.6716       1889     1.3113    10.2553    10.3635 1.0000e-12 0.0000e+00
     49.000     5.1803   3.162315    32.6791       1922     1.3338    10.1040    10.2266 1.0000e-12 0.0000e+00
     50.000     5.1584   3.162370    32.7007       1948     1.3517     9.9142    10.0737 1.0000e-12 0.0000e+00
     51.000     5.0945   3.159745    32.7327       1969     1.3666     9.8120     9.9802 1.0000e-12 0.0000e+00
     52.000     5.0950   3.160471    32.7401       1991     1.3820     9.7139     9.8777 1.0000e-12 0.0000e+00
     53.000     5.1233   3.165910    32.7741       2020     1.4020     9.5972     9.7249 1.0000e-12 0.0000e+00
     54.000     5.1286   3.167147    32.7826       2056     1.4269     9.3802     9.5345 1.0000e-12 0.0000e+00
     55.000     5.1323   3.167624    32.7839       2084     1.4466     9.2108     9.3745 1.0000e-12 0.0000e+00
     56.000     5.1560   3.170847    32.7971       2106     1.4615     9.1024     9.2857 1.0000e-12 0.0000e+00
     57.000     5.1808   3.174632    32.8155       2126     1.4755     9.0714     9.2761 1.0000e-12 0.0000e+00
     58.000     5.2324   3.182423    32.8535       2149     1.4916     9.0734     9.2897 1.0000e-12 0.0000e+00
     59.000     5.2548   3.186462    32.8771       2181     1.5142     9.0322     9.2472 1.0000e-12 0.0000e+00
     60.000     5.2625   3.187632    32.8824       2216     1.5384     8.9207     9.0754 1.0000e-12 0.0000e+00
     61.000     5.2636   3.187846    32.8833       2241     1.5552     8.8281     8.9835 1.0000e-12 0.0000e+00
     62.000     5.2650   3.188095    32.8842       2260     1.5689     8.7915     8.9570 1.0000e-12 0.0000e+00
     63.000     5.2674   3.188458    32.8855       2281     1.5835     8.7735     8.9530 1.0000e-12 0.0000e+00
     64.000     5.2684   3.188624    32.8860       2310     1.6037     8.7865     8.9691 1.0000e-12 0.0000e+00
     65.000     5.2712   3.188985    32.8868       2352     1.6323     8.7918     8.9774 1.0000e-12 0.0000e+00
     66.000     5.2756   3.189595    32.8889       2380     1.6520     8.7744     8.9636 1.0000e-12 0.0000e+00
     67.000     5.2818   3.190304    32.8905       2400     1.6660     8.7682     8.9627 1.0000e-12 0.0000e+00
     68.000     5.3882   3.202562    32.9252       2418     1.6788     8.7404     8.9409 1.0000e-12 0.0000e+00
     69.000     5.4534   3.213741    32.9879       2439     1.6928     8.7306     8.9322 1.0000e-12 0.0000e+00
     70.000     5.4763   3.217347    33.0059       2464     1.7103     8.7391     8.9241 1.0000e-12 0.0000e+00
     71.000     5.5011   3.220935    33.0217       2498     1.7341     8.5607     8.6822 1.0000e-12 0.0000e+00
     72.000     5.5409   3.226167    33.0416       2536     1.7605     8.3260     8.5105 1.0000e-12 0.0000e+00
     73.000     5.5799   3.231303    33.0610       2564     1.7802     8.2887     8.4749 1.0000e-12 0.0000e+00
     74.000     5.6038   3.234515    33.0734       2586     1.7950     8.2786     8.4707 1.0000e-12 0.0000e+00
     75.000     5.6549   3.240306    33.0883       2604     1.8080     8.2451     8.4427 1.0000e-12 0.0000e+00
     76.000     5.7855   3.256855    33.1464       2624     1.8214     8.1968     8.3871 1.0000e-12 0.0000e+00
     77.000     5.9473   3.278692    33.2329       2652     1.8407     8.1562     8.3477 1.0000e-12 0.0000e+00
     78.000     5.9888   3.285151    33.2643       2693     1.8692     8.0478     8.1871 1.0000e-12 0.0000e+00
     79.000     6.0214   3.289268    33.2779       2721     1.8892     7.8355     7.9934 1.0000e-12 0.0000e+00
     80.000     6.0607   3.294269    33.2950       2742     1.9033     7.7435     7.9347 1.0000e-12 0.0000e+00
     81.000     6.0917   3.299136    33.3186       2761     1.9164     7.7125     7.9197 1.0000e-12 0.0000e+00
     82.000     6.1169   3.302719    33.3335       2782     1.9312     7.7152     7.9130 1.0000e-12 0.0000e+00
     83.000     6.1429   3.307023    33.3556       2817     1.9553     7.6943     7.8714 1.0000e-12 0.0000e+00
     84.000     6.1497   3.308216    33.3617       2857     1.9831     7.6313     7.8339 1.0000e-12 0.0000e+00
     85.000     6.1568   3.309157    33.3648       2879     1.9988     7.6173     7.8138 1.0000e-12 0.0000e+00
     86.000     6.1992   3.313759    33.3741       2898     2.0118     7.6083     7.7986 1.0000e-12 0.0000e+00
     87.000     6.2637   3.323224    33.4159       2918     2.0256     7.6075     7.7889 1.0000e-12 0.0000e+00
     88.000     6.2841   3.326525    33.4322       2945     2.0447     7.6151     7.8065 1.0000e-12 0.0000e+00
     89.000     6.3230   3.331850    33.4529       2981     2.0695     7.5883     7.7456 1.0000e-12 0.0000e+00
     90.000     6.3587   3.336469    33.4687       3010     2.0895     7.5312     7.6914 1.0000e-12 0.0000e+00
     91.000     6.3825   3.340251    33.4869       3034     2.1061     7.4833     7.6749 1.0000e-12 0.0000e+00
     92.000     6.3880   3.341130    33.4907       3059     2.1235     7.4798     7.6633 1.0000e-12 0.0000e+00
     93.000     6.4085   3.343844    33.5003       3086     2.1427     7.4453     7.6238 1.0000e-12 0.0000e+00
     94.000     6.4545   3.350233    33.5256       3114     2.1616     7.4052     7.6002 1.0000e-12 0.0000e+00
     95.000     6.4927   3.356058    33.5523       3137     2.1779     7.3913     7.5940 1.0000e-12 0.0000e+00
     96.000     6.5204   3.360151    33.5700       3159     2.1931     7.3890     7.5720 1.0000e-12 0.0000e+00
     97.000     6.5850   3.369300    33.6074       3183     2.2099     7.3611     7.5145 1.0000e-12 0.0000e+00
     98.000     6.6454   3.379020    33.6551       3215     2.2322     7.2981     7.4505 1.0000e-12 0.0000e+00
     99.000     6.6982   3.386678    33.6874       3253     2.2584     7.2026     7.3356 1.0000e-12 0.0000e+00
    100.000     6.7351   3.391848    33.7077       3281     2.2778     7.1127     7.2569 1.0000e-12 0.0000e+00
    101.000     6.8048   3.400391    33.7327       3302     2.2922     7.0643     7.2392 1.0000e-12 0.0000e+00
    102.000     6.8527   3.408765    33.7775       3320     2.3052     7.0492     7.2345 1.0000e-12 0.0000e+00
    103.000     6.8676   3.411683    33.7944       3342     2.3201     7.0650     7.2508 1.0000e-12 0.0000e+00
    104.000     6.8723   3.413240    33.8064       3372     2.3409     7.0573     7.2319 1.0000e-12 0.0000e+00
    105.000     6.8724   3.413792    33.8119       3405     2.3638     7.0205     7.1724 1.0000e-12 0.0000e+00
    106.000     6.8716   3.414571    33.8207       3432     2.3828     6.9834     7.1422 1.0000e-12 0.0000e+00
    107.000     6.8636   3.414442    33.8268       3456     2.3991     6.9821     7.1408 1.0000e-12 0.0000e+00
    108.000     6.8651   3.414903    33.8298       3478     2.4148     6.9689     7.1298 1.0000e-12 0.0000e+00
    109.000     6.8672   3.415406    33.8328       3504     2.4324     6.9524     7.1018 1.0000e-12 0.0000e+00
    110.000     6.8770   3.417103    33.8413       3537     2.4553     6.9220     7.0736 1.0000e-12 0.0000e+00
    111.000     6.8863   3.419287    33.8557       3571     2.4789     6.9019     7.0716 1.0000e-12 0.0000e+00
    112.000     6.8912   3.420505    33.8637       3595     2.4957     6.9002     7.0508 1.0000e-12 0.0000e+00
    113.000     6.9050   3.422890    33.8759       3614     2.5092     6.8874     7.0301 1.0000e-12 0.0000e+00
    114.000     6.9109   3.424144    33.8834       3634     2.5227     6.8608     7.0182 1.0000e-12 0.0000e+00
    115.000     6.9168   3.425602    33.8930       3658     2.5396     6.8471     7.0078 1.0000e-12 0.0000e+00
    116.000     6.9272   3.427358    33.9016       3692     2.5634     6.8121     6.9849 1.0000e-12 0.0000e+00
    117.000     6.9605   3.433210    33.9326       3727     2.5872     6.7910     6.9639 1.0000e-12 0.0000e+00
    118.000     6.9827   3.437408    33.9563       3752     2.6047     6.7656     6.9563 1.0000e-12 0.0000e+00
    119.000     6.9867   3.438488    33.9637       3774     2.6200     6.7631     6.9388 1.0000e-12 0.0000e+00
    120.000     6.9859   3.438448    33.9635       3798     2.6370     6.7543     6.8988 1.0000e-12 0.0000e+00
    121.000     6.9861   3.439082    33.9698       3826     2.6561     6.7379     6.8689 1.0000e-12 0.0000e+00
    122.000     6.9939   3.440717    33.9796       3851     2.6737     6.7200     6.8679 1.0000e-12 0.0000e+00
    123.000     7.0026   3.442058    33.9852       3874     2.6894     6.7086     6.8731 1.0000e-12 0.0000e+00
    124.000     7.0288   3.445822    34.0001       3899     2.7069     6.7037     6.8663 1.0000e-12 0.0000e+00
    125.000     7.0509   3.449479    34.0179       3934     2.7312     6.6964     6.8579 1.0000e-12 0.0000e+00
    126.000     7.0728   3.452483    34.0287       3968     2.7547     6.6895     6.8439 1.0000e-12 0.0000e+00
    127.000     7.0839   3.454291    34.0371       3992     2.7716     6.6709     6.8449 1.0000e-12 0.0000e+00
    128.000     7.0874   3.454874    34.0395       4013     2.7864     6.6611     6.8438 1.0000e-12 0.0000e+00
    129.000     7.0898   3.455159    34.0397       4035     2.8012     6.6460     6.8342 1.0000e-12 0.0000e+00
    130.000     7.1103   3.458206    34.0524       4058     2.8174     6.6509     6.8234 1.0000e-12 0.0000e+00
    131.000     7.1162   3.459353    34.0586       4086     2.8368     6.6537     6.8187 1.0000e-12 0.0000e+00
    132.000     7.1190   3.459899    34.0614       4121     2.8613     6.6289     6.8052 1.0000e-12 0.0000e+00
    133.000     7.1236   3.460609    34.0641       4153     2.8833     6.6245     6.7913 1.0000e-12 0.0000e+00
    134.000     7.1285   3.461382    34.0672       4176     2.8990     6.6191     6.7958 1.0000e-12 0.0000e+00
    135.000     7.1300   3.461704    34.0688       4195     2.9124     6.6378     6.8009 1.0000e-12 0.0000e+00
    136.000     7.1314   3.461917    34.0693       4216     2.9269     6.6539     6.7964 1.0000e-12 0.0000e+00
    137.000     7.1509   3.464736    34.0803       4248     2.9494     6.6425     6.7695 1.0000e-12 0.0000e+00
    138.000     7.2161   3.475794    34.1362       4290     2.9786     6.5963     6.7706 1.0000e-12 0.0000e+00
    139.000     7.2401   3.479525    34.1527       4314     2.9950     6.5961     6.7802 1.0000e-12 0.0000e+00
    140.000     7.2905   3.487375    34.1881       4331     3.0073     6.5881     6.7498 1.0000e-12 0.0000e+00
    141.000     7.3161   3.491181    34.2038       4348     3.0188     6.5741     6.7242 1.0000e-12 0.0000e+00
    142.000     7.3308   3.493514    34.2142       4368     3.0328     6.5486     6.6971 1.0000e-12 0.0000e+00
    143.000     7.3605   3.498642    34.2402       4410     3.0615     6.5087     6.6495 1.0000e-12 0.0000e+00
    144.000     7.6875   3.531942    34.2779       4452     3.0908     6.4408     6.5904 1.0000e-12 0.0000e+00
    145.000     7.9256   3.562835    34.3759       4473     3.1054     6.3905     6.5980 1.0000e-12 0.0000e+00
    146.000     7.9313   3.564941    34.3925       4491     3.1183     6.4297     6.6736 1.0000e-12 0.0000e+00
