HB2502/ctd100.cnv
* Sea-Bird SBE 9 Data File:
* FileName = C:\cruise\data\ctd100.hex
* Software Version Seasave V 7.26.7.121
* Temperature SN = 6768
* Conductivity SN = 6166
* Number of Bytes Per Scan = 37
* Number of Voltage Words = 4
* Number of Scans Averaged by the Deck Unit = 1
* NMEA Latitude = 41 05.69 N
* NMEA Longitude = 071 37.47 W
* NMEA UTC (Time) = Mar 23 2025 00:38:35
* NMEA baud rate = 4800
** Ship: Bigelow HB2502
** Program:  Spring Bottom Trawl
** Chief Scientist:Jon Galbraith
# nquan = 7
# nvalues = 55                          
# units = specified
# name 0 = depSM: Depth [salt water, m]
# name 1 = t090C: Temperature [ITS-90, deg C]
# name 2 = c0S/m: Conductivity [S/m]
# name 3 = sal00: Salinity, Practical [PSU]
# name 4 = scan: Scan Count
# name 5 = timeM: Time, Elapsed [minutes]
# name 6 = flag: flag
# span 0 =      3.000,     30.000       
# span 1 =     5.5619,     5.9284       
# span 2 =   3.121228,   3.213052       
# span 3 =    31.8538,    32.5382       
# span 4 =        207,       2900       
# span 5 =     0.1430,     2.0131       
# span 6 = 0.0000e+00, 0.0000e+00       
# interval = meters: 1                  
# start_time = Mar 23 2025 00:38:35 [NMEA time, header]
# bad_flag = -9.990e-29
*END*
      3.000     5.5870   3.145808    32.1212        207     0.1430 0.0000e+00
      4.000     5.5653   3.126016    31.9177        351     0.2433 0.0000e+00
      5.000     5.5649   3.124193    31.8970        382     0.2643 0.0000e+00
      6.000     5.5637   3.122121    31.8743        413     0.2859 0.0000e+00
      7.000     5.5619   3.121441    31.8678        445     0.3086 0.0000e+00
      8.000     5.5624   3.121228    31.8644        479     0.3319 0.0000e+00
      9.000     5.5658   3.122041    31.8699        518     0.3587 0.0000e+00
     10.000     5.5728   3.122184    31.8643        554     0.3840 0.0000e+00
     11.000     5.5781   3.123003    31.8681        584     0.4049 0.0000e+00
     12.000     5.5945   3.124646    31.8707        614     0.4254 0.0000e+00
     13.000     5.6402   3.127034    31.8538        651     0.4511 0.0000e+00
     14.000     5.6945   3.132119    31.8592        691     0.4792 0.0000e+00
     15.000     5.7422   3.150262    32.0177        721     0.5000 0.0000e+00
     16.000     5.7681   3.164793    32.1560        745     0.5167 0.0000e+00
     17.000     5.7904   3.170852    32.2024        770     0.5341 0.0000e+00
     18.000     5.8284   3.166403    32.1158        809     0.5608 0.0000e+00
     19.000     5.8483   3.160732    32.0326        862     0.5978 0.0000e+00
     20.000     5.8692   3.174336    32.1649        896     0.6216 0.0000e+00
     21.000     5.8863   3.178053    32.1898        934     0.6482 0.0000e+00
     22.000     5.8964   3.178798    32.1881        975     0.6767 0.0000e+00
     23.000     5.9011   3.189331    32.3012       1009     0.6998 0.0000e+00
     24.000     5.9058   3.194366    32.3527       1042     0.7232 0.0000e+00
     25.000     5.9145   3.194396    32.3442       1086     0.7537 0.0000e+00
     26.000     5.9223   3.199957    32.3986       1130     0.7840 0.0000e+00
     27.000     5.9260   3.205886    32.4611       1167     0.8097 0.0000e+00
     28.000     5.9277   3.209985    32.5049       1202     0.8338 0.0000e+00
     29.000     5.9284   3.213052    32.5382       1236     0.8575 0.0000e+00
     30.000     5.9080   3.195815    32.3639       1616     1.1218 0.0000e+00
     29.000     5.8696   3.197540    32.4206       2171     1.5070 0.0000e+00
     28.000     5.8454   3.201318    32.4867       2122     1.4730 0.0000e+00
     27.000     5.8696   3.202742    32.4800       2149     1.4913 0.0000e+00
     26.000     5.8525   3.204133    32.5125       2174     1.5091 0.0000e+00
     25.000     5.8557   3.204924    32.5189       2199     1.5266 0.0000e+00
     24.000     5.8900   3.205665    32.4947       2226     1.5451 0.0000e+00
     23.000     5.8917   3.205650    32.4933       2253     1.5637 0.0000e+00
     22.000     5.8834   3.205607    32.5014       2278     1.5816 0.0000e+00
     21.000     5.8811   3.205734    32.5055       2304     1.5991 0.0000e+00
     20.000     5.8669   3.205192    32.5136       2329     1.6167 0.0000e+00
     19.000     5.8706   3.203622    32.4929       2355     1.6348 0.0000e+00
     18.000     5.8634   3.202672    32.4896       2382     1.6536 0.0000e+00
     17.000     5.8650   3.200882    32.4684       2411     1.6733 0.0000e+00
     16.000     5.8639   3.196802    32.4241       2438     1.6922 0.0000e+00
     15.000     5.8649   3.196088    32.4157       2462     1.7092 0.0000e+00
     14.000     5.8646   3.196374    32.4197       2486     1.7258 0.0000e+00
     13.000     5.8219   3.193344    32.4272       2513     1.7447 0.0000e+00
     12.000     5.8381   3.187829    32.3501       2545     1.7665 0.0000e+00
     11.000     5.8602   3.180886    32.2515       2574     1.7865 0.0000e+00
     10.000     5.8546   3.171801    32.1552       2598     1.8035 0.0000e+00
      9.000     5.8454   3.163896    32.0758       2622     1.8204 0.0000e+00
      8.000     5.8381   3.160434    32.0443       2650     1.8392 0.0000e+00
      7.000     5.8305   3.159322    32.0396       2677     1.8583 0.0000e+00
      6.000     5.8261   3.158325    32.0330       2703     1.8767 0.0000e+00
      5.000     5.8342   3.155495    31.9941       2733     1.8973 0.0000e+00
      4.000     5.8394   3.154125    31.9742       2760     1.9162 0.0000e+00
      3.000     5.6693   3.155408    32.1511       2900     2.0131 0.0000e+00
