HB2502/ctd182.cnv
* Sea-Bird SBE 9 Data File:
* FileName = C:\cruise\data\ctd182.hex
* Software Version Seasave V 7.26.7.121
* Temperature SN = 4591
* Conductivity SN = 6006
* Number of Bytes Per Scan = 37
* Number of Voltage Words = 4
* Number of Scans Averaged by the Deck Unit = 1
* NMEA Latitude = 42 07.33 N
* NMEA Longitude = 066 38.24 W
* NMEA UTC (Time) = May 06 2025 06:57:45
* NMEA baud rate = 4800
** Ship: Bigelow HB2502
** Program:  Spring Bottom Trawl
** Chief Scientist:Jon Galbraith
# nquan = 10
# nvalues = 142                         
# units = specified
# name 0 = depSM: Depth [salt water, m]
# name 1 = t090C: Temperature [ITS-90, deg C]
# name 2 = c0S/m: Conductivity [S/m]
# name 3 = sal00: Salinity, Practical [PSU]
# name 4 = scan: Scan Count
# name 5 = timeM: Time, Elapsed [minutes]
# name 6 = sbeox0Mg/L: Oxygen, SBE 43 [mg/l]
# name 7 = sbeox1Mg/L: Oxygen, SBE 43, 2 [mg/l]
# name 8 = par: PAR/Irradiance, Biospherical/Licor
# name 9 = flag: flag
# span 0 =      2.000,     73.000       
# span 1 =     6.1921,     7.6807       
# span 2 =   3.268959,   3.378867       
# span 3 =    32.6825,    32.9090       
# span 4 =         69,       5654       
# span 5 =     0.0475,     3.9257       
# span 6 =     9.5907,    10.9269       
# span 7 =     9.7791,    11.1443       
# span 8 = 1.0000e-12, 2.0640e+01       
# span 9 = 0.0000e+00, 0.0000e+00       
# interval = meters: 1                  
# start_time = May 06 2025 06:57:45 [NMEA time, header]
# bad_flag = -9.990e-29
*END*
      2.000     7.6772   3.378319    32.7020         69     0.0475    10.7669    11.0135 2.0640e+01 0.0000e+00
      3.000     7.6787   3.378456    32.7016        552     0.3824    10.8178    11.0459 6.7555e+00 0.0000e+00
      4.000     7.6779   3.378483    32.7021        796     0.5522    10.7844    11.0393 8.2136e+00 0.0000e+00
      5.000     7.6770   3.378498    32.7027        804     0.5578    10.7958    11.0173 5.8138e+00 0.0000e+00
      6.000     7.6741   3.378543    32.7054        831     0.5764    10.7964    11.0286 4.4337e+00 0.0000e+00
      7.000     7.6706   3.378624    32.7091        863     0.5984    10.7828    11.0606 3.4415e+00 0.0000e+00
      8.000     7.6706   3.378642    32.7088        896     0.6219    10.7988    11.0564 2.5820e+00 0.0000e+00
      9.000     7.6697   3.378728    32.7102        926     0.6422    10.8094    11.0379 2.0043e+00 0.0000e+00
     10.000     7.6631   3.378867    32.7174        948     0.6577    10.8269    11.0458 1.4284e+00 0.0000e+00
     11.000     7.6632   3.378864    32.7168        968     0.6713    10.8269    11.0741 1.1121e+00 0.0000e+00
     12.000     7.6543   3.378754    32.7235        990     0.6867    10.8363    11.0753 8.4385e-01 0.0000e+00
     13.000     7.6450   3.378439    32.7283       1022     0.7089    10.8428    11.0498 6.4699e-01 0.0000e+00
     14.000     7.5825   3.374957    32.7494       1060     0.7355    10.8837    11.0432 4.8109e-01 0.0000e+00
     15.000     7.5380   3.371474    32.7533       1087     0.7545    10.8857    11.0506 3.7580e-01 0.0000e+00
     16.000     7.3651   3.360023    32.7926       1109     0.7693    10.9020    11.0469 2.9241e-01 0.0000e+00
     17.000     7.1574   3.343842    32.8135       1129     0.7834    10.9269    11.0646 2.3348e-01 0.0000e+00
     18.000     7.0203   3.331838    32.8128       1154     0.8005    10.8740    11.0081 1.6178e-01 0.0000e+00
     19.000     6.9118   3.323836    32.8282       1186     0.8231    10.7395    10.8662 1.1133e-01 0.0000e+00
     20.000     6.8397   3.317388    32.8259       1217     0.8443    10.5891    10.7172 9.1136e-02 0.0000e+00
     21.000     6.8227   3.315733    32.8236       1243     0.8625    10.4475    10.5853 5.6405e-02 0.0000e+00
     22.000     6.8057   3.314262    32.8233       1268     0.8800    10.3469    10.5016 3.5369e-02 0.0000e+00
     23.000     6.8034   3.313970    32.8218       1293     0.8975    10.2846    10.4701 2.1049e-02 0.0000e+00
     24.000     6.7989   3.313602    32.8214       1320     0.9156    10.2726    10.4439 1.1023e-02 0.0000e+00
     25.000     6.7865   3.312738    32.8234       1346     0.9343    10.2749    10.4310 4.0380e-03 0.0000e+00
     26.000     6.7713   3.311527    32.8242       1373     0.9531    10.2873    10.4503 8.6107e-05 0.0000e+00
     27.000     6.7517   3.310121    32.8270       1400     0.9715    10.2722    10.4592 1.0000e-12 0.0000e+00
     28.000     6.7134   3.307557    32.8350       1428     0.9907    10.2775    10.4382 1.0000e-12 0.0000e+00
     29.000     6.6676   3.303874    32.8378       1456     1.0102    10.2670    10.3906 1.0000e-12 0.0000e+00
     30.000     6.6372   3.301513    32.8405       1483     1.0291    10.2231    10.3544 1.0000e-12 0.0000e+00
     31.000     6.6249   3.300527    32.8409       1510     1.0480    10.1756    10.3184 1.0000e-12 0.0000e+00
     32.000     6.5920   3.298066    32.8449       1535     1.0652    10.1274    10.2808 1.0000e-12 0.0000e+00
     33.000     6.5780   3.296833    32.8442       1558     1.0809    10.0894    10.2577 1.0000e-12 0.0000e+00
     34.000     6.5574   3.295271    32.8463       1582     1.0979    10.0875    10.2407 1.0000e-12 0.0000e+00
     35.000     6.5265   3.292906    32.8493       1615     1.1206    10.0709    10.2152 1.0000e-12 0.0000e+00
     36.000     6.4978   3.290555    32.8505       1650     1.1450    10.0545    10.2046 1.0000e-12 0.0000e+00
     37.000     6.4820   3.289419    32.8526       1676     1.1632    10.0205    10.1930 1.0000e-12 0.0000e+00
     38.000     6.4734   3.288680    32.8522       1698     1.1785     9.9853    10.1784 1.0000e-12 0.0000e+00
     39.000     6.4439   3.287174    32.8634       1720     1.1937     9.9699    10.1702 1.0000e-12 0.0000e+00
     40.000     6.3572   3.280559    32.8731       1744     1.2101     9.9817    10.1619 1.0000e-12 0.0000e+00
     41.000     6.3285   3.278180    32.8739       1769     1.2280     9.9535    10.1110 1.0000e-12 0.0000e+00
     42.000     6.3375   3.278538    32.8688       1798     1.2480     9.9058    10.0438 1.0000e-12 0.0000e+00
     43.000     6.3450   3.279235    32.8687       1833     1.2721     9.8535     9.9975 1.0000e-12 0.0000e+00
     44.000     6.3398   3.278919    32.8698       1865     1.2945     9.8078     9.9995 1.0000e-12 0.0000e+00
     45.000     6.2682   3.274603    32.8905       1888     1.3103     9.8296    10.0192 1.0000e-12 0.0000e+00
     46.000     6.2508   3.272883    32.8876       1906     1.3232     9.8294    10.0276 1.0000e-12 0.0000e+00
     47.000     6.2508   3.272694    32.8850       1924     1.3357     9.8029     9.9913 1.0000e-12 0.0000e+00
     48.000     6.2508   3.272702    32.8846       1947     1.3517     9.7815     9.9550 1.0000e-12 0.0000e+00
     49.000     6.2494   3.272667    32.8851       1992     1.3824     9.7445     9.9294 1.0000e-12 0.0000e+00
     50.000     6.2504   3.272805    32.8851       2029     1.4080     9.7276     9.9288 1.0000e-12 0.0000e+00
     51.000     6.2488   3.272726    32.8853       2049     1.4222     9.7230     9.9220 1.0000e-12 0.0000e+00
     52.000     6.2407   3.272306    32.8880       2067     1.4350     9.7140     9.9216 1.0000e-12 0.0000e+00
     53.000     6.2423   3.272362    32.8866       2086     1.4481     9.7208     9.9120 1.0000e-12 0.0000e+00
     54.000     6.2329   3.271870    32.8897       2108     1.4631     9.7336     9.8962 1.0000e-12 0.0000e+00
     55.000     6.2308   3.271633    32.8886       2136     1.4823     9.7229     9.8974 1.0000e-12 0.0000e+00
     56.000     6.2282   3.271454    32.8887       2173     1.5084     9.7067     9.9094 1.0000e-12 0.0000e+00
     57.000     6.1989   3.269513    32.8949       2206     1.5314     9.6937     9.8969 1.0000e-12 0.0000e+00
     58.000     6.1931   3.268959    32.8938       2229     1.5474     9.6608     9.8790 1.0000e-12 0.0000e+00
     59.000     6.1971   3.269283    32.8931       2250     1.5620     9.6613     9.8491 1.0000e-12 0.0000e+00
     60.000     6.1962   3.269280    32.8934       2275     1.5789     9.6530     9.8304 1.0000e-12 0.0000e+00
     61.000     6.1921   3.269148    32.8954       2303     1.5986     9.6493     9.8461 1.0000e-12 0.0000e+00
     62.000     6.1969   3.270083    32.9007       2329     1.6170     9.6558     9.8329 1.0000e-12 0.0000e+00
     63.000     6.2051   3.271191    32.9046       2354     1.6340     9.6555     9.8367 1.0000e-12 0.0000e+00
     64.000     6.2055   3.271300    32.9049       2380     1.6518     9.6473     9.8296 1.0000e-12 0.0000e+00
     65.000     6.2057   3.271425    32.9056       2409     1.6721     9.6566     9.8032 1.0000e-12 0.0000e+00
     66.000     6.2078   3.271885    32.9082       2440     1.6936     9.6298     9.7791 1.0000e-12 0.0000e+00
     67.000     6.2072   3.271766    32.9070       2469     1.7139     9.6087     9.7870 1.0000e-12 0.0000e+00
     68.000     6.2074   3.271791    32.9065       2497     1.7335     9.6230     9.8005 1.0000e-12 0.0000e+00
     69.000     6.2073   3.271828    32.9067       2523     1.7513     9.5990     9.7985 1.0000e-12 0.0000e+00
     70.000     6.2113   3.272163    32.9060       2553     1.7725     9.6087     9.8077 1.0000e-12 0.0000e+00
     71.000     6.2136   3.272466    32.9066       2604     1.8076     9.6102     9.8167 1.0000e-12 0.0000e+00
     72.000     6.2090   3.272270    32.9084       2639     1.8323     9.6493     9.8168 1.0000e-12 0.0000e+00
     73.000     6.2002   3.271608    32.9090       3341     2.3196     9.6013     9.7812 1.0000e-12 0.0000e+00
     72.000     6.2041   3.271535    32.9050       3948     2.7410     9.6292     9.7932 1.0000e-12 0.0000e+00
     71.000     6.2061   3.271773    32.9062       3811     2.6458     9.5907     9.7970 1.0000e-12 0.0000e+00
     70.000     6.2064   3.271685    32.9053       3838     2.6648     9.6020     9.7866 1.0000e-12 0.0000e+00
     69.000     6.2081   3.271827    32.9058       3871     2.6878     9.6068     9.7907 1.0000e-12 0.0000e+00
     68.000     6.2122   3.272031    32.9046       3900     2.7074     9.6268     9.7921 1.0000e-12 0.0000e+00
     67.000     6.2121   3.271992    32.9048       3927     2.7263     9.6286     9.8012 1.0000e-12 0.0000e+00
     66.000     6.2110   3.271831    32.9046       3957     2.7472     9.6320     9.8143 1.0000e-12 0.0000e+00
     65.000     6.2106   3.271658    32.9035       3983     2.7653     9.6186     9.8304 1.0000e-12 0.0000e+00
     64.000     6.2102   3.271556    32.9032       4003     2.7794     9.6187     9.8217 1.0000e-12 0.0000e+00
     63.000     6.2085   3.271323    32.9028       4022     2.7922     9.6247     9.8204 1.0000e-12 0.0000e+00
     62.000     6.2064   3.271049    32.9022       4043     2.8069     9.6296     9.8197 1.0000e-12 0.0000e+00
     61.000     6.2045   3.270754    32.9012       4078     2.8310     9.6373     9.8222 1.0000e-12 0.0000e+00
     60.000     6.2071   3.270994    32.9019       4116     2.8576     9.6240     9.8275 1.0000e-12 0.0000e+00
     59.000     6.1996   3.269977    32.8984       4139     2.8738     9.6266     9.8136 1.0000e-12 0.0000e+00
     58.000     6.2000   3.269782    32.8963       4159     2.8874     9.6313     9.8076 1.0000e-12 0.0000e+00
     57.000     6.2031   3.270059    32.8969       4179     2.9015     9.6267     9.8167 1.0000e-12 0.0000e+00
     56.000     6.2236   3.270657    32.8842       4204     2.9186     9.6283     9.8342 1.0000e-12 0.0000e+00
     55.000     6.2261   3.270731    32.8831       4234     2.9399     9.6456     9.8541 1.0000e-12 0.0000e+00
     54.000     6.2261   3.270730    32.8836       4264     2.9607     9.6643     9.8731 1.0000e-12 0.0000e+00
     53.000     6.2303   3.270989    32.8829       4291     2.9793     9.7007     9.8790 1.0000e-12 0.0000e+00
     52.000     6.2258   3.270646    32.8839       4316     2.9963     9.7222     9.9029 1.0000e-12 0.0000e+00
     51.000     6.2282   3.270725    32.8829       4339     3.0122     9.7059     9.9212 1.0000e-12 0.0000e+00
     50.000     6.2298   3.270797    32.8827       4361     3.0276     9.6937     9.9086 1.0000e-12 0.0000e+00
     49.000     6.2333   3.270944    32.8815       4385     3.0443     9.6961     9.8897 1.0000e-12 0.0000e+00
     48.000     6.2433   3.271530    32.8788       4415     3.0651     9.7073     9.8762 1.0000e-12 0.0000e+00
     47.000     6.2458   3.271647    32.8782       4447     3.0874     9.7245     9.8796 1.0000e-12 0.0000e+00
     46.000     6.2567   3.272089    32.8730       4474     3.1066     9.7259     9.8905 1.0000e-12 0.0000e+00
     45.000     6.2709   3.272941    32.8693       4498     3.1231     9.7338     9.9259 1.0000e-12 0.0000e+00
     44.000     6.2824   3.273750    32.8677       4521     3.1388     9.7285     9.9379 1.0000e-12 0.0000e+00
     43.000     6.3137   3.275741    32.8601       4543     3.1541     9.7170     9.9419 1.0000e-12 0.0000e+00
     42.000     6.3438   3.278094    32.8577       4566     3.1704     9.7264     9.9615 1.0000e-12 0.0000e+00
     41.000     6.3450   3.278174    32.8579       4594     3.1893     9.7608     9.9904 1.0000e-12 0.0000e+00
     40.000     6.3924   3.281269    32.8471       4623     3.2101     9.7980     9.9990 1.0000e-12 0.0000e+00
     39.000     6.4651   3.286376    32.8342       4652     3.2302     9.8191    10.0243 1.0000e-12 0.0000e+00
     38.000     6.5027   3.289548    32.8336       4678     3.2478     9.8497    10.0650 1.0000e-12 0.0000e+00
     37.000     6.5170   3.290641    32.8325       4701     3.2638     9.8874    10.1403 1.0000e-12 0.0000e+00
     36.000     6.5351   3.292105    32.8317       4723     3.2791     9.9129    10.1680 1.0000e-12 0.0000e+00
     35.000     6.5264   3.291643    32.8354       4747     3.2960     9.9451    10.1720 1.0000e-12 0.0000e+00
     34.000     6.5403   3.292416    32.8311       4779     3.3177     9.9970    10.1773 1.0000e-12 0.0000e+00
     33.000     6.5854   3.295824    32.8260       4809     3.3388    10.0270    10.1518 1.0000e-12 0.0000e+00
     32.000     6.6071   3.297526    32.8245       4831     3.3545    10.0336    10.1621 1.0000e-12 0.0000e+00
     31.000     6.6192   3.298500    32.8240       4852     3.3686    10.0270    10.1823 1.0000e-12 0.0000e+00
     30.000     6.6263   3.299143    32.8248       4874     3.3841    10.0236    10.2091 1.0000e-12 0.0000e+00
     29.000     6.6309   3.299475    32.8245       4901     3.4027    10.0322    10.2581 1.0000e-12 0.0000e+00
     28.000     6.6435   3.300379    32.8229       4930     3.4228    10.0629    10.2588 1.0000e-12 0.0000e+00
     27.000     6.6752   3.302631    32.8178       4956     3.4409    10.0849    10.2394 5.4133e-04 0.0000e+00
     26.000     6.6997   3.304534    32.8158       4979     3.4571    10.0789    10.2428 4.0362e-03 0.0000e+00
     25.000     6.7298   3.306738    32.8117       5006     3.4754    10.0806    10.2728 1.3064e-02 0.0000e+00
     24.000     6.7597   3.309091    32.8094       5039     3.4988    10.1115    10.3256 1.2709e-02 0.0000e+00
     23.000     6.7782   3.310364    32.8062       5066     3.5175    10.1700    10.3524 2.2308e-02 0.0000e+00
     22.000     6.7913   3.311185    32.8032       5085     3.5305    10.1924    10.3762 3.2304e-02 0.0000e+00
     21.000     6.7973   3.311565    32.8021       5103     3.5429    10.2079    10.4077 4.1560e-02 0.0000e+00
     20.000     6.8038   3.312099    32.8023       5126     3.5593    10.2278    10.4488 6.2485e-02 0.0000e+00
     19.000     6.8405   3.314923    32.7986       5171     3.5905    10.2716    10.4823 8.8433e-02 0.0000e+00
     18.000     6.8711   3.316871    32.7913       5202     3.6115    10.2923    10.4866 1.0492e-01 0.0000e+00
     17.000     6.9886   3.325018    32.7688       5220     3.6246    10.2601    10.4702 1.5809e-01 0.0000e+00
     16.000     7.0787   3.331009    32.7490       5239     3.6374    10.2473    10.4948 2.1500e-01 0.0000e+00
     15.000     7.3211   3.349096    32.7163       5261     3.6526    10.2197    10.5514 2.6564e-01 0.0000e+00
     14.000     7.5300   3.366910    32.7121       5288     3.6712    10.3285    10.7109 3.4058e-01 0.0000e+00
     13.000     7.5964   3.372496    32.7102       5315     3.6904    10.6091    10.9946 4.2933e-01 0.0000e+00
     12.000     7.6246   3.374449    32.7052       5342     3.7091    10.7981    11.1420 5.7871e-01 0.0000e+00
     11.000     7.6305   3.374866    32.7045       5377     3.7332    10.8874    11.1443 7.5818e-01 0.0000e+00
     10.000     7.6707   3.376915    32.6892       5409     3.7552    10.8462    11.0679 1.0312e+00 0.0000e+00
      9.000     7.6795   3.377014    32.6825       5430     3.7703    10.8262    11.0651 1.4026e+00 0.0000e+00
      8.000     7.6807   3.377134    32.6832       5450     3.7838    10.8274    11.0766 1.7245e+00 0.0000e+00
      7.000     7.6742   3.377079    32.6892       5472     3.7993    10.8392    11.0729 2.2498e+00 0.0000e+00
      6.000     7.6717   3.377236    32.6936       5504     3.8215    10.8703    11.0671 3.3072e+00 0.0000e+00
      5.000     7.6754   3.377440    32.6928       5532     3.8410    10.8487    11.0761 4.6872e+00 0.0000e+00
      4.000     7.6780   3.377480    32.6913       5553     3.8555    10.8334    11.0644 6.6249e+00 0.0000e+00
      3.000     7.6772   3.377811    32.6960       5654     3.9257    10.8662    11.0565 1.0544e+01 0.0000e+00
