HB2502/ctd127.cnv
* Sea-Bird SBE 9 Data File:
* FileName = C:\cruise\data\ctd127.hex
* Software Version Seasave V 7.26.7.121
* Temperature SN = 6768
* Conductivity SN = 6166
* Number of Bytes Per Scan = 37
* Number of Voltage Words = 4
* Number of Scans Averaged by the Deck Unit = 1
* NMEA Latitude = 40 20.20 N
* NMEA Longitude = 069 24.15 W
* NMEA UTC (Time) = Apr 07 2025 06:23:26
* NMEA baud rate = 4800
** Ship: Bigelow HB2502
** Program:  Spring Bottom Trawl
** Chief Scientist:Jon Galbraith
# nquan = 7
# nvalues = 142                         
# units = specified
# name 0 = depSM: Depth [salt water, m]
# name 1 = t090C: Temperature [ITS-90, deg C]
# name 2 = c0S/m: Conductivity [S/m]
# name 3 = sal00: Salinity, Practical [PSU]
# name 4 = scan: Scan Count
# name 5 = timeM: Time, Elapsed [minutes]
# name 6 = flag: flag
# span 0 =      1.000,     72.000       
# span 1 =     5.5251,     6.0108       
# span 2 =   2.747401,   3.218792       
# span 3 =    27.7323,    32.6667       
# span 4 =        -52,       5207       
# span 5 =    -0.0368,     3.6154       
# span 6 = 0.0000e+00, 0.0000e+00       
# interval = meters: 1                  
# start_time = Apr 07 2025 06:23:26 [NMEA time, header]
# bad_flag = -9.990e-29
*END*
      2.000     6.0108   3.218792    32.5366        -52    -0.0368 0.0000e+00
      3.000     5.8089   3.206226    32.5895        244     0.1686 0.0000e+00
      4.000     5.8642   3.201246    32.4797        277     0.1917 0.0000e+00
      5.000     5.8634   3.200330    32.4697        310     0.2146 0.0000e+00
      6.000     5.8630   3.199916    32.4649        343     0.2376 0.0000e+00
      7.000     5.8558   3.199414    32.4657        371     0.2566 0.0000e+00
      8.000     5.8443   3.198740    32.4687        391     0.2711 0.0000e+00
      9.000     5.8430   3.198530    32.4671        416     0.2880 0.0000e+00
     10.000     5.8452   3.201238    32.4949        459     0.3182 0.0000e+00
     11.000     5.8426   3.197982    32.4603        489     0.3389 0.0000e+00
     12.000     5.8381   3.197226    32.4557        507     0.3517 0.0000e+00
     13.000     5.8351   3.196952    32.4549        525     0.3636 0.0000e+00
     14.000     5.8396   3.197036    32.4510        543     0.3766 0.0000e+00
     15.000     5.8406   3.198472    32.4658        569     0.3944 0.0000e+00
     16.000     5.8335   3.199107    32.4793        613     0.4247 0.0000e+00
     17.000     5.8076   3.196124    32.4701        647     0.4489 0.0000e+00
     18.000     5.7995   3.194627    32.4606        671     0.4653 0.0000e+00
     19.000     5.7802   3.194220    32.4741        693     0.4809 0.0000e+00
     20.000     5.7717   3.193472    32.4733        717     0.4972 0.0000e+00
     21.000     5.7430   3.192437    32.4889        739     0.5128 0.0000e+00
     22.000     5.7384   3.190832    32.4747        760     0.5269 0.0000e+00
     23.000     5.7304   3.191429    32.4887        782     0.5425 0.0000e+00
     24.000     5.7703   3.195712    32.4980        828     0.5745 0.0000e+00
     25.000     5.7452   3.192801    32.4889        871     0.6044 0.0000e+00
     26.000     5.7042   3.187172    32.4644        889     0.6168 0.0000e+00
     27.000     5.6678   3.186089    32.4868        905     0.6278 0.0000e+00
     28.000     5.6444   3.184994    32.4965        923     0.6402 0.0000e+00
     29.000     5.6598   3.189029    32.5267        949     0.6581 0.0000e+00
     30.000     5.6605   3.189751    32.5337        984     0.6827 0.0000e+00
     31.000     5.6266   3.187204    32.5372       1014     0.7034 0.0000e+00
     32.000     5.6191   3.183791    32.5053       1038     0.7199 0.0000e+00
     33.000     5.6143   3.182211    32.4916       1061     0.7358 0.0000e+00
     34.000     5.6062   3.181959    32.4961       1085     0.7529 0.0000e+00
     35.000     5.5998   3.181495    32.4965       1117     0.7750 0.0000e+00
     36.000     5.5941   3.180789    32.4936       1154     0.8008 0.0000e+00
     37.000     5.5923   3.179672    32.4821       1181     0.8192 0.0000e+00
     38.000     5.5940   3.179632    32.4795       1202     0.8342 0.0000e+00
     39.000     5.5884   3.179754    32.4859       1222     0.8481 0.0000e+00
     40.000     5.5652   3.179809    32.5084       1242     0.8622 0.0000e+00
     41.000     5.5498   3.180060    32.5257       1264     0.8771 0.0000e+00
     42.000     5.5365   3.180771    32.5461       1295     0.8986 0.0000e+00
     43.000     5.5251   3.180772    32.5566       1339     0.9295 0.0000e+00
     44.000     5.5389   3.179067    32.5235       1370     0.9505 0.0000e+00
     45.000     5.6580   3.178972    32.4070       1392     0.9660 0.0000e+00
     46.000     5.7594   3.188514    32.4165       1414     0.9816 0.0000e+00
     47.000     5.7671   3.198000    32.5154       1439     0.9984 0.0000e+00
     48.000     5.7846   3.202299    32.5464       1462     1.0149 0.0000e+00
     49.000     5.7849   3.205534    32.5820       1485     1.0305 0.0000e+00
     50.000     5.7946   3.208601    32.6068       1510     1.0476 0.0000e+00
     51.000     5.8123   3.213203    32.6410       1543     1.0707 0.0000e+00
     52.000     5.8237   3.215690    32.6574       1579     1.0955 0.0000e+00
     53.000     5.8237   3.215989    32.6603       1605     1.1135 0.0000e+00
     54.000     5.8219   3.215819    32.6596       1627     1.1294 0.0000e+00
     55.000     5.8214   3.215816    32.6595       1652     1.1463 0.0000e+00
     56.000     5.8244   3.216273    32.6613       1682     1.1674 0.0000e+00
     57.000     5.8247   3.216427    32.6623       1715     1.1904 0.0000e+00
     58.000     5.8243   3.216461    32.6625       1739     1.2067 0.0000e+00
     59.000     5.8254   3.216651    32.6631       1756     1.2190 0.0000e+00
     60.000     5.8254   3.216686    32.6630       1773     1.2303 0.0000e+00
     61.000     5.8254   3.216781    32.6636       1793     1.2444 0.0000e+00
     62.000     5.8257   3.216900    32.6642       1842     1.2786 0.0000e+00
     63.000     5.8258   3.216960    32.6642       1883     1.3067 0.0000e+00
     64.000     5.8258   3.217008    32.6643       1904     1.3213 0.0000e+00
     65.000     5.8261   3.217070    32.6642       1925     1.3359 0.0000e+00
     66.000     5.8263   3.217175    32.6647       1948     1.3520 0.0000e+00
     67.000     5.8264   3.217243    32.6649       1972     1.3686 0.0000e+00
     68.000     5.8264   3.217306    32.6651       1993     1.3836 0.0000e+00
     69.000     5.8267   3.217401    32.6654       2015     1.3987 0.0000e+00
     70.000     5.8269   3.217433    32.6650       2043     1.4183 0.0000e+00
     71.000     5.8271   3.217519    32.6653       2109     1.4640 0.0000e+00
     72.000     5.8273   3.217633    32.6659       2521     1.7498 0.0000e+00
     71.000     5.8275   3.217677    32.6667       2987     2.0738 0.0000e+00
     70.000     5.8276   3.217611    32.6663       2979     2.0684 0.0000e+00
     69.000     5.8274   3.217550    32.6663       3000     2.0824 0.0000e+00
     68.000     5.8270   3.217471    32.6664       3017     2.0946 0.0000e+00
     67.000     5.8265   3.217385    32.6664       3038     2.1093 0.0000e+00
     66.000     5.8264   3.217308    32.6661       3081     2.1387 0.0000e+00
     65.000     5.8265   3.217251    32.6659       3122     2.1671 0.0000e+00
     64.000     5.8264   3.217197    32.6658       3142     2.1810 0.0000e+00
     63.000     5.8263   3.217126    32.6656       3158     2.1927 0.0000e+00
     62.000     5.8261   3.217096    32.6660       3175     2.2044 0.0000e+00
     61.000     5.8260   3.217034    32.6658       3195     2.2182 0.0000e+00
     60.000     5.8260   3.216986    32.6658       3225     2.2388 0.0000e+00
     59.000     5.8259   3.216927    32.6657       3265     2.2664 0.0000e+00
     58.000     5.8254   3.216814    32.6654       3294     2.2869 0.0000e+00
     57.000     5.8251   3.216688    32.6648       3317     2.3026 0.0000e+00
     56.000     5.8252   3.216676    32.6650       3338     2.3174 0.0000e+00
     55.000     5.8252   3.216633    32.6651       3361     2.3336 0.0000e+00
     54.000     5.8253   3.216581    32.6649       3387     2.3512 0.0000e+00
     53.000     5.8242   3.216383    32.6642       3413     2.3692 0.0000e+00
     52.000     5.8212   3.215919    32.6624       3439     2.3876 0.0000e+00
     51.000     5.8190   3.215463    32.6599       3468     2.4075 0.0000e+00
     50.000     5.8148   3.214791    32.6569       3496     2.4274 0.0000e+00
     49.000     5.8098   3.213883    32.6521       3522     2.4449 0.0000e+00
     48.000     5.8010   3.212013    32.6400       3545     2.4614 0.0000e+00
     47.000     5.7946   3.210300    32.6273       3570     2.4781 0.0000e+00
     46.000     5.7905   3.208687    32.6137       3594     2.4948 0.0000e+00
     45.000     5.7852   3.207465    32.6055       3617     2.5113 0.0000e+00
     44.000     5.7576   3.203497    32.5880       3642     2.5287 0.0000e+00
     43.000     5.6875   3.194536    32.5551       3675     2.5515 0.0000e+00
     42.000     5.6302   3.188368    32.5413       3714     2.5783 0.0000e+00
     41.000     5.5539   3.178963    32.5093       3737     2.5942 0.0000e+00
     40.000     5.5399   3.176281    32.4929       3753     2.6059 0.0000e+00
     39.000     5.5398   3.175747    32.4875       3768     2.6163 0.0000e+00
     38.000     5.5457   3.175640    32.4811       3784     2.6271 0.0000e+00
     37.000     5.5589   3.176071    32.4736       3806     2.6422 0.0000e+00
     36.000     5.6000   3.176823    32.4430       3871     2.6878 0.0000e+00
     35.000     5.5940   3.176477    32.4453       3898     2.7060 0.0000e+00
     34.000     5.5948   3.176054    32.4403       3914     2.7176 0.0000e+00
     33.000     5.5954   3.175552    32.4345       3931     2.7288 0.0000e+00
     32.000     5.5975   3.175284    32.4300       3949     2.7416 0.0000e+00
     31.000     5.6046   3.175263    32.4234       3973     2.7581 0.0000e+00
     30.000     5.6084   3.175371    32.4215       4002     2.7786 0.0000e+00
     29.000     5.6125   3.175574    32.4203       4032     2.7994 0.0000e+00
     28.000     5.6294   3.176691    32.4171       4059     2.8184 0.0000e+00
     27.000     5.6405   3.177556    32.4168       4092     2.8410 0.0000e+00
     26.000     5.6466   3.178035    32.4168       4130     2.8675 0.0000e+00
     25.000     5.6925   3.181685    32.4142       4154     2.8839 0.0000e+00
     24.000     5.6991   3.182677    32.4196       4171     2.8960 0.0000e+00
     23.000     5.7031   3.183021    32.4201       4187     2.9067 0.0000e+00
     22.000     5.7165   3.184181    32.4208       4203     2.9181 0.0000e+00
     21.000     5.7406   3.186375    32.4228       4229     2.9358 0.0000e+00
     20.000     5.7500   3.187463    32.4265       4275     2.9681 0.0000e+00
     19.000     5.7592   3.188119    32.4256       4306     2.9892 0.0000e+00
     18.000     5.7697   3.189082    32.4268       4326     3.0033 0.0000e+00
     17.000     5.7770   3.189791    32.4283       4344     3.0162 0.0000e+00
     16.000     5.7840   3.190528    32.4304       4370     3.0338 0.0000e+00
     15.000     5.7843   3.190522    32.4305       4408     3.0601 0.0000e+00
     14.000     5.7913   3.191093    32.4307       4434     3.0782 0.0000e+00
     13.000     5.8030   3.192193    32.4323       4453     3.0915 0.0000e+00
     12.000     5.8051   3.192458    32.4338       4472     3.1050 0.0000e+00
     11.000     5.8122   3.193035    32.4340       4498     3.1228 0.0000e+00
     10.000     5.8197   3.193800    32.4359       4527     3.1431 0.0000e+00
      9.000     5.8208   3.193906    32.4365       4551     3.1594 0.0000e+00
      8.000     5.8237   3.194166    32.4370       4572     3.1741 0.0000e+00
      7.000     5.8391   3.195564    32.4385       4609     3.2002 0.0000e+00
      6.000     5.8584   3.197284    32.4398       4656     3.2328 0.0000e+00
      5.000     5.8645   3.197916    32.4416       4677     3.2474 0.0000e+00
      4.000     5.8634   3.198030    32.4444       4692     3.2579 0.0000e+00
      3.000     5.8611   3.197771    32.4442       4705     3.2664 0.0000e+00
      2.000     5.8695   3.198456    32.4442       4936     3.4269 0.0000e+00
      1.000     5.8639   2.747401    27.7323       5207     3.6154 0.0000e+00
