HB2502/ctd157.cnv
* Sea-Bird SBE 9 Data File:
* FileName = C:\cruise\data\ctd157.hex
* Software Version Seasave V 7.26.7.121
* Temperature SN = 6768
* Conductivity SN = 6166
* Number of Bytes Per Scan = 37
* Number of Voltage Words = 4
* Number of Scans Averaged by the Deck Unit = 1
* NMEA Latitude = 42 01.25 N
* NMEA Longitude = 068 22.47 W
* NMEA UTC (Time) = Apr 15 2025 14:48:19
* NMEA baud rate = 4800
** Ship: Bigelow HB2502
** Program:  Spring Bottom Trawl
** Chief Scientist:Jon Galbraith
# nquan = 7
# nvalues = 354                         
# units = specified
# name 0 = depSM: Depth [salt water, m]
# name 1 = t090C: Temperature [ITS-90, deg C]
# name 2 = c0S/m: Conductivity [S/m]
# name 3 = sal00: Salinity, Practical [PSU]
# name 4 = scan: Scan Count
# name 5 = timeM: Time, Elapsed [minutes]
# name 6 = flag: flag
# span 0 =      1.000,    179.000       
# span 1 =     5.4616,     6.5117       
# span 2 =   3.201853,   3.367747       
# span 3 =    32.7833,    33.6217       
# span 4 =        208,      11973       
# span 5 =     0.1437,     8.3139       
# span 6 = 0.0000e+00, 0.0000e+00       
# interval = meters: 1                  
# start_time = Apr 15 2025 14:48:19 [NMEA time, header]
# bad_flag = -9.990e-29
*END*
      4.000     5.6612   3.241890    33.1359        208     0.1437 0.0000e+00
      5.000     5.6404   3.217119    32.8753        332     0.2296 0.0000e+00
      6.000     5.6384   3.213999    32.8413        356     0.2462 0.0000e+00
      7.000     5.6347   3.212928    32.8323        381     0.2639 0.0000e+00
      8.000     5.6380   3.220459    32.9138        456     0.3163 0.0000e+00
      9.000     5.6387   3.219207    32.8984        570     0.3951 0.0000e+00
     10.000     5.6360   3.213868    32.8401        592     0.4101 0.0000e+00
     11.000     5.6315   3.213058    32.8349        621     0.4303 0.0000e+00
     12.000     5.6316   3.212521    32.8282        650     0.4509 0.0000e+00
     13.000     5.6310   3.212363    32.8265        682     0.4728 0.0000e+00
     14.000     5.6249   3.211725    32.8248        712     0.4938 0.0000e+00
     15.000     5.6253   3.210892    32.8145        736     0.5104 0.0000e+00
     16.000     5.6236   3.210830    32.8149        759     0.5263 0.0000e+00
     17.000     5.6261   3.211335    32.8176        785     0.5443 0.0000e+00
     18.000     5.6239   3.211964    32.8265        816     0.5656 0.0000e+00
     19.000     5.6167   3.211351    32.8260        845     0.5859 0.0000e+00
     20.000     5.6114   3.210325    32.8191        870     0.6031 0.0000e+00
     21.000     5.6071   3.210105    32.8203        894     0.6200 0.0000e+00
     22.000     5.6034   3.210496    32.8278        921     0.6386 0.0000e+00
     23.000     5.6018   3.210848    32.8328        949     0.6584 0.0000e+00
     24.000     5.6007   3.210598    32.8306        977     0.6775 0.0000e+00
     25.000     5.5997   3.210066    32.8250       1003     0.6956 0.0000e+00
     26.000     5.5982   3.210156    32.8270       1030     0.7145 0.0000e+00
     27.000     5.5965   3.210433    32.8313       1059     0.7348 0.0000e+00
     28.000     5.5956   3.209885    32.8255       1087     0.7542 0.0000e+00
     29.000     5.5920   3.208929    32.8177       1111     0.7709 0.0000e+00
     30.000     5.5925   3.208587    32.8128       1134     0.7869 0.0000e+00
     31.000     5.5944   3.208927    32.8143       1161     0.8055 0.0000e+00
     32.000     5.5943   3.208669    32.8110       1192     0.8273 0.0000e+00
     33.000     5.5932   3.208585    32.8105       1221     0.8471 0.0000e+00
     34.000     5.5922   3.208302    32.8079       1245     0.8642 0.0000e+00
     35.000     5.5909   3.208211    32.8076       1270     0.8813 0.0000e+00
     36.000     5.5849   3.208213    32.8129       1297     0.9003 0.0000e+00
     37.000     5.5833   3.208182    32.8137       1328     0.9214 0.0000e+00
     38.000     5.5832   3.207899    32.8101       1357     0.9416 0.0000e+00
     39.000     5.5780   3.207603    32.8113       1382     0.9592 0.0000e+00
     40.000     5.5751   3.207376    32.8110       1406     0.9754 0.0000e+00
     41.000     5.5758   3.207142    32.8072       1429     0.9916 0.0000e+00
     42.000     5.5758   3.207177    32.8071       1454     1.0093 0.0000e+00
     43.000     5.5760   3.207293    32.8078       1484     1.0298 0.0000e+00
     44.000     5.5758   3.207245    32.8068       1516     1.0523 0.0000e+00
     45.000     5.5756   3.207057    32.8045       1544     1.0716 0.0000e+00
     46.000     5.5740   3.206923    32.8040       1568     1.0884 0.0000e+00
     47.000     5.5735   3.206974    32.8045       1593     1.1055 0.0000e+00
     48.000     5.5738   3.207056    32.8047       1620     1.1245 0.0000e+00
     49.000     5.5740   3.206783    32.8009       1649     1.1447 0.0000e+00
     50.000     5.5749   3.206363    32.7947       1675     1.1626 0.0000e+00
     51.000     5.5733   3.206129    32.7931       1699     1.1788 0.0000e+00
     52.000     5.5728   3.205919    32.7907       1723     1.1958 0.0000e+00
     53.000     5.5708   3.205740    32.7902       1753     1.2165 0.0000e+00
     54.000     5.5715   3.205616    32.7876       1784     1.2384 0.0000e+00
     55.000     5.5719   3.205647    32.7871       1811     1.2571 0.0000e+00
     56.000     5.5719   3.205603    32.7861       1835     1.2737 0.0000e+00
     57.000     5.5711   3.205555    32.7858       1859     1.2903 0.0000e+00
     58.000     5.5668   3.205273    32.7863       1885     1.3083 0.0000e+00
     59.000     5.5633   3.204909    32.7851       1916     1.3300 0.0000e+00
     60.000     5.5614   3.204717    32.7843       1946     1.3508 0.0000e+00
     61.000     5.5562   3.204404    32.7852       1970     1.3676 0.0000e+00
     62.000     5.5554   3.204219    32.7835       1994     1.3842 0.0000e+00
     63.000     5.5579   3.204531    32.7841       2020     1.4024 0.0000e+00
     64.000     5.5568   3.204463    32.7838       2047     1.4210 0.0000e+00
     65.000     5.5539   3.204287    32.7842       2072     1.4385 0.0000e+00
     66.000     5.5500   3.203943    32.7836       2098     1.4561 0.0000e+00
     67.000     5.5453   3.203575    32.7835       2126     1.4756 0.0000e+00
     68.000     5.5396   3.203141    32.7837       2159     1.4987 0.0000e+00
     69.000     5.5305   3.202420    32.7838       2190     1.5200 0.0000e+00
     70.000     5.5267   3.202106    32.7834       2213     1.5363 0.0000e+00
     71.000     5.5263   3.202101    32.7833       2233     1.5503 0.0000e+00
     72.000     5.5267   3.202182    32.7833       2254     1.5645 0.0000e+00
     73.000     5.5276   3.202340    32.7838       2280     1.5829 0.0000e+00
     74.000     5.5276   3.202423    32.7841       2316     1.6076 0.0000e+00
     75.000     5.5291   3.202653    32.7849       2348     1.6302 0.0000e+00
     76.000     5.5308   3.203137    32.7881       2372     1.6465 0.0000e+00
     77.000     5.5323   3.203602    32.7915       2392     1.6607 0.0000e+00
     78.000     5.5322   3.203622    32.7913       2414     1.6758 0.0000e+00
     79.000     5.5339   3.204017    32.7936       2442     1.6951 0.0000e+00
     80.000     5.5362   3.204965    32.8016       2477     1.7197 0.0000e+00
     81.000     5.5353   3.205164    32.8042       2508     1.7408 0.0000e+00
     82.000     5.5340   3.205305    32.8066       2531     1.7569 0.0000e+00
     83.000     5.5305   3.205425    32.8109       2552     1.7714 0.0000e+00
     84.000     5.5276   3.205483    32.8139       2575     1.7874 0.0000e+00
     85.000     5.5258   3.205557    32.8160       2604     1.8077 0.0000e+00
     86.000     5.5247   3.205597    32.8170       2636     1.8302 0.0000e+00
     87.000     5.5210   3.205618    32.8203       2664     1.8496 0.0000e+00
     88.000     5.5192   3.205648    32.8220       2690     1.8675 0.0000e+00
     89.000     5.5170   3.205667    32.8239       2715     1.8846 0.0000e+00
     90.000     5.5106   3.205805    32.8311       2739     1.9011 0.0000e+00
     91.000     5.5051   3.206855    32.8479       2764     1.9191 0.0000e+00
     92.000     5.5074   3.207810    32.8561       2794     1.9397 0.0000e+00
     93.000     5.5087   3.208526    32.8623       2824     1.9601 0.0000e+00
     94.000     5.5064   3.208725    32.8664       2849     1.9780 0.0000e+00
     95.000     5.4999   3.208419    32.8688       2874     1.9950 0.0000e+00
     96.000     5.4956   3.208210    32.8700       2900     2.0129 0.0000e+00
     97.000     5.4936   3.208196    32.8714       2927     2.0317 0.0000e+00
     98.000     5.4892   3.208050    32.8735       2954     2.0504 0.0000e+00
     99.000     5.4859   3.208181    32.8777       2981     2.0693 0.0000e+00
    100.000     5.4853   3.208471    32.8812       3008     2.0884 0.0000e+00
    101.000     5.4852   3.208578    32.8819       3035     2.1072 0.0000e+00
    102.000     5.4852   3.208711    32.8830       3062     2.1254 0.0000e+00
    103.000     5.4838   3.208826    32.8851       3087     2.1431 0.0000e+00
    104.000     5.4808   3.208837    32.8877       3112     2.1603 0.0000e+00
    105.000     5.4792   3.208880    32.8892       3136     2.1769 0.0000e+00
    106.000     5.4743   3.208954    32.8943       3162     2.1952 0.0000e+00
    107.000     5.4647   3.208674    32.9001       3194     2.2176 0.0000e+00
    108.000     5.4616   3.209870    32.9162       3223     2.2378 0.0000e+00
    109.000     5.4781   3.213127    32.9365       3245     2.2530 0.0000e+00
    110.000     5.4939   3.215449    32.9469       3267     2.2679 0.0000e+00
    111.000     5.5013   3.216611    32.9524       3293     2.2862 0.0000e+00
    112.000     5.5033   3.217010    32.9544       3326     2.3094 0.0000e+00
    113.000     5.5045   3.217281    32.9559       3354     2.3287 0.0000e+00
    114.000     5.5077   3.217853    32.9587       3378     2.3448 0.0000e+00
    115.000     5.5100   3.218264    32.9605       3402     2.3617 0.0000e+00
    116.000     5.5125   3.218715    32.9627       3430     2.3812 0.0000e+00
    117.000     5.5194   3.219657    32.9661       3457     2.4002 0.0000e+00
    118.000     5.5274   3.220715    32.9698       3482     2.4172 0.0000e+00
    119.000     5.5330   3.221515    32.9729       3505     2.4334 0.0000e+00
    120.000     5.5416   3.222674    32.9772       3530     2.4504 0.0000e+00
    121.000     5.5459   3.223300    32.9795       3556     2.4686 0.0000e+00
    122.000     5.5554   3.224657    32.9851       3586     2.4895 0.0000e+00
    123.000     5.5676   3.226340    32.9917       3617     2.5109 0.0000e+00
    124.000     5.5779   3.227711    32.9966       3643     2.5289 0.0000e+00
    125.000     5.5917   3.229516    33.0030       3666     2.5451 0.0000e+00
    126.000     5.6060   3.231355    33.0094       3690     2.5620 0.0000e+00
    127.000     5.6225   3.233498    33.0169       3717     2.5805 0.0000e+00
    128.000     5.6883   3.242091    33.0492       3745     2.5998 0.0000e+00
    129.000     5.7059   3.244559    33.0592       3771     2.6183 0.0000e+00
    130.000     5.7161   3.245867    33.0635       3795     2.6348 0.0000e+00
    131.000     5.7253   3.247041    33.0673       3818     2.6507 0.0000e+00
    132.000     5.7405   3.248935    33.0733       3843     2.6682 0.0000e+00
    133.000     5.7542   3.250625    33.0784       3873     2.6888 0.0000e+00
    134.000     5.7689   3.252463    33.0842       3904     2.7104 0.0000e+00
    135.000     5.7905   3.255288    33.0944       3932     2.7299 0.0000e+00
    136.000     5.8106   3.258076    33.1056       3957     2.7471 0.0000e+00
    137.000     5.8212   3.259554    33.1114       3981     2.7637 0.0000e+00
    138.000     5.8260   3.260312    33.1147       4006     2.7812 0.0000e+00
    139.000     5.8319   3.261148    33.1179       4031     2.7989 0.0000e+00
    140.000     5.8508   3.263427    33.1245       4056     2.8161 0.0000e+00
    141.000     5.8691   3.265712    33.1318       4082     2.8344 0.0000e+00
    142.000     5.8828   3.267437    33.1373       4112     2.8545 0.0000e+00
    143.000     5.8885   3.268108    33.1388       4139     2.8737 0.0000e+00
    144.000     5.9127   3.271095    33.1482       4164     2.8913 0.0000e+00
    145.000     5.9382   3.274256    33.1582       4191     2.9095 0.0000e+00
    146.000     5.9552   3.276389    33.1650       4220     2.9301 0.0000e+00
    147.000     5.9778   3.279207    33.1740       4248     2.9495 0.0000e+00
    148.000     5.9900   3.280799    33.1794       4271     2.9654 0.0000e+00
    149.000     6.0081   3.283052    33.1865       4294     2.9812 0.0000e+00
    150.000     6.0216   3.284961    33.1942       4320     2.9991 0.0000e+00
    151.000     6.0359   3.286806    33.2004       4347     3.0179 0.0000e+00
    152.000     6.0532   3.289128    33.2089       4374     3.0369 0.0000e+00
    153.000     6.0753   3.292055    33.2196       4403     3.0571 0.0000e+00
    154.000     6.1142   3.297138    33.2379       4432     3.0772 0.0000e+00
    155.000     6.1293   3.299341    33.2472       4457     3.0945 0.0000e+00
    156.000     6.1319   3.299807    33.2493       4481     3.1112 0.0000e+00
    157.000     6.1330   3.300100    33.2511       4509     3.1306 0.0000e+00
    158.000     6.1342   3.300409    33.2529       4536     3.1495 0.0000e+00
    159.000     6.1484   3.302895    33.2662       4559     3.1656 0.0000e+00
    160.000     6.1780   3.307871    33.2924       4585     3.1831 0.0000e+00
    161.000     6.1978   3.311461    33.3126       4614     3.2038 0.0000e+00
    162.000     6.2110   3.314332    33.3312       4642     3.2231 0.0000e+00
    163.000     6.2687   3.324626    33.3889       4667     3.2400 0.0000e+00
    164.000     6.2838   3.327258    33.4029       4692     3.2573 0.0000e+00
    165.000     6.3061   3.331124    33.4236       4720     3.2770 0.0000e+00
    166.000     6.3900   3.345740    33.5035       4748     3.2968 0.0000e+00
    167.000     6.4250   3.352068    33.5389       4775     3.3152 0.0000e+00
    168.000     6.4691   3.359630    33.5790       4800     3.3327 0.0000e+00
    169.000     6.4866   3.362805    33.5965       4827     3.3515 0.0000e+00
    170.000     6.4955   3.364379    33.6047       4855     3.3707 0.0000e+00
    171.000     6.4953   3.364456    33.6053       4880     3.3883 0.0000e+00
    172.000     6.4946   3.364462    33.6056       4906     3.4060 0.0000e+00
    173.000     6.4947   3.364570    33.6061       4933     3.4247 0.0000e+00
    174.000     6.4947   3.364628    33.6064       4961     3.4443 0.0000e+00
    175.000     6.4953   3.364773    33.6068       4988     3.4632 0.0000e+00
    176.000     6.4964   3.365007    33.6079       5013     3.4808 0.0000e+00
    177.000     6.5011   3.365796    33.6114       5039     3.4987 0.0000e+00
    178.000     6.5070   3.366779    33.6161       5066     3.5171 0.0000e+00
    179.000     6.5117   3.367747    33.6217       5087     3.5322 0.0000e+00
    178.000     6.5078   3.367307    33.6211       6111     4.2433 0.0000e+00
    177.000     6.5080   3.367326    33.6216       6600     4.5828 0.0000e+00
    176.000     6.5046   3.366661    33.6181       6603     4.5845 0.0000e+00
    175.000     6.5008   3.365991    33.6150       6626     4.6010 0.0000e+00
    174.000     6.4987   3.365630    33.6135       6648     4.6161 0.0000e+00
    173.000     6.4980   3.365477    33.6130       6671     4.6322 0.0000e+00
    172.000     6.4974   3.365338    33.6125       6699     4.6513 0.0000e+00
    171.000     6.4972   3.365258    33.6123       6728     4.6717 0.0000e+00
    170.000     6.4973   3.365183    33.6119       6753     4.6891 0.0000e+00
    169.000     6.4970   3.365074    33.6114       6775     4.7044 0.0000e+00
    168.000     6.4965   3.364956    33.6112       6798     4.7200 0.0000e+00
    167.000     6.4927   3.364316    33.6082       6825     4.7390 0.0000e+00
    166.000     6.4877   3.363435    33.6039       6859     4.7623 0.0000e+00
    165.000     6.4620   3.359112    33.5817       6886     4.7810 0.0000e+00
    164.000     6.4082   3.349616    33.5296       6907     4.7960 0.0000e+00
    163.000     6.3644   3.341900    33.4873       6929     4.8113 0.0000e+00
    162.000     6.3165   3.333526    33.4417       6956     4.8300 0.0000e+00
    161.000     6.2897   3.328741    33.4151       6985     4.8499 0.0000e+00
    160.000     6.2548   3.322606    33.3816       7009     4.8667 0.0000e+00
    159.000     6.2247   3.317073    33.3498       7033     4.8831 0.0000e+00
    158.000     6.2137   3.314788    33.3356       7059     4.9013 0.0000e+00
    157.000     6.1892   3.310291    33.3099       7086     4.9204 0.0000e+00
    156.000     6.1593   3.305092    33.2816       7115     4.9403 0.0000e+00
    155.000     6.1447   3.302364    33.2659       7144     4.9604 0.0000e+00
    154.000     6.1380   3.301170    33.2596       7169     4.9776 0.0000e+00
    153.000     6.1349   3.300562    33.2564       7190     4.9926 0.0000e+00
    152.000     6.1325   3.300295    33.2562       7212     5.0076 0.0000e+00
    151.000     6.1093   3.297172    33.2445       7237     5.0253 0.0000e+00
    150.000     6.0880   3.294142    33.2319       7267     5.0456 0.0000e+00
