HB2502/ctd141.cnv
* Sea-Bird SBE 9 Data File:
* FileName = C:\cruise\data\ctd141.hex
* Software Version Seasave V 7.26.7.121
* Temperature SN = 6768
* Conductivity SN = 6166
* Number of Bytes Per Scan = 37
* Number of Voltage Words = 4
* Number of Scans Averaged by the Deck Unit = 1
* NMEA Latitude = 41 26.58 N
* NMEA Longitude = 068 25.96 W
* NMEA UTC (Time) = Apr 10 2025 17:09:00
* NMEA baud rate = 4800
** Ship: Bigelow HB2502
** Program:  Spring Bottom Trawl
** Chief Scientist:Jon Galbraith
# nquan = 7
# nvalues = 130                         
# units = specified
# name 0 = depSM: Depth [salt water, m]
# name 1 = t090C: Temperature [ITS-90, deg C]
# name 2 = c0S/m: Conductivity [S/m]
# name 3 = sal00: Salinity, Practical [PSU]
# name 4 = scan: Scan Count
# name 5 = timeM: Time, Elapsed [minutes]
# name 6 = flag: flag
# span 0 =      3.000,     68.000       
# span 1 =     5.9483,     6.2951       
# span 2 =   3.226348,   3.302155       
# span 3 =    32.6529,    33.1917       
# span 4 =        314,       5057       
# span 5 =     0.2174,     3.5114       
# span 6 = 0.0000e+00, 0.0000e+00       
# interval = meters: 1                  
# start_time = Apr 10 2025 17:09:00 [NMEA time, header]
# bad_flag = -9.990e-29
*END*
      4.000     6.2951   3.302155    33.1917        314     0.2174 0.0000e+00
      5.000     6.1835   3.266980    32.9072        525     0.3636 0.0000e+00
      6.000     6.0420   3.249582    32.8493        544     0.3768 0.0000e+00
      7.000     6.0246   3.242643    32.7879        566     0.3924 0.0000e+00
      8.000     6.0229   3.241202    32.7730        592     0.4107 0.0000e+00
      9.000     6.0193   3.242114    32.7862        621     0.4307 0.0000e+00
     10.000     5.9877   3.241000    32.8038        649     0.4502 0.0000e+00
     11.000     5.9689   3.238114    32.7892        678     0.4699 0.0000e+00
     12.000     5.9662   3.236221    32.7701        706     0.4893 0.0000e+00
     13.000     5.9618   3.234781    32.7576        730     0.5065 0.0000e+00
     14.000     5.9608   3.234049    32.7499        753     0.5225 0.0000e+00
     15.000     5.9583   3.233829    32.7493        776     0.5382 0.0000e+00
     16.000     5.9562   3.234179    32.7548        801     0.5559 0.0000e+00
     17.000     5.9557   3.236100    32.7764        834     0.5782 0.0000e+00
     18.000     5.9554   3.234533    32.7586        869     0.6025 0.0000e+00
     19.000     5.9543   3.232228    32.7333        896     0.6213 0.0000e+00
     20.000     5.9532   3.231529    32.7260        918     0.6365 0.0000e+00
     21.000     5.9520   3.231493    32.7262        938     0.6508 0.0000e+00
     22.000     5.9515   3.232163    32.7338        961     0.6665 0.0000e+00
     23.000     5.9524   3.234945    32.7636        988     0.6853 0.0000e+00
     24.000     5.9536   3.235585    32.7691       1020     0.7075 0.0000e+00
     25.000     5.9553   3.233815    32.7472       1050     0.7286 0.0000e+00
     26.000     5.9559   3.231858    32.7241       1077     0.7469 0.0000e+00
     27.000     5.9550   3.231393    32.7193       1101     0.7637 0.0000e+00
     28.000     5.9547   3.231659    32.7220       1125     0.7802 0.0000e+00
     29.000     5.9544   3.232529    32.7316       1150     0.7976 0.0000e+00
     30.000     5.9551   3.234549    32.7530       1178     0.8175 0.0000e+00
     31.000     5.9550   3.232230    32.7267       1210     0.8394 0.0000e+00
     32.000     5.9534   3.231071    32.7147       1238     0.8591 0.0000e+00
     33.000     5.9517   3.230408    32.7085       1261     0.8753 0.0000e+00
     34.000     5.9514   3.230275    32.7068       1283     0.8902 0.0000e+00
     35.000     5.9515   3.230235    32.7057       1307     0.9068 0.0000e+00
     36.000     5.9520   3.230511    32.7079       1336     0.9270 0.0000e+00
     37.000     5.9516   3.230337    32.7058       1367     0.9486 0.0000e+00
     38.000     5.9506   3.230043    32.7030       1394     0.9675 0.0000e+00
     39.000     5.9505   3.229895    32.7008       1419     0.9849 0.0000e+00
     40.000     5.9508   3.229843    32.6995       1445     1.0029 0.0000e+00
     41.000     5.9510   3.229890    32.6993       1473     1.0221 0.0000e+00
     42.000     5.9511   3.229761    32.6973       1500     1.0409 0.0000e+00
     43.000     5.9511   3.229668    32.6957       1525     1.0581 0.0000e+00
     44.000     5.9512   3.229710    32.6956       1549     1.0752 0.0000e+00
     45.000     5.9513   3.229767    32.6957       1577     1.0943 0.0000e+00
     46.000     5.9508   3.229670    32.6946       1605     1.1139 0.0000e+00
     47.000     5.9505   3.229621    32.6938       1631     1.1318 0.0000e+00
     48.000     5.9501   3.229547    32.6929       1657     1.1500 0.0000e+00
     49.000     5.9494   3.229202    32.6892       1685     1.1696 0.0000e+00
     50.000     5.9488   3.228870    32.6856       1713     1.1889 0.0000e+00
     51.000     5.9485   3.228572    32.6821       1739     1.2070 0.0000e+00
     52.000     5.9483   3.228398    32.6798       1764     1.2240 0.0000e+00
     53.000     5.9484   3.228291    32.6779       1788     1.2407 0.0000e+00
     54.000     5.9485   3.228168    32.6759       1813     1.2586 0.0000e+00
     55.000     5.9486   3.228141    32.6751       1843     1.2791 0.0000e+00
     56.000     5.9486   3.228067    32.6738       1874     1.3007 0.0000e+00
     57.000     5.9488   3.228098    32.6735       1901     1.3196 0.0000e+00
     58.000     5.9489   3.228092    32.6728       1925     1.3364 0.0000e+00
     59.000     5.9490   3.228164    32.6730       1949     1.3529 0.0000e+00
     60.000     5.9491   3.228206    32.6728       1973     1.3698 0.0000e+00
     61.000     5.9494   3.228267    32.6727       2000     1.3880 0.0000e+00
     62.000     5.9499   3.228364    32.6729       2029     1.4081 0.0000e+00
     63.000     5.9500   3.228434    32.6730       2056     1.4273 0.0000e+00
     64.000     5.9501   3.228474    32.6729       2083     1.4455 0.0000e+00
     65.000     5.9501   3.228513    32.6729       2109     1.4637 0.0000e+00
     66.000     5.9498   3.228525    32.6728       2137     1.4830 0.0000e+00
     67.000     5.9499   3.228467    32.6716       2559     1.7762 0.0000e+00
     68.000     5.9500   3.228657    32.6731       3595     2.4958 0.0000e+00
     67.000     5.9497   3.228561    32.6729       3249     2.2554 0.0000e+00
     66.000     5.9498   3.228508    32.6727       3328     2.3101 0.0000e+00
     65.000     5.9497   3.228463    32.6727       3351     2.3261 0.0000e+00
     64.000     5.9496   3.228409    32.6727       3375     2.3432 0.0000e+00
     63.000     5.9497   3.228397    32.6730       3400     2.3605 0.0000e+00
     62.000     5.9495   3.228335    32.6730       3427     2.3792 0.0000e+00
     61.000     5.9493   3.228285    32.6731       3457     2.3999 0.0000e+00
     60.000     5.9493   3.228225    32.6729       3485     2.4197 0.0000e+00
     59.000     5.9493   3.228179    32.6728       3509     2.4361 0.0000e+00
     58.000     5.9493   3.226348    32.6529       3531     2.4515 0.0000e+00
     57.000     5.9491   3.228022    32.6723       3556     2.4688 0.0000e+00
     56.000     5.9492   3.228047    32.6730       3585     2.4889 0.0000e+00
     55.000     5.9493   3.228030    32.6732       3613     2.5081 0.0000e+00
     54.000     5.9495   3.227992    32.6731       3636     2.5246 0.0000e+00
     53.000     5.9503   3.228064    32.6736       3659     2.5401 0.0000e+00
     52.000     5.9514   3.228113    32.6736       3682     2.5561 0.0000e+00
     51.000     5.9522   3.228160    32.6738       3710     2.5756 0.0000e+00
     50.000     5.9521   3.228073    32.6735       3744     2.5996 0.0000e+00
     49.000     5.9518   3.228030    32.6738       3773     2.6195 0.0000e+00
     48.000     5.9511   3.227916    32.6736       3794     2.6340 0.0000e+00
     47.000     5.9506   3.227845    32.6739       3813     2.6471 0.0000e+00
     46.000     5.9502   3.227780    32.6740       3833     2.6614 0.0000e+00
     45.000     5.9501   3.227687    32.6735       3861     2.6803 0.0000e+00
     44.000     5.9500   3.227645    32.6736       3898     2.7060 0.0000e+00
     43.000     5.9500   3.227619    32.6738       3929     2.7278 0.0000e+00
     42.000     5.9501   3.227562    32.6735       3952     2.7435 0.0000e+00
     41.000     5.9502   3.227519    32.6735       3972     2.7575 0.0000e+00
     40.000     5.9500   3.227454    32.6734       3993     2.7722 0.0000e+00
     39.000     5.9502   3.227427    32.6734       4018     2.7895 0.0000e+00
     38.000     5.9505   3.227373    32.6730       4047     2.8097 0.0000e+00
     37.000     5.9505   3.227345    32.6733       4076     2.8298 0.0000e+00
     36.000     5.9505   3.227302    32.6733       4103     2.8486 0.0000e+00
     35.000     5.9507   3.227180    32.6722       4129     2.8665 0.0000e+00
     34.000     5.9508   3.227265    32.6735       4155     2.8845 0.0000e+00
     33.000     5.9508   3.227231    32.6737       4181     2.9027 0.0000e+00
     32.000     5.9507   3.227177    32.6737       4206     2.9204 0.0000e+00
     31.000     5.9507   3.227128    32.6736       4230     2.9367 0.0000e+00
     30.000     5.9506   3.227048    32.6732       4253     2.9531 0.0000e+00
     29.000     5.9507   3.227008    32.6733       4279     2.9709 0.0000e+00
     28.000     5.9504   3.226980    32.6737       4307     2.9900 0.0000e+00
     27.000     5.9507   3.226937    32.6735       4335     3.0095 0.0000e+00
     26.000     5.9516   3.226947    32.6731       4363     3.0294 0.0000e+00
     25.000     5.9526   3.227028    32.6737       4390     3.0479 0.0000e+00
     24.000     5.9528   3.227040    32.6740       4413     3.0642 0.0000e+00
     23.000     5.9530   3.226966    32.6735       4435     3.0795 0.0000e+00
     22.000     5.9533   3.226924    32.6733       4460     3.0968 0.0000e+00
     21.000     5.9547   3.227055    32.6738       4490     3.1174 0.0000e+00
     20.000     5.9551   3.227051    32.6739       4520     3.1379 0.0000e+00
     19.000     5.9565   3.227113    32.6738       4544     3.1552 0.0000e+00
     18.000     5.9557   3.226996    32.6737       4567     3.1709 0.0000e+00
     17.000     5.9564   3.227004    32.6736       4590     3.1870 0.0000e+00
     16.000     5.9654   3.227711    32.6733       4617     3.2052 0.0000e+00
     15.000     5.9737   3.228419    32.6738       4645     3.2252 0.0000e+00
     14.000     5.9823   3.229103    32.6736       4673     3.2442 0.0000e+00
     13.000     5.9875   3.229530    32.6739       4699     3.2624 0.0000e+00
     12.000     5.9905   3.229739    32.6738       4725     3.2803 0.0000e+00
     11.000     5.9958   3.230150    32.6738       4749     3.2975 0.0000e+00
     10.000     5.9965   3.230239    32.6746       4774     3.3143 0.0000e+00
      9.000     5.9938   3.229995    32.6750       4799     3.3323 0.0000e+00
      8.000     5.9969   3.230127    32.6740       4827     3.3514 0.0000e+00
      7.000     6.0075   3.230985    32.6738       4853     3.3696 0.0000e+00
      6.000     6.0309   3.232564    32.6695       4879     3.3877 0.0000e+00
      5.000     6.0621   3.235318    32.6707       4905     3.4059 0.0000e+00
      4.000     6.0896   3.237356    32.6675       4930     3.4231 0.0000e+00
      3.000     6.2930   3.254627    32.6648       5057     3.5114 0.0000e+00
