HB2502/ctd177.cnv
* Sea-Bird SBE 9 Data File:
* FileName = C:\cruise\data\ctd177.hex
* Software Version Seasave V 7.26.7.121
* Temperature SN = 4591
* Conductivity SN = 6006
* Number of Bytes Per Scan = 37
* Number of Voltage Words = 4
* Number of Scans Averaged by the Deck Unit = 1
* NMEA Latitude = 41 39.88 N
* NMEA Longitude = 065 50.85 W
* NMEA UTC (Time) = May 04 2025 23:13:24
* NMEA baud rate = 4800
** Ship: Bigelow HB2502
** Program:  Spring Bottom Trawl
** Chief Scientist:Jon Galbraith
# nquan = 10
# nvalues = 285                         
# units = specified
# name 0 = depSM: Depth [salt water, m]
# name 1 = t090C: Temperature [ITS-90, deg C]
# name 2 = c0S/m: Conductivity [S/m]
# name 3 = sal00: Salinity, Practical [PSU]
# name 4 = scan: Scan Count
# name 5 = timeM: Time, Elapsed [minutes]
# name 6 = sbeox0Mg/L: Oxygen, SBE 43 [mg/l]
# name 7 = sbeox1Mg/L: Oxygen, SBE 43, 2 [mg/l]
# name 8 = par: PAR/Irradiance, Biospherical/Licor
# name 9 = flag: flag
# span 0 =      3.000,    145.000       
# span 1 =     6.3365,     9.7034       
# span 2 =   3.278881,   3.751259       
# span 3 =    32.7547,    34.6265       
# span 4 =        173,       8564       
# span 5 =     0.1195,     5.9468       
# span 6 =     6.4621,    10.7462       
# span 7 =     6.6320,    10.9490       
# span 8 = -1.726e-07, 2.1038e+01       
# span 9 = 0.0000e+00, 0.0000e+00       
# interval = meters: 1                  
# start_time = May 04 2025 23:13:24 [NMEA time, header]
# bad_flag = -9.990e-29
*END*
[from data line 145]
    142.000     9.5926   3.737839    34.5964       4779     3.3183     6.4725     6.6395 1.0000e-12 0.0000e+00
    141.000     9.3946   3.715878    34.5606       4800     3.3327     6.4653     6.6485 1.0000e-12 0.0000e+00
    140.000     9.0997   3.678456    34.4569       4827     3.3515     6.5052     6.6320 1.0000e-12 0.0000e+00
    139.000     8.9072   3.654206    34.3901       4860     3.3743     6.5709     6.7773 1.0000e-12 0.0000e+00
    138.000     8.6697   3.626691    34.3316       4887     3.3929     6.7374     6.8217 1.0000e-12 0.0000e+00
    137.000     7.9031   3.539359    34.1494       4909     3.4081     6.9769     6.9853 1.0000e-12 0.0000e+00
    136.000     7.6768   3.501572    33.9648       4929     3.4222     7.0200     7.1053 1.0000e-12 0.0000e+00
    135.000     7.6322   3.493301    33.9195       4952     3.4385     7.0055     7.1245 1.0000e-12 0.0000e+00
    134.000     7.5302   3.476750    33.8406       4986     3.4618     7.3807     7.6195 1.0000e-12 0.0000e+00
    133.000     7.4203   3.460452    33.7715       5023     3.4874     7.7445     7.9479 1.0000e-12 0.0000e+00
    132.000     7.3586   3.451424    33.7341       5046     3.5036     7.8485     7.9643 1.0000e-12 0.0000e+00
    131.000     7.3379   3.448137    33.7191       5065     3.5165     7.8765     8.0155 1.0000e-12 0.0000e+00
    130.000     7.2586   3.436665    33.6720       5083     3.5294     7.9092     8.1204 1.0000e-12 0.0000e+00
    129.000     7.2059   3.428070    33.6302       5106     3.5450     7.9745     8.2093 1.0000e-12 0.0000e+00
    128.000     7.1491   3.418510    33.5816       5140     3.5689     8.0563     8.2691 1.0000e-12 0.0000e+00
    127.000     7.0741   3.406865    33.5279       5179     3.5957     8.2188     8.3950 1.0000e-12 0.0000e+00
    126.000     6.8896   3.381060    33.4249       5202     3.6117     8.2934     8.4490 1.0000e-12 0.0000e+00
    125.000     6.7588   3.358588    33.3056       5221     3.6248     8.3308     8.4670 1.0000e-12 0.0000e+00
    124.000     6.7009   3.349902    33.2667       5241     3.6388     8.3222     8.5548 1.0000e-12 0.0000e+00
    123.000     6.6716   3.344349    33.2344       5268     3.6577     8.4808     8.8443 1.0000e-12 0.0000e+00
    122.000     6.6377   3.338531    33.2035       5303     3.6818     8.8155     9.1252 1.0000e-12 0.0000e+00
    121.000     6.5876   3.330635    33.1654       5331     3.7014     8.9988     9.1920 1.0000e-12 0.0000e+00
    120.000     6.5503   3.324753    33.1370       5353     3.7164     9.0383     9.1879 1.0000e-12 0.0000e+00
    119.000     6.5192   3.319754    33.1124       5373     3.7307     9.0296     9.2243 1.0000e-12 0.0000e+00
    118.000     6.4946   3.315184    33.0861       5397     3.7469     9.0706     9.2745 1.0000e-12 0.0000e+00
    117.000     6.4694   3.310886    33.0634       5429     3.7692     9.1889     9.3704 1.0000e-12 0.0000e+00
    116.000     6.4595   3.308886    33.0513       5464     3.7938     9.2761     9.4588 1.0000e-12 0.0000e+00
    115.000     6.4542   3.307737    33.0442       5488     3.8108     9.2891     9.4251 1.0000e-12 0.0000e+00
    114.000     6.4177   3.302518    33.0221       5508     3.8244     9.3016     9.4390 1.0000e-12 0.0000e+00
    113.000     6.4058   3.299846    33.0044       5527     3.8377     9.2963     9.4663 1.0000e-12 0.0000e+00
    112.000     6.4032   3.299293    33.0014       5550     3.8533     9.2978     9.4626 1.0000e-12 0.0000e+00
    111.000     6.3917   3.297175    32.9894       5579     3.8738     9.3614     9.5435 1.0000e-12 0.0000e+00
    110.000     6.4004   3.297899    32.9896       5613     3.8973     9.3838     9.6084 1.0000e-12 0.0000e+00
    109.000     6.4007   3.298180    32.9929       5644     3.9186     9.3818     9.5998 1.0000e-12 0.0000e+00
    108.000     6.3908   3.296670    32.9862       5667     3.9350     9.4138     9.5919 1.0000e-12 0.0000e+00
    107.000     6.3733   3.293577    32.9693       5687     3.9489     9.4334     9.6041 1.0000e-12 0.0000e+00
    106.000     6.3708   3.292884    32.9646       5708     3.9632     9.4355     9.6066 1.0000e-12 0.0000e+00
    105.000     6.3681   3.292298    32.9611       5733     3.9804     9.4174     9.6190 1.0000e-12 0.0000e+00
    104.000     6.3685   3.292102    32.9590       5765     4.0028     9.4352     9.6764 1.0000e-12 0.0000e+00
    103.000     6.3678   3.291736    32.9561       5799     4.0266     9.4725     9.7024 1.0000e-12 0.0000e+00
    102.000     6.3674   3.291613    32.9556       5825     4.0447     9.4807     9.6851 1.0000e-12 0.0000e+00
    101.000     6.3647   3.291201    32.9542       5846     4.0587     9.4751     9.6694 1.0000e-12 0.0000e+00
    100.000     6.3606   3.290390    32.9496       5864     4.0714     9.4844     9.6698 1.0000e-12 0.0000e+00
     99.000     6.3595   3.289961    32.9464       5883     4.0846     9.5187     9.6772 1.0000e-12 0.0000e+00
     98.000     6.3599   3.289771    32.9444       5908     4.1023     9.5205     9.6787 1.0000e-12 0.0000e+00
     97.000     6.3606   3.289792    32.9445       5952     4.1329     9.5128     9.7375 1.0000e-12 0.0000e+00
     96.000     6.3587   3.289056    32.9386       5984     4.1551     9.5243     9.7350 1.0000e-12 0.0000e+00
     95.000     6.3583   3.288894    32.9377       6004     4.1685     9.5015     9.7254 1.0000e-12 0.0000e+00
     94.000     6.3545   3.287558    32.9270       6022     4.1812     9.4867     9.7259 1.0000e-12 0.0000e+00
     93.000     6.3536   3.286947    32.9216       6042     4.1949     9.4842     9.7266 1.0000e-12 0.0000e+00
     92.000     6.3551   3.287107    32.9224       6065     4.2112     9.4937     9.7466 1.0000e-12 0.0000e+00
     91.000     6.3544   3.286712    32.9191       6098     4.2340     9.5579     9.7870 1.0000e-12 0.0000e+00
     90.000     6.3523   3.285768    32.9112       6135     4.2598     9.6226     9.7873 1.0000e-12 0.0000e+00
     89.000     6.3523   3.285467    32.9084       6160     4.2774     9.6121     9.7992 1.0000e-12 0.0000e+00
     88.000     6.3514   3.284666    32.9008       6181     4.2918     9.5933     9.8211 1.0000e-12 0.0000e+00
     87.000     6.3523   3.284008    32.8932       6202     4.3064     9.5711     9.8434 1.0000e-12 0.0000e+00
     86.000     6.3533   3.283785    32.8902       6225     4.3220     9.5757     9.8471 1.0000e-12 0.0000e+00
     85.000     6.3518   3.283018    32.8836       6249     4.3387     9.6081     9.8551 1.0000e-12 0.0000e+00
     84.000     6.3511   3.282636    32.8806       6277     4.3580     9.6713     9.8943 1.0000e-12 0.0000e+00
     83.000     6.3509   3.282145    32.8758       6309     4.3808     9.6748     9.9097 1.0000e-12 0.0000e+00
     82.000     6.3488   3.281735    32.8737       6341     4.4025     9.6972     9.9095 1.0000e-12 0.0000e+00
     81.000     6.3450   3.281009    32.8698       6366     4.4199     9.7005     9.9108 1.0000e-12 0.0000e+00
     80.000     6.3433   3.280597    32.8674       6387     4.4344     9.7090     9.9261 1.0000e-12 0.0000e+00
     79.000     6.3434   3.280490    32.8666       6407     4.4484     9.7114     9.9314 1.0000e-12 0.0000e+00
     78.000     6.3432   3.280378    32.8661       6429     4.4637     9.7098     9.9257 1.0000e-12 0.0000e+00
     77.000     6.3433   3.280336    32.8659       6457     4.4832     9.6924     9.9174 1.0000e-12 0.0000e+00
     76.000     6.3428   3.280259    32.8660       6493     4.5086     9.6899     9.9139 1.0000e-12 0.0000e+00
     75.000     6.3400   3.279723    32.8633       6524     4.5295     9.7161     9.9278 1.0000e-12 0.0000e+00
     74.000     6.3365   3.279159    32.8609       6546     4.5449     9.7071     9.9329 1.0000e-12 0.0000e+00
     73.000     6.3375   3.278881    32.8573       6565     4.5586     9.6970     9.9264 1.0000e-12 0.0000e+00
     72.000     6.3391   3.278982    32.8574       6586     4.5729     9.6850     9.9163 1.0000e-12 0.0000e+00
     71.000     6.3402   3.279085    32.8580       6612     4.5910     9.6625     9.9109 1.0000e-12 0.0000e+00
     70.000     6.3428   3.279237    32.8576       6647     4.6153     9.6981     9.9316 1.0000e-12 0.0000e+00
     69.000     6.3488   3.279491    32.8552       6676     4.6357     9.6922     9.9356 1.0000e-12 0.0000e+00
     68.000     6.3476   3.279245    32.8541       6699     4.6513     9.6969     9.9261 1.0000e-12 0.0000e+00
     67.000     6.3487   3.279204    32.8530       6720     4.6662     9.7051     9.9363 1.0000e-12 0.0000e+00
     66.000     6.3500   3.279280    32.8532       6745     4.6833     9.6791     9.9585 1.0000e-12 0.0000e+00
     65.000     6.3542   3.279548    32.8525       6773     4.7029     9.6907     9.9711 1.0000e-12 0.0000e+00
     64.000     6.3582   3.279834    32.8524       6800     4.7214     9.7231     9.9634 1.0000e-12 0.0000e+00
     63.000     6.3591   3.279898    32.8527       6825     4.7388     9.7407     9.9449 1.0000e-12 0.0000e+00
     62.000     6.3611   3.280021    32.8527       6851     4.7567     9.7529     9.9307 1.0000e-12 0.0000e+00
     61.000     6.3670   3.280319    32.8507       6876     4.7743     9.7235     9.9594 1.0000e-12 0.0000e+00
     60.000     6.3752   3.280674    32.8473       6900     4.7907     9.6962     9.9832 1.0000e-12 0.0000e+00
     59.000     6.3813   3.280804    32.8433       6925     4.8086     9.7147     9.9816 1.0000e-12 0.0000e+00
     58.000     6.3821   3.280629    32.8411       6958     4.8313     9.7640     9.9936 1.0000e-12 0.0000e+00
     57.000     6.3959   3.280678    32.8288       6989     4.8528     9.7956    10.0109 1.0000e-12 0.0000e+00
     56.000     6.4008   3.280791    32.8259       7011     4.8683     9.7930    10.0312 1.0000e-12 0.0000e+00
     55.000     6.4112   3.281173    32.8206       7031     4.8817     9.7841    10.0659 1.0000e-12 0.0000e+00
     54.000     6.4138   3.281290    32.8199       7051     4.8957     9.7889    10.1057 1.0000e-12 0.0000e+00
     53.000     6.4139   3.281314    32.8205       7076     4.9132     9.8446    10.1313 1.0000e-12 0.0000e+00
     52.000     6.4120   3.281242    32.8220       7110     4.9368     9.9059    10.1474 1.0000e-12 0.0000e+00
     51.000     6.4221   3.281666    32.8175       7141     4.9581     9.9307    10.1454 1.0000e-12 0.0000e+00
     50.000     6.4250   3.281798    32.8166       7164     4.9743     9.9208    10.1381 1.0000e-12 0.0000e+00
     49.000     6.4280   3.281953    32.8160       7186     4.9894     9.9025    10.1534 1.0000e-12 0.0000e+00
     48.000     6.4283   3.281964    32.8163       7210     5.0065     9.8974    10.1848 1.0000e-12 0.0000e+00
     47.000     6.4293   3.281983    32.8161       7240     5.0271     9.9450    10.2033 1.0000e-12 0.0000e+00
     46.000     6.4309   3.282061    32.8158       7268     5.0466     9.9923    10.2083 1.0000e-12 0.0000e+00
     45.000     6.4358   3.282368    32.8150       7291     5.0623     9.9712    10.2046 1.0000e-12 0.0000e+00
     44.000     6.4367   3.282412    32.8151       7312     5.0773     9.9529    10.2019 1.0000e-12 0.0000e+00
     43.000     6.4497   3.283235    32.8122       7337     5.0941     9.9578    10.2088 1.7468e-05 0.0000e+00
     42.000     6.4619   3.283990    32.8093       7369     5.1167     9.9720    10.2312 1.1580e-03 0.0000e+00
     41.000     6.4761   3.284925    32.8065       7402     5.1398     9.9931    10.2288 3.0968e-04 0.0000e+00
     40.000     6.4763   3.284947    32.8071       7426     5.1560    10.0147    10.2384 7.7875e-03 0.0000e+00
     39.000     6.4779   3.285011    32.8067       7444     5.1691    10.0221    10.2629 1.9490e-02 0.0000e+00
     38.000     6.4918   3.285730    32.8019       7462     5.1813    10.0217    10.2902 1.9359e-02 0.0000e+00
     37.000     6.5057   3.286715    32.7999       7484     5.1965    10.0363    10.3148 3.0338e-02 0.0000e+00
     36.000     6.5164   3.287470    32.7984       7527     5.2265    10.0907    10.3619 4.1105e-02 0.0000e+00
     35.000     6.5259   3.287974    32.7954       7563     5.2512    10.1642    10.3581 4.8294e-02 0.0000e+00
     34.000     6.5352   3.288591    32.7938       7581     5.2636    10.1438    10.3533 6.5132e-02 0.0000e+00
     33.000     6.5364   3.288691    32.7942       7597     5.2748    10.1284    10.3717 7.8703e-02 0.0000e+00
     32.000     6.5383   3.288822    32.7943       7614     5.2871    10.1173    10.3977 1.0046e-01 0.0000e+00
     31.000     6.5643   3.290207    32.7852       7644     5.3075    10.1390    10.4244 1.1690e-01 0.0000e+00
     30.000     6.6110   3.292996    32.7717       7689     5.3388    10.1940    10.4529 1.3662e-01 0.0000e+00
     29.000     6.5947   3.292225    32.7792       7715     5.3568    10.2082    10.4842 1.5383e-01 0.0000e+00
     28.000     6.6042   3.292570    32.7745       7733     5.3697    10.2187    10.4930 1.7216e-01 0.0000e+00
     27.000     6.6187   3.293564    32.7720       7751     5.3819    10.2296    10.4902 2.1236e-01 0.0000e+00
     26.000     6.6269   3.294024    32.7697       7771     5.3958    10.2372    10.4920 2.6176e-01 0.0000e+00
     25.000     6.6492   3.295401    32.7640       7801     5.4165    10.2288    10.4951 3.0238e-01 0.0000e+00
     24.000     6.6560   3.295565    32.7598       7839     5.4429    10.2555    10.5299 3.4292e-01 0.0000e+00
     23.000     6.6769   3.296872    32.7547       7867     5.4625    10.2931    10.5574 3.9055e-01 0.0000e+00
     22.000     6.7803   3.306211    32.7590       7888     5.4771    10.2861    10.5473 4.7109e-01 0.0000e+00
     21.000     6.7991   3.308774    32.7698       7908     5.4906    10.2508    10.5702 5.5672e-01 0.0000e+00
     20.000     6.8535   3.313600    32.7712       7929     5.5052    10.2493    10.5994 6.4911e-01 0.0000e+00
     19.000     6.8735   3.315947    32.7784       7957     5.5250    10.3460    10.6703 7.7058e-01 0.0000e+00
     18.000     6.8659   3.315436    32.7805       7994     5.5506    10.4745    10.7700 8.8821e-01 0.0000e+00
     17.000     6.8460   3.313592    32.7798       8022     5.5700    10.5552    10.7831 1.0637e+00 0.0000e+00
     16.000     6.8397   3.312976    32.7795       8044     5.5857    10.5610    10.7688 1.2736e+00 0.0000e+00
     15.000     6.8477   3.313627    32.7795       8066     5.6010    10.5152    10.7393 1.4826e+00 0.0000e+00
     14.000     6.8622   3.314991    32.7811       8091     5.6177    10.4398    10.7190 1.7746e+00 0.0000e+00
     13.000     6.8600   3.314858    32.7822       8118     5.6370    10.4331    10.7121 2.0618e+00 0.0000e+00
     12.000     6.8617   3.314928    32.7818       8148     5.6575    10.4819    10.7314 2.5205e+00 0.0000e+00
     11.000     6.8758   3.316082    32.7815       8174     5.6757    10.4804    10.7397 3.0676e+00 0.0000e+00
     10.000     6.8956   3.317856    32.7825       8200     5.6935    10.4880    10.7547 3.6173e+00 0.0000e+00
      9.000     6.9014   3.318162    32.7808       8228     5.7129    10.4949    10.7673 4.4282e+00 0.0000e+00
      8.000     6.8865   3.317314    32.7863       8254     5.7312    10.4991    10.7695 5.6447e+00 0.0000e+00
      7.000     6.8610   3.314900    32.7846       8278     5.7480    10.5292    10.7719 6.9245e+00 0.0000e+00
      6.000     6.8737   3.315818    32.7830       8305     5.7665    10.5436    10.7618 8.5250e+00 0.0000e+00
      5.000     7.0190   3.327564    32.7736       8338     5.7893    10.5103    10.7157 1.1025e+01 0.0000e+00
      4.000     7.0971   3.335049    32.7814       8362     5.8063    10.4935    10.7469 1.5248e+01 0.0000e+00
      3.000     7.1156   3.337175    32.7874       8564     5.9468    10.7052    10.9490 2.1038e+01 0.0000e+00
