HB2502/ctd168.cnv
* Sea-Bird SBE 9 Data File:
* FileName = C:\cruise\data\ctd168.hex
* Software Version Seasave V 7.26.7.121
* Temperature SN = 6768
* Conductivity SN = 6166
* Number of Bytes Per Scan = 37
* Number of Voltage Words = 4
* Number of Scans Averaged by the Deck Unit = 1
* NMEA Latitude = 42 18.31 N
* NMEA Longitude = 070 04.55 W
* NMEA UTC (Time) = Apr 17 2025 12:19:53
* NMEA baud rate = 4800
** Ship: Bigelow HB2502
** Program:  Spring Bottom Trawl
** Chief Scientist:Jon Galbraith
# nquan = 7
# nvalues = 223                         
# units = specified
# name 0 = depSM: Depth [salt water, m]
# name 1 = t090C: Temperature [ITS-90, deg C]
# name 2 = c0S/m: Conductivity [S/m]
# name 3 = sal00: Salinity, Practical [PSU]
# name 4 = scan: Scan Count
# name 5 = timeM: Time, Elapsed [minutes]
# name 6 = flag: flag
# span 0 =      1.000,    113.000       
# span 1 =     4.8001,     5.3610       
# span 2 =   2.363493,   3.193129       
# span 3 =    24.1239,    32.8774       
# span 4 =        -27,       8978       
# span 5 =    -0.0198,     6.2340       
# span 6 = 0.0000e+00, 0.0000e+00       
# interval = meters: 1                  
# start_time = Apr 17 2025 12:19:53 [NMEA time, header]
# bad_flag = -9.990e-29
*END*
      3.000     5.3610   3.193129    32.8774        -27    -0.0198 0.0000e+00
      4.000     5.2916   3.171569    32.6988        311     0.2152 0.0000e+00
      5.000     5.2996   3.161211    32.5723        340     0.2353 0.0000e+00
      6.000     5.2986   3.158387    32.5405        370     0.2559 0.0000e+00
      7.000     5.2984   3.158040    32.5363        401     0.2775 0.0000e+00
      8.000     5.2975   3.157278    32.5280        427     0.2958 0.0000e+00
      9.000     5.2936   3.157438    32.5330        453     0.3138 0.0000e+00
     10.000     5.2917   3.161704    32.5830        531     0.3681 0.0000e+00
     11.000     5.2905   3.160799    32.5734        642     0.4449 0.0000e+00
     12.000     5.2893   3.157883    32.5408        669     0.4638 0.0000e+00
     13.000     5.2889   3.157850    32.5403        699     0.4847 0.0000e+00
     14.000     5.2884   3.158190    32.5442        726     0.5037 0.0000e+00
     15.000     5.2882   3.158753    32.5503        754     0.5231 0.0000e+00
     16.000     5.2882   3.158966    32.5522        783     0.5429 0.0000e+00
     17.000     5.2879   3.158976    32.5521        810     0.5617 0.0000e+00
     18.000     5.2874   3.159174    32.5543        836     0.5797 0.0000e+00
     19.000     5.2867   3.159709    32.5606        862     0.5978 0.0000e+00
     20.000     5.2864   3.160387    32.5681        888     0.6161 0.0000e+00
     21.000     5.2864   3.161102    32.5758        915     0.6350 0.0000e+00
     22.000     5.2862   3.161560    32.5807        943     0.6545 0.0000e+00
     23.000     5.2863   3.161847    32.5834        971     0.6739 0.0000e+00
     24.000     5.2867   3.162141    32.5859        998     0.6925 0.0000e+00
     25.000     5.2870   3.162512    32.5893       1025     0.7108 0.0000e+00
     26.000     5.2876   3.162912    32.5928       1051     0.7292 0.0000e+00
     27.000     5.2819   3.163158    32.6006       1077     0.7474 0.0000e+00
     28.000     5.2467   3.163408    32.6373       1104     0.7662 0.0000e+00
     29.000     5.2152   3.164089    32.6754       1133     0.7862 0.0000e+00
     30.000     5.1914   3.165549    32.7148       1162     0.8060 0.0000e+00
     31.000     5.1759   3.166645    32.7421       1188     0.8244 0.0000e+00
     32.000     5.1554   3.167417    32.7705       1215     0.8428 0.0000e+00
     33.000     5.1441   3.167941    32.7872       1241     0.8611 0.0000e+00
     34.000     5.1407   3.168305    32.7941       1266     0.8788 0.0000e+00
     35.000     5.1385   3.168512    32.7981       1293     0.8969 0.0000e+00
     36.000     5.1360   3.168751    32.8028       1322     0.9172 0.0000e+00
     37.000     5.1345   3.168622    32.8023       1353     0.9386 0.0000e+00
     38.000     5.1327   3.168396    32.8010       1379     0.9571 0.0000e+00
     39.000     5.1293   3.168289    32.8026       1404     0.9740 0.0000e+00
     40.000     5.1277   3.168284    32.8036       1428     0.9909 0.0000e+00
     41.000     5.1273   3.168377    32.8046       1455     1.0095 0.0000e+00
     42.000     5.1274   3.168448    32.8048       1483     1.0295 0.0000e+00
     43.000     5.1273   3.168400    32.8039       1512     1.0496 0.0000e+00
     44.000     5.1260   3.168236    32.8027       1540     1.0685 0.0000e+00
     45.000     5.1254   3.168053    32.8007       1566     1.0867 0.0000e+00
     46.000     5.1218   3.167924    32.8023       1591     1.1044 0.0000e+00
     47.000     5.1204   3.167969    32.8036       1617     1.1220 0.0000e+00
     48.000     5.1155   3.167898    32.8072       1644     1.1412 0.0000e+00
     49.000     5.1089   3.167837    32.8124       1674     1.1621 0.0000e+00
     50.000     5.1047   3.166898    32.8052       1702     1.1811 0.0000e+00
     51.000     5.1027   3.165660    32.7925       1726     1.1982 0.0000e+00
     52.000     5.1040   3.165172    32.7851       1751     1.2152 0.0000e+00
     53.000     5.0982   3.164740    32.7854       1777     1.2333 0.0000e+00
     54.000     5.0943   3.164197    32.7824       1805     1.2529 0.0000e+00
     55.000     5.0943   3.164019    32.7799       1834     1.2732 0.0000e+00
     56.000     5.0901   3.163694    32.7798       1862     1.2922 0.0000e+00
     57.000     5.0886   3.163520    32.7787       1888     1.3102 0.0000e+00
     58.000     5.0809   3.162973    32.7795       1914     1.3283 0.0000e+00
     59.000     5.0696   3.162104    32.7802       1940     1.3469 0.0000e+00
     60.000     5.0511   3.160671    32.7814       1966     1.3648 0.0000e+00
     61.000     5.0473   3.160294    32.7804       1992     1.3824 0.0000e+00
     62.000     5.0305   3.159045    32.7819       2019     1.4012 0.0000e+00
     63.000     5.0234   3.158504    32.7822       2047     1.4208 0.0000e+00
     64.000     4.9967   3.156509    32.7851       2074     1.4396 0.0000e+00
     65.000     4.9760   3.154945    32.7869       2100     1.4579 0.0000e+00
     66.000     4.9592   3.153553    32.7869       2127     1.4761 0.0000e+00
     67.000     4.9410   3.152182    32.7886       2153     1.4944 0.0000e+00
     68.000     4.9348   3.151622    32.7878       2180     1.5133 0.0000e+00
     69.000     4.9292   3.151200    32.7879       2208     1.5330 0.0000e+00
     70.000     4.9165   3.150215    32.7885       2236     1.5524 0.0000e+00
     71.000     4.9104   3.149727    32.7884       2262     1.5703 0.0000e+00
     72.000     4.8933   3.148455    32.7901       2287     1.5872 0.0000e+00
     73.000     4.8688   3.146586    32.7922       2311     1.6041 0.0000e+00
     74.000     4.8661   3.146241    32.7903       2337     1.6225 0.0000e+00
     75.000     4.8629   3.146012    32.7903       2368     1.6437 0.0000e+00
     76.000     4.8600   3.145878    32.7912       2397     1.6641 0.0000e+00
     77.000     4.8566   3.145600    32.7908       2423     1.6818 0.0000e+00
     78.000     4.8564   3.145619    32.7908       2447     1.6989 0.0000e+00
     79.000     4.8462   3.144944    32.7925       2473     1.7169 0.0000e+00
     80.000     4.8360   3.144226    32.7937       2501     1.7358 0.0000e+00
     81.000     4.8337   3.144007    32.7930       2527     1.7545 0.0000e+00
     82.000     4.8261   3.143468    32.7937       2554     1.7729 0.0000e+00
     83.000     4.8204   3.143019    32.7937       2583     1.7931 0.0000e+00
     84.000     4.8157   3.142586    32.7927       2614     1.8143 0.0000e+00
     85.000     4.8113   3.142316    32.7935       2639     1.8319 0.0000e+00
     86.000     4.8095   3.142169    32.7931       2661     1.8473 0.0000e+00
     87.000     4.8090   3.142167    32.7930       2685     1.8641 0.0000e+00
     88.000     4.8052   3.141892    32.7931       2715     1.8844 0.0000e+00
     89.000     4.8029   3.141721    32.7929       2744     1.9047 0.0000e+00
     90.000     4.8001   3.141531    32.7929       2770     1.9228 0.0000e+00
     91.000     4.8044   3.141902    32.7924       2797     1.9418 0.0000e+00
     92.000     4.8045   3.141944    32.7924       2825     1.9610 0.0000e+00
     93.000     4.8043   3.141989    32.7926       2850     1.9786 0.0000e+00
     94.000     4.8059   3.142189    32.7928       2876     1.9963 0.0000e+00
     95.000     4.8150   3.143151    32.7944       2904     2.0161 0.0000e+00
     96.000     4.8242   3.144138    32.7962       2933     2.0363 0.0000e+00
     97.000     4.8134   3.143162    32.7951       2959     2.0543 0.0000e+00
     98.000     4.8192   3.143730    32.7954       2984     2.0715 0.0000e+00
     99.000     4.8223   3.144080    32.7959       3011     2.0904 0.0000e+00
    100.000     4.8324   3.145101    32.7972       3040     2.1106 0.0000e+00
    101.000     4.8376   3.145667    32.7981       3067     2.1294 0.0000e+00
    102.000     4.8357   3.145556    32.7982       3094     2.1477 0.0000e+00
    103.000     4.8373   3.145737    32.7982       3121     2.1666 0.0000e+00
    104.000     4.8375   3.145822    32.7984       3147     2.1850 0.0000e+00
    105.000     4.8352   3.145638    32.7981       3173     2.2031 0.0000e+00
    106.000     4.8341   3.145565    32.7978       3199     2.2208 0.0000e+00
    107.000     4.8348   3.145667    32.7978       3227     2.2401 0.0000e+00
    108.000     4.8295   3.145208    32.7972       3258     2.2619 0.0000e+00
    109.000     4.8321   3.145474    32.7972       3287     2.2820 0.0000e+00
    110.000     4.8398   3.146283    32.7984       3311     2.2987 0.0000e+00
    111.000     4.8469   3.147010    32.7993       3335     2.3150 0.0000e+00
    112.000     4.8382   3.146243    32.7985       3362     2.3341 0.0000e+00
    113.000     4.8629   3.148685    32.8019       3932     2.7296 0.0000e+00
    112.000     4.8559   3.147955    32.8008       5055     3.5095 0.0000e+00
    111.000     4.8708   3.149425    32.8035       5243     3.6402 0.0000e+00
    110.000     4.8624   3.148566    32.8025       5262     3.6534 0.0000e+00
    109.000     4.8605   3.148334    32.8022       5287     3.6705 0.0000e+00
    108.000     4.8607   3.148297    32.8021       5312     3.6879 0.0000e+00
    107.000     4.8613   3.148315    32.8022       5336     3.7049 0.0000e+00
    106.000     4.8610   3.148232    32.8021       5361     3.7219 0.0000e+00
    105.000     4.8547   3.147584    32.8013       5386     3.7394 0.0000e+00
    104.000     4.8439   3.146499    32.8000       5412     3.7578 0.0000e+00
    103.000     4.8321   3.145314    32.7984       5439     3.7765 0.0000e+00
    102.000     4.8199   3.144060    32.7964       5465     3.7946 0.0000e+00
    101.000     4.8140   3.143387    32.7950       5489     3.8113 0.0000e+00
    100.000     4.8112   3.143053    32.7944       5513     3.8275 0.0000e+00
     99.000     4.8109   3.142980    32.7945       5537     3.8442 0.0000e+00
     98.000     4.8098   3.142830    32.7943       5561     3.8611 0.0000e+00
     97.000     4.8092   3.142718    32.7941       5584     3.8772 0.0000e+00
     96.000     4.8090   3.142639    32.7939       5609     3.8947 0.0000e+00
     95.000     4.8085   3.142541    32.7938       5639     3.9153 0.0000e+00
     94.000     4.8082   3.142461    32.7937       5668     3.9355 0.0000e+00
     93.000     4.8083   3.142425    32.7936       5692     3.9519 0.0000e+00
     92.000     4.8089   3.142420    32.7935       5714     3.9671 0.0000e+00
     91.000     4.8088   3.142345    32.7933       5737     3.9836 0.0000e+00
     90.000     4.8084   3.142279    32.7934       5763     4.0017 0.0000e+00
     89.000     4.8084   3.142224    32.7932       5788     4.0191 0.0000e+00
     88.000     4.8085   3.142186    32.7932       5814     4.0366 0.0000e+00
     87.000     4.8114   3.142323    32.7925       5840     4.0552 0.0000e+00
     86.000     4.8123   3.142357    32.7925       5867     4.0735 0.0000e+00
     85.000     4.8119   3.142275    32.7924       5892     4.0908 0.0000e+00
     84.000     4.8174   3.142635    32.7916       5916     4.1078 0.0000e+00
     83.000     4.8242   3.143101    32.7908       5941     4.1250 0.0000e+00
     82.000     4.8288   3.143456    32.7909       5967     4.1433 0.0000e+00
     81.000     4.8317   3.143677    32.7911       5993     4.1614 0.0000e+00
     80.000     4.8348   3.143887    32.7910       6018     4.1782 0.0000e+00
     79.000     4.8410   3.144370    32.7909       6043     4.1959 0.0000e+00
     78.000     4.8490   3.144961    32.7904       6070     4.2148 0.0000e+00
     77.000     4.8536   3.145282    32.7901       6096     4.2328 0.0000e+00
     76.000     4.8532   3.145213    32.7902       6120     4.2495 0.0000e+00
     75.000     4.8537   3.145214    32.7902       6145     4.2668 0.0000e+00
     74.000     4.8564   3.145387    32.7901       6172     4.2857 0.0000e+00
     73.000     4.8621   3.145763    32.7893       6199     4.3039 0.0000e+00
     72.000     4.8712   3.146420    32.7884       6224     4.3215 0.0000e+00
     71.000     4.8846   3.147428    32.7874       6252     4.3409 0.0000e+00
     70.000     4.8905   3.147869    32.7872       6281     4.3609 0.0000e+00
     69.000     4.8951   3.148173    32.7866       6306     4.3783 0.0000e+00
     68.000     4.8968   3.148283    32.7867       6329     4.3942 0.0000e+00
     67.000     4.9025   3.148682    32.7862       6353     4.4112 0.0000e+00
     66.000     4.9176   3.149809    32.7848       6381     4.4307 0.0000e+00
     65.000     4.9371   3.151278    32.7831       6413     4.4528 0.0000e+00
     64.000     4.9635   3.153325    32.7811       6441     4.4724 0.0000e+00
     63.000     4.9891   3.155359    32.7798       6466     4.4898 0.0000e+00
     62.000     5.0087   3.156884    32.7786       6491     4.5071 0.0000e+00
     61.000     5.0320   3.158664    32.7766       6517     4.5249 0.0000e+00
     60.000     5.0451   3.159718    32.7764       6542     4.5425 0.0000e+00
     59.000     5.0526   3.160304    32.7763       6569     4.5614 0.0000e+00
     58.000     5.0570   3.160683    32.7768       6599     4.5819 0.0000e+00
     57.000     5.0762   3.162138    32.7751       6630     4.6033 0.0000e+00
     56.000     5.0849   3.162798    32.7746       6658     4.6232 0.0000e+00
     55.000     5.0803   3.162411    32.7752       6685     4.6414 0.0000e+00
     54.000     5.0863   3.162811    32.7744       6709     4.6582 0.0000e+00
     53.000     5.0967   3.163545    32.7732       6734     4.6757 0.0000e+00
     52.000     5.0998   3.163771    32.7732       6763     4.6956 0.0000e+00
     51.000     5.1002   3.163768    32.7733       6792     4.7158 0.0000e+00
     50.000     5.1060   3.164213    32.7731       6819     4.7348 0.0000e+00
     49.000     5.1106   3.164536    32.7729       6847     4.7540 0.0000e+00
     48.000     5.1142   3.164795    32.7728       6875     4.7735 0.0000e+00
     47.000     5.1165   3.164908    32.7724       6900     4.7912 0.0000e+00
     46.000     5.1161   3.164862    32.7727       6925     4.8085 0.0000e+00
     45.000     5.1165   3.164851    32.7727       6953     4.8278 0.0000e+00
     44.000     5.1183   3.164906    32.7721       6984     4.8497 0.0000e+00
     43.000     5.1189   3.164905    32.7720       7015     4.8708 0.0000e+00
     42.000     5.1208   3.164999    32.7717       7043     4.8901 0.0000e+00
     41.000     5.1220   3.165030    32.7714       7067     4.9071 0.0000e+00
     40.000     5.1226   3.165039    32.7714       7090     4.9232 0.0000e+00
     39.000     5.1235   3.165065    32.7714       7116     4.9408 0.0000e+00
     38.000     5.1294   3.165441    32.7704       7145     4.9610 0.0000e+00
     37.000     5.1336   3.165691    32.7696       7175     4.9817 0.0000e+00
     36.000     5.1360   3.165807    32.7691       7206     5.0037 0.0000e+00
     35.000     5.1367   3.165826    32.7691       7239     5.0261 0.0000e+00
     34.000     5.1393   3.165922    32.7683       7265     5.0448 0.0000e+00
     33.000     5.1450   3.166154    32.7658       7288     5.0603 0.0000e+00
     32.000     5.1601   3.166801    32.7588       7310     5.0758 0.0000e+00
     31.000     5.1783   3.167396    32.7484       7336     5.0939 0.0000e+00
     30.000     5.2010   3.167118    32.7234       7368     5.1160 0.0000e+00
     29.000     5.2495   3.166007    32.6638       7399     5.1378 0.0000e+00
     28.000     5.2783   3.165002    32.6247       7426     5.1564 0.0000e+00
     27.000     5.2835   3.164460    32.6140       7453     5.1753 0.0000e+00
     26.000     5.2841   3.163891    32.6074       7483     5.1956 0.0000e+00
     25.000     5.2837   3.162566    32.5931       7509     5.2139 0.0000e+00
     24.000     5.2836   3.161780    32.5848       7534     5.2312 0.0000e+00
     23.000     5.2837   3.161485    32.5818       7561     5.2503 0.0000e+00
     22.000     5.2838   3.161126    32.5781       7592     5.2717 0.0000e+00
     21.000     5.2841   3.160598    32.5723       7620     5.2907 0.0000e+00
     20.000     5.2844   3.160157    32.5675       7645     5.3080 0.0000e+00
     19.000     5.2849   3.159603    32.5612       7671     5.3267 0.0000e+00
