HB2502/ctd126.cnv
* Sea-Bird SBE 9 Data File:
* FileName = C:\cruise\data\ctd126.hex
* Software Version Seasave V 7.26.7.121
* Temperature SN = 6768
* Conductivity SN = 6166
* Number of Bytes Per Scan = 37
* Number of Voltage Words = 4
* Number of Scans Averaged by the Deck Unit = 1
* NMEA Latitude = 40 06.47 N
* NMEA Longitude = 069 36.80 W
* NMEA UTC (Time) = Apr 06 2025 22:15:08
* NMEA baud rate = 4800
** Ship: Bigelow HB2502
** Program:  Spring Bottom Trawl
** Chief Scientist:Jon Galbraith
# nquan = 7
# nvalues = 179                         
# units = specified
# name 0 = depSM: Depth [salt water, m]
# name 1 = t090C: Temperature [ITS-90, deg C]
# name 2 = c0S/m: Conductivity [S/m]
# name 3 = sal00: Salinity, Practical [PSU]
# name 4 = scan: Scan Count
# name 5 = timeM: Time, Elapsed [minutes]
# name 6 = flag: flag
# span 0 =      3.000,     92.000       
# span 1 =     5.3621,     7.0526       
# span 2 =   3.151207,   3.389327       
# span 3 =    32.2748,    33.3743       
# span 4 =        -74,       6707       
# span 5 =    -0.0520,     4.6571       
# span 6 = 0.0000e+00, 0.0000e+00       
# interval = meters: 1                  
# start_time = Apr 06 2025 22:15:08 [NMEA time, header]
# bad_flag = -9.990e-29
*END*
      3.000     5.7586   3.192284    32.4810        -74    -0.0520 0.0000e+00
      4.000     5.7574   3.182665    32.3733        390     0.2703 0.0000e+00
      5.000     5.7538   3.176859    32.3109        578     0.4005 0.0000e+00
      6.000     5.7535   3.176497    32.3066        608     0.4218 0.0000e+00
      7.000     5.7533   3.176402    32.3053        636     0.4410 0.0000e+00
      8.000     5.7494   3.176682    32.3116        667     0.4627 0.0000e+00
      9.000     5.7482   3.176212    32.3070        697     0.4834 0.0000e+00
     10.000     5.7474   3.175962    32.3044        723     0.5011 0.0000e+00
     11.000     5.7509   3.175799    32.2987        748     0.5185 0.0000e+00
     12.000     5.7431   3.175870    32.3065        773     0.5359 0.0000e+00
     13.000     5.7318   3.175600    32.3139        798     0.5533 0.0000e+00
     14.000     5.7314   3.175104    32.3082        824     0.5717 0.0000e+00
     15.000     5.7313   3.174983    32.3064        854     0.5927 0.0000e+00
     16.000     5.7286   3.174582    32.3039        884     0.6135 0.0000e+00
     17.000     5.7220   3.173855    32.3016        909     0.6307 0.0000e+00
     18.000     5.7189   3.173495    32.3000        930     0.6453 0.0000e+00
     19.000     5.7123   3.173348    32.3042        951     0.6594 0.0000e+00
     20.000     5.6990   3.174991    32.3350        978     0.6786 0.0000e+00
     21.000     5.7028   3.175557    32.3372       1022     0.7091 0.0000e+00
     22.000     5.6046   3.170481    32.3737       1048     0.7271 0.0000e+00
     23.000     5.5146   3.161509    32.3584       1066     0.7393 0.0000e+00
     24.000     5.5030   3.159660    32.3482       1083     0.7511 0.0000e+00
     25.000     5.4871   3.163685    32.4086       1106     0.7672 0.0000e+00
     26.000     5.5526   3.167977    32.3936       1143     0.7932 0.0000e+00
     27.000     5.4819   3.166227    32.4415       1178     0.8176 0.0000e+00
     28.000     5.3995   3.159923    32.4491       1204     0.8352 0.0000e+00
     29.000     5.3848   3.157711    32.4377       1228     0.8518 0.0000e+00
     30.000     5.3986   3.159838    32.4480       1251     0.8680 0.0000e+00
     31.000     5.3964   3.163397    32.4901       1273     0.8833 0.0000e+00
     32.000     5.3972   3.165626    32.5142       1294     0.8980 0.0000e+00
     33.000     5.3740   3.167540    32.5579       1319     0.9156 0.0000e+00
     34.000     5.3621   3.170412    32.6018       1364     0.9468 0.0000e+00
     35.000     5.4594   3.173993    32.5476       1399     0.9711 0.0000e+00
     36.000     5.6230   3.184058    32.5026       1417     0.9832 0.0000e+00
     37.000     5.6497   3.198461    32.6391       1431     0.9934 0.0000e+00
     38.000     5.6927   3.202758    32.6455       1445     1.0029 0.0000e+00
     39.000     5.6898   3.193292    32.5409       1464     1.0162 0.0000e+00
     40.000     5.7241   3.193329    32.5077       1528     1.0608 0.0000e+00
     41.000     5.7492   3.209340    32.6635       1564     1.0853 0.0000e+00
     42.000     5.7643   3.217007    32.7348       1578     1.0951 0.0000e+00
     43.000     5.8011   3.222692    32.7626       1590     1.1034 0.0000e+00
     44.000     5.8187   3.228628    32.8119       1603     1.1123 0.0000e+00
     45.000     5.8320   3.232939    32.8470       1620     1.1243 0.0000e+00
     46.000     5.8310   3.236404    32.8865       1681     1.1669 0.0000e+00
     47.000     5.8427   3.237962    32.8922       1717     1.1913 0.0000e+00
     48.000     5.8441   3.239327    32.9056       1732     1.2019 0.0000e+00
     49.000     5.8444   3.240039    32.9128       1746     1.2119 0.0000e+00
     50.000     5.8459   3.240566    32.9168       1762     1.2229 0.0000e+00
     51.000     5.8509   3.241424    32.9211       1791     1.2428 0.0000e+00
     52.000     5.8582   3.242569    32.9264       1840     1.2769 0.0000e+00
     53.000     5.8798   3.244913    32.9312       1867     1.2962 0.0000e+00
     54.000     5.9029   3.247943    32.9423       1888     1.3104 0.0000e+00
     55.000     5.9212   3.250332    32.9508       1907     1.3237 0.0000e+00
     56.000     5.9315   3.251715    32.9558       1927     1.3375 0.0000e+00
     57.000     5.9526   3.254175    32.9624       1954     1.3562 0.0000e+00
     58.000     5.9576   3.254888    32.9651       1997     1.3858 0.0000e+00
     59.000     5.9577   3.255116    32.9670       2028     1.4076 0.0000e+00
     60.000     5.9622   3.255650    32.9681       2047     1.4209 0.0000e+00
     61.000     6.0102   3.261089    32.9819       2065     1.4335 0.0000e+00
     62.000     6.0506   3.266208    32.9994       2085     1.4470 0.0000e+00
     63.000     6.0724   3.269059    33.0097       2110     1.4642 0.0000e+00
     64.000     6.0902   3.271719    33.0216       2147     1.4905 0.0000e+00
     65.000     6.0945   3.272518    33.0259       2190     1.5203 0.0000e+00
     66.000     6.0935   3.272524    33.0264       2215     1.5377 0.0000e+00
     67.000     6.0921   3.272505    33.0271       2233     1.5501 0.0000e+00
     68.000     6.0899   3.272365    33.0271       2250     1.5615 0.0000e+00
     69.000     6.0903   3.272491    33.0276       2268     1.5746 0.0000e+00
     70.000     6.0898   3.272554    33.0283       2299     1.5961 0.0000e+00
     71.000     6.0902   3.272697    33.0290       2345     1.6281 0.0000e+00
     72.000     6.0907   3.272853    33.0298       2372     1.6467 0.0000e+00
     73.000     6.0928   3.273173    33.0309       2391     1.6595 0.0000e+00
     74.000     6.0997   3.274075    33.0337       2408     1.6714 0.0000e+00
     75.000     6.1066   3.274927    33.0360       2427     1.6844 0.0000e+00
     76.000     6.1099   3.275376    33.0373       2460     1.7076 0.0000e+00
     77.000     6.1113   3.275607    33.0381       2510     1.7426 0.0000e+00
     78.000     6.1166   3.276279    33.0399       2534     1.7587 0.0000e+00
     79.000     6.1270   3.277533    33.0433       2552     1.7713 0.0000e+00
     80.000     6.1416   3.279364    33.0491       2570     1.7844 0.0000e+00
     81.000     6.1449   3.279841    33.0507       2593     1.8001 0.0000e+00
     82.000     6.1485   3.280333    33.0523       2622     1.8200 0.0000e+00
     83.000     6.1773   3.283929    33.0638       2652     1.8408 0.0000e+00
     84.000     6.1992   3.286706    33.0730       2678     1.8590 0.0000e+00
     85.000     6.2029   3.287223    33.0747       2703     1.8762 0.0000e+00
     86.000     6.2054   3.287570    33.0757       2730     1.8951 0.0000e+00
     87.000     6.2160   3.288829    33.0789       2763     1.9181 0.0000e+00
     88.000     6.2949   3.298154    33.1056       2794     1.9394 0.0000e+00
     89.000     6.3304   3.302666    33.1207       2815     1.9542 0.0000e+00
     90.000     6.3527   3.305460    33.1296       2834     1.9675 0.0000e+00
     91.000     6.6651   3.341907    33.2292       2856     1.9828 0.0000e+00
     92.000     7.0526   3.389327    33.3743       3252     2.2573 0.0000e+00
     91.000     6.9016   3.372135    33.3326       3528     2.4490 0.0000e+00
     90.000     6.7584   3.355889    33.2934       3539     2.4572 0.0000e+00
     89.000     6.6183   3.339041    33.2441       3561     2.4724 0.0000e+00
     88.000     6.4732   3.320770    33.1835       3594     2.4954 0.0000e+00
     87.000     6.3777   3.309486    33.1515       3626     2.5176 0.0000e+00
     86.000     6.3380   3.304519    33.1355       3648     2.5330 0.0000e+00
     85.000     6.2886   3.298661    33.1188       3670     2.5479 0.0000e+00
     84.000     6.2641   3.295276    33.1054       3695     2.5651 0.0000e+00
     83.000     6.2284   3.290875    33.0916       3724     2.5852 0.0000e+00
     82.000     6.2368   3.291549    33.0915       3750     2.6037 0.0000e+00
     81.000     6.2124   3.288650    33.0833       3773     2.6197 0.0000e+00
     80.000     6.1853   3.285375    33.0737       3795     2.6351 0.0000e+00
     79.000     6.1737   3.283888    33.0689       3820     2.6520 0.0000e+00
     78.000     6.1581   3.281962    33.0630       3850     2.6728 0.0000e+00
     77.000     6.1492   3.280584    33.0568       3881     2.6948 0.0000e+00
     76.000     6.1320   3.278498    33.0507       3907     2.7127 0.0000e+00
     75.000     6.1241   3.277384    33.0465       3932     2.7296 0.0000e+00
     74.000     6.1184   3.276681    33.0447       3957     2.7474 0.0000e+00
     73.000     6.1146   3.276117    33.0425       3983     2.7650 0.0000e+00
     72.000     6.1107   3.275603    33.0410       4005     2.7808 0.0000e+00
     71.000     6.1030   3.274675    33.0387       4027     2.7958 0.0000e+00
     70.000     6.1018   3.274350    33.0368       4050     2.8117 0.0000e+00
     69.000     6.0950   3.273578    33.0352       4078     2.8312 0.0000e+00
     68.000     6.0899   3.272875    33.0328       4112     2.8550 0.0000e+00
     67.000     6.0923   3.273139    33.0339       4144     2.8772 0.0000e+00
     66.000     6.0902   3.272729    33.0319       4169     2.8947 0.0000e+00
     65.000     6.0908   3.272700    33.0314       4192     2.9101 0.0000e+00
     64.000     6.0910   3.272672    33.0315       4212     2.9246 0.0000e+00
     63.000     6.0915   3.272615    33.0308       4233     2.9390 0.0000e+00
     62.000     6.0892   3.272263    33.0296       4259     2.9567 0.0000e+00
     61.000     6.0754   3.270094    33.0193       4929     3.4223 0.0000e+00
     60.000     6.0700   3.269289    33.0160       5112     3.5491 0.0000e+00
     59.000     6.0533   3.267213    33.0095       5126     3.5588 0.0000e+00
     58.000     6.0180   3.263035    32.9976       5150     3.5755 0.0000e+00
     57.000     6.0026   3.261003    32.9903       5178     3.5954 0.0000e+00
     56.000     5.9748   3.257615    32.9799       5205     3.6137 0.0000e+00
     55.000     5.9696   3.256867    32.9771       5229     3.6303 0.0000e+00
     54.000     5.9601   3.255547    32.9720       5257     3.6501 0.0000e+00
     53.000     5.9421   3.253527    32.9674       5293     3.6748 0.0000e+00
     52.000     5.9385   3.252943    32.9648       5318     3.6926 0.0000e+00
     51.000     5.9239   3.251133    32.9591       5338     3.7060 0.0000e+00
     50.000     5.9176   3.250350    32.9570       5357     3.7192 0.0000e+00
     49.000     5.9062   3.248983    32.9533       5379     3.7350 0.0000e+00
     48.000     5.8946   3.247305    32.9462       5411     3.7566 0.0000e+00
     47.000     5.8649   3.243887    32.9373       5444     3.7796 0.0000e+00
     46.000     5.8571   3.242825    32.9333       5469     3.7972 0.0000e+00
     45.000     5.8521   3.242056    32.9300       5491     3.8128 0.0000e+00
     44.000     5.8492   3.241648    32.9288       5514     3.8283 0.0000e+00
     43.000     5.8461   3.241231    32.9277       5540     3.8466 0.0000e+00
     42.000     5.8409   3.240550    32.9255       5570     3.8675 0.0000e+00
     41.000     5.8371   3.239977    32.9233       5595     3.8849 0.0000e+00
     40.000     5.8305   3.239121    32.9206       5616     3.8994 0.0000e+00
     39.000     5.8308   3.239033    32.9198       5638     3.9147 0.0000e+00
     38.000     5.8125   3.236836    32.9133       5671     3.9374 0.0000e+00
     37.000     5.7821   3.233010    32.9004       5712     3.9660 0.0000e+00
     36.000     5.7574   3.229838    32.8892       5733     3.9806 0.0000e+00
     35.000     5.7537   3.229131    32.8853       5749     3.9914 0.0000e+00
     34.000     5.7495   3.228582    32.8837       5763     4.0014 0.0000e+00
     33.000     5.7403   3.227585    32.8820       5780     4.0135 0.0000e+00
     32.000     5.7039   3.222833    32.8643       5827     4.0458 0.0000e+00
     31.000     5.6898   3.220959    32.8574       5869     4.0748 0.0000e+00
     30.000     5.6429   3.215714    32.8443       5887     4.0873 0.0000e+00
     29.000     5.5426   3.203407    32.8032       5904     4.0990 0.0000e+00
     28.000     5.4813   3.195450    32.7733       5922     4.1119 0.0000e+00
     27.000     5.4323   3.187941    32.7363       5946     4.1285 0.0000e+00
     26.000     5.3868   3.176719    32.6535       5977     4.1499 0.0000e+00
     25.000     5.3992   3.175567    32.6289       6008     4.1717 0.0000e+00
     24.000     5.4044   3.173219    32.5975       6038     4.1922 0.0000e+00
     23.000     5.3996   3.165479    32.5147       6065     4.2110 0.0000e+00
     22.000     5.3771   3.157550    32.4468       6088     4.2274 0.0000e+00
     21.000     5.3718   3.151207    32.3803       6109     4.2417 0.0000e+00
     20.000     5.3944   3.151520    32.3625       6129     4.2556 0.0000e+00
     19.000     5.4333   3.151961    32.3305       6153     4.2720 0.0000e+00
     18.000     5.4690   3.152550    32.3033       6188     4.2969 0.0000e+00
     17.000     5.5043   3.154304    32.2896       6221     4.3196 0.0000e+00
     16.000     5.5774   3.159267    32.2762       6243     4.3344 0.0000e+00
     15.000     5.6410   3.164500    32.2748       6262     4.3478 0.0000e+00
     14.000     5.6696   3.166999    32.2760       6284     4.3629 0.0000e+00
     13.000     5.6979   3.169558    32.2782       6315     4.3847 0.0000e+00
     12.000     5.6983   3.169811    32.2812       6351     4.4099 0.0000e+00
     11.000     5.7204   3.171431    32.2788       6375     4.4264 0.0000e+00
     10.000     5.7297   3.172445    32.2818       6393     4.4391 0.0000e+00
      9.000     5.7326   3.172681    32.2822       6412     4.4519 0.0000e+00
      8.000     5.7355   3.173053    32.2841       6438     4.4703 0.0000e+00
      7.000     5.7371   3.173245    32.2852       6476     4.4963 0.0000e+00
      6.000     5.7385   3.173350    32.2855       6503     4.5155 0.0000e+00
      5.000     5.7389   3.173367    32.2858       6525     4.5306 0.0000e+00
      4.000     5.7396   3.173392    32.2859       6549     4.5470 0.0000e+00
      3.000     5.7415   3.173635    32.2874       6707     4.6571 0.0000e+00
