HB2502/ctd131.cnv
* Sea-Bird SBE 9 Data File:
* FileName = C:\cruise\data\ctd131.hex
* Software Version Seasave V 7.26.7.121
* Temperature SN = 6768
* Conductivity SN = 6166
* Number of Bytes Per Scan = 37
* Number of Voltage Words = 4
* Number of Scans Averaged by the Deck Unit = 1
* NMEA Latitude = 41 10.42 N
* NMEA Longitude = 069 19.72 W
* NMEA UTC (Time) = Apr 07 2025 22:19:17
* NMEA baud rate = 4800
** Ship: Bigelow HB2502
** Program:  Spring Bottom Trawl
** Chief Scientist:Jon Galbraith
# nquan = 7
# nvalues = 87                          
# units = specified
# name 0 = depSM: Depth [salt water, m]
# name 1 = t090C: Temperature [ITS-90, deg C]
# name 2 = c0S/m: Conductivity [S/m]
# name 3 = sal00: Salinity, Practical [PSU]
# name 4 = scan: Scan Count
# name 5 = timeM: Time, Elapsed [minutes]
# name 6 = flag: flag
# span 0 =      1.000,     45.000       
# span 1 =     6.1267,     6.1653       
# span 2 =   3.251421,   3.260142       
# span 3 =    32.7666,    32.8642       
# span 4 =        519,       4146       
# span 5 =     0.3597,     2.8787       
# span 6 = 0.0000e+00, 0.0000e+00       
# interval = meters: 1                  
# start_time = Apr 07 2025 22:19:17 [NMEA time, header]
# bad_flag = -9.990e-29
*END*
      3.000     6.1503   3.251421    32.7666        519     0.3597 0.0000e+00
      4.000     6.1594   3.254412    32.7907        991     0.6872 0.0000e+00
      5.000     6.1597   3.256377    32.8119       1035     0.7182 0.0000e+00
      6.000     6.1585   3.258145    32.8323       1062     0.7367 0.0000e+00
      7.000     6.1588   3.258521    32.8356       1084     0.7524 0.0000e+00
      8.000     6.1628   3.258818    32.8346       1106     0.7675 0.0000e+00
      9.000     6.1630   3.258744    32.8331       1132     0.7854 0.0000e+00
     10.000     6.1653   3.258806    32.8310       1162     0.8065 0.0000e+00
     11.000     6.1625   3.258998    32.8354       1191     0.8261 0.0000e+00
     12.000     6.1538   3.259128    32.8448       1221     0.8470 0.0000e+00
     13.000     6.1445   3.258953    32.8514       1255     0.8711 0.0000e+00
     14.000     6.1426   3.258785    32.8509       1289     0.8947 0.0000e+00
     15.000     6.1419   3.258608    32.8490       1310     0.9089 0.0000e+00
     16.000     6.1408   3.258556    32.8490       1327     0.9209 0.0000e+00
     17.000     6.1398   3.258539    32.8493       1347     0.9345 0.0000e+00
     18.000     6.1400   3.258463    32.8478       1377     0.9554 0.0000e+00
     19.000     6.1426   3.258551    32.8457       1417     0.9836 0.0000e+00
     20.000     6.1437   3.258773    32.8467       1446     1.0031 0.0000e+00
     21.000     6.1440   3.258866    32.8469       1467     1.0178 0.0000e+00
     22.000     6.1461   3.258946    32.8453       1489     1.0337 0.0000e+00
     23.000     6.1475   3.258887    32.8427       1518     1.0536 0.0000e+00
     24.000     6.1454   3.258926    32.8448       1551     1.0767 0.0000e+00
     25.000     6.1433   3.259085    32.8480       1578     1.0950 0.0000e+00
     26.000     6.1425   3.259113    32.8486       1599     1.1100 0.0000e+00
     27.000     6.1407   3.259149    32.8503       1621     1.1252 0.0000e+00
     28.000     6.1394   3.259176    32.8514       1654     1.1480 0.0000e+00
     29.000     6.1384   3.259260    32.8528       1695     1.1762 0.0000e+00
     30.000     6.1397   3.259192    32.8503       1716     1.1907 0.0000e+00
     31.000     6.1391   3.259215    32.8506       1733     1.2030 0.0000e+00
     32.000     6.1389   3.259248    32.8507       1752     1.2158 0.0000e+00
     33.000     6.1391   3.259335    32.8510       1778     1.2338 0.0000e+00
     34.000     6.1379   3.259403    32.8524       1824     1.2658 0.0000e+00
     35.000     6.1401   3.259390    32.8496       1852     1.2854 0.0000e+00
     36.000     6.1422   3.259468    32.8480       1871     1.2988 0.0000e+00
     37.000     6.1433   3.259569    32.8475       1892     1.3132 0.0000e+00
     38.000     6.1452   3.259656    32.8462       1919     1.3319 0.0000e+00
     39.000     6.1457   3.259748    32.8463       1952     1.3549 0.0000e+00
     40.000     6.1443   3.259833    32.8481       1980     1.3745 0.0000e+00
     41.000     6.1442   3.259911    32.8485       2004     1.3909 0.0000e+00
     42.000     6.1450   3.259971    32.8479       2026     1.4066 0.0000e+00
     43.000     6.1457   3.260025    32.8473       2054     1.4255 0.0000e+00
     44.000     6.1424   3.260118    32.8511       2530     1.7562 0.0000e+00
     45.000     6.1287   3.260142    32.8642       3240     2.2492 0.0000e+00
     44.000     6.1374   3.260105    32.8558       3028     2.1020 0.0000e+00
     43.000     6.1393   3.260040    32.8537       3048     2.1160 0.0000e+00
     42.000     6.1424   3.259954    32.8502       3067     2.1292 0.0000e+00
     41.000     6.1440   3.259886    32.8484       3087     2.1429 0.0000e+00
     40.000     6.1442   3.259860    32.8484       3108     2.1574 0.0000e+00
     39.000     6.1442   3.259791    32.8482       3129     2.1719 0.0000e+00
     38.000     6.1447   3.259737    32.8476       3151     2.1873 0.0000e+00
     37.000     6.1476   3.259685    32.8447       3186     2.2116 0.0000e+00
     36.000     6.1452   3.259609    32.8466       3230     2.2423 0.0000e+00
     35.000     6.1441   3.259525    32.8472       3254     2.2589 0.0000e+00
     34.000     6.1435   3.259435    32.8473       3273     2.2721 0.0000e+00
     33.000     6.1440   3.259357    32.8465       3291     2.2846 0.0000e+00
     32.000     6.1438   3.259282    32.8463       3311     2.2984 0.0000e+00
     31.000     6.1442   3.259177    32.8452       3335     2.3152 0.0000e+00
     30.000     6.1457   3.259125    32.8437       3368     2.3378 0.0000e+00
     29.000     6.1434   3.259056    32.8456       3404     2.3629 0.0000e+00
     28.000     6.1451   3.258999    32.8439       3430     2.3814 0.0000e+00
     27.000     6.1446   3.258863    32.8434       3451     2.3961 0.0000e+00
     26.000     6.1450   3.258706    32.8417       3470     2.4094 0.0000e+00
     25.000     6.1419   3.258508    32.8430       3491     2.4236 0.0000e+00
     24.000     6.1482   3.258429    32.8364       3517     2.4419 0.0000e+00
     23.000     6.1540   3.258429    32.8313       3555     2.4680 0.0000e+00
     22.000     6.1517   3.258412    32.8339       3586     2.4896 0.0000e+00
     21.000     6.1480   3.258304    32.8368       3607     2.5041 0.0000e+00
     20.000     6.1430   3.258141    32.8403       3627     2.5182 0.0000e+00
     19.000     6.1428   3.258061    32.8401       3652     2.5357 0.0000e+00
     18.000     6.1450   3.258024    32.8381       3687     2.5594 0.0000e+00
     17.000     6.1429   3.257984    32.8401       3715     2.5791 0.0000e+00
     16.000     6.1451   3.257922    32.8378       3737     2.5944 0.0000e+00
     15.000     6.1412   3.257813    32.8408       3759     2.6098 0.0000e+00
     14.000     6.1390   3.257718    32.8424       3787     2.6288 0.0000e+00
     13.000     6.1382   3.257636    32.8427       3815     2.6489 0.0000e+00
     12.000     6.1371   3.257507    32.8428       3840     2.6657 0.0000e+00
     11.000     6.1361   3.257337    32.8424       3863     2.6821 0.0000e+00
     10.000     6.1357   3.256947    32.8390       3892     2.7019 0.0000e+00
      9.000     6.1367   3.256842    32.8374       3922     2.7230 0.0000e+00
      8.000     6.1322   3.256812    32.8419       3948     2.7410 0.0000e+00
      7.000     6.1289   3.256811    32.8455       3972     2.7577 0.0000e+00
      6.000     6.1308   3.256842    32.8445       3996     2.7746 0.0000e+00
      5.000     6.1300   3.256885    32.8462       4023     2.7928 0.0000e+00
      4.000     6.1315   3.256622    32.8424       4047     2.8094 0.0000e+00
      3.000     6.1290   3.255729    32.8353       4081     2.8336 0.0000e+00
      2.000     6.1267   3.255728    32.8380       4113     2.8558 0.0000e+00
      1.000     6.1429   3.255901    32.8248       4146     2.8787 0.0000e+00
