HB2502/ctd145.cnv
* Sea-Bird SBE 9 Data File:
* FileName = C:\cruise\data\ctd145.hex
* Software Version Seasave V 7.26.7.121
* Temperature SN = 6768
* Conductivity SN = 6166
* Number of Bytes Per Scan = 37
* Number of Voltage Words = 4
* Number of Scans Averaged by the Deck Unit = 1
* NMEA Latitude = 40 33.05 N
* NMEA Longitude = 068 46.65 W
* NMEA UTC (Time) = Apr 11 2025 20:24:36
* NMEA baud rate = 4800
** Ship: Bigelow HB2502
** Program:  Spring Bottom Trawl
** Chief Scientist:Jon Galbraith
# nquan = 7
# nvalues = 121                         
# units = specified
# name 0 = depSM: Depth [salt water, m]
# name 1 = t090C: Temperature [ITS-90, deg C]
# name 2 = c0S/m: Conductivity [S/m]
# name 3 = sal00: Salinity, Practical [PSU]
# name 4 = scan: Scan Count
# name 5 = timeM: Time, Elapsed [minutes]
# name 6 = flag: flag
# span 0 =      3.000,     63.000       
# span 1 =     5.4982,     5.6257       
# span 2 =   3.167808,   3.196602       
# span 3 =    32.4258,    32.6583       
# span 4 =         -3,       4901       
# span 5 =    -0.0028,     3.4031       
# span 6 = 0.0000e+00, 0.0000e+00       
# interval = meters: 1                  
# start_time = Apr 11 2025 20:24:36 [NMEA time, header]
# bad_flag = -9.990e-29
*END*
      3.000     5.6257   3.196602    32.6583         -3    -0.0028 0.0000e+00
      4.000     5.5770   3.186607    32.5920        328     0.2271 0.0000e+00
      5.000     5.5734   3.177603    32.4929        546     0.3785 0.0000e+00
      6.000     5.5713   3.174664    32.4612        594     0.4116 0.0000e+00
      7.000     5.5721   3.173619    32.4481        624     0.4325 0.0000e+00
      8.000     5.5736   3.173625    32.4462        651     0.4512 0.0000e+00
      9.000     5.5735   3.173285    32.4420        673     0.4669 0.0000e+00
     10.000     5.5730   3.173034    32.4390        691     0.4793 0.0000e+00
     11.000     5.5729   3.173013    32.4384        709     0.4915 0.0000e+00
     12.000     5.5737   3.174613    32.4553        746     0.5174 0.0000e+00
     13.000     5.5738   3.174525    32.4537        807     0.5598 0.0000e+00
     14.000     5.5741   3.173179    32.4376        826     0.5730 0.0000e+00
     15.000     5.5740   3.173093    32.4363        844     0.5855 0.0000e+00
     16.000     5.5741   3.173125    32.4361        861     0.5975 0.0000e+00
     17.000     5.5743   3.173232    32.4366        880     0.6108 0.0000e+00
     18.000     5.5751   3.173554    32.4389        904     0.6268 0.0000e+00
     19.000     5.5756   3.174394    32.4475        933     0.6472 0.0000e+00
     20.000     5.5760   3.175162    32.4553        977     0.6775 0.0000e+00
     21.000     5.5768   3.174506    32.4466       1016     0.7047 0.0000e+00
     22.000     5.5771   3.173533    32.4348       1037     0.7192 0.0000e+00
     23.000     5.5772   3.173441    32.4332       1053     0.7305 0.0000e+00
     24.000     5.5779   3.173542    32.4332       1070     0.7424 0.0000e+00
     25.000     5.5784   3.174319    32.4410       1095     0.7599 0.0000e+00
     26.000     5.5875   3.174838    32.4376       1149     0.7970 0.0000e+00
     27.000     5.5564   3.173263    32.4492       1176     0.8158 0.0000e+00
     28.000     5.5306   3.170690    32.4445       1194     0.8288 0.0000e+00
     29.000     5.5259   3.170094    32.4418       1213     0.8419 0.0000e+00
     30.000     5.5293   3.171785    32.4572       1239     0.8596 0.0000e+00
     31.000     5.5484   3.172905    32.4510       1275     0.8844 0.0000e+00
     32.000     5.5401   3.171941    32.4475       1299     0.9017 0.0000e+00
     33.000     5.5394   3.171314    32.4406       1320     0.9159 0.0000e+00
     34.000     5.5402   3.172396    32.4516       1352     0.9381 0.0000e+00
     35.000     5.5330   3.172524    32.4595       1409     0.9780 0.0000e+00
     36.000     5.5304   3.171293    32.4476       1431     0.9928 0.0000e+00
     37.000     5.5313   3.170654    32.4390       1446     1.0033 0.0000e+00
     38.000     5.5303   3.170553    32.4383       1460     1.0132 0.0000e+00
     39.000     5.5205   3.170617    32.4480       1475     1.0238 0.0000e+00
     40.000     5.5170   3.171629    32.4623       1497     1.0388 0.0000e+00
     41.000     5.5104   3.172020    32.4726       1551     1.0763 0.0000e+00
     42.000     5.5069   3.171591    32.4707       1596     1.1073 0.0000e+00
     43.000     5.5068   3.170328    32.4560       1620     1.1243 0.0000e+00
     44.000     5.5067   3.169837    32.4499       1640     1.1383 0.0000e+00
     45.000     5.5046   3.169542    32.4482       1658     1.1509 0.0000e+00
     46.000     5.5070   3.169364    32.4434       1676     1.1630 0.0000e+00
     47.000     5.5099   3.169335    32.4397       1695     1.1762 0.0000e+00
     48.000     5.5068   3.169659    32.4459       1720     1.1935 0.0000e+00
     49.000     5.5029   3.170472    32.4584       1777     1.2331 0.0000e+00
     50.000     5.5019   3.169981    32.4533       1824     1.2662 0.0000e+00
     51.000     5.5024   3.169032    32.4416       1844     1.2796 0.0000e+00
     52.000     5.5026   3.168547    32.4353       1858     1.2899 0.0000e+00
     53.000     5.5031   3.168480    32.4335       1871     1.2984 0.0000e+00
     54.000     5.5033   3.168419    32.4322       1883     1.3072 0.0000e+00
     55.000     5.5035   3.168401    32.4313       1897     1.3167 0.0000e+00
     56.000     5.5030   3.168269    32.4298       1959     1.3601 0.0000e+00
     57.000     5.5020   3.168114    32.4285       2027     1.4072 0.0000e+00
     58.000     5.5007   3.168187    32.4301       2032     1.4104 0.0000e+00
     59.000     5.5000   3.168100    32.4293       2042     1.4174 0.0000e+00
     60.000     5.4998   3.168121    32.4293       2056     1.4271 0.0000e+00
     61.000     5.4982   3.168009    32.4290       2073     1.4391 0.0000e+00
     62.000     5.5005   3.168195    32.4284       2586     1.7952 0.0000e+00
     63.000     5.5017   3.168258    32.4275       3297     2.2889 0.0000e+00
     62.000     5.5007   3.168237    32.4287       3017     2.0942 0.0000e+00
     61.000     5.5011   3.168234    32.4287       3041     2.1110 0.0000e+00
     60.000     5.5010   3.168159    32.4285       3173     2.2026 0.0000e+00
     59.000     5.5001   3.168044    32.4286       3356     2.3300 0.0000e+00
     58.000     5.5002   3.168000    32.4285       3382     2.3481 0.0000e+00
     57.000     5.4999   3.167941    32.4286       3394     2.3561 0.0000e+00
     56.000     5.5001   3.167898    32.4284       3407     2.3651 0.0000e+00
     55.000     5.4999   3.167882    32.4289       3417     2.3723 0.0000e+00
     54.000     5.5002   3.167808    32.4283       3431     2.3817 0.0000e+00
     53.000     5.5101   3.168542    32.4276       3447     2.3931 0.0000e+00
     52.000     5.5366   3.170792    32.4279       3521     2.4443 0.0000e+00
     51.000     5.5297   3.170205    32.4284       3557     2.4696 0.0000e+00
     50.000     5.5282   3.170029    32.4285       3572     2.4801 0.0000e+00
     49.000     5.5244   3.169667    32.4285       3588     2.4908 0.0000e+00
     48.000     5.5231   3.169529    32.4286       3604     2.5019 0.0000e+00
     47.000     5.5247   3.169582    32.4282       3622     2.5146 0.0000e+00
     46.000     5.5206   3.169233    32.4287       3649     2.5334 0.0000e+00
     45.000     5.5100   3.168311    32.4290       3704     2.5714 0.0000e+00
     44.000     5.5070   3.168047    32.4294       3737     2.5946 0.0000e+00
     43.000     5.5077   3.167965    32.4283       3757     2.6083 0.0000e+00
     42.000     5.5140   3.168429    32.4280       3774     2.6203 0.0000e+00
     41.000     5.5195   3.168865    32.4281       3791     2.6321 0.0000e+00
     40.000     5.5161   3.168585    32.4287       3810     2.6450 0.0000e+00
     39.000     5.5134   3.168311    32.4287       3837     2.6638 0.0000e+00
     38.000     5.5122   3.168151    32.4286       3890     2.7004 0.0000e+00
     37.000     5.5194   3.168658    32.4279       3926     2.7255 0.0000e+00
     36.000     5.5357   3.169861    32.4262       3944     2.7382 0.0000e+00
     35.000     5.5448   3.170657    32.4270       3960     2.7493 0.0000e+00
     34.000     5.5439   3.170611    32.4278       3976     2.7606 0.0000e+00
     33.000     5.5430   3.170527    32.4282       3998     2.7756 0.0000e+00
     32.000     5.5415   3.170355    32.4282       4036     2.8019 0.0000e+00
     31.000     5.5402   3.170213    32.4284       4083     2.8348 0.0000e+00
     30.000     5.5409   3.170220    32.4283       4114     2.8562 0.0000e+00
     29.000     5.5425   3.170286    32.4280       4132     2.8689 0.0000e+00
     28.000     5.5451   3.170460    32.4279       4147     2.8792 0.0000e+00
     27.000     5.5457   3.170487    32.4281       4160     2.8884 0.0000e+00
     26.000     5.5473   3.170552    32.4278       4174     2.8982 0.0000e+00
     25.000     5.5480   3.170583    32.4280       4202     2.9172 0.0000e+00
     24.000     5.5499   3.170685    32.4279       4305     2.9888 0.0000e+00
     23.000     5.5586   3.171239    32.4262       4307     2.9901 0.0000e+00
     22.000     5.5638   3.171664    32.4265       4316     2.9968 0.0000e+00
     21.000     5.5655   3.171820    32.4271       4326     3.0036 0.0000e+00
     20.000     5.5707   3.172140    32.4262       4336     3.0107 0.0000e+00
     19.000     5.5773   3.172622    32.4258       4348     3.0186 0.0000e+00
     18.000     5.5835   3.173242    32.4274       4400     3.0552 0.0000e+00
     17.000     5.5837   3.173238    32.4276       4469     3.1029 0.0000e+00
     16.000     5.5835   3.173190    32.4277       4477     3.1085 0.0000e+00
     15.000     5.5832   3.173125    32.4278       4488     3.1156 0.0000e+00
     14.000     5.5828   3.173056    32.4279       4499     3.1234 0.0000e+00
     13.000     5.5827   3.173023    32.4282       4515     3.1350 0.0000e+00
     12.000     5.5833   3.173006    32.4279       4591     3.1877 0.0000e+00
     11.000     5.5840   3.173029    32.4279       4617     3.2059 0.0000e+00
     10.000     5.5836   3.172984    32.4283       4635     3.2181 0.0000e+00
      9.000     5.5831   3.172891    32.4282       4653     3.2309 0.0000e+00
      8.000     5.5824   3.172752    32.4278       4680     3.2492 0.0000e+00
      7.000     5.5816   3.172564    32.4270       4718     3.2755 0.0000e+00
      6.000     5.5798   3.172505    32.4285       4744     3.2937 0.0000e+00
      5.000     5.5771   3.172232    32.4285       4767     3.3096 0.0000e+00
      4.000     5.5750   3.171988    32.4283       4835     3.3572 0.0000e+00
      3.000     5.5764   3.172063    32.4283       4901     3.4031 0.0000e+00
