HB2502/ctd109.cnv
* Sea-Bird SBE 9 Data File:
* FileName = C:\cruise\data\ctd109.hex
* Software Version Seasave V 7.26.7.121
* Temperature SN = 6768
* Conductivity SN = 6166
* Number of Bytes Per Scan = 37
* Number of Voltage Words = 4
* Number of Scans Averaged by the Deck Unit = 1
* NMEA Latitude = 40 10.52 N
* NMEA Longitude = 072 19.84 W
* NMEA UTC (Time) = Apr 03 2025 09:17:32
* NMEA baud rate = 4800
** Ship: Bigelow HB2502
** Program:  Spring Bottom Trawl
** Chief Scientist:Jon Galbraith
# nquan = 7
# nvalues = 123                         
# units = specified
# name 0 = depSM: Depth [salt water, m]
# name 1 = t090C: Temperature [ITS-90, deg C]
# name 2 = c0S/m: Conductivity [S/m]
# name 3 = sal00: Salinity, Practical [PSU]
# name 4 = scan: Scan Count
# name 5 = timeM: Time, Elapsed [minutes]
# name 6 = flag: flag
# span 0 =      1.000,     63.000       
# span 1 =     6.5687,     7.3728       
# span 2 =   1.601749,   3.389301       
# span 3 =    15.2315,    33.1777       
# span 4 =         -8,       5031       
# span 5 =    -0.0060,     3.4927       
# span 6 = 0.0000e+00, 0.0000e+00       
# interval = meters: 1                  
# start_time = Apr 03 2025 09:17:32 [NMEA time, header]
# bad_flag = -9.990e-29
*END*
      3.000     7.3728   3.389301    33.1088         -8    -0.0060 0.0000e+00
      4.000     7.1709   3.377258    33.1708        173     0.1192 0.0000e+00
      5.000     7.1942   3.366388    33.0297        283     0.1955 0.0000e+00
      6.000     7.1939   3.364781    33.0120        306     0.2122 0.0000e+00
      7.000     7.1941   3.364560    33.0089        336     0.2328 0.0000e+00
      8.000     7.1939   3.364340    33.0062        379     0.2625 0.0000e+00
      9.000     7.1936   3.363941    33.0017        407     0.2817 0.0000e+00
     10.000     7.1938   3.363838    32.9998        426     0.2951 0.0000e+00
     11.000     7.1940   3.363961    33.0005        447     0.3099 0.0000e+00
     12.000     7.1941   3.364562    33.0065        477     0.3303 0.0000e+00
     13.000     7.1941   3.364276    33.0029        511     0.3540 0.0000e+00
     14.000     7.1942   3.363887    32.9981        538     0.3730 0.0000e+00
     15.000     7.1941   3.363913    32.9980        563     0.3901 0.0000e+00
     16.000     7.1942   3.364058    32.9990        589     0.4087 0.0000e+00
     17.000     7.1943   3.364058    32.9984        618     0.4284 0.0000e+00
     18.000     7.1944   3.364016    32.9974        647     0.4486 0.0000e+00
     19.000     7.1944   3.363930    32.9959        673     0.4670 0.0000e+00
     20.000     7.1944   3.363919    32.9953        698     0.4838 0.0000e+00
     21.000     7.1945   3.364014    32.9958        723     0.5013 0.0000e+00
     22.000     7.1946   3.364575    33.0013        753     0.5222 0.0000e+00
     23.000     7.1948   3.364609    33.0011        786     0.5451 0.0000e+00
     24.000     7.1948   3.364159    32.9957        813     0.5638 0.0000e+00
     25.000     7.1949   3.364009    32.9935        837     0.5805 0.0000e+00
     26.000     7.1950   3.364094    32.9938        861     0.5974 0.0000e+00
     27.000     7.1950   3.364290    32.9954        887     0.6156 0.0000e+00
     28.000     7.1950   3.364295    32.9950        914     0.6343 0.0000e+00
     29.000     7.1946   3.364200    32.9939        941     0.6527 0.0000e+00
     30.000     7.1940   3.364483    32.9970        973     0.6750 0.0000e+00
     31.000     7.1937   3.364353    32.9955       1008     0.6996 0.0000e+00
     32.000     7.1936   3.364319    32.9947       1034     0.7172 0.0000e+00
     33.000     7.1928   3.364413    32.9960       1055     0.7321 0.0000e+00
     34.000     7.1889   3.364525    33.0005       1078     0.7481 0.0000e+00
     35.000     7.1872   3.364548    33.0019       1105     0.7669 0.0000e+00
     36.000     7.1828   3.364550    33.0056       1132     0.7856 0.0000e+00
     37.000     7.1739   3.364541    33.0135       1158     0.8035 0.0000e+00
     38.000     7.1628   3.364536    33.0236       1188     0.8241 0.0000e+00
     39.000     7.1488   3.364514    33.0363       1223     0.8486 0.0000e+00
     40.000     7.1381   3.363985    33.0403       1252     0.8684 0.0000e+00
     41.000     7.1279   3.363333    33.0425       1275     0.8849 0.0000e+00
     42.000     7.1217   3.362891    33.0431       1299     0.9016 0.0000e+00
     43.000     7.1127   3.362528    33.0474       1326     0.9200 0.0000e+00
     44.000     7.1082   3.362150    33.0470       1353     0.9388 0.0000e+00
     45.000     7.1041   3.361487    33.0433       1376     0.9547 0.0000e+00
     46.000     7.0894   3.361323    33.0551       1399     0.9710 0.0000e+00
     47.000     7.0726   3.361367    33.0711       1431     0.9932 0.0000e+00
     48.000     7.0526   3.360278    33.0780       1469     1.0197 0.0000e+00
     49.000     7.0358   3.357223    33.0603       1495     1.0378 0.0000e+00
     50.000     7.0050   3.354731    33.0621       1520     1.0546 0.0000e+00
     51.000     6.9506   3.350953    33.0725       1544     1.0713 0.0000e+00
     52.000     6.8970   3.347161    33.0821       1567     1.0874 0.0000e+00
     53.000     6.8123   3.342443    33.1114       1589     1.1031 0.0000e+00
     54.000     6.7392   3.337779    33.1302       1618     1.1232 0.0000e+00
     55.000     6.6977   3.334570    33.1345       1659     1.1513 0.0000e+00
     56.000     6.6759   3.333151    33.1395       1688     1.1717 0.0000e+00
     57.000     6.6365   3.331632    33.1604       1711     1.1876 0.0000e+00
     58.000     6.5933   3.329288    33.1759       1735     1.2043 0.0000e+00
     59.000     6.5795   3.328286    33.1777       1761     1.2222 0.0000e+00
     60.000     6.5753   3.327947    33.1775       1785     1.2392 0.0000e+00
     61.000     6.5730   3.327794    33.1776       1809     1.2552 0.0000e+00
     62.000     6.5717   3.327288    33.1727       2592     1.7992 0.0000e+00
     63.000     6.5687   3.327336    33.1757       3356     2.3297 0.0000e+00
     62.000     6.5706   3.327296    33.1739       3112     2.1607 0.0000e+00
     61.000     6.5723   3.327240    33.1721       3131     2.1738 0.0000e+00
     60.000     6.5731   3.327215    33.1716       3147     2.1844 0.0000e+00
     59.000     6.5739   3.327179    33.1709       3163     2.1961 0.0000e+00
     58.000     6.5762   3.327193    33.1693       3187     2.2128 0.0000e+00
     57.000     6.5828   3.327418    33.1659       3227     2.2402 0.0000e+00
     56.000     6.6038   3.328319    33.1560       3262     2.2645 0.0000e+00
     55.000     6.6469   3.330274    33.1363       3287     2.2819 0.0000e+00
     54.000     6.6723   3.331448    33.1251       3309     2.2973 0.0000e+00
     53.000     6.6960   3.332565    33.1150       3329     2.3112 0.0000e+00
     52.000     6.7176   3.333484    33.1048       3348     2.3246 0.0000e+00
     51.000     6.7507   3.335045    33.0905       3370     2.3399 0.0000e+00
     50.000     6.8292   3.339140    33.0603       3400     2.3601 0.0000e+00
     49.000     6.9192   3.344119    33.0289       3436     2.3856 0.0000e+00
     48.000     6.9437   3.346195    33.0285       3471     2.4096 0.0000e+00
     47.000     7.0112   3.350424    33.0105       3495     2.4261 0.0000e+00
     46.000     7.0403   3.352594    33.0068       3513     2.4389 0.0000e+00
     45.000     7.0524   3.353627    33.0070       3531     2.4511 0.0000e+00
     44.000     7.0679   3.354803    33.0054       3551     2.4653 0.0000e+00
     43.000     7.0844   3.356213    33.0055       3584     2.4881 0.0000e+00
     42.000     7.0928   3.356896    33.0054       3624     2.5162 0.0000e+00
     41.000     7.1085   3.358106    33.0041       3649     2.5335 0.0000e+00
     40.000     7.1148   3.358654    33.0045       3670     2.5480 0.0000e+00
     39.000     7.1203   3.359051    33.0041       3691     2.5625 0.0000e+00
     38.000     7.1329   3.359970    33.0025       3716     2.5801 0.0000e+00
     37.000     7.1458   3.360867    33.0004       3748     2.6019 0.0000e+00
     36.000     7.1567   3.361611    32.9985       3778     2.6227 0.0000e+00
     35.000     7.1674   3.362320    32.9965       3803     2.6405 0.0000e+00
     34.000     7.1726   3.362624    32.9954       3827     2.6566 0.0000e+00
     33.000     7.1761   3.362842    32.9949       3849     2.6723 0.0000e+00
     32.000     7.1834   3.363197    32.9922       3873     2.6887 0.0000e+00
     31.000     7.1886   3.363484    32.9908       3896     2.7051 0.0000e+00
     30.000     7.1899   3.363493    32.9902       3921     2.7224 0.0000e+00
     29.000     7.1908   3.363531    32.9902       3958     2.7476 0.0000e+00
     28.000     7.1915   3.363507    32.9898       4003     2.7793 0.0000e+00
     27.000     7.1943   3.363434    32.9868       4024     2.7937 0.0000e+00
     26.000     7.1949   3.363382    32.9861       4039     2.8038 0.0000e+00
     25.000     7.1951   3.363331    32.9859       4052     2.8135 0.0000e+00
     24.000     7.1951   3.363245    32.9855       4068     2.8241 0.0000e+00
     23.000     7.1951   3.363201    32.9854       4091     2.8405 0.0000e+00
     22.000     7.1955   3.363198    32.9855       4146     2.8785 0.0000e+00
     21.000     7.1947   3.363091    32.9856       4179     2.9016 0.0000e+00
     20.000     7.1947   3.363053    32.9856       4202     2.9175 0.0000e+00
     19.000     7.1947   3.362994    32.9855       4224     2.9330 0.0000e+00
     18.000     7.1948   3.362955    32.9855       4245     2.9472 0.0000e+00
     17.000     7.1947   3.362894    32.9854       4264     2.9606 0.0000e+00
     16.000     7.1947   3.362863    32.9855       4285     2.9752 0.0000e+00
     15.000     7.1946   3.362822    32.9856       4312     2.9936 0.0000e+00
     14.000     7.1945   3.362779    32.9857       4348     3.0190 0.0000e+00
     13.000     7.1942   3.362715    32.9858       4386     3.0452 0.0000e+00
     12.000     7.1940   3.362657    32.9858       4411     3.0622 0.0000e+00
     11.000     7.1940   3.362601    32.9857       4432     3.0768 0.0000e+00
     10.000     7.1940   3.362559    32.9858       4453     3.0918 0.0000e+00
      9.000     7.1941   3.362529    32.9859       4479     3.1098 0.0000e+00
      8.000     7.1941   3.362490    32.9859       4512     3.1329 0.0000e+00
      7.000     7.1944   3.362461    32.9858       4541     3.1528 0.0000e+00
      6.000     7.1946   3.362435    32.9858       4564     3.1686 0.0000e+00
      5.000     7.1943   3.362369    32.9858       4586     3.1843 0.0000e+00
      4.000     7.1941   3.362320    32.9859       4676     3.2463 0.0000e+00
      3.000     7.1937   3.362274    32.9863       4905     3.4056 0.0000e+00
      2.000     7.1937   3.362246    32.9865       4970     3.4505 0.0000e+00
      1.000     7.2205   1.601749    15.2315       5031     3.4927 0.0000e+00
