HB2502/ctd163.cnv
* Sea-Bird SBE 9 Data File:
* FileName = C:\cruise\data\ctd163.hex
* Software Version Seasave V 7.26.7.121
* Temperature SN = 6768
* Conductivity SN = 6166
* Number of Bytes Per Scan = 37
* Number of Voltage Words = 4
* Number of Scans Averaged by the Deck Unit = 1
* NMEA Latitude = 42 28.75 N
* NMEA Longitude = 070 05.17 W
* NMEA UTC (Time) = Apr 16 2025 20:50:27
* NMEA baud rate = 4800
** Ship: Bigelow HB2502
** Program:  Spring Bottom Trawl
** Chief Scientist:Jon Galbraith
# nquan = 7
# nvalues = 185                         
# units = specified
# name 0 = depSM: Depth [salt water, m]
# name 1 = t090C: Temperature [ITS-90, deg C]
# name 2 = c0S/m: Conductivity [S/m]
# name 3 = sal00: Salinity, Practical [PSU]
# name 4 = scan: Scan Count
# name 5 = timeM: Time, Elapsed [minutes]
# name 6 = flag: flag
# span 0 =      3.000,     95.000       
# span 1 =     4.8730,     5.2048       
# span 2 =   3.147440,   3.175314       
# span 3 =    32.6593,    32.8273       
# span 4 =         42,       6061       
# span 5 =     0.0284,     4.2085       
# span 6 = 0.0000e+00, 0.0000e+00       
# interval = meters: 1                  
# start_time = Apr 16 2025 20:50:27 [NMEA time, header]
# bad_flag = -9.990e-29
*END*
      3.000     5.2048   3.175314    32.8273         42     0.0284 0.0000e+00
      4.000     5.1546   3.160476    32.7061        314     0.2173 0.0000e+00
      5.000     5.1617   3.158495    32.6759        413     0.2862 0.0000e+00
      6.000     5.1589   3.157972    32.6721        432     0.2993 0.0000e+00
      7.000     5.1566   3.157722    32.6710        457     0.3170 0.0000e+00
      8.000     5.1588   3.157958    32.6711        491     0.3406 0.0000e+00
      9.000     5.1622   3.157868    32.6662        522     0.3616 0.0000e+00
     10.000     5.1591   3.157755    32.6674        545     0.3780 0.0000e+00
     11.000     5.1562   3.157530    32.6672        568     0.3936 0.0000e+00
     12.000     5.1456   3.158326    32.6861        594     0.4115 0.0000e+00
     13.000     5.1278   3.158654    32.7069        625     0.4332 0.0000e+00
     14.000     5.1085   3.156334    32.6987        653     0.4527 0.0000e+00
     15.000     5.1087   3.155725    32.6909        679     0.4709 0.0000e+00
     16.000     5.1187   3.156342    32.6877        707     0.4903 0.0000e+00
     17.000     5.1225   3.156900    32.6899        734     0.5093 0.0000e+00
     18.000     5.1244   3.157339    32.6926        759     0.5262 0.0000e+00
     19.000     5.1242   3.157638    32.6957        783     0.5432 0.0000e+00
     20.000     5.1218   3.158198    32.7040        812     0.5631 0.0000e+00
     21.000     5.1212   3.158412    32.7065        844     0.5852 0.0000e+00
     22.000     5.1196   3.157931    32.7021        870     0.6035 0.0000e+00
     23.000     5.1151   3.157975    32.7064        894     0.6199 0.0000e+00
     24.000     5.1120   3.158672    32.7170        920     0.6380 0.0000e+00
     25.000     5.1134   3.159116    32.7202        949     0.6586 0.0000e+00
     26.000     5.1107   3.158481    32.7150        974     0.6759 0.0000e+00
     27.000     5.1048   3.158052    32.7154        998     0.6925 0.0000e+00
     28.000     5.0983   3.158655    32.7282       1025     0.7109 0.0000e+00
     29.000     5.1011   3.159265    32.7319       1056     0.7323 0.0000e+00
     30.000     5.0946   3.159070    32.7355       1084     0.7519 0.0000e+00
     31.000     5.0816   3.158323    32.7392       1109     0.7693 0.0000e+00
     32.000     5.0790   3.157857    32.7360       1135     0.7873 0.0000e+00
     33.000     5.0745   3.157389    32.7345       1162     0.8064 0.0000e+00
     34.000     5.0727   3.157723    32.7396       1189     0.8253 0.0000e+00
     35.000     5.0728   3.157373    32.7349       1215     0.8434 0.0000e+00
     36.000     5.0718   3.157176    32.7331       1241     0.8612 0.0000e+00
     37.000     5.0703   3.157137    32.7336       1269     0.8808 0.0000e+00
     38.000     5.0693   3.156815    32.7305       1298     0.9009 0.0000e+00
     39.000     5.0681   3.156577    32.7284       1324     0.9191 0.0000e+00
     40.000     5.0662   3.156585    32.7299       1348     0.9357 0.0000e+00
     41.000     5.0633   3.156681    32.7333       1374     0.9535 0.0000e+00
     42.000     5.0590   3.156711    32.7373       1405     0.9751 0.0000e+00
     43.000     5.0567   3.156473    32.7363       1434     0.9949 0.0000e+00
     44.000     5.0553   3.156283    32.7351       1457     1.0109 0.0000e+00
     45.000     5.0544   3.156226    32.7348       1480     1.0270 0.0000e+00
     46.000     5.0540   3.156386    32.7364       1508     1.0468 0.0000e+00
     47.000     5.0535   3.156321    32.7357       1539     1.0680 0.0000e+00
     48.000     5.0524   3.156291    32.7359       1565     1.0863 0.0000e+00
     49.000     5.0508   3.156427    32.7385       1593     1.1057 0.0000e+00
     50.000     5.0501   3.156137    32.7354       1623     1.1263 0.0000e+00
     51.000     5.0484   3.155721    32.7318       1647     1.1427 0.0000e+00
     52.000     5.0440   3.155649    32.7348       1668     1.1578 0.0000e+00
     53.000     5.0419   3.155768    32.7377       1692     1.1746 0.0000e+00
     54.000     5.0407   3.155839    32.7391       1724     1.1963 0.0000e+00
     55.000     5.0400   3.155828    32.7392       1756     1.2189 0.0000e+00
     56.000     5.0390   3.155930    32.7409       1782     1.2371 0.0000e+00
     57.000     5.0391   3.155998    32.7411       1806     1.2534 0.0000e+00
     58.000     5.0399   3.156099    32.7410       1830     1.2702 0.0000e+00
     59.000     5.0403   3.156159    32.7406       1857     1.2889 0.0000e+00
     60.000     5.0407   3.156301    32.7414       1886     1.3092 0.0000e+00
     61.000     5.0408   3.156312    32.7410       1915     1.3292 0.0000e+00
     62.000     5.0416   3.156496    32.7417       1942     1.3482 0.0000e+00
     63.000     5.0430   3.156843    32.7439       1967     1.3653 0.0000e+00
     64.000     5.0412   3.157135    32.7485       1990     1.3815 0.0000e+00
     65.000     5.0354   3.157387    32.7565       2016     1.3994 0.0000e+00
     66.000     5.0238   3.156939    32.7623       2046     1.4200 0.0000e+00
     67.000     5.0125   3.156467    32.7676       2075     1.4406 0.0000e+00
     68.000     5.0008   3.155896    32.7719       2104     1.4603 0.0000e+00
     69.000     4.9999   3.155920    32.7726       2129     1.4777 0.0000e+00
     70.000     4.9982   3.155888    32.7734       2151     1.4934 0.0000e+00
     71.000     4.9919   3.155669    32.7766       2175     1.5097 0.0000e+00
     72.000     4.9757   3.154778    32.7817       2204     1.5295 0.0000e+00
     73.000     4.9384   3.151849    32.7843       2234     1.5508 0.0000e+00
     74.000     4.9289   3.150978    32.7831       2262     1.5701 0.0000e+00
     75.000     4.9259   3.150767    32.7831       2288     1.5881 0.0000e+00
     76.000     4.9228   3.150548    32.7831       2315     1.6066 0.0000e+00
     77.000     4.9193   3.150315    32.7833       2341     1.6251 0.0000e+00
     78.000     4.9144   3.149962    32.7836       2366     1.6420 0.0000e+00
     79.000     4.9146   3.149993    32.7832       2389     1.6585 0.0000e+00
     80.000     4.9138   3.149969    32.7833       2416     1.6772 0.0000e+00
     81.000     4.9118   3.149848    32.7833       2448     1.6996 0.0000e+00
     82.000     4.9053   3.149364    32.7836       2477     1.7192 0.0000e+00
     83.000     4.8991   3.148918    32.7841       2500     1.7353 0.0000e+00
     84.000     4.8969   3.148781    32.7842       2523     1.7515 0.0000e+00
     85.000     4.8938   3.148611    32.7848       2550     1.7704 0.0000e+00
     86.000     4.8848   3.148053    32.7867       2581     1.7914 0.0000e+00
     87.000     4.8815   3.147872    32.7874       2607     1.8099 0.0000e+00
     88.000     4.8738   3.147459    32.7897       2632     1.8268 0.0000e+00
     89.000     4.8731   3.147441    32.7897       2658     1.8451 0.0000e+00
     90.000     4.8731   3.147488    32.7897       2686     1.8644 0.0000e+00
     91.000     4.8735   3.147532    32.7893       2712     1.8826 0.0000e+00
     92.000     4.8730   3.147561    32.7896       2738     1.9004 0.0000e+00
     93.000     4.8732   3.147599    32.7893       2766     1.9205 0.0000e+00
     94.000     4.8732   3.147649    32.7894       2797     1.9418 0.0000e+00
     95.000     4.8738   3.147719    32.7892       2914     2.0226 0.0000e+00
     94.000     4.8735   3.147603    32.7886       3803     2.6400 0.0000e+00
     93.000     4.8741   3.147565    32.7880       3652     2.5354 0.0000e+00
     92.000     4.8742   3.147550    32.7883       3675     2.5517 0.0000e+00
     91.000     4.8742   3.147503    32.7883       3699     2.5677 0.0000e+00
     90.000     4.8742   3.147462    32.7883       3722     2.5839 0.0000e+00
     89.000     4.8747   3.147442    32.7881       3745     2.6002 0.0000e+00
     88.000     4.8755   3.147440    32.7878       3769     2.6167 0.0000e+00
     87.000     4.8786   3.147569    32.7867       3796     2.6355 0.0000e+00
     86.000     4.8822   3.147749    32.7857       3828     2.6579 0.0000e+00
     85.000     4.8948   3.148564    32.7832       3856     2.6774 0.0000e+00
     84.000     4.9068   3.149451    32.7821       3879     2.6931 0.0000e+00
     83.000     4.9075   3.149480    32.7823       3903     2.7098 0.0000e+00
     82.000     4.9072   3.149400    32.7822       3931     2.7289 0.0000e+00
     81.000     4.9086   3.149480    32.7822       3956     2.7465 0.0000e+00
     80.000     4.9093   3.149514    32.7825       3979     2.7624 0.0000e+00
     79.000     4.9093   3.149484    32.7827       4003     2.7794 0.0000e+00
     78.000     4.9107   3.149530    32.7823       4032     2.7991 0.0000e+00
     77.000     4.9151   3.149834    32.7820       4060     2.8185 0.0000e+00
     76.000     4.9209   3.150230    32.7813       4082     2.8340 0.0000e+00
     75.000     4.9231   3.150357    32.7811       4104     2.8495 0.0000e+00
     74.000     4.9279   3.150698    32.7808       4131     2.8677 0.0000e+00
     73.000     4.9305   3.150881    32.7809       4162     2.8897 0.0000e+00
     72.000     4.9537   3.152674    32.7792       4190     2.9088 0.0000e+00
     71.000     4.9776   3.154399    32.7761       4213     2.9247 0.0000e+00
     70.000     4.9890   3.155078    32.7731       4236     2.9408 0.0000e+00
     69.000     4.9920   3.155199    32.7721       4263     2.9596 0.0000e+00
     68.000     4.9954   3.155301    32.7704       4291     2.9791 0.0000e+00
     67.000     5.0024   3.155567    32.7671       4317     2.9970 0.0000e+00
     66.000     5.0110   3.155981    32.7639       4342     3.0143 0.0000e+00
     65.000     5.0271   3.156683    32.7567       4368     3.0325 0.0000e+00
     64.000     5.0341   3.156994    32.7539       4394     3.0504 0.0000e+00
     63.000     5.0369   3.156983    32.7515       4420     3.0684 0.0000e+00
     62.000     5.0387   3.156641    32.7463       4446     3.0868 0.0000e+00
     61.000     5.0392   3.156479    32.7444       4471     3.1043 0.0000e+00
     60.000     5.0391   3.156327    32.7433       4496     3.1214 0.0000e+00
     59.000     5.0391   3.156259    32.7430       4521     3.1392 0.0000e+00
     58.000     5.0393   3.156238    32.7432       4548     3.1576 0.0000e+00
     57.000     5.0398   3.156025    32.7406       4576     3.1772 0.0000e+00
     56.000     5.0428   3.155482    32.7320       4604     3.1969 0.0000e+00
     55.000     5.0476   3.155066    32.7230       4628     3.2129 0.0000e+00
     54.000     5.0528   3.154839    32.7158       4649     3.2276 0.0000e+00
     53.000     5.0569   3.154866    32.7126       4673     3.2444 0.0000e+00
     52.000     5.0589   3.154963    32.7122       4705     3.2666 0.0000e+00
     51.000     5.0626   3.155110    32.7108       4732     3.2854 0.0000e+00
     50.000     5.0727   3.155642    32.7076       4753     3.3003 0.0000e+00
     49.000     5.0791   3.156000    32.7059       4778     3.3173 0.0000e+00
     48.000     5.0797   3.156019    32.7060       4810     3.3397 0.0000e+00
     47.000     5.0866   3.156352    32.7035       4837     3.3586 0.0000e+00
     46.000     5.0958   3.156911    32.7015       4859     3.3734 0.0000e+00
     45.000     5.1005   3.157199    32.7007       4881     3.3890 0.0000e+00
     44.000     5.1027   3.157273    32.6999       4909     3.4082 0.0000e+00
     43.000     5.1043   3.157226    32.6983       4939     3.4289 0.0000e+00
     42.000     5.1087   3.157441    32.6969       4966     3.4476 0.0000e+00
     41.000     5.1108   3.157567    32.6969       4990     3.4647 0.0000e+00
     40.000     5.1108   3.157434    32.6958       5013     3.4809 0.0000e+00
     39.000     5.1143   3.157571    32.6945       5039     3.4985 0.0000e+00
     38.000     5.1163   3.157634    32.6937       5069     3.5193 0.0000e+00
     37.000     5.1202   3.157785    32.6922       5098     3.5394 0.0000e+00
     36.000     5.1204   3.157653    32.6910       5122     3.5560 0.0000e+00
     35.000     5.1214   3.157611    32.6900       5145     3.5723 0.0000e+00
     34.000     5.1227   3.157585    32.6889       5171     3.5901 0.0000e+00
     33.000     5.1234   3.157494    32.6877       5198     3.6092 0.0000e+00
     32.000     5.1190   3.156721    32.6837       5226     3.6284 0.0000e+00
     31.000     5.1132   3.155557    32.6765       5255     3.6484 0.0000e+00
     30.000     5.1113   3.155103    32.6737       5281     3.6667 0.0000e+00
     29.000     5.1093   3.154425    32.6683       5305     3.6833 0.0000e+00
     28.000     5.1076   3.153922    32.6647       5329     3.7001 0.0000e+00
     27.000     5.1039   3.153338    32.6622       5355     3.7179 0.0000e+00
     26.000     5.1025   3.153065    32.6610       5383     3.7374 0.0000e+00
     25.000     5.1034   3.152958    32.6593       5411     3.7570 0.0000e+00
     24.000     5.1097   3.153502    32.6600       5436     3.7746 0.0000e+00
     23.000     5.1165   3.154567    32.6660       5462     3.7921 0.0000e+00
     22.000     5.1346   3.156067    32.6659       5490     3.8115 0.0000e+00
     21.000     5.1530   3.157461    32.6644       5517     3.8305 0.0000e+00
     20.000     5.1525   3.157446    32.6652       5543     3.8485 0.0000e+00
     19.000     5.1497   3.157095    32.6645       5569     3.8668 0.0000e+00
     18.000     5.1491   3.156968    32.6642       5595     3.8845 0.0000e+00
     17.000     5.1508   3.157029    32.6637       5620     3.9019 0.0000e+00
     16.000     5.1535   3.157174    32.6632       5646     3.9204 0.0000e+00
     15.000     5.1592   3.157505    32.6619       5674     3.9397 0.0000e+00
     14.000     5.1705   3.158349    32.6611       5704     3.9604 0.0000e+00
     13.000     5.1779   3.158987    32.6615       5736     3.9826 0.0000e+00
     12.000     5.1832   3.159353    32.6611       5760     3.9995 0.0000e+00
     11.000     5.1874   3.159635    32.6607       5780     4.0131 0.0000e+00
     10.000     5.1874   3.159636    32.6613       5799     4.0265 0.0000e+00
      9.000     5.1800   3.159068    32.6625       5827     4.0455 0.0000e+00
      8.000     5.1754   3.158559    32.6616       5866     4.0728 0.0000e+00
      7.000     5.1731   3.158410    32.6627       5897     4.0942 0.0000e+00
      6.000     5.1710   3.158256    32.6635       5923     4.1126 0.0000e+00
      5.000     5.1712   3.158146    32.6626       5949     4.1304 0.0000e+00
      4.000     5.1759   3.158260    32.6598       5967     4.1434 0.0000e+00
      3.000     5.1761   3.158298    32.6605       6061     4.2085 0.0000e+00
