HB2502/ctd123.cnv
* Sea-Bird SBE 9 Data File:
* FileName = C:\cruise\data\ctd123.hex
* Software Version Seasave V 7.26.7.121
* Temperature SN = 6768
* Conductivity SN = 6166
* Number of Bytes Per Scan = 37
* Number of Voltage Words = 4
* Number of Scans Averaged by the Deck Unit = 1
* NMEA Latitude = 39 59.56 N
* NMEA Longitude = 070 06.60 W
* NMEA UTC (Time) = Apr 06 2025 13:42:42
* NMEA baud rate = 4800
** Ship: Bigelow HB2502
** Program:  Spring Bottom Trawl
** Chief Scientist:Jon Galbraith
# nquan = 7
# nvalues = 379                         
# units = specified
# name 0 = depSM: Depth [salt water, m]
# name 1 = t090C: Temperature [ITS-90, deg C]
# name 2 = c0S/m: Conductivity [S/m]
# name 3 = sal00: Salinity, Practical [PSU]
# name 4 = scan: Scan Count
# name 5 = timeM: Time, Elapsed [minutes]
# name 6 = flag: flag
# span 0 =      1.000,    191.000       
# span 1 =     4.7579,    11.0757       
# span 2 =   2.704090,   3.927923       
# span 3 =    27.1854,    35.1048       
# span 4 =        -30,      13533       
# span 5 =    -0.0217,     9.3976       
# span 6 = 0.0000e+00, 0.0000e+00       
# interval = meters: 1                  
# start_time = Apr 06 2025 13:42:42 [NMEA time, header]
# bad_flag = -9.990e-29
*END*
[from data line 206]
    173.000    10.0050   3.811834    34.9438       7846     5.4479 0.0000e+00
    172.000    10.0233   3.813734    34.9460       7865     5.4608 0.0000e+00
    171.000    10.0343   3.814868    34.9474       7886     5.4755 0.0000e+00
    170.000    10.0701   3.818708    34.9525       7920     5.4996 0.0000e+00
    169.000    10.0769   3.819458    34.9541       7957     5.5249 0.0000e+00
    168.000    10.1509   3.827322    34.9633       7978     5.5397 0.0000e+00
    167.000    10.1646   3.828844    34.9661       7998     5.5532 0.0000e+00
    166.000    10.1657   3.828993    34.9669       8018     5.5675 0.0000e+00
    165.000    10.1640   3.828816    34.9672       8043     5.5850 0.0000e+00
    164.000    10.1692   3.829378    34.9685       8072     5.6047 0.0000e+00
    163.000    10.1778   3.830311    34.9701       8104     5.6273 0.0000e+00
    162.000    10.1805   3.830611    34.9711       8141     5.6530 0.0000e+00
    161.000    10.1814   3.830656    34.9711       8167     5.6708 0.0000e+00
    160.000    10.1897   3.831531    34.9724       8188     5.6856 0.0000e+00
    159.000    10.1877   3.831329    34.9727       8208     5.6993 0.0000e+00
    158.000    10.1823   3.830743    34.9724       8229     5.7142 0.0000e+00
    157.000    10.2151   3.833779    34.9722       8259     5.7348 0.0000e+00
    156.000    10.3233   3.845560    34.9881       8300     5.7631 0.0000e+00
    155.000    10.4384   3.858115    35.0051       8329     5.7830 0.0000e+00
    154.000    10.5240   3.866957    35.0126       8349     5.7975 0.0000e+00
    153.000    10.5342   3.868219    35.0161       8369     5.8114 0.0000e+00
    152.000    10.5435   3.869250    35.0180       8392     5.8270 0.0000e+00
    151.000    10.5635   3.871258    35.0195       8425     5.8498 0.0000e+00
    150.000    10.5648   3.871435    35.0205       8464     5.8770 0.0000e+00
    149.000    10.5840   3.873326    35.0216       8487     5.8933 0.0000e+00
    148.000    10.5948   3.874548    35.0240       8506     5.9061 0.0000e+00
    147.000    10.6050   3.875627    35.0255       8527     5.9206 0.0000e+00
    146.000    10.6367   3.879090    35.0305       8566     5.9478 0.0000e+00
    145.000    10.6446   3.880014    35.0327       8606     5.9756 0.0000e+00
    144.000    10.6571   3.881416    35.0353       8629     5.9917 0.0000e+00
    143.000    10.6688   3.882778    35.0382       8649     6.0052 0.0000e+00
    142.000    10.6699   3.882840    35.0382       8670     6.0200 0.0000e+00
    141.000    10.6719   3.882932    35.0378       8695     6.0376 0.0000e+00
    140.000    10.6832   3.884136    35.0395       8725     6.0582 0.0000e+00
    139.000    10.7225   3.888386    35.0450       8754     6.0781 0.0000e+00
    138.000    10.7815   3.894953    35.0549       8785     6.1001 0.0000e+00
    137.000    10.8734   3.905163    35.0697       8817     6.1221 0.0000e+00
    136.000    11.0192   3.921479    35.0941       8841     6.1387 0.0000e+00
    135.000    11.0757   3.927923    35.1048       8864     6.1549 0.0000e+00
    134.000    11.0102   3.919741    35.0862       8896     6.1771 0.0000e+00
    133.000    10.8964   3.906390    35.0619       8929     6.2000 0.0000e+00
    132.000    10.6851   3.880647    35.0061       8953     6.2164 0.0000e+00
    131.000    10.6014   3.869989    34.9795       8973     6.2303 0.0000e+00
    130.000    10.5080   3.858589    34.9545       8997     6.2469 0.0000e+00
    129.000    10.4676   3.853545    34.9427       9035     6.2734 0.0000e+00
    128.000    10.3811   3.843562    34.9251       9070     6.2980 0.0000e+00
    127.000    10.2460   3.827061    34.8879       9092     6.3133 0.0000e+00
    126.000     9.9471   3.792413    34.8227       9112     6.3269 0.0000e+00
    125.000     9.6087   3.753303    34.7481       9137     6.3447 0.0000e+00
    124.000     9.5253   3.742162    34.7144       9180     6.3743 0.0000e+00
    123.000     9.4325   3.731573    34.6950       9208     6.3939 0.0000e+00
    122.000     9.2765   3.712991    34.6540       9227     6.4069 0.0000e+00
    121.000     9.2365   3.707473    34.6358       9246     6.4202 0.0000e+00
    120.000     9.1956   3.702098    34.6200       9275     6.4405 0.0000e+00
    119.000     9.1680   3.698308    34.6077       9316     6.4690 0.0000e+00
    118.000     9.0962   3.688786    34.5786       9345     6.4891 0.0000e+00
    117.000     9.0298   3.679882    34.5505       9370     6.5064 0.0000e+00
    116.000     8.9866   3.674067    34.5321       9394     6.5232 0.0000e+00
    115.000     8.9381   3.667824    34.5143       9421     6.5414 0.0000e+00
    114.000     8.9143   3.664417    34.5022       9450     6.5615 0.0000e+00
    113.000     8.9144   3.663954    34.4978       9477     6.5804 0.0000e+00
    112.000     8.9037   3.662218    34.4904       9503     6.5986 0.0000e+00
    111.000     8.8665   3.657207    34.4745       9537     6.6222 0.0000e+00
    110.000     8.8384   3.653052    34.4586       9577     6.6499 0.0000e+00
    109.000     8.7968   3.646645    34.4321       9599     6.6656 0.0000e+00
    108.000     8.7729   3.642655    34.4138       9617     6.6781 0.0000e+00
    107.000     8.7482   3.638712    34.3969       9636     6.6908 0.0000e+00
    106.000     8.7321   3.635913    34.3835       9660     6.7078 0.0000e+00
    105.000     8.7171   3.633336    34.3715       9704     6.7384 0.0000e+00
    104.000     8.7108   3.631542    34.3591       9747     6.7683 0.0000e+00
    103.000     8.6711   3.625255    34.3319       9769     6.7834 0.0000e+00
    102.000     8.5713   3.612241    34.2919       9787     6.7958 0.0000e+00
    101.000     8.3934   3.590009    34.2298       9804     6.8078 0.0000e+00
    100.000     8.2490   3.569586    34.1536       9826     6.8228 0.0000e+00
     99.000     8.1396   3.554928    34.1043       9864     6.8493 0.0000e+00
     98.000     8.0578   3.544092    34.0686       9911     6.8820 0.0000e+00
     97.000     7.9949   3.535232    34.0354       9944     6.9052 0.0000e+00
     96.000     7.9280   3.526451    34.0069       9965     6.9197 0.0000e+00
     95.000     7.8474   3.514931    33.9622       9982     6.9314 0.0000e+00
     94.000     7.6130   3.485915    33.8781       9998     6.9423 0.0000e+00
     93.000     7.3151   3.448343    33.7618      10021     6.9582 0.0000e+00
     92.000     7.0806   3.417910    33.6595      10088     7.0049 0.0000e+00
     91.000     7.1107   3.421316    33.6678      10110     7.0203 0.0000e+00
     90.000     7.0955   3.419253    33.6606      10127     7.0319 0.0000e+00
     89.000     7.0881   3.418164    33.6563      10143     7.0433 0.0000e+00
     88.000     7.0763   3.416446    33.6495      10165     7.0584 0.0000e+00
     87.000     7.0281   3.409975    33.6263      10207     7.0875 0.0000e+00
     86.000     6.8274   3.386843    33.5688      10245     7.1135 0.0000e+00
     85.000     6.6912   3.369064    33.5066      10267     7.1293 0.0000e+00
     84.000     6.6248   3.360474    33.4771      10289     7.1447 0.0000e+00
     83.000     6.5901   3.355640    33.4581      10313     7.1612 0.0000e+00
     82.000     6.4832   3.342641    33.4192      10339     7.1790 0.0000e+00
     81.000     6.3384   3.324146    33.3559      10366     7.1978 0.0000e+00
     80.000     6.3093   3.318154    33.3182      10396     7.2186 0.0000e+00
     79.000     6.4261   3.325708    33.2885      10426     7.2398 0.0000e+00
     78.000     6.6541   3.344877    33.2792      10454     7.2593 0.0000e+00
     77.000     6.7921   3.356369    33.2724      10482     7.2783 0.0000e+00
     76.000     6.8170   3.357852    33.2650      10508     7.2967 0.0000e+00
     75.000     6.6545   3.336277    33.1853      10534     7.3147 0.0000e+00
     74.000     6.5392   3.321389    33.1331      10562     7.3341 0.0000e+00
     73.000     6.4727   3.312703    33.1019      10590     7.3533 0.0000e+00
     72.000     6.3964   3.302848    33.0670      10614     7.3703 0.0000e+00
     71.000     6.2424   3.285340    33.0222      10638     7.3867 0.0000e+00
     70.000     5.9450   3.252336    32.9426      10666     7.4061 0.0000e+00
     69.000     5.7461   3.229946    32.8850      10699     7.4295 0.0000e+00
     68.000     5.5547   3.208597    32.8306      10727     7.4487 0.0000e+00
     67.000     5.2899   3.179359    32.7577      10749     7.4641 0.0000e+00
     66.000     5.2638   3.175815    32.7431      10771     7.4791 0.0000e+00
     65.000     5.2508   3.173275    32.7274      10796     7.4963 0.0000e+00
     64.000     5.2429   3.171320    32.7133      10826     7.5176 0.0000e+00
     63.000     5.2301   3.169194    32.7020      10859     7.5405 0.0000e+00
     62.000     5.2161   3.166834    32.6892      10886     7.5590 0.0000e+00
     61.000     5.2163   3.166190    32.6822      10907     7.5736 0.0000e+00
     60.000     5.2189   3.166116    32.6793      10928     7.5880 0.0000e+00
     59.000     5.2261   3.166266    32.6745      10956     7.6077 0.0000e+00
     58.000     5.2277   3.166281    32.6736      10992     7.6323 0.0000e+00
     57.000     5.2262   3.165242    32.6637      11017     7.6499 0.0000e+00
     56.000     5.1609   3.158046    32.6457      11036     7.6635 0.0000e+00
     55.000     5.0229   3.144127    32.6216      11058     7.6782 0.0000e+00
     54.000     4.9122   3.132257    32.5940      11083     7.6960 0.0000e+00
     53.000     4.8600   3.125612    32.5691      11114     7.7171 0.0000e+00
     52.000     4.8307   3.121679    32.5529      11145     7.7390 0.0000e+00
     51.000     4.8104   3.118526    32.5370      11176     7.7603 0.0000e+00
     50.000     4.7683   3.113320    32.5186      11202     7.7785 0.0000e+00
     49.000     4.7761   3.112730    32.5046      11223     7.7934 0.0000e+00
     48.000     4.7740   3.111832    32.4968      11244     7.8075 0.0000e+00
     47.000     4.7877   3.112393    32.4904      11266     7.8227 0.0000e+00
     46.000     4.8053   3.113318    32.4844      11294     7.8420 0.0000e+00
     45.000     4.8358   3.115323    32.4782      11331     7.8678 0.0000e+00
     44.000     4.9780   3.126957    32.4738      11362     7.8897 0.0000e+00
     43.000     5.3551   3.159242    32.4768      11386     7.9062 0.0000e+00
     42.000     5.5013   3.170966    32.4690      11407     7.9208 0.0000e+00
     41.000     5.5509   3.174975    32.4670      11429     7.9359 0.0000e+00
     40.000     5.5727   3.176625    32.4651      11454     7.9534 0.0000e+00
     39.000     5.5846   3.177461    32.4636      11482     7.9731 0.0000e+00
     38.000     5.5901   3.177613    32.4605      11512     7.9936 0.0000e+00
     37.000     5.5898   3.176977    32.4541      11542     8.0146 0.0000e+00
     36.000     5.5674   3.173273    32.4343      11570     8.0338 0.0000e+00
     35.000     5.5514   3.170314    32.4167      11593     8.0498 0.0000e+00
     34.000     5.5647   3.170004    32.4008      11614     8.0646 0.0000e+00
     33.000     5.5978   3.171473    32.3861      11636     8.0800 0.0000e+00
     32.000     5.6222   3.172970    32.3800      11663     8.0987 0.0000e+00
     31.000     5.6412   3.174176    32.3759      11699     8.1239 0.0000e+00
     30.000     5.6593   3.175159    32.3700      11732     8.1463 0.0000e+00
     29.000     5.6957   3.177187    32.3584      11753     8.1614 0.0000e+00
     28.000     5.7045   3.177659    32.3558      11772     8.1745 0.0000e+00
     27.000     5.7214   3.178575    32.3505      11793     8.1885 0.0000e+00
     26.000     5.7406   3.179345    32.3412      11821     8.2086 0.0000e+00
     25.000     5.7447   3.179030    32.3342      11857     8.2335 0.0000e+00
     24.000     5.7582   3.178689    32.3179      11886     8.2534 0.0000e+00
     23.000     5.7946   3.178929    32.2862      11910     8.2700 0.0000e+00
     22.000     5.8236   3.180183    32.2730      11931     8.2848 0.0000e+00
     21.000     5.8534   3.181607    32.2611      11952     8.2993 0.0000e+00
     20.000     5.8881   3.183383    32.2484      11976     8.3161 0.0000e+00
     19.000     5.9074   3.184565    32.2437      12011     8.3405 0.0000e+00
     18.000     5.9068   3.184506    32.2441      12046     8.3645 0.0000e+00
     17.000     5.9184   3.185062    32.2397      12068     8.3796 0.0000e+00
     16.000     5.9167   3.184987    32.2410      12086     8.3923 0.0000e+00
     15.000     5.9157   3.184927    32.2418      12105     8.4059 0.0000e+00
     14.000     5.9124   3.184753    32.2435      12134     8.4254 0.0000e+00
     13.000     5.9104   3.184634    32.2446      12172     8.4522 0.0000e+00
     12.000     5.9061   3.184008    32.2421      12202     8.4729 0.0000e+00
     11.000     5.9024   3.184140    32.2476      12221     8.4862 0.0000e+00
     10.000     5.9014   3.183666    32.2438      12238     8.4982 0.0000e+00
      9.000     5.9024   3.183971    32.2468      12258     8.5118 0.0000e+00
      8.000     5.9085   3.184309    32.2452      12298     8.5395 0.0000e+00
      7.000     5.9141   3.184578    32.2433      12342     8.5704 0.0000e+00
      6.000     5.9358   3.186216    32.2415      12930     8.9788 0.0000e+00
      5.000     5.9214   3.185115    32.2434      13291     9.2294 0.0000e+00
      4.000     5.9309   3.185690    32.2413      13292     9.2298 0.0000e+00
      3.000     5.9361   3.186051    32.2408      13359     9.2765 0.0000e+00
      2.000     5.9386   3.186160    32.2402      13428     9.3246 0.0000e+00
      1.000     6.0202   2.704090    27.1854      13533     9.3976 0.0000e+00
