HB2502/ctd188.cnv
* Sea-Bird SBE 9 Data File:
* FileName = C:\cruise\data\ctd188.hex
* Software Version Seasave V 7.26.7.121
* Temperature SN = 4591
* Conductivity SN = 6006
* Number of Bytes Per Scan = 37
* Number of Voltage Words = 4
* Number of Scans Averaged by the Deck Unit = 1
* NMEA Latitude = 42 25.83 N
* NMEA Longitude = 066 47.15 W
* NMEA UTC (Time) = May 07 2025 11:53:56
* NMEA baud rate = 4800
** Ship: Bigelow HB2502
** Program:  Spring Bottom Trawl
** Chief Scientist:Jon Galbraith
# nquan = 10
# nvalues = 673                         
# units = specified
# name 0 = depSM: Depth [salt water, m]
# name 1 = t090C: Temperature [ITS-90, deg C]
# name 2 = c0S/m: Conductivity [S/m]
# name 3 = sal00: Salinity, Practical [PSU]
# name 4 = scan: Scan Count
# name 5 = timeM: Time, Elapsed [minutes]
# name 6 = sbeox0Mg/L: Oxygen, SBE 43 [mg/l]
# name 7 = sbeox1Mg/L: Oxygen, SBE 43, 2 [mg/l]
# name 8 = par: PAR/Irradiance, Biospherical/Licor
# name 9 = flag: flag
# span 0 =      2.000,    338.000       
# span 1 =     5.2588,     7.8466       
# span 2 =   3.172815,   3.591799       
# span 3 =    32.3593,    34.9161       
# span 4 =         11,      19826       
# span 5 =     0.0069,    13.7671       
# span 6 =     5.8771,    10.5058       
# span 7 =     6.0774,    10.7227       
# span 8 = -4.510e-06, 3.6839e+02       
# span 9 = 0.0000e+00, 0.0000e+00       
# interval = meters: 1                  
# start_time = May 07 2025 11:53:56 [NMEA time, header]
# bad_flag = -9.990e-29
*END*
[from data line 289]
    291.000     6.9764   3.528879    34.8818       8335     5.7876     6.0034     6.1767 1.0000e-12 0.0000e+00
    292.000     6.9760   3.528887    34.8818       8356     5.8019     6.0094     6.1667 1.0000e-12 0.0000e+00
    293.000     6.9760   3.528916    34.8816       8403     5.8345     5.9788     6.1809 1.0000e-12 0.0000e+00
    294.000     6.9758   3.528956    34.8817       8440     5.8603     5.9851     6.1882 1.0000e-12 0.0000e+00
    295.000     6.9765   3.529045    34.8815       8463     5.8764     6.0038     6.1935 1.0000e-12 0.0000e+00
    296.000     6.9765   3.529075    34.8814       8486     5.8922     6.0169     6.1871 1.0000e-12 0.0000e+00
    297.000     6.9769   3.529168    34.8815       8509     5.9083     6.0171     6.1815 1.0000e-12 0.0000e+00
    298.000     6.9770   3.529223    34.8815       8531     5.9235     6.0055     6.1795 1.0000e-12 0.0000e+00
    299.000     6.9770   3.529275    34.8816       8554     5.9394     5.9964     6.1756 1.0000e-12 0.0000e+00
    300.000     6.9766   3.529283    34.8815       8588     5.9630     6.0204     6.1767 1.0000e-12 0.0000e+00
    301.000     6.9772   3.529367    34.8814       8630     5.9926     6.0336     6.1906 1.0000e-12 0.0000e+00
    302.000     6.9777   3.529457    34.8814       8658     6.0121     6.0368     6.1793 1.0000e-12 0.0000e+00
    303.000     6.9776   3.529495    34.8814       8680     6.0274     6.0209     6.1782 1.0000e-12 0.0000e+00
    304.000     6.9770   3.529481    34.8813       8701     6.0419     5.9901     6.1881 1.0000e-12 0.0000e+00
    305.000     6.9769   3.529509    34.8813       8725     6.0580     5.9986     6.1912 1.0000e-12 0.0000e+00
    306.000     6.9769   3.529564    34.8813       8753     6.0778     6.0194     6.1856 1.0000e-12 0.0000e+00
    307.000     6.9774   3.529649    34.8813       8785     6.0999     6.0248     6.1850 1.0000e-12 0.0000e+00
    308.000     6.9776   3.529711    34.8812       8811     6.1180     6.0149     6.1846 1.0000e-12 0.0000e+00
    309.000     6.9776   3.529755    34.8812       8836     6.1353     6.0101     6.1874 1.0000e-12 0.0000e+00
    310.000     6.9775   3.529797    34.8812       8868     6.1574     6.0110     6.1868 1.0000e-12 0.0000e+00
    311.000     6.9774   3.529836    34.8814       8902     6.1816     6.0185     6.1760 1.0000e-12 0.0000e+00
    312.000     6.9766   3.529787    34.8811       8928     6.1996     6.0263     6.1789 1.0000e-12 0.0000e+00
    313.000     6.9769   3.529865    34.8812       8950     6.2146     6.0382     6.1805 1.0000e-12 0.0000e+00
    314.000     6.9775   3.529950    34.8811       8972     6.2299     6.0359     6.1778 1.0000e-12 0.0000e+00
    315.000     6.9777   3.530026    34.8812       8997     6.2474     6.0212     6.1908 1.0000e-12 0.0000e+00
    316.000     6.9773   3.530049    34.8813       9024     6.2663     6.0136     6.1865 1.0000e-12 0.0000e+00
    317.000     6.9750   3.529869    34.8811       9055     6.2872     6.0148     6.1839 1.0000e-12 0.0000e+00
    318.000     6.9745   3.529860    34.8810       9093     6.3142     6.0240     6.1909 1.0000e-12 0.0000e+00
    319.000     6.9750   3.529944    34.8809       9120     6.3329     6.0230     6.1926 1.0000e-12 0.0000e+00
    320.000     6.9752   3.530014    34.8810       9140     6.3463     6.0175     6.1745 1.0000e-12 0.0000e+00
    321.000     6.9751   3.530055    34.8811       9158     6.3587     6.0069     6.1648 1.0000e-12 0.0000e+00
    322.000     6.9745   3.530025    34.8809       9180     6.3742     5.9912     6.1736 1.0000e-12 0.0000e+00
    323.000     6.9743   3.530056    34.8809       9228     6.4074     6.0084     6.1810 1.0000e-12 0.0000e+00
    324.000     6.9745   3.530098    34.8807       9265     6.4335     6.0224     6.1830 1.0000e-12 0.0000e+00
    325.000     6.9747   3.530179    34.8809       9284     6.4466     5.9998     6.1834 1.0000e-12 0.0000e+00
    326.000     6.9750   3.530243    34.8808       9301     6.4586     6.0003     6.1816 1.0000e-12 0.0000e+00
    327.000     6.9750   3.530304    34.8809       9320     6.4718     6.0106     6.1721 1.0000e-12 0.0000e+00
    328.000     6.9747   3.530317    34.8809       9350     6.4927     6.0052     6.1723 1.0000e-12 0.0000e+00
    329.000     6.9749   3.530379    34.8808       9393     6.5222     6.0175     6.1807 1.0000e-12 0.0000e+00
    330.000     6.9750   3.530432    34.8808       9418     6.5398     6.0226     6.1752 1.0000e-12 0.0000e+00
    331.000     6.9753   3.530501    34.8808       9438     6.5537     6.0098     6.1824 1.0000e-12 0.0000e+00
    332.000     6.9752   3.530537    34.8807       9459     6.5682     5.9908     6.1806 1.0000e-12 0.0000e+00
    333.000     6.9752   3.530580    34.8808       9500     6.5967     5.9959     6.1794 1.0000e-12 0.0000e+00
    334.000     6.9753   3.530633    34.8807       9559     6.6374     6.0192     6.1827 1.0000e-12 0.0000e+00
    335.000     6.9756   3.530702    34.8807       9585     6.6556     5.9866     6.1730 1.0000e-12 0.0000e+00
    336.000     6.9757   3.530762    34.8808       9611     6.6736     5.9969     6.1733 1.0000e-12 0.0000e+00
    337.000     6.9755   3.530790    34.8807       9692     6.7302     6.0122     6.1741 1.0000e-12 0.0000e+00
    338.000     6.9746   3.530745    34.8807       9838     6.8310     6.0132     6.1836 1.0000e-12 0.0000e+00
    337.000     6.9743   3.530652    34.8805      10528     7.3101     6.0147     6.1707 1.0000e-12 0.0000e+00
    336.000     6.9739   3.530587    34.8807      10712     7.4379     6.0115     6.1754 1.0000e-12 0.0000e+00
    335.000     6.9740   3.530528    34.8804      10736     7.4546     5.9803     6.1803 1.0000e-12 0.0000e+00
    334.000     6.9741   3.530507    34.8806      10758     7.4703     5.9789     6.1793 1.0000e-12 0.0000e+00
    333.000     6.9744   3.530477    34.8805      10778     7.4841     5.9920     6.1881 1.0000e-12 0.0000e+00
    332.000     6.9747   3.530469    34.8805      10797     7.4974     6.0041     6.1833 1.0000e-12 0.0000e+00
    331.000     6.9746   3.530417    34.8806      10819     7.5127     6.0050     6.1773 1.0000e-12 0.0000e+00
    330.000     6.9744   3.530343    34.8805      10856     7.5379     6.0091     6.1777 1.0000e-12 0.0000e+00
    329.000     6.9742   3.530287    34.8806      10894     7.5645     6.0129     6.1742 1.0000e-12 0.0000e+00
    328.000     6.9745   3.530262    34.8805      10918     7.5809     6.0077     6.1732 1.0000e-12 0.0000e+00
    327.000     6.9746   3.530234    34.8805      10937     7.5948     6.0109     6.1774 1.0000e-12 0.0000e+00
    326.000     6.9752   3.530239    34.8805      10959     7.6094     6.0071     6.1766 1.0000e-12 0.0000e+00
    325.000     6.9755   3.530240    34.8807      10984     7.6274     6.0077     6.1735 1.0000e-12 0.0000e+00
    324.000     6.9753   3.530179    34.8807      11013     7.6470     6.0083     6.1721 1.0000e-12 0.0000e+00
    323.000     6.9747   3.530080    34.8807      11040     7.6661     6.0231     6.1795 1.0000e-12 0.0000e+00
    322.000     6.9745   3.530003    34.8806      11072     7.6884     6.0052     6.1900 1.0000e-12 0.0000e+00
    321.000     6.9750   3.530011    34.8807      11104     7.7102     6.0226     6.1878 1.0000e-12 0.0000e+00
    320.000     6.9749   3.529950    34.8806      11126     7.7254     6.0400     6.1821 1.0000e-12 0.0000e+00
    319.000     6.9749   3.529895    34.8805      11144     7.7379     6.0199     6.1813 1.0000e-12 0.0000e+00
    318.000     6.9751   3.529875    34.8805      11162     7.7509     5.9984     6.1699 1.0000e-12 0.0000e+00
    317.000     6.9750   3.529830    34.8807      11197     7.7751     5.9963     6.1755 1.0000e-12 0.0000e+00
    316.000     6.9748   3.529770    34.8807      11245     7.8087     5.9900     6.1868 1.0000e-12 0.0000e+00
    315.000     6.9747   3.529700    34.8805      11265     7.8219     6.0017     6.1915 1.0000e-12 0.0000e+00
    314.000     6.9745   3.529638    34.8806      11281     7.8331     6.0044     6.1911 1.0000e-12 0.0000e+00
    313.000     6.9743   3.529574    34.8805      11296     7.8440     5.9967     6.1917 1.0000e-12 0.0000e+00
    312.000     6.9741   3.529511    34.8806      11315     7.8571     5.9828     6.1922 1.0000e-12 0.0000e+00
    311.000     6.9743   3.529489    34.8806      11354     7.8843     6.0019     6.1769 1.0000e-12 0.0000e+00
    310.000     6.9752   3.529517    34.8805      11397     7.9139     6.0216     6.1753 1.0000e-12 0.0000e+00
    309.000     6.9754   3.529490    34.8805      11417     7.9279     6.0237     6.1771 1.0000e-12 0.0000e+00
    308.000     6.9755   3.529474    34.8807      11436     7.9408     6.0153     6.1804 1.0000e-12 0.0000e+00
    307.000     6.9753   3.529414    34.8808      11456     7.9550     6.0194     6.1771 1.0000e-12 0.0000e+00
    306.000     6.9749   3.529330    34.8807      11483     7.9736     6.0350     6.1748 1.0000e-12 0.0000e+00
    305.000     6.9745   3.529252    34.8808      11518     7.9979     6.0309     6.1852 1.0000e-12 0.0000e+00
    304.000     6.9739   3.529143    34.8807      11552     8.0213     6.0213     6.1907 1.0000e-12 0.0000e+00
    303.000     6.9740   3.529101    34.8807      11576     8.0383     6.0051     6.1900 1.0000e-12 0.0000e+00
    302.000     6.9740   3.529053    34.8807      11595     8.0517     5.9988     6.1827 1.0000e-12 0.0000e+00
    301.000     6.9739   3.529003    34.8807      11614     8.0644     5.9933     6.1794 1.0000e-12 0.0000e+00
    300.000     6.9737   3.528946    34.8807      11636     8.0797     5.9898     6.1744 1.0000e-12 0.0000e+00
    299.000     6.9737   3.528895    34.8807      11678     8.1091     6.0392     6.1788 1.0000e-12 0.0000e+00
    298.000     6.9734   3.528832    34.8808      11715     8.1350     6.0484     6.1889 1.0000e-12 0.0000e+00
    297.000     6.9734   3.528778    34.8808      11734     8.1482     6.0465     6.1915 1.0000e-12 0.0000e+00
    296.000     6.9732   3.528719    34.8808      11751     8.1597     6.0413     6.1882 1.0000e-12 0.0000e+00
    295.000     6.9730   3.528651    34.8807      11767     8.1712     6.0269     6.1913 1.0000e-12 0.0000e+00
    294.000     6.9731   3.528605    34.8806      11788     8.1854     6.0091     6.1916 1.0000e-12 0.0000e+00
    293.000     6.9729   3.528550    34.8808      11839     8.2210     6.0134     6.1834 1.0000e-12 0.0000e+00
    292.000     6.9725   3.528460    34.8807      11884     8.2519     6.0008     6.1825 1.0000e-12 0.0000e+00
    291.000     6.9729   3.528439    34.8805      11898     8.2621     5.9839     6.1848 1.0000e-12 0.0000e+00
    290.000     6.9728   3.528387    34.8805      11911     8.2711     5.9938     6.1904 1.0000e-12 0.0000e+00
    289.000     6.9729   3.528342    34.8804      11924     8.2799     6.0046     6.1853 1.0000e-12 0.0000e+00
    288.000     6.9734   3.528363    34.8806      11938     8.2899     5.9973     6.1792 1.0000e-12 0.0000e+00
    287.000     6.9729   3.528286    34.8808      11978     8.3174     5.9957     6.1768 1.0000e-12 0.0000e+00
    286.000     6.9728   3.528232    34.8808      12040     8.3603     6.0596     6.1881 1.0000e-12 0.0000e+00
    285.000     6.9732   3.528207    34.8807      12056     8.3718     6.0336     6.1938 1.0000e-12 0.0000e+00
    284.000     6.9736   3.528205    34.8807      12072     8.3829     6.0253     6.1879 1.0000e-12 0.0000e+00
    283.000     6.9732   3.528143    34.8809      12090     8.3949     6.0159     6.1783 1.0000e-12 0.0000e+00
    282.000     6.9723   3.528003    34.8808      12114     8.4117     6.0160     6.1715 1.0000e-12 0.0000e+00
    281.000     6.9712   3.527857    34.8808      12153     8.4386     6.0351     6.1939 1.0000e-12 0.0000e+00
    280.000     6.9710   3.527781    34.8806      12179     8.4569     6.0245     6.1844 1.0000e-12 0.0000e+00
    279.000     6.9719   3.527816    34.8806      12197     8.4697     6.0201     6.1828 1.0000e-12 0.0000e+00
    278.000     6.9723   3.527820    34.8808      12216     8.4827     6.0091     6.1910 1.0000e-12 0.0000e+00
    277.000     6.9718   3.527731    34.8808      12244     8.5018     5.9922     6.1823 1.0000e-12 0.0000e+00
    276.000     6.9716   3.527658    34.8807      12293     8.5362     6.0006     6.1870 1.0000e-12 0.0000e+00
    275.000     6.9714   3.527598    34.8808      12321     8.5556     5.9905     6.1992 1.0000e-12 0.0000e+00
    274.000     6.9715   3.527560    34.8808      12341     8.5694     6.0143     6.1972 1.0000e-12 0.0000e+00
    273.000     6.9716   3.527528    34.8807      12360     8.5823     6.0244     6.1912 1.0000e-12 0.0000e+00
    272.000     6.9722   3.527521    34.8806      12379     8.5962     6.0291     6.1836 1.0000e-12 0.0000e+00
    271.000     6.9817   3.528304    34.8801      12404     8.6132     6.0234     6.1844 1.0000e-12 0.0000e+00
    270.000     6.9847   3.528592    34.8807      12439     8.6373     6.0138     6.1993 1.0000e-12 0.0000e+00
    269.000     6.9881   3.528843    34.8806      12473     8.6612     6.0314     6.2002 1.0000e-12 0.0000e+00
    268.000     7.0026   3.529915    34.8781      12497     8.6777     6.0347     6.1921 1.0000e-12 0.0000e+00
    267.000     7.0333   3.532827    34.8796      12517     8.6914     6.0252     6.1942 1.0000e-12 0.0000e+00
    266.000     7.0554   3.534892    34.8804      12538     8.7061     6.0088     6.1864 1.0000e-12 0.0000e+00
    265.000     7.0738   3.536703    34.8822      12567     8.7266     6.0034     6.1863 1.0000e-12 0.0000e+00
    264.000     7.0898   3.538194    34.8830      12605     8.7528     6.0228     6.1800 1.0000e-12 0.0000e+00
    263.000     7.0998   3.539129    34.8836      12632     8.7715     6.0156     6.1913 1.0000e-12 0.0000e+00
    262.000     7.1106   3.540029    34.8831      12654     8.7869     6.0214     6.1974 1.0000e-12 0.0000e+00
    261.000     7.1305   3.541876    34.8837      12677     8.8028     6.0150     6.1959 1.0000e-12 0.0000e+00
    260.000     7.1533   3.543919    34.8836      12702     8.8203     5.9900     6.1936 1.0000e-12 0.0000e+00
    259.000     7.1714   3.545641    34.8847      12728     8.8381     5.9989     6.1890 1.0000e-12 0.0000e+00
    258.000     7.1844   3.546829    34.8850      12753     8.8559     5.9971     6.1964 1.0000e-12 0.0000e+00
    257.000     7.2253   3.550572    34.8853      12782     8.8758     5.9919     6.1829 1.0000e-12 0.0000e+00
    256.000     7.2533   3.553385    34.8883      12815     8.8986     6.0133     6.1802 1.0000e-12 0.0000e+00
    255.000     7.2792   3.555701    34.8880      12842     8.9177     6.0044     6.1867 1.0000e-12 0.0000e+00
    254.000     7.3251   3.559958    34.8887      12865     8.9333     5.9958     6.1767 1.0000e-12 0.0000e+00
    253.000     7.3558   3.563147    34.8932      12889     8.9497     5.9999     6.1664 1.0000e-12 0.0000e+00
    252.000     7.3676   3.564412    34.8956      12917     8.9695     6.0114     6.1654 1.0000e-12 0.0000e+00
    251.000     7.3726   3.564905    34.8964      12945     8.9890     5.9939     6.1628 1.0000e-12 0.0000e+00
    250.000     7.3827   3.565708    34.8955      12969     9.0058     5.9898     6.1531 1.0000e-12 0.0000e+00
    249.000     7.4581   3.572718    34.8965      12993     9.0223     5.9782     6.1380 1.0000e-12 0.0000e+00
    248.000     7.4547   3.572769    34.9009      13019     9.0403     5.9599     6.1473 1.0000e-12 0.0000e+00
    247.000     7.4337   3.570455    34.8973      13048     9.0602     5.9681     6.1382 1.0000e-12 0.0000e+00
    246.000     7.4282   3.569769    34.8959      13078     9.0813     5.9554     6.1124 1.0000e-12 0.0000e+00
    245.000     7.4249   3.569453    34.8963      13108     9.1020     5.9566     6.1027 1.0000e-12 0.0000e+00
    244.000     7.3937   3.566020    34.8908      13135     9.1206     5.9508     6.1045 1.0000e-12 0.0000e+00
    243.000     7.3902   3.565360    34.8875      13158     9.1367     5.9402     6.0984 1.0000e-12 0.0000e+00
