HB2502/ctd194.cnv
* Sea-Bird SBE 9 Data File:
* FileName = C:\cruise\data\ctd194.hex
* Software Version Seasave V 7.26.7.121
* Temperature SN = 4591
* Conductivity SN = 6006
* Number of Bytes Per Scan = 37
* Number of Voltage Words = 4
* Number of Scans Averaged by the Deck Unit = 1
* NMEA Latitude = 42 13.01 N
* NMEA Longitude = 067 30.02 W
* NMEA UTC (Time) = May 09 2025 04:37:59
* NMEA baud rate = 4800
** Ship: Bigelow HB2502
** Program:  Spring Bottom Trawl
** Chief Scientist:Jon Galbraith
# nquan = 10
# nvalues = 472                         
# units = specified
# name 0 = depSM: Depth [salt water, m]
# name 1 = t090C: Temperature [ITS-90, deg C]
# name 2 = c0S/m: Conductivity [S/m]
# name 3 = sal00: Salinity, Practical [PSU]
# name 4 = scan: Scan Count
# name 5 = timeM: Time, Elapsed [minutes]
# name 6 = sbeox0Mg/L: Oxygen, SBE 43 [mg/l]
# name 7 = sbeox1Mg/L: Oxygen, SBE 43, 2 [mg/l]
# name 8 = par: PAR/Irradiance, Biospherical/Licor
# name 9 = flag: flag
# span 0 =      2.000,    238.000       
# span 1 =     5.3922,     9.1558       
# span 2 =   3.197587,   3.588700       
# span 3 =    32.6138,    34.8810       
# span 4 =        627,      14396       
# span 5 =     0.4349,     9.9968       
# span 6 =     5.8955,    11.2741       
# span 7 =     6.0479,    11.5471       
# span 8 = -9.346e-06, 1.6155e+01       
# span 9 = 0.0000e+00, 0.0000e+00       
# interval = meters: 1                  
# start_time = May 09 2025 04:37:59 [NMEA time, header]
# bad_flag = -9.990e-29
*END*
[from data line 433]
     40.000     6.1684   3.249972    32.7147      13412     9.3131    10.1461    10.3852 1.0000e-12 0.0000e+00
     39.000     6.1954   3.252309    32.7153      13432     9.3269    10.1542    10.4068 1.0000e-12 0.0000e+00
     38.000     6.2320   3.255527    32.7164      13452     9.3408    10.1670    10.4061 1.0000e-12 0.0000e+00
     37.000     6.3265   3.263126    32.7105      13474     9.3563    10.1737    10.4062 1.0000e-12 0.0000e+00
     36.000     6.4292   3.271582    32.7063      13500     9.3742    10.1799    10.4544 1.0000e-12 0.0000e+00
     35.000     6.4939   3.277111    32.7059      13529     9.3946    10.2468    10.5191 1.0000e-12 0.0000e+00
     34.000     6.5391   3.280673    32.7025      13559     9.4150    10.3325    10.6054 1.0000e-12 0.0000e+00
     33.000     6.5532   3.281527    32.6989      13585     9.4335    10.4065    10.7005 1.0000e-12 0.0000e+00
     32.000     6.5584   3.281847    32.6979      13611     9.4514    10.4659    10.7368 1.0000e-12 0.0000e+00
     31.000     6.5645   3.282237    32.6969      13640     9.4716    10.4582    10.7221 2.8727e-03 0.0000e+00
     30.000     6.5767   3.283010    32.6943      13670     9.4922    10.4605    10.7159 8.9915e-03 0.0000e+00
     29.000     6.5943   3.284154    32.6906      13695     9.5096    10.4739    10.7119 1.2392e-02 0.0000e+00
     28.000     6.6414   3.287368    32.6815      13717     9.5250    10.4579    10.7033 2.0884e-02 0.0000e+00
     27.000     6.6640   3.288844    32.6767      13739     9.5403    10.4545    10.7192 3.1495e-02 0.0000e+00
     26.000     6.7112   3.292618    32.6736      13763     9.5568    10.4719    10.7152 4.9133e-02 0.0000e+00
     25.000     6.8088   3.301488    32.6786      13790     9.5759    10.5091    10.7341 7.5297e-02 0.0000e+00
     24.000     6.8673   3.306775    32.6813      13821     9.5974    10.5474    10.8331 1.0243e-01 0.0000e+00
     23.000     6.8896   3.308719    32.6819      13851     9.6183    10.6288    10.9145 1.2593e-01 0.0000e+00
     22.000     6.9265   3.311973    32.6830      13877     9.6359    10.7328    10.9667 1.5480e-01 0.0000e+00
     21.000     6.9490   3.314088    32.6851      13899     9.6513    10.7844    11.0262 1.8505e-01 0.0000e+00
     20.000     6.9603   3.315178    32.6868      13921     9.6669    10.7980    11.0620 2.5606e-01 0.0000e+00
     19.000     6.9715   3.316272    32.6886      13947     9.6850    10.8081    11.0923 2.9878e-01 0.0000e+00
     18.000     6.9911   3.317959    32.6889      13978     9.7061    10.8702    11.1159 3.8448e-01 0.0000e+00
     17.000     7.0088   3.319348    32.6877      14006     9.7256    10.8903    11.1144 4.5518e-01 0.0000e+00
     16.000     7.0354   3.321480    32.6862      14030     9.7426    10.8961    11.1401 5.9490e-01 0.0000e+00
     15.000     7.1788   3.332905    32.6752      14055     9.7595    10.8527    11.1416 7.3445e-01 0.0000e+00
     14.000     7.6517   3.371079    32.6425      14080     9.7772    10.8133    11.1288 9.0984e-01 0.0000e+00
     13.000     7.8205   3.385486    32.6393      14106     9.7954    10.9873    11.4065 1.1477e+00 0.0000e+00
     12.000     7.9334   3.394956    32.6353      14132     9.8132    11.1655    11.5471 1.4751e+00 0.0000e+00
     11.000     7.9919   3.400017    32.6352      14158     9.8313    11.2121    11.5002 1.7308e+00 0.0000e+00
     10.000     8.0612   3.405933    32.6339      14187     9.8510    11.1242    11.3834 2.3293e+00 0.0000e+00
      9.000     8.1165   3.410727    32.6338      14216     9.8716    11.0624    11.2960 2.8316e+00 0.0000e+00
      8.000     8.1480   3.413478    32.6342      14242     9.8898    11.0215    11.2252 3.5703e+00 0.0000e+00
      7.000     8.2219   3.419696    32.6319      14265     9.9058    10.9332    11.1473 4.3961e+00 0.0000e+00
      6.000     8.3139   3.427372    32.6281      14289     9.9219    10.8641    11.1097 5.8911e+00 0.0000e+00
      5.000     8.5997   3.451513    32.6180      14314     9.9395    10.8031    11.0544 7.2709e+00 0.0000e+00
      4.000     8.8573   3.474224    32.6187      14341     9.9585    10.7810    11.0277 1.0365e+01 0.0000e+00
      3.000     9.0926   3.494484    32.6138      14366     9.9760    10.7219    11.0001 1.2162e+01 0.0000e+00
      2.000     9.1558   3.501754    32.6318      14396     9.9968    10.6334    10.9713 1.6155e+01 0.0000e+00
