HB2502/ctd115.cnv
* Sea-Bird SBE 9 Data File:
* FileName = C:\cruise\data\ctd115.hex
* Software Version Seasave V 7.26.7.121
* Temperature SN = 6768
* Conductivity SN = 6166
* Number of Bytes Per Scan = 37
* Number of Voltage Words = 4
* Number of Scans Averaged by the Deck Unit = 1
* NMEA Latitude = 39 42.19 N
* NMEA Longitude = 072 15.64 W
* NMEA UTC (Time) = Apr 04 2025 19:33:31
* NMEA baud rate = 4800
** Ship: Bigelow HB2502
** Program:  Spring Bottom Trawl
** Chief Scientist:Jon Galbraith
# nquan = 7
# nvalues = 216                         
# units = specified
# name 0 = depSM: Depth [salt water, m]
# name 1 = t090C: Temperature [ITS-90, deg C]
# name 2 = c0S/m: Conductivity [S/m]
# name 3 = sal00: Salinity, Practical [PSU]
# name 4 = scan: Scan Count
# name 5 = timeM: Time, Elapsed [minutes]
# name 6 = flag: flag
# span 0 =      3.000,    111.000       
# span 1 =     6.5660,     7.3183       
# span 2 =   3.280852,   3.414559       
# span 3 =    32.5090,    33.3922       
# span 4 =         35,       6992       
# span 5 =     0.0235,     4.8548       
# span 6 = 0.0000e+00, 0.0000e+00       
# interval = meters: 1                  
# start_time = Apr 04 2025 19:33:31 [NMEA time, header]
# bad_flag = -9.990e-29
*END*
      4.000     7.1887   3.365062    33.0210         35     0.0235 0.0000e+00
      5.000     7.1093   3.336577    32.7859        332     0.2299 0.0000e+00
      6.000     7.0478   3.313477    32.5919        574     0.3981 0.0000e+00
      7.000     6.9918   3.314540    32.6561        616     0.4271 0.0000e+00
      8.000     6.9084   3.307334    32.6561        651     0.4511 0.0000e+00
      9.000     6.8875   3.301777    32.6146        673     0.4665 0.0000e+00
     10.000     6.9508   3.301717    32.5534        692     0.4802 0.0000e+00
     11.000     6.9639   3.304462    32.5705        715     0.4957 0.0000e+00
     12.000     6.8802   3.305345    32.6592        743     0.5152 0.0000e+00
     13.000     6.8774   3.304996    32.6576        772     0.5357 0.0000e+00
     14.000     6.8722   3.301926    32.6283        801     0.5553 0.0000e+00
     15.000     6.8700   3.300644    32.6159        826     0.5730 0.0000e+00
     16.000     6.8663   3.300182    32.6139        851     0.5901 0.0000e+00
     17.000     6.8628   3.301385    32.6299        879     0.6096 0.0000e+00
     18.000     6.8530   3.301307    32.6379        908     0.6301 0.0000e+00
     19.000     6.8352   3.298510    32.6236        935     0.6485 0.0000e+00
     20.000     6.8154   3.296450    32.6194        959     0.6651 0.0000e+00
     21.000     6.8056   3.296363    32.6273        983     0.6817 0.0000e+00
     22.000     6.7966   3.297637    32.6494       1010     0.7007 0.0000e+00
     23.000     6.7863   3.297525    32.6575       1039     0.7209 0.0000e+00
     24.000     6.7765   3.296757    32.6579       1067     0.7405 0.0000e+00
     25.000     6.7650   3.295496    32.6545       1094     0.7591 0.0000e+00
     26.000     6.7517   3.295281    32.6644       1120     0.7770 0.0000e+00
     27.000     6.7364   3.294248    32.6670       1144     0.7940 0.0000e+00
     28.000     6.7035   3.293864    32.6938       1169     0.8111 0.0000e+00
     29.000     6.6560   3.294822    32.7492       1195     0.8295 0.0000e+00
     30.000     6.6297   3.296556    32.7930       1224     0.8494 0.0000e+00
     31.000     6.6107   3.295551    32.7996       1254     0.8703 0.0000e+00
     32.000     6.5943   3.291727    32.7727       1281     0.8887 0.0000e+00
     33.000     6.5743   3.288622    32.7570       1304     0.9050 0.0000e+00
     34.000     6.5660   3.289446    32.7736       1329     0.9220 0.0000e+00
     35.000     6.5671   3.289148    32.7689       1356     0.9413 0.0000e+00
     36.000     6.5700   3.289478    32.7692       1384     0.9607 0.0000e+00
     37.000     6.5771   3.290347    32.7715       1409     0.9779 0.0000e+00
     38.000     6.5837   3.291897    32.7818       1435     0.9957 0.0000e+00
     39.000     6.5878   3.293104    32.7907       1465     1.0165 0.0000e+00
     40.000     6.5961   3.293673    32.7886       1495     1.0378 0.0000e+00
     41.000     6.6081   3.294369    32.7842       1520     1.0550 0.0000e+00
     42.000     6.6316   3.295585    32.7747       1542     1.0704 0.0000e+00
     43.000     6.6553   3.297025    32.7673       1567     1.0873 0.0000e+00
     44.000     6.6728   3.298505    32.7664       1596     1.1076 0.0000e+00
     45.000     6.6945   3.300195    32.7638       1625     1.1281 0.0000e+00
     46.000     6.7196   3.301879    32.7578       1654     1.1481 0.0000e+00
     47.000     6.7401   3.304249    32.7638       1684     1.1684 0.0000e+00
     48.000     6.7555   3.308992    32.8007       1712     1.1880 0.0000e+00
     49.000     6.7364   3.311730    32.8486       1736     1.2046 0.0000e+00
     50.000     6.7168   3.312596    32.8765       1756     1.2188 0.0000e+00
     51.000     6.6853   3.311704    32.8964       1776     1.2329 0.0000e+00
     52.000     6.6636   3.310635    32.9050       1802     1.2504 0.0000e+00
     53.000     6.6653   3.313591    32.9354       1843     1.2793 0.0000e+00
     54.000     6.6645   3.316888    32.9721       1885     1.3085 0.0000e+00
     55.000     6.6619   3.317579    32.9817       1909     1.3251 0.0000e+00
     56.000     6.6641   3.318257    32.9866       1927     1.3374 0.0000e+00
     57.000     6.6642   3.318642    32.9902       1944     1.3490 0.0000e+00
     58.000     6.6632   3.318830    32.9928       1963     1.3622 0.0000e+00
     59.000     6.6660   3.319781    33.0001       1993     1.3835 0.0000e+00
     60.000     6.6742   3.321239    33.0078       2042     1.4171 0.0000e+00
     61.000     6.6665   3.321060    33.0128       2071     1.4372 0.0000e+00
     62.000     6.6660   3.321452    33.0170       2090     1.4508 0.0000e+00
     63.000     6.6820   3.323799    33.0271       2109     1.4639 0.0000e+00
     64.000     6.7005   3.326540    33.0389       2132     1.4800 0.0000e+00
     65.000     6.7119   3.328016    33.0436       2167     1.5043 0.0000e+00
     66.000     6.7225   3.329400    33.0482       2204     1.5298 0.0000e+00
     67.000     6.7338   3.331162    33.0563       2229     1.5472 0.0000e+00
     68.000     6.7621   3.335604    33.0773       2249     1.5614 0.0000e+00
     69.000     6.7908   3.340631    33.1045       2270     1.5758 0.0000e+00
     70.000     6.7975   3.342026    33.1129       2297     1.5947 0.0000e+00
     71.000     6.7964   3.342199    33.1153       2333     1.6198 0.0000e+00
     72.000     6.7892   3.341619    33.1154       2364     1.6410 0.0000e+00
     73.000     6.7936   3.342090    33.1158       2389     1.6582 0.0000e+00
     74.000     6.7969   3.342689    33.1188       2412     1.6744 0.0000e+00
     75.000     6.8171   3.344941    33.1236       2437     1.6915 0.0000e+00
     76.000     6.8214   3.345802    33.1284       2466     1.7115 0.0000e+00
     77.000     6.8181   3.345843    33.1315       2498     1.7343 0.0000e+00
     78.000     6.8285   3.347136    33.1352       2528     1.7547 0.0000e+00
     79.000     6.8170   3.346332    33.1369       2554     1.7730 0.0000e+00
     80.000     6.8087   3.345554    33.1359       2579     1.7903 0.0000e+00
     81.000     6.8095   3.345655    33.1358       2603     1.8068 0.0000e+00
     82.000     6.8173   3.346443    33.1364       2626     1.8231 0.0000e+00
     83.000     6.8124   3.346067    33.1365       2653     1.8416 0.0000e+00
     84.000     6.8016   3.345389    33.1391       2685     1.8642 0.0000e+00
     85.000     6.8005   3.345417    33.1399       2720     1.8881 0.0000e+00
     86.000     6.7999   3.345482    33.1408       2746     1.9059 0.0000e+00
     87.000     6.8006   3.345628    33.1411       2766     1.9202 0.0000e+00
     88.000     6.8073   3.346792    33.1470       2788     1.9355 0.0000e+00
     89.000     6.8094   3.347250    33.1495       2821     1.9584 0.0000e+00
     90.000     6.8182   3.348468    33.1539       2861     1.9864 0.0000e+00
     91.000     6.8655   3.354017    33.1687       2885     2.0026 0.0000e+00
     92.000     6.9254   3.361559    33.1931       2903     2.0156 0.0000e+00
     93.000     6.9756   3.367990    33.2146       2922     2.0286 0.0000e+00
     94.000     6.9795   3.368656    33.2177       2944     2.0435 0.0000e+00
     95.000     6.9881   3.369845    33.2219       2980     2.0686 0.0000e+00
     96.000     7.0071   3.372422    33.2313       3027     2.1013 0.0000e+00
     97.000     7.0430   3.377071    33.2469       3050     2.1174 0.0000e+00
     98.000     7.1388   3.389690    33.2918       3069     2.1303 0.0000e+00
     99.000     7.1733   3.394337    33.3087       3086     2.1427 0.0000e+00
    100.000     7.1913   3.396748    33.3172       3108     2.1576 0.0000e+00
    101.000     7.2379   3.402891    33.3386       3140     2.1797 0.0000e+00
    102.000     7.2841   3.409040    33.3604       3180     2.2079 0.0000e+00
    103.000     7.3183   3.414559    33.3869       3210     2.2286 0.0000e+00
    104.000     7.3122   3.414233    33.3888       3233     2.2441 0.0000e+00
    105.000     7.2998   3.413209    33.3891       3252     2.2579 0.0000e+00
    106.000     7.2917   3.412530    33.3890       3273     2.2724 0.0000e+00
    107.000     7.2697   3.410625    33.3891       3298     2.2899 0.0000e+00
    108.000     7.2554   3.409407    33.3892       3331     2.3128 0.0000e+00
    109.000     7.2539   3.409273    33.3887       3365     2.3361 0.0000e+00
    110.000     7.2579   3.409759    33.3896       3393     2.3554 0.0000e+00
    111.000     7.2649   3.410614    33.3917       3761     2.6110 0.0000e+00
    110.000     7.2571   3.409791    33.3908       4026     2.7951 0.0000e+00
    109.000     7.2571   3.409781    33.3911       4048     2.8105 0.0000e+00
    108.000     7.2586   3.409881    33.3912       4066     2.8227 0.0000e+00
    107.000     7.2618   3.410116    33.3912       4090     2.8397 0.0000e+00
    106.000     7.2976   3.413177    33.3904       4143     2.8763 0.0000e+00
    105.000     7.3025   3.413669    33.3915       4174     2.8978 0.0000e+00
    104.000     7.3061   3.413977    33.3919       4192     2.9103 0.0000e+00
    103.000     7.3094   3.414252    33.3922       4208     2.9218 0.0000e+00
    102.000     7.3128   3.414483    33.3918       4226     2.9342 0.0000e+00
    101.000     7.3104   3.413593    33.3850       4249     2.9502 0.0000e+00
    100.000     7.2809   3.409610    33.3706       4285     2.9750 0.0000e+00
     99.000     7.2700   3.408029    33.3645       4321     3.0000 0.0000e+00
     98.000     7.1863   3.397017    33.3259       4347     3.0182 0.0000e+00
     97.000     7.1361   3.390484    33.3036       4369     3.0331 0.0000e+00
     96.000     7.0715   3.381606    33.2695       4389     3.0469 0.0000e+00
     95.000     7.0397   3.377338    33.2540       4409     3.0613 0.0000e+00
     94.000     7.0126   3.373701    33.2409       4434     3.0786 0.0000e+00
     93.000     7.0023   3.372289    33.2359       4467     3.1017 0.0000e+00
     92.000     6.9964   3.371512    33.2336       4500     3.1245 0.0000e+00
     91.000     6.9585   3.366705    33.2180       4526     3.1426 0.0000e+00
     90.000     6.8994   3.359391    33.1954       4549     3.1586 0.0000e+00
     89.000     6.8523   3.353453    33.1762       4571     3.1735 0.0000e+00
     88.000     6.8258   3.350045    33.1648       4592     3.1881 0.0000e+00
     87.000     6.8194   3.348976    33.1598       4614     3.2037 0.0000e+00
     86.000     6.8148   3.348242    33.1566       4642     3.2227 0.0000e+00
     85.000     6.8122   3.347719    33.1539       4678     3.2481 0.0000e+00
     84.000     6.8106   3.347254    33.1508       4710     3.2703 0.0000e+00
     83.000     6.8067   3.346322    33.1449       4734     3.2868 0.0000e+00
     82.000     6.8096   3.346240    33.1417       4755     3.3011 0.0000e+00
     81.000     6.8196   3.347019    33.1410       4774     3.3148 0.0000e+00
     80.000     6.8269   3.347553    33.1403       4796     3.3299 0.0000e+00
     79.000     6.8212   3.346870    33.1388       4823     3.3488 0.0000e+00
     78.000     6.8176   3.346342    33.1369       4856     3.3712 0.0000e+00
     77.000     6.8075   3.345119    33.1337       4886     3.3924 0.0000e+00
     76.000     6.8098   3.345116    33.1320       4911     3.4100 0.0000e+00
     75.000     6.8127   3.345251    33.1311       4934     3.4255 0.0000e+00
     74.000     6.8154   3.345393    33.1306       4957     3.4413 0.0000e+00
     73.000     6.8098   3.344583    33.1276       4984     3.4603 0.0000e+00
     72.000     6.7984   3.343098    33.1228       5015     3.4822 0.0000e+00
     71.000     6.7845   3.341394    33.1179       5042     3.5010 0.0000e+00
     70.000     6.7713   3.339780    33.1134       5066     3.5174 0.0000e+00
     69.000     6.7682   3.339252    33.1111       5090     3.5340 0.0000e+00
     68.000     6.7789   3.339879    33.1082       5116     3.5521 0.0000e+00
     67.000     6.7696   3.337559    33.0921       5142     3.5701 0.0000e+00
     66.000     6.7419   3.332863    33.0676       5165     3.5859 0.0000e+00
     65.000     6.7331   3.331104    33.0572       5187     3.6015 0.0000e+00
     64.000     6.7283   3.330214    33.0525       5215     3.6205 0.0000e+00
     63.000     6.7211   3.329170    33.0485       5255     3.6486 0.0000e+00
     62.000     6.7062   3.327240    33.0421       5287     3.6708 0.0000e+00
     61.000     6.6788   3.323383    33.0265       5307     3.6848 0.0000e+00
     60.000     6.6738   3.322137    33.0181       5325     3.6970 0.0000e+00
     59.000     6.6768   3.321611    33.0099       5342     3.7093 0.0000e+00
     58.000     6.6691   3.320088    33.0010       5363     3.7238 0.0000e+00
     57.000     6.6628   3.318887    32.9943       5401     3.7502 0.0000e+00
     56.000     6.6615   3.318534    32.9922       5447     3.7820 0.0000e+00
     55.000     6.6572   3.317399    32.9843       5469     3.7971 0.0000e+00
     54.000     6.6565   3.316993    32.9809       5487     3.8099 0.0000e+00
     53.000     6.6560   3.316156    32.9727       5505     3.8222 0.0000e+00
     52.000     6.6591   3.314671    32.9538       5525     3.8358 0.0000e+00
     51.000     6.6597   3.311748    32.9215       5550     3.8535 0.0000e+00
     50.000     6.6619   3.310249    32.9033       5589     3.8804 0.0000e+00
     49.000     6.6654   3.309392    32.8910       5625     3.9054 0.0000e+00
     48.000     6.6807   3.309214    32.8749       5652     3.9243 0.0000e+00
     47.000     6.6906   3.309312    32.8669       5676     3.9412 0.0000e+00
     46.000     6.7067   3.310273    32.8625       5698     3.9563 0.0000e+00
     45.000     6.7156   3.310714    32.8594       5719     3.9707 0.0000e+00
     44.000     6.7071   3.309036    32.8495       5741     3.9858 0.0000e+00
     43.000     6.7069   3.308621    32.8457       5767     4.0042 0.0000e+00
     42.000     6.6971   3.307186    32.8397       5806     4.0313 0.0000e+00
     41.000     6.6795   3.304728    32.8299       5844     4.0580 0.0000e+00
     40.000     6.6479   3.300321    32.8122       5868     4.0742 0.0000e+00
     39.000     6.6329   3.298096    32.8025       5886     4.0866 0.0000e+00
     38.000     6.6119   3.295259    32.7919       5903     4.0985 0.0000e+00
     37.000     6.5952   3.292628    32.7793       5922     4.1121 0.0000e+00
     36.000     6.5863   3.290784    32.7680       5959     4.1375 0.0000e+00
     35.000     6.5826   3.289659    32.7596       6012     4.1740 0.0000e+00
     34.000     6.5745   3.287562    32.7447       6034     4.1895 0.0000e+00
     33.000     6.5687   3.286124    32.7349       6052     4.2021 0.0000e+00
     32.000     6.5676   3.284912    32.7230       6070     4.2143 0.0000e+00
     31.000     6.5697   3.282342    32.6931       6089     4.2280 0.0000e+00
     30.000     6.5738   3.281481    32.6802       6117     4.2471 0.0000e+00
     29.000     6.5889   3.280898    32.6598       6157     4.2749 0.0000e+00
     28.000     6.6011   3.280852    32.6482       6191     4.2989 0.0000e+00
     27.000     6.6485   3.282238    32.6186       6216     4.3161 0.0000e+00
     26.000     6.6824   3.283900    32.6052       6237     4.3308 0.0000e+00
     25.000     6.7236   3.286227    32.5920       6259     4.3455 0.0000e+00
     24.000     6.7451   3.287354    32.5845       6283     4.3623 0.0000e+00
     23.000     6.7574   3.288054    32.5809       6310     4.3815 0.0000e+00
     22.000     6.7692   3.288739    32.5777       6341     4.4025 0.0000e+00
     21.000     6.7807   3.289303    32.5734       6370     4.4229 0.0000e+00
     20.000     6.7969   3.289962    32.5658       6397     4.4415 0.0000e+00
     19.000     6.8132   3.290903    32.5612       6424     4.4602 0.0000e+00
     18.000     6.8242   3.291709    32.5600       6449     4.4780 0.0000e+00
     17.000     6.8428   3.293044    32.5575       6472     4.4939 0.0000e+00
     16.000     6.8587   3.294361    32.5573       6495     4.5096 0.0000e+00
     15.000     6.8657   3.294935    32.5574       6520     4.5268 0.0000e+00
     14.000     6.8666   3.294959    32.5574       6548     4.5466 0.0000e+00
