HB2502/ctd134.cnv
* Sea-Bird SBE 9 Data File:
* FileName = C:\cruise\data\ctd134.hex
* Software Version Seasave V 7.26.7.121
* Temperature SN = 6768
* Conductivity SN = 6166
* Number of Bytes Per Scan = 37
* Number of Voltage Words = 4
* Number of Scans Averaged by the Deck Unit = 1
* NMEA Latitude = 41 39.69 N
* NMEA Longitude = 069 47.71 W
* NMEA UTC (Time) = Apr 08 2025 18:43:40
* NMEA baud rate = 4800
** Ship: Bigelow HB2502
** Program:  Spring Bottom Trawl
** Chief Scientist:Jon Galbraith
# nquan = 7
# nvalues = 51                          
# units = specified
# name 0 = depSM: Depth [salt water, m]
# name 1 = t090C: Temperature [ITS-90, deg C]
# name 2 = c0S/m: Conductivity [S/m]
# name 3 = sal00: Salinity, Practical [PSU]
# name 4 = scan: Scan Count
# name 5 = timeM: Time, Elapsed [minutes]
# name 6 = flag: flag
# span 0 =      3.000,     28.000       
# span 1 =     5.0243,     5.3098       
# span 2 =   3.136273,   3.164011       
# span 3 =    32.4515,    32.5953       
# span 4 =        -27,       3950       
# span 5 =    -0.0196,     2.7421       
# span 6 = 0.0000e+00, 0.0000e+00       
# interval = meters: 1                  
# start_time = Apr 08 2025 18:43:40 [NMEA time, header]
# bad_flag = -9.990e-29
*END*
      3.000     5.3098   3.164011    32.5953        -27    -0.0196 0.0000e+00
      4.000     5.2077   3.153618    32.5757        715     0.4960 0.0000e+00
      5.000     5.2416   3.149764    32.4981        955     0.6624 0.0000e+00
      6.000     5.2301   3.148925    32.4992        993     0.6886 0.0000e+00
      7.000     5.1797   3.147836    32.5352       1025     0.7110 0.0000e+00
      8.000     5.1050   3.144015    32.5639       1054     0.7310 0.0000e+00
      9.000     5.0811   3.140753    32.5493       1078     0.7483 0.0000e+00
     10.000     5.0745   3.139032    32.5355       1102     0.7642 0.0000e+00
     11.000     5.0673   3.138652    32.5376       1124     0.7802 0.0000e+00
     12.000     5.0650   3.138569    32.5384       1149     0.7973 0.0000e+00
     13.000     5.0623   3.138429    32.5389       1177     0.8166 0.0000e+00
     14.000     5.0583   3.138220    32.5399       1206     0.8370 0.0000e+00
     15.000     5.0552   3.137716    32.5367       1234     0.8563 0.0000e+00
     16.000     5.0551   3.137496    32.5338       1260     0.8746 0.0000e+00
     17.000     5.0541   3.137629    32.5357       1287     0.8932 0.0000e+00
     18.000     5.0502   3.137607    32.5388       1315     0.9123 0.0000e+00
     19.000     5.0441   3.137336    32.5411       1342     0.9315 0.0000e+00
     20.000     5.0385   3.136767    32.5396       1368     0.9494 0.0000e+00
     21.000     5.0364   3.136295    32.5357       1393     0.9663 0.0000e+00
     22.000     5.0349   3.136277    32.5364       1417     0.9832 0.0000e+00
     23.000     5.0331   3.136726    32.5428       1443     1.0015 0.0000e+00
     24.000     5.0322   3.137172    32.5483       1471     1.0210 0.0000e+00
     25.000     5.0312   3.137103    32.5480       1500     1.0407 0.0000e+00
     26.000     5.0301   3.136522    32.5419       1526     1.0592 0.0000e+00
     27.000     5.0293   3.136273    32.5393       1552     1.0770 0.0000e+00
     28.000     5.0293   3.139358    32.5742       1573     1.0919 0.0000e+00
     27.000     5.0243   3.139730    32.5839       2987     2.0736 0.0000e+00
     26.000     5.0444   3.136476    32.5274       3224     2.2381 0.0000e+00
     25.000     5.0574   3.136362    32.5139       3206     2.2260 0.0000e+00
     24.000     5.0692   3.136418    32.5035       3231     2.2431 0.0000e+00
     23.000     5.0534   3.136524    32.5207       3262     2.2645 0.0000e+00
     22.000     5.0569   3.136446    32.5169       3295     2.2872 0.0000e+00
     21.000     5.0679   3.136517    32.5075       3320     2.3049 0.0000e+00
     20.000     5.0578   3.136434    32.5169       3341     2.3197 0.0000e+00
     19.000     5.0576   3.136391    32.5171       3361     2.3334 0.0000e+00
     18.000     5.0638   3.136443    32.5122       3383     2.3483 0.0000e+00
     17.000     5.0666   3.136647    32.5123       3411     2.3680 0.0000e+00
     16.000     5.0651   3.137101    32.5194       3445     2.3920 0.0000e+00
     15.000     5.0699   3.137801    32.5233       3473     2.4108 0.0000e+00
     14.000     5.0715   3.138498    32.5303       3495     2.4262 0.0000e+00
     13.000     5.0746   3.138685    32.5299       3516     2.4409 0.0000e+00
     12.000     5.0890   3.140000    32.5314       3539     2.4571 0.0000e+00
     11.000     5.1041   3.141175    32.5307       3566     2.4760 0.0000e+00
     10.000     5.1204   3.142601    32.5316       3599     2.4984 0.0000e+00
      9.000     5.1363   3.143630    32.5284       3633     2.5222 0.0000e+00
      8.000     5.1548   3.144564    32.5216       3658     2.5398 0.0000e+00
      7.000     5.1717   3.145099    32.5117       3678     2.5532 0.0000e+00
      6.000     5.1779   3.145127    32.5065       3695     2.5655 0.0000e+00
      5.000     5.1900   3.145806    32.5030       3715     2.5793 0.0000e+00
      4.000     5.2067   3.147906    32.5113       3744     2.5994 0.0000e+00
      3.000     5.2450   3.145891    32.4515       3950     2.7421 0.0000e+00
