HB2502/ctd166.cnv
* Sea-Bird SBE 9 Data File:
* FileName = C:\cruise\data\ctd166.hex
* Software Version Seasave V 7.26.7.121
* Temperature SN = 6768
* Conductivity SN = 6166
* Number of Bytes Per Scan = 37
* Number of Voltage Words = 4
* Number of Scans Averaged by the Deck Unit = 1
* NMEA Latitude = 42 06.63 N
* NMEA Longitude = 069 40.01 W
* NMEA UTC (Time) = Apr 17 2025 05:32:01
* NMEA baud rate = 4800
** Ship: Bigelow HB2502
** Program:  Spring Bottom Trawl
** Chief Scientist:Jon Galbraith
# nquan = 7
# nvalues = 425                         
# units = specified
# name 0 = depSM: Depth [salt water, m]
# name 1 = t090C: Temperature [ITS-90, deg C]
# name 2 = c0S/m: Conductivity [S/m]
# name 3 = sal00: Salinity, Practical [PSU]
# name 4 = scan: Scan Count
# name 5 = timeM: Time, Elapsed [minutes]
# name 6 = flag: flag
# span 0 =      1.000,    214.000       
# span 1 =     5.1687,     7.2938       
# span 2 =   3.176332,   3.460742       
# span 3 =    32.7134,    33.8588       
# span 4 =       -215,      14408       
# span 5 =    -0.1499,    10.0051       
# span 6 = 0.0000e+00, 0.0000e+00       
# interval = meters: 1                  
# start_time = Apr 17 2025 05:32:01 [NMEA time, header]
# bad_flag = -9.990e-29
*END*
[from data line 206]
    209.000     7.2099   3.448805    33.8133       6060     4.2078 0.0000e+00
    210.000     7.2148   3.449501    33.8157       6084     4.2246 0.0000e+00
    211.000     7.2394   3.452945    33.8286       6123     4.2516 0.0000e+00
    212.000     7.2528   3.454882    33.8361       6160     4.2768 0.0000e+00
    213.000     7.2748   3.458031    33.8484       6183     4.2929 0.0000e+00
    214.000     7.2938   3.460742    33.8588       6201     4.3058 0.0000e+00
    213.000     7.2855   3.459845    33.8577       6444     4.4741 0.0000e+00
    212.000     7.2536   3.455335    33.8403       6942     4.8201 0.0000e+00
    211.000     7.2427   3.453775    33.8345       7245     5.0307 0.0000e+00
    210.000     7.2398   3.453364    33.8333       7418     5.1504 0.0000e+00
    209.000     7.1991   3.447682    33.8117       7714     5.3560 0.0000e+00
    208.000     7.1924   3.446717    33.8081       7833     5.4392 0.0000e+00
    207.000     7.1890   3.446184    33.8062       7865     5.4613 0.0000e+00
    206.000     7.1877   3.445969    33.8056       7892     5.4795 0.0000e+00
    205.000     7.1873   3.445871    33.8054       7915     5.4961 0.0000e+00
    204.000     7.1859   3.445638    33.8047       7938     5.5117 0.0000e+00
    203.000     7.1820   3.445075    33.8028       7960     5.5270 0.0000e+00
    202.000     7.1800   3.444749    33.8017       7984     5.5440 0.0000e+00
    201.000     7.1754   3.444100    33.7996       8015     5.5650 0.0000e+00
    200.000     7.1672   3.442900    33.7950       8046     5.5867 0.0000e+00
    199.000     7.1560   3.441274    33.7887       8070     5.6037 0.0000e+00
    198.000     7.1486   3.440199    33.7847       8091     5.6180 0.0000e+00
    197.000     7.1419   3.439181    33.7807       8113     5.6334 0.0000e+00
    196.000     7.1298   3.437425    33.7738       8145     5.6558 0.0000e+00
    195.000     7.1037   3.433832    33.7605       8178     5.6783 0.0000e+00
    194.000     7.0087   3.420263    33.7056       8197     5.6920 0.0000e+00
    193.000     6.9324   3.409377    33.6614       8215     5.7043 0.0000e+00
    192.000     6.9049   3.405403    33.6452       8241     5.7222 0.0000e+00
    191.000     6.8992   3.404311    33.6393       8282     5.7510 0.0000e+00
    190.000     6.8620   3.399375    33.6218       8309     5.7692 0.0000e+00
    189.000     6.8308   3.394975    33.6045       8328     5.7826 0.0000e+00
    188.000     6.8177   3.393011    33.5962       8346     5.7952 0.0000e+00
    187.000     6.8048   3.391119    33.5885       8369     5.8109 0.0000e+00
    186.000     6.7531   3.384299    33.5644       8415     5.8432 0.0000e+00
    185.000     6.7002   3.376972    33.5359       8448     5.8661 0.0000e+00
    184.000     6.5989   3.364027    33.4926       8465     5.8779 0.0000e+00
    183.000     6.5824   3.361683    33.4833       8480     5.8885 0.0000e+00
    182.000     6.5702   3.359963    33.4767       8498     5.9010 0.0000e+00
    181.000     6.5393   3.355990    33.4634       8535     5.9264 0.0000e+00
    180.000     6.4873   3.349762    33.4458       8574     5.9538 0.0000e+00
    179.000     6.4406   3.343926    33.4272       8602     5.9727 0.0000e+00
    178.000     6.4191   3.341149    33.4179       8626     5.9895 0.0000e+00
    177.000     6.3996   3.338648    33.4097       8650     6.0059 0.0000e+00
    176.000     6.3773   3.335777    33.4002       8677     6.0248 0.0000e+00
    175.000     6.3553   3.332528    33.3861       8709     6.0473 0.0000e+00
    174.000     6.3333   3.329449    33.3739       8738     6.0676 0.0000e+00
    173.000     6.2834   3.323855    33.3610       8760     6.0828 0.0000e+00
    172.000     6.2474   3.319578    33.3491       8781     6.0972 0.0000e+00
    171.000     6.2108   3.315288    33.3376       8805     6.1138 0.0000e+00
    170.000     6.1657   3.309765    33.3206       8839     6.1376 0.0000e+00
    169.000     6.0834   3.300500    33.2983       8878     6.1647 0.0000e+00
    168.000     5.9999   3.290355    33.2669       8904     6.1828 0.0000e+00
    167.000     5.9678   3.286371    33.2543       8925     6.1971 0.0000e+00
    166.000     5.9433   3.283391    33.2453       8948     6.2132 0.0000e+00
    165.000     5.9211   3.280712    33.2375       8980     6.2355 0.0000e+00
    164.000     5.8839   3.276085    33.2225       9011     6.2572 0.0000e+00
    163.000     5.8255   3.268662    33.1968       9035     6.2737 0.0000e+00
    162.000     5.7898   3.264120    33.1812       9059     6.2901 0.0000e+00
    161.000     5.7757   3.262248    33.1744       9093     6.3141 0.0000e+00
    160.000     5.7723   3.261688    33.1720       9133     6.3416 0.0000e+00
    159.000     5.7649   3.260726    33.1689       9159     6.3597 0.0000e+00
    158.000     5.7586   3.259912    33.1664       9180     6.3741 0.0000e+00
    157.000     5.7516   3.259010    33.1636       9202     6.3895 0.0000e+00
    156.000     5.7390   3.257454    33.1589       9231     6.4098 0.0000e+00
    155.000     5.7322   3.256512    33.1555       9266     6.4342 0.0000e+00
    154.000     5.7169   3.254529    33.1486       9296     6.4545 0.0000e+00
    153.000     5.7007   3.252419    33.1411       9323     6.4733 0.0000e+00
    152.000     5.6910   3.251119    33.1364       9349     6.4917 0.0000e+00
    151.000     5.6826   3.249923    33.1318       9376     6.5105 0.0000e+00
    150.000     5.6689   3.248195    33.1261       9407     6.5322 0.0000e+00
    149.000     5.6575   3.246709    33.1210       9441     6.5552 0.0000e+00
    148.000     5.6248   3.242788    33.1093       9468     6.5743 0.0000e+00
    147.000     5.5864   3.237980    33.0931       9490     6.5895 0.0000e+00
    146.000     5.5676   3.235576    33.0849       9512     6.6050 0.0000e+00
    145.000     5.5498   3.233270    33.0767       9541     6.6253 0.0000e+00
    144.000     5.5386   3.231800    33.0715       9583     6.6543 0.0000e+00
    143.000     5.5283   3.230462    33.0670       9614     6.6756 0.0000e+00
    142.000     5.5208   3.229493    33.0639       9635     6.6900 0.0000e+00
    141.000     5.5190   3.229246    33.0633       9655     6.7038 0.0000e+00
    140.000     5.5138   3.228574    33.0613       9684     6.7241 0.0000e+00
    139.000     5.5050   3.227410    33.0573       9724     6.7519 0.0000e+00
    138.000     5.4886   3.225344    33.0504       9752     6.7716 0.0000e+00
    137.000     5.4737   3.223437    33.0439       9774     6.7869 0.0000e+00
    136.000     5.4581   3.221445    33.0371       9797     6.8026 0.0000e+00
    135.000     5.4376   3.218827    33.0280       9824     6.8214 0.0000e+00
    134.000     5.4279   3.217500    33.0230       9859     6.8455 0.0000e+00
    133.000     5.4228   3.216712    33.0196       9896     6.8714 0.0000e+00
    132.000     5.4151   3.215602    33.0150       9923     6.8899 0.0000e+00
    131.000     5.4063   3.214538    33.0121       9943     6.9043 0.0000e+00
    130.000     5.3995   3.213724    33.0100       9967     6.9210 0.0000e+00
    129.000     5.3935   3.212992    33.0081      10000     6.9439 0.0000e+00
    128.000     5.3841   3.211835    33.0046      10032     6.9660 0.0000e+00
    127.000     5.3745   3.210626    33.0008      10058     6.9839 0.0000e+00
    126.000     5.3591   3.208730    32.9949      10083     7.0011 0.0000e+00
    125.000     5.3400   3.206368    32.9873      10109     7.0198 0.0000e+00
    124.000     5.3248   3.204497    32.9813      10138     7.0394 0.0000e+00
    123.000     5.3196   3.203804    32.9790      10168     7.0606 0.0000e+00
    122.000     5.3102   3.202624    32.9754      10204     7.0852 0.0000e+00
    121.000     5.3026   3.201657    32.9723      10233     7.1057 0.0000e+00
    120.000     5.2933   3.200596    32.9698      10256     7.1217 0.0000e+00
    119.000     5.2845   3.199548    32.9671      10277     7.1361 0.0000e+00
    118.000     5.2751   3.198442    32.9642      10301     7.1524 0.0000e+00
    117.000     5.2676   3.197510    32.9614      10339     7.1793 0.0000e+00
    116.000     5.2640   3.197020    32.9599      10377     7.2057 0.0000e+00
    115.000     5.2593   3.196442    32.9584      10399     7.2208 0.0000e+00
    114.000     5.2574   3.196170    32.9576      10420     7.2356 0.0000e+00
    113.000     5.2565   3.196000    32.9571      10448     7.2547 0.0000e+00
    112.000     5.2547   3.195746    32.9565      10483     7.2794 0.0000e+00
    111.000     5.2509   3.195238    32.9549      10514     7.3006 0.0000e+00
    110.000     5.2445   3.194437    32.9526      10538     7.3174 0.0000e+00
    109.000     5.2403   3.193890    32.9510      10563     7.3345 0.0000e+00
    108.000     5.2367   3.193386    32.9493      10594     7.3560 0.0000e+00
    107.000     5.2281   3.192316    32.9460      10627     7.3788 0.0000e+00
    106.000     5.2201   3.191283    32.9427      10654     7.3982 0.0000e+00
    105.000     5.2162   3.190760    32.9410      10678     7.4148 0.0000e+00
    104.000     5.2133   3.190328    32.9393      10704     7.4329 0.0000e+00
    103.000     5.2082   3.189584    32.9364      10739     7.4572 0.0000e+00
    102.000     5.2037   3.188926    32.9338      10769     7.4781 0.0000e+00
    101.000     5.1995   3.188292    32.9312      10791     7.4934 0.0000e+00
    100.000     5.1984   3.188079    32.9303      10813     7.5086 0.0000e+00
     99.000     5.1969   3.187816    32.9293      10849     7.5332 0.0000e+00
     98.000     5.1955   3.187561    32.9283      10886     7.5589 0.0000e+00
     97.000     5.1918   3.186998    32.9260      10906     7.5729 0.0000e+00
     96.000     5.1902   3.186685    32.9245      10924     7.5853 0.0000e+00
     95.000     5.1898   3.186571    32.9241      10948     7.6023 0.0000e+00
     94.000     5.1899   3.186511    32.9238      10990     7.6314 0.0000e+00
     93.000     5.1891   3.186361    32.9234      11022     7.6536 0.0000e+00
     92.000     5.1883   3.186201    32.9229      11044     7.6685 0.0000e+00
     91.000     5.1865   3.185937    32.9221      11063     7.6822 0.0000e+00
     90.000     5.1849   3.185630    32.9207      11085     7.6973 0.0000e+00
     89.000     5.1837   3.185275    32.9184      11119     7.7209 0.0000e+00
     88.000     5.1833   3.185020    32.9163      11157     7.7475 0.0000e+00
     87.000     5.1830   3.184631    32.9127      11179     7.7625 0.0000e+00
     86.000     5.1836   3.184538    32.9115      11197     7.7751 0.0000e+00
     85.000     5.1841   3.184471    32.9108      11215     7.7878 0.0000e+00
     84.000     5.1858   3.184398    32.9088      11242     7.8063 0.0000e+00
     83.000     5.1898   3.184621    32.9079      11288     7.8379 0.0000e+00
     82.000     5.1972   3.185115    32.9068      11320     7.8603 0.0000e+00
     81.000     5.2041   3.185641    32.9065      11341     7.8751 0.0000e+00
     80.000     5.2064   3.185808    32.9066      11361     7.8887 0.0000e+00
     79.000     5.2048   3.185472    32.9049      11382     7.9038 0.0000e+00
     78.000     5.1937   3.183866    32.8979      11409     7.9220 0.0000e+00
     77.000     5.1897   3.183190    32.8946      11443     7.9460 0.0000e+00
     76.000     5.1868   3.182460    32.8897      11471     7.9651 0.0000e+00
     75.000     5.1843   3.181358    32.8800      11491     7.9795 0.0000e+00
     74.000     5.1822   3.180693    32.8750      11514     7.9950 0.0000e+00
     73.000     5.1780   3.179561    32.8667      11553     8.0221 0.0000e+00
     72.000     5.1738   3.178399    32.8579      11585     8.0441 0.0000e+00
     71.000     5.1722   3.177835    32.8536      11602     8.0563 0.0000e+00
     70.000     5.1722   3.177643    32.8519      11617     8.0668 0.0000e+00
     69.000     5.1737   3.177371    32.8478      11636     8.0799 0.0000e+00
     68.000     5.1815   3.176435    32.8299      11686     8.1149 0.0000e+00
     67.000     5.2025   3.177542    32.8225      11715     8.1346 0.0000e+00
     66.000     5.2067   3.177505    32.8185      11728     8.1437 0.0000e+00
     65.000     5.2071   3.177363    32.8169      11741     8.1530 0.0000e+00
     64.000     5.2083   3.177242    32.8149      11758     8.1643 0.0000e+00
     63.000     5.2144   3.177253    32.8095      11805     8.1969 0.0000e+00
     62.000     5.2146   3.177167    32.8088      11852     8.2299 0.0000e+00
     61.000     5.2156   3.177104    32.8077      11868     8.2413 0.0000e+00
     60.000     5.2153   3.177028    32.8076      11883     8.2515 0.0000e+00
     59.000     5.2160   3.176894    32.8059      11899     8.2623 0.0000e+00
     58.000     5.2208   3.176611    32.7984      11919     8.2761 0.0000e+00
     57.000     5.2222   3.176332    32.7944      11966     8.3091 0.0000e+00
     56.000     5.2234   3.176389    32.7944      12005     8.3364 0.0000e+00
     55.000     5.2308   3.176808    32.7924      12020     8.3467 0.0000e+00
     54.000     5.2378   3.177294    32.7916      12035     8.3567 0.0000e+00
     53.000     5.2475   3.177985    32.7905      12048     8.3660 0.0000e+00
     52.000     5.2577   3.178666    32.7887      12068     8.3802 0.0000e+00
     51.000     5.2637   3.179015    32.7874      12139     8.4292 0.0000e+00
     50.000     5.2621   3.178872    32.7878      12160     8.4435 0.0000e+00
     49.000     5.2624   3.178855    32.7878      12176     8.4552 0.0000e+00
     48.000     5.2623   3.178814    32.7879      12190     8.4648 0.0000e+00
     47.000     5.2616   3.178695    32.7878      12209     8.4779 0.0000e+00
     46.000     5.2610   3.178581    32.7876      12248     8.5050 0.0000e+00
     45.000     5.2609   3.178542    32.7877      12288     8.5328 0.0000e+00
     44.000     5.2614   3.178503    32.7873      12309     8.5469 0.0000e+00
     43.000     5.2631   3.178576    32.7870      12330     8.5620 0.0000e+00
     42.000     5.2788   3.179611    32.7839      12356     8.5797 0.0000e+00
     41.000     5.2933   3.180643    32.7820      12387     8.6014 0.0000e+00
     40.000     5.3129   3.182024    32.7791      12421     8.6252 0.0000e+00
     39.000     5.3380   3.183773    32.7749      12446     8.6421 0.0000e+00
     38.000     5.3431   3.184140    32.7747      12467     8.6569 0.0000e+00
     37.000     5.3441   3.184194    32.7748      12490     8.6729 0.0000e+00
     36.000     5.3530   3.184756    32.7730      12528     8.6992 0.0000e+00
     35.000     5.3692   3.185874    32.7704      12562     8.7228 0.0000e+00
     34.000     5.3791   3.186545    32.7689      12584     8.7380 0.0000e+00
     33.000     5.3811   3.186684    32.7690      12604     8.7520 0.0000e+00
     32.000     5.3811   3.186675    32.7694      12630     8.7703 0.0000e+00
     31.000     5.3802   3.186571    32.7696      12672     8.7990 0.0000e+00
     30.000     5.3802   3.186517    32.7695      12702     8.8202 0.0000e+00
     29.000     5.3819   3.186590    32.7692      12723     8.8348 0.0000e+00
     28.000     5.3806   3.186467    32.7695      12745     8.8498 0.0000e+00
     27.000     5.3809   3.186452    32.7695      12772     8.8687 0.0000e+00
     26.000     5.3826   3.186556    32.7696      12813     8.8972 0.0000e+00
     25.000     5.3834   3.186585    32.7697      12846     8.9199 0.0000e+00
     24.000     5.3849   3.186641    32.7694      12867     8.9351 0.0000e+00
     23.000     5.3849   3.186602    32.7694      12886     8.9482 0.0000e+00
     22.000     5.3842   3.186521    32.7696      12908     8.9634 0.0000e+00
     21.000     5.3838   3.186451    32.7697      12945     8.9892 0.0000e+00
     20.000     5.3836   3.186384    32.7697      12986     9.0173 0.0000e+00
     19.000     5.3840   3.186346    32.7694      13009     9.0334 0.0000e+00
     18.000     5.3840   3.186306    32.7695      13029     9.0475 0.0000e+00
     17.000     5.3838   3.186254    32.7695      13053     9.0640 0.0000e+00
     16.000     5.3836   3.186177    32.7693      13085     9.0864 0.0000e+00
