HB2502/ctd146.cnv
* Sea-Bird SBE 9 Data File:
* FileName = C:\cruise\data\ctd146.hex
* Software Version Seasave V 7.26.7.121
* Temperature SN = 6768
* Conductivity SN = 6166
* Number of Bytes Per Scan = 37
* Number of Voltage Words = 4
* Number of Scans Averaged by the Deck Unit = 1
* NMEA Latitude = 40 11.03 N
* NMEA Longitude = 069 01.56 W
* NMEA UTC (Time) = Apr 12 2025 03:33:36
* NMEA baud rate = 4800
** Ship: Bigelow HB2502
** Program:  Spring Bottom Trawl
** Chief Scientist:Jon Galbraith
# nquan = 7
# nvalues = 260                         
# units = specified
# name 0 = depSM: Depth [salt water, m]
# name 1 = t090C: Temperature [ITS-90, deg C]
# name 2 = c0S/m: Conductivity [S/m]
# name 3 = sal00: Salinity, Practical [PSU]
# name 4 = scan: Scan Count
# name 5 = timeM: Time, Elapsed [minutes]
# name 6 = flag: flag
# span 0 =      1.000,    132.000       
# span 1 =     6.2782,    10.7737       
# span 2 =   3.256306,   3.795430       
# span 3 =    31.9429,    34.4235       
# span 4 =        -46,      13235       
# span 5 =    -0.0329,     9.1904       
# span 6 = 0.0000e+00, 0.0000e+00       
# interval = meters: 1                  
# start_time = Apr 12 2025 03:33:36 [NMEA time, header]
# bad_flag = -9.990e-29
*END*
      4.000     6.3115   3.261611    32.7243        -46    -0.0329 0.0000e+00
      5.000     6.3034   3.260073    32.7145        207     0.1429 0.0000e+00
      6.000     6.3064   3.259615    32.7060        331     0.2293 0.0000e+00
      7.000     6.3065   3.259628    32.7055        375     0.2597 0.0000e+00
      8.000     6.3020   3.260011    32.7137        493     0.3419 0.0000e+00
      9.000     6.2992   3.259242    32.7072        561     0.3892 0.0000e+00
     10.000     6.2980   3.259031    32.7056        584     0.4051 0.0000e+00
     11.000     6.2957   3.258973    32.7067        613     0.4251 0.0000e+00
     12.000     6.2943   3.258901    32.7067        646     0.4476 0.0000e+00
     13.000     6.2943   3.258678    32.7037        672     0.4663 0.0000e+00
     14.000     6.2900   3.258463    32.7050        694     0.4809 0.0000e+00
     15.000     6.2866   3.258490    32.7081        718     0.4976 0.0000e+00
     16.000     6.2885   3.259172    32.7134        759     0.5261 0.0000e+00
     17.000     6.2883   3.259045    32.7117        800     0.5549 0.0000e+00
     18.000     6.2885   3.258276    32.7024        821     0.5693 0.0000e+00
     19.000     6.3306   3.260308    32.6841        837     0.5807 0.0000e+00
     20.000     6.3481   3.263805    32.7056        853     0.5915 0.0000e+00
     21.000     6.3488   3.264315    32.7101        872     0.6047 0.0000e+00
     22.000     6.3447   3.261805    32.6857        914     0.6339 0.0000e+00
     23.000     6.3699   3.262016    32.6634        965     0.6692 0.0000e+00
     24.000     6.3865   3.264211    32.6713        987     0.6848 0.0000e+00
     25.000     6.3840   3.268420    32.7200       1009     0.6999 0.0000e+00
     26.000     6.3796   3.270717    32.7492       1034     0.7170 0.0000e+00
     27.000     6.4235   3.273051    32.7324       1057     0.7333 0.0000e+00
     28.000     6.4719   3.278036    32.7407       1076     0.7463 0.0000e+00
     29.000     6.4921   3.282796    32.7735       1093     0.7586 0.0000e+00
     30.000     6.4887   3.280321    32.7489       1134     0.7869 0.0000e+00
     31.000     6.5236   3.280395    32.7158       1220     0.8465 0.0000e+00
     32.000     6.4689   3.288273    32.8550       1232     0.8550 0.0000e+00
     33.000     6.4891   3.291976    32.8761       1247     0.8654 0.0000e+00
     34.000     6.5666   3.294574    32.8297       1261     0.8747 0.0000e+00
     35.000     6.6968   3.299099    32.7544       1274     0.8843 0.0000e+00
     36.000     6.8547   3.305950    32.6785       1290     0.8949 0.0000e+00
     37.000     6.9886   3.309554    32.5904       1310     0.9090 0.0000e+00
     38.000     7.2896   3.301452    32.2191       1381     0.9586 0.0000e+00
     39.000     7.6369   3.305685    31.9429       1439     0.9986 0.0000e+00
     40.000     7.8558   3.338082    32.0877       1455     1.0096 0.0000e+00
     41.000     8.1418   3.376747    32.2352       1471     1.0208 0.0000e+00
     42.000     8.3646   3.403231    32.3100       1486     1.0316 0.0000e+00
     43.000     8.5746   3.424320    32.3386       1503     1.0428 0.0000e+00
     44.000     8.6625   3.433789    32.3569       1523     1.0567 0.0000e+00
     45.000     8.7762   3.435286    32.2684       1552     1.0769 0.0000e+00
     46.000     8.9753   3.469574    32.4431       1608     1.1163 0.0000e+00
     47.000     9.1711   3.539053    32.9837       1668     1.1573 0.0000e+00
     48.000     9.3765   3.573867    33.1526       1687     1.1706 0.0000e+00
     49.000     9.4760   3.601348    33.3430       1702     1.1815 0.0000e+00
     50.000     9.5644   3.621488    33.4673       1717     1.1915 0.0000e+00
     51.000     9.6091   3.633794    33.5516       1734     1.2032 0.0000e+00
     52.000     9.6852   3.649782    33.6440       1774     1.2314 0.0000e+00
     53.000     9.8888   3.678537    33.7475       1840     1.2773 0.0000e+00
     54.000    10.0694   3.698484    33.7813       1862     1.2922 0.0000e+00
     55.000    10.3553   3.735438    33.8885       1879     1.3041 0.0000e+00
     56.000    10.4320   3.745742    33.9206       1897     1.3167 0.0000e+00
     57.000    10.5899   3.766694    33.9839       1923     1.3346 0.0000e+00
     58.000    10.6640   3.777357    34.0215       1962     1.3615 0.0000e+00
     59.000    10.6909   3.781898    34.0415       1998     1.3868 0.0000e+00
     60.000    10.7737   3.795430    34.0995       2030     1.4092 0.0000e+00
     61.000    10.2958   3.748944    34.0779       2060     1.4300 0.0000e+00
     62.000     9.9203   3.710183    34.0370       2091     1.4515 0.0000e+00
     63.000     9.8070   3.697720    34.0159       2120     1.4717 0.0000e+00
     64.000     9.7352   3.689937    34.0035       2145     1.4887 0.0000e+00
     65.000     9.6448   3.680343    33.9900       2167     1.5040 0.0000e+00
     66.000     9.4907   3.664442    33.9717       2195     1.5239 0.0000e+00
     67.000     9.2937   3.644516    33.9521       2234     1.5507 0.0000e+00
     68.000     9.0970   3.625210    33.9383       2259     1.5684 0.0000e+00
     69.000     8.8142   3.599394    33.9380       2281     1.5832 0.0000e+00
     70.000     8.4679   3.564444    33.9019       2339     1.6235 0.0000e+00
     71.000     8.3254   3.553199    33.9194       2379     1.6516 0.0000e+00
     72.000     8.4033   3.563885    33.9571       2395     1.6626 0.0000e+00
     73.000     8.6911   3.603070    34.0930       2409     1.6722 0.0000e+00
     74.000     8.8046   3.620203    34.1634       2424     1.6830 0.0000e+00
     75.000     8.8180   3.624672    34.1969       2445     1.6969 0.0000e+00
     76.000     8.7980   3.626112    34.2308       2512     1.7439 0.0000e+00
     77.000     8.7939   3.625424    34.2271       2553     1.7720 0.0000e+00
     78.000     8.7924   3.625394    34.2278       2569     1.7835 0.0000e+00
     79.000     8.7873   3.624964    34.2277       2586     1.7952 0.0000e+00
     80.000     8.7817   3.624467    34.2274       2609     1.8114 0.0000e+00
     81.000     8.7825   3.624581    34.2274       2669     1.8528 0.0000e+00
     82.000     8.7863   3.625081    34.2285       2700     1.8743 0.0000e+00
     83.000     8.7880   3.625382    34.2295       2716     1.8857 0.0000e+00
     84.000     8.7889   3.625582    34.2303       2733     1.8971 0.0000e+00
     85.000     8.7905   3.625827    34.2308       2753     1.9109 0.0000e+00
     86.000     8.7913   3.626019    34.2316       2824     1.9604 0.0000e+00
     87.000     8.7916   3.626125    34.2320       2863     1.9877 0.0000e+00
     88.000     8.7936   3.626518    34.2337       2878     1.9976 0.0000e+00
     89.000     8.7938   3.626592    34.2338       2891     2.0067 0.0000e+00
     90.000     8.7950   3.626824    34.2346       2905     2.0169 0.0000e+00
     91.000     8.7956   3.626938    34.2347       2927     2.0316 0.0000e+00
     92.000     8.7980   3.627303    34.2358       3018     2.0955 0.0000e+00
     93.000     8.7989   3.627496    34.2364       3054     2.1202 0.0000e+00
     94.000     8.8004   3.627770    34.2374       3061     2.1253 0.0000e+00
     95.000     8.8016   3.627898    34.2371       3074     2.1337 0.0000e+00
     96.000     8.8064   3.628628    34.2397       3086     2.1421 0.0000e+00
     97.000     8.8143   3.629668    34.2425       3158     2.1920 0.0000e+00
     98.000     8.8184   3.630243    34.2441       3223     2.2376 0.0000e+00
     99.000     8.8265   3.631320    34.2471       3243     2.2516 0.0000e+00
    100.000     8.8370   3.632635    34.2503       3265     2.2663 0.0000e+00
    101.000     8.8395   3.632688    34.2480       3284     2.2796 0.0000e+00
    102.000     8.8563   3.634979    34.2553       3302     2.2924 0.0000e+00
    103.000     8.8679   3.636436    34.2590       3321     2.3053 0.0000e+00
    104.000     8.8736   3.637211    34.2611       3376     2.3439 0.0000e+00
    105.000     8.8812   3.638178    34.2634       3457     2.3998 0.0000e+00
    106.000     8.8832   3.638501    34.2644       3474     2.4115 0.0000e+00
    107.000     8.8843   3.638721    34.2651       3490     2.4226 0.0000e+00
    108.000     8.8896   3.639366    34.2664       3506     2.4340 0.0000e+00
    109.000     8.8902   3.639490    34.2666       3527     2.4485 0.0000e+00
    110.000     8.8916   3.639780    34.2678       3564     2.4741 0.0000e+00
    111.000     8.8927   3.639235    34.2606       3617     2.5112 0.0000e+00
    112.000     8.8937   3.640150    34.2687       3655     2.5374 0.0000e+00
    113.000     8.8954   3.640433    34.2696       3687     2.5600 0.0000e+00
    114.000     8.8974   3.640704    34.2700       3712     2.5772 0.0000e+00
    115.000     8.9022   3.641392    34.2721       3733     2.5916 0.0000e+00
    116.000     8.9117   3.642645    34.2756       3756     2.6075 0.0000e+00
    117.000     8.9285   3.644877    34.2823       3796     2.6355 0.0000e+00
    118.000     8.9445   3.646999    34.2886       3856     2.6768 0.0000e+00
    119.000     8.9434   3.646912    34.2883       3882     2.6952 0.0000e+00
    120.000     8.9523   3.648095    34.2916       3907     2.7122 0.0000e+00
    121.000     8.9658   3.649813    34.2961       3930     2.7287 0.0000e+00
    122.000     8.9796   3.651573    34.3007       3956     2.7468 0.0000e+00
    123.000     8.9840   3.652186    34.3024       3992     2.7716 0.0000e+00
    124.000     8.9907   3.653052    34.3046       4030     2.7981 0.0000e+00
    125.000     8.9967   3.653928    34.3074       4063     2.8206 0.0000e+00
    126.000     9.0486   3.661401    34.3350       4102     2.8478 0.0000e+00
    127.000     9.0693   3.664482    34.3467       4151     2.8821 0.0000e+00
    128.000     9.0999   3.669141    34.3653       4187     2.9070 0.0000e+00
    129.000     9.1261   3.673551    34.3856       4207     2.9207 0.0000e+00
    130.000     9.1385   3.675733    34.3959       4224     2.9323 0.0000e+00
    131.000     9.1522   3.678185    34.4077       4241     2.9444 0.0000e+00
    132.000     9.1577   3.680259    34.4235       4280     2.9712 0.0000e+00
    131.000     9.1537   3.679737    34.4224       4329     3.0054 0.0000e+00
    130.000     9.1349   3.675834    34.4004       4400     3.0548 0.0000e+00
    129.000     9.1252   3.674070    34.3919       4545     3.1555 0.0000e+00
    128.000     9.0965   3.668816    34.3652       4691     3.2566 0.0000e+00
    127.000     9.0813   3.666483    34.3560       4827     3.3515 0.0000e+00
    126.000     9.0693   3.664608    34.3485       4844     3.3635 0.0000e+00
    125.000     9.0420   3.660696    34.3345       5004     3.4741 0.0000e+00
    124.000     9.0160   3.657113    34.3226       5228     3.6299 0.0000e+00
    123.000     9.0021   3.655171    34.3162       5369     3.7276 0.0000e+00
    122.000     8.9809   3.652175    34.3058       5383     3.7373 0.0000e+00
    121.000     8.9672   3.650317    34.3000       5602     3.8894 0.0000e+00
    120.000     8.9858   3.652910    34.3096       5684     3.9466 0.0000e+00
    119.000     8.9842   3.652779    34.3103       5818     4.0394 0.0000e+00
    118.000     8.9838   3.652679    34.3101       7335     5.0933 0.0000e+00
    117.000     8.9694   3.650596    34.3027       8409     5.8389 0.0000e+00
    116.000     8.9587   3.649137    34.2982       8420     5.8468 0.0000e+00
    115.000     8.9492   3.647861    34.2945       8438     5.8588 0.0000e+00
    114.000     8.9415   3.646825    34.2916       8472     5.8828 0.0000e+00
    113.000     8.9370   3.646181    34.2896       8542     5.9309 0.0000e+00
    112.000     8.9355   3.645925    34.2889       8560     5.9436 0.0000e+00
    111.000     8.9344   3.645750    34.2886       8577     5.9559 0.0000e+00
    110.000     8.9302   3.645192    34.2872       8596     5.9687 0.0000e+00
    109.000     8.9214   3.644014    34.2838       8627     5.9901 0.0000e+00
    108.000     8.9125   3.642784    34.2800       8704     6.0438 0.0000e+00
    107.000     8.9151   3.643045    34.2808       8736     6.0663 0.0000e+00
    106.000     8.9088   3.642230    34.2788       8755     6.0788 0.0000e+00
    105.000     8.9023   3.641307    34.2758       8771     6.0902 0.0000e+00
    104.000     8.9009   3.641034    34.2748       8789     6.1025 0.0000e+00
    103.000     8.8979   3.640604    34.2736       8818     6.1230 0.0000e+00
    102.000     8.8931   3.639910    34.2715       8880     6.1663 0.0000e+00
    101.000     8.8902   3.639540    34.2709       8927     6.1984 0.0000e+00
    100.000     8.8869   3.638975    34.2686       8961     6.2223 0.0000e+00
     99.000     8.8862   3.638790    34.2678       8987     6.2406 0.0000e+00
     98.000     8.8818   3.638195    34.2663       9010     6.2563 0.0000e+00
     97.000     8.8747   3.637266    34.2639       9034     6.2732 0.0000e+00
     96.000     8.8641   3.635990    34.2612       9060     6.2907 0.0000e+00
     95.000     8.8544   3.634732    34.2579       9087     6.3097 0.0000e+00
     94.000     8.8472   3.633675    34.2542       9149     6.3526 0.0000e+00
     93.000     8.8451   3.633356    34.2533       9207     6.3930 0.0000e+00
     92.000     8.8387   3.632596    34.2520       9230     6.4088 0.0000e+00
     91.000     8.8271   3.631192    34.2490       9250     6.4226 0.0000e+00
     90.000     8.8316   3.631495    34.2483       9268     6.4355 0.0000e+00
     89.000     8.8350   3.631789    34.2486       9289     6.4501 0.0000e+00
     88.000     8.8283   3.630962    34.2468       9325     6.4751 0.0000e+00
     87.000     8.8199   3.629865    34.2439       9389     6.5192 0.0000e+00
     86.000     8.8191   3.629692    34.2433       9442     6.5562 0.0000e+00
     85.000     8.8189   3.629601    34.2430       9474     6.5782 0.0000e+00
     84.000     8.8197   3.629619    34.2430       9492     6.5912 0.0000e+00
     83.000     8.8161   3.629139    34.2419       9509     6.6025 0.0000e+00
     82.000     8.8182   3.629207    34.2410       9531     6.6178 0.0000e+00
     81.000     8.8373   3.631066    34.2426       9572     6.6463 0.0000e+00
     80.000     8.8535   3.632381    34.2412       9614     6.6758 0.0000e+00
     79.000     8.8692   3.631743    34.2198       9666     6.7117 0.0000e+00
     78.000     8.8474   3.627728    34.1992       9717     6.7469 0.0000e+00
     77.000     8.7812   3.618071    34.1621       9736     6.7606 0.0000e+00
     76.000     8.7021   3.607248    34.1250       9752     6.7715 0.0000e+00
     75.000     8.4785   3.576648    34.0181       9767     6.7822 0.0000e+00
     74.000     8.3565   3.556515    33.9231       9785     6.7948 0.0000e+00
     73.000     8.7354   3.588285    33.8949       9852     6.8406 0.0000e+00
     72.000     8.9024   3.603708    33.8975       9902     6.8759 0.0000e+00
     71.000     9.1152   3.623556    33.9023       9923     6.8900 0.0000e+00
     70.000     9.2890   3.640466    33.9132       9945     6.9056 0.0000e+00
     69.000     9.4829   3.659906    33.9309       9971     6.9233 0.0000e+00
     68.000     9.6140   3.673584    33.9483      10002     6.9454 0.0000e+00
     67.000     9.6126   3.673832    33.9526      10052     6.9795 0.0000e+00
     66.000     9.6007   3.672577    33.9514      10082     7.0009 0.0000e+00
     65.000     9.5222   3.663162    33.9292      10102     7.0148 0.0000e+00
     64.000     9.4837   3.658483    33.9178      10125     7.0307 0.0000e+00
     63.000     9.5331   3.663809    33.9264      10179     7.0679 0.0000e+00
     62.000     9.5069   3.660939    33.9221      10216     7.0940 0.0000e+00
     61.000     9.4238   3.650970    33.8983      10232     7.1050 0.0000e+00
     60.000     9.5249   3.659381    33.8899      10248     7.1158 0.0000e+00
     59.000     9.7819   3.684195    33.9028      10265     7.1276 0.0000e+00
     58.000     9.9062   3.697010    33.9174      10285     7.1419 0.0000e+00
     57.000    10.0205   3.708169    33.9244      10375     7.2045 0.0000e+00
     56.000    10.0382   3.708349    33.9100      10412     7.2301 0.0000e+00
