HB2502/ctd140.cnv
* Sea-Bird SBE 9 Data File:
* FileName = C:\cruise\data\ctd140.hex
* Software Version Seasave V 7.26.7.121
* Temperature SN = 6768
* Conductivity SN = 6166
* Number of Bytes Per Scan = 37
* Number of Voltage Words = 4
* Number of Scans Averaged by the Deck Unit = 1
* NMEA Latitude = 41 25.39 N
* NMEA Longitude = 068 31.42 W
* NMEA UTC (Time) = Apr 10 2025 15:34:11
* NMEA baud rate = 4800
** Ship: Bigelow HB2502
** Program:  Spring Bottom Trawl
** Chief Scientist:Jon Galbraith
# nquan = 7
# nvalues = 157                         
# units = specified
# name 0 = depSM: Depth [salt water, m]
# name 1 = t090C: Temperature [ITS-90, deg C]
# name 2 = c0S/m: Conductivity [S/m]
# name 3 = sal00: Salinity, Practical [PSU]
# name 4 = scan: Scan Count
# name 5 = timeM: Time, Elapsed [minutes]
# name 6 = flag: flag
# span 0 =      3.000,     81.000       
# span 1 =     5.9219,     6.2172       
# span 2 =   3.227539,   3.255266       
# span 3 =    32.5473,    32.8507       
# span 4 =       -158,       5249       
# span 5 =    -0.1105,     3.6441       
# span 6 = 0.0000e+00, 0.0000e+00       
# interval = meters: 1                  
# start_time = Apr 10 2025 15:34:11 [NMEA time, header]
# bad_flag = -9.990e-29
*END*
      3.000     6.2172   3.255266    32.7449       -158    -0.1105 0.0000e+00
      4.000     6.2120   3.237122    32.5473        446     0.3091 0.0000e+00
      5.000     6.0342   3.248981    32.8507        438     0.3032 0.0000e+00
      6.000     5.9847   3.239343    32.7901        462     0.3203 0.0000e+00
      7.000     5.9790   3.234315    32.7387        485     0.3361 0.0000e+00
      8.000     5.9740   3.233241    32.7311        507     0.3514 0.0000e+00
      9.000     5.9708   3.233552    32.7371        532     0.3685 0.0000e+00
     10.000     5.9665   3.233594    32.7412        562     0.3894 0.0000e+00
     11.000     5.9627   3.232746    32.7350        593     0.4112 0.0000e+00
     12.000     5.9578   3.231792    32.7284        620     0.4298 0.0000e+00
     13.000     5.9526   3.231379    32.7284        644     0.4464 0.0000e+00
     14.000     5.9511   3.231436    32.7299        669     0.4640 0.0000e+00
     15.000     5.9497   3.231456    32.7310        698     0.4839 0.0000e+00
     16.000     5.9488   3.231107    32.7276        727     0.5041 0.0000e+00
     17.000     5.9480   3.230735    32.7236        752     0.5218 0.0000e+00
     18.000     5.9465   3.230481    32.7217        776     0.5380 0.0000e+00
     19.000     5.9456   3.230757    32.7252        800     0.5548 0.0000e+00
     20.000     5.9445   3.230901    32.7274        826     0.5730 0.0000e+00
     21.000     5.9418   3.230971    32.7303        855     0.5930 0.0000e+00
     22.000     5.9404   3.231047    32.7320        885     0.6137 0.0000e+00
     23.000     5.9407   3.230571    32.7259        913     0.6330 0.0000e+00
     24.000     5.9402   3.230264    32.7224        937     0.6502 0.0000e+00
     25.000     5.9396   3.230311    32.7230        962     0.6671 0.0000e+00
     26.000     5.9396   3.230612    32.7258        988     0.6855 0.0000e+00
     27.000     5.9394   3.231087    32.7309       1017     0.7056 0.0000e+00
     28.000     5.9390   3.231029    32.7301       1045     0.7252 0.0000e+00
     29.000     5.9389   3.230412    32.7228       1071     0.7433 0.0000e+00
     30.000     5.9384   3.230331    32.7219       1095     0.7599 0.0000e+00
     31.000     5.9384   3.230194    32.7199       1119     0.7760 0.0000e+00
     32.000     5.9384   3.230291    32.7205       1143     0.7932 0.0000e+00
     33.000     5.9384   3.230454    32.7218       1173     0.8136 0.0000e+00
     34.000     5.9365   3.230360    32.7221       1205     0.8362 0.0000e+00
     35.000     5.9352   3.230158    32.7205       1235     0.8567 0.0000e+00
     36.000     5.9350   3.230031    32.7188       1260     0.8743 0.0000e+00
     37.000     5.9350   3.229972    32.7177       1283     0.8904 0.0000e+00
     38.000     5.9353   3.229958    32.7167       1306     0.9063 0.0000e+00
     39.000     5.9351   3.230084    32.7179       1331     0.9233 0.0000e+00
     40.000     5.9340   3.230099    32.7186       1359     0.9428 0.0000e+00
     41.000     5.9334   3.230169    32.7195       1388     0.9635 0.0000e+00
     42.000     5.9334   3.230047    32.7176       1415     0.9820 0.0000e+00
     43.000     5.9332   3.230019    32.7170       1441     1.0001 0.0000e+00
     44.000     5.9330   3.230130    32.7179       1468     1.0191 0.0000e+00
     45.000     5.9326   3.230143    32.7180       1497     1.0389 0.0000e+00
     46.000     5.9324   3.230131    32.7176       1524     1.0579 0.0000e+00
     47.000     5.9321   3.230106    32.7171       1550     1.0755 0.0000e+00
     48.000     5.9307   3.229997    32.7167       1574     1.0922 0.0000e+00
     49.000     5.9296   3.229869    32.7158       1599     1.1094 0.0000e+00
     50.000     5.9284   3.229756    32.7152       1625     1.1279 0.0000e+00
     51.000     5.9254   3.229650    32.7165       1654     1.1477 0.0000e+00
     52.000     5.9232   3.229561    32.7171       1682     1.1672 0.0000e+00
     53.000     5.9233   3.229516    32.7160       1710     1.1867 0.0000e+00
     54.000     5.9233   3.229546    32.7158       1738     1.2060 0.0000e+00
     55.000     5.9233   3.229540    32.7152       1764     1.2246 0.0000e+00
     56.000     5.9232   3.229556    32.7150       1788     1.2413 0.0000e+00
     57.000     5.9232   3.229593    32.7150       1811     1.2571 0.0000e+00
     58.000     5.9231   3.229679    32.7155       1835     1.2737 0.0000e+00
     59.000     5.9232   3.229743    32.7157       1864     1.2937 0.0000e+00
     60.000     5.9232   3.229817    32.7160       1898     1.3172 0.0000e+00
     61.000     5.9227   3.229979    32.7178       1927     1.3378 0.0000e+00
     62.000     5.9228   3.230033    32.7178       1952     1.3551 0.0000e+00
     63.000     5.9230   3.230062    32.7174       1976     1.3713 0.0000e+00
     64.000     5.9230   3.230150    32.7180       1999     1.3872 0.0000e+00
     65.000     5.9230   3.230239    32.7185       2023     1.4041 0.0000e+00
     66.000     5.9224   3.230491    32.7213       2050     1.4231 0.0000e+00
     67.000     5.9224   3.230592    32.7220       2081     1.4444 0.0000e+00
     68.000     5.9224   3.230734    32.7231       2111     1.4652 0.0000e+00
     69.000     5.9227   3.230721    32.7221       2138     1.4840 0.0000e+00
     70.000     5.9228   3.230760    32.7220       2163     1.5014 0.0000e+00
     71.000     5.9229   3.230884    32.7229       2188     1.5184 0.0000e+00
     72.000     5.9229   3.231081    32.7246       2213     1.5361 0.0000e+00
     73.000     5.9229   3.231074    32.7240       2241     1.5552 0.0000e+00
     74.000     5.9230   3.231112    32.7238       2268     1.5743 0.0000e+00
     75.000     5.9234   3.231368    32.7258       2294     1.5926 0.0000e+00
     76.000     5.9239   3.231706    32.7286       2321     1.6111 0.0000e+00
     77.000     5.9240   3.231747    32.7285       2349     1.6303 0.0000e+00
     78.000     5.9243   3.231879    32.7292       2375     1.6488 0.0000e+00
     79.000     5.9244   3.231983    32.7297       2402     1.6670 0.0000e+00
     80.000     5.9247   3.232103    32.7303       2428     1.6853 0.0000e+00
     81.000     5.9248   3.232134    32.7301       2454     1.7031 0.0000e+00
     80.000     5.9246   3.232141    32.7308       3262     2.2645 0.0000e+00
     79.000     5.9244   3.232000    32.7300       3164     2.1965 0.0000e+00
     78.000     5.9243   3.231940    32.7298       3188     2.2134 0.0000e+00
     77.000     5.9242   3.231886    32.7299       3211     2.2291 0.0000e+00
     76.000     5.9241   3.231792    32.7294       3232     2.2441 0.0000e+00
     75.000     5.9239   3.231691    32.7289       3255     2.2596 0.0000e+00
     74.000     5.9237   3.231579    32.7284       3282     2.2784 0.0000e+00
     73.000     5.9236   3.231506    32.7282       3316     2.3018 0.0000e+00
     72.000     5.9235   3.231435    32.7279       3346     2.3226 0.0000e+00
     71.000     5.9232   3.231289    32.7270       3369     2.3390 0.0000e+00
     70.000     5.9230   3.231136    32.7260       3391     2.3543 0.0000e+00
     69.000     5.9228   3.230938    32.7245       3415     2.3708 0.0000e+00
     68.000     5.9226   3.230840    32.7241       3442     2.3894 0.0000e+00
     67.000     5.9224   3.230728    32.7235       3468     2.4077 0.0000e+00
     66.000     5.9223   3.230652    32.7233       3493     2.4252 0.0000e+00
     65.000     5.9223   3.230538    32.7225       3519     2.4429 0.0000e+00
     64.000     5.9221   3.230449    32.7221       3546     2.4617 0.0000e+00
     63.000     5.9220   3.230383    32.7220       3574     2.4811 0.0000e+00
     62.000     5.9220   3.230310    32.7216       3601     2.5002 0.0000e+00
     61.000     5.9221   3.230202    32.7208       3627     2.5178 0.0000e+00
     60.000     5.9219   3.230167    32.7211       3650     2.5338 0.0000e+00
     59.000     5.9223   3.229990    32.7193       3673     2.5503 0.0000e+00
     58.000     5.9224   3.229875    32.7184       3702     2.5699 0.0000e+00
     57.000     5.9224   3.229784    32.7179       3732     2.5907 0.0000e+00
     56.000     5.9226   3.229688    32.7171       3757     2.6081 0.0000e+00
     55.000     5.9230   3.229599    32.7162       3779     2.6234 0.0000e+00
     54.000     5.9235   3.229490    32.7150       3801     2.6390 0.0000e+00
     53.000     5.9235   3.229429    32.7148       3828     2.6579 0.0000e+00
     52.000     5.9236   3.229352    32.7143       3860     2.6801 0.0000e+00
     51.000     5.9247   3.229277    32.7129       3889     2.7002 0.0000e+00
     50.000     5.9256   3.229231    32.7120       3914     2.7171 0.0000e+00
     49.000     5.9256   3.229186    32.7120       3937     2.7331 0.0000e+00
     48.000     5.9255   3.229129    32.7120       3961     2.7499 0.0000e+00
     47.000     5.9256   3.229078    32.7118       3989     2.7695 0.0000e+00
     46.000     5.9272   3.229086    32.7109       4019     2.7900 0.0000e+00
     45.000     5.9295   3.229090    32.7092       4044     2.8074 0.0000e+00
     44.000     5.9304   3.229080    32.7086       4066     2.8227 0.0000e+00
     43.000     5.9308   3.227539    32.6915       4088     2.8384 0.0000e+00
     42.000     5.9312   3.228942    32.7074       4114     2.8562 0.0000e+00
     41.000     5.9316   3.228974    32.7078       4143     2.8762 0.0000e+00
     40.000     5.9319   3.228948    32.7077       4172     2.8968 0.0000e+00
     39.000     5.9324   3.228911    32.7074       4202     2.9172 0.0000e+00
     38.000     5.9330   3.228882    32.7069       4228     2.9355 0.0000e+00
     37.000     5.9334   3.228840    32.7066       4251     2.9515 0.0000e+00
     36.000     5.9339   3.228813    32.7062       4273     2.9668 0.0000e+00
     35.000     5.9343   3.228788    32.7060       4297     2.9830 0.0000e+00
     34.000     5.9346   3.228730    32.7056       4325     3.0031 0.0000e+00
     33.000     5.9346   3.228704    32.7058       4357     3.0250 0.0000e+00
     32.000     5.9353   3.228668    32.7053       4382     3.0426 0.0000e+00
     31.000     5.9372   3.228680    32.7041       4404     3.0575 0.0000e+00
     30.000     5.9380   3.228678    32.7038       4426     3.0731 0.0000e+00
     29.000     5.9387   3.228652    32.7033       4455     3.0928 0.0000e+00
     28.000     5.9388   3.228600    32.7031       4487     3.1153 0.0000e+00
     27.000     5.9395   3.228594    32.7028       4513     3.1331 0.0000e+00
     26.000     5.9397   3.228565    32.7028       4535     3.1489 0.0000e+00
     25.000     5.9398   3.228499    32.7025       4559     3.1654 0.0000e+00
     24.000     5.9399   3.228461    32.7025       4585     3.1830 0.0000e+00
     23.000     5.9401   3.228426    32.7023       4611     3.2011 0.0000e+00
     22.000     5.9406   3.228392    32.7020       4638     3.2203 0.0000e+00
     21.000     5.9412   3.228380    32.7018       4667     3.2402 0.0000e+00
     20.000     5.9414   3.228335    32.7015       4694     3.2589 0.0000e+00
     19.000     5.9422   3.228306    32.7009       4719     3.2763 0.0000e+00
     18.000     5.9430   3.228304    32.7007       4743     3.2928 0.0000e+00
     17.000     5.9433   3.228246    32.7002       4766     3.3091 0.0000e+00
     16.000     5.9435   3.228227    32.7003       4790     3.3259 0.0000e+00
     15.000     5.9439   3.228199    32.7001       4817     3.3441 0.0000e+00
     14.000     5.9450   3.228199    32.6996       4845     3.3639 0.0000e+00
     13.000     5.9458   3.228205    32.6994       4875     3.3849 0.0000e+00
     12.000     5.9480   3.228301    32.6988       4904     3.4046 0.0000e+00
     11.000     5.9552   3.228734    32.6971       4927     3.4207 0.0000e+00
     10.000     5.9591   3.228843    32.6951       4948     3.4356 0.0000e+00
      9.000     5.9588   3.228979    32.6974       4971     3.4514 0.0000e+00
      8.000     5.9603   3.229062    32.6974       4998     3.4701 0.0000e+00
      7.000     5.9659   3.229427    32.6966       5027     3.4901 0.0000e+00
      6.000     5.9703   3.229735    32.6962       5054     3.5092 0.0000e+00
      5.000     5.9821   3.230494    32.6939       5082     3.5282 0.0000e+00
      4.000     6.0053   3.232481    32.6942       5110     3.5476 0.0000e+00
      3.000     6.1087   3.241248    32.6931       5249     3.6441 0.0000e+00
