HB2502/ctd111.cnv
* Sea-Bird SBE 9 Data File:
* FileName = C:\cruise\data\ctd111.hex
* Software Version Seasave V 7.26.7.121
* Temperature SN = 6768
* Conductivity SN = 6166
* Number of Bytes Per Scan = 37
* Number of Voltage Words = 4
* Number of Scans Averaged by the Deck Unit = 1
* NMEA Latitude = 39 21.33 N
* NMEA Longitude = 072 33.17 W
* NMEA UTC (Time) = Apr 04 2025 08:21:42
* NMEA baud rate = 4800
** Ship: Bigelow HB2502
** Program:  Spring Bottom Trawl
** Chief Scientist:Jon Galbraith
# nquan = 7
# nvalues = 250                         
# units = specified
# name 0 = depSM: Depth [salt water, m]
# name 1 = t090C: Temperature [ITS-90, deg C]
# name 2 = c0S/m: Conductivity [S/m]
# name 3 = sal00: Salinity, Practical [PSU]
# name 4 = scan: Scan Count
# name 5 = timeM: Time, Elapsed [minutes]
# name 6 = flag: flag
# span 0 =      1.000,    127.000       
# span 1 =     7.5489,    11.2878       
# span 2 =   1.771393,   3.907640       
# span 3 =    16.6708,    34.7472       
# span 4 =        110,       9428       
# span 5 =     0.0758,     6.5464       
# span 6 = 0.0000e+00, 0.0000e+00       
# interval = meters: 1                  
# start_time = Apr 04 2025 08:21:42 [NMEA time, header]
# bad_flag = -9.990e-29
*END*
      4.000     7.6071   3.411132    33.1205        110     0.0758 0.0000e+00
      5.000     7.5699   3.390405    32.9319        287     0.1987 0.0000e+00
      6.000     7.5721   3.370869    32.7189        306     0.2122 0.0000e+00
      7.000     7.5729   3.369036    32.6979        328     0.2274 0.0000e+00
      8.000     7.5685   3.369560    32.7073        356     0.2462 0.0000e+00
      9.000     7.5671   3.369987    32.7127        389     0.2693 0.0000e+00
     10.000     7.5648   3.368151    32.6946        418     0.2898 0.0000e+00
     11.000     7.5644   3.367500    32.6876        441     0.3057 0.0000e+00
     12.000     7.5640   3.367338    32.6857        464     0.3213 0.0000e+00
     13.000     7.5641   3.367409    32.6858        488     0.3379 0.0000e+00
     14.000     7.5644   3.367575    32.6869        514     0.3559 0.0000e+00
     15.000     7.5643   3.369504    32.7073        550     0.3809 0.0000e+00
     16.000     7.5651   3.371643    32.7291        614     0.4257 0.0000e+00
     17.000     7.5661   3.370242    32.7126        695     0.4816 0.0000e+00
     18.000     7.5658   3.366276    32.6697        783     0.5431 0.0000e+00
     19.000     7.5659   3.365981    32.6659        797     0.5526 0.0000e+00
     20.000     7.5658   3.367316    32.6800        816     0.5658 0.0000e+00
     21.000     7.5873   3.370091    32.6891        875     0.6071 0.0000e+00
     22.000     7.5730   3.368372    32.6836        912     0.6329 0.0000e+00
     23.000     7.5641   3.366564    32.6720        932     0.6463 0.0000e+00
     24.000     7.5628   3.366100    32.6678        951     0.6594 0.0000e+00
     25.000     7.5629   3.366383    32.6702        972     0.6742 0.0000e+00
     26.000     7.5637   3.368164    32.6882       1000     0.6936 0.0000e+00
     27.000     7.5647   3.367927    32.6842       1034     0.7174 0.0000e+00
     28.000     7.5649   3.366531    32.6685       1063     0.7374 0.0000e+00
     29.000     7.5649   3.366320    32.6658       1086     0.7532 0.0000e+00
     30.000     7.5652   3.366259    32.6644       1108     0.7687 0.0000e+00
     31.000     7.5655   3.366510    32.6663       1134     0.7869 0.0000e+00
     32.000     7.5655   3.366745    32.6684       1171     0.8124 0.0000e+00
     33.000     7.5654   3.366572    32.6662       1202     0.8342 0.0000e+00
     34.000     7.5656   3.366449    32.6642       1223     0.8487 0.0000e+00
     35.000     7.5659   3.366504    32.6641       1242     0.8620 0.0000e+00
     36.000     7.5661   3.366732    32.6658       1267     0.8790 0.0000e+00
     37.000     7.5587   3.366990    32.6751       1307     0.9071 0.0000e+00
     38.000     7.5519   3.367145    32.6827       1338     0.9284 0.0000e+00
     39.000     7.5489   3.368091    32.6953       1357     0.9414 0.0000e+00
     40.000     7.5491   3.368878    32.7030       1373     0.9529 0.0000e+00
     41.000     7.5511   3.369569    32.7081       1392     0.9661 0.0000e+00
     42.000     7.5548   3.370103    32.7099       1433     0.9945 0.0000e+00
     43.000     7.5594   3.370935    32.7140       1484     1.0301 0.0000e+00
     44.000     7.5864   3.372825    32.7086       1503     1.0434 0.0000e+00
     45.000     7.7247   3.380205    32.6574       1519     1.0541 0.0000e+00
     46.000     7.9334   3.404446    32.7207       1533     1.0642 0.0000e+00
     47.000     8.0220   3.428010    32.8883       1551     1.0767 0.0000e+00
     48.000     8.1761   3.460070    33.0837       1594     1.1061 0.0000e+00
     49.000     8.2417   3.478360    33.2155       1636     1.1353 0.0000e+00
     50.000     8.2908   3.485690    33.2463       1655     1.1486 0.0000e+00
     51.000     8.3153   3.491880    33.2882       1673     1.1609 0.0000e+00
     52.000     8.3852   3.501149    33.3197       1695     1.1761 0.0000e+00
     53.000     8.4314   3.509907    33.3680       1729     1.1997 0.0000e+00
     54.000     8.4506   3.513350    33.3858       1764     1.2241 0.0000e+00
     55.000     8.4695   3.515912    33.3944       1788     1.2406 0.0000e+00
     56.000     8.5021   3.520204    33.4084       1809     1.2554 0.0000e+00
     57.000     8.5287   3.524608    33.4292       1834     1.2728 0.0000e+00
     58.000     8.5610   3.529555    33.4502       1867     1.2961 0.0000e+00
     59.000     8.5919   3.533994    33.4672       1897     1.3169 0.0000e+00
     60.000     8.6824   3.545261    33.4995       1918     1.3312 0.0000e+00
     61.000     8.8486   3.565580    33.5548       1937     1.3441 0.0000e+00
     62.000     9.0526   3.592639    33.6439       1961     1.3608 0.0000e+00
     63.000     9.1709   3.607900    33.6903       2003     1.3903 0.0000e+00
     64.000     9.4237   3.641933    33.8037       2040     1.4160 0.0000e+00
     65.000     9.4411   3.645200    33.8205       2061     1.4303 0.0000e+00
     66.000     9.4688   3.649329    33.8365       2078     1.4422 0.0000e+00
     67.000     9.5117   3.655644    33.8606       2094     1.4537 0.0000e+00
     68.000     9.5392   3.660274    33.8820       2116     1.4686 0.0000e+00
     69.000     9.5483   3.662208    33.8928       2161     1.5001 0.0000e+00
     70.000     9.6027   3.669293    33.9139       2197     1.5252 0.0000e+00
     71.000     9.7733   3.690835    33.9735       2218     1.5396 0.0000e+00
     72.000     9.9302   3.711289    34.0343       2238     1.5538 0.0000e+00
     73.000    10.0344   3.725125    34.0767       2261     1.5693 0.0000e+00
     74.000    10.1222   3.738135    34.1259       2285     1.5861 0.0000e+00
     75.000    10.1408   3.742153    34.1487       2311     1.6039 0.0000e+00
     76.000    10.1754   3.747636    34.1714       2340     1.6244 0.0000e+00
     77.000    10.2139   3.753640    34.1956       2378     1.6509 0.0000e+00
     78.000    10.2720   3.761402    34.2191       2410     1.6727 0.0000e+00
     79.000    10.3398   3.770442    34.2462       2431     1.6872 0.0000e+00
     80.000    10.3480   3.771859    34.2524       2448     1.6991 0.0000e+00
     81.000    10.3953   3.777843    34.2678       2464     1.7107 0.0000e+00
     82.000    10.4429   3.783920    34.2839       2485     1.7252 0.0000e+00
     83.000    10.5552   3.798229    34.3220       2534     1.7594 0.0000e+00
     84.000    10.7903   3.829223    34.4116       2571     1.7849 0.0000e+00
     85.000    10.8308   3.835026    34.4312       2588     1.7963 0.0000e+00
     86.000    10.8783   3.841139    34.4472       2603     1.8068 0.0000e+00
     87.000    10.9070   3.845793    34.4663       2622     1.8201 0.0000e+00
     88.000    10.8929   3.845540    34.4766       2663     1.8487 0.0000e+00
     89.000    10.8548   3.842197    34.4785       2698     1.8726 0.0000e+00
     90.000    10.8346   3.840462    34.4798       2716     1.8852 0.0000e+00
     91.000    10.8562   3.843389    34.4883       2734     1.8980 0.0000e+00
     92.000    10.8868   3.847478    34.4999       2761     1.9169 0.0000e+00
     93.000    10.9199   3.852147    34.5149       2803     1.9461 0.0000e+00
     94.000    10.9412   3.855138    34.5243       2830     1.9646 0.0000e+00
     95.000    10.9676   3.858923    34.5368       2850     1.9784 0.0000e+00
     96.000    11.0978   3.875283    34.5769       2870     1.9924 0.0000e+00
     97.000    11.1066   3.877356    34.5888       2893     2.0081 0.0000e+00
     98.000    11.1089   3.878147    34.5941       2920     2.0274 0.0000e+00
     99.000    11.1197   3.879952    34.6015       2953     2.0502 0.0000e+00
    100.000    11.1328   3.882053    34.6096       2985     2.0722 0.0000e+00
    101.000    11.1947   3.890314    34.6329       3015     2.0930 0.0000e+00
    102.000    11.2267   3.895571    34.6546       3039     2.1100 0.0000e+00
    103.000    11.2394   3.898084    34.6671       3060     2.1240 0.0000e+00
    104.000    11.2688   3.902706    34.6848       3080     2.1385 0.0000e+00
    105.000    11.2878   3.905799    34.6972       3106     2.1562 0.0000e+00
    106.000    11.2721   3.904828    34.7019       3140     2.1799 0.0000e+00
    107.000    11.2575   3.904112    34.7082       3172     2.2020 0.0000e+00
    108.000    11.2666   3.907640    34.7341       3196     2.2186 0.0000e+00
    109.000    11.2205   3.904360    34.7446       3219     2.2345 0.0000e+00
    110.000    11.1378   3.896816    34.7472       3246     2.2532 0.0000e+00
    111.000    10.9903   3.881253    34.7312       3277     2.2751 0.0000e+00
    112.000    10.9109   3.872432    34.7176       3303     2.2932 0.0000e+00
    113.000    10.9262   3.874008    34.7185       3322     2.3062 0.0000e+00
    114.000    10.9127   3.872567    34.7164       3340     2.3186 0.0000e+00
    115.000    10.9094   3.872154    34.7150       3370     2.3393 0.0000e+00
    116.000    10.9110   3.872332    34.7148       3427     2.3789 0.0000e+00
    117.000    10.9097   3.872244    34.7147       3448     2.3935 0.0000e+00
    118.000    10.9094   3.872255    34.7146       3464     2.4050 0.0000e+00
    119.000    10.9100   3.872374    34.7148       3481     2.4167 0.0000e+00
    120.000    10.9126   3.872668    34.7148       3500     2.4300 0.0000e+00
    121.000    10.9147   3.872959    34.7153       3525     2.4469 0.0000e+00
    122.000    10.9126   3.872768    34.7150       3554     2.4675 0.0000e+00
    123.000    10.9139   3.872916    34.7147       3591     2.4929 0.0000e+00
    124.000    10.9178   3.873388    34.7154       3631     2.5207 0.0000e+00
    125.000    10.9185   3.873533    34.7156       3654     2.5370 0.0000e+00
    126.000    10.9169   3.873394    34.7153       3673     2.5498 0.0000e+00
    127.000    10.9186   3.873645    34.7158       3731     2.5904 0.0000e+00
    126.000    10.9177   3.873516    34.7158       3750     2.6038 0.0000e+00
    125.000    10.9202   3.873773    34.7164       4551     3.1596 0.0000e+00
    124.000    10.9225   3.874072    34.7177       5327     3.6990 0.0000e+00
    123.000    10.9224   3.873988    34.7174       5370     3.7288 0.0000e+00
    122.000    10.9222   3.873926    34.7174       5391     3.7428 0.0000e+00
    121.000    10.9222   3.873875    34.7174       5449     3.7836 0.0000e+00
    120.000    10.9220   3.873816    34.7174       5484     3.8077 0.0000e+00
    119.000    10.9210   3.873660    34.7172       5499     3.8180 0.0000e+00
    118.000    10.9189   3.873373    34.7168       5513     3.8277 0.0000e+00
    117.000    10.9169   3.873100    34.7165       5528     3.8383 0.0000e+00
    116.000    10.9136   3.872694    34.7160       5553     3.8553 0.0000e+00
    115.000    10.9120   3.872460    34.7156       5603     3.8903 0.0000e+00
    114.000    10.9127   3.872473    34.7155       5631     3.9098 0.0000e+00
    113.000    10.9120   3.872356    34.7155       5650     3.9231 0.0000e+00
    112.000    10.9115   3.872277    34.7156       5669     3.9362 0.0000e+00
    111.000    10.9119   3.872271    34.7155       5691     3.9514 0.0000e+00
    110.000    10.9236   3.873423    34.7165       5715     3.9684 0.0000e+00
    109.000    10.9776   3.878429    34.7159       5741     3.9860 0.0000e+00
    108.000    11.0591   3.887599    34.7307       5769     4.0055 0.0000e+00
    107.000    11.1348   3.894751    34.7309       5807     4.0323 0.0000e+00
    106.000    11.1583   3.895544    34.7170       5840     4.0546 0.0000e+00
    105.000    11.2014   3.899527    34.7164       5859     4.0684 0.0000e+00
    104.000    11.2118   3.900492    34.7166       5877     4.0808 0.0000e+00
    103.000    11.2320   3.901398    34.7070       5896     4.0935 0.0000e+00
    102.000    11.2428   3.901650    34.6998       5917     4.1087 0.0000e+00
    101.000    11.2449   3.900709    34.6889       5954     4.1338 0.0000e+00
    100.000    11.2297   3.897970    34.6765       5994     4.1619 0.0000e+00
     99.000    11.2062   3.894349    34.6631       6014     4.1759 0.0000e+00
     98.000    11.1743   3.889365    34.6441       6030     4.1870 0.0000e+00
     97.000    11.1555   3.886586    34.6347       6045     4.1976 0.0000e+00
     96.000    11.1377   3.883378    34.6199       6063     4.2100 0.0000e+00
     95.000    11.1099   3.879101    34.6040       6109     4.2418 0.0000e+00
     94.000    11.0663   3.873151    34.5862       6157     4.2748 0.0000e+00
     93.000    10.9868   3.862552    34.5559       6173     4.2858 0.0000e+00
     92.000    10.9554   3.857969    34.5402       6187     4.2958 0.0000e+00
     91.000    10.9316   3.854746    34.5308       6202     4.3061 0.0000e+00
     90.000    10.9010   3.850594    34.5186       6224     4.3217 0.0000e+00
     89.000    10.8635   3.844560    34.4940       6277     4.3585 0.0000e+00
     88.000    10.8941   3.846854    34.4886       6304     4.3769 0.0000e+00
     87.000    10.8945   3.846206    34.4822       6320     4.3883 0.0000e+00
     86.000    10.8911   3.845416    34.4779       6336     4.3996 0.0000e+00
     85.000    10.8675   3.842372    34.4701       6355     4.4127 0.0000e+00
     84.000    10.7978   3.832800    34.4404       6382     4.4309 0.0000e+00
     83.000    10.5736   3.803433    34.3570       6418     4.4565 0.0000e+00
     82.000    10.5537   3.800901    34.3507       6452     4.4800 0.0000e+00
     81.000    10.4017   3.781355    34.2974       6478     4.4979 0.0000e+00
     80.000    10.4057   3.781224    34.2927       6499     4.5122 0.0000e+00
     79.000    10.4093   3.781427    34.2918       6518     4.5257 0.0000e+00
     78.000    10.3612   3.775245    34.2751       6539     4.5403 0.0000e+00
     77.000    10.2803   3.764491    34.2430       6570     4.5615 0.0000e+00
     76.000    10.1756   3.749826    34.1934       6612     4.5909 0.0000e+00
     75.000    10.1332   3.742783    34.1624       6637     4.6084 0.0000e+00
     74.000    10.0623   3.732340    34.1234       6656     4.6212 0.0000e+00
     73.000    10.0250   3.727342    34.1082       6672     4.6326 0.0000e+00
     72.000     9.9327   3.715913    34.0792       6689     4.6444 0.0000e+00
     71.000     9.8110   3.699521    34.0268       6709     4.6586 0.0000e+00
     70.000     9.6271   3.674544    33.9448       6752     4.6879 0.0000e+00
     69.000     9.5269   3.660802    33.8985       6794     4.7176 0.0000e+00
     68.000     9.4913   3.655075    33.8736       6814     4.7314 0.0000e+00
     67.000     9.4787   3.653204    33.8667       6831     4.7433 0.0000e+00
     66.000     9.4698   3.651680    33.8598       6850     4.7560 0.0000e+00
     65.000     9.3664   3.638028    33.8169       6874     4.7728 0.0000e+00
     64.000     9.1686   3.612661    33.7415       6909     4.7970 0.0000e+00
     63.000     9.0465   3.596077    33.6849       6945     4.8220 0.0000e+00
     62.000     8.7816   3.562804    33.5887       6971     4.8404 0.0000e+00
     61.000     8.7706   3.559480    33.5648       6991     4.8542 0.0000e+00
     60.000     8.7656   3.558968    33.5646       7008     4.8659 0.0000e+00
     59.000     8.7167   3.552133    33.5397       7025     4.8779 0.0000e+00
     58.000     8.6342   3.541269    33.5042       7046     4.8926 0.0000e+00
     57.000     8.5726   3.533048    33.4765       7087     4.9206 0.0000e+00
     56.000     8.5177   3.525624    33.4508       7131     4.9516 0.0000e+00
     55.000     8.5001   3.522374    33.4336       7152     4.9663 0.0000e+00
     54.000     8.4935   3.521314    33.4292       7170     4.9788 0.0000e+00
     53.000     8.4842   3.520048    33.4251       7189     4.9918 0.0000e+00
     52.000     8.4673   3.517887    33.4188       7211     5.0069 0.0000e+00
     51.000     8.4505   3.515736    33.4125       7237     5.0249 0.0000e+00
     50.000     8.4344   3.513841    33.4082       7269     5.0470 0.0000e+00
     49.000     8.4073   3.510063    33.3944       7301     5.0694 0.0000e+00
     48.000     8.3298   3.500540    33.3677       7325     5.0862 0.0000e+00
     47.000     8.3043   3.496790    33.3525       7345     5.0997 0.0000e+00
     46.000     8.2851   3.494207    33.3439       7364     5.1134 0.0000e+00
