HB2502/ctd180.cnv
* Sea-Bird SBE 9 Data File:
* FileName = C:\cruise\data\ctd180.hex
* Software Version Seasave V 7.26.7.121
* Temperature SN = 4591
* Conductivity SN = 6006
* Number of Bytes Per Scan = 37
* Number of Voltage Words = 4
* Number of Scans Averaged by the Deck Unit = 1
* NMEA Latitude = 41 40.12 N
* NMEA Longitude = 066 09.39 W
* NMEA UTC (Time) = May 05 2025 09:08:30
* NMEA baud rate = 4800
** Ship: Bigelow HB2502
** Program:  Spring Bottom Trawl
** Chief Scientist:Jon Galbraith
# nquan = 10
# nvalues = 169                         
# units = specified
# name 0 = depSM: Depth [salt water, m]
# name 1 = t090C: Temperature [ITS-90, deg C]
# name 2 = c0S/m: Conductivity [S/m]
# name 3 = sal00: Salinity, Practical [PSU]
# name 4 = scan: Scan Count
# name 5 = timeM: Time, Elapsed [minutes]
# name 6 = sbeox0Mg/L: Oxygen, SBE 43 [mg/l]
# name 7 = sbeox1Mg/L: Oxygen, SBE 43, 2 [mg/l]
# name 8 = par: PAR/Irradiance, Biospherical/Licor
# name 9 = flag: flag
# span 0 =      2.000,     87.000       
# span 1 =     6.5313,     7.2868       
# span 2 =   3.292645,   3.354400       
# span 3 =    32.7995,    32.8542       
# span 4 =        341,       6859       
# span 5 =     0.2363,     4.7628       
# span 6 =    10.1316,    11.1418       
# span 7 =    10.3707,    11.3283       
# span 8 = 1.0000e-12, 1.6518e+01       
# span 9 = 0.0000e+00, 0.0000e+00       
# interval = meters: 1                  
# start_time = May 05 2025 09:08:30 [NMEA time, header]
# bad_flag = -9.990e-29
*END*
[from data line 145]
     25.000     6.5589   3.293921    32.8343       6099     4.2348    10.2533    10.5186 2.4661e-02 0.0000e+00
     24.000     6.5612   3.294058    32.8341       6120     4.2494    10.2341    10.5255 2.6858e-02 0.0000e+00
     23.000     6.5602   3.293974    32.8346       6145     4.2670    10.2643    10.5164 4.8307e-02 0.0000e+00
     22.000     6.5627   3.293984    32.8328       6181     4.2915    10.2943    10.5234 7.0377e-02 0.0000e+00
     21.000     6.5660   3.294162    32.8321       6210     4.3116    10.3053    10.5678 8.1773e-02 0.0000e+00
     20.000     6.5676   3.294244    32.8320       6230     4.3259    10.2658    10.5645 1.1415e-01 0.0000e+00
     19.000     6.5760   3.294920    32.8318       6250     4.3395    10.2613    10.5602 1.6435e-01 0.0000e+00
     18.000     6.5769   3.295058    32.8330       6277     4.3582    10.2893    10.5577 2.3002e-01 0.0000e+00
     17.000     6.5861   3.295605    32.8307       6315     4.3847    10.3312    10.5461 2.9217e-01 0.0000e+00
     16.000     6.6155   3.298141    32.8309       6340     4.4021    10.3342    10.5602 3.4718e-01 0.0000e+00
     15.000     6.6268   3.298900    32.8290       6359     4.4152    10.2929    10.5793 4.0931e-01 0.0000e+00
     14.000     6.6711   3.302311    32.8245       6377     4.4279    10.2662    10.5874 6.2541e-01 0.0000e+00
     13.000     6.6843   3.304000    32.8310       6406     4.4481    10.3411    10.6502 8.0011e-01 0.0000e+00
     12.000     6.7650   3.310020    32.8204       6457     4.4830    10.5233    10.7705 1.0637e+00 0.0000e+00
     11.000     6.8724   3.319203    32.8190       6484     4.5021    10.4777    10.7559 1.3797e+00 0.0000e+00
     10.000     6.9170   3.323002    32.8185       6507     4.5184    10.5141    10.8253 1.8860e+00 0.0000e+00
      9.000     6.9588   3.326954    32.8224       6541     4.5418    10.7008    11.0326 2.5786e+00 0.0000e+00
      8.000     7.0791   3.336950    32.8174       6594     4.5787    10.9380    11.0901 3.4313e+00 0.0000e+00
      7.000     7.2308   3.348575    32.8000       6630     4.6034    10.9716    11.0529 4.4439e+00 0.0000e+00
      6.000     7.2538   3.350593    32.8006       6654     4.6201    10.9706    11.2097 5.8842e+00 0.0000e+00
      5.000     7.2554   3.350588    32.7995       6681     4.6392    10.9058    11.2528 7.5278e+00 0.0000e+00
      4.000     7.2782   3.352792    32.8023       6748     4.6852    10.8779    11.1210 1.0318e+01 0.0000e+00
      3.000     7.2727   3.352375    32.8035       6777     4.7057    10.8648    11.1199 1.3476e+01 0.0000e+00
      2.000     7.2691   3.352270    32.8062       6859     4.7628    10.8509    11.0869 1.6518e+01 0.0000e+00
