HB2502/ctd108.cnv
* Sea-Bird SBE 9 Data File:
* FileName = C:\cruise\data\ctd108.hex
* Software Version Seasave V 7.26.7.121
* Temperature SN = 6768
* Conductivity SN = 6166
* Number of Bytes Per Scan = 37
* Number of Voltage Words = 4
* Number of Scans Averaged by the Deck Unit = 1
* NMEA Latitude = 40 15.06 N
* NMEA Longitude = 071 57.86 W
* NMEA UTC (Time) = Apr 03 2025 02:19:48
* NMEA baud rate = 4800
** Ship: Bigelow HB2502
** Program:  Spring Bottom Trawl
** Chief Scientist:Jon Galbraith
# nquan = 7
# nvalues = 114                         
# units = specified
# name 0 = depSM: Depth [salt water, m]
# name 1 = t090C: Temperature [ITS-90, deg C]
# name 2 = c0S/m: Conductivity [S/m]
# name 3 = sal00: Salinity, Practical [PSU]
# name 4 = scan: Scan Count
# name 5 = timeM: Time, Elapsed [minutes]
# name 6 = flag: flag
# span 0 =      3.000,     60.000       
# span 1 =     6.4543,     7.1177       
# span 2 =   3.317494,   3.362841       
# span 3 =    32.9730,    33.2431       
# span 4 =        690,       4718       
# span 5 =     0.4783,     3.2756       
# span 6 = 0.0000e+00, 0.0000e+00       
# interval = meters: 1                  
# start_time = Apr 03 2025 02:19:48 [NMEA time, header]
# bad_flag = -9.990e-29
*END*
      4.000     7.1078   3.356615    33.0064        690     0.4783 0.0000e+00
      5.000     7.1107   3.353860    32.9730       1254     0.8701 0.0000e+00
      6.000     7.1120   3.359233    33.0299       1265     0.8775 0.0000e+00
      7.000     7.1140   3.359503    33.0305       1295     0.8986 0.0000e+00
      8.000     7.1139   3.359669    33.0319       1328     0.9215 0.0000e+00
      9.000     7.1140   3.359795    33.0327       1356     0.9407 0.0000e+00
     10.000     7.1141   3.359894    33.0331       1378     0.9565 0.0000e+00
     11.000     7.1143   3.359971    33.0334       1399     0.9710 0.0000e+00
     12.000     7.1138   3.360010    33.0337       1421     0.9864 0.0000e+00
     13.000     7.1122   3.360012    33.0349       1450     1.0062 0.0000e+00
     14.000     7.1118   3.359988    33.0344       1488     1.0329 0.0000e+00
     15.000     7.1121   3.360016    33.0340       1522     1.0561 0.0000e+00
     16.000     7.1119   3.360074    33.0343       1545     1.0721 0.0000e+00
     17.000     7.1110   3.360086    33.0349       1565     1.0865 0.0000e+00
     18.000     7.1115   3.360077    33.0338       1586     1.1009 0.0000e+00
     19.000     7.1107   3.360118    33.0346       1611     1.1180 0.0000e+00
     20.000     7.1110   3.360093    33.0335       1649     1.1444 0.0000e+00
     21.000     7.1116   3.360221    33.0339       1687     1.1709 0.0000e+00
     22.000     7.1107   3.360307    33.0352       1708     1.1855 0.0000e+00
     23.000     7.1103   3.360348    33.0355       1727     1.1983 0.0000e+00
     24.000     7.1108   3.360375    33.0349       1748     1.2130 0.0000e+00
     25.000     7.1112   3.360417    33.0344       1782     1.2368 0.0000e+00
     26.000     7.1102   3.360492    33.0357       1824     1.2661 0.0000e+00
     27.000     7.1083   3.360409    33.0362       1848     1.2827 0.0000e+00
     28.000     7.1102   3.360371    33.0335       1867     1.2958 0.0000e+00
     29.000     7.1113   3.360637    33.0348       1886     1.3091 0.0000e+00
     30.000     7.1113   3.360668    33.0347       1911     1.3263 0.0000e+00
     31.000     7.1138   3.360733    33.0324       1943     1.3485 0.0000e+00
     32.000     7.1153   3.360915    33.0325       1973     1.3697 0.0000e+00
     33.000     7.1144   3.361190    33.0359       2004     1.3910 0.0000e+00
     34.000     7.1137   3.361328    33.0376       2039     1.4156 0.0000e+00
     35.000     7.1163   3.361397    33.0354       2072     1.4379 0.0000e+00
     36.000     7.1166   3.361698    33.0379       2093     1.4530 0.0000e+00
     37.000     7.1172   3.361909    33.0391       2111     1.4652 0.0000e+00
     38.000     7.1177   3.362059    33.0399       2128     1.4768 0.0000e+00
     39.000     7.1176   3.362064    33.0394       2148     1.4910 0.0000e+00
     40.000     7.1167   3.362001    33.0391       2194     1.5231 0.0000e+00
     41.000     7.1131   3.362286    33.0452       2244     1.5574 0.0000e+00
     42.000     7.1081   3.362754    33.0546       2266     1.5726 0.0000e+00
     43.000     7.0922   3.362841    33.0704       2284     1.5852 0.0000e+00
     44.000     7.0821   3.362400    33.0748       2302     1.5978 0.0000e+00
     45.000     7.0638   3.362164    33.0892       2322     1.6121 0.0000e+00
     46.000     7.0264   3.362143    33.1246       2350     1.6310 0.0000e+00
     47.000     6.9852   3.362154    33.1638       2386     1.6561 0.0000e+00
     48.000     6.9326   3.361858    33.2108       2424     1.6824 0.0000e+00
     49.000     6.8819   3.359523    33.2337       2454     1.7036 0.0000e+00
     50.000     6.8522   3.353837    33.1996       2478     1.7200 0.0000e+00
     51.000     6.7971   3.348906    33.1982       2498     1.7341 0.0000e+00
     52.000     6.6545   3.340482    33.2431       2520     1.7492 0.0000e+00
     53.000     6.5739   3.331193    33.2183       2548     1.7686 0.0000e+00
     54.000     6.5144   3.325269    33.2100       2583     1.7930 0.0000e+00
     55.000     6.4994   3.322571    33.1942       2621     1.8192 0.0000e+00
     56.000     6.4715   3.320263    33.1952       2645     1.8361 0.0000e+00
     57.000     6.4634   3.319197    33.1908       2664     1.8494 0.0000e+00
     58.000     6.4606   3.318698    33.1875       2683     1.8624 0.0000e+00
     59.000     6.4543   3.318150    33.1871       2710     1.8812 0.0000e+00
     60.000     6.4552   3.317588    33.1795       2909     2.0197 0.0000e+00
     59.000     6.4570   3.317494    33.1772       3079     2.1374 0.0000e+00
     58.000     6.4588   3.317617    33.1773       3086     2.1420 0.0000e+00
     57.000     6.4598   3.317599    33.1766       3114     2.1620 0.0000e+00
     56.000     6.4612   3.317623    33.1759       3140     2.1799 0.0000e+00
     55.000     6.4653   3.317753    33.1739       3162     2.1954 0.0000e+00
     54.000     6.4733   3.318109    33.1706       3183     2.2096 0.0000e+00
     53.000     6.4926   3.319052    33.1628       3205     2.2250 0.0000e+00
     52.000     6.5372   3.321367    33.1456       3235     2.2455 0.0000e+00
     51.000     6.5756   3.324040    33.1384       3268     2.2685 0.0000e+00
     50.000     6.6252   3.326985    33.1235       3293     2.2861 0.0000e+00
     49.000     6.6990   3.332045    33.1084       3315     2.3016 0.0000e+00
     48.000     6.7631   3.337065    33.1022       3339     2.3181 0.0000e+00
     47.000     6.8003   3.339994    33.0990       3367     2.3373 0.0000e+00
     46.000     6.8150   3.341200    33.0985       3398     2.3588 0.0000e+00
     45.000     6.8704   3.344511    33.0821       3423     2.3765 0.0000e+00
     44.000     6.9707   3.351290    33.0603       3445     2.3914 0.0000e+00
     43.000     7.0280   3.355610    33.0530       3466     2.4065 0.0000e+00
     42.000     7.0700   3.359110    33.0514       3494     2.4257 0.0000e+00
     41.000     7.0867   3.360575    33.0519       3527     2.4488 0.0000e+00
     40.000     7.1029   3.361840    33.0507       3554     2.4672 0.0000e+00
     39.000     7.1091   3.362263    33.0499       3576     2.4824 0.0000e+00
     38.000     7.1108   3.362299    33.0490       3599     2.4987 0.0000e+00
     37.000     7.1112   3.362315    33.0493       3626     2.5174 0.0000e+00
     36.000     7.1119   3.362283    33.0488       3654     2.5366 0.0000e+00
     35.000     7.1118   3.362216    33.0486       3682     2.5561 0.0000e+00
     34.000     7.1102   3.361723    33.0453       3711     2.5766 0.0000e+00
     33.000     7.1090   3.361405    33.0434       3736     2.5939 0.0000e+00
     32.000     7.1087   3.360881    33.0385       3759     2.6094 0.0000e+00
     31.000     7.1090   3.360815    33.0380       3783     2.6266 0.0000e+00
     30.000     7.1093   3.360852    33.0386       3814     2.6478 0.0000e+00
     29.000     7.1096   3.360698    33.0371       3844     2.6689 0.0000e+00
     28.000     7.1078   3.360256    33.0345       3869     2.6864 0.0000e+00
     27.000     7.1062   3.359891    33.0325       3892     2.7024 0.0000e+00
     26.000     7.1056   3.359740    33.0319       3916     2.7185 0.0000e+00
     25.000     7.1039   3.359513    33.0316       3940     2.7356 0.0000e+00
     24.000     7.1029   3.359365    33.0314       3969     2.7556 0.0000e+00
     23.000     7.1026   3.359287    33.0313       4003     2.7790 0.0000e+00
     22.000     7.1016   3.359159    33.0313       4032     2.7993 0.0000e+00
     21.000     7.1024   3.359175    33.0313       4056     2.8159 0.0000e+00
     20.000     7.1041   3.359366    33.0321       4080     2.8329 0.0000e+00
     19.000     7.1068   3.359969    33.0366       4108     2.8524 0.0000e+00
     18.000     7.1069   3.360120    33.0386       4135     2.8707 0.0000e+00
     17.000     7.1072   3.360340    33.0413       4158     2.8867 0.0000e+00
     16.000     7.1071   3.360267    33.0411       4182     2.9035 0.0000e+00
     15.000     7.1065   3.359892    33.0380       4212     2.9242 0.0000e+00
     14.000     7.1047   3.359450    33.0354       4242     2.9454 0.0000e+00
     13.000     7.1034   3.359084    33.0332       4268     2.9634 0.0000e+00
     12.000     7.1033   3.359033    33.0332       4293     2.9805 0.0000e+00
     11.000     7.1047   3.359156    33.0337       4318     2.9982 0.0000e+00
     10.000     7.1048   3.359168    33.0341       4344     3.0161 0.0000e+00
      9.000     7.1030   3.358875    33.0332       4371     3.0347 0.0000e+00
      8.000     7.1017   3.358632    33.0323       4397     3.0531 0.0000e+00
      7.000     7.1016   3.358591    33.0324       4425     3.0720 0.0000e+00
      6.000     7.1018   3.358550    33.0322       4461     3.0969 0.0000e+00
      5.000     7.1013   3.358488    33.0325       4490     3.1172 0.0000e+00
      4.000     7.1018   3.358467    33.0323       4507     3.1291 0.0000e+00
      3.000     7.1076   3.359132    33.0345       4718     3.2756 0.0000e+00
