HB2502/ctd174.cnv
* Sea-Bird SBE 9 Data File:
* FileName = C:\cruise\data\ctd174.hex
* Software Version Seasave V 7.26.7.121
* Temperature SN = 4591
* Conductivity SN = 6006
* Number of Bytes Per Scan = 37
* Number of Voltage Words = 4
* Number of Scans Averaged by the Deck Unit = 1
* NMEA Latitude = 40 55.59 N
* NMEA Longitude = 066 32.91 W
* NMEA UTC (Time) = May 04 2025 03:14:19
* NMEA baud rate = 4800
** Ship: Bigelow HB2502
** Program:  Spring Bottom Trawl
** Chief Scientist:Jon Galbraith
# nquan = 10
# nvalues = 380                         
# units = specified
# name 0 = depSM: Depth [salt water, m]
# name 1 = t090C: Temperature [ITS-90, deg C]
# name 2 = c0S/m: Conductivity [S/m]
# name 3 = sal00: Salinity, Practical [PSU]
# name 4 = scan: Scan Count
# name 5 = timeM: Time, Elapsed [minutes]
# name 6 = sbeox0Mg/L: Oxygen, SBE 43 [mg/l]
# name 7 = sbeox1Mg/L: Oxygen, SBE 43, 2 [mg/l]
# name 8 = par: PAR/Irradiance, Biospherical/Licor
# name 9 = flag: flag
# span 0 =      3.000,    193.000       
# span 1 =    11.1073,    18.2196       
# span 2 =   3.755052,   4.723718       
# span 3 =    33.3899,    35.9373       
# span 4 =        216,      11317       
# span 5 =     0.1494,     7.8580       
# span 6 =     4.9695,     9.2717       
# span 7 =     5.1092,     9.5167       
# span 8 = 1.0000e-12, 1.5167e+01       
# span 9 = 0.0000e+00, 0.0000e+00       
# interval = meters: 1                  
# start_time = May 04 2025 03:14:19 [NMEA time, header]
# bad_flag = -9.990e-29
*END*
[from data line 145]
    149.000    14.5840   4.324597    35.6172       4254     2.9538     6.1270     6.2772 1.0000e-12 0.0000e+00
    150.000    14.5889   4.325125    35.6172       4279     2.9710     6.0725     6.2365 1.0000e-12 0.0000e+00
    151.000    14.6730   4.335796    35.6379       4301     2.9860     6.0457     6.2223 1.0000e-12 0.0000e+00
    152.000    14.7679   4.349150    35.6732       4325     3.0027     6.0627     6.2413 1.0000e-12 0.0000e+00
    153.000    14.8740   4.363778    35.7098       4357     3.0252     6.0691     6.2409 1.0000e-12 0.0000e+00
    154.000    14.9120   4.370159    35.7330       4388     3.0467     6.0277     6.1897 1.0000e-12 0.0000e+00
    155.000    14.9303   4.372451    35.7369       4412     3.0630     6.0119     6.1629 1.0000e-12 0.0000e+00
    156.000    14.9752   4.380438    35.7684       4435     3.0794     5.9969     6.1467 1.0000e-12 0.0000e+00
    157.000    14.9813   4.382903    35.7849       4465     3.1003     5.9887     6.1429 1.0000e-12 0.0000e+00
    158.000    15.0042   4.387627    35.8067       4501     3.1250     5.9694     6.1233 1.0000e-12 0.0000e+00
    159.000    14.9533   4.383956    35.8194       4532     3.1463     5.9404     6.1223 1.0000e-12 0.0000e+00
    160.000    14.8479   4.372418    35.8101       4556     3.1631     5.9323     6.0930 1.0000e-12 0.0000e+00
    161.000    14.8204   4.370069    35.8134       4577     3.1781     5.9113     6.0338 1.0000e-12 0.0000e+00
    162.000    14.7633   4.366140    35.8295       4600     3.1937     5.8693     5.9769 1.0000e-12 0.0000e+00
    163.000    14.5702   4.347099    35.8317       4630     3.2145     5.8236     5.9343 1.0000e-12 0.0000e+00
    164.000    14.3509   4.321071    35.7931       4675     3.2456     5.6795     5.7401 1.0000e-12 0.0000e+00
    165.000    14.2667   4.311571    35.7826       4707     3.2680     5.4641     5.5855 1.0000e-12 0.0000e+00
    166.000    14.1733   4.300911    35.7695       4728     3.2827     5.4164     5.5365 1.0000e-12 0.0000e+00
    167.000    14.1441   4.297001    35.7597       4747     3.2961     5.3961     5.5085 1.0000e-12 0.0000e+00
    168.000    14.1372   4.296150    35.7578       4768     3.3104     5.3610     5.4749 1.0000e-12 0.0000e+00
    169.000    14.1252   4.295189    35.7596       4798     3.3315     5.3165     5.4477 1.0000e-12 0.0000e+00
    170.000    14.1118   4.293829    35.7589       4841     3.3610     5.2598     5.4240 1.0000e-12 0.0000e+00
    171.000    14.0759   4.290279    35.7587       4872     3.3829     5.2463     5.3838 1.0000e-12 0.0000e+00
    172.000    14.0378   4.285381    35.7479       4897     3.3999     5.2579     5.3805 1.0000e-12 0.0000e+00
    173.000    14.0590   4.287683    35.7493       4920     3.4162     5.2377     5.3614 1.0000e-12 0.0000e+00
    174.000    14.0189   4.284019    35.7519       4945     3.4330     5.2198     5.3532 1.0000e-12 0.0000e+00
    175.000    13.9668   4.277890    35.7427       4970     3.4505     5.2199     5.3548 1.0000e-12 0.0000e+00
    176.000    13.9596   4.277052    35.7410       5002     3.4731     5.2050     5.3388 1.0000e-12 0.0000e+00
    177.000    13.8781   4.268563    35.7370       5044     3.5023     5.1805     5.3151 1.0000e-12 0.0000e+00
    178.000    13.8278   4.262660    35.7281       5073     3.5221     5.1621     5.3075 1.0000e-12 0.0000e+00
    179.000    13.8054   4.260227    35.7256       5096     3.5379     5.1610     5.2702 1.0000e-12 0.0000e+00
    180.000    13.8066   4.260138    35.7233       5119     3.5544     5.1412     5.2382 1.0000e-12 0.0000e+00
    181.000    13.8086   4.260265    35.7222       5146     3.5728     5.1146     5.2175 1.0000e-12 0.0000e+00
    182.000    13.8146   4.261029    35.7233       5173     3.5915     5.1098     5.2148 1.0000e-12 0.0000e+00
    183.000    13.7911   4.258761    35.7235       5201     3.6112     5.1188     5.2399 1.0000e-12 0.0000e+00
    184.000    13.7945   4.258881    35.7210       5238     3.6365     5.0999     5.2339 1.0000e-12 0.0000e+00
    185.000    13.7860   4.258097    35.7212       5278     3.6643     5.0781     5.2142 1.0000e-12 0.0000e+00
    186.000    13.7865   4.258200    35.7212       5304     3.6824     5.0828     5.2096 1.0000e-12 0.0000e+00
    187.000    13.7746   4.257299    35.7234       5323     3.6961     5.0848     5.2069 1.0000e-12 0.0000e+00
    188.000    13.7405   4.254028    35.7241       5341     3.7086     5.0733     5.1990 1.0000e-12 0.0000e+00
    189.000    13.7235   4.251740    35.7180       5362     3.7228     5.0614     5.1873 1.0000e-12 0.0000e+00
    190.000    13.7024   4.249481    35.7159       5406     3.7535     5.0341     5.1713 1.0000e-12 0.0000e+00
    191.000    13.6753   4.246518    35.7130       5458     3.7897     4.9695     5.1516 1.0000e-12 0.0000e+00
    192.000    13.6546   4.244220    35.7101       5477     3.8030     5.0089     5.1350 1.0000e-12 0.0000e+00
    193.000    13.5895   4.236828    35.7008       5545     3.8502     4.9900     5.1092 1.0000e-12 0.0000e+00
    192.000    13.6596   4.243968    35.7032       5971     4.1459     4.9705     5.1250 1.0000e-12 0.0000e+00
    191.000    13.6904   4.247615    35.7092       6096     4.2329     5.0220     5.1519 1.0000e-12 0.0000e+00
    190.000    13.6792   4.246224    35.7070       6126     4.2536     5.0080     5.1464 1.0000e-12 0.0000e+00
    189.000    13.6775   4.246038    35.7072       6154     4.2733     4.9962     5.1378 1.0000e-12 0.0000e+00
    188.000    13.6891   4.246835    35.7043       6179     4.2901     5.0055     5.1321 1.0000e-12 0.0000e+00
    187.000    13.7612   4.254377    35.7085       6202     4.3062     5.0047     5.1303 1.0000e-12 0.0000e+00
    186.000    13.7720   4.255551    35.7099       6226     4.3228     5.0074     5.1459 1.0000e-12 0.0000e+00
    185.000    13.7715   4.255715    35.7123       6252     4.3411     5.0299     5.1816 1.0000e-12 0.0000e+00
    184.000    13.8030   4.258773    35.7121       6283     4.3626     5.0713     5.2072 1.0000e-12 0.0000e+00
    183.000    13.8370   4.262305    35.7141       6310     4.3814     5.0551     5.2091 1.0000e-12 0.0000e+00
    182.000    13.8611   4.265084    35.7181       6330     4.3952     5.0543     5.2119 1.0000e-12 0.0000e+00
    181.000    13.8672   4.265566    35.7173       6348     4.4074     5.0736     5.2326 1.0000e-12 0.0000e+00
    180.000    13.8738   4.266641    35.7217       6366     4.4204     5.1017     5.2568 1.0000e-12 0.0000e+00
    179.000    13.8941   4.268733    35.7228       6394     4.4396     5.1189     5.2767 1.0000e-12 0.0000e+00
    178.000    13.9272   4.272444    35.7272       6436     4.4688     5.1257     5.2819 1.0000e-12 0.0000e+00
    177.000    13.9389   4.273643    35.7279       6464     4.4879     5.1269     5.2892 1.0000e-12 0.0000e+00
    176.000    13.9457   4.274214    35.7275       6482     4.5006     5.1303     5.2961 1.0000e-12 0.0000e+00
    175.000    13.9496   4.274585    35.7277       6499     4.5126     5.1290     5.3039 1.0000e-12 0.0000e+00
    174.000    13.9562   4.275257    35.7283       6519     4.5265     5.1433     5.3138 1.0000e-12 0.0000e+00
    173.000    13.9835   4.278268    35.7315       6546     4.5454     5.1774     5.3181 1.0000e-12 0.0000e+00
    172.000    13.9944   4.279587    35.7341       6580     4.5685     5.1809     5.3290 1.0000e-12 0.0000e+00
    171.000    14.0003   4.280141    35.7343       6609     4.5892     5.1826     5.3377 1.0000e-12 0.0000e+00
    170.000    14.0169   4.281790    35.7347       6634     4.6062     5.1729     5.3325 1.0000e-12 0.0000e+00
    169.000    14.0214   4.282124    35.7341       6655     4.6211     5.1737     5.3320 1.0000e-12 0.0000e+00
    168.000    14.0419   4.283966    35.7327       6676     4.6353     5.1721     5.3324 1.0000e-12 0.0000e+00
    167.000    14.0875   4.288927    35.7370       6697     4.6499     5.1777     5.3312 1.0000e-12 0.0000e+00
    166.000    14.1138   4.291859    35.7404       6721     4.6670     5.2119     5.3621 1.0000e-12 0.0000e+00
    165.000    14.1331   4.293557    35.7387       6753     4.6887     5.2232     5.3950 1.0000e-12 0.0000e+00
    164.000    14.1545   4.295445    35.7369       6784     4.7107     5.2869     5.4320 1.0000e-12 0.0000e+00
    163.000    14.2921   4.309887    35.7442       6811     4.7292     5.3274     5.4558 1.0000e-12 0.0000e+00
    162.000    14.5634   4.340689    35.7792       6834     4.7452     5.3163     5.4828 1.0000e-12 0.0000e+00
    161.000    14.7911   4.365291    35.7965       6855     4.7599     5.3310     5.5540 1.0000e-12 0.0000e+00
    160.000    14.9095   4.375455    35.7813       6875     4.7738     5.3988     5.6868 1.0000e-12 0.0000e+00
    159.000    14.9965   4.385643    35.7953       6896     4.7880     5.5080     5.8392 1.0000e-12 0.0000e+00
    158.000    15.0305   4.390214    35.8063       6921     4.8055     5.7395     6.0256 1.0000e-12 0.0000e+00
    157.000    15.0171   4.388157    35.8002       6956     4.8299     5.9465     6.1255 1.0000e-12 0.0000e+00
    156.000    14.9791   4.382336    35.7821       6993     4.8553     5.9410     6.0932 1.0000e-12 0.0000e+00
    155.000    14.9909   4.382631    35.7745       7016     4.8715     5.8992     6.0772 1.0000e-12 0.0000e+00
    154.000    14.9847   4.381328    35.7686       7035     4.8848     5.8960     6.0819 1.0000e-12 0.0000e+00
    153.000    14.9395   4.374920    35.7518       7053     4.8973     5.9093     6.0861 1.0000e-12 0.0000e+00
    152.000    14.8771   4.365941    35.7272       7073     4.9112     5.9142     6.0986 1.0000e-12 0.0000e+00
    151.000    14.7910   4.353987    35.6968       7100     4.9298     5.9272     6.1204 1.0000e-12 0.0000e+00
    150.000    14.6688   4.337207    35.6552       7137     4.9554     5.9914     6.1510 1.0000e-12 0.0000e+00
    149.000    14.6041   4.328120    35.6312       7171     4.9789     6.0280     6.1655 1.0000e-12 0.0000e+00
    148.000    14.5863   4.325176    35.6209       7194     4.9950     6.0147     6.2005 1.0000e-12 0.0000e+00
    147.000    14.5340   4.318869    35.6111       7214     5.0088     6.0281     6.2405 1.0000e-12 0.0000e+00
    146.000    14.4406   4.305569    35.5744       7233     5.0225     6.0378     6.2472 1.0000e-12 0.0000e+00
    145.000    14.4025   4.299681    35.5553       7255     5.0372     6.0041     6.2223 1.0000e-12 0.0000e+00
    144.000    14.3734   4.294557    35.5351       7282     5.0564     6.0619     6.2648 1.0000e-12 0.0000e+00
    143.000    14.3431   4.288874    35.5106       7318     5.0812     6.1927     6.3309 1.0000e-12 0.0000e+00
    142.000    14.3197   4.285023    35.4969       7349     5.1028     6.2095     6.3483 1.0000e-12 0.0000e+00
    141.000    14.2982   4.281838    35.4875       7372     5.1186     6.2039     6.3481 1.0000e-12 0.0000e+00
    140.000    14.2696   4.277455    35.4735       7392     5.1327     6.2070     6.3676 1.0000e-12 0.0000e+00
    139.000    14.2990   4.279356    35.4645       7412     5.1467     6.1912     6.3926 1.0000e-12 0.0000e+00
    138.000    14.3124   4.280235    35.4609       7434     5.1618     6.1943     6.4150 1.0000e-12 0.0000e+00
    137.000    14.2800   4.275495    35.4471       7462     5.1813     6.2398     6.4405 1.0000e-12 0.0000e+00
    136.000    14.2494   4.270932    35.4331       7503     5.2097     6.2832     6.4410 1.0000e-12 0.0000e+00
    135.000    14.2437   4.269436    35.4249       7534     5.2312     6.2875     6.4471 1.0000e-12 0.0000e+00
    134.000    14.2434   4.267387    35.4066       7553     5.2447     6.2909     6.4452 1.0000e-12 0.0000e+00
    133.000    14.2393   4.266728    35.4047       7571     5.2568     6.2802     6.4508 1.0000e-12 0.0000e+00
    132.000    14.2318   4.265546    35.4010       7589     5.2695     6.2367     6.4598 1.0000e-12 0.0000e+00
    131.000    14.2366   4.262414    35.3679       7612     5.2854     6.2160     6.4781 1.0000e-12 0.0000e+00
    130.000    14.2516   4.263282    35.3626       7651     5.3124     6.3387     6.5293 1.0000e-12 0.0000e+00
    129.000    14.2574   4.262709    35.3524       7693     5.3418     6.4478     6.5717 1.0000e-12 0.0000e+00
    128.000    14.2272   4.258221    35.3388       7714     5.3565     6.4202     6.5757 1.0000e-12 0.0000e+00
    127.000    14.2067   4.255384    35.3317       7732     5.3688     6.4053     6.5857 1.0000e-12 0.0000e+00
    126.000    14.1758   4.250856    35.3183       7750     5.3814     6.3901     6.6095 1.0000e-12 0.0000e+00
    125.000    14.1664   4.249205    35.3120       7775     5.3984     6.3568     6.6363 1.0000e-12 0.0000e+00
    124.000    14.1482   4.246749    35.3063       7812     5.4243     6.4207     6.6540 1.0000e-12 0.0000e+00
    123.000    14.1133   4.242136    35.2957       7848     5.4490     6.4726     6.6585 1.0000e-12 0.0000e+00
    122.000    14.0579   4.234996    35.2804       7871     5.4654     6.4860     6.6725 1.0000e-12 0.0000e+00
    121.000    14.0234   4.229958    35.2655       7892     5.4799     6.4941     6.6772 1.0000e-12 0.0000e+00
    120.000    14.0510   4.231892    35.2587       7914     5.4950     6.4885     6.6730 1.0000e-12 0.0000e+00
    119.000    14.0762   4.234361    35.2590       7941     5.5140     6.4734     6.6958 1.0000e-12 0.0000e+00
    118.000    13.9594   4.219256    35.2255       7981     5.5413     6.5334     6.7588 1.0000e-12 0.0000e+00
    117.000    13.8663   4.206658    35.1935       8015     5.5652     6.5956     6.7418 1.0000e-12 0.0000e+00
    116.000    13.8255   4.200601    35.1746       8037     5.5802     6.6144     6.7637 1.0000e-12 0.0000e+00
    115.000    13.8661   4.203016    35.1605       8056     5.5935     6.6091     6.7767 1.0000e-12 0.0000e+00
    114.000    13.9070   4.206985    35.1606       8077     5.6081     6.6178     6.7961 1.0000e-12 0.0000e+00
    113.000    13.9398   4.209827    35.1575       8108     5.6302     6.6394     6.8766 1.0000e-12 0.0000e+00
    112.000    14.0166   4.218340    35.1671       8149     5.6586     6.7469     6.9451 1.0000e-12 0.0000e+00
    111.000    14.0081   4.217360    35.1662       8177     5.6780     6.8270     6.9762 1.0000e-12 0.0000e+00
    110.000    14.0244   4.217777    35.1556       8201     5.6946     6.8107     6.9967 1.0000e-12 0.0000e+00
    109.000    14.2886   4.249048    35.2055       8224     5.7104     6.7502     6.9642 1.0000e-12 0.0000e+00
    108.000    14.3915   4.262919    35.2406       8249     5.7278     6.7948     7.0556 1.0000e-12 0.0000e+00
    107.000    14.3952   4.263554    35.2436       8281     5.7501     6.8599     7.0918 1.0000e-12 0.0000e+00
    106.000    14.0203   4.217424    35.1572       8318     5.7757     6.9382     7.1176 1.0000e-12 0.0000e+00
    105.000    13.6868   4.172060    35.0387       8344     5.7934     6.9669     7.1139 1.0000e-12 0.0000e+00
    104.000    13.6251   4.164764    35.0271       8367     5.8094     6.9365     7.0497 1.0000e-12 0.0000e+00
    103.000    13.7334   4.176700    35.0405       8393     5.8279     6.9245     7.1201 1.0000e-12 0.0000e+00
    102.000    13.6720   4.170348    35.0374       8423     5.8486     6.9665     7.1963 1.0000e-12 0.0000e+00
    101.000    13.4139   4.136688    34.9573       8450     5.8674     7.0467     7.2497 1.0000e-12 0.0000e+00
    100.000    13.3591   4.128047    34.9264       8476     5.8857     7.0039     7.1597 1.0000e-12 0.0000e+00
     99.000    13.3545   4.126926    34.9205       8508     5.9079     6.9723     7.1411 1.0000e-12 0.0000e+00
     98.000    13.3260   4.121396    34.8947       8543     5.9318     6.9805     7.1773 1.0000e-12 0.0000e+00
     97.000    13.2129   4.102686    34.8216       8569     5.9500     6.9788     7.1918 1.0000e-12 0.0000e+00
     96.000    13.1909   4.098783    34.8051       8591     5.9651     6.9600     7.1990 1.0000e-12 0.0000e+00
     95.000    13.1801   4.096526    34.7941       8612     5.9802     7.0312     7.3030 1.0000e-12 0.0000e+00
