HB2502/ctd139.cnv
* Sea-Bird SBE 9 Data File:
* FileName = C:\cruise\data\ctd139.hex
* Software Version Seasave V 7.26.7.121
* Temperature SN = 6768
* Conductivity SN = 6166
* Number of Bytes Per Scan = 37
* Number of Voltage Words = 4
* Number of Scans Averaged by the Deck Unit = 1
* NMEA Latitude = 41 33.00 N
* NMEA Longitude = 068 32.85 W
* NMEA UTC (Time) = Apr 10 2025 13:45:10
* NMEA baud rate = 4800
** Ship: Bigelow HB2502
** Program:  Spring Bottom Trawl
** Chief Scientist:Jon Galbraith
# nquan = 7
# nvalues = 216                         
# units = specified
# name 0 = depSM: Depth [salt water, m]
# name 1 = t090C: Temperature [ITS-90, deg C]
# name 2 = c0S/m: Conductivity [S/m]
# name 3 = sal00: Salinity, Practical [PSU]
# name 4 = scan: Scan Count
# name 5 = timeM: Time, Elapsed [minutes]
# name 6 = flag: flag
# span 0 =      1.000,    110.000       
# span 1 =     5.8465,     5.9621       
# span 2 =   1.589590,   3.292931       
# span 3 =    15.6034,    33.4406       
# span 4 =        125,       8281       
# span 5 =     0.0860,     5.7500       
# span 6 = 0.0000e+00, 0.0000e+00       
# interval = meters: 1                  
# start_time = Apr 10 2025 13:45:10 [NMEA time, header]
# bad_flag = -9.990e-29
*END*
      4.000     5.9365   3.292931    33.4406        125     0.0860 0.0000e+00
      5.000     5.8941   3.250839    33.0079        296     0.2047 0.0000e+00
      6.000     5.8898   3.235826    32.8427        321     0.2221 0.0000e+00
      7.000     5.8898   3.233682    32.8181        344     0.2384 0.0000e+00
      8.000     5.8899   3.236245    32.8463        375     0.2596 0.0000e+00
      9.000     5.8920   3.240982    32.8971        520     0.3606 0.0000e+00
     10.000     5.8903   3.233706    32.8163        559     0.3876 0.0000e+00
     11.000     5.8899   3.232176    32.7991        594     0.4121 0.0000e+00
     12.000     5.8898   3.231468    32.7907        623     0.4317 0.0000e+00
     13.000     5.8894   3.231281    32.7885        650     0.4510 0.0000e+00
     14.000     5.8893   3.231065    32.7857        678     0.4699 0.0000e+00
     15.000     5.8891   3.231087    32.7856        705     0.4886 0.0000e+00
     16.000     5.8893   3.231035    32.7844        733     0.5081 0.0000e+00
     17.000     5.8908   3.230895    32.7808        760     0.5273 0.0000e+00
     18.000     5.8925   3.230864    32.7784        787     0.5458 0.0000e+00
     19.000     5.8947   3.230992    32.7772        814     0.5646 0.0000e+00
     20.000     5.8952   3.231083    32.7771        843     0.5848 0.0000e+00
     21.000     5.8956   3.231017    32.7755        872     0.6046 0.0000e+00
     22.000     5.8958   3.230882    32.7734        897     0.6223 0.0000e+00
     23.000     5.8963   3.230894    32.7725        920     0.6383 0.0000e+00
     24.000     5.8966   3.231226    32.7755        945     0.6555 0.0000e+00
     25.000     5.8968   3.233051    32.7952        975     0.6766 0.0000e+00
     26.000     5.8976   3.232672    32.7897       1008     0.6990 0.0000e+00
     27.000     5.8985   3.231256    32.7725       1034     0.7174 0.0000e+00
     28.000     5.8993   3.231248    32.7711       1059     0.7351 0.0000e+00
     29.000     5.8997   3.231328    32.7711       1085     0.7525 0.0000e+00
     30.000     5.8999   3.231415    32.7714       1109     0.7697 0.0000e+00
     31.000     5.8998   3.231881    32.7762       1137     0.7888 0.0000e+00
     32.000     5.8999   3.231705    32.7737       1168     0.8104 0.0000e+00
     33.000     5.9004   3.231364    32.7689       1197     0.8305 0.0000e+00
     34.000     5.9010   3.231292    32.7670       1220     0.8467 0.0000e+00
     35.000     5.9011   3.231313    32.7666       1243     0.8624 0.0000e+00
     36.000     5.9020   3.231474    32.7670       1271     0.8818 0.0000e+00
     37.000     5.9031   3.231495    32.7657       1303     0.9045 0.0000e+00
     38.000     5.9036   3.231505    32.7649       1331     0.9235 0.0000e+00
     39.000     5.9039   3.231572    32.7648       1355     0.9403 0.0000e+00
     40.000     5.9042   3.231699    32.7655       1381     0.9583 0.0000e+00
     41.000     5.9042   3.231769    32.7658       1410     0.9788 0.0000e+00
     42.000     5.9042   3.231745    32.7649       1438     0.9980 0.0000e+00
     43.000     5.9044   3.231806    32.7649       1463     1.0152 0.0000e+00
     44.000     5.9042   3.231880    32.7655       1487     1.0319 0.0000e+00
     45.000     5.9031   3.231974    32.7671       1516     1.0521 0.0000e+00
     46.000     5.9026   3.231985    32.7672       1549     1.0750 0.0000e+00
     47.000     5.9024   3.231999    32.7671       1576     1.0935 0.0000e+00
     48.000     5.9011   3.232063    32.7685       1597     1.1085 0.0000e+00
     49.000     5.9013   3.232249    32.7699       1619     1.1236 0.0000e+00
     50.000     5.8957   3.232578    32.7786       1646     1.1425 0.0000e+00
     51.000     5.8943   3.233204    32.7865       1682     1.1672 0.0000e+00
     52.000     5.8933   3.233508    32.7904       1714     1.1895 0.0000e+00
     53.000     5.8936   3.233093    32.7849       1740     1.2078 0.0000e+00
     54.000     5.8897   3.234279    32.8016       1764     1.2240 0.0000e+00
     55.000     5.8879   3.235098    32.8120       1785     1.2388 0.0000e+00
     56.000     5.8878   3.235216    32.8129       1806     1.2535 0.0000e+00
     57.000     5.8873   3.235457    32.8156       1830     1.2703 0.0000e+00
     58.000     5.8876   3.235451    32.8148       1868     1.2962 0.0000e+00
     59.000     5.8877   3.235461    32.8143       1908     1.3245 0.0000e+00
     60.000     5.8877   3.235523    32.8145       1932     1.3412 0.0000e+00
     61.000     5.8880   3.235547    32.8140       1952     1.3548 0.0000e+00
     62.000     5.8879   3.235636    32.8146       1973     1.3691 0.0000e+00
     63.000     5.8879   3.235706    32.8148       1997     1.3860 0.0000e+00
     64.000     5.8881   3.235779    32.8150       2025     1.4053 0.0000e+00
     65.000     5.8882   3.235835    32.8150       2053     1.4253 0.0000e+00
     66.000     5.8882   3.235909    32.8153       2086     1.4478 0.0000e+00
     67.000     5.8885   3.235964    32.8152       2121     1.4724 0.0000e+00
     68.000     5.8886   3.236032    32.8153       2147     1.4906 0.0000e+00
     69.000     5.8883   3.236137    32.8163       2168     1.5047 0.0000e+00
     70.000     5.8884   3.236180    32.8162       2187     1.5183 0.0000e+00
     71.000     5.8886   3.236179    32.8155       2209     1.5335 0.0000e+00
     72.000     5.8886   3.236285    32.8162       2237     1.5526 0.0000e+00
     73.000     5.8887   3.236307    32.8159       2272     1.5770 0.0000e+00
     74.000     5.8890   3.236301    32.8150       2310     1.6032 0.0000e+00
     75.000     5.8891   3.236334    32.8148       2339     1.6234 0.0000e+00
     76.000     5.8892   3.236393    32.8149       2360     1.6383 0.0000e+00
     77.000     5.8891   3.236477    32.8154       2380     1.6518 0.0000e+00
     78.000     5.8889   3.236641    32.8170       2400     1.6658 0.0000e+00
     79.000     5.8889   3.236697    32.8171       2424     1.6825 0.0000e+00
     80.000     5.8890   3.236736    32.8170       2457     1.7054 0.0000e+00
     81.000     5.8892   3.236676    32.8155       2490     1.7285 0.0000e+00
     82.000     5.8893   3.236727    32.8155       2518     1.7480 0.0000e+00
     83.000     5.8892   3.236831    32.8163       2545     1.7668 0.0000e+00
     84.000     5.8893   3.236886    32.8163       2573     1.7859 0.0000e+00
     85.000     5.8894   3.236991    32.8169       2599     1.8041 0.0000e+00
     86.000     5.8893   3.237080    32.8175       2621     1.8195 0.0000e+00
     87.000     5.8893   3.237143    32.8177       2641     1.8335 0.0000e+00
     88.000     5.8894   3.237201    32.8178       2666     1.8506 0.0000e+00
     89.000     5.8896   3.237286    32.8181       2705     1.8775 0.0000e+00
     90.000     5.8895   3.237329    32.8181       2738     1.9007 0.0000e+00
     91.000     5.8893   3.237438    32.8191       2762     1.9172 0.0000e+00
     92.000     5.8892   3.237530    32.8196       2785     1.9331 0.0000e+00
     93.000     5.8896   3.237545    32.8190       2807     1.9489 0.0000e+00
     94.000     5.8899   3.237552    32.8183       2830     1.9647 0.0000e+00
     95.000     5.8899   3.237617    32.8185       2855     1.9818 0.0000e+00
     96.000     5.8886   3.237811    32.8214       2885     2.0028 0.0000e+00
     97.000     5.8892   3.237800    32.8203       2922     2.0282 0.0000e+00
     98.000     5.8882   3.237953    32.8225       2954     2.0505 0.0000e+00
     99.000     5.8876   3.238059    32.8237       2977     2.0670 0.0000e+00
    100.000     5.8880   3.238085    32.8231       2997     2.0809 0.0000e+00
    101.000     5.8887   3.238093    32.8221       3017     2.0948 0.0000e+00
    102.000     5.8883   3.238183    32.8229       3040     2.1104 0.0000e+00
    103.000     5.8882   3.238223    32.8229       3070     2.1309 0.0000e+00
    104.000     5.8883   3.238288    32.8232       3109     2.1587 0.0000e+00
    105.000     5.8882   3.238347    32.8234       3140     2.1801 0.0000e+00
    106.000     5.8880   3.238412    32.8238       3162     2.1953 0.0000e+00
    107.000     5.8881   3.238460    32.8238       3182     2.2094 0.0000e+00
    108.000     5.8882   3.238511    32.8237       3205     2.2248 0.0000e+00
    109.000     5.8881   3.238578    32.8241       3231     2.2430 0.0000e+00
    110.000     5.8878   3.238587    32.8241       3248     2.2548 0.0000e+00
    109.000     5.8881   3.238579    32.8241       3992     2.7712 0.0000e+00
    108.000     5.8875   3.238571    32.8252       4608     3.1990 0.0000e+00
    107.000     5.8874   3.238512    32.8250       4625     3.2109 0.0000e+00
    106.000     5.8874   3.238450    32.8249       4668     3.2410 0.0000e+00
    105.000     5.8872   3.238424    32.8253       4703     3.2652 0.0000e+00
    104.000     5.8873   3.238363    32.8250       4726     3.2810 0.0000e+00
    103.000     5.8875   3.238302    32.8246       4746     3.2948 0.0000e+00
    102.000     5.8875   3.238250    32.8245       4765     3.3081 0.0000e+00
    101.000     5.8875   3.238141    32.8237       4784     3.3217 0.0000e+00
    100.000     5.8876   3.238112    32.8238       4806     3.3369 0.0000e+00
     99.000     5.8883   3.238007    32.8225       4835     3.3569 0.0000e+00
     98.000     5.8889   3.237892    32.8211       4874     3.3840 0.0000e+00
     97.000     5.8889   3.237849    32.8210       4907     3.4066 0.0000e+00
     96.000     5.8891   3.237783    32.8207       4930     3.4231 0.0000e+00
     95.000     5.8888   3.237746    32.8210       4951     3.4375 0.0000e+00
     94.000     5.8886   3.237685    32.8210       4971     3.4516 0.0000e+00
     93.000     5.8887   3.237611    32.8206       4992     3.4662 0.0000e+00
     92.000     5.8888   3.237528    32.8201       5017     3.4834 0.0000e+00
     91.000     5.8888   3.237443    32.8196       5048     3.5048 0.0000e+00
     90.000     5.8888   3.237399    32.8196       5081     3.5275 0.0000e+00
     89.000     5.8887   3.237311    32.8192       5108     3.5464 0.0000e+00
     88.000     5.8887   3.237279    32.8193       5132     3.5633 0.0000e+00
     87.000     5.8891   3.237171    32.8183       5156     3.5796 0.0000e+00
     86.000     5.8892   3.237109    32.8179       5179     3.5956 0.0000e+00
     85.000     5.8892   3.237015    32.8173       5203     3.6124 0.0000e+00
     84.000     5.8892   3.236954    32.8172       5230     3.6310 0.0000e+00
     83.000     5.8891   3.236905    32.8172       5259     3.6511 0.0000e+00
     82.000     5.8890   3.236828    32.8170       5287     3.6707 0.0000e+00
     81.000     5.8890   3.236746    32.8165       5313     3.6889 0.0000e+00
     80.000     5.8890   3.236652    32.8160       5338     3.7061 0.0000e+00
     79.000     5.8889   3.236599    32.8160       5362     3.7233 0.0000e+00
     78.000     5.8889   3.236566    32.8161       5387     3.7405 0.0000e+00
     77.000     5.8888   3.236489    32.8158       5412     3.7574 0.0000e+00
     76.000     5.8889   3.236358    32.8148       5436     3.7746 0.0000e+00
     75.000     5.8889   3.236266    32.8143       5464     3.7935 0.0000e+00
     74.000     5.8888   3.236213    32.8142       5493     3.8141 0.0000e+00
     73.000     5.8887   3.236175    32.8144       5523     3.8349 0.0000e+00
     72.000     5.8886   3.236141    32.8146       5550     3.8534 0.0000e+00
     71.000     5.8886   3.236096    32.8145       5572     3.8691 0.0000e+00
     70.000     5.8885   3.236038    32.8145       5594     3.8841 0.0000e+00
     69.000     5.8884   3.235985    32.8145       5618     3.9009 0.0000e+00
     68.000     5.8883   3.235937    32.8146       5646     3.9201 0.0000e+00
     67.000     5.8883   3.235812    32.8137       5671     3.9378 0.0000e+00
     66.000     5.8882   3.235733    32.8134       5696     3.9550 0.0000e+00
     65.000     5.8880   3.235767    32.8144       5727     3.9762 0.0000e+00
     64.000     5.8881   3.235700    32.8141       5758     3.9977 0.0000e+00
     63.000     5.8881   3.235631    32.8139       5782     4.0149 0.0000e+00
     62.000     5.8880   3.235560    32.8137       5805     4.0306 0.0000e+00
     61.000     5.8878   3.235515    32.8138       5828     4.0465 0.0000e+00
     60.000     5.8878   3.235446    32.8135       5851     4.0627 0.0000e+00
     59.000     5.8877   3.235399    32.8136       5876     4.0799 0.0000e+00
     58.000     5.8876   3.235322    32.8133       5906     4.1005 0.0000e+00
     57.000     5.8883   3.235038    32.8099       5938     4.1227 0.0000e+00
     56.000     5.8887   3.234867    32.8081       5964     4.1408 0.0000e+00
     55.000     5.8888   3.234731    32.8069       5986     4.1563 0.0000e+00
     54.000     5.8894   3.234485    32.8041       6008     4.1718 0.0000e+00
     53.000     5.8911   3.234029    32.7979       6035     4.1903 0.0000e+00
     52.000     5.8935   3.233342    32.7883       6065     4.2114 0.0000e+00
     51.000     5.8941   3.233133    32.7859       6090     4.2288 0.0000e+00
     50.000     5.8967   3.232563    32.7774       6111     4.2430 0.0000e+00
     49.000     5.8992   3.232189    32.7713       6132     4.2578 0.0000e+00
     48.000     5.9009   3.231947    32.7674       6162     4.2786 0.0000e+00
     47.000     5.9018   3.231775    32.7651       6200     4.3049 0.0000e+00
     46.000     5.9020   3.231728    32.7649       6227     4.3233 0.0000e+00
     45.000     5.9025   3.231599    32.7635       6246     4.3367 0.0000e+00
     44.000     5.9024   3.231484    32.7628       6264     4.3494 0.0000e+00
     43.000     5.9024   3.231362    32.7619       6286     4.3646 0.0000e+00
     42.000     5.9025   3.231227    32.7608       6318     4.3865 0.0000e+00
     41.000     5.9025   3.231188    32.7609       6351     4.4095 0.0000e+00
     40.000     5.9031   3.231132    32.7601       6375     4.4267 0.0000e+00
     39.000     5.9036   3.231069    32.7595       6399     4.4430 0.0000e+00
     38.000     5.9037   3.231031    32.7594       6424     4.4601 0.0000e+00
     37.000     5.9039   3.230987    32.7592       6449     4.4780 0.0000e+00
     36.000     5.9035   3.230910    32.7592       6475     4.4958 0.0000e+00
     35.000     5.9018   3.230625    32.7582       6501     4.5136 0.0000e+00
     34.000     5.9003   3.230423    32.7578       6527     4.5321 0.0000e+00
     33.000     5.8998   3.230308    32.7576       6555     4.5513 0.0000e+00
     32.000     5.8995   3.230241    32.7575       6582     4.5700 0.0000e+00
     31.000     5.8989   3.230118    32.7573       6606     4.5869 0.0000e+00
     30.000     5.8986   3.230013    32.7569       6628     4.6022 0.0000e+00
     29.000     5.8995   3.230070    32.7572       6651     4.6179 0.0000e+00
     28.000     5.9013   3.230192    32.7573       6681     4.6389 0.0000e+00
     27.000     5.9008   3.230120    32.7575       6716     4.6634 0.0000e+00
     26.000     5.9007   3.230051    32.7572       6740     4.6801 0.0000e+00
     25.000     5.9012   3.230044    32.7572       6760     4.6936 0.0000e+00
     24.000     5.9007   3.229945    32.7570       6779     4.7068 0.0000e+00
     23.000     5.8986   3.229708    32.7569       6804     4.7240 0.0000e+00
     22.000     5.8978   3.229561    32.7566       6842     4.7507 0.0000e+00
     21.000     5.8977   3.229508    32.7565       6872     4.7715 0.0000e+00
     20.000     5.8975   3.229436    32.7564       6893     4.7859 0.0000e+00
     19.000     5.8971   3.229327    32.7561       6913     4.7998 0.0000e+00
     18.000     5.8966   3.229197    32.7556       6937     4.8165 0.0000e+00
     17.000     5.8962   3.229070    32.7551       6966     4.8368 0.0000e+00
     16.000     5.8956   3.228926    32.7545       6994     4.8562 0.0000e+00
     15.000     5.8917   3.228506    32.7541       7018     4.8729 0.0000e+00
     14.000     5.8943   3.228650    32.7537       7042     4.8898 0.0000e+00
     13.000     5.8959   3.228776    32.7540       7073     4.9110 0.0000e+00
     12.000     5.8960   3.228714    32.7537       7105     4.9336 0.0000e+00
