HB2502/ctd150.cnv
* Sea-Bird SBE 9 Data File:
* FileName = C:\cruise\data\ctd150.hex
* Software Version Seasave V 7.26.7.121
* Temperature SN = 6768
* Conductivity SN = 6166
* Number of Bytes Per Scan = 37
* Number of Voltage Words = 4
* Number of Scans Averaged by the Deck Unit = 1
* NMEA Latitude = 40 37.82 N
* NMEA Longitude = 067 00.53 W
* NMEA UTC (Time) = Apr 13 2025 06:34:37
* NMEA baud rate = 4800
** Ship: Bigelow HB2502
** Program:  Spring Bottom Trawl
** Chief Scientist:Jon Galbraith
# nquan = 7
# nvalues = 550                         
# units = specified
# name 0 = depSM: Depth [salt water, m]
# name 1 = t090C: Temperature [ITS-90, deg C]
# name 2 = c0S/m: Conductivity [S/m]
# name 3 = sal00: Salinity, Practical [PSU]
# name 4 = scan: Scan Count
# name 5 = timeM: Time, Elapsed [minutes]
# name 6 = flag: flag
# span 0 =      1.000,    276.000       
# span 1 =     8.6444,    12.7519       
# span 2 =   2.273041,   4.023066       
# span 3 =    19.3622,    35.1700       
# span 4 =        -48,      17122       
# span 5 =    -0.0341,    11.8897       
# span 6 = 0.0000e+00, 0.0000e+00       
# interval = meters: 1                  
# start_time = Apr 13 2025 06:34:37 [NMEA time, header]
# bad_flag = -9.990e-29
*END*
[from data line 206]
    208.000    10.6522   3.886145    35.0584       5938     4.1229 0.0000e+00
    209.000    10.6430   3.885328    35.0586       5952     4.1324 0.0000e+00
    210.000    10.6148   3.882893    35.0606       5967     4.1429 0.0000e+00
    211.000    10.4597   3.870391    35.0831       5986     4.1565 0.0000e+00
    212.000    10.3785   3.863468    35.0908       6039     4.1933 0.0000e+00
    213.000    10.3219   3.858739    35.0970       6097     4.2333 0.0000e+00
    214.000    10.3200   3.858530    35.0963       6115     4.2455 0.0000e+00
    215.000    10.3145   3.858101    35.0968       6130     4.2564 0.0000e+00
    216.000    10.2975   3.856787    35.0994       6145     4.2669 0.0000e+00
    217.000    10.2855   3.855842    35.1009       6162     4.2786 0.0000e+00
    218.000    10.2466   3.852854    35.1077       6185     4.2943 0.0000e+00
    219.000    10.2334   3.851702    35.1083       6221     4.3194 0.0000e+00
    220.000    10.1689   3.846713    35.1195       6265     4.3497 0.0000e+00
    221.000    10.1758   3.847195    35.1172       6297     4.3723 0.0000e+00
    222.000    10.1543   3.845539    35.1207       6320     4.3884 0.0000e+00
    223.000    10.1782   3.847398    35.1160       6340     4.4021 0.0000e+00
    224.000    10.1837   3.847878    35.1151       6360     4.4158 0.0000e+00
    225.000    10.1752   3.847113    35.1151       6383     4.4322 0.0000e+00
    226.000    10.1646   3.846194    35.1156       6415     4.4539 0.0000e+00
    227.000    10.1766   3.847233    35.1141       6447     4.4767 0.0000e+00
    228.000    10.1805   3.847564    35.1132       6474     4.4953 0.0000e+00
    229.000    10.1733   3.847077    35.1148       6499     4.5125 0.0000e+00
    230.000    10.1616   3.846109    35.1158       6525     4.5306 0.0000e+00
    231.000    10.1554   3.845598    35.1161       6555     4.5514 0.0000e+00
    232.000    10.1256   3.843072    35.1187       6587     4.5733 0.0000e+00
    233.000    10.0997   3.840896    35.1212       6613     4.5913 0.0000e+00
    234.000    10.0934   3.840423    35.1220       6634     4.6061 0.0000e+00
    235.000    10.0961   3.840781    35.1226       6653     4.6195 0.0000e+00
    236.000    10.0975   3.840853    35.1215       6674     4.6340 0.0000e+00
    237.000    10.1098   3.841890    35.1197       6707     4.6566 0.0000e+00
    238.000    10.1081   3.841786    35.1199       6757     4.6916 0.0000e+00
    239.000    10.0921   3.840335    35.1200       6787     4.7124 0.0000e+00
    240.000    10.0916   3.840363    35.1204       6806     4.7258 0.0000e+00
    241.000    10.0921   3.840495    35.1208       6823     4.7373 0.0000e+00
    242.000    10.0916   3.840532    35.1212       6839     4.7488 0.0000e+00
    243.000    10.0922   3.840556    35.1204       6860     4.7631 0.0000e+00
    244.000    10.0981   3.841032    35.1190       6897     4.7886 0.0000e+00
    245.000    10.1003   3.841307    35.1193       6944     4.8217 0.0000e+00
    246.000    10.0951   3.840840    35.1191       6972     4.8410 0.0000e+00
    247.000    10.1218   3.843884    35.1238       6994     4.8560 0.0000e+00
    248.000    10.1281   3.844760    35.1262       7014     4.8702 0.0000e+00
    249.000    10.1015   3.841815    35.1214       7034     4.8843 0.0000e+00
    250.000    10.0996   3.841524    35.1199       7055     4.8984 0.0000e+00
    251.000    10.0888   3.841641    35.1310       7079     4.9150 0.0000e+00
    252.000    10.0918   3.842472    35.1362       7124     4.9465 0.0000e+00
    253.000    10.0940   3.842584    35.1347       7168     4.9773 0.0000e+00
    254.000    10.0911   3.843250    35.1438       7189     4.9914 0.0000e+00
    255.000    10.0194   3.838483    35.1643       7205     5.0028 0.0000e+00
    256.000     9.8833   3.826142    35.1699       7221     5.0141 0.0000e+00
    257.000     9.8095   3.819183    35.1700       7240     5.0272 0.0000e+00
    258.000     9.7770   3.815966    35.1681       7273     5.0498 0.0000e+00
    259.000     9.7613   3.814390    35.1667       7316     5.0795 0.0000e+00
    260.000     9.7495   3.813266    35.1662       7343     5.0986 0.0000e+00
    261.000     9.7248   3.810927    35.1658       7370     5.1176 0.0000e+00
    262.000     9.7143   3.809913    35.1652       7399     5.1372 0.0000e+00
    263.000     9.7049   3.809037    35.1649       7423     5.1540 0.0000e+00
    264.000     9.6610   3.804724    35.1628       7444     5.1684 0.0000e+00
    265.000     9.5290   3.792021    35.1603       7465     5.1832 0.0000e+00
    266.000     9.4770   3.786775    35.1564       7493     5.2024 0.0000e+00
    267.000     9.4275   3.781802    35.1529       7528     5.2272 0.0000e+00
    268.000     9.3680   3.775746    35.1480       7556     5.2465 0.0000e+00
    269.000     9.2142   3.760524    35.1403       7579     5.2624 0.0000e+00
    270.000     9.1469   3.753788    35.1358       7607     5.2817 0.0000e+00
    271.000     9.1368   3.752606    35.1329       7643     5.3066 0.0000e+00
    272.000     9.1282   3.751673    35.1312       7670     5.3254 0.0000e+00
    273.000     9.1175   3.750634    35.1303       7690     5.3395 0.0000e+00
    274.000     9.1133   3.750176    35.1293       7710     5.3538 0.0000e+00
    275.000     9.1151   3.750185    35.1271       7838     5.4421 0.0000e+00
    276.000     9.1121   3.749831    35.1258       8028     5.5743 0.0000e+00
    275.000     9.1168   3.750160    35.1251       8052     5.5907 0.0000e+00
    274.000     9.1196   3.750376    35.1251       8071     5.6042 0.0000e+00
    273.000     9.1263   3.750852    35.1240       8827     6.1289 0.0000e+00
    272.000     9.1324   3.751399    35.1242       9071     6.2984 0.0000e+00
    271.000     9.1361   3.751693    35.1241       9080     6.3049 0.0000e+00
    270.000     9.1405   3.752087    35.1243       9095     6.3154 0.0000e+00
    269.000     9.1527   3.753198    35.1244       9146     6.3509 0.0000e+00
    268.000     9.1902   3.756506    35.1224       9200     6.3883 0.0000e+00
    267.000     9.2535   3.762967    35.1280       9220     6.4022 0.0000e+00
    266.000     9.3358   3.770973    35.1309       9241     6.4170 0.0000e+00
    265.000     9.3671   3.774259    35.1348       9264     6.4325 0.0000e+00
    264.000     9.4124   3.779069    35.1408       9285     6.4470 0.0000e+00
    263.000     9.4409   3.781767    35.1414       9303     6.4599 0.0000e+00
    262.000     9.4976   3.787382    35.1444       9321     6.4724 0.0000e+00
    261.000     9.6414   3.801326    35.1483       9367     6.5040 0.0000e+00
    260.000     9.6903   3.806387    35.1532       9426     6.5454 0.0000e+00
    259.000     9.7123   3.808451    35.1535       9439     6.5540 0.0000e+00
    258.000     9.7252   3.809690    35.1541       9451     6.5627 0.0000e+00
    257.000     9.7316   3.810297    35.1546       9463     6.5711 0.0000e+00
    256.000     9.7435   3.811387    35.1546       9477     6.5806 0.0000e+00
    255.000     9.8047   3.817154    35.1547       9512     6.6051 0.0000e+00
    254.000     9.8541   3.821698    35.1537       9576     6.6494 0.0000e+00
    253.000     9.9611   3.831053    35.1460       9594     6.6617 0.0000e+00
    252.000    10.0058   3.834427    35.1374       9611     6.6738 0.0000e+00
    251.000    10.0470   3.837769    35.1321       9630     6.6867 0.0000e+00
    250.000    10.0729   3.839887    35.1290       9654     6.7034 0.0000e+00
    249.000    10.0936   3.840843    35.1192       9683     6.7237 0.0000e+00
    248.000    10.0868   3.840231    35.1201       9710     6.7424 0.0000e+00
    247.000    10.0940   3.840453    35.1157       9739     6.7623 0.0000e+00
    246.000    10.0958   3.840484    35.1148       9773     6.7860 0.0000e+00
    245.000    10.0974   3.840493    35.1137       9804     6.8078 0.0000e+00
    244.000    10.0987   3.840558    35.1136       9827     6.8236 0.0000e+00
    243.000    10.0985   3.840543    35.1142       9847     6.8375 0.0000e+00
    242.000    10.0990   3.840523    35.1140       9868     6.8524 0.0000e+00
    241.000    10.0872   3.839689    35.1173       9897     6.8722 0.0000e+00
    240.000    10.0878   3.839669    35.1170       9930     6.8950 0.0000e+00
    239.000    10.0891   3.839783    35.1174       9954     6.9118 0.0000e+00
    238.000    10.0805   3.839050    35.1187       9975     6.9267 0.0000e+00
    237.000    10.0658   3.837851    35.1211      10003     6.9457 0.0000e+00
    236.000    10.0580   3.837121    35.1218      10045     6.9752 0.0000e+00
    235.000    10.1044   3.840741    35.1141      10072     6.9937 0.0000e+00
    234.000    10.1331   3.843051    35.1104      10090     7.0064 0.0000e+00
    233.000    10.1421   3.843866    35.1104      10108     7.0188 0.0000e+00
    232.000    10.1613   3.845392    35.1078      10130     7.0342 0.0000e+00
    231.000    10.1731   3.846356    35.1067      10165     7.0584 0.0000e+00
    230.000    10.1569   3.845123    35.1103      10201     7.0834 0.0000e+00
    229.000    10.1243   3.842518    35.1157      10226     7.1004 0.0000e+00
    228.000    10.1243   3.842447    35.1155      10246     7.1146 0.0000e+00
    227.000    10.1367   3.843367    35.1134      10267     7.1290 0.0000e+00
    226.000    10.1573   3.844929    35.1098      10293     7.1469 0.0000e+00
    225.000    10.1876   3.847352    35.1056      10326     7.1699 0.0000e+00
    224.000    10.1957   3.848048    35.1053      10355     7.1901 0.0000e+00
    223.000    10.2326   3.851058    35.1007      10379     7.2070 0.0000e+00
    222.000    10.2498   3.852466    35.0988      10405     7.2251 0.0000e+00
    221.000    10.2515   3.852636    35.0993      10435     7.2456 0.0000e+00
    220.000    10.2546   3.852849    35.0990      10463     7.2654 0.0000e+00
    219.000    10.2553   3.852939    35.0997      10487     7.2818 0.0000e+00
    218.000    10.2548   3.852875    35.1000      10508     7.2964 0.0000e+00
    217.000    10.2553   3.852863    35.0998      10530     7.3117 0.0000e+00
    216.000    10.2484   3.852269    35.1009      10557     7.3305 0.0000e+00
    215.000    10.2625   3.853194    35.0971      10589     7.3526 0.0000e+00
    214.000    10.3056   3.856417    35.0887      10618     7.3730 0.0000e+00
    213.000    10.3192   3.857549    35.0875      10645     7.3918 0.0000e+00
    212.000    10.2888   3.855206    35.0936      10673     7.4108 0.0000e+00
    211.000    10.3120   3.856936    35.0892      10697     7.4278 0.0000e+00
    210.000    10.4264   3.866183    35.0730      10718     7.4424 0.0000e+00
    209.000    10.4953   3.871829    35.0643      10738     7.4565 0.0000e+00
    208.000    10.5387   3.875603    35.0611      10764     7.4741 0.0000e+00
    207.000    10.5715   3.878559    35.0599      10803     7.5013 0.0000e+00
    206.000    10.5944   3.880540    35.0583      10839     7.5267 0.0000e+00
    205.000    10.6546   3.885896    35.0550      10861     7.5416 0.0000e+00
    204.000    10.6601   3.886434    35.0556      10879     7.5541 0.0000e+00
    203.000    10.6628   3.886727    35.0564      10897     7.5665 0.0000e+00
    202.000    10.6678   3.887218    35.0569      10919     7.5817 0.0000e+00
    201.000    10.6631   3.886779    35.0575      10949     7.6028 0.0000e+00
    200.000    10.6762   3.888001    35.0577      10985     7.6279 0.0000e+00
    199.000    10.6862   3.888933    35.0580      11022     7.6535 0.0000e+00
    198.000    10.6883   3.889104    35.0581      11052     7.6744 0.0000e+00
    197.000    10.6898   3.889202    35.0581      11071     7.6878 0.0000e+00
    196.000    10.6906   3.889256    35.0584      11087     7.6986 0.0000e+00
    195.000    10.6897   3.889156    35.0587      11102     7.7090 0.0000e+00
    194.000    10.6885   3.888986    35.0586      11120     7.7215 0.0000e+00
    193.000    10.6914   3.889265    35.0590      11168     7.7547 0.0000e+00
    192.000    10.6925   3.889379    35.0596      11216     7.7884 0.0000e+00
    191.000    10.6937   3.889461    35.0597      11234     7.8004 0.0000e+00
    190.000    10.6931   3.889382    35.0600      11249     7.8113 0.0000e+00
    189.000    10.6946   3.889513    35.0603      11266     7.8232 0.0000e+00
    188.000    10.6999   3.890042    35.0610      11290     7.8393 0.0000e+00
    187.000    10.7003   3.890064    35.0613      11324     7.8632 0.0000e+00
    186.000    10.6999   3.889953    35.0610      11355     7.8846 0.0000e+00
    185.000    10.6985   3.889699    35.0602      11376     7.8996 0.0000e+00
    184.000    10.6979   3.889606    35.0603      11398     7.9144 0.0000e+00
    183.000    10.6981   3.889597    35.0605      11428     7.9351 0.0000e+00
    182.000    10.6973   3.889461    35.0603      11463     7.9597 0.0000e+00
    181.000    10.6957   3.889221    35.0599      11486     7.9757 0.0000e+00
    180.000    10.6938   3.888943    35.0594      11505     7.9889 0.0000e+00
    179.000    10.6920   3.888686    35.0590      11525     8.0027 0.0000e+00
    178.000    10.6902   3.888445    35.0588      11551     8.0212 0.0000e+00
    177.000    10.6898   3.888339    35.0585      11588     8.0462 0.0000e+00
    176.000    10.6895   3.888241    35.0583      11617     8.0667 0.0000e+00
    175.000    10.6893   3.888154    35.0581      11638     8.0815 0.0000e+00
    174.000    10.6911   3.888279    35.0581      11657     8.0947 0.0000e+00
    173.000    10.6919   3.888313    35.0581      11680     8.1103 0.0000e+00
    172.000    10.6921   3.888274    35.0580      11711     8.1321 0.0000e+00
    171.000    10.6928   3.888331    35.0583      11740     8.1523 0.0000e+00
    170.000    10.6983   3.888856    35.0588      11764     8.1689 0.0000e+00
    169.000    10.6999   3.889010    35.0592      11791     8.1875 0.0000e+00
    168.000    10.6990   3.888864    35.0592      11820     8.2076 0.0000e+00
    167.000    10.6948   3.888382    35.0588      11845     8.2248 0.0000e+00
    166.000    10.6932   3.888169    35.0586      11868     8.2408 0.0000e+00
    165.000    10.6928   3.888096    35.0587      11891     8.2569 0.0000e+00
    164.000    10.6935   3.888165    35.0592      11913     8.2726 0.0000e+00
    163.000    10.7109   3.889837    35.0598      11936     8.2883 0.0000e+00
    162.000    10.7695   3.895796    35.0640      11965     8.3084 0.0000e+00
    161.000    10.8191   3.900780    35.0669      12005     8.3364 0.0000e+00
    160.000    10.8686   3.905908    35.0713      12033     8.3557 0.0000e+00
    159.000    10.9073   3.909854    35.0743      12054     8.3700 0.0000e+00
    158.000    10.9167   3.910882    35.0761      12074     8.3843 0.0000e+00
    157.000    10.9166   3.910933    35.0772      12099     8.4012 0.0000e+00
    156.000    10.9362   3.912766    35.0772      12126     8.4202 0.0000e+00
    155.000    10.9939   3.918012    35.0749      12151     8.4377 0.0000e+00
    154.000    11.0697   3.925075    35.0736      12177     8.4554 0.0000e+00
    153.000    11.1053   3.927807    35.0673      12204     8.4746 0.0000e+00
    152.000    11.1386   3.930480    35.0627      12232     8.4936 0.0000e+00
    151.000    11.1707   3.932887    35.0565      12256     8.5104 0.0000e+00
    150.000    11.1288   3.926836    35.0365      12280     8.5269 0.0000e+00
    149.000    11.0733   3.918818    35.0100      12309     8.5469 0.0000e+00
    148.000    10.9834   3.907363    34.9817      12343     8.5711 0.0000e+00
    147.000    10.8733   3.892589    34.9394      12372     8.5912 0.0000e+00
    146.000    10.7689   3.879113    34.9043      12393     8.6053 0.0000e+00
    145.000    10.6776   3.867710    34.8772      12410     8.6175 0.0000e+00
    144.000    10.6453   3.863624    34.8674      12428     8.6296 0.0000e+00
    143.000    10.6070   3.858961    34.8575      12449     8.6445 0.0000e+00
    142.000    10.5755   3.854872    34.8468      12493     8.6748 0.0000e+00
    141.000    10.5761   3.854823    34.8462      12539     8.7068 0.0000e+00
