HB2502/ctd184.cnv
* Sea-Bird SBE 9 Data File:
* FileName = C:\cruise\data\ctd184.hex
* Software Version Seasave V 7.26.7.121
* Temperature SN = 4591
* Conductivity SN = 6006
* Number of Bytes Per Scan = 37
* Number of Voltage Words = 4
* Number of Scans Averaged by the Deck Unit = 1
* NMEA Latitude = 42 21.01 N
* NMEA Longitude = 066 43.79 W
* NMEA UTC (Time) = May 06 2025 11:59:18
* NMEA baud rate = 4800
** Ship: Bigelow HB2502
** Program:  Spring Bottom Trawl
** Chief Scientist:Jon Galbraith
# nquan = 10
# nvalues = 612                         
# units = specified
# name 0 = depSM: Depth [salt water, m]
# name 1 = t090C: Temperature [ITS-90, deg C]
# name 2 = c0S/m: Conductivity [S/m]
# name 3 = sal00: Salinity, Practical [PSU]
# name 4 = scan: Scan Count
# name 5 = timeM: Time, Elapsed [minutes]
# name 6 = sbeox0Mg/L: Oxygen, SBE 43 [mg/l]
# name 7 = sbeox1Mg/L: Oxygen, SBE 43, 2 [mg/l]
# name 8 = par: PAR/Irradiance, Biospherical/Licor
# name 9 = flag: flag
# span 0 =      3.000,    309.000       
# span 1 =     5.2802,     7.8830       
# span 2 =   3.177485,   3.584172       
# span 3 =    32.5424,    34.8740       
# span 4 =        377,      19361       
# span 5 =     0.2612,    13.4444       
# span 6 =     5.9437,    11.0675       
# span 7 =     6.1084,    11.2165       
# span 8 = 1.0000e-12, 2.6953e+02       
# span 9 = 0.0000e+00, 0.0000e+00       
# interval = meters: 1                  
# start_time = May 06 2025 11:59:18 [NMEA time, header]
# bad_flag = -9.990e-29
*END*
      3.000     7.6727   3.372619    32.6445        377     0.2612    10.6654    10.9138 1.3054e+02 0.0000e+00
      4.000     7.6745   3.373076    32.6473       1223     0.8486    10.7023    10.9285 1.1374e+02 0.0000e+00
      5.000     7.6745   3.373094    32.6470       1296     0.8996    10.7174    10.8781 9.9661e+01 0.0000e+00
      6.000     7.6712   3.372809    32.6466       1349     0.9361    10.7351    10.9209 8.5608e+01 0.0000e+00
      7.000     7.6709   3.372715    32.6454       1379     0.9567    10.7095    10.9351 7.3909e+01 0.0000e+00
      8.000     7.6701   3.372781    32.6464       1404     0.9740    10.6778    10.9293 6.6404e+01 0.0000e+00
      9.000     7.6714   3.372876    32.6457       1427     0.9906    10.6882    10.9474 5.9092e+01 0.0000e+00
     10.000     7.6725   3.373067    32.6462       1451     1.0069    10.6920    10.9473 5.0337e+01 0.0000e+00
     11.000     7.6689   3.372777    32.6460       1475     1.0235    10.7195    10.9403 4.4321e+01 0.0000e+00
     12.000     7.6676   3.372737    32.6463       1503     1.0428    10.7295    10.9467 3.9159e+01 0.0000e+00
     13.000     7.6547   3.371596    32.6457       1542     1.0703    10.7496    10.9606 3.4714e+01 0.0000e+00
     14.000     7.6441   3.370656    32.6451       1577     1.0946    10.7736    10.9460 3.1390e+01 0.0000e+00
     15.000     7.6380   3.370093    32.6443       1601     1.1111    10.7799    10.9419 2.7935e+01 0.0000e+00
     16.000     7.6351   3.369903    32.6445       1622     1.1255    10.7686    10.9550 2.5006e+01 0.0000e+00
     17.000     7.6296   3.369262    32.6423       1643     1.1404    10.7504    10.9784 2.2373e+01 0.0000e+00
     18.000     7.6359   3.370115    32.6451       1668     1.1576    10.7519    10.9851 1.9757e+01 0.0000e+00
     19.000     7.6161   3.368158    32.6422       1697     1.1775    10.7926    10.9863 1.7194e+01 0.0000e+00
     20.000     7.6323   3.369534    32.6413       1724     1.1968    10.7854    10.9612 1.5052e+01 0.0000e+00
     21.000     7.6349   3.369911    32.6424       1755     1.2181    10.7748    10.9593 1.2964e+01 0.0000e+00
     22.000     7.6323   3.369793    32.6432       1797     1.2473    10.7690    10.9773 1.1592e+01 0.0000e+00
     23.000     7.5652   3.363925    32.6426       1829     1.2695    10.7851    11.0079 1.0888e+01 0.0000e+00
     24.000     7.5457   3.362651    32.6467       1849     1.2831    10.7875    10.9807 9.8345e+00 0.0000e+00
     25.000     7.4341   3.352960    32.6467       1865     1.2943    10.8196    11.0016 8.7293e+00 0.0000e+00
     26.000     7.3247   3.342130    32.6322       1881     1.3053    10.8567    11.0220 7.6536e+00 0.0000e+00
     27.000     7.2280   3.333178    32.6259       1901     1.3193    10.8734    10.9865 6.6420e+00 0.0000e+00
     28.000     7.1571   3.324907    32.6026       1950     1.3537    10.8020    10.9800 5.7550e+00 0.0000e+00
     29.000     7.1256   3.322378    32.6044       1996     1.3855    10.8190    11.0772 5.3979e+00 0.0000e+00
     30.000     7.0138   3.315174    32.6312       2017     1.3998    10.9131    11.0881 4.9153e+00 0.0000e+00
     31.000     6.4557   3.267970    32.6432       2035     1.4128    11.0675    11.2165 4.4670e+00 0.0000e+00
     32.000     6.3294   3.253708    32.6055       2055     1.4263    11.0192    11.1103 4.0136e+00 0.0000e+00
     33.000     6.2200   3.245265    32.6160       2077     1.4420    10.8785    10.8831 3.6025e+00 0.0000e+00
     34.000     6.0878   3.234778    32.6256       2105     1.4612    10.7191    10.7096 3.2105e+00 0.0000e+00
     35.000     6.0843   3.234130    32.6212       2138     1.4838    10.4398    10.5434 2.8533e+00 0.0000e+00
     36.000     6.0444   3.231684    32.6318       2173     1.5083    10.3208    10.5127 2.5948e+00 0.0000e+00
     37.000     5.9138   3.223383    32.6642       2206     1.5310    10.3372    10.5331 2.4157e+00 0.0000e+00
     38.000     5.7116   3.211477    32.7255       2231     1.5489    10.3801    10.5374 2.2385e+00 0.0000e+00
     39.000     5.5585   3.200385    32.7484       2251     1.5625    10.3602    10.4754 2.0476e+00 0.0000e+00
     40.000     5.3861   3.185686    32.7492       2268     1.5741    10.2976    10.3896 1.8562e+00 0.0000e+00
     41.000     5.3435   3.181976    32.7480       2285     1.5858    10.1654    10.2368 1.6633e+00 0.0000e+00
     42.000     5.3119   3.179602    32.7514       2312     1.6051     9.9775    10.0649 1.4683e+00 0.0000e+00
     43.000     5.2959   3.178516    32.7542       2373     1.6473     9.7997     9.9640 1.3426e+00 0.0000e+00
     44.000     5.2870   3.178234    32.7591       2401     1.6665     9.7974     9.9774 1.2663e+00 0.0000e+00
     45.000     5.2802   3.178126    32.7640       2419     1.6794     9.7758     9.9681 1.1605e+00 0.0000e+00
     46.000     5.2862   3.178987    32.7675       2435     1.6905     9.7552     9.9542 1.0500e+00 0.0000e+00
     47.000     5.2929   3.179829    32.7701       2451     1.7015     9.7597     9.9382 9.5995e-01 0.0000e+00
     48.000     5.3074   3.181328    32.7725       2470     1.7149     9.7667     9.9183 8.7205e-01 0.0000e+00
     49.000     5.3228   3.183155    32.7777       2509     1.7416     9.7548     9.9214 7.8519e-01 0.0000e+00
     50.000     5.3326   3.184277    32.7804       2556     1.7745     9.7498     9.9159 7.1776e-01 0.0000e+00
     51.000     5.3419   3.185458    32.7843       2581     1.7915     9.7399     9.8908 6.7675e-01 0.0000e+00
     52.000     5.3547   3.187160    32.7907       2601     1.8055     9.7412     9.8888 6.1652e-01 0.0000e+00
     53.000     5.3538   3.188392    32.8051       2621     1.8192     9.7435     9.9002 5.7008e-01 0.0000e+00
     54.000     5.3481   3.188541    32.8119       2641     1.8335     9.7280     9.9026 5.0951e-01 0.0000e+00
     55.000     5.3449   3.189333    32.8235       2665     1.8499     9.6957     9.8655 4.6531e-01 0.0000e+00
     56.000     5.3399   3.189668    32.8317       2695     1.8705     9.6251     9.7597 4.2864e-01 0.0000e+00
     57.000     5.3332   3.189991    32.8414       2732     1.8964     9.5107     9.6695 3.8421e-01 0.0000e+00
     58.000     5.3263   3.190589    32.8546       2765     1.9194     9.4150     9.5950 3.6286e-01 0.0000e+00
     59.000     5.3237   3.190830    32.8593       2788     1.9353     9.3822     9.5423 3.3760e-01 0.0000e+00
     60.000     5.3244   3.190921    32.8592       2809     1.9499     9.3678     9.4981 3.0461e-01 0.0000e+00
     61.000     5.3264   3.191337    32.8614       2830     1.9646     9.3096     9.4375 2.8684e-01 0.0000e+00
     62.000     5.3272   3.191801    32.8655       2852     1.9798     9.2271     9.3935 2.6009e-01 0.0000e+00
     63.000     5.3307   3.192448    32.8689       2878     1.9976     9.2084     9.3768 2.3235e-01 0.0000e+00
     64.000     5.3402   3.193760    32.8740       2914     2.0227     9.1913     9.3490 2.1271e-01 0.0000e+00
     65.000     5.3403   3.193872    32.8747       2955     2.0511     9.1749     9.3116 1.8739e-01 0.0000e+00
     66.000     5.3453   3.194619    32.8778       2977     2.0670     9.1476     9.2947 1.7422e-01 0.0000e+00
     67.000     5.3526   3.196036    32.8863       2995     2.0791     9.1257     9.2871 1.4941e-01 0.0000e+00
     68.000     5.3718   3.198864    32.8992       3012     2.0910     9.1113     9.2884 1.3709e-01 0.0000e+00
     69.000     5.3865   3.201893    32.9188       3033     2.1058     9.1100     9.2896 1.2090e-01 0.0000e+00
     70.000     5.3963   3.203554    32.9275       3068     2.1299     9.0528     9.2234 1.0872e-01 0.0000e+00
     71.000     5.4200   3.207402    32.9476       3112     2.1601     8.9095     9.0742 9.8406e-02 0.0000e+00
     72.000     5.4251   3.208278    32.9520       3139     2.1794     8.8450     9.0229 9.0637e-02 0.0000e+00
     73.000     5.4398   3.210078    32.9576       3160     2.1935     8.8099     8.9678 8.2784e-02 0.0000e+00
     74.000     5.4552   3.212720    32.9720       3177     2.2058     8.7743     8.9262 6.9276e-02 0.0000e+00
     75.000     5.4619   3.213724    32.9763       3196     2.2188     8.7491     8.9129 6.7714e-02 0.0000e+00
     76.000     5.4874   3.217050    32.9886       3221     2.2359     8.7299     8.8900 5.5454e-02 0.0000e+00
     77.000     5.5116   3.220716    33.0060       3259     2.2625     8.6669     8.8385 4.3687e-02 0.0000e+00
     78.000     5.5238   3.222582    33.0146       3294     2.2869     8.6406     8.7675 4.7650e-02 0.0000e+00
     79.000     5.5447   3.225532    33.0271       3318     2.3038     8.6030     8.7245 4.2236e-02 0.0000e+00
     80.000     5.5619   3.228138    33.0393       3339     2.3181     8.5799     8.7210 2.8568e-02 0.0000e+00
     81.000     5.5756   3.230249    33.0492       3360     2.3328     8.5590     8.7080 2.4420e-02 0.0000e+00
     82.000     5.5890   3.232180    33.0574       3390     2.3532     8.4854     8.6317 1.8563e-02 0.0000e+00
     83.000     5.6152   3.235604    33.0700       3428     2.3799     8.3928     8.5638 1.6089e-02 0.0000e+00
     84.000     5.6225   3.236719    33.0750       3454     2.3981     8.3765     8.5426 7.0634e-03 0.0000e+00
     85.000     5.6257   3.237211    33.0769       3474     2.4121     8.3756     8.5298 1.1938e-03 0.0000e+00
     86.000     5.6299   3.237817    33.0791       3493     2.4253     8.3563     8.5207 1.5211e-03 0.0000e+00
     87.000     5.6325   3.238244    33.0809       3515     2.4402     8.3402     8.5109 7.9095e-04 0.0000e+00
     88.000     5.6378   3.239029    33.0841       3544     2.4605     8.3377     8.5135 1.1810e-05 0.0000e+00
     89.000     5.6475   3.240272    33.0881       3577     2.4830     8.3318     8.5018 1.0000e-12 0.0000e+00
     90.000     5.6647   3.242455    33.0954       3606     2.5038     8.3372     8.4803 1.0000e-12 0.0000e+00
     91.000     5.6802   3.244472    33.1025       3635     2.5235     8.3293     8.4925 1.0000e-12 0.0000e+00
     92.000     5.6907   3.245914    33.1080       3661     2.5419     8.3106     8.4815 1.0000e-12 0.0000e+00
     93.000     5.6931   3.246270    33.1091       3686     2.5592     8.3174     8.4776 1.0000e-12 0.0000e+00
     94.000     5.7003   3.247213    33.1122       3710     2.5758     8.3247     8.4682 1.0000e-12 0.0000e+00
     95.000     5.7123   3.248692    33.1167       3734     2.5922     8.3089     8.4542 1.0000e-12 0.0000e+00
     96.000     5.7305   3.250873    33.1229       3757     2.6081     8.3047     8.4417 1.0000e-12 0.0000e+00
     97.000     5.7511   3.253489    33.1318       3780     2.6245     8.3004     8.4417 1.0000e-12 0.0000e+00
     98.000     5.7763   3.257240    33.1488       3809     2.6446     8.2794     8.4444 1.0000e-12 0.0000e+00
     99.000     5.7883   3.258991    33.1563       3846     2.6704     8.2628     8.4135 1.0000e-12 0.0000e+00
    100.000     5.8056   3.261137    33.1631       3875     2.6900     8.2280     8.3808 1.0000e-12 0.0000e+00
    101.000     5.8356   3.264959    33.1761       3894     2.7038     8.2098     8.3783 1.0000e-12 0.0000e+00
    102.000     5.8844   3.270452    33.1896       3913     2.7169     8.2090     8.3710 1.0000e-12 0.0000e+00
    103.000     5.9230   3.276048    33.2141       3936     2.7327     8.2049     8.3588 1.0000e-12 0.0000e+00
    104.000     5.9465   3.279362    33.2278       3969     2.7557     8.2089     8.3712 1.0000e-12 0.0000e+00
    105.000     5.9800   3.283826    33.2446       4005     2.7804     8.2131     8.3678 1.0000e-12 0.0000e+00
    106.000     5.9893   3.285469    33.2534       4031     2.7986     8.2040     8.3589 1.0000e-12 0.0000e+00
    107.000     6.0110   3.287979    33.2598       4052     2.8135     8.1925     8.3574 1.0000e-12 0.0000e+00
    108.000     6.0442   3.292459    33.2770       4073     2.8275     8.1926     8.3512 1.0000e-12 0.0000e+00
    109.000     6.0620   3.294905    33.2864       4093     2.8419     8.1880     8.3479 1.0000e-12 0.0000e+00
    110.000     6.0694   3.296154    33.2926       4119     2.8599     8.1728     8.3219 1.0000e-12 0.0000e+00
    111.000     6.0740   3.296957    33.2966       4154     2.8837     8.1456     8.2832 1.0000e-12 0.0000e+00
    112.000     6.0779   3.297691    33.3005       4185     2.9059     8.1260     8.2521 1.0000e-12 0.0000e+00
    113.000     6.0766   3.297994    33.3047       4213     2.9253     8.1005     8.2567 1.0000e-12 0.0000e+00
    114.000     6.0839   3.299074    33.3091       4242     2.9454     8.0862     8.2461 1.0000e-12 0.0000e+00
    115.000     6.0847   3.299677    33.3146       4268     2.9630     8.0864     8.2349 1.0000e-12 0.0000e+00
    116.000     6.1055   3.301996    33.3196       4287     2.9765     8.0713     8.2189 1.0000e-12 0.0000e+00
    117.000     6.1207   3.304302    33.3300       4304     2.9883     8.0629     8.1937 1.0000e-12 0.0000e+00
    118.000     6.1324   3.306375    33.3412       4321     3.0003     8.0550     8.1744 1.0000e-12 0.0000e+00
    119.000     6.1451   3.308658    33.3537       4349     3.0196     8.0133     8.1642 1.0000e-12 0.0000e+00
    120.000     6.1726   3.312573    33.3701       4409     3.0613     7.9355     8.0824 1.0000e-12 0.0000e+00
    121.000     6.2215   3.318986    33.3932       4439     3.0822     7.9085     8.0485 1.0000e-12 0.0000e+00
    122.000     6.2406   3.321968    33.4072       4457     3.0944     7.8966     8.0486 1.0000e-12 0.0000e+00
    123.000     6.2653   3.325063    33.4170       4472     3.1050     7.8898     8.0400 1.0000e-12 0.0000e+00
    124.000     6.2830   3.328185    33.4338       4487     3.1155     7.8898     8.0194 1.0000e-12 0.0000e+00
    125.000     6.3334   3.334031    33.4490       4506     3.1282     7.8833     7.9796 1.0000e-12 0.0000e+00
    126.000     6.4384   3.347847    33.4991       4541     3.1529     7.7993     7.9153 1.0000e-12 0.0000e+00
    127.000     6.5639   3.363488    33.5489       4587     3.1845     7.6924     7.8653 1.0000e-12 0.0000e+00
    128.000     6.6632   3.376246    33.5921       4616     3.2050     7.6609     7.8659 1.0000e-12 0.0000e+00
    129.000     6.7208   3.383836    33.6190       4639     3.2212     7.6617     7.8699 1.0000e-12 0.0000e+00
    130.000     6.7826   3.392063    33.6486       4659     3.2351     7.6711     7.8539 1.0000e-12 0.0000e+00
    131.000     6.8350   3.398503    33.6676       4679     3.2483     7.6718     7.8183 1.0000e-12 0.0000e+00
    132.000     6.8602   3.401852    33.6793       4699     3.2624     7.6422     7.7753 1.0000e-12 0.0000e+00
    133.000     6.8942   3.405837    33.6893       4723     3.2790     7.5874     7.7187 1.0000e-12 0.0000e+00
    134.000     6.9905   3.417227    33.7194       4752     3.2993     7.5300     7.6366 1.0000e-12 0.0000e+00
    135.000     7.0560   3.426547    33.7569       4790     3.3258     7.4430     7.5972 1.0000e-12 0.0000e+00
    136.000     7.0689   3.428569    33.7659       4830     3.3534     7.3629     7.5032 1.0000e-12 0.0000e+00
    137.000     7.0855   3.430786    33.7734       4855     3.3708     7.3129     7.4626 1.0000e-12 0.0000e+00
    138.000     7.0967   3.432540    33.7812       4874     3.3840     7.3087     7.4410 1.0000e-12 0.0000e+00
    139.000     7.1259   3.435941    33.7892       4891     3.3961     7.3046     7.4139 1.0000e-12 0.0000e+00
    140.000     7.1563   3.440380    33.8075       4910     3.4090     7.2849     7.3963 1.0000e-12 0.0000e+00
    141.000     7.1865   3.444724    33.8248       4933     3.4250     7.2605     7.3916 1.0000e-12 0.0000e+00
    142.000     7.2236   3.449627    33.8415       4965     3.4475     7.2242     7.3603 1.0000e-12 0.0000e+00
    143.000     7.4803   3.483501    33.9579       5005     3.4750     7.1387     7.2871 1.0000e-12 0.0000e+00
    144.000     7.6203   3.503867    34.0409       5039     3.4986     7.1163     7.2913 1.0000e-12 0.0000e+00
    145.000     7.6402   3.506881    34.0535       5063     3.5153     7.0535     7.1923 1.0000e-12 0.0000e+00
    146.000     7.6451   3.507826    34.0584       5083     3.5289     6.9475     7.0601 1.0000e-12 0.0000e+00
