HB2502/ctd190.cnv
* Sea-Bird SBE 9 Data File:
* FileName = C:\cruise\data\ctd190.hex
* Software Version Seasave V 7.26.7.121
* Temperature SN = 4591
* Conductivity SN = 6006
* Number of Bytes Per Scan = 37
* Number of Voltage Words = 4
* Number of Scans Averaged by the Deck Unit = 1
* NMEA Latitude = 41 46.62 N
* NMEA Longitude = 067 07.91 W
* NMEA UTC (Time) = May 08 2025 04:09:56
* NMEA baud rate = 4800
** Ship: Bigelow HB2502
** Program:  Spring Bottom Trawl
** Chief Scientist:Jon Galbraith
# nquan = 10
# nvalues = 100                         
# units = specified
# name 0 = depSM: Depth [salt water, m]
# name 1 = t090C: Temperature [ITS-90, deg C]
# name 2 = c0S/m: Conductivity [S/m]
# name 3 = sal00: Salinity, Practical [PSU]
# name 4 = scan: Scan Count
# name 5 = timeM: Time, Elapsed [minutes]
# name 6 = sbeox0Mg/L: Oxygen, SBE 43 [mg/l]
# name 7 = sbeox1Mg/L: Oxygen, SBE 43, 2 [mg/l]
# name 8 = par: PAR/Irradiance, Biospherical/Licor
# name 9 = flag: flag
# span 0 =      2.000,     52.000       
# span 1 =     7.8754,     7.8805       
# span 2 =   3.392172,   3.394519       
# span 3 =    32.6614,    32.6644       
# span 4 =        484,       5577       
# span 5 =     0.3353,     3.8724       
# span 6 =     9.7982,     9.9293       
# span 7 =    10.0471,    10.1052       
# span 8 = 1.0000e-12, 2.2300e+01       
# span 9 = 0.0000e+00, 0.0000e+00       
# interval = meters: 1                  
# start_time = May 08 2025 04:09:56 [NMEA time, header]
# bad_flag = -9.990e-29
*END*
      3.000     7.8759   3.392172    32.6636        484     0.3353     9.8665    10.0745 1.6846e+01 0.0000e+00
      4.000     7.8761   3.392242    32.6637        885     0.6136     9.8768    10.0823 1.4201e+01 0.0000e+00
      5.000     7.8758   3.392247    32.6636        931     0.6460     9.8533    10.0546 1.0334e+01 0.0000e+00
      6.000     7.8757   3.392280    32.6635        989     0.6864     9.8446    10.0723 7.1242e+00 0.0000e+00
      7.000     7.8758   3.392340    32.6636       1016     0.7047     9.8978    10.0767 6.5885e+00 0.0000e+00
      8.000     7.8754   3.392316    32.6632       1040     0.7213     9.9149    10.0702 4.8691e+00 0.0000e+00
      9.000     7.8755   3.392383    32.6634       1068     0.7408     9.8971    10.0792 3.5347e+00 0.0000e+00
     10.000     7.8754   3.392387    32.6631       1101     0.7638     9.8747    10.0782 2.8020e+00 0.0000e+00
     11.000     7.8755   3.392429    32.6630       1131     0.7849     9.8832    10.0607 2.2596e+00 0.0000e+00
     12.000     7.8757   3.392476    32.6628       1157     0.8026     9.8874    10.0471 1.6991e+00 0.0000e+00
     13.000     7.8758   3.392533    32.6628       1180     0.8186     9.8819    10.0479 1.4039e+00 0.0000e+00
     14.000     7.8758   3.392590    32.6630       1203     0.8349     9.8714    10.0672 9.9231e-01 0.0000e+00
     15.000     7.8759   3.392638    32.6630       1231     0.8543     9.8504    10.0580 7.8060e-01 0.0000e+00
     16.000     7.8760   3.392684    32.6629       1262     0.8759     9.8667    10.0637 5.2155e-01 0.0000e+00
     17.000     7.8762   3.392723    32.6627       1289     0.8948     9.8910    10.0762 4.1118e-01 0.0000e+00
     18.000     7.8763   3.392769    32.6626       1316     0.9131     9.8852    10.0875 3.0135e-01 0.0000e+00
     19.000     7.8763   3.392857    32.6630       1344     0.9325     9.8651    10.0773 2.6686e-01 0.0000e+00
     20.000     7.8764   3.392896    32.6629       1370     0.9510     9.8623    10.0690 2.0290e-01 0.0000e+00
     21.000     7.8765   3.392952    32.6629       1396     0.9687     9.8601    10.0620 1.4601e-01 0.0000e+00
     22.000     7.8766   3.393008    32.6629       1419     0.9847     9.8600    10.0508 1.0556e-01 0.0000e+00
     23.000     7.8767   3.393049    32.6629       1443     1.0011     9.8536    10.0658 6.4207e-02 0.0000e+00
     24.000     7.8768   3.392973    32.6614       1473     1.0223     9.8521    10.0789 3.6251e-02 0.0000e+00
     25.000     7.8769   3.393122    32.6624       1510     1.0480     9.8416    10.0789 2.4613e-02 0.0000e+00
     26.000     7.8770   3.393180    32.6625       1538     1.0673     9.8437    10.0710 1.4211e-02 0.0000e+00
     27.000     7.8771   3.393239    32.6626       1559     1.0821     9.8593    10.0616 3.3368e-03 0.0000e+00
     28.000     7.8772   3.393275    32.6625       1581     1.0970     9.8525    10.0596 1.0477e-04 0.0000e+00
     29.000     7.8772   3.393344    32.6627       1606     1.1143     9.8573    10.0568 1.0000e-12 0.0000e+00
     30.000     7.8772   3.393373    32.6626       1635     1.1348     9.8777    10.0609 1.0000e-12 0.0000e+00
     31.000     7.8773   3.393438    32.6627       1665     1.1555     9.8483    10.0677 1.0000e-12 0.0000e+00
     32.000     7.8774   3.393497    32.6628       1693     1.1749     9.8580    10.0681 1.0000e-12 0.0000e+00
     33.000     7.8776   3.393551    32.6627       1718     1.1927     9.8732    10.0698 1.0000e-12 0.0000e+00
     34.000     7.8777   3.393613    32.6628       1743     1.2099     9.8854    10.0706 1.0000e-12 0.0000e+00
     35.000     7.8778   3.393667    32.6628       1769     1.2276     9.8829    10.0701 1.0000e-12 0.0000e+00
     36.000     7.8778   3.393723    32.6629       1797     1.2472     9.8766    10.0690 1.0000e-12 0.0000e+00
     37.000     7.8779   3.393653    32.6617       1828     1.2689     9.8263    10.0687 1.0000e-12 0.0000e+00
     38.000     7.8779   3.393697    32.6616       1859     1.2900     9.8125    10.0670 1.0000e-12 0.0000e+00
     39.000     7.8782   3.393760    32.6615       1885     1.3080     9.8452    10.0735 1.0000e-12 0.0000e+00
     40.000     7.8783   3.393904    32.6625       1907     1.3238     9.8348    10.0727 1.0000e-12 0.0000e+00
     41.000     7.8784   3.393958    32.6625       1930     1.3395     9.8093    10.0737 1.0000e-12 0.0000e+00
     42.000     7.8784   3.394018    32.6627       1954     1.3565     9.8287    10.0756 1.0000e-12 0.0000e+00
     43.000     7.8785   3.394079    32.6628       1983     1.3761     9.8355    10.0682 1.0000e-12 0.0000e+00
     44.000     7.8785   3.394138    32.6629       2013     1.3974     9.8273    10.0729 1.0000e-12 0.0000e+00
     45.000     7.8786   3.394167    32.6627       2044     1.4188     9.8443    10.0645 1.0000e-12 0.0000e+00
     46.000     7.8787   3.394223    32.6627       2078     1.4421     9.8579    10.0479 1.0000e-12 0.0000e+00
     47.000     7.8788   3.394279    32.6628       2108     1.4630     9.8512    10.0561 1.0000e-12 0.0000e+00
     48.000     7.8789   3.394343    32.6629       2139     1.4844     9.8275    10.0683 1.0000e-12 0.0000e+00
     49.000     7.8790   3.394383    32.6627       2174     1.5091     9.8084    10.0702 1.0000e-12 0.0000e+00
     50.000     7.8791   3.394441    32.6628       2218     1.5397     9.8404    10.0678 1.0000e-12 0.0000e+00
     51.000     7.8793   3.394501    32.6629       2261     1.5694     9.8488    10.0563 1.0000e-12 0.0000e+00
     52.000     7.8792   3.394519    32.6626       3421     2.3753     9.8413    10.0686 1.0000e-12 0.0000e+00
     51.000     7.8791   3.394478    32.6628       4119     2.8599     9.8434    10.0865 1.0000e-12 0.0000e+00
     50.000     7.8790   3.394434    32.6629       4179     2.9014     9.8117    10.0813 1.0000e-12 0.0000e+00
     49.000     7.8789   3.394366    32.6627       4243     2.9457     9.8686    10.0594 1.0000e-12 0.0000e+00
     48.000     7.8789   3.394329    32.6627       4271     2.9655     9.8753    10.0748 1.0000e-12 0.0000e+00
     47.000     7.8788   3.394293    32.6629       4292     2.9799     9.8605    10.0779 1.0000e-12 0.0000e+00
     46.000     7.8787   3.394242    32.6629       4313     2.9947     9.8466    10.0716 1.0000e-12 0.0000e+00
     45.000     7.8786   3.394184    32.6629       4337     3.0112     9.8628    10.0627 1.0000e-12 0.0000e+00
     44.000     7.8784   3.394136    32.6630       4364     3.0300     9.8522    10.0573 1.0000e-12 0.0000e+00
     43.000     7.8783   3.394097    32.6632       4394     3.0504     9.8247    10.0708 1.0000e-12 0.0000e+00
     42.000     7.8782   3.394012    32.6628       4424     3.0712     9.7982    10.0744 1.0000e-12 0.0000e+00
     41.000     7.8781   3.393970    32.6629       4451     3.0901     9.8228    10.0901 1.0000e-12 0.0000e+00
     40.000     7.8780   3.393926    32.6630       4474     3.1062     9.8553    10.0845 1.0000e-12 0.0000e+00
     39.000     7.8780   3.393870    32.6629       4495     3.1211     9.8467    10.0796 1.0000e-12 0.0000e+00
     38.000     7.8778   3.393832    32.6632       4518     3.1367     9.8352    10.0723 1.0000e-12 0.0000e+00
     37.000     7.8776   3.393701    32.6624       4544     3.1550     9.8519    10.0778 1.0000e-12 0.0000e+00
     36.000     7.8775   3.393692    32.6629       4576     3.1772     9.8894    10.0787 1.0000e-12 0.0000e+00
     35.000     7.8775   3.393667    32.6631       4606     3.1980     9.9090    10.0917 1.0000e-12 0.0000e+00
     34.000     7.8774   3.393587    32.6628       4631     3.2155     9.8780    10.0743 1.0000e-12 0.0000e+00
     33.000     7.8773   3.393572    32.6632       4655     3.2321     9.8301    10.0571 1.0000e-12 0.0000e+00
     32.000     7.8772   3.393521    32.6632       4679     3.2489     9.8119    10.0663 1.0000e-12 0.0000e+00
     31.000     7.8771   3.393467    32.6632       4703     3.2654     9.8208    10.0693 1.0000e-12 0.0000e+00
     30.000     7.8770   3.393407    32.6631       4727     3.2819     9.8364    10.0776 1.0000e-12 0.0000e+00
     29.000     7.8769   3.393358    32.6632       4753     3.3003     9.8355    10.0921 1.0000e-12 0.0000e+00
     28.000     7.8767   3.393312    32.6633       4783     3.3212     9.8385    10.0715 5.7440e-06 0.0000e+00
     27.000     7.8766   3.393255    32.6632       4813     3.3416     9.8543    10.0765 2.4424e-03 0.0000e+00
     26.000     7.8766   3.393201    32.6632       4838     3.3588     9.8384    10.0895 9.1598e-03 0.0000e+00
     25.000     7.8764   3.393159    32.6634       4861     3.3751     9.8295    10.0819 3.5707e-02 0.0000e+00
     24.000     7.8762   3.393107    32.6634       4886     3.3922     9.8490    10.0743 5.5858e-02 0.0000e+00
     23.000     7.8762   3.393049    32.6633       4912     3.4105     9.8666    10.0853 8.3429e-02 0.0000e+00
     22.000     7.8762   3.393007    32.6634       4939     3.4291     9.8732    10.1052 1.1622e-01 0.0000e+00
     21.000     7.8760   3.392958    32.6634       4963     3.4460     9.8617    10.0974 1.7329e-01 0.0000e+00
     20.000     7.8760   3.392896    32.6633       4987     3.4623     9.8323    10.0899 2.4228e-01 0.0000e+00
     19.000     7.8759   3.392878    32.6637       5013     3.4807     9.8370    10.0856 3.0154e-01 0.0000e+00
     18.000     7.8759   3.392872    32.6641       5044     3.5022     9.8700    10.0919 3.6245e-01 0.0000e+00
     17.000     7.8758   3.392838    32.6642       5073     3.5220     9.8879    10.0681 4.7485e-01 0.0000e+00
     16.000     7.8757   3.392779    32.6642       5096     3.5381     9.8950    10.0825 6.0179e-01 0.0000e+00
     15.000     7.8756   3.392621    32.6630       5118     3.5533     9.8797    10.0923 8.0487e-01 0.0000e+00
     14.000     7.8759   3.392712    32.6642       5143     3.5706     9.8670    10.0936 9.8958e-01 0.0000e+00
     13.000     7.8762   3.392633    32.6636       5172     3.5907     9.8840    10.0917 1.3114e+00 0.0000e+00
     12.000     7.8761   3.392637    32.6641       5199     3.6099     9.8712    10.0960 1.5932e+00 0.0000e+00
     11.000     7.8763   3.392602    32.6641       5225     3.6275     9.8682    10.0863 2.1707e+00 0.0000e+00
     10.000     7.8759   3.392540    32.6642       5252     3.6465     9.8769    10.0912 2.6635e+00 0.0000e+00
      9.000     7.8756   3.392473    32.6643       5280     3.6658     9.8723    10.0987 3.5580e+00 0.0000e+00
      8.000     7.8754   3.392418    32.6644       5304     3.6829     9.8942    10.1015 4.2924e+00 0.0000e+00
      7.000     7.8770   3.392514    32.6643       5327     3.6984     9.8949    10.1024 5.9740e+00 0.0000e+00
      6.000     7.8791   3.392618    32.6640       5349     3.7138     9.8825    10.1038 7.2648e+00 0.0000e+00
      5.000     7.8788   3.392575    32.6642       5375     3.7317     9.8939    10.1048 9.8868e+00 0.0000e+00
      4.000     7.8781   3.392490    32.6644       5413     3.7586     9.9068    10.0744 1.2312e+01 0.0000e+00
      3.000     7.8805   3.392636    32.6642       5462     3.7922     9.9293    10.0871 1.4564e+01 0.0000e+00
      2.000     7.8781   3.392397    32.6644       5577     3.8724     9.9104    10.0956 2.2300e+01 0.0000e+00
