HB2502/ctd196.cnv
* Sea-Bird SBE 9 Data File:
* FileName = C:\cruise\data\ctd196.hex
* Software Version Seasave V 7.26.7.121
* Temperature SN = 4591
* Conductivity SN = 6006
* Number of Bytes Per Scan = 37
* Number of Voltage Words = 4
* Number of Scans Averaged by the Deck Unit = 1
* NMEA Latitude = 42 37.32 N
* NMEA Longitude = 067 46.03 W
* NMEA UTC (Time) = May 09 2025 11:30:39
* NMEA baud rate = 4800
** Ship: Bigelow HB2502
** Program:  Spring Bottom Trawl
** Chief Scientist:Jon Galbraith
# nquan = 10
# nvalues = 386                         
# units = specified
# name 0 = depSM: Depth [salt water, m]
# name 1 = t090C: Temperature [ITS-90, deg C]
# name 2 = c0S/m: Conductivity [S/m]
# name 3 = sal00: Salinity, Practical [PSU]
# name 4 = scan: Scan Count
# name 5 = timeM: Time, Elapsed [minutes]
# name 6 = sbeox0Mg/L: Oxygen, SBE 43 [mg/l]
# name 7 = sbeox1Mg/L: Oxygen, SBE 43, 2 [mg/l]
# name 8 = par: PAR/Irradiance, Biospherical/Licor
# name 9 = flag: flag
# span 0 =      2.000,    195.000       
# span 1 =     5.4235,     8.0359       
# span 2 =   3.183864,   3.592633       
# span 3 =    32.4387,    34.6481       
# span 4 =        404,      11997       
# span 5 =     0.2801,     8.3308       
# span 6 =     5.9597,    10.5426       
# span 7 =     6.1231,    10.9159       
# span 8 = -3.369e-08, 1.6490e+02       
# span 9 = 0.0000e+00, 0.0000e+00       
# interval = meters: 1                  
# start_time = May 09 2025 11:30:39 [NMEA time, header]
# bad_flag = -9.990e-29
*END*
[from data line 145]
    148.000     7.3475   3.489180    34.1476       4633     3.2168     6.6207     6.7985 1.0000e-12 0.0000e+00
    149.000     7.3283   3.488488    34.1585       4657     3.2331     6.5819     6.7904 1.0000e-12 0.0000e+00
    150.000     7.4023   3.496012    34.1669       4675     3.2461     6.5819     6.7619 1.0000e-12 0.0000e+00
    151.000     7.5220   3.511436    34.2159       4692     3.2578     6.5657     6.7183 1.0000e-12 0.0000e+00
    152.000     7.5407   3.515884    34.2451       4710     3.2702     6.5514     6.7125 1.0000e-12 0.0000e+00
    153.000     7.5373   3.516047    34.2498       4733     3.2861     6.5342     6.7032 1.0000e-12 0.0000e+00
    154.000     7.5690   3.520222    34.2632       4773     3.3142     6.4740     6.6247 1.0000e-12 0.0000e+00
    155.000     7.6429   3.530377    34.2997       4815     3.3429     6.4607     6.6166 1.0000e-12 0.0000e+00
    156.000     7.6794   3.536419    34.3286       4839     3.3595     6.4561     6.6143 1.0000e-12 0.0000e+00
    157.000     7.7038   3.540199    34.3448       4858     3.3728     6.4396     6.6067 1.0000e-12 0.0000e+00
    158.000     7.7519   3.547480    34.3755       4877     3.3862     6.4209     6.5662 1.0000e-12 0.0000e+00
    159.000     7.8111   3.556393    34.4126       4901     3.4029     6.3863     6.5169 1.0000e-12 0.0000e+00
    160.000     7.8316   3.560094    34.4317       4941     3.4305     6.3343     6.4744 1.0000e-12 0.0000e+00
    161.000     7.8429   3.561694    34.4374       4986     3.4618     6.2614     6.4150 1.0000e-12 0.0000e+00
    162.000     7.8624   3.563993    34.4424       5010     3.4784     6.2464     6.4067 1.0000e-12 0.0000e+00
    163.000     7.8953   3.568341    34.4562       5027     3.4903     6.2406     6.4027 1.0000e-12 0.0000e+00
    164.000     7.8997   3.570051    34.4698       5042     3.5005     6.2455     6.4027 1.0000e-12 0.0000e+00
    165.000     7.9107   3.571535    34.4744       5056     3.5105     6.2536     6.4032 1.0000e-12 0.0000e+00
    166.000     7.9578   3.578558    34.5028       5074     3.5226     6.2475     6.3828 1.0000e-12 0.0000e+00
    167.000     8.0074   3.587020    34.5442       5140     3.5691     6.1874     6.3315 1.0000e-12 0.0000e+00
    168.000     8.0091   3.586966    34.5414       5191     3.6045     6.1280     6.2959 1.0000e-12 0.0000e+00
    169.000     8.0299   3.590842    34.5620       5208     3.6159     6.1226     6.2983 1.0000e-12 0.0000e+00
    170.000     8.0359   3.591683    34.5645       5222     3.6255     6.1329     6.3007 1.0000e-12 0.0000e+00
    171.000     8.0181   3.592633    34.5918       5234     3.6344     6.1535     6.2992 1.0000e-12 0.0000e+00
    172.000     7.9877   3.590296    34.5963       5247     3.6431     6.1656     6.2901 1.0000e-12 0.0000e+00
    173.000     7.9874   3.589662    34.5893       5261     3.6529     6.1488     6.2698 1.0000e-12 0.0000e+00
    174.000     7.9890   3.589993    34.5908       5302     3.6814     6.1011     6.2295 1.0000e-12 0.0000e+00
    175.000     7.9648   3.588290    34.5960       5381     3.7364     6.0723     6.2514 1.0000e-12 0.0000e+00
    176.000     7.9511   3.587012    34.5953       5398     3.7476     6.0700     6.2325 1.0000e-12 0.0000e+00
    177.000     7.9520   3.587070    34.5945       5414     3.7590     6.0718     6.2250 1.0000e-12 0.0000e+00
    178.000     7.9516   3.587091    34.5947       5430     3.7700     6.0771     6.2203 1.0000e-12 0.0000e+00
    179.000     7.9502   3.587055    34.5952       5447     3.7822     6.0768     6.2192 1.0000e-12 0.0000e+00
    180.000     7.9454   3.586665    34.5953       5471     3.7985     6.0698     6.2140 1.0000e-12 0.0000e+00
    181.000     7.9289   3.585211    34.5954       5503     3.8209     6.0655     6.2067 1.0000e-12 0.0000e+00
    182.000     7.9189   3.584343    34.5955       5537     3.8445     6.0529     6.2182 1.0000e-12 0.0000e+00
    183.000     7.9090   3.583449    34.5953       5567     3.8650     6.0552     6.2192 1.0000e-12 0.0000e+00
    184.000     7.8719   3.581792    34.6137       5592     3.8825     6.0690     6.2178 1.0000e-12 0.0000e+00
    185.000     7.8594   3.581163    34.6188       5614     3.8982     6.0665     6.2076 1.0000e-12 0.0000e+00
    186.000     7.8596   3.580794    34.6141       5638     3.9146     6.0566     6.1924 1.0000e-12 0.0000e+00
    187.000     7.8637   3.582692    34.6301       5671     3.9378     6.0305     6.1748 1.0000e-12 0.0000e+00
    188.000     7.8649   3.583480    34.6368       5713     3.9668     6.0357     6.1681 1.0000e-12 0.0000e+00
    189.000     7.8658   3.583716    34.6380       5744     3.9879     6.0180     6.1502 1.0000e-12 0.0000e+00
    190.000     7.8780   3.585256    34.6420       5768     4.0049     6.0010     6.1435 1.0000e-12 0.0000e+00
    191.000     7.8858   3.586372    34.6458       5789     4.0194     5.9848     6.1386 1.0000e-12 0.0000e+00
    192.000     7.8869   3.586653    34.6472       5809     4.0336     5.9903     6.1360 1.0000e-12 0.0000e+00
    193.000     7.8859   3.586602    34.6471       5835     4.0517     5.9839     6.1272 1.0000e-12 0.0000e+00
    194.000     7.8872   3.586826    34.6477       5955     4.1348     5.9837     6.1287 1.0000e-12 0.0000e+00
    195.000     7.8877   3.586949    34.6481       6450     4.4782     5.9882     6.1303 1.0000e-12 0.0000e+00
    194.000     7.8857   3.586625    34.6472       6625     4.6003     5.9807     6.1275 1.0000e-12 0.0000e+00
    193.000     7.8815   3.586128    34.6464       6727     4.6710     5.9825     6.1231 1.0000e-12 0.0000e+00
    192.000     7.8775   3.585547    34.6446       6853     4.7586     5.9643     6.1277 1.0000e-12 0.0000e+00
    191.000     7.8784   3.585635    34.6451       6866     4.7671     5.9597     6.1267 1.0000e-12 0.0000e+00
    190.000     7.8648   3.583785    34.6392       6881     4.7779     5.9649     6.1277 1.0000e-12 0.0000e+00
    189.000     7.8566   3.582254    34.6314       6899     4.7905     5.9702     6.1270 1.0000e-12 0.0000e+00
    188.000     7.8563   3.581960    34.6290       6928     4.8104     5.9753     6.1302 1.0000e-12 0.0000e+00
    187.000     7.8556   3.581036    34.6203       6999     4.8600     6.0158     6.1499 1.0000e-12 0.0000e+00
    186.000     7.8582   3.581160    34.6194       7033     4.8835     6.0124     6.1521 1.0000e-12 0.0000e+00
    185.000     7.8719   3.580610    34.6005       7051     4.8957     5.9972     6.1641 1.0000e-12 0.0000e+00
    184.000     7.8980   3.582187    34.5921       7066     4.9061     5.9812     6.1622 1.0000e-12 0.0000e+00
    183.000     7.9155   3.583655    34.5911       7080     4.9160     5.9854     6.1621 1.0000e-12 0.0000e+00
    182.000     7.9217   3.584264    34.5919       7095     4.9262     6.0019     6.1714 1.0000e-12 0.0000e+00
    181.000     7.9327   3.585294    34.5926       7112     4.9382     6.0239     6.1884 1.0000e-12 0.0000e+00
    180.000     7.9403   3.586117    34.5944       7137     4.9559     6.0505     6.2119 1.0000e-12 0.0000e+00
    179.000     7.9524   3.587235    34.5950       7206     5.0033     6.0561     6.2044 1.0000e-12 0.0000e+00
    178.000     7.9590   3.587797    34.5949       7245     5.0305     6.0308     6.2232 1.0000e-12 0.0000e+00
    177.000     7.9604   3.587901    34.5951       7263     5.0431     6.0454     6.2226 1.0000e-12 0.0000e+00
    176.000     7.9625   3.588035    34.5950       7279     5.0542     6.0535     6.2186 1.0000e-12 0.0000e+00
    175.000     7.9633   3.588063    34.5950       7294     5.0643     6.0555     6.2126 1.0000e-12 0.0000e+00
    174.000     7.9699   3.588438    34.5929       7308     5.0746     6.0524     6.2123 1.0000e-12 0.0000e+00
    173.000     7.9796   3.589178    34.5919       7324     5.0854     6.0535     6.2160 1.0000e-12 0.0000e+00
    172.000     8.0225   3.592291    34.5833       7342     5.0982     6.0541     6.2113 1.0000e-12 0.0000e+00
    171.000     8.0164   3.590824    34.5741       7407     5.1428     6.0932     6.2329 1.0000e-12 0.0000e+00
    170.000     8.0261   3.590913    34.5660       7467     5.1846     6.1038     6.2432 1.0000e-12 0.0000e+00
    169.000     8.0219   3.590307    34.5641       7480     5.1940     6.1147     6.2546 1.0000e-12 0.0000e+00
    168.000     7.9992   3.587462    34.5565       7494     5.2033     6.1254     6.2602 1.0000e-12 0.0000e+00
    167.000     7.9458   3.580381    34.5337       7507     5.2123     6.1238     6.2672 1.0000e-12 0.0000e+00
    166.000     7.8998   3.572622    34.4963       7520     5.2217     6.1085     6.2726 1.0000e-12 0.0000e+00
    165.000     7.8972   3.571164    34.4837       7536     5.2325     6.0798     6.2694 1.0000e-12 0.0000e+00
    164.000     7.8993   3.570622    34.4763       7556     5.2467     6.0787     6.2804 1.0000e-12 0.0000e+00
    163.000     7.8641   3.566059    34.4624       7604     5.2802     6.1933     6.3662 1.0000e-12 0.0000e+00
    162.000     7.8359   3.561934    34.4463       7668     5.3246     6.2452     6.3596 1.0000e-12 0.0000e+00
    161.000     7.8285   3.561089    34.4451       7691     5.3404     6.2503     6.3749 1.0000e-12 0.0000e+00
    160.000     7.7985   3.557370    34.4351       7709     5.3529     6.2392     6.4023 1.0000e-12 0.0000e+00
    159.000     7.7390   3.548989    34.4039       7725     5.3639     6.2460     6.4148 1.0000e-12 0.0000e+00
    158.000     7.6910   3.541196    34.3677       7741     5.3747     6.2459     6.4101 1.0000e-12 0.0000e+00
    157.000     7.6598   3.536048    34.3434       7757     5.3861     6.2508     6.4046 1.0000e-12 0.0000e+00
    156.000     7.5689   3.523479    34.2976       7777     5.4001     6.2769     6.4302 1.0000e-12 0.0000e+00
    155.000     7.5768   3.523278    34.2881       7811     5.4238     6.3256     6.5198 1.0000e-12 0.0000e+00
    154.000     7.5164   3.514311    34.2510       7869     5.4641     6.4582     6.5909 1.0000e-12 0.0000e+00
    153.000     7.4365   3.505429    34.2340       7899     5.4848     6.4600     6.6022 1.0000e-12 0.0000e+00
    152.000     7.3265   3.490686    34.1827       7919     5.4984     6.4700     6.6487 1.0000e-12 0.0000e+00
    151.000     7.3310   3.490083    34.1722       7936     5.5106     6.4533     6.6402 1.0000e-12 0.0000e+00
    150.000     7.3347   3.489359    34.1612       7955     5.5239     6.4606     6.6372 1.0000e-12 0.0000e+00
    149.000     7.2506   3.479095    34.1328       7982     5.5421     6.5201     6.6889 1.0000e-12 0.0000e+00
    148.000     7.2172   3.472757    34.0971       8016     5.5658     6.5642     6.7516 1.0000e-12 0.0000e+00
    147.000     7.2285   3.471906    34.0772       8042     5.5838     6.5885     6.7371 1.0000e-12 0.0000e+00
    146.000     7.2339   3.472290    34.0765       8061     5.5970     6.6124     6.7353 1.0000e-12 0.0000e+00
    145.000     7.2370   3.472445    34.0756       8079     5.6095     6.6171     6.7769 1.0000e-12 0.0000e+00
    144.000     7.2358   3.472099    34.0736       8099     5.6239     6.6114     6.8295 1.0000e-12 0.0000e+00
    143.000     7.2297   3.470868    34.0666       8136     5.6492     6.6699     6.8490 1.0000e-12 0.0000e+00
    142.000     7.1993   3.466413    34.0484       8190     5.6868     6.7238     6.8440 1.0000e-12 0.0000e+00
    141.000     7.1295   3.456742    34.0120       8217     5.7053     6.7014     6.8560 1.0000e-12 0.0000e+00
    140.000     7.1040   3.453182    33.9988       8234     5.7177     6.6996     6.8595 1.0000e-12 0.0000e+00
    139.000     7.0735   3.448932    33.9828       8250     5.7282     6.7079     6.8733 1.0000e-12 0.0000e+00
    138.000     7.0474   3.444953    33.9654       8264     5.7385     6.7147     6.8934 1.0000e-12 0.0000e+00
    137.000     7.0306   3.442215    33.9524       8281     5.7500     6.7225     6.9173 1.0000e-12 0.0000e+00
    136.000     7.0244   3.440781    33.9434       8304     5.7661     6.7497     6.9470 1.0000e-12 0.0000e+00
    135.000     7.0170   3.439642    33.9386       8358     5.8037     6.8504     7.0020 1.0000e-12 0.0000e+00
    134.000     6.9994   3.437096    33.9285       8402     5.8342     6.8583     6.9766 1.0000e-12 0.0000e+00
    133.000     6.9812   3.434741    33.9211       8421     5.8474     6.8505     6.9805 1.0000e-12 0.0000e+00
    132.000     6.9642   3.432140    33.9098       8437     5.8585     6.8592     6.9989 1.0000e-12 0.0000e+00
    131.000     6.9527   3.430222    33.9006       8452     5.8689     6.8553     7.0053 1.0000e-12 0.0000e+00
    130.000     6.9180   3.425590    33.8843       8468     5.8797     6.8550     7.0105 1.0000e-12 0.0000e+00
    129.000     6.8849   3.420278    33.8591       8486     5.8924     6.8684     7.0147 1.0000e-12 0.0000e+00
    128.000     6.8873   3.420124    33.8555       8520     5.9156     6.8961     7.0464 1.0000e-12 0.0000e+00
    127.000     6.8186   3.410550    33.8182       8581     5.9585     6.9779     7.1105 1.0000e-12 0.0000e+00
    126.000     6.7474   3.400178    33.7746       8607     5.9762     6.9680     7.0879 1.0000e-12 0.0000e+00
    125.000     6.7028   3.394016    33.7509       8625     5.9888     6.9760     7.1016 1.0000e-12 0.0000e+00
    124.000     6.6443   3.385627    33.7164       8642     6.0004     7.0162     7.1492 1.0000e-12 0.0000e+00
    123.000     6.6008   3.378724    33.6833       8659     6.0126     7.0458     7.1991 1.0000e-12 0.0000e+00
    122.000     6.5842   3.375884    33.6687       8680     6.0271     7.0527     7.2381 1.0000e-12 0.0000e+00
    121.000     6.5682   3.373437    33.6578       8707     6.0456     7.1198     7.2982 1.0000e-12 0.0000e+00
    120.000     6.5547   3.371454    33.6496       8739     6.0681     7.1988     7.3726 1.0000e-12 0.0000e+00
    119.000     6.5507   3.370798    33.6469       8776     6.0934     7.2246     7.3855 1.0000e-12 0.0000e+00
    118.000     6.5397   3.369352    33.6421       8806     6.1148     7.2273     7.3760 1.0000e-12 0.0000e+00
    117.000     6.5278   3.367581    33.6347       8830     6.1310     7.2045     7.3842 1.0000e-12 0.0000e+00
    116.000     6.5184   3.365974    33.6266       8850     6.1450     7.1890     7.3835 1.0000e-12 0.0000e+00
    115.000     6.5055   3.363913    33.6170       8869     6.1586     7.2041     7.3835 1.0000e-12 0.0000e+00
    114.000     6.4899   3.361685    33.6080       8891     6.1735     7.2273     7.3911 1.0000e-12 0.0000e+00
    113.000     6.4739   3.359353    33.5984       8917     6.1915     7.2517     7.4164 1.0000e-12 0.0000e+00
    112.000     6.4639   3.357823    33.5918       8948     6.2134     7.2854     7.4337 1.0000e-12 0.0000e+00
    111.000     6.4428   3.354846    33.5800       8981     6.2361     7.3071     7.4618 1.0000e-12 0.0000e+00
    110.000     6.4133   3.350762    33.5641       9010     6.2561     7.3104     7.4728 1.0000e-12 0.0000e+00
    109.000     6.3467   3.341148    33.5232       9037     6.2753     7.3195     7.4905 1.0000e-12 0.0000e+00
    108.000     6.3227   3.337252    33.5039       9065     6.2944     7.3382     7.4971 1.0000e-12 0.0000e+00
    107.000     6.3057   3.334703    33.4926       9089     6.3108     7.3704     7.5450 1.0000e-12 0.0000e+00
    106.000     6.2764   3.330812    33.4786       9108     6.3244     7.4083     7.6004 1.0000e-12 0.0000e+00
    105.000     6.2268   3.323668    33.4482       9126     6.3371     7.4547     7.6236 1.0000e-12 0.0000e+00
    104.000     6.2154   3.321834    33.4394       9146     6.3510     7.4786     7.6342 1.0000e-12 0.0000e+00
    103.000     6.1722   3.315917    33.4163       9174     6.3704     7.5107     7.6761 1.0000e-12 0.0000e+00
    102.000     6.1471   3.311649    33.3937       9217     6.3998     7.5666     7.7479 1.0000e-12 0.0000e+00
    101.000     6.1382   3.310326    33.3882       9249     6.4224     7.6022     7.7620 1.0000e-12 0.0000e+00
    100.000     6.1201   3.307927    33.3796       9272     6.4385     7.6600     7.8050 1.0000e-12 0.0000e+00
