HB2502/ctd143.cnv
* Sea-Bird SBE 9 Data File:
* FileName = C:\cruise\data\ctd143.hex
* Software Version Seasave V 7.26.7.121
* Temperature SN = 6768
* Conductivity SN = 6166
* Number of Bytes Per Scan = 37
* Number of Voltage Words = 4
* Number of Scans Averaged by the Deck Unit = 1
* NMEA Latitude = 41 14.06 N
* NMEA Longitude = 068 38.94 W
* NMEA UTC (Time) = Apr 11 2025 01:43:09
* NMEA baud rate = 4800
** Ship: Bigelow HB2502
** Program:  Spring Bottom Trawl
** Chief Scientist:Jon Galbraith
# nquan = 7
# nvalues = 110                         
# units = specified
# name 0 = depSM: Depth [salt water, m]
# name 1 = t090C: Temperature [ITS-90, deg C]
# name 2 = c0S/m: Conductivity [S/m]
# name 3 = sal00: Salinity, Practical [PSU]
# name 4 = scan: Scan Count
# name 5 = timeM: Time, Elapsed [minutes]
# name 6 = flag: flag
# span 0 =      2.000,     57.000       
# span 1 =     5.9578,     5.9903       
# span 2 =   3.208713,   3.227960       
# span 3 =    32.4740,    32.6323       
# span 4 =       -673,       4384       
# span 5 =    -0.4683,     3.0435       
# span 6 = 0.0000e+00, 0.0000e+00       
# interval = meters: 1                  
# start_time = Apr 11 2025 01:43:09 [NMEA time, header]
# bad_flag = -9.990e-29
*END*
      3.000     5.9578   3.208713    32.4740       -673    -0.4683 0.0000e+00
      4.000     5.9790   3.218913    32.5676        781     0.5414 0.0000e+00
      5.000     5.9771   3.222451    32.6086        634     0.4394 0.0000e+00
      6.000     5.9775   3.223102    32.6150        651     0.4517 0.0000e+00
      7.000     5.9775   3.223469    32.6186        678     0.4702 0.0000e+00
      8.000     5.9799   3.223760    32.6190        703     0.4874 0.0000e+00
      9.000     5.9800   3.223755    32.6184        728     0.5051 0.0000e+00
     10.000     5.9799   3.223816    32.6186        756     0.5244 0.0000e+00
     11.000     5.9805   3.224049    32.6202        783     0.5428 0.0000e+00
     12.000     5.9806   3.224240    32.6218        808     0.5603 0.0000e+00
     13.000     5.9803   3.224279    32.6220        834     0.5782 0.0000e+00
     14.000     5.9827   3.224330    32.6197        862     0.5981 0.0000e+00
     15.000     5.9843   3.224555    32.6203        892     0.6186 0.0000e+00
     16.000     5.9849   3.224812    32.6221        917     0.6364 0.0000e+00
     17.000     5.9856   3.224996    32.6230        940     0.6524 0.0000e+00
     18.000     5.9855   3.225076    32.6234        965     0.6693 0.0000e+00
     19.000     5.9851   3.225031    32.6228        992     0.6883 0.0000e+00
     20.000     5.9849   3.225086    32.6231       1022     0.7088 0.0000e+00
     21.000     5.9849   3.225225    32.6242       1050     0.7287 0.0000e+00
     22.000     5.9848   3.225316    32.6249       1077     0.7473 0.0000e+00
     23.000     5.9848   3.225364    32.6249       1103     0.7650 0.0000e+00
     24.000     5.9850   3.225445    32.6251       1127     0.7818 0.0000e+00
     25.000     5.9853   3.225471    32.6246       1151     0.7986 0.0000e+00
     26.000     5.9859   3.225462    32.6234       1178     0.8172 0.0000e+00
     27.000     5.9860   3.225264    32.6206       1210     0.8394 0.0000e+00
     28.000     5.9862   3.225452    32.6221       1239     0.8599 0.0000e+00
     29.000     5.9862   3.225870    32.6262       1262     0.8757 0.0000e+00
     30.000     5.9863   3.225993    32.6270       1283     0.8904 0.0000e+00
     31.000     5.9862   3.225813    32.6245       1308     0.9077 0.0000e+00
     32.000     5.9865   3.225633    32.6218       1340     0.9299 0.0000e+00
     33.000     5.9865   3.225976    32.6252       1372     0.9520 0.0000e+00
     34.000     5.9865   3.226252    32.6278       1397     0.9698 0.0000e+00
     35.000     5.9865   3.226305    32.6279       1420     0.9856 0.0000e+00
     36.000     5.9866   3.226369    32.6280       1443     1.0017 0.0000e+00
     37.000     5.9867   3.226374    32.6275       1470     1.0202 0.0000e+00
     38.000     5.9868   3.226420    32.6273       1500     1.0408 0.0000e+00
     39.000     5.9873   3.226540    32.6277       1529     1.0610 0.0000e+00
     40.000     5.9878   3.226659    32.6281       1555     1.0790 0.0000e+00
     41.000     5.9880   3.226750    32.6284       1578     1.0955 0.0000e+00
     42.000     5.9880   3.226784    32.6283       1603     1.1124 0.0000e+00
     43.000     5.9881   3.226906    32.6290       1631     1.1319 0.0000e+00
     44.000     5.9884   3.226979    32.6291       1660     1.1522 0.0000e+00
     45.000     5.9884   3.227043    32.6293       1688     1.1712 0.0000e+00
     46.000     5.9883   3.227124    32.6299       1714     1.1894 0.0000e+00
     47.000     5.9884   3.227190    32.6300       1739     1.2069 0.0000e+00
     48.000     5.9884   3.227246    32.6301       1764     1.2241 0.0000e+00
     49.000     5.9886   3.227304    32.6301       1789     1.2420 0.0000e+00
     50.000     5.9888   3.227394    32.6304       1817     1.2610 0.0000e+00
     51.000     5.9890   3.227476    32.6307       1845     1.2805 0.0000e+00
     52.000     5.9891   3.227520    32.6306       1873     1.2999 0.0000e+00
     53.000     5.9892   3.227591    32.6308       1901     1.3192 0.0000e+00
     54.000     5.9893   3.227651    32.6308       1926     1.3370 0.0000e+00
     55.000     5.9895   3.227718    32.6309       1950     1.3535 0.0000e+00
     56.000     5.9898   3.227817    32.6312       1975     1.3710 0.0000e+00
     57.000     5.9903   3.227960    32.6318       2906     2.0175 0.0000e+00
     56.000     5.9902   3.227889    32.6317       2984     2.0716 0.0000e+00
     55.000     5.9895   3.227751    32.6313       2984     2.0712 0.0000e+00
     54.000     5.9888   3.227641    32.6312       3007     2.0876 0.0000e+00
     53.000     5.9886   3.227571    32.6312       3035     2.1071 0.0000e+00
     52.000     5.9887   3.227528    32.6311       3064     2.1274 0.0000e+00
     51.000     5.9886   3.227478    32.6311       3091     2.1455 0.0000e+00
     50.000     5.9885   3.227414    32.6309       3115     2.1625 0.0000e+00
     49.000     5.9886   3.227393    32.6311       3140     2.1798 0.0000e+00
     48.000     5.9885   3.227363    32.6313       3166     2.1981 0.0000e+00
     47.000     5.9884   3.227330    32.6316       3192     2.2162 0.0000e+00
     46.000     5.9883   3.227275    32.6316       3218     2.2337 0.0000e+00
     45.000     5.9881   3.227226    32.6316       3243     2.2515 0.0000e+00
     44.000     5.9880   3.227173    32.6317       3269     2.2695 0.0000e+00
     43.000     5.9879   3.227139    32.6319       3295     2.2876 0.0000e+00
     42.000     5.9879   3.227092    32.6319       3321     2.3056 0.0000e+00
     41.000     5.9878   3.227031    32.6318       3346     2.3231 0.0000e+00
     40.000     5.9876   3.226971    32.6318       3372     2.3407 0.0000e+00
     39.000     5.9872   3.226912    32.6320       3397     2.3585 0.0000e+00
     38.000     5.9868   3.226840    32.6321       3423     2.3762 0.0000e+00
     37.000     5.9864   3.226760    32.6320       3449     2.3947 0.0000e+00
     36.000     5.9859   3.226683    32.6322       3477     2.4137 0.0000e+00
     35.000     5.9853   3.226592    32.6322       3502     2.4314 0.0000e+00
     34.000     5.9846   3.226492    32.6323       3527     2.4486 0.0000e+00
     33.000     5.9843   3.226405    32.6321       3554     2.4671 0.0000e+00
     32.000     5.9844   3.226366    32.6320       3581     2.4859 0.0000e+00
     31.000     5.9845   3.226329    32.6320       3605     2.5027 0.0000e+00
     30.000     5.9848   3.226308    32.6320       3628     2.5191 0.0000e+00
     29.000     5.9847   3.226252    32.6319       3655     2.5373 0.0000e+00
     28.000     5.9845   3.226185    32.6318       3684     2.5574 0.0000e+00
     27.000     5.9845   3.226142    32.6319       3710     2.5759 0.0000e+00
     26.000     5.9841   3.226085    32.6321       3735     2.5929 0.0000e+00
     25.000     5.9842   3.226047    32.6321       3760     2.6101 0.0000e+00
     24.000     5.9843   3.226015    32.6322       3785     2.6279 0.0000e+00
     23.000     5.9838   3.225940    32.6322       3811     2.6459 0.0000e+00
     22.000     5.9835   3.225871    32.6323       3838     2.6642 0.0000e+00
     21.000     5.9834   3.225785    32.6319       3864     2.6826 0.0000e+00
     20.000     5.9836   3.225776    32.6321       3890     2.7008 0.0000e+00
     19.000     5.9840   3.225763    32.6321       3916     2.7187 0.0000e+00
     18.000     5.9839   3.225699    32.6319       3941     2.7360 0.0000e+00
     17.000     5.9838   3.225656    32.6321       3966     2.7534 0.0000e+00
     16.000     5.9835   3.225594    32.6321       3992     2.7717 0.0000e+00
     15.000     5.9837   3.225562    32.6321       4020     2.7911 0.0000e+00
     14.000     5.9831   3.225473    32.6322       4047     2.8096 0.0000e+00
     13.000     5.9827   3.225393    32.6321       4071     2.8261 0.0000e+00
     12.000     5.9827   3.225342    32.6320       4094     2.8423 0.0000e+00
     11.000     5.9824   3.225252    32.6319       4120     2.8605 0.0000e+00
     10.000     5.9822   3.225127    32.6311       4150     2.8813 0.0000e+00
      9.000     5.9816   3.225048    32.6313       4177     2.9001 0.0000e+00
      8.000     5.9812   3.224968    32.6313       4200     2.9163 0.0000e+00
      7.000     5.9805   3.224874    32.6314       4223     2.9319 0.0000e+00
      6.000     5.9798   3.224757    32.6313       4250     2.9505 0.0000e+00
      5.000     5.9795   3.224660    32.6309       4280     2.9714 0.0000e+00
      4.000     5.9800   3.224648    32.6308       4305     2.9891 0.0000e+00
      3.000     5.9803   3.224619    32.6307       4329     3.0059 0.0000e+00
      2.000     5.9748   3.224208    32.6319       4384     3.0435 0.0000e+00
