HB2502/ctd186.cnv
* Sea-Bird SBE 9 Data File:
* FileName = C:\cruise\data\ctd186.hex
* Software Version Seasave V 7.26.7.121
* Temperature SN = 4591
* Conductivity SN = 6006
* Number of Bytes Per Scan = 37
* Number of Voltage Words = 4
* Number of Scans Averaged by the Deck Unit = 1
* NMEA Latitude = 42 34.89 N
* NMEA Longitude = 066 50.17 W
* NMEA UTC (Time) = May 07 2025 04:04:39
* NMEA baud rate = 4800
** Ship: Bigelow HB2502
** Program:  Spring Bottom Trawl
** Chief Scientist:Jon Galbraith
# nquan = 10
# nvalues = 457                         
# units = specified
# name 0 = depSM: Depth [salt water, m]
# name 1 = t090C: Temperature [ITS-90, deg C]
# name 2 = c0S/m: Conductivity [S/m]
# name 3 = sal00: Salinity, Practical [PSU]
# name 4 = scan: Scan Count
# name 5 = timeM: Time, Elapsed [minutes]
# name 6 = sbeox0Mg/L: Oxygen, SBE 43 [mg/l]
# name 7 = sbeox1Mg/L: Oxygen, SBE 43, 2 [mg/l]
# name 8 = par: PAR/Irradiance, Biospherical/Licor
# name 9 = flag: flag
# span 0 =      3.000,    231.000       
# span 1 =     5.0659,     8.9132       
# span 2 =   3.154591,   3.713040       
# span 3 =    32.1583,    34.9857       
# span 4 =       -233,      13771       
# span 5 =    -0.1628,     9.5622       
# span 6 =     5.5564,    10.4580       
# span 7 =     5.7396,    10.7155       
# span 8 = -1.096e-06, 1.3206e+01       
# span 9 = 0.0000e+00, 0.0000e+00       
# interval = meters: 1                  
# start_time = May 07 2025 04:04:39 [NMEA time, header]
# bad_flag = -9.990e-29
*END*
[from data line 145]
    148.000     7.4909   3.518142    34.3207       4585     3.1832     6.4119     6.6047 1.0000e-12 0.0000e+00
    149.000     7.4922   3.519000    34.3282       4604     3.1966     6.4236     6.5988 1.0000e-12 0.0000e+00
    150.000     7.4972   3.520335    34.3373       4623     3.2095     6.4292     6.5974 1.0000e-12 0.0000e+00
    151.000     7.5097   3.522590    34.3489       4644     3.2242     6.4045     6.5796 1.0000e-12 0.0000e+00
    152.000     7.5323   3.526065    34.3637       4681     3.2503     6.3745     6.5574 1.0000e-12 0.0000e+00
    153.000     7.5504   3.528825    34.3753       4723     3.2789     6.3692     6.5429 1.0000e-12 0.0000e+00
    154.000     7.5442   3.528869    34.3814       4745     3.2945     6.3545     6.5360 1.0000e-12 0.0000e+00
    155.000     7.5611   3.531150    34.3888       4764     3.3078     6.3486     6.5302 1.0000e-12 0.0000e+00
    156.000     7.6187   3.538711    34.4132       4784     3.3217     6.3441     6.5128 1.0000e-12 0.0000e+00
    157.000     7.6924   3.548892    34.4499       4809     3.3391     6.3348     6.5115 1.0000e-12 0.0000e+00
    158.000     7.7743   3.559416    34.4820       4842     3.3620     6.3136     6.5041 1.0000e-12 0.0000e+00
    159.000     7.8482   3.568275    34.5039       4875     3.3850     6.2819     6.4538 1.0000e-12 0.0000e+00
    160.000     8.0480   3.594963    34.5926       4903     3.4039     6.2438     6.4111 1.0000e-12 0.0000e+00
    161.000     8.1222   3.605521    34.6318       4927     3.4206     6.2438     6.4457 1.0000e-12 0.0000e+00
    162.000     8.1496   3.609521    34.6470       4951     3.4372     6.2255     6.4168 1.0000e-12 0.0000e+00
    163.000     8.1824   3.613946    34.6614       4976     3.4551     6.1571     6.3237 1.0000e-12 0.0000e+00
    164.000     8.3299   3.631430    34.7018       5004     3.4744     6.0876     6.2525 1.0000e-12 0.0000e+00
    165.000     8.4704   3.649453    34.7543       5031     3.4928     6.0658     6.2414 1.0000e-12 0.0000e+00
    166.000     8.5879   3.664206    34.7943       5056     3.5107     6.0411     6.2290 1.0000e-12 0.0000e+00
    167.000     8.6802   3.676342    34.8312       5085     3.5304     5.9540     6.1397 1.0000e-12 0.0000e+00
    168.000     8.6947   3.678947    34.8440       5115     3.5512     5.8847     6.0391 1.0000e-12 0.0000e+00
    169.000     8.7656   3.687683    34.8658       5142     3.5701     5.8048     5.9538 1.0000e-12 0.0000e+00
    170.000     8.8177   3.696713    34.9092       5165     3.5864     5.7597     5.9435 1.0000e-12 0.0000e+00
    171.000     8.8424   3.700001    34.9190       5188     3.6024     5.7500     5.9480 1.0000e-12 0.0000e+00
    172.000     8.8762   3.704286    34.9303       5219     3.6236     5.7097     5.8819 1.0000e-12 0.0000e+00
    173.000     8.8944   3.706923    34.9396       5256     3.6490     5.6529     5.8362 1.0000e-12 0.0000e+00
    174.000     8.9004   3.708181    34.9464       5281     3.6665     5.6254     5.8141 1.0000e-12 0.0000e+00
    175.000     8.9002   3.708895    34.9537       5300     3.6802     5.6137     5.8039 1.0000e-12 0.0000e+00
    176.000     8.9032   3.709739    34.9591       5320     3.6939     5.6259     5.8037 1.0000e-12 0.0000e+00
    177.000     8.9074   3.710723    34.9649       5345     3.7110     5.6473     5.8025 1.0000e-12 0.0000e+00
    178.000     8.9007   3.710911    34.9729       5380     3.7357     5.6235     5.7914 1.0000e-12 0.0000e+00
    179.000     8.9094   3.712413    34.9797       5416     3.7603     5.6145     5.7833 1.0000e-12 0.0000e+00
    180.000     8.9132   3.713040    34.9820       5441     3.7776     5.6298     5.7694 1.0000e-12 0.0000e+00
    181.000     8.9077   3.712747    34.9839       5463     3.7930     5.6102     5.7612 1.0000e-12 0.0000e+00
    182.000     8.8974   3.711871    34.9843       5486     3.8091     5.5691     5.7585 1.0000e-12 0.0000e+00
    183.000     8.8776   3.710186    34.9857       5511     3.8266     5.5604     5.7466 1.0000e-12 0.0000e+00
    184.000     8.8261   3.705246    34.9839       5539     3.8461     5.5916     5.7494 1.0000e-12 0.0000e+00
    185.000     8.7856   3.701097    34.9797       5570     3.8670     5.5991     5.7631 1.0000e-12 0.0000e+00
    186.000     8.7524   3.697612    34.9753       5599     3.8874     5.6275     5.7847 1.0000e-12 0.0000e+00
    187.000     8.7364   3.696051    34.9741       5625     3.9056     5.6554     5.7999 1.0000e-12 0.0000e+00
    188.000     8.7260   3.695085    34.9738       5649     3.9221     5.6749     5.8200 1.0000e-12 0.0000e+00
    189.000     8.7185   3.694359    34.9731       5673     3.9392     5.6549     5.8251 1.0000e-12 0.0000e+00
    190.000     8.7129   3.693813    34.9723       5704     3.9603     5.6507     5.8332 1.0000e-12 0.0000e+00
    191.000     8.7078   3.693388    34.9724       5735     3.9822     5.6596     5.8365 1.0000e-12 0.0000e+00
    192.000     8.7070   3.693314    34.9720       5761     4.0001     5.6765     5.8447 1.0000e-12 0.0000e+00
    193.000     8.7058   3.693246    34.9720       5786     4.0172     5.6778     5.8389 1.0000e-12 0.0000e+00
    194.000     8.7019   3.692926    34.9720       5812     4.0356     5.6645     5.8304 1.0000e-12 0.0000e+00
    195.000     8.7009   3.692855    34.9717       5839     4.0540     5.6912     5.8337 1.0000e-12 0.0000e+00
    196.000     8.7003   3.692837    34.9716       5863     4.0708     5.6790     5.8425 1.0000e-12 0.0000e+00
    197.000     8.6998   3.692827    34.9715       5887     4.0873     5.6614     5.8484 1.0000e-12 0.0000e+00
    198.000     8.7000   3.692907    34.9717       5917     4.1087     5.6658     5.8335 1.0000e-12 0.0000e+00
    199.000     8.6987   3.692827    34.9717       5954     4.1339     5.6787     5.8290 1.0000e-12 0.0000e+00
    200.000     8.6967   3.692715    34.9719       5981     4.1530     5.6981     5.8402 1.0000e-12 0.0000e+00
    201.000     8.6963   3.692699    34.9717       6002     4.1676     5.6740     5.8406 1.0000e-12 0.0000e+00
    202.000     8.6949   3.692619    34.9718       6022     4.1811     5.6565     5.8355 1.0000e-12 0.0000e+00
    203.000     8.6940   3.692593    34.9719       6044     4.1968     5.6598     5.8394 1.0000e-12 0.0000e+00
    204.000     8.6918   3.692428    34.9719       6083     4.2234     5.6593     5.8424 1.0000e-12 0.0000e+00
    205.000     8.6906   3.692360    34.9719       6124     4.2520     5.6839     5.8485 1.0000e-12 0.0000e+00
    206.000     8.6883   3.692222    34.9722       6147     4.2682     5.6830     5.8444 1.0000e-12 0.0000e+00
    207.000     8.6863   3.692049    34.9718       6166     4.2810     5.6760     5.8350 1.0000e-12 0.0000e+00
    208.000     8.6855   3.692028    34.9719       6184     4.2934     5.6794     5.8344 1.0000e-12 0.0000e+00
    209.000     8.6849   3.692022    34.9719       6205     4.3082     5.6911     5.8469 1.0000e-12 0.0000e+00
    210.000     8.6803   3.691750    34.9732       6244     4.3351     5.6923     5.8454 1.0000e-12 0.0000e+00
    211.000     8.6655   3.690530    34.9744       6287     4.3653     5.6864     5.8358 1.0000e-12 0.0000e+00
    212.000     8.6647   3.690566    34.9751       6310     4.3816     5.6836     5.8242 1.0000e-12 0.0000e+00
    213.000     8.6596   3.690148    34.9753       6330     4.3948     5.6817     5.8386 1.0000e-12 0.0000e+00
    214.000     8.6586   3.690117    34.9754       6349     4.4080     5.6790     5.8441 1.0000e-12 0.0000e+00
    215.000     8.6585   3.690116    34.9751       6371     4.4237     5.6867     5.8286 1.0000e-12 0.0000e+00
    216.000     8.6598   3.690273    34.9749       6400     4.4437     5.6860     5.8277 1.0000e-12 0.0000e+00
    217.000     8.6604   3.690360    34.9748       6436     4.4688     5.6839     5.8362 1.0000e-12 0.0000e+00
    218.000     8.6559   3.689988    34.9748       6475     4.4956     5.6946     5.8372 1.0000e-12 0.0000e+00
    219.000     8.6541   3.689831    34.9745       6503     4.5150     5.6582     5.8427 1.0000e-12 0.0000e+00
    220.000     8.6569   3.690076    34.9738       6524     4.5300     5.6525     5.8443 1.0000e-12 0.0000e+00
    221.000     8.6557   3.690104    34.9748       6544     4.5439     5.6671     5.8334 1.0000e-12 0.0000e+00
    222.000     8.6534   3.689908    34.9745       6564     4.5579     5.6802     5.8349 1.0000e-12 0.0000e+00
    223.000     8.6531   3.689857    34.9738       6587     4.5738     5.6817     5.8424 1.0000e-12 0.0000e+00
    224.000     8.6509   3.689719    34.9741       6621     4.5969     5.6701     5.8287 1.0000e-12 0.0000e+00
    225.000     8.6431   3.689072    34.9745       6668     4.6298     5.6788     5.8356 1.0000e-12 0.0000e+00
    226.000     8.6382   3.688568    34.9734       6702     4.6534     5.6750     5.8366 1.0000e-12 0.0000e+00
    227.000     8.6341   3.688192    34.9731       6724     4.6685     5.6773     5.8285 1.0000e-12 0.0000e+00
    228.000     8.6350   3.688269    34.9726       6744     4.6829     5.6679     5.8315 1.0000e-12 0.0000e+00
    229.000     8.6385   3.688694    34.9731       6768     4.6992     5.6545     5.8364 1.0000e-12 0.0000e+00
    230.000     8.6400   3.688951    34.9738       6807     4.7265     5.6724     5.8354 1.0000e-12 0.0000e+00
    231.000     8.6346   3.688355    34.9724       7154     4.9672     5.6744     5.8418 1.0000e-12 0.0000e+00
    230.000     8.6358   3.688435    34.9726       7430     5.1594     5.6756     5.8318 1.0000e-12 0.0000e+00
    229.000     8.6365   3.688547    34.9735       7415     5.1490     5.6497     5.8345 1.0000e-12 0.0000e+00
    228.000     8.6353   3.688367    34.9733       7444     5.1685     5.6512     5.8360 1.0000e-12 0.0000e+00
    227.000     8.6375   3.688540    34.9735       7467     5.1850     5.6718     5.8327 1.0000e-12 0.0000e+00
    226.000     8.6374   3.688506    34.9736       7487     5.1989     5.6767     5.8376 1.0000e-12 0.0000e+00
    225.000     8.6365   3.688355    34.9734       7506     5.2121     5.6725     5.8479 1.0000e-12 0.0000e+00
    224.000     8.6379   3.688443    34.9735       7530     5.2284     5.6491     5.8537 1.0000e-12 0.0000e+00
    223.000     8.6393   3.688543    34.9735       7571     5.2572     5.6470     5.8450 1.0000e-12 0.0000e+00
    222.000     8.6416   3.688713    34.9736       7604     5.2798     5.6520     5.8342 1.0000e-12 0.0000e+00
    221.000     8.6418   3.688676    34.9735       7624     5.2939     5.6564     5.8367 1.0000e-12 0.0000e+00
    220.000     8.6432   3.688768    34.9735       7644     5.3077     5.6723     5.8464 1.0000e-12 0.0000e+00
    219.000     8.6462   3.689030    34.9738       7667     5.3237     5.6714     5.8442 1.0000e-12 0.0000e+00
    218.000     8.6472   3.689141    34.9744       7695     5.3429     5.6627     5.8454 1.0000e-12 0.0000e+00
    217.000     8.6475   3.689095    34.9742       7727     5.3654     5.6399     5.8340 1.0000e-12 0.0000e+00
    216.000     8.6471   3.689072    34.9748       7758     5.3869     5.6379     5.8301 1.0000e-12 0.0000e+00
    215.000     8.6498   3.689219    34.9742       7781     5.4029     5.6499     5.8339 1.0000e-12 0.0000e+00
    214.000     8.6526   3.689474    34.9746       7800     5.4161     5.6579     5.8368 1.0000e-12 0.0000e+00
    213.000     8.6573   3.689806    34.9739       7819     5.4293     5.6523     5.8425 1.0000e-12 0.0000e+00
    212.000     8.6583   3.689882    34.9743       7842     5.4453     5.6317     5.8447 1.0000e-12 0.0000e+00
    211.000     8.6579   3.689827    34.9745       7883     5.4733     5.6258     5.8326 1.0000e-12 0.0000e+00
    210.000     8.6786   3.691326    34.9704       7922     5.5007     5.6404     5.8217 1.0000e-12 0.0000e+00
    209.000     8.6840   3.691830    34.9708       7944     5.5158     5.6461     5.8362 1.0000e-12 0.0000e+00
    208.000     8.6844   3.691850    34.9711       7962     5.5285     5.6418     5.8558 1.0000e-12 0.0000e+00
    207.000     8.6845   3.691826    34.9713       7980     5.5409     5.6583     5.8602 1.0000e-12 0.0000e+00
    206.000     8.6856   3.691883    34.9713       8000     5.5546     5.6708     5.8495 1.0000e-12 0.0000e+00
    205.000     8.6893   3.692180    34.9712       8025     5.5720     5.6630     5.8282 1.0000e-12 0.0000e+00
    204.000     8.6903   3.692237    34.9713       8058     5.5950     5.6522     5.8378 1.0000e-12 0.0000e+00
    203.000     8.6923   3.692389    34.9714       8094     5.6202     5.6609     5.8454 1.0000e-12 0.0000e+00
    202.000     8.6957   3.692664    34.9714       8128     5.6441     5.6708     5.8448 1.0000e-12 0.0000e+00
    201.000     8.6971   3.692738    34.9713       8154     5.6621     5.6540     5.8434 1.0000e-12 0.0000e+00
    200.000     8.6978   3.692793    34.9717       8175     5.6761     5.6722     5.8279 1.0000e-12 0.0000e+00
    199.000     8.6989   3.692806    34.9712       8193     5.6887     5.6871     5.8248 1.0000e-12 0.0000e+00
    198.000     8.7022   3.693122    34.9717       8212     5.7017     5.6834     5.8302 1.0000e-12 0.0000e+00
    197.000     8.7020   3.693070    34.9719       8234     5.7170     5.6719     5.8305 1.0000e-12 0.0000e+00
    196.000     8.7019   3.693019    34.9720       8267     5.7404     5.6423     5.8253 1.0000e-12 0.0000e+00
    195.000     8.7034   3.693120    34.9720       8312     5.7713     5.6611     5.8325 1.0000e-12 0.0000e+00
    194.000     8.7035   3.693090    34.9720       8339     5.7902     5.6705     5.8338 1.0000e-12 0.0000e+00
    193.000     8.7039   3.693061    34.9719       8359     5.8040     5.6773     5.8379 1.0000e-12 0.0000e+00
    192.000     8.7039   3.693042    34.9722       8377     5.8164     5.6639     5.8424 1.0000e-12 0.0000e+00
    191.000     8.7032   3.692930    34.9722       8396     5.8298     5.6468     5.8362 1.0000e-12 0.0000e+00
    190.000     8.7042   3.692971    34.9721       8421     5.8474     5.6500     5.8289 1.0000e-12 0.0000e+00
    189.000     8.7058   3.693069    34.9720       8460     5.8741     5.6510     5.8350 1.0000e-12 0.0000e+00
    188.000     8.7074   3.693177    34.9720       8493     5.8974     5.6633     5.8403 1.0000e-12 0.0000e+00
    187.000     8.7124   3.693558    34.9716       8516     5.9129     5.6584     5.8377 1.0000e-12 0.0000e+00
    186.000     8.7304   3.695021    34.9697       8536     5.9269     5.6417     5.8301 1.0000e-12 0.0000e+00
    185.000     8.7599   3.697816    34.9706       8560     5.9436     5.6113     5.8167 1.0000e-12 0.0000e+00
    184.000     8.7839   3.700359    34.9742       8592     5.9657     5.6226     5.8242 1.0000e-12 0.0000e+00
    183.000     8.8018   3.702081    34.9751       8623     5.9876     5.6537     5.8143 1.0000e-12 0.0000e+00
    182.000     8.8418   3.705800    34.9753       8649     6.0053     5.6377     5.7951 1.0000e-12 0.0000e+00
    181.000     8.8787   3.709697    34.9804       8671     6.0206     5.5935     5.7900 1.0000e-12 0.0000e+00
    180.000     8.8988   3.711827    34.9834       8693     6.0358     5.5861     5.7858 1.0000e-12 0.0000e+00
    179.000     8.9094   3.712964    34.9855       8716     6.0523     5.5952     5.7617 1.0000e-12 0.0000e+00
    178.000     8.9100   3.712989    34.9856       8746     6.0726     5.5753     5.7414 1.0000e-12 0.0000e+00
    177.000     8.9054   3.712250    34.9828       8783     6.0984     5.5600     5.7396 1.0000e-12 0.0000e+00
    176.000     8.9035   3.711239    34.9746       8817     6.1222     5.5721     5.7398 1.0000e-12 0.0000e+00
    175.000     8.9031   3.710791    34.9707       8841     6.1392     5.5630     5.7509 1.0000e-12 0.0000e+00
    174.000     8.9010   3.710262    34.9677       8862     6.1532     5.5564     5.7635 1.0000e-12 0.0000e+00
    173.000     8.9047   3.710364    34.9656       8881     6.1664     5.5647     5.7723 1.0000e-12 0.0000e+00
    172.000     8.9108   3.710602    34.9626       8900     6.1799     5.5798     5.7797 1.0000e-12 0.0000e+00
