HB2502/ctd165.cnv
* Sea-Bird SBE 9 Data File:
* FileName = C:\cruise\data\ctd165.hex
* Software Version Seasave V 7.26.7.121
* Temperature SN = 6768
* Conductivity SN = 6166
* Number of Bytes Per Scan = 37
* Number of Voltage Words = 4
* Number of Scans Averaged by the Deck Unit = 1
* NMEA Latitude = 42 10.26 N
* NMEA Longitude = 069 46.56 W
* NMEA UTC (Time) = Apr 17 2025 03:07:52
* NMEA baud rate = 4800
** Ship: Bigelow HB2502
** Program:  Spring Bottom Trawl
** Chief Scientist:Jon Galbraith
# nquan = 7
# nvalues = 372                         
# units = specified
# name 0 = depSM: Depth [salt water, m]
# name 1 = t090C: Temperature [ITS-90, deg C]
# name 2 = c0S/m: Conductivity [S/m]
# name 3 = sal00: Salinity, Practical [PSU]
# name 4 = scan: Scan Count
# name 5 = timeM: Time, Elapsed [minutes]
# name 6 = flag: flag
# span 0 =      2.000,    188.000       
# span 1 =     5.1687,     6.8115       
# span 2 =   3.169239,   3.395964       
# span 3 =    32.7714,    33.6347       
# span 4 =         73,      11789       
# span 5 =     0.0501,     8.1860       
# span 6 = 0.0000e+00, 0.0000e+00       
# interval = meters: 1                  
# start_time = Apr 17 2025 03:07:52 [NMEA time, header]
# bad_flag = -9.990e-29
*END*
      3.000     5.4728   3.195589    32.7958         73     0.0501 0.0000e+00
      4.000     5.4630   3.194386    32.7912        793     0.5501 0.0000e+00
      5.000     5.4658   3.193762    32.7809        879     0.6094 0.0000e+00
      6.000     5.4673   3.193782    32.7791        904     0.6272 0.0000e+00
      7.000     5.4666   3.193788    32.7793        929     0.6442 0.0000e+00
      8.000     5.4679   3.193911    32.7790        956     0.6634 0.0000e+00
      9.000     5.4702   3.193955    32.7767        986     0.6839 0.0000e+00
     10.000     5.4711   3.194134    32.7774       1011     0.7011 0.0000e+00
     11.000     5.4710   3.194236    32.7782       1034     0.7175 0.0000e+00
     12.000     5.4710   3.194426    32.7798       1065     0.7392 0.0000e+00
     13.000     5.4706   3.194363    32.7790       1098     0.7620 0.0000e+00
     14.000     5.4685   3.194201    32.7787       1121     0.7779 0.0000e+00
     15.000     5.4670   3.194020    32.7776       1143     0.7931 0.0000e+00
     16.000     5.4712   3.194251    32.7756       1171     0.8124 0.0000e+00
     17.000     5.4695   3.194475    32.7793       1207     0.8376 0.0000e+00
     18.000     5.4707   3.194438    32.7772       1235     0.8571 0.0000e+00
     19.000     5.4599   3.194415    32.7870       1257     0.8723 0.0000e+00
     20.000     5.4588   3.193830    32.7809       1280     0.8882 0.0000e+00
     21.000     5.4626   3.194419    32.7834       1309     0.9084 0.0000e+00
     22.000     5.4586   3.194429    32.7869       1338     0.9282 0.0000e+00
     23.000     5.4476   3.194056    32.7929       1363     0.9461 0.0000e+00
     24.000     5.4248   3.194148    32.8157       1394     0.9677 0.0000e+00
     25.000     5.4148   3.194050    32.8239       1425     0.9889 0.0000e+00
     26.000     5.4094   3.192089    32.8064       1448     1.0048 0.0000e+00
     27.000     5.4027   3.191250    32.8029       1469     1.0194 0.0000e+00
     28.000     5.3801   3.192142    32.8347       1495     1.0373 0.0000e+00
     29.000     5.3690   3.192544    32.8496       1527     1.0600 0.0000e+00
     30.000     5.3383   3.191330    32.8654       1556     1.0797 0.0000e+00
     31.000     5.3273   3.189287    32.8524       1582     1.0977 0.0000e+00
     32.000     5.2871   3.187820    32.8746       1608     1.1163 0.0000e+00
     33.000     5.2528   3.186424    32.8918       1635     1.1346 0.0000e+00
     34.000     5.2410   3.184872    32.8852       1663     1.1544 0.0000e+00
     35.000     5.2173   3.183504    32.8923       1692     1.1741 0.0000e+00
     36.000     5.1957   3.181474    32.8899       1718     1.1925 0.0000e+00
     37.000     5.1798   3.179814    32.8860       1744     1.2103 0.0000e+00
     38.000     5.1748   3.178772    32.8785       1771     1.2290 0.0000e+00
     39.000     5.1738   3.177650    32.8662       1799     1.2483 0.0000e+00
     40.000     5.1717   3.176832    32.8583       1827     1.2680 0.0000e+00
     41.000     5.1711   3.176428    32.8538       1855     1.2876 0.0000e+00
     42.000     5.1699   3.175745    32.8466       1883     1.3069 0.0000e+00
     43.000     5.1709   3.175118    32.8380       1908     1.3245 0.0000e+00
     44.000     5.1732   3.174674    32.8301       1932     1.3413 0.0000e+00
     45.000     5.1762   3.174942    32.8297       1959     1.3598 0.0000e+00
     46.000     5.1796   3.174855    32.8248       1991     1.3817 0.0000e+00
     47.000     5.1847   3.174600    32.8165       2022     1.4037 0.0000e+00
     48.000     5.1866   3.174891    32.8174       2050     1.4227 0.0000e+00
     49.000     5.1872   3.174872    32.8160       2073     1.4386 0.0000e+00
     50.000     5.1885   3.174954    32.8152       2095     1.4541 0.0000e+00
     51.000     5.1904   3.175123    32.8147       2121     1.4720 0.0000e+00
     52.000     5.1922   3.175351    32.8151       2155     1.4962 0.0000e+00
     53.000     5.1924   3.175306    32.8139       2188     1.5188 0.0000e+00
     54.000     5.1934   3.175364    32.8131       2211     1.5347 0.0000e+00
     55.000     5.1947   3.175621    32.8142       2231     1.5487 0.0000e+00
     56.000     5.1953   3.175751    32.8147       2254     1.5647 0.0000e+00
     57.000     5.1966   3.175986    32.8155       2293     1.5919 0.0000e+00
     58.000     5.2004   3.176581    32.8181       2327     1.6153 0.0000e+00
     59.000     5.2038   3.177375    32.8233       2346     1.6287 0.0000e+00
     60.000     5.2051   3.177929    32.8279       2364     1.6411 0.0000e+00
     61.000     5.2053   3.178164    32.8299       2388     1.6580 0.0000e+00
     62.000     5.2054   3.178205    32.8297       2431     1.6872 0.0000e+00
     63.000     5.2044   3.178637    32.8351       2458     1.7060 0.0000e+00
     64.000     5.1986   3.178859    32.8429       2477     1.7195 0.0000e+00
     65.000     5.1939   3.179027    32.8489       2500     1.7353 0.0000e+00
     66.000     5.1936   3.179112    32.8497       2537     1.7614 0.0000e+00
     67.000     5.1930   3.179247    32.8513       2570     1.7839 0.0000e+00
     68.000     5.1918   3.179522    32.8552       2590     1.7979 0.0000e+00
     69.000     5.1853   3.179578    32.8616       2609     1.8109 0.0000e+00
     70.000     5.1804   3.179633    32.8666       2638     1.8311 0.0000e+00
     71.000     5.1807   3.180034    32.8704       2679     1.8595 0.0000e+00
     72.000     5.1789   3.180260    32.8743       2701     1.8751 0.0000e+00
     73.000     5.1779   3.180275    32.8749       2720     1.8884 0.0000e+00
     74.000     5.1791   3.180593    32.8768       2748     1.9074 0.0000e+00
     75.000     5.1798   3.180838    32.8785       2788     1.9357 0.0000e+00
     76.000     5.1798   3.180863    32.8783       2814     1.9533 0.0000e+00
     77.000     5.1799   3.180971    32.8789       2834     1.9671 0.0000e+00
     78.000     5.1800   3.181036    32.8790       2854     1.9809 0.0000e+00
     79.000     5.1790   3.181148    32.8808       2879     1.9986 0.0000e+00
     80.000     5.1786   3.181249    32.8818       2918     2.0258 0.0000e+00
     81.000     5.1780   3.181375    32.8833       2949     2.0474 0.0000e+00
     82.000     5.1731   3.181530    32.8894       2973     2.0637 0.0000e+00
     83.000     5.1738   3.182167    32.8956       3000     2.0826 0.0000e+00
     84.000     5.1781   3.182834    32.8984       3034     2.1063 0.0000e+00
     85.000     5.1758   3.182800    32.8998       3059     2.1239 0.0000e+00
     86.000     5.1744   3.182868    32.9014       3080     2.1380 0.0000e+00
     87.000     5.1787   3.183431    32.9031       3101     2.1530 0.0000e+00
     88.000     5.1821   3.183922    32.9049       3136     2.1767 0.0000e+00
     89.000     5.1853   3.184457    32.9074       3174     2.2033 0.0000e+00
     90.000     5.1853   3.184513    32.9075       3196     2.2187 0.0000e+00
     91.000     5.1861   3.184672    32.9080       3216     2.2327 0.0000e+00
     92.000     5.1869   3.184796    32.9081       3242     2.2504 0.0000e+00
     93.000     5.1878   3.184917    32.9082       3282     2.2782 0.0000e+00
     94.000     5.1922   3.185413    32.9090       3313     2.3002 0.0000e+00
     95.000     5.2065   3.186972    32.9122       3335     2.3155 0.0000e+00
     96.000     5.2291   3.189361    32.9168       3355     2.3294 0.0000e+00
     97.000     5.2442   3.191090    32.9212       3378     2.3453 0.0000e+00
     98.000     5.2577   3.192610    32.9248       3407     2.3656 0.0000e+00
     99.000     5.2759   3.194618    32.9294       3445     2.3914 0.0000e+00
    100.000     5.2899   3.196263    32.9338       3480     2.4159 0.0000e+00
    101.000     5.2977   3.197197    32.9363       3505     2.4334 0.0000e+00
    102.000     5.3185   3.199604    32.9428       3527     2.4485 0.0000e+00
    103.000     5.3220   3.200084    32.9444       3549     2.4639 0.0000e+00
    104.000     5.3225   3.200207    32.9448       3577     2.4834 0.0000e+00
    105.000     5.3243   3.200470    32.9455       3617     2.5112 0.0000e+00
    106.000     5.3258   3.200711    32.9463       3645     2.5303 0.0000e+00
    107.000     5.3292   3.201167    32.9476       3662     2.5425 0.0000e+00
    108.000     5.3325   3.201606    32.9489       3683     2.5569 0.0000e+00
    109.000     5.3355   3.202008    32.9500       3724     2.5857 0.0000e+00
    110.000     5.3376   3.202321    32.9510       3764     2.6132 0.0000e+00
    111.000     5.3388   3.202500    32.9514       3784     2.6269 0.0000e+00
    112.000     5.3407   3.202802    32.9525       3803     2.6401 0.0000e+00
    113.000     5.3415   3.202962    32.9529       3826     2.6566 0.0000e+00
    114.000     5.3468   3.203634    32.9549       3861     2.6805 0.0000e+00
    115.000     5.3550   3.204692    32.9584       3895     2.7039 0.0000e+00
    116.000     5.3603   3.205461    32.9614       3923     2.7234 0.0000e+00
    117.000     5.3619   3.205742    32.9625       3947     2.7405 0.0000e+00
    118.000     5.3649   3.206203    32.9644       3971     2.7569 0.0000e+00
    119.000     5.3719   3.207403    32.9706       4000     2.7770 0.0000e+00
    120.000     5.3803   3.208607    32.9756       4039     2.8038 0.0000e+00
    121.000     5.3938   3.210499    32.9834       4066     2.8231 0.0000e+00
    122.000     5.4067   3.212297    32.9906       4087     2.8373 0.0000e+00
    123.000     5.4167   3.213611    32.9953       4109     2.8527 0.0000e+00
    124.000     5.4230   3.214527    32.9990       4141     2.8747 0.0000e+00
    125.000     5.4257   3.214992    33.0011       4180     2.9018 0.0000e+00
    126.000     5.4286   3.215469    33.0032       4207     2.9211 0.0000e+00
    127.000     5.4403   3.216895    33.0074       4230     2.9365 0.0000e+00
    128.000     5.4538   3.218392    33.0107       4252     2.9520 0.0000e+00
    129.000     5.4647   3.219705    33.0144       4280     2.9717 0.0000e+00
    130.000     5.4672   3.220030    33.0151       4317     2.9970 0.0000e+00
    131.000     5.4735   3.220856    33.0178       4347     3.0178 0.0000e+00
    132.000     5.4843   3.222265    33.0227       4372     3.0351 0.0000e+00
    133.000     5.5097   3.225447    33.0333       4401     3.0553 0.0000e+00
    134.000     5.5320   3.228065    33.0406       4431     3.0767 0.0000e+00
    135.000     5.5616   3.231557    33.0507       4457     3.0942 0.0000e+00
    136.000     5.5899   3.235141    33.0631       4483     3.1126 0.0000e+00
    137.000     5.6349   3.240801    33.0823       4514     3.1341 0.0000e+00
    138.000     5.6630   3.244514    33.0963       4543     3.1542 0.0000e+00
    139.000     5.6687   3.245318    33.0994       4569     3.1722 0.0000e+00
    140.000     5.6779   3.246556    33.1038       4598     3.1924 0.0000e+00
    141.000     5.6797   3.246897    33.1053       4628     3.2132 0.0000e+00
    142.000     5.6852   3.247646    33.1079       4654     3.2312 0.0000e+00
    143.000     5.7029   3.249906    33.1156       4681     3.2502 0.0000e+00
    144.000     5.7137   3.251335    33.1206       4715     3.2735 0.0000e+00
    145.000     5.7349   3.254100    33.1305       4745     3.2947 0.0000e+00
    146.000     5.7459   3.255604    33.1362       4768     3.3104 0.0000e+00
    147.000     5.7543   3.256741    33.1403       4791     3.3265 0.0000e+00
    148.000     5.7569   3.257128    33.1416       4825     3.3497 0.0000e+00
    149.000     5.7592   3.257502    33.1431       4863     3.3763 0.0000e+00
    150.000     5.7606   3.257732    33.1438       4886     3.3925 0.0000e+00
    151.000     5.7615   3.257911    33.1444       4906     3.4063 0.0000e+00
    152.000     5.7609   3.257894    33.1443       4931     3.4233 0.0000e+00
    153.000     5.7596   3.257770    33.1438       4974     3.4533 0.0000e+00
    154.000     5.7625   3.258206    33.1453       5007     3.4763 0.0000e+00
    155.000     5.7683   3.259001    33.1480       5028     3.4908 0.0000e+00
    156.000     5.7711   3.259426    33.1496       5047     3.5043 0.0000e+00
    157.000     5.7751   3.259966    33.1512       5073     3.5222 0.0000e+00
    158.000     5.8018   3.263359    33.1628       5116     3.5523 0.0000e+00
    159.000     5.8273   3.266767    33.1757       5152     3.5769 0.0000e+00
    160.000     5.8247   3.266547    33.1752       5174     3.5924 0.0000e+00
    161.000     5.8466   3.269348    33.1848       5194     3.6060 0.0000e+00
    162.000     5.8497   3.269823    33.1866       5218     3.6228 0.0000e+00
    163.000     5.8528   3.270278    33.1882       5261     3.6531 0.0000e+00
    164.000     5.8504   3.270048    33.1875       5293     3.6752 0.0000e+00
    165.000     5.8604   3.271355    33.1919       5314     3.6898 0.0000e+00
    166.000     5.8618   3.271596    33.1928       5336     3.7051 0.0000e+00
    167.000     5.8740   3.273181    33.1981       5369     3.7276 0.0000e+00
    168.000     5.9092   3.277734    33.2142       5411     3.7571 0.0000e+00
    169.000     5.9116   3.278166    33.2163       5441     3.7778 0.0000e+00
    170.000     5.9098   3.277992    33.2156       5463     3.7928 0.0000e+00
    171.000     5.9242   3.279851    33.2218       5484     3.8076 0.0000e+00
    172.000     5.9319   3.280904    33.2256       5512     3.8274 0.0000e+00
    173.000     5.9413   3.282140    33.2298       5553     3.8558 0.0000e+00
    174.000     5.9483   3.283112    33.2333       5586     3.8782 0.0000e+00
    175.000     5.9523   3.283696    33.2355       5611     3.8958 0.0000e+00
    176.000     5.9587   3.284562    33.2384       5639     3.9153 0.0000e+00
    177.000     5.9899   3.288461    33.2510       5667     3.9347 0.0000e+00
    178.000     6.1705   3.311463    33.3308       5694     3.9538 0.0000e+00
    179.000     6.2297   3.319516    33.3622       5730     3.9785 0.0000e+00
    180.000     6.2734   3.325217    33.3825       5766     4.0037 0.0000e+00
    181.000     6.3109   3.330170    33.4004       5789     4.0195 0.0000e+00
    182.000     6.3168   3.331021    33.4036       5811     4.0346 0.0000e+00
    183.000     6.2942   3.328227    33.3942       5847     4.0596 0.0000e+00
    184.000     6.4351   3.346142    33.4548       5889     4.0891 0.0000e+00
    185.000     6.4828   3.352599    33.4792       5913     4.1058 0.0000e+00
    186.000     6.5656   3.363420    33.5174       5937     4.1221 0.0000e+00
    187.000     6.6004   3.368088    33.5345       5967     4.1430 0.0000e+00
    188.000     6.8115   3.395964    33.6347       6096     4.2329 0.0000e+00
    187.000     6.6744   3.378409    33.5760       6305     4.3777 0.0000e+00
    186.000     6.6630   3.376931    33.5714       6484     4.5023 0.0000e+00
    185.000     6.6066   3.369619    33.5463       6491     4.5071 0.0000e+00
    184.000     6.5784   3.365931    33.5337       6519     4.5266 0.0000e+00
    183.000     6.5444   3.361226    33.5154       6542     4.5427 0.0000e+00
    182.000     6.4851   3.353721    33.4908       6564     4.5579 0.0000e+00
    181.000     6.4116   3.344482    33.4608       6588     4.5745 0.0000e+00
    180.000     6.3527   3.336404    33.4293       6614     4.5921 0.0000e+00
    179.000     6.3140   3.331365    33.4116       6638     4.6093 0.0000e+00
    178.000     6.2495   3.323059    33.3829       6660     4.6241 0.0000e+00
    177.000     6.1939   3.315724    33.3560       6679     4.6376 0.0000e+00
    176.000     6.1636   3.311714    33.3415       6699     4.6514 0.0000e+00
    175.000     6.1331   3.307774    33.3278       6722     4.6674 0.0000e+00
    174.000     6.1041   3.303877    33.3133       6751     4.6876 0.0000e+00
    173.000     6.0866   3.301488    33.3042       6780     4.7079 0.0000e+00
    172.000     6.0183   3.293032    33.2769       6802     4.7230 0.0000e+00
    171.000     5.9542   3.284544    33.2451       6822     4.7367 0.0000e+00
    170.000     5.9350   3.281844    33.2341       6844     4.7521 0.0000e+00
    169.000     5.9283   3.280871    33.2303       6874     4.7730 0.0000e+00
