HB2502/ctd147.cnv
* Sea-Bird SBE 9 Data File:
* FileName = C:\cruise\data\ctd147.hex
* Software Version Seasave V 7.26.7.121
* Temperature SN = 6768
* Conductivity SN = 6166
* Number of Bytes Per Scan = 37
* Number of Voltage Words = 4
* Number of Scans Averaged by the Deck Unit = 1
* NMEA Latitude = 40 06.88 N
* NMEA Longitude = 068 53.27 W
* NMEA UTC (Time) = Apr 12 2025 08:23:45
* NMEA baud rate = 4800
** Ship: Bigelow HB2502
** Program:  Spring Bottom Trawl
** Chief Scientist:Jon Galbraith
# nquan = 7
# nvalues = 338                         
# units = specified
# name 0 = depSM: Depth [salt water, m]
# name 1 = t090C: Temperature [ITS-90, deg C]
# name 2 = c0S/m: Conductivity [S/m]
# name 3 = sal00: Salinity, Practical [PSU]
# name 4 = scan: Scan Count
# name 5 = timeM: Time, Elapsed [minutes]
# name 6 = flag: flag
# span 0 =      1.000,    170.000       
# span 1 =     6.7479,    11.7203       
# span 2 =   2.680643,   3.987448       
# span 3 =    26.4110,    35.1116       
# span 4 =         40,      11916       
# span 5 =     0.0271,     8.2743       
# span 6 = 0.0000e+00, 0.0000e+00       
# interval = meters: 1                  
# start_time = Apr 12 2025 08:23:45 [NMEA time, header]
# bad_flag = -9.990e-29
*END*
      2.000     6.8582   3.324481    32.8949         40     0.0271 0.0000e+00
      3.000     6.8194   3.320254    32.8852        107     0.0733 0.0000e+00
      4.000     6.8140   3.319580    32.8824        269     0.1859 0.0000e+00
      5.000     6.8124   3.318712    32.8739        345     0.2387 0.0000e+00
      6.000     6.8160   3.318804    32.8710        365     0.2527 0.0000e+00
      7.000     6.8161   3.319374    32.8767        425     0.2945 0.0000e+00
      8.000     6.8155   3.319344    32.8765        503     0.3485 0.0000e+00
      9.000     6.8167   3.319426    32.8757        547     0.3789 0.0000e+00
     10.000     6.8253   3.319701    32.8700        678     0.4703 0.0000e+00
     11.000     6.8322   3.320133    32.8677        712     0.4939 0.0000e+00
     12.000     6.8297   3.320752    32.8764        728     0.5049 0.0000e+00
     13.000     6.8356   3.320798    32.8708        742     0.5147 0.0000e+00
     14.000     6.8429   3.321290    32.8687        756     0.5246 0.0000e+00
     15.000     6.8390   3.321815    32.8777        772     0.5353 0.0000e+00
     16.000     6.8379   3.321751    32.8775        793     0.5499 0.0000e+00
     17.000     6.8375   3.321355    32.8730        828     0.5745 0.0000e+00
     18.000     6.8497   3.321394    32.8613        882     0.6119 0.0000e+00
     19.000     6.8556   3.321682    32.8584        930     0.6453 0.0000e+00
     20.000     6.8639   3.323570    32.8706        951     0.6598 0.0000e+00
     21.000     6.8946   3.325142    32.8580        965     0.6692 0.0000e+00
     22.000     6.9120   3.327488    32.8666        977     0.6780 0.0000e+00
     23.000     6.9220   3.329137    32.8747        990     0.6870 0.0000e+00
     24.000     6.9250   3.329499    32.8752       1006     0.6978 0.0000e+00
     25.000     6.8959   3.326372    32.8683       1047     0.7264 0.0000e+00
     26.000     6.8334   3.326594    32.9302       1108     0.7685 0.0000e+00
     27.000     6.8039   3.331893    33.0163       1125     0.7804 0.0000e+00
     28.000     6.7859   3.335773    33.0757       1144     0.7940 0.0000e+00
     29.000     6.7924   3.338238    33.0961       1168     0.8107 0.0000e+00
     30.000     6.8248   3.340949    33.0942       1196     0.8299 0.0000e+00
     31.000     6.8911   3.344953    33.0738       1220     0.8468 0.0000e+00
     32.000     6.9341   3.352683    33.1166       1240     0.8605 0.0000e+00
     33.000     6.9534   3.357425    33.1495       1259     0.8733 0.0000e+00
     34.000     6.9662   3.358470    33.1482       1280     0.8885 0.0000e+00
     35.000     7.0052   3.355518    33.0778       1343     0.9321 0.0000e+00
     36.000     7.0438   3.366706    33.1625       1386     0.9615 0.0000e+00
     37.000     7.0627   3.372988    33.2124       1401     0.9725 0.0000e+00
     38.000     7.0712   3.377828    33.2567       1415     0.9819 0.0000e+00
     39.000     7.0754   3.379585    33.2713       1428     0.9910 0.0000e+00
     40.000     7.0782   3.380084    33.2736       1443     1.0017 0.0000e+00
     41.000     7.0916   3.380721    33.2672       1464     1.0160 0.0000e+00
     42.000     7.1093   3.380664    33.2490       1495     1.0375 0.0000e+00
     43.000     7.1369   3.380608    33.2213       1543     1.0710 0.0000e+00
     44.000     7.1463   3.385663    33.2668       1590     1.1033 0.0000e+00
     45.000     7.1498   3.395279    33.3678       1615     1.1206 0.0000e+00
     46.000     7.1298   3.400360    33.4422       1633     1.1336 0.0000e+00
     47.000     7.1047   3.403384    33.4991       1651     1.1458 0.0000e+00
     48.000     7.0896   3.406507    33.5475       1669     1.1582 0.0000e+00
     49.000     7.0765   3.409708    33.5947       1689     1.1724 0.0000e+00
     50.000     7.0503   3.408598    33.6077       1717     1.1918 0.0000e+00
     51.000     7.0394   3.408528    33.6170       1760     1.2212 0.0000e+00
     52.000     7.0246   3.407621    33.6211       1789     1.2418 0.0000e+00
     53.000     7.0319   3.408352    33.6215       1808     1.2547 0.0000e+00
     54.000     7.0422   3.409665    33.6253       1825     1.2669 0.0000e+00
     55.000     7.0539   3.411007    33.6281       1855     1.2874 0.0000e+00
     56.000     7.0704   3.413073    33.6341       1925     1.3364 0.0000e+00
     57.000     7.0590   3.412160    33.6347       1940     1.3465 0.0000e+00
     58.000     7.0656   3.412844    33.6352       1953     1.3558 0.0000e+00
     59.000     7.0727   3.413779    33.6381       1966     1.3644 0.0000e+00
     60.000     7.0782   3.414477    33.6398       1978     1.3731 0.0000e+00
     61.000     7.0864   3.415575    33.6433       1996     1.3856 0.0000e+00
     62.000     7.0971   3.417002    33.6481       2047     1.4207 0.0000e+00
     63.000     7.1172   3.419589    33.6562       2092     1.4521 0.0000e+00
     64.000     7.1300   3.421407    33.6631       2118     1.4700 0.0000e+00
     65.000     7.1541   3.424495    33.6729       2142     1.4867 0.0000e+00
     66.000     7.2003   3.430597    33.6939       2163     1.5014 0.0000e+00
     67.000     7.2217   3.433880    33.7083       2181     1.5142 0.0000e+00
     68.000     7.2432   3.436858    33.7193       2201     1.5276 0.0000e+00
     69.000     7.2572   3.438965    33.7281       2230     1.5478 0.0000e+00
     70.000     7.2562   3.439442    33.7338       2273     1.5778 0.0000e+00
     71.000     7.3082   3.445226    33.7456       2302     1.5977 0.0000e+00
     72.000     7.3487   3.449670    33.7538       2321     1.6113 0.0000e+00
     73.000     7.3842   3.453767    33.7633       2339     1.6233 0.0000e+00
     74.000     7.3860   3.454060    33.7643       2357     1.6363 0.0000e+00
     75.000     8.2264   3.544768    33.9216       2386     1.6560 0.0000e+00
     76.000     8.6026   3.590530    34.0449       2431     1.6874 0.0000e+00
     77.000     8.7107   3.603274    34.0744       2464     1.7107 0.0000e+00
     78.000     8.7898   3.613591    34.1063       2488     1.7267 0.0000e+00
     79.000     8.8377   3.619949    34.1265       2515     1.7455 0.0000e+00
     80.000     8.8416   3.621815    34.1417       2547     1.7679 0.0000e+00
     81.000     8.7251   3.610897    34.1389       2568     1.7828 0.0000e+00
     82.000     8.6273   3.601062    34.1292       2584     1.7938 0.0000e+00
     83.000     8.6241   3.600917    34.1303       2598     1.8036 0.0000e+00
     84.000     8.6391   3.603253    34.1399       2613     1.8137 0.0000e+00
     85.000     8.6418   3.604029    34.1450       2665     1.8498 0.0000e+00
     86.000     8.7420   3.615058    34.1640       2738     1.9007 0.0000e+00
     87.000     8.7989   3.621763    34.1791       2753     1.9113 0.0000e+00
     88.000     9.2997   3.679510    34.2983       2766     1.9202 0.0000e+00
     89.000     9.7522   3.733089    34.4191       2778     1.9283 0.0000e+00
     90.000    10.1699   3.781391    34.5133       2788     1.9357 0.0000e+00
     91.000    10.3744   3.805650    34.5644       2800     1.9437 0.0000e+00
     92.000    10.4518   3.817415    34.6093       2853     1.9803 0.0000e+00
     93.000    10.6056   3.836520    34.6554       2917     2.0248 0.0000e+00
     94.000    10.6912   3.847014    34.6793       2929     2.0336 0.0000e+00
     95.000    10.7599   3.855776    34.7016       2942     2.0426 0.0000e+00
     96.000    10.6952   3.849063    34.6952       2958     2.0532 0.0000e+00
     97.000    11.1178   3.901108    34.8138       2990     2.0755 0.0000e+00
     98.000    11.4950   3.948427    34.9269       3042     2.1118 0.0000e+00
     99.000    11.5666   3.957508    34.9482       3061     2.1250 0.0000e+00
    100.000    11.5632   3.957545    34.9514       3078     2.1366 0.0000e+00
    101.000    11.5604   3.957477    34.9529       3096     2.1494 0.0000e+00
    102.000    11.5496   3.956515    34.9532       3122     2.1676 0.0000e+00
    103.000    11.5418   3.955995    34.9550       3164     2.1963 0.0000e+00
    104.000    11.5315   3.955190    34.9563       3206     2.2254 0.0000e+00
    105.000    11.5256   3.954796    34.9575       3229     2.2416 0.0000e+00
    106.000    11.5289   3.955513    34.9611       3247     2.2544 0.0000e+00
    107.000    11.5182   3.954500    34.9607       3268     2.2685 0.0000e+00
    108.000    11.4880   3.951384    34.9581       3297     2.2892 0.0000e+00
    109.000    11.4951   3.952580    34.9628       3333     2.3136 0.0000e+00
    110.000    11.4541   3.948629    34.9620       3356     2.3298 0.0000e+00
    111.000    11.4914   3.954379    34.9831       3375     2.3430 0.0000e+00
    112.000    11.6237   3.972594    35.0372       3399     2.3595 0.0000e+00
    113.000    11.6754   3.980335    35.0641       3448     2.3939 0.0000e+00
    114.000    11.7112   3.986187    35.0873       3484     2.4189 0.0000e+00
    115.000    11.6695   3.984572    35.1104       3504     2.4324 0.0000e+00
    116.000    11.5636   3.974201    35.1082       3521     2.4444 0.0000e+00
    117.000    11.4692   3.964138    35.0979       3539     2.4572 0.0000e+00
    118.000    11.3914   3.955592    35.0868       3567     2.4763 0.0000e+00
    119.000    11.2742   3.943137    35.0743       3610     2.5060 0.0000e+00
    120.000    11.2267   3.938224    35.0702       3644     2.5296 0.0000e+00
    121.000    11.1946   3.935609    35.0743       3670     2.5478 0.0000e+00
    122.000    11.2077   3.937945    35.0846       3692     2.5631 0.0000e+00
    123.000    11.1897   3.937606    35.0979       3713     2.5775 0.0000e+00
    124.000    10.9753   3.916169    35.0883       3734     2.5926 0.0000e+00
    125.000    10.8379   3.901160    35.0691       3759     2.6095 0.0000e+00
    126.000    10.8226   3.899137    35.0630       3795     2.6344 0.0000e+00
    127.000    10.8130   3.897796    35.0583       3863     2.6820 0.0000e+00
    128.000    10.8051   3.896941    35.0567       3885     2.6970 0.0000e+00
    129.000    10.8058   3.897074    35.0570       3899     2.7069 0.0000e+00
    130.000    10.8185   3.898458    35.0583       3911     2.7155 0.0000e+00
    131.000    10.8041   3.896843    35.0554       3923     2.7234 0.0000e+00
    132.000    10.7984   3.896224    35.0542       3936     2.7326 0.0000e+00
    133.000    10.8110   3.897613    35.0556       4005     2.7807 0.0000e+00
    134.000    10.8044   3.896911    35.0545       4063     2.8205 0.0000e+00
    135.000    10.7967   3.896093    35.0532       4071     2.8262 0.0000e+00
    136.000    10.8061   3.897122    35.0540       4083     2.8350 0.0000e+00
    137.000    10.7897   3.895270    35.0507       4099     2.8459 0.0000e+00
    138.000    10.7939   3.895712    35.0506       4131     2.8683 0.0000e+00
    139.000    10.8016   3.896588    35.0516       4181     2.9026 0.0000e+00
    140.000    10.8033   3.896838    35.0521       4206     2.9199 0.0000e+00
    141.000    10.7782   3.894093    35.0481       4227     2.9348 0.0000e+00
    142.000    10.7680   3.892907    35.0455       4252     2.9519 0.0000e+00
    143.000    10.7995   3.896564    35.0515       4286     2.9759 0.0000e+00
    144.000    10.8091   3.897869    35.0550       4323     3.0017 0.0000e+00
    145.000    10.7255   3.888329    35.0388       4357     3.0251 0.0000e+00
    146.000    10.6959   3.884897    35.0322       4384     3.0437 0.0000e+00
    147.000    10.7003   3.885372    35.0323       4404     3.0574 0.0000e+00
    148.000    10.6727   3.882275    35.0272       4421     3.0691 0.0000e+00
    149.000    10.6708   3.882060    35.0263       4438     3.0810 0.0000e+00
    150.000    10.6767   3.882637    35.0260       4461     3.0970 0.0000e+00
    151.000    10.6724   3.882204    35.0254       4530     3.1454 0.0000e+00
    152.000    10.6363   3.878256    35.0198       4567     3.1705 0.0000e+00
    153.000    10.6186   3.876463    35.0182       4585     3.1835 0.0000e+00
    154.000    10.6136   3.875955    35.0174       4605     3.1970 0.0000e+00
    155.000    10.6111   3.875711    35.0169       4626     3.2120 0.0000e+00
    156.000    10.6090   3.875532    35.0167       4651     3.2289 0.0000e+00
    157.000    10.6001   3.874804    35.0174       4678     3.2481 0.0000e+00
    158.000    10.5861   3.873632    35.0186       4706     3.2674 0.0000e+00
    159.000    10.5767   3.872838    35.0191       4733     3.2859 0.0000e+00
    160.000    10.5393   3.870217    35.0282       4773     3.3140 0.0000e+00
    161.000    10.5080   3.868953    35.0450       4818     3.3453 0.0000e+00
    162.000    10.5022   3.869549    35.0561       4839     3.3596 0.0000e+00
    163.000    10.4977   3.869706    35.0616       4855     3.3711 0.0000e+00
    164.000    10.4847   3.869336    35.0699       4875     3.3850 0.0000e+00
    165.000    10.4771   3.869026    35.0736       4925     3.4191 0.0000e+00
    166.000    10.4618   3.868199    35.0796       4964     3.4468 0.0000e+00
    167.000    10.4393   3.866753    35.0861       4980     3.4574 0.0000e+00
    168.000    10.4235   3.865634    35.0896       4992     3.4661 0.0000e+00
    169.000    10.4117   3.864738    35.0914       5010     3.4781 0.0000e+00
    170.000    10.4186   3.865249    35.0895       5046     3.5035 0.0000e+00
    169.000    10.4129   3.864803    35.0909       5039     3.4989 0.0000e+00
    168.000    10.4157   3.864936    35.0900       5058     3.5118 0.0000e+00
    167.000    10.4256   3.865595    35.0876       5074     3.5226 0.0000e+00
    166.000    10.4619   3.867969    35.0771       5395     3.7456 0.0000e+00
    165.000    10.4754   3.868680    35.0718       5667     3.9349 0.0000e+00
    164.000    10.4819   3.868930    35.0685       5826     4.0452 0.0000e+00
    163.000    10.5012   3.868940    35.0504       6183     4.2932 0.0000e+00
    162.000    10.5034   3.868400    35.0433       6305     4.3781 0.0000e+00
    161.000    10.5064   3.868069    35.0376       6316     4.3851 0.0000e+00
    160.000    10.5150   3.867999    35.0290       6328     4.3938 0.0000e+00
    159.000    10.5367   3.869013    35.0189       6340     4.4022 0.0000e+00
    158.000    10.5620   3.870882    35.0140       6355     4.4128 0.0000e+00
    157.000    10.5891   3.873465    35.0145       6407     4.4486 0.0000e+00
    156.000    10.5889   3.873385    35.0143       6446     4.4754 0.0000e+00
    155.000    10.5896   3.873280    35.0131       6457     4.4832 0.0000e+00
    154.000    10.5918   3.873253    35.0111       6469     4.4920 0.0000e+00
    153.000    10.6021   3.874157    35.0108       6484     4.5021 0.0000e+00
    152.000    10.6137   3.875337    35.0120       6516     4.5243 0.0000e+00
    151.000    10.6134   3.875283    35.0122       6568     4.5601 0.0000e+00
    150.000    10.6131   3.875198    35.0121       6584     4.5712 0.0000e+00
    149.000    10.6089   3.874705    35.0116       6598     4.5813 0.0000e+00
    148.000    10.6098   3.874728    35.0115       6613     4.5916 0.0000e+00
    147.000    10.6149   3.875283    35.0126       6633     4.6053 0.0000e+00
    146.000    10.6153   3.875285    35.0127       6664     4.6274 0.0000e+00
    145.000    10.6307   3.876957    35.0152       6695     4.6486 0.0000e+00
    144.000    10.6550   3.879633    35.0193       6718     4.6643 0.0000e+00
    143.000    10.6812   3.882614    35.0247       6741     4.6805 0.0000e+00
    142.000    10.7085   3.885735    35.0304       6777     4.7055 0.0000e+00
    141.000    10.7222   3.887309    35.0335       6812     4.7300 0.0000e+00
    140.000    10.7282   3.888019    35.0354       6833     4.7446 0.0000e+00
    139.000    10.7462   3.890051    35.0390       6850     4.7563 0.0000e+00
    138.000    10.7588   3.891465    35.0416       6867     4.7682 0.0000e+00
    137.000    10.7609   3.891702    35.0424       6887     4.7817 0.0000e+00
    136.000    10.7670   3.892371    35.0438       6911     4.7988 0.0000e+00
    135.000    10.7736   3.893123    35.0455       6943     4.8212 0.0000e+00
    134.000    10.7737   3.893134    35.0459       6978     4.8451 0.0000e+00
