HB2502/ctd174.cnv
* Sea-Bird SBE 9 Data File:
* FileName = C:\cruise\data\ctd174.hex
* Software Version Seasave V 7.26.7.121
* Temperature SN = 4591
* Conductivity SN = 6006
* Number of Bytes Per Scan = 37
* Number of Voltage Words = 4
* Number of Scans Averaged by the Deck Unit = 1
* NMEA Latitude = 40 55.59 N
* NMEA Longitude = 066 32.91 W
* NMEA UTC (Time) = May 04 2025 03:14:19
* NMEA baud rate = 4800
** Ship: Bigelow HB2502
** Program:  Spring Bottom Trawl
** Chief Scientist:Jon Galbraith
# nquan = 10
# nvalues = 380                         
# units = specified
# name 0 = depSM: Depth [salt water, m]
# name 1 = t090C: Temperature [ITS-90, deg C]
# name 2 = c0S/m: Conductivity [S/m]
# name 3 = sal00: Salinity, Practical [PSU]
# name 4 = scan: Scan Count
# name 5 = timeM: Time, Elapsed [minutes]
# name 6 = sbeox0Mg/L: Oxygen, SBE 43 [mg/l]
# name 7 = sbeox1Mg/L: Oxygen, SBE 43, 2 [mg/l]
# name 8 = par: PAR/Irradiance, Biospherical/Licor
# name 9 = flag: flag
# span 0 =      3.000,    193.000       
# span 1 =    11.1073,    18.2196       
# span 2 =   3.755052,   4.723718       
# span 3 =    33.3899,    35.9373       
# span 4 =        216,      11317       
# span 5 =     0.1494,     7.8580       
# span 6 =     4.9695,     9.2717       
# span 7 =     5.1092,     9.5167       
# span 8 = 1.0000e-12, 1.5167e+01       
# span 9 = 0.0000e+00, 0.0000e+00       
# interval = meters: 1                  
# start_time = May 04 2025 03:14:19 [NMEA time, header]
# bad_flag = -9.990e-29
*END*
      4.000    11.2029   3.763095    33.4076        216     0.1494     9.1404     9.4188 8.4668e+00 0.0000e+00
      5.000    11.1858   3.761747    33.4094        348     0.2409     9.1449     9.3975 6.5021e+00 0.0000e+00
      6.000    11.1937   3.761247    33.3968        367     0.2539     9.1938     9.3628 5.4679e+00 0.0000e+00
      7.000    11.2370   3.766684    33.4108        397     0.2748     9.2471     9.3879 3.7926e+00 0.0000e+00
      8.000    11.3921   3.780363    33.4046        443     0.3068     9.1963     9.4218 2.9206e+00 0.0000e+00
      9.000    11.7120   3.822766    33.5309        467     0.3237     9.1062     9.3508 2.1503e+00 0.0000e+00
     10.000    11.8549   3.836964    33.5399        487     0.3374     9.1374     9.3929 1.8276e+00 0.0000e+00
     11.000    12.0906   3.864887    33.5983        508     0.3518     9.1209     9.3495 1.4718e+00 0.0000e+00
     12.000    12.3355   3.896598    33.6840        533     0.3697     9.0048     9.2748 1.1189e+00 0.0000e+00
     13.000    12.4362   3.911558    33.7372        564     0.3913     8.9405     9.1912 8.9900e-01 0.0000e+00
     14.000    12.6169   3.933175    33.7819        594     0.4118     8.8205     9.0360 7.5147e-01 0.0000e+00
     15.000    12.7462   3.949599    33.8224        622     0.4312     8.7434     9.0053 6.2086e-01 0.0000e+00
     16.000    12.8520   3.963652    33.8612        651     0.4510     8.7560     8.9628 5.0817e-01 0.0000e+00
     17.000    12.9601   3.976964    33.8907        678     0.4699     8.6985     8.9173 4.1182e-01 0.0000e+00
     18.000    13.0807   3.992189    33.9268        701     0.4865     8.6331     8.8735 3.2243e-01 0.0000e+00
     19.000    13.4828   4.038828    34.0071        726     0.5036     8.5682     8.8037 2.9251e-01 0.0000e+00
     20.000    14.1292   4.126491    34.2495        756     0.5241     8.4860     8.7767 2.2608e-01 0.0000e+00
     21.000    14.5260   4.183333    34.4215        786     0.5449     8.4672     8.7744 1.8711e-01 0.0000e+00
     22.000    14.9756   4.242035    34.5592        812     0.5630     8.3410     8.5825 1.5271e-01 0.0000e+00
     23.000    15.4549   4.307338    34.7266        836     0.5801     8.1824     8.4446 1.1693e-01 0.0000e+00
     24.000    16.3682   4.432344    35.0375        862     0.5978     8.0443     8.3405 9.1126e-02 0.0000e+00
     25.000    17.0409   4.537296    35.3688        890     0.6173     7.9527     8.2914 7.9407e-02 0.0000e+00
     26.000    17.2200   4.568761    35.4858        923     0.6402     7.9088     8.1519 4.1225e-02 0.0000e+00
     27.000    17.2809   4.579087    35.5216        954     0.6615     7.7176     7.9297 2.6805e-02 0.0000e+00
     28.000    17.3419   4.588733    35.5514        978     0.6783     7.6497     7.8695 1.6281e-02 0.0000e+00
     29.000    17.4164   4.600154    35.5846        999     0.6933     7.6648     7.8708 4.4698e-03 0.0000e+00
     30.000    17.6585   4.633102    35.6565       1023     0.7096     7.6384     7.8415 3.8481e-05 0.0000e+00
     31.000    17.7130   4.644834    35.7095       1058     0.7342     7.6356     7.8531 1.0000e-12 0.0000e+00
     32.000    17.7418   4.650244    35.7305       1098     0.7617     7.5588     7.8007 1.0000e-12 0.0000e+00
     33.000    17.7412   4.650468    35.7325       1120     0.7773     7.5250     7.7712 1.0000e-12 0.0000e+00
     34.000    17.7496   4.651914    35.7372       1139     0.7905     7.5219     7.7750 1.0000e-12 0.0000e+00
     35.000    17.7680   4.654716    35.7447       1161     0.8054     7.5286     7.7711 1.0000e-12 0.0000e+00
     36.000    17.7799   4.657235    35.7556       1196     0.8298     7.5551     7.7491 1.0000e-12 0.0000e+00
     37.000    17.8218   4.663171    35.7695       1232     0.8551     7.5204     7.7285 1.0000e-12 0.0000e+00
     38.000    17.8564   4.668817    35.7873       1259     0.8737     7.5193     7.7329 1.0000e-12 0.0000e+00
     39.000    17.8822   4.672538    35.7962       1282     0.8898     7.5122     7.7489 1.0000e-12 0.0000e+00
     40.000    17.8995   4.675577    35.8067       1305     0.9056     7.5374     7.7359 1.0000e-12 0.0000e+00
     41.000    17.9037   4.676564    35.8112       1331     0.9239     7.5252     7.7227 1.0000e-12 0.0000e+00
     42.000    17.9205   4.679439    35.8207       1365     0.9474     7.4948     7.7043 1.0000e-12 0.0000e+00
     43.000    17.9522   4.683931    35.8310       1398     0.9703     7.4866     7.7002 1.0000e-12 0.0000e+00
     44.000    18.0467   4.698128    35.8694       1425     0.9885     7.4624     7.6926 1.0000e-12 0.0000e+00
     45.000    18.0362   4.698971    35.8854       1449     1.0054     7.4151     7.6830 1.0000e-12 0.0000e+00
     46.000    17.9564   4.688260    35.8633       1475     1.0235     7.4069     7.6250 1.0000e-12 0.0000e+00
     47.000    17.9321   4.684987    35.8562       1503     1.0431     7.3750     7.5533 1.0000e-12 0.0000e+00
     48.000    17.8944   4.680727    35.8524       1530     1.0620     7.3534     7.5465 1.0000e-12 0.0000e+00
     49.000    17.8232   4.671435    35.8347       1557     1.0807     7.3465     7.5407 1.0000e-12 0.0000e+00
     50.000    17.7868   4.666401    35.8230       1587     1.1013     7.3747     7.5599 1.0000e-12 0.0000e+00
     51.000    17.6446   4.649941    35.8060       1618     1.1228     7.3813     7.5697 1.0000e-12 0.0000e+00
     52.000    17.4379   4.622713    35.7524       1644     1.1411     7.3846     7.5532 1.0000e-12 0.0000e+00
     53.000    17.3221   4.607794    35.7247       1667     1.1570     7.3658     7.5245 1.0000e-12 0.0000e+00
     54.000    17.2087   4.592097    35.6880       1691     1.1739     7.3293     7.5304 1.0000e-12 0.0000e+00
     55.000    17.0112   4.569558    35.6656       1721     1.1947     7.3353     7.5136 1.0000e-12 0.0000e+00
     56.000    16.4071   4.492298    35.5220       1752     1.2159     7.4339     7.5966 1.0000e-12 0.0000e+00
     57.000    16.2766   4.472329    35.4608       1779     1.2345     7.3663     7.5381 1.0000e-12 0.0000e+00
     58.000    16.2427   4.469331    35.4639       1805     1.2527     7.4073     7.5818 1.0000e-12 0.0000e+00
     59.000    15.8663   4.421468    35.3726       1833     1.2724     7.5351     7.6935 1.0000e-12 0.0000e+00
     60.000    15.8052   4.412046    35.3424       1862     1.2923     7.5069     7.6169 1.0000e-12 0.0000e+00
     61.000    15.6754   4.397039    35.3234       1888     1.3107     7.5293     7.6728 1.0000e-12 0.0000e+00
     62.000    15.5053   4.374451    35.2719       1913     1.3276     7.5755     7.7303 1.0000e-12 0.0000e+00
     63.000    15.5001   4.373551    35.2680       1939     1.3455     7.5096     7.6919 1.0000e-12 0.0000e+00
     64.000    15.4898   4.372450    35.2669       1968     1.3662     7.4828     7.6991 1.0000e-12 0.0000e+00
     65.000    15.4446   4.366319    35.2517       1999     1.3873     7.5263     7.7063 1.0000e-12 0.0000e+00
     66.000    15.3370   4.354391    35.2399       2027     1.4069     7.5695     7.7266 1.0000e-12 0.0000e+00
     67.000    15.2235   4.339370    35.2053       2053     1.4250     7.5566     7.7314 1.0000e-12 0.0000e+00
     68.000    15.1600   4.331809    35.1933       2079     1.4433     7.5373     7.7297 1.0000e-12 0.0000e+00
     69.000    15.1061   4.323813    35.1686       2105     1.4613     7.5556     7.7336 1.0000e-12 0.0000e+00
     70.000    15.0801   4.322492    35.1795       2132     1.4801     7.5705     7.7154 1.0000e-12 0.0000e+00
     71.000    14.7810   4.285109    35.1071       2162     1.5004     7.6105     7.7539 1.0000e-12 0.0000e+00
     72.000    14.7068   4.276338    35.0932       2191     1.5210     7.5712     7.6983 1.0000e-12 0.0000e+00
     73.000    14.1696   4.215770    35.0199       2219     1.5402     7.6254     7.8029 1.0000e-12 0.0000e+00
     74.000    13.8541   4.174379    34.9208       2244     1.5575     7.6356     7.7769 1.0000e-12 0.0000e+00
     75.000    13.7879   4.164673    34.8898       2267     1.5739     7.6046     7.7008 1.0000e-12 0.0000e+00
     76.000    13.8064   4.166006    34.8850       2293     1.5917     7.6146     7.7295 1.0000e-12 0.0000e+00
     77.000    13.8314   4.168729    34.8873       2326     1.6144     7.5981     7.7857 1.0000e-12 0.0000e+00
     78.000    13.8312   4.168737    34.8872       2361     1.6390     7.6316     7.8269 1.0000e-12 0.0000e+00
     79.000    13.8221   4.167451    34.8830       2387     1.6572     7.6522     7.8223 1.0000e-12 0.0000e+00
     80.000    13.8233   4.167403    34.8810       2409     1.6724     7.6156     7.8098 1.0000e-12 0.0000e+00
     81.000    13.8345   4.169893    34.8937       2431     1.6874     7.6292     7.8066 1.0000e-12 0.0000e+00
     82.000    13.6961   4.153398    34.8648       2456     1.7048     7.6780     7.8413 1.0000e-12 0.0000e+00
     83.000    13.6525   4.147784    34.8514       2489     1.7276     7.6235     7.8023 1.0000e-12 0.0000e+00
     84.000    13.6071   4.142019    34.8381       2522     1.7507     7.6023     7.7856 1.0000e-12 0.0000e+00
     85.000    13.5283   4.133379    34.8283       2549     1.7693     7.6379     7.8069 1.0000e-12 0.0000e+00
     86.000    13.3605   4.114068    34.7989       2572     1.7855     7.6541     7.8325 1.0000e-12 0.0000e+00
     87.000    13.3625   4.113030    34.7869       2595     1.8011     7.6426     7.7858 1.0000e-12 0.0000e+00
     88.000    13.3260   4.111880    34.8090       2620     1.8187     7.6245     7.7845 1.0000e-12 0.0000e+00
     89.000    13.2372   4.101554    34.7920       2651     1.8403     7.5909     7.7591 1.0000e-12 0.0000e+00
     90.000    13.1911   4.096659    34.7873       2683     1.8623     7.4872     7.6172 1.0000e-12 0.0000e+00
     91.000    13.1632   4.093371    34.7813       2708     1.8798     7.3605     7.5464 1.0000e-12 0.0000e+00
     92.000    13.1659   4.093606    34.7806       2731     1.8956     7.3517     7.5286 1.0000e-12 0.0000e+00
     93.000    13.1764   4.095203    34.7858       2756     1.9131     7.3437     7.5225 1.0000e-12 0.0000e+00
     94.000    13.1835   4.096494    34.7911       2786     1.9339     7.3286     7.5114 1.0000e-12 0.0000e+00
     95.000    13.1756   4.095907    34.7923       2814     1.9536     7.3175     7.5053 1.0000e-12 0.0000e+00
     96.000    13.1982   4.099398    34.8043       2839     1.9710     7.2843     7.4832 1.0000e-12 0.0000e+00
     97.000    13.3151   4.116034    34.8544       2864     1.9879     7.2452     7.4344 1.0000e-12 0.0000e+00
     98.000    13.3618   4.125247    34.8984       2889     2.0059     7.2471     7.4008 1.0000e-12 0.0000e+00
     99.000    13.3657   4.127816    34.9187       2917     2.0250     7.1949     7.2973 1.0000e-12 0.0000e+00
    100.000    13.3566   4.127424    34.9228       2946     2.0449     7.0531     7.2043 1.0000e-12 0.0000e+00
    101.000    13.3537   4.127172    34.9227       2974     2.0647     6.9716     7.1751 1.0000e-12 0.0000e+00
    102.000    13.3731   4.128880    34.9207       3001     2.0835     6.9547     7.1549 1.0000e-12 0.0000e+00
    103.000    13.4248   4.136768    34.9473       3026     2.1005     6.9686     7.1505 1.0000e-12 0.0000e+00
    104.000    13.4833   4.142264    34.9452       3049     2.1167     6.9891     7.1692 1.0000e-12 0.0000e+00
    105.000    13.6163   4.160108    34.9910       3074     2.1338     7.0239     7.1879 1.0000e-12 0.0000e+00
    106.000    13.8835   4.193040    35.0550       3102     2.1533     7.0319     7.1972 1.0000e-12 0.0000e+00
    107.000    14.0107   4.210858    35.1049       3131     2.1737     7.0404     7.2705 1.0000e-12 0.0000e+00
    108.000    14.0424   4.215382    35.1176       3159     2.1934     7.0527     7.2822 1.0000e-12 0.0000e+00
    109.000    14.2107   4.235570    35.1514       3186     2.2118     7.0096     7.2012 1.0000e-12 0.0000e+00
    110.000    14.4002   4.261829    35.2218       3211     2.2290     6.9746     7.1722 1.0000e-12 0.0000e+00
    111.000    14.3882   4.263878    35.2513       3235     2.2456     7.0193     7.1972 1.0000e-12 0.0000e+00
    112.000    14.2464   4.247947    35.2326       3259     2.2628     7.0061     7.1701 1.0000e-12 0.0000e+00
    113.000    14.1010   4.229172    35.1905       3286     2.2816     6.9176     7.0538 1.0000e-12 0.0000e+00
    114.000    14.1111   4.230538    35.1935       3315     2.3015     6.8223     6.9743 1.0000e-12 0.0000e+00
    115.000    14.0737   4.227151    35.1958       3342     2.3203     6.8131     6.9919 1.0000e-12 0.0000e+00
    116.000    14.0031   4.219028    35.1842       3369     2.3386     6.8236     6.9867 1.0000e-12 0.0000e+00
    117.000    13.9507   4.214182    35.1865       3395     2.3572     6.8086     6.9431 1.0000e-12 0.0000e+00
    118.000    13.8869   4.207723    35.1841       3422     2.3760     6.7652     6.9118 1.0000e-12 0.0000e+00
    119.000    13.8694   4.206553    35.1889       3448     2.3937     6.7364     6.8728 1.0000e-12 0.0000e+00
    120.000    13.9255   4.213318    35.2003       3472     2.4103     6.6647     6.8169 1.0000e-12 0.0000e+00
    121.000    14.0167   4.226162    35.2362       3496     2.4269     6.6027     6.7888 1.0000e-12 0.0000e+00
    122.000    14.0943   4.237108    35.2667       3522     2.4451     6.5881     6.7832 1.0000e-12 0.0000e+00
    123.000    14.1719   4.248448    35.3007       3550     2.4649     6.5702     6.7402 1.0000e-12 0.0000e+00
    124.000    14.2075   4.253193    35.3119       3578     2.4837     6.5311     6.6957 1.0000e-12 0.0000e+00
    125.000    14.2604   4.260895    35.3345       3604     2.5020     6.4694     6.6653 1.0000e-12 0.0000e+00
    126.000    14.2954   4.266913    35.3579       3633     2.5221     6.4333     6.6561 1.0000e-12 0.0000e+00
    127.000    14.3030   4.268887    35.3688       3662     2.5426     6.4470     6.6183 1.0000e-12 0.0000e+00
    128.000    14.2910   4.267244    35.3642       3688     2.5605     6.4276     6.5820 1.0000e-12 0.0000e+00
    129.000    14.2962   4.268279    35.3685       3711     2.5761     6.3839     6.5576 1.0000e-12 0.0000e+00
    130.000    14.2954   4.268640    35.3723       3733     2.5917     6.3864     6.5547 1.0000e-12 0.0000e+00
    131.000    14.2890   4.268471    35.3761       3758     2.6092     6.3982     6.5546 1.0000e-12 0.0000e+00
    132.000    14.2862   4.268503    35.3785       3789     2.6306     6.4005     6.5544 1.0000e-12 0.0000e+00
    133.000    14.2886   4.269423    35.3845       3821     2.6528     6.3826     6.5502 1.0000e-12 0.0000e+00
    134.000    14.2726   4.267740    35.3831       3848     2.6712     6.3962     6.5424 1.0000e-12 0.0000e+00
    135.000    14.2707   4.268139    35.3881       3872     2.6879     6.3605     6.5317 1.0000e-12 0.0000e+00
    136.000    14.2913   4.274812    35.4308       3897     2.7055     6.3337     6.5211 1.0000e-12 0.0000e+00
    137.000    14.3609   4.284926    35.4602       3924     2.7242     6.3408     6.5069 1.0000e-12 0.0000e+00
    138.000    14.3413   4.284071    35.4698       3949     2.7417     6.3376     6.4812 1.0000e-12 0.0000e+00
    139.000    14.3112   4.280653    35.4654       3974     2.7592     6.2968     6.4470 1.0000e-12 0.0000e+00
    140.000    14.3033   4.280637    35.4721       4005     2.7803     6.2378     6.4186 1.0000e-12 0.0000e+00
    141.000    14.3650   4.289768    35.4997       4038     2.8032     6.2313     6.4264 1.0000e-12 0.0000e+00
    142.000    14.4075   4.296820    35.5255       4064     2.8216     6.2561     6.4190 1.0000e-12 0.0000e+00
    143.000    14.4054   4.296921    35.5280       4086     2.8372     6.2438     6.3942 1.0000e-12 0.0000e+00
    144.000    14.3900   4.295495    35.5285       4109     2.8525     6.1964     6.3544 1.0000e-12 0.0000e+00
    145.000    14.3994   4.297386    35.5369       4134     2.8704     6.1686     6.3117 1.0000e-12 0.0000e+00
    146.000    14.4397   4.303556    35.5566       4163     2.8903     6.1685     6.3166 1.0000e-12 0.0000e+00
    147.000    14.5099   4.312595    35.5753       4191     2.9100     6.1742     6.3531 1.0000e-12 0.0000e+00
