HB2502/ctd156.cnv
* Sea-Bird SBE 9 Data File:
* FileName = C:\cruise\data\ctd156.hex
* Software Version Seasave V 7.26.7.121
* Temperature SN = 6768
* Conductivity SN = 6166
* Number of Bytes Per Scan = 37
* Number of Voltage Words = 4
* Number of Scans Averaged by the Deck Unit = 1
* NMEA Latitude = 41 56.20 N
* NMEA Longitude = 068 27.85 W
* NMEA UTC (Time) = Apr 15 2025 12:06:59
* NMEA baud rate = 4800
** Ship: Bigelow HB2502
** Program:  Spring Bottom Trawl
** Chief Scientist:Jon Galbraith
# nquan = 7
# nvalues = 335                         
# units = specified
# name 0 = depSM: Depth [salt water, m]
# name 1 = t090C: Temperature [ITS-90, deg C]
# name 2 = c0S/m: Conductivity [S/m]
# name 3 = sal00: Salinity, Practical [PSU]
# name 4 = scan: Scan Count
# name 5 = timeM: Time, Elapsed [minutes]
# name 6 = flag: flag
# span 0 =      1.000,    169.000       
# span 1 =     5.4774,     6.1638       
# span 2 =   3.199485,   3.307308       
# span 3 =    32.7833,    33.2955       
# span 4 =         13,      10968       
# span 5 =     0.0085,     7.6161       
# span 6 = 0.0000e+00, 0.0000e+00       
# interval = meters: 1                  
# start_time = Apr 15 2025 12:06:59 [NMEA time, header]
# bad_flag = -9.990e-29
*END*
[from data line 206]
    129.000     6.0613   3.289477    33.2163       6782     4.7093 0.0000e+00
    128.000     6.0543   3.288577    33.2136       6808     4.7269 0.0000e+00
    127.000     6.0446   3.287327    33.2095       6831     4.7429 0.0000e+00
    126.000     6.0326   3.285663    33.2032       6854     4.7589 0.0000e+00
    125.000     6.0226   3.284406    33.1993       6881     4.7776 0.0000e+00
    124.000     6.0030   3.281899    33.1909       6912     4.7993 0.0000e+00
    123.000     5.9864   3.279942    33.1857       6943     4.8208 0.0000e+00
    122.000     5.9563   3.276026    33.1718       6969     4.8387 0.0000e+00
    121.000     5.9413   3.274117    33.1656       6990     4.8537 0.0000e+00
    120.000     5.9370   3.273474    33.1630       7010     4.8675 0.0000e+00
    119.000     5.9303   3.272571    33.1599       7031     4.8821 0.0000e+00
    118.000     5.9191   3.271127    33.1552       7057     4.9001 0.0000e+00
    117.000     5.9124   3.270373    33.1538       7092     4.9244 0.0000e+00
    116.000     5.8860   3.267284    33.1454       7123     4.9461 0.0000e+00
    115.000     5.8538   3.262934    33.1285       7148     4.9631 0.0000e+00
    114.000     5.8315   3.260120    33.1191       7171     4.9790 0.0000e+00
    113.000     5.8174   3.258448    33.1147       7194     4.9955 0.0000e+00
    112.000     5.8003   3.256495    33.1099       7219     5.0124 0.0000e+00
    111.000     5.7759   3.253086    33.0959       7244     5.0298 0.0000e+00
    110.000     5.7483   3.249699    33.0853       7269     5.0470 0.0000e+00
    109.000     5.7261   3.246893    33.0758       7293     5.0641 0.0000e+00
    108.000     5.7087   3.244570    33.0671       7320     5.0830 0.0000e+00
    107.000     5.6779   3.240740    33.0546       7352     5.1049 0.0000e+00
    106.000     5.6498   3.237170    33.0423       7381     5.1247 0.0000e+00
    105.000     5.6155   3.232730    33.0261       7403     5.1404 0.0000e+00
    104.000     5.6047   3.230948    33.0170       7423     5.1545 0.0000e+00
    103.000     5.5985   3.230065    33.0137       7445     5.1694 0.0000e+00
    102.000     5.5837   3.228281    33.0084       7472     5.1882 0.0000e+00
    101.000     5.5806   3.227735    33.0058       7505     5.2113 0.0000e+00
    100.000     5.5778   3.227317    33.0043       7533     5.2306 0.0000e+00
     99.000     5.5603   3.224910    32.9947       7557     5.2471 0.0000e+00
     98.000     5.5569   3.224373    32.9924       7579     5.2628 0.0000e+00
     97.000     5.5561   3.224171    32.9914       7603     5.2789 0.0000e+00
     96.000     5.5494   3.223260    32.9882       7627     5.2962 0.0000e+00
     95.000     5.5450   3.222516    32.9845       7653     5.3138 0.0000e+00
     94.000     5.5406   3.221678    32.9799       7679     5.3323 0.0000e+00
     93.000     5.5345   3.220667    32.9749       7708     5.3522 0.0000e+00
     92.000     5.5242   3.219047    32.9671       7736     5.3715 0.0000e+00
     91.000     5.5094   3.216086    32.9485       7760     5.3884 0.0000e+00
     90.000     5.5012   3.214305    32.9368       7784     5.4046 0.0000e+00
     89.000     5.4998   3.213891    32.9339       7807     5.4212 0.0000e+00
     88.000     5.4975   3.213304    32.9301       7833     5.4389 0.0000e+00
     87.000     5.4965   3.212986    32.9280       7859     5.4567 0.0000e+00
     86.000     5.4915   3.211746    32.9193       7883     5.4735 0.0000e+00
     85.000     5.4897   3.210806    32.9108       7908     5.4907 0.0000e+00
     84.000     5.4887   3.210270    32.9062       7935     5.5100 0.0000e+00
     83.000     5.4873   3.209516    32.8995       7964     5.5299 0.0000e+00
     82.000     5.4847   3.208634    32.8926       7990     5.5478 0.0000e+00
     81.000     5.4827   3.208061    32.8886       8013     5.5640 0.0000e+00
     80.000     5.4808   3.207612    32.8858       8036     5.5799 0.0000e+00
     79.000     5.4796   3.207299    32.8839       8060     5.5968 0.0000e+00
     78.000     5.4786   3.206829    32.8801       8088     5.6163 0.0000e+00
     77.000     5.4781   3.206461    32.8769       8120     5.6382 0.0000e+00
     76.000     5.4830   3.205831    32.8654       8144     5.6547 0.0000e+00
     75.000     5.4896   3.205377    32.8544       8163     5.6683 0.0000e+00
     74.000     5.4923   3.205184    32.8500       8183     5.6821 0.0000e+00
     73.000     5.4951   3.204501    32.8400       8210     5.7007 0.0000e+00
     72.000     5.4931   3.203759    32.8340       8244     5.7241 0.0000e+00
     71.000     5.4919   3.203064    32.8279       8272     5.7438 0.0000e+00
     70.000     5.4908   3.202087    32.8183       8295     5.7598 0.0000e+00
     69.000     5.4923   3.201850    32.8146       8318     5.7757 0.0000e+00
     68.000     5.4968   3.201856    32.8109       8345     5.7943 0.0000e+00
     67.000     5.4994   3.201889    32.8092       8373     5.8136 0.0000e+00
     66.000     5.5013   3.201885    32.8078       8395     5.8294 0.0000e+00
     65.000     5.5014   3.201839    32.8076       8416     5.8436 0.0000e+00
     64.000     5.5030   3.201831    32.8065       8438     5.8592 0.0000e+00
     63.000     5.5069   3.201847    32.8034       8468     5.8796 0.0000e+00
     62.000     5.5078   3.201732    32.8017       8502     5.9036 0.0000e+00
     61.000     5.5080   3.201480    32.7991       8529     5.9224 0.0000e+00
     60.000     5.5079   3.201365    32.7984       8552     5.9380 0.0000e+00
     59.000     5.5079   3.201298    32.7982       8573     5.9531 0.0000e+00
     58.000     5.5077   3.201216    32.7980       8596     5.9689 0.0000e+00
     57.000     5.5073   3.201077    32.7973       8621     5.9858 0.0000e+00
     56.000     5.5062   3.200730    32.7949       8648     6.0052 0.0000e+00
     55.000     5.5044   3.200317    32.7925       8678     6.0256 0.0000e+00
     54.000     5.5031   3.200033    32.7910       8704     6.0438 0.0000e+00
     53.000     5.5028   3.199879    32.7901       8730     6.0615 0.0000e+00
     52.000     5.5024   3.199746    32.7894       8756     6.0802 0.0000e+00
     51.000     5.5023   3.199640    32.7888       8781     6.0973 0.0000e+00
     50.000     5.5025   3.199543    32.7881       8803     6.1125 0.0000e+00
     49.000     5.5029   3.199485    32.7874       8826     6.1287 0.0000e+00
     48.000     5.5058   3.199627    32.7868       8855     6.1488 0.0000e+00
     47.000     5.5077   3.199712    32.7864       8888     6.1716 0.0000e+00
     46.000     5.5084   3.199709    32.7862       8914     6.1897 0.0000e+00
     45.000     5.5090   3.199715    32.7861       8937     6.2055 0.0000e+00
     44.000     5.5096   3.199697    32.7859       8960     6.2217 0.0000e+00
     43.000     5.5104   3.199729    32.7859       8985     6.2391 0.0000e+00
     42.000     5.5108   3.199703    32.7858       9011     6.2573 0.0000e+00
     41.000     5.5107   3.199657    32.7859       9039     6.2767 0.0000e+00
     40.000     5.5133   3.199826    32.7857       9068     6.2964 0.0000e+00
     39.000     5.5151   3.199926    32.7856       9094     6.3149 0.0000e+00
     38.000     5.5159   3.199931    32.7854       9121     6.3330 0.0000e+00
     37.000     5.5160   3.199901    32.7854       9146     6.3509 0.0000e+00
     36.000     5.5168   3.199896    32.7851       9171     6.3679 0.0000e+00
     35.000     5.5227   3.200312    32.7845       9195     6.3846 0.0000e+00
     34.000     5.5286   3.200736    32.7842       9223     6.4045 0.0000e+00
     33.000     5.5313   3.200915    32.7841       9255     6.4264 0.0000e+00
     32.000     5.5329   3.200973    32.7837       9283     6.4460 0.0000e+00
     31.000     5.5358   3.201162    32.7834       9307     6.4627 0.0000e+00
     30.000     5.5384   3.201335    32.7834       9330     6.4788 0.0000e+00
     29.000     5.5400   3.201437    32.7835       9356     6.4967 0.0000e+00
     28.000     5.5442   3.201753    32.7835       9384     6.5159 0.0000e+00
     27.000     5.5453   3.201816    32.7836       9412     6.5357 0.0000e+00
     26.000     5.5460   3.201846    32.7838       9443     6.5568 0.0000e+00
     25.000     5.5468   3.201864    32.7837       9470     6.5760 0.0000e+00
     24.000     5.5483   3.201954    32.7837       9494     6.5926 0.0000e+00
     23.000     5.5497   3.202025    32.7837       9517     6.6084 0.0000e+00
     22.000     5.5520   3.202173    32.7837       9544     6.6267 0.0000e+00
     21.000     5.5546   3.202340    32.7835       9576     6.6494 0.0000e+00
     20.000     5.5585   3.202663    32.7839       9604     6.6690 0.0000e+00
     19.000     5.5593   3.202688    32.7839       9627     6.6846 0.0000e+00
     18.000     5.5684   3.203382    32.7834       9650     6.7010 0.0000e+00
     17.000     5.5746   3.203906    32.7837       9680     6.7218 0.0000e+00
     16.000     5.5796   3.204295    32.7838       9710     6.7425 0.0000e+00
     15.000     5.5826   3.204539    32.7841       9735     6.7595 0.0000e+00
     14.000     5.5860   3.204762    32.7838       9758     6.7756 0.0000e+00
     13.000     5.5898   3.205065    32.7840       9785     6.7945 0.0000e+00
     12.000     5.5915   3.205165    32.7841       9816     6.8162 0.0000e+00
     11.000     5.5943   3.205344    32.7838       9842     6.8341 0.0000e+00
     10.000     5.5983   3.205620    32.7835       9865     6.8499 0.0000e+00
      9.000     5.5991   3.205703    32.7843       9890     6.8675 0.0000e+00
      8.000     5.5987   3.205622    32.7843       9921     6.8890 0.0000e+00
      7.000     5.5982   3.205566    32.7845       9947     6.9072 0.0000e+00
      6.000     5.6141   3.206784    32.7833      10561     7.3332 0.0000e+00
      5.000     5.6133   3.206686    32.7836      10783     7.4877 0.0000e+00
      4.000     5.6110   3.206490    32.7840      10817     7.5112 0.0000e+00
      3.000     5.6135   3.206599    32.7834      10884     7.5576 0.0000e+00
      2.000     5.6135   3.206584    32.7837      10927     7.5874 0.0000e+00
      1.000     5.6118   3.206399    32.7838      10968     7.6161 0.0000e+00
