HB2502/ctd158.cnv
* Sea-Bird SBE 9 Data File:
* FileName = C:\cruise\data\ctd158.hex
* Software Version Seasave V 7.26.7.121
* Temperature SN = 6768
* Conductivity SN = 6166
* Number of Bytes Per Scan = 37
* Number of Voltage Words = 4
* Number of Scans Averaged by the Deck Unit = 1
* NMEA Latitude = 42 07.17 N
* NMEA Longitude = 068 22.69 W
* NMEA UTC (Time) = Apr 15 2025 16:55:02
* NMEA baud rate = 4800
** Ship: Bigelow HB2502
** Program:  Spring Bottom Trawl
** Chief Scientist:Jon Galbraith
# nquan = 7
# nvalues = 351                         
# units = specified
# name 0 = depSM: Depth [salt water, m]
# name 1 = t090C: Temperature [ITS-90, deg C]
# name 2 = c0S/m: Conductivity [S/m]
# name 3 = sal00: Salinity, Practical [PSU]
# name 4 = scan: Scan Count
# name 5 = timeM: Time, Elapsed [minutes]
# name 6 = flag: flag
# span 0 =      3.000,    178.000       
# span 1 =     5.4655,     6.4682       
# span 2 =   3.203817,   3.355476       
# span 3 =    32.8030,    33.5431       
# span 4 =        194,       9964       
# span 5 =     0.1338,     6.9189       
# span 6 = 0.0000e+00, 0.0000e+00       
# interval = meters: 1                  
# start_time = Apr 15 2025 16:55:02 [NMEA time, header]
# bad_flag = -9.990e-29
*END*
      3.000     5.7334   3.258798    33.2566        194     0.1338 0.0000e+00
      4.000     5.6702   3.235417    33.0537        375     0.2599 0.0000e+00
      5.000     5.6700   3.220884    32.8889        396     0.2741 0.0000e+00
      6.000     5.6704   3.218363    32.8595        422     0.2923 0.0000e+00
      7.000     5.6710   3.218869    32.8641        449     0.3109 0.0000e+00
      8.000     5.6611   3.218422    32.8682        473     0.3277 0.0000e+00
      9.000     5.6521   3.217382    32.8647        497     0.3447 0.0000e+00
     10.000     5.6528   3.218166    32.8725        529     0.3664 0.0000e+00
     11.000     5.6506   3.216738    32.8580        559     0.3877 0.0000e+00
     12.000     5.6439   3.215321    32.8479        583     0.4042 0.0000e+00
     13.000     5.6397   3.215244    32.8506        606     0.4204 0.0000e+00
     14.000     5.6319   3.215637    32.8622        633     0.4390 0.0000e+00
     15.000     5.6254   3.216020    32.8724        663     0.4595 0.0000e+00
     16.000     5.6206   3.215018    32.8653        690     0.4783 0.0000e+00
     17.000     5.6141   3.213883    32.8582        714     0.4951 0.0000e+00
     18.000     5.6103   3.213386    32.8558        738     0.5117 0.0000e+00
     19.000     5.6032   3.213951    32.8687        764     0.5300 0.0000e+00
     20.000     5.5979   3.214826    32.8832        794     0.5509 0.0000e+00
     21.000     5.5958   3.214047    32.8759        823     0.5710 0.0000e+00
     22.000     5.5925   3.213055    32.8675        850     0.5895 0.0000e+00
     23.000     5.5864   3.212696    32.8689        877     0.6081 0.0000e+00
     24.000     5.5796   3.212664    32.8746        903     0.6262 0.0000e+00
     25.000     5.5763   3.211670    32.8661        927     0.6432 0.0000e+00
     26.000     5.5750   3.210668    32.8555        951     0.6594 0.0000e+00
     27.000     5.5727   3.211363    32.8651        976     0.6773 0.0000e+00
     28.000     5.5710   3.211290    32.8654       1006     0.6982 0.0000e+00
     29.000     5.5694   3.210067    32.8526       1036     0.7185 0.0000e+00
     30.000     5.5682   3.209468    32.8465       1060     0.7356 0.0000e+00
     31.000     5.5661   3.209117    32.8441       1084     0.7524 0.0000e+00
     32.000     5.5604   3.209387    32.8522       1113     0.7721 0.0000e+00
     33.000     5.5575   3.209031    32.8505       1142     0.7927 0.0000e+00
     34.000     5.5574   3.208272    32.8415       1168     0.8103 0.0000e+00
     35.000     5.5557   3.208086    32.8406       1193     0.8278 0.0000e+00
     36.000     5.5543   3.207884    32.8392       1219     0.8460 0.0000e+00
     37.000     5.5527   3.207710    32.8382       1245     0.8637 0.0000e+00
     38.000     5.5510   3.207563    32.8377       1269     0.8808 0.0000e+00
     39.000     5.5507   3.207536    32.8372       1296     0.8992 0.0000e+00
     40.000     5.5502   3.207367    32.8353       1323     0.9183 0.0000e+00
     41.000     5.5498   3.207404    32.8356       1352     0.9379 0.0000e+00
     42.000     5.5471   3.207457    32.8383       1382     0.9592 0.0000e+00
     43.000     5.5453   3.206981    32.8342       1409     0.9774 0.0000e+00
     44.000     5.5446   3.206495    32.8289       1430     0.9922 0.0000e+00
     45.000     5.5421   3.205928    32.8244       1453     1.0083 0.0000e+00
     46.000     5.5406   3.205493    32.8203       1484     1.0298 0.0000e+00
     47.000     5.5377   3.205073    32.8180       1517     1.0528 0.0000e+00
     48.000     5.5346   3.204602    32.8151       1544     1.0712 0.0000e+00
     49.000     5.5329   3.204304    32.8129       1565     1.0859 0.0000e+00
     50.000     5.5305   3.204207    32.8137       1585     1.0999 0.0000e+00
     51.000     5.5309   3.204489    32.8160       1609     1.1167 0.0000e+00
     52.000     5.5300   3.204825    32.8202       1643     1.1404 0.0000e+00
     53.000     5.5301   3.205609    32.8285       1675     1.1623 0.0000e+00
     54.000     5.5298   3.205831    32.8307       1699     1.1790 0.0000e+00
     55.000     5.5255   3.206105    32.8375       1722     1.1954 0.0000e+00
     56.000     5.5248   3.206231    32.8391       1749     1.2137 0.0000e+00
     57.000     5.5258   3.206466    32.8403       1777     1.2336 0.0000e+00
     58.000     5.5197   3.206650    32.8479       1804     1.2520 0.0000e+00
     59.000     5.5184   3.207103    32.8538       1828     1.2689 0.0000e+00
     60.000     5.5198   3.207580    32.8573       1854     1.2870 0.0000e+00
     61.000     5.5206   3.207866    32.8593       1884     1.3073 0.0000e+00
     62.000     5.5219   3.208143    32.8607       1910     1.3255 0.0000e+00
     63.000     5.5230   3.208673    32.8651       1932     1.3411 0.0000e+00
     64.000     5.5276   3.209968    32.8747       1956     1.3578 0.0000e+00
     65.000     5.5291   3.210281    32.8764       1988     1.3799 0.0000e+00
     66.000     5.5351   3.211056    32.8788       2021     1.4024 0.0000e+00
     67.000     5.5340   3.211279    32.8819       2046     1.4202 0.0000e+00
     68.000     5.5273   3.211568    32.8912       2069     1.4358 0.0000e+00
     69.000     5.5201   3.211469    32.8967       2091     1.4515 0.0000e+00
     70.000     5.5134   3.211192    32.8996       2117     1.4694 0.0000e+00
     71.000     5.5078   3.211200    32.9047       2147     1.4906 0.0000e+00
     72.000     5.5039   3.211141    32.9073       2177     1.5108 0.0000e+00
     73.000     5.4994   3.211264    32.9126       2201     1.5279 0.0000e+00
     74.000     5.4947   3.211372    32.9180       2225     1.5448 0.0000e+00
     75.000     5.4890   3.211378    32.9230       2251     1.5626 0.0000e+00
     76.000     5.4791   3.211265    32.9310       2278     1.5813 0.0000e+00
     77.000     5.4676   3.211009    32.9389       2307     1.6011 0.0000e+00
     78.000     5.4659   3.211525    32.9459       2337     1.6225 0.0000e+00
     79.000     5.4658   3.212045    32.9514       2366     1.6420 0.0000e+00
     80.000     5.4655   3.212828    32.9601       2389     1.6583 0.0000e+00
     81.000     5.4691   3.213754    32.9666       2411     1.6735 0.0000e+00
     82.000     5.4780   3.215241    32.9743       2435     1.6903 0.0000e+00
     83.000     5.4828   3.215901    32.9766       2465     1.7109 0.0000e+00
     84.000     5.4994   3.218439    32.9885       2497     1.7330 0.0000e+00
     85.000     5.5342   3.223251    33.0086       2524     1.7523 0.0000e+00
     86.000     5.5545   3.225557    33.0142       2549     1.7695 0.0000e+00
     87.000     5.5773   3.228021    33.0192       2573     1.7860 0.0000e+00
     88.000     5.6178   3.232518    33.0300       2598     1.8031 0.0000e+00
     89.000     5.6768   3.239012    33.0451       2626     1.8230 0.0000e+00
     90.000     5.7237   3.244481    33.0604       2657     1.8447 0.0000e+00
     91.000     5.7392   3.246499    33.0675       2684     1.8634 0.0000e+00
     92.000     5.7452   3.247352    33.0708       2709     1.8804 0.0000e+00
     93.000     5.7512   3.248186    33.0738       2734     1.8980 0.0000e+00
     94.000     5.7614   3.249573    33.0790       2761     1.9165 0.0000e+00
     95.000     5.7702   3.250915    33.0849       2788     1.9352 0.0000e+00
     96.000     5.7650   3.250741    33.0876       2814     1.9537 0.0000e+00
     97.000     5.7793   3.252585    33.0939       2840     1.9718 0.0000e+00
     98.000     5.7889   3.253922    33.0990       2869     1.9915 0.0000e+00
     99.000     5.8255   3.258068    33.1094       2900     2.0132 0.0000e+00
    100.000     5.8438   3.260320    33.1163       2928     2.0328 0.0000e+00
    101.000     5.8508   3.261235    33.1193       2952     2.0490 0.0000e+00
    102.000     5.8539   3.261722    33.1212       2974     2.0645 0.0000e+00
    103.000     5.8596   3.262505    33.1239       2999     2.0817 0.0000e+00
    104.000     5.8725   3.264075    33.1285       3028     2.1022 0.0000e+00
    105.000     5.8946   3.266852    33.1376       3058     2.1227 0.0000e+00
    106.000     5.9073   3.268489    33.1430       3083     2.1401 0.0000e+00
    107.000     5.9124   3.269349    33.1472       3109     2.1581 0.0000e+00
    108.000     5.9150   3.270022    33.1517       3139     2.1793 0.0000e+00
    109.000     5.9170   3.270342    33.1529       3168     2.1996 0.0000e+00
    110.000     5.9199   3.270746    33.1541       3194     2.2170 0.0000e+00
    111.000     5.9239   3.271298    33.1559       3219     2.2345 0.0000e+00
    112.000     5.9314   3.272320    33.1595       3245     2.2527 0.0000e+00
    113.000     5.9373   3.273101    33.1621       3270     2.2699 0.0000e+00
    114.000     5.9439   3.273968    33.1648       3294     2.2865 0.0000e+00
    115.000     5.9646   3.276542    33.1729       3319     2.3042 0.0000e+00
    116.000     5.9768   3.278106    33.1780       3349     2.3251 0.0000e+00
    117.000     5.9973   3.280534    33.1847       3383     2.3483 0.0000e+00
    118.000     6.0069   3.281726    33.1882       3412     2.3687 0.0000e+00
    119.000     6.0182   3.283058    33.1915       3438     2.3870 0.0000e+00
    120.000     6.0230   3.283680    33.1933       3462     2.4035 0.0000e+00
    121.000     6.0273   3.284285    33.1954       3485     2.4192 0.0000e+00
    122.000     6.0311   3.284808    33.1970       3508     2.4356 0.0000e+00
    123.000     6.0368   3.285500    33.1987       3535     2.4542 0.0000e+00
    124.000     6.0328   3.285311    33.2000       3563     2.4737 0.0000e+00
    125.000     6.0363   3.285918    33.2029       3591     2.4934 0.0000e+00
    126.000     6.0247   3.285102    33.2046       3621     2.5140 0.0000e+00
    127.000     6.0420   3.287105    33.2096       3652     2.5354 0.0000e+00
    128.000     6.0513   3.288241    33.2127       3679     2.5543 0.0000e+00
    129.000     6.0569   3.288921    33.2144       3704     2.5712 0.0000e+00
    130.000     6.0592   3.289239    33.2152       3727     2.5876 0.0000e+00
    131.000     6.1075   3.294966    33.2315       3751     2.6040 0.0000e+00
    132.000     6.1391   3.298583    33.2405       3777     2.6219 0.0000e+00
    133.000     6.1728   3.303179    33.2585       3808     2.6435 0.0000e+00
    134.000     6.1867   3.305155    33.2664       3840     2.6658 0.0000e+00
    135.000     6.1903   3.305725    33.2687       3867     2.6847 0.0000e+00
    136.000     6.2038   3.307434    33.2742       3890     2.7005 0.0000e+00
    137.000     6.2286   3.310567    33.2843       3911     2.7152 0.0000e+00
    138.000     6.2349   3.311420    33.2872       3936     2.7324 0.0000e+00
    139.000     6.2479   3.313137    33.2931       3970     2.7561 0.0000e+00
    140.000     6.2575   3.314455    33.2980       4004     2.7798 0.0000e+00
    141.000     6.2878   3.318245    33.3100       4029     2.7970 0.0000e+00
    142.000     6.3029   3.320379    33.3185       4049     2.8113 0.0000e+00
    143.000     6.3039   3.320717    33.3208       4071     2.8263 0.0000e+00
    144.000     6.3035   3.320882    33.3225       4097     2.8446 0.0000e+00
    145.000     6.3035   3.321271    33.3264       4129     2.8669 0.0000e+00
    146.000     6.3029   3.321488    33.3289       4161     2.8886 0.0000e+00
    147.000     6.3029   3.321585    33.3294       4187     2.9068 0.0000e+00
    148.000     6.3026   3.321730    33.3309       4211     2.9235 0.0000e+00
    149.000     6.3042   3.322292    33.3351       4237     2.9415 0.0000e+00
    150.000     6.3145   3.324328    33.3472       4266     2.9618 0.0000e+00
    151.000     6.3553   3.331551    33.3871       4293     2.9804 0.0000e+00
    152.000     6.3847   3.336660    33.4147       4317     2.9969 0.0000e+00
    153.000     6.3889   3.338236    33.4275       4343     3.0151 0.0000e+00
    154.000     6.3998   3.340121    33.4373       4372     3.0356 0.0000e+00
    155.000     6.4155   3.342453    33.4474       4400     3.0550 0.0000e+00
    156.000     6.4428   3.345960    33.4590       4425     3.0724 0.0000e+00
    157.000     6.4564   3.348152    33.4696       4449     3.0892 0.0000e+00
    158.000     6.4530   3.347869    33.4692       4475     3.1071 0.0000e+00
    159.000     6.4518   3.347868    33.4699       4504     3.1273 0.0000e+00
    160.000     6.4478   3.347735    33.4719       4537     3.1502 0.0000e+00
    161.000     6.4561   3.349473    33.4825       4567     3.1705 0.0000e+00
    162.000     6.4582   3.350538    33.4918       4589     3.1864 0.0000e+00
    163.000     6.4608   3.351391    33.4982       4610     3.2009 0.0000e+00
    164.000     6.4636   3.352190    33.5038       4633     3.2165 0.0000e+00
    165.000     6.4661   3.352938    33.5092       4662     3.2369 0.0000e+00
    166.000     6.4681   3.353709    33.5152       4698     3.2616 0.0000e+00
    167.000     6.4640   3.353985    33.5218       4727     3.2820 0.0000e+00
    168.000     6.4618   3.354156    33.5254       4752     3.2991 0.0000e+00
    169.000     6.4606   3.354305    33.5278       4776     3.3157 0.0000e+00
    170.000     6.4605   3.354394    33.5284       4800     3.3327 0.0000e+00
    171.000     6.4597   3.354521    33.5301       4826     3.3508 0.0000e+00
    172.000     6.4581   3.354674    33.5328       4853     3.3693 0.0000e+00
    173.000     6.4571   3.354796    33.5347       4880     3.3880 0.0000e+00
    174.000     6.4567   3.354887    33.5356       4909     3.4083 0.0000e+00
    175.000     6.4560   3.355022    33.5373       4937     3.4276 0.0000e+00
    176.000     6.4555   3.355141    33.5386       4961     3.4448 0.0000e+00
    177.000     6.4550   3.355271    33.5400       4985     3.4608 0.0000e+00
    178.000     6.4537   3.355476    33.5431       5000     3.4713 0.0000e+00
    177.000     6.4547   3.355313    33.5408       5016     3.4824 0.0000e+00
    176.000     6.4547   3.355248    33.5406       5317     3.6914 0.0000e+00
    175.000     6.4547   3.355143    33.5398       5420     3.7632 0.0000e+00
    174.000     6.4549   3.355051    33.5391       5441     3.7779 0.0000e+00
    173.000     6.4556   3.354916    33.5374       5468     3.7964 0.0000e+00
    172.000     6.4567   3.354770    33.5353       5493     3.8135 0.0000e+00
    171.000     6.4579   3.354637    33.5331       5514     3.8287 0.0000e+00
    170.000     6.4593   3.354506    33.5308       5537     3.8443 0.0000e+00
    169.000     6.4599   3.354407    33.5296       5562     3.8617 0.0000e+00
    168.000     6.4606   3.354291    33.5281       5592     3.8828 0.0000e+00
    167.000     6.4622   3.354118    33.5252       5625     3.9056 0.0000e+00
    166.000     6.4640   3.353980    33.5223       5652     3.9243 0.0000e+00
    165.000     6.4662   3.353774    33.5183       5674     3.9395 0.0000e+00
    164.000     6.4665   3.353361    33.5140       5695     3.9544 0.0000e+00
    163.000     6.4682   3.353181    33.5108       5720     3.9714 0.0000e+00
    162.000     6.4658   3.352524    33.5064       5747     3.9900 0.0000e+00
    161.000     6.4611   3.351353    33.4985       5772     4.0079 0.0000e+00
    160.000     6.4567   3.350169    33.4901       5799     4.0264 0.0000e+00
    159.000     6.4485   3.348526    33.4805       5829     4.0470 0.0000e+00
    158.000     6.4430   3.347529    33.4752       5855     4.0655 0.0000e+00
    157.000     6.4418   3.346928    33.4702       5878     4.0815 0.0000e+00
    156.000     6.4474   3.347313    33.4695       5901     4.0971 0.0000e+00
    155.000     6.4488   3.347320    33.4687       5926     4.1148 0.0000e+00
    154.000     6.4342   3.345177    33.4597       5956     4.1351 0.0000e+00
    153.000     6.4159   3.342554    33.4490       5984     4.1548 0.0000e+00
    152.000     6.4002   3.340098    33.4377       6009     4.1723 0.0000e+00
    151.000     6.3907   3.338045    33.4246       6032     4.1885 0.0000e+00
    150.000     6.3738   3.335211    33.4101       6056     4.2051 0.0000e+00
    149.000     6.3463   3.330234    33.3822       6084     4.2241 0.0000e+00
