HB2502/ctd120.cnv
* Sea-Bird SBE 9 Data File:
* FileName = C:\cruise\data\ctd120.hex
* Software Version Seasave V 7.26.7.121
* Temperature SN = 6768
* Conductivity SN = 6166
* Number of Bytes Per Scan = 37
* Number of Voltage Words = 4
* Number of Scans Averaged by the Deck Unit = 1
* NMEA Latitude = 40 02.50 N
* NMEA Longitude = 070 50.67 W
* NMEA UTC (Time) = Apr 05 2025 14:07:48
* NMEA baud rate = 4800
** Ship: Bigelow HB2502
** Program:  Spring Bottom Trawl
** Chief Scientist:Jon Galbraith
# nquan = 7
# nvalues = 405                         
# units = specified
# name 0 = depSM: Depth [salt water, m]
# name 1 = t090C: Temperature [ITS-90, deg C]
# name 2 = c0S/m: Conductivity [S/m]
# name 3 = sal00: Salinity, Practical [PSU]
# name 4 = scan: Scan Count
# name 5 = timeM: Time, Elapsed [minutes]
# name 6 = flag: flag
# span 0 =      1.000,    204.000       
# span 1 =     4.7914,    10.8923       
# span 2 =   3.107063,   3.879752       
# span 3 =    31.9896,    35.0556       
# span 4 =        138,      13343       
# span 5 =     0.0950,     9.2651       
# span 6 = 0.0000e+00, 0.0000e+00       
# interval = meters: 1                  
# start_time = Apr 05 2025 14:07:48 [NMEA time, header]
# bad_flag = -9.990e-29
*END*
      3.000     5.7798   3.185822    32.3878        138     0.0950 0.0000e+00
      4.000     5.7460   3.159112    32.1191        277     0.1918 0.0000e+00
      5.000     5.7534   3.154079    32.0549        307     0.2122 0.0000e+00
      6.000     5.7510   3.154030    32.0562        349     0.2419 0.0000e+00
      7.000     5.7420   3.151693    32.0379        378     0.2619 0.0000e+00
      8.000     5.7390   3.151341    32.0362        398     0.2755 0.0000e+00
      9.000     5.7373   3.153907    32.0662        423     0.2931 0.0000e+00
     10.000     5.7393   3.158042    32.1104        585     0.4053 0.0000e+00
     11.000     5.7356   3.152193    32.0476        628     0.4357 0.0000e+00
     12.000     5.7361   3.150740    32.0303        652     0.4524 0.0000e+00
     13.000     5.7359   3.150704    32.0296        674     0.4671 0.0000e+00
     14.000     5.7386   3.150910    32.0288        696     0.4826 0.0000e+00
     15.000     5.7473   3.152016    32.0325        725     0.5029 0.0000e+00
     16.000     5.7562   3.152523    32.0293        763     0.5295 0.0000e+00
     17.000     5.7787   3.152727    32.0097        795     0.5517 0.0000e+00
     18.000     5.8081   3.156698    32.0259        817     0.5667 0.0000e+00
     19.000     5.8579   3.160221    32.0178        835     0.5795 0.0000e+00
     20.000     5.9098   3.163738    32.0076        853     0.5918 0.0000e+00
     21.000     5.9256   3.165796    32.0151        872     0.6052 0.0000e+00
     22.000     5.8851   3.160128    31.9896        912     0.6329 0.0000e+00
     23.000     5.7778   3.159134    32.0797        979     0.6794 0.0000e+00
     24.000     5.7637   3.161227    32.1161        996     0.6912 0.0000e+00
     25.000     5.7161   3.159509    32.1417       1012     0.7018 0.0000e+00
     26.000     5.7103   3.158901    32.1399       1025     0.7113 0.0000e+00
     27.000     5.7053   3.159170    32.1472       1039     0.7211 0.0000e+00
     28.000     5.7121   3.159697    32.1461       1056     0.7328 0.0000e+00
     29.000     5.7285   3.160314    32.1370       1085     0.7527 0.0000e+00
     30.000     5.7342   3.161087    32.1397       1143     0.7934 0.0000e+00
     31.000     5.7285   3.161323    32.1473       1172     0.8135 0.0000e+00
     32.000     5.7220   3.162122    32.1620       1193     0.8277 0.0000e+00
     33.000     5.7143   3.162575    32.1740       1215     0.8433 0.0000e+00
     34.000     5.7130   3.162772    32.1770       1243     0.8624 0.0000e+00
     35.000     5.7075   3.162784    32.1819       1272     0.8827 0.0000e+00
     36.000     5.6669   3.162759    32.2199       1296     0.8992 0.0000e+00
     37.000     5.5535   3.161862    32.3181       1316     0.9135 0.0000e+00
     38.000     5.3301   3.159717    32.5091       1339     0.9289 0.0000e+00
     39.000     5.2647   3.157555    32.5475       1366     0.9481 0.0000e+00
     40.000     5.3948   3.153308    32.3724       1398     0.9703 0.0000e+00
     41.000     5.4810   3.147490    32.2230       1428     0.9911 0.0000e+00
     42.000     5.5185   3.148558    32.1986       1455     1.0095 0.0000e+00
     43.000     5.5086   3.153287    32.2611       1483     1.0290 0.0000e+00
     44.000     5.4205   3.158000    32.3989       1521     1.0556 0.0000e+00
     45.000     5.2991   3.151952    32.4471       1550     1.0758 0.0000e+00
     46.000     5.0632   3.133990    32.4705       1568     1.0881 0.0000e+00
     47.000     4.8691   3.122733    32.5300       1583     1.0987 0.0000e+00
     48.000     4.7929   3.111329    32.4725       1599     1.1096 0.0000e+00
     49.000     4.7914   3.111421    32.4745       1622     1.1257 0.0000e+00
     50.000     4.8131   3.112939    32.4703       1688     1.1715 0.0000e+00
     51.000     4.8045   3.113279    32.4822       1718     1.1927 0.0000e+00
     52.000     4.8447   3.117743    32.4938       1735     1.2042 0.0000e+00
     53.000     4.8742   3.123013    32.5252       1750     1.2148 0.0000e+00
     54.000     4.8844   3.124246    32.5289       1767     1.2263 0.0000e+00
     55.000     4.9155   3.128090    32.5422       1790     1.2420 0.0000e+00
     56.000     4.9514   3.133051    32.5638       1828     1.2685 0.0000e+00
     57.000     4.9953   3.137959    32.5767       1864     1.2937 0.0000e+00
     58.000     5.1026   3.150863    32.6194       1889     1.3114 0.0000e+00
     59.000     5.2097   3.164458    32.6698       1917     1.3308 0.0000e+00
     60.000     5.3078   3.176581    32.7119       1949     1.3525 0.0000e+00
     61.000     5.3957   3.186986    32.7441       1973     1.3698 0.0000e+00
     62.000     5.5345   3.203475    32.7954       1993     1.3831 0.0000e+00
     63.000     5.5992   3.212037    32.8288       2011     1.3960 0.0000e+00
     64.000     5.6587   3.219053    32.8496       2034     1.4117 0.0000e+00
     65.000     5.7147   3.226173    32.8750       2068     1.4355 0.0000e+00
     66.000     5.7272   3.228172    32.8848       2108     1.4632 0.0000e+00
     67.000     5.8089   3.237533    32.9103       2138     1.4840 0.0000e+00
     68.000     5.9009   3.248113    32.9392       2160     1.4990 0.0000e+00
     69.000     6.0818   3.269062    32.9975       2179     1.5125 0.0000e+00
     70.000     6.3797   3.304731    33.1051       2200     1.5271 0.0000e+00
     71.000     6.6172   3.333073    33.1880       2229     1.5472 0.0000e+00
     72.000     6.9182   3.368520    33.2861       2268     1.5741 0.0000e+00
     73.000     7.0629   3.385276    33.3291       2297     1.5947 0.0000e+00
     74.000     7.2009   3.401076    33.3676       2318     1.6090 0.0000e+00
     75.000     7.3073   3.413522    33.3997       2337     1.6223 0.0000e+00
     76.000     7.4038   3.425972    33.4413       2360     1.6383 0.0000e+00
     77.000     7.3591   3.422725    33.4487       2395     1.6623 0.0000e+00
     78.000     7.3902   3.426755    33.4619       2425     1.6830 0.0000e+00
     79.000     7.4635   3.435298    33.4833       2444     1.6965 0.0000e+00
     80.000     7.4886   3.438571    33.4940       2464     1.7103 0.0000e+00
     81.000     7.5330   3.443708    33.5062       2499     1.7349 0.0000e+00
     82.000     7.8207   3.477803    33.5957       2549     1.7698 0.0000e+00
     83.000     7.9328   3.492194    33.6415       2572     1.7853 0.0000e+00
     84.000     8.0731   3.509724    33.6935       2588     1.7962 0.0000e+00
     85.000     8.1670   3.521379    33.7269       2602     1.8061 0.0000e+00
     86.000     8.2404   3.530378    33.7516       2617     1.8165 0.0000e+00
     87.000     8.2410   3.531701    33.7646       2639     1.8322 0.0000e+00
     88.000     8.2621   3.535343    33.7826       2698     1.8727 0.0000e+00
     89.000     8.3105   3.542390    33.8104       2732     1.8967 0.0000e+00
     90.000     8.3312   3.545712    33.8253       2752     1.9101 0.0000e+00
     91.000     8.3743   3.551551    33.8453       2768     1.9216 0.0000e+00
     92.000     8.4224   3.557772    33.8645       2785     1.9332 0.0000e+00
     93.000     8.4435   3.560615    33.8738       2805     1.9471 0.0000e+00
     94.000     8.4614   3.563267    33.8842       2844     1.9743 0.0000e+00
     95.000     8.4948   3.567730    33.8988       2895     2.0096 0.0000e+00
     96.000     8.5108   3.569985    33.9068       2916     2.0246 0.0000e+00
     97.000     8.5222   3.571828    33.9148       2933     2.0361 0.0000e+00
     98.000     8.5414   3.574645    33.9256       2948     2.0464 0.0000e+00
     99.000     8.6556   3.589202    33.9689       2965     2.0586 0.0000e+00
    100.000     8.7802   3.604823    34.0131       2994     2.0787 0.0000e+00
    101.000     8.8419   3.613212    34.0414       3044     2.1133 0.0000e+00
    102.000     8.7726   3.609309    34.0665       3073     2.1335 0.0000e+00
    103.000     8.9345   3.628729    34.1139       3092     2.1465 0.0000e+00
    104.000     9.5535   3.699299    34.2539       3112     2.1602 0.0000e+00
    105.000     9.6177   3.708238    34.2844       3134     2.1754 0.0000e+00
    106.000     9.4089   3.687289    34.2671       3164     2.1963 0.0000e+00
    107.000     9.2422   3.669726    34.2444       3203     2.2238 0.0000e+00
    108.000     9.3227   3.678772    34.2606       3230     2.2423 0.0000e+00
    109.000    10.0730   3.765036    34.4293       3249     2.2556 0.0000e+00
    110.000    10.8120   3.851670    34.6045       3266     2.2677 0.0000e+00
    111.000    10.8374   3.856706    34.6303       3286     2.2813 0.0000e+00
    112.000    10.8923   3.866534    34.6763       3314     2.3005 0.0000e+00
    113.000    10.8801   3.866666    34.6887       3365     2.3358 0.0000e+00
    114.000    10.7964   3.857690    34.6777       3398     2.3591 0.0000e+00
    115.000    10.7348   3.850829    34.6667       3417     2.3722 0.0000e+00
    116.000    10.7069   3.847744    34.6618       3433     2.3834 0.0000e+00
    117.000    10.4755   3.821690    34.6184       3449     2.3944 0.0000e+00
    118.000     9.8534   3.754173    34.5247       3469     2.4080 0.0000e+00
    119.000     9.9498   3.765022    34.5431       3510     2.4367 0.0000e+00
    120.000     9.7409   3.744224    34.5294       3564     2.4742 0.0000e+00
    121.000     9.8241   3.755019    34.5601       3584     2.4880 0.0000e+00
    122.000    10.0950   3.787395    34.6311       3600     2.4991 0.0000e+00
    123.000    10.3685   3.820568    34.7064       3615     2.5094 0.0000e+00
    124.000    10.1161   3.794494    34.6825       3631     2.5205 0.0000e+00
    125.000    10.0609   3.788575    34.6747       3651     2.5348 0.0000e+00
    126.000    10.0481   3.787330    34.6738       3706     2.5728 0.0000e+00
    127.000    10.0804   3.791511    34.6849       3756     2.6077 0.0000e+00
    128.000    10.1126   3.795394    34.6932       3773     2.6196 0.0000e+00
    129.000    10.3209   3.821153    34.7550       3788     2.6296 0.0000e+00
    130.000    10.5732   3.851856    34.8241       3803     2.6399 0.0000e+00
    131.000    10.7062   3.868323    34.8624       3819     2.6517 0.0000e+00
    132.000    10.7233   3.871367    34.8763       3843     2.6680 0.0000e+00
    133.000    10.6911   3.868549    34.8782       3888     2.6990 0.0000e+00
    134.000    10.6743   3.867095    34.8792       3928     2.7272 0.0000e+00
    135.000    10.6638   3.866158    34.8793       3951     2.7430 0.0000e+00
    136.000    10.6563   3.865479    34.8792       3972     2.7574 0.0000e+00
    137.000    10.5894   3.858643    34.8738       3994     2.7729 0.0000e+00
    138.000    10.4142   3.840111    34.8538       4020     2.7912 0.0000e+00
    139.000    10.2964   3.827342    34.8368       4053     2.8140 0.0000e+00
    140.000    10.2303   3.821751    34.8431       4085     2.8363 0.0000e+00
    141.000    10.2717   3.827901    34.8653       4108     2.8524 0.0000e+00
    142.000    10.1795   3.819744    34.8705       4127     2.8650 0.0000e+00
    143.000    10.1811   3.821675    34.8881       4146     2.8782 0.0000e+00
    144.000    10.3212   3.839802    34.9371       4180     2.9021 0.0000e+00
    145.000    10.4010   3.849872    34.9622       4225     2.9335 0.0000e+00
    146.000    10.4232   3.852721    34.9691       4246     2.9482 0.0000e+00
    147.000    10.4370   3.854490    34.9734       4264     2.9602 0.0000e+00
    148.000    10.4655   3.858027    34.9814       4283     2.9733 0.0000e+00
    149.000    10.5116   3.863756    34.9945       4314     2.9950 0.0000e+00
    150.000    10.5772   3.872620    35.0205       4359     3.0264 0.0000e+00
    151.000    10.5680   3.872267    35.0253       4384     3.0438 0.0000e+00
    152.000    10.5787   3.874546    35.0377       4402     3.0565 0.0000e+00
    153.000    10.6142   3.879752    35.0556       4420     3.0689 0.0000e+00
    154.000    10.4869   3.867582    35.0546       4441     3.0833 0.0000e+00
    155.000    10.4538   3.864256    35.0523       4469     3.1030 0.0000e+00
    156.000    10.4313   3.861911    35.0498       4511     3.1321 0.0000e+00
    157.000    10.3868   3.858064    35.0533       4546     3.1559 0.0000e+00
    158.000    10.2780   3.847714    35.0527       4568     3.1714 0.0000e+00
    159.000    10.1698   3.836316    35.0408       4588     3.1852 0.0000e+00
    160.000    10.1366   3.832620    35.0348       4609     3.2001 0.0000e+00
    161.000    10.0955   3.828125    35.0283       4636     3.2185 0.0000e+00
    162.000    10.0848   3.826838    35.0251       4668     3.2412 0.0000e+00
    163.000    10.0832   3.826629    35.0239       4699     3.2626 0.0000e+00
    164.000    10.0720   3.825446    35.0222       4723     3.2794 0.0000e+00
    165.000    10.0493   3.823027    35.0190       4746     3.2949 0.0000e+00
    166.000    10.0046   3.818466    35.0152       4769     3.3114 0.0000e+00
    167.000     9.9404   3.811994    35.0108       4799     3.3322 0.0000e+00
    168.000     9.9230   3.810281    35.0096       4836     3.3573 0.0000e+00
    169.000     9.8742   3.805745    35.0100       4865     3.3777 0.0000e+00
    170.000     9.8247   3.801115    35.0101       4886     3.3926 0.0000e+00
    171.000     9.8098   3.799823    35.0108       4906     3.4061 0.0000e+00
    172.000     9.7912   3.798530    35.0151       4928     3.4214 0.0000e+00
    173.000     9.7829   3.797956    35.0169       4959     3.4429 0.0000e+00
    174.000     9.7742   3.797341    35.0185       5000     3.4712 0.0000e+00
    175.000     9.7635   3.796584    35.0206       5027     3.4906 0.0000e+00
    176.000     9.7530   3.795825    35.0225       5048     3.5051 0.0000e+00
    177.000     9.7397   3.794947    35.0259       5068     3.5187 0.0000e+00
    178.000     9.7241   3.793697    35.0278       5090     3.5341 0.0000e+00
    179.000     9.7111   3.792518    35.0279       5120     3.5551 0.0000e+00
    180.000     9.6772   3.789673    35.0311       5155     3.5793 0.0000e+00
    181.000     9.6579   3.788138    35.0336       5183     3.5986 0.0000e+00
    182.000     9.6482   3.787302    35.0340       5207     3.6155 0.0000e+00
    183.000     9.6286   3.785521    35.0342       5235     3.6348 0.0000e+00
    184.000     9.5664   3.779786    35.0352       5270     3.6588 0.0000e+00
    185.000     9.5211   3.775719    35.0369       5297     3.6777 0.0000e+00
    186.000     9.4875   3.772544    35.0363       5315     3.6904 0.0000e+00
    187.000     9.4792   3.771724    35.0355       5331     3.7017 0.0000e+00
    188.000     9.4602   3.769970    35.0354       5349     3.7138 0.0000e+00
    189.000     9.4451   3.768505    35.0345       5391     3.7430 0.0000e+00
    190.000     9.4271   3.766824    35.0343       5457     3.7887 0.0000e+00
    191.000     9.4119   3.765464    35.0346       5471     3.7987 0.0000e+00
    192.000     9.4062   3.764963    35.0345       5485     3.8083 0.0000e+00
    193.000     9.4026   3.764652    35.0343       5498     3.8173 0.0000e+00
    194.000     9.3946   3.763947    35.0343       5512     3.8270 0.0000e+00
    195.000     9.3891   3.763437    35.0340       5532     3.8410 0.0000e+00
    196.000     9.3751   3.762107    35.0333       5598     3.8869 0.0000e+00
    197.000     9.3575   3.760520    35.0336       5635     3.9128 0.0000e+00
    198.000     9.3518   3.760011    35.0334       5654     3.9259 0.0000e+00
    199.000     9.3318   3.758208    35.0339       5672     3.9381 0.0000e+00
    200.000     9.3145   3.756663    35.0342       5691     3.9513 0.0000e+00
    201.000     9.2763   3.753201    35.0351       5715     3.9684 0.0000e+00
    202.000     9.2489   3.750669    35.0352       5746     3.9896 0.0000e+00
    203.000     9.2310   3.748996    35.0349       5778     4.0121 0.0000e+00
    204.000     9.1639   3.742607    35.0336       6090     4.2286 0.0000e+00
    203.000     9.1801   3.743809    35.0307       6257     4.3445 0.0000e+00
    202.000     9.2379   3.749192    35.0306       6605     4.5861 0.0000e+00
    201.000     9.2554   3.750690    35.0296       7220     5.0133 0.0000e+00
