HB2502/ctd117.cnv
* Sea-Bird SBE 9 Data File:
* FileName = C:\cruise\data\ctd117.hex
* Software Version Seasave V 7.26.7.121
* Temperature SN = 6768
* Conductivity SN = 6166
* Number of Bytes Per Scan = 37
* Number of Voltage Words = 4
* Number of Scans Averaged by the Deck Unit = 1
* NMEA Latitude = 39 56.26 N
* NMEA Longitude = 071 26.28 W
* NMEA UTC (Time) = Apr 05 2025 05:23:56
* NMEA baud rate = 4800
** Ship: Bigelow HB2502
** Program:  Spring Bottom Trawl
** Chief Scientist:Jon Galbraith
# nquan = 7
# nvalues = 485                         
# units = specified
# name 0 = depSM: Depth [salt water, m]
# name 1 = t090C: Temperature [ITS-90, deg C]
# name 2 = c0S/m: Conductivity [S/m]
# name 3 = sal00: Salinity, Practical [PSU]
# name 4 = scan: Scan Count
# name 5 = timeM: Time, Elapsed [minutes]
# name 6 = flag: flag
# span 0 =      1.000,    244.000       
# span 1 =     4.8630,    12.3055       
# span 2 =   2.489244,   4.058312       
# span 3 =    25.1316,    35.2234       
# span 4 =         71,      15209       
# span 5 =     0.0485,    10.5609       
# span 6 = 0.0000e+00, 0.0000e+00       
# interval = meters: 1                  
# start_time = Apr 05 2025 05:23:56 [NMEA time, header]
# bad_flag = -9.990e-29
*END*
[from data line 411]
     74.000     9.6791   3.666005    33.8063      12302     8.5425 0.0000e+00
     73.000     9.5811   3.653787    33.7734      12324     8.5578 0.0000e+00
     72.000     9.4679   3.640403    33.7425      12343     8.5711 0.0000e+00
     71.000     9.3546   3.628133    33.7230      12362     8.5838 0.0000e+00
     70.000     9.0352   3.591993    33.6499      12382     8.5978 0.0000e+00
     69.000     8.4074   3.521923    33.5095      12407     8.6155 0.0000e+00
     68.000     7.7198   3.445304    33.3495      12451     8.6461 0.0000e+00
     67.000     7.3068   3.397479    33.2297      12496     8.6769 0.0000e+00
     66.000     6.6971   3.332954    33.1120      12518     8.6924 0.0000e+00
     65.000     6.2249   3.283027    33.0162      12537     8.7055 0.0000e+00
     64.000     5.7772   3.236076    32.9261      12555     8.7180 0.0000e+00
     63.000     5.4735   3.203028    32.8493      12573     8.7308 0.0000e+00
     62.000     5.2758   3.181263    32.7955      12595     8.7457 0.0000e+00
     61.000     5.1824   3.169974    32.7586      12622     8.7645 0.0000e+00
     60.000     5.0955   3.158958    32.7181      12658     8.7893 0.0000e+00
     59.000     5.0180   3.148886    32.6791      12703     8.8210 0.0000e+00
     58.000     4.9554   3.140093    32.6398      12738     8.8454 0.0000e+00
     57.000     4.8756   3.130752    32.6110      12762     8.8617 0.0000e+00
     56.000     4.8630   3.126101    32.5702      12780     8.8746 0.0000e+00
     55.000     4.9081   3.127011    32.5371      12798     8.8867 0.0000e+00
     54.000     5.0162   3.134154    32.5141      12815     8.8988 0.0000e+00
     53.000     5.2488   3.152553    32.4988      12835     8.9126 0.0000e+00
     52.000     5.3298   3.159257    32.4971      12862     8.9315 0.0000e+00
     51.000     5.5356   3.175829    32.4865      12914     8.9674 0.0000e+00
     50.000     5.5377   3.177132    32.4996      12956     8.9966 0.0000e+00
     49.000     5.7405   3.194423    32.4998      12976     9.0104 0.0000e+00
     48.000     5.8035   3.198921    32.4902      12994     9.0228 0.0000e+00
     47.000     5.8937   3.205086    32.4733      13012     9.0352 0.0000e+00
     46.000     5.9542   3.209693    32.4673      13032     9.0492 0.0000e+00
     45.000     5.9632   3.209767    32.4600      13058     9.0676 0.0000e+00
     44.000     5.9474   3.207418    32.4493      13099     9.0960 0.0000e+00
     43.000     5.9437   3.206539    32.4436      13140     9.1245 0.0000e+00
     42.000     5.9632   3.207007    32.4306      13165     9.1420 0.0000e+00
     41.000     5.9849   3.208493    32.4269      13184     9.1549 0.0000e+00
     40.000     5.9962   3.209386    32.4266      13201     9.1666 0.0000e+00
     39.000     6.0091   3.210345    32.4254      13218     9.1786 0.0000e+00
     38.000     6.0171   3.210938    32.4250      13242     9.1952 0.0000e+00
     37.000     6.0212   3.211019    32.4224      13305     9.2386 0.0000e+00
     36.000     6.0148   3.210231    32.4202      13338     9.2618 0.0000e+00
     35.000     6.0026   3.208752    32.4158      13355     9.2738 0.0000e+00
     34.000     5.9892   3.207103    32.4107      13370     9.2841 0.0000e+00
     33.000     5.9750   3.205395    32.4056      13385     9.2943 0.0000e+00
     32.000     5.9766   3.204699    32.3968      13401     9.3055 0.0000e+00
     31.000     6.0147   3.206680    32.3831      13424     9.3217 0.0000e+00
     30.000     6.0784   3.211494    32.3764      13490     9.3676 0.0000e+00
     29.000     6.0756   3.211223    32.3766      13524     9.3907 0.0000e+00
     28.000     6.0795   3.211478    32.3762      13543     9.4041 0.0000e+00
     27.000     6.0833   3.211612    32.3746      13560     9.4162 0.0000e+00
     26.000     6.0894   3.211775    32.3710      13577     9.4276 0.0000e+00
     25.000     6.0861   3.210644    32.3620      13594     9.4394 0.0000e+00
     24.000     6.0738   3.208898    32.3548      13614     9.4537 0.0000e+00
     23.000     6.0752   3.208096    32.3450      13653     9.4804 0.0000e+00
     22.000     6.0840   3.208147    32.3377      13708     9.5185 0.0000e+00
     21.000     6.1058   3.209069    32.3276      13732     9.5358 0.0000e+00
     20.000     6.1267   3.210481    32.3240      13753     9.5500 0.0000e+00
     19.000     6.1541   3.212026    32.3155      13772     9.5633 0.0000e+00
     18.000     6.1963   3.214554    32.3041      13791     9.5766 0.0000e+00
     17.000     6.1845   3.211871    32.2859      13812     9.5909 0.0000e+00
     16.000     6.1126   3.203230    32.2584      13837     9.6083 0.0000e+00
     15.000     6.0375   3.194430    32.2321      13873     9.6330 0.0000e+00
     14.000     5.9747   3.187449    32.2143      13910     9.6593 0.0000e+00
     13.000     5.9204   3.179747    32.1803      13938     9.6784 0.0000e+00
     12.000     5.9089   3.177294    32.1642      13962     9.6950 0.0000e+00
     11.000     5.9003   3.175865    32.1569      13985     9.7110 0.0000e+00
     10.000     5.8746   3.172827    32.1477      14008     9.7270 0.0000e+00
      9.000     5.8418   3.169242    32.1392      14032     9.7435 0.0000e+00
      8.000     5.7933   3.163759    32.1243      14057     9.7614 0.0000e+00
      7.000     5.7570   3.159140    32.1074      14087     9.7820 0.0000e+00
      6.000     5.6953   3.150406    32.0683      14749    10.2417 0.0000e+00
      5.000     5.7029   3.151386    32.0726      14938    10.3726 0.0000e+00
      4.000     5.7021   3.151181    32.0716      15043    10.4457 0.0000e+00
      3.000     5.7012   3.150952    32.0703      15065    10.4612 0.0000e+00
      2.000     5.7004   3.150862    32.0705      15086    10.4756 0.0000e+00
      1.000     5.7523   2.489244    25.1316      15209    10.5609 0.0000e+00
