HB2502/ctd195.cnv
* Sea-Bird SBE 9 Data File:
* FileName = C:\cruise\data\ctd195.hex
* Software Version Seasave V 7.26.7.121
* Temperature SN = 4591
* Conductivity SN = 6006
* Number of Bytes Per Scan = 37
* Number of Voltage Words = 4
* Number of Scans Averaged by the Deck Unit = 1
* NMEA Latitude = 42 27.93 N
* NMEA Longitude = 067 32.91 W
* NMEA UTC (Time) = May 09 2025 07:41:38
* NMEA baud rate = 4800
** Ship: Bigelow HB2502
** Program:  Spring Bottom Trawl
** Chief Scientist:Jon Galbraith
# nquan = 10
# nvalues = 538                         
# units = specified
# name 0 = depSM: Depth [salt water, m]
# name 1 = t090C: Temperature [ITS-90, deg C]
# name 2 = c0S/m: Conductivity [S/m]
# name 3 = sal00: Salinity, Practical [PSU]
# name 4 = scan: Scan Count
# name 5 = timeM: Time, Elapsed [minutes]
# name 6 = sbeox0Mg/L: Oxygen, SBE 43 [mg/l]
# name 7 = sbeox1Mg/L: Oxygen, SBE 43, 2 [mg/l]
# name 8 = par: PAR/Irradiance, Biospherical/Licor
# name 9 = flag: flag
# span 0 =      2.000,    271.000       
# span 1 =     5.2455,     8.4009       
# span 2 =   3.170330,   3.647708       
# span 3 =    32.3071,    34.9182       
# span 4 =        255,      16757       
# span 5 =     0.1763,    11.6362       
# span 6 =     5.8110,    10.3829       
# span 7 =     5.9805,    10.5667       
# span 8 = 1.0000e-12, 1.4663e+01       
# span 9 = 0.0000e+00, 0.0000e+00       
# interval = meters: 1                  
# start_time = May 09 2025 07:41:38 [NMEA time, header]
# bad_flag = -9.990e-29
*END*
      3.000     8.1305   3.381882    32.3176        255     0.1763    10.0719    10.2782 1.2529e+01 0.0000e+00
      4.000     8.0953   3.380094    32.3307        602     0.4177    10.0995    10.3098 9.0058e+00 0.0000e+00
      5.000     8.0673   3.377651    32.3301        625     0.4331    10.0905    10.2707 8.5482e+00 0.0000e+00
      6.000     8.0681   3.377493    32.3272        661     0.4583    10.0914    10.2647 5.8245e+00 0.0000e+00
      7.000     7.9829   3.373341    32.3614        688     0.4770    10.1451    10.3293 5.0105e+00 0.0000e+00
      8.000     7.6920   3.348809    32.3686        713     0.4948    10.1725    10.3800 4.1122e+00 0.0000e+00
      9.000     7.5688   3.338476    32.3720        741     0.5141    10.1448    10.2808 3.4760e+00 0.0000e+00
     10.000     7.3900   3.322411    32.3652        771     0.5350    10.1796    10.3284 2.5789e+00 0.0000e+00
     11.000     7.3655   3.319769    32.3591        799     0.5544    10.2165    10.3867 2.2110e+00 0.0000e+00
     12.000     7.3290   3.317105    32.3639        823     0.5707    10.2775    10.4720 1.7004e+00 0.0000e+00
     13.000     7.2689   3.312692    32.3719        844     0.5854    10.3575    10.5364 1.3417e+00 0.0000e+00
     14.000     7.1940   3.306588    32.3754        867     0.6011    10.3829    10.5363 1.0314e+00 0.0000e+00
     15.000     7.1562   3.303222    32.3739        894     0.6200    10.3454    10.4928 8.8460e-01 0.0000e+00
     16.000     6.9703   3.291088    32.4160        925     0.6417    10.3755    10.5371 6.9382e-01 0.0000e+00
     17.000     6.8083   3.277365    32.4183        959     0.6653    10.3616    10.5340 5.2404e-01 0.0000e+00
     18.000     6.7752   3.274707    32.4199        991     0.6878    10.3095    10.4636 4.0599e-01 0.0000e+00
     19.000     6.6592   3.266853    32.4429       1015     0.7044    10.3338    10.5050 3.2785e-01 0.0000e+00
     20.000     6.5339   3.258225    32.4662       1034     0.7175    10.3470    10.5043 2.7434e-01 0.0000e+00
     21.000     6.4911   3.253825    32.4579       1051     0.7293    10.3288    10.4483 2.2431e-01 0.0000e+00
     22.000     6.4789   3.252333    32.4525       1070     0.7423    10.2774    10.3928 1.8625e-01 0.0000e+00
     23.000     6.4734   3.251380    32.4466       1104     0.7661    10.1950    10.3744 1.3140e-01 0.0000e+00
     24.000     6.4672   3.250555    32.4430       1157     0.8027    10.1703    10.4155 9.2743e-02 0.0000e+00
     25.000     6.4568   3.249955    32.4457       1181     0.8194    10.2065    10.4208 6.8823e-02 0.0000e+00
     26.000     6.4239   3.248252    32.4577       1199     0.8320    10.2104    10.4088 5.3126e-02 0.0000e+00
     27.000     6.3731   3.244317    32.4620       1216     0.8438    10.2217    10.4064 4.2494e-02 0.0000e+00
     28.000     6.3495   3.242370    32.4624       1235     0.8568    10.2267    10.3828 2.3750e-02 0.0000e+00
     29.000     6.3137   3.239845    32.4680       1260     0.8742    10.2065    10.3611 2.0046e-02 0.0000e+00
     30.000     6.0698   3.222459    32.5071       1294     0.8982    10.2345    10.3662 4.2476e-03 0.0000e+00
     31.000     5.9865   3.215734    32.5114       1331     0.9239    10.1164    10.2667 6.2514e-04 0.0000e+00
     32.000     5.8897   3.209588    32.5350       1360     0.9437    10.0554    10.2664 1.9416e-06 0.0000e+00
     33.000     5.8430   3.206170    32.5411       1383     0.9598    10.0310    10.2237 1.0000e-12 0.0000e+00
     34.000     5.8300   3.205280    32.5431       1405     0.9752     9.9889    10.1609 1.0000e-12 0.0000e+00
     35.000     5.8154   3.204405    32.5469       1429     0.9918     9.9367    10.1133 1.0000e-12 0.0000e+00
     36.000     5.7983   3.203543    32.5532       1455     1.0100     9.8860    10.0679 1.0000e-12 0.0000e+00
     37.000     5.7738   3.202237    32.5616       1482     1.0284     9.8565    10.0404 1.0000e-12 0.0000e+00
     38.000     5.7689   3.201820    32.5612       1507     1.0456     9.8446    10.0201 1.0000e-12 0.0000e+00
     39.000     5.7647   3.201563    32.5618       1531     1.0627     9.8248    10.0116 1.0000e-12 0.0000e+00
     40.000     5.7498   3.200816    32.5673       1561     1.0832     9.7913     9.9985 1.0000e-12 0.0000e+00
     41.000     5.7020   3.198692    32.5891       1598     1.1087     9.8079    10.0000 1.0000e-12 0.0000e+00
     42.000     5.6453   3.195415    32.6065       1628     1.1297     9.8103     9.9954 1.0000e-12 0.0000e+00
     43.000     5.6278   3.194150    32.6085       1650     1.1448     9.7533     9.9335 1.0000e-12 0.0000e+00
     44.000     5.6029   3.191922    32.6070       1668     1.1578     9.7103     9.8905 1.0000e-12 0.0000e+00
     45.000     5.5907   3.190781    32.6055       1686     1.1704     9.6713     9.8661 1.0000e-12 0.0000e+00
     46.000     5.5624   3.188162    32.6027       1708     1.1856     9.6391     9.8504 1.0000e-12 0.0000e+00
     47.000     5.5230   3.184101    32.5944       1745     1.2112     9.6425     9.8565 1.0000e-12 0.0000e+00
     48.000     5.5084   3.182624    32.5913       1789     1.2419     9.6722     9.8973 1.0000e-12 0.0000e+00
     49.000     5.4912   3.181109    32.5903       1815     1.2600     9.6948     9.9312 1.0000e-12 0.0000e+00
     50.000     5.4863   3.180694    32.5898       1836     1.2743     9.6897     9.9387 1.0000e-12 0.0000e+00
     51.000     5.4885   3.180852    32.5890       1855     1.2876     9.6871     9.9262 1.0000e-12 0.0000e+00
     52.000     5.4905   3.181029    32.5886       1875     1.3012     9.6943     9.9143 1.0000e-12 0.0000e+00
     53.000     5.4865   3.180920    32.5907       1896     1.3163     9.7149     9.9145 1.0000e-12 0.0000e+00
     54.000     5.4748   3.181026    32.6029       1922     1.3342     9.7234     9.9220 1.0000e-12 0.0000e+00
     55.000     5.4133   3.178866    32.6376       1957     1.3580     9.7263     9.9130 1.0000e-12 0.0000e+00
     56.000     5.3557   3.174888    32.6479       1995     1.3848     9.6886     9.8577 1.0000e-12 0.0000e+00
     57.000     5.3255   3.172418    32.6487       2025     1.4056     9.6100     9.8098 1.0000e-12 0.0000e+00
     58.000     5.3163   3.171702    32.6490       2049     1.4221     9.5646     9.7793 1.0000e-12 0.0000e+00
     59.000     5.2965   3.170817    32.6577       2070     1.4369     9.5436     9.7868 1.0000e-12 0.0000e+00
     60.000     5.2886   3.170349    32.6596       2091     1.4514     9.5557     9.7908 1.0000e-12 0.0000e+00
     61.000     5.2748   3.170379    32.6729       2114     1.4676     9.5709     9.7788 1.0000e-12 0.0000e+00
     62.000     5.2584   3.171824    32.7049       2144     1.4882     9.5671     9.7530 1.0000e-12 0.0000e+00
     63.000     5.2533   3.172655    32.7189       2175     1.5100     9.5378     9.7304 1.0000e-12 0.0000e+00
     64.000     5.2455   3.173264    32.7330       2200     1.5268     9.4845     9.6745 1.0000e-12 0.0000e+00
     65.000     5.2464   3.174145    32.7416       2221     1.5419     9.4172     9.5869 1.0000e-12 0.0000e+00
     66.000     5.2471   3.174839    32.7483       2247     1.5599     9.3511     9.5164 1.0000e-12 0.0000e+00
     67.000     5.2473   3.175344    32.7534       2285     1.5860     9.2638     9.4456 1.0000e-12 0.0000e+00
     68.000     5.2516   3.176576    32.7628       2315     1.6070     9.2088     9.4358 1.0000e-12 0.0000e+00
     69.000     5.2596   3.178473    32.7761       2336     1.6215     9.1820     9.4255 1.0000e-12 0.0000e+00
     70.000     5.2718   3.180922    32.7916       2355     1.6350     9.1778     9.4042 1.0000e-12 0.0000e+00
     71.000     5.2898   3.184127    32.8101       2378     1.6508     9.1615     9.3594 1.0000e-12 0.0000e+00
     72.000     5.2948   3.185828    32.8241       2408     1.6717     9.1257     9.2970 1.0000e-12 0.0000e+00
     73.000     5.2981   3.186496    32.8280       2441     1.6943     9.0800     9.2695 1.0000e-12 0.0000e+00
     74.000     5.3055   3.187705    32.8340       2470     1.7148     9.0146     9.2326 1.0000e-12 0.0000e+00
     75.000     5.3189   3.189822    32.8445       2497     1.7336     8.9711     9.1983 1.0000e-12 0.0000e+00
     76.000     5.3460   3.195037    32.8769       2522     1.7507     8.9589     9.1697 1.0000e-12 0.0000e+00
     77.000     5.3857   3.200989    32.9053       2545     1.7669     8.9647     9.1542 1.0000e-12 0.0000e+00
     78.000     5.4061   3.204326    32.9227       2569     1.7836     8.9442     9.1212 1.0000e-12 0.0000e+00
     79.000     5.4404   3.209438    32.9467       2595     1.8012     8.8415     9.0146 1.0000e-12 0.0000e+00
     80.000     5.5043   3.219129    32.9936       2621     1.8194     8.7133     8.9066 1.0000e-12 0.0000e+00
     81.000     5.5233   3.222055    33.0077       2648     1.8383     8.6348     8.8363 1.0000e-12 0.0000e+00
     82.000     5.5853   3.230705    33.0443       2678     1.8589     8.5123     8.6917 1.0000e-12 0.0000e+00
     83.000     5.6339   3.237405    33.0721       2708     1.8796     8.3976     8.5928 1.0000e-12 0.0000e+00
     84.000     5.6632   3.241684    33.0912       2735     1.8987     8.3331     8.5167 1.0000e-12 0.0000e+00
     85.000     5.6662   3.242293    33.0946       2760     1.9159     8.2640     8.4420 1.0000e-12 0.0000e+00
     86.000     5.6789   3.243851    33.0993       2783     1.9322     8.1858     8.4040 1.0000e-12 0.0000e+00
     87.000     5.7268   3.250139    33.1229       2807     1.9489     8.1613     8.3834 1.0000e-12 0.0000e+00
     88.000     5.7840   3.257819    33.1529       2836     1.9685     8.1700     8.3868 1.0000e-12 0.0000e+00
     89.000     5.8130   3.262039    33.1715       2866     1.9897     8.1467     8.3754 1.0000e-12 0.0000e+00
     90.000     5.8640   3.268728    33.1962       2893     2.0086     8.0908     8.3051 1.0000e-12 0.0000e+00
     91.000     5.8999   3.273830    33.2179       2918     2.0259     8.0446     8.2600 1.0000e-12 0.0000e+00
     92.000     5.9928   3.285001    33.2517       2944     2.0436     8.0021     8.2030 1.0000e-12 0.0000e+00
     93.000     6.0871   3.298931    33.3148       2972     2.0629     7.9617     8.1384 1.0000e-12 0.0000e+00
     94.000     6.1384   3.306642    33.3502       3001     2.0830     7.9031     8.0971 1.0000e-12 0.0000e+00
     95.000     6.1542   3.309148    33.3623       3027     2.1014     7.8128     7.9808 1.0000e-12 0.0000e+00
     96.000     6.1617   3.310351    33.3679       3051     2.1180     7.7284     7.8659 1.0000e-12 0.0000e+00
     97.000     6.1654   3.310974    33.3707       3074     2.1339     7.6604     7.8181 1.0000e-12 0.0000e+00
     98.000     6.1691   3.311520    33.3726       3099     2.1513     7.6160     7.8170 1.0000e-12 0.0000e+00
     99.000     6.2054   3.316221    33.3890       3130     2.1728     7.6287     7.8172 1.0000e-12 0.0000e+00
    100.000     6.2692   3.324917    33.4230       3162     2.1954     7.5942     7.8227 1.0000e-12 0.0000e+00
    101.000     6.2875   3.327952    33.4383       3190     2.2147     7.5877     7.8192 1.0000e-12 0.0000e+00
    102.000     6.2988   3.329681    33.4460       3214     2.2315     7.5586     7.7639 1.0000e-12 0.0000e+00
    103.000     6.3084   3.331060    33.4515       3237     2.2472     7.5097     7.7066 1.0000e-12 0.0000e+00
    104.000     6.3165   3.332232    33.4560       3261     2.2639     7.4890     7.6820 1.0000e-12 0.0000e+00
    105.000     6.3295   3.334139    33.4640       3290     2.2842     7.4813     7.6703 1.0000e-12 0.0000e+00
    106.000     6.3353   3.335057    33.4680       3322     2.3062     7.4515     7.6629 1.0000e-12 0.0000e+00
    107.000     6.3438   3.336212    33.4721       3348     2.3243     7.4317     7.6457 1.0000e-12 0.0000e+00
    108.000     6.3570   3.337989    33.4783       3371     2.3403     7.4564     7.6460 1.0000e-12 0.0000e+00
    109.000     6.3711   3.339960    33.4859       3396     2.3573     7.4682     7.6523 1.0000e-12 0.0000e+00
    110.000     6.3863   3.341866    33.4917       3422     2.3758     7.4566     7.6405 1.0000e-12 0.0000e+00
    111.000     6.4117   3.345355    33.5050       3448     2.3938     7.4237     7.6125 1.0000e-12 0.0000e+00
    112.000     6.4334   3.347995    33.5126       3474     2.4120     7.4027     7.5949 1.0000e-12 0.0000e+00
    113.000     6.5179   3.358786    33.5488       3505     2.4331     7.3716     7.5791 1.0000e-12 0.0000e+00
    114.000     6.5566   3.364462    33.5733       3536     2.4550     7.3636     7.5762 1.0000e-12 0.0000e+00
    115.000     6.5686   3.366216    33.5805       3562     2.4731     7.3524     7.5574 1.0000e-12 0.0000e+00
    116.000     6.5954   3.369454    33.5895       3585     2.4891     7.3260     7.5092 1.0000e-12 0.0000e+00
    117.000     6.6160   3.372531    33.6028       3609     2.5056     7.3126     7.4871 1.0000e-12 0.0000e+00
    118.000     6.7169   3.384891    33.6399       3635     2.5234     7.2934     7.4634 1.0000e-12 0.0000e+00
    119.000     6.7920   3.395060    33.6778       3662     2.5424     7.2797     7.4604 1.0000e-12 0.0000e+00
    120.000     6.8399   3.401629    33.7026       3692     2.5630     7.2376     7.4378 1.0000e-12 0.0000e+00
    121.000     6.8663   3.405212    33.7156       3721     2.5834     7.2018     7.3904 1.0000e-12 0.0000e+00
    122.000     6.8849   3.407781    33.7252       3747     2.6015     7.1838     7.3678 1.0000e-12 0.0000e+00
    123.000     6.9104   3.410961    33.7345       3771     2.6183     7.1813     7.3551 1.0000e-12 0.0000e+00
    124.000     6.9409   3.415310    33.7519       3796     2.6356     7.1680     7.3437 1.0000e-12 0.0000e+00
    125.000     6.9522   3.417478    33.7641       3823     2.6541     7.1528     7.3299 1.0000e-12 0.0000e+00
    126.000     7.0559   3.429544    33.7942       3850     2.6728     7.1284     7.2850 1.0000e-12 0.0000e+00
    127.000     7.1476   3.441785    33.8376       3875     2.6906     7.1072     7.2794 1.0000e-12 0.0000e+00
    128.000     7.2851   3.457331    33.8719       3902     2.7088     7.0838     7.2649 1.0000e-12 0.0000e+00
    129.000     7.4468   3.478640    33.9449       3931     2.7290     7.0083     7.2188 1.0000e-12 0.0000e+00
    130.000     7.5353   3.490554    33.9869       3961     2.7498     6.9868     7.1874 1.0000e-12 0.0000e+00
    131.000     7.5040   3.492269    34.0356       3987     2.7679     6.9529     7.1316 1.0000e-12 0.0000e+00
    132.000     7.4511   3.489258    34.0544       4010     2.7843     6.9135     7.0931 1.0000e-12 0.0000e+00
    133.000     7.5670   3.502447    34.0831       4035     2.8012     6.8494     7.0037 1.0000e-12 0.0000e+00
    134.000     7.6620   3.513726    34.1113       4064     2.8214     6.8023     6.9533 1.0000e-12 0.0000e+00
    135.000     7.7548   3.523925    34.1300       4096     2.8434     6.7444     6.9033 1.0000e-12 0.0000e+00
    136.000     7.8565   3.536411    34.1643       4122     2.8616     6.7061     6.8951 1.0000e-12 0.0000e+00
    137.000     7.8757   3.539240    34.1754       4144     2.8768     6.7057     6.9106 1.0000e-12 0.0000e+00
    138.000     7.8003   3.532403    34.1752       4164     2.8913     6.7179     6.9142 1.0000e-12 0.0000e+00
    139.000     7.9001   3.542605    34.1867       4188     2.9078     6.6833     6.8584 1.0000e-12 0.0000e+00
    140.000     7.7635   3.533267    34.2196       4221     2.9308     6.6946     6.8710 1.0000e-12 0.0000e+00
    141.000     7.6318   3.520738    34.2133       4259     2.9568     6.6869     6.8307 1.0000e-12 0.0000e+00
    142.000     7.5482   3.514641    34.2292       4285     2.9753     6.6397     6.7830 1.0000e-12 0.0000e+00
    143.000     7.5104   3.512360    34.2412       4306     2.9896     6.6185     6.7759 1.0000e-12 0.0000e+00
    144.000     7.4942   3.510888    34.2408       4326     3.0033     6.5806     6.7461 1.0000e-12 0.0000e+00
    145.000     7.4929   3.511301    34.2460       4348     3.0191     6.5418     6.7072 1.0000e-12 0.0000e+00
    146.000     7.4845   3.511345    34.2543       4379     3.0403     6.5032     6.6671 1.0000e-12 0.0000e+00
