HB2502/ctd112.cnv
* Sea-Bird SBE 9 Data File:
* FileName = C:\cruise\data\ctd112.hex
* Software Version Seasave V 7.26.7.121
* Temperature SN = 6768
* Conductivity SN = 6166
* Number of Bytes Per Scan = 37
* Number of Voltage Words = 4
* Number of Scans Averaged by the Deck Unit = 1
* NMEA Latitude = 39 22.66 N
* NMEA Longitude = 072 28.78 W
* NMEA UTC (Time) = Apr 04 2025 11:41:17
* NMEA baud rate = 4800
** Ship: Bigelow HB2502
** Program:  Spring Bottom Trawl
** Chief Scientist:Jon Galbraith
# nquan = 7
# nvalues = 248                         
# units = specified
# name 0 = depSM: Depth [salt water, m]
# name 1 = t090C: Temperature [ITS-90, deg C]
# name 2 = c0S/m: Conductivity [S/m]
# name 3 = sal00: Salinity, Practical [PSU]
# name 4 = scan: Scan Count
# name 5 = timeM: Time, Elapsed [minutes]
# name 6 = flag: flag
# span 0 =      1.000,    126.000       
# span 1 =     7.6344,    11.8357       
# span 2 =   3.292042,   3.964154       
# span 3 =    31.8146,    34.8066       
# span 4 =         99,       8611       
# span 5 =     0.0683,     5.9789       
# span 6 = 0.0000e+00, 0.0000e+00       
# interval = meters: 1                  
# start_time = Apr 04 2025 11:41:17 [NMEA time, header]
# bad_flag = -9.990e-29
*END*
      4.000     7.7689   3.435732    33.2310         99     0.0683 0.0000e+00
      5.000     7.6497   3.392352    32.8773        216     0.1492 0.0000e+00
      6.000     7.6431   3.381168    32.7628        250     0.1727 0.0000e+00
      7.000     7.6430   3.379738    32.7470        275     0.1906 0.0000e+00
      8.000     7.6450   3.388453    32.8384        341     0.2358 0.0000e+00
      9.000     7.6449   3.391971    32.8759        458     0.3174 0.0000e+00
     10.000     7.6441   3.384962    32.8008        511     0.3541 0.0000e+00
     11.000     7.6436   3.377377    32.7193        530     0.3675 0.0000e+00
     12.000     7.6428   3.376134    32.7061        546     0.3785 0.0000e+00
     13.000     7.6411   3.375860    32.7043        562     0.3897 0.0000e+00
     14.000     7.6412   3.379946    32.7477        588     0.4077 0.0000e+00
     15.000     7.6465   3.382535    32.7701        645     0.4471 0.0000e+00
     16.000     7.6379   3.376135    32.7089        669     0.4641 0.0000e+00
     17.000     7.6375   3.374914    32.6957        687     0.4764 0.0000e+00
     18.000     7.6398   3.375334    32.6976        704     0.4885 0.0000e+00
     19.000     7.6403   3.376441    32.7085        727     0.5039 0.0000e+00
     20.000     7.6369   3.377900    32.7269        761     0.5281 0.0000e+00
     21.000     7.6355   3.376251    32.7100        794     0.5507 0.0000e+00
     22.000     7.6348   3.375326    32.7003        817     0.5669 0.0000e+00
     23.000     7.6344   3.375256    32.6994        841     0.5831 0.0000e+00
     24.000     7.6349   3.375674    32.7030        867     0.6012 0.0000e+00
     25.000     7.6365   3.376254    32.7072        895     0.6207 0.0000e+00
     26.000     7.6463   3.376508    32.7003        924     0.6412 0.0000e+00
     27.000     7.6601   3.376005    32.6815        953     0.6608 0.0000e+00
     28.000     7.6604   3.379261    32.7157        979     0.6795 0.0000e+00
     29.000     7.6537   3.383012    32.7618       1006     0.6981 0.0000e+00
     30.000     7.6479   3.385623    32.7949       1030     0.7144 0.0000e+00
     31.000     7.6430   3.387276    32.8168       1051     0.7294 0.0000e+00
     32.000     7.6403   3.386744    32.8131       1078     0.7477 0.0000e+00
     33.000     7.6512   3.387567    32.8112       1116     0.7742 0.0000e+00
     34.000     7.7096   3.392749    32.8113       1147     0.7958 0.0000e+00
     35.000     7.7492   3.402390    32.8770       1167     0.8098 0.0000e+00
     36.000     7.8469   3.412204    32.8895       1186     0.8227 0.0000e+00
     37.000     7.8919   3.414771    32.8741       1208     0.8381 0.0000e+00
     38.000     7.9198   3.418252    32.8846       1243     0.8626 0.0000e+00
     39.000     7.9456   3.426227    32.9449       1280     0.8880 0.0000e+00
     40.000     7.9662   3.432593    32.9930       1301     0.9030 0.0000e+00
     41.000     8.0062   3.436234    32.9937       1320     0.9162 0.0000e+00
     42.000     8.0631   3.439141    32.9706       1343     0.9319 0.0000e+00
     43.000     8.1392   3.438575    32.8925       1379     0.9568 0.0000e+00
     44.000     8.2143   3.444896    32.8888       1416     0.9825 0.0000e+00
     45.000     8.3488   3.458275    32.9040       1439     0.9990 0.0000e+00
     46.000     8.5430   3.473507    32.8828       1459     1.0124 0.0000e+00
     47.000     8.6568   3.493688    32.9882       1477     1.0253 0.0000e+00
     48.000     8.7330   3.515504    33.1452       1497     1.0392 0.0000e+00
     49.000     8.7997   3.533442    33.2701       1530     1.0618 0.0000e+00
     50.000     8.8332   3.549036    33.4014       1580     1.0963 0.0000e+00
     51.000     8.8520   3.555944    33.4555       1604     1.1133 0.0000e+00
     52.000     8.9010   3.563637    33.4892       1624     1.1269 0.0000e+00
     53.000     8.9977   3.574412    33.5100       1643     1.1404 0.0000e+00
     54.000     9.2153   3.601218    33.5832       1664     1.1548 0.0000e+00
     55.000     9.3901   3.630008    33.7163       1690     1.1729 0.0000e+00
     56.000     9.5505   3.653816    33.8102       1726     1.1980 0.0000e+00
     57.000     9.8755   3.691361    33.8889       1760     1.2213 0.0000e+00
     58.000    10.2220   3.738332    34.0412       1784     1.2384 0.0000e+00
     59.000    10.2835   3.749835    34.0996       1807     1.2544 0.0000e+00
     60.000    10.3403   3.757188    34.1203       1832     1.2718 0.0000e+00
     61.000    10.4645   3.772235    34.1552       1859     1.2900 0.0000e+00
     62.000    10.6178   3.791166    34.2016       1883     1.3069 0.0000e+00
     63.000    10.8846   3.826408    34.3044       1908     1.3241 0.0000e+00
     64.000    10.9488   3.835992    34.3395       1936     1.3437 0.0000e+00
     65.000    10.9798   3.840602    34.3560       1964     1.3635 0.0000e+00
     66.000    11.0193   3.845974    34.3721       1990     1.3815 0.0000e+00
     67.000    11.1278   3.860209    34.4118       2018     1.4010 0.0000e+00
     68.000    11.1496   3.863809    34.4267       2053     1.4247 0.0000e+00
     69.000    11.1849   3.868136    34.4362       2083     1.4458 0.0000e+00
     70.000    11.3504   3.888790    34.4857       2103     1.4600 0.0000e+00
     71.000    11.4165   3.898285    34.5173       2122     1.4728 0.0000e+00
     72.000    11.4882   3.907942    34.5452       2141     1.4864 0.0000e+00
     73.000    11.5362   3.914837    34.5679       2166     1.5037 0.0000e+00
     74.000    11.5879   3.921728    34.5869       2205     1.5305 0.0000e+00
     75.000    11.6181   3.925732    34.5977       2245     1.5586 0.0000e+00
     76.000    11.6593   3.931202    34.6126       2271     1.5767 0.0000e+00
     77.000    11.6817   3.933817    34.6169       2291     1.5901 0.0000e+00
     78.000    11.7326   3.939966    34.6293       2309     1.6028 0.0000e+00
     79.000    11.7402   3.941239    34.6343       2329     1.6168 0.0000e+00
     80.000    11.7396   3.941421    34.6361       2356     1.6354 0.0000e+00
     81.000    11.7579   3.943871    34.6427       2395     1.6625 0.0000e+00
     82.000    11.7674   3.945452    34.6489       2434     1.6898 0.0000e+00
     83.000    11.7646   3.945987    34.6563       2457     1.7058 0.0000e+00
     84.000    11.7225   3.942958    34.6655       2476     1.7188 0.0000e+00
     85.000    11.6724   3.937872    34.6619       2494     1.7309 0.0000e+00
     86.000    11.6637   3.937521    34.6661       2513     1.7442 0.0000e+00
     87.000    11.6660   3.938178    34.6700       2546     1.7671 0.0000e+00
     88.000    11.6670   3.938467    34.6715       2600     1.8048 0.0000e+00
     89.000    11.6715   3.939167    34.6737       2623     1.8211 0.0000e+00
     90.000    11.6736   3.939629    34.6758       2641     1.8337 0.0000e+00
     91.000    11.6802   3.940667    34.6794       2660     1.8462 0.0000e+00
     92.000    11.7512   3.951228    34.7162       2681     1.8611 0.0000e+00
     93.000    11.7983   3.958304    34.7412       2708     1.8802 0.0000e+00
     94.000    11.8334   3.963348    34.7572       2740     1.9018 0.0000e+00
     95.000    11.8357   3.963841    34.7596       2772     1.9241 0.0000e+00
     96.000    11.8332   3.964154    34.7645       2804     1.9463 0.0000e+00
     97.000    11.8261   3.963776    34.7670       2833     1.9666 0.0000e+00
     98.000    11.8274   3.963979    34.7673       2857     1.9833 0.0000e+00
     99.000    11.7789   3.959382    34.7672       2877     1.9971 0.0000e+00
    100.000    11.7352   3.954894    34.7636       2895     2.0096 0.0000e+00
    101.000    11.6695   3.947691    34.7540       2915     2.0235 0.0000e+00
    102.000    11.5090   3.930215    34.7321       2952     2.0495 0.0000e+00
    103.000    11.4291   3.921111    34.7168       3001     2.0837 0.0000e+00
    104.000    11.4026   3.918297    34.7134       3024     2.0992 0.0000e+00
    105.000    11.4220   3.920972    34.7212       3042     2.1115 0.0000e+00
    106.000    11.3084   3.909463    34.7137       3060     2.1244 0.0000e+00
    107.000    11.2513   3.903155    34.7045       3086     2.1424 0.0000e+00
    108.000    11.1760   3.894976    34.6937       3118     2.1648 0.0000e+00
    109.000    10.9398   3.869648    34.6639       3146     2.1841 0.0000e+00
    110.000    10.8754   3.862530    34.6532       3172     2.2021 0.0000e+00
    111.000    10.9216   3.868594    34.6696       3200     2.2217 0.0000e+00
    112.000    10.9035   3.867493    34.6753       3228     2.2408 0.0000e+00
    113.000    10.8792   3.865424    34.6771       3254     2.2591 0.0000e+00
    114.000    10.9562   3.875799    34.7075       3282     2.2788 0.0000e+00
    115.000    11.0215   3.884137    34.7285       3311     2.2984 0.0000e+00
    116.000    11.0329   3.885652    34.7325       3335     2.3155 0.0000e+00
    117.000    11.0446   3.887173    34.7361       3358     2.3315 0.0000e+00
    118.000    11.0459   3.887868    34.7413       3385     2.3498 0.0000e+00
    119.000    11.0278   3.886139    34.7408       3419     2.3739 0.0000e+00
    120.000    11.0329   3.887004    34.7441       3450     2.3953 0.0000e+00
    121.000    11.1101   3.897435    34.7746       3472     2.4106 0.0000e+00
    122.000    11.1284   3.900251    34.7848       3492     2.4242 0.0000e+00
    123.000    11.1345   3.901313    34.7893       3514     2.4396 0.0000e+00
    124.000    11.1432   3.902827    34.7956       3545     2.4611 0.0000e+00
    125.000    11.1480   3.903680    34.7992       3581     2.4863 0.0000e+00
    126.000    11.1570   3.905335    34.8066       4127     2.8649 0.0000e+00
    125.000    11.1497   3.904090    34.8016       4378     3.0397 0.0000e+00
    124.000    11.1441   3.903139    34.7978       4579     3.1792 0.0000e+00
    123.000    11.1421   3.902766    34.7965       4583     3.1817 0.0000e+00
    122.000    11.1379   3.902019    34.7935       4599     3.1928 0.0000e+00
    121.000    11.1321   3.901064    34.7899       4617     3.2053 0.0000e+00
    120.000    11.0934   3.895618    34.7728       4653     3.2306 0.0000e+00
    119.000    11.0402   3.888091    34.7485       4696     3.2603 0.0000e+00
    118.000    11.0359   3.887181    34.7439       4713     3.2723 0.0000e+00
    117.000    11.0479   3.888235    34.7436       4729     3.2831 0.0000e+00
    116.000    11.0514   3.888377    34.7421       4744     3.2940 0.0000e+00
    115.000    11.0432   3.887094    34.7376       4765     3.3085 0.0000e+00
    114.000    10.9584   3.876461    34.7121       4816     3.3435 0.0000e+00
    113.000    10.8966   3.867745    34.6839       4856     3.3718 0.0000e+00
    112.000    10.8762   3.864329    34.6695       4873     3.3835 0.0000e+00
    111.000    10.9125   3.867874    34.6710       4890     3.3950 0.0000e+00
    110.000    10.9161   3.867900    34.6684       4906     3.4065 0.0000e+00
    109.000    10.9398   3.869601    34.6634       4928     3.4213 0.0000e+00
    108.000    11.1238   3.888251    34.6761       4969     3.4501 0.0000e+00
    107.000    11.2592   3.902775    34.6933       5007     3.4767 0.0000e+00
    106.000    11.3754   3.915424    34.7097       5027     3.4902 0.0000e+00
    105.000    11.4159   3.919398    34.7114       5043     3.5016 0.0000e+00
    104.000    11.4255   3.920518    34.7139       5060     3.5131 0.0000e+00
    103.000    11.4446   3.922494    34.7159       5078     3.5257 0.0000e+00
    102.000    11.5616   3.934750    34.7274       5107     3.5459 0.0000e+00
    101.000    11.7404   3.955029    34.7597       5189     3.6028 0.0000e+00
    100.000    11.7221   3.953004    34.7573       5199     3.6100 0.0000e+00
     99.000    11.7354   3.954529    34.7603       5212     3.6187 0.0000e+00
     98.000    11.7540   3.956290    34.7606       5223     3.6267 0.0000e+00
     97.000    11.7899   3.959837    34.7622       5237     3.6358 0.0000e+00
     96.000    11.8100   3.961710    34.7623       5254     3.6480 0.0000e+00
     95.000    11.7468   3.951533    34.7220       5308     3.6856 0.0000e+00
     94.000    11.6738   3.940443    34.6819       5353     3.7163 0.0000e+00
     93.000    11.6596   3.937845    34.6700       5370     3.7284 0.0000e+00
     92.000    11.6583   3.937231    34.6657       5386     3.7397 0.0000e+00
     91.000    11.6588   3.937139    34.6647       5404     3.7520 0.0000e+00
     90.000    11.6584   3.936807    34.6624       5428     3.7685 0.0000e+00
     89.000    11.6594   3.936730    34.6611       5458     3.7897 0.0000e+00
     88.000    11.6739   3.938039    34.6608       5492     3.8135 0.0000e+00
     87.000    11.6925   3.939622    34.6594       5526     3.8370 0.0000e+00
     86.000    11.7165   3.941345    34.6544       5552     3.8547 0.0000e+00
     85.000    11.7162   3.940932    34.6511       5573     3.8692 0.0000e+00
     84.000    11.6997   3.938857    34.6465       5593     3.8832 0.0000e+00
     83.000    11.6867   3.937167    34.6425       5613     3.8972 0.0000e+00
     82.000    11.6838   3.936679    34.6409       5635     3.9124 0.0000e+00
     81.000    11.6704   3.934883    34.6362       5664     3.9330 0.0000e+00
     80.000    11.6651   3.934103    34.6339       5703     3.9596 0.0000e+00
     79.000    11.6273   3.929551    34.6249       5731     3.9789 0.0000e+00
     78.000    11.5928   3.925006    34.6129       5753     3.9947 0.0000e+00
     77.000    11.5416   3.918292    34.5951       5777     4.0110 0.0000e+00
     76.000    11.5107   3.913797    34.5801       5802     4.0288 0.0000e+00
     75.000    11.4450   3.905328    34.5585       5829     4.0469 0.0000e+00
     74.000    11.3954   3.898662    34.5395       5854     4.0646 0.0000e+00
     73.000    11.3101   3.887638    34.5106       5880     4.0829 0.0000e+00
     72.000    11.2129   3.874791    34.4748       5907     4.1014 0.0000e+00
     71.000    11.1114   3.861781    34.4410       5930     4.1174 0.0000e+00
     70.000    11.0223   3.850146    34.4091       5951     4.1322 0.0000e+00
     69.000    10.9120   3.836173    34.3735       5976     4.1491 0.0000e+00
     68.000    10.7541   3.815551    34.3158       6008     4.1716 0.0000e+00
     67.000    10.6359   3.800466    34.2758       6039     4.1931 0.0000e+00
     66.000    10.4353   3.775141    34.2097       6068     4.2134 0.0000e+00
     65.000    10.2964   3.757507    34.1625       6097     4.2330 0.0000e+00
     64.000    10.1082   3.733217    34.0936       6120     4.2496 0.0000e+00
     63.000     9.8856   3.705196    34.0182       6141     4.2637 0.0000e+00
     62.000     9.6674   3.677592    33.9417       6160     4.2771 0.0000e+00
     61.000     9.5125   3.656554    33.8720       6183     4.2929 0.0000e+00
     60.000     9.3927   3.640738    33.8224       6212     4.3131 0.0000e+00
     59.000     9.2552   3.623303    33.7723       6244     4.3353 0.0000e+00
     58.000     8.9660   3.586527    33.6640       6273     4.3553 0.0000e+00
     57.000     8.8761   3.574194    33.6208       6301     4.3747 0.0000e+00
     56.000     8.8372   3.568838    33.6020       6330     4.3951 0.0000e+00
     55.000     8.7921   3.562954    33.5836       6355     4.4122 0.0000e+00
     54.000     8.7372   3.554887    33.5515       6374     4.4260 0.0000e+00
     53.000     8.6370   3.542437    33.5161       6393     4.4390 0.0000e+00
     52.000     8.4068   3.512904    33.4234       6421     4.4583 0.0000e+00
     51.000     8.2564   3.491064    33.3354       6470     4.4922 0.0000e+00
     50.000     8.1021   3.470371    33.2624       6494     4.5090 0.0000e+00
     49.000     8.0706   3.465182    33.2375       6511     4.5205 0.0000e+00
     48.000     8.0465   3.461374    33.2202       6526     4.5313 0.0000e+00
     47.000     8.0061   3.456071    33.2024       6544     4.5436 0.0000e+00
     46.000     7.9779   3.451919    33.1854       6569     4.5614 0.0000e+00
     45.000     7.9592   3.448951    33.1719       6617     4.5942 0.0000e+00
     44.000     7.8941   3.441079    33.1501       6654     4.6200 0.0000e+00
