HB2502/ctd199.cnv
* Sea-Bird SBE 9 Data File:
* FileName = C:\cruise\data\ctd199.hex
* Software Version Seasave V 7.26.7.121
* Temperature SN = 4591
* Conductivity SN = 6006
* Number of Bytes Per Scan = 37
* Number of Voltage Words = 4
* Number of Scans Averaged by the Deck Unit = 1
* NMEA Latitude = 42 51.09 N
* NMEA Longitude = 067 52.36 W
* NMEA UTC (Time) = May 09 2025 21:36:47
* NMEA baud rate = 4800
** Ship: Bigelow HB2502
** Program:  Spring Bottom Trawl
** Chief Scientist:Jon Galbraith
# nquan = 10
# nvalues = 388                         
# units = specified
# name 0 = depSM: Depth [salt water, m]
# name 1 = t090C: Temperature [ITS-90, deg C]
# name 2 = c0S/m: Conductivity [S/m]
# name 3 = sal00: Salinity, Practical [PSU]
# name 4 = scan: Scan Count
# name 5 = timeM: Time, Elapsed [minutes]
# name 6 = sbeox0Mg/L: Oxygen, SBE 43 [mg/l]
# name 7 = sbeox1Mg/L: Oxygen, SBE 43, 2 [mg/l]
# name 8 = par: PAR/Irradiance, Biospherical/Licor
# name 9 = flag: flag
# span 0 =      3.000,    197.000       
# span 1 =     5.4844,     7.6556       
# span 2 =   3.195675,   3.538660       
# span 3 =    32.5254,    34.4344       
# span 4 =        172,      11225       
# span 5 =     0.1189,     7.7944       
# span 6 =     6.0150,    10.5399       
# span 7 =     6.1940,    10.7713       
# span 8 = -4.128e-06, 1.0963e+02       
# span 9 = 0.0000e+00, 0.0000e+00       
# interval = meters: 1                  
# start_time = May 09 2025 21:36:47 [NMEA time, header]
# bad_flag = -9.990e-29
*END*
      4.000     7.6556   3.362084    32.5470        172     0.1189    10.4144    10.6207 9.9963e+01 0.0000e+00
      5.000     7.6550   3.362065    32.5469        316     0.2187    10.3758    10.6556 8.4234e+01 0.0000e+00
      6.000     7.6553   3.362156    32.5471        334     0.2309    10.4263    10.6336 7.5141e+01 0.0000e+00
      7.000     7.6492   3.361875    32.5493        351     0.2434    10.4409    10.6253 6.5132e+01 0.0000e+00
      8.000     7.6360   3.360738    32.5490        375     0.2596    10.4209    10.6415 5.5028e+01 0.0000e+00
      9.000     7.6355   3.360612    32.5476        418     0.2898    10.4609    10.6434 4.5452e+01 0.0000e+00
     10.000     7.6286   3.360159    32.5487        466     0.3228    10.4720    10.6668 3.9366e+01 0.0000e+00
     11.000     7.6207   3.359624    32.5499        487     0.3376    10.4631    10.6757 3.3720e+01 0.0000e+00
     12.000     7.6017   3.358257    32.5525        505     0.3497    10.4854    10.6856 3.0060e+01 0.0000e+00
     13.000     7.5307   3.353700    32.5696        522     0.3618    10.5217    10.7062 2.6579e+01 0.0000e+00
     14.000     7.4054   3.342703    32.5682        542     0.3757    10.5399    10.7205 2.3341e+01 0.0000e+00
     15.000     7.3092   3.334233    32.5665        565     0.3919    10.5258    10.6819 2.0383e+01 0.0000e+00
     16.000     7.2759   3.330795    32.5601        593     0.4111    10.4993    10.6447 1.7439e+01 0.0000e+00
     17.000     7.2236   3.325850    32.5553        633     0.4386    10.5005    10.7014 1.4377e+01 0.0000e+00
     18.000     7.1948   3.323413    32.5555        670     0.4649    10.4916    10.7225 1.2297e+01 0.0000e+00
     19.000     7.1677   3.320970    32.5540        696     0.4824    10.4989    10.7143 1.0855e+01 0.0000e+00
     20.000     7.1357   3.318516    32.5571        718     0.4982    10.5125    10.6991 9.9524e+00 0.0000e+00
     21.000     7.0673   3.313413    32.5656        740     0.5133    10.4954    10.6820 9.1131e+00 0.0000e+00
     22.000     6.9813   3.305926    32.5648        761     0.5277    10.4619    10.6516 8.1971e+00 0.0000e+00
     23.000     6.9489   3.302923    32.5621        782     0.5420    10.4478    10.5944 7.3262e+00 0.0000e+00
     24.000     6.9241   3.300712    32.5611        805     0.5580    10.4470    10.5654 6.4370e+00 0.0000e+00
     25.000     6.8946   3.298072    32.5596        834     0.5783    10.3858    10.5824 5.5251e+00 0.0000e+00
     26.000     6.8607   3.295138    32.5592        874     0.6063    10.3533    10.5675 4.8495e+00 0.0000e+00
     27.000     6.8121   3.291274    32.5624        907     0.6292    10.3422    10.5455 4.4352e+00 0.0000e+00
     28.000     6.7534   3.286897    32.5696        932     0.6467    10.3302    10.5422 4.0863e+00 0.0000e+00
     29.000     6.6703   3.280119    32.5736        958     0.6645    10.2917    10.5351 3.7900e+00 0.0000e+00
     30.000     6.6317   3.276587    32.5710        982     0.6813    10.2952    10.5118 3.4786e+00 0.0000e+00
     31.000     6.6024   3.274521    32.5756       1001     0.6945    10.3055    10.4855 3.1448e+00 0.0000e+00
     32.000     6.5724   3.272103    32.5770       1018     0.7059    10.2840    10.4687 2.8193e+00 0.0000e+00
     33.000     6.4477   3.263722    32.6029       1035     0.7178    10.2698    10.4784 2.4900e+00 0.0000e+00
     34.000     6.3600   3.254319    32.5821       1074     0.7454    10.2338    10.4175 2.2166e+00 0.0000e+00
     35.000     6.2367   3.244875    32.5947       1136     0.7879    10.1942    10.4320 2.0705e+00 0.0000e+00
     36.000     6.1594   3.238434    32.5966       1156     0.8017    10.1930    10.4210 1.9202e+00 0.0000e+00
     37.000     6.1237   3.235788    32.6009       1171     0.8128    10.1881    10.3840 1.7563e+00 0.0000e+00
     38.000     6.1095   3.234373    32.5982       1187     0.8233    10.1766    10.3440 1.5975e+00 0.0000e+00
     39.000     6.0963   3.233423    32.5998       1203     0.8351    10.1517    10.3060 1.4256e+00 0.0000e+00
     40.000     6.0498   3.229778    32.6033       1228     0.8522    10.1260    10.2904 1.3071e+00 0.0000e+00
     41.000     6.0119   3.226392    32.6014       1263     0.8766    10.0722    10.2744 1.2160e+00 0.0000e+00
     42.000     6.0074   3.225914    32.5999       1294     0.8979    10.0601    10.2706 1.1095e+00 0.0000e+00
     43.000     6.0023   3.225494    32.5996       1323     0.9182    10.0610    10.2829 1.0070e+00 0.0000e+00
     44.000     5.9779   3.223796    32.6036       1354     0.9397    10.0421    10.2774 9.2227e-01 0.0000e+00
     45.000     5.9522   3.221738    32.6048       1383     0.9594    10.0260    10.2572 8.4182e-01 0.0000e+00
     46.000     5.9310   3.220187    32.6073       1406     0.9757    10.0136    10.2510 7.7493e-01 0.0000e+00
     47.000     5.9113   3.218585    32.6078       1427     0.9902    10.0157    10.2376 7.2005e-01 0.0000e+00
     48.000     5.8981   3.217452    32.6074       1448     1.0047    10.0193    10.2199 6.6775e-01 0.0000e+00
     49.000     5.8834   3.216252    32.6076       1476     1.0245    10.0235    10.1979 6.1058e-01 0.0000e+00
     50.000     5.8635   3.214756    32.6094       1521     1.0556     9.9855    10.1960 5.5792e-01 0.0000e+00
     51.000     5.8390   3.213296    32.6162       1549     1.0750     9.9744    10.1930 5.1694e-01 0.0000e+00
     52.000     5.8188   3.212185    32.6228       1566     1.0870     9.9736    10.1821 4.7402e-01 0.0000e+00
     53.000     5.7776   3.210028    32.6378       1581     1.0973     9.9850    10.1729 4.2958e-01 0.0000e+00
     54.000     5.7418   3.207941    32.6484       1597     1.1083     9.9831    10.1466 3.9746e-01 0.0000e+00
     55.000     5.7188   3.205860    32.6467       1642     1.1394     9.8815    10.0371 3.6313e-01 0.0000e+00
     56.000     5.6928   3.204370    32.6546       1689     1.1721     9.7818    10.0047 3.3893e-01 0.0000e+00
     57.000     5.6817   3.203985    32.6604       1707     1.1844     9.7574    10.0009 3.1380e-01 0.0000e+00
     58.000     5.6631   3.203266    32.6699       1723     1.1955     9.7608     9.9885 2.8958e-01 0.0000e+00
     59.000     5.5852   3.199870    32.7067       1741     1.2082     9.7744     9.9859 2.6157e-01 0.0000e+00
     60.000     5.5534   3.197857    32.7143       1771     1.2291     9.7397     9.9050 2.4122e-01 0.0000e+00
     61.000     5.5218   3.196547    32.7297       1808     1.2546     9.6205     9.7790 2.2204e-01 0.0000e+00
     62.000     5.5042   3.196281    32.7433       1830     1.2703     9.5255     9.7073 1.9669e-01 0.0000e+00
     63.000     5.4919   3.196171    32.7536       1850     1.2843     9.4863     9.6714 1.8060e-01 0.0000e+00
     64.000     5.4890   3.196683    32.7617       1884     1.3077     9.4375     9.6152 1.6291e-01 0.0000e+00
     65.000     5.4870   3.197470    32.7722       1932     1.3411     9.3498     9.5257 1.4519e-01 0.0000e+00
     66.000     5.4853   3.197983    32.7791       1953     1.3552     9.3250     9.5268 1.4129e-01 0.0000e+00
     67.000     5.4860   3.198796    32.7872       1969     1.3664     9.3206     9.5257 1.2727e-01 0.0000e+00
     68.000     5.4844   3.200443    32.8069       1985     1.3778     9.3069     9.5193 1.0665e-01 0.0000e+00
     69.000     5.4932   3.203584    32.8335       2009     1.3943     9.2636     9.4897 1.0580e-01 0.0000e+00
     70.000     5.5033   3.206608    32.8574       2050     1.4227     9.2003     9.3843 9.0386e-02 0.0000e+00
     71.000     5.5118   3.208356    32.8684       2082     1.4450     9.0985     9.2696 7.7383e-02 0.0000e+00
     72.000     5.5141   3.208900    32.8719       2105     1.4609     9.0270     9.2192 6.5923e-02 0.0000e+00
     73.000     5.5150   3.209359    32.8757       2128     1.4771     8.9694     9.1852 6.1796e-02 0.0000e+00
     74.000     5.5381   3.214622    32.9123       2155     1.4956     8.9395     9.1559 4.7325e-02 0.0000e+00
     75.000     5.5518   3.217819    32.9347       2185     1.5164     8.9194     9.1323 3.8822e-02 0.0000e+00
     76.000     5.5618   3.220088    32.9501       2215     1.5374     8.8587     9.0527 3.3630e-02 0.0000e+00
     77.000     5.5816   3.223857    32.9729       2239     1.5544     8.7628     8.9568 2.9699e-02 0.0000e+00
     78.000     5.5914   3.226146    32.9887       2260     1.5690     8.7028     8.9277 2.4618e-02 0.0000e+00
     79.000     5.6063   3.229158    33.0077       2282     1.5840     8.6821     8.8943 2.1483e-02 0.0000e+00
     80.000     5.6183   3.231593    33.0230       2313     1.6052     8.6155     8.8172 1.8882e-02 0.0000e+00
     81.000     5.6229   3.232541    33.0288       2356     1.6351     8.5112     8.7020 1.6547e-02 0.0000e+00
     82.000     5.6285   3.233590    33.0347       2383     1.6538     8.4565     8.6749 1.0250e-02 0.0000e+00
     83.000     5.6312   3.234113    33.0374       2403     1.6682     8.4504     8.6720 1.3495e-02 0.0000e+00
     84.000     5.6346   3.234739    33.0407       2423     1.6818     8.4564     8.6652 2.9494e-04 0.0000e+00
     85.000     5.6381   3.235366    33.0439       2444     1.6965     8.4731     8.6601 1.8354e-03 0.0000e+00
     86.000     5.6396   3.235670    33.0453       2470     1.7143     8.4715     8.6529 2.8940e-04 0.0000e+00
     87.000     5.6442   3.236537    33.0501       2502     1.7369     8.4405     8.6392 2.9565e-06 0.0000e+00
     88.000     5.6591   3.239384    33.0672       2537     1.7609     8.4396     8.6267 4.0573e-04 0.0000e+00
     89.000     5.6633   3.240338    33.0733       2565     1.7804     8.4439     8.6272 -4.128e-06 0.0000e+00
     90.000     5.6645   3.240719    33.0760       2586     1.7954     8.4212     8.5992 1.0000e-12 0.0000e+00
     91.000     5.6649   3.240880    33.0770       2605     1.8085     8.3803     8.5635 1.0000e-12 0.0000e+00
     92.000     5.6656   3.241061    33.0778       2628     1.8240     8.3327     8.5439 1.0000e-12 0.0000e+00
     93.000     5.6678   3.241447    33.0795       2674     1.8563     8.3119     8.5324 1.0000e-12 0.0000e+00
     94.000     5.6766   3.242704    33.0845       2706     1.8788     8.3398     8.5315 1.0000e-12 0.0000e+00
     95.000     5.6998   3.246082    33.0994       2724     1.8912     8.3207     8.5284 1.0000e-12 0.0000e+00
     96.000     5.7161   3.248429    33.1094       2741     1.9025     8.3102     8.5225 1.0000e-12 0.0000e+00
     97.000     5.7453   3.252946    33.1313       2759     1.9152     8.3070     8.5107 1.0000e-12 0.0000e+00
     98.000     5.7699   3.256639    33.1483       2787     1.9349     8.3002     8.4618 1.0000e-12 0.0000e+00
     99.000     5.7900   3.259713    33.1628       2835     1.9681     8.1877     8.3582 1.0000e-12 0.0000e+00
    100.000     5.8146   3.263204    33.1775       2867     1.9905     8.1151     8.3132 1.0000e-12 0.0000e+00
    101.000     5.8328   3.265880    33.1892       2888     2.0051     8.0872     8.3027 1.0000e-12 0.0000e+00
    102.000     5.8468   3.267884    33.1976       2907     2.0181     8.0895     8.2934 1.0000e-12 0.0000e+00
    103.000     5.8736   3.271657    33.2132       2927     2.0319     8.0906     8.2791 1.0000e-12 0.0000e+00
    104.000     5.8801   3.273011    33.2216       2951     2.0483     8.0720     8.2482 1.0000e-12 0.0000e+00
    105.000     5.8832   3.273616    33.2249       2980     2.0688     8.0368     8.2079 1.0000e-12 0.0000e+00
    106.000     5.8892   3.274638    33.2300       3013     2.0916     7.9759     8.1788 1.0000e-12 0.0000e+00
    107.000     5.8960   3.275680    33.2345       3042     2.1116     7.9372     8.1689 1.0000e-12 0.0000e+00
    108.000     5.9091   3.277674    33.2436       3067     2.1291     7.9245     8.1565 1.0000e-12 0.0000e+00
    109.000     5.9228   3.279695    33.2523       3097     2.1500     7.9438     8.1477 1.0000e-12 0.0000e+00
    110.000     5.9442   3.282820    33.2660       3129     2.1724     7.9613     8.1278 1.0000e-12 0.0000e+00
    111.000     5.9672   3.285458    33.2725       3152     2.1882     7.9254     8.1149 1.0000e-12 0.0000e+00
    112.000     6.0158   3.292432    33.3025       3170     2.2008     7.8968     8.0843 1.0000e-12 0.0000e+00
    113.000     6.0826   3.301211    33.3348       3189     2.2140     7.8894     8.0550 1.0000e-12 0.0000e+00
    114.000     6.1404   3.310627    33.3829       3214     2.2314     7.8777     8.0247 1.0000e-12 0.0000e+00
    115.000     6.1494   3.312381    33.3931       3247     2.2544     7.8146     7.9352 1.0000e-12 0.0000e+00
    116.000     6.1576   3.313620    33.3984       3280     2.2771     7.6657     7.8031 1.0000e-12 0.0000e+00
    117.000     6.1881   3.317932    33.4162       3313     2.2998     7.5953     7.7643 1.0000e-12 0.0000e+00
    118.000     6.2138   3.321796    33.4335       3343     2.3206     7.5906     7.7699 1.0000e-12 0.0000e+00
    119.000     6.2328   3.324285    33.4422       3365     2.3360     7.5751     7.7747 1.0000e-12 0.0000e+00
    120.000     6.2601   3.328242    33.4590       3383     2.3483     7.5416     7.7554 1.0000e-12 0.0000e+00
    121.000     6.2652   3.329342    33.4657       3400     2.3605     7.5235     7.7321 1.0000e-12 0.0000e+00
    122.000     6.2728   3.330552    33.4713       3425     2.3777     7.5196     7.7023 1.0000e-12 0.0000e+00
    123.000     6.2763   3.331238    33.4750       3474     2.4118     7.5018     7.6490 1.0000e-12 0.0000e+00
    124.000     6.2843   3.332341    33.4789       3506     2.4343     7.4648     7.6356 1.0000e-12 0.0000e+00
    125.000     6.2943   3.333660    33.4833       3527     2.4483     7.4663     7.6445 1.0000e-12 0.0000e+00
    126.000     6.3175   3.336218    33.4885       3547     2.4624     7.4627     7.6398 1.0000e-12 0.0000e+00
    127.000     6.3898   3.345918    33.5249       3569     2.4775     7.4554     7.6358 1.0000e-12 0.0000e+00
    128.000     6.4476   3.354167    33.5592       3591     2.4930     7.4445     7.6390 1.0000e-12 0.0000e+00
    129.000     6.5084   3.362775    33.5946       3614     2.5090     7.4033     7.5981 1.0000e-12 0.0000e+00
    130.000     6.5724   3.372557    33.6395       3648     2.5328     7.3004     7.4724 1.0000e-12 0.0000e+00
    131.000     6.5992   3.377179    33.6639       3694     2.5647     7.1244     7.2721 1.0000e-12 0.0000e+00
    132.000     6.6026   3.377649    33.6651       3717     2.5807     7.0463     7.2045 1.0000e-12 0.0000e+00
    133.000     6.6532   3.383723    33.6821       3735     2.5928     7.0035     7.1918 1.0000e-12 0.0000e+00
    134.000     6.7130   3.393564    33.7314       3752     2.6052     6.9791     7.1875 1.0000e-12 0.0000e+00
    135.000     6.7332   3.397243    33.7517       3777     2.6224     7.0224     7.1994 1.0000e-12 0.0000e+00
    136.000     6.7777   3.404319    33.7855       3816     2.6493     6.9973     7.1330 1.0000e-12 0.0000e+00
    137.000     6.8039   3.408547    33.8058       3848     2.6718     6.9019     7.0748 1.0000e-12 0.0000e+00
    138.000     6.8134   3.410142    33.8135       3870     2.6870     6.8753     7.0539 1.0000e-12 0.0000e+00
    139.000     6.8220   3.411497    33.8195       3890     2.7008     6.8648     7.0244 1.0000e-12 0.0000e+00
    140.000     6.8292   3.412843    33.8267       3915     2.7181     6.8552     6.9999 1.0000e-12 0.0000e+00
    141.000     6.8393   3.414376    33.8331       3958     2.7479     6.8255     6.9891 1.0000e-12 0.0000e+00
    142.000     6.9034   3.423376    33.8686       3987     2.7683     6.7806     6.9640 1.0000e-12 0.0000e+00
    143.000     6.9460   3.429918    33.8979       4005     2.7803     6.7682     6.9679 1.0000e-12 0.0000e+00
    144.000     6.9887   3.436179    33.9240       4020     2.7913     6.7759     6.9736 1.0000e-12 0.0000e+00
    145.000     7.0211   3.441687    33.9521       4039     2.8044     6.7879     6.9556 1.0000e-12 0.0000e+00
    146.000     7.0701   3.449561    33.9896       4076     2.8298     6.7367     6.8808 1.0000e-12 0.0000e+00
    147.000     7.0911   3.453088    34.0070       4117     2.8583     6.6467     6.8238 1.0000e-12 0.0000e+00
