HB2502/ctd113.cnv
* Sea-Bird SBE 9 Data File:
* FileName = C:\cruise\data\ctd113.hex
* Software Version Seasave V 7.26.7.121
* Temperature SN = 6768
* Conductivity SN = 6166
* Number of Bytes Per Scan = 37
* Number of Voltage Words = 4
* Number of Scans Averaged by the Deck Unit = 1
* NMEA Latitude = 39 20.28 N
* NMEA Longitude = 072 17.11 W
* NMEA UTC (Time) = Apr 04 2025 13:07:44
* NMEA baud rate = 4800
** Ship: Bigelow HB2502
** Program:  Spring Bottom Trawl
** Chief Scientist:Jon Galbraith
# nquan = 7
# nvalues = 429                         
# units = specified
# name 0 = depSM: Depth [salt water, m]
# name 1 = t090C: Temperature [ITS-90, deg C]
# name 2 = c0S/m: Conductivity [S/m]
# name 3 = sal00: Salinity, Practical [PSU]
# name 4 = scan: Scan Count
# name 5 = timeM: Time, Elapsed [minutes]
# name 6 = flag: flag
# span 0 =      1.000,    217.000       
# span 1 =     5.4356,    12.2593       
# span 2 =   3.195403,   4.056793       
# span 3 =    32.0583,    35.2691       
# span 4 =        210,      14002       
# span 5 =     0.1452,     9.7229       
# span 6 = 0.0000e+00, 0.0000e+00       
# interval = meters: 1                  
# start_time = Apr 04 2025 13:07:44 [NMEA time, header]
# bad_flag = -9.990e-29
*END*
      5.000     6.3708   3.272841    32.7915        210     0.1452 0.0000e+00
      6.000     6.3645   3.250015    32.5436        341     0.2360 0.0000e+00
      7.000     6.3635   3.248980    32.5327        377     0.2610 0.0000e+00
      8.000     6.3632   3.246730    32.5075        413     0.2858 0.0000e+00
      9.000     6.3635   3.253128    32.5777        450     0.3120 0.0000e+00
     10.000     6.3658   3.255116    32.5971        576     0.3995 0.0000e+00
     11.000     6.3630   3.244461    32.4810        619     0.4294 0.0000e+00
     12.000     6.3596   3.243272    32.4706        641     0.4443 0.0000e+00
     13.000     6.3571   3.243775    32.4781        664     0.4607 0.0000e+00
     14.000     6.3526   3.244022    32.4846        693     0.4804 0.0000e+00
     15.000     6.3498   3.242725    32.4724        723     0.5012 0.0000e+00
     16.000     6.3469   3.242104    32.4678        752     0.5214 0.0000e+00
     17.000     6.3437   3.242112    32.4705        782     0.5423 0.0000e+00
     18.000     6.3437   3.241919    32.4678        811     0.5623 0.0000e+00
     19.000     6.3432   3.241514    32.4634        834     0.5783 0.0000e+00
     20.000     6.3412   3.241082    32.4600        854     0.5926 0.0000e+00
     21.000     6.3395   3.241347    32.4640        876     0.6079 0.0000e+00
     22.000     6.3371   3.242197    32.4753        906     0.6282 0.0000e+00
     23.000     6.3350   3.242543    32.4806        942     0.6532 0.0000e+00
     24.000     6.3340   3.241027    32.4642        972     0.6741 0.0000e+00
     25.000     6.3333   3.240512    32.4587        995     0.6905 0.0000e+00
     26.000     6.3327   3.240499    32.4586       1018     0.7062 0.0000e+00
     27.000     6.3323   3.241044    32.4646       1040     0.7218 0.0000e+00
     28.000     6.3297   3.241156    32.4678       1063     0.7375 0.0000e+00
     29.000     6.3252   3.241439    32.4748       1092     0.7575 0.0000e+00
     30.000     6.3214   3.240685    32.4696       1132     0.7852 0.0000e+00
     31.000     6.3035   3.239493    32.4729       1158     0.8036 0.0000e+00
     32.000     6.2653   3.237715    32.4891       1176     0.8162 0.0000e+00
     33.000     6.2206   3.236999    32.5234       1193     0.8280 0.0000e+00
     34.000     6.1455   3.235812    32.5817       1216     0.8436 0.0000e+00
     35.000     6.0208   3.234470    32.6862       1263     0.8765 0.0000e+00
     36.000     5.9379   3.226957    32.6816       1296     0.8996 0.0000e+00
     37.000     5.9066   3.220922    32.6436       1315     0.9124 0.0000e+00
     38.000     5.9051   3.218047    32.6122       1333     0.9249 0.0000e+00
     39.000     5.9070   3.217307    32.6016       1356     0.9407 0.0000e+00
     40.000     5.8718   3.218036    32.6433       1387     0.9622 0.0000e+00
     41.000     5.8316   3.218179    32.6833       1417     0.9832 0.0000e+00
     42.000     5.7968   3.218186    32.7166       1441     1.0000 0.0000e+00
     43.000     5.7832   3.218385    32.7314       1467     1.0183 0.0000e+00
     44.000     5.7736   3.218568    32.7423       1500     1.0413 0.0000e+00
     45.000     5.7639   3.216730    32.7306       1528     1.0606 0.0000e+00
     46.000     5.7355   3.214069    32.7276       1549     1.0749 0.0000e+00
     47.000     5.6409   3.208588    32.7571       1568     1.0883 0.0000e+00
     48.000     5.5517   3.203916    32.7906       1593     1.1054 0.0000e+00
     49.000     5.5165   3.201841    32.8009       1630     1.1313 0.0000e+00
     50.000     5.4558   3.198830    32.8255       1666     1.1564 0.0000e+00
     51.000     5.4356   3.196437    32.8176       1690     1.1733 0.0000e+00
     52.000     5.4432   3.196777    32.8135       1711     1.1874 0.0000e+00
     53.000     5.4909   3.201453    32.8196       1731     1.2013 0.0000e+00
     54.000     5.6165   3.217615    32.8796       1753     1.2163 0.0000e+00
     55.000     5.7258   3.229554    32.9073       1779     1.2345 0.0000e+00
     56.000     5.9197   3.252499    32.9762       1815     1.2595 0.0000e+00
     57.000     6.0031   3.263502    33.0179       1852     1.2855 0.0000e+00
     58.000     6.2521   3.288574    33.0552       1878     1.3036 0.0000e+00
     59.000     7.4289   3.405955    33.2058       1900     1.3186 0.0000e+00
     60.000     8.2499   3.507605    33.5124       1921     1.3332 0.0000e+00
     61.000     8.5577   3.548733    33.6540       1944     1.3497 0.0000e+00
     62.000     8.6508   3.562617    33.7111       1977     1.3724 0.0000e+00
     63.000     8.9972   3.601582    33.7892       2011     1.3958 0.0000e+00
     64.000     9.1609   3.622140    33.8474       2034     1.4120 0.0000e+00
     65.000     9.5296   3.661811    33.9078       2054     1.4258 0.0000e+00
     66.000     9.8852   3.705547    34.0207       2075     1.4400 0.0000e+00
     67.000    10.1541   3.737862    34.0961       2100     1.4578 0.0000e+00
     68.000    10.3154   3.759857    34.1671       2142     1.4866 0.0000e+00
     69.000    10.3531   3.764994    34.1831       2174     1.5093 0.0000e+00
     70.000    10.4941   3.781683    34.2186       2194     1.5228 0.0000e+00
     71.000    10.7531   3.812292    34.2827       2211     1.5349 0.0000e+00
     72.000    11.0905   3.852615    34.3689       2231     1.5487 0.0000e+00
     73.000    11.2628   3.875081    34.4305       2262     1.5704 0.0000e+00
     74.000    11.4494   3.898280    34.4853       2301     1.5973 0.0000e+00
     75.000    11.4845   3.903714    34.5056       2328     1.6158 0.0000e+00
     76.000    11.4818   3.903919    34.5097       2350     1.6311 0.0000e+00
     77.000    11.4723   3.903301    34.5121       2374     1.6476 0.0000e+00
     78.000    11.4687   3.903290    34.5149       2400     1.6662 0.0000e+00
     79.000    11.4682   3.903541    34.5174       2426     1.6843 0.0000e+00
     80.000    11.4718   3.904269    34.5207       2451     1.7012 0.0000e+00
     81.000    11.4845   3.906075    34.5262       2476     1.7188 0.0000e+00
     82.000    11.4960   3.908014    34.5342       2503     1.7377 0.0000e+00
     83.000    11.5055   3.909691    34.5414       2531     1.7570 0.0000e+00
     84.000    11.5315   3.913228    34.5515       2561     1.7779 0.0000e+00
     85.000    11.5388   3.914512    34.5570       2593     1.7998 0.0000e+00
     86.000    11.5095   3.911639    34.5556       2620     1.8185 0.0000e+00
     87.000    11.4993   3.910822    34.5565       2640     1.8329 0.0000e+00
     88.000    11.4473   3.905429    34.5515       2659     1.8457 0.0000e+00
     89.000    11.4555   3.906589    34.5549       2679     1.8594 0.0000e+00
     90.000    11.4695   3.908548    34.5607       2712     1.8824 0.0000e+00
     91.000    11.4974   3.912123    34.5694       2758     1.9145 0.0000e+00
     92.000    11.5211   3.915773    34.5827       2780     1.9298 0.0000e+00
     93.000    11.5314   3.918186    34.5964       2797     1.9418 0.0000e+00
     94.000    11.5082   3.918223    34.6180       2815     1.9540 0.0000e+00
     95.000    11.3470   3.901579    34.6043       2841     1.9721 0.0000e+00
     96.000    11.4733   3.918128    34.6489       2882     2.0004 0.0000e+00
     97.000    11.5541   3.928998    34.6800       2910     2.0199 0.0000e+00
     98.000    11.6061   3.936092    34.7006       2930     2.0340 0.0000e+00
     99.000    11.6495   3.942136    34.7190       2950     2.0477 0.0000e+00
    100.000    11.7837   3.960801    34.7761       2975     2.0655 0.0000e+00
    101.000    11.9587   3.984578    34.8446       3014     2.0921 0.0000e+00
    102.000    11.9939   3.989574    34.8600       3044     2.1129 0.0000e+00
    103.000    12.0233   3.993930    34.8745       3063     2.1262 0.0000e+00
    104.000    12.0080   3.993106    34.8803       3080     2.1384 0.0000e+00
    105.000    11.9615   3.989364    34.8869       3101     2.1528 0.0000e+00
    106.000    11.7502   3.970154    34.8966       3139     2.1789 0.0000e+00
    107.000    11.6983   3.965648    34.9008       3176     2.2048 0.0000e+00
    108.000    11.6580   3.962527    34.9075       3196     2.2189 0.0000e+00
    109.000    11.6215   3.959638    34.9130       3214     2.2315 0.0000e+00
    110.000    11.5925   3.958048    34.9243       3236     2.2467 0.0000e+00
    111.000    11.5883   3.958505    34.9323       3271     2.2706 0.0000e+00
    112.000    11.5938   3.959836    34.9398       3305     2.2942 0.0000e+00
    113.000    11.6167   3.964120    34.9599       3329     2.3112 0.0000e+00
    114.000    11.6245   3.965547    34.9661       3352     2.3273 0.0000e+00
    115.000    11.6367   3.967419    34.9727       3377     2.3446 0.0000e+00
    116.000    11.7149   3.978768    35.0101       3402     2.3617 0.0000e+00
    117.000    11.7264   3.980675    35.0175       3425     2.3775 0.0000e+00
    118.000    11.7433   3.983115    35.0250       3450     2.3955 0.0000e+00
    119.000    11.7621   3.985830    35.0336       3486     2.4204 0.0000e+00
    120.000    11.7665   3.986575    35.0363       3518     2.4427 0.0000e+00
    121.000    11.7905   3.990021    35.0470       3539     2.4570 0.0000e+00
    122.000    11.7991   3.991258    35.0505       3557     2.4694 0.0000e+00
    123.000    11.8160   3.993616    35.0573       3577     2.4833 0.0000e+00
    124.000    11.8616   4.000108    35.0775       3607     2.5041 0.0000e+00
    125.000    11.8899   4.004174    35.0902       3648     2.5325 0.0000e+00
    126.000    11.9192   4.008355    35.1030       3678     2.5533 0.0000e+00
    127.000    12.0223   4.022243    35.1411       3701     2.5695 0.0000e+00
    128.000    12.0757   4.029560    35.1617       3723     2.5845 0.0000e+00
    129.000    12.1054   4.033857    35.1752       3746     2.6005 0.0000e+00
    130.000    12.1194   4.036417    35.1864       3771     2.6178 0.0000e+00
    131.000    12.1407   4.039852    35.1994       3796     2.6356 0.0000e+00
    132.000    12.1551   4.042146    35.2077       3822     2.6534 0.0000e+00
    133.000    12.1812   4.045625    35.2166       3850     2.6729 0.0000e+00
    134.000    12.2186   4.050585    35.2291       3883     2.6956 0.0000e+00
    135.000    12.2370   4.053234    35.2371       3912     2.7161 0.0000e+00
    136.000    12.2593   4.056678    35.2491       3935     2.7318 0.0000e+00
    137.000    12.2573   4.056793    35.2517       3956     2.7466 0.0000e+00
    138.000    12.2449   4.055590    35.2512       3985     2.7668 0.0000e+00
    139.000    12.2309   4.054215    35.2506       4024     2.7939 0.0000e+00
    140.000    12.2192   4.052971    35.2491       4049     2.8111 0.0000e+00
    141.000    12.2172   4.052905    35.2499       4066     2.8231 0.0000e+00
    142.000    12.2137   4.053630    35.2599       4084     2.8351 0.0000e+00
    143.000    12.1311   4.045138    35.2546       4111     2.8543 0.0000e+00
    144.000    12.0667   4.037877    35.2443       4163     2.8903 0.0000e+00
    145.000    11.9787   4.027903    35.2295       4188     2.9079 0.0000e+00
    146.000    11.8929   4.018487    35.2181       4205     2.9196 0.0000e+00
    147.000    11.8596   4.014664    35.2117       4221     2.9304 0.0000e+00
    148.000    11.6804   3.994967    35.1876       4239     2.9428 0.0000e+00
    149.000    11.4987   3.975546    35.1683       4273     2.9665 0.0000e+00
    150.000    11.4300   3.968468    35.1632       4325     3.0027 0.0000e+00
    151.000    11.4206   3.967516    35.1623       4351     3.0208 0.0000e+00
    152.000    11.3897   3.964812    35.1645       4372     3.0354 0.0000e+00
    153.000    11.3410   3.960112    35.1638       4392     3.0491 0.0000e+00
    154.000    11.3008   3.957229    35.1730       4412     3.0630 0.0000e+00
    155.000    11.3689   3.966207    35.1968       4432     3.0770 0.0000e+00
    156.000    11.4209   3.972849    35.2125       4456     3.0934 0.0000e+00
    157.000    11.4772   3.980152    35.2307       4504     3.1271 0.0000e+00
    158.000    11.4778   3.980625    35.2344       4548     3.1575 0.0000e+00
    159.000    11.4952   3.983187    35.2426       4565     3.1696 0.0000e+00
    160.000    11.5357   3.988754    35.2586       4578     3.1787 0.0000e+00
    161.000    11.5362   3.989909    35.2691       4591     3.1878 0.0000e+00
    162.000    11.4817   3.984694    35.2691       4606     3.1978 0.0000e+00
    163.000    11.4690   3.983458    35.2685       4671     3.2433 0.0000e+00
    164.000    11.4473   3.981333    35.2677       4715     3.2738 0.0000e+00
    165.000    11.3560   3.971567    35.2577       4728     3.2830 0.0000e+00
    166.000    11.1753   3.952961    35.2452       4740     3.2911 0.0000e+00
    167.000    11.1274   3.947484    35.2359       4755     3.3012 0.0000e+00
    168.000    11.1139   3.945847    35.2321       4777     3.3167 0.0000e+00
    169.000    11.0980   3.943990    35.2284       4830     3.3534 0.0000e+00
    170.000    11.0948   3.943597    35.2271       4866     3.3787 0.0000e+00
    171.000    11.0553   3.939397    35.2226       4887     3.3931 0.0000e+00
    172.000    10.9109   3.924494    35.2116       4905     3.4059 0.0000e+00
    173.000    10.7924   3.912967    35.2094       4926     3.4201 0.0000e+00
    174.000    10.7461   3.908180    35.2055       4955     3.4403 0.0000e+00
    175.000    10.7322   3.906707    35.2035       4994     3.4671 0.0000e+00
    176.000    10.6995   3.903331    35.2006       5026     3.4895 0.0000e+00
    177.000    10.6588   3.899120    35.1969       5052     3.5079 0.0000e+00
    178.000    10.6223   3.895354    35.1936       5075     3.5234 0.0000e+00
    179.000    10.5916   3.892216    35.1912       5095     3.5374 0.0000e+00
    180.000    10.5426   3.887284    35.1882       5117     3.5526 0.0000e+00
    181.000    10.4914   3.881851    35.1822       5146     3.5732 0.0000e+00
    182.000    10.4105   3.873577    35.1761       5182     3.5979 0.0000e+00
    183.000    10.3601   3.868655    35.1746       5210     3.6172 0.0000e+00
    184.000    10.2982   3.862329    35.1697       5234     3.6342 0.0000e+00
    185.000    10.2608   3.858528    35.1669       5261     3.6526 0.0000e+00
    186.000    10.2436   3.856674    35.1642       5290     3.6732 0.0000e+00
    187.000    10.2095   3.853021    35.1596       5318     3.6925 0.0000e+00
    188.000    10.1299   3.844975    35.1543       5343     3.7098 0.0000e+00
    189.000    10.0559   3.837277    35.1471       5367     3.7264 0.0000e+00
    190.000    10.0000   3.831479    35.1417       5394     3.7452 0.0000e+00
    191.000     9.9750   3.828735    35.1375       5427     3.7678 0.0000e+00
    192.000     9.9221   3.823389    35.1337       5456     3.7884 0.0000e+00
    193.000     9.8442   3.815704    35.1303       5481     3.8059 0.0000e+00
    194.000     9.7929   3.810657    35.1279       5507     3.8239 0.0000e+00
    195.000     9.7502   3.806339    35.1246       5534     3.8426 0.0000e+00
    196.000     9.7194   3.803192    35.1218       5559     3.8596 0.0000e+00
    197.000     9.6726   3.798473    35.1183       5583     3.8765 0.0000e+00
    198.000     9.6530   3.796368    35.1153       5618     3.9010 0.0000e+00
    199.000     9.5798   3.789092    35.1112       5661     3.9306 0.0000e+00
    200.000     9.5183   3.782823    35.1061       5686     3.9480 0.0000e+00
    201.000     9.4515   3.776179    35.1022       5705     3.9613 0.0000e+00
    202.000     9.4211   3.772924    35.0977       5725     3.9750 0.0000e+00
    203.000     9.4064   3.771514    35.0970       5753     3.9944 0.0000e+00
    204.000     9.3591   3.766929    35.0953       5791     4.0205 0.0000e+00
    205.000     9.1971   3.751244    35.0906       5818     4.0393 0.0000e+00
    206.000     9.1192   3.743366    35.0845       5841     4.0553 0.0000e+00
    207.000     9.0797   3.739255    35.0800       5870     4.0756 0.0000e+00
    208.000     9.0626   3.737353    35.0765       5909     4.1025 0.0000e+00
    209.000     9.0580   3.736826    35.0750       5936     4.1217 0.0000e+00
