HB2502/ctd183.cnv
* Sea-Bird SBE 9 Data File:
* FileName = C:\cruise\data\ctd183.hex
* Software Version Seasave V 7.26.7.121
* Temperature SN = 4591
* Conductivity SN = 6006
* Number of Bytes Per Scan = 37
* Number of Voltage Words = 4
* Number of Scans Averaged by the Deck Unit = 1
* NMEA Latitude = 42 10.62 N
* NMEA Longitude = 066 42.49 W
* NMEA UTC (Time) = May 06 2025 08:59:00
* NMEA baud rate = 4800
** Ship: Bigelow HB2502
** Program:  Spring Bottom Trawl
** Chief Scientist:Jon Galbraith
# nquan = 10
# nvalues = 372                         
# units = specified
# name 0 = depSM: Depth [salt water, m]
# name 1 = t090C: Temperature [ITS-90, deg C]
# name 2 = c0S/m: Conductivity [S/m]
# name 3 = sal00: Salinity, Practical [PSU]
# name 4 = scan: Scan Count
# name 5 = timeM: Time, Elapsed [minutes]
# name 6 = sbeox0Mg/L: Oxygen, SBE 43 [mg/l]
# name 7 = sbeox1Mg/L: Oxygen, SBE 43, 2 [mg/l]
# name 8 = par: PAR/Irradiance, Biospherical/Licor
# name 9 = flag: flag
# span 0 =      2.000,    188.000       
# span 1 =     5.8577,     8.6807       
# span 2 =   3.233273,   3.659445       
# span 3 =    32.6661,    34.7185       
# span 4 =       -382,      12775       
# span 5 =    -0.2662,     8.8711       
# span 6 =     5.9617,    11.0207       
# span 7 =     6.1175,    11.1588       
# span 8 = -3.135e-04, 1.7685e+01       
# span 9 = 0.0000e+00, 0.0000e+00       
# interval = meters: 1                  
# start_time = May 06 2025 08:59:00 [NMEA time, header]
# bad_flag = -9.990e-29
*END*
[from data line 145]
    148.000     6.1617   3.299120    33.2165       5005     3.4750     8.6910     8.8768 1.0000e-12 0.0000e+00
    149.000     6.1779   3.302177    33.2344       5026     3.4895     8.6403     8.8623 1.0000e-12 0.0000e+00
    150.000     6.2200   3.308109    33.2588       5046     3.5038     8.6224     8.8269 1.0000e-12 0.0000e+00
    151.000     6.5005   3.349374    33.4425       5088     3.5328     8.4991     8.6640 1.0000e-12 0.0000e+00
    152.000     6.7307   3.385457    33.6159       5131     3.5624     8.3580     8.5169 1.0000e-12 0.0000e+00
    153.000     6.7660   3.391186    33.6439       5150     3.5757     8.1931     8.3436 1.0000e-12 0.0000e+00
    154.000     6.7897   3.395039    33.6626       5168     3.5884     7.9905     8.1264 1.0000e-12 0.0000e+00
    155.000     6.8131   3.399384    33.6870       5195     3.6070     7.7300     7.8589 1.0000e-12 0.0000e+00
    156.000     6.8540   3.406921    33.7293       5239     3.6372     7.5270     7.6951 1.0000e-12 0.0000e+00
    157.000     6.8878   3.412991    33.7623       5264     3.6549     7.5157     7.6769 1.0000e-12 0.0000e+00
    158.000     6.8998   3.416450    33.7881       5285     3.6691     7.5039     7.6582 1.0000e-12 0.0000e+00
    159.000     6.9706   3.428044    33.8453       5317     3.6916     7.4369     7.6117 1.0000e-12 0.0000e+00
    160.000     7.0571   3.441463    33.9068       5368     3.7269     7.3209     7.5134 1.0000e-12 0.0000e+00
    161.000     7.1334   3.450877    33.9342       5393     3.7442     7.2168     7.4170 1.0000e-12 0.0000e+00
    162.000     7.2285   3.465254    33.9973       5417     3.7608     7.1629     7.3503 1.0000e-12 0.0000e+00
    163.000     7.3136   3.478256    34.0547       5446     3.7810     7.1308     7.3174 1.0000e-12 0.0000e+00
    164.000     7.4320   3.493735    34.1061       5476     3.8023     7.0592     7.2401 1.0000e-12 0.0000e+00
    165.000     7.5915   3.514773    34.1768       5503     3.8206     6.9819     7.1349 1.0000e-12 0.0000e+00
    166.000     8.0094   3.563656    34.2919       5529     3.8392     6.8511     7.0187 1.0000e-12 0.0000e+00
    167.000     8.4220   3.617642    34.4632       5561     3.8613     6.7207     6.9293 1.0000e-12 0.0000e+00
    168.000     8.6490   3.652751    34.6125       5595     3.8849     6.5752     6.7431 1.0000e-12 0.0000e+00
    169.000     8.6628   3.656989    34.6432       5623     3.9039     6.3548     6.4933 1.0000e-12 0.0000e+00
    170.000     8.4968   3.644856    34.6772       5650     3.9231     6.1507     6.2905 1.0000e-12 0.0000e+00
    171.000     8.2417   3.622476    34.6901       5688     3.9490     6.0277     6.1672 1.0000e-12 0.0000e+00
    172.000     8.1717   3.616375    34.6936       5719     3.9711     6.0071     6.1498 1.0000e-12 0.0000e+00
    173.000     8.1615   3.615571    34.6946       5742     3.9868     6.0394     6.1646 1.0000e-12 0.0000e+00
    174.000     8.1557   3.615236    34.6963       5764     4.0021     6.0525     6.1813 1.0000e-12 0.0000e+00
    175.000     8.1466   3.614572    34.6977       5791     4.0209     6.0503     6.2025 1.0000e-12 0.0000e+00
    176.000     8.1431   3.614253    34.6973       5823     4.0430     6.0510     6.2132 1.0000e-12 0.0000e+00
    177.000     8.1452   3.614542    34.6977       5853     4.0641     6.0417     6.1980 1.0000e-12 0.0000e+00
    178.000     8.1466   3.614788    34.6985       5887     4.0873     6.0308     6.1927 1.0000e-12 0.0000e+00
    179.000     8.1448   3.614762    34.6995       5921     4.1109     6.0522     6.1972 1.0000e-12 0.0000e+00
    180.000     8.1446   3.614801    34.6996       5949     4.1302     6.0512     6.1918 1.0000e-12 0.0000e+00
    181.000     8.1448   3.614901    34.7001       5974     4.1481     6.0249     6.1920 1.0000e-12 0.0000e+00
    182.000     8.1464   3.615174    34.7010       6016     4.1774     6.0334     6.1760 1.0000e-12 0.0000e+00
    183.000     8.1474   3.615417    34.7020       6068     4.2133     6.0382     6.1894 1.0000e-12 0.0000e+00
    184.000     8.1489   3.615701    34.7032       6101     4.2363     6.0431     6.1832 1.0000e-12 0.0000e+00
    185.000     8.1546   3.616500    34.7056       6139     4.2622     6.0338     6.1879 1.0000e-12 0.0000e+00
    186.000     8.1587   3.617151    34.7080       6183     4.2932     6.0359     6.1719 1.0000e-12 0.0000e+00
    187.000     8.1692   3.618797    34.7147       6272     4.3549     6.0163     6.1671 1.0000e-12 0.0000e+00
    188.000     8.1638   3.617981    34.7109       6411     4.4514     5.9877     6.1199 1.0000e-12 0.0000e+00
    187.000     8.1682   3.618755    34.7153       6401     4.4448     6.0067     6.1554 1.0000e-12 0.0000e+00
    186.000     8.1670   3.618623    34.7155       7078     4.9143     6.0079     6.1495 1.0000e-12 0.0000e+00
    185.000     8.1712   3.619249    34.7185       7582     5.2644     5.9885     6.1443 1.0000e-12 0.0000e+00
    184.000     8.1657   3.618404    34.7154       7519     5.2212     5.9852     6.1568 1.0000e-12 0.0000e+00
    183.000     8.1643   3.618172    34.7148       7539     5.2346     5.9796     6.1512 1.0000e-12 0.0000e+00
    182.000     8.1632   3.617966    34.7141       7559     5.2485     5.9816     6.1398 1.0000e-12 0.0000e+00
    181.000     8.1616   3.617686    34.7133       7582     5.2645     5.9894     6.1378 1.0000e-12 0.0000e+00
    180.000     8.1627   3.617793    34.7138       7615     5.2876     5.9956     6.1522 1.0000e-12 0.0000e+00
    179.000     8.1632   3.617815    34.7140       7646     5.3090     6.0058     6.1668 1.0000e-12 0.0000e+00
    178.000     8.1590   3.617251    34.7126       7668     5.3242     6.0072     6.1547 1.0000e-12 0.0000e+00
    177.000     8.1585   3.617118    34.7121       7689     5.3392     5.9900     6.1500 1.0000e-12 0.0000e+00
    176.000     8.1579   3.616969    34.7116       7715     5.3573     5.9658     6.1521 1.0000e-12 0.0000e+00
    175.000     8.1577   3.616894    34.7115       7742     5.3759     5.9837     6.1718 1.0000e-12 0.0000e+00
    174.000     8.1582   3.616818    34.7107       7765     5.3915     6.0110     6.1726 1.0000e-12 0.0000e+00
    173.000     8.1584   3.616745    34.7102       7787     5.4069     6.0141     6.1613 1.0000e-12 0.0000e+00
    172.000     8.1582   3.616610    34.7095       7820     5.4302     6.0092     6.1599 1.0000e-12 0.0000e+00
    171.000     8.1587   3.616566    34.7089       7857     5.4556     6.0092     6.1681 1.0000e-12 0.0000e+00
    170.000     8.1604   3.616547    34.7076       7877     5.4695     6.0157     6.1686 1.0000e-12 0.0000e+00
    169.000     8.1847   3.617678    34.6961       7894     5.4813     6.0051     6.1575 1.0000e-12 0.0000e+00
    168.000     8.2280   3.620540    34.6844       7912     5.4935     5.9951     6.1429 1.0000e-12 0.0000e+00
    167.000     8.5134   3.644512    34.6586       7935     5.5097     5.9617     6.1175 1.0000e-12 0.0000e+00
    166.000     8.6807   3.659445    34.6530       7971     5.5347     6.0042     6.2116 1.0000e-12 0.0000e+00
    165.000     8.5562   3.642592    34.5972       8003     5.5571     6.0800     6.2746 1.0000e-12 0.0000e+00
    164.000     8.1717   3.595118    34.4704       8025     5.5721     6.1424     6.2929 1.0000e-12 0.0000e+00
    163.000     7.8174   3.550997    34.3464       8045     5.5861     6.1803     6.2779 1.0000e-12 0.0000e+00
    162.000     7.5898   3.520520    34.2420       8068     5.6019     6.1962     6.3059 1.0000e-12 0.0000e+00
    161.000     7.4368   3.499286    34.1631       8096     5.6218     6.3614     6.5888 1.0000e-12 0.0000e+00
    160.000     7.2975   3.480317    34.0946       8128     5.6436     6.7049     6.9230 1.0000e-12 0.0000e+00
    159.000     7.2061   3.466063    34.0296       8152     5.6602     6.8894     7.0246 1.0000e-12 0.0000e+00
    158.000     7.0994   3.451056    33.9712       8173     5.6750     6.9683     7.0923 1.0000e-12 0.0000e+00
    157.000     7.0452   3.442997    33.9368       8195     5.6906     7.0234     7.1646 1.0000e-12 0.0000e+00
    156.000     6.9128   3.424677    33.8666       8220     5.7073     7.0751     7.2830 1.0000e-12 0.0000e+00
    155.000     6.8681   3.416061    33.8164       8243     5.7235     7.1462     7.3489 1.0000e-12 0.0000e+00
    154.000     6.8785   3.415454    33.8000       8267     5.7403     7.1842     7.3892 1.0000e-12 0.0000e+00
    153.000     6.8606   3.411148    33.7708       8298     5.7618     7.2739     7.5074 1.0000e-12 0.0000e+00
    152.000     6.8188   3.403477    33.7279       8333     5.7860     7.4301     7.5810 1.0000e-12 0.0000e+00
    151.000     6.7760   3.396030    33.6884       8360     5.8051     7.4841     7.6066 1.0000e-12 0.0000e+00
    150.000     6.7491   3.391709    33.6676       8383     5.8208     7.5121     7.6594 1.0000e-12 0.0000e+00
    149.000     6.6822   3.382888    33.6365       8404     5.8352     7.5437     7.7259 1.0000e-12 0.0000e+00
    148.000     6.4106   3.343685    33.4689       8425     5.8503     7.6218     7.8183 1.0000e-12 0.0000e+00
    147.000     6.2611   3.318332    33.3342       8451     5.8677     7.6947     7.8330 1.0000e-12 0.0000e+00
    146.000     6.2100   3.310210    33.2941       8479     5.8873     7.7911     8.0511 1.0000e-12 0.0000e+00
    145.000     6.1803   3.304827    33.2636       8514     5.9121     8.2291     8.5225 1.0000e-12 0.0000e+00
    144.000     6.1381   3.297589    33.2245       8554     5.9398     8.5531     8.7184 1.0000e-12 0.0000e+00
    143.000     6.1158   3.293405    33.2000       8576     5.9552     8.6090     8.7312 1.0000e-12 0.0000e+00
    142.000     6.1011   3.290616    33.1836       8595     5.9677     8.5932     8.7452 1.0000e-12 0.0000e+00
    141.000     6.0826   3.286184    33.1526       8614     5.9811     8.5754     8.7770 1.0000e-12 0.0000e+00
    140.000     6.0705   3.282814    33.1273       8639     5.9987     8.5689     8.8308 1.0000e-12 0.0000e+00
    139.000     6.0655   3.281345    33.1162       8682     6.0283     8.7339     8.9854 1.0000e-12 0.0000e+00
    138.000     6.0650   3.281095    33.1144       8720     6.0546     8.9042     9.0617 1.0000e-12 0.0000e+00
    137.000     6.0532   3.278047    33.0922       8742     6.0704     8.9340     9.0702 1.0000e-12 0.0000e+00
    136.000     6.0396   3.274393    33.0651       8763     6.0846     8.9126     9.0700 1.0000e-12 0.0000e+00
    135.000     6.0346   3.272292    33.0470       8785     6.1002     8.8816     9.0703 1.0000e-12 0.0000e+00
    134.000     6.0340   3.271227    33.0361       8810     6.1176     8.9057     9.1305 1.0000e-12 0.0000e+00
    133.000     6.0348   3.270938    33.0326       8838     6.1367     8.9862     9.2448 1.0000e-12 0.0000e+00
    132.000     6.0358   3.270432    33.0264       8872     6.1605     9.0856     9.2894 1.0000e-12 0.0000e+00
    131.000     6.0363   3.270034    33.0219       8915     6.1900     9.1206     9.2881 1.0000e-12 0.0000e+00
    130.000     6.0367   3.269872    33.0203       8946     6.2115     9.1416     9.3201 1.0000e-12 0.0000e+00
    129.000     6.0387   3.269799    33.0180       8967     6.2263     9.1653     9.3203 1.0000e-12 0.0000e+00
    128.000     6.0470   3.269103    33.0026       8986     6.2396     9.1520     9.3064 1.0000e-12 0.0000e+00
    127.000     6.0591   3.268567    32.9853       9007     6.2542     9.1016     9.3017 1.0000e-12 0.0000e+00
    126.000     6.0683   3.268599    32.9773       9036     6.2740     9.0789     9.3509 1.0000e-12 0.0000e+00
    125.000     6.0735   3.268660    32.9734       9081     6.3054     9.1909     9.4511 1.0000e-12 0.0000e+00
    124.000     6.0764   3.268713    32.9717       9119     6.3316     9.3175     9.4896 1.0000e-12 0.0000e+00
    123.000     6.0629   3.266516    32.9607       9143     6.3487     9.3463     9.4914 1.0000e-12 0.0000e+00
    122.000     6.0710   3.266554    32.9538       9165     6.3639     9.3244     9.4706 1.0000e-12 0.0000e+00
    121.000     6.0537   3.264604    32.9493       9188     6.3801     9.3023     9.4709 1.0000e-12 0.0000e+00
    120.000     6.0192   3.260483    32.9371       9215     6.3988     9.3207     9.5226 1.0000e-12 0.0000e+00
    119.000     6.0112   3.259387    32.9331       9245     6.4196     9.3206     9.5661 1.0000e-12 0.0000e+00
    118.000     6.0157   3.259749    32.9333       9285     6.4476     9.3467     9.5714 1.0000e-12 0.0000e+00
    117.000     6.0299   3.261271    32.9370       9325     6.4750     9.3775     9.5642 1.0000e-12 0.0000e+00
    116.000     6.0285   3.261206    32.9381       9348     6.4910     9.3827     9.5732 1.0000e-12 0.0000e+00
    115.000     6.0235   3.260633    32.9370       9368     6.5050     9.4059     9.5799 1.0000e-12 0.0000e+00
    114.000     6.0167   3.259605    32.9326       9391     6.5210     9.3677     9.5759 1.0000e-12 0.0000e+00
    113.000     6.0197   3.259844    32.9329       9424     6.5440     9.3521     9.5759 1.0000e-12 0.0000e+00
    112.000     6.0324   3.261139    32.9356       9462     6.5705     9.3859     9.5751 1.0000e-12 0.0000e+00
    111.000     6.0391   3.261942    32.9385       9490     6.5895     9.3927     9.5551 1.0000e-12 0.0000e+00
    110.000     6.0180   3.259514    32.9323       9516     6.6078     9.3966     9.5744 1.0000e-12 0.0000e+00
    109.000     6.0170   3.259325    32.9317       9547     6.6293     9.3690     9.5518 1.0000e-12 0.0000e+00
    108.000     6.0323   3.260894    32.9349       9579     6.6512     9.3721     9.5561 1.0000e-12 0.0000e+00
    107.000     6.0270   3.260378    32.9348       9605     6.6697     9.4064     9.5963 1.0000e-12 0.0000e+00
    106.000     6.0077   3.258252    32.9302       9633     6.6888     9.4008     9.6027 1.0000e-12 0.0000e+00
    105.000     6.0030   3.257644    32.9284       9663     6.7099     9.3828     9.5709 1.0000e-12 0.0000e+00
    104.000     5.9977   3.257043    32.9273       9690     6.7286     9.3790     9.5793 1.0000e-12 0.0000e+00
    103.000     5.9864   3.255818    32.9251       9717     6.7475     9.3914     9.6000 1.0000e-12 0.0000e+00
    102.000     5.9909   3.256151    32.9249       9751     6.7711     9.4105     9.5940 1.0000e-12 0.0000e+00
    101.000     6.0049   3.257554    32.9276       9787     6.7956     9.4362     9.5906 1.0000e-12 0.0000e+00
    100.000     6.0013   3.257160    32.9272       9815     6.8153     9.4170     9.5974 1.0000e-12 0.0000e+00
     99.000     6.0020   3.257181    32.9272       9840     6.8327     9.3516     9.5813 1.0000e-12 0.0000e+00
     98.000     5.9938   3.256340    32.9262       9866     6.8504     9.3618     9.5906 1.0000e-12 0.0000e+00
     97.000     5.9891   3.255715    32.9243       9895     6.8709     9.3863     9.5993 1.0000e-12 0.0000e+00
     96.000     5.9806   3.254819    32.9230       9933     6.8971     9.4082     9.5925 1.0000e-12 0.0000e+00
     95.000     5.9752   3.254164    32.9214       9969     6.9221     9.4347     9.5945 1.0000e-12 0.0000e+00
     94.000     5.9740   3.253991    32.9211       9996     6.9407     9.4209     9.6003 1.0000e-12 0.0000e+00
     93.000     5.9713   3.253616    32.9201      10018     6.9560     9.4088     9.5945 1.0000e-12 0.0000e+00
     92.000     5.9737   3.253764    32.9199      10039     6.9708     9.3848     9.5935 1.0000e-12 0.0000e+00
     91.000     5.9723   3.253669    32.9207      10064     6.9879     9.3544     9.6089 1.0000e-12 0.0000e+00
     90.000     5.9638   3.252696    32.9185      10108     7.0186     9.4217     9.6118 1.0000e-12 0.0000e+00
     89.000     5.9680   3.253033    32.9187      10158     7.0538     9.4406     9.6023 1.0000e-12 0.0000e+00
     88.000     5.9669   3.253030    32.9202      10180     7.0687     9.4017     9.6057 1.0000e-12 0.0000e+00
     87.000     5.9643   3.252642    32.9189      10198     7.0810     9.3974     9.6163 1.0000e-12 0.0000e+00
     86.000     5.9742   3.253509    32.9195      10215     7.0932     9.3922     9.6269 1.0000e-12 0.0000e+00
