HB2502/ctd129.cnv
* Sea-Bird SBE 9 Data File:
* FileName = C:\cruise\data\ctd129.hex
* Software Version Seasave V 7.26.7.121
* Temperature SN = 6768
* Conductivity SN = 6166
* Number of Bytes Per Scan = 37
* Number of Voltage Words = 4
* Number of Scans Averaged by the Deck Unit = 1
* NMEA Latitude = 40 37.94 N
* NMEA Longitude = 069 24.60 W
* NMEA UTC (Time) = Apr 07 2025 12:10:41
* NMEA baud rate = 4800
** Ship: Bigelow HB2502
** Program:  Spring Bottom Trawl
** Chief Scientist:Jon Galbraith
# nquan = 7
# nvalues = 84                          
# units = specified
# name 0 = depSM: Depth [salt water, m]
# name 1 = t090C: Temperature [ITS-90, deg C]
# name 2 = c0S/m: Conductivity [S/m]
# name 3 = sal00: Salinity, Practical [PSU]
# name 4 = scan: Scan Count
# name 5 = timeM: Time, Elapsed [minutes]
# name 6 = flag: flag
# span 0 =      2.000,     44.000       
# span 1 =     6.4629,     6.5761       
# span 2 =   3.286436,   3.296832       
# span 3 =    32.8092,    32.8977       
# span 4 =         53,       3159       
# span 5 =     0.0361,     2.1931       
# span 6 = 0.0000e+00, 0.0000e+00       
# interval = meters: 1                  
# start_time = Apr 07 2025 12:10:41 [NMEA time, header]
# bad_flag = -9.990e-29
*END*
      3.000     6.5560   3.296832    32.8800         53     0.0361 0.0000e+00
      4.000     6.4629   3.290370    32.8977        205     0.1418 0.0000e+00
      5.000     6.4827   3.287158    32.8426        279     0.1932 0.0000e+00
      6.000     6.4827   3.286668    32.8367        307     0.2126 0.0000e+00
      7.000     6.4825   3.286648    32.8361        338     0.2343 0.0000e+00
      8.000     6.4822   3.286838    32.8381        370     0.2563 0.0000e+00
      9.000     6.4821   3.286776    32.8369        401     0.2781 0.0000e+00
     10.000     6.4824   3.286663    32.8349        433     0.2998 0.0000e+00
     11.000     6.4824   3.286581    32.8335        462     0.3201 0.0000e+00
     12.000     6.4822   3.286494    32.8323        489     0.3386 0.0000e+00
     13.000     6.4820   3.286472    32.8317        514     0.3562 0.0000e+00
     14.000     6.4820   3.286513    32.8316        540     0.3744 0.0000e+00
     15.000     6.4820   3.286498    32.8310        567     0.3932 0.0000e+00
     16.000     6.4820   3.286494    32.8305        594     0.4120 0.0000e+00
     17.000     6.4817   3.286589    32.8313        622     0.4311 0.0000e+00
     18.000     6.4814   3.286646    32.8318        650     0.4507 0.0000e+00
     19.000     6.4793   3.286565    32.8324        677     0.4698 0.0000e+00
     20.000     6.4785   3.286496    32.8319        702     0.4866 0.0000e+00
     21.000     6.4789   3.286444    32.8304        725     0.5027 0.0000e+00
     22.000     6.4791   3.286489    32.8303        750     0.5200 0.0000e+00
     23.000     6.4792   3.286710    32.8322        778     0.5394 0.0000e+00
     24.000     6.4788   3.286848    32.8335        806     0.5594 0.0000e+00
     25.000     6.4787   3.286897    32.8337        837     0.5804 0.0000e+00
     26.000     6.4795   3.287505    32.8392        875     0.6072 0.0000e+00
     27.000     6.4789   3.286791    32.8313        906     0.6282 0.0000e+00
     28.000     6.4793   3.286467    32.8269        926     0.6422 0.0000e+00
     29.000     6.4797   3.286436    32.8257        943     0.6542 0.0000e+00
     30.000     6.4798   3.286528    32.8262        961     0.6665 0.0000e+00
     31.000     6.4801   3.287088    32.8315        983     0.6817 0.0000e+00
     32.000     6.4814   3.287233    32.8314       1015     0.7041 0.0000e+00
     33.000     6.4806   3.287260    32.8320       1054     0.7316 0.0000e+00
     34.000     6.4805   3.287043    32.8292       1090     0.7561 0.0000e+00
     35.000     6.4803   3.286741    32.8256       1116     0.7742 0.0000e+00
     36.000     6.4803   3.286858    32.8264       1136     0.7882 0.0000e+00
     37.000     6.4806   3.286887    32.8259       1155     0.8012 0.0000e+00
     38.000     6.4805   3.286981    32.8265       1176     0.8162 0.0000e+00
     39.000     6.4802   3.287137    32.8281       1211     0.8406 0.0000e+00
     40.000     6.4802   3.287114    32.8273       1250     0.8674 0.0000e+00
     41.000     6.4804   3.287066    32.8261       1272     0.8829 0.0000e+00
     42.000     6.4797   3.287089    32.8265       1291     0.8956 0.0000e+00
     43.000     6.4783   3.287158    32.8281       1310     0.9091 0.0000e+00
     44.000     6.4796   3.287893    32.8346       1660     1.1519 0.0000e+00
     43.000     6.4801   3.287746    32.8329       1929     1.3388 0.0000e+00
     42.000     6.4804   3.287656    32.8322       2086     1.4479 0.0000e+00
     41.000     6.4822   3.287535    32.8296       2105     1.4613 0.0000e+00
     40.000     6.4843   3.287416    32.8267       2132     1.4800 0.0000e+00
     39.000     6.4847   3.287324    32.8259       2159     1.4985 0.0000e+00
     38.000     6.4858   3.287261    32.8245       2189     1.5198 0.0000e+00
     37.000     6.4860   3.287198    32.8241       2219     1.5406 0.0000e+00
     36.000     6.4875   3.287129    32.8225       2242     1.5564 0.0000e+00
     35.000     6.4876   3.287088    32.8224       2261     1.5696 0.0000e+00
     34.000     6.4875   3.287044    32.8225       2279     1.5823 0.0000e+00
     33.000     6.4873   3.287028    32.8230       2300     1.5963 0.0000e+00
     32.000     6.4863   3.287007    32.8242       2325     1.6140 0.0000e+00
     31.000     6.4862   3.287027    32.8250       2358     1.6365 0.0000e+00
     30.000     6.4838   3.287068    32.8282       2394     1.6621 0.0000e+00
     29.000     6.4851   3.287107    32.8280       2429     1.6864 0.0000e+00
     28.000     6.4870   3.287265    32.8284       2453     1.7026 0.0000e+00
     27.000     6.4849   3.287330    32.8316       2471     1.7151 0.0000e+00
     26.000     6.4888   3.287766    32.8331       2487     1.7267 0.0000e+00
     25.000     6.4909   3.288185    32.8363       2506     1.7395 0.0000e+00
     24.000     6.4898   3.288336    32.8394       2531     1.7571 0.0000e+00
     23.000     6.4962   3.288342    32.8339       2568     1.7825 0.0000e+00
     22.000     6.4967   3.288192    32.8322       2599     1.8042 0.0000e+00
     21.000     6.4974   3.288062    32.8306       2624     1.8214 0.0000e+00
     20.000     6.4896   3.287914    32.8370       2648     1.8384 0.0000e+00
     19.000     6.4970   3.287967    32.8309       2676     1.8578 0.0000e+00
     18.000     6.4985   3.288121    32.8317       2704     1.8770 0.0000e+00
     17.000     6.4993   3.288222    32.8325       2727     1.8930 0.0000e+00
     16.000     6.5003   3.288259    32.8324       2748     1.9074 0.0000e+00
     15.000     6.5029   3.288425    32.8322       2771     1.9236 0.0000e+00
     14.000     6.5033   3.288421    32.8323       2804     1.9462 0.0000e+00
     13.000     6.5095   3.288552    32.8283       2836     1.9685 0.0000e+00
     12.000     6.5142   3.288902    32.8282       2858     1.9841 0.0000e+00
     11.000     6.5210   3.289309    32.8266       2878     1.9976 0.0000e+00
     10.000     6.5263   3.289489    32.8240       2898     2.0118 0.0000e+00
      9.000     6.5335   3.289809    32.8211       2924     2.0298 0.0000e+00
      8.000     6.5348   3.289881    32.8211       2959     2.0543 0.0000e+00
      7.000     6.5385   3.289668    32.8157       2992     2.0771 0.0000e+00
      6.000     6.5380   3.289711    32.8171       3016     2.0940 0.0000e+00
      5.000     6.5476   3.289857    32.8101       3039     2.1098 0.0000e+00
      4.000     6.5545   3.291476    32.8218       3064     2.1268 0.0000e+00
      3.000     6.5761   3.292172    32.8092       3088     2.1439 0.0000e+00
      2.000     6.5383   3.290235    32.8246       3159     2.1931 0.0000e+00
