HB2502/ctd191.cnv
* Sea-Bird SBE 9 Data File:
* FileName = C:\cruise\data\ctd191.hex
* Software Version Seasave V 7.26.7.121
* Temperature SN = 4591
* Conductivity SN = 6006
* Number of Bytes Per Scan = 37
* Number of Voltage Words = 4
* Number of Scans Averaged by the Deck Unit = 1
* NMEA Latitude = 41 56.86 N
* NMEA Longitude = 067 47.55 W
* NMEA UTC (Time) = May 08 2025 12:58:51
* NMEA baud rate = 4800
** Ship: Bigelow HB2502
** Program:  Spring Bottom Trawl
** Chief Scientist:Jon Galbraith
# nquan = 10
# nvalues = 101                         
# units = specified
# name 0 = depSM: Depth [salt water, m]
# name 1 = t090C: Temperature [ITS-90, deg C]
# name 2 = c0S/m: Conductivity [S/m]
# name 3 = sal00: Salinity, Practical [PSU]
# name 4 = scan: Scan Count
# name 5 = timeM: Time, Elapsed [minutes]
# name 6 = sbeox0Mg/L: Oxygen, SBE 43 [mg/l]
# name 7 = sbeox1Mg/L: Oxygen, SBE 43, 2 [mg/l]
# name 8 = par: PAR/Irradiance, Biospherical/Licor
# name 9 = flag: flag
# span 0 =      2.000,     52.000       
# span 1 =     7.8978,     7.9601       
# span 2 =   3.395196,   3.400110       
# span 3 =    32.6660,    32.6719       
# span 4 =          0,       4665       
# span 5 =    -0.0006,     3.2391       
# span 6 =    10.4329,    10.5592       
# span 7 =    10.4206,    10.9789       
# span 8 = 7.1890e-01, 3.1228e+02       
# span 9 = 0.0000e+00, 0.0000e+00       
# interval = meters: 1                  
# start_time = May 08 2025 12:58:51 [NMEA time, header]
# bad_flag = -9.990e-29
*END*
      2.000     7.9601   3.399800    32.6668          0    -0.0006    10.4329    10.7121 3.1228e+02 0.0000e+00
      3.000     7.9595   3.400110    32.6701        478     0.3310    10.4599    10.4206 1.8210e+02 0.0000e+00
      4.000     7.9259   3.397366    32.6719        734     0.5093    10.5144    10.9789 1.6182e+02 0.0000e+00
      5.000     7.9203   3.396789    32.6704        760     0.5274    10.4738    10.8852 1.4499e+02 0.0000e+00
      6.000     7.9192   3.396678    32.6698        799     0.5541    10.4387    10.7915 1.1135e+02 0.0000e+00
      7.000     7.9178   3.396558    32.6694        838     0.5812    10.4819    10.7663 9.7326e+01 0.0000e+00
      8.000     7.9154   3.396427    32.6697        866     0.6004    10.5210    10.7579 7.8687e+01 0.0000e+00
      9.000     7.9115   3.396131    32.6698        886     0.6146    10.5429    10.7498 6.5429e+01 0.0000e+00
     10.000     7.9113   3.396153    32.6697        905     0.6275    10.5321    10.7374 5.5551e+01 0.0000e+00
     11.000     7.9100   3.396057    32.6695        927     0.6429    10.5110    10.7245 4.7912e+01 0.0000e+00
     12.000     7.9128   3.396208    32.6680        958     0.6647    10.5312    10.7292 4.2744e+01 0.0000e+00
     13.000     7.9122   3.396326    32.6693        991     0.6877    10.5583    10.7377 3.8425e+01 0.0000e+00
     14.000     7.9090   3.396048    32.6689       1019     0.7072    10.5592    10.7370 3.2603e+01 0.0000e+00
     15.000     7.9127   3.396400    32.6687       1045     0.7250    10.5487    10.7288 2.9246e+01 0.0000e+00
     16.000     7.9067   3.395976    32.6693       1069     0.7415    10.5319    10.7036 2.6257e+01 0.0000e+00
     17.000     7.9060   3.395935    32.6691       1092     0.7575    10.5379    10.6813 2.3253e+01 0.0000e+00
     18.000     7.9039   3.395789    32.6690       1118     0.7756    10.5342    10.6992 2.0718e+01 0.0000e+00
     19.000     7.9039   3.395830    32.6690       1151     0.7985    10.5338    10.6897 1.9005e+01 0.0000e+00
     20.000     7.9011   3.395624    32.6690       1182     0.8205    10.5280    10.7045 1.7640e+01 0.0000e+00
     21.000     7.9026   3.395772    32.6686       1206     0.8365    10.5323    10.7079 1.6218e+01 0.0000e+00
     22.000     7.9019   3.395783    32.6690       1225     0.8502    10.5215    10.7013 1.4563e+01 0.0000e+00
     23.000     7.9008   3.395731    32.6690       1246     0.8646    10.5016    10.6884 1.3171e+01 0.0000e+00
     24.000     7.9001   3.395712    32.6689       1276     0.8854    10.5009    10.6914 1.2082e+01 0.0000e+00
     25.000     7.8989   3.395640    32.6688       1316     0.9128    10.5328    10.6842 1.1319e+01 0.0000e+00
     26.000     7.9009   3.395826    32.6685       1344     0.9327    10.5107    10.6988 1.0960e+01 0.0000e+00
     27.000     7.9028   3.396051    32.6687       1366     0.9482    10.5069    10.6903 1.0211e+01 0.0000e+00
     28.000     7.9003   3.395929    32.6692       1388     0.9634    10.5170    10.6811 9.1243e+00 0.0000e+00
     29.000     7.8984   3.395780    32.6689       1412     0.9799    10.5286    10.6836 8.1348e+00 0.0000e+00
     30.000     7.8985   3.395830    32.6689       1438     0.9977    10.5247    10.7031 7.5831e+00 0.0000e+00
     31.000     7.8988   3.395903    32.6689       1467     1.0181    10.5158    10.6887 7.0602e+00 0.0000e+00
     32.000     7.8983   3.395916    32.6690       1500     1.0413    10.5057    10.6926 6.6484e+00 0.0000e+00
     33.000     7.8989   3.395977    32.6687       1528     1.0603    10.5139    10.7103 6.1202e+00 0.0000e+00
     34.000     7.9002   3.396144    32.6688       1550     1.0759    10.5042    10.7116 5.4916e+00 0.0000e+00
     35.000     7.8997   3.396140    32.6687       1573     1.0913    10.4884    10.6983 4.8635e+00 0.0000e+00
     36.000     7.8993   3.396164    32.6689       1597     1.1085    10.4888    10.6832 4.3995e+00 0.0000e+00
     37.000     7.8992   3.396198    32.6689       1627     1.1290    10.4950    10.6698 4.0492e+00 0.0000e+00
     38.000     7.8991   3.396244    32.6690       1658     1.1508    10.4997    10.6790 3.6944e+00 0.0000e+00
     39.000     7.9008   3.396403    32.6687       1686     1.1701    10.4953    10.6872 3.3165e+00 0.0000e+00
     40.000     7.9020   3.396564    32.6688       1710     1.1866    10.5121    10.6784 2.9684e+00 0.0000e+00
     41.000     7.9031   3.396723    32.6689       1734     1.2032    10.5046    10.6867 2.6206e+00 0.0000e+00
     42.000     7.9038   3.396843    32.6691       1762     1.2232    10.4910    10.6848 2.3193e+00 0.0000e+00
     43.000     7.9043   3.396916    32.6690       1792     1.2439    10.5056    10.6732 2.0870e+00 0.0000e+00
     44.000     7.9043   3.396968    32.6691       1818     1.2620    10.5014    10.6691 1.8749e+00 0.0000e+00
     45.000     7.9043   3.397016    32.6691       1845     1.2803    10.4952    10.6535 1.6790e+00 0.0000e+00
     46.000     7.9044   3.397068    32.6691       1875     1.3015    10.4912    10.6696 1.4931e+00 0.0000e+00
     47.000     7.9043   3.397109    32.6692       1916     1.3301    10.4639    10.6754 1.3424e+00 0.0000e+00
     48.000     7.9043   3.397160    32.6692       1958     1.3590    10.4819    10.6783 1.1703e+00 0.0000e+00
     49.000     7.9045   3.397212    32.6691       1991     1.3821    10.4824    10.6780 1.0262e+00 0.0000e+00
     50.000     7.9046   3.397274    32.6692       2023     1.4039    10.4748    10.6777 9.3405e-01 0.0000e+00
     51.000     7.9048   3.397326    32.6691       2057     1.4277    10.4770    10.6665 8.5144e-01 0.0000e+00
     52.000     7.9045   3.397333    32.6690       2509     1.7419    10.4742    10.6855 7.1890e-01 0.0000e+00
     51.000     7.9015   3.397007    32.6688       3190     2.2146    10.4867    10.6796 8.2759e-01 0.0000e+00
     50.000     7.9017   3.396986    32.6688       3194     2.2172    10.5061    10.6881 9.2679e-01 0.0000e+00
     49.000     7.9018   3.396945    32.6688       3220     2.2358    10.4667    10.6681 1.0370e+00 0.0000e+00
     48.000     7.9017   3.396893    32.6688       3245     2.2526    10.4647    10.6674 1.1642e+00 0.0000e+00
     47.000     7.9022   3.396895    32.6689       3273     2.2721    10.5028    10.6819 1.3082e+00 0.0000e+00
     46.000     7.9017   3.396810    32.6689       3300     2.2909    10.5073    10.6786 1.4836e+00 0.0000e+00
     45.000     7.9013   3.396742    32.6690       3325     2.3086    10.4906    10.6904 1.7203e+00 0.0000e+00
     44.000     7.9008   3.396641    32.6688       3356     2.3298    10.4781    10.6909 1.9588e+00 0.0000e+00
     43.000     7.9008   3.396583    32.6687       3389     2.3526    10.4949    10.6939 2.1288e+00 0.0000e+00
     42.000     7.9009   3.396563    32.6689       3412     2.3684    10.5161    10.6928 2.3319e+00 0.0000e+00
     41.000     7.9016   3.396571    32.6688       3431     2.3817    10.5001    10.6871 2.5707e+00 0.0000e+00
     40.000     7.9011   3.396488    32.6688       3450     2.3952    10.4844    10.6937 2.8748e+00 0.0000e+00
     39.000     7.9010   3.396439    32.6688       3474     2.4121    10.4998    10.6849 3.2467e+00 0.0000e+00
     38.000     7.9009   3.396396    32.6689       3504     2.4327    10.5087    10.6722 3.6680e+00 0.0000e+00
     37.000     7.9006   3.396321    32.6689       3534     2.4535    10.5073    10.6879 4.1335e+00 0.0000e+00
     36.000     7.9007   3.396280    32.6688       3563     2.4738    10.5249    10.6870 4.6555e+00 0.0000e+00
     35.000     7.9000   3.396186    32.6689       3591     2.4929    10.5145    10.6726 5.0604e+00 0.0000e+00
     34.000     7.8999   3.396125    32.6688       3615     2.5101    10.4795    10.6859 5.4285e+00 0.0000e+00
     33.000     7.9002   3.396109    32.6688       3638     2.5256    10.4684    10.6851 6.1386e+00 0.0000e+00
     32.000     7.9011   3.396146    32.6689       3659     2.5403    10.4824    10.6779 7.0447e+00 0.0000e+00
     31.000     7.9008   3.396069    32.6688       3682     2.5561    10.4825    10.6730 7.9078e+00 0.0000e+00
     30.000     7.9004   3.395990    32.6688       3713     2.5781    10.4794    10.6730 8.6331e+00 0.0000e+00
     29.000     7.8999   3.395898    32.6688       3752     2.6050    10.4836    10.6835 8.7449e+00 0.0000e+00
     28.000     7.8987   3.395750    32.6687       3775     2.6210    10.4877    10.6680 8.9721e+00 0.0000e+00
     27.000     7.8985   3.395675    32.6686       3793     2.6333    10.4780    10.6556 9.8272e+00 0.0000e+00
     26.000     7.8981   3.395605    32.6687       3810     2.6454    10.4732    10.6645 1.1162e+01 0.0000e+00
     25.000     7.8981   3.395562    32.6687       3834     2.6621    10.4949    10.6884 1.3037e+01 0.0000e+00
     24.000     7.8981   3.395530    32.6688       3881     2.6946    10.5159    10.6876 1.3092e+01 0.0000e+00
     23.000     7.8979   3.395460    32.6688       3911     2.7150    10.5089    10.7003 1.3242e+01 0.0000e+00
     22.000     7.8980   3.395401    32.6685       3927     2.7267    10.4867    10.6982 1.4574e+01 0.0000e+00
     21.000     7.8986   3.395403    32.6684       3943     2.7373    10.4783    10.6792 1.6325e+01 0.0000e+00
     20.000     7.8980   3.395335    32.6687       3961     2.7497    10.4947    10.6640 1.8329e+01 0.0000e+00
     19.000     7.8982   3.395298    32.6686       3994     2.7727    10.5191    10.6787 2.0111e+01 0.0000e+00
     18.000     7.8978   3.395230    32.6687       4037     2.8027    10.4966    10.7099 2.1323e+01 0.0000e+00
     17.000     7.8983   3.395196    32.6684       4060     2.8188    10.4719    10.7153 2.3242e+01 0.0000e+00
     16.000     7.8998   3.395281    32.6683       4080     2.8328    10.4999    10.6974 2.5756e+01 0.0000e+00
     15.000     7.9021   3.395408    32.6681       4101     2.8474    10.5068    10.6838 2.9018e+01 0.0000e+00
     14.000     7.9129   3.396227    32.6672       4128     2.8659    10.4940    10.6986 3.3173e+01 0.0000e+00
     13.000     7.9131   3.396323    32.6685       4157     2.8864    10.5271    10.7272 3.7574e+01 0.0000e+00
     12.000     7.9159   3.396382    32.6669       4183     2.9042    10.5251    10.7295 4.3100e+01 0.0000e+00
     11.000     7.9373   3.398128    32.6660       4207     2.9206    10.5290    10.6861 5.0244e+01 0.0000e+00
     10.000     7.9451   3.398822    32.6666       4233     2.9386    10.5218    10.6935 5.9626e+01 0.0000e+00
      9.000     7.9459   3.398960    32.6678       4261     2.9586    10.4984    10.7299 6.8018e+01 0.0000e+00
      8.000     7.9438   3.398715    32.6676       4288     2.9768    10.5022    10.7269 7.6999e+01 0.0000e+00
      7.000     7.9550   3.399570    32.6667       4312     2.9934    10.4996    10.7256 9.3073e+01 0.0000e+00
      6.000     7.9556   3.399647    32.6674       4337     3.0113    10.4899    10.7331 1.1496e+02 0.0000e+00
      5.000     7.9531   3.399436    32.6680       4364     3.0297    10.4762    10.7385 1.4355e+02 0.0000e+00
      4.000     7.9517   3.399249    32.6677       4389     3.0473    10.4749    10.7292 1.7862e+02 0.0000e+00
      3.000     7.9436   3.398538    32.6683       4458     3.0953    10.4942    10.7243 2.2793e+02 0.0000e+00
      2.000     7.9276   3.397139    32.6687       4665     3.2391    10.5099    10.7564 2.7193e+02 0.0000e+00
