HB2502/ctd101.cnv
* Sea-Bird SBE 9 Data File:
* FileName = C:\cruise\data\ctd101.hex
* Software Version Seasave V 7.26.7.121
* Temperature SN = 6768
* Conductivity SN = 6166
* Number of Bytes Per Scan = 37
* Number of Voltage Words = 4
* Number of Scans Averaged by the Deck Unit = 1
* NMEA Latitude = 41 03.24 N
* NMEA Longitude = 071 33.78 W
* NMEA UTC (Time) = Mar 23 2025 02:21:59
* NMEA baud rate = 4800
** Ship: Bigelow HB2502
** Program:  Spring Bottom Trawl
** Chief Scientist:Jon Galbraith
# nquan = 7
# nvalues = 71                          
# units = specified
# name 0 = depSM: Depth [salt water, m]
# name 1 = t090C: Temperature [ITS-90, deg C]
# name 2 = c0S/m: Conductivity [S/m]
# name 3 = sal00: Salinity, Practical [PSU]
# name 4 = scan: Scan Count
# name 5 = timeM: Time, Elapsed [minutes]
# name 6 = flag: flag
# span 0 =      2.000,     37.000       
# span 1 =     5.7578,     6.0482       
# span 2 =   3.170372,   3.225537       
# span 3 =    32.1360,    32.8206       
# span 4 =       -322,       3188       
# span 5 =    -0.2244,     2.2133       
# span 6 = 0.0000e+00, 0.0000e+00       
# interval = meters: 1                  
# start_time = Mar 23 2025 02:21:59 [NMEA time, header]
# bad_flag = -9.990e-29
*END*
      2.000     5.8471   3.225537    32.7703       -322    -0.2244 0.0000e+00
      3.000     5.8495   3.196417    32.4401        325     0.2253 0.0000e+00
      4.000     5.8302   3.174994    32.2173        381     0.2638 0.0000e+00
      5.000     5.8303   3.173064    32.1950        402     0.2787 0.0000e+00
      6.000     5.8302   3.171820    32.1806        423     0.2932 0.0000e+00
      7.000     5.8297   3.171516    32.1772        448     0.3102 0.0000e+00
      8.000     5.8290   3.171323    32.1753        481     0.3335 0.0000e+00
      9.000     5.8292   3.171054    32.1716        511     0.3543 0.0000e+00
     10.000     5.8298   3.170587    32.1653        534     0.3701 0.0000e+00
     11.000     5.8351   3.170372    32.1574        556     0.3852 0.0000e+00
     12.000     5.8698   3.171466    32.1360        582     0.4037 0.0000e+00
     13.000     5.8873   3.175420    32.1633        616     0.4273 0.0000e+00
     14.000     5.9083   3.187224    32.2751        644     0.4467 0.0000e+00
     15.000     5.9156   3.196426    32.3709        666     0.4616 0.0000e+00
     16.000     5.8858   3.204023    32.4842        687     0.4766 0.0000e+00
     17.000     5.8945   3.207708    32.5167        716     0.4963 0.0000e+00
     18.000     5.9096   3.209317    32.5198        754     0.5229 0.0000e+00
     19.000     5.9298   3.216235    32.5775        779     0.5406 0.0000e+00
     20.000     5.9277   3.221798    32.6414        797     0.5531 0.0000e+00
     21.000     5.9017   3.223674    32.6871        816     0.5661 0.0000e+00
     22.000     5.8801   3.215331    32.6138        846     0.5868 0.0000e+00
     23.000     5.8942   3.210962    32.5506        893     0.6197 0.0000e+00
     24.000     5.8727   3.219342    32.6649        919     0.6377 0.0000e+00
     25.000     5.8489   3.221790    32.7151        937     0.6503 0.0000e+00
     26.000     5.8317   3.222037    32.7340        958     0.6642 0.0000e+00
     27.000     5.8234   3.218094    32.6972       1004     0.6966 0.0000e+00
     28.000     5.8043   3.222313    32.7627       1052     0.7296 0.0000e+00
     29.000     5.7967   3.222095    32.7671       1070     0.7421 0.0000e+00
     30.000     5.7915   3.222286    32.7739       1095     0.7596 0.0000e+00
     31.000     5.7859   3.223478    32.7922       1170     0.8122 0.0000e+00
     32.000     5.7860   3.222633    32.7821       1195     0.8293 0.0000e+00
     33.000     5.7856   3.222774    32.7836       1227     0.8516 0.0000e+00
     34.000     5.7836   3.223693    32.7953       1296     0.8990 0.0000e+00
     35.000     5.7764   3.222983    32.7939       1336     0.9269 0.0000e+00
     36.000     5.7615   3.222694    32.8046       1368     0.9493 0.0000e+00
     37.000     5.7578   3.223834    32.8206       1494     1.0370 0.0000e+00
     36.000     5.7745   3.223359    32.7995       1799     1.2483 0.0000e+00
     35.000     5.8043   3.220974    32.7442       1995     1.3847 0.0000e+00
     34.000     5.8134   3.220310    32.7283       2017     1.4001 0.0000e+00
     33.000     5.8206   3.219755    32.7156       2040     1.4162 0.0000e+00
     32.000     5.8260   3.219331    32.7061       2065     1.4332 0.0000e+00
     31.000     5.8223   3.219033    32.7068       2094     1.4537 0.0000e+00
     30.000     5.8302   3.218802    32.6971       2123     1.4736 0.0000e+00
     29.000     5.8304   3.218669    32.6959       2147     1.4900 0.0000e+00
     28.000     5.8272   3.218677    32.6996       2169     1.5057 0.0000e+00
     27.000     5.8189   3.218416    32.7052       2194     1.5228 0.0000e+00
     26.000     5.8277   3.217710    32.6892       2222     1.5426 0.0000e+00
     25.000     5.8273   3.217049    32.6827       2250     1.5620 0.0000e+00
     24.000     5.8231   3.216371    32.6796       2275     1.5788 0.0000e+00
     23.000     5.8251   3.215544    32.6688       2297     1.5944 0.0000e+00
     22.000     5.8272   3.215312    32.6646       2324     1.6131 0.0000e+00
     21.000     5.8304   3.215236    32.6612       2358     1.6370 0.0000e+00
     20.000     5.8349   3.214370    32.6476       2384     1.6549 0.0000e+00
     19.000     5.8359   3.213085    32.6327       2404     1.6689 0.0000e+00
     18.000     5.8378   3.211945    32.6185       2424     1.6829 0.0000e+00
     17.000     5.8437   3.212312    32.6174       2453     1.7026 0.0000e+00
     16.000     5.8559   3.210757    32.5887       2487     1.7266 0.0000e+00
     15.000     5.8709   3.209486    32.5604       2513     1.7444 0.0000e+00
     14.000     5.8827   3.207600    32.5283       2534     1.7591 0.0000e+00
     13.000     5.8903   3.206673    32.5111       2555     1.7736 0.0000e+00
     12.000     5.9001   3.205259    32.4863       2579     1.7905 0.0000e+00
     11.000     5.9152   3.205172    32.4713       2614     1.8144 0.0000e+00
     10.000     5.9325   3.202867    32.4293       2646     1.8368 0.0000e+00
      9.000     5.9365   3.201177    32.4071       2667     1.8511 0.0000e+00
      8.000     5.9532   3.199271    32.3702       2686     1.8644 0.0000e+00
      7.000     5.9686   3.198170    32.3436       2708     1.8799 0.0000e+00
      6.000     5.9790   3.195720    32.3067       2747     1.9066 0.0000e+00
      5.000     5.9887   3.193019    32.2678       2778     1.9287 0.0000e+00
      4.000     5.9963   3.196948    32.3049       2796     1.9412 0.0000e+00
      3.000     6.0482   3.197862    32.2662       2812     1.9519 0.0000e+00
      2.000     5.8664   3.188378    32.3340       3188     2.2133 0.0000e+00
