HB2502/ctd116.cnv
* Sea-Bird SBE 9 Data File:
* FileName = C:\cruise\data\ctd116.hex
* Software Version Seasave V 7.26.7.121
* Temperature SN = 6768
* Conductivity SN = 6166
* Number of Bytes Per Scan = 37
* Number of Voltage Words = 4
* Number of Scans Averaged by the Deck Unit = 1
* NMEA Latitude = 39 55.68 N
* NMEA Longitude = 072 07.05 W
* NMEA UTC (Time) = Apr 04 2025 22:40:13
* NMEA baud rate = 4800
** Ship: Bigelow HB2502
** Program:  Spring Bottom Trawl
** Chief Scientist:Jon Galbraith
# nquan = 7
# nvalues = 158                         
# units = specified
# name 0 = depSM: Depth [salt water, m]
# name 1 = t090C: Temperature [ITS-90, deg C]
# name 2 = c0S/m: Conductivity [S/m]
# name 3 = sal00: Salinity, Practical [PSU]
# name 4 = scan: Scan Count
# name 5 = timeM: Time, Elapsed [minutes]
# name 6 = flag: flag
# span 0 =      3.000,     82.000       
# span 1 =     5.6657,     7.3389       
# span 2 =   3.216860,   3.369845       
# span 3 =    32.6933,    33.0838       
# span 4 =        197,       5172       
# span 5 =     0.1363,     3.5907       
# span 6 = 0.0000e+00, 0.0000e+00       
# interval = meters: 1                  
# start_time = Apr 04 2025 22:40:13 [NMEA time, header]
# bad_flag = -9.990e-29
*END*
      4.000     7.3349   3.369845    32.9333        197     0.1363 0.0000e+00
      5.000     7.2656   3.350011    32.7836        369     0.2557 0.0000e+00
      6.000     7.2672   3.347385    32.7531        398     0.2758 0.0000e+00
      7.000     7.2633   3.347713    32.7598        425     0.2946 0.0000e+00
      8.000     7.2393   3.349605    32.8027        460     0.3189 0.0000e+00
      9.000     7.2139   3.348079    32.8097        496     0.3435 0.0000e+00
     10.000     7.1656   3.344462    32.8159        522     0.3622 0.0000e+00
     11.000     7.1423   3.343607    32.8283        546     0.3786 0.0000e+00
     12.000     7.1400   3.344294    32.8374        569     0.3946 0.0000e+00
     13.000     7.1401   3.344890    32.8434        593     0.4110 0.0000e+00
     14.000     7.1397   3.345245    32.8471        618     0.4284 0.0000e+00
     15.000     7.1377   3.346238    32.8594        646     0.4477 0.0000e+00
     16.000     7.1340   3.349536    32.8984        677     0.4693 0.0000e+00
     17.000     7.1316   3.346990    32.8724        707     0.4903 0.0000e+00
     18.000     7.1185   3.344353    32.8557        733     0.5082 0.0000e+00
     19.000     7.1126   3.343752    32.8543        754     0.5232 0.0000e+00
     20.000     7.1113   3.343960    32.8573        774     0.5368 0.0000e+00
     21.000     7.1115   3.344585    32.8634        794     0.5509 0.0000e+00
     22.000     7.1282   3.347313    32.8768        828     0.5745 0.0000e+00
     23.000     7.1761   3.348384    32.8423        883     0.6125 0.0000e+00
     24.000     7.1221   3.344533    32.8513        905     0.6275 0.0000e+00
     25.000     7.1109   3.343486    32.8501        920     0.6382 0.0000e+00
     26.000     7.1110   3.343254    32.8470        933     0.6474 0.0000e+00
     27.000     7.1077   3.343350    32.8507        947     0.6568 0.0000e+00
     28.000     7.1093   3.345413    32.8712        966     0.6704 0.0000e+00
     29.000     7.1308   3.347332    32.8711       1045     0.7248 0.0000e+00
     30.000     7.0785   3.343684    32.8808       1069     0.7414 0.0000e+00
     31.000     7.0519   3.341702    32.8840       1081     0.7500 0.0000e+00
     32.000     7.0333   3.339874    32.8813       1094     0.7592 0.0000e+00
     33.000     7.0346   3.339761    32.8784       1108     0.7689 0.0000e+00
     34.000     7.0458   3.343090    32.9036       1133     0.7860 0.0000e+00
     35.000     7.0319   3.343708    32.9231       1193     0.8281 0.0000e+00
     36.000     7.0292   3.340939    32.8949       1218     0.8452 0.0000e+00
     37.000     7.0256   3.339140    32.8783       1235     0.8569 0.0000e+00
     38.000     7.0235   3.338937    32.8776       1251     0.8684 0.0000e+00
     39.000     7.0220   3.339468    32.8843       1272     0.8826 0.0000e+00
     40.000     7.0123   3.339801    32.8968       1307     0.9068 0.0000e+00
     41.000     6.9879   3.339049    32.9113       1345     0.9330 0.0000e+00
     42.000     6.9492   3.337516    32.9312       1369     0.9501 0.0000e+00
     43.000     6.8901   3.334728    32.9567       1391     0.9650 0.0000e+00
     44.000     6.8347   3.328533    32.9414       1413     0.9807 0.0000e+00
     45.000     6.8408   3.325670    32.9037       1440     0.9996 0.0000e+00
     46.000     6.8035   3.323546    32.9157       1469     1.0196 0.0000e+00
     47.000     6.8035   3.322785    32.9069       1495     1.0378 0.0000e+00
     48.000     6.7701   3.320171    32.9096       1521     1.0554 0.0000e+00
     49.000     6.7565   3.317780    32.8959       1549     1.0747 0.0000e+00
     50.000     6.7563   3.318909    32.9080       1577     1.0944 0.0000e+00
     51.000     6.6912   3.314473    32.9213       1604     1.1129 0.0000e+00
     52.000     6.6620   3.310927    32.9098       1629     1.1305 0.0000e+00
     53.000     6.5656   3.302778    32.9121       1656     1.1494 0.0000e+00
     54.000     6.3309   3.281959    32.9072       1682     1.1675 0.0000e+00
     55.000     6.1998   3.267348    32.8709       1707     1.1844 0.0000e+00
     56.000     5.8324   3.235047    32.8648       1730     1.2009 0.0000e+00
     57.000     5.7476   3.224266    32.8253       1756     1.2188 0.0000e+00
     58.000     5.6657   3.216860    32.8210       1786     1.2399 0.0000e+00
     59.000     5.6689   3.216946    32.8184       1819     1.2628 0.0000e+00
     60.000     5.7269   3.223080    32.8307       1848     1.2823 0.0000e+00
     61.000     5.7884   3.230516    32.8542       1870     1.2979 0.0000e+00
     62.000     5.8193   3.234203    32.8652       1891     1.3123 0.0000e+00
     63.000     5.9420   3.248583    32.9069       1912     1.3274 0.0000e+00
     64.000     6.2610   3.283347    32.9852       1940     1.3467 0.0000e+00
     65.000     6.4262   3.302901    33.0422       1979     1.3734 0.0000e+00
     66.000     6.4697   3.307828    33.0542       2014     1.3979 0.0000e+00
     67.000     6.5073   3.311867    33.0620       2037     1.4137 0.0000e+00
     68.000     6.5180   3.313171    33.0657       2054     1.4259 0.0000e+00
     69.000     6.5171   3.313232    33.0667       2070     1.4368 0.0000e+00
     70.000     6.5403   3.315513    33.0689       2087     1.4487 0.0000e+00
     71.000     6.5676   3.318575    33.0760       2125     1.4748 0.0000e+00
     72.000     6.5732   3.319350    33.0786       2187     1.5181 0.0000e+00
     73.000     6.5766   3.319811    33.0800       2204     1.5299 0.0000e+00
     74.000     6.5722   3.319526    33.0805       2218     1.5397 0.0000e+00
     75.000     6.5686   3.319355    33.0817       2231     1.5489 0.0000e+00
     76.000     6.5670   3.319319    33.0823       2246     1.5593 0.0000e+00
     77.000     6.5662   3.319323    33.0826       2279     1.5818 0.0000e+00
     78.000     6.5645   3.319272    33.0833       2332     1.6188 0.0000e+00
     79.000     6.5613   3.319071    33.0836       2355     1.6347 0.0000e+00
     80.000     6.5567   3.318725    33.0837       2375     1.6487 0.0000e+00
     81.000     6.5456   3.317802    33.0838       2395     1.6628 0.0000e+00
     82.000     6.4909   3.312589    33.0785       3006     2.0871 0.0000e+00
     81.000     6.5253   3.315799    33.0813       2899     2.0128 0.0000e+00
     80.000     6.5376   3.316895    33.0820       2975     2.0652 0.0000e+00
     79.000     6.5516   3.318129    33.0825       3025     2.0998 0.0000e+00
     78.000     6.5566   3.318579    33.0832       3046     2.1149 0.0000e+00
     77.000     6.5588   3.318727    33.0832       3065     2.1277 0.0000e+00
     76.000     6.5608   3.318895    33.0836       3082     2.1397 0.0000e+00
     75.000     6.5630   3.319046    33.0836       3101     2.1526 0.0000e+00
     74.000     6.5662   3.319185    33.0826       3128     2.1713 0.0000e+00
     73.000     6.5679   3.319233    33.0820       3171     2.2016 0.0000e+00
     72.000     6.5679   3.319188    33.0819       3202     2.2228 0.0000e+00
     71.000     6.5584   3.318155    33.0802       3223     2.2372 0.0000e+00
     70.000     6.5517   3.317356    33.0783       3242     2.2506 0.0000e+00
     69.000     6.5468   3.316790    33.0774       3262     2.2648 0.0000e+00
     68.000     6.5393   3.315976    33.0761       3285     2.2803 0.0000e+00
     67.000     6.5303   3.314950    33.0739       3309     2.2975 0.0000e+00
     66.000     6.5218   3.314055    33.0727       3341     2.3193 0.0000e+00
     65.000     6.4996   3.311603    33.0676       3380     2.3464 0.0000e+00
     64.000     6.4667   3.308571    33.0663       3406     2.3649 0.0000e+00
     63.000     6.4044   3.301799    33.0521       3426     2.3786 0.0000e+00
     62.000     6.3578   3.296473    33.0386       3445     2.3913 0.0000e+00
     61.000     6.2013   3.279403    33.0009       3465     2.4055 0.0000e+00
     60.000     6.0078   3.256875    32.9374       3493     2.4251 0.0000e+00
     59.000     5.8426   3.236781    32.8730       3534     2.4532 0.0000e+00
     58.000     5.7837   3.230260    32.8573       3562     2.4728 0.0000e+00
     57.000     5.6929   3.218677    32.8156       3580     2.4857 0.0000e+00
     56.000     5.7276   3.222046    32.8203       3597     2.4969 0.0000e+00
     55.000     5.7457   3.222735    32.8110       3614     2.5092 0.0000e+00
     54.000     5.9065   3.236740    32.8128       3649     2.5332 0.0000e+00
     53.000     6.1428   3.258472    32.8279       3707     2.5739 0.0000e+00
     52.000     6.2828   3.270634    32.8287       3723     2.5845 0.0000e+00
     51.000     6.4644   3.288961    32.8575       3737     2.5947 0.0000e+00
     50.000     6.5547   3.297781    32.8688       3751     2.6042 0.0000e+00
     49.000     6.6206   3.304036    32.8750       3766     2.6144 0.0000e+00
     48.000     6.6867   3.309863    32.8762       3799     2.6373 0.0000e+00
     47.000     6.7031   3.311945    32.8839       3864     2.6824 0.0000e+00
     46.000     6.7141   3.312285    32.8776       3881     2.6945 0.0000e+00
     45.000     6.7255   3.312775    32.8725       3896     2.7047 0.0000e+00
     44.000     6.7570   3.314613    32.8630       3910     2.7143 0.0000e+00
     43.000     6.7877   3.316353    32.8533       3925     2.7247 0.0000e+00
     42.000     6.8061   3.317118    32.8445       3945     2.7386 0.0000e+00
     41.000     6.8161   3.317245    32.8369       3990     2.7700 0.0000e+00
     40.000     6.8193   3.317332    32.8352       4036     2.8024 0.0000e+00
     39.000     6.8436   3.319498    32.8362       4056     2.8158 0.0000e+00
     38.000     6.8926   3.323277    32.8312       4072     2.8269 0.0000e+00
     37.000     6.9220   3.325878    32.8321       4087     2.8378 0.0000e+00
     36.000     6.9745   3.330017    32.8278       4106     2.8506 0.0000e+00
     35.000     7.0084   3.333061    32.8292       4141     2.8749 0.0000e+00
     34.000     7.0133   3.333598    32.8309       4189     2.9085 0.0000e+00
     33.000     7.0081   3.333177    32.8317       4210     2.9232 0.0000e+00
     32.000     7.0189   3.333924    32.8301       4227     2.9349 0.0000e+00
     31.000     7.0238   3.334354    32.8306       4243     2.9458 0.0000e+00
     30.000     7.0318   3.334994    32.8305       4261     2.9583 0.0000e+00
     29.000     7.0498   3.336637    32.8317       4292     2.9801 0.0000e+00
     28.000     7.0608   3.337522    32.8314       4341     3.0139 0.0000e+00
     27.000     7.0619   3.337546    32.8310       4365     3.0304 0.0000e+00
     26.000     7.0749   3.338510    32.8296       4383     3.0431 0.0000e+00
     25.000     7.0944   3.339866    32.8264       4401     3.0557 0.0000e+00
     24.000     7.0975   3.340117    32.8266       4422     3.0704 0.0000e+00
     23.000     7.1007   3.340352    32.8266       4451     3.0903 0.0000e+00
     22.000     7.1091   3.340887    32.8250       4485     3.1136 0.0000e+00
     21.000     7.1071   3.340641    32.8246       4515     3.1346 0.0000e+00
     20.000     7.1074   3.340616    32.8246       4542     3.1532 0.0000e+00
     19.000     7.1064   3.340464    32.8243       4565     3.1697 0.0000e+00
     18.000     7.1072   3.340419    32.8235       4586     3.1841 0.0000e+00
     17.000     7.1082   3.340296    32.8217       4606     3.1977 0.0000e+00
     16.000     7.1116   3.340387    32.8200       4627     3.2128 0.0000e+00
     15.000     7.1130   3.340454    32.8198       4660     3.2352 0.0000e+00
     14.000     7.1204   3.340858    32.8177       4702     3.2646 0.0000e+00
     13.000     7.1315   3.341161    32.8109       4725     3.2808 0.0000e+00
     12.000     7.1311   3.341033    32.8104       4743     3.2932 0.0000e+00
     11.000     7.1313   3.340916    32.8094       4760     3.3051 0.0000e+00
     10.000     7.1566   3.340857    32.7852       4782     3.3205 0.0000e+00
      9.000     7.2023   3.341145    32.7454       4824     3.3492 0.0000e+00
      8.000     7.1893   3.340810    32.7545       4857     3.3720 0.0000e+00
      7.000     7.1915   3.340034    32.7445       4875     3.3846 0.0000e+00
      6.000     7.1922   3.339921    32.7431       4892     3.3966 0.0000e+00
      5.000     7.2045   3.340088    32.7337       4915     3.4127 0.0000e+00
      4.000     7.2386   3.341401    32.7162       4952     3.4385 0.0000e+00
      3.000     7.3389   3.348001    32.6933       5172     3.5907 0.0000e+00
