HB2502/ctd148.cnv
* Sea-Bird SBE 9 Data File:
* FileName = C:\cruise\data\ctd148.hex
* Software Version Seasave V 7.26.7.121
* Temperature SN = 6768
* Conductivity SN = 6166
* Number of Bytes Per Scan = 37
* Number of Voltage Words = 4
* Number of Scans Averaged by the Deck Unit = 1
* NMEA Latitude = 40 12.63 N
* NMEA Longitude = 068 39.14 W
* NMEA UTC (Time) = Apr 12 2025 12:05:27
* NMEA baud rate = 4800
** Ship: Bigelow HB2502
** Program:  Spring Bottom Trawl
** Chief Scientist:Jon Galbraith
# nquan = 7
# nvalues = 272                         
# units = specified
# name 0 = depSM: Depth [salt water, m]
# name 1 = t090C: Temperature [ITS-90, deg C]
# name 2 = c0S/m: Conductivity [S/m]
# name 3 = sal00: Salinity, Practical [PSU]
# name 4 = scan: Scan Count
# name 5 = timeM: Time, Elapsed [minutes]
# name 6 = flag: flag
# span 0 =      1.000,    138.000       
# span 1 =     5.3839,    10.6973       
# span 2 =   3.159616,   3.879466       
# span 3 =    32.3328,    34.9968       
# span 4 =        132,      11664       
# span 5 =     0.0908,     8.0993       
# span 6 = 0.0000e+00, 0.0000e+00       
# interval = meters: 1                  
# start_time = Apr 12 2025 12:05:27 [NMEA time, header]
# bad_flag = -9.990e-29
*END*
      4.000     5.5397   3.169459    32.4337        132     0.0908 0.0000e+00
      5.000     5.5316   3.162707    32.3645        326     0.2260 0.0000e+00
      6.000     5.5318   3.161153    32.3463        351     0.2433 0.0000e+00
      7.000     5.5310   3.160847    32.3431        382     0.2646 0.0000e+00
      8.000     5.5295   3.160848    32.3440        409     0.2836 0.0000e+00
      9.000     5.5312   3.162635    32.3622        495     0.3430 0.0000e+00
     10.000     5.5308   3.161237    32.3462        589     0.4084 0.0000e+00
     11.000     5.5301   3.161228    32.3462        626     0.4343 0.0000e+00
     12.000     5.5269   3.160940    32.3455        666     0.4617 0.0000e+00
     13.000     5.5211   3.160530    32.3460        688     0.4774 0.0000e+00
     14.000     5.5205   3.160428    32.3450        705     0.4890 0.0000e+00
     15.000     5.5169   3.160442    32.3481        720     0.4993 0.0000e+00
     16.000     5.5028   3.160552    32.3625        735     0.5100 0.0000e+00
     17.000     5.4942   3.160877    32.3739        754     0.5227 0.0000e+00
     18.000     5.4773   3.161632    32.3983        798     0.5538 0.0000e+00
     19.000     5.4465   3.162059    32.4324        876     0.6074 0.0000e+00
     20.000     5.4242   3.161098    32.4426        895     0.6210 0.0000e+00
     21.000     5.4056   3.160238    32.4503        912     0.6326 0.0000e+00
     22.000     5.3862   3.160151    32.4675        926     0.6427 0.0000e+00
     23.000     5.3839   3.160722    32.4758        940     0.6523 0.0000e+00
     24.000     5.3888   3.161245    32.4765        954     0.6618 0.0000e+00
     25.000     5.3977   3.162150    32.4776        971     0.6735 0.0000e+00
     26.000     5.4414   3.162577    32.4397       1026     0.7115 0.0000e+00
     27.000     5.4651   3.164686    32.4402       1072     0.7441 0.0000e+00
     28.000     5.4766   3.170088    32.4899       1090     0.7564 0.0000e+00
     29.000     5.4850   3.171164    32.4935       1111     0.7709 0.0000e+00
     30.000     5.4958   3.168898    32.4569       1141     0.7919 0.0000e+00
     31.000     5.5368   3.171255    32.4435       1179     0.8181 0.0000e+00
     32.000     5.5582   3.174727    32.4616       1204     0.8356 0.0000e+00
     33.000     5.6283   3.179307    32.4453       1224     0.8492 0.0000e+00
     34.000     5.7140   3.184994    32.4264       1242     0.8622 0.0000e+00
     35.000     5.7543   3.190672    32.4511       1262     0.8756 0.0000e+00
     36.000     5.7706   3.195336    32.4874       1283     0.8903 0.0000e+00
     37.000     5.8103   3.192641    32.4185       1321     0.9166 0.0000e+00
     38.000     5.9013   3.193640    32.3420       1380     0.9574 0.0000e+00
     39.000     5.9585   3.204326    32.4065       1402     0.9729 0.0000e+00
     40.000     6.0081   3.216867    32.4989       1421     0.9858 0.0000e+00
     41.000     6.0619   3.223539    32.5214       1440     0.9992 0.0000e+00
     42.000     6.1468   3.228275    32.4924       1461     1.0141 0.0000e+00
     43.000     6.2078   3.231569    32.4703       1487     1.0323 0.0000e+00
     44.000     6.2857   3.234512    32.4282       1521     1.0554 0.0000e+00
     45.000     6.3337   3.245116    32.4997       1552     1.0773 0.0000e+00
     46.000     6.3354   3.257705    32.6374       1578     1.0950 0.0000e+00
     47.000     6.2802   3.266655    32.7894       1601     1.1114 0.0000e+00
     48.000     6.2226   3.272659    32.9114       1626     1.1287 0.0000e+00
     49.000     6.1868   3.277052    32.9946       1653     1.1475 0.0000e+00
     50.000     6.1565   3.280064    33.0572       1682     1.1671 0.0000e+00
     51.000     6.1655   3.283197    33.0830       1710     1.1867 0.0000e+00
     52.000     6.1776   3.288092    33.1254       1739     1.2072 0.0000e+00
     53.000     6.1892   3.292805    33.1663       1768     1.2272 0.0000e+00
     54.000     6.2016   3.296383    33.1936       1795     1.2462 0.0000e+00
     55.000     6.2524   3.303476    33.2226       1822     1.2643 0.0000e+00
     56.000     6.3229   3.313630    33.2664       1847     1.2818 0.0000e+00
     57.000     6.3146   3.315483    33.2947       1873     1.3000 0.0000e+00
     58.000     6.2931   3.313819    33.2967       1901     1.3193 0.0000e+00
     59.000     6.2989   3.314807    33.3015       1928     1.3379 0.0000e+00
     60.000     6.3369   3.319012    33.3106       1951     1.3541 0.0000e+00
     61.000     6.3731   3.323343    33.3229       1972     1.3691 0.0000e+00
     62.000     6.5259   3.340395    33.3624       1997     1.3860 0.0000e+00
     63.000     6.6186   3.353179    33.4129       2030     1.4090 0.0000e+00
     64.000     6.6344   3.359027    33.4616       2074     1.4393 0.0000e+00
     65.000     6.6626   3.364226    33.4911       2110     1.4646 0.0000e+00
     66.000     6.6911   3.367866    33.5029       2130     1.4783 0.0000e+00
     67.000     6.7223   3.371690    33.5141       2145     1.4892 0.0000e+00
     68.000     6.7615   3.376669    33.5301       2160     1.4996 0.0000e+00
     69.000     6.7874   3.379856    33.5395       2176     1.5107 0.0000e+00
     70.000     6.8096   3.382700    33.5485       2203     1.5291 0.0000e+00
     71.000     6.8469   3.387030    33.5592       2278     1.5815 0.0000e+00
     72.000     6.8667   3.389155    33.5628       2306     1.6004 0.0000e+00
     73.000     6.8718   3.389808    33.5645       2321     1.6114 0.0000e+00
     74.000     6.8952   3.392175    33.5672       2335     1.6208 0.0000e+00
     75.000     7.0125   3.404547    33.5879       2348     1.6299 0.0000e+00
     76.000     7.0385   3.408161    33.6017       2363     1.6402 0.0000e+00
     77.000     7.0642   3.411541    33.6130       2388     1.6577 0.0000e+00
     78.000     7.1460   3.421833    33.6453       2486     1.7260 0.0000e+00
     79.000     7.1541   3.422582    33.6451       2500     1.7356 0.0000e+00
     80.000     7.2049   3.428588    33.6607       2514     1.7451 0.0000e+00
     81.000     7.2095   3.429264    33.6631       2527     1.7538 0.0000e+00
     82.000     7.2475   3.433676    33.6736       2538     1.7619 0.0000e+00
     83.000     7.2943   3.438718    33.6824       2553     1.7725 0.0000e+00
     84.000     7.3784   3.448931    33.7111       2596     1.8024 0.0000e+00
     85.000     7.4762   3.460883    33.7451       2651     1.8403 0.0000e+00
     86.000     7.4762   3.462061    33.7574       2670     1.8537 0.0000e+00
     87.000     7.4751   3.462022    33.7576       2689     1.8668 0.0000e+00
     88.000     7.4723   3.461832    33.7577       2711     1.8817 0.0000e+00
     89.000     7.5013   3.465572    33.7695       2755     1.9126 0.0000e+00
     90.000     7.5297   3.469293    33.7816       2796     1.9407 0.0000e+00
     91.000     7.5305   3.469482    33.7824       2812     1.9523 0.0000e+00
     92.000     7.5396   3.470647    33.7858       2826     1.9620 0.0000e+00
     93.000     7.5542   3.472511    33.7912       2840     1.9714 0.0000e+00
     94.000     7.5964   3.477633    33.8051       2855     1.9823 0.0000e+00
     95.000     7.6320   3.482219    33.8195       2897     2.0114 0.0000e+00
     96.000     7.6869   3.488975    33.8385       2968     2.0604 0.0000e+00
     97.000     7.7127   3.492421    33.8501       2989     2.0753 0.0000e+00
     98.000     7.7364   3.495234    33.8569       3007     2.0877 0.0000e+00
     99.000     7.8046   3.503697    33.8812       3023     2.0985 0.0000e+00
    100.000     7.8714   3.512134    33.9064       3039     2.1094 0.0000e+00
    101.000     7.9440   3.521261    33.9334       3057     2.1221 0.0000e+00
    102.000     8.0043   3.529276    33.9602       3094     2.1477 0.0000e+00
    103.000     8.1166   3.543735    34.0053       3152     2.1885 0.0000e+00
    104.000     8.2239   3.557576    34.0483       3175     2.2040 0.0000e+00
    105.000     8.3451   3.573126    34.0957       3192     2.2159 0.0000e+00
    106.000     8.4916   3.591306    34.1459       3208     2.2274 0.0000e+00
    107.000     8.8133   3.630030    34.2424       3230     2.2425 0.0000e+00
    108.000     9.0202   3.656619    34.3209       3285     2.2806 0.0000e+00
    109.000     9.1239   3.669324    34.3530       3329     2.3108 0.0000e+00
    110.000     9.2115   3.680241    34.3818       3349     2.3247 0.0000e+00
    111.000     9.3295   3.694838    34.4193       3366     2.3370 0.0000e+00
    112.000     9.4460   3.708720    34.4506       3384     2.3492 0.0000e+00
    113.000    10.0048   3.774928    34.5941       3405     2.3639 0.0000e+00
    114.000    10.3088   3.812921    34.6901       3438     2.3870 0.0000e+00
    115.000    10.3457   3.818421    34.7102       3487     2.4206 0.0000e+00
    116.000    10.3678   3.821874    34.7236       3539     2.4567 0.0000e+00
    117.000    10.3621   3.821743    34.7273       3565     2.4752 0.0000e+00
    118.000    10.3633   3.822291    34.7312       3582     2.4866 0.0000e+00
    119.000    10.3709   3.823619    34.7370       3596     2.4968 0.0000e+00
    120.000    10.4188   3.829896    34.7543       3611     2.5071 0.0000e+00
    121.000    10.4179   3.830646    34.7623       3631     2.5207 0.0000e+00
    122.000    10.4099   3.830518    34.7681       3709     2.5750 0.0000e+00
    123.000    10.3649   3.826532    34.7704       3765     2.6137 0.0000e+00
    124.000    10.3894   3.830642    34.7880       3781     2.6251 0.0000e+00
    125.000    10.4280   3.835930    34.8042       3796     2.6355 0.0000e+00
    126.000    10.4702   3.841778    34.8226       3810     2.6454 0.0000e+00
    127.000    10.5002   3.846315    34.8392       3824     2.6552 0.0000e+00
    128.000    10.5231   3.850365    34.8578       3840     2.6660 0.0000e+00
    129.000    10.5707   3.858328    34.8921       3915     2.7184 0.0000e+00
    130.000    10.6304   3.866898    34.9210       3979     2.7624 0.0000e+00
    131.000    10.6656   3.872044    34.9386       3995     2.7734 0.0000e+00
    132.000    10.6815   3.876440    34.9673       4013     2.7859 0.0000e+00
    133.000    10.6763   3.877927    34.9867       4037     2.8026 0.0000e+00
    134.000    10.6765   3.878130    34.9881       4069     2.8248 0.0000e+00
    135.000    10.6759   3.878206    34.9890       4096     2.8438 0.0000e+00
    136.000    10.6783   3.878492    34.9892       4122     2.8615 0.0000e+00
    137.000    10.6748   3.878592    34.9931       4938     3.4287 0.0000e+00
    138.000    10.6738   3.878908    34.9968       6309     4.3805 0.0000e+00
    137.000    10.6732   3.878801    34.9967       6289     4.3665 0.0000e+00
    136.000    10.6737   3.878793    34.9966       6302     4.3756 0.0000e+00
    135.000    10.6792   3.879128    34.9952       6634     4.6061 0.0000e+00
    134.000    10.6894   3.879466    34.9893       6867     4.7680 0.0000e+00
    133.000    10.6973   3.878428    34.9717       6915     4.8017 0.0000e+00
    132.000    10.6905   3.876498    34.9593       6960     4.8329 0.0000e+00
    131.000    10.6607   3.871701    34.9399       6980     4.8462 0.0000e+00
    130.000    10.6270   3.867094    34.9263       6997     4.8586 0.0000e+00
    129.000    10.5906   3.862008    34.9103       7016     4.8714 0.0000e+00
    128.000    10.5600   3.857378    34.8933       7035     4.8845 0.0000e+00
    127.000    10.5237   3.851430    34.8684       7058     4.9009 0.0000e+00
    126.000    10.4923   3.846057    34.8447       7095     4.9262 0.0000e+00
    125.000    10.4684   3.842329    34.8303       7141     4.9587 0.0000e+00
    124.000    10.4277   3.836813    34.8139       7166     4.9757 0.0000e+00
    123.000    10.3826   3.830549    34.7941       7186     4.9894 0.0000e+00
    122.000    10.3845   3.829721    34.7843       7203     5.0011 0.0000e+00
    121.000    10.4170   3.832428    34.7811       7226     5.0172 0.0000e+00
    120.000    10.4220   3.831773    34.7702       7274     5.0507 0.0000e+00
    119.000    10.4071   3.829534    34.7623       7310     5.0760 0.0000e+00
    118.000    10.3925   3.827437    34.7554       7330     5.0895 0.0000e+00
    117.000    10.3885   3.826679    34.7521       7349     5.1029 0.0000e+00
    116.000    10.3783   3.825150    34.7467       7378     5.1228 0.0000e+00
    115.000    10.3621   3.823007    34.7410       7420     5.1523 0.0000e+00
    114.000    10.3127   3.817147    34.7293       7443     5.1682 0.0000e+00
    113.000    10.2732   3.812381    34.7191       7464     5.1825 0.0000e+00
    112.000    10.0144   3.781887    34.6567       7490     5.2010 0.0000e+00
    111.000     9.3892   3.705786    34.4760       7546     5.2399 0.0000e+00
    110.000     9.4061   3.707441    34.4767       7577     5.2611 0.0000e+00
    109.000     9.3058   3.695341    34.4483       7594     5.2726 0.0000e+00
    108.000     9.2050   3.682873    34.4163       7609     5.2831 0.0000e+00
    107.000     9.1204   3.672368    34.3891       7625     5.2943 0.0000e+00
    106.000     8.9527   3.652073    34.3393       7647     5.3100 0.0000e+00
    105.000     8.4786   3.593730    34.1852       7734     5.3702 0.0000e+00
    104.000     8.4377   3.588089    34.1651       7760     5.3882 0.0000e+00
    103.000     8.4102   3.584189    34.1508       7775     5.3983 0.0000e+00
    102.000     8.3323   3.574796    34.1273       7789     5.4084 0.0000e+00
    101.000     8.2244   3.560847    34.0840       7806     5.4202 0.0000e+00
    100.000     8.1086   3.545748    34.0359       7832     5.4383 0.0000e+00
     99.000     8.0011   3.531277    33.9861       7886     5.4760 0.0000e+00
     98.000     7.9445   3.523419    33.9574       7955     5.5240 0.0000e+00
     97.000     7.9185   3.520120    33.9479       7986     5.5450 0.0000e+00
     96.000     7.8334   3.509586    33.9179       8005     5.5583 0.0000e+00
     95.000     7.7380   3.497621    33.8825       8022     5.5699 0.0000e+00
     94.000     7.6825   3.490499    33.8601       8038     5.5813 0.0000e+00
     93.000     7.6335   3.484333    33.8418       8055     5.5933 0.0000e+00
     92.000     7.5866   3.478398    33.8238       8077     5.6086 0.0000e+00
     91.000     7.5029   3.467748    33.7905       8165     5.6694 0.0000e+00
     90.000     7.4806   3.464768    33.7804       8220     5.7075 0.0000e+00
     89.000     7.4517   3.461091    33.7692       8244     5.7242 0.0000e+00
     88.000     7.4408   3.459619    33.7644       8261     5.7364 0.0000e+00
     87.000     7.4386   3.459245    33.7629       8277     5.7469 0.0000e+00
     86.000     7.4351   3.458683    33.7607       8290     5.7565 0.0000e+00
     85.000     7.4315   3.457980    33.7571       8305     5.7665 0.0000e+00
     84.000     7.3794   3.451473    33.7377       8322     5.7788 0.0000e+00
     83.000     7.2443   3.435155    33.6924       8403     5.8346 0.0000e+00
     82.000     7.2883   3.439911    33.7018       8473     5.8836 0.0000e+00
     81.000     7.1671   3.426651    33.6758       8481     5.8891 0.0000e+00
     80.000     7.0414   3.412037    33.6393       8499     5.9016 0.0000e+00
     79.000     7.0369   3.410730    33.6299       8518     5.9145 0.0000e+00
     78.000     7.0628   3.413023    33.6301       8539     5.9293 0.0000e+00
     77.000     7.0620   3.412576    33.6265       8566     5.9478 0.0000e+00
     76.000     7.0205   3.407370    33.6106       8636     5.9963 0.0000e+00
     75.000     7.0120   3.406177    33.6062       8692     6.0351 0.0000e+00
     74.000     6.9938   3.404092    33.6016       8707     6.0459 0.0000e+00
     73.000     6.9081   3.394923    33.5852       8721     6.0559 0.0000e+00
     72.000     6.8515   3.388803    33.5738       8735     6.0650 0.0000e+00
     71.000     6.8264   3.385931    33.5672       8750     6.0760 0.0000e+00
     70.000     6.7848   3.381185    33.5561       8799     6.1096 0.0000e+00
     69.000     6.7439   3.376195    33.5417       8873     6.1608 0.0000e+00
     68.000     6.7167   3.372967    33.5331       8885     6.1693 0.0000e+00
