HB2502/ctd172.cnv
* Sea-Bird SBE 9 Data File:
* FileName = C:\cruise\data\ctd172.hex
* Software Version Seasave V 7.26.7.121
* Temperature SN = 4591
* Conductivity SN = 6006
* Number of Bytes Per Scan = 37
* Number of Voltage Words = 4
* Number of Scans Averaged by the Deck Unit = 1
* NMEA Latitude = 41 25.57 N
* NMEA Longitude = 066 52.34 W
* NMEA UTC (Time) = May 03 2025 16:54:56
* NMEA baud rate = 4800
** Ship: Bigelow HB2502
** Program:  Spring Bottom Trawl
** Chief Scientist:Jon Galbraith
# nquan = 10
# nvalues = 132                         
# units = specified
# name 0 = depSM: Depth [salt water, m]
# name 1 = t090C: Temperature [ITS-90, deg C]
# name 2 = c0S/m: Conductivity [S/m]
# name 3 = sal00: Salinity, Practical [PSU]
# name 4 = scan: Scan Count
# name 5 = timeM: Time, Elapsed [minutes]
# name 6 = sbeox0Mg/L: Oxygen, SBE 43 [mg/l]
# name 7 = sbeox1Mg/L: Oxygen, SBE 43, 2 [mg/l]
# name 8 = par: PAR/Irradiance, Biospherical/Licor
# name 9 = flag: flag
# span 0 =      3.000,     69.000       
# span 1 =     6.5004,     6.8791       
# span 2 =   3.247360,   3.274690       
# span 3 =    32.3205,    32.3704       
# span 4 =        108,       4272       
# span 5 =     0.0740,     2.9661       
# span 6 =    10.5295,    11.0701       
# span 7 =    10.7898,    11.2801       
# span 8 = 1.0000e-12, 1.5930e+03       
# span 9 = 0.0000e+00, 0.0000e+00       
# interval = meters: 1                  
# start_time = May 03 2025 16:54:56 [NMEA time, header]
# bad_flag = -9.990e-29
*END*
      4.000     6.8670   3.273580    32.3277        108     0.0740    10.9364    11.1998 1.2644e+03 0.0000e+00
      5.000     6.8747   3.274253    32.3273        192     0.1323    10.8875    11.2035 1.0661e+03 0.0000e+00
      6.000     6.8791   3.274682    32.3274        210     0.1449    10.8941    11.2020 8.2612e+02 0.0000e+00
      7.000     6.8779   3.274690    32.3281        232     0.1607    10.9441    11.1907 6.2902e+02 0.0000e+00
      8.000     6.8687   3.274075    32.3296        273     0.1886    10.9201    11.1856 5.6281e+02 0.0000e+00
      9.000     6.8575   3.273183    32.3299        308     0.2132    10.9048    11.1676 4.9728e+02 0.0000e+00
     10.000     6.8296   3.271245    32.3344        330     0.2285    10.9244    11.1636 4.1083e+02 0.0000e+00
     11.000     6.8286   3.271036    32.3327        350     0.2424    10.9624    11.1869 3.4553e+02 0.0000e+00
     12.000     6.8221   3.270581    32.3333        371     0.2573    11.0037    11.2075 2.7805e+02 0.0000e+00
     13.000     6.7913   3.267989    32.3334        398     0.2755    11.0125    11.2223 2.5143e+02 0.0000e+00
     14.000     6.7589   3.265552    32.3367        435     0.3015    11.0337    11.2197 2.1965e+02 0.0000e+00
     15.000     6.7180   3.262153    32.3375        471     0.3264    11.0701    11.2158 1.7505e+02 0.0000e+00
     16.000     6.6987   3.260814    32.3406        498     0.3451    11.0485    11.2088 1.5341e+02 0.0000e+00
     17.000     6.6577   3.257743    32.3451        522     0.3615    11.0062    11.2286 1.2820e+02 0.0000e+00
     18.000     6.6041   3.254262    32.3570        545     0.3779    11.0091    11.2264 1.1048e+02 0.0000e+00
     19.000     6.5809   3.252239    32.3561        571     0.3956    10.9942    11.1736 8.8422e+01 0.0000e+00
     20.000     6.5724   3.251594    32.3566        601     0.4170    10.9305    11.1108 7.6700e+01 0.0000e+00
     21.000     6.5618   3.250836    32.3578        638     0.4427    10.8154    11.0093 6.3410e+01 0.0000e+00
     22.000     6.5499   3.250164    32.3611        668     0.4632    10.7567    10.9726 5.6424e+01 0.0000e+00
     23.000     6.5461   3.249937    32.3617        689     0.4778    10.7475    10.9786 4.6773e+01 0.0000e+00
     24.000     6.5355   3.249391    32.3653        709     0.4915    10.7475    10.9537 3.6909e+01 0.0000e+00
     25.000     6.5317   3.249130    32.3655        733     0.5083    10.7234    10.9139 3.0366e+01 0.0000e+00
     26.000     6.5254   3.248732    32.3666        775     0.5375    10.6913    10.8866 2.5685e+01 0.0000e+00
     27.000     6.5275   3.248825    32.3652        813     0.5636    10.6816    10.8587 2.1153e+01 0.0000e+00
     28.000     6.5256   3.248756    32.3657        834     0.5782    10.6626    10.8546 1.7695e+01 0.0000e+00
     29.000     6.5188   3.248495    32.3688        852     0.5913    10.6513    10.8413 1.4203e+01 0.0000e+00
     30.000     6.5142   3.248198    32.3694        873     0.6056    10.6802    10.8506 1.1643e+01 0.0000e+00
     31.000     6.5130   3.248104    32.3690        899     0.6236    10.6807    10.8756 9.7752e+00 0.0000e+00
     32.000     6.5168   3.248299    32.3670        931     0.6460    10.6357    10.8619 8.2221e+00 0.0000e+00
     33.000     6.5122   3.248081    32.3685        969     0.6724    10.6057    10.8534 6.5472e+00 0.0000e+00
     34.000     6.5077   3.247844    32.3698        998     0.6922    10.5983    10.8427 5.2462e+00 0.0000e+00
     35.000     6.5055   3.247738    32.3701       1021     0.7084    10.6133    10.8245 4.2723e+00 0.0000e+00
     36.000     6.5038   3.247656    32.3704       1044     0.7242    10.6143    10.8220 3.4642e+00 0.0000e+00
     37.000     6.5023   3.247568    32.3704       1066     0.7394    10.6116    10.8241 2.8698e+00 0.0000e+00
     38.000     6.5032   3.247666    32.3701       1090     0.7559    10.5776    10.8200 2.3538e+00 0.0000e+00
     39.000     6.5029   3.247629    32.3695       1121     0.7778    10.5647    10.8295 1.8064e+00 0.0000e+00
     40.000     6.5027   3.247530    32.3681       1157     0.8031    10.5994    10.8483 1.3888e+00 0.0000e+00
     41.000     6.5029   3.247751    32.3698       1186     0.8232    10.6260    10.8267 1.1308e+00 0.0000e+00
     42.000     6.5028   3.247821    32.3703       1209     0.8388    10.6185    10.8209 9.3716e-01 0.0000e+00
     43.000     6.5030   3.247858    32.3700       1229     0.8529    10.5862    10.8237 7.5400e-01 0.0000e+00
     44.000     6.5033   3.247967    32.3704       1251     0.8678    10.5881    10.8262 5.9970e-01 0.0000e+00
     45.000     6.5028   3.247888    32.3695       1276     0.8853    10.6046    10.8273 4.5538e-01 0.0000e+00
     46.000     6.5031   3.247926    32.3692       1309     0.9086    10.5762    10.8194 3.4414e-01 0.0000e+00
     47.000     6.5028   3.247954    32.3693       1349     0.9363    10.5295    10.8335 2.6275e-01 0.0000e+00
     48.000     6.5022   3.247949    32.3693       1378     0.9560    10.5826    10.8340 2.0864e-01 0.0000e+00
     49.000     6.5020   3.247972    32.3693       1398     0.9700    10.6330    10.8041 1.6021e-01 0.0000e+00
     50.000     6.5027   3.248065    32.3693       1415     0.9821    10.6517    10.7959 1.2070e-01 0.0000e+00
     51.000     6.5028   3.248041    32.3684       1434     0.9953    10.6382    10.8033 8.4733e-02 0.0000e+00
     52.000     6.5028   3.248049    32.3680       1471     1.0205    10.6233    10.8210 4.2485e-02 0.0000e+00
     53.000     6.5022   3.248061    32.3682       1515     1.0511    10.6275    10.8425 2.5138e-02 0.0000e+00
     54.000     6.5022   3.248104    32.3681       1535     1.0653    10.5900    10.8439 9.0574e-03 0.0000e+00
     55.000     6.5027   3.248150    32.3677       1552     1.0773    10.5907    10.8346 9.6788e-05 0.0000e+00
     56.000     6.5026   3.248192    32.3678       1570     1.0895    10.6040    10.8278 6.8354e-06 0.0000e+00
     57.000     6.5025   3.248168    32.3672       1594     1.1062    10.6277    10.8165 1.0972e-07 0.0000e+00
     58.000     6.5025   3.248200    32.3670       1631     1.1322    10.6392    10.8212 1.0000e-12 0.0000e+00
     59.000     6.5027   3.248267    32.3671       1666     1.1565    10.6407    10.8266 1.0000e-12 0.0000e+00
     60.000     6.5027   3.248279    32.3668       1689     1.1724    10.6210    10.8280 1.0000e-12 0.0000e+00
     61.000     6.5028   3.248348    32.3669       1709     1.1858    10.6252    10.8222 1.0000e-12 0.0000e+00
     62.000     6.5026   3.248329    32.3664       1730     1.2004    10.6263    10.8161 1.0000e-12 0.0000e+00
     63.000     6.5029   3.248373    32.3662       1761     1.2224    10.6162    10.8289 1.0000e-12 0.0000e+00
     64.000     6.5031   3.248397    32.3657       1798     1.2477    10.6042    10.8321 1.0000e-12 0.0000e+00
     65.000     6.5031   3.248487    32.3663       1821     1.2640    10.6085    10.8315 1.0000e-12 0.0000e+00
     66.000     6.5033   3.248525    32.3659       1840     1.2771    10.6310    10.8286 1.0000e-12 0.0000e+00
     67.000     6.5040   3.248513    32.3647       1859     1.2904    10.6238    10.8266 1.0000e-12 0.0000e+00
     68.000     6.5042   3.248345    32.3622       1886     1.3093    10.5959    10.8204 1.0000e-12 0.0000e+00
     69.000     6.5038   3.248555    32.3644       2310     1.6038    10.6148    10.8319 1.0000e-12 0.0000e+00
     68.000     6.5036   3.248410    32.3635       2511     1.7434    10.6313    10.7898 1.0000e-12 0.0000e+00
     67.000     6.5035   3.248422    32.3642       2540     1.7633    10.6053    10.8030 1.0000e-12 0.0000e+00
     66.000     6.5033   3.248389    32.3644       2570     1.7842    10.5994    10.8306 1.0000e-12 0.0000e+00
     65.000     6.5034   3.248326    32.3642       2596     1.8018    10.6007    10.8458 1.0000e-12 0.0000e+00
     64.000     6.5033   3.248273    32.3641       2617     1.8169    10.6007    10.8217 1.0000e-12 0.0000e+00
     63.000     6.5032   3.248208    32.3640       2639     1.8323    10.5918    10.8210 1.0000e-12 0.0000e+00
     62.000     6.5030   3.248188    32.3645       2671     1.8545    10.6107    10.8410 1.0000e-12 0.0000e+00
     61.000     6.5028   3.248147    32.3647       2707     1.8791    10.6142    10.8110 1.0000e-12 0.0000e+00
     60.000     6.5030   3.248100    32.3644       2727     1.8933    10.6027    10.8146 1.0000e-12 0.0000e+00
     59.000     6.5028   3.248012    32.3642       2745     1.9055    10.5899    10.8201 1.0000e-12 0.0000e+00
     58.000     6.5025   3.247984    32.3647       2764     1.9188    10.5783    10.8234 1.0000e-12 0.0000e+00
     57.000     6.5020   3.247958    32.3653       2797     1.9413    10.5947    10.8224 1.0000e-12 0.0000e+00
     56.000     6.5016   3.247955    32.3661       2837     1.9697    10.6097    10.8447 1.0000e-12 0.0000e+00
     55.000     6.5016   3.247930    32.3663       2859     1.9849    10.5986    10.8372 1.0000e-12 0.0000e+00
     54.000     6.5015   3.247876    32.3663       2879     1.9985    10.5992    10.8378 8.1161e-03 0.0000e+00
     53.000     6.5014   3.247832    32.3664       2901     2.0138    10.6163    10.8236 1.7243e-02 0.0000e+00
     52.000     6.5013   3.247801    32.3666       2928     2.0325    10.6248    10.8245 4.1711e-02 0.0000e+00
     51.000     6.5016   3.247818    32.3670       2956     2.0522    10.6302    10.8305 6.9230e-02 0.0000e+00
     50.000     6.5015   3.247719    32.3665       2984     2.0715    10.6154    10.8430 1.1116e-01 0.0000e+00
     49.000     6.5020   3.247835    32.3678       3013     2.0914    10.5956    10.8427 1.4930e-01 0.0000e+00
     48.000     6.5016   3.247758    32.3678       3040     2.1107    10.5967    10.8278 1.8763e-01 0.0000e+00
     47.000     6.5012   3.247609    32.3670       3065     2.1278    10.6041    10.8223 2.4729e-01 0.0000e+00
     46.000     6.5006   3.247546    32.3673       3086     2.1424    10.5966    10.8162 3.1702e-01 0.0000e+00
     45.000     6.5007   3.247506    32.3673       3106     2.1565    10.5962    10.8204 4.2476e-01 0.0000e+00
     44.000     6.5012   3.247554    32.3679       3129     2.1726    10.5886    10.8300 5.8817e-01 0.0000e+00
     43.000     6.5009   3.247476    32.3678       3161     2.1943    10.6030    10.8284 7.9026e-01 0.0000e+00
     42.000     6.5004   3.247387    32.3678       3196     2.2185    10.6253    10.8342 9.4706e-01 0.0000e+00
     41.000     6.5006   3.247360    32.3677       3224     2.2385    10.6107    10.8263 1.1253e+00 0.0000e+00
     40.000     6.5025   3.247500    32.3680       3247     2.2543    10.5924    10.8256 1.3840e+00 0.0000e+00
     39.000     6.5041   3.247559    32.3676       3267     2.2683    10.5847    10.8171 1.7517e+00 0.0000e+00
     38.000     6.5111   3.248067    32.3670       3287     2.2822    10.5688    10.8104 2.2105e+00 0.0000e+00
     37.000     6.5128   3.248164    32.3669       3310     2.2982    10.5641    10.8360 2.8161e+00 0.0000e+00
     36.000     6.5123   3.248129    32.3675       3344     2.3215    10.6120    10.8604 3.4782e+00 0.0000e+00
     35.000     6.5128   3.248106    32.3673       3382     2.3479    10.6135    10.8499 4.0280e+00 0.0000e+00
     34.000     6.5132   3.248087    32.3673       3405     2.3636    10.5971    10.8379 4.6441e+00 0.0000e+00
     33.000     6.5122   3.247995    32.3676       3422     2.3760    10.5895    10.8292 5.6272e+00 0.0000e+00
     32.000     6.5122   3.247961    32.3677       3440     2.3885    10.6051    10.8195 7.2439e+00 0.0000e+00
     31.000     6.5107   3.247815    32.3680       3463     2.4040    10.6277    10.8161 9.4845e+00 0.0000e+00
     30.000     6.5143   3.247973    32.3668       3500     2.4298    10.6307    10.8341 1.1664e+01 0.0000e+00
     29.000     6.5149   3.247974    32.3668       3537     2.4554    10.6219    10.8493 1.3610e+01 0.0000e+00
     28.000     6.5127   3.247813    32.3676       3559     2.4708    10.6332    10.8460 1.6473e+01 0.0000e+00
     27.000     6.5109   3.247624    32.3677       3578     2.4839    10.6555    10.8442 2.0382e+01 0.0000e+00
     26.000     6.5190   3.248056    32.3652       3598     2.4977    10.6340    10.8454 2.5288e+01 0.0000e+00
     25.000     6.5223   3.248207    32.3642       3623     2.5151    10.6157    10.8427 3.0509e+01 0.0000e+00
     24.000     6.5334   3.248734    32.3601       3656     2.5383    10.6262    10.8667 3.8943e+01 0.0000e+00
     23.000     6.5618   3.250272    32.3506       3686     2.5592    10.6407    10.8866 4.3853e+01 0.0000e+00
     22.000     6.5604   3.250237    32.3520       3710     2.5758    10.6806    10.9020 5.8484e+01 0.0000e+00
     21.000     6.5772   3.251125    32.3464       3733     2.5915    10.7094    10.9384 7.1387e+01 0.0000e+00
     20.000     6.6148   3.253518    32.3377       3757     2.6085    10.7660    10.9841 7.3419e+01 0.0000e+00
     19.000     6.6698   3.257516    32.3302       3785     2.6278    10.7966    11.0217 8.8255e+01 0.0000e+00
     18.000     6.6987   3.259709    32.3275       3812     2.6466    10.8480    11.0801 1.0349e+02 0.0000e+00
     17.000     6.7386   3.262883    32.3251       3837     2.6639    10.9065    11.1577 1.2235e+02 0.0000e+00
     16.000     6.7511   3.263902    32.3251       3860     2.6801    10.9821    11.2332 1.5979e+02 0.0000e+00
     15.000     6.8049   3.268113    32.3210       3887     2.6985    11.0272    11.2373 1.8448e+02 0.0000e+00
     14.000     6.8289   3.270329    32.3232       3919     2.7209    11.0155    11.2564 2.0254e+02 0.0000e+00
     13.000     6.7796   3.266552    32.3287       3949     2.7419    11.0557    11.2801 2.2516e+02 0.0000e+00
     12.000     6.7840   3.266499    32.3244       3972     2.7574    11.0699    11.2544 2.7640e+02 0.0000e+00
     11.000     6.8543   3.272136    32.3205       3991     2.7709    11.0391    11.2247 3.9311e+02 0.0000e+00
     10.000     6.8573   3.272634    32.3236       4014     2.7867    11.0382    11.2525 4.0378e+02 0.0000e+00
      9.000     6.8524   3.272305    32.3250       4049     2.8109    11.0660    11.2632 4.7425e+02 0.0000e+00
      8.000     6.8339   3.270846    32.3270       4081     2.8335    11.0576    11.2279 5.6117e+02 0.0000e+00
      7.000     6.8512   3.272060    32.3245       4103     2.8488    11.0478    11.2230 6.9311e+02 0.0000e+00
      6.000     6.8621   3.273044    32.3255       4128     2.8660    11.0442    11.1932 7.8734e+02 0.0000e+00
      5.000     6.8632   3.273216    32.3268       4160     2.8884    11.0588    11.2245 9.5942e+02 0.0000e+00
      4.000     6.8608   3.272998    32.3272       4183     2.9045    11.0636    11.2350 1.2183e+03 0.0000e+00
      3.000     6.8625   3.273086    32.3270       4272     2.9661    10.9692    11.2064 1.5930e+03 0.0000e+00
