HB2502/ctd162.cnv
* Sea-Bird SBE 9 Data File:
* FileName = C:\cruise\data\ctd162.hex
* Software Version Seasave V 7.26.7.121
* Temperature SN = 6768
* Conductivity SN = 6166
* Number of Bytes Per Scan = 37
* Number of Voltage Words = 4
* Number of Scans Averaged by the Deck Unit = 1
* NMEA Latitude = 42 37.66 N
* NMEA Longitude = 069 41.69 W
* NMEA UTC (Time) = Apr 16 2025 17:30:50
* NMEA baud rate = 4800
** Ship: Bigelow HB2502
** Program:  Spring Bottom Trawl
** Chief Scientist:Jon Galbraith
# nquan = 7
# nvalues = 495                         
# units = specified
# name 0 = depSM: Depth [salt water, m]
# name 1 = t090C: Temperature [ITS-90, deg C]
# name 2 = c0S/m: Conductivity [S/m]
# name 3 = sal00: Salinity, Practical [PSU]
# name 4 = scan: Scan Count
# name 5 = timeM: Time, Elapsed [minutes]
# name 6 = flag: flag
# span 0 =      3.000,    250.000       
# span 1 =     5.2139,     7.6901       
# span 2 =   3.185252,   3.528669       
# span 3 =    32.8106,    34.2485       
# span 4 =         45,      15518       
# span 5 =     0.0307,    10.7757       
# span 6 = 0.0000e+00, 0.0000e+00       
# interval = meters: 1                  
# start_time = Apr 16 2025 17:30:50 [NMEA time, header]
# bad_flag = -9.990e-29
*END*
[from data line 411]
     86.000     5.2174   3.185736    32.8920      13046     9.0590 0.0000e+00
     85.000     5.2181   3.185531    32.8895      13076     9.0800 0.0000e+00
     84.000     5.2222   3.185370    32.8840      13103     9.0986 0.0000e+00
     83.000     5.2358   3.185847    32.8766      13134     9.1203 0.0000e+00
     82.000     5.2467   3.186419    32.8729      13176     9.1491 0.0000e+00
     81.000     5.2553   3.186769    32.8691      13212     9.1741 0.0000e+00
     80.000     5.2615   3.187008    32.8662      13241     9.1942 0.0000e+00
     79.000     5.2628   3.187044    32.8658      13270     9.2144 0.0000e+00
     78.000     5.2650   3.187121    32.8651      13301     9.2363 0.0000e+00
     77.000     5.2678   3.187247    32.8642      13339     9.2625 0.0000e+00
     76.000     5.2817   3.187983    32.8595      13373     9.2862 0.0000e+00
     75.000     5.3197   3.190041    32.8462      13403     9.3067 0.0000e+00
     74.000     5.3541   3.191713    32.8320      13430     9.3258 0.0000e+00
     73.000     5.3790   3.192903    32.8217      13463     9.3483 0.0000e+00
     72.000     5.3888   3.193297    32.8172      13501     9.3752 0.0000e+00
     71.000     5.3967   3.193617    32.8135      13532     9.3966 0.0000e+00
     70.000     5.4013   3.193745    32.8110      13559     9.4151 0.0000e+00
     69.000     5.3998   3.193538    32.8106      13587     9.4350 0.0000e+00
     68.000     5.4030   3.193824    32.8112      13620     9.4576 0.0000e+00
     67.000     5.4116   3.194590    32.8121      13653     9.4803 0.0000e+00
     66.000     5.4245   3.195755    32.8132      13683     9.5012 0.0000e+00
     65.000     5.4316   3.196420    32.8143      13715     9.5233 0.0000e+00
     64.000     5.4320   3.196430    32.8145      13751     9.5488 0.0000e+00
     63.000     5.4319   3.196377    32.8145      13780     9.5685 0.0000e+00
     62.000     5.4328   3.196387    32.8143      13803     9.5848 0.0000e+00
     61.000     5.4335   3.196407    32.8143      13828     9.6019 0.0000e+00
     60.000     5.4344   3.196417    32.8141      13870     9.6312 0.0000e+00
     59.000     5.4349   3.196419    32.8141      13908     9.6576 0.0000e+00
     58.000     5.4355   3.196429    32.8141      13928     9.6718 0.0000e+00
     57.000     5.4354   3.196369    32.8140      13948     9.6857 0.0000e+00
     56.000     5.4354   3.196302    32.8138      13979     9.7073 0.0000e+00
     55.000     5.4354   3.196271    32.8139      14027     9.7401 0.0000e+00
     54.000     5.4355   3.196241    32.8139      14051     9.7571 0.0000e+00
     53.000     5.4355   3.196214    32.8142      14071     9.7710 0.0000e+00
     52.000     5.4352   3.196114    32.8138      14094     9.7871 0.0000e+00
     51.000     5.4353   3.196087    32.8139      14133     9.8137 0.0000e+00
     50.000     5.4352   3.196031    32.8139      14171     9.8402 0.0000e+00
     49.000     5.4353   3.196000    32.8139      14195     9.8572 0.0000e+00
     48.000     5.4352   3.195961    32.8141      14219     9.8739 0.0000e+00
     47.000     5.4356   3.195935    32.8139      14246     9.8922 0.0000e+00
     46.000     5.4364   3.195968    32.8141      14272     9.9102 0.0000e+00
     45.000     5.4383   3.196070    32.8138      14301     9.9303 0.0000e+00
     44.000     5.4432   3.196350    32.8128      14335     9.9539 0.0000e+00
     43.000     5.4629   3.197888    32.8115      14364     9.9740 0.0000e+00
     42.000     5.4829   3.199592    32.8118      14388     9.9911 0.0000e+00
     41.000     5.4946   3.200539    32.8116      14413    10.0082 0.0000e+00
     40.000     5.5045   3.201422    32.8124      14440    10.0268 0.0000e+00
     39.000     5.5200   3.202719    32.8125      14470    10.0478 0.0000e+00
     38.000     5.5215   3.202821    32.8127      14502    10.0705 0.0000e+00
     37.000     5.5211   3.202762    32.8130      14533    10.0914 0.0000e+00
     36.000     5.5231   3.202892    32.8130      14556    10.1074 0.0000e+00
     35.000     5.5271   3.203231    32.8134      14575    10.1211 0.0000e+00
     34.000     5.5404   3.204303    32.8131      14596    10.1352 0.0000e+00
     33.000     5.5420   3.204438    32.8135      14625    10.1554 0.0000e+00
     32.000     5.5413   3.204340    32.8137      14670    10.1869 0.0000e+00
     31.000     5.5373   3.203993    32.8141      14697    10.2054 0.0000e+00
     30.000     5.5415   3.204257    32.8135      14716    10.2188 0.0000e+00
     29.000     5.5486   3.204834    32.8137      14735    10.2317 0.0000e+00
     28.000     5.5510   3.205035    32.8141      14758    10.2480 0.0000e+00
     27.000     5.5522   3.205108    32.8142      14793    10.2721 0.0000e+00
     26.000     5.5553   3.205339    32.8143      14823    10.2931 0.0000e+00
     25.000     5.5774   3.207120    32.8134      14846    10.3091 0.0000e+00
     24.000     5.6058   3.209447    32.8126      14868    10.3243 0.0000e+00
     23.000     5.6227   3.210973    32.8139      14894    10.3421 0.0000e+00
     22.000     5.6375   3.212264    32.8145      14927    10.3650 0.0000e+00
     21.000     5.6354   3.212029    32.8145      14956    10.3856 0.0000e+00
     20.000     5.6395   3.212389    32.8151      14978    10.4010 0.0000e+00
     19.000     5.6392   3.212325    32.8151      15000    10.4161 0.0000e+00
     18.000     5.6389   3.212283    32.8154      15026    10.4342 0.0000e+00
     17.000     5.6395   3.212271    32.8152      15055    10.4545 0.0000e+00
     16.000     5.6404   3.212311    32.8153      15081    10.4723 0.0000e+00
     15.000     5.6407   3.212301    32.8154      15104    10.4885 0.0000e+00
     14.000     5.6406   3.212273    32.8156      15130    10.5060 0.0000e+00
     13.000     5.6407   3.212216    32.8154      15157    10.5253 0.0000e+00
     12.000     5.6407   3.212184    32.8155      15184    10.5441 0.0000e+00
     11.000     5.6412   3.212160    32.8152      15210    10.5621 0.0000e+00
     10.000     5.6425   3.212222    32.8153      15237    10.5809 0.0000e+00
      9.000     5.6438   3.212295    32.8152      15263    10.5985 0.0000e+00
      8.000     5.6442   3.212306    32.8155      15286    10.6143 0.0000e+00
      7.000     5.6441   3.212243    32.8154      15311    10.6319 0.0000e+00
      6.000     5.6441   3.212234    32.8158      15344    10.6552 0.0000e+00
      5.000     5.6421   3.212027    32.8159      15369    10.6719 0.0000e+00
      4.000     5.6396   3.211795    32.8162      15387    10.6844 0.0000e+00
      3.000     5.6384   3.211631    32.8161      15518    10.7757 0.0000e+00
