HB2502/ctd198.cnv
* Sea-Bird SBE 9 Data File:
* FileName = C:\cruise\data\ctd198.hex
* Software Version Seasave V 7.26.7.121
* Temperature SN = 4591
* Conductivity SN = 6006
* Number of Bytes Per Scan = 37
* Number of Voltage Words = 4
* Number of Scans Averaged by the Deck Unit = 1
* NMEA Latitude = 42 47.23 N
* NMEA Longitude = 067 26.15 W
* NMEA UTC (Time) = May 09 2025 17:11:52
* NMEA baud rate = 4800
** Ship: Bigelow HB2502
** Program:  Spring Bottom Trawl
** Chief Scientist:Jon Galbraith
# nquan = 10
# nvalues = 481                         
# units = specified
# name 0 = depSM: Depth [salt water, m]
# name 1 = t090C: Temperature [ITS-90, deg C]
# name 2 = c0S/m: Conductivity [S/m]
# name 3 = sal00: Salinity, Practical [PSU]
# name 4 = scan: Scan Count
# name 5 = timeM: Time, Elapsed [minutes]
# name 6 = sbeox0Mg/L: Oxygen, SBE 43 [mg/l]
# name 7 = sbeox1Mg/L: Oxygen, SBE 43, 2 [mg/l]
# name 8 = par: PAR/Irradiance, Biospherical/Licor
# name 9 = flag: flag
# span 0 =      2.000,    243.000       
# span 1 =     5.4472,     8.4918       
# span 2 =   3.187211,   3.665069       
# span 3 =    32.2177,    34.8842       
# span 4 =        -84,      14012       
# span 5 =    -0.0594,     9.7296       
# span 6 =     5.7621,    10.2911       
# span 7 =     5.9377,    10.5202       
# span 8 = 1.0000e-12, 1.3548e+03       
# span 9 = 0.0000e+00, 0.0000e+00       
# interval = meters: 1                  
# start_time = May 09 2025 17:11:52 [NMEA time, header]
# bad_flag = -9.990e-29
*END*
[from data line 433]
     49.000     5.5385   3.189212    32.6363      12290     8.5339     8.9917     9.2977 2.6590e+00 0.0000e+00
     48.000     5.5586   3.188599    32.6103      12318     8.5537     9.0686     9.3650 2.9151e+00 0.0000e+00
     47.000     5.5633   3.188462    32.6047      12353     8.5779     9.2023     9.4508 3.2076e+00 0.0000e+00
     46.000     5.5856   3.187890    32.5772      12382     8.5980     9.2693     9.5025 3.5317e+00 0.0000e+00
     45.000     5.6153   3.187211    32.5412      12406     8.6147     9.2947     9.5217 3.9427e+00 0.0000e+00
     44.000     5.7636   3.190382    32.4346      12448     8.6436     9.3230     9.6105 4.3894e+00 0.0000e+00
     43.000     5.8883   3.196835    32.3878      12507     8.6849     9.5970     9.9487 4.6765e+00 0.0000e+00
     42.000     5.8961   3.197184    32.3848      12524     8.6967     9.7115    10.0309 5.1051e+00 0.0000e+00
     41.000     5.9419   3.199917    32.3720      12540     8.7073     9.7840    10.0443 5.6201e+00 0.0000e+00
     40.000     5.9884   3.202513    32.3571      12555     8.7179     9.8115    10.0452 6.2285e+00 0.0000e+00
     39.000     6.0213   3.205252    32.3568      12575     8.7317     9.7844    10.0607 6.9666e+00 0.0000e+00
     38.000     6.0495   3.207767    32.3585      12641     8.7780     9.8390    10.1168 7.8940e+00 0.0000e+00
     37.000     6.0569   3.207598    32.3500      12676     8.8018     9.9074    10.1219 8.7885e+00 0.0000e+00
     36.000     6.1863   3.216351    32.3248      12694     8.8148     9.8776    10.0782 9.8869e+00 0.0000e+00
     35.000     6.3624   3.231280    32.3237      12715     8.8289     9.8316    10.0569 1.1155e+01 0.0000e+00
     34.000     6.4792   3.243315    32.3467      12750     8.8537     9.8600    10.2166 1.2393e+01 0.0000e+00
     33.000     6.5319   3.248343    32.3528      12798     8.8872    10.0464    10.3865 1.3395e+01 0.0000e+00
     32.000     6.6376   3.254611    32.3224      12820     8.9020    10.1099    10.3879 1.5013e+01 0.0000e+00
     31.000     6.8502   3.268396    32.2738      12837     8.9142    10.0749    10.3710 1.7127e+01 0.0000e+00
     30.000     6.8853   3.271072    32.2706      12856     8.9270    10.1088    10.4488 1.9801e+01 0.0000e+00
     29.000     6.9227   3.273098    32.2581      12887     8.9488    10.1662    10.5024 2.2932e+01 0.0000e+00
     28.000     6.9357   3.274124    32.2575      12948     8.9907    10.2196    10.4754 2.5808e+01 0.0000e+00
     27.000     6.9588   3.274777    32.2435      12973     9.0085    10.2012    10.4593 2.8958e+01 0.0000e+00
     26.000     6.9617   3.275002    32.2438      12996     9.0242    10.1963    10.4675 3.2817e+01 0.0000e+00
     25.000     6.9819   3.275829    32.2343      13023     9.0432    10.2052    10.4725 3.5984e+01 0.0000e+00
     24.000     6.9872   3.276078    32.2325      13052     9.0629    10.1891    10.4794 3.8798e+01 0.0000e+00
     23.000     6.9901   3.276165    32.2313      13074     9.0782    10.2118    10.4844 4.3525e+01 0.0000e+00
     22.000     6.9876   3.276111    32.2335      13093     9.0920    10.2081    10.4903 5.0089e+01 0.0000e+00
     21.000     6.9900   3.276234    32.2331      13117     9.1084    10.1712    10.4860 5.9024e+01 0.0000e+00
     20.000     7.0090   3.277075    32.2249      13161     9.1392    10.2414    10.4719 6.9218e+01 0.0000e+00
     19.000     7.0214   3.277589    32.2194      13207     9.1706    10.2572    10.4797 7.4810e+01 0.0000e+00
     18.000     7.0232   3.277616    32.2185      13229     9.1861    10.2256    10.4863 8.1118e+01 0.0000e+00
     17.000     7.0258   3.277731    32.2177      13248     9.1992    10.2268    10.4925 9.1777e+01 0.0000e+00
     16.000     7.0261   3.277754    32.2182      13267     9.2126    10.2399    10.5016 1.0431e+02 0.0000e+00
     15.000     7.0275   3.277865    32.2185      13289     9.2280    10.2440    10.5068 1.1464e+02 0.0000e+00
     14.000     7.0287   3.277977    32.2192      13321     9.2497    10.2336    10.5070 1.4491e+02 0.0000e+00
     13.000     7.0313   3.278160    32.2192      13356     9.2741    10.2552    10.5115 1.6456e+02 0.0000e+00
     12.000     7.0321   3.278183    32.2192      13382     9.2923    10.2765    10.5169 1.8521e+02 0.0000e+00
     11.000     7.0313   3.278126    32.2198      13405     9.3085    10.2742    10.5202 2.0944e+02 0.0000e+00
     10.000     7.0343   3.278356    32.2199      13433     9.3275    10.2883    10.5103 2.4492e+02 0.0000e+00
      9.000     7.0367   3.278492    32.2196      13463     9.3487    10.2845    10.5099 2.8497e+02 0.0000e+00
      8.000     7.0370   3.278464    32.2196      13488     9.3661    10.2615    10.5141 3.2764e+02 0.0000e+00
      7.000     7.0364   3.278384    32.2197      13511     9.3819    10.2283    10.5134 3.9876e+02 0.0000e+00
      6.000     7.0366   3.278393    32.2201      13536     9.3995    10.2274    10.5168 4.7462e+02 0.0000e+00
      5.000     7.0376   3.278492    32.2207      13562     9.4173    10.2365    10.5058 5.6276e+02 0.0000e+00
      4.000     7.0363   3.278330    32.2206      13588     9.4357    10.2330    10.5075 6.6321e+02 0.0000e+00
      3.000     7.0363   3.278317    32.2210      13640     9.4712    10.2448    10.4830 8.5538e+02 0.0000e+00
      2.000     7.0347   3.278243    32.2221      14012     9.7296    10.2442    10.5102 1.3548e+03 0.0000e+00
