HB2502/ctd159.cnv
* Sea-Bird SBE 9 Data File:
* FileName = C:\cruise\data\ctd159.hex
* Software Version Seasave V 7.26.7.121
* Temperature SN = 6768
* Conductivity SN = 6166
* Number of Bytes Per Scan = 37
* Number of Voltage Words = 4
* Number of Scans Averaged by the Deck Unit = 1
* NMEA Latitude = 42 28.25 N
* NMEA Longitude = 069 05.83 W
* NMEA UTC (Time) = Apr 16 2025 04:47:51
* NMEA baud rate = 4800
** Ship: Bigelow HB2502
** Program:  Spring Bottom Trawl
** Chief Scientist:Jon Galbraith
# nquan = 7
# nvalues = 441                         
# units = specified
# name 0 = depSM: Depth [salt water, m]
# name 1 = t090C: Temperature [ITS-90, deg C]
# name 2 = c0S/m: Conductivity [S/m]
# name 3 = sal00: Salinity, Practical [PSU]
# name 4 = scan: Scan Count
# name 5 = timeM: Time, Elapsed [minutes]
# name 6 = flag: flag
# span 0 =      1.000,    222.000       
# span 1 =     5.1733,     7.3831       
# span 2 =   1.964595,   3.493696       
# span 3 =    19.7157,    34.1263       
# span 4 =        169,      14121       
# span 5 =     0.1167,     9.8055       
# span 6 = 0.0000e+00, 0.0000e+00       
# interval = meters: 1                  
# start_time = Apr 16 2025 04:47:51 [NMEA time, header]
# bad_flag = -9.990e-29
*END*
      3.000     5.4808   3.225195    33.1247        169     0.1167 0.0000e+00
      4.000     5.4413   3.202623    32.9062        377     0.2608 0.0000e+00
      5.000     5.4439   3.196012    32.8279        400     0.2772 0.0000e+00
      6.000     5.4440   3.194748    32.8129        428     0.2963 0.0000e+00
      7.000     5.4442   3.194065    32.8045        454     0.3147 0.0000e+00
      8.000     5.4438   3.194090    32.8046        480     0.3326 0.0000e+00
      9.000     5.4439   3.199044    32.8604        569     0.3942 0.0000e+00
     10.000     5.4454   3.195802    32.8214        673     0.4664 0.0000e+00
     11.000     5.4466   3.193890    32.7980        705     0.4887 0.0000e+00
     12.000     5.4456   3.193450    32.7935        731     0.5071 0.0000e+00
     13.000     5.4442   3.193488    32.7948        757     0.5247 0.0000e+00
     14.000     5.4438   3.193931    32.7998        788     0.5465 0.0000e+00
     15.000     5.4456   3.193278    32.7900        819     0.5679 0.0000e+00
     16.000     5.4544   3.193174    32.7798        841     0.5835 0.0000e+00
     17.000     5.4629   3.193492    32.7746        862     0.5981 0.0000e+00
     18.000     5.4630   3.194388    32.7841        888     0.6160 0.0000e+00
     19.000     5.4640   3.195222    32.7922        922     0.6396 0.0000e+00
     20.000     5.4627   3.194525    32.7849        951     0.6599 0.0000e+00
     21.000     5.4604   3.194515    32.7867        975     0.6767 0.0000e+00
     22.000     5.4590   3.194810    32.7908       1000     0.6938 0.0000e+00
     23.000     5.4587   3.195263    32.7958       1028     0.7131 0.0000e+00
     24.000     5.4593   3.194833    32.7898       1054     0.7315 0.0000e+00
     25.000     5.4598   3.194702    32.7874       1077     0.7473 0.0000e+00
     26.000     5.4585   3.194933    32.7908       1100     0.7634 0.0000e+00
     27.000     5.4582   3.195976    32.8024       1131     0.7845 0.0000e+00
     28.000     5.4539   3.195740    32.8034       1166     0.8090 0.0000e+00
     29.000     5.4433   3.194860    32.8033       1191     0.8267 0.0000e+00
     30.000     5.4281   3.194031    32.8082       1212     0.8411 0.0000e+00
     31.000     5.4080   3.193732    32.8240       1235     0.8566 0.0000e+00
     32.000     5.3847   3.193656    32.8454       1266     0.8784 0.0000e+00
     33.000     5.3788   3.192696    32.8398       1299     0.9015 0.0000e+00
     34.000     5.3752   3.191400    32.8280       1322     0.9172 0.0000e+00
     35.000     5.3721   3.190611    32.8215       1342     0.9316 0.0000e+00
     36.000     5.3702   3.190635    32.8231       1367     0.9488 0.0000e+00
     37.000     5.3693   3.190588    32.8229       1402     0.9726 0.0000e+00
     38.000     5.3689   3.190067    32.8170       1432     0.9936 0.0000e+00
     39.000     5.3687   3.189707    32.8126       1454     1.0092 0.0000e+00
     40.000     5.3681   3.189729    32.8128       1476     1.0242 0.0000e+00
     41.000     5.3676   3.189811    32.8138       1503     1.0432 0.0000e+00
     42.000     5.3672   3.189775    32.8133       1535     1.0651 0.0000e+00
     43.000     5.3667   3.189520    32.8104       1561     1.0836 0.0000e+00
     44.000     5.3662   3.189466    32.8098       1584     1.0993 0.0000e+00
     45.000     5.3655   3.189470    32.8099       1610     1.1176 0.0000e+00
     46.000     5.3652   3.189495    32.8100       1642     1.1397 0.0000e+00
     47.000     5.3652   3.189124    32.8053       1670     1.1588 0.0000e+00
     48.000     5.3651   3.188683    32.7999       1693     1.1748 0.0000e+00
     49.000     5.3648   3.188481    32.7973       1716     1.1911 0.0000e+00
     50.000     5.3647   3.188322    32.7951       1744     1.2104 0.0000e+00
     51.000     5.3642   3.188172    32.7934       1773     1.2304 0.0000e+00
     52.000     5.3639   3.188041    32.7917       1800     1.2491 0.0000e+00
     53.000     5.3636   3.187965    32.7906       1827     1.2684 0.0000e+00
     54.000     5.3637   3.187929    32.7896       1856     1.2883 0.0000e+00
     55.000     5.3636   3.187932    32.7892       1881     1.3055 0.0000e+00
     56.000     5.3636   3.187951    32.7889       1903     1.3209 0.0000e+00
     57.000     5.3635   3.187993    32.7890       1927     1.3377 0.0000e+00
     58.000     5.3635   3.188036    32.7891       1958     1.3592 0.0000e+00
     59.000     5.3633   3.188092    32.7893       1991     1.3819 0.0000e+00
     60.000     5.3633   3.188155    32.7896       2017     1.4000 0.0000e+00
     61.000     5.3632   3.188222    32.7899       2040     1.4160 0.0000e+00
     62.000     5.3626   3.188307    32.7910       2064     1.4328 0.0000e+00
     63.000     5.3615   3.188351    32.7921       2091     1.4515 0.0000e+00
     64.000     5.3609   3.188406    32.7927       2119     1.4706 0.0000e+00
     65.000     5.3606   3.188537    32.7941       2144     1.4882 0.0000e+00
     66.000     5.3600   3.189240    32.8022       2170     1.5065 0.0000e+00
     67.000     5.3602   3.190043    32.8106       2200     1.5271 0.0000e+00
     68.000     5.3602   3.190544    32.8157       2229     1.5471 0.0000e+00
     69.000     5.3603   3.190945    32.8197       2255     1.5652 0.0000e+00
     70.000     5.3612   3.192939    32.8411       2281     1.5831 0.0000e+00
     71.000     5.3495   3.193964    32.8637       2307     1.6013 0.0000e+00
     72.000     5.3432   3.193913    32.8688       2334     1.6202 0.0000e+00
     73.000     5.3383   3.193771    32.8715       2361     1.6388 0.0000e+00
     74.000     5.3460   3.195221    32.8799       2386     1.6565 0.0000e+00
     75.000     5.3526   3.197123    32.8946       2413     1.6748 0.0000e+00
     76.000     5.3378   3.196400    32.9004       2440     1.6940 0.0000e+00
     77.000     5.3004   3.194128    32.9108       2469     1.7138 0.0000e+00
     78.000     5.2381   3.189573    32.9195       2496     1.7330 0.0000e+00
     79.000     5.2110   3.187467    32.9215       2523     1.7511 0.0000e+00
     80.000     5.1919   3.185716    32.9199       2548     1.7691 0.0000e+00
     81.000     5.1809   3.184786    32.9195       2575     1.7874 0.0000e+00
     82.000     5.1733   3.184285    32.9208       2601     1.8056 0.0000e+00
     83.000     5.1775   3.184915    32.9233       2629     1.8247 0.0000e+00
     84.000     5.1905   3.186509    32.9282       2659     1.8458 0.0000e+00
     85.000     5.2121   3.189129    32.9365       2686     1.8643 0.0000e+00
     86.000     5.2274   3.191196    32.9446       2708     1.8801 0.0000e+00
     87.000     5.2439   3.193129    32.9498       2733     1.8971 0.0000e+00
     88.000     5.2625   3.195290    32.9558       2763     1.9181 0.0000e+00
     89.000     5.2807   3.197440    32.9618       2792     1.9382 0.0000e+00
     90.000     5.2874   3.198257    32.9641       2817     1.9555 0.0000e+00
     91.000     5.2912   3.198746    32.9654       2844     1.9746 0.0000e+00
     92.000     5.3103   3.200907    32.9708       2874     1.9953 0.0000e+00
     93.000     5.3245   3.202556    32.9752       2901     2.0136 0.0000e+00
     94.000     5.3512   3.205573    32.9828       2926     2.0311 0.0000e+00
     95.000     5.3765   3.208597    32.9918       2953     2.0503 0.0000e+00
     96.000     5.3955   3.210832    32.9981       2981     2.0694 0.0000e+00
     97.000     5.4146   3.213158    33.0053       3006     2.0866 0.0000e+00
     98.000     5.4785   3.220657    33.0272       3031     2.1040 0.0000e+00
     99.000     5.5101   3.224636    33.0409       3060     2.1242 0.0000e+00
    100.000     5.5345   3.227522    33.0491       3089     2.1445 0.0000e+00
    101.000     5.6670   3.242614    33.0894       3116     2.1633 0.0000e+00
    102.000     5.6785   3.244236    33.0960       3144     2.1827 0.0000e+00
    103.000     5.7091   3.247756    33.1052       3171     2.2014 0.0000e+00
    104.000     5.7395   3.251395    33.1160       3197     2.2193 0.0000e+00
    105.000     5.7457   3.252223    33.1187       3224     2.2383 0.0000e+00
    106.000     5.7469   3.252482    33.1200       3252     2.2580 0.0000e+00
    107.000     5.7963   3.258409    33.1379       3280     2.2768 0.0000e+00
    108.000     5.8281   3.262435    33.1515       3306     2.2954 0.0000e+00
    109.000     5.8392   3.263985    33.1576       3333     2.3141 0.0000e+00
    110.000     5.8562   3.266172    33.1651       3360     2.3327 0.0000e+00
    111.000     5.8892   3.270374    33.1795       3387     2.3514 0.0000e+00
    112.000     5.9058   3.272600    33.1877       3415     2.3705 0.0000e+00
    113.000     5.9204   3.274540    33.1947       3441     2.3886 0.0000e+00
    114.000     5.9730   3.281264    33.2182       3466     2.4062 0.0000e+00
    115.000     6.0224   3.287276    33.2367       3498     2.4287 0.0000e+00
    116.000     6.0499   3.290630    33.2468       3532     2.4524 0.0000e+00
    117.000     6.0640   3.292380    33.2521       3556     2.4688 0.0000e+00
    118.000     6.1004   3.296613    33.2633       3576     2.4830 0.0000e+00
    119.000     6.1863   3.306367    33.2877       3600     2.4991 0.0000e+00
    120.000     6.2808   3.318196    33.3267       3632     2.5217 0.0000e+00
    121.000     6.3435   3.327344    33.3667       3664     2.5440 0.0000e+00
    122.000     6.3539   3.329479    33.3798       3689     2.5612 0.0000e+00
    123.000     6.3544   3.329885    33.3833       3713     2.5780 0.0000e+00
    124.000     6.3579   3.330590    33.3872       3740     2.5963 0.0000e+00
    125.000     6.3615   3.331331    33.3914       3769     2.6164 0.0000e+00
    126.000     6.3726   3.332821    33.3966       3799     2.6374 0.0000e+00
    127.000     6.3765   3.333381    33.3986       3825     2.6557 0.0000e+00
    128.000     6.3827   3.334185    33.4009       3848     2.6718 0.0000e+00
    129.000     6.3882   3.334917    33.4031       3873     2.6892 0.0000e+00
    130.000     6.3903   3.335229    33.4041       3904     2.7108 0.0000e+00
    131.000     6.4049   3.336893    33.4078       3935     2.7323 0.0000e+00
    132.000     6.4131   3.337881    33.4102       3961     2.7499 0.0000e+00
    133.000     6.4201   3.338746    33.4125       3985     2.7663 0.0000e+00
    134.000     6.4251   3.339652    33.4172       4010     2.7841 0.0000e+00
    135.000     6.4333   3.341353    33.4276       4038     2.8037 0.0000e+00
    136.000     6.4354   3.342564    33.4384       4067     2.8235 0.0000e+00
    137.000     6.4426   3.343992    33.4467       4095     2.8430 0.0000e+00
    138.000     6.4507   3.345238    33.4521       4122     2.8618 0.0000e+00
    139.000     6.4906   3.350909    33.4755       4149     2.8803 0.0000e+00
    140.000     6.5057   3.353148    33.4850       4177     2.8999 0.0000e+00
    141.000     6.5088   3.354041    33.4913       4203     2.9182 0.0000e+00
    142.000     6.5225   3.356579    33.5056       4226     2.9341 0.0000e+00
    143.000     6.5410   3.359475    33.5191       4252     2.9519 0.0000e+00
    144.000     6.5612   3.362490    33.5322       4285     2.9750 0.0000e+00
    145.000     6.6256   3.371901    33.5726       4314     2.9954 0.0000e+00
    146.000     6.6305   3.372761    33.5768       4337     3.0114 0.0000e+00
    147.000     6.6312   3.372952    33.5777       4362     3.0283 0.0000e+00
    148.000     6.6465   3.375256    33.5877       4391     3.0487 0.0000e+00
    149.000     6.6564   3.376777    33.5943       4421     3.0696 0.0000e+00
    150.000     6.6581   3.377120    33.5960       4447     3.0872 0.0000e+00
    151.000     6.6678   3.378474    33.6008       4471     3.1040 0.0000e+00
    152.000     6.6955   3.382243    33.6149       4499     3.1237 0.0000e+00
    153.000     6.7152   3.385039    33.6259       4528     3.1438 0.0000e+00
    154.000     6.7360   3.387902    33.6366       4553     3.1610 0.0000e+00
    155.000     6.7458   3.389307    33.6420       4579     3.1788 0.0000e+00
    156.000     6.7696   3.392508    33.6534       4609     3.2002 0.0000e+00
    157.000     6.7943   3.395753    33.6644       4639     3.2205 0.0000e+00
    158.000     6.8136   3.398430    33.6746       4664     3.2382 0.0000e+00
    159.000     6.8241   3.399890    33.6798       4689     3.2556 0.0000e+00
    160.000     6.8362   3.401531    33.6855       4716     3.2741 0.0000e+00
    161.000     6.8464   3.402873    33.6898       4743     3.2931 0.0000e+00
    162.000     6.8575   3.404375    33.6949       4769     3.3114 0.0000e+00
    163.000     6.8705   3.406073    33.7003       4796     3.3298 0.0000e+00
    164.000     6.8760   3.406877    33.7033       4821     3.3474 0.0000e+00
    165.000     6.8819   3.407763    33.7068       4848     3.3658 0.0000e+00
    166.000     6.9057   3.410960    33.7181       4880     3.3883 0.0000e+00
    167.000     6.9171   3.412594    33.7243       4911     3.4099 0.0000e+00
    168.000     6.9336   3.414943    33.7334       4934     3.4257 0.0000e+00
    169.000     6.9652   3.420802    33.7662       4954     3.4398 0.0000e+00
    170.000     6.9842   3.424303    33.7855       4978     3.4563 0.0000e+00
    171.000     6.9882   3.425045    33.7893       5009     3.4777 0.0000e+00
    172.000     7.0375   3.433004    33.8275       5040     3.4990 0.0000e+00
    173.000     7.0693   3.437831    33.8487       5066     3.5173 0.0000e+00
    174.000     7.1052   3.443052    33.8701       5091     3.5347 0.0000e+00
    175.000     7.1161   3.444650    33.8764       5118     3.5532 0.0000e+00
    176.000     7.1278   3.446257    33.8820       5149     3.5747 0.0000e+00
    177.000     7.1327   3.446977    33.8846       5178     3.5954 0.0000e+00
    178.000     7.1337   3.447176    33.8853       5201     3.6113 0.0000e+00
    179.000     7.1391   3.448097    33.8895       5221     3.6253 0.0000e+00
    180.000     7.1448   3.449070    33.8941       5245     3.6418 0.0000e+00
    181.000     7.1534   3.450661    33.9025       5278     3.6648 0.0000e+00
    182.000     7.1578   3.451404    33.9058       5311     3.6875 0.0000e+00
    183.000     7.1606   3.451851    33.9075       5336     3.7050 0.0000e+00
    184.000     7.1597   3.451905    33.9084       5359     3.7209 0.0000e+00
    185.000     7.1609   3.452163    33.9096       5387     3.7400 0.0000e+00
    186.000     7.1647   3.452740    33.9117       5418     3.7620 0.0000e+00
    187.000     7.1719   3.453812    33.9159       5444     3.7801 0.0000e+00
    188.000     7.1839   3.455745    33.9247       5467     3.7958 0.0000e+00
    189.000     7.2080   3.459322    33.9395       5491     3.8127 0.0000e+00
    190.000     7.2090   3.459568    33.9407       5523     3.8346 0.0000e+00
    191.000     7.2064   3.459202    33.9389       5556     3.8575 0.0000e+00
    192.000     7.2062   3.459263    33.9392       5582     3.8758 0.0000e+00
    193.000     7.2511   3.465608    33.9638       5606     3.8921 0.0000e+00
    194.000     7.2593   3.466985    33.9702       5632     3.9103 0.0000e+00
    195.000     7.2587   3.466950    33.9700       5663     3.9320 0.0000e+00
    196.000     7.2653   3.467978    33.9742       5694     3.9533 0.0000e+00
    197.000     7.2692   3.468755    33.9784       5722     3.9726 0.0000e+00
    198.000     7.2734   3.469866    33.9858       5748     3.9910 0.0000e+00
    199.000     7.2850   3.472145    33.9988       5773     4.0083 0.0000e+00
    200.000     7.3509   3.481438    34.0347       5800     4.0272 0.0000e+00
    201.000     7.3661   3.484112    34.0483       5831     4.0489 0.0000e+00
    202.000     7.3658   3.484210    34.0492       5861     4.0696 0.0000e+00
    203.000     7.3630   3.484711    34.0569       5887     4.0873 0.0000e+00
    204.000     7.3619   3.486063    34.0722       5915     4.1071 0.0000e+00
    205.000     7.3715   3.487337    34.0761       5948     4.1295 0.0000e+00
    206.000     7.3749   3.488163    34.0813       5974     4.1479 0.0000e+00
    207.000     7.3533   3.486390    34.0827       5998     4.1643 0.0000e+00
