HB2502/ctd185.cnv
* Sea-Bird SBE 9 Data File:
* FileName = C:\cruise\data\ctd185.hex
* Software Version Seasave V 7.26.7.121
* Temperature SN = 4591
* Conductivity SN = 6006
* Number of Bytes Per Scan = 37
* Number of Voltage Words = 4
* Number of Scans Averaged by the Deck Unit = 1
* NMEA Latitude = 42 31.64 N
* NMEA Longitude = 066 29.91 W
* NMEA UTC (Time) = May 06 2025 21:49:00
* NMEA baud rate = 4800
** Ship: Bigelow HB2502
** Program:  Spring Bottom Trawl
** Chief Scientist:Jon Galbraith
# nquan = 10
# nvalues = 472                         
# units = specified
# name 0 = depSM: Depth [salt water, m]
# name 1 = t090C: Temperature [ITS-90, deg C]
# name 2 = c0S/m: Conductivity [S/m]
# name 3 = sal00: Salinity, Practical [PSU]
# name 4 = scan: Scan Count
# name 5 = timeM: Time, Elapsed [minutes]
# name 6 = sbeox0Mg/L: Oxygen, SBE 43 [mg/l]
# name 7 = sbeox1Mg/L: Oxygen, SBE 43, 2 [mg/l]
# name 8 = par: PAR/Irradiance, Biospherical/Licor
# name 9 = flag: flag
# span 0 =      3.000,    239.000       
# span 1 =     5.3536,    10.2373       
# span 2 =   3.165502,   3.807132       
# span 3 =    31.7952,    35.0491       
# span 4 =        119,      13924       
# span 5 =     0.0819,     9.6688       
# span 6 =     5.4238,    10.4301       
# span 7 =     5.5704,    10.5950       
# span 8 = -4.930e-05, 9.5367e+01       
# span 9 = 0.0000e+00, 0.0000e+00       
# interval = meters: 1                  
# start_time = May 06 2025 21:49:00 [NMEA time, header]
# bad_flag = -9.990e-29
*END*
      4.000     6.3026   3.182698    31.8564        119     0.0819    10.2445    10.5071 9.5367e+01 0.0000e+00
      5.000     6.1803   3.166877    31.7952        243     0.1680    10.1686    10.5132 7.7120e+01 0.0000e+00
      6.000     6.2917   3.176992    31.8028        260     0.1798    10.1976    10.4652 6.8837e+01 0.0000e+00
      7.000     6.5094   3.198671    31.8386        280     0.1936    10.1979    10.4405 6.2428e+01 0.0000e+00
      8.000     6.4671   3.200266    31.8952        299     0.2066    10.2328    10.5060 5.0468e+01 0.0000e+00
      9.000     6.4535   3.198767    31.8908        319     0.2209    10.2784    10.5413 4.4782e+01 0.0000e+00
     10.000     6.4130   3.192984    31.8644        345     0.2391    10.3109    10.5040 3.8518e+01 0.0000e+00
     11.000     6.6497   3.218628    31.9252        385     0.2664    10.2240    10.4468 3.4976e+01 0.0000e+00
     12.000     6.8013   3.238316    31.9994        426     0.2950    10.2669    10.5819 3.1033e+01 0.0000e+00
     13.000     6.9214   3.250745    32.0229        452     0.3132    10.2979    10.5581 2.8603e+01 0.0000e+00
     14.000     6.9620   3.257429    32.0575        472     0.3272    10.3084    10.5188 2.5766e+01 0.0000e+00
     15.000     6.9725   3.259314    32.0678        491     0.3401    10.3311    10.5395 2.2657e+01 0.0000e+00
     16.000     6.9945   3.261952    32.0756        510     0.3532    10.3226    10.5268 1.9775e+01 0.0000e+00
     17.000     7.0377   3.266980    32.0896        534     0.3698    10.3005    10.4996 1.7370e+01 0.0000e+00
     18.000     7.0576   3.270295    32.1066        574     0.3976    10.2668    10.5178 1.5395e+01 0.0000e+00
     19.000     7.0524   3.270921    32.1178        626     0.4338    10.2630    10.5119 1.4052e+01 0.0000e+00
     20.000     7.0551   3.271738    32.1237        655     0.4543    10.2964    10.5075 1.2897e+01 0.0000e+00
     21.000     7.0668   3.272935    32.1254        674     0.4674    10.3349    10.5154 1.1628e+01 0.0000e+00
     22.000     7.0770   3.274459    32.1320        690     0.4788    10.3345    10.5170 1.0359e+01 0.0000e+00
     23.000     7.0825   3.275102    32.1333        707     0.4902    10.3041    10.5261 9.1990e+00 0.0000e+00
     24.000     7.0773   3.275370    32.1406        729     0.5056    10.2753    10.5211 8.2063e+00 0.0000e+00
     25.000     7.0396   3.272592    32.1451        764     0.5300    10.2727    10.5017 7.3774e+00 0.0000e+00
     26.000     7.0258   3.271288    32.1433        805     0.5584    10.2515    10.5091 6.6379e+00 0.0000e+00
     27.000     7.0232   3.271096    32.1432        839     0.5817    10.2640    10.5155 5.9200e+00 0.0000e+00
     28.000     7.0226   3.271292    32.1454        866     0.6010    10.2494    10.5027 5.3484e+00 0.0000e+00
     29.000     7.0211   3.271181    32.1451        891     0.6182    10.2792    10.4993 4.8656e+00 0.0000e+00
     30.000     7.0216   3.272509    32.1586        915     0.6348    10.3083    10.4904 4.4393e+00 0.0000e+00
     31.000     7.0537   3.283272    32.2454        939     0.6517    10.2689    10.4723 3.9982e+00 0.0000e+00
     32.000     6.9708   3.280672    32.2943        965     0.6694    10.2775    10.5186 3.6279e+00 0.0000e+00
     33.000     6.9409   3.278095    32.2937        993     0.6892    10.2960    10.4856 3.2555e+00 0.0000e+00
     34.000     6.8928   3.274399    32.2980       1025     0.7114    10.2927    10.4737 2.9361e+00 0.0000e+00
     35.000     6.8403   3.269830    32.2970       1058     0.7342    10.2825    10.4717 2.7056e+00 0.0000e+00
     36.000     6.8171   3.267734    32.2953       1090     0.7563    10.2823    10.4659 2.4824e+00 0.0000e+00
     37.000     6.7581   3.263761    32.3068       1117     0.7752    10.3003    10.4939 2.2907e+00 0.0000e+00
     38.000     6.7320   3.261455    32.3057       1140     0.7908    10.2893    10.4727 2.0871e+00 0.0000e+00
     39.000     6.7256   3.262665    32.3245       1164     0.8074    10.2572    10.4672 1.9009e+00 0.0000e+00
     40.000     6.7195   3.263008    32.3336       1195     0.8290    10.2635    10.4838 1.7329e+00 0.0000e+00
     41.000     6.6666   3.259624    32.3458       1227     0.8517    10.3078    10.5157 1.6079e+00 0.0000e+00
     42.000     6.6327   3.257271    32.3515       1257     0.8721    10.3375    10.5151 1.4559e+00 0.0000e+00
     43.000     6.5549   3.251909    32.3655       1284     0.8910    10.3648    10.5374 1.3262e+00 0.0000e+00
     44.000     6.4801   3.246088    32.3717       1309     0.9084    10.3664    10.5333 1.2121e+00 0.0000e+00
     45.000     6.4350   3.242743    32.3770       1335     0.9267    10.3351    10.5038 1.1149e+00 0.0000e+00
     46.000     6.4106   3.240962    32.3799       1370     0.9505    10.3046    10.5023 1.0226e+00 0.0000e+00
     47.000     6.3239   3.235858    32.4053       1405     0.9752    10.3544    10.5485 9.4722e-01 0.0000e+00
     48.000     6.0878   3.219129    32.4439       1429     0.9919    10.4105    10.5950 8.6994e-01 0.0000e+00
     49.000     5.8070   3.201200    32.5120       1449     1.0056    10.4301    10.5756 7.8936e-01 0.0000e+00
     50.000     5.4995   3.178481    32.5519       1469     1.0195    10.4135    10.5246 7.0701e-01 0.0000e+00
     51.000     5.3937   3.172897    32.5908       1505     1.0446    10.2186    10.2519 6.4991e-01 0.0000e+00
     52.000     5.3600   3.174243    32.6383       1561     1.0833     9.9240    10.0717 6.0744e-01 0.0000e+00
     53.000     5.3536   3.176024    32.6644       1581     1.0972     9.8856    10.1047 5.5252e-01 0.0000e+00
     54.000     5.3587   3.176707    32.6667       1597     1.1084     9.8881    10.1100 5.1088e-01 0.0000e+00
     55.000     5.3643   3.177876    32.6740       1613     1.1193     9.8832    10.0925 4.6430e-01 0.0000e+00
     56.000     5.3814   3.180295    32.6844       1633     1.1337     9.8481    10.0744 4.1809e-01 0.0000e+00
     57.000     5.4181   3.184346    32.6942       1676     1.1632     9.8743    10.1099 3.8514e-01 0.0000e+00
     58.000     5.4455   3.187080    32.6981       1715     1.1903     9.8869    10.1094 3.5496e-01 0.0000e+00
     59.000     5.4649   3.189025    32.7008       1740     1.2075     9.8793    10.0913 3.3152e-01 0.0000e+00
     60.000     5.4857   3.190966    32.7021       1764     1.2242     9.8577    10.0783 3.0081e-01 0.0000e+00
     61.000     5.4928   3.192274    32.7095       1790     1.2421     9.8669    10.0703 2.8343e-01 0.0000e+00
     62.000     5.5117   3.196140    32.7345       1814     1.2593     9.8695    10.0595 2.6215e-01 0.0000e+00
     63.000     5.5117   3.198737    32.7634       1838     1.2759     9.8555    10.0324 2.3378e-01 0.0000e+00
     64.000     5.5731   3.206710    32.7934       1867     1.2956     9.7668     9.9643 2.1004e-01 0.0000e+00
     65.000     5.5994   3.211763    32.8245       1903     1.3211     9.7231     9.9184 1.8557e-01 0.0000e+00
     66.000     5.5707   3.209577    32.8272       1936     1.3436     9.5974     9.7674 1.7097e-01 0.0000e+00
     67.000     5.5691   3.210477    32.8386       1961     1.3611     9.4051     9.5771 1.5841e-01 0.0000e+00
     68.000     5.5786   3.211748    32.8431       1983     1.3767     9.3666     9.5544 1.4559e-01 0.0000e+00
     69.000     5.5641   3.210817    32.8463       2007     1.3931     9.4099     9.5878 1.3163e-01 0.0000e+00
     70.000     5.5689   3.211334    32.8469       2036     1.4129     9.3888     9.5614 1.1598e-01 0.0000e+00
     71.000     5.5867   3.213707    32.8559       2068     1.4353     9.3315     9.5424 1.0496e-01 0.0000e+00
     72.000     5.5712   3.213085    32.8635       2100     1.4574     9.3709     9.5637 9.4352e-02 0.0000e+00
     73.000     5.5682   3.213153    32.8667       2129     1.4779     9.3269     9.5101 8.7495e-02 0.0000e+00
     74.000     5.5766   3.214988    32.8788       2155     1.4959     9.2781     9.4784 7.8476e-02 0.0000e+00
     75.000     5.5852   3.216372    32.8856       2180     1.5133     9.2884     9.5019 6.5181e-02 0.0000e+00
     76.000     5.6010   3.217995    32.8880       2207     1.5321     9.2911     9.4757 5.8061e-02 0.0000e+00
     77.000     5.6732   3.225610    32.9031       2236     1.5520     9.2292     9.4042 5.2411e-02 0.0000e+00
     78.000     5.7661   3.235422    32.9227       2267     1.5735     9.1828     9.3763 4.1163e-02 0.0000e+00
     79.000     5.9435   3.254639    32.9655       2300     1.5964     9.0769     9.2682 3.2164e-02 0.0000e+00
     80.000     6.0186   3.262241    32.9771       2328     1.6160     8.9635     9.1563 3.1782e-02 0.0000e+00
     81.000     6.1377   3.277269    33.0289       2352     1.6330     8.7731     8.9586 2.3962e-02 0.0000e+00
     82.000     6.1347   3.278120    33.0409       2377     1.6498     8.6412     8.8338 2.1605e-02 0.0000e+00
     83.000     6.1388   3.279206    33.0485       2407     1.6705     8.5465     8.7065 1.4047e-02 0.0000e+00
     84.000     6.1766   3.284135    33.0663       2442     1.6949     8.4339     8.5921 1.1388e-02 0.0000e+00
     85.000     6.2450   3.293397    33.1025       2473     1.7166     8.3800     8.5866 1.1490e-02 0.0000e+00
     86.000     6.2804   3.299190    33.1321       2499     1.7350     8.3771     8.5983 1.2336e-02 0.0000e+00
     87.000     6.3022   3.302875    33.1515       2526     1.7533     8.3808     8.5870 5.9277e-03 0.0000e+00
     88.000     6.2970   3.302745    33.1546       2553     1.7725     8.3980     8.5954 3.6163e-03 0.0000e+00
     89.000     6.3480   3.307053    33.1524       2580     1.7912     8.3888     8.5891 2.3822e-03 0.0000e+00
     90.000     6.6030   3.334438    33.2076       2607     1.8098     8.3520     8.5535 -4.930e-05 0.0000e+00
     91.000     6.7796   3.354569    33.2578       2638     1.8310     8.3941     8.6180 4.3156e-04 0.0000e+00
     92.000     7.0235   3.381668    33.3185       2672     1.8551     8.3438     8.5643 -1.071e-05 0.0000e+00
     93.000     7.1528   3.397214    33.3628       2704     1.8771     8.2892     8.5509 1.0000e-12 0.0000e+00
     94.000     7.1886   3.401025    33.3693       2731     1.8958     8.2950     8.5479 1.0000e-12 0.0000e+00
     95.000     7.3063   3.414115    33.3974       2755     1.9125     8.2758     8.4881 1.0000e-12 0.0000e+00
     96.000     7.4036   3.425655    33.4283       2777     1.9281     8.2583     8.4784 1.0000e-12 0.0000e+00
     97.000     7.4583   3.432120    33.4452       2800     1.9440     8.2803     8.4780 1.0000e-12 0.0000e+00
     98.000     7.5686   3.445393    33.4818       2836     1.9688     8.2499     8.4395 1.0000e-12 0.0000e+00
     99.000     7.7204   3.463526    33.5306       2891     2.0069     8.1746     8.3988 1.0000e-12 0.0000e+00
    100.000     7.8363   3.478444    33.5788       2917     2.0252     8.1449     8.3585 1.0000e-12 0.0000e+00
    101.000     7.8453   3.479789    33.5842       2937     2.0386     8.1841     8.3621 1.0000e-12 0.0000e+00
    102.000     7.8567   3.481241    33.5883       2953     2.0503     8.1824     8.3283 1.0000e-12 0.0000e+00
    103.000     7.9153   3.487545    33.5990       2971     2.0622     8.1283     8.2631 1.0000e-12 0.0000e+00
    104.000     8.0355   3.501691    33.6342       2992     2.0769     8.0605     8.2207 1.0000e-12 0.0000e+00
    105.000     8.4484   3.552707    33.7797       3038     2.1093     7.9678     8.2191 1.0000e-12 0.0000e+00
    106.000     8.5490   3.566155    33.8250       3090     2.1451     7.8728     8.0520 1.0000e-12 0.0000e+00
    107.000     8.6596   3.577524    33.8384       3113     2.1610     7.7787     7.9485 1.0000e-12 0.0000e+00
    108.000     8.7767   3.592400    33.8822       3132     2.1746     7.7449     7.9290 1.0000e-12 0.0000e+00
    109.000     8.8382   3.600665    33.9096       3152     2.1883     7.7585     7.9595 1.0000e-12 0.0000e+00
    110.000     8.9113   3.610821    33.9456       3175     2.2040     7.7809     7.9686 1.0000e-12 0.0000e+00
    111.000     8.9535   3.617334    33.9730       3203     2.2238     7.7425     7.9260 1.0000e-12 0.0000e+00
    112.000     8.9662   3.619623    33.9843       3239     2.2484     7.6692     7.8333 1.0000e-12 0.0000e+00
    113.000     9.0102   3.625858    34.0069       3278     2.2754     7.5983     7.7768 1.0000e-12 0.0000e+00
    114.000     9.0909   3.637543    34.0511       3309     2.2971     7.5917     7.7806 1.0000e-12 0.0000e+00
    115.000     9.0972   3.639192    34.0618       3331     2.3125     7.5953     7.7831 1.0000e-12 0.0000e+00
    116.000     9.1175   3.642360    34.0749       3351     2.3263     7.5457     7.7320 1.0000e-12 0.0000e+00
    117.000     9.1427   3.646107    34.0894       3372     2.3406     7.4916     7.6694 1.0000e-12 0.0000e+00
    118.000     9.1524   3.648063    34.1000       3400     2.3601     7.4666     7.6254 1.0000e-12 0.0000e+00
    119.000     9.1605   3.649495    34.1067       3446     2.3924     7.4192     7.5636 1.0000e-12 0.0000e+00
    120.000     9.1641   3.650292    34.1111       3479     2.4151     7.3666     7.5545 1.0000e-12 0.0000e+00
    121.000     9.1670   3.651307    34.1184       3500     2.4301     7.3762     7.5461 1.0000e-12 0.0000e+00
    122.000     9.1528   3.652035    34.1390       3521     2.4442     7.3910     7.5404 1.0000e-12 0.0000e+00
    123.000     9.1263   3.650217    34.1451       3546     2.4616     7.3803     7.5416 1.0000e-12 0.0000e+00
    124.000     9.1212   3.651495    34.1628       3580     2.4855     7.3243     7.4822 1.0000e-12 0.0000e+00
    125.000     9.1331   3.654920    34.1866       3609     2.5058     7.2576     7.4036 1.0000e-12 0.0000e+00
    126.000     9.2096   3.664554    34.2130       3634     2.5229     7.1942     7.3517 1.0000e-12 0.0000e+00
    127.000     9.2234   3.669118    34.2468       3661     2.5414     7.1526     7.3256 1.0000e-12 0.0000e+00
    128.000     9.1975   3.667930    34.2588       3694     2.5648     7.1070     7.2505 1.0000e-12 0.0000e+00
    129.000     9.2698   3.676396    34.2769       3728     2.5881     7.0178     7.1391 1.0000e-12 0.0000e+00
    130.000     9.4017   3.692095    34.3127       3753     2.6055     6.9614     7.1124 1.0000e-12 0.0000e+00
    131.000     9.4763   3.701493    34.3380       3774     2.6200     6.9480     7.1297 1.0000e-12 0.0000e+00
    132.000     9.5299   3.708801    34.3616       3795     2.6348     6.9234     7.1324 1.0000e-12 0.0000e+00
    133.000     9.5823   3.717437    34.4000       3825     2.6556     6.9137     7.0987 1.0000e-12 0.0000e+00
    134.000     9.6571   3.728168    34.4384       3865     2.6836     6.8889     7.0375 1.0000e-12 0.0000e+00
    135.000     9.7121   3.734707    34.4525       3894     2.7034     6.8477     6.9748 1.0000e-12 0.0000e+00
    136.000     9.7585   3.740439    34.4665       3916     2.7188     6.7977     6.9448 1.0000e-12 0.0000e+00
    137.000     9.8084   3.746546    34.4810       3937     2.7337     6.7659     6.9268 1.0000e-12 0.0000e+00
    138.000     9.8150   3.747672    34.4858       3963     2.7515     6.7572     6.8946 1.0000e-12 0.0000e+00
    139.000     9.8218   3.748723    34.4895       3993     2.7723     6.7251     6.8502 1.0000e-12 0.0000e+00
    140.000     9.8339   3.750063    34.4912       4023     2.7928     6.6821     6.8563 1.0000e-12 0.0000e+00
    141.000     9.9026   3.757869    34.5050       4052     2.8132     6.6577     6.8557 1.0000e-12 0.0000e+00
    142.000     9.9494   3.764548    34.5281       4078     2.8315     6.6829     6.8425 1.0000e-12 0.0000e+00
    143.000     9.9591   3.766466    34.5380       4102     2.8476     6.6779     6.8277 1.0000e-12 0.0000e+00
    144.000     9.9900   3.770804    34.5523       4125     2.8636     6.6248     6.7818 1.0000e-12 0.0000e+00
    145.000    10.0307   3.776133    34.5673       4153     2.8836     6.6036     6.7418 1.0000e-12 0.0000e+00
    146.000    10.1069   3.786666    34.6014       4188     2.9075     6.5873     6.7385 1.0000e-12 0.0000e+00
    147.000    10.1107   3.788714    34.6183       4214     2.9259     6.5851     6.7432 1.0000e-12 0.0000e+00
