HB2502/ctd175.cnv
* Sea-Bird SBE 9 Data File:
* FileName = C:\cruise\data\ctd175.hex
* Software Version Seasave V 7.26.7.121
* Temperature SN = 4591
* Conductivity SN = 6006
* Number of Bytes Per Scan = 37
* Number of Voltage Words = 4
* Number of Scans Averaged by the Deck Unit = 1
* NMEA Latitude = 41 34.75 N
* NMEA Longitude = 065 56.11 W
* NMEA UTC (Time) = May 04 2025 15:33:28
* NMEA baud rate = 4800
** Ship: Bigelow HB2502
** Program:  Spring Bottom Trawl
** Chief Scientist:Jon Galbraith
# nquan = 10
# nvalues = 398                         
# units = specified
# name 0 = depSM: Depth [salt water, m]
# name 1 = t090C: Temperature [ITS-90, deg C]
# name 2 = c0S/m: Conductivity [S/m]
# name 3 = sal00: Salinity, Practical [PSU]
# name 4 = scan: Scan Count
# name 5 = timeM: Time, Elapsed [minutes]
# name 6 = sbeox0Mg/L: Oxygen, SBE 43 [mg/l]
# name 7 = sbeox1Mg/L: Oxygen, SBE 43, 2 [mg/l]
# name 8 = par: PAR/Irradiance, Biospherical/Licor
# name 9 = flag: flag
# span 0 =      2.000,    201.000       
# span 1 =     6.0141,    10.2290       
# span 2 =   3.240988,   3.826516       
# span 3 =    32.7065,    35.0086       
# span 4 =          8,      11757       
# span 5 =     0.0046,     8.1640       
# span 6 =     5.4713,    10.5637       
# span 7 =     5.6010,    10.7711       
# span 8 = -9.935e-05, 5.7996e+02       
# span 9 = 0.0000e+00, 0.0000e+00       
# interval = meters: 1                  
# start_time = May 04 2025 15:33:28 [NMEA time, header]
# bad_flag = -9.990e-29
*END*
      3.000     6.7619   3.302077    32.7405          8     0.0046    10.4176    10.5762 4.3859e+02 0.0000e+00
      4.000     6.7573   3.301755    32.7408        213     0.1474    10.3364    10.5943 3.4376e+02 0.0000e+00
      5.000     6.7457   3.300789    32.7408        254     0.1760    10.4060    10.5784 3.1510e+02 0.0000e+00
      6.000     6.7360   3.300003    32.7409        293     0.2030    10.4206    10.6040 2.5185e+02 0.0000e+00
      7.000     6.7389   3.299736    32.7347        318     0.2199    10.4176    10.6272 2.0096e+02 0.0000e+00
      8.000     6.7609   3.302083    32.7390        338     0.2338    10.3838    10.6251 1.8283e+02 0.0000e+00
      9.000     6.7651   3.301856    32.7320        360     0.2495    10.3877    10.6302 1.5548e+02 0.0000e+00
     10.000     6.7588   3.302404    32.7436        387     0.2678    10.4242    10.6392 1.2143e+02 0.0000e+00
     11.000     6.7227   3.299133    32.7416        416     0.2879    10.4683    10.6226 1.1272e+02 0.0000e+00
     12.000     6.7165   3.298574    32.7409        449     0.3109    10.4440    10.5891 9.9184e+01 0.0000e+00
     13.000     6.7134   3.298400    32.7414        479     0.3322    10.4190    10.6321 9.1265e+01 0.0000e+00
     14.000     6.7124   3.298610    32.7442        503     0.3484    10.4344    10.6542 8.2402e+01 0.0000e+00
     15.000     6.7121   3.298683    32.7448        523     0.3625    10.4452    10.6599 6.9621e+01 0.0000e+00
     16.000     6.7138   3.298917    32.7454        545     0.3776    10.4521    10.6656 5.8073e+01 0.0000e+00
     17.000     6.7143   3.299111    32.7464        576     0.3993    10.4551    10.6697 5.0397e+01 0.0000e+00
     18.000     6.7030   3.298558    32.7508        614     0.4258    10.4525    10.6833 4.5277e+01 0.0000e+00
     19.000     6.6738   3.296241    32.7527        640     0.4437    10.4782    10.7005 3.9811e+01 0.0000e+00
     20.000     6.6649   3.295272    32.7500        660     0.4574    10.5222    10.6922 3.4422e+01 0.0000e+00
     21.000     6.6481   3.293920    32.7507        680     0.4718    10.5281    10.6776 2.9363e+01 0.0000e+00
     22.000     6.6545   3.294263    32.7478        707     0.4905    10.4546    10.6187 2.5326e+01 0.0000e+00
     23.000     6.6472   3.293725    32.7484        739     0.5128    10.3734    10.5689 2.2146e+01 0.0000e+00
     24.000     6.6444   3.293417    32.7473        768     0.5330    10.3355    10.5611 1.9505e+01 0.0000e+00
     25.000     6.6348   3.292761    32.7487        795     0.5516    10.3412    10.5575 1.7604e+01 0.0000e+00
     26.000     6.6165   3.290925    32.7454        821     0.5695    10.3785    10.5633 1.5589e+01 0.0000e+00
     27.000     6.6105   3.290417    32.7452        846     0.5866    10.3749    10.5470 1.3898e+01 0.0000e+00
     28.000     6.5924   3.289017    32.7466        870     0.6037    10.3546    10.5139 1.2574e+01 0.0000e+00
     29.000     6.5640   3.286365    32.7440        896     0.6218    10.3300    10.5083 1.1372e+01 0.0000e+00
     30.000     6.5561   3.285345    32.7398        925     0.6415    10.2925    10.4800 1.0231e+01 0.0000e+00
     31.000     6.4304   3.275329    32.7490        956     0.6630    10.3195    10.5022 9.2474e+00 0.0000e+00
     32.000     6.2914   3.262848    32.7436        985     0.6830    10.3118    10.4711 8.5442e+00 0.0000e+00
     33.000     6.2396   3.257126    32.7293       1008     0.6994    10.2601    10.3797 7.8632e+00 0.0000e+00
     34.000     6.2292   3.256395    32.7307       1029     0.7142    10.2092    10.2839 7.1571e+00 0.0000e+00
     35.000     6.1893   3.254345    32.7458       1053     0.7306    10.1285    10.2117 6.5330e+00 0.0000e+00
     36.000     6.0753   3.246376    32.7664       1081     0.7502    10.0476    10.2002 5.9784e+00 0.0000e+00
     37.000     6.0327   3.243095    32.7703       1115     0.7734     9.9884    10.1127 5.4538e+00 0.0000e+00
     38.000     6.0236   3.242891    32.7764       1147     0.7961     9.8844    10.0044 5.0995e+00 0.0000e+00
     39.000     6.0239   3.243160    32.7786       1171     0.8127     9.8097     9.9571 4.7393e+00 0.0000e+00
     40.000     6.0290   3.243747    32.7797       1191     0.8260     9.7494     9.9397 4.3348e+00 0.0000e+00
     41.000     6.0367   3.244707    32.7825       1211     0.8402     9.7301     9.9382 3.9433e+00 0.0000e+00
     42.000     6.0509   3.246241    32.7855       1243     0.8627     9.7530     9.9547 3.6339e+00 0.0000e+00
     43.000     6.0848   3.249753    32.7914       1283     0.8905     9.7529     9.9670 3.4242e+00 0.0000e+00
     44.000     6.1087   3.252531    32.7990       1307     0.9070     9.7412     9.9823 3.1685e+00 0.0000e+00
     45.000     6.1245   3.254637    32.8066       1327     0.9211     9.7508     9.9943 2.9009e+00 0.0000e+00
     46.000     6.1576   3.258446    32.8167       1350     0.9368     9.7632     9.9910 2.6757e+00 0.0000e+00
     47.000     6.2215   3.265704    32.8355       1377     0.9556     9.7745     9.9839 2.5127e+00 0.0000e+00
     48.000     6.2334   3.267672    32.8454       1406     0.9755     9.7582     9.9964 2.4107e+00 0.0000e+00
     49.000     6.2461   3.269811    32.8564       1433     0.9946     9.7655     9.9791 2.3352e+00 0.0000e+00
     50.000     6.2560   3.271612    32.8664       1462     1.0143     9.7933     9.9511 2.2401e+00 0.0000e+00
     51.000     6.2611   3.272810    32.8744       1490     1.0344     9.7977     9.9600 2.1593e+00 0.0000e+00
     52.000     6.2633   3.273815    32.8829       1516     1.0523     9.7625     9.9529 2.0799e+00 0.0000e+00
     53.000     6.2638   3.274259    32.8869       1540     1.0685     9.7242     9.9329 2.0404e+00 0.0000e+00
     54.000     6.2629   3.274269    32.8874       1566     1.0865     9.7203     9.9120 2.0665e+00 0.0000e+00
     55.000     6.2623   3.274292    32.8877       1597     1.1087     9.7074     9.8872 2.1471e+00 0.0000e+00
     56.000     6.2610   3.274378    32.8894       1626     1.1285     9.6835     9.8698 2.2674e+00 0.0000e+00
     57.000     6.2543   3.274093    32.8923       1649     1.1441     9.6970     9.8794 2.3288e+00 0.0000e+00
     58.000     6.2486   3.273707    32.8930       1670     1.1592     9.7098     9.8817 2.2316e+00 0.0000e+00
     59.000     6.2428   3.273332    32.8939       1698     1.1782     9.6748     9.8612 1.9957e+00 0.0000e+00
     60.000     6.2388   3.273036    32.8940       1733     1.2027     9.6468     9.8492 1.7790e+00 0.0000e+00
     61.000     6.2291   3.272407    32.8959       1764     1.2245     9.6543     9.8395 1.6632e+00 0.0000e+00
     62.000     6.2187   3.271716    32.8978       1788     1.2410     9.6746     9.8430 1.5099e+00 0.0000e+00
     63.000     6.2120   3.271222    32.8983       1809     1.2553     9.6628     9.8468 1.3841e+00 0.0000e+00
     64.000     6.2109   3.271163    32.8982       1829     1.2697     9.6368     9.8475 1.2913e+00 0.0000e+00
     65.000     6.2032   3.270607    32.8989       1856     1.2885     9.6325     9.8300 1.2009e+00 0.0000e+00
     66.000     6.1989   3.270244    32.8986       1894     1.3149     9.6180     9.8070 1.1462e+00 0.0000e+00
     67.000     6.1787   3.268477    32.8979       1926     1.3366     9.5980     9.8103 1.0845e+00 0.0000e+00
     68.000     6.1630   3.267002    32.8962       1949     1.3528     9.5736     9.7982 9.8180e-01 0.0000e+00
     69.000     6.1594   3.266667    32.8955       1971     1.3683     9.5725     9.7864 8.8015e-01 0.0000e+00
     70.000     6.1631   3.266922    32.8942       1996     1.3855     9.5762     9.7852 8.0272e-01 0.0000e+00
     71.000     6.1637   3.267059    32.8946       2023     1.4039     9.5805     9.7774 7.2836e-01 0.0000e+00
     72.000     6.1638   3.267062    32.8941       2050     1.4229     9.5819     9.7846 6.4267e-01 0.0000e+00
     73.000     6.1640   3.267229    32.8953       2078     1.4426     9.5757     9.7904 5.6697e-01 0.0000e+00
     74.000     6.1147   3.263340    32.8991       2107     1.4622     9.5829     9.7939 5.2455e-01 0.0000e+00
     75.000     6.1127   3.262814    32.8947       2135     1.4817     9.5591     9.7625 5.0697e-01 0.0000e+00
     76.000     6.1112   3.262704    32.8944       2161     1.5001     9.5710     9.7457 4.6290e-01 0.0000e+00
     77.000     6.1105   3.262651    32.8940       2185     1.5169     9.5558     9.7281 4.2801e-01 0.0000e+00
     78.000     6.1064   3.262470    32.8954       2209     1.5335     9.5344     9.7132 3.8442e-01 0.0000e+00
     79.000     6.1069   3.262663    32.8966       2235     1.5511     9.5417     9.7274 3.4037e-01 0.0000e+00
     80.000     6.1120   3.263559    32.9012       2263     1.5711     9.5393     9.7354 3.0565e-01 0.0000e+00
     81.000     6.1138   3.264024    32.9042       2297     1.5941     9.5118     9.7278 2.8916e-01 0.0000e+00
     82.000     6.1145   3.264486    32.9082       2324     1.6134     9.5319     9.7137 2.6952e-01 0.0000e+00
     83.000     6.1167   3.265229    32.9138       2346     1.6282     9.5421     9.7104 2.4468e-01 0.0000e+00
     84.000     6.1160   3.265314    32.9150       2366     1.6426     9.5324     9.7021 2.1979e-01 0.0000e+00
     85.000     6.1142   3.265466    32.9179       2396     1.6635     9.5065     9.7031 1.9319e-01 0.0000e+00
     86.000     6.1131   3.265864    32.9229       2435     1.6906     9.4852     9.6928 1.5735e-01 0.0000e+00
     87.000     6.1135   3.266398    32.9280       2459     1.7068     9.4875     9.6726 1.4649e-01 0.0000e+00
     88.000     6.1136   3.266665    32.9304       2477     1.7197     9.4876     9.6716 1.2656e-01 0.0000e+00
     89.000     6.1139   3.266800    32.9312       2497     1.7335     9.4657     9.6607 1.0769e-01 0.0000e+00
     90.000     6.1178   3.267640    32.9362       2527     1.7540     9.4498     9.6233 1.0095e-01 0.0000e+00
     91.000     6.1240   3.268739    32.9420       2565     1.7805     9.4381     9.6240 9.7982e-02 0.0000e+00
     92.000     6.1262   3.269063    32.9430       2594     1.8008     9.4188     9.6239 8.9936e-02 0.0000e+00
     93.000     6.1280   3.269310    32.9435       2616     1.8163     9.4198     9.6038 7.6632e-02 0.0000e+00
     94.000     6.1344   3.269904    32.9435       2636     1.8302     9.4270     9.5921 5.7797e-02 0.0000e+00
     95.000     6.1506   3.271824    32.9487       2659     1.8455     9.3995     9.5941 5.0057e-02 0.0000e+00
     96.000     6.1551   3.272489    32.9513       2690     1.8674     9.3980     9.6013 4.5762e-02 0.0000e+00
     97.000     6.1581   3.272920    32.9527       2727     1.8930     9.4112     9.5888 3.7754e-02 0.0000e+00
     98.000     6.1643   3.273512    32.9528       2754     1.9117     9.3997     9.5780 3.5455e-02 0.0000e+00
     99.000     6.1727   3.274574    32.9559       2776     1.9271     9.4261     9.5698 2.7663e-02 0.0000e+00
    100.000     6.1753   3.274955    32.9572       2798     1.9423     9.4424     9.5813 2.2686e-02 0.0000e+00
    101.000     6.1768   3.275211    32.9581       2822     1.9588     9.4306     9.6071 1.5601e-02 0.0000e+00
    102.000     6.1859   3.276284    32.9608       2852     1.9795     9.4131     9.6147 1.2964e-02 0.0000e+00
    103.000     6.2064   3.278613    32.9664       2887     2.0040     9.4228     9.6205 5.3918e-03 0.0000e+00
    104.000     6.2267   3.280853    32.9712       2913     2.0223     9.4056     9.5076 2.5860e-03 0.0000e+00
    105.000     6.2323   3.281708    32.9748       2934     2.0367     9.4038     9.5283 -9.935e-05 0.0000e+00
    106.000     6.2434   3.282783    32.9755       2956     2.0521     9.4008     9.6388 1.0000e-12 0.0000e+00
    107.000     6.2558   3.284254    32.9794       2986     2.0730     9.3911     9.5950 1.0000e-12 0.0000e+00
    108.000     6.2689   3.285692    32.9822       3019     2.0957     9.3807     9.5781 1.0000e-12 0.0000e+00
    109.000     6.2779   3.286741    32.9846       3043     2.1125     9.3878     9.5731 1.0000e-12 0.0000e+00
    110.000     6.2896   3.288122    32.9882       3065     2.1275     9.3817     9.5817 1.0000e-12 0.0000e+00
    111.000     6.2998   3.289425    32.9923       3092     2.1465     9.3902     9.5719 1.0000e-12 0.0000e+00
    112.000     6.3472   3.295422    33.0126       3128     2.1718     9.3707     9.5556 1.0000e-12 0.0000e+00
    113.000     6.3946   3.301893    33.0380       3156     2.1911     9.3776     9.5603 1.0000e-12 0.0000e+00
    114.000     6.4257   3.306709    33.0609       3177     2.2055     9.3637     9.5362 1.0000e-12 0.0000e+00
    115.000     6.4588   3.311706    33.0837       3198     2.2204     9.3459     9.5142 1.0000e-12 0.0000e+00
    116.000     6.5158   3.320545    33.1258       3228     2.2411     9.2905     9.4491 1.0000e-12 0.0000e+00
    117.000     6.5314   3.323098    33.1385       3261     2.2639     9.2296     9.3604 1.0000e-12 0.0000e+00
    118.000     6.5317   3.323307    33.1400       3285     2.2805     9.1518     9.3111 1.0000e-12 0.0000e+00
    119.000     6.5346   3.323770    33.1418       3306     2.2953     9.0731     9.2739 1.0000e-12 0.0000e+00
    120.000     6.5396   3.324472    33.1443       3331     2.3125     9.0403     9.2535 1.0000e-12 0.0000e+00
    121.000     6.5359   3.324580    33.1485       3367     2.3375     9.0677     9.2439 1.0000e-12 0.0000e+00
    122.000     6.5394   3.325163    33.1512       3399     2.3596     9.0640     9.2485 1.0000e-12 0.0000e+00
    123.000     6.5527   3.327148    33.1598       3421     2.3749     9.0464     9.2480 1.0000e-12 0.0000e+00
    124.000     6.5892   3.331384    33.1707       3442     2.3893     9.0442     9.2488 1.0000e-12 0.0000e+00
    125.000     6.6743   3.344339    33.2306       3469     2.4082     9.0224     9.2259 1.0000e-12 0.0000e+00
    126.000     6.7085   3.349983    33.2592       3502     2.4314     8.9853     9.1819 1.0000e-12 0.0000e+00
    127.000     6.7300   3.353710    33.2789       3528     2.4493     8.9412     9.0860 1.0000e-12 0.0000e+00
    128.000     6.7559   3.357973    33.3002       3550     2.4644     8.8719     9.0283 1.0000e-12 0.0000e+00
    129.000     6.7679   3.360058    33.3111       3575     2.4821     8.7909     8.9781 1.0000e-12 0.0000e+00
    130.000     6.8394   3.369919    33.3495       3612     2.5079     8.7104     8.8927 1.0000e-12 0.0000e+00
    131.000     6.9252   3.382892    33.4082       3644     2.5296     8.6757     8.8579 1.0000e-12 0.0000e+00
    132.000     6.9499   3.386267    33.4207       3665     2.5444     8.6576     8.8417 1.0000e-12 0.0000e+00
    133.000     7.0018   3.393380    33.4478       3685     2.5582     8.6055     8.7720 1.0000e-12 0.0000e+00
    134.000     7.0709   3.402836    33.4835       3709     2.5751     8.5042     8.6751 1.0000e-12 0.0000e+00
    135.000     7.1022   3.408068    33.5098       3740     2.5968     8.4351     8.5910 1.0000e-12 0.0000e+00
    136.000     7.1103   3.409474    33.5168       3774     2.6199     8.3753     8.5096 1.0000e-12 0.0000e+00
    137.000     7.1089   3.409486    33.5178       3805     2.6414     8.3130     8.4791 1.0000e-12 0.0000e+00
    138.000     7.1119   3.409996    33.5200       3832     2.6602     8.2753     8.4768 1.0000e-12 0.0000e+00
    139.000     7.1184   3.410819    33.5222       3855     2.6766     8.2536     8.4719 1.0000e-12 0.0000e+00
    140.000     7.1224   3.411513    33.5254       3879     2.6928     8.2459     8.4711 1.0000e-12 0.0000e+00
    141.000     7.1597   3.416276    33.5407       3903     2.7096     8.2518     8.4719 1.0000e-12 0.0000e+00
    142.000     7.1851   3.420290    33.5593       3928     2.7274     8.2646     8.4753 1.0000e-12 0.0000e+00
    143.000     7.2021   3.422514    33.5665       3960     2.7493     8.2500     8.4479 1.0000e-12 0.0000e+00
    144.000     7.2204   3.424977    33.5751       4000     2.7769     8.2057     8.3972 1.0000e-12 0.0000e+00
    145.000     7.2317   3.426415    33.5793       4027     2.7960     8.1982     8.3711 1.0000e-12 0.0000e+00
    146.000     7.2388   3.427345    33.5821       4047     2.8097     8.1801     8.3779 1.0000e-12 0.0000e+00
