HB2502/ctd181.cnv
* Sea-Bird SBE 9 Data File:
* FileName = C:\cruise\data\ctd181.hex
* Software Version Seasave V 7.26.7.121
* Temperature SN = 4591
* Conductivity SN = 6006
* Number of Bytes Per Scan = 37
* Number of Voltage Words = 4
* Number of Scans Averaged by the Deck Unit = 1
* NMEA Latitude = 41 38.66 N
* NMEA Longitude = 066 33.79 W
* NMEA UTC (Time) = May 05 2025 14:55:56
* NMEA baud rate = 4800
** Ship: Bigelow HB2502
** Program:  Spring Bottom Trawl
** Chief Scientist:Jon Galbraith
# nquan = 10
# nvalues = 124                         
# units = specified
# name 0 = depSM: Depth [salt water, m]
# name 1 = t090C: Temperature [ITS-90, deg C]
# name 2 = c0S/m: Conductivity [S/m]
# name 3 = sal00: Salinity, Practical [PSU]
# name 4 = scan: Scan Count
# name 5 = timeM: Time, Elapsed [minutes]
# name 6 = sbeox0Mg/L: Oxygen, SBE 43 [mg/l]
# name 7 = sbeox1Mg/L: Oxygen, SBE 43, 2 [mg/l]
# name 8 = par: PAR/Irradiance, Biospherical/Licor
# name 9 = flag: flag
# span 0 =      2.000,     64.000       
# span 1 =     7.0602,     7.3183       
# span 2 =   3.314820,   3.332788       
# span 3 =    32.5351,    32.5845       
# span 4 =        979,       6181       
# span 5 =     0.6792,     4.2914       
# span 6 =    10.5094,    10.6577       
# span 7 =    10.7473,    10.8654       
# span 8 = 1.0000e-12, 1.9795e+03       
# span 9 = 0.0000e+00, 0.0000e+00       
# interval = meters: 1                  
# start_time = May 05 2025 14:55:56 [NMEA time, header]
# bad_flag = -9.990e-29
*END*
      3.000     7.2503   3.326676    32.5457        979     0.6792    10.5335    10.8298 1.5399e+03 0.0000e+00
      4.000     7.2480   3.326666    32.5474       1574     1.0926    10.5219    10.8410 1.2504e+03 0.0000e+00
      5.000     7.1844   3.322267    32.5591       1545     1.0720    10.5186    10.8441 1.0343e+03 0.0000e+00
      6.000     7.1549   3.320069    32.5625       1566     1.0866    10.5488    10.8255 7.8982e+02 0.0000e+00
      7.000     7.1084   3.317070    32.5734       1587     1.1016    10.5962    10.8158 6.2650e+02 0.0000e+00
      8.000     7.0991   3.316036    32.5704       1613     1.1197    10.6135    10.8014 5.0032e+02 0.0000e+00
      9.000     7.0945   3.315722    32.5708       1648     1.1440    10.6577    10.7946 4.0689e+02 0.0000e+00
     10.000     7.0896   3.315534    32.5729       1681     1.1666    10.6297    10.8172 3.1226e+02 0.0000e+00
     11.000     7.0883   3.315397    32.5722       1705     1.1836    10.6207    10.8162 2.5769e+02 0.0000e+00
     12.000     7.0806   3.315198    32.5768       1728     1.1992    10.6255    10.8081 2.1066e+02 0.0000e+00
     13.000     7.0749   3.314945    32.5790       1751     1.2156    10.6335    10.8038 1.6884e+02 0.0000e+00
     14.000     7.0726   3.314838    32.5795       1777     1.2330    10.6210    10.7895 1.3054e+02 0.0000e+00
     15.000     7.0727   3.314835    32.5789       1803     1.2516    10.6043    10.7901 1.0409e+02 0.0000e+00
     16.000     7.0728   3.314881    32.5789       1833     1.2721    10.5931    10.7804 8.0246e+01 0.0000e+00
     17.000     7.0728   3.314918    32.5788       1865     1.2941    10.5942    10.7719 6.4025e+01 0.0000e+00
     18.000     7.0728   3.314940    32.5785       1893     1.3139    10.5859    10.7842 5.0768e+01 0.0000e+00
     19.000     7.0736   3.315019    32.5781       1917     1.3303    10.5861    10.7892 4.1316e+01 0.0000e+00
     20.000     7.0737   3.315056    32.5779       1938     1.3454    10.5858    10.7706 3.2936e+01 0.0000e+00
     21.000     7.0746   3.315129    32.5775       1961     1.3614    10.5810    10.7700 2.5524e+01 0.0000e+00
     22.000     7.0774   3.315286    32.5761       1990     1.3815    10.5731    10.7916 1.9956e+01 0.0000e+00
     23.000     7.0775   3.315341    32.5760       2024     1.4046    10.5854    10.8149 1.6164e+01 0.0000e+00
     24.000     7.0774   3.315377    32.5760       2052     1.4242    10.5880    10.8200 1.3469e+01 0.0000e+00
     25.000     7.0771   3.315421    32.5763       2075     1.4400    10.5961    10.8081 1.1193e+01 0.0000e+00
     26.000     7.0771   3.315469    32.5764       2096     1.4549    10.5891    10.8058 9.1406e+00 0.0000e+00
     27.000     7.0769   3.315496    32.5763       2118     1.4699    10.5913    10.7917 7.3847e+00 0.0000e+00
     28.000     7.0771   3.315527    32.5760       2143     1.4878    10.5893    10.7721 5.8230e+00 0.0000e+00
     29.000     7.0778   3.315586    32.5756       2183     1.5153    10.5726    10.7690 4.6305e+00 0.0000e+00
     30.000     7.0786   3.315657    32.5751       2218     1.5393    10.6004    10.7881 3.8771e+00 0.0000e+00
     31.000     7.0796   3.315737    32.5746       2239     1.5543    10.5995    10.7847 3.1229e+00 0.0000e+00
     32.000     7.0796   3.315759    32.5743       2258     1.5673    10.5910    10.7932 2.5279e+00 0.0000e+00
     33.000     7.0794   3.315835    32.5748       2277     1.5808    10.5793    10.7830 2.0824e+00 0.0000e+00
     34.000     7.0760   3.315745    32.5766       2301     1.5975    10.5557    10.7739 1.7221e+00 0.0000e+00
     35.000     7.0721   3.315664    32.5790       2334     1.6198    10.5788    10.7846 1.3603e+00 0.0000e+00
     36.000     7.0678   3.315514    32.5809       2368     1.6437    10.6012    10.7575 1.0772e+00 0.0000e+00
     37.000     7.0691   3.315601    32.5801       2398     1.6644    10.5736    10.7540 8.5998e-01 0.0000e+00
     38.000     7.0691   3.315681    32.5805       2423     1.6817    10.5613    10.7600 6.8323e-01 0.0000e+00
     39.000     7.0675   3.315619    32.5809       2446     1.6978    10.5844    10.7785 5.4540e-01 0.0000e+00
     40.000     7.0662   3.315669    32.5822       2469     1.7140    10.5782    10.7850 4.3638e-01 0.0000e+00
     41.000     7.0649   3.315653    32.5827       2494     1.7310    10.5638    10.7788 3.4948e-01 0.0000e+00
     42.000     7.0652   3.315692    32.5824       2518     1.7483    10.5572    10.7789 2.6875e-01 0.0000e+00
     43.000     7.0674   3.315839    32.5815       2545     1.7664    10.5633    10.7739 1.9396e-01 0.0000e+00
     44.000     7.0677   3.315883    32.5812       2577     1.7890    10.5503    10.7546 1.3607e-01 0.0000e+00
     45.000     7.0686   3.315962    32.5807       2612     1.8133    10.5498    10.7713 1.0319e-01 0.0000e+00
     46.000     7.0654   3.315907    32.5827       2638     1.8316    10.5827    10.7647 7.4162e-02 0.0000e+00
     47.000     7.0606   3.315684    32.5843       2660     1.8463    10.5693    10.7673 4.5467e-02 0.0000e+00
     48.000     7.0608   3.315749    32.5843       2679     1.8601    10.5535    10.7715 3.1694e-02 0.0000e+00
     49.000     7.0614   3.315791    32.5837       2701     1.8749    10.5562    10.7657 1.5520e-02 0.0000e+00
     50.000     7.0619   3.315854    32.5835       2728     1.8935    10.5638    10.7748 1.1579e-03 0.0000e+00
     51.000     7.0621   3.315917    32.5835       2762     1.9176    10.5672    10.7934 2.7520e-06 0.0000e+00
     52.000     7.0615   3.315916    32.5836       2797     1.9414    10.5833    10.7787 1.0000e-12 0.0000e+00
     53.000     7.0624   3.316013    32.5833       2826     1.9621    10.5854    10.7632 1.0000e-12 0.0000e+00
     54.000     7.0637   3.316128    32.5829       2849     1.9780    10.5599    10.7645 1.0000e-12 0.0000e+00
     55.000     7.0634   3.316168    32.5831       2869     1.9916    10.5454    10.7686 1.0000e-12 0.0000e+00
     56.000     7.0634   3.316201    32.5829       2888     2.0046    10.5413    10.7618 1.0000e-12 0.0000e+00
     57.000     7.0618   3.316162    32.5836       2910     2.0204    10.5313    10.7533 1.0000e-12 0.0000e+00
     58.000     7.0602   3.316149    32.5845       2951     2.0483    10.5249    10.7473 1.0000e-12 0.0000e+00
     59.000     7.0603   3.316183    32.5843       3005     2.0864    10.5677    10.7588 1.0000e-12 0.0000e+00
     60.000     7.0602   3.316226    32.5844       3040     2.1106    10.5716    10.7595 1.0000e-12 0.0000e+00
     61.000     7.0612   3.316313    32.5839       3068     2.1299    10.5547    10.7654 1.0000e-12 0.0000e+00
     62.000     7.0636   3.316487    32.5830       3097     2.1497    10.5509    10.7644 1.0000e-12 0.0000e+00
     63.000     7.0633   3.316517    32.5832       3136     2.1770    10.5743    10.7756 1.0000e-12 0.0000e+00
     64.000     7.0624   3.316480    32.5831       4069     2.8250    10.5503    10.7713 1.0000e-12 0.0000e+00
     63.000     7.0640   3.316552    32.5829       4724     3.2797    10.5397    10.7609 1.0000e-12 0.0000e+00
     62.000     7.0627   3.316432    32.5833       4520     3.1382    10.5596    10.7844 1.0000e-12 0.0000e+00
     61.000     7.0616   3.316337    32.5837       4545     3.1555    10.5467    10.7906 1.0000e-12 0.0000e+00
     60.000     7.0605   3.316214    32.5839       4568     3.1714    10.5595    10.7917 1.0000e-12 0.0000e+00
     59.000     7.0608   3.316171    32.5837       4590     3.1868    10.5642    10.7888 1.0000e-12 0.0000e+00
     58.000     7.0606   3.316133    32.5839       4614     3.2036    10.5718    10.7816 1.0000e-12 0.0000e+00
     57.000     7.0608   3.316078    32.5836       4641     3.2222    10.5431    10.7784 1.0000e-12 0.0000e+00
     56.000     7.0610   3.316050    32.5836       4670     3.2421    10.5423    10.7797 1.0000e-12 0.0000e+00
     55.000     7.0610   3.316005    32.5836       4699     3.2624    10.5563    10.7710 1.0000e-12 0.0000e+00
     54.000     7.0614   3.315989    32.5836       4726     3.2815    10.5522    10.7642 1.0000e-12 0.0000e+00
     53.000     7.0632   3.316059    32.5830       4751     3.2983    10.5633    10.7646 1.0000e-12 0.0000e+00
     52.000     7.0629   3.316020    32.5834       4773     3.3140    10.5417    10.7662 1.0000e-12 0.0000e+00
     51.000     7.0630   3.315974    32.5833       4796     3.3301    10.5125    10.7766 1.0000e-12 0.0000e+00
     50.000     7.0631   3.315924    32.5831       4821     3.3474    10.5325    10.7684 3.8834e-05 0.0000e+00
     49.000     7.0634   3.315880    32.5828       4849     3.3668    10.5633    10.7650 7.6106e-03 0.0000e+00
     48.000     7.0642   3.315865    32.5823       4879     3.3875    10.5507    10.7939 2.3373e-02 0.0000e+00
     47.000     7.0648   3.315841    32.5820       4907     3.4073    10.5462    10.8015 3.7617e-02 0.0000e+00
     46.000     7.0650   3.315808    32.5819       4933     3.4253    10.5565    10.7810 5.6624e-02 0.0000e+00
     45.000     7.0650   3.315737    32.5817       4957     3.4419    10.5671    10.7587 8.6392e-02 0.0000e+00
     44.000     7.0659   3.315749    32.5814       4980     3.4578    10.5363    10.7676 1.2223e-01 0.0000e+00
     43.000     7.0650   3.315673    32.5819       5003     3.4738    10.5094    10.7751 1.6189e-01 0.0000e+00
     42.000     7.0638   3.315584    32.5825       5027     3.4902    10.5387    10.7827 2.2375e-01 0.0000e+00
     41.000     7.0628   3.315486    32.5829       5053     3.5082    10.5469    10.8004 2.9714e-01 0.0000e+00
     40.000     7.0622   3.315431    32.5834       5083     3.5290    10.5603    10.7893 3.7241e-01 0.0000e+00
     39.000     7.0620   3.315357    32.5832       5111     3.5488    10.5766    10.7591 4.7517e-01 0.0000e+00
     38.000     7.0633   3.315362    32.5826       5136     3.5657    10.5753    10.7490 6.2899e-01 0.0000e+00
     37.000     7.0626   3.315304    32.5831       5160     3.5826    10.5612    10.7579 8.1375e-01 0.0000e+00
     36.000     7.0638   3.315338    32.5828       5188     3.6019    10.5490    10.7664 1.0397e+00 0.0000e+00
     35.000     7.0615   3.315161    32.5834       5217     3.6220    10.5434    10.7765 1.2764e+00 0.0000e+00
     34.000     7.0622   3.315132    32.5829       5242     3.6393    10.5680    10.8059 1.5359e+00 0.0000e+00
     33.000     7.0649   3.315233    32.5820       5263     3.6545    10.5774    10.7999 1.9071e+00 0.0000e+00
     32.000     7.0652   3.315232    32.5821       5285     3.6698    10.5536    10.7844 2.4459e+00 0.0000e+00
     31.000     7.0620   3.314992    32.5831       5310     3.6866    10.5533    10.7866 3.2266e+00 0.0000e+00
     30.000     7.0616   3.314916    32.5831       5338     3.7060    10.5618    10.7770 4.1540e+00 0.0000e+00
     29.000     7.0656   3.315083    32.5816       5367     3.7264    10.5772    10.7788 5.1362e+00 0.0000e+00
     28.000     7.0670   3.315099    32.5809       5396     3.7463    10.6012    10.7896 6.3468e+00 0.0000e+00
     27.000     7.0656   3.315007    32.5817       5423     3.7655    10.5949    10.7772 7.8823e+00 0.0000e+00
     26.000     7.0645   3.314884    32.5819       5449     3.7832    10.5597    10.7743 9.8212e+00 0.0000e+00
     25.000     7.0643   3.314844    32.5821       5472     3.7995    10.5439    10.7676 1.2288e+01 0.0000e+00
     24.000     7.0645   3.314820    32.5822       5495     3.8154    10.5677    10.7586 1.5670e+01 0.0000e+00
     23.000     7.0735   3.315034    32.5765       5519     3.8321    10.5699    10.7734 1.9799e+01 0.0000e+00
     22.000     7.0816   3.315313    32.5723       5546     3.8510    10.5659    10.7944 2.4735e+01 0.0000e+00
     21.000     7.0803   3.315235    32.5732       5577     3.8723    10.5870    10.7954 3.0454e+01 0.0000e+00
     20.000     7.0771   3.315086    32.5751       5605     3.8918    10.5795    10.7670 3.7402e+01 0.0000e+00
     19.000     7.0774   3.315042    32.5748       5629     3.9083    10.5437    10.7576 4.6189e+01 0.0000e+00
     18.000     7.0877   3.315428    32.5697       5651     3.9235    10.5522    10.7736 5.5776e+01 0.0000e+00
     17.000     7.0911   3.315600    32.5688       5673     3.9390    10.5946    10.8007 6.8655e+01 0.0000e+00
     16.000     7.0891   3.315504    32.5702       5700     3.9573    10.5986    10.8060 8.5016e+01 0.0000e+00
     15.000     7.0936   3.315687    32.5684       5730     3.9785    10.6020    10.8121 1.0780e+02 0.0000e+00
     14.000     7.0988   3.315948    32.5668       5760     3.9992    10.6267    10.8133 1.2982e+02 0.0000e+00
     13.000     7.1002   3.315984    32.5664       5787     4.0179    10.6038    10.8188 1.6550e+02 0.0000e+00
     12.000     7.1005   3.316004    32.5668       5812     4.0355    10.5945    10.8193 1.9034e+02 0.0000e+00
     11.000     7.1012   3.316025    32.5668       5837     4.0527    10.5952    10.8193 2.2208e+02 0.0000e+00
     10.000     7.1022   3.316035    32.5665       5860     4.0688    10.6244    10.8130 2.7484e+02 0.0000e+00
      9.000     7.1021   3.315969    32.5664       5882     4.0837    10.6382    10.8160 3.6778e+02 0.0000e+00
      8.000     7.1027   3.315975    32.5663       5904     4.0995    10.6383    10.8147 5.0526e+02 0.0000e+00
      7.000     7.1015   3.315874    32.5668       5935     4.1206    10.6241    10.8252 6.2250e+02 0.0000e+00
      6.000     7.1024   3.315934    32.5671       5973     4.1475    10.6243    10.8274 7.0398e+02 0.0000e+00
      5.000     7.1082   3.316308    32.5662       6003     4.1680    10.6297    10.8073 9.0354e+02 0.0000e+00
      4.000     7.1274   3.317197    32.5582       6023     4.1817    10.6459    10.8091 1.0849e+03 0.0000e+00
      3.000     7.2670   3.327142    32.5351       6039     4.1934    10.6111    10.7835 1.3792e+03 0.0000e+00
      2.000     7.3183   3.332788    32.5485       6181     4.2914    10.6070    10.8654 1.9795e+03 0.0000e+00
