HB2502/ctd189.cnv
* Sea-Bird SBE 9 Data File:
* FileName = C:\cruise\data\ctd189.hex
* Software Version Seasave V 7.26.7.121
* Temperature SN = 4591
* Conductivity SN = 6006
* Number of Bytes Per Scan = 37
* Number of Voltage Words = 4
* Number of Scans Averaged by the Deck Unit = 1
* NMEA Latitude = 42 26.39 N
* NMEA Longitude = 066 49.57 W
* NMEA UTC (Time) = May 07 2025 13:26:49
* NMEA baud rate = 4800
** Ship: Bigelow HB2502
** Program:  Spring Bottom Trawl
** Chief Scientist:Jon Galbraith
# nquan = 10
# nvalues = 669                         
# units = specified
# name 0 = depSM: Depth [salt water, m]
# name 1 = t090C: Temperature [ITS-90, deg C]
# name 2 = c0S/m: Conductivity [S/m]
# name 3 = sal00: Salinity, Practical [PSU]
# name 4 = scan: Scan Count
# name 5 = timeM: Time, Elapsed [minutes]
# name 6 = sbeox0Mg/L: Oxygen, SBE 43 [mg/l]
# name 7 = sbeox1Mg/L: Oxygen, SBE 43, 2 [mg/l]
# name 8 = par: PAR/Irradiance, Biospherical/Licor
# name 9 = flag: flag
# span 0 =      3.000,    337.000       
# span 1 =     5.2432,     8.9921       
# span 2 =   3.168514,   3.710836       
# span 3 =    32.2750,    34.9666       
# span 4 =        466,      19398       
# span 5 =     0.3229,    13.4704       
# span 6 =     5.7767,    10.5656       
# span 7 =     5.9466,    10.7820       
# span 8 = -1.795e-07, 2.8738e+02       
# span 9 = 0.0000e+00, 0.0000e+00       
# interval = meters: 1                  
# start_time = May 07 2025 13:26:49 [NMEA time, header]
# bad_flag = -9.990e-29
*END*
[from data line 145]
    148.000     8.8922   3.670679    34.5732       4618     3.2064     6.3276     6.5022 1.0000e-12 0.0000e+00
    149.000     8.8138   3.667809    34.6190       4639     3.2210     6.3380     6.5136 1.0000e-12 0.0000e+00
    150.000     8.1614   3.604423    34.5865       4662     3.2371     6.3956     6.5520 1.0000e-12 0.0000e+00
    151.000     8.0694   3.590414    34.5272       4689     3.2556     6.2672     6.3347 1.0000e-12 0.0000e+00
    152.000     8.0347   3.586382    34.5176       4718     3.2754     6.1741     6.2936 1.0000e-12 0.0000e+00
    153.000     8.0097   3.583466    34.5105       4748     3.2966     6.2354     6.3878 1.0000e-12 0.0000e+00
    154.000     8.0228   3.584590    34.5093       4780     3.3185     6.2435     6.4137 1.0000e-12 0.0000e+00
    155.000     8.0556   3.587976    34.5127       4805     3.3362     6.2468     6.4224 1.0000e-12 0.0000e+00
    156.000     8.1383   3.597009    34.5274       4825     3.3500     6.2427     6.4213 1.0000e-12 0.0000e+00
    157.000     8.1035   3.596782    34.5587       4844     3.3631     6.2491     6.4271 1.0000e-12 0.0000e+00
    158.000     8.0526   3.593359    34.5719       4870     3.3811     6.2615     6.4240 1.0000e-12 0.0000e+00
    159.000     8.0507   3.593993    34.5800       4917     3.4139     6.1955     6.3569 1.0000e-12 0.0000e+00
    160.000     8.0742   3.597190    34.5906       4946     3.4340     6.1639     6.3348 1.0000e-12 0.0000e+00
    161.000     8.2136   3.609943    34.5889       4965     3.4471     6.1349     6.3096 1.0000e-12 0.0000e+00
    162.000     8.4832   3.640378    34.6469       4983     3.4595     6.1099     6.2799 1.0000e-12 0.0000e+00
    163.000     8.6522   3.662075    34.7101       5004     3.4743     6.1171     6.3102 1.0000e-12 0.0000e+00
    164.000     8.8003   3.680745    34.7611       5039     3.4984     6.1071     6.2913 1.0000e-12 0.0000e+00
    165.000     8.9252   3.697413    34.8134       5077     3.5250     5.9938     6.1761 1.0000e-12 0.0000e+00
    166.000     8.9779   3.705891    34.8502       5104     3.5441     5.9406     6.1341 1.0000e-12 0.0000e+00
    167.000     8.9910   3.710484    34.8850       5128     3.5605     5.9462     6.1024 1.0000e-12 0.0000e+00
    168.000     8.9848   3.710732    34.8932       5150     3.5757     5.9329     6.0694 1.0000e-12 0.0000e+00
    169.000     8.9166   3.706923    34.9197       5171     3.5905     5.9065     6.0328 1.0000e-12 0.0000e+00
    170.000     8.8448   3.701405    34.9319       5195     3.6068     5.8724     6.0119 1.0000e-12 0.0000e+00
    171.000     8.7977   3.697733    34.9391       5229     3.6305     5.8526     5.9870 1.0000e-12 0.0000e+00
    172.000     8.7876   3.697126    34.9422       5268     3.6578     5.8456     5.9758 1.0000e-12 0.0000e+00
    173.000     8.7633   3.695676    34.9504       5292     3.6742     5.8416     5.9803 1.0000e-12 0.0000e+00
    174.000     8.7218   3.692694    34.9594       5311     3.6875     5.8380     5.9839 1.0000e-12 0.0000e+00
    175.000     8.6950   3.690263    34.9598       5330     3.7008     5.8293     5.9700 1.0000e-12 0.0000e+00
    176.000     8.6722   3.688052    34.9584       5356     3.7186     5.8175     5.9466 1.0000e-12 0.0000e+00
    177.000     8.6608   3.686816    34.9562       5395     3.7461     5.8210     5.9644 1.0000e-12 0.0000e+00
    178.000     8.6490   3.685934    34.9581       5430     3.7699     5.8081     5.9689 1.0000e-12 0.0000e+00
    179.000     8.5835   3.680667    34.9666       5454     3.7871     5.8050     5.9665 1.0000e-12 0.0000e+00
    180.000     8.5453   3.676933    34.9644       5476     3.8019     5.8212     5.9635 1.0000e-12 0.0000e+00
    181.000     8.5347   3.675785    34.9623       5496     3.8160     5.8300     5.9504 1.0000e-12 0.0000e+00
    182.000     8.5245   3.674768    34.9611       5519     3.8321     5.8198     5.9546 1.0000e-12 0.0000e+00
    183.000     8.5154   3.673924    34.9607       5551     3.8544     5.8096     5.9692 1.0000e-12 0.0000e+00
    184.000     8.4750   3.670343    34.9623       5588     3.8798     5.8171     5.9915 1.0000e-12 0.0000e+00
    185.000     8.4300   3.666240    34.9628       5619     3.9011     5.8323     5.9806 1.0000e-12 0.0000e+00
    186.000     8.3947   3.663196    34.9650       5641     3.9168     5.8243     5.9755 1.0000e-12 0.0000e+00
    187.000     8.3530   3.659164    34.9630       5660     3.9299     5.8269     5.9737 1.0000e-12 0.0000e+00
    188.000     8.3424   3.657863    34.9592       5679     3.9432     5.8362     5.9687 1.0000e-12 0.0000e+00
    189.000     8.3105   3.654858    34.9583       5705     3.9614     5.8408     5.9712 1.0000e-12 0.0000e+00
    190.000     8.2681   3.650577    34.9543       5749     3.9919     5.8567     5.9888 1.0000e-12 0.0000e+00
    191.000     8.2202   3.645942    34.9520       5784     4.0157     5.8604     6.0089 1.0000e-12 0.0000e+00
    192.000     8.2112   3.644808    34.9483       5806     4.0309     5.8729     6.0133 1.0000e-12 0.0000e+00
    193.000     8.1674   3.641143    34.9524       5824     4.0440     5.8858     6.0123 1.0000e-12 0.0000e+00
    194.000     8.1064   3.635183    34.9488       5844     4.0579     5.8895     6.0093 1.0000e-12 0.0000e+00
    195.000     7.9680   3.621927    34.9441       5871     4.0763     5.8841     6.0196 1.0000e-12 0.0000e+00
    196.000     7.8181   3.606501    34.9275       5908     4.1019     5.8877     6.0158 1.0000e-12 0.0000e+00
    197.000     7.7197   3.597285    34.9260       5941     4.1251     5.9356     6.0621 1.0000e-12 0.0000e+00
    198.000     7.6874   3.593601    34.9180       5965     4.1418     5.9536     6.0961 1.0000e-12 0.0000e+00
    199.000     7.6869   3.593503    34.9169       5987     4.1568     5.9476     6.0969 1.0000e-12 0.0000e+00
    200.000     7.7183   3.597237    34.9253       6012     4.1745     5.9257     6.1060 1.0000e-12 0.0000e+00
    201.000     7.7475   3.600959    34.9359       6044     4.1962     5.9592     6.1279 1.0000e-12 0.0000e+00
    202.000     7.7672   3.603164    34.9394       6070     4.2144     5.9675     6.1173 1.0000e-12 0.0000e+00
    203.000     7.7747   3.604058    34.9411       6092     4.2296     5.9438     6.0910 1.0000e-12 0.0000e+00
    204.000     7.7639   3.603409    34.9444       6116     4.2467     5.9395     6.0719 1.0000e-12 0.0000e+00
    205.000     7.7527   3.602168    34.9418       6150     4.2702     5.9298     6.0647 1.0000e-12 0.0000e+00
    206.000     7.7461   3.601632    34.9421       6182     4.2921     5.9192     6.0659 1.0000e-12 0.0000e+00
    207.000     7.7133   3.598853    34.9444       6204     4.3077     5.9222     6.0721 1.0000e-12 0.0000e+00
    208.000     7.6979   3.597100    34.9404       6225     4.3220     5.9358     6.0608 1.0000e-12 0.0000e+00
    209.000     7.6723   3.594647    34.9390       6251     4.3402     5.9476     6.0638 1.0000e-12 0.0000e+00
    210.000     7.6430   3.591500    34.9339       6291     4.3683     5.9290     6.0745 1.0000e-12 0.0000e+00
    211.000     7.6326   3.590498    34.9330       6322     4.3897     5.9193     6.0947 1.0000e-12 0.0000e+00
    212.000     7.6077   3.588293    34.9336       6342     4.4035     5.9353     6.1042 1.0000e-12 0.0000e+00
    213.000     7.5646   3.584120    34.9311       6360     4.4161     5.9486     6.1006 1.0000e-12 0.0000e+00
    214.000     7.5576   3.583220    34.9278       6381     4.4305     5.9405     6.0790 1.0000e-12 0.0000e+00
    215.000     7.5040   3.578301    34.9278       6415     4.4543     5.9582     6.1072 1.0000e-12 0.0000e+00
    216.000     7.4605   3.573714    34.9212       6454     4.4816     5.9986     6.1078 1.0000e-12 0.0000e+00
    217.000     7.4480   3.572682    34.9221       6480     4.4993     5.9974     6.1091 1.0000e-12 0.0000e+00
    218.000     7.4170   3.569645    34.9197       6502     4.5148     5.9994     6.1248 1.0000e-12 0.0000e+00
    219.000     7.3850   3.566547    34.9176       6525     4.5308     6.0077     6.1356 1.0000e-12 0.0000e+00
    220.000     7.3734   3.565358    34.9159       6550     4.5478     5.9965     6.1265 1.0000e-12 0.0000e+00
    221.000     7.3495   3.562781    34.9114       6577     4.5665     5.9755     6.1384 1.0000e-12 0.0000e+00
    222.000     7.3533   3.563221    34.9118       6606     4.5867     5.9897     6.1483 1.0000e-12 0.0000e+00
    223.000     7.3468   3.562733    34.9125       6635     4.6070     6.0275     6.1557 1.0000e-12 0.0000e+00
    224.000     7.3385   3.561858    34.9109       6664     4.6274     6.0242     6.1605 1.0000e-12 0.0000e+00
    225.000     7.3256   3.560686    34.9106       6693     4.6472     6.0179     6.1593 1.0000e-12 0.0000e+00
    226.000     7.3180   3.559878    34.9089       6719     4.6652     6.0240     6.1611 1.0000e-12 0.0000e+00
    227.000     7.3089   3.559242    34.9106       6744     4.6825     6.0091     6.1700 1.0000e-12 0.0000e+00
    228.000     7.3016   3.558547    34.9099       6769     4.6999     6.0135     6.1687 1.0000e-12 0.0000e+00
    229.000     7.2541   3.554417    34.9122       6794     4.7172     6.0213     6.1740 1.0000e-12 0.0000e+00
    230.000     7.2386   3.552616    34.9077       6821     4.7360     6.0216     6.1682 1.0000e-12 0.0000e+00
    231.000     7.2151   3.550566    34.9085       6853     4.7581     6.0253     6.1687 1.0000e-12 0.0000e+00
    232.000     7.1341   3.543158    34.9086       6883     4.7794     6.0387     6.1744 1.0000e-12 0.0000e+00
    233.000     7.0473   3.535202    34.9085       6908     4.7966     6.0394     6.1794 1.0000e-12 0.0000e+00
    234.000     7.0203   3.531847    34.8985       6930     4.8118     6.0370     6.1772 1.0000e-12 0.0000e+00
    235.000     7.0172   3.531398    34.8962       6953     4.8274     6.0416     6.1735 1.0000e-12 0.0000e+00
    236.000     7.0131   3.530930    34.8947       6980     4.8463     6.0568     6.1903 1.0000e-12 0.0000e+00
    237.000     7.0064   3.530202    34.8930       7014     4.8702     6.0479     6.2048 1.0000e-12 0.0000e+00
    238.000     6.9920   3.528894    34.8927       7048     4.8936     6.0613     6.2111 1.0000e-12 0.0000e+00
    239.000     6.9691   3.526689    34.8911       7074     4.9118     6.0663     6.2055 1.0000e-12 0.0000e+00
    240.000     6.9660   3.526278    34.8892       7095     4.9266     6.0528     6.1952 1.0000e-12 0.0000e+00
    241.000     6.9626   3.525981    34.8888       7116     4.9406     6.0575     6.1970 1.0000e-12 0.0000e+00
    242.000     6.9604   3.525729    34.8878       7140     4.9577     6.0741     6.1953 1.0000e-12 0.0000e+00
    243.000     6.9595   3.525585    34.8866       7177     4.9836     6.0670     6.2018 1.0000e-12 0.0000e+00
    244.000     6.9576   3.525414    34.8862       7214     5.0087     6.0427     6.2034 1.0000e-12 0.0000e+00
    245.000     6.9569   3.525348    34.8856       7236     5.0244     6.0438     6.2001 1.0000e-12 0.0000e+00
    246.000     6.9575   3.525434    34.8855       7256     5.0379     6.0525     6.2020 1.0000e-12 0.0000e+00
    247.000     6.9567   3.525434    34.8858       7275     5.0517     6.0581     6.1921 1.0000e-12 0.0000e+00
    248.000     6.9543   3.525196    34.8851       7300     5.0689     6.0408     6.1939 1.0000e-12 0.0000e+00
    249.000     6.9539   3.525149    34.8846       7337     5.0944     6.0117     6.2016 1.0000e-12 0.0000e+00
    250.000     6.9540   3.525171    34.8842       7372     5.1191     6.0578     6.1927 1.0000e-12 0.0000e+00
    251.000     6.9542   3.525230    34.8841       7399     5.1376     6.0751     6.1860 1.0000e-12 0.0000e+00
    252.000     6.9542   3.525256    34.8839       7422     5.1537     6.0667     6.1903 1.0000e-12 0.0000e+00
    253.000     6.9542   3.525290    34.8837       7445     5.1693     6.0332     6.2011 1.0000e-12 0.0000e+00
    254.000     6.9542   3.525327    34.8836       7468     5.1856     6.0299     6.2016 1.0000e-12 0.0000e+00
    255.000     6.9542   3.525356    34.8835       7495     5.2039     6.0596     6.1893 1.0000e-12 0.0000e+00
    256.000     6.9542   3.525386    34.8833       7523     5.2238     6.0684     6.1917 1.0000e-12 0.0000e+00
    257.000     6.9544   3.525434    34.8831       7553     5.2442     6.0665     6.1967 1.0000e-12 0.0000e+00
    258.000     6.9545   3.525487    34.8831       7581     5.2641     6.0485     6.1964 1.0000e-12 0.0000e+00
    259.000     6.9545   3.525524    34.8830       7610     5.2837     6.0559     6.1935 1.0000e-12 0.0000e+00
    260.000     6.9545   3.525568    34.8830       7638     5.3033     6.0666     6.1902 1.0000e-12 0.0000e+00
    261.000     6.9547   3.525613    34.8828       7666     5.3227     6.0572     6.1887 1.0000e-12 0.0000e+00
    262.000     6.9550   3.525678    34.8827       7691     5.3403     6.0463     6.1940 1.0000e-12 0.0000e+00
    263.000     6.9550   3.525731    34.8828       7714     5.3565     6.0552     6.1958 1.0000e-12 0.0000e+00
    264.000     6.9553   3.525803    34.8827       7739     5.3738     6.0487     6.1929 1.0000e-12 0.0000e+00
    265.000     6.9551   3.525820    34.8826       7771     5.3957     6.0383     6.1901 1.0000e-12 0.0000e+00
    266.000     6.9553   3.525874    34.8826       7804     5.4191     6.0133     6.2013 1.0000e-12 0.0000e+00
    267.000     6.9556   3.525940    34.8825       7830     5.4365     6.0260     6.1965 1.0000e-12 0.0000e+00
    268.000     6.9560   3.526017    34.8825       7850     5.4505     6.0448     6.1870 1.0000e-12 0.0000e+00
    269.000     6.9560   3.526064    34.8825       7870     5.4648     6.0603     6.1731 1.0000e-12 0.0000e+00
    270.000     6.9560   3.526113    34.8825       7900     5.4851     6.0411     6.1746 1.0000e-12 0.0000e+00
    271.000     6.9563   3.526180    34.8824       7939     5.5124     6.0249     6.1850 1.0000e-12 0.0000e+00
    272.000     6.9565   3.526243    34.8823       7966     5.5315     6.0546     6.1999 1.0000e-12 0.0000e+00
    273.000     6.9567   3.526310    34.8824       7988     5.5463     6.0633     6.1942 1.0000e-12 0.0000e+00
    274.000     6.9568   3.526358    34.8823       8008     5.5605     6.0652     6.1931 1.0000e-12 0.0000e+00
    275.000     6.9568   3.526403    34.8823       8034     5.5785     6.0616     6.1952 1.0000e-12 0.0000e+00
    276.000     6.9568   3.526450    34.8823       8073     5.6055     6.0441     6.1988 1.0000e-12 0.0000e+00
    277.000     6.9573   3.526523    34.8822       8104     5.6273     6.0406     6.1937 1.0000e-12 0.0000e+00
    278.000     6.9570   3.526541    34.8822       8126     5.6424     6.0398     6.1956 1.0000e-12 0.0000e+00
    279.000     6.9575   3.526631    34.8822       8147     5.6566     6.0575     6.1970 1.0000e-12 0.0000e+00
    280.000     6.9571   3.526651    34.8823       8169     5.6724     6.0521     6.1924 1.0000e-12 0.0000e+00
    281.000     6.9572   3.526698    34.8822       8197     5.6916     6.0384     6.1854 1.0000e-12 0.0000e+00
    282.000     6.9574   3.526757    34.8821       8229     5.7141     6.0323     6.1911 1.0000e-12 0.0000e+00
    283.000     6.9575   3.526808    34.8821       8259     5.7347     6.0528     6.1923 1.0000e-12 0.0000e+00
    284.000     6.9569   3.526797    34.8821       8283     5.7514     6.0561     6.1859 1.0000e-12 0.0000e+00
    285.000     6.9569   3.526836    34.8820       8308     5.7688     6.0443     6.1821 1.0000e-12 0.0000e+00
    286.000     6.9571   3.526883    34.8819       8340     5.7907     6.0574     6.1895 1.0000e-12 0.0000e+00
    287.000     6.9573   3.526953    34.8819       8369     5.8111     6.0511     6.1931 1.0000e-12 0.0000e+00
    288.000     6.9574   3.527005    34.8819       8393     5.8275     6.0385     6.1946 1.0000e-12 0.0000e+00
    289.000     6.9574   3.527065    34.8820       8416     5.8438     6.0417     6.1988 1.0000e-12 0.0000e+00
    290.000     6.9575   3.527107    34.8819       8443     5.8626     6.0429     6.1871 1.0000e-12 0.0000e+00
