HB2502/ctd152.cnv
* Sea-Bird SBE 9 Data File:
* FileName = C:\cruise\data\ctd152.hex
* Software Version Seasave V 7.26.7.121
* Temperature SN = 6768
* Conductivity SN = 6166
* Number of Bytes Per Scan = 37
* Number of Voltage Words = 4
* Number of Scans Averaged by the Deck Unit = 1
* NMEA Latitude = 40 35.43 N
* NMEA Longitude = 067 49.48 W
* NMEA UTC (Time) = Apr 13 2025 13:07:46
* NMEA baud rate = 4800
** Ship: Bigelow HB2502
** Program:  Spring Bottom Trawl
** Chief Scientist:Jon Galbraith
# nquan = 7
# nvalues = 166                         
# units = specified
# name 0 = depSM: Depth [salt water, m]
# name 1 = t090C: Temperature [ITS-90, deg C]
# name 2 = c0S/m: Conductivity [S/m]
# name 3 = sal00: Salinity, Practical [PSU]
# name 4 = scan: Scan Count
# name 5 = timeM: Time, Elapsed [minutes]
# name 6 = flag: flag
# span 0 =      1.000,     85.000       
# span 1 =     4.7738,     6.1105       
# span 2 =   1.858863,   3.286640       
# span 3 =    18.6355,    33.1588       
# span 4 =        174,       6330       
# span 5 =     0.1200,     4.3948       
# span 6 = 0.0000e+00, 0.0000e+00       
# interval = meters: 1                  
# start_time = Apr 13 2025 13:07:46 [NMEA time, header]
# bad_flag = -9.990e-29
*END*
      4.000     5.3731   3.178825    32.7018        174     0.1200 0.0000e+00
      5.000     5.3030   3.142026    32.3503        278     0.1923 0.0000e+00
      6.000     5.3534   3.136256    32.2354        313     0.2167 0.0000e+00
      7.000     5.3433   3.134408    32.2236        334     0.2315 0.0000e+00
      8.000     5.3310   3.133550    32.2252        355     0.2461 0.0000e+00
      9.000     5.2318   3.133690    32.3220        378     0.2617 0.0000e+00
     10.000     5.1789   3.131019    32.3421        403     0.2795 0.0000e+00
     11.000     5.1401   3.128994    32.3561        432     0.2994 0.0000e+00
     12.000     5.1085   3.131491    32.4148        469     0.3251 0.0000e+00
     13.000     5.0737   3.127038    32.3972        506     0.3508 0.0000e+00
     14.000     5.0334   3.119818    32.3530        529     0.3665 0.0000e+00
     15.000     5.0117   3.116586    32.3365        547     0.3794 0.0000e+00
     16.000     5.0060   3.116115    32.3361        566     0.3921 0.0000e+00
     17.000     5.0023   3.122645    32.4142        590     0.4091 0.0000e+00
     18.000     5.0444   3.130039    32.4576        637     0.4415 0.0000e+00
     19.000     4.9808   3.123842    32.4479        675     0.4678 0.0000e+00
     20.000     4.9126   3.109729    32.3514        695     0.4819 0.0000e+00
     21.000     4.9010   3.106938    32.3301        713     0.4943 0.0000e+00
     22.000     4.8866   3.108136    32.3574        732     0.5077 0.0000e+00
     23.000     4.8844   3.118126    32.4742        762     0.5284 0.0000e+00
     24.000     4.9794   3.120019    32.4028        806     0.5591 0.0000e+00
     25.000     4.8625   3.114414    32.4517        834     0.5788 0.0000e+00
     26.000     4.8267   3.107609    32.4077        856     0.5938 0.0000e+00
     27.000     4.8147   3.106557    32.4067        877     0.6084 0.0000e+00
     28.000     4.8096   3.108788    32.4370        902     0.6257 0.0000e+00
     29.000     4.8034   3.109863    32.4549        937     0.6498 0.0000e+00
     30.000     4.7913   3.107327    32.4370        972     0.6742 0.0000e+00
     31.000     4.7756   3.105077    32.4258        997     0.6918 0.0000e+00
     32.000     4.7738   3.104015    32.4148       1019     0.7073 0.0000e+00
     33.000     4.7750   3.104647    32.4204       1043     0.7237 0.0000e+00
     34.000     4.7807   3.105734    32.4269       1072     0.7436 0.0000e+00
     35.000     4.7938   3.106056    32.4173       1104     0.7657 0.0000e+00
     36.000     4.8066   3.106935    32.4144       1132     0.7854 0.0000e+00
     37.000     4.8216   3.108713    32.4198       1160     0.8050 0.0000e+00
     38.000     4.8364   3.110127    32.4212       1189     0.8251 0.0000e+00
     39.000     4.8481   3.111270    32.4225       1215     0.8431 0.0000e+00
     40.000     4.8671   3.112649    32.4193       1238     0.8593 0.0000e+00
     41.000     4.8853   3.114096    32.4177       1264     0.8773 0.0000e+00
     42.000     4.9051   3.115814    32.4177       1298     0.9006 0.0000e+00
     43.000     5.0241   3.117661    32.3228       1330     0.9227 0.0000e+00
     44.000     5.3722   3.131274    32.1418       1354     0.9394 0.0000e+00
     45.000     5.5164   3.169690    32.4383       1376     0.9548 0.0000e+00
     46.000     5.5690   3.191897    32.6386       1401     0.9721 0.0000e+00
     47.000     5.6054   3.205313    32.7546       1432     0.9937 0.0000e+00
     48.000     5.6210   3.213874    32.8358       1465     1.0163 0.0000e+00
     49.000     5.6357   3.219060    32.8796       1492     1.0356 0.0000e+00
     50.000     5.6527   3.223450    32.9123       1518     1.0537 0.0000e+00
     51.000     5.6668   3.226417    32.9315       1544     1.0719 0.0000e+00
     52.000     5.6717   3.227526    32.9388       1570     1.0893 0.0000e+00
     53.000     5.6756   3.228216    32.9423       1594     1.1060 0.0000e+00
     54.000     5.7080   3.231900    32.9517       1620     1.1244 0.0000e+00
     55.000     5.7802   3.241824    32.9927       1657     1.1503 0.0000e+00
     56.000     5.8096   3.246137    33.0120       1693     1.1753 0.0000e+00
     57.000     5.8367   3.249664    33.0247       1715     1.1901 0.0000e+00
     58.000     5.8557   3.252221    33.0345       1732     1.2020 0.0000e+00
     59.000     5.8682   3.253940    33.0411       1749     1.2142 0.0000e+00
     60.000     5.8782   3.255324    33.0465       1780     1.2355 0.0000e+00
     61.000     5.8935   3.257363    33.0539       1833     1.2723 0.0000e+00
     62.000     5.9212   3.260735    33.0642       1857     1.2891 0.0000e+00
     63.000     5.9653   3.266147    33.0815       1875     1.3013 0.0000e+00
     64.000     5.9782   3.268005    33.0892       1892     1.3133 0.0000e+00
     65.000     6.0069   3.271809    33.1033       1915     1.3289 0.0000e+00
     66.000     6.0154   3.273074    33.1087       1957     1.3586 0.0000e+00
     67.000     6.0221   3.274052    33.1126       1995     1.3850 0.0000e+00
     68.000     6.0194   3.273816    33.1121       2015     1.3986 0.0000e+00
     69.000     6.0297   3.275205    33.1171       2032     1.4107 0.0000e+00
     70.000     6.0258   3.274795    33.1158       2052     1.4246 0.0000e+00
     71.000     6.0301   3.275410    33.1180       2087     1.4485 0.0000e+00
     72.000     6.0413   3.276810    33.1223       2131     1.4790 0.0000e+00
     73.000     6.0578   3.279041    33.1306       2156     1.4963 0.0000e+00
     74.000     6.0513   3.278345    33.1287       2178     1.5117 0.0000e+00
     75.000     6.0641   3.279958    33.1337       2203     1.5290 0.0000e+00
     76.000     6.0859   3.282801    33.1439       2230     1.5477 0.0000e+00
     77.000     6.0945   3.284010    33.1485       2254     1.5643 0.0000e+00
     78.000     6.0961   3.284263    33.1493       2277     1.5805 0.0000e+00
     79.000     6.1002   3.284853    33.1514       2312     1.6052 0.0000e+00
     80.000     6.1055   3.285631    33.1544       2353     1.6334 0.0000e+00
     81.000     6.1090   3.286143    33.1562       2375     1.6486 0.0000e+00
     82.000     6.1090   3.286203    33.1563       2393     1.6610 0.0000e+00
     83.000     6.1103   3.286410    33.1569       2413     1.6749 0.0000e+00
     84.000     6.1092   3.286403    33.1574       2585     1.7946 0.0000e+00
     85.000     6.1086   3.286472    33.1583       3608     2.5050 0.0000e+00
     84.000     6.1105   3.286640    33.1588       3398     2.3593 0.0000e+00
     83.000     6.1085   3.286380    33.1583       3537     2.4555 0.0000e+00
     82.000     6.1098   3.286492    33.1588       3671     2.5487 0.0000e+00
     81.000     6.1088   3.286319    33.1583       3695     2.5655 0.0000e+00
     80.000     6.1062   3.285973    33.1575       3718     2.5810 0.0000e+00
     79.000     6.1047   3.285729    33.1567       3739     2.5959 0.0000e+00
     78.000     6.1053   3.285762    33.1570       3765     2.6137 0.0000e+00
     77.000     6.1054   3.285718    33.1570       3797     2.6362 0.0000e+00
     76.000     6.1035   3.285462    33.1564       3826     2.6563 0.0000e+00
     75.000     6.1014   3.285147    33.1555       3848     2.6718 0.0000e+00
     74.000     6.0996   3.284868    33.1546       3870     2.6867 0.0000e+00
     73.000     6.0929   3.284052    33.1525       3892     2.7018 0.0000e+00
     72.000     6.0814   3.282613    33.1481       3915     2.7179 0.0000e+00
     71.000     6.0732   3.281449    33.1436       3941     2.7364 0.0000e+00
     70.000     6.0635   3.280221    33.1399       3974     2.7592 0.0000e+00
     69.000     6.0551   3.278875    33.1334       4011     2.7847 0.0000e+00
     68.000     6.0509   3.278367    33.1324       4037     2.8029 0.0000e+00
     67.000     6.0500   3.278086    33.1306       4056     2.8157 0.0000e+00
     66.000     6.0402   3.276971    33.1281       4072     2.8268 0.0000e+00
     65.000     6.0208   3.274501    33.1199       4088     2.8381 0.0000e+00
     64.000     6.0084   3.272793    33.1134       4110     2.8535 0.0000e+00
     63.000     5.9827   3.269466    33.1017       4161     2.8887 0.0000e+00
     62.000     5.9686   3.267566    33.0947       4195     2.9128 0.0000e+00
     61.000     5.9476   3.264901    33.0857       4215     2.9267 0.0000e+00
     60.000     5.9364   3.263412    33.0804       4234     2.9393 0.0000e+00
     59.000     5.9124   3.260353    33.0700       4253     2.9526 0.0000e+00
     58.000     5.8898   3.257633    33.0621       4274     2.9676 0.0000e+00
     57.000     5.8782   3.256086    33.0565       4299     2.9847 0.0000e+00
     56.000     5.8659   3.254604    33.0523       4326     3.0033 0.0000e+00
     55.000     5.8299   3.250276    33.0393       4356     3.0245 0.0000e+00
     54.000     5.8061   3.246889    33.0249       4389     3.0475 0.0000e+00
     53.000     5.7462   3.239163    32.9968       4417     3.0666 0.0000e+00
     52.000     5.6964   3.232440    32.9702       4440     3.0825 0.0000e+00
     51.000     5.6901   3.231431    32.9654       4461     3.0974 0.0000e+00
     50.000     5.6781   3.229953    32.9609       4484     3.1130 0.0000e+00
     49.000     5.6683   3.228355    32.9530       4509     3.1308 0.0000e+00
     48.000     5.6554   3.226661    32.9469       4537     3.1502 0.0000e+00
     47.000     5.6337   3.223320    32.9309       4564     3.1685 0.0000e+00
     46.000     5.6109   3.219813    32.9140       4589     3.1859 0.0000e+00
     45.000     5.5893   3.216615    32.8993       4615     3.2039 0.0000e+00
     44.000     5.5776   3.214964    32.8926       4643     3.2237 0.0000e+00
     43.000     5.5606   3.212508    32.8819       4669     3.2418 0.0000e+00
     42.000     5.4655   3.198987    32.8218       4693     3.2582 0.0000e+00
     41.000     5.2819   3.174416    32.7219       4720     3.2768 0.0000e+00
     40.000     5.0447   3.141619    32.5791       4749     3.2975 0.0000e+00
     39.000     4.9481   3.128059    32.5181       4775     3.3152 0.0000e+00
     38.000     4.9019   3.121143    32.4842       4796     3.3301 0.0000e+00
     37.000     4.8883   3.118801    32.4710       4818     3.3449 0.0000e+00
     36.000     4.8597   3.114842    32.4538       4842     3.3617 0.0000e+00
     35.000     4.8435   3.112501    32.4432       4870     3.3816 0.0000e+00
     34.000     4.8218   3.109371    32.4287       4903     3.4041 0.0000e+00
     33.000     4.8006   3.105553    32.4059       4936     3.4270 0.0000e+00
     32.000     4.7921   3.103049    32.3858       4960     3.4436 0.0000e+00
     31.000     4.7831   3.100837    32.3695       4978     3.4566 0.0000e+00
     30.000     4.7803   3.099986    32.3629       4996     3.4687 0.0000e+00
     29.000     4.7800   3.098317    32.3445       5017     3.4832 0.0000e+00
     28.000     4.7939   3.098300    32.3312       5050     3.5065 0.0000e+00
     27.000     4.7930   3.098093    32.3302       5091     3.5347 0.0000e+00
     26.000     4.8108   3.098437    32.3173       5116     3.5521 0.0000e+00
     25.000     4.8162   3.098398    32.3121       5137     3.5664 0.0000e+00
     24.000     4.8208   3.098252    32.3065       5157     3.5806 0.0000e+00
     23.000     4.8232   3.097860    32.3001       5179     3.5962 0.0000e+00
     22.000     4.8244   3.096864    32.2880       5205     3.6141 0.0000e+00
     21.000     4.8281   3.096106    32.2761       5235     3.6347 0.0000e+00
     20.000     4.8426   3.096357    32.2654       5266     3.6561 0.0000e+00
     19.000     4.8818   3.098170    32.2488       5293     3.6750 0.0000e+00
     18.000     4.9256   3.100968    32.2390       5318     3.6924 0.0000e+00
     17.000     4.9671   3.104311    32.2378       5344     3.7105 0.0000e+00
     16.000     4.9912   3.106455    32.2395       5370     3.7282 0.0000e+00
     15.000     5.0095   3.108049    32.2406       5394     3.7451 0.0000e+00
     14.000     5.0326   3.109837    32.2392       5417     3.7609 0.0000e+00
     13.000     5.0433   3.110782    32.2403       5441     3.7777 0.0000e+00
     12.000     5.0408   3.110546    32.2405       5472     3.7995 0.0000e+00
     11.000     5.0802   3.112883    32.2297       5509     3.8248 0.0000e+00
     10.000     5.1441   3.117340    32.2194       5532     3.8412 0.0000e+00
      9.000     5.1892   3.120465    32.2121       5551     3.8540 0.0000e+00
      8.000     5.2380   3.123053    32.1951       5568     3.8662 0.0000e+00
      7.000     5.2857   3.125475    32.1774       5588     3.8802 0.0000e+00
      6.000     5.3620   3.129455    32.1498       5625     3.9053 0.0000e+00
      5.000     5.3853   3.131205    32.1479       5674     3.9392 0.0000e+00
      4.000     5.3912   3.131238    32.1430       5695     3.9545 0.0000e+00
      3.000     5.3944   3.131439    32.1427       5714     3.9671 0.0000e+00
      2.000     5.3943   3.132052    32.1503       6088     4.2271 0.0000e+00
      1.000     5.4960   1.858863    18.6355       6330     4.3948 0.0000e+00
