HB2502/ctd130.cnv
* Sea-Bird SBE 9 Data File:
* FileName = C:\cruise\data\ctd130.hex
* Software Version Seasave V 7.26.7.121
* Temperature SN = 6768
* Conductivity SN = 6166
* Number of Bytes Per Scan = 37
* Number of Voltage Words = 4
* Number of Scans Averaged by the Deck Unit = 1
* NMEA Latitude = 41 06.96 N
* NMEA Longitude = 068 58.66 W
* NMEA UTC (Time) = Apr 07 2025 17:33:02
* NMEA baud rate = 4800
** Ship: Bigelow HB2502
** Program:  Spring Bottom Trawl
** Chief Scientist:Jon Galbraith
# nquan = 7
# nvalues = 174                         
# units = specified
# name 0 = depSM: Depth [salt water, m]
# name 1 = t090C: Temperature [ITS-90, deg C]
# name 2 = c0S/m: Conductivity [S/m]
# name 3 = sal00: Salinity, Practical [PSU]
# name 4 = scan: Scan Count
# name 5 = timeM: Time, Elapsed [minutes]
# name 6 = flag: flag
# span 0 =      2.000,     89.000       
# span 1 =     5.8524,     5.9303       
# span 2 =   3.239628,   3.242598       
# span 3 =    32.8537,    32.9190       
# span 4 =         67,       6167       
# span 5 =     0.0458,     4.2820       
# span 6 = 0.0000e+00, 0.0000e+00       
# interval = meters: 1                  
# start_time = Apr 07 2025 17:33:02 [NMEA time, header]
# bad_flag = -9.990e-29
*END*
      3.000     5.9247   3.239687    32.8537         67     0.0458 0.0000e+00
      4.000     5.9303   3.240427    32.8561        432     0.2993 0.0000e+00
      5.000     5.9258   3.240643    32.8623        701     0.4863 0.0000e+00
      6.000     5.9251   3.240885    32.8652        712     0.4939 0.0000e+00
      7.000     5.9238   3.241242    32.8700        734     0.5091 0.0000e+00
      8.000     5.9237   3.241370    32.8710        785     0.5447 0.0000e+00
      9.000     5.9232   3.241599    32.8736        815     0.5653 0.0000e+00
     10.000     5.9236   3.241615    32.8729        835     0.5792 0.0000e+00
     11.000     5.9240   3.241700    32.8730        860     0.5963 0.0000e+00
     12.000     5.9241   3.241768    32.8732        891     0.6181 0.0000e+00
     13.000     5.9243   3.242012    32.8752        923     0.6400 0.0000e+00
     14.000     5.9250   3.242148    32.8756        945     0.6558 0.0000e+00
     15.000     5.9254   3.242213    32.8754        964     0.6688 0.0000e+00
     16.000     5.9243   3.242072    32.8744        984     0.6825 0.0000e+00
     17.000     5.9215   3.242302    32.8792       1009     0.6999 0.0000e+00
     18.000     5.9204   3.242064    32.8771       1057     0.7330 0.0000e+00
     19.000     5.9102   3.242322    32.8894       1094     0.7588 0.0000e+00
     20.000     5.9096   3.242235    32.8886       1111     0.7709 0.0000e+00
     21.000     5.9057   3.242188    32.8913       1126     0.7815 0.0000e+00
     22.000     5.8997   3.242093    32.8956       1143     0.7929 0.0000e+00
     23.000     5.9009   3.242381    32.8971       1168     0.8105 0.0000e+00
     24.000     5.9113   3.242570    32.8886       1221     0.8473 0.0000e+00
     25.000     5.8877   3.242268    32.9077       1255     0.8710 0.0000e+00
     26.000     5.8816   3.241371    32.9031       1276     0.8856 0.0000e+00
     27.000     5.8790   3.241229    32.9036       1294     0.8983 0.0000e+00
     28.000     5.8757   3.241209    32.9061       1312     0.9103 0.0000e+00
     29.000     5.8674   3.241283    32.9144       1330     0.9229 0.0000e+00
     30.000     5.8726   3.241895    32.9157       1357     0.9413 0.0000e+00
     31.000     5.8799   3.242250    32.9121       1406     0.9757 0.0000e+00
     32.000     5.8718   3.241942    32.9161       1441     1.0003 0.0000e+00
     33.000     5.8662   3.241309    32.9138       1463     1.0153 0.0000e+00
     34.000     5.8647   3.240966    32.9110       1482     1.0283 0.0000e+00
     35.000     5.8640   3.241367    32.9157       1503     1.0432 0.0000e+00
     36.000     5.8665   3.241924    32.9190       1544     1.0712 0.0000e+00
     37.000     5.8646   3.241595    32.9167       1583     1.0988 0.0000e+00
     38.000     5.8646   3.241160    32.9113       1601     1.1108 0.0000e+00
     39.000     5.8644   3.240999    32.9092       1616     1.1213 0.0000e+00
     40.000     5.8634   3.241050    32.9103       1630     1.1315 0.0000e+00
     41.000     5.8632   3.241534    32.9154       1648     1.1438 0.0000e+00
     42.000     5.8628   3.241758    32.9178       1682     1.1671 0.0000e+00
     43.000     5.8640   3.241893    32.9176       1758     1.2202 0.0000e+00
     44.000     5.8645   3.241324    32.9103       1781     1.2364 0.0000e+00
     45.000     5.8641   3.241212    32.9088       1796     1.2468 0.0000e+00
     46.000     5.8616   3.241061    32.9091       1810     1.2560 0.0000e+00
     47.000     5.8591   3.240896    32.9092       1823     1.2653 0.0000e+00
     48.000     5.8594   3.240876    32.9082       1840     1.2774 0.0000e+00
     49.000     5.8605   3.240956    32.9075       1876     1.3019 0.0000e+00
     50.000     5.8596   3.240926    32.9075       1920     1.3328 0.0000e+00
     51.000     5.8592   3.240854    32.9066       1954     1.3565 0.0000e+00
     52.000     5.8584   3.240806    32.9063       1979     1.3736 0.0000e+00
     53.000     5.8585   3.240846    32.9062       1997     1.3863 0.0000e+00
     54.000     5.8580   3.240833    32.9061       2015     1.3987 0.0000e+00
     55.000     5.8565   3.240763    32.9062       2041     1.4166 0.0000e+00
     56.000     5.8570   3.240837    32.9061       2084     1.4466 0.0000e+00
     57.000     5.8578   3.240933    32.9058       2114     1.4676 0.0000e+00
     58.000     5.8580   3.240973    32.9056       2135     1.4821 0.0000e+00
     59.000     5.8580   3.241028    32.9058       2154     1.4952 0.0000e+00
     60.000     5.8570   3.241030    32.9063       2173     1.5083 0.0000e+00
     61.000     5.8574   3.241086    32.9060       2193     1.5222 0.0000e+00
     62.000     5.8586   3.241196    32.9056       2237     1.5530 0.0000e+00
     63.000     5.8596   3.241309    32.9054       2303     1.5988 0.0000e+00
     64.000     5.8586   3.241294    32.9057       2320     1.6104 0.0000e+00
     65.000     5.8582   3.241329    32.9060       2334     1.6199 0.0000e+00
     66.000     5.8575   3.241345    32.9064       2346     1.6286 0.0000e+00
     67.000     5.8587   3.241459    32.9060       2358     1.6366 0.0000e+00
     68.000     5.8579   3.241436    32.9059       2371     1.6457 0.0000e+00
     69.000     5.8570   3.241397    32.9059       2389     1.6581 0.0000e+00
     70.000     5.8591   3.241517    32.9047       2473     1.7169 0.0000e+00
     71.000     5.8585   3.241523    32.9049       2513     1.7447 0.0000e+00
     72.000     5.8578   3.241499    32.9048       2530     1.7561 0.0000e+00
     73.000     5.8574   3.241510    32.9048       2545     1.7665 0.0000e+00
     74.000     5.8577   3.241577    32.9048       2559     1.7767 0.0000e+00
     75.000     5.8578   3.241642    32.9049       2576     1.7883 0.0000e+00
     76.000     5.8581   3.241693    32.9047       2599     1.8043 0.0000e+00
     77.000     5.8581   3.241715    32.9045       2635     1.8293 0.0000e+00
     78.000     5.8581   3.241775    32.9046       2667     1.8511 0.0000e+00
     79.000     5.8581   3.241829    32.9047       2690     1.8675 0.0000e+00
     80.000     5.8582   3.241875    32.9046       2719     1.8872 0.0000e+00
     81.000     5.8583   3.241940    32.9047       2761     1.9166 0.0000e+00
     82.000     5.8582   3.241986    32.9049       2795     1.9404 0.0000e+00
     83.000     5.8584   3.242054    32.9050       2816     1.9552 0.0000e+00
     84.000     5.8583   3.242114    32.9053       2835     1.9677 0.0000e+00
     85.000     5.8583   3.242145    32.9051       2852     1.9800 0.0000e+00
     86.000     5.8586   3.242216    32.9051       2871     1.9931 0.0000e+00
     87.000     5.8588   3.242252    32.9049       2894     2.0092 0.0000e+00
     88.000     5.8591   3.242334    32.9049       3004     2.0858 0.0000e+00
     89.000     5.8610   3.242568    32.9052       3354     2.3288 0.0000e+00
     88.000     5.8619   3.242598    32.9052       3419     2.3739 0.0000e+00
     87.000     5.8621   3.242571    32.9052       3545     2.4614 0.0000e+00
     86.000     5.8601   3.242377    32.9055       3906     2.7121 0.0000e+00
     85.000     5.8590   3.242259    32.9057       3942     2.7367 0.0000e+00
     84.000     5.8577   3.242134    32.9060       3989     2.7692 0.0000e+00
     83.000     5.8575   3.242072    32.9060       4049     2.8112 0.0000e+00
     82.000     5.8577   3.241912    32.9046       4073     2.8280 0.0000e+00
     81.000     5.8572   3.241948    32.9060       4091     2.8401 0.0000e+00
     80.000     5.8571   3.241900    32.9060       4106     2.8510 0.0000e+00
     79.000     5.8570   3.241861    32.9061       4123     2.8622 0.0000e+00
     78.000     5.8563   3.241790    32.9065       4142     2.8755 0.0000e+00
     77.000     5.8557   3.241697    32.9066       4170     2.8951 0.0000e+00
     76.000     5.8558   3.241671    32.9067       4204     2.9188 0.0000e+00
     75.000     5.8554   3.241588    32.9067       4231     2.9376 0.0000e+00
     74.000     5.8551   3.241529    32.9067       4255     2.9545 0.0000e+00
     73.000     5.8548   3.241481    32.9069       4282     2.9726 0.0000e+00
     72.000     5.8552   3.241479    32.9071       4316     2.9966 0.0000e+00
     71.000     5.8554   3.241438    32.9069       4353     3.0223 0.0000e+00
     70.000     5.8557   3.241404    32.9067       4377     3.0386 0.0000e+00
     69.000     5.8557   3.241368    32.9068       4394     3.0506 0.0000e+00
     68.000     5.8552   3.241300    32.9071       4409     3.0613 0.0000e+00
     67.000     5.8558   3.241305    32.9070       4425     3.0721 0.0000e+00
     66.000     5.8561   3.241281    32.9070       4443     3.0845 0.0000e+00
     65.000     5.8559   3.241232    32.9071       4467     3.1011 0.0000e+00
     64.000     5.8546   3.241100    32.9074       4520     3.1382 0.0000e+00
     63.000     5.8546   3.241054    32.9074       4575     3.1763 0.0000e+00
     62.000     5.8542   3.240997    32.9077       4593     3.1890 0.0000e+00
     61.000     5.8532   3.240878    32.9077       4609     3.2003 0.0000e+00
     60.000     5.8528   3.240803    32.9078       4625     3.2110 0.0000e+00
     59.000     5.8524   3.240742    32.9080       4641     3.2221 0.0000e+00
     58.000     5.8535   3.240763    32.9077       4658     3.2342 0.0000e+00
     57.000     5.8537   3.240733    32.9076       4678     3.2476 0.0000e+00
     56.000     5.8569   3.240844    32.9062       4702     3.2643 0.0000e+00
     55.000     5.8601   3.240984    32.9052       4743     3.2933 0.0000e+00
     54.000     5.8613   3.241002    32.9048       4805     3.3362 0.0000e+00
     53.000     5.8615   3.240962    32.9046       4832     3.3546 0.0000e+00
     52.000     5.8613   3.240915    32.9048       4850     3.3675 0.0000e+00
     51.000     5.8611   3.240868    32.9049       4865     3.3778 0.0000e+00
     50.000     5.8613   3.240820    32.9047       4879     3.3874 0.0000e+00
     49.000     5.8614   3.240780    32.9047       4893     3.3971 0.0000e+00
     48.000     5.8612   3.240739    32.9049       4909     3.4084 0.0000e+00
     47.000     5.8601   3.240639    32.9053       4934     3.4258 0.0000e+00
     46.000     5.8601   3.240580    32.9051       4985     3.4613 0.0000e+00
     45.000     5.8604   3.240549    32.9050       5023     3.4878 0.0000e+00
     44.000     5.8632   3.240611    32.9035       5054     3.5092 0.0000e+00
     43.000     5.8636   3.240584    32.9033       5082     3.5287 0.0000e+00
     42.000     5.8645   3.240570    32.9028       5106     3.5451 0.0000e+00
     41.000     5.8645   3.240529    32.9028       5125     3.5581 0.0000e+00
     40.000     5.8624   3.240389    32.9037       5142     3.5701 0.0000e+00
     39.000     5.8610   3.240287    32.9044       5159     3.5816 0.0000e+00
     38.000     5.8627   3.240299    32.9035       5176     3.5938 0.0000e+00
     37.000     5.8639   3.240312    32.9029       5198     3.6088 0.0000e+00
     36.000     5.8645   3.240298    32.9027       5245     3.6419 0.0000e+00
     35.000     5.8644   3.240249    32.9027       5304     3.6823 0.0000e+00
     34.000     5.8653   3.240247    32.9023       5324     3.6964 0.0000e+00
     33.000     5.8645   3.240160    32.9026       5341     3.7082 0.0000e+00
     32.000     5.8625   3.240024    32.9036       5357     3.7195 0.0000e+00
     31.000     5.8615   3.239933    32.9040       5374     3.7315 0.0000e+00
     30.000     5.8625   3.239921    32.9034       5395     3.7457 0.0000e+00
     29.000     5.8632   3.239905    32.9030       5421     3.7642 0.0000e+00
     28.000     5.8642   3.239887    32.9024       5456     3.7884 0.0000e+00
     27.000     5.8648   3.239871    32.9021       5487     3.8095 0.0000e+00
     26.000     5.8661   3.239880    32.9014       5510     3.8255 0.0000e+00
     25.000     5.8656   3.239816    32.9016       5533     3.8414 0.0000e+00
     24.000     5.8660   3.239782    32.9014       5571     3.8680 0.0000e+00
     23.000     5.8687   3.239841    32.8999       5614     3.8977 0.0000e+00
     22.000     5.8715   3.239914    32.8985       5635     3.9127 0.0000e+00
     21.000     5.8733   3.239973    32.8979       5653     3.9252 0.0000e+00
     20.000     5.8684   3.239764    32.9009       5671     3.9372 0.0000e+00
     19.000     5.8673   3.239672    32.9014       5688     3.9495 0.0000e+00
     18.000     5.8674   3.239628    32.9013       5707     3.9624 0.0000e+00
     17.000     5.8684   3.239628    32.9008       5730     3.9783 0.0000e+00
     16.000     5.8791   3.240084    32.8960       5773     4.0081 0.0000e+00
     15.000     5.8814   3.240188    32.8955       5823     4.0427 0.0000e+00
     14.000     5.8938   3.240708    32.8897       5844     4.0576 0.0000e+00
     13.000     5.8977   3.240900    32.8886       5862     4.0704 0.0000e+00
     12.000     5.9009   3.241023    32.8874       5882     4.0837 0.0000e+00
     11.000     5.9028   3.241121    32.8871       5902     4.0980 0.0000e+00
     10.000     5.9060   3.241148    32.8848       5928     4.1158 0.0000e+00
      9.000     5.9082   3.241131    32.8830       5959     4.1378 0.0000e+00
      8.000     5.9111   3.241172    32.8811       5985     4.1557 0.0000e+00
      7.000     5.9139   3.241130    32.8785       6008     4.1714 0.0000e+00
      6.000     5.9183   3.241143    32.8747       6034     4.1894 0.0000e+00
      5.000     5.9205   3.241085    32.8725       6073     4.2163 0.0000e+00
      4.000     5.9212   3.241049    32.8719       6107     4.2405 0.0000e+00
      3.000     5.9223   3.240987    32.8706       6128     4.2551 0.0000e+00
      2.000     5.9232   3.240999    32.8703       6167     4.2820 0.0000e+00
