HB2502/ctd161.cnv
* Sea-Bird SBE 9 Data File:
* FileName = C:\cruise\data\ctd161.hex
* Software Version Seasave V 7.26.7.121
* Temperature SN = 6768
* Conductivity SN = 6166
* Number of Bytes Per Scan = 37
* Number of Voltage Words = 4
* Number of Scans Averaged by the Deck Unit = 1
* NMEA Latitude = 42 28.12 N
* NMEA Longitude = 069 28.78 W
* NMEA UTC (Time) = Apr 16 2025 14:26:00
* NMEA baud rate = 4800
** Ship: Bigelow HB2502
** Program:  Spring Bottom Trawl
** Chief Scientist:Jon Galbraith
# nquan = 7
# nvalues = 505                         
# units = specified
# name 0 = depSM: Depth [salt water, m]
# name 1 = t090C: Temperature [ITS-90, deg C]
# name 2 = c0S/m: Conductivity [S/m]
# name 3 = sal00: Salinity, Practical [PSU]
# name 4 = scan: Scan Count
# name 5 = timeM: Time, Elapsed [minutes]
# name 6 = flag: flag
# span 0 =      1.000,    254.000       
# span 1 =     5.1988,     7.6733       
# span 2 =   3.181483,   3.528985       
# span 3 =    32.7977,    34.2823       
# span 4 =       -206,      16180       
# span 5 =    -0.1440,    11.2357       
# span 6 = 0.0000e+00, 0.0000e+00       
# interval = meters: 1                  
# start_time = Apr 16 2025 14:26:00 [NMEA time, header]
# bad_flag = -9.990e-29
*END*
[from data line 411]
     94.000     5.4417   3.218053    33.0358      12805     8.8919 0.0000e+00
     93.000     5.4354   3.217042    33.0310      12833     8.9111 0.0000e+00
     92.000     5.4261   3.215605    33.0244      12862     8.9310 0.0000e+00
     91.000     5.4200   3.214606    33.0195      12889     8.9501 0.0000e+00
     90.000     5.4141   3.213721    33.0157      12914     8.9675 0.0000e+00
     89.000     5.4081   3.212863    33.0123      12943     8.9878 0.0000e+00
     88.000     5.4052   3.212396    33.0104      12981     9.0139 0.0000e+00
     87.000     5.3966   3.211283    33.0066      13012     9.0352 0.0000e+00
     86.000     5.3896   3.210349    33.0035      13036     9.0524 0.0000e+00
     85.000     5.3845   3.209601    33.0005      13062     9.0700 0.0000e+00
     84.000     5.3773   3.208506    32.9956      13093     9.0918 0.0000e+00
     83.000     5.3647   3.206950    32.9907      13130     9.1171 0.0000e+00
     82.000     5.3529   3.205405    32.9853      13159     9.1377 0.0000e+00
     81.000     5.3384   3.203579    32.9792      13181     9.1530 0.0000e+00
     80.000     5.3320   3.202471    32.9733      13203     9.1677 0.0000e+00
     79.000     5.3229   3.201016    32.9662      13228     9.1857 0.0000e+00
     78.000     5.3087   3.198978    32.9575      13262     9.2090 0.0000e+00
     77.000     5.2795   3.195615    32.9483      13298     9.2340 0.0000e+00
     76.000     5.2493   3.191936    32.9365      13329     9.2558 0.0000e+00
     75.000     5.2333   3.189756    32.9279      13356     9.2741 0.0000e+00
     74.000     5.2157   3.187279    32.9173      13380     9.2909 0.0000e+00
     73.000     5.2055   3.185559    32.9082      13404     9.3074 0.0000e+00
     72.000     5.2016   3.184195    32.8970      13430     9.3255 0.0000e+00
     71.000     5.2009   3.183198    32.8868      13462     9.3477 0.0000e+00
     70.000     5.1992   3.181871    32.8738      13495     9.3707 0.0000e+00
     69.000     5.2080   3.181483    32.8612      13525     9.3915 0.0000e+00
     68.000     5.2370   3.182774    32.8479      13549     9.4082 0.0000e+00
     67.000     5.2663   3.183934    32.8330      13570     9.4230 0.0000e+00
     66.000     5.3115   3.186479    32.8181      13593     9.4388 0.0000e+00
     65.000     5.3386   3.188191    32.8117      13628     9.4633 0.0000e+00
     64.000     5.3445   3.188455    32.8094      13670     9.4926 0.0000e+00
     63.000     5.3554   3.189019    32.8056      13696     9.5101 0.0000e+00
     62.000     5.3622   3.189465    32.8045      13715     9.5236 0.0000e+00
     61.000     5.3643   3.189512    32.8036      13733     9.5358 0.0000e+00
     60.000     5.3642   3.189389    32.8027      13753     9.5498 0.0000e+00
     59.000     5.3658   3.189436    32.8022      13786     9.5726 0.0000e+00
     58.000     5.3663   3.189435    32.8022      13831     9.6042 0.0000e+00
     57.000     5.3673   3.189474    32.8022      13857     9.6224 0.0000e+00
     56.000     5.3681   3.189491    32.8021      13878     9.6370 0.0000e+00
     55.000     5.3692   3.189547    32.8022      13901     9.6525 0.0000e+00
     54.000     5.3700   3.189581    32.8023      13927     9.6707 0.0000e+00
     53.000     5.3706   3.189589    32.8023      13954     9.6899 0.0000e+00
     52.000     5.3719   3.189652    32.8022      13981     9.7084 0.0000e+00
     51.000     5.3730   3.189695    32.8021      14010     9.7282 0.0000e+00
     50.000     5.3728   3.189618    32.8019      14037     9.7473 0.0000e+00
     49.000     5.3716   3.189449    32.8018      14063     9.7654 0.0000e+00
     48.000     5.3703   3.189277    32.8015      14094     9.7865 0.0000e+00
     47.000     5.3689   3.189090    32.8013      14121     9.8059 0.0000e+00
     46.000     5.3686   3.188978    32.8008      14143     9.8211 0.0000e+00
     45.000     5.3685   3.188908    32.8006      14164     9.8358 0.0000e+00
     44.000     5.3683   3.188830    32.8004      14190     9.8538 0.0000e+00
     43.000     5.3676   3.188723    32.8004      14228     9.8802 0.0000e+00
     42.000     5.3684   3.188718    32.8000      14261     9.9031 0.0000e+00
     41.000     5.3739   3.189120    32.7998      14283     9.9180 0.0000e+00
     40.000     5.3841   3.189942    32.7996      14302     9.9313 0.0000e+00
     39.000     5.3971   3.191002    32.7995      14323     9.9455 0.0000e+00
     38.000     5.4052   3.191641    32.7993      14352     9.9657 0.0000e+00
     37.000     5.4118   3.192138    32.7991      14392     9.9939 0.0000e+00
     36.000     5.4211   3.192885    32.7989      14420    10.0130 0.0000e+00
     35.000     5.4254   3.193209    32.7990      14440    10.0273 0.0000e+00
     34.000     5.4326   3.193765    32.7987      14460    10.0409 0.0000e+00
     33.000     5.4393   3.194310    32.7988      14484    10.0579 0.0000e+00
     32.000     5.4541   3.195480    32.7983      14518    10.0815 0.0000e+00
     31.000     5.4583   3.195789    32.7982      14548    10.1022 0.0000e+00
     30.000     5.4652   3.196350    32.7982      14572    10.1190 0.0000e+00
     29.000     5.4629   3.196131    32.7986      14598    10.1371 0.0000e+00
     28.000     5.4636   3.196178    32.7989      14627    10.1570 0.0000e+00
     27.000     5.4705   3.196690    32.7984      14652    10.1746 0.0000e+00
     26.000     5.4713   3.196729    32.7986      14675    10.1901 0.0000e+00
     25.000     5.4698   3.196559    32.7986      14699    10.2066 0.0000e+00
     24.000     5.4799   3.197347    32.7983      14729    10.2279 0.0000e+00
     23.000     5.4902   3.198147    32.7978      14763    10.2513 0.0000e+00
     22.000     5.4997   3.198909    32.7977      14788    10.2690 0.0000e+00
     21.000     5.4984   3.198792    32.7981      14809    10.2834 0.0000e+00
     20.000     5.4987   3.198762    32.7980      14830    10.2978 0.0000e+00
     19.000     5.5039   3.199156    32.7978      14856    10.3161 0.0000e+00
     18.000     5.5057   3.199262    32.7978      14894    10.3423 0.0000e+00
     17.000     5.5082   3.199425    32.7978      14924    10.3634 0.0000e+00
     16.000     5.5092   3.199504    32.7982      14946    10.3786 0.0000e+00
     15.000     5.5099   3.199516    32.7981      14966    10.3923 0.0000e+00
     14.000     5.5118   3.199630    32.7981      14988    10.4075 0.0000e+00
     13.000     5.5124   3.199609    32.7977      15018    10.4282 0.0000e+00
     12.000     5.5134   3.199678    32.7980      15048    10.4494 0.0000e+00
     11.000     5.5128   3.199593    32.7981      15074    10.4673 0.0000e+00
     10.000     5.5120   3.199468    32.7980      15097    10.4832 0.0000e+00
      9.000     5.5139   3.199563    32.7978      15121    10.5000 0.0000e+00
      8.000     5.5149   3.199637    32.7982      15155    10.5235 0.0000e+00
      7.000     5.5168   3.199802    32.7986      15649    10.8669 0.0000e+00
      6.000     5.5127   3.199422    32.7988      15930    11.0619 0.0000e+00
      5.000     5.5132   3.199422    32.7988      16021    11.1247 0.0000e+00
      4.000     5.5177   3.199723    32.7983      16085    11.1695 0.0000e+00
      3.000     5.5170   3.199633    32.7986      16135    11.2043 0.0000e+00
      2.000     5.5175   3.199600    32.7982      16150    11.2146 0.0000e+00
      1.000     5.5192   3.199692    32.7981      16180    11.2357 0.0000e+00
