HB2502/ctd169.cnv
* Sea-Bird SBE 9 Data File:
* FileName = C:\cruise\data\ctd169.hex
* Software Version Seasave V 7.26.7.121
* Temperature SN = 6768
* Conductivity SN = 6166
* Number of Bytes Per Scan = 37
* Number of Voltage Words = 4
* Number of Scans Averaged by the Deck Unit = 1
* NMEA Latitude = 41 49.02 N
* NMEA Longitude = 070 23.87 W
* NMEA UTC (Time) = Apr 17 2025 17:01:19
* NMEA baud rate = 4800
** Ship: Bigelow HB2502
** Program:  Spring Bottom Trawl
** Chief Scientist:Jon Galbraith
# nquan = 7
# nvalues = 31                          
# units = specified
# name 0 = depSM: Depth [salt water, m]
# name 1 = t090C: Temperature [ITS-90, deg C]
# name 2 = c0S/m: Conductivity [S/m]
# name 3 = sal00: Salinity, Practical [PSU]
# name 4 = scan: Scan Count
# name 5 = timeM: Time, Elapsed [minutes]
# name 6 = flag: flag
# span 0 =      3.000,     18.000       
# span 1 =     5.5778,     6.0248       
# span 2 =   3.114307,   3.175255       
# span 3 =    31.5681,    32.1963       
# span 4 =        222,       1699       
# span 5 =     0.1535,     1.1789       
# span 6 = 0.0000e+00, 0.0000e+00       
# interval = meters: 1                  
# start_time = Apr 17 2025 17:01:19 [NMEA time, header]
# bad_flag = -9.990e-29
*END*
      3.000     5.8563   3.175255    32.1963        222     0.1535 0.0000e+00
      4.000     5.7987   3.114307    31.5681        391     0.2705 0.0000e+00
      5.000     5.7787   3.144374    31.9217        410     0.2838 0.0000e+00
      6.000     5.7477   3.139947    31.9009        435     0.3014 0.0000e+00
      7.000     5.7227   3.137034    31.8913        462     0.3203 0.0000e+00
      8.000     5.7000   3.135435    31.8942        489     0.3386 0.0000e+00
      9.000     5.6869   3.135108    31.9025        514     0.3564 0.0000e+00
     10.000     5.6732   3.133580    31.8978        541     0.3750 0.0000e+00
     11.000     5.6639   3.132429    31.8931        568     0.3940 0.0000e+00
     12.000     5.6570   3.131507    31.8888        595     0.4127 0.0000e+00
     13.000     5.6498   3.130933    31.8887        621     0.4309 0.0000e+00
     14.000     5.6398   3.130401    31.8916        648     0.4495 0.0000e+00
     15.000     5.6292   3.129876    31.8953        675     0.4679 0.0000e+00
     16.000     5.6105   3.128775    31.9000        701     0.4861 0.0000e+00
     17.000     5.5946   3.127907    31.9048        727     0.5044 0.0000e+00
     18.000     5.5778   3.144719    32.1103       1110     0.7702 0.0000e+00
     17.000     5.6262   3.139080    32.0009       1204     0.8351 0.0000e+00
     16.000     5.7083   3.137042    31.9006       1255     0.8711 0.0000e+00
     15.000     5.7466   3.135613    31.8488       1280     0.8885 0.0000e+00
     14.000     5.7753   3.135485    31.8207       1307     0.9069 0.0000e+00
     13.000     5.7732   3.135450    31.8228       1333     0.9253 0.0000e+00
     12.000     5.7639   3.135510    31.8327       1359     0.9430 0.0000e+00
     11.000     5.7642   3.138240    31.8636       1384     0.9605 0.0000e+00
     10.000     5.7673   3.143715    31.9227       1410     0.9783 0.0000e+00
      9.000     5.8065   3.147113    31.9243       1436     0.9968 0.0000e+00
      8.000     5.8490   3.148426    31.8993       1463     1.0151 0.0000e+00
      7.000     5.8704   3.149793    31.8949       1488     1.0323 0.0000e+00
      6.000     5.9104   3.152551    31.8886       1512     1.0491 0.0000e+00
      5.000     5.9638   3.157965    31.8993       1538     1.0671 0.0000e+00
      4.000     6.0248   3.166728    31.9401       1565     1.0862 0.0000e+00
      3.000     5.9437   3.155904    31.8962       1699     1.1789 0.0000e+00
