HB2502/ctd104.cnv
* Sea-Bird SBE 9 Data File:
* FileName = C:\cruise\data\ctd104.hex
* Software Version Seasave V 7.26.7.121
* Temperature SN = 6768
* Conductivity SN = 6166
* Number of Bytes Per Scan = 37
* Number of Voltage Words = 4
* Number of Scans Averaged by the Deck Unit = 1
* NMEA Latitude = 41 18.30 N
* NMEA Longitude = 070 51.43 W
* NMEA UTC (Time) = Mar 23 2025 16:55:58
* NMEA baud rate = 4800
** Ship: Bigelow HB2502
** Program:  Spring Bottom Trawl
** Chief Scientist:Jon Galbraith
# nquan = 7
# nvalues = 48                          
# units = specified
# name 0 = depSM: Depth [salt water, m]
# name 1 = t090C: Temperature [ITS-90, deg C]
# name 2 = c0S/m: Conductivity [S/m]
# name 3 = sal00: Salinity, Practical [PSU]
# name 4 = scan: Scan Count
# name 5 = timeM: Time, Elapsed [minutes]
# name 6 = flag: flag
# span 0 =      2.000,     26.000       
# span 1 =     4.8227,     5.2484       
# span 2 =   3.111497,   3.166806       
# span 3 =    32.4099,    33.0027       
# span 4 =        141,       2624       
# span 5 =     0.0972,     1.8217       
# span 6 = 0.0000e+00, 0.0000e+00       
# interval = meters: 1                  
# start_time = Mar 23 2025 16:55:58 [NMEA time, header]
# bad_flag = -9.990e-29
*END*
      3.000     4.9280   3.166806    33.0027        141     0.0972 0.0000e+00
      4.000     4.8786   3.128730    32.6118        293     0.2025 0.0000e+00
      5.000     4.8830   3.122312    32.5329        346     0.2396 0.0000e+00
      6.000     4.8843   3.116415    32.4631        377     0.2609 0.0000e+00
      7.000     4.8874   3.115581    32.4500        400     0.2769 0.0000e+00
      8.000     4.8912   3.116039    32.4511        423     0.2934 0.0000e+00
      9.000     4.8950   3.117959    32.4690        456     0.3162 0.0000e+00
     10.000     4.8942   3.116970    32.4578        498     0.3452 0.0000e+00
     11.000     4.8924   3.115902    32.4468        530     0.3677 0.0000e+00
     12.000     4.8929   3.115887    32.4456        563     0.3905 0.0000e+00
     13.000     4.8904   3.115837    32.4470        602     0.4171 0.0000e+00
     14.000     4.8881   3.114909    32.4380        631     0.4377 0.0000e+00
     15.000     4.8918   3.114506    32.4292        657     0.4553 0.0000e+00
     16.000     4.8905   3.115255    32.4387        689     0.4776 0.0000e+00
     17.000     4.8893   3.116265    32.4509        734     0.5093 0.0000e+00
     18.000     4.8894   3.114735    32.4327        772     0.5354 0.0000e+00
     19.000     4.8876   3.114064    32.4262        798     0.5537 0.0000e+00
     20.000     4.8902   3.114206    32.4248        826     0.5728 0.0000e+00
     21.000     4.8892   3.115022    32.4347        861     0.5969 0.0000e+00
     22.000     4.8785   3.115817    32.4538        905     0.6276 0.0000e+00
     23.000     4.8584   3.114912    32.4625        946     0.6563 0.0000e+00
     24.000     4.8430   3.112981    32.4548        977     0.6778 0.0000e+00
     25.000     4.8369   3.111497    32.4431       1002     0.6954 0.0000e+00
     26.000     4.8227   3.113210    32.4763       1029     0.7139 0.0000e+00
     25.000     4.8480   3.118663    32.5149       1637     1.1364 0.0000e+00
     24.000     4.8422   3.116382    32.4948       1809     1.2559 0.0000e+00
     23.000     4.8676   3.115884    32.4647       1826     1.2676 0.0000e+00
     22.000     4.8774   3.115643    32.4528       1847     1.2817 0.0000e+00
     21.000     4.8830   3.115432    32.4455       1876     1.3018 0.0000e+00
     20.000     4.8878   3.115331    32.4402       1914     1.3283 0.0000e+00
     19.000     4.9194   3.115382    32.4103       1940     1.3467 0.0000e+00
     18.000     4.9198   3.115327    32.4099       1960     1.3607 0.0000e+00
     17.000     4.9174   3.115272    32.4121       1980     1.3746 0.0000e+00
     16.000     4.9182   3.115161    32.4105       2003     1.3906 0.0000e+00
     15.000     4.9216   3.116074    32.4183       2033     1.4108 0.0000e+00
     14.000     4.9254   3.117566    32.4323       2066     1.4340 0.0000e+00
     13.000     4.9266   3.118990    32.4480       2093     1.4530 0.0000e+00
     12.000     4.9362   3.120675    32.4585       2116     1.4687 0.0000e+00
     11.000     4.9638   3.126915    32.5038       2138     1.4838 0.0000e+00
     10.000     4.9903   3.129738    32.5109       2161     1.5000 0.0000e+00
      9.000     5.0564   3.134092    32.4969       2187     1.5178 0.0000e+00
      8.000     5.1168   3.136369    32.4647       2216     1.5380 0.0000e+00
      7.000     5.1526   3.135455    32.4199       2247     1.5598 0.0000e+00
      6.000     5.1525   3.136958    32.4377       2272     1.5772 0.0000e+00
      5.000     5.1904   3.139974    32.4359       2294     1.5924 0.0000e+00
      4.000     5.2484   3.152087    32.5185       2323     1.6128 0.0000e+00
      3.000     5.2174   3.160589    32.6467       2379     1.6516 0.0000e+00
      2.000     5.1700   3.148843    32.5589       2624     1.8217 0.0000e+00
