HB2502/ctd170.cnv
* Sea-Bird SBE 9 Data File:
* FileName = C:\cruise\data\ctd170.hex
* Software Version Seasave V 7.26.7.121
* Temperature SN = 6768
* Conductivity SN = 6166
* Number of Bytes Per Scan = 37
* Number of Voltage Words = 4
* Number of Scans Averaged by the Deck Unit = 1
* NMEA Latitude = 41 55.71 N
* NMEA Longitude = 070 26.71 W
* NMEA UTC (Time) = Apr 17 2025 18:41:10
* NMEA baud rate = 4800
** Ship: Bigelow HB2502
** Program:  Spring Bottom Trawl
** Chief Scientist:Jon Galbraith
# nquan = 7
# nvalues = 63                          
# units = specified
# name 0 = depSM: Depth [salt water, m]
# name 1 = t090C: Temperature [ITS-90, deg C]
# name 2 = c0S/m: Conductivity [S/m]
# name 3 = sal00: Salinity, Practical [PSU]
# name 4 = scan: Scan Count
# name 5 = timeM: Time, Elapsed [minutes]
# name 6 = flag: flag
# span 0 =      1.000,     33.000       
# span 1 =     5.3478,     6.0470       
# span 2 =   1.310716,   3.172167       
# span 3 =    12.8484,    32.0403       
# span 4 =        206,       2450       
# span 5 =     0.1424,     1.7008       
# span 6 = 0.0000e+00, 0.0000e+00       
# interval = meters: 1                  
# start_time = Apr 17 2025 18:41:10 [NMEA time, header]
# bad_flag = -9.990e-29
*END*
      3.000     5.9835   3.172167    32.0403        206     0.1424 0.0000e+00
      4.000     5.8143   3.146120    31.9081        377     0.2609 0.0000e+00
      5.000     5.6732   3.132409    31.8870        408     0.2828 0.0000e+00
      6.000     5.5665   3.119444    31.8414        436     0.3018 0.0000e+00
      7.000     5.5317   3.111963    31.7893        462     0.3201 0.0000e+00
      8.000     5.5120   3.109311    31.7775        488     0.3380 0.0000e+00
      9.000     5.5045   3.109297    31.7840        513     0.3558 0.0000e+00
     10.000     5.4867   3.107505    31.7801        539     0.3738 0.0000e+00
     11.000     5.4725   3.106319    31.7796        566     0.3921 0.0000e+00
     12.000     5.4614   3.105177    31.7766        593     0.4109 0.0000e+00
     13.000     5.4491   3.103509    31.7689        620     0.4297 0.0000e+00
     14.000     5.4335   3.102135    31.7677        646     0.4482 0.0000e+00
     15.000     5.4244   3.101608    31.7698        673     0.4665 0.0000e+00
     16.000     5.4177   3.100480    31.7629        699     0.4845 0.0000e+00
     17.000     5.4084   3.100523    31.7716        725     0.5028 0.0000e+00
     18.000     5.4001   3.099476    31.7672        752     0.5214 0.0000e+00
     19.000     5.3931   3.099221    31.7704        779     0.5400 0.0000e+00
     20.000     5.3862   3.098310    31.7661        805     0.5587 0.0000e+00
     21.000     5.3740   3.097892    31.7725        832     0.5770 0.0000e+00
     22.000     5.3619   3.096752    31.7706        858     0.5953 0.0000e+00
     23.000     5.3515   3.096456    31.7766        884     0.6135 0.0000e+00
     24.000     5.3478   3.095907    31.7734        911     0.6316 0.0000e+00
     25.000     5.3611   3.096864    31.7710        937     0.6501 0.0000e+00
     26.000     5.3821   3.097554    31.7585        965     0.6691 0.0000e+00
     27.000     5.3965   3.098767    31.7581        992     0.6879 0.0000e+00
     28.000     5.4041   3.100874    31.7743       1018     0.7064 0.0000e+00
     29.000     5.4095   3.102592    31.7882       1044     0.7244 0.0000e+00
     30.000     5.4143   3.103721    31.7959       1070     0.7423 0.0000e+00
     31.000     5.4199   3.104575    31.7998       1096     0.7608 0.0000e+00
     32.000     5.4243   3.105043    31.8005       1124     0.7795 0.0000e+00
     33.000     5.4265   3.111416    31.8701       1446     1.0033 0.0000e+00
     32.000     5.4309   3.110197    31.8526       1580     1.0964 0.0000e+00
     31.000     5.4587   3.107994    31.8018       1615     1.1212 0.0000e+00
     30.000     5.4814   3.106743    31.7666       1641     1.1389 0.0000e+00
     29.000     5.4827   3.106170    31.7594       1667     1.1569 0.0000e+00
     28.000     5.5063   3.105712    31.7324       1693     1.1749 0.0000e+00
     27.000     5.5070   3.105387    31.7285       1718     1.1926 0.0000e+00
     26.000     5.5133   3.105279    31.7218       1744     1.2103 0.0000e+00
     25.000     5.5149   3.105422    31.7224       1770     1.2283 0.0000e+00
     24.000     5.5117   3.106007    31.7326       1796     1.2465 0.0000e+00
     23.000     5.5004   3.106565    31.7501       1822     1.2648 0.0000e+00
     22.000     5.4582   3.106836    31.7935       1848     1.2826 0.0000e+00
     21.000     5.4322   3.106873    31.8191       1873     1.3000 0.0000e+00
     20.000     5.4958   3.107071    31.7616       1898     1.3173 0.0000e+00
     19.000     5.5094   3.107871    31.7582       1923     1.3350 0.0000e+00
     18.000     5.5109   3.108895    31.7690       1950     1.3533 0.0000e+00
     17.000     5.5153   3.110170    31.7797       1976     1.3718 0.0000e+00
     16.000     5.5217   3.111926    31.7939       2002     1.3898 0.0000e+00
     15.000     5.5380   3.112319    31.7835       2028     1.4077 0.0000e+00
     14.000     5.5645   3.114000    31.7779       2054     1.4254 0.0000e+00
     13.000     5.5959   3.116102    31.7723       2080     1.4434 0.0000e+00
     12.000     5.6167   3.119362    31.7899       2105     1.4614 0.0000e+00
     11.000     5.6552   3.122288    31.7871       2131     1.4790 0.0000e+00
     10.000     5.7019   3.125067    31.7748       2157     1.4970 0.0000e+00
      9.000     5.7567   3.128500    31.7623       2183     1.5154 0.0000e+00
      8.000     5.7989   3.129748    31.7371       2209     1.5334 0.0000e+00
      7.000     5.8114   3.129683    31.7250       2234     1.5510 0.0000e+00
      6.000     5.8323   3.132042    31.7323       2260     1.5686 0.0000e+00
      5.000     5.8872   3.136554    31.7318       2286     1.5868 0.0000e+00
      4.000     5.9352   3.146452    31.7979       2312     1.6052 0.0000e+00
      3.000     6.0470   3.145705    31.6852       2338     1.6233 0.0000e+00
      2.000     6.0425   3.143773    31.6684       2364     1.6411 0.0000e+00
      1.000     5.9553   1.310716    12.8484       2450     1.7008 0.0000e+00
