HB2502/ctd171.cnv
* Sea-Bird SBE 9 Data File:
* FileName = C:\cruise\data\ctd171.hex
* Software Version Seasave V 7.26.7.121
* Temperature SN = 4591
* Conductivity SN = 6006
* Number of Bytes Per Scan = 37
* Number of Voltage Words = 4
* Number of Scans Averaged by the Deck Unit = 1
* NMEA Latitude = 41 20.56 N
* NMEA Longitude = 067 02.57 W
* NMEA UTC (Time) = May 03 2025 11:58:05
* NMEA baud rate = 4800
** Ship: Bigelow HB2502
** Program:  Spring Bottom Trawl
** Chief Scientist:Jon Galbraith
# nquan = 10
# nvalues = 106                         
# units = specified
# name 0 = depSM: Depth [salt water, m]
# name 1 = t090C: Temperature [ITS-90, deg C]
# name 2 = c0S/m: Conductivity [S/m]
# name 3 = sal00: Salinity, Practical [PSU]
# name 4 = scan: Scan Count
# name 5 = timeM: Time, Elapsed [minutes]
# name 6 = sbeox0Mg/L: Oxygen, SBE 43 [mg/l]
# name 7 = sbeox1Mg/L: Oxygen, SBE 43, 2 [mg/l]
# name 8 = par: PAR/Irradiance, Biospherical/Licor
# name 9 = flag: flag
# span 0 =      2.000,     55.000       
# span 1 =     7.6063,     7.6513       
# span 2 =   3.364573,   3.367544       
# span 3 =    32.6007,    32.6133       
# span 4 =        761,       5305       
# span 5 =     0.5279,     3.6836       
# span 6 =    10.0830,    10.1975       
# span 7 =    10.3275,    10.3841       
# span 8 = 1.0324e-02, 2.6610e+02       
# span 9 = 0.0000e+00, 0.0000e+00       
# interval = meters: 1                  
# start_time = May 03 2025 11:58:05 [NMEA time, header]
# bad_flag = -9.990e-29
*END*
      3.000     7.6391   3.366316    32.6083        761     0.5279    10.1073    10.3300 1.9042e+02 0.0000e+00
      4.000     7.6408   3.366505    32.6083       1297     0.9002    10.1046    10.3307 1.5066e+02 0.0000e+00
      5.000     7.6430   3.366732    32.6083       1322     0.9170    10.1085    10.3408 1.1988e+02 0.0000e+00
      6.000     7.6477   3.367159    32.6080       1348     0.9354    10.1290    10.3466 9.4778e+01 0.0000e+00
      7.000     7.6513   3.367544    32.6083       1381     0.9585    10.1057    10.3312 7.3300e+01 0.0000e+00
      8.000     7.6474   3.367324    32.6090       1418     0.9840    10.1111    10.3275 6.0605e+01 0.0000e+00
      9.000     7.6380   3.366664    32.6103       1441     1.0002    10.1187    10.3532 5.1246e+01 0.0000e+00
     10.000     7.6359   3.366443    32.6094       1459     1.0125    10.1232    10.3527 4.3560e+01 0.0000e+00
     11.000     7.6409   3.366802    32.6081       1478     1.0257    10.1334    10.3365 3.7147e+01 0.0000e+00
     12.000     7.6354   3.366461    32.6092       1520     1.0547    10.1408    10.3446 3.3179e+01 0.0000e+00
     13.000     7.6294   3.365879    32.6081       1567     1.0875    10.1458    10.3542 2.8301e+01 0.0000e+00
     14.000     7.6304   3.366105    32.6091       1586     1.1006    10.1418    10.3481 2.4110e+01 0.0000e+00
     15.000     7.6315   3.366185    32.6084       1604     1.1130    10.1287    10.3388 2.0329e+01 0.0000e+00
     16.000     7.6195   3.365295    32.6097       1627     1.1292    10.1097    10.3419 1.7444e+01 0.0000e+00
     17.000     7.6161   3.364870    32.6078       1669     1.1587    10.1003    10.3530 1.5808e+01 0.0000e+00
     18.000     7.6145   3.364806    32.6081       1699     1.1795    10.1569    10.3657 1.3660e+01 0.0000e+00
     19.000     7.6124   3.364621    32.6077       1720     1.1937    10.1434    10.3675 1.1515e+01 0.0000e+00
     20.000     7.6120   3.364573    32.6070       1742     1.2091    10.1456    10.3580 9.6724e+00 0.0000e+00
     21.000     7.6125   3.364659    32.6071       1774     1.2313    10.1483    10.3506 8.4161e+00 0.0000e+00
     22.000     7.6122   3.364675    32.6070       1812     1.2575    10.1373    10.3564 7.4859e+00 0.0000e+00
     23.000     7.6124   3.364748    32.6071       1839     1.2765    10.1324    10.3574 6.4155e+00 0.0000e+00
     24.000     7.6122   3.364775    32.6072       1865     1.2941    10.1336    10.3501 5.4761e+00 0.0000e+00
     25.000     7.6124   3.364819    32.6069       1893     1.3140    10.1308    10.3521 4.7875e+00 0.0000e+00
     26.000     7.6124   3.364872    32.6070       1923     1.3350    10.1099    10.3731 4.3114e+00 0.0000e+00
     27.000     7.6120   3.364870    32.6069       1949     1.3530    10.1248    10.3650 3.8055e+00 0.0000e+00
     28.000     7.6126   3.364959    32.6069       1976     1.3715    10.1553    10.3593 3.2693e+00 0.0000e+00
     29.000     7.6125   3.364983    32.6067       2006     1.3923    10.1305    10.3592 2.8092e+00 0.0000e+00
     30.000     7.6126   3.365042    32.6068       2035     1.4124    10.1451    10.3675 2.4396e+00 0.0000e+00
     31.000     7.6128   3.365122    32.6070       2061     1.4306    10.1576    10.3608 2.1224e+00 0.0000e+00
     32.000     7.6125   3.365124    32.6068       2088     1.4493    10.1288    10.3400 1.8246e+00 0.0000e+00
     33.000     7.6126   3.365125    32.6063       2118     1.4698    10.1485    10.3467 1.5832e+00 0.0000e+00
     34.000     7.6118   3.365097    32.6063       2150     1.4920    10.1691    10.3602 1.3726e+00 0.0000e+00
     35.000     7.6111   3.365029    32.6057       2181     1.5140    10.1885    10.3503 1.1947e+00 0.0000e+00
     36.000     7.6117   3.365163    32.6061       2206     1.5313    10.1975    10.3654 1.0100e+00 0.0000e+00
     37.000     7.6151   3.365528    32.6064       2230     1.5478    10.1849    10.3569 8.4937e-01 0.0000e+00
     38.000     7.6169   3.365822    32.6074       2261     1.5693    10.1567    10.3500 7.1414e-01 0.0000e+00
     39.000     7.6163   3.365796    32.6072       2298     1.5950    10.1696    10.3615 6.2623e-01 0.0000e+00
     40.000     7.6136   3.365578    32.6069       2325     1.6138    10.1717    10.3699 5.4176e-01 0.0000e+00
     41.000     7.6139   3.365632    32.6067       2347     1.6290    10.1605    10.3713 4.4960e-01 0.0000e+00
     42.000     7.6145   3.365717    32.6066       2369     1.6444    10.1436    10.3422 3.7875e-01 0.0000e+00
     43.000     7.6152   3.365827    32.6067       2397     1.6636    10.1521    10.3518 3.1427e-01 0.0000e+00
     44.000     7.6106   3.365254    32.6043       2438     1.6921    10.1572    10.3664 2.7378e-01 0.0000e+00
     45.000     7.6098   3.365258    32.6047       2473     1.7166    10.1807    10.3717 2.3827e-01 0.0000e+00
     46.000     7.6098   3.365301    32.6047       2496     1.7328    10.1806    10.3793 1.9178e-01 0.0000e+00
     47.000     7.6081   3.365136    32.6041       2516     1.7468    10.1780    10.3653 1.5859e-01 0.0000e+00
     48.000     7.6074   3.365092    32.6038       2540     1.7631    10.1462    10.3507 1.2411e-01 0.0000e+00
     49.000     7.6072   3.365081    32.6033       2585     1.7943    10.1730    10.3607 9.6612e-02 0.0000e+00
     50.000     7.6073   3.365131    32.6033       2629     1.8251    10.1852    10.3383 7.3490e-02 0.0000e+00
     51.000     7.6094   3.365461    32.6044       2655     1.8432    10.1746    10.3417 6.2527e-02 0.0000e+00
     52.000     7.6067   3.365128    32.6029       2684     1.8632    10.1096    10.3508 4.2588e-02 0.0000e+00
     53.000     7.6070   3.365178    32.6027       2727     1.8928    10.1400    10.3546 3.1576e-02 0.0000e+00
     54.000     7.6075   3.365291    32.6030       2765     1.9192    10.1529    10.3510 1.5506e-02 0.0000e+00
     55.000     7.6063   3.365162    32.6022       3000     2.0826    10.1646    10.3606 1.0324e-02 0.0000e+00
     54.000     7.6104   3.365715    32.6048       3890     2.7006    10.1520    10.3705 1.3918e-02 0.0000e+00
     53.000     7.6088   3.365478    32.6042       3789     2.6308    10.1377    10.3767 2.1954e-02 0.0000e+00
     52.000     7.6086   3.365413    32.6042       3822     2.6534    10.1571    10.3711 3.9418e-02 0.0000e+00
     51.000     7.6084   3.365354    32.6042       3869     2.6862    10.1555    10.3732 5.1338e-02 0.0000e+00
     50.000     7.6086   3.365332    32.6042       3899     2.7070    10.1587    10.3739 7.1787e-02 0.0000e+00
     49.000     7.6091   3.365352    32.6045       3922     2.7230    10.1583    10.3679 8.9108e-02 0.0000e+00
     48.000     7.6095   3.365344    32.6045       3944     2.7381    10.1476    10.3535 1.1890e-01 0.0000e+00
     47.000     7.6092   3.365288    32.6046       3967     2.7543    10.1373    10.3440 1.5589e-01 0.0000e+00
     46.000     7.6089   3.365217    32.6046       3994     2.7726    10.1558    10.3455 1.8418e-01 0.0000e+00
     45.000     7.6091   3.365202    32.6047       4021     2.7918    10.1676    10.3653 2.2664e-01 0.0000e+00
     44.000     7.6083   3.365060    32.6044       4049     2.8112    10.1719    10.3641 2.7136e-01 0.0000e+00
     43.000     7.6070   3.364849    32.6039       4078     2.8315    10.1602    10.3655 3.2148e-01 0.0000e+00
     42.000     7.6072   3.364786    32.6035       4103     2.8490    10.1528    10.3507 3.6568e-01 0.0000e+00
     41.000     7.6076   3.364785    32.6035       4124     2.8633    10.1425    10.3531 4.4078e-01 0.0000e+00
     40.000     7.6076   3.364752    32.6037       4143     2.8766    10.1275    10.3642 5.3720e-01 0.0000e+00
     39.000     7.6081   3.364790    32.6041       4166     2.8926    10.0921    10.3817 6.6844e-01 0.0000e+00
     38.000     7.6073   3.364680    32.6041       4203     2.9178    10.1010    10.3801 8.1573e-01 0.0000e+00
     37.000     7.6117   3.365094    32.6049       4235     2.9406    10.1741    10.3743 9.3032e-01 0.0000e+00
     36.000     7.6132   3.365249    32.6056       4258     2.9561    10.1803    10.3790 1.0657e+00 0.0000e+00
     35.000     7.6121   3.365109    32.6056       4278     2.9701    10.1561    10.3765 1.2148e+00 0.0000e+00
     34.000     7.6116   3.364974    32.6051       4299     2.9847    10.1264    10.3608 1.3783e+00 0.0000e+00
     33.000     7.6120   3.365006    32.6055       4326     3.0037    10.1186    10.3688 1.5836e+00 0.0000e+00
     32.000     7.6124   3.365024    32.6058       4363     3.0295    10.1471    10.3841 1.7675e+00 0.0000e+00
     31.000     7.6122   3.364948    32.6057       4392     3.0496    10.1778    10.3699 2.0135e+00 0.0000e+00
     30.000     7.6128   3.364917    32.6052       4413     3.0637    10.1855    10.3703 2.3298e+00 0.0000e+00
     29.000     7.6138   3.365001    32.6057       4433     3.0775    10.1713    10.3678 2.7171e+00 0.0000e+00
     28.000     7.6131   3.364894    32.6057       4460     3.0968    10.1463    10.3642 3.2303e+00 0.0000e+00
     27.000     7.6137   3.364914    32.6058       4501     3.1252    10.1735    10.3504 3.7477e+00 0.0000e+00
     26.000     7.6122   3.364718    32.6056       4529     3.1443    10.1840    10.3566 4.2384e+00 0.0000e+00
     25.000     7.6143   3.364874    32.6058       4548     3.1574    10.1495    10.3728 4.8745e+00 0.0000e+00
     24.000     7.6147   3.364882    32.6060       4566     3.1700    10.1099    10.3734 5.6951e+00 0.0000e+00
     23.000     7.6148   3.364863    32.6061       4589     3.1864    10.0830    10.3649 6.7959e+00 0.0000e+00
     22.000     7.6138   3.364737    32.6062       4634     3.2173    10.1472    10.3590 8.2564e+00 0.0000e+00
     21.000     7.6144   3.364734    32.6060       4667     3.2403    10.1809    10.3689 9.6799e+00 0.0000e+00
     20.000     7.6160   3.364821    32.6060       4686     3.2536    10.1699    10.3691 1.1256e+01 0.0000e+00
     19.000     7.6151   3.364729    32.6062       4705     3.2665    10.1489    10.3769 1.3203e+01 0.0000e+00
     18.000     7.6182   3.364964    32.6063       4727     3.2818    10.1306    10.3815 1.5457e+01 0.0000e+00
     17.000     7.6223   3.365308    32.6067       4758     3.3035    10.1599    10.3705 1.8032e+01 0.0000e+00
     16.000     7.6385   3.366910    32.6092       4797     3.3307    10.1683    10.3824 2.1353e+01 0.0000e+00
     15.000     7.6361   3.366634    32.6090       4826     3.3506    10.1651    10.3830 2.5404e+01 0.0000e+00
     14.000     7.6366   3.366622    32.6088       4848     3.3656    10.1667    10.3723 2.9967e+01 0.0000e+00
     13.000     7.6377   3.366687    32.6089       4868     3.3802    10.1617    10.3813 3.5268e+01 0.0000e+00
     12.000     7.6381   3.366732    32.6095       4894     3.3979    10.1548    10.3833 4.1193e+01 0.0000e+00
     11.000     7.6346   3.366392    32.6096       4932     3.4240    10.1461    10.3585 4.8562e+01 0.0000e+00
     10.000     7.6333   3.366166    32.6089       4965     3.4474    10.1745    10.3496 5.6228e+01 0.0000e+00
      9.000     7.6349   3.366321    32.6096       4987     3.4622    10.1785    10.3475 6.5613e+01 0.0000e+00
      8.000     7.6338   3.366198    32.6097       5005     3.4753    10.1569    10.3569 7.8265e+01 0.0000e+00
      7.000     7.6331   3.366123    32.6101       5031     3.4934    10.1259    10.3779 9.4624e+01 0.0000e+00
      6.000     7.6360   3.366303    32.6097       5078     3.5259    10.1280    10.3799 1.0598e+02 0.0000e+00
      5.000     7.6342   3.366107    32.6098       5110     3.5481    10.1600    10.3659 1.2189e+02 0.0000e+00
      4.000     7.6327   3.366061    32.6112       5132     3.5633    10.1140    10.3720 1.5716e+02 0.0000e+00
      3.000     7.6315   3.366115    32.6133       5152     3.5771    10.1048    10.3701 2.0028e+02 0.0000e+00
      2.000     7.6354   3.365236    32.6007       5305     3.6836    10.0984    10.3538 2.6610e+02 0.0000e+00
