HB2502/ctd106.cnv
* Sea-Bird SBE 9 Data File:
* FileName = C:\cruise\data\ctd106.hex
* Software Version Seasave V 7.26.7.121
* Temperature SN = 6768
* Conductivity SN = 6166
* Number of Bytes Per Scan = 37
* Number of Voltage Words = 4
* Number of Scans Averaged by the Deck Unit = 1
* NMEA Latitude = 41 09.61 N
* NMEA Longitude = 070 18.29 W
* NMEA UTC (Time) = Apr 01 2025 22:08:33
* NMEA baud rate = 4800
** Ship: Bigelow HB2502
** Program:  Spring Bottom Trawl
** Chief Scientist:Jon Galbraith
# nquan = 7
# nvalues = 3112                                  
# units = specified
# name 0 = depSM: Depth [salt water, m]
# name 1 = t090C: Temperature [ITS-90, deg C]
# name 2 = c0S/m: Conductivity [S/m]
# name 3 = sal00: Salinity, Practical [PSU]
# name 4 = scan: Scan Count
# name 5 = timeM: Time, Elapsed [minutes]
# name 6 = flag:  0.000e+00
# span 0 =      2.232,     26.690                 
# span 1 =     5.9132,     6.5586                 
# span 2 =   3.217901,   3.268980                 
# span 3 =    32.4505,    32.7353                 
# span 4 =          1,       3112                 
# span 5 =     0.0000,     2.1604                 
# span 6 = 0.0000e+00, 0.0000e+00                 
# interval = seconds: 0.0416667
# start_time = Apr 01 2025 22:08:33 [NMEA time, header]
# bad_flag = -9.990e-29
*END*
[from data line 1436]
     25.280     5.9834   3.227600    32.6501       1437     0.9972  0.000e+00
     25.265     5.9834   3.227570    32.6498       1438     0.9979  0.000e+00
     25.340     5.9831   3.227582    32.6502       1439     0.9986  0.000e+00
     25.317     5.9826   3.227684    32.6518       1440     0.9993  0.000e+00
     25.451     5.9827   3.227910    32.6542       1441     1.0000  0.000e+00
     25.592     5.9828   3.228042    32.6555       1442     1.0007  0.000e+00
     25.718     5.9823   3.227732    32.6525       1443     1.0014  0.000e+00
     25.481     5.9812   3.227576    32.6519       1444     1.0021  0.000e+00
     25.117     5.9804   3.227654    32.6538       1445     1.0028  0.000e+00
     25.102     5.9792   3.227594    32.6542       1446     1.0035  0.000e+00
     25.176     5.9778   3.227743    32.6572       1447     1.0042  0.000e+00
     25.429     5.9760   3.227952    32.6612       1448     1.0049  0.000e+00
     25.555     5.9730   3.228137    32.6660       1449     1.0056  0.000e+00
     25.540     5.9698   3.228006    32.6677       1450     1.0063  0.000e+00
     25.777     5.9681   3.227750    32.6664       1451     1.0069  0.000e+00
     25.265     5.9679   3.227750    32.6668       1452     1.0076  0.000e+00
     25.117     5.9670   3.227726    32.6675       1453     1.0083  0.000e+00
     25.102     5.9663   3.227821    32.6692       1454     1.0090  0.000e+00
     25.176     5.9653   3.228000    32.6721       1455     1.0097  0.000e+00
     25.429     5.9636   3.227994    32.6736       1456     1.0104  0.000e+00
     25.503     5.9622   3.227958    32.6745       1457     1.0111  0.000e+00
     25.213     5.9616   3.227815    32.6736       1458     1.0118  0.000e+00
     25.340     5.9613   3.227791    32.6736       1459     1.0125  0.000e+00
     24.879     5.9610   3.227869    32.6750       1460     1.0132  0.000e+00
     25.280     5.9606   3.227911    32.6756       1461     1.0139  0.000e+00
     25.154     5.9605   3.227940    32.6761       1462     1.0146  0.000e+00
     25.340     5.9605   3.227952    32.6762       1463     1.0153  0.000e+00
     25.265     5.9602   3.227815    32.6750       1464     1.0160  0.000e+00
     25.228     5.9602   3.227863    32.6755       1465     1.0167  0.000e+00
     25.265     5.9594   3.227821    32.6758       1466     1.0174  0.000e+00
     25.117     5.9585   3.227779    32.6762       1467     1.0181  0.000e+00
     25.265     5.9585   3.227946    32.6780       1468     1.0188  0.000e+00
     25.392     5.9586   3.227988    32.6784       1469     1.0194  0.000e+00
     25.377     5.9584   3.227958    32.6783       1470     1.0201  0.000e+00
     25.392     5.9579   3.228012    32.6793       1471     1.0208  0.000e+00
     25.377     5.9573   3.227970    32.6794       1472     1.0215  0.000e+00
     25.340     5.9568   3.228078    32.6812       1473     1.0222  0.000e+00
     25.429     5.9563   3.228125    32.6821       1474     1.0229  0.000e+00
     25.392     5.9559   3.228143    32.6828       1475     1.0236  0.000e+00
     25.481     5.9554   3.228173    32.6835       1476     1.0243  0.000e+00
     25.451     5.9553   3.228114    32.6830       1477     1.0250  0.000e+00
     25.481     5.9553   3.228096    32.6827       1478     1.0257  0.000e+00
     25.451     5.9550   3.228006    32.6821       1479     1.0264  0.000e+00
     25.429     5.9551   3.228018    32.6821       1480     1.0271  0.000e+00
     25.555     5.9552   3.227970    32.6814       1481     1.0278  0.000e+00
     25.481     5.9556   3.228012    32.6815       1482     1.0285  0.000e+00
     25.503     5.9559   3.227947    32.6804       1483     1.0292  0.000e+00
     25.540     5.9563   3.227964    32.6802       1484     1.0299  0.000e+00
     25.555     5.9568   3.227935    32.6795       1485     1.0306  0.000e+00
     25.592     5.9571   3.227833    32.6780       1486     1.0313  0.000e+00
     25.503     5.9578   3.227845    32.6775       1487     1.0319  0.000e+00
     25.540     5.9577   3.227839    32.6775       1488     1.0326  0.000e+00
     25.614     5.9577   3.227762    32.6766       1489     1.0333  0.000e+00
     25.651     5.9576   3.227696    32.6759       1490     1.0340  0.000e+00
     25.666     5.9577   3.227595    32.6747       1491     1.0347  0.000e+00
     25.651     5.9577   3.227493    32.6735       1492     1.0354  0.000e+00
     25.666     5.9578   3.227475    32.6733       1493     1.0361  0.000e+00
     25.703     5.9582   3.227344    32.6714       1494     1.0368  0.000e+00
     25.718     5.9585   3.227255    32.6701       1495     1.0375  0.000e+00
     25.866     5.9591   3.227106    32.6678       1496     1.0382  0.000e+00
     25.777     5.9587   3.226992    32.6669       1497     1.0389  0.000e+00
     25.814     5.9590   3.226843    32.6649       1498     1.0396  0.000e+00
     25.829     5.9587   3.226640    32.6629       1499     1.0403  0.000e+00
     25.866     5.9588   3.226503    32.6613       1500     1.0410  0.000e+00
     25.993     5.9587   3.226313    32.6592       1501     1.0417  0.000e+00
     25.978     5.9588   3.226134    32.6571       1502     1.0424  0.000e+00
     25.941     5.9584   3.225979    32.6558       1503     1.0431  0.000e+00
     25.978     5.9578   3.225740    32.6537       1504     1.0438  0.000e+00
     25.993     5.9576   3.225591    32.6522       1505     1.0444  0.000e+00
     26.030     5.9572   3.225400    32.6503       1506     1.0451  0.000e+00
     26.052     5.9568   3.225239    32.6489       1507     1.0458  0.000e+00
     26.089     5.9561   3.225114    32.6482       1508     1.0465  0.000e+00
     26.052     5.9554   3.225001    32.6476       1509     1.0472  0.000e+00
     26.141     5.9550   3.224864    32.6464       1510     1.0479  0.000e+00
     26.104     5.9546   3.224661    32.6445       1511     1.0486  0.000e+00
     26.141     5.9537   3.224631    32.6451       1512     1.0493  0.000e+00
     26.156     5.9522   3.224554    32.6457       1513     1.0500  0.000e+00
     26.141     5.9506   3.224458    32.6461       1514     1.0507  0.000e+00
     26.215     5.9501   3.224351    32.6453       1515     1.0514  0.000e+00
     26.193     5.9496   3.224297    32.6453       1516     1.0521  0.000e+00
     26.215     5.9492   3.224267    32.6453       1517     1.0528  0.000e+00
     26.252     5.9485   3.224262    32.6459       1518     1.0535  0.000e+00
     26.252     5.9483   3.224279    32.6463       1519     1.0542  0.000e+00
     26.267     5.9480   3.224309    32.6469       1520     1.0549  0.000e+00
     26.304     5.9477   3.224339    32.6475       1521     1.0556  0.000e+00
     26.327     5.9475   3.224369    32.6480       1522     1.0562  0.000e+00
     26.304     5.9472   3.224429    32.6490       1523     1.0569  0.000e+00
     26.327     5.9469   3.224464    32.6497       1524     1.0576  0.000e+00
     26.416     5.9467   3.224536    32.6506       1525     1.0583  0.000e+00
     26.326     5.9469   3.224619    32.6515       1526     1.0590  0.000e+00
     26.416     5.9464   3.224661    32.6523       1527     1.0597  0.000e+00
     26.430     5.9464   3.224804    32.6539       1528     1.0604  0.000e+00
     26.416     5.9457   3.224917    32.6558       1529     1.0611  0.000e+00
     26.430     5.9448   3.225073    32.6584       1530     1.0618  0.000e+00
     26.467     5.9448   3.225293    32.6609       1531     1.0625  0.000e+00
     26.490     5.9443   3.225484    32.6635       1532     1.0632  0.000e+00
     26.467     5.9440   3.225705    32.6663       1533     1.0639  0.000e+00
     26.490     5.9440   3.225919    32.6687       1534     1.0646  0.000e+00
     26.467     5.9435   3.226152    32.6718       1535     1.0653  0.000e+00
     26.490     5.9429   3.226337    32.6745       1536     1.0660  0.000e+00
     26.527     5.9422   3.226581    32.6778       1537     1.0667  0.000e+00
     26.542     5.9419   3.226802    32.6806       1538     1.0674  0.000e+00
     26.527     5.9419   3.226987    32.6827       1539     1.0681  0.000e+00
     26.542     5.9414   3.227190    32.6854       1540     1.0688  0.000e+00
     26.527     5.9413   3.227351    32.6874       1541     1.0694  0.000e+00
     26.490     5.9408   3.227565    32.6903       1542     1.0701  0.000e+00
     26.631     5.9400   3.227667    32.6922       1543     1.0708  0.000e+00
     26.527     5.9396   3.227750    32.6935       1544     1.0715  0.000e+00
     26.601     5.9396   3.227864    32.6947       1545     1.0722  0.000e+00
     26.527     5.9410   3.227959    32.6945       1546     1.0729  0.000e+00
     26.601     5.9430   3.227935    32.6922       1547     1.0736  0.000e+00
     26.579     5.9445   3.227965    32.6912       1548     1.0743  0.000e+00
     26.601     5.9445   3.227935    32.6908       1549     1.0750  0.000e+00
     26.579     5.9422   3.227965    32.6933       1550     1.0757  0.000e+00
     26.601     5.9406   3.227983    32.6951       1551     1.0764  0.000e+00
     26.631     5.9401   3.227893    32.6946       1552     1.0771  0.000e+00
     26.601     5.9404   3.227792    32.6931       1553     1.0778  0.000e+00
     26.579     5.9421   3.227661    32.6901       1554     1.0785  0.000e+00
     26.601     5.9430   3.227535    32.6877       1555     1.0792  0.000e+00
     26.631     5.9416   3.227416    32.6878       1556     1.0799  0.000e+00
     26.653     5.9393   3.227279    32.6884       1557     1.0806  0.000e+00
     26.579     5.9374   3.227058    32.6878       1558     1.0813  0.000e+00
     26.601     5.9355   3.226891    32.6878       1559     1.0819  0.000e+00
     26.690     5.9339   3.226725    32.6874       1560     1.0826  0.000e+00
     26.601     5.9319   3.226635    32.6884       1561     1.0833  0.000e+00
     26.579     5.9308   3.226510    32.6881       1562     1.0840  0.000e+00
     26.631     5.9300   3.226426    32.6879       1563     1.0847  0.000e+00
     26.601     5.9291   3.226391    32.6884       1564     1.0854  0.000e+00
     26.631     5.9285   3.226385    32.6889       1565     1.0861  0.000e+00
     26.542     5.9280   3.226337    32.6888       1566     1.0868  0.000e+00
     26.579     5.9272   3.226325    32.6894       1567     1.0875  0.000e+00
     26.653     5.9265   3.226325    32.6901       1568     1.0882  0.000e+00
     26.527     5.9253   3.226343    32.6915       1569     1.0889  0.000e+00
     26.601     5.9248   3.226355    32.6921       1570     1.0896  0.000e+00
     26.579     5.9242   3.226486    32.6942       1571     1.0903  0.000e+00
     26.542     5.9238   3.226629    32.6962       1572     1.0910  0.000e+00
     26.527     5.9235   3.226808    32.6985       1573     1.0917  0.000e+00
     26.601     5.9230   3.226987    32.7009       1574     1.0924  0.000e+00
     26.467     5.9230   3.227190    32.7033       1575     1.0931  0.000e+00
     26.542     5.9227   3.227458    32.7066       1576     1.0938  0.000e+00
     26.527     5.9226   3.227715    32.7096       1577     1.0944  0.000e+00
     26.490     5.9224   3.227929    32.7122       1578     1.0951  0.000e+00
     26.467     5.9226   3.228138    32.7144       1579     1.0958  0.000e+00
     26.490     5.9227   3.228341    32.7165       1580     1.0965  0.000e+00
     26.415     5.9234   3.228526    32.7180       1581     1.0972  0.000e+00
     26.490     5.9237   3.228657    32.7191       1582     1.0979  0.000e+00
     26.415     5.9242   3.228818    32.7205       1583     1.0986  0.000e+00
     26.415     5.9248   3.228908    32.7209       1584     1.0993  0.000e+00
     26.378     5.9271   3.228902    32.7186       1585     1.1000  0.000e+00
     26.356     5.9300   3.228937    32.7162       1586     1.1007  0.000e+00
     26.378     5.9334   3.228931    32.7128       1587     1.1014  0.000e+00
     26.356     5.9366   3.228925    32.7097       1588     1.1021  0.000e+00
     26.326     5.9393   3.228991    32.7078       1589     1.1028  0.000e+00
     26.304     5.9424   3.229015    32.7051       1590     1.1035  0.000e+00
     26.267     5.9453   3.229015    32.7023       1591     1.1042  0.000e+00
     26.252     5.9481   3.229104    32.7006       1592     1.1049  0.000e+00
     26.267     5.9505   3.229152    32.6989       1593     1.1056  0.000e+00
     26.252     5.9524   3.229140    32.6968       1594     1.1063  0.000e+00
     26.215     5.9544   3.229170    32.6953       1595     1.1069  0.000e+00
     26.141     5.9561   3.229170    32.6936       1596     1.1076  0.000e+00
     26.156     5.9576   3.229223    32.6929       1597     1.1083  0.000e+00
     26.141     5.9592   3.229223    32.6913       1598     1.1090  0.000e+00
     26.156     5.9606   3.229217    32.6898       1599     1.1097  0.000e+00
     26.030     5.9619   3.229217    32.6886       1600     1.1104  0.000e+00
     26.104     5.9634   3.229265    32.6877       1601     1.1111  0.000e+00
     26.030     5.9647   3.229301    32.6869       1602     1.1118  0.000e+00
     26.052     5.9661   3.229283    32.6853       1603     1.1125  0.000e+00
     25.978     5.9674   3.229295    32.6842       1604     1.1132  0.000e+00
     25.992     5.9685   3.229283    32.6830       1605     1.1139  0.000e+00
     25.978     5.9697   3.229319    32.6823       1606     1.1146  0.000e+00
     25.889     5.9703   3.229336    32.6820       1607     1.1153  0.000e+00
     25.918     5.9716   3.229313    32.6804       1608     1.1160  0.000e+00
     25.889     5.9728   3.229283    32.6789       1609     1.1167  0.000e+00
     25.866     5.9737   3.229253    32.6778       1610     1.1174  0.000e+00
     25.829     5.9752   3.229312    32.6770       1611     1.1181  0.000e+00
     25.814     5.9763   3.229265    32.6754       1612     1.1187  0.000e+00
     25.777     5.9776   3.229265    32.6741       1613     1.1194  0.000e+00
     25.755     5.9789   3.229253    32.6727       1614     1.1201  0.000e+00
     25.777     5.9795   3.229223    32.6718       1615     1.1208  0.000e+00
     25.703     5.9804   3.229217    32.6710       1616     1.1215  0.000e+00
     25.666     5.9810   3.229217    32.6704       1617     1.1222  0.000e+00
     25.703     5.9816   3.229193    32.6695       1618     1.1229  0.000e+00
     25.666     5.9823   3.229205    32.6690       1619     1.1236  0.000e+00
     25.592     5.9827   3.229175    32.6683       1620     1.1243  0.000e+00
     25.614     5.9833   3.229163    32.6676       1621     1.1250  0.000e+00
     25.592     5.9839   3.229139    32.6668       1622     1.1257  0.000e+00
     25.555     5.9844   3.229133    32.6662       1623     1.1264  0.000e+00
     25.592     5.9857   3.229086    32.6645       1624     1.1271  0.000e+00
     25.503     5.9876   3.229074    32.6625       1625     1.1278  0.000e+00
     25.480     5.9891   3.229026    32.6606       1626     1.1285  0.000e+00
     25.503     5.9891   3.229032    32.6606       1627     1.1292  0.000e+00
     25.480     5.9897   3.229020    32.6599       1628     1.1299  0.000e+00
     25.451     5.9906   3.229014    32.6589       1629     1.1306  0.000e+00
     25.428     5.9924   3.228990    32.6570       1630     1.1313  0.000e+00
     25.451     5.9944   3.228984    32.6550       1631     1.1319  0.000e+00
     25.428     5.9963   3.228960    32.6529       1632     1.1326  0.000e+00
     25.391     5.9976   3.228954    32.6516       1633     1.1333  0.000e+00
     25.376     5.9991   3.228954    32.6501       1634     1.1340  0.000e+00
     25.339     6.0005   3.228954    32.6488       1635     1.1347  0.000e+00
     25.376     6.0020   3.228954    32.6473       1636     1.1354  0.000e+00
     25.339     6.0029   3.228930    32.6462       1637     1.1361  0.000e+00
     25.376     5.9995   3.228942    32.6496       1638     1.1368  0.000e+00
     25.339     5.9940   3.228954    32.6551       1639     1.1375  0.000e+00
     25.317     5.9866   3.228972    32.6624       1640     1.1382  0.000e+00
     25.280     5.9805   3.228984    32.6684       1641     1.1389  0.000e+00
