HB2502/ctd114.cnv
* Sea-Bird SBE 9 Data File:
* FileName = C:\cruise\data\ctd114.hex
* Software Version Seasave V 7.26.7.121
* Temperature SN = 6768
* Conductivity SN = 6166
* Number of Bytes Per Scan = 37
* Number of Voltage Words = 4
* Number of Scans Averaged by the Deck Unit = 1
* NMEA Latitude = 39 27.39 N
* NMEA Longitude = 072 16.63 W
* NMEA UTC (Time) = Apr 04 2025 15:51:47
* NMEA baud rate = 4800
** Ship: Bigelow HB2502
** Program:  Spring Bottom Trawl
** Chief Scientist:Jon Galbraith
# nquan = 7
# nvalues = 658                         
# units = specified
# name 0 = depSM: Depth [salt water, m]
# name 1 = t090C: Temperature [ITS-90, deg C]
# name 2 = c0S/m: Conductivity [S/m]
# name 3 = sal00: Salinity, Practical [PSU]
# name 4 = scan: Scan Count
# name 5 = timeM: Time, Elapsed [minutes]
# name 6 = flag: flag
# span 0 =      3.000,    332.000       
# span 1 =     5.8752,    11.6971       
# span 2 =   3.228603,   3.967566       
# span 3 =    32.5395,    35.1051       
# span 4 =        320,      18356       
# span 5 =     0.2218,    12.7463       
# span 6 = 0.0000e+00, 0.0000e+00       
# interval = meters: 1                  
# start_time = Apr 04 2025 15:51:47 [NMEA time, header]
# bad_flag = -9.990e-29
*END*
[from data line 206]
    210.000     8.8256   3.713013    35.0538       5880     4.0823 0.0000e+00
    211.000     8.7924   3.709752    35.0518       5901     4.0975 0.0000e+00
    212.000     8.7609   3.706645    35.0497       5925     4.1137 0.0000e+00
    213.000     8.7395   3.704483    35.0476       5955     4.1345 0.0000e+00
    214.000     8.7162   3.702169    35.0458       5988     4.1575 0.0000e+00
    215.000     8.6764   3.698299    35.0438       6013     4.1750 0.0000e+00
    216.000     8.6654   3.697200    35.0426       6033     4.1887 0.0000e+00
    217.000     8.6617   3.696828    35.0418       6052     4.2018 0.0000e+00
    218.000     8.6597   3.696620    35.0412       6077     4.2194 0.0000e+00
    219.000     8.6578   3.696369    35.0399       6130     4.2563 0.0000e+00
    220.000     8.6495   3.695584    35.0393       6159     4.2762 0.0000e+00
    221.000     8.6373   3.694421    35.0386       6176     4.2882 0.0000e+00
    222.000     8.6044   3.691264    35.0374       6193     4.3001 0.0000e+00
    223.000     8.5704   3.687987    35.0359       6214     4.3145 0.0000e+00
    224.000     8.5359   3.684608    35.0338       6246     4.3365 0.0000e+00
    225.000     8.5162   3.682624    35.0319       6286     4.3643 0.0000e+00
    226.000     8.4928   3.680355    35.0305       6315     4.3850 0.0000e+00
    227.000     8.4656   3.677723    35.0291       6337     4.4003 0.0000e+00
    228.000     8.4379   3.675057    35.0278       6358     4.4149 0.0000e+00
    229.000     8.4147   3.672808    35.0265       6383     4.4317 0.0000e+00
    230.000     8.4015   3.671498    35.0252       6414     4.4533 0.0000e+00
    231.000     8.3952   3.670878    35.0244       6444     4.4745 0.0000e+00
    232.000     8.3915   3.670507    35.0237       6470     4.4927 0.0000e+00
    233.000     8.3794   3.669351    35.0229       6498     4.5116 0.0000e+00
    234.000     8.3632   3.667765    35.0217       6527     4.5319 0.0000e+00
    235.000     8.3505   3.666576    35.0212       6553     4.5498 0.0000e+00
    236.000     8.3301   3.664607    35.0199       6575     4.5652 0.0000e+00
    237.000     8.3170   3.663322    35.0189       6598     4.5812 0.0000e+00
    238.000     8.2788   3.659586    35.0166       6628     4.6019 0.0000e+00
    239.000     8.2457   3.656313    35.0140       6662     4.6256 0.0000e+00
    240.000     8.2356   3.655299    35.0129       6691     4.6461 0.0000e+00
    241.000     8.2263   3.654399    35.0120       6718     4.6646 0.0000e+00
    242.000     8.2206   3.653847    35.0113       6743     4.6822 0.0000e+00
    243.000     8.2011   3.651985    35.0104       6766     4.6981 0.0000e+00
    244.000     8.1891   3.650836    35.0095       6789     4.7142 0.0000e+00
    245.000     8.1831   3.650238    35.0087       6819     4.7346 0.0000e+00
    246.000     8.1634   3.648361    35.0078       6854     4.7588 0.0000e+00
    247.000     8.1499   3.647072    35.0069       6880     4.7773 0.0000e+00
    248.000     8.1351   3.645666    35.0062       6902     4.7921 0.0000e+00
    249.000     8.1187   3.644100    35.0053       6925     4.8086 0.0000e+00
    250.000     8.0879   3.641153    35.0039       6956     4.8297 0.0000e+00
    251.000     8.0317   3.635781    35.0020       6988     4.8517 0.0000e+00
    252.000     8.0016   3.632859    35.0002       7016     4.8717 0.0000e+00
    253.000     7.9927   3.631975    34.9992       7044     4.8910 0.0000e+00
    254.000     7.9846   3.631185    34.9983       7070     4.9088 0.0000e+00
    255.000     7.9749   3.630265    34.9976       7093     4.9252 0.0000e+00
    256.000     7.9451   3.627477    34.9969       7116     4.9409 0.0000e+00
    257.000     7.9291   3.625970    34.9963       7140     4.9578 0.0000e+00
    258.000     7.9124   3.624399    34.9955       7169     4.9775 0.0000e+00
    259.000     7.9048   3.623641    34.9945       7205     5.0027 0.0000e+00
    260.000     7.8944   3.622671    34.9940       7241     5.0280 0.0000e+00
    261.000     7.8875   3.622027    34.9935       7265     5.0447 0.0000e+00
    262.000     7.8808   3.621432    34.9933       7284     5.0577 0.0000e+00
    263.000     7.8652   3.619980    34.9928       7302     5.0702 0.0000e+00
    264.000     7.8401   3.617606    34.9918       7324     5.0851 0.0000e+00
    265.000     7.8139   3.615016    34.9897       7364     5.1131 0.0000e+00
    266.000     7.8011   3.613804    34.9890       7410     5.1449 0.0000e+00
    267.000     7.7912   3.612908    34.9887       7431     5.1595 0.0000e+00
    268.000     7.7717   3.611098    34.9882       7448     5.1717 0.0000e+00
    269.000     7.7617   3.610199    34.9881       7465     5.1836 0.0000e+00
    270.000     7.7503   3.609125    34.9874       7486     5.1977 0.0000e+00
    271.000     7.7147   3.605808    34.9867       7520     5.2219 0.0000e+00
    272.000     7.6541   3.600161    34.9860       7569     5.2556 0.0000e+00
    273.000     7.6322   3.598090    34.9851       7597     5.2747 0.0000e+00
    274.000     7.6222   3.597162    34.9846       7616     5.2884 0.0000e+00
    275.000     7.6180   3.596787    34.9843       7633     5.3001 0.0000e+00
    276.000     7.6147   3.596486    34.9838       7650     5.3116 0.0000e+00
    277.000     7.6025   3.595365    34.9834       7672     5.3268 0.0000e+00
    278.000     7.5759   3.592838    34.9823       7731     5.3678 0.0000e+00
    279.000     7.5451   3.589994    34.9819       7763     5.3900 0.0000e+00
    280.000     7.5339   3.588988    34.9818       7779     5.4015 0.0000e+00
    281.000     7.5319   3.588819    34.9814       7794     5.4117 0.0000e+00
    282.000     7.5269   3.588361    34.9810       7810     5.4226 0.0000e+00
    283.000     7.5221   3.587913    34.9805       7846     5.4479 0.0000e+00
    284.000     7.5096   3.586769    34.9801       7896     5.4823 0.0000e+00
    285.000     7.4919   3.585150    34.9799       7915     5.4959 0.0000e+00
    286.000     7.4822   3.584253    34.9794       7933     5.5084 0.0000e+00
    287.000     7.4671   3.582879    34.9792       7954     5.5230 0.0000e+00
    288.000     7.4480   3.581103    34.9786       7985     5.5447 0.0000e+00
    289.000     7.4073   3.577330    34.9780       8023     5.5706 0.0000e+00
    290.000     7.3495   3.571958    34.9772       8050     5.5896 0.0000e+00
    291.000     7.3133   3.568557    34.9761       8073     5.6057 0.0000e+00
    292.000     7.2525   3.562941    34.9757       8096     5.6218 0.0000e+00
    293.000     7.2458   3.562226    34.9742       8122     5.6399 0.0000e+00
    294.000     7.2477   3.562359    34.9732       8150     5.6593 0.0000e+00
    295.000     7.2434   3.561971    34.9728       8176     5.6774 0.0000e+00
    296.000     7.2448   3.562090    34.9723       8205     5.6974 0.0000e+00
    297.000     7.2325   3.560964    34.9719       8240     5.7219 0.0000e+00
    298.000     7.2187   3.559707    34.9715       8267     5.7403 0.0000e+00
    299.000     7.2139   3.559276    34.9711       8286     5.7536 0.0000e+00
    300.000     7.1795   3.556137    34.9711       8305     5.7664 0.0000e+00
    301.000     7.1597   3.554285    34.9703       8332     5.7852 0.0000e+00
    302.000     7.1616   3.554405    34.9692       8381     5.8192 0.0000e+00
    303.000     7.1519   3.553558    34.9692       8409     5.8392 0.0000e+00
    304.000     7.1625   3.554527    34.9686       8429     5.8530 0.0000e+00
    305.000     7.1590   3.554248    34.9686       8449     5.8664 0.0000e+00
    306.000     7.1560   3.554002    34.9685       8471     5.8818 0.0000e+00
    307.000     7.1629   3.554665    34.9683       8499     5.9011 0.0000e+00
    308.000     7.1327   3.551939    34.9685       8533     5.9252 0.0000e+00
    309.000     7.1288   3.551542    34.9675       8567     5.9484 0.0000e+00
    310.000     7.1041   3.549344    34.9680       8592     5.9660 0.0000e+00
    311.000     7.0895   3.547984    34.9673       8614     5.9812 0.0000e+00
    312.000     7.0855   3.547614    34.9668       8638     5.9976 0.0000e+00
    313.000     7.0775   3.546899    34.9665       8666     6.0173 0.0000e+00
    314.000     7.0728   3.546465    34.9661       8695     6.0378 0.0000e+00
    315.000     7.0540   3.544752    34.9658       8725     6.0584 0.0000e+00
    316.000     7.0498   3.544377    34.9654       8754     6.0782 0.0000e+00
    317.000     7.0490   3.544313    34.9651       8780     6.0966 0.0000e+00
    318.000     7.0275   3.542349    34.9647       8805     6.1136 0.0000e+00
    319.000     7.0196   3.541612    34.9641       8829     6.1308 0.0000e+00
    320.000     7.0192   3.541593    34.9639       8856     6.1494 0.0000e+00
    321.000     6.9953   3.539439    34.9639       8888     6.1714 0.0000e+00
    322.000     6.9719   3.537296    34.9635       8917     6.1918 0.0000e+00
    323.000     6.9703   3.537171    34.9633       8942     6.2093 0.0000e+00
    324.000     6.9588   3.536162    34.9634       8967     6.2263 0.0000e+00
    325.000     6.9287   3.533432    34.9633       8992     6.2440 0.0000e+00
    326.000     6.9124   3.531929    34.9627       9019     6.2628 0.0000e+00
    327.000     6.9004   3.530811    34.9621       9047     6.2823 0.0000e+00
    328.000     6.9044   3.531175    34.9616       9076     6.3020 0.0000e+00
    329.000     6.8963   3.530469    34.9615       9105     6.3221 0.0000e+00
    330.000     6.8899   3.529896    34.9612       9134     6.3423 0.0000e+00
    331.000     6.8594   3.527106    34.9609       9161     6.3609 0.0000e+00
    332.000     6.7804   3.519651    34.9583       9308     6.4634 0.0000e+00
    331.000     6.7584   3.517406    34.9564       9508     6.6020 0.0000e+00
    330.000     6.7829   3.519548    34.9557       9585     6.6558 0.0000e+00
    329.000     6.8023   3.521262    34.9554       9605     6.6695 0.0000e+00
    328.000     6.8413   3.524816    34.9555       9626     6.6842 0.0000e+00
    327.000     6.8724   3.527695    34.9562       9656     6.7047 0.0000e+00
    326.000     6.8832   3.528765    34.9575       9695     6.7320 0.0000e+00
    325.000     6.8964   3.529857    34.9566       9722     6.7507 0.0000e+00
    324.000     6.9220   3.532228    34.9573       9743     6.7653 0.0000e+00
    323.000     6.9370   3.533612    34.9579       9764     6.7797 0.0000e+00
    322.000     6.9587   3.535569    34.9579       9787     6.7957 0.0000e+00
    321.000     6.9830   3.537787    34.9582       9814     6.8144 0.0000e+00
    320.000     7.0041   3.539770    34.9591       9848     6.8380 0.0000e+00
    319.000     7.0070   3.539891    34.9580       9881     6.8614 0.0000e+00
    318.000     7.0292   3.542031    34.9595       9903     6.8766 0.0000e+00
    317.000     7.0334   3.542419    34.9600       9922     6.8893 0.0000e+00
    316.000     7.0343   3.542503    34.9605       9941     6.9025 0.0000e+00
    315.000     7.0397   3.542994    34.9609       9971     6.9238 0.0000e+00
    314.000     7.0447   3.543424    34.9612      10019     6.9568 0.0000e+00
    313.000     7.0510   3.543955    34.9610      10042     6.9728 0.0000e+00
    312.000     7.0646   3.545241    34.9619      10059     6.9848 0.0000e+00
    311.000     7.0770   3.546274    34.9612      10076     6.9966 0.0000e+00
    310.000     7.0904   3.547521    34.9618      10097     7.0110 0.0000e+00
    309.000     7.1186   3.550116    34.9622      10136     7.0384 0.0000e+00
    308.000     7.1339   3.551571    34.9632      10175     7.0650 0.0000e+00
    307.000     7.1425   3.552316    34.9632      10197     7.0805 0.0000e+00
    306.000     7.1488   3.552924    34.9640      10218     7.0949 0.0000e+00
    305.000     7.1517   3.553150    34.9640      10240     7.1105 0.0000e+00
    304.000     7.1632   3.554228    34.9647      10265     7.1276 0.0000e+00
    303.000     7.1835   3.556088    34.9651      10291     7.1460 0.0000e+00
    302.000     7.2043   3.557937    34.9648      10320     7.1656 0.0000e+00
    301.000     7.2097   3.558475    34.9656      10350     7.1868 0.0000e+00
    300.000     7.2245   3.559763    34.9653      10378     7.2064 0.0000e+00
    299.000     7.2351   3.560701    34.9654      10403     7.2235 0.0000e+00
    298.000     7.2437   3.561553    34.9664      10427     7.2400 0.0000e+00
    297.000     7.2481   3.561879    34.9660      10451     7.2571 0.0000e+00
    296.000     7.2607   3.563076    34.9669      10479     7.2765 0.0000e+00
    295.000     7.2667   3.563575    34.9668      10509     7.2974 0.0000e+00
    294.000     7.2684   3.563796    34.9681      10538     7.3176 0.0000e+00
    293.000     7.2676   3.563662    34.9679      10566     7.3369 0.0000e+00
    292.000     7.2629   3.563222    34.9683      10591     7.3542 0.0000e+00
    291.000     7.2604   3.562909    34.9679      10614     7.3702 0.0000e+00
    290.000     7.2650   3.563301    34.9680      10637     7.3859 0.0000e+00
    289.000     7.2732   3.564067    34.9686      10659     7.4014 0.0000e+00
    288.000     7.2840   3.564965    34.9680      10682     7.4173 0.0000e+00
    287.000     7.3137   3.567686    34.9683      10712     7.4379 0.0000e+00
    286.000     7.3568   3.571741    34.9696      10758     7.4704 0.0000e+00
    285.000     7.3917   3.574783    34.9679      10787     7.4903 0.0000e+00
    284.000     7.4152   3.577044    34.9694      10805     7.5028 0.0000e+00
    283.000     7.4304   3.578521    34.9706      10821     7.5139 0.0000e+00
    282.000     7.4428   3.579673    34.9712      10839     7.5262 0.0000e+00
    281.000     7.4745   3.582640    34.9721      10874     7.5504 0.0000e+00
    280.000     7.5072   3.585622    34.9721      10921     7.5833 0.0000e+00
    279.000     7.5193   3.586791    34.9731      10940     7.5964 0.0000e+00
    278.000     7.5231   3.587166    34.9739      10955     7.6071 0.0000e+00
    277.000     7.5240   3.587262    34.9744      10971     7.6178 0.0000e+00
    276.000     7.5289   3.587691    34.9747      10992     7.6325 0.0000e+00
    275.000     7.5520   3.589747    34.9743      11050     7.6732 0.0000e+00
    274.000     7.5842   3.592741    34.9749      11080     7.6940 0.0000e+00
    273.000     7.5964   3.593914    34.9758      11098     7.7062 0.0000e+00
    272.000     7.5998   3.594224    34.9763      11115     7.7178 0.0000e+00
    271.000     7.6036   3.594611    34.9771      11134     7.7309 0.0000e+00
    270.000     7.6226   3.596288    34.9767      11158     7.7480 0.0000e+00
    269.000     7.6601   3.599654    34.9760      11191     7.7712 0.0000e+00
    268.000     7.6807   3.601573    34.9766      11230     7.7978 0.0000e+00
    267.000     7.7415   3.606860    34.9732      11259     7.8183 0.0000e+00
    266.000     7.7759   3.610554    34.9792      11281     7.8332 0.0000e+00
    265.000     7.7783   3.610865    34.9805      11300     7.8464 0.0000e+00
    264.000     7.7867   3.611645    34.9811      11319     7.8600 0.0000e+00
    263.000     7.7992   3.612833    34.9819      11341     7.8748 0.0000e+00
    262.000     7.8494   3.617611    34.9836      11375     7.8983 0.0000e+00
    261.000     7.8957   3.622031    34.9854      11434     7.9395 0.0000e+00
    260.000     7.8941   3.621924    34.9863      11455     7.9542 0.0000e+00
    259.000     7.8973   3.622240    34.9870      11471     7.9650 0.0000e+00
    258.000     7.9005   3.622521    34.9873      11485     7.9748 0.0000e+00
    257.000     7.9076   3.623145    34.9873      11500     7.9852 0.0000e+00
    256.000     7.9208   3.624357    34.9877      11519     7.9985 0.0000e+00
    255.000     7.9321   3.625437    34.9885      11554     8.0228 0.0000e+00
    254.000     7.9434   3.626538    34.9895      11599     8.0543 0.0000e+00
    253.000     7.9605   3.628110    34.9898      11628     8.0746 0.0000e+00
    252.000     7.9698   3.628995    34.9905      11654     8.0924 0.0000e+00
    251.000     7.9762   3.629561    34.9907      11678     8.1091 0.0000e+00
