HB2502/ctd118.cnv
* Sea-Bird SBE 9 Data File:
* FileName = C:\cruise\data\ctd118.hex
* Software Version Seasave V 7.26.7.121
* Temperature SN = 6768
* Conductivity SN = 6166
* Number of Bytes Per Scan = 37
* Number of Voltage Words = 4
* Number of Scans Averaged by the Deck Unit = 1
* NMEA Latitude = 40 01.94 N
* NMEA Longitude = 071 03.04 W
* NMEA UTC (Time) = Apr 05 2025 09:06:30
* NMEA baud rate = 4800
** Ship: Bigelow HB2502
** Program:  Spring Bottom Trawl
** Chief Scientist:Jon Galbraith
# nquan = 7
# nvalues = 505                         
# units = specified
# name 0 = depSM: Depth [salt water, m]
# name 1 = t090C: Temperature [ITS-90, deg C]
# name 2 = c0S/m: Conductivity [S/m]
# name 3 = sal00: Salinity, Practical [PSU]
# name 4 = scan: Scan Count
# name 5 = timeM: Time, Elapsed [minutes]
# name 6 = flag: flag
# span 0 =      1.000,    254.000       
# span 1 =     5.3171,    10.5590       
# span 2 =   2.314372,   3.866104       
# span 3 =    22.8348,    35.0420       
# span 4 =       -134,      15931       
# span 5 =    -0.0938,    11.0625       
# span 6 = 0.0000e+00, 0.0000e+00       
# interval = meters: 1                  
# start_time = Apr 05 2025 09:06:30 [NMEA time, header]
# bad_flag = -9.990e-29
*END*
[from data line 411]
     94.000     7.5534   3.465142    33.7119      12551     8.7150 0.0000e+00
     93.000     7.4047   3.446721    33.6572      12580     8.7356 0.0000e+00
     92.000     7.3343   3.438436    33.6361      12617     8.7612 0.0000e+00
     91.000     7.3097   3.434610    33.6189      12654     8.7869 0.0000e+00
     90.000     7.2582   3.428584    33.6038      12680     8.8050 0.0000e+00
     89.000     7.2560   3.427507    33.5948      12700     8.8187 0.0000e+00
     88.000     7.2358   3.425051    33.5882      12717     8.8307 0.0000e+00
     87.000     7.1315   3.413106    33.5598      12734     8.8425 0.0000e+00
     86.000     6.9987   3.397890    33.5231      12753     8.8556 0.0000e+00
     85.000     6.7814   3.371294    33.4430      12781     8.8753 0.0000e+00
     84.000     6.6161   3.350028    33.3702      12835     8.9127 0.0000e+00
     83.000     6.5765   3.344512    33.3482      12863     8.9317 0.0000e+00
     82.000     6.5715   3.343208    33.3392      12880     8.9440 0.0000e+00
     81.000     6.5450   3.339773    33.3275      12897     8.9559 0.0000e+00
     80.000     6.5023   3.334399    33.3102      12918     8.9699 0.0000e+00
     79.000     6.4066   3.323481    33.2828      12946     8.9895 0.0000e+00
     78.000     6.3747   3.319275    33.2677      12979     9.0126 0.0000e+00
     77.000     6.2663   3.306980    33.2372      13008     9.0324 0.0000e+00
     76.000     6.1586   3.294990    33.2091      13033     9.0500 0.0000e+00
     75.000     6.1340   3.291650    33.1964      13058     9.0672 0.0000e+00
     74.000     6.1122   3.288853    33.1869      13082     9.0841 0.0000e+00
     73.000     6.0890   3.285767    33.1755      13105     9.1003 0.0000e+00
     72.000     6.0672   3.281856    33.1535      13129     9.1167 0.0000e+00
     71.000     6.0195   3.275176    33.1257      13155     9.1347 0.0000e+00
     70.000     5.9859   3.270693    33.1088      13184     9.1550 0.0000e+00
     69.000     5.9392   3.264648    33.0871      13216     9.1770 0.0000e+00
     68.000     5.9012   3.259371    33.0654      13246     9.1979 0.0000e+00
     67.000     5.8753   3.255242    33.0449      13269     9.2137 0.0000e+00
     66.000     5.8787   3.255343    33.0431      13288     9.2269 0.0000e+00
     65.000     5.8742   3.254825    33.0422      13307     9.2400 0.0000e+00
     64.000     5.7998   3.245560    33.0111      13331     9.2572 0.0000e+00
     63.000     5.7553   3.239067    32.9819      13374     9.2867 0.0000e+00
     62.000     5.7072   3.232745    32.9581      13407     9.3098 0.0000e+00
     61.000     5.6693   3.227550    32.9369      13426     9.3230 0.0000e+00
     60.000     5.6589   3.226190    32.9321      13442     9.3340 0.0000e+00
     59.000     5.6240   3.222508    32.9252      13458     9.3449 0.0000e+00
     58.000     5.6102   3.220560    32.9171      13476     9.3577 0.0000e+00
     57.000     5.5430   3.211966    32.8859      13521     9.3891 0.0000e+00
     56.000     5.4842   3.204102    32.8547      13575     9.4261 0.0000e+00
     55.000     5.4783   3.202477    32.8425      13592     9.4380 0.0000e+00
     54.000     5.4676   3.200832    32.8348      13606     9.4482 0.0000e+00
     53.000     5.4607   3.199587    32.8279      13621     9.4582 0.0000e+00
     52.000     5.4439   3.197125    32.8168      13637     9.4692 0.0000e+00
     51.000     5.3962   3.190440    32.7879      13657     9.4830 0.0000e+00
     50.000     5.3496   3.182733    32.7462      13694     9.5094 0.0000e+00
     49.000     5.3487   3.180423    32.7213      13748     9.5463 0.0000e+00
     48.000     5.3571   3.178142    32.6876      13771     9.5627 0.0000e+00
     47.000     5.3612   3.176918    32.6702      13790     9.5754 0.0000e+00
     46.000     5.3675   3.176788    32.6630      13807     9.5875 0.0000e+00
     45.000     5.3915   3.177621    32.6496      13826     9.6006 0.0000e+00
     44.000     5.4522   3.180190    32.6203      13851     9.6180 0.0000e+00
     43.000     5.4651   3.180916    32.6165      13886     9.6422 0.0000e+00
     42.000     5.5202   3.184054    32.5991      13915     9.6627 0.0000e+00
     41.000     5.6599   3.192658    32.5616      13938     9.6782 0.0000e+00
     40.000     5.6891   3.194871    32.5589      13959     9.6932 0.0000e+00
     39.000     5.7215   3.197481    32.5575      13984     9.7107 0.0000e+00
     38.000     5.7388   3.198860    32.5569      14018     9.7343 0.0000e+00
     37.000     5.7462   3.199398    32.5563      14051     9.7570 0.0000e+00
     36.000     5.7732   3.201263    32.5518      14074     9.7726 0.0000e+00
     35.000     5.7780   3.201653    32.5520      14092     9.7856 0.0000e+00
     34.000     5.7872   3.202079    32.5484      14111     9.7985 0.0000e+00
     33.000     5.8266   3.204978    32.5435      14134     9.8146 0.0000e+00
     32.000     5.9019   3.210612    32.5348      14175     9.8432 0.0000e+00
     31.000     5.9791   3.216343    32.5253      14210     9.8677 0.0000e+00
     30.000     6.0634   3.223439    32.5242      14230     9.8815 0.0000e+00
     29.000     6.0767   3.224867    32.5280      14248     9.8938 0.0000e+00
     28.000     6.1326   3.229632    32.5280      14267     9.9066 0.0000e+00
     27.000     6.2001   3.235867    32.5334      14290     9.9232 0.0000e+00
     26.000     6.2328   3.239190    32.5396      14331     9.9512 0.0000e+00
     25.000     6.2573   3.241201    32.5390      14366     9.9757 0.0000e+00
     24.000     6.2816   3.243296    32.5395      14386     9.9895 0.0000e+00
     23.000     6.2857   3.243634    32.5398      14403    10.0016 0.0000e+00
     22.000     6.2899   3.243919    32.5395      14422    10.0143 0.0000e+00
     21.000     6.2985   3.244532    32.5386      14445    10.0306 0.0000e+00
     20.000     6.3060   3.244968    32.5367      14483    10.0568 0.0000e+00
     19.000     6.3049   3.244948    32.5380      14520    10.0830 0.0000e+00
     18.000     6.3140   3.245438    32.5353      14544    10.0991 0.0000e+00
     17.000     6.3166   3.245586    32.5349      14562    10.1118 0.0000e+00
     16.000     6.3193   3.245706    32.5341      14580    10.1243 0.0000e+00
     15.000     6.3235   3.245931    32.5331      14600    10.1383 0.0000e+00
     14.000     6.3271   3.246089    32.5319      14629    10.1582 0.0000e+00
     13.000     6.3326   3.246372    32.5303      14671    10.1873 0.0000e+00
     12.000     6.3806   3.249543    32.5201      14700    10.2079 0.0000e+00
     11.000     6.4332   3.253643    32.5158      14721    10.2223 0.0000e+00
     10.000     6.4406   3.254432    32.5180      14741    10.2358 0.0000e+00
      9.000     6.4426   3.254575    32.5182      14762    10.2508 0.0000e+00
      8.000     6.4465   3.254904    32.5186      14788    10.2685 0.0000e+00
      7.000     6.4482   3.255046    32.5191      14816    10.2883 0.0000e+00
      6.000     6.4546   3.255924    32.5231      15381    10.6807 0.0000e+00
      5.000     6.4517   3.255644    32.5233      15701    10.9026 0.0000e+00
      4.000     6.4513   3.255560    32.5232      15726    10.9204 0.0000e+00
      3.000     6.4511   3.255495    32.5232      15777    10.9557 0.0000e+00
      2.000     6.4510   3.255462    32.5234      15829    10.9917 0.0000e+00
      1.000     6.4333   2.314372    22.8348      15931    11.0625 0.0000e+00
