HB2502/ctd176.cnv
* Sea-Bird SBE 9 Data File:
* FileName = C:\cruise\data\ctd176.hex
* Software Version Seasave V 7.26.7.121
* Temperature SN = 4591
* Conductivity SN = 6006
* Number of Bytes Per Scan = 37
* Number of Voltage Words = 4
* Number of Scans Averaged by the Deck Unit = 1
* NMEA Latitude = 41 35.42 N
* NMEA Longitude = 065 55.63 W
* NMEA UTC (Time) = May 04 2025 19:02:33
* NMEA baud rate = 4800
** Ship: Bigelow HB2502
** Program:  Spring Bottom Trawl
** Chief Scientist:Jon Galbraith
# nquan = 10
# nvalues = 686                         
# units = specified
# name 0 = depSM: Depth [salt water, m]
# name 1 = t090C: Temperature [ITS-90, deg C]
# name 2 = c0S/m: Conductivity [S/m]
# name 3 = sal00: Salinity, Practical [PSU]
# name 4 = scan: Scan Count
# name 5 = timeM: Time, Elapsed [minutes]
# name 6 = sbeox0Mg/L: Oxygen, SBE 43 [mg/l]
# name 7 = sbeox1Mg/L: Oxygen, SBE 43, 2 [mg/l]
# name 8 = par: PAR/Irradiance, Biospherical/Licor
# name 9 = flag: flag
# span 0 =      3.000,    346.000       
# span 1 =     6.2546,    11.4186       
# span 2 =   3.271560,   3.959389       
# span 3 =    32.6245,    35.1878       
# span 4 =        208,      19347       
# span 5 =     0.1434,    13.4348       
# span 6 =     5.1823,    11.2162       
# span 7 =     5.3095,    11.4001       
# span 8 = 1.0000e-12, 1.2160e+03       
# span 9 = 0.0000e+00, 0.0000e+00       
# interval = meters: 1                  
# start_time = May 04 2025 19:02:33 [NMEA time, header]
# bad_flag = -9.990e-29
*END*
      4.000     6.9295   3.310712    32.6749        208     0.1434    11.1584    11.3891 9.9399e+02 0.0000e+00
      5.000     6.8823   3.308884    32.6993        317     0.2198    11.1639    11.4001 7.2118e+02 0.0000e+00
      6.000     6.8293   3.304309    32.6992        347     0.2403    11.1472    11.3958 5.3542e+02 0.0000e+00
      7.000     6.7889   3.301649    32.7080        383     0.2651    11.2162    11.3945 3.9746e+02 0.0000e+00
      8.000     6.7610   3.300574    32.7224        410     0.2842    11.2153    11.2782 3.1119e+02 0.0000e+00
      9.000     6.7873   3.301531    32.7073        431     0.2987    11.0502    11.0922 2.4297e+02 0.0000e+00
     10.000     6.8732   3.306431    32.6788        453     0.3136    10.8556    10.9790 1.9332e+02 0.0000e+00
     11.000     6.8218   3.304415    32.7050        483     0.3348    10.7681    11.0385 1.3805e+02 0.0000e+00
     12.000     6.7588   3.301042    32.7277        519     0.3596    10.8529    11.1985 1.0901e+02 0.0000e+00
     13.000     6.6521   3.295804    32.7715        544     0.3769    10.9915    11.1708 8.1013e+01 0.0000e+00
     14.000     6.6177   3.293067    32.7738        564     0.3913    10.9511    11.0529 6.9912e+01 0.0000e+00
     15.000     6.6139   3.292497    32.7707        587     0.4070    10.8032    10.9231 5.6050e+01 0.0000e+00
     16.000     6.6174   3.292857    32.7708        619     0.4294    10.6185    10.7291 4.8696e+01 0.0000e+00
     17.000     6.6227   3.293386    32.7711        654     0.4537    10.4422    10.5784 4.2754e+01 0.0000e+00
     18.000     6.6254   3.293733    32.7719        679     0.4708    10.3644    10.5270 3.7503e+01 0.0000e+00
     19.000     6.6282   3.294032    32.7720        700     0.4856    10.3354    10.5275 3.5703e+01 0.0000e+00
     20.000     6.6308   3.294310    32.7720        723     0.5014    10.3125    10.5197 3.2031e+01 0.0000e+00
     21.000     6.6288   3.294504    32.7756        750     0.5202    10.2821    10.5257 2.9691e+01 0.0000e+00
     22.000     6.6100   3.293551    32.7826        781     0.5413    10.3114    10.5423 2.6019e+01 0.0000e+00
     23.000     6.5835   3.292047    32.7910        812     0.5631    10.3343    10.5419 2.3123e+01 0.0000e+00
     24.000     6.5461   3.290128    32.8052        840     0.5828    10.3553    10.5258 2.1298e+01 0.0000e+00
     25.000     6.4088   3.281344    32.8395        865     0.6000    10.3344    10.5060 1.9978e+01 0.0000e+00
     26.000     6.3245   3.275451    32.8548        889     0.6168    10.3145    10.4439 1.8298e+01 0.0000e+00
     27.000     6.2693   3.271817    32.8672        913     0.6335    10.2478    10.3248 1.6405e+01 0.0000e+00
     28.000     6.2579   3.271560    32.8749        938     0.6508    10.0888    10.1391 1.4849e+01 0.0000e+00
     29.000     6.2665   3.273190    32.8842        967     0.6709     9.8760     9.9678 1.4091e+01 0.0000e+00
     30.000     6.2782   3.275431    32.8974       1000     0.6937     9.7121     9.8774 1.3187e+01 0.0000e+00
     31.000     6.2838   3.276474    32.9031       1028     0.7134     9.6743     9.8831 1.2285e+01 0.0000e+00
     32.000     6.2850   3.276898    32.9061       1052     0.7300     9.6631     9.8747 1.1176e+01 0.0000e+00
     33.000     6.2861   3.277143    32.9073       1074     0.7451     9.6516     9.8670 9.6550e+00 0.0000e+00
     34.000     6.2854   3.277528    32.9117       1096     0.7605     9.6272     9.8687 7.6860e+00 0.0000e+00
     35.000     6.2836   3.277723    32.9152       1124     0.7796     9.6208     9.8608 5.6260e+00 0.0000e+00
     36.000     6.2835   3.277880    32.9166       1162     0.8065     9.6539     9.8694 3.8650e+00 0.0000e+00
     37.000     6.2826   3.278185    32.9203       1194     0.8283     9.6286     9.8591 3.2842e+00 0.0000e+00
     38.000     6.2834   3.278532    32.9229       1215     0.8429     9.6154     9.8407 2.9838e+00 0.0000e+00
     39.000     6.2850   3.278976    32.9258       1234     0.8566     9.6274     9.8256 2.6942e+00 0.0000e+00
     40.000     6.2842   3.279034    32.9267       1258     0.8729     9.6309     9.8195 2.3890e+00 0.0000e+00
     41.000     6.2827   3.279019    32.9276       1289     0.8943     9.6213     9.8039 2.0853e+00 0.0000e+00
     42.000     6.2828   3.279131    32.9282       1318     0.9147     9.5989     9.8041 1.8653e+00 0.0000e+00
     43.000     6.2817   3.279180    32.9294       1342     0.9315     9.5924     9.8107 1.6949e+00 0.0000e+00
     44.000     6.2808   3.279118    32.9290       1368     0.9490     9.6105     9.8064 1.5261e+00 0.0000e+00
     45.000     6.2804   3.279123    32.9289       1399     0.9710     9.6019     9.7967 1.3632e+00 0.0000e+00
     46.000     6.2782   3.278948    32.9287       1432     0.9939     9.5892     9.7921 1.2482e+00 0.0000e+00
     47.000     6.2766   3.278827    32.9284       1457     1.0109     9.5848     9.7882 1.1266e+00 0.0000e+00
     48.000     6.2763   3.278837    32.9283       1476     1.0246     9.5786     9.7893 1.0086e+00 0.0000e+00
     49.000     6.2758   3.278849    32.9283       1496     1.0384     9.5830     9.7890 9.0596e-01 0.0000e+00
     50.000     6.2758   3.278882    32.9282       1523     1.0566     9.5696     9.7860 8.0040e-01 0.0000e+00
     51.000     6.2742   3.278813    32.9286       1564     1.0853     9.5781     9.7793 7.3258e-01 0.0000e+00
     52.000     6.2704   3.278715    32.9307       1598     1.1091     9.5898     9.7863 6.8106e-01 0.0000e+00
     53.000     6.2682   3.278660    32.9316       1619     1.1236     9.5872     9.7865 6.1648e-01 0.0000e+00
     54.000     6.2678   3.278706    32.9321       1636     1.1357     9.5960     9.7710 5.4870e-01 0.0000e+00
     55.000     6.2670   3.278778    32.9332       1655     1.1484     9.6015     9.7624 4.8586e-01 0.0000e+00
     56.000     6.2664   3.278851    32.9340       1680     1.1659     9.5934     9.7678 4.3607e-01 0.0000e+00
     57.000     6.2661   3.278905    32.9344       1721     1.1944     9.5766     9.7560 4.0271e-01 0.0000e+00
     58.000     6.2658   3.278937    32.9346       1757     1.2196     9.5689     9.7533 3.7513e-01 0.0000e+00
     59.000     6.2649   3.278945    32.9351       1781     1.2359     9.5819     9.7566 3.4245e-01 0.0000e+00
     60.000     6.2654   3.279127    32.9362       1800     1.2494     9.5795     9.7606 3.0505e-01 0.0000e+00
     61.000     6.2618   3.279124    32.9391       1819     1.2623     9.5802     9.7635 2.7609e-01 0.0000e+00
     62.000     6.2627   3.279536    32.9423       1842     1.2783     9.5855     9.7643 2.5273e-01 0.0000e+00
     63.000     6.2587   3.279413    32.9444       1880     1.3050     9.5982     9.7547 2.2689e-01 0.0000e+00
     64.000     6.2603   3.279996    32.9487       1917     1.3305     9.5470     9.7371 2.1199e-01 0.0000e+00
     65.000     6.2576   3.280153    32.9526       1939     1.3461     9.5081     9.7277 1.9458e-01 0.0000e+00
     66.000     6.2552   3.279996    32.9527       1959     1.3596     9.5249     9.7219 1.7459e-01 0.0000e+00
     67.000     6.2546   3.280366    32.9570       1980     1.3741     9.5424     9.7075 1.6485e-01 0.0000e+00
     68.000     6.2568   3.281512    32.9670       2006     1.3926     9.5289     9.6884 1.6560e-01 0.0000e+00
     69.000     6.2580   3.281947    32.9703       2040     1.4163     9.5189     9.6813 1.7849e-01 0.0000e+00
     70.000     6.2613   3.282616    32.9741       2071     1.4372     9.4607     9.6571 1.7591e-01 0.0000e+00
     71.000     6.2714   3.284434    32.9840       2095     1.4542     9.4143     9.6516 1.7850e-01 0.0000e+00
     72.000     6.2878   3.287346    33.0000       2119     1.4711     9.4199     9.6424 1.7767e-01 0.0000e+00
     73.000     6.2986   3.288982    33.0073       2146     1.4898     9.4383     9.6000 1.7328e-01 0.0000e+00
     74.000     6.3095   3.290509    33.0132       2175     1.5097     9.4129     9.5306 1.6524e-01 0.0000e+00
     75.000     6.3189   3.292403    33.0246       2203     1.5292     9.3811     9.5167 1.5412e-01 0.0000e+00
     76.000     6.3315   3.294503    33.0353       2231     1.5486     9.3197     9.5274 1.3998e-01 0.0000e+00
     77.000     6.3425   3.296803    33.0497       2256     1.5662     9.3009     9.5225 1.2391e-01 0.0000e+00
     78.000     6.3632   3.300185    33.0667       2279     1.5822     9.3021     9.4951 1.1017e-01 0.0000e+00
     79.000     6.3693   3.302094    33.0815       2304     1.5990     9.3080     9.4574 9.8223e-02 0.0000e+00
     80.000     6.3735   3.303080    33.0879       2331     1.6179     9.2800     9.4210 8.6768e-02 0.0000e+00
     81.000     6.3790   3.303974    33.0920       2360     1.6383     9.2109     9.3715 7.2386e-02 0.0000e+00
     82.000     6.3787   3.304172    33.0940       2389     1.6584     9.1629     9.3402 6.3065e-02 0.0000e+00
     83.000     6.3849   3.305450    33.1017       2418     1.6784     9.1324     9.3266 4.7709e-02 0.0000e+00
     84.000     6.3999   3.307924    33.1141       2445     1.6969     9.1226     9.3142 3.4528e-02 0.0000e+00
     85.000     6.4093   3.309452    33.1215       2469     1.7136     9.1348     9.3027 3.1515e-02 0.0000e+00
     86.000     6.4072   3.310042    33.1296       2491     1.7293     9.1204     9.2952 2.2210e-02 0.0000e+00
     87.000     6.4027   3.310202    33.1352       2515     1.7457     9.0861     9.2835 1.3796e-02 0.0000e+00
     88.000     6.4006   3.310408    33.1390       2543     1.7654     9.0647     9.2472 1.7020e-02 0.0000e+00
     89.000     6.4087   3.312498    33.1539       2580     1.7908     9.0487     9.2191 1.4849e-02 0.0000e+00
     90.000     6.4594   3.319681    33.1837       2611     1.8122     9.0371     9.1900 5.3917e-03 0.0000e+00
     91.000     6.4651   3.321711    33.2002       2633     1.8279     9.0096     9.1779 1.4773e-03 0.0000e+00
     92.000     6.4307   3.318982    33.2030       2653     1.8418     8.9771     9.1693 7.9745e-04 0.0000e+00
     93.000     6.4345   3.319700    33.2068       2674     1.8560     8.9241     9.1122 7.0270e-04 0.0000e+00
     94.000     6.4655   3.324069    33.2245       2698     1.8731     8.8593     9.0418 4.8915e-05 0.0000e+00
     95.000     6.5345   3.333723    33.2639       2729     1.8946     8.7993     8.9815 4.1432e-07 0.0000e+00
     96.000     6.5918   3.341469    33.2932       2763     1.9181     8.7393     8.8946 1.0000e-12 0.0000e+00
     97.000     6.6631   3.350847    33.3270       2793     1.9387     8.6764     8.8227 1.0000e-12 0.0000e+00
     98.000     6.7102   3.357534    33.3544       2816     1.9549     8.6302     8.8064 1.0000e-12 0.0000e+00
     99.000     6.7443   3.362541    33.3760       2837     1.9694     8.6012     8.7932 1.0000e-12 0.0000e+00
    100.000     6.8146   3.371640    33.4072       2859     1.9848     8.5543     8.7315 1.0000e-12 0.0000e+00
    101.000     6.9644   3.390966    33.4732       2888     2.0045     8.4693     8.6527 1.0000e-12 0.0000e+00
    102.000     7.0818   3.406398    33.5274       2922     2.0285     8.4082     8.5852 1.0000e-12 0.0000e+00
    103.000     7.2040   3.423304    33.5927       2953     2.0501     8.2842     8.4585 1.0000e-12 0.0000e+00
    104.000     7.2850   3.432768    33.6165       2978     2.0672     8.2102     8.4050 1.0000e-12 0.0000e+00
    105.000     7.3865   3.446437    33.6659       3000     2.0829     8.1448     8.3333 1.0000e-12 0.0000e+00
    106.000     7.4914   3.459985    33.7104       3023     2.0986     8.1070     8.2785 1.0000e-12 0.0000e+00
    107.000     7.5556   3.468606    33.7408       3046     2.1143     8.0635     8.2305 1.0000e-12 0.0000e+00
    108.000     7.6470   3.478814    33.7618       3070     2.1313     7.9781     8.1534 1.0000e-12 0.0000e+00
    109.000     7.9315   3.513635    33.8598       3103     2.1543     7.8183     8.0319 1.0000e-12 0.0000e+00
    110.000     8.0493   3.530297    33.9236       3141     2.1803     7.7811     8.0005 1.0000e-12 0.0000e+00
    111.000     8.3609   3.564499    33.9858       3167     2.1988     7.6547     7.8053 1.0000e-12 0.0000e+00
    112.000     8.5731   3.590097    34.0517       3189     2.2141     7.5422     7.7124 1.0000e-12 0.0000e+00
    113.000     9.3993   3.681675    34.2146       3211     2.2294     7.3843     7.5952 1.0000e-12 0.0000e+00
    114.000     9.8508   3.742370    34.4083       3235     2.2458     7.2915     7.5676 1.0000e-12 0.0000e+00
    115.000     9.9783   3.759686    34.4632       3260     2.2635     7.2556     7.4841 1.0000e-12 0.0000e+00
    116.000    10.0237   3.767678    34.5011       3293     2.2860     6.9579     7.1083 1.0000e-12 0.0000e+00
    117.000    10.0533   3.772237    34.5189       3335     2.3152     6.7195     6.8764 1.0000e-12 0.0000e+00
    118.000    10.0839   3.776034    34.5279       3361     2.3335     6.7174     6.8842 1.0000e-12 0.0000e+00
    119.000    10.1614   3.783462    34.5292       3379     2.3460     6.7249     6.8802 1.0000e-12 0.0000e+00
    120.000    10.2932   3.800276    34.5740       3396     2.3575     6.7044     6.8658 1.0000e-12 0.0000e+00
    121.000    10.3542   3.808390    34.5977       3415     2.3706     6.7011     6.8959 1.0000e-12 0.0000e+00
    122.000    10.4520   3.821517    34.6369       3449     2.3945     6.6798     6.8672 1.0000e-12 0.0000e+00
    123.000    10.5034   3.828985    34.6630       3496     2.4271     6.6132     6.7654 1.0000e-12 0.0000e+00
    124.000    10.6039   3.842080    34.6990       3522     2.4451     6.5691     6.7119 1.0000e-12 0.0000e+00
    125.000    10.7144   3.860036    34.7740       3542     2.4590     6.5308     6.6942 1.0000e-12 0.0000e+00
    126.000    10.6799   3.861812    34.8243       3562     2.4728     6.5328     6.6963 1.0000e-12 0.0000e+00
    127.000    10.6892   3.866837    34.8655       3586     2.4897     6.4878     6.6166 1.0000e-12 0.0000e+00
    128.000    10.7145   3.870222    34.8749       3615     2.5094     6.3058     6.4025 1.0000e-12 0.0000e+00
    129.000    10.8781   3.889688    34.9138       3643     2.5291     6.0999     6.2273 1.0000e-12 0.0000e+00
    130.000    11.0032   3.907079    34.9681       3674     2.5509     6.0277     6.1988 1.0000e-12 0.0000e+00
    131.000    11.0844   3.917704    34.9964       3707     2.5738     5.9760     6.1159 1.0000e-12 0.0000e+00
    132.000    11.1690   3.927901    35.0170       3733     2.5914     5.8867     6.0274 1.0000e-12 0.0000e+00
    133.000    11.2916   3.942788    35.0480       3753     2.6055     5.8366     5.9768 1.0000e-12 0.0000e+00
    134.000    11.3229   3.949536    35.0846       3772     2.6188     5.8135     5.9651 1.0000e-12 0.0000e+00
    135.000    11.2017   3.939696    35.1019       3794     2.6339     5.7938     5.9475 1.0000e-12 0.0000e+00
    136.000    11.1935   3.943571    35.1478       3827     2.6571     5.6861     5.8008 1.0000e-12 0.0000e+00
    137.000    11.1821   3.943666    35.1592       3874     2.6893     5.5154     5.5851 1.0000e-12 0.0000e+00
    138.000    11.1733   3.943020    35.1607       3902     2.7089     5.3792     5.4788 1.0000e-12 0.0000e+00
    139.000    11.0304   3.932076    35.1878       3921     2.7223     5.3559     5.4836 1.0000e-12 0.0000e+00
    140.000    10.8674   3.914109    35.1638       3938     2.7341     5.3636     5.5104 1.0000e-12 0.0000e+00
    141.000    10.8350   3.909817    35.1514       3957     2.7469     5.3579     5.4831 1.0000e-12 0.0000e+00
    142.000    10.7906   3.905027    35.1455       3984     2.7663     5.3332     5.4433 1.0000e-12 0.0000e+00
    143.000    10.6729   3.892437    35.1316       4027     2.7960     5.3179     5.4469 1.0000e-12 0.0000e+00
    144.000    10.6224   3.886739    35.1223       4057     2.8168     5.3341     5.4565 1.0000e-12 0.0000e+00
    145.000    10.4717   3.873058    35.1288       4079     2.8322     5.3678     5.4905 1.0000e-12 0.0000e+00
    146.000    10.1919   3.846926    35.1335       4100     2.8468     5.4190     5.5309 1.0000e-12 0.0000e+00
    147.000     9.7916   3.804280    35.0854       4123     2.8624     5.4419     5.5230 1.0000e-12 0.0000e+00
