HB2502/ctd132.cnv
* Sea-Bird SBE 9 Data File:
* FileName = C:\cruise\data\ctd132.hex
* Software Version Seasave V 7.26.7.121
* Temperature SN = 6768
* Conductivity SN = 6166
* Number of Bytes Per Scan = 37
* Number of Voltage Words = 4
* Number of Scans Averaged by the Deck Unit = 1
* NMEA Latitude = 41 40.16 N
* NMEA Longitude = 069 32.68 W
* NMEA UTC (Time) = Apr 08 2025 11:37:07
* NMEA baud rate = 4800
** Ship: Bigelow HB2502
** Program:  Spring Bottom Trawl
** Chief Scientist:Jon Galbraith
# nquan = 7
# nvalues = 212                         
# units = specified
# name 0 = depSM: Depth [salt water, m]
# name 1 = t090C: Temperature [ITS-90, deg C]
# name 2 = c0S/m: Conductivity [S/m]
# name 3 = sal00: Salinity, Practical [PSU]
# name 4 = scan: Scan Count
# name 5 = timeM: Time, Elapsed [minutes]
# name 6 = flag: flag
# span 0 =      1.000,    108.000       
# span 1 =     4.8241,     5.0728       
# span 2 =   3.123512,   3.172808       
# span 3 =    32.5012,    32.8751       
# span 4 =        107,       7413       
# span 5 =     0.0736,     5.1474       
# span 6 = 0.0000e+00, 0.0000e+00       
# interval = meters: 1                  
# start_time = Apr 08 2025 11:37:07 [NMEA time, header]
# bad_flag = -9.990e-29
*END*
      4.000     4.9301   3.123512    32.5012        107     0.0736 0.0000e+00
      5.000     4.9367   3.127657    32.5419        281     0.1946 0.0000e+00
      6.000     4.9402   3.130243    32.5678        351     0.2430 0.0000e+00
      7.000     4.9405   3.130918    32.5748        365     0.2525 0.0000e+00
      8.000     4.9398   3.130756    32.5730        379     0.2625 0.0000e+00
      9.000     4.9393   3.130014    32.5645        469     0.3248 0.0000e+00
     10.000     4.9399   3.130835    32.5728        566     0.3922 0.0000e+00
     11.000     4.9404   3.130375    32.5666        612     0.4240 0.0000e+00
     12.000     4.9422   3.130559    32.5664        684     0.4743 0.0000e+00
     13.000     4.9460   3.132086    32.5797        701     0.4863 0.0000e+00
     14.000     4.9496   3.132582    32.5814        720     0.4990 0.0000e+00
     15.000     4.9520   3.132745    32.5805        738     0.5120 0.0000e+00
     16.000     4.9537   3.132502    32.5755        760     0.5273 0.0000e+00
     17.000     4.9532   3.131927    32.5688        788     0.5463 0.0000e+00
     18.000     4.9533   3.132692    32.5771        818     0.5676 0.0000e+00
     19.000     4.9561   3.133237    32.5801        849     0.5891 0.0000e+00
     20.000     4.9590   3.133870    32.5840        878     0.6089 0.0000e+00
     21.000     4.9602   3.133531    32.5784        911     0.6317 0.0000e+00
     22.000     4.9595   3.133229    32.5751        947     0.6570 0.0000e+00
     23.000     4.9614   3.134674    32.5894        972     0.6744 0.0000e+00
     24.000     4.9618   3.135371    32.5965        991     0.6876 0.0000e+00
     25.000     4.9624   3.135579    32.5978       1009     0.7003 0.0000e+00
     26.000     4.9627   3.135232    32.5930       1031     0.7152 0.0000e+00
     27.000     4.9625   3.134470    32.5839       1058     0.7343 0.0000e+00
     28.000     4.9615   3.134467    32.5844       1096     0.7603 0.0000e+00
     29.000     4.9668   3.135049    32.5854       1136     0.7882 0.0000e+00
     30.000     4.9682   3.136128    32.5960       1161     0.8059 0.0000e+00
     31.000     4.9677   3.136656    32.6019       1181     0.8198 0.0000e+00
     32.000     4.9671   3.136387    32.5989       1204     0.8351 0.0000e+00
     33.000     4.9650   3.136261    32.5990       1238     0.8587 0.0000e+00
     34.000     4.9609   3.136914    32.6101       1275     0.8844 0.0000e+00
     35.000     4.9542   3.137088    32.6181       1294     0.8982 0.0000e+00
     36.000     4.9459   3.137105    32.6259       1311     0.9094 0.0000e+00
     37.000     4.9292   3.137114    32.6420       1328     0.9216 0.0000e+00
     38.000     4.8987   3.136973    32.6697       1371     0.9515 0.0000e+00
     39.000     4.8757   3.138051    32.7043       1416     0.9826 0.0000e+00
     40.000     4.8587   3.138792    32.7291       1434     0.9953 0.0000e+00
     41.000     4.8356   3.139017    32.7539       1454     1.0089 0.0000e+00
     42.000     4.8275   3.139126    32.7627       1479     1.0265 0.0000e+00
     43.000     4.8276   3.139326    32.7644       1509     1.0473 0.0000e+00
     44.000     4.8271   3.139442    32.7656       1539     1.0680 0.0000e+00
     45.000     4.8287   3.139727    32.7668       1572     1.0913 0.0000e+00
     46.000     4.8313   3.139740    32.7640       1603     1.1128 0.0000e+00
     47.000     4.8318   3.139257    32.7574       1628     1.1297 0.0000e+00
     48.000     4.8307   3.139073    32.7558       1648     1.1438 0.0000e+00
     49.000     4.8287   3.139021    32.7567       1667     1.1566 0.0000e+00
     50.000     4.8288   3.139129    32.7573       1688     1.1715 0.0000e+00
     51.000     4.8272   3.139044    32.7574       1727     1.1986 0.0000e+00
     52.000     4.8246   3.138793    32.7566       1778     1.2342 0.0000e+00
     53.000     4.8241   3.138682    32.7552       1805     1.2527 0.0000e+00
     54.000     4.8289   3.139218    32.7561       1825     1.2668 0.0000e+00
     55.000     4.8307   3.139415    32.7561       1843     1.2791 0.0000e+00
     56.000     4.8324   3.139682    32.7571       1860     1.2910 0.0000e+00
     57.000     4.8344   3.139901    32.7571       1879     1.3039 0.0000e+00
     58.000     4.8357   3.140152    32.7583       1903     1.3208 0.0000e+00
     59.000     4.8360   3.140375    32.7600       1965     1.3639 0.0000e+00
     60.000     4.8322   3.140238    32.7616       1999     1.3877 0.0000e+00
     61.000     4.8288   3.140078    32.7626       2016     1.3991 0.0000e+00
     62.000     4.8275   3.140033    32.7630       2032     1.4104 0.0000e+00
     63.000     4.8276   3.140130    32.7634       2052     1.4243 0.0000e+00
     64.000     4.8283   3.140468    32.7661       2082     1.4450 0.0000e+00
     65.000     4.8344   3.141210    32.7681       2118     1.4702 0.0000e+00
     66.000     4.8412   3.142129    32.7715       2145     1.4888 0.0000e+00
     67.000     4.8456   3.142760    32.7740       2168     1.5046 0.0000e+00
     68.000     4.8574   3.144204    32.7785       2194     1.5229 0.0000e+00
     69.000     4.8649   3.145176    32.7818       2228     1.5464 0.0000e+00
     70.000     4.8696   3.145763    32.7835       2258     1.5674 0.0000e+00
     71.000     4.8775   3.146722    32.7862       2284     1.5854 0.0000e+00
     72.000     4.8773   3.146787    32.7867       2312     1.6050 0.0000e+00
     73.000     4.8783   3.146950    32.7870       2341     1.6251 0.0000e+00
     74.000     4.8780   3.146959    32.7870       2365     1.6418 0.0000e+00
     75.000     4.8801   3.147239    32.7876       2385     1.6556 0.0000e+00
     76.000     4.8824   3.147595    32.7889       2406     1.6705 0.0000e+00
     77.000     4.8827   3.147689    32.7892       2443     1.6960 0.0000e+00
     78.000     4.8850   3.148018    32.7902       2491     1.7290 0.0000e+00
     79.000     4.8856   3.148141    32.7905       2512     1.7434 0.0000e+00
     80.000     4.8865   3.148313    32.7911       2529     1.7554 0.0000e+00
     81.000     4.8855   3.148256    32.7909       2546     1.7676 0.0000e+00
     82.000     4.8855   3.148285    32.7907       2570     1.7838 0.0000e+00
     83.000     4.8861   3.148382    32.7907       2613     1.8136 0.0000e+00
     84.000     4.8894   3.148858    32.7924       2648     1.8384 0.0000e+00
     85.000     4.8910   3.149113    32.7934       2670     1.8534 0.0000e+00
     86.000     4.8901   3.149040    32.7928       2691     1.8681 0.0000e+00
     87.000     4.8889   3.148933    32.7923       2719     1.8872 0.0000e+00
     88.000     4.8941   3.149611    32.7945       2753     1.9112 0.0000e+00
     89.000     4.8941   3.149674    32.7947       2778     1.9287 0.0000e+00
     90.000     4.8970   3.150102    32.7962       2797     1.9418 0.0000e+00
     91.000     4.8994   3.150446    32.7973       2815     1.9540 0.0000e+00
     92.000     4.9012   3.150684    32.7978       2838     1.9698 0.0000e+00
     93.000     4.9123   3.152149    32.8033       2891     2.0069 0.0000e+00
     94.000     4.9128   3.152277    32.8037       2929     2.0330 0.0000e+00
     95.000     4.9139   3.152464    32.8043       2949     2.0471 0.0000e+00
     96.000     4.9127   3.152372    32.8039       2967     2.0599 0.0000e+00
     97.000     4.9138   3.152567    32.8045       2985     2.0724 0.0000e+00
     98.000     4.9198   3.153315    32.8067       3005     2.0859 0.0000e+00
     99.000     4.9315   3.154811    32.8119       3029     2.1027 0.0000e+00
    100.000     4.9494   3.157010    32.8191       3068     2.1301 0.0000e+00
    101.000     4.9528   3.157569    32.8217       3112     2.1607 0.0000e+00
    102.000     4.9532   3.157670    32.8220       3138     2.1782 0.0000e+00
    103.000     4.9663   3.159322    32.8275       3158     2.1920 0.0000e+00
    104.000     4.9878   3.162001    32.8366       3176     2.2048 0.0000e+00
    105.000     5.0040   3.164041    32.8436       3196     2.2188 0.0000e+00
    106.000     5.0250   3.166694    32.8530       3224     2.2380 0.0000e+00
    107.000     5.0384   3.168523    32.8602       3421     2.3752 0.0000e+00
    108.000     5.0728   3.172808    32.8751       3644     2.5301 0.0000e+00
    107.000     5.0621   3.171564    32.8717       3687     2.5597 0.0000e+00
    106.000     5.0491   3.169911    32.8662       3706     2.5732 0.0000e+00
    105.000     5.0304   3.167566    32.8582       3862     2.6813 0.0000e+00
    104.000     5.0056   3.164426    32.8470       3978     2.7616 0.0000e+00
    103.000     5.0005   3.163739    32.8446       3991     2.7710 0.0000e+00
    102.000     4.9931   3.162801    32.8417       4006     2.7810 0.0000e+00
    101.000     4.9870   3.162012    32.8391       4019     2.7900 0.0000e+00
    100.000     4.9814   3.161232    32.8362       4032     2.7996 0.0000e+00
     99.000     4.9720   3.160049    32.8324       4051     2.8125 0.0000e+00
     98.000     4.9523   3.157579    32.8238       4101     2.8474 0.0000e+00
     97.000     4.9311   3.154878    32.8141       4140     2.8742 0.0000e+00
     96.000     4.9238   3.153877    32.8103       4158     2.8867 0.0000e+00
     95.000     4.9170   3.152972    32.8071       4176     2.8990 0.0000e+00
     94.000     4.9144   3.152600    32.8058       4199     2.9156 0.0000e+00
     93.000     4.9134   3.152383    32.8049       4242     2.9450 0.0000e+00
     92.000     4.9116   3.152135    32.8042       4271     2.9650 0.0000e+00
     91.000     4.9130   3.152244    32.8046       4288     2.9769 0.0000e+00
     90.000     4.9103   3.151837    32.8032       4302     2.9865 0.0000e+00
     89.000     4.9063   3.151309    32.8015       4315     2.9958 0.0000e+00
     88.000     4.9041   3.150987    32.8005       4330     3.0061 0.0000e+00
     87.000     4.8984   3.150223    32.7978       4382     3.0421 0.0000e+00
     86.000     4.8974   3.150014    32.7969       4447     3.0873 0.0000e+00
     85.000     4.8983   3.150047    32.7969       4459     3.0956 0.0000e+00
     84.000     4.8990   3.150121    32.7975       4470     3.1032 0.0000e+00
     83.000     4.8991   3.150097    32.7977       4480     3.1104 0.0000e+00
     82.000     4.8984   3.149955    32.7973       4492     3.1186 0.0000e+00
     81.000     4.8985   3.149957    32.7977       4507     3.1289 0.0000e+00
     80.000     4.8881   3.148584    32.7927       4562     3.1673 0.0000e+00
     79.000     4.8869   3.148373    32.7919       4616     3.2047 0.0000e+00
     78.000     4.8856   3.148142    32.7910       4631     3.2153 0.0000e+00
     77.000     4.8855   3.148103    32.7912       4645     3.2251 0.0000e+00
     76.000     4.8854   3.148050    32.7911       4660     3.2351 0.0000e+00
     75.000     4.8855   3.148016    32.7911       4676     3.2463 0.0000e+00
     74.000     4.8854   3.147973    32.7913       4700     3.2634 0.0000e+00
     73.000     4.8848   3.147829    32.7908       4742     3.2923 0.0000e+00
     72.000     4.8804   3.147279    32.7892       4783     3.3210 0.0000e+00
     71.000     4.8785   3.146996    32.7884       4816     3.3439 0.0000e+00
     70.000     4.8748   3.146512    32.7870       4837     3.3586 0.0000e+00
     69.000     4.8718   3.146108    32.7858       4854     3.3699 0.0000e+00
     68.000     4.8708   3.145964    32.7856       4869     3.3806 0.0000e+00
     67.000     4.8713   3.145961    32.7856       4886     3.3921 0.0000e+00
     66.000     4.8630   3.145006    32.7832       4911     3.4097 0.0000e+00
     65.000     4.8511   3.143489    32.7780       4958     3.4427 0.0000e+00
     64.000     4.8371   3.141790    32.7727       4990     3.4647 0.0000e+00
     63.000     4.8301   3.140742    32.7680       5011     3.4792 0.0000e+00
     62.000     4.8277   3.140311    32.7660       5032     3.4936 0.0000e+00
     61.000     4.8282   3.140236    32.7651       5055     3.5097 0.0000e+00
     60.000     4.8291   3.140193    32.7642       5081     3.5277 0.0000e+00
     59.000     4.8298   3.140123    32.7633       5112     3.5496 0.0000e+00
     58.000     4.8301   3.140061    32.7627       5147     3.5736 0.0000e+00
     57.000     4.8327   3.140112    32.7612       5170     3.5896 0.0000e+00
     56.000     4.8358   3.140203    32.7597       5187     3.6013 0.0000e+00
     55.000     4.8366   3.140167    32.7591       5203     3.6122 0.0000e+00
     54.000     4.8370   3.140061    32.7579       5222     3.6257 0.0000e+00
     53.000     4.8360   3.139734    32.7557       5268     3.6577 0.0000e+00
     52.000     4.8379   3.139803    32.7551       5312     3.6885 0.0000e+00
     51.000     4.8404   3.139927    32.7546       5331     3.7014 0.0000e+00
     50.000     4.8411   3.139934    32.7544       5348     3.7133 0.0000e+00
     49.000     4.8421   3.139948    32.7542       5367     3.7266 0.0000e+00
     48.000     4.8428   3.139958    32.7541       5393     3.7447 0.0000e+00
     47.000     4.8429   3.139917    32.7541       5427     3.7683 0.0000e+00
     46.000     4.8427   3.139836    32.7538       5458     3.7893 0.0000e+00
     45.000     4.8404   3.139543    32.7532       5479     3.8043 0.0000e+00
     44.000     4.8415   3.139563    32.7528       5497     3.8166 0.0000e+00
     43.000     4.8412   3.139451    32.7524       5515     3.8295 0.0000e+00
     42.000     4.8329   3.138488    32.7499       5549     3.8530 0.0000e+00
     41.000     4.8291   3.137981    32.7484       5605     3.8916 0.0000e+00
     40.000     4.8260   3.137561    32.7471       5625     3.9054 0.0000e+00
     39.000     4.8251   3.137312    32.7456       5642     3.9174 0.0000e+00
     38.000     4.8288   3.137092    32.7399       5660     3.9300 0.0000e+00
     37.000     4.8511   3.138154    32.7307       5682     3.9451 0.0000e+00
     36.000     4.8632   3.138591    32.7243       5707     3.9626 0.0000e+00
     35.000     4.8768   3.138505    32.7105       5733     3.9806 0.0000e+00
     34.000     4.8999   3.138091    32.6835       5762     4.0005 0.0000e+00
     33.000     4.9182   3.137635    32.6607       5802     4.0282 0.0000e+00
     32.000     4.9257   3.137293    32.6499       5840     4.0547 0.0000e+00
     31.000     4.9461   3.136296    32.6190       5861     4.0695 0.0000e+00
     30.000     4.9560   3.136435    32.6114       5878     4.0811 0.0000e+00
     29.000     4.9613   3.136728    32.6101       5894     4.0923 0.0000e+00
     28.000     4.9646   3.136881    32.6091       5913     4.1053 0.0000e+00
     27.000     4.9673   3.136832    32.6064       5951     4.1320 0.0000e+00
     26.000     4.9674   3.136944    32.6081       5997     4.1638 0.0000e+00
     25.000     4.9667   3.136605    32.6054       6016     4.1774 0.0000e+00
     24.000     4.9658   3.136370    32.6041       6033     4.1891 0.0000e+00
     23.000     4.9651   3.136192    32.6032       6050     4.2009 0.0000e+00
     22.000     4.9639   3.135967    32.6023       6074     4.2176 0.0000e+00
     21.000     4.9614   3.135649    32.6016       6130     4.2562 0.0000e+00
     20.000     4.9609   3.135407    32.5998       6158     4.2760 0.0000e+00
     19.000     4.9603   3.135179    32.5983       6175     4.2873 0.0000e+00
     18.000     4.9593   3.134974    32.5974       6189     4.2975 0.0000e+00
     17.000     4.9580   3.134744    32.5966       6205     4.3086 0.0000e+00
     16.000     4.9540   3.134029    32.5928       6231     4.3267 0.0000e+00
     15.000     4.9486   3.132991    32.5866       6285     4.3640 0.0000e+00
     14.000     4.9445   3.132398    32.5843       6312     4.3823 0.0000e+00
     13.000     4.9433   3.132003    32.5814       6330     4.3952 0.0000e+00
     12.000     4.9429   3.131985    32.5822       6347     4.4073 0.0000e+00
     11.000     4.9424   3.131828    32.5813       6367     4.4205 0.0000e+00
     10.000     4.9429   3.131918    32.5824       6394     4.4396 0.0000e+00
      9.000     4.9429   3.131848    32.5821       6444     4.4743 0.0000e+00
      8.000     4.9420   3.131700    32.5818       6478     4.4982 0.0000e+00
