HB2502/ctd136.cnv
* Sea-Bird SBE 9 Data File:
* FileName = C:\cruise\data\ctd136.hex
* Software Version Seasave V 7.26.7.121
* Temperature SN = 6768
* Conductivity SN = 6166
* Number of Bytes Per Scan = 37
* Number of Voltage Words = 4
* Number of Scans Averaged by the Deck Unit = 1
* NMEA Latitude = 41 46.69 N
* NMEA Longitude = 069 52.66 W
* NMEA UTC (Time) = Apr 08 2025 23:26:08
* NMEA baud rate = 4800
** Ship: Bigelow HB2502
** Program:  Spring Bottom Trawl
** Chief Scientist:Jon Galbraith
# nquan = 7
# nvalues = 43                          
# units = specified
# name 0 = depSM: Depth [salt water, m]
# name 1 = t090C: Temperature [ITS-90, deg C]
# name 2 = c0S/m: Conductivity [S/m]
# name 3 = sal00: Salinity, Practical [PSU]
# name 4 = scan: Scan Count
# name 5 = timeM: Time, Elapsed [minutes]
# name 6 = flag: flag
# span 0 =      3.000,     24.000       
# span 1 =     5.0861,     5.1558       
# span 2 =   3.115047,   3.135749       
# span 3 =    32.2089,    32.4257       
# span 4 =       -591,       2629       
# span 5 =    -0.4112,     1.8248       
# span 6 = 0.0000e+00, 0.0000e+00       
# interval = meters: 1                  
# start_time = Apr 08 2025 23:26:08 [NMEA time, header]
# bad_flag = -9.990e-29
*END*
      3.000     5.1317   3.115047    32.2089       -591    -0.4112 0.0000e+00
      4.000     5.1413   3.131734    32.3898        642     0.4454 0.0000e+00
      5.000     5.1429   3.132664    32.3985        545     0.3779 0.0000e+00
      6.000     5.1458   3.133182    32.4010        572     0.3962 0.0000e+00
      7.000     5.1498   3.133697    32.4025        605     0.4193 0.0000e+00
      8.000     5.1532   3.134080    32.4032        639     0.4428 0.0000e+00
      9.000     5.1536   3.134577    32.4079        664     0.4603 0.0000e+00
     10.000     5.1545   3.134823    32.4093        686     0.4758 0.0000e+00
     11.000     5.1552   3.133890    32.3975        713     0.4944 0.0000e+00
     12.000     5.1551   3.133383    32.3913        752     0.5212 0.0000e+00
     13.000     5.1558   3.134698    32.4051        786     0.5455 0.0000e+00
     14.000     5.1553   3.135126    32.4101        809     0.5614 0.0000e+00
     15.000     5.1554   3.135201    32.4103        833     0.5778 0.0000e+00
     16.000     5.1544   3.134363    32.4012        862     0.5983 0.0000e+00
     17.000     5.1535   3.134585    32.4040        894     0.6202 0.0000e+00
     18.000     5.1539   3.135146    32.4096        922     0.6396 0.0000e+00
     19.000     5.1542   3.134871    32.4056        952     0.6601 0.0000e+00
     20.000     5.1538   3.135114    32.4084        981     0.6804 0.0000e+00
     21.000     5.1510   3.135583    32.4159       1004     0.6968 0.0000e+00
     22.000     5.1506   3.135749    32.4177       1029     0.7140 0.0000e+00
     23.000     5.1368   3.134782    32.4195       1498     1.0394 0.0000e+00
     24.000     5.1303   3.134814    32.4257       2189     1.5194 0.0000e+00
     23.000     5.1363   3.134808    32.4203       1989     1.3808 0.0000e+00
     22.000     5.1371   3.134805    32.4200       2026     1.4062 0.0000e+00
     21.000     5.1420   3.134805    32.4158       2051     1.4239 0.0000e+00
     20.000     5.1462   3.134738    32.4114       2085     1.4471 0.0000e+00
     19.000     5.1481   3.134665    32.4092       2119     1.4709 0.0000e+00
     18.000     5.1486   3.134614    32.4087       2141     1.4858 0.0000e+00
     17.000     5.1444   3.134613    32.4132       2158     1.4977 0.0000e+00
     16.000     5.1404   3.134606    32.4175       2176     1.5102 0.0000e+00
     15.000     5.1381   3.134599    32.4202       2204     1.5298 0.0000e+00
     14.000     5.1446   3.134566    32.4140       2251     1.5622 0.0000e+00
     13.000     5.1373   3.134389    32.4196       2276     1.5800 0.0000e+00
     12.000     5.1368   3.134043    32.4167       2294     1.5924 0.0000e+00
     11.000     5.1361   3.132856    32.4043       2311     1.6043 0.0000e+00
     10.000     5.1300   3.131747    32.3979       2339     1.6235 0.0000e+00
      9.000     5.1203   3.131439    32.4043       2381     1.6530 0.0000e+00
      8.000     5.1094   3.130572    32.4055       2403     1.6684 0.0000e+00
      7.000     5.1062   3.129355    32.3951       2420     1.6797 0.0000e+00
      6.000     5.0959   3.128606    32.3971       2437     1.6915 0.0000e+00
      5.000     5.0969   3.128282    32.3929       2490     1.7284 0.0000e+00
      4.000     5.0861   3.128303    32.4041       2516     1.7466 0.0000e+00
      3.000     5.0882   3.127583    32.3944       2629     1.8248 0.0000e+00
