HB2502/ctd197.cnv
* Sea-Bird SBE 9 Data File:
* FileName = C:\cruise\data\ctd197.hex
* Software Version Seasave V 7.26.7.121
* Temperature SN = 4591
* Conductivity SN = 6006
* Number of Bytes Per Scan = 37
* Number of Voltage Words = 4
* Number of Scans Averaged by the Deck Unit = 1
* NMEA Latitude = 42 43.87 N
* NMEA Longitude = 067 28.42 W
* NMEA UTC (Time) = May 09 2025 14:54:06
* NMEA baud rate = 4800
** Ship: Bigelow HB2502
** Program:  Spring Bottom Trawl
** Chief Scientist:Jon Galbraith
# nquan = 10
# nvalues = 382                         
# units = specified
# name 0 = depSM: Depth [salt water, m]
# name 1 = t090C: Temperature [ITS-90, deg C]
# name 2 = c0S/m: Conductivity [S/m]
# name 3 = sal00: Salinity, Practical [PSU]
# name 4 = scan: Scan Count
# name 5 = timeM: Time, Elapsed [minutes]
# name 6 = sbeox0Mg/L: Oxygen, SBE 43 [mg/l]
# name 7 = sbeox1Mg/L: Oxygen, SBE 43, 2 [mg/l]
# name 8 = par: PAR/Irradiance, Biospherical/Licor
# name 9 = flag: flag
# span 0 =      2.000,    193.000       
# span 1 =     5.5852,     8.4508       
# span 2 =   3.201076,   3.663581       
# span 3 =    32.3842,    34.9164       
# span 4 =         -0,      11879       
# span 5 =    -0.0010,     8.2483       
# span 6 =     5.7795,    10.3445       
# span 7 =     5.9320,    10.5542       
# span 8 = 1.0000e-12, 6.3272e+02       
# span 9 = 0.0000e+00, 0.0000e+00       
# interval = meters: 1                  
# start_time = May 09 2025 14:54:06 [NMEA time, header]
# bad_flag = -9.990e-29
*END*
      3.000     7.4122   3.328681    32.4155         -0    -0.0010    10.1902    10.4776 3.9191e+02 0.0000e+00
      4.000     7.5067   3.335364    32.3988         54     0.0366    10.2019    10.4103 3.2493e+02 0.0000e+00
      5.000     7.5311   3.338309    32.4072        318     0.2204    10.2060    10.4272 2.4802e+02 0.0000e+00
      6.000     7.5893   3.343168    32.4047        620     0.4301    10.1897    10.4037 2.2864e+02 0.0000e+00
      7.000     7.4366   3.335038    32.4594        630     0.4368    10.2179    10.4289 1.9650e+02 0.0000e+00
      8.000     7.2522   3.318193    32.4495        651     0.4517    10.2675    10.4431 1.5961e+02 0.0000e+00
      9.000     7.1863   3.310726    32.4299        691     0.4793    10.1555    10.3568 1.4258e+02 0.0000e+00
     10.000     7.1044   3.304419    32.4380        728     0.5049    10.1513    10.4682 1.1209e+02 0.0000e+00
     11.000     7.0197   3.296476    32.4307        755     0.5236    10.2192    10.4813 1.0081e+02 0.0000e+00
     12.000     7.0069   3.294934    32.4255        785     0.5441    10.2275    10.4502 9.0543e+01 0.0000e+00
     13.000     7.0089   3.295315    32.4272        814     0.5647    10.2738    10.4751 8.0466e+01 0.0000e+00
     14.000     7.0163   3.296060    32.4279        836     0.5798    10.2874    10.5047 7.1213e+01 0.0000e+00
     15.000     7.0314   3.298343    32.4381        853     0.5914    10.2861    10.5171 6.2139e+01 0.0000e+00
     16.000     7.0444   3.299978    32.4432        868     0.6020    10.2902    10.5203 5.3498e+01 0.0000e+00
     17.000     7.0691   3.303167    32.4542        886     0.6148    10.2974    10.5312 4.4229e+01 0.0000e+00
     18.000     7.0840   3.305648    32.4667        945     0.6558    10.3115    10.5542 3.7085e+01 0.0000e+00
     19.000     7.1064   3.308149    32.4723       1001     0.6947    10.3445    10.5381 3.5382e+01 0.0000e+00
     20.000     7.1409   3.312366    32.4853       1018     0.7060    10.3363    10.5172 3.0792e+01 0.0000e+00
     21.000     7.1562   3.314997    32.4990       1032     0.7158    10.3326    10.5171 2.6763e+01 0.0000e+00
     22.000     7.1481   3.315112    32.5074       1044     0.7246    10.3338    10.5334 2.3220e+01 0.0000e+00
     23.000     7.1327   3.314706    32.5170       1057     0.7332    10.3336    10.5387 1.9956e+01 0.0000e+00
     24.000     7.1116   3.313222    32.5202       1070     0.7425    10.3304    10.5299 1.7297e+01 0.0000e+00
     25.000     7.1045   3.312470    32.5184       1095     0.7595    10.3161    10.4984 1.4900e+01 0.0000e+00
     26.000     7.0983   3.311805    32.5165       1176     0.8156    10.3219    10.5332 1.2747e+01 0.0000e+00
     27.000     7.0944   3.311563    32.5171       1208     0.8385    10.3008    10.5451 1.1103e+01 0.0000e+00
     28.000     7.0868   3.311022    32.5178       1229     0.8526    10.3139    10.5474 9.8279e+00 0.0000e+00
     29.000     7.0788   3.310300    32.5170       1247     0.8650    10.3302    10.5326 8.8378e+00 0.0000e+00
     30.000     7.0743   3.309887    32.5163       1265     0.8778    10.3366    10.5072 8.0661e+00 0.0000e+00
     31.000     7.0679   3.309350    32.5160       1287     0.8933    10.3204    10.4818 7.3891e+00 0.0000e+00
     32.000     7.0580   3.308496    32.5156       1313     0.9110    10.3105    10.4702 6.6374e+00 0.0000e+00
     33.000     7.0445   3.307539    32.5174       1336     0.9272    10.3194    10.4812 5.7167e+00 0.0000e+00
     34.000     6.9055   3.296941    32.5326       1358     0.9422    10.3326    10.5134 4.8201e+00 0.0000e+00
     35.000     6.8191   3.288480    32.5213       1384     0.9603    10.3031    10.4632 4.1027e+00 0.0000e+00
     36.000     6.7501   3.282198    32.5172       1452     1.0077    10.1542    10.3446 3.8855e+00 0.0000e+00
     37.000     6.4087   3.256406    32.5572       1486     1.0312    10.1951    10.4302 3.7704e+00 0.0000e+00
     38.000     6.1813   3.235636    32.5434       1501     1.0417    10.2466    10.4329 3.3689e+00 0.0000e+00
     39.000     6.1491   3.233112    32.5457       1514     1.0508    10.2153    10.3215 3.0025e+00 0.0000e+00
     40.000     6.1387   3.231962    32.5423       1526     1.0594    10.1481    10.2009 2.6709e+00 0.0000e+00
     41.000     6.1223   3.230965    32.5464       1538     1.0677    10.0684    10.1205 2.3765e+00 0.0000e+00
     42.000     6.0954   3.228567    32.5450       1553     1.0776     9.9788    10.0607 2.1269e+00 0.0000e+00
     43.000     6.0771   3.225522    32.5280       1636     1.1353     9.7414     9.9721 1.9735e+00 0.0000e+00
     44.000     6.0803   3.225961    32.5293       1673     1.1611     9.8053    10.0181 1.8458e+00 0.0000e+00
     45.000     6.0734   3.225588    32.5313       1688     1.1718     9.8190    10.0138 1.6735e+00 0.0000e+00
     46.000     6.0623   3.224862    32.5334       1703     1.1820     9.8164    10.0139 1.5111e+00 0.0000e+00
     47.000     6.0498   3.223911    32.5342       1719     1.1932     9.8174    10.0037 1.3565e+00 0.0000e+00
     48.000     6.0371   3.222829    32.5338       1740     1.2078     9.8308     9.9784 1.2258e+00 0.0000e+00
     49.000     6.0109   3.220913    32.5371       1771     1.2292     9.8180     9.9773 1.1163e+00 0.0000e+00
     50.000     5.9921   3.219514    32.5390       1807     1.2538     9.7802     9.9983 1.0221e+00 0.0000e+00
     51.000     5.9838   3.219081    32.5417       1837     1.2749     9.7619     9.9735 9.3860e-01 0.0000e+00
     52.000     5.9669   3.217866    32.5438       1867     1.2955     9.7292     9.9572 8.6742e-01 0.0000e+00
     53.000     5.9470   3.216360    32.5455       1895     1.3153     9.7228     9.9502 7.8646e-01 0.0000e+00
     54.000     5.9284   3.214968    32.5473       1918     1.3309     9.7200     9.9341 7.1766e-01 0.0000e+00
     55.000     5.8844   3.212254    32.5587       1937     1.3444     9.7120     9.9234 6.5193e-01 0.0000e+00
     56.000     5.7664   3.206003    32.6018       1958     1.3593     9.7159     9.9189 5.8436e-01 0.0000e+00
     57.000     5.7460   3.205593    32.6164       1998     1.3866     9.6510     9.8054 5.3932e-01 0.0000e+00
     58.000     5.7322   3.205243    32.6252       2036     1.4133     9.5257     9.6609 4.9692e-01 0.0000e+00
     59.000     5.7218   3.204989    32.6320       2056     1.4270     9.4400     9.6039 4.5114e-01 0.0000e+00
     60.000     5.7076   3.204879    32.6440       2072     1.4383     9.4035     9.5880 4.1096e-01 0.0000e+00
     61.000     5.6927   3.204948    32.6587       2089     1.4498     9.3965     9.5759 3.7256e-01 0.0000e+00
     62.000     5.6799   3.205163    32.6731       2111     1.4656     9.3874     9.5586 3.4251e-01 0.0000e+00
     63.000     5.6652   3.205345    32.6889       2160     1.4993     9.3114     9.4956 3.1330e-01 0.0000e+00
     64.000     5.6510   3.205770    32.7070       2200     1.5271     9.2142     9.4344 2.9785e-01 0.0000e+00
     65.000     5.6437   3.206121    32.7175       2220     1.5409     9.1834     9.4180 2.7056e-01 0.0000e+00
     66.000     5.6412   3.206762    32.7267       2237     1.5527     9.1760     9.3964 2.4793e-01 0.0000e+00
     67.000     5.6387   3.208520    32.7485       2254     1.5646     9.1602     9.3705 2.2554e-01 0.0000e+00
     68.000     5.6231   3.215437    32.8415       2275     1.5792     9.1407     9.3340 2.0066e-01 0.0000e+00
     69.000     5.6085   3.217368    32.8771       2310     1.6035     9.0832     9.2452 1.7932e-01 0.0000e+00
     70.000     5.5960   3.218726    32.9041       2355     1.6345     8.8392     8.9693 1.6320e-01 0.0000e+00
     71.000     5.6530   3.229250    32.9670       2382     1.6538     8.6739     8.8590 1.4410e-01 0.0000e+00
     72.000     5.7142   3.238723    33.0137       2403     1.6684     8.6201     8.8347 1.2695e-01 0.0000e+00
     73.000     5.7953   3.251003    33.0724       2423     1.6821     8.5862     8.7846 1.1961e-01 0.0000e+00
     74.000     5.8240   3.256709    33.1081       2446     1.6979     8.5191     8.6875 1.1218e-01 0.0000e+00
     75.000     5.8351   3.258755    33.1197       2476     1.7189     8.3464     8.4890 9.8530e-02 0.0000e+00
     76.000     5.8886   3.265789    33.1460       2507     1.7406     8.1433     8.2915 8.2340e-02 0.0000e+00
     77.000     5.9484   3.273654    33.1753       2532     1.7579     8.0491     8.2462 7.7591e-02 0.0000e+00
     78.000     5.9648   3.276210    33.1875       2556     1.7742     8.0278     8.2480 6.5715e-02 0.0000e+00
     79.000     5.9867   3.279323    33.2005       2583     1.7931     8.0048     8.2249 5.3211e-02 0.0000e+00
     80.000     6.0329   3.286306    33.2330       2623     1.8207     8.0064     8.2114 4.9667e-02 0.0000e+00
     81.000     6.0659   3.291014    33.2529       2658     1.8448     7.9766     8.1699 4.1597e-02 0.0000e+00
     82.000     6.0861   3.294020    33.2663       2679     1.8596     7.9310     8.1179 3.3895e-02 0.0000e+00
     83.000     6.1103   3.297478    33.2807       2697     1.8720     7.9049     8.0983 2.7106e-02 0.0000e+00
     84.000     6.1903   3.308045    33.3200       2714     1.8842     7.8769     8.0618 2.9314e-02 0.0000e+00
     85.000     6.2188   3.313422    33.3516       2735     1.8985     7.8541     8.0259 1.8797e-02 0.0000e+00
     86.000     6.2728   3.321423    33.3874       2773     1.9250     7.7642     7.9264 1.5384e-02 0.0000e+00
     87.000     6.3238   3.328979    33.4211       2828     1.9629     7.6061     7.7860 5.8342e-03 0.0000e+00
     88.000     6.3970   3.339116    33.4615       2853     1.9805     7.5490     7.7413 2.1321e-03 0.0000e+00
     89.000     6.4312   3.344654    33.4890       2872     1.9937     7.5299     7.7242 8.1154e-05 0.0000e+00
     90.000     6.4503   3.347440    33.5007       2888     2.0051     7.5253     7.7104 9.9387e-07 0.0000e+00
     91.000     6.5061   3.355042    33.5298       2904     2.0162     7.4928     7.6692 1.0000e-12 0.0000e+00
     92.000     6.5444   3.361451    33.5628       2921     2.0279     7.4316     7.6041 1.0000e-12 0.0000e+00
     93.000     6.5623   3.364888    33.5828       2966     2.0590     7.2781     7.4523 1.0000e-12 0.0000e+00
     94.000     6.5788   3.367339    33.5933       3036     2.1078     7.1271     7.3199 1.0000e-12 0.0000e+00
     95.000     6.6372   3.375599    33.6268       3053     2.1196     7.1358     7.3230 1.0000e-12 0.0000e+00
     96.000     6.6831   3.382212    33.6543       3068     2.1302     7.1303     7.3173 1.0000e-12 0.0000e+00
     97.000     6.7200   3.387921    33.6806       3083     2.1404     7.1285     7.3161 1.0000e-12 0.0000e+00
     98.000     6.7348   3.390717    33.6964       3100     2.1519     7.1344     7.3122 1.0000e-12 0.0000e+00
     99.000     6.7423   3.392131    33.7042       3120     2.1662     7.1163     7.2789 1.0000e-12 0.0000e+00
    100.000     6.7539   3.393940    33.7122       3148     2.1855     7.0557     7.2235 1.0000e-12 0.0000e+00
    101.000     6.7597   3.394990    33.7176       3192     2.2160     7.0290     7.2011 1.0000e-12 0.0000e+00
    102.000     6.7683   3.396293    33.7230       3242     2.2504     7.0114     7.2167 1.0000e-12 0.0000e+00
    103.000     6.7742   3.397154    33.7262       3270     2.2703     7.0115     7.1975 1.0000e-12 0.0000e+00
    104.000     6.7874   3.399007    33.7332       3293     2.2862     7.0343     7.2000 1.0000e-12 0.0000e+00
    105.000     6.8031   3.401270    33.7422       3313     2.2999     7.0379     7.2080 1.0000e-12 0.0000e+00
    106.000     6.8123   3.402798    33.7495       3330     2.3121     7.0363     7.2157 1.0000e-12 0.0000e+00
    107.000     6.8208   3.404124    33.7552       3348     2.3240     7.0259     7.2139 1.0000e-12 0.0000e+00
    108.000     6.8286   3.405419    33.7613       3368     2.3381     7.0268     7.1983 1.0000e-12 0.0000e+00
    109.000     6.8373   3.407006    33.7697       3421     2.3747     6.9848     7.1693 1.0000e-12 0.0000e+00
    110.000     6.8479   3.408590    33.7763       3465     2.4058     6.9401     7.1543 1.0000e-12 0.0000e+00
    111.000     6.8645   3.411224    33.7884       3488     2.4213     6.9480     7.1453 1.0000e-12 0.0000e+00
    112.000     6.8744   3.412813    33.7956       3509     2.4364     6.9746     7.1412 1.0000e-12 0.0000e+00
    113.000     6.8845   3.414302    33.8016       3531     2.4512     6.9679     7.1334 1.0000e-12 0.0000e+00
    114.000     6.9013   3.416880    33.8129       3552     2.4657     6.9401     7.1085 1.0000e-12 0.0000e+00
    115.000     6.9069   3.417855    33.8177       3575     2.4821     6.9020     7.0850 1.0000e-12 0.0000e+00
    116.000     6.9102   3.418512    33.8212       3615     2.5096     6.9023     7.0705 1.0000e-12 0.0000e+00
    117.000     6.9154   3.419317    33.8244       3661     2.5414     6.8903     7.0743 1.0000e-12 0.0000e+00
    118.000     6.9297   3.421275    33.8314       3685     2.5583     6.8596     7.0647 1.0000e-12 0.0000e+00
    119.000     6.9341   3.422099    33.8356       3705     2.5724     6.8655     7.0578 1.0000e-12 0.0000e+00
    120.000     6.9478   3.423915    33.8415       3726     2.5867     6.8659     7.0568 1.0000e-12 0.0000e+00
    121.000     6.9741   3.427855    33.8585       3750     2.6033     6.8640     7.0538 1.0000e-12 0.0000e+00
    122.000     6.9808   3.428978    33.8637       3779     2.6233     6.8711     7.0584 1.0000e-12 0.0000e+00
    123.000     6.9958   3.431026    33.8709       3812     2.6462     6.8544     7.0351 1.0000e-12 0.0000e+00
    124.000     7.0386   3.436766    33.8912       3842     2.6675     6.8393     7.0144 1.0000e-12 0.0000e+00
    125.000     7.0891   3.444024    33.9205       3867     2.6848     6.8302     7.0063 1.0000e-12 0.0000e+00
    126.000     7.1169   3.448275    33.9393       3893     2.7026     6.8223     7.0026 1.0000e-12 0.0000e+00
    127.000     7.1590   3.454241    33.9626       3931     2.7295     6.7876     6.9739 1.0000e-12 0.0000e+00
    128.000     7.2193   3.462599    33.9940       3966     2.7535     6.7680     6.9474 1.0000e-12 0.0000e+00
    129.000     7.2771   3.470892    34.0271       3988     2.7686     6.7522     6.9348 1.0000e-12 0.0000e+00
    130.000     7.3059   3.475738    34.0511       4007     2.7817     6.7295     6.9243 1.0000e-12 0.0000e+00
    131.000     7.3234   3.478697    34.0656       4025     2.7947     6.7043     6.9009 1.0000e-12 0.0000e+00
    132.000     7.3299   3.480483    34.0781       4046     2.8089     6.6883     6.8658 1.0000e-12 0.0000e+00
    133.000     7.3305   3.480790    34.0804       4076     2.8301     6.6647     6.8121 1.0000e-12 0.0000e+00
    134.000     7.3318   3.481503    34.0863       4136     2.8713     6.6282     6.7815 1.0000e-12 0.0000e+00
    135.000     7.3285   3.481350    34.0875       4162     2.8893     6.6226     6.7913 1.0000e-12 0.0000e+00
    136.000     7.3289   3.481501    34.0882       4179     2.9012     6.6234     6.7949 1.0000e-12 0.0000e+00
    137.000     7.3325   3.481971    34.0893       4193     2.9114     6.6148     6.7912 1.0000e-12 0.0000e+00
    138.000     7.3562   3.484790    34.0962       4209     2.9219     6.5973     6.7830 1.0000e-12 0.0000e+00
    139.000     7.3798   3.489636    34.1251       4228     2.9351     6.5972     6.7727 1.0000e-12 0.0000e+00
    140.000     7.4223   3.496348    34.1558       4277     2.9695     6.5905     6.7563 1.0000e-12 0.0000e+00
    141.000     7.4545   3.501680    34.1814       4321     3.0000     6.5463     6.7224 1.0000e-12 0.0000e+00
    142.000     7.4769   3.504946    34.1943       4344     3.0160     6.5103     6.6781 1.0000e-12 0.0000e+00
    143.000     7.4758   3.505160    34.1973       4366     3.0315     6.4965     6.6550 1.0000e-12 0.0000e+00
    144.000     7.4703   3.504323    34.1931       4389     3.0470     6.4903     6.6567 1.0000e-12 0.0000e+00
    145.000     7.5806   3.517914    34.2312       4408     3.0605     6.4654     6.6296 1.0000e-12 0.0000e+00
    146.000     7.6104   3.524111    34.2684       4425     3.0720     6.4582     6.6194 1.0000e-12 0.0000e+00
