HB2502/ctd151.cnv
* Sea-Bird SBE 9 Data File:
* FileName = C:\cruise\data\ctd151.hex
* Software Version Seasave V 7.26.7.121
* Temperature SN = 6768
* Conductivity SN = 6166
* Number of Bytes Per Scan = 37
* Number of Voltage Words = 4
* Number of Scans Averaged by the Deck Unit = 1
* NMEA Latitude = 40 37.03 N
* NMEA Longitude = 067 09.97 W
* NMEA UTC (Time) = Apr 13 2025 09:06:42
** Ship: Bigelow HB2502
** Program:  Spring Bottom Trawl
** Chief Scientist:Jon Galbraith
# nquan = 7
# nvalues = 230                         
# units = specified
# name 0 = depSM: Depth [salt water, m]
# name 1 = t090C: Temperature [ITS-90, deg C]
# name 2 = c0S/m: Conductivity [S/m]
# name 3 = sal00: Salinity, Practical [PSU]
# name 4 = scan: Scan Count
# name 5 = timeM: Time, Elapsed [minutes]
# name 6 = flag: flag
# span 0 =      1.000,    117.000       
# span 1 =     5.4679,     9.5150       
# span 2 =   2.967383,   3.715759       
# span 3 =    29.3087,    34.4770       
# span 4 =         88,       8139       
# span 5 =     0.0604,     5.6516       
# span 6 = 0.0000e+00, 0.0000e+00       
# interval = meters: 1                  
# start_time = Apr 13 2025 09:06:42 [NMEA time, header]
# bad_flag = -9.990e-29
*END*
      4.000     6.8595   3.370646    33.4005         88     0.0604 0.0000e+00
      5.000     7.1278   3.321894    32.6079        299     0.2071 0.0000e+00
      6.000     7.2560   3.350220    32.7946        338     0.2340 0.0000e+00
      7.000     7.1439   3.353342    32.9347        359     0.2488 0.0000e+00
      8.000     7.0307   3.350450    33.0110        389     0.2692 0.0000e+00
      9.000     6.7882   3.351092    33.2514        474     0.3286 0.0000e+00
     10.000     6.3925   3.345275    33.5738        576     0.3996 0.0000e+00
     11.000     6.2079   3.308377    33.3429        648     0.4495 0.0000e+00
     12.000     6.1358   3.274807    33.0375        670     0.4645 0.0000e+00
     13.000     6.2129   3.271009    32.9198        692     0.4797 0.0000e+00
     14.000     6.3388   3.276951    32.8636        713     0.4944 0.0000e+00
     15.000     6.3644   3.282348    32.8984        733     0.5085 0.0000e+00
     16.000     6.4233   3.288254    32.9066        756     0.5240 0.0000e+00
     17.000     6.4184   3.301001    33.0523        792     0.5492 0.0000e+00
     18.000     6.4165   3.299447    33.0364        839     0.5820 0.0000e+00
     19.000     6.4222   3.289367    32.9185        863     0.5988 0.0000e+00
     20.000     6.4477   3.288135    32.8798        881     0.6108 0.0000e+00
     21.000     6.5154   3.293788    32.8766        897     0.6225 0.0000e+00
     22.000     6.4583   3.297634    32.9738        917     0.6363 0.0000e+00
     23.000     6.5034   3.298223    32.9364        950     0.6590 0.0000e+00
     24.000     6.4969   3.298629    32.9467        995     0.6903 0.0000e+00
     25.000     6.3774   3.292204    32.9904       1017     0.7053 0.0000e+00
     26.000     6.2979   3.284642    32.9828       1036     0.7186 0.0000e+00
     27.000     6.2854   3.282439    32.9699       1057     0.7336 0.0000e+00
     28.000     6.3132   3.289825    33.0247       1090     0.7559 0.0000e+00
     29.000     6.3387   3.283813    32.9326       1127     0.7817 0.0000e+00
     30.000     6.3735   3.282141    32.8799       1150     0.7982 0.0000e+00
     31.000     6.4209   3.283401    32.8477       1169     0.8114 0.0000e+00
     32.000     6.4683   3.286393    32.8348       1190     0.8257 0.0000e+00
     33.000     6.5162   3.288628    32.8129       1224     0.8491 0.0000e+00
     34.000     6.4808   3.290484    32.8670       1264     0.8767 0.0000e+00
     35.000     6.4510   3.292786    32.9207       1286     0.8926 0.0000e+00
     36.000     6.3273   3.292324    33.0349       1305     0.9055 0.0000e+00
     37.000     6.1410   3.290244    33.1928       1325     0.9195 0.0000e+00
     38.000     5.8985   3.288847    33.4153       1356     0.9413 0.0000e+00
     39.000     5.5317   3.285263    33.7391       1402     0.9730 0.0000e+00
     40.000     5.5219   3.265485    33.5235       1427     0.9905 0.0000e+00
     41.000     5.4816   3.243029    33.3075       1446     1.0036 0.0000e+00
     42.000     5.5510   3.234120    33.1371       1464     1.0159 0.0000e+00
     43.000     5.6995   3.228306    32.9250       1485     1.0307 0.0000e+00
     44.000     5.7757   3.234074    32.9152       1518     1.0533 0.0000e+00
     45.000     5.8012   3.240885    32.9665       1561     1.0835 0.0000e+00
     46.000     5.8015   3.242777    32.9870       1587     1.1014 0.0000e+00
     47.000     5.7708   3.241489    33.0021       1608     1.1157 0.0000e+00
     48.000     5.7433   3.238430    32.9939       1628     1.1302 0.0000e+00
     49.000     5.7792   3.240531    32.9820       1653     1.1473 0.0000e+00
     50.000     5.8419   3.247379    32.9975       1682     1.1673 0.0000e+00
     51.000     5.8651   3.249833    33.0019       1714     1.1898 0.0000e+00
     52.000     5.9249   3.258888    33.0448       1745     1.2110 0.0000e+00
     53.000     5.9727   3.266157    33.0793       1770     1.2283 0.0000e+00
     54.000     6.0219   3.272453    33.1014       1793     1.2447 0.0000e+00
     55.000     6.0624   3.277724    33.1204       1818     1.2618 0.0000e+00
     56.000     6.0847   3.281161    33.1366       1848     1.2823 0.0000e+00
     57.000     6.1050   3.283858    33.1465       1883     1.3068 0.0000e+00
     58.000     6.1472   3.289487    33.1677       1908     1.3244 0.0000e+00
     59.000     6.1715   3.292707    33.1795       1927     1.3374 0.0000e+00
     60.000     6.1832   3.294388    33.1863       1946     1.3509 0.0000e+00
     61.000     6.1891   3.295251    33.1896       1975     1.3708 0.0000e+00
     62.000     6.2318   3.300440    33.2054       2019     1.4014 0.0000e+00
     63.000     6.3031   3.308577    33.2260       2050     1.4231 0.0000e+00
     64.000     6.3515   3.315027    33.2501       2071     1.4378 0.0000e+00
     65.000     6.4930   3.330932    33.2881       2091     1.4511 0.0000e+00
     66.000     6.6625   3.352761    33.3640       2112     1.4659 0.0000e+00
     67.000     6.7464   3.363161    33.3965       2138     1.4841 0.0000e+00
     68.000     6.8111   3.371457    33.4243       2169     1.5057 0.0000e+00
     69.000     6.8381   3.375160    33.4383       2199     1.5261 0.0000e+00
     70.000     6.8439   3.376078    33.4422       2230     1.5478 0.0000e+00
     71.000     6.9119   3.384155    33.4643       2268     1.5740 0.0000e+00
     72.000     6.9866   3.393486    33.4934       2295     1.5932 0.0000e+00
     73.000     7.0271   3.398232    33.5055       2313     1.6055 0.0000e+00
     74.000     7.1462   3.412902    33.5495       2328     1.6160 0.0000e+00
     75.000     7.2223   3.422439    33.5791       2343     1.6264 0.0000e+00
     76.000     7.3999   3.443851    33.6388       2368     1.6439 0.0000e+00
     77.000     7.4896   3.455601    33.6788       2441     1.6943 0.0000e+00
     78.000     7.5055   3.458126    33.6901       2460     1.7079 0.0000e+00
     79.000     7.6741   3.477931    33.7400       2477     1.7193 0.0000e+00
     80.000     7.9077   3.506044    33.8155       2493     1.7302 0.0000e+00
     81.000     8.0609   3.525306    33.8729       2512     1.7435 0.0000e+00
     82.000     8.1867   3.541040    33.9187       2545     1.7664 0.0000e+00
     83.000     8.2875   3.553497    33.9534       2585     1.7943 0.0000e+00
     84.000     8.3548   3.561886    33.9770       2609     1.8108 0.0000e+00
     85.000     8.4458   3.573182    34.0084       2627     1.8238 0.0000e+00
     86.000     8.6311   3.596041    34.0707       2646     1.8370 0.0000e+00
     87.000     8.7260   3.608515    34.1101       2670     1.8533 0.0000e+00
     88.000     8.7828   3.616672    34.1407       2707     1.8789 0.0000e+00
     89.000     8.9133   3.634483    34.2013       2755     1.9123 0.0000e+00
     90.000     8.9346   3.637822    34.2153       2784     1.9325 0.0000e+00
     91.000     8.9512   3.640214    34.2239       2805     1.9476 0.0000e+00
     92.000     8.9561   3.641353    34.2306       2824     1.9605 0.0000e+00
     93.000     9.0232   3.649776    34.2536       2841     1.9721 0.0000e+00
     94.000     9.0912   3.658384    34.2775       2857     1.9836 0.0000e+00
     95.000     9.1397   3.664545    34.2946       2876     1.9965 0.0000e+00
     96.000     9.1986   3.672377    34.3189       2912     2.0213 0.0000e+00
     97.000     9.2515   3.679375    34.3404       2973     2.0639 0.0000e+00
     98.000     9.3097   3.686682    34.3598       2998     2.0814 0.0000e+00
     99.000     9.3642   3.693538    34.3781       3018     2.0952 0.0000e+00
    100.000     9.4010   3.698189    34.3904       3037     2.1080 0.0000e+00
    101.000     9.4578   3.705318    34.4092       3055     2.1211 0.0000e+00
    102.000     9.4680   3.706766    34.4139       3078     2.1366 0.0000e+00
    103.000     9.4856   3.709305    34.4227       3108     2.1573 0.0000e+00
    104.000     9.5065   3.712772    34.4380       3138     2.1783 0.0000e+00
    105.000     9.5108   3.713886    34.4450       3167     2.1988 0.0000e+00
    106.000     9.5150   3.715171    34.4537       3205     2.2252 0.0000e+00
    107.000     9.5042   3.714503    34.4568       3240     2.2497 0.0000e+00
    108.000     9.4909   3.713471    34.4585       3263     2.2650 0.0000e+00
    109.000     9.4880   3.713416    34.4602       3280     2.2774 0.0000e+00
    110.000     9.4869   3.713987    34.4666       3298     2.2896 0.0000e+00
    111.000     9.4875   3.714199    34.4678       3318     2.3034 0.0000e+00
    112.000     9.4887   3.714474    34.4691       3345     2.3219 0.0000e+00
    113.000     9.4903   3.714847    34.4709       3380     2.3466 0.0000e+00
    114.000     9.4930   3.715436    34.4740       3418     2.3730 0.0000e+00
    115.000     9.4944   3.715759    34.4754       3471     2.4095 0.0000e+00
    116.000     9.4896   3.715408    34.4759       4071     2.8264 0.0000e+00
    117.000     9.4897   3.715552    34.4770       4471     3.1040 0.0000e+00
    116.000     9.4885   3.715315    34.4760       4362     3.0284 0.0000e+00
    115.000     9.4877   3.715105    34.4751       4589     3.1862 0.0000e+00
    114.000     9.4873   3.715102    34.4759       4763     3.3070 0.0000e+00
    113.000     9.4852   3.714704    34.4743       4786     3.3232 0.0000e+00
    112.000     9.4841   3.714469    34.4735       4809     3.3391 0.0000e+00
    111.000     9.4835   3.714289    34.4726       4840     3.3607 0.0000e+00
    110.000     9.4834   3.714172    34.4719       4874     3.3837 0.0000e+00
    109.000     9.4826   3.713521    34.4665       4895     3.3986 0.0000e+00
    108.000     9.4862   3.713559    34.4639       4913     3.4108 0.0000e+00
    107.000     9.4933   3.714174    34.4638       4930     3.4227 0.0000e+00
    106.000     9.5069   3.715219    34.4621       4954     3.4393 0.0000e+00
    105.000     9.5097   3.714852    34.4560       5003     3.4734 0.0000e+00
    104.000     9.5068   3.714087    34.4514       5037     3.4970 0.0000e+00
    103.000     9.4976   3.712421    34.4434       5056     3.5107 0.0000e+00
    102.000     9.4895   3.711009    34.4371       5075     3.5238 0.0000e+00
    101.000     9.4812   3.709767    34.4327       5097     3.5386 0.0000e+00
    100.000     9.4744   3.708750    34.4292       5123     3.5570 0.0000e+00
     99.000     9.4691   3.708108    34.4281       5152     3.5770 0.0000e+00
     98.000     9.4066   3.700406    34.4089       5176     3.5940 0.0000e+00
     97.000     9.3458   3.692678    34.3878       5200     3.6106 0.0000e+00
     96.000     9.2589   3.681890    34.3598       5229     3.6307 0.0000e+00
     95.000     9.2392   3.679288    34.3522       5271     3.6600 0.0000e+00
     94.000     9.1826   3.672050    34.3318       5299     3.6795 0.0000e+00
     93.000     9.1166   3.663531    34.3072       5317     3.6917 0.0000e+00
     92.000     9.0805   3.658930    34.2944       5332     3.7023 0.0000e+00
     91.000     9.0334   3.652979    34.2782       5348     3.7131 0.0000e+00
     90.000     9.0099   3.649827    34.2683       5368     3.7269 0.0000e+00
     89.000     8.9338   3.639738    34.2365       5407     3.7543 0.0000e+00
     88.000     8.8462   3.627673    34.1950       5464     3.7934 0.0000e+00
     87.000     8.7653   3.616675    34.1580       5490     3.8116 0.0000e+00
     86.000     8.7291   3.611759    34.1417       5508     3.8241 0.0000e+00
     85.000     8.6749   3.604657    34.1198       5522     3.8342 0.0000e+00
     84.000     8.5978   3.595175    34.0946       5536     3.8438 0.0000e+00
     83.000     8.4947   3.582422    34.0599       5550     3.8537 0.0000e+00
     82.000     8.3903   3.569654    34.0260       5568     3.8661 0.0000e+00
     81.000     8.0852   3.532651    33.9278       5626     3.9059 0.0000e+00
     80.000     7.9809   3.518988    33.8833       5684     3.9464 0.0000e+00
     79.000     7.8295   3.501302    33.8409       5699     3.9569 0.0000e+00
     78.000     7.6675   3.480852    33.7785       5711     3.9655 0.0000e+00
     77.000     7.5835   3.470605    33.7499       5723     3.9737 0.0000e+00
     76.000     7.5461   3.465376    33.7302       5735     3.9821 0.0000e+00
     75.000     7.4867   3.458329    33.7121       5749     3.9919 0.0000e+00
     74.000     7.2353   3.427459    33.6212       5793     4.0223 0.0000e+00
     73.000     7.0162   3.399190    33.5266       5871     4.0763 0.0000e+00
     72.000     7.0112   3.398811    33.5279       5884     4.0854 0.0000e+00
     71.000     6.9833   3.395311    33.5171       5897     4.0945 0.0000e+00
     70.000     6.9461   3.390579    33.5019       5910     4.1037 0.0000e+00
     69.000     6.9171   3.387134    33.4929       5924     4.1134 0.0000e+00
     68.000     6.8740   3.381880    33.4777       5944     4.1273 0.0000e+00
     67.000     6.7956   3.372338    33.4496       5986     4.1563 0.0000e+00
     66.000     6.7212   3.363208    33.4220       6021     4.1803 0.0000e+00
     65.000     6.6328   3.352167    33.3869       6042     4.1948 0.0000e+00
     64.000     6.4967   3.335378    33.3343       6066     4.2118 0.0000e+00
     63.000     6.4487   3.329158    33.3127       6101     4.2363 0.0000e+00
     62.000     6.4026   3.323062    33.2904       6132     4.2575 0.0000e+00
     61.000     6.2522   3.304836    33.2351       6154     4.2730 0.0000e+00
     60.000     6.2138   3.299686    33.2155       6175     4.2874 0.0000e+00
     59.000     6.1981   3.297631    33.2084       6197     4.3025 0.0000e+00
     58.000     6.1846   3.295800    33.2017       6222     4.3199 0.0000e+00
     57.000     6.1482   3.291089    33.1851       6250     4.3394 0.0000e+00
     56.000     6.0984   3.284546    33.1611       6278     4.3591 0.0000e+00
     55.000     6.0504   3.278191    33.1373       6310     4.3814 0.0000e+00
     54.000     6.0179   3.273836    33.1208       6343     4.4045 0.0000e+00
     53.000     5.9794   3.268420    33.0982       6367     4.4209 0.0000e+00
     52.000     5.9551   3.264491    33.0783       6386     4.4341 0.0000e+00
     51.000     5.9276   3.259695    33.0518       6404     4.4463 0.0000e+00
     50.000     5.8935   3.254627    33.0286       6422     4.4594 0.0000e+00
     49.000     5.8555   3.249732    33.0112       6447     4.4767 0.0000e+00
     48.000     5.7291   3.233905    32.9568       6505     4.5165 0.0000e+00
     47.000     5.7158   3.231336    32.9413       6541     4.5417 0.0000e+00
     46.000     5.7192   3.231328    32.9383       6557     4.5526 0.0000e+00
     45.000     5.7381   3.232995    32.9392       6570     4.5618 0.0000e+00
     44.000     5.7530   3.234426    32.9413       6583     4.5709 0.0000e+00
     43.000     5.7478   3.233617    32.9377       6598     4.5812 0.0000e+00
     42.000     5.7213   3.229718    32.9201       6620     4.5966 0.0000e+00
     41.000     5.4679   3.196491    32.7919       6688     4.6438 0.0000e+00
     40.000     5.5333   3.202844    32.8005       6715     4.6628 0.0000e+00
     39.000     5.5517   3.204231    32.7987       6733     4.6752 0.0000e+00
     38.000     5.5943   3.207898    32.7992       6752     4.6879 0.0000e+00
     37.000     5.7453   3.221620    32.8078       6774     4.7032 0.0000e+00
     36.000     6.0663   3.251530    32.8327       6802     4.7232 0.0000e+00
     35.000     6.1418   3.259937    32.8540       6831     4.7429 0.0000e+00
     34.000     6.3946   3.283464    32.8722       6856     4.7602 0.0000e+00
     33.000     6.5003   3.294369    32.8918       6880     4.7770 0.0000e+00
     32.000     6.6174   3.306019    32.9083       6904     4.7940 0.0000e+00
     31.000     6.7166   3.316021    32.9236       6931     4.8123 0.0000e+00
     30.000     6.8336   3.327800    32.9412       6964     4.8351 0.0000e+00
     29.000     6.8689   3.331506    32.9486       6997     4.8586 0.0000e+00
     28.000     6.7477   3.319449    32.9329       7021     4.8750 0.0000e+00
     27.000     6.6766   3.311012    32.9089       7040     4.8883 0.0000e+00
     26.000     6.6657   3.309765    32.9061       7059     4.9017 0.0000e+00
