HB2502/ctd137.cnv
* Sea-Bird SBE 9 Data File:
* FileName = C:\cruise\data\ctd137.hex
* Software Version Seasave V 7.26.7.121
* Temperature SN = 6768
* Conductivity SN = 6166
* Number of Bytes Per Scan = 37
* Number of Voltage Words = 4
* Number of Scans Averaged by the Deck Unit = 1
* NMEA Latitude = 41 59.63 N
* NMEA Longitude = 069 58.64 W
* NMEA UTC (Time) = Apr 09 2025 19:59:13
* NMEA baud rate = 4800
** Ship: Bigelow HB2502
** Program:  Spring Bottom Trawl
** Chief Scientist:Jon Galbraith
# nquan = 7
# nvalues = 41                          
# units = specified
# name 0 = depSM: Depth [salt water, m]
# name 1 = t090C: Temperature [ITS-90, deg C]
# name 2 = c0S/m: Conductivity [S/m]
# name 3 = sal00: Salinity, Practical [PSU]
# name 4 = scan: Scan Count
# name 5 = timeM: Time, Elapsed [minutes]
# name 6 = flag: flag
# span 0 =      2.000,     23.000       
# span 1 =     5.0466,     5.6915       
# span 2 =   3.122755,   3.193010       
# span 3 =    32.3565,    32.8948       
# span 4 =        376,       2540       
# span 5 =     0.2606,     1.7634       
# span 6 = 0.0000e+00, 0.0000e+00       
# interval = meters: 1                  
# start_time = Apr 09 2025 19:59:13 [NMEA time, header]
# bad_flag = -9.990e-29
*END*
      4.000     5.0834   3.170817    32.8948        376     0.2606 0.0000e+00
      5.000     5.0612   3.134684    32.5011        573     0.3973 0.0000e+00
      6.000     5.0565   3.127851    32.4268        614     0.4257 0.0000e+00
      7.000     5.0613   3.126410    32.4050        640     0.4440 0.0000e+00
      8.000     5.0563   3.125788    32.4023        663     0.4600 0.0000e+00
      9.000     5.0551   3.126044    32.4059        689     0.4778 0.0000e+00
     10.000     5.0544   3.126144    32.4072        719     0.4983 0.0000e+00
     11.000     5.0532   3.125342    32.3986        750     0.5203 0.0000e+00
     12.000     5.0529   3.124780    32.3920        781     0.5417 0.0000e+00
     13.000     5.0509   3.124138    32.3860        809     0.5608 0.0000e+00
     14.000     5.0494   3.123752    32.3826        833     0.5778 0.0000e+00
     15.000     5.0495   3.123735    32.3818        857     0.5943 0.0000e+00
     16.000     5.0484   3.124533    32.3915        884     0.6130 0.0000e+00
     17.000     5.0476   3.125292    32.4005        920     0.6380 0.0000e+00
     18.000     5.0466   3.123637    32.3819        954     0.6619 0.0000e+00
     19.000     5.0466   3.122755    32.3714        978     0.6788 0.0000e+00
     20.000     5.0467   3.123103    32.3747       1004     0.6962 0.0000e+00
     21.000     5.0468   3.123972    32.3841       1032     0.7160 0.0000e+00
     22.000     5.0470   3.123626    32.3795       1061     0.7358 0.0000e+00
     23.000     5.0471   3.127264    32.4205       1079     0.7486 0.0000e+00
     22.000     5.0546   3.132432    32.4731       1662     1.1536 0.0000e+00
     21.000     5.0613   3.130327    32.4429       1870     1.2981 0.0000e+00
     20.000     5.0765   3.129681    32.4212       1903     1.3207 0.0000e+00
     19.000     5.0968   3.128882    32.3928       1936     1.3440 0.0000e+00
     18.000     5.1116   3.127954    32.3684       1964     1.3635 0.0000e+00
     17.000     5.1245   3.128075    32.3577       1986     1.3787 0.0000e+00
     16.000     5.1353   3.128846    32.3565       2006     1.3923 0.0000e+00
     15.000     5.1341   3.129436    32.3650       2026     1.4066 0.0000e+00
     14.000     5.1305   3.129872    32.3739       2054     1.4258 0.0000e+00
     13.000     5.1370   3.130985    32.3809       2090     1.4505 0.0000e+00
     12.000     5.1489   3.136518    32.4332       2116     1.4685 0.0000e+00
     11.000     5.1618   3.147553    32.5474       2137     1.4835 0.0000e+00
     10.000     5.2109   3.152760    32.5596       2161     1.5000 0.0000e+00
      9.000     5.3374   3.157227    32.4882       2191     1.5210 0.0000e+00
      8.000     5.3947   3.159938    32.4639       2220     1.5410 0.0000e+00
      7.000     5.4078   3.161025    32.4641       2243     1.5573 0.0000e+00
      6.000     5.4619   3.164538    32.4522       2266     1.5729 0.0000e+00
      5.000     5.5442   3.172713    32.4657       2291     1.5901 0.0000e+00
      4.000     5.6686   3.193010    32.5757       2321     1.6112 0.0000e+00
      3.000     5.6915   3.187938    32.4968       2362     1.6394 0.0000e+00
      2.000     5.3606   3.176890    32.6934       2540     1.7634 0.0000e+00
