HB2502/ctd160.cnv
* Sea-Bird SBE 9 Data File:
* FileName = C:\cruise\data\ctd160.hex
* Software Version Seasave V 7.26.7.121
* Temperature SN = 6768
* Conductivity SN = 6166
* Number of Bytes Per Scan = 37
* Number of Voltage Words = 4
* Number of Scans Averaged by the Deck Unit = 1
* NMEA Latitude = 42 28.93 N
* NMEA Longitude = 069 16.27 W
* NMEA UTC (Time) = Apr 16 2025 07:19:06
* NMEA baud rate = 4800
** Ship: Bigelow HB2502
** Program:  Spring Bottom Trawl
** Chief Scientist:Jon Galbraith
# nquan = 7
# nvalues = 451                         
# units = specified
# name 0 = depSM: Depth [salt water, m]
# name 1 = t090C: Temperature [ITS-90, deg C]
# name 2 = c0S/m: Conductivity [S/m]
# name 3 = sal00: Salinity, Practical [PSU]
# name 4 = scan: Scan Count
# name 5 = timeM: Time, Elapsed [minutes]
# name 6 = flag: flag
# span 0 =      1.000,    227.000       
# span 1 =     5.2592,     7.6862       
# span 2 =   3.171250,   3.522628       
# span 3 =    32.4716,    34.1814       
# span 4 =        -88,      15119       
# span 5 =    -0.0617,    10.4986       
# span 6 = 0.0000e+00, 0.0000e+00       
# interval = meters: 1                  
# start_time = Apr 16 2025 07:19:06 [NMEA time, header]
# bad_flag = -9.990e-29
*END*
      3.000     5.5736   3.235288    33.1478        -88    -0.0617 0.0000e+00
      4.000     5.5371   3.215276    32.9560        324     0.2242 0.0000e+00
      5.000     5.5397   3.206348    32.8515        373     0.2582 0.0000e+00
      6.000     5.5395   3.205709    32.8440        404     0.2802 0.0000e+00
      7.000     5.5390   3.204434    32.8295        434     0.3010 0.0000e+00
      8.000     5.5410   3.208172    32.8695        545     0.3780 0.0000e+00
      9.000     5.5385   3.205030    32.8358        640     0.4441 0.0000e+00
     10.000     5.5374   3.204681    32.8324        676     0.4686 0.0000e+00
     11.000     5.5377   3.204347    32.8278        712     0.4939 0.0000e+00
     12.000     5.5382   3.203797    32.8206        741     0.5139 0.0000e+00
     13.000     5.5386   3.203622    32.8176        765     0.5305 0.0000e+00
     14.000     5.5386   3.203714    32.8183        790     0.5476 0.0000e+00
     15.000     5.5378   3.203937    32.8211        818     0.5674 0.0000e+00
     16.000     5.5368   3.204126    32.8236        850     0.5894 0.0000e+00
     17.000     5.5374   3.204234    32.8237        882     0.6119 0.0000e+00
     18.000     5.5390   3.203788    32.8166        910     0.6309 0.0000e+00
     19.000     5.5392   3.203659    32.8145        934     0.6478 0.0000e+00
     20.000     5.5394   3.203831    32.8157        958     0.6645 0.0000e+00
     21.000     5.5396   3.204747    32.8255        985     0.6830 0.0000e+00
     22.000     5.5399   3.205410    32.8322       1017     0.7055 0.0000e+00
     23.000     5.5398   3.204914    32.8262       1049     0.7275 0.0000e+00
     24.000     5.5395   3.204110    32.8168       1075     0.7456 0.0000e+00
     25.000     5.5365   3.203901    32.8169       1097     0.7609 0.0000e+00
     26.000     5.5355   3.204066    32.8192       1120     0.7769 0.0000e+00
     27.000     5.5359   3.205225    32.8314       1152     0.7994 0.0000e+00
     28.000     5.5334   3.204916    32.8299       1186     0.8232 0.0000e+00
     29.000     5.5328   3.204344    32.8235       1212     0.8411 0.0000e+00
     30.000     5.5336   3.204071    32.8191       1238     0.8589 0.0000e+00
     31.000     5.5318   3.204046    32.8201       1265     0.8778 0.0000e+00
     32.000     5.5289   3.204005    32.8219       1291     0.8960 0.0000e+00
     33.000     5.5227   3.204087    32.8284       1318     0.9146 0.0000e+00
     34.000     5.5196   3.203997    32.8300       1349     0.9361 0.0000e+00
     35.000     5.5189   3.203789    32.8278       1379     0.9572 0.0000e+00
     36.000     5.5170   3.203549    32.8264       1405     0.9750 0.0000e+00
     37.000     5.5064   3.203392    32.8345       1430     0.9923 0.0000e+00
     38.000     5.4933   3.203371    32.8465       1455     1.0094 0.0000e+00
     39.000     5.4785   3.203441    32.8613       1484     1.0297 0.0000e+00
     40.000     5.4487   3.203470    32.8903       1523     1.0567 0.0000e+00
     41.000     5.4433   3.202438    32.8834       1550     1.0759 0.0000e+00
     42.000     5.4398   3.201113    32.8713       1570     1.0898 0.0000e+00
     43.000     5.4376   3.200702    32.8682       1592     1.1048 0.0000e+00
     44.000     5.4330   3.201021    32.8758       1625     1.1281 0.0000e+00
     45.000     5.4220   3.200651    32.8819       1660     1.1524 0.0000e+00
     46.000     5.4157   3.199664    32.8764       1683     1.1684 0.0000e+00
     47.000     5.4151   3.199409    32.8736       1707     1.1851 0.0000e+00
     48.000     5.4137   3.199559    32.8761       1741     1.2085 0.0000e+00
     49.000     5.4093   3.198921    32.8727       1775     1.2321 0.0000e+00
     50.000     5.4071   3.197418    32.8572       1798     1.2480 0.0000e+00
     51.000     5.4079   3.196341    32.8437       1819     1.2627 0.0000e+00
     52.000     5.4057   3.195764    32.8388       1846     1.2812 0.0000e+00
     53.000     5.4057   3.195264    32.8325       1885     1.3083 0.0000e+00
     54.000     5.4061   3.194977    32.8284       1915     1.3294 0.0000e+00
     55.000     5.4053   3.194691    32.8254       1936     1.3437 0.0000e+00
     56.000     5.4046   3.194542    32.8239       1955     1.3570 0.0000e+00
     57.000     5.4037   3.194342    32.8220       1982     1.3754 0.0000e+00
     58.000     5.4060   3.194374    32.8196       2029     1.4086 0.0000e+00
     59.000     5.4083   3.194615    32.8195       2059     1.4294 0.0000e+00
     60.000     5.4083   3.194686    32.8199       2078     1.4423 0.0000e+00
     61.000     5.4087   3.194727    32.8194       2098     1.4566 0.0000e+00
     62.000     5.4099   3.194886    32.8196       2130     1.4784 0.0000e+00
     63.000     5.4095   3.194886    32.8194       2164     1.5018 0.0000e+00
     64.000     5.4090   3.194876    32.8193       2187     1.5183 0.0000e+00
     65.000     5.4073   3.194789    32.8195       2213     1.5360 0.0000e+00
     66.000     5.4049   3.194604    32.8193       2245     1.5585 0.0000e+00
     67.000     5.4049   3.194639    32.8192       2273     1.5779 0.0000e+00
     68.000     5.4052   3.194712    32.8192       2297     1.5944 0.0000e+00
     69.000     5.4047   3.194725    32.8193       2324     1.6131 0.0000e+00
     70.000     5.4050   3.194781    32.8191       2357     1.6362 0.0000e+00
     71.000     5.4038   3.194732    32.8193       2387     1.6569 0.0000e+00
     72.000     5.4026   3.194689    32.8194       2415     1.6763 0.0000e+00
     73.000     5.3998   3.194472    32.8192       2444     1.6963 0.0000e+00
     74.000     5.4002   3.194531    32.8190       2468     1.7132 0.0000e+00
     75.000     5.4004   3.194600    32.8190       2491     1.7291 0.0000e+00
     76.000     5.3997   3.194572    32.8189       2520     1.7492 0.0000e+00
     77.000     5.3986   3.194532    32.8190       2560     1.7769 0.0000e+00
     78.000     5.3990   3.194599    32.8189       2588     1.7966 0.0000e+00
     79.000     5.3996   3.194692    32.8189       2609     1.8109 0.0000e+00
     80.000     5.3990   3.194701    32.8191       2629     1.8250 0.0000e+00
     81.000     5.3972   3.194569    32.8188       2659     1.8458 0.0000e+00
     82.000     5.3967   3.194553    32.8186       2703     1.8761 0.0000e+00
     83.000     5.3973   3.194641    32.8185       2728     1.8936 0.0000e+00
     84.000     5.3944   3.194455    32.8188       2750     1.9089 0.0000e+00
     85.000     5.3907   3.194160    32.8185       2778     1.9284 0.0000e+00
     86.000     5.3845   3.193682    32.8187       2810     1.9508 0.0000e+00
     87.000     5.3802   3.193449    32.8197       2841     1.9721 0.0000e+00
     88.000     5.3786   3.193459    32.8209       2868     1.9910 0.0000e+00
     89.000     5.3534   3.192211    32.8309       2891     2.0072 0.0000e+00
     90.000     5.3376   3.191284    32.8352       2915     2.0234 0.0000e+00
     91.000     5.3324   3.190999    32.8366       2946     2.0453 0.0000e+00
     92.000     5.3152   3.190175    32.8436       2986     2.0730 0.0000e+00
     93.000     5.3057   3.189937    32.8497       3015     2.0931 0.0000e+00
     94.000     5.2831   3.189773    32.8695       3037     2.1082 0.0000e+00
     95.000     5.2592   3.190274    32.8982       3059     2.1239 0.0000e+00
     96.000     5.2639   3.192128    32.9142       3096     2.1494 0.0000e+00
     97.000     5.2663   3.192873    32.9199       3133     2.1750 0.0000e+00
     98.000     5.2707   3.193919    32.9270       3151     2.1878 0.0000e+00
     99.000     5.2735   3.194390    32.9291       3169     2.2001 0.0000e+00
    100.000     5.2762   3.194751    32.9301       3206     2.2254 0.0000e+00
    101.000     5.2765   3.194897    32.9309       3258     2.2618 0.0000e+00
    102.000     5.2798   3.195555    32.9346       3278     2.2754 0.0000e+00
    103.000     5.2832   3.196105    32.9371       3296     2.2882 0.0000e+00
    104.000     5.2899   3.197123    32.9416       3319     2.3041 0.0000e+00
    105.000     5.2992   3.198470    32.9473       3359     2.3317 0.0000e+00
    106.000     5.3204   3.201160    32.9567       3398     2.3594 0.0000e+00
    107.000     5.3498   3.204722    32.9679       3419     2.3739 0.0000e+00
    108.000     5.4062   3.211534    32.9895       3438     2.3868 0.0000e+00
    109.000     5.4336   3.214982    33.0013       3463     2.4040 0.0000e+00
    110.000     5.4382   3.215741    33.0049       3516     2.4408 0.0000e+00
    111.000     5.4389   3.215908    33.0056       3548     2.4633 0.0000e+00
    112.000     5.4406   3.216185    33.0066       3566     2.4760 0.0000e+00
    113.000     5.4572   3.218096    33.0115       3587     2.4902 0.0000e+00
    114.000     5.4844   3.221299    33.0206       3623     2.5151 0.0000e+00
    115.000     5.5082   3.224062    33.0282       3666     2.5450 0.0000e+00
    116.000     5.5149   3.224885    33.0305       3687     2.5595 0.0000e+00
    117.000     5.5221   3.225768    33.0328       3706     2.5728 0.0000e+00
    118.000     5.5500   3.229033    33.0420       3732     2.5913 0.0000e+00
    119.000     5.5867   3.233315    33.0540       3780     2.6243 0.0000e+00
    120.000     5.6611   3.241667    33.0750       3808     2.6435 0.0000e+00
    121.000     5.8052   3.258008    33.1176       3831     2.6599 0.0000e+00
    122.000     5.8762   3.266481    33.1429       3858     2.6787 0.0000e+00
    123.000     5.9102   3.270728    33.1570       3890     2.7005 0.0000e+00
    124.000     5.9472   3.275210    33.1706       3919     2.7209 0.0000e+00
    125.000     5.9889   3.280224    33.1854       3945     2.7391 0.0000e+00
    126.000     6.0895   3.292278    33.2216       3973     2.7587 0.0000e+00
    127.000     6.1555   3.300346    33.2466       4004     2.7799 0.0000e+00
    128.000     6.1908   3.304813    33.2615       4033     2.8002 0.0000e+00
    129.000     6.2174   3.308144    33.2722       4062     2.8198 0.0000e+00
    130.000     6.2523   3.312322    33.2842       4091     2.8400 0.0000e+00
    131.000     6.3221   3.320638    33.3081       4119     2.8596 0.0000e+00
    132.000     6.3816   3.327886    33.3300       4146     2.8786 0.0000e+00
    133.000     6.4232   3.333017    33.3459       4176     2.8991 0.0000e+00
    134.000     6.4647   3.338125    33.3615       4207     2.9205 0.0000e+00
    135.000     6.5016   3.342496    33.3735       4235     2.9403 0.0000e+00
    136.000     6.5758   3.351463    33.3997       4260     2.9576 0.0000e+00
    137.000     6.6887   3.365276    33.4417       4287     2.9762 0.0000e+00
    138.000     6.7362   3.371421    33.4626       4322     3.0009 0.0000e+00
    139.000     6.7728   3.376089    33.4778       4353     3.0226 0.0000e+00
    140.000     6.8136   3.381202    33.4938       4377     3.0389 0.0000e+00
    141.000     6.8275   3.383121    33.5008       4404     3.0573 0.0000e+00
    142.000     6.8462   3.385587    33.5092       4440     3.0823 0.0000e+00
    143.000     6.8645   3.388071    33.5182       4470     3.1037 0.0000e+00
    144.000     6.8745   3.389572    33.5244       4493     3.1197 0.0000e+00
    145.000     6.9009   3.393243    33.5385       4519     3.1376 0.0000e+00
    146.000     7.0385   3.412111    33.6107       4556     3.1633 0.0000e+00
    147.000     7.0757   3.417566    33.6335       4588     3.1856 0.0000e+00
    148.000     7.1079   3.421971    33.6498       4611     3.2011 0.0000e+00
    149.000     7.1820   3.431394    33.6799       4633     3.2168 0.0000e+00
    150.000     7.2179   3.436426    33.6993       4666     3.2397 0.0000e+00
    151.000     7.2545   3.442680    33.7313       4706     3.2674 0.0000e+00
    152.000     7.2709   3.445712    33.7478       4734     3.2867 0.0000e+00
    153.000     7.2767   3.446692    33.7523       4758     3.3036 0.0000e+00
    154.000     7.2822   3.447660    33.7569       4785     3.3220 0.0000e+00
    155.000     7.2944   3.449580    33.7655       4815     3.3433 0.0000e+00
    156.000     7.3278   3.454469    33.7856       4846     3.3644 0.0000e+00
    157.000     7.3567   3.458520    33.8009       4877     3.3858 0.0000e+00
    158.000     7.3892   3.463098    33.8184       4910     3.4092 0.0000e+00
    159.000     7.4429   3.470230    33.8429       4938     3.4283 0.0000e+00
    160.000     7.4840   3.476366    33.8688       4960     3.4440 0.0000e+00
    161.000     7.5061   3.480239    33.8887       4991     3.4655 0.0000e+00
    162.000     7.5185   3.482541    33.9010       5030     3.4924 0.0000e+00
    163.000     7.5398   3.486121    33.9185       5054     3.5092 0.0000e+00
    164.000     7.5443   3.486894    33.9220       5077     3.5247 0.0000e+00
    165.000     7.5474   3.487435    33.9243       5110     3.5482 0.0000e+00
    166.000     7.5566   3.488822    33.9299       5148     3.5743 0.0000e+00
    167.000     7.5688   3.490756    33.9385       5172     3.5907 0.0000e+00
    168.000     7.5756   3.491759    33.9421       5193     3.6059 0.0000e+00
    169.000     7.5952   3.494298    33.9499       5224     3.6273 0.0000e+00
    170.000     7.6171   3.497224    33.9597       5266     3.6564 0.0000e+00
    171.000     7.6413   3.501228    33.9788       5289     3.6720 0.0000e+00
    172.000     7.6430   3.502274    33.9880       5310     3.6871 0.0000e+00
    173.000     7.6412   3.502547    33.9921       5346     3.7119 0.0000e+00
    174.000     7.6404   3.502776    33.9949       5384     3.7380 0.0000e+00
    175.000     7.6405   3.503069    33.9975       5406     3.7532 0.0000e+00
    176.000     7.6412   3.503322    33.9991       5428     3.7687 0.0000e+00
    177.000     7.6457   3.504488    34.0068       5457     3.7890 0.0000e+00
    178.000     7.6499   3.505870    34.0171       5494     3.8146 0.0000e+00
    179.000     7.6504   3.506361    34.0214       5527     3.8375 0.0000e+00
    180.000     7.6487   3.506390    34.0230       5553     3.8554 0.0000e+00
    181.000     7.6485   3.506550    34.0244       5578     3.8732 0.0000e+00
    182.000     7.6488   3.506683    34.0250       5611     3.8959 0.0000e+00
    183.000     7.6490   3.506805    34.0257       5644     3.9187 0.0000e+00
    184.000     7.6485   3.506812    34.0258       5669     3.9358 0.0000e+00
    185.000     7.6474   3.506815    34.0264       5691     3.9512 0.0000e+00
    186.000     7.6471   3.506870    34.0268       5717     3.9698 0.0000e+00
    187.000     7.6541   3.508193    34.0337       5756     3.9965 0.0000e+00
    188.000     7.6681   3.510513    34.0446       5793     4.0223 0.0000e+00
    189.000     7.6835   3.513314    34.0592       5820     4.0406 0.0000e+00
    190.000     7.6862   3.514606    34.0701       5843     4.0568 0.0000e+00
    191.000     7.6814   3.514721    34.0755       5870     4.0755 0.0000e+00
    192.000     7.6761   3.514949    34.0826       5906     4.1007 0.0000e+00
    193.000     7.6722   3.515244    34.0893       5937     4.1225 0.0000e+00
    194.000     7.6744   3.515983    34.0945       5964     4.1410 0.0000e+00
    195.000     7.6760   3.516198    34.0948       5990     4.1594 0.0000e+00
    196.000     7.6760   3.516264    34.0950       6018     4.1783 0.0000e+00
    197.000     7.6757   3.516291    34.0951       6048     4.1994 0.0000e+00
    198.000     7.6760   3.516389    34.0954       6089     4.2280 0.0000e+00
    199.000     7.6752   3.516511    34.0971       6121     4.2498 0.0000e+00
    200.000     7.6703   3.516507    34.1013       6144     4.2660 0.0000e+00
    201.000     7.6627   3.516504    34.1082       6168     4.2827 0.0000e+00
    202.000     7.6619   3.516780    34.1115       6198     4.3032 0.0000e+00
    203.000     7.6619   3.517395    34.1176       6234     4.3287 0.0000e+00
    204.000     7.6557   3.517501    34.1244       6264     4.3492 0.0000e+00
    205.000     7.6495   3.517635    34.1314       6287     4.3650 0.0000e+00
    206.000     7.6528   3.518794    34.1402       6314     4.3838 0.0000e+00
    207.000     7.6535   3.520047    34.1526       6361     4.4164 0.0000e+00
