HB2502/ctd105.cnv
* Sea-Bird SBE 9 Data File:
* FileName = C:\cruise\data\ctd105.hex
* Software Version Seasave V 7.26.7.121
* Temperature SN = 6768
* Conductivity SN = 6166
* Number of Bytes Per Scan = 37
* Number of Voltage Words = 4
* Number of Scans Averaged by the Deck Unit = 1
* NMEA Latitude = 41 18.13 N
* NMEA Longitude = 070 31.84 W
* NMEA UTC (Time) = Mar 24 2025 00:29:32
* NMEA baud rate = 4800
** Ship: Bigelow HB2502
** Program:  Spring Bottom Trawl
** Chief Scientist:Jon Galbraith
# nquan = 7
# nvalues = 29                          
# units = specified
# name 0 = depSM: Depth [salt water, m]
# name 1 = t090C: Temperature [ITS-90, deg C]
# name 2 = c0S/m: Conductivity [S/m]
# name 3 = sal00: Salinity, Practical [PSU]
# name 4 = scan: Scan Count
# name 5 = timeM: Time, Elapsed [minutes]
# name 6 = flag: flag
# span 0 =      3.000,     17.000       
# span 1 =     5.2427,     5.4760       
# span 2 =   3.132195,   3.143117       
# span 3 =    32.1140,    32.3493       
# span 4 =        136,       2361       
# span 5 =     0.0935,     1.6391       
# span 6 = 0.0000e+00, 0.0000e+00       
# interval = meters: 1                  
# start_time = Mar 24 2025 00:29:32 [NMEA time, header]
# bad_flag = -9.990e-29
*END*
      3.000     5.4659   3.137314    32.1409        136     0.0935 0.0000e+00
      4.000     5.4758   3.141090    32.1737        300     0.2076 0.0000e+00
      5.000     5.4743   3.142355    32.1890        328     0.2268 0.0000e+00
      6.000     5.4740   3.142350    32.1888        363     0.2514 0.0000e+00
      7.000     5.4760   3.142821    32.1916        400     0.2771 0.0000e+00
      8.000     5.4732   3.143117    32.1973        434     0.3004 0.0000e+00
      9.000     5.4712   3.142930    32.1965        471     0.3264 0.0000e+00
     10.000     5.4665   3.142848    32.1996        508     0.3519 0.0000e+00
     11.000     5.4558   3.142632    32.2070        542     0.3755 0.0000e+00
     12.000     5.4129   3.141804    32.2382        576     0.3996 0.0000e+00
     13.000     5.3511   3.139349    32.2693        612     0.4244 0.0000e+00
     14.000     5.3196   3.137210    32.2748        651     0.4510 0.0000e+00
     15.000     5.2712   3.136168    32.3092        686     0.4756 0.0000e+00
     16.000     5.2483   3.133435    32.2996        717     0.4974 0.0000e+00
     17.000     5.2427   3.134094    32.3120        741     0.5140 0.0000e+00
     16.000     5.2839   3.140804    32.3493       1582     1.0978 0.0000e+00
     15.000     5.3556   3.134997    32.2145       1754     1.2175 0.0000e+00
     14.000     5.3601   3.133874    32.1979       1751     1.2152 0.0000e+00
     13.000     5.3526   3.132948    32.1951       1778     1.2343 0.0000e+00
     12.000     5.3398   3.132395    32.2016       1805     1.2529 0.0000e+00
     11.000     5.3274   3.132195    32.2117       1830     1.2704 0.0000e+00
     10.000     5.3179   3.133101    32.2317       1856     1.2880 0.0000e+00
      9.000     5.3143   3.133944    32.2453       1884     1.3073 0.0000e+00
      8.000     5.3233   3.134207    32.2401       1916     1.3296 0.0000e+00
      7.000     5.3346   3.134550    32.2336       1949     1.3531 0.0000e+00
      6.000     5.3470   3.135257    32.2302       1985     1.3778 0.0000e+00
      5.000     5.3524   3.134152    32.2129       2042     1.4175 0.0000e+00
      4.000     5.3471   3.134016    32.2170       2104     1.4603 0.0000e+00
      3.000     5.4565   3.134151    32.1140       2361     1.6391 0.0000e+00
