HB2502/ctd164.cnv
* Sea-Bird SBE 9 Data File:
* FileName = C:\cruise\data\ctd164.hex
* Software Version Seasave V 7.26.7.121
* Temperature SN = 6768
* Conductivity SN = 6166
* Number of Bytes Per Scan = 37
* Number of Voltage Words = 4
* Number of Scans Averaged by the Deck Unit = 1
* NMEA Latitude = 42 27.45 N
* NMEA Longitude = 069 56.07 W
* NMEA UTC (Time) = Apr 16 2025 23:45:04
* NMEA baud rate = 4800
** Ship: Bigelow HB2502
** Program:  Spring Bottom Trawl
** Chief Scientist:Jon Galbraith
# nquan = 7
# nvalues = 321                         
# units = specified
# name 0 = depSM: Depth [salt water, m]
# name 1 = t090C: Temperature [ITS-90, deg C]
# name 2 = c0S/m: Conductivity [S/m]
# name 3 = sal00: Salinity, Practical [PSU]
# name 4 = scan: Scan Count
# name 5 = timeM: Time, Elapsed [minutes]
# name 6 = flag: flag
# span 0 =      2.000,    163.000       
# span 1 =     5.1062,     6.0689       
# span 2 =   3.169981,   3.293789       
# span 3 =    32.7276,    33.2416       
# span 4 =        268,      10079       
# span 5 =     0.1856,     6.9987       
# span 6 = 0.0000e+00, 0.0000e+00       
# interval = meters: 1                  
# start_time = Apr 16 2025 23:45:04 [NMEA time, header]
# bad_flag = -9.990e-29
*END*
      4.000     5.3031   3.188219    32.8776        268     0.1856 0.0000e+00
      5.000     5.3021   3.178892    32.7716        416     0.2883 0.0000e+00
      6.000     5.3020   3.177684    32.7574        434     0.3008 0.0000e+00
      7.000     5.3033   3.177396    32.7523        459     0.3184 0.0000e+00
      8.000     5.3051   3.177505    32.7513        487     0.3378 0.0000e+00
      9.000     5.3048   3.177287    32.7486        515     0.3569 0.0000e+00
     10.000     5.3048   3.177300    32.7482        541     0.3750 0.0000e+00
     11.000     5.3049   3.177391    32.7487        568     0.3939 0.0000e+00
     12.000     5.3042   3.177568    32.7509        597     0.4140 0.0000e+00
     13.000     5.3043   3.177355    32.7478        624     0.4328 0.0000e+00
     14.000     5.3045   3.177164    32.7449        649     0.4498 0.0000e+00
     15.000     5.3052   3.177123    32.7433        673     0.4670 0.0000e+00
     16.000     5.3066   3.177246    32.7429        700     0.4854 0.0000e+00
     17.000     5.3071   3.177274    32.7422        727     0.5044 0.0000e+00
     18.000     5.3093   3.177289    32.7397        754     0.5227 0.0000e+00
     19.000     5.3136   3.177510    32.7375        781     0.5418 0.0000e+00
     20.000     5.3137   3.177786    32.7400        810     0.5617 0.0000e+00
     21.000     5.3130   3.178005    32.7428        836     0.5797 0.0000e+00
     22.000     5.3124   3.178056    32.7433        859     0.5958 0.0000e+00
     23.000     5.3119   3.178183    32.7448        884     0.6131 0.0000e+00
     24.000     5.3117   3.178708    32.7505        912     0.6328 0.0000e+00
     25.000     5.3118   3.178654    32.7493        942     0.6536 0.0000e+00
     26.000     5.3121   3.178254    32.7439        970     0.6726 0.0000e+00
     27.000     5.3125   3.178189    32.7423        995     0.6903 0.0000e+00
     28.000     5.3154   3.178328    32.7405       1021     0.7083 0.0000e+00
     29.000     5.3193   3.178488    32.7380       1048     0.7272 0.0000e+00
     30.000     5.3206   3.178434    32.7356       1075     0.7455 0.0000e+00
     31.000     5.3208   3.178800    32.7391       1098     0.7617 0.0000e+00
     32.000     5.3213   3.179192    32.7426       1120     0.7774 0.0000e+00
     33.000     5.3214   3.179381    32.7441       1146     0.7952 0.0000e+00
     34.000     5.3216   3.179504    32.7449       1178     0.8176 0.0000e+00
     35.000     5.3209   3.179616    32.7463       1211     0.8400 0.0000e+00
     36.000     5.3218   3.179703    32.7459       1237     0.8587 0.0000e+00
     37.000     5.3228   3.179787    32.7454       1264     0.8768 0.0000e+00
     38.000     5.3228   3.179945    32.7467       1290     0.8950 0.0000e+00
     39.000     5.3232   3.180093    32.7475       1313     0.9114 0.0000e+00
     40.000     5.3240   3.180213    32.7476       1335     0.9261 0.0000e+00
     41.000     5.3248   3.180332    32.7477       1356     0.9411 0.0000e+00
     42.000     5.3262   3.180459    32.7472       1384     0.9603 0.0000e+00
     43.000     5.3282   3.180587    32.7462       1421     0.9865 0.0000e+00
     44.000     5.3299   3.180760    32.7460       1454     1.0092 0.0000e+00
     45.000     5.3282   3.181188    32.7521       1479     1.0262 0.0000e+00
     46.000     5.3260   3.181691    32.7595       1502     1.0421 0.0000e+00
     47.000     5.3208   3.181729    32.7645       1526     1.0589 0.0000e+00
     48.000     5.3142   3.181525    32.7680       1551     1.0766 0.0000e+00
     49.000     5.3122   3.181541    32.7698       1577     1.0944 0.0000e+00
     50.000     5.3159   3.182407    32.7755       1603     1.1126 0.0000e+00
     51.000     5.3185   3.183199    32.7814       1631     1.1319 0.0000e+00
     52.000     5.3197   3.183773    32.7863       1660     1.1522 0.0000e+00
     53.000     5.3185   3.183859    32.7880       1689     1.1720 0.0000e+00
     54.000     5.3167   3.183894    32.7897       1717     1.1914 0.0000e+00
     55.000     5.3148   3.183975    32.7919       1743     1.2096 0.0000e+00
     56.000     5.3136   3.184000    32.7929       1768     1.2269 0.0000e+00
     57.000     5.3130   3.184023    32.7932       1794     1.2449 0.0000e+00
     58.000     5.3118   3.183976    32.7933       1822     1.2644 0.0000e+00
     59.000     5.3113   3.183985    32.7934       1849     1.2831 0.0000e+00
     60.000     5.3113   3.184012    32.7932       1874     1.3006 0.0000e+00
     61.000     5.3109   3.184037    32.7934       1899     1.3182 0.0000e+00
     62.000     5.3104   3.184014    32.7931       1926     1.3365 0.0000e+00
     63.000     5.3113   3.184136    32.7931       1953     1.3554 0.0000e+00
     64.000     5.3117   3.184224    32.7932       1981     1.3753 0.0000e+00
     65.000     5.3114   3.184246    32.7933       2010     1.3953 0.0000e+00
     66.000     5.3122   3.184364    32.7934       2037     1.4140 0.0000e+00
     67.000     5.3130   3.184484    32.7934       2064     1.4326 0.0000e+00
     68.000     5.3137   3.184618    32.7937       2091     1.4515 0.0000e+00
     69.000     5.3140   3.184687    32.7938       2118     1.4700 0.0000e+00
     70.000     5.3140   3.184731    32.7937       2144     1.4879 0.0000e+00
     71.000     5.3142   3.184796    32.7938       2170     1.5064 0.0000e+00
     72.000     5.3143   3.184853    32.7938       2199     1.5261 0.0000e+00
     73.000     5.3144   3.184904    32.7938       2225     1.5446 0.0000e+00
     74.000     5.3144   3.184963    32.7940       2252     1.5630 0.0000e+00
     75.000     5.3145   3.185014    32.7940       2280     1.5824 0.0000e+00
     76.000     5.3145   3.185047    32.7938       2308     1.6021 0.0000e+00
     77.000     5.3145   3.185094    32.7938       2335     1.6206 0.0000e+00
     78.000     5.3145   3.185144    32.7939       2362     1.6393 0.0000e+00
     79.000     5.3145   3.185188    32.7939       2391     1.6595 0.0000e+00
     80.000     5.3145   3.185235    32.7939       2420     1.6796 0.0000e+00
     81.000     5.3146   3.185293    32.7940       2445     1.6975 0.0000e+00
     82.000     5.3147   3.185344    32.7940       2470     1.7143 0.0000e+00
     83.000     5.3147   3.185397    32.7941       2495     1.7321 0.0000e+00
     84.000     5.3144   3.185424    32.7942       2524     1.7518 0.0000e+00
     85.000     5.3127   3.185374    32.7948       2553     1.7724 0.0000e+00
     86.000     5.3118   3.185383    32.7953       2583     1.7928 0.0000e+00
     87.000     5.2917   3.184350    32.8027       2609     1.8112 0.0000e+00
     88.000     5.2183   3.179084    32.8140       2636     1.8300 0.0000e+00
     89.000     5.1065   3.169981    32.8190       2665     1.8499 0.0000e+00
     90.000     5.1251   3.173341    32.8387       2693     1.8693 0.0000e+00
     91.000     5.1930   3.181234    32.8619       2719     1.8873 0.0000e+00
     92.000     5.2000   3.183312    32.8783       2745     1.9054 0.0000e+00
     93.000     5.1670   3.180519    32.8783       2772     1.9243 0.0000e+00
     94.000     5.1390   3.178034    32.8769       2801     1.9443 0.0000e+00
     95.000     5.1111   3.175481    32.8745       2830     1.9646 0.0000e+00
     96.000     5.1179   3.176825    32.8828       2858     1.9840 0.0000e+00
     97.000     5.1298   3.178566    32.8904       2885     2.0027 0.0000e+00
     98.000     5.1297   3.178664    32.8912       2912     2.0213 0.0000e+00
     99.000     5.1379   3.179631    32.8937       2940     2.0406 0.0000e+00
    100.000     5.1435   3.180286    32.8952       2967     2.0598 0.0000e+00
    101.000     5.1454   3.180548    32.8958       2994     2.0781 0.0000e+00
    102.000     5.1561   3.181842    32.8997       3021     2.0971 0.0000e+00
    103.000     5.1628   3.182710    32.9024       3051     2.1183 0.0000e+00
    104.000     5.1728   3.184113    32.9082       3083     2.1404 0.0000e+00
    105.000     5.1771   3.184735    32.9105       3111     2.1596 0.0000e+00
    106.000     5.1802   3.185166    32.9119       3136     2.1768 0.0000e+00
    107.000     5.1832   3.185579    32.9132       3161     2.1944 0.0000e+00
    108.000     5.2044   3.188081    32.9204       3189     2.2141 0.0000e+00
    109.000     5.2378   3.191901    32.9307       3219     2.2348 0.0000e+00
    110.000     5.2635   3.194831    32.9384       3246     2.2537 0.0000e+00
    111.000     5.2724   3.195948    32.9419       3275     2.2736 0.0000e+00
    112.000     5.3017   3.199330    32.9511       3307     2.2956 0.0000e+00
    113.000     5.3439   3.204096    32.9635       3336     2.3158 0.0000e+00
    114.000     5.3848   3.208803    32.9765       3361     2.3333 0.0000e+00
    115.000     5.4220   3.213110    32.9884       3385     2.3503 0.0000e+00
    116.000     5.4397   3.215239    32.9947       3413     2.3696 0.0000e+00
    117.000     5.5211   3.224438    33.0187       3446     2.3921 0.0000e+00
    118.000     5.5880   3.232254    33.0412       3478     2.4146 0.0000e+00
    119.000     5.6309   3.237189    33.0545       3507     2.4348 0.0000e+00
    120.000     5.6865   3.243660    33.0726       3534     2.4536 0.0000e+00
    121.000     5.7131   3.246832    33.0819       3560     2.4717 0.0000e+00
    122.000     5.7404   3.250199    33.0926       3586     2.4894 0.0000e+00
    123.000     5.7476   3.251273    33.0971       3613     2.5081 0.0000e+00
    124.000     5.7411   3.251348    33.1038       3644     2.5297 0.0000e+00
    125.000     5.7264   3.250175    33.1046       3676     2.5521 0.0000e+00
    126.000     5.7249   3.250115    33.1049       3705     2.5723 0.0000e+00
    127.000     5.7241   3.250134    33.1053       3733     2.5913 0.0000e+00
    128.000     5.7248   3.250280    33.1058       3759     2.6100 0.0000e+00
    129.000     5.7248   3.250356    33.1062       3786     2.6283 0.0000e+00
    130.000     5.7285   3.250829    33.1074       3816     2.6491 0.0000e+00
    131.000     5.7316   3.251263    33.1088       3848     2.6714 0.0000e+00
    132.000     5.7332   3.251526    33.1096       3878     2.6924 0.0000e+00
    133.000     5.7350   3.251816    33.1107       3907     2.7122 0.0000e+00
    134.000     5.7398   3.252417    33.1122       3932     2.7300 0.0000e+00
    135.000     5.7355   3.252055    33.1119       3955     2.7458 0.0000e+00
    136.000     5.7350   3.252049    33.1118       3980     2.7631 0.0000e+00
    137.000     5.7321   3.251825    33.1116       4010     2.7841 0.0000e+00
    138.000     5.7324   3.251995    33.1127       4043     2.8070 0.0000e+00
    139.000     5.7330   3.252108    33.1129       4076     2.8300 0.0000e+00
    140.000     5.7385   3.252837    33.1152       4106     2.8507 0.0000e+00
    141.000     5.7481   3.254039    33.1189       4130     2.8677 0.0000e+00
    142.000     5.7574   3.255163    33.1219       4154     2.8843 0.0000e+00
    143.000     5.7652   3.256122    33.1247       4181     2.9025 0.0000e+00
    144.000     5.7717   3.256941    33.1270       4211     2.9234 0.0000e+00
    145.000     5.7920   3.259332    33.1335       4241     2.9445 0.0000e+00
    146.000     5.8297   3.263709    33.1454       4269     2.9640 0.0000e+00
    147.000     5.8418   3.265318    33.1512       4297     2.9836 0.0000e+00
    148.000     5.8405   3.265260    33.1512       4325     3.0031 0.0000e+00
    149.000     5.8402   3.265288    33.1514       4352     3.0218 0.0000e+00
    150.000     5.8452   3.265927    33.1531       4379     3.0401 0.0000e+00
    151.000     5.8505   3.266616    33.1552       4406     3.0589 0.0000e+00
    152.000     5.8579   3.267547    33.1579       4436     3.0796 0.0000e+00
    153.000     5.8627   3.268149    33.1595       4466     3.1007 0.0000e+00
    154.000     5.8876   3.271164    33.1685       4494     3.1205 0.0000e+00
    155.000     5.9233   3.275576    33.1826       4520     3.1382 0.0000e+00
    156.000     5.9545   3.279430    33.1949       4544     3.1547 0.0000e+00
    157.000     5.9863   3.283305    33.2067       4569     3.1724 0.0000e+00
    158.000     6.0412   3.289926    33.2266       4600     3.1940 0.0000e+00
    159.000     6.0515   3.291348    33.2320       4635     3.2184 0.0000e+00
    160.000     6.0552   3.291885    33.2339       4664     3.2382 0.0000e+00
    161.000     6.0689   3.293595    33.2391       4688     3.2548 0.0000e+00
    162.000     6.0681   3.293789    33.2416       5308     3.6858 0.0000e+00
    163.000     6.0579   3.292645    33.2383       5967     4.1428 0.0000e+00
    162.000     6.0631   3.293243    33.2403       5882     4.0838 0.0000e+00
    161.000     6.0608   3.292919    33.2394       5870     4.0755 0.0000e+00
    160.000     6.0579   3.292550    33.2387       5899     4.0962 0.0000e+00
    159.000     6.0542   3.292047    33.2371       5925     4.1136 0.0000e+00
    158.000     6.0426   3.290617    33.2330       5948     4.1299 0.0000e+00
    157.000     6.0112   3.286738    33.2207       5974     4.1480 0.0000e+00
    156.000     5.9549   3.280076    33.2016       6002     4.1675 0.0000e+00
    155.000     5.9072   3.274158    33.1825       6027     4.1849 0.0000e+00
    154.000     5.8962   3.272678    33.1771       6052     4.2018 0.0000e+00
    153.000     5.8853   3.271261    33.1723       6080     4.2218 0.0000e+00
    152.000     5.8720   3.269624    33.1675       6115     4.2456 0.0000e+00
    151.000     5.8588   3.267958    33.1622       6143     4.2654 0.0000e+00
    150.000     5.8527   3.267170    33.1598       6168     4.2828 0.0000e+00
    149.000     5.8476   3.266487    33.1576       6193     4.3002 0.0000e+00
    148.000     5.8429   3.265893    33.1560       6219     4.3178 0.0000e+00
    147.000     5.8332   3.264675    33.1524       6244     4.3357 0.0000e+00
    146.000     5.8247   3.263628    33.1493       6270     4.3535 0.0000e+00
    145.000     5.8087   3.261666    33.1434       6297     4.3725 0.0000e+00
    144.000     5.7932   3.259837    33.1386       6329     4.3944 0.0000e+00
    143.000     5.7707   3.257232    33.1318       6362     4.4176 0.0000e+00
    142.000     5.7434   3.253896    33.1214       6390     4.4369 0.0000e+00
    141.000     5.7328   3.252545    33.1170       6415     4.4541 0.0000e+00
    140.000     5.7248   3.251510    33.1138       6439     4.4706 0.0000e+00
    139.000     5.7218   3.251061    33.1120       6463     4.4877 0.0000e+00
    138.000     5.7209   3.250867    33.1113       6491     4.5067 0.0000e+00
    137.000     5.7232   3.251007    33.1111       6521     4.5280 0.0000e+00
    136.000     5.7250   3.251085    33.1107       6551     4.5486 0.0000e+00
    135.000     5.7229   3.250771    33.1098       6578     4.5675 0.0000e+00
    134.000     5.7212   3.250519    33.1091       6607     4.5876 0.0000e+00
    133.000     5.7180   3.250117    33.1082       6635     4.6069 0.0000e+00
    132.000     5.7157   3.249808    33.1074       6660     4.6244 0.0000e+00
    131.000     5.7148   3.249625    33.1068       6686     4.6424 0.0000e+00
    130.000     5.7145   3.249536    33.1065       6714     4.6619 0.0000e+00
    129.000     5.7168   3.249692    33.1066       6742     4.6812 0.0000e+00
    128.000     5.7209   3.250018    33.1067       6768     4.6993 0.0000e+00
    127.000     5.7218   3.250067    33.1068       6795     4.7178 0.0000e+00
    126.000     5.7221   3.250016    33.1065       6822     4.7368 0.0000e+00
    125.000     5.7284   3.250545    33.1068       6848     4.7547 0.0000e+00
    124.000     5.7413   3.251613    33.1067       6874     4.7732 0.0000e+00
    123.000     5.7423   3.251433    33.1041       6905     4.7942 0.0000e+00
    122.000     5.7244   3.249027    33.0950       6937     4.8164 0.0000e+00
    121.000     5.7057   3.246669    33.0873       6964     4.8354 0.0000e+00
    120.000     5.6799   3.243800    33.0806       6988     4.8523 0.0000e+00
    119.000     5.6307   3.238162    33.0657       7013     4.8694 0.0000e+00
    118.000     5.5944   3.233867    33.0532       7038     4.8871 0.0000e+00
