HB2502/ctd135.cnv
* Sea-Bird SBE 9 Data File:
* FileName = C:\cruise\data\ctd135.hex
* Software Version Seasave V 7.26.7.121
* Temperature SN = 6768
* Conductivity SN = 6166
* Number of Bytes Per Scan = 37
* Number of Voltage Words = 4
* Number of Scans Averaged by the Deck Unit = 1
* NMEA Latitude = 41 43.53 N
* NMEA Longitude = 069 49.28 W
* NMEA UTC (Time) = Apr 08 2025 21:39:38
* NMEA baud rate = 4800
** Ship: Bigelow HB2502
** Program:  Spring Bottom Trawl
** Chief Scientist:Jon Galbraith
# nquan = 7
# nvalues = 76                          
# units = specified
# name 0 = depSM: Depth [salt water, m]
# name 1 = t090C: Temperature [ITS-90, deg C]
# name 2 = c0S/m: Conductivity [S/m]
# name 3 = sal00: Salinity, Practical [PSU]
# name 4 = scan: Scan Count
# name 5 = timeM: Time, Elapsed [minutes]
# name 6 = flag: flag
# span 0 =      2.000,     40.000       
# span 1 =     5.0316,     5.1972       
# span 2 =   3.135353,   3.143198       
# span 3 =    32.4390,    32.5507       
# span 4 =       -112,       3388       
# span 5 =    -0.0786,     2.3521       
# span 6 = 0.0000e+00, 0.0000e+00       
# interval = meters: 1                  
# start_time = Apr 08 2025 21:39:38 [NMEA time, header]
# bad_flag = -9.990e-29
*END*
      3.000     5.1661   3.138488    32.4436       -112    -0.0786 0.0000e+00
      4.000     5.1887   3.140055    32.4390        359     0.2487 0.0000e+00
      5.000     5.1877   3.141537    32.4564        391     0.2707 0.0000e+00
      6.000     5.1894   3.141963    32.4592        413     0.2860 0.0000e+00
      7.000     5.1898   3.142239    32.4614        434     0.3008 0.0000e+00
      8.000     5.1942   3.142402    32.4585        462     0.3203 0.0000e+00
      9.000     5.1942   3.142362    32.4575        491     0.3405 0.0000e+00
     10.000     5.1950   3.142486    32.4577        521     0.3613 0.0000e+00
     11.000     5.1956   3.142802    32.4602        547     0.3793 0.0000e+00
     12.000     5.1963   3.142993    32.4612        572     0.3968 0.0000e+00
     13.000     5.1972   3.142800    32.4576        601     0.4166 0.0000e+00
     14.000     5.1972   3.142903    32.4583        635     0.4401 0.0000e+00
     15.000     5.1926   3.143198    32.4656        664     0.4603 0.0000e+00
     16.000     5.1817   3.142640    32.4694        687     0.4764 0.0000e+00
     17.000     5.1783   3.142611    32.4718        711     0.4933 0.0000e+00
     18.000     5.1817   3.142541    32.4671        743     0.5150 0.0000e+00
     19.000     5.1842   3.142655    32.4655        773     0.5364 0.0000e+00
     20.000     5.1855   3.142865    32.4662        799     0.5539 0.0000e+00
     21.000     5.1856   3.142895    32.4659        825     0.5726 0.0000e+00
     22.000     5.1805   3.142952    32.4710        854     0.5921 0.0000e+00
     23.000     5.1377   3.142776    32.5102        879     0.6097 0.0000e+00
     24.000     5.1060   3.142310    32.5353        906     0.6283 0.0000e+00
     25.000     5.1136   3.142892    32.5340        939     0.6512 0.0000e+00
     26.000     5.1018   3.142544    32.5410        970     0.6726 0.0000e+00
     27.000     5.0742   3.139081    32.5277        994     0.6894 0.0000e+00
     28.000     5.0681   3.137600    32.5161       1018     0.7060 0.0000e+00
     29.000     5.0698   3.139610    32.5370       1046     0.7254 0.0000e+00
     30.000     5.0665   3.139069    32.5335       1077     0.7469 0.0000e+00
     31.000     5.0605   3.137781    32.5242       1103     0.7655 0.0000e+00
     32.000     5.0580   3.137413    32.5218       1130     0.7842 0.0000e+00
     33.000     5.0547   3.137785    32.5289       1161     0.8055 0.0000e+00
     34.000     5.0513   3.136719    32.5194       1189     0.8248 0.0000e+00
     35.000     5.0483   3.136442    32.5187       1214     0.8421 0.0000e+00
     36.000     5.0430   3.136511    32.5241       1239     0.8600 0.0000e+00
     37.000     5.0402   3.136360    32.5246       1267     0.8791 0.0000e+00
     38.000     5.0361   3.136035    32.5244       1296     0.8990 0.0000e+00
     39.000     5.0316   3.137989    32.5507       1564     1.0856 0.0000e+00
     40.000     5.0379   3.136784    32.5302       2665     1.8499 0.0000e+00
     39.000     5.0509   3.137112    32.5218       2208     1.5326 0.0000e+00
     38.000     5.0656   3.136872    32.5052       2242     1.5562 0.0000e+00
     37.000     5.0592   3.136779    32.5108       2268     1.5745 0.0000e+00
     36.000     5.0771   3.136648    32.4924       2297     1.5942 0.0000e+00
     35.000     5.0746   3.136470    32.4934       2321     1.6112 0.0000e+00
     34.000     5.0645   3.136364    32.5025       2344     1.6272 0.0000e+00
     33.000     5.0644   3.136203    32.5012       2370     1.6453 0.0000e+00
     32.000     5.0700   3.136085    32.4950       2396     1.6631 0.0000e+00
     31.000     5.0716   3.135953    32.4923       2420     1.6797 0.0000e+00
     30.000     5.0700   3.135857    32.4933       2444     1.6967 0.0000e+00
     29.000     5.0648   3.135827    32.4986       2471     1.7151 0.0000e+00
     28.000     5.0677   3.135787    32.4958       2500     1.7352 0.0000e+00
     27.000     5.0735   3.135788    32.4906       2528     1.7546 0.0000e+00
     26.000     5.0775   3.135838    32.4878       2553     1.7723 0.0000e+00
     25.000     5.0825   3.135726    32.4822       2579     1.7900 0.0000e+00
     24.000     5.0848   3.135636    32.4794       2604     1.8075 0.0000e+00
     23.000     5.0871   3.135535    32.4765       2630     1.8255 0.0000e+00
     22.000     5.1099   3.135465    32.4540       2657     1.8447 0.0000e+00
     21.000     5.1221   3.135385    32.4417       2683     1.8626 0.0000e+00
     20.000     5.1236   3.135353    32.4404       2707     1.8792 0.0000e+00
     19.000     5.1142   3.135354    32.4500       2734     1.8978 0.0000e+00
     18.000     5.1266   3.135475    32.4399       2763     1.9181 0.0000e+00
     17.000     5.0917   3.135744    32.4775       2792     1.9385 0.0000e+00
     16.000     5.1170   3.135973    32.4560       2821     1.9586 0.0000e+00
     15.000     5.0876   3.136292    32.4888       2848     1.9769 0.0000e+00
     14.000     5.1025   3.136622    32.4785       2871     1.9931 0.0000e+00
     13.000     5.0974   3.137004    32.4884       2895     2.0100 0.0000e+00
     12.000     5.1159   3.137386    32.4752       2925     2.0304 0.0000e+00
     11.000     5.1263   3.137426    32.4660       2956     2.0524 0.0000e+00
     10.000     5.1087   3.137754    32.4875       2981     2.0694 0.0000e+00
      9.000     5.1128   3.138071    32.4876       3004     2.0857 0.0000e+00
      8.000     5.1214   3.138395    32.4835       3033     2.1057 0.0000e+00
      7.000     5.1406   3.138424    32.4656       3062     2.1254 0.0000e+00
      6.000     5.1296   3.138922    32.4825       3087     2.1431 0.0000e+00
      5.000     5.1406   3.139124    32.4746       3117     2.1638 0.0000e+00
      4.000     5.1460   3.139248    32.4713       3155     2.1900 0.0000e+00
      3.000     5.1624   3.138844    32.4512       3240     2.2491 0.0000e+00
      2.000     5.1650   3.138942    32.4503       3388     2.3521 0.0000e+00
