HB2502/ctd138.cnv
* Sea-Bird SBE 9 Data File:
* FileName = C:\cruise\data\ctd138.hex
* Software Version Seasave V 7.26.7.121
* Temperature SN = 6768
* Conductivity SN = 6166
* Number of Bytes Per Scan = 37
* Number of Voltage Words = 4
* Number of Scans Averaged by the Deck Unit = 1
* NMEA Latitude = 41 56.70 N
* NMEA Longitude = 069 56.50 W
* NMEA UTC (Time) = Apr 09 2025 21:34:03
* NMEA baud rate = 4800
** Ship: Bigelow HB2502
** Program:  Spring Bottom Trawl
** Chief Scientist:Jon Galbraith
# nquan = 7
# nvalues = 37                          
# units = specified
# name 0 = depSM: Depth [salt water, m]
# name 1 = t090C: Temperature [ITS-90, deg C]
# name 2 = c0S/m: Conductivity [S/m]
# name 3 = sal00: Salinity, Practical [PSU]
# name 4 = scan: Scan Count
# name 5 = timeM: Time, Elapsed [minutes]
# name 6 = flag: flag
# span 0 =      4.000,     22.000       
# span 1 =     4.9610,     5.1856       
# span 2 =   3.117281,   3.138062       
# span 3 =    32.3680,    32.4868       
# span 4 =        213,       2405       
# span 5 =     0.1473,     1.6694       
# span 6 = 0.0000e+00, 0.0000e+00       
# interval = meters: 1                  
# start_time = Apr 09 2025 21:34:03 [NMEA time, header]
# bad_flag = -9.990e-29
*END*
      4.000     5.0776   3.134788    32.4868        213     0.1473 0.0000e+00
      5.000     5.0623   3.125802    32.3981        354     0.2454 0.0000e+00
      6.000     5.0610   3.124544    32.3844        384     0.2660 0.0000e+00
      7.000     5.0241   3.122888    32.4008        413     0.2859 0.0000e+00
      8.000     5.0056   3.120608    32.3921        439     0.3044 0.0000e+00
      9.000     5.0022   3.120387    32.3924        466     0.3230 0.0000e+00
     10.000     4.9996   3.120025    32.3903        495     0.3428 0.0000e+00
     11.000     4.9977   3.119654    32.3873        524     0.3629 0.0000e+00
     12.000     4.9969   3.119277    32.3833        550     0.3814 0.0000e+00
     13.000     4.9921   3.119151    32.3860        576     0.3992 0.0000e+00
     14.000     4.9874   3.118914    32.3873        603     0.4183 0.0000e+00
     15.000     4.9813   3.118610    32.3893        632     0.4382 0.0000e+00
     16.000     4.9768   3.117991    32.3860        659     0.4569 0.0000e+00
     17.000     4.9751   3.117914    32.3863        685     0.4748 0.0000e+00
     18.000     4.9735   3.117874    32.3869        712     0.4935 0.0000e+00
     19.000     4.9722   3.118084    32.3901        741     0.5141 0.0000e+00
     20.000     4.9681   3.117771    32.3900        770     0.5343 0.0000e+00
     21.000     4.9617   3.117281    32.3900        797     0.5528 0.0000e+00
     22.000     4.9610   3.118588    32.4053        811     0.5625 0.0000e+00
     21.000     4.9635   3.122611    32.4496       1667     1.1571 0.0000e+00
     20.000     4.9742   3.120138    32.4112       1923     1.3345 0.0000e+00
     19.000     4.9886   3.119738    32.3931       1938     1.3450 0.0000e+00
     18.000     4.9995   3.119346    32.3785       1963     1.3627 0.0000e+00
     17.000     5.0016   3.119154    32.3748       1988     1.3798 0.0000e+00
     16.000     5.0134   3.119521    32.3680       2013     1.3973 0.0000e+00
     15.000     5.0123   3.119938    32.3744       2039     1.4155 0.0000e+00
     14.000     5.0113   3.120236    32.3792       2066     1.4341 0.0000e+00
     13.000     5.0152   3.120517    32.3792       2092     1.4520 0.0000e+00
     12.000     5.0233   3.123471    32.4057       2117     1.4696 0.0000e+00
     11.000     5.0287   3.126528    32.4361       2144     1.4879 0.0000e+00
     10.000     5.0549   3.128986    32.4393       2171     1.5068 0.0000e+00
      9.000     5.0937   3.131370    32.4294       2197     1.5249 0.0000e+00
      8.000     5.1168   3.131636    32.4105       2221     1.5417 0.0000e+00
      7.000     5.1309   3.131788    32.3991       2246     1.5589 0.0000e+00
      6.000     5.1557   3.133446    32.3944       2272     1.5774 0.0000e+00
      5.000     5.1856   3.138062    32.4188       2301     1.5969 0.0000e+00
      4.000     5.1420   3.136015    32.4382       2405     1.6694 0.0000e+00
