HB2502/ctd102.cnv
* Sea-Bird SBE 9 Data File:
* FileName = C:\cruise\data\ctd102.hex
* Software Version Seasave V 7.26.7.121
* Temperature SN = 6768
* Conductivity SN = 6166
* Number of Bytes Per Scan = 37
* Number of Voltage Words = 4
* Number of Scans Averaged by the Deck Unit = 1
* NMEA Latitude = 41 05.26 N
* NMEA Longitude = 071 32.61 W
* NMEA UTC (Time) = Mar 23 2025 04:47:35
* NMEA baud rate = 4800
** Ship: Bigelow HB2502
** Program:  Spring Bottom Trawl
** Chief Scientist:Jon Galbraith
# nquan = 7
# nvalues = 43                          
# units = specified
# name 0 = depSM: Depth [salt water, m]
# name 1 = t090C: Temperature [ITS-90, deg C]
# name 2 = c0S/m: Conductivity [S/m]
# name 3 = sal00: Salinity, Practical [PSU]
# name 4 = scan: Scan Count
# name 5 = timeM: Time, Elapsed [minutes]
# name 6 = flag: flag
# span 0 =      1.000,     23.000       
# span 1 =     5.6597,     5.8295       
# span 2 =   3.137963,   3.210041       
# span 3 =    31.9566,    32.6084       
# span 4 =        170,       2550       
# span 5 =     0.1175,     1.7703       
# span 6 = 0.0000e+00, 0.0000e+00       
# interval = meters: 1                  
# start_time = Mar 23 2025 04:47:35 [NMEA time, header]
# bad_flag = -9.990e-29
*END*
      3.000     5.6597   3.137963    31.9634        170     0.1175 0.0000e+00
      4.000     5.6697   3.139703    31.9730        332     0.2298 0.0000e+00
      5.000     5.6705   3.140220    31.9776        366     0.2531 0.0000e+00
      6.000     5.6716   3.140440    31.9785        392     0.2713 0.0000e+00
      7.000     5.6751   3.140859    31.9794        417     0.2890 0.0000e+00
      8.000     5.6763   3.141675    31.9870        445     0.3085 0.0000e+00
      9.000     5.6765   3.141704    31.9866        473     0.3275 0.0000e+00
     10.000     5.6811   3.141889    31.9839        499     0.3457 0.0000e+00
     11.000     5.6820   3.142359    31.9878        524     0.3631 0.0000e+00
     12.000     5.6837   3.143161    31.9948        550     0.3812 0.0000e+00
     13.000     5.6928   3.143527    31.9897        577     0.3999 0.0000e+00
     14.000     5.7476   3.145242    31.9566        610     0.4226 0.0000e+00
     15.000     5.7779   3.161737    32.1128        638     0.4425 0.0000e+00
     16.000     5.7970   3.175623    32.2502        659     0.4568 0.0000e+00
     17.000     5.8088   3.179569    32.2828        679     0.4710 0.0000e+00
     18.000     5.8105   3.167594    32.1461        711     0.4929 0.0000e+00
     19.000     5.8018   3.166381    32.1402        752     0.5218 0.0000e+00
     20.000     5.8295   3.191081    32.3909        777     0.5386 0.0000e+00
     21.000     5.8270   3.207226    32.5744        796     0.5519 0.0000e+00
     22.000     5.8241   3.210041    32.6084        818     0.5673 0.0000e+00
     23.000     5.8068   3.179923    32.2857       1134     0.7869 0.0000e+00
     22.000     5.8112   3.184053    32.3285       1582     1.0978 0.0000e+00
     21.000     5.8042   3.188088    32.3811       1561     1.0831 0.0000e+00
     20.000     5.7736   3.191453    32.4488       1584     1.0991 0.0000e+00
     19.000     5.7665   3.192799    32.4713       1604     1.1135 0.0000e+00
     18.000     5.7706   3.192530    32.4648       1626     1.1287 0.0000e+00
     17.000     5.7686   3.193140    32.4741       1651     1.1457 0.0000e+00
     16.000     5.7707   3.193329    32.4747       1678     1.1648 0.0000e+00
     15.000     5.7700   3.193832    32.4815       1707     1.1846 0.0000e+00
     14.000     5.7705   3.194088    32.4844       1734     1.2033 0.0000e+00
     13.000     5.7701   3.191475    32.4559       1758     1.2204 0.0000e+00
     12.000     5.7716   3.184690    32.3786       1783     1.2376 0.0000e+00
     11.000     5.7672   3.180914    32.3407       1811     1.2566 0.0000e+00
     10.000     5.7553   3.176136    32.2989       1842     1.2788 0.0000e+00
      9.000     5.7492   3.169337    32.2286       1873     1.3000 0.0000e+00
      8.000     5.7391   3.164268    32.1817       1897     1.3166 0.0000e+00
      7.000     5.7296   3.162829    32.1750       1919     1.3318 0.0000e+00
      6.000     5.7251   3.159052    32.1373       1942     1.3480 0.0000e+00
      5.000     5.7121   3.154263    32.0962       1978     1.3731 0.0000e+00
      4.000     5.7081   3.151847    32.0734       2011     1.3957 0.0000e+00
      3.000     5.7033   3.151798    32.0778       2028     1.4079 0.0000e+00
      2.000     5.6912   3.151598    32.0877       2303     1.5987 0.0000e+00
      1.000     5.6827   3.148026    32.0560       2550     1.7703 0.0000e+00
