HB2502/ctd201.cnv
* Sea-Bird SBE 9 Data File:
* FileName = C:\cruise\data\ctd201.hex
* Software Version Seasave V 7.26.7.121
* Temperature SN = 4591
* Conductivity SN = 6006
* Number of Bytes Per Scan = 37
* Number of Voltage Words = 4
* Number of Scans Averaged by the Deck Unit = 1
* NMEA Latitude = 43 11.31 N
* NMEA Longitude = 067 18.02 W
* NMEA UTC (Time) = May 10 2025 14:38:18
* NMEA baud rate = 4800
** Ship: Bigelow HB2502
** Program:  Spring Bottom Trawl
** Chief Scientist:Jon Galbraith
# nquan = 10
# nvalues = 405                         
# units = specified
# name 0 = depSM: Depth [salt water, m]
# name 1 = t090C: Temperature [ITS-90, deg C]
# name 2 = c0S/m: Conductivity [S/m]
# name 3 = sal00: Salinity, Practical [PSU]
# name 4 = scan: Scan Count
# name 5 = timeM: Time, Elapsed [minutes]
# name 6 = sbeox0Mg/L: Oxygen, SBE 43 [mg/l]
# name 7 = sbeox1Mg/L: Oxygen, SBE 43, 2 [mg/l]
# name 8 = par: PAR/Irradiance, Biospherical/Licor
# name 9 = flag: flag
# span 0 =      3.000,    205.000       
# span 1 =     5.4863,     7.3331       
# span 2 =   3.180910,   3.490484       
# span 3 =    32.1734,    34.1485       
# span 4 =       -440,      11898       
# span 5 =    -0.3065,     8.2615       
# span 6 =     6.2494,    10.4388       
# span 7 =     6.4164,    10.6503       
# span 8 = -1.931e-05, 2.5814e+02       
# span 9 = 0.0000e+00, 0.0000e+00       
# interval = meters: 1                  
# start_time = May 10 2025 14:38:18 [NMEA time, header]
# bad_flag = -9.990e-29
*END*
      3.000     7.2007   3.289264    32.1864       -440    -0.3065    10.4083    10.5625 1.7120e+02 0.0000e+00
      4.000     7.2035   3.289313    32.1839        746     0.5176    10.3286    10.5598 1.1853e+02 0.0000e+00
      5.000     7.2010   3.289280    32.1853        735     0.5095    10.3356    10.5753 1.0041e+02 0.0000e+00
      6.000     7.2020   3.289472    32.1861        757     0.5250    10.3411    10.5441 7.7181e+01 0.0000e+00
      7.000     7.1934   3.289129    32.1899        781     0.5416    10.3877    10.5637 5.9691e+01 0.0000e+00
      8.000     7.1676   3.287707    32.1980        805     0.5586    10.4227    10.6014 5.2907e+01 0.0000e+00
      9.000     7.1681   3.287600    32.1959        835     0.5791    10.3826    10.5962 4.4797e+01 0.0000e+00
     10.000     7.1775   3.288246    32.1937        865     0.5998    10.3631    10.5899 3.6892e+01 0.0000e+00
     11.000     7.1834   3.288770    32.1934        890     0.6173    10.3723    10.5921 3.0314e+01 0.0000e+00
     12.000     7.1765   3.288304    32.1943        913     0.6336    10.3810    10.5783 2.4602e+01 0.0000e+00
     13.000     7.1633   3.287867    32.2014        939     0.6511    10.3971    10.5807 2.0175e+01 0.0000e+00
     14.000     7.1219   3.285023    32.2087        968     0.6718    10.4194    10.6010 1.7255e+01 0.0000e+00
     15.000     7.1064   3.283968    32.2112       1001     0.6944    10.4207    10.5868 1.5181e+01 0.0000e+00
     16.000     7.0871   3.283132    32.2197       1027     0.7127    10.4388    10.5781 1.3122e+01 0.0000e+00
     17.000     7.0369   3.279742    32.2293       1049     0.7277    10.4268    10.5829 1.1174e+01 0.0000e+00
     18.000     6.9798   3.276082    32.2424       1071     0.7427    10.4089    10.5740 9.5058e+00 0.0000e+00
     19.000     6.8559   3.267051    32.2595       1097     0.7609    10.4077    10.5789 8.2067e+00 0.0000e+00
     20.000     6.7475   3.258294    32.2650       1127     0.7818    10.3980    10.5643 7.2670e+00 0.0000e+00
     21.000     6.6438   3.250986    32.2819       1154     0.8006    10.4063    10.5817 6.4806e+00 0.0000e+00
     22.000     6.4791   3.239231    32.3075       1179     0.8179    10.4230    10.5938 5.7351e+00 0.0000e+00
     23.000     6.3481   3.227793    32.3045       1209     0.8386    10.4154    10.5042 5.1216e+00 0.0000e+00
     24.000     6.3207   3.225301    32.3024       1242     0.8617    10.3006    10.3828 4.6412e+00 0.0000e+00
     25.000     6.2862   3.222556    32.3042       1269     0.8804    10.2298    10.3538 4.2662e+00 0.0000e+00
     26.000     6.2390   3.219429    32.3138       1290     0.8952    10.1938    10.3538 3.8910e+00 0.0000e+00
     27.000     6.1765   3.214352    32.3163       1311     0.9094    10.1791    10.3555 3.5546e+00 0.0000e+00
     28.000     6.0699   3.206507    32.3299       1335     0.9264    10.1811    10.3187 3.2210e+00 0.0000e+00
     29.000     5.9888   3.199804    32.3318       1368     0.9493    10.1231    10.2507 2.9213e+00 0.0000e+00
     30.000     5.9482   3.196903    32.3376       1401     0.9724    10.0379    10.1780 2.6335e+00 0.0000e+00
     31.000     5.9028   3.193959    32.3476       1426     0.9893    10.0110    10.1538 2.3851e+00 0.0000e+00
     32.000     5.8349   3.189872    32.3663       1446     1.0038     9.9749    10.1288 2.1440e+00 0.0000e+00
     33.000     5.7663   3.185335    32.3804       1470     1.0200     9.9491    10.0925 1.9337e+00 0.0000e+00
     34.000     5.7241   3.182368    32.3871       1503     1.0429     9.8787    10.0035 1.7817e+00 0.0000e+00
     35.000     5.7020   3.181981    32.4035       1538     1.0671     9.7940     9.9340 1.6874e+00 0.0000e+00
     36.000     5.6998   3.182906    32.4155       1564     1.0853     9.7406     9.8944 1.5448e+00 0.0000e+00
     37.000     5.6998   3.183869    32.4259       1586     1.1004     9.7086     9.8609 1.3934e+00 0.0000e+00
     38.000     5.6993   3.184620    32.4344       1606     1.1143     9.6678     9.8517 1.2721e+00 0.0000e+00
     39.000     5.6981   3.185122    32.4407       1626     1.1286     9.6456     9.8576 1.1395e+00 0.0000e+00
     40.000     5.6925   3.186311    32.4590       1656     1.1490     9.6485     9.8408 1.0316e+00 0.0000e+00
     41.000     5.6882   3.187163    32.4723       1701     1.1808     9.6463     9.8198 9.6784e-01 0.0000e+00
     42.000     5.6860   3.187457    32.4772       1729     1.1997     9.6281     9.8248 8.9950e-01 0.0000e+00
     43.000     5.6829   3.187622    32.4816       1747     1.2128     9.6144     9.8156 8.3609e-01 0.0000e+00
     44.000     5.6782   3.187871    32.4885       1766     1.2256     9.6147     9.8017 7.6851e-01 0.0000e+00
     45.000     5.6753   3.188057    32.4928       1788     1.2410     9.6266     9.7929 7.0145e-01 0.0000e+00
     46.000     5.6714   3.188281    32.4986       1819     1.2627     9.6069     9.7825 6.4483e-01 0.0000e+00
     47.000     5.6618   3.188857    32.5138       1854     1.2867     9.5982     9.7766 5.7998e-01 0.0000e+00
     48.000     5.6587   3.189006    32.5180       1880     1.3051     9.5867     9.7525 5.1874e-01 0.0000e+00
     49.000     5.6570   3.189417    32.5239       1903     1.3208     9.5686     9.7270 4.7449e-01 0.0000e+00
     50.000     5.6506   3.191012    32.5475       1927     1.3377     9.5144     9.7115 4.4696e-01 0.0000e+00
     51.000     5.6455   3.192715    32.5713       1955     1.3572     9.4907     9.6805 4.2231e-01 0.0000e+00
     52.000     5.6380   3.194129    32.5940       1983     1.3761     9.4747     9.6511 3.9595e-01 0.0000e+00
     53.000     5.6217   3.194452    32.6129       2006     1.3927     9.4244     9.6097 3.5521e-01 0.0000e+00
     54.000     5.6055   3.194669    32.6306       2030     1.4089     9.3563     9.5349 3.2611e-01 0.0000e+00
     55.000     5.5875   3.194241    32.6427       2057     1.4278     9.2978     9.4568 2.8779e-01 0.0000e+00
     56.000     5.5596   3.194132    32.6681       2092     1.4524     9.2289     9.3930 2.6368e-01 0.0000e+00
     57.000     5.5296   3.194296    32.6986       2126     1.4756     9.1823     9.3777 2.4821e-01 0.0000e+00
     58.000     5.4990   3.195891    32.7460       2149     1.4913     9.1641     9.3536 2.2954e-01 0.0000e+00
     59.000     5.5068   3.197864    32.7603       2167     1.5043     9.1329     9.3185 2.0674e-01 0.0000e+00
     60.000     5.5196   3.200691    32.7793       2185     1.5168     9.1042     9.2741 1.9230e-01 0.0000e+00
     61.000     5.5252   3.201935    32.7875       2206     1.5314     9.0588     9.2190 1.7574e-01 0.0000e+00
     62.000     5.5465   3.205380    32.8053       2237     1.5530     8.9800     9.1311 1.5646e-01 0.0000e+00
     63.000     5.5682   3.209231    32.8273       2276     1.5797     8.9229     9.0746 1.3187e-01 0.0000e+00
     64.000     5.5838   3.212000    32.8429       2309     1.6027     8.8943     9.0536 1.1738e-01 0.0000e+00
     65.000     5.5986   3.214560    32.8570       2337     1.6220     8.8542     9.0250 1.0310e-01 0.0000e+00
     66.000     5.6258   3.218660    32.8763       2360     1.6380     8.8207     9.0054 9.6087e-02 0.0000e+00
     67.000     5.7133   3.233703    32.9604       2380     1.6522     8.7771     8.9673 8.6406e-02 0.0000e+00
     68.000     5.7509   3.241930    33.0159       2400     1.6661     8.7489     8.9489 8.1438e-02 0.0000e+00
     69.000     5.7733   3.244544    33.0231       2421     1.6806     8.7295     8.9160 6.5135e-02 0.0000e+00
     70.000     5.8305   3.251617    33.0463       2445     1.6970     8.6263     8.7590 6.0324e-02 0.0000e+00
     71.000     5.8530   3.255015    33.0621       2476     1.7187     8.4523     8.6095 5.0093e-02 0.0000e+00
     72.000     5.8628   3.256523    33.0690       2524     1.7522     8.3714     8.5543 4.3138e-02 0.0000e+00
     73.000     5.8626   3.256618    33.0698       2559     1.7766     8.3575     8.5315 4.0013e-02 0.0000e+00
     74.000     5.8754   3.258033    33.0727       2579     1.7905     8.3504     8.5372 3.5337e-02 0.0000e+00
     75.000     5.9006   3.261631    33.0879       2595     1.8017     8.3335     8.5444 2.8071e-02 0.0000e+00
     76.000     5.9273   3.264541    33.0940       2610     1.8119     8.3357     8.5434 2.4342e-02 0.0000e+00
     77.000     5.9978   3.274148    33.1324       2626     1.8230     8.3325     8.5271 1.8129e-02 0.0000e+00
     78.000     6.0130   3.278432    33.1652       2651     1.8403     8.3380     8.5241 1.6318e-02 0.0000e+00
     79.000     6.0137   3.279495    33.1759       2693     1.8697     8.2837     8.4311 7.1854e-03 0.0000e+00
     80.000     6.0121   3.280140    33.1842       2727     1.8932     8.1626     8.3357 6.1688e-03 0.0000e+00
     81.000     6.0128   3.280684    33.1891       2754     1.9120     8.1436     8.3193 1.5926e-03 0.0000e+00
     82.000     6.0101   3.280684    33.1913       2783     1.9322     8.1297     8.2999 1.1163e-03 0.0000e+00
     83.000     6.0067   3.280627    33.1935       2812     1.9521     8.0957     8.2898 -1.931e-05 0.0000e+00
     84.000     6.0057   3.280685    33.1946       2835     1.9681     8.0940     8.2776 3.9758e-05 0.0000e+00
     85.000     6.0077   3.281080    33.1966       2855     1.9817     8.1034     8.2759 1.7101e-04 0.0000e+00
     86.000     6.0101   3.281555    33.1991       2874     1.9950     8.1087     8.2680 -3.066e-06 0.0000e+00
     87.000     6.0080   3.281639    33.2015       2895     2.0097     8.0970     8.2619 1.0000e-12 0.0000e+00
     88.000     6.0066   3.281639    33.2024       2923     2.0288     8.0900     8.2665 1.0000e-12 0.0000e+00
     89.000     6.0113   3.282594    33.2081       2957     2.0524     8.0771     8.2520 1.0000e-12 0.0000e+00
     90.000     6.0326   3.286413    33.2295       2986     2.0728     8.0417     8.2475 1.0000e-12 0.0000e+00
     91.000     6.0668   3.292090    33.2591       3014     2.0922     8.0413     8.2322 1.0000e-12 0.0000e+00
     92.000     6.0872   3.295145    33.2728       3050     2.1174     8.0077     8.1835 1.0000e-12 0.0000e+00
     93.000     6.0994   3.296866    33.2797       3081     2.1387     7.9417     8.0990 1.0000e-12 0.0000e+00
     94.000     6.1054   3.297588    33.2813       3100     2.1519     7.8981     8.0729 1.0000e-12 0.0000e+00
     95.000     6.1641   3.304123    33.2964       3116     2.1631     7.8684     8.0531 1.0000e-12 0.0000e+00
     96.000     6.2485   3.317377    33.3611       3132     2.1743     7.8365     8.0295 1.0000e-12 0.0000e+00
     97.000     6.2910   3.324753    33.4012       3154     2.1892     7.8216     8.0380 1.0000e-12 0.0000e+00
     98.000     6.3047   3.327452    33.4174       3196     2.2186     7.7582     7.9002 1.0000e-12 0.0000e+00
     99.000     6.3269   3.330492    33.4289       3233     2.2444     7.5785     7.7289 1.0000e-12 0.0000e+00
    100.000     6.3501   3.333790    33.4423       3255     2.2600     7.5373     7.7185 1.0000e-12 0.0000e+00
    101.000     6.3777   3.337800    33.4594       3277     2.2753     7.5326     7.7107 1.0000e-12 0.0000e+00
    102.000     6.3968   3.340955    33.4752       3305     2.2944     7.5389     7.7046 1.0000e-12 0.0000e+00
    103.000     6.3988   3.341457    33.4783       3334     2.3146     7.5146     7.6750 1.0000e-12 0.0000e+00
    104.000     6.4115   3.343125    33.4839       3356     2.3301     7.4694     7.6362 1.0000e-12 0.0000e+00
    105.000     6.4256   3.345185    33.4925       3376     2.3435     7.4466     7.6102 1.0000e-12 0.0000e+00
    106.000     6.4501   3.348624    33.5062       3396     2.3575     7.4390     7.6031 1.0000e-12 0.0000e+00
    107.000     6.4697   3.351767    33.5213       3423     2.3765     7.4280     7.6016 1.0000e-12 0.0000e+00
    108.000     6.4899   3.354921    33.5360       3469     2.4081     7.3801     7.5651 1.0000e-12 0.0000e+00
    109.000     6.5206   3.359138    33.5521       3502     2.4314     7.3506     7.5232 1.0000e-12 0.0000e+00
    110.000     6.5546   3.364106    33.5733       3525     2.4472     7.3237     7.5050 1.0000e-12 0.0000e+00
    111.000     6.5666   3.366018    33.5822       3545     2.4613     7.2967     7.4843 1.0000e-12 0.0000e+00
    112.000     6.5840   3.368419    33.5912       3566     2.4754     7.2718     7.4457 1.0000e-12 0.0000e+00
    113.000     6.6028   3.371191    33.6029       3587     2.4905     7.2515     7.4132 1.0000e-12 0.0000e+00
    114.000     6.6266   3.374762    33.6185       3611     2.5072     7.2178     7.3788 1.0000e-12 0.0000e+00
    115.000     6.6360   3.376296    33.6258       3640     2.5268     7.1827     7.3301 1.0000e-12 0.0000e+00
    116.000     6.6430   3.377502    33.6318       3675     2.5512     7.1458     7.2922 1.0000e-12 0.0000e+00
    117.000     6.6510   3.378735    33.6370       3712     2.5770     7.0933     7.2791 1.0000e-12 0.0000e+00
    118.000     6.6561   3.379553    33.6406       3739     2.5957     7.0891     7.2795 1.0000e-12 0.0000e+00
    119.000     6.6582   3.379857    33.6413       3759     2.6095     7.1068     7.2757 1.0000e-12 0.0000e+00
    120.000     6.6618   3.380467    33.6441       3776     2.6217     7.1115     7.2618 1.0000e-12 0.0000e+00
    121.000     6.6674   3.381088    33.6449       3794     2.6342     7.1030     7.2496 1.0000e-12 0.0000e+00
    122.000     6.7029   3.385988    33.6637       3819     2.6512     7.0825     7.2445 1.0000e-12 0.0000e+00
    123.000     6.7167   3.388158    33.6736       3858     2.6788     7.0800     7.2469 1.0000e-12 0.0000e+00
    124.000     6.7757   3.396077    33.7025       3897     2.7052     7.0376     7.2110 1.0000e-12 0.0000e+00
    125.000     6.8296   3.403544    33.7313       3925     2.7252     6.9868     7.1843 1.0000e-12 0.0000e+00
    126.000     6.8818   3.410429    33.7554       3949     2.7418     6.9517     7.1341 1.0000e-12 0.0000e+00
    127.000     6.9204   3.416398    33.7825       3970     2.7563     6.9293     7.0743 1.0000e-12 0.0000e+00
    128.000     6.9370   3.419244    33.7970       3989     2.7693     6.8967     7.0306 1.0000e-12 0.0000e+00
    129.000     6.9421   3.420581    33.8061       4007     2.7818     6.8550     6.9831 1.0000e-12 0.0000e+00
    130.000     6.9471   3.422375    33.8204       4029     2.7971     6.7684     6.9267 1.0000e-12 0.0000e+00
    131.000     6.9576   3.425369    33.8424       4073     2.8277     6.6938     6.8698 1.0000e-12 0.0000e+00
    132.000     6.9836   3.430155    33.8689       4115     2.8571     6.7084     6.8827 1.0000e-12 0.0000e+00
    133.000     6.9947   3.432107    33.8789       4136     2.8718     6.7072     6.8870 1.0000e-12 0.0000e+00
    134.000     7.0081   3.434259    33.8889       4155     2.8847     6.7000     6.8727 1.0000e-12 0.0000e+00
    135.000     7.0257   3.436981    33.9009       4174     2.8982     6.6781     6.8409 1.0000e-12 0.0000e+00
    136.000     7.0565   3.442298    33.9283       4198     2.9143     6.6465     6.8000 1.0000e-12 0.0000e+00
    137.000     7.0641   3.443823    33.9371       4226     2.9341     6.5979     6.7694 1.0000e-12 0.0000e+00
    138.000     7.0659   3.444224    33.9392       4259     2.9567     6.5562     6.7197 1.0000e-12 0.0000e+00
    139.000     7.0689   3.444696    33.9409       4293     2.9805     6.5239     6.6866 1.0000e-12 0.0000e+00
    140.000     7.0718   3.445173    33.9428       4321     2.9997     6.5345     6.6812 1.0000e-12 0.0000e+00
    141.000     7.0785   3.446028    33.9450       4341     3.0136     6.5408     6.6778 1.0000e-12 0.0000e+00
    142.000     7.0875   3.447313    33.9498       4358     3.0255     6.5285     6.6706 1.0000e-12 0.0000e+00
    143.000     7.0981   3.448932    33.9565       4376     3.0379     6.5084     6.6698 1.0000e-12 0.0000e+00
    144.000     7.1046   3.450310    33.9647       4411     3.0623     6.4881     6.6598 1.0000e-12 0.0000e+00
    145.000     7.1083   3.451122    33.9695       4470     3.1033     6.4576     6.6278 1.0000e-12 0.0000e+00
    146.000     7.1147   3.452223    33.9747       4489     3.1169     6.4580     6.6427 1.0000e-12 0.0000e+00
