HB2502/ctd213.cnv
* Sea-Bird SBE 9 Data File:
* FileName = C:\cruise\data\ctd213.hex
* Software Version Seasave V 7.26.7.121
* Temperature SN = 4591
* Conductivity SN = 6006
* Number of Bytes Per Scan = 37
* Number of Voltage Words = 4
* Number of Scans Averaged by the Deck Unit = 1
* NMEA Latitude = 43 31.24 N
* NMEA Longitude = 068 46.51 W
* NMEA UTC (Time) = May 13 2025 06:06:10
* NMEA baud rate = 4800
** Ship: Bigelow HB2502
** Program:  Spring Bottom Trawl
** Chief Scientist:Jon Galbraith
# nquan = 10
# nvalues = 238                         
# units = specified
# name 0 = depSM: Depth [salt water, m]
# name 1 = t090C: Temperature [ITS-90, deg C]
# name 2 = c0S/m: Conductivity [S/m]
# name 3 = sal00: Salinity, Practical [PSU]
# name 4 = scan: Scan Count
# name 5 = timeM: Time, Elapsed [minutes]
# name 6 = sbeox0Mg/L: Oxygen, SBE 43 [mg/l]
# name 7 = sbeox1Mg/L: Oxygen, SBE 43, 2 [mg/l]
# name 8 = par: PAR/Irradiance, Biospherical/Licor
# name 9 = flag: flag
# span 0 =      2.000,    121.000       
# span 1 =     4.9271,     6.1102       
# span 2 =   3.103385,   3.195203       
# span 3 =    32.1286,    32.7613       
# span 4 =       -230,       8124       
# span 5 =    -0.1605,     5.6410       
# span 6 =     8.5574,    10.1867       
# span 7 =     8.7896,    10.3134       
# span 8 = -2.889e-07, 2.0515e+01       
# span 9 = 0.0000e+00, 0.0000e+00       
# interval = meters: 1                  
# start_time = May 13 2025 06:06:10 [NMEA time, header]
# bad_flag = -9.990e-29
*END*
[from data line 145]
     95.000     5.0832   3.142749    32.5267       5652     3.9245     9.0576     9.2805 1.0000e-12 0.0000e+00
     94.000     5.0824   3.142521    32.5253       5678     3.9424     9.0746     9.2800 1.0000e-12 0.0000e+00
     93.000     5.0808   3.142151    32.5232       5702     3.9591     9.1058     9.2806 1.0000e-12 0.0000e+00
     92.000     5.0799   3.141898    32.5217       5726     3.9754     9.1006     9.2847 1.0000e-12 0.0000e+00
     91.000     5.0792   3.141704    32.5206       5751     3.9932     9.0863     9.2773 1.0000e-12 0.0000e+00
     90.000     5.0775   3.141246    32.5175       5782     4.0145     9.0916     9.2803 1.0000e-12 0.0000e+00
     89.000     5.0770   3.141052    32.5163       5811     4.0347     9.1004     9.2893 1.0000e-12 0.0000e+00
     88.000     5.0777   3.141133    32.5171       5834     4.0508     9.0837     9.2869 1.0000e-12 0.0000e+00
     87.000     5.0763   3.140764    32.5147       5856     4.0656     9.0732     9.2883 1.0000e-12 0.0000e+00
     86.000     5.0755   3.140527    32.5132       5878     4.0816     9.0794     9.3036 1.0000e-12 0.0000e+00
     85.000     5.0744   3.140169    32.5107       5907     4.1011     9.0848     9.3115 1.0000e-12 0.0000e+00
     84.000     5.0732   3.139759    32.5077       5939     4.1236     9.0790     9.3069 1.0000e-12 0.0000e+00
     83.000     5.0725   3.139544    32.5064       5966     4.1427     9.0840     9.2950 1.0000e-12 0.0000e+00
     82.000     5.0712   3.139191    32.5042       5989     4.1582     9.0787     9.2965 1.0000e-12 0.0000e+00
     81.000     5.0691   3.138692    32.5009       6010     4.1729     9.0837     9.3092 1.0000e-12 0.0000e+00
     80.000     5.0677   3.138339    32.4988       6033     4.1892     9.0902     9.3142 1.0000e-12 0.0000e+00
     79.000     5.0643   3.137601    32.4942       6062     4.2094     9.1001     9.3170 1.0000e-12 0.0000e+00
     78.000     5.0595   3.136527    32.4870       6092     4.2296     9.1245     9.3220 1.0000e-12 0.0000e+00
     77.000     5.0575   3.136060    32.4841       6117     4.2470     9.1281     9.3279 1.0000e-12 0.0000e+00
     76.000     5.0532   3.135190    32.4788       6141     4.2638     9.1291     9.3301 1.0000e-12 0.0000e+00
     75.000     5.0453   3.133462    32.4672       6168     4.2825     9.1416     9.3459 1.0000e-12 0.0000e+00
     74.000     5.0417   3.132580    32.4611       6197     4.3027     9.1538     9.3377 1.0000e-12 0.0000e+00
     73.000     5.0387   3.131825    32.4558       6223     4.3209     9.1386     9.3469 1.0000e-12 0.0000e+00
     72.000     5.0370   3.131359    32.4527       6246     4.3371     9.1194     9.3612 1.0000e-12 0.0000e+00
     71.000     5.0357   3.131048    32.4509       6268     4.3523     9.1479     9.3689 1.0000e-12 0.0000e+00
     70.000     5.0322   3.130289    32.4461       6291     4.3684     9.1676     9.3771 1.0000e-12 0.0000e+00
     69.000     5.0272   3.129076    32.4375       6317     4.3863     9.1532     9.3742 1.0000e-12 0.0000e+00
     68.000     5.0253   3.128589    32.4343       6345     4.4055     9.1479     9.3840 1.0000e-12 0.0000e+00
     67.000     5.0213   3.127679    32.4283       6375     4.4261     9.1748     9.3969 1.0000e-12 0.0000e+00
     66.000     5.0157   3.126336    32.4188       6404     4.4468     9.1906     9.3956 1.0000e-12 0.0000e+00
     65.000     5.0136   3.125761    32.4147       6429     4.4640     9.1672     9.4017 1.0000e-12 0.0000e+00
     64.000     5.0118   3.125313    32.4119       6451     4.4791     9.1639     9.3989 1.0000e-12 0.0000e+00
     63.000     5.0102   3.124989    32.4102       6472     4.4940     9.1726     9.3977 1.0000e-12 0.0000e+00
     62.000     5.0085   3.124593    32.4078       6497     4.5110     9.2013     9.3921 1.0000e-12 0.0000e+00
     61.000     5.0067   3.124183    32.4053       6528     4.5326     9.2124     9.4084 1.0000e-12 0.0000e+00
     60.000     5.0032   3.123423    32.4006       6560     4.5551     9.2168     9.4339 1.0000e-12 0.0000e+00
     59.000     5.0005   3.122750    32.3959       6585     4.5719     9.2150     9.4404 1.0000e-12 0.0000e+00
     58.000     4.9966   3.121868    32.3901       6605     4.5860     9.2238     9.4337 1.0000e-12 0.0000e+00
     57.000     4.9946   3.121400    32.3871       6625     4.6003     9.2264     9.4329 1.0000e-12 0.0000e+00
     56.000     4.9940   3.121200    32.3859       6651     4.6183     9.2235     9.4358 1.0000e-12 0.0000e+00
     55.000     4.9937   3.121091    32.3855       6686     4.6425     9.2293     9.4507 1.0000e-12 0.0000e+00
     54.000     4.9924   3.120755    32.3834       6716     4.6629     9.2124     9.4429 1.0000e-12 0.0000e+00
     53.000     4.9897   3.120114    32.3792       6737     4.6777     9.2204     9.4381 1.0000e-12 0.0000e+00
     52.000     4.9876   3.119652    32.3764       6757     4.6917     9.2380     9.4409 1.0000e-12 0.0000e+00
     51.000     4.9836   3.118779    32.3708       6782     4.7089     9.2464     9.4416 1.0000e-12 0.0000e+00
     50.000     4.9790   3.117740    32.3639       6815     4.7322     9.2446     9.4487 1.0000e-12 0.0000e+00
     49.000     4.9753   3.116956    32.3590       6845     4.7530     9.2249     9.4553 1.0000e-12 0.0000e+00
     48.000     4.9705   3.116067    32.3539       6868     4.7690     9.2218     9.4741 1.0000e-12 0.0000e+00
     47.000     4.9665   3.114940    32.3453       6890     4.7841     9.2492     9.4660 1.0000e-12 0.0000e+00
     46.000     4.9604   3.113696    32.3375       6915     4.8012     9.2701     9.4575 1.0000e-12 0.0000e+00
     45.000     4.9436   3.109788    32.3094       6943     4.8207     9.2839     9.4919 1.0000e-12 0.0000e+00
     44.000     4.9314   3.106942    32.2890       6971     4.8401     9.2864     9.5064 1.0000e-12 0.0000e+00
     43.000     4.9271   3.105272    32.2745       6997     4.8581     9.3148     9.5053 1.0000e-12 0.0000e+00
     42.000     4.9321   3.104608    32.2625       7021     4.8753     9.3092     9.5331 1.0000e-12 0.0000e+00
     41.000     4.9375   3.104181    32.2528       7047     4.8929     9.3184     9.5613 1.0000e-12 0.0000e+00
     40.000     4.9408   3.103933    32.2473       7074     4.9121     9.3481     9.5970 1.0000e-12 0.0000e+00
     39.000     4.9428   3.103603    32.2421       7102     4.9313     9.3837     9.6068 1.0000e-12 0.0000e+00
     38.000     4.9457   3.103385    32.2373       7127     4.9483     9.3975     9.6112 1.0000e-12 0.0000e+00
     37.000     4.9500   3.103464    32.2345       7150     4.9647     9.4043     9.6139 1.0000e-12 0.0000e+00
     36.000     4.9560   3.103786    32.2329       7176     4.9825     9.4029     9.6117 1.0000e-12 0.0000e+00
     35.000     4.9586   3.103923    32.2324       7205     5.0025     9.4112     9.6150 1.0000e-12 0.0000e+00
     34.000     4.9652   3.104307    32.2310       7234     5.0232     9.4269     9.6113 1.0000e-12 0.0000e+00
     33.000     4.9707   3.104605    32.2296       7261     5.0413     9.4357     9.6289 1.0000e-12 0.0000e+00
     32.000     4.9809   3.105160    32.2266       7283     5.0572     9.4314     9.6392 1.0000e-12 0.0000e+00
     31.000     4.9948   3.106156    32.2251       7307     5.0737     9.4247     9.6395 1.0000e-12 0.0000e+00
     30.000     5.0013   3.106344    32.2214       7333     5.0917     9.4266     9.6485 4.7451e-04 0.0000e+00
     29.000     5.0266   3.107330    32.2087       7359     5.1101     9.4093     9.6376 2.2488e-04 0.0000e+00
     28.000     5.0832   3.111265    32.1996       7386     5.1286     9.4398     9.6406 3.8425e-03 0.0000e+00
     27.000     5.1809   3.118166    32.1849       7414     5.1481     9.4699     9.6786 1.0260e-02 0.0000e+00
     26.000     5.2662   3.124594    32.1765       7441     5.1664     9.4816     9.7219 2.0389e-02 0.0000e+00
     25.000     5.2680   3.124491    32.1742       7464     5.1829     9.5130     9.7716 3.0542e-02 0.0000e+00
     24.000     5.2593   3.123387    32.1704       7488     5.1994     9.5673     9.8148 4.3237e-02 0.0000e+00
     23.000     5.2481   3.122092    32.1670       7515     5.2181     9.6158     9.8274 6.2918e-02 0.0000e+00
     22.000     5.2484   3.121907    32.1651       7545     5.2389     9.6276     9.8236 8.2856e-02 0.0000e+00
     21.000     5.2549   3.122225    32.1630       7573     5.2580     9.6292     9.8135 1.1414e-01 0.0000e+00
     20.000     5.2702   3.123167    32.1595       7596     5.2740     9.6336     9.8209 1.4064e-01 0.0000e+00
     19.000     5.3357   3.128097    32.1531       7617     5.2889     9.6115     9.8228 1.8546e-01 0.0000e+00
     18.000     5.3802   3.131309    32.1474       7640     5.3048     9.5964     9.8359 2.3760e-01 0.0000e+00
     17.000     5.7366   3.161185    32.1449       7670     5.3257     9.5457     9.8149 3.1778e-01 0.0000e+00
     16.000     5.9297   3.179082    32.1625       7705     5.3501     9.6380     9.9993 3.9895e-01 0.0000e+00
     15.000     6.0870   3.192046    32.1585       7730     5.3674     9.7653    10.0902 4.9621e-01 0.0000e+00
     14.000     6.0578   3.188850    32.1510       7750     5.3814     9.9035    10.2255 6.6210e-01 0.0000e+00
     13.000     6.0239   3.185115    32.1420       7770     5.3951    10.0087    10.2959 8.4882e-01 0.0000e+00
     12.000     6.0071   3.183382    32.1390       7794     5.4120    10.0317    10.2727 1.1467e+00 0.0000e+00
     11.000     5.9981   3.182569    32.1389       7830     5.4366    10.0414    10.1989 1.5314e+00 0.0000e+00
     10.000     5.9860   3.181437    32.1383       7861     5.4585    10.0160    10.1692 1.9597e+00 0.0000e+00
      9.000     5.9769   3.180506    32.1370       7883     5.4739     9.9836    10.1662 2.6045e+00 0.0000e+00
      8.000     5.9507   3.178024    32.1346       7903     5.4877     9.9647    10.1687 3.4403e+00 0.0000e+00
      7.000     5.9296   3.175847    32.1308       7926     5.5036     9.9570    10.1630 4.6058e+00 0.0000e+00
      6.000     5.9168   3.174529    32.1286       7964     5.5300     9.9222    10.1385 6.2192e+00 0.0000e+00
      5.000     5.9281   3.175573    32.1301       8003     5.5568     9.9016    10.1036 7.8760e+00 0.0000e+00
      4.000     5.9266   3.175430    32.1304       8028     5.5746     9.8948    10.1182 1.0049e+01 0.0000e+00
      3.000     5.9159   3.174439    32.1299       8124     5.6410     9.9434    10.1266 1.4756e+01 0.0000e+00
