HB2502/ctd217.cnv
* Sea-Bird SBE 9 Data File:
* FileName = C:\cruise\data\ctd217.hex
* Software Version Seasave V 7.26.7.121
* Temperature SN = 4591
* Conductivity SN = 6006
* Number of Bytes Per Scan = 37
* Number of Voltage Words = 4
* Number of Scans Averaged by the Deck Unit = 1
* NMEA Latitude = 43 15.39 N
* NMEA Longitude = 069 19.72 W
* NMEA UTC (Time) = May 14 2025 17:29:21
* NMEA baud rate = 4800
** Ship: Bigelow HB2502
** Program:  Spring Bottom Trawl
** Chief Scientist:Jon Galbraith
# nquan = 10
# nvalues = 331                         
# units = specified
# name 0 = depSM: Depth [salt water, m]
# name 1 = t090C: Temperature [ITS-90, deg C]
# name 2 = c0S/m: Conductivity [S/m]
# name 3 = sal00: Salinity, Practical [PSU]
# name 4 = scan: Scan Count
# name 5 = timeM: Time, Elapsed [minutes]
# name 6 = sbeox0Mg/L: Oxygen, SBE 43 [mg/l]
# name 7 = sbeox1Mg/L: Oxygen, SBE 43, 2 [mg/l]
# name 8 = par: PAR/Irradiance, Biospherical/Licor
# name 9 = flag: flag
# span 0 =      1.000,    167.000       
# span 1 =     4.6094,     9.5153       
# span 2 =   3.111683,   3.481552       
# span 3 =    32.0975,    33.1161       
# span 4 =         96,       9926       
# span 5 =     0.0661,     6.8923       
# span 6 =     7.5786,    11.0465       
# span 7 =     7.7705,    11.3249       
# span 8 = 1.0000e-12, 7.2793e+02       
# span 9 = 0.0000e+00, 0.0000e+00       
# interval = meters: 1                  
# start_time = May 14 2025 17:29:21 [NMEA time, header]
# bad_flag = -9.990e-29
*END*
[from data line 145]
    148.000     5.2258   3.194465    32.9522       4063     2.8207     8.0181     8.2142 1.0000e-12 0.0000e+00
    149.000     5.2375   3.195694    32.9542       4090     2.8398     8.0216     8.2081 1.0000e-12 0.0000e+00
    150.000     5.2524   3.197661    32.9615       4116     2.8580     8.0260     8.2025 1.0000e-12 0.0000e+00
    151.000     5.2551   3.198033    32.9626       4142     2.8755     8.0258     8.2036 1.0000e-12 0.0000e+00
    152.000     5.2682   3.199668    32.9678       4167     2.8930     8.0039     8.1778 1.0000e-12 0.0000e+00
    153.000     5.2748   3.200569    32.9711       4192     2.9108     7.9922     8.1576 1.0000e-12 0.0000e+00
    154.000     5.2826   3.201555    32.9742       4220     2.9299     7.9755     8.1546 1.0000e-12 0.0000e+00
    155.000     5.2946   3.202943    32.9777       4249     2.9502     7.9458     8.1302 1.0000e-12 0.0000e+00
    156.000     5.3180   3.205663    32.9852       4278     2.9699     7.9215     8.1168 1.0000e-12 0.0000e+00
    157.000     5.3344   3.207825    32.9932       4304     2.9884     7.9091     8.1046 1.0000e-12 0.0000e+00
    158.000     5.3348   3.208042    32.9948       4330     3.0061     7.9077     8.0904 1.0000e-12 0.0000e+00
    159.000     5.3484   3.209463    32.9971       4356     3.0241     7.8930     8.0668 1.0000e-12 0.0000e+00
    160.000     5.4035   3.215590    33.0122       4382     3.0426     7.8594     8.0532 1.0000e-12 0.0000e+00
    161.000     5.4588   3.222687    33.0380       4411     3.0625     7.8629     8.0581 1.0000e-12 0.0000e+00
    162.000     5.4881   3.226491    33.0519       4440     3.0829     7.8441     8.0324 1.0000e-12 0.0000e+00
    163.000     5.5441   3.233110    33.0714       4469     3.1025     7.7852     7.9661 1.0000e-12 0.0000e+00
    164.000     5.5807   3.237927    33.0896       4495     3.1211     7.7495     7.9186 1.0000e-12 0.0000e+00
    165.000     5.5957   3.240141    33.0994       4521     3.1389     7.7197     7.8867 1.0000e-12 0.0000e+00
    166.000     5.5980   3.240590    33.1017       4547     3.1568     7.6917     7.8490 1.0000e-12 0.0000e+00
    167.000     5.5982   3.240966    33.1053       4644     3.2241     7.5867     7.7705 1.0000e-12 0.0000e+00
    166.000     5.6092   3.242837    33.1161       6114     4.2453     7.5786     7.7919 1.0000e-12 0.0000e+00
    165.000     5.5977   3.241073    33.1080       5435     3.7739     7.6146     7.7802 1.0000e-12 0.0000e+00
    164.000     5.5878   3.239871    33.1046       5462     3.7926     7.6137     7.7799 1.0000e-12 0.0000e+00
    163.000     5.5610   3.236601    33.0944       5490     3.8119     7.6141     7.7952 1.0000e-12 0.0000e+00
    162.000     5.5227   3.232062    33.0811       5517     3.8303     7.6054     7.8103 1.0000e-12 0.0000e+00
    161.000     5.4772   3.226419    33.0623       5542     3.8480     7.6120     7.8287 1.0000e-12 0.0000e+00
    160.000     5.4395   3.221674    33.0459       5567     3.8649     7.6355     7.8530 1.0000e-12 0.0000e+00
    159.000     5.4124   3.218334    33.0351       5591     3.8819     7.6841     7.8865 1.0000e-12 0.0000e+00
    158.000     5.3690   3.213060    33.0183       5616     3.8996     7.7385     7.9530 1.0000e-12 0.0000e+00
    157.000     5.3423   3.209706    33.0068       5643     3.9183     7.8010     7.9991 1.0000e-12 0.0000e+00
    156.000     5.3281   3.207805    32.9997       5671     3.9375     7.8363     8.0256 1.0000e-12 0.0000e+00
    155.000     5.3248   3.207290    32.9975       5698     3.9564     7.8711     8.0712 1.0000e-12 0.0000e+00
    154.000     5.3094   3.205471    32.9925       5725     3.9747     7.9114     8.0908 1.0000e-12 0.0000e+00
    153.000     5.2967   3.203852    32.9870       5750     3.9923     7.9231     8.0888 1.0000e-12 0.0000e+00
    152.000     5.2869   3.202612    32.9830       5775     4.0097     7.9068     8.0748 1.0000e-12 0.0000e+00
    151.000     5.2786   3.201525    32.9793       5801     4.0281     7.9027     8.0795 1.0000e-12 0.0000e+00
    150.000     5.2734   3.200820    32.9769       5829     4.0472     7.9066     8.0939 1.0000e-12 0.0000e+00
    149.000     5.2696   3.200286    32.9750       5857     4.0663     7.9361     8.1046 1.0000e-12 0.0000e+00
    148.000     5.2684   3.200060    32.9741       5882     4.0843     7.9515     8.1142 1.0000e-12 0.0000e+00
    147.000     5.2660   3.199735    32.9732       5907     4.1011     7.9277     8.1314 1.0000e-12 0.0000e+00
    146.000     5.2567   3.198581    32.9697       5930     4.1175     7.9039     8.1436 1.0000e-12 0.0000e+00
    145.000     5.2425   3.196858    32.9645       5954     4.1339     7.9030     8.1452 1.0000e-12 0.0000e+00
    144.000     5.2329   3.195564    32.9597       5979     4.1515     7.9245     8.1518 1.0000e-12 0.0000e+00
    143.000     5.2322   3.195391    32.9589       6007     4.1706     7.9580     8.1719 1.0000e-12 0.0000e+00
    142.000     5.2279   3.194809    32.9570       6035     4.1902     7.9868     8.1977 1.0000e-12 0.0000e+00
    141.000     5.2155   3.193343    32.9529       6062     4.2090     8.0060     8.2121 1.0000e-12 0.0000e+00
    140.000     5.2116   3.192804    32.9512       6088     4.2269     8.0142     8.2083 1.0000e-12 0.0000e+00
    139.000     5.2058   3.192088    32.9493       6113     4.2447     8.0257     8.2066 1.0000e-12 0.0000e+00
    138.000     5.1990   3.191263    32.9469       6139     4.2623     8.0219     8.2214 1.0000e-12 0.0000e+00
    137.000     5.1873   3.189824    32.9425       6164     4.2798     8.0466     8.2391 1.0000e-12 0.0000e+00
    136.000     5.1759   3.188348    32.9374       6190     4.2976     8.0468     8.2414 1.0000e-12 0.0000e+00
    135.000     5.1706   3.187544    32.9340       6216     4.3157     8.0443     8.2491 1.0000e-12 0.0000e+00
    134.000     5.1685   3.187152    32.9320       6242     4.3338     8.0545     8.2763 1.0000e-12 0.0000e+00
    133.000     5.1418   3.184043    32.9232       6268     4.3520     8.0838     8.3075 1.0000e-12 0.0000e+00
    132.000     5.1261   3.182063    32.9165       6293     4.3697     8.1260     8.2989 1.0000e-12 0.0000e+00
    131.000     5.1236   3.181699    32.9153       6319     4.3872     8.1438     8.3079 1.0000e-12 0.0000e+00
    130.000     5.1194   3.181159    32.9138       6345     4.4052     8.1565     8.3660 1.0000e-12 0.0000e+00
    129.000     5.1073   3.179814    32.9107       6371     4.4237     8.1793     8.3949 1.0000e-12 0.0000e+00
    128.000     5.0807   3.176709    32.9019       6399     4.4427     8.1918     8.3905 1.0000e-12 0.0000e+00
    127.000     5.0327   3.170745    32.8812       6426     4.4615     8.2034     8.3968 1.0000e-12 0.0000e+00
    126.000     5.0253   3.169618    32.8760       6452     4.4797     8.2095     8.4248 1.0000e-12 0.0000e+00
    125.000     5.0239   3.169307    32.8744       6477     4.4974     8.2577     8.4866 1.0000e-12 0.0000e+00
    124.000     5.0230   3.168834    32.8703       6503     4.5149     8.3239     8.5605 1.0000e-12 0.0000e+00
    123.000     5.0321   3.169103    32.8649       6528     4.5326     8.3441     8.5825 1.0000e-12 0.0000e+00
    122.000     5.0328   3.168913    32.8625       6553     4.5502     8.3573     8.5822 1.0000e-12 0.0000e+00
    121.000     5.0110   3.165974    32.8508       6579     4.5680     8.3718     8.5739 1.0000e-12 0.0000e+00
    120.000     4.9981   3.164336    32.8452       6605     4.5862     8.3757     8.5704 1.0000e-12 0.0000e+00
    119.000     4.9911   3.162925    32.8364       6632     4.6050     8.3724     8.5859 1.0000e-12 0.0000e+00
    118.000     4.9842   3.161798    32.8307       6659     4.6238     8.4156     8.6154 1.0000e-12 0.0000e+00
    117.000     4.9823   3.161497    32.8296       6686     4.6424     8.4589     8.6389 1.0000e-12 0.0000e+00
    116.000     4.9784   3.160962    32.8279       6712     4.6602     8.4697     8.6540 1.0000e-12 0.0000e+00
    115.000     4.9733   3.160103    32.8235       6737     4.6776     8.4819     8.6591 1.0000e-12 0.0000e+00
    114.000     4.9418   3.156374    32.8122       6762     4.6952     8.4890     8.6779 1.0000e-12 0.0000e+00
    113.000     4.9399   3.155986    32.8100       6788     4.7133     8.4821     8.6806 1.0000e-12 0.0000e+00
    112.000     4.9346   3.155377    32.8088       6815     4.7320     8.5012     8.7053 1.0000e-12 0.0000e+00
    111.000     4.9279   3.154563    32.8065       6842     4.7509     8.5286     8.7560 1.0000e-12 0.0000e+00
    110.000     4.9295   3.154634    32.8063       6869     4.7692     8.5463     8.7481 1.0000e-12 0.0000e+00
    109.000     4.9281   3.154482    32.8064       6894     4.7865     8.5436     8.7444 1.0000e-12 0.0000e+00
    108.000     4.9271   3.154339    32.8062       6918     4.8035     8.5629     8.7562 1.0000e-12 0.0000e+00
    107.000     4.9290   3.154508    32.8068       6943     4.8208     8.5798     8.7687 1.0000e-12 0.0000e+00
    106.000     4.9107   3.152627    32.8037       6969     4.8388     8.5820     8.7830 1.0000e-12 0.0000e+00
    105.000     4.9091   3.152372    32.8028       6996     4.8576     8.5631     8.7682 1.0000e-12 0.0000e+00
    104.000     4.9085   3.152248    32.8025       7024     4.8770     8.5680     8.7704 1.0000e-12 0.0000e+00
    103.000     4.9073   3.152068    32.8021       7052     4.8968     8.5948     8.7809 1.0000e-12 0.0000e+00
    102.000     4.9064   3.151912    32.8017       7079     4.9155     8.6171     8.7931 1.0000e-12 0.0000e+00
    101.000     4.9060   3.151818    32.8015       7104     4.9327     8.6220     8.7993 1.0000e-12 0.0000e+00
    100.000     4.9051   3.151663    32.8012       7128     4.9494     8.6034     8.7917 1.0000e-12 0.0000e+00
     99.000     4.9044   3.151553    32.8011       7153     4.9664     8.5919     8.7913 1.0000e-12 0.0000e+00
     98.000     4.9062   3.151680    32.8013       7178     4.9838     8.5852     8.7862 1.0000e-12 0.0000e+00
     97.000     4.9067   3.151691    32.8014       7204     5.0022     8.5868     8.7898 1.0000e-12 0.0000e+00
     96.000     4.9058   3.151547    32.8011       7231     5.0211     8.5900     8.7938 1.0000e-12 0.0000e+00
     95.000     4.9049   3.151409    32.8009       7259     5.0401     8.5906     8.7857 1.5281e-05 0.0000e+00
     94.000     4.9026   3.151085    32.8001       7285     5.0584     8.5841     8.7754 1.6819e-03 0.0000e+00
     93.000     4.8987   3.150608    32.7988       7311     5.0762     8.5834     8.7710 2.2182e-03 0.0000e+00
     92.000     4.8986   3.150541    32.7987       7336     5.0939     8.5841     8.7857 9.9963e-03 0.0000e+00
     91.000     4.8988   3.150519    32.7988       7363     5.1122     8.5838     8.7910 1.3834e-02 0.0000e+00
     90.000     4.8987   3.150448    32.7985       7389     5.1307     8.5820     8.8081 1.8218e-02 0.0000e+00
     89.000     4.8985   3.150349    32.7981       7416     5.1496     8.5969     8.8026 2.0151e-02 0.0000e+00
     88.000     4.8990   3.150290    32.7975       7443     5.1683     8.6059     8.7993 2.9730e-02 0.0000e+00
     87.000     4.9003   3.150360    32.7975       7469     5.1862     8.6015     8.8084 3.9522e-02 0.0000e+00
     86.000     4.8988   3.150077    32.7962       7494     5.2034     8.5907     8.8098 5.3368e-02 0.0000e+00
     85.000     4.8963   3.149697    32.7949       7519     5.2205     8.5904     8.8054 5.5222e-02 0.0000e+00
     84.000     4.8933   3.149298    32.7937       7544     5.2380     8.6139     8.8004 6.3860e-02 0.0000e+00
     83.000     4.8852   3.148342    32.7912       7570     5.2561     8.6429     8.8105 6.7199e-02 0.0000e+00
     82.000     4.8720   3.146802    32.7869       7598     5.2753     8.6245     8.8163 9.2168e-02 0.0000e+00
     81.000     4.8683   3.146314    32.7854       7625     5.2948     8.6181     8.8284 1.0620e-01 0.0000e+00
     80.000     4.8655   3.145933    32.7843       7653     5.3138     8.6275     8.8542 1.1983e-01 0.0000e+00
     79.000     4.8443   3.143636    32.7793       7679     5.3321     8.6441     8.8679 1.3516e-01 0.0000e+00
     78.000     4.8304   3.142047    32.7751       7704     5.3496     8.6596     8.8667 1.4487e-01 0.0000e+00
     77.000     4.8257   3.141434    32.7732       7729     5.3668     8.6492     8.8690 1.6068e-01 0.0000e+00
     76.000     4.8185   3.140477    32.7698       7754     5.3843     8.6811     8.8927 1.8037e-01 0.0000e+00
     75.000     4.8151   3.139960    32.7676       7780     5.4024     8.7120     8.9183 2.0919e-01 0.0000e+00
     74.000     4.8123   3.139552    32.7662       7808     5.4215     8.7151     8.9290 2.2853e-01 0.0000e+00
     73.000     4.8074   3.138920    32.7643       7836     5.4408     8.7432     8.9356 2.5506e-01 0.0000e+00
     72.000     4.7964   3.137524    32.7595       7862     5.4594     8.7313     8.9476 2.8596e-01 0.0000e+00
     71.000     4.7700   3.134312    32.7489       7888     5.4772     8.7397     8.9597 3.1943e-01 0.0000e+00
     70.000     4.7510   3.132001    32.7414       7913     5.4946     8.7380     8.9582 3.4864e-01 0.0000e+00
     69.000     4.7284   3.129119    32.7309       7938     5.5121     8.7444     8.9687 3.8469e-01 0.0000e+00
     68.000     4.6868   3.124453    32.7183       7965     5.5304     8.7880     9.0105 4.2087e-01 0.0000e+00
     67.000     4.6274   3.117977    32.7024       7991     5.5487     8.8603     9.0563 4.5883e-01 0.0000e+00
     66.000     4.6211   3.116641    32.6937       8017     5.5667     8.8912     9.0703 5.0914e-01 0.0000e+00
     65.000     4.6206   3.116038    32.6876       8043     5.5850     8.9222     9.1201 5.6044e-01 0.0000e+00
     64.000     4.6399   3.117255    32.6833       8071     5.6040     8.9684     9.1659 6.1798e-01 0.0000e+00
     63.000     4.6426   3.116953    32.6776       8098     5.6228     9.0007     9.2029 6.7423e-01 0.0000e+00
     62.000     4.6720   3.119276    32.6761       8124     5.6408     9.0034     9.1979 7.3664e-01 0.0000e+00
     61.000     4.6734   3.118917    32.6711       8149     5.6582     9.0020     9.1992 8.1266e-01 0.0000e+00
     60.000     4.6915   3.120025    32.6665       8174     5.6757     8.9882     9.2026 8.8159e-01 0.0000e+00
     59.000     4.7429   3.123292    32.6542       8200     5.6939     8.9684     9.2020 9.5238e-01 0.0000e+00
     58.000     4.7613   3.123059    32.6339       8226     5.7121     8.9956     9.2280 1.0411e+00 0.0000e+00
     57.000     4.7182   3.114009    32.5721       8254     5.7309     9.0456     9.2812 1.1262e+00 0.0000e+00
     56.000     4.7222   3.111732    32.5424       8280     5.7495     9.0684     9.3232 1.2231e+00 0.0000e+00
     55.000     4.7588   3.113659    32.5293       8306     5.7674     9.1181     9.4450 1.3275e+00 0.0000e+00
     54.000     4.7762   3.114650    32.5242       8331     5.7848     9.2950     9.6279 1.4263e+00 0.0000e+00
     53.000     4.7850   3.115038    32.5205       8356     5.8024     9.4432     9.7306 1.5412e+00 0.0000e+00
     52.000     4.7902   3.115167    32.5174       8382     5.8204     9.5054     9.7750 1.6865e+00 0.0000e+00
     51.000     4.7970   3.115318    32.5130       8409     5.8390     9.5326     9.7766 1.8264e+00 0.0000e+00
     50.000     4.7991   3.115320    32.5115       8436     5.8576     9.5371     9.7737 1.9730e+00 0.0000e+00
     49.000     4.7974   3.114993    32.5098       8463     5.8761     9.5221     9.7680 2.1375e+00 0.0000e+00
     48.000     4.7985   3.114973    32.5090       8489     5.8945     9.5340     9.7725 2.3134e+00 0.0000e+00
     47.000     4.8019   3.115140    32.5082       8516     5.9130     9.5492     9.7730 2.4968e+00 0.0000e+00
     46.000     4.8099   3.115709    32.5075       8542     5.9312     9.5422     9.7557 2.7017e+00 0.0000e+00
     45.000     4.8148   3.116051    32.5071       8568     5.9490     9.5449     9.7538 2.8933e+00 0.0000e+00
     44.000     4.8177   3.116252    32.5071       8593     5.9666     9.5583     9.7649 3.1085e+00 0.0000e+00
