HB2502/ctd203.cnv
* Sea-Bird SBE 9 Data File:
* FileName = C:\cruise\data\ctd203.hex
* Software Version Seasave V 7.26.7.121
* Temperature SN = 4591
* Conductivity SN = 6006
* Number of Bytes Per Scan = 37
* Number of Voltage Words = 4
* Number of Scans Averaged by the Deck Unit = 1
* NMEA Latitude = 43 18.43 N
* NMEA Longitude = 066 51.33 W
* NMEA UTC (Time) = May 11 2025 02:30:51
* NMEA baud rate = 4800
** Ship: Bigelow HB2502
** Program:  Spring Bottom Trawl
** Chief Scientist:Jon Galbraith
# nquan = 10
# nvalues = 372                         
# units = specified
# name 0 = depSM: Depth [salt water, m]
# name 1 = t090C: Temperature [ITS-90, deg C]
# name 2 = c0S/m: Conductivity [S/m]
# name 3 = sal00: Salinity, Practical [PSU]
# name 4 = scan: Scan Count
# name 5 = timeM: Time, Elapsed [minutes]
# name 6 = sbeox0Mg/L: Oxygen, SBE 43 [mg/l]
# name 7 = sbeox1Mg/L: Oxygen, SBE 43, 2 [mg/l]
# name 8 = par: PAR/Irradiance, Biospherical/Licor
# name 9 = flag: flag
# span 0 =      1.000,    187.000       
# span 1 =     5.3379,     7.9047       
# span 2 =   3.174695,   3.545459       
# span 3 =    32.0674,    34.1926       
# span 4 =         19,      11170       
# span 5 =     0.0124,     7.7565       
# span 6 =     6.6342,    10.2507       
# span 7 =     6.8063,    10.4360       
# span 8 = -1.105e-04, 3.6541e+01       
# span 9 = 0.0000e+00, 0.0000e+00       
# interval = meters: 1                  
# start_time = May 11 2025 02:30:51 [NMEA time, header]
# bad_flag = -9.990e-29
*END*
[from data line 289]
     83.000     6.5828   3.352951    33.4355       8764     6.0857     7.7840     7.9708 1.0000e-12 0.0000e+00
     82.000     6.5626   3.350369    33.4272       8793     6.1055     7.7571     7.9882 1.0000e-12 0.0000e+00
     81.000     6.4692   3.338861    33.3915       8823     6.1266     7.8100     8.0243 1.0000e-12 0.0000e+00
     80.000     6.3516   3.324159    33.3436       8852     6.1465     7.8598     8.0292 1.0000e-12 0.0000e+00
     79.000     6.2025   3.304623    33.2722       8880     6.1663     7.8845     8.0506 1.0000e-12 0.0000e+00
     78.000     6.0108   3.280530    33.1908       8907     6.1847     7.9460     8.1029 1.0000e-12 0.0000e+00
     77.000     5.9277   3.269280    33.1465       8930     6.2005     8.0087     8.1706 1.0000e-12 0.0000e+00
     76.000     5.9009   3.265200    33.1273       8951     6.2154     8.0643     8.2763 1.0000e-12 0.0000e+00
     75.000     5.8915   3.263491    33.1178       8976     6.2324     8.1636     8.4148 1.0000e-12 0.0000e+00
     74.000     5.8782   3.261165    33.1052       9010     6.2563     8.3182     8.5469 1.0000e-12 0.0000e+00
     73.000     5.8409   3.255915    33.0831       9041     6.2780     8.3744     8.5939 1.0000e-12 0.0000e+00
     72.000     5.7871   3.249721    33.0665       9062     6.2927     8.3752     8.5986 1.0000e-12 0.0000e+00
     71.000     5.6767   3.235912    33.0191       9083     6.3071     8.4026     8.6217 1.0000e-12 0.0000e+00
     70.000     5.6263   3.228545    32.9857       9109     6.3249     8.4219     8.6098 1.0000e-12 0.0000e+00
     69.000     5.6078   3.225648    32.9715       9143     6.3488     8.5136     8.6919 1.0000e-12 0.0000e+00
     68.000     5.5877   3.222858    32.9601       9172     6.3690     8.5982     8.7990 1.0000e-12 0.0000e+00
     67.000     5.5671   3.219988    32.9483       9194     6.3839     8.6289     8.8395 1.0000e-12 0.0000e+00
     66.000     5.5485   3.217107    32.9343       9217     6.3998     8.6585     8.8762 1.0000e-12 0.0000e+00
     65.000     5.5340   3.214803    32.9228       9249     6.4220     8.6718     8.9027 1.0000e-12 0.0000e+00
     64.000     5.5313   3.214277    32.9200       9279     6.4434     8.6959     8.9334 1.0000e-12 0.0000e+00
     63.000     5.5262   3.213490    32.9166       9302     6.4590     8.7435     8.9618 1.0000e-12 0.0000e+00
     62.000     5.5081   3.210822    32.9046       9324     6.4743     8.7700     8.9753 1.0000e-12 0.0000e+00
     61.000     5.5016   3.209657    32.8982       9351     6.4927     8.7653     8.9682 1.0000e-12 0.0000e+00
     60.000     5.4933   3.208119    32.8893       9383     6.5150     8.7763     8.9860 1.0000e-12 0.0000e+00
     59.000     5.4874   3.206995    32.8829       9416     6.5384     8.8282     9.0075 1.0000e-12 0.0000e+00
     58.000     5.4816   3.205968    32.8774       9441     6.5555     8.8349     9.0389 1.0000e-12 0.0000e+00
     57.000     5.4666   3.203011    32.8590       9461     6.5697     8.8442     9.0636 1.0000e-12 0.0000e+00
     56.000     5.4488   3.199807    32.8405       9482     6.5840     8.8711     9.0667 1.0000e-12 0.0000e+00
     55.000     5.4412   3.198100    32.8290       9507     6.6015     8.8642     9.0882 1.0000e-12 0.0000e+00
     54.000     5.4351   3.196866    32.8215       9546     6.6288     8.9406     9.1918 1.0000e-12 0.0000e+00
     53.000     5.4044   3.192524    32.8026       9584     6.6546     9.0334     9.2430 1.0000e-12 0.0000e+00
     52.000     5.3508   3.183231    32.7497       9604     6.6690     9.0667     9.2691 1.0000e-12 0.0000e+00
     51.000     5.3487   3.178447    32.6978       9622     6.6813     9.0611     9.2692 1.0000e-12 0.0000e+00
     50.000     5.3483   3.177120    32.6836       9641     6.6943     9.0500     9.2860 1.0000e-12 0.0000e+00
     49.000     5.3505   3.175844    32.6673       9667     6.7122     9.1159     9.4193 1.0000e-12 0.0000e+00
     48.000     5.3577   3.174695    32.6477       9707     6.7401     9.3654     9.6401 1.0000e-12 0.0000e+00
     47.000     5.3808   3.174945    32.6286       9738     6.7619     9.5052     9.7074 1.0000e-12 0.0000e+00
     46.000     5.4908   3.180279    32.5828       9761     6.7780     9.5182     9.7155 1.0000e-12 0.0000e+00
     45.000     5.6198   3.188724    32.5540       9783     6.7933     9.5029     9.7491 1.0000e-12 0.0000e+00
     44.000     5.7264   3.196701    32.5415       9806     6.8087     9.5190     9.8235 1.0000e-12 0.0000e+00
     43.000     5.7789   3.200244    32.5312       9831     6.8260     9.6245     9.9369 1.0000e-12 0.0000e+00
     42.000     5.9050   3.207661    32.4937       9862     6.8476     9.7047     9.9815 1.0000e-12 0.0000e+00
     41.000     6.1070   3.220017    32.4388       9897     6.8725     9.7119    10.0328 1.0000e-12 0.0000e+00
     40.000     6.1450   3.222483    32.4306       9922     6.8895     9.8048    10.1427 1.0000e-12 0.0000e+00
     39.000     6.2252   3.227051    32.4054       9941     6.9029     9.8666    10.1699 1.0000e-12 0.0000e+00
     38.000     6.3415   3.233847    32.3706       9961     6.9167     9.8946    10.1662 1.0000e-12 0.0000e+00
     37.000     6.4277   3.239155    32.3481       9988     6.9353     9.9445    10.1940 1.0000e-12 0.0000e+00
     36.000     6.5917   3.248407    32.2955      10020     6.9575     9.9365    10.2177 1.0000e-12 0.0000e+00
     35.000     6.6762   3.253882    32.2765      10048     6.9769     9.9964    10.3149 1.0000e-12 0.0000e+00
     34.000     6.7560   3.259255    32.2608      10076     6.9968    10.1327    10.3908 1.0000e-12 0.0000e+00
     33.000     6.7963   3.262156    32.2552      10107     7.0183    10.1770    10.4360 1.0000e-12 0.0000e+00
     32.000     6.8423   3.265305    32.2470      10133     7.0359    10.1497    10.4100 1.0000e-12 0.0000e+00
     31.000     6.8869   3.268102    32.2362      10154     7.0504    10.1178    10.3850 1.0000e-12 0.0000e+00
     30.000     7.0061   3.275982    32.2110      10175     7.0656    10.1056    10.3698 1.0000e-12 0.0000e+00
     29.000     7.1476   3.286139    32.1897      10206     7.0865    10.1134    10.4076 1.0000e-12 0.0000e+00
     28.000     7.1882   3.289371    32.1874      10240     7.1103    10.1374    10.4330 3.3747e-03 0.0000e+00
     27.000     7.2179   3.291575    32.1841      10266     7.1286    10.1327    10.3811 1.1865e-02 0.0000e+00
     26.000     7.2424   3.293412    32.1817      10289     7.1445    10.1336    10.3646 1.5705e-02 0.0000e+00
     25.000     7.2711   3.295594    32.1791      10313     7.1612    10.0992    10.3467 1.6466e-02 0.0000e+00
     24.000     7.3067   3.298392    32.1767      10341     7.1804    10.0565    10.3134 2.1576e-02 0.0000e+00
     23.000     7.3182   3.299439    32.1778      10374     7.2037    10.0427    10.3276 4.1523e-02 0.0000e+00
     22.000     7.3245   3.299959    32.1780      10413     7.2308    10.0803    10.2928 6.4993e-02 0.0000e+00
     21.000     7.3265   3.300150    32.1787      10439     7.2483    10.0911    10.2739 8.7680e-02 0.0000e+00
     20.000     7.3263   3.300093    32.1787      10456     7.2607    10.0851    10.2694 9.5940e-02 0.0000e+00
     19.000     7.3256   3.300056    32.1794      10474     7.2726    10.0687    10.2790 1.2468e-01 0.0000e+00
     18.000     7.3249   3.300098    32.1810      10498     7.2893    10.0144    10.2929 1.5771e-01 0.0000e+00
     17.000     7.3249   3.300152    32.1820      10538     7.3172    10.0034    10.3030 1.8840e-01 0.0000e+00
     16.000     7.3256   3.300207    32.1825      10571     7.3403    10.0860    10.3085 2.6858e-01 0.0000e+00
     15.000     7.3260   3.300229    32.1828      10596     7.3575    10.0607    10.3090 3.2905e-01 0.0000e+00
     14.000     7.3266   3.300272    32.1832      10620     7.3745    10.0297    10.3053 3.7745e-01 0.0000e+00
     13.000     7.3265   3.300253    32.1836      10643     7.3906    10.0464    10.3089 4.7460e-01 0.0000e+00
     12.000     7.3261   3.300201    32.1839      10666     7.4061    10.0461    10.2997 6.2837e-01 0.0000e+00
     11.000     7.3274   3.300299    32.1842      10695     7.4265    10.0521    10.2979 7.6808e-01 0.0000e+00
     10.000     7.3266   3.300239    32.1847      10735     7.4541    10.1046    10.3053 1.0256e+00 0.0000e+00
      9.000     7.3264   3.300180    32.1848      10760     7.4717    10.0857    10.2886 1.3156e+00 0.0000e+00
      8.000     7.3264   3.300148    32.1849      10781     7.4864    10.0711    10.2905 1.6132e+00 0.0000e+00
      7.000     7.3264   3.300135    32.1852      10805     7.5026    10.0389    10.3084 2.2681e+00 0.0000e+00
      6.000     7.3260   3.300070    32.1853      10833     7.5222    10.0461    10.3148 3.1896e+00 0.0000e+00
      5.000     7.3252   3.300018    32.1859      10863     7.5429    10.0896    10.3001 4.7560e+00 0.0000e+00
      4.000     7.3247   3.299955    32.1862      10896     7.5658    10.0731    10.3072 6.9792e+00 0.0000e+00
      3.000     7.3244   3.299881    32.1862      10926     7.5870    10.0614    10.2996 1.0154e+01 0.0000e+00
      2.000     7.3239   3.299852    32.1868      10992     7.6328    10.0696    10.3069 1.6777e+01 0.0000e+00
      1.000     7.3236   3.288729    32.0674      11170     7.7565    10.0488    10.3120 3.6541e+01 0.0000e+00
