HB2502/ctd214.cnv
* Sea-Bird SBE 9 Data File:
* FileName = C:\cruise\data\ctd214.hex
* Software Version Seasave V 7.26.7.121
* Temperature SN = 4591
* Conductivity SN = 6006
* Number of Bytes Per Scan = 37
* Number of Voltage Words = 4
* Number of Scans Averaged by the Deck Unit = 1
* NMEA Latitude = 43 25.32 N
* NMEA Longitude = 068 17.40 W
* NMEA UTC (Time) = May 13 2025 13:16:40
* NMEA baud rate = 4800
** Ship: Bigelow HB2502
** Program:  Spring Bottom Trawl
** Chief Scientist:Jon Galbraith
# nquan = 10
# nvalues = 350                         
# units = specified
# name 0 = depSM: Depth [salt water, m]
# name 1 = t090C: Temperature [ITS-90, deg C]
# name 2 = c0S/m: Conductivity [S/m]
# name 3 = sal00: Salinity, Practical [PSU]
# name 4 = scan: Scan Count
# name 5 = timeM: Time, Elapsed [minutes]
# name 6 = sbeox0Mg/L: Oxygen, SBE 43 [mg/l]
# name 7 = sbeox1Mg/L: Oxygen, SBE 43, 2 [mg/l]
# name 8 = par: PAR/Irradiance, Biospherical/Licor
# name 9 = flag: flag
# span 0 =      2.000,    177.000       
# span 1 =     4.9888,     7.2000       
# span 2 =   3.139180,   3.432324       
# span 3 =    32.1993,    33.8303       
# span 4 =        377,      11203       
# span 5 =     0.2612,     7.7791       
# span 6 =     6.1026,    10.6663       
# span 7 =     6.2732,    10.8532       
# span 8 = -2.593e-06, 1.8832e+03       
# span 9 = 0.0000e+00, 0.0000e+00       
# interval = meters: 1                  
# start_time = May 13 2025 13:16:40 [NMEA time, header]
# bad_flag = -9.990e-29
*END*
      3.000     7.1822   3.290350    32.2154        377     0.2612    10.5360    10.8153 1.4275e+03 0.0000e+00
      4.000     7.1874   3.290921    32.2163        630     0.4367    10.5032    10.8257 1.1032e+03 0.0000e+00
      5.000     7.1903   3.291087    32.2150        650     0.4507    10.5521    10.8179 8.7445e+02 0.0000e+00
      6.000     7.1912   3.291260    32.2155        677     0.4697    10.5107    10.8285 6.8787e+02 0.0000e+00
      7.000     7.1771   3.290612    32.2211        704     0.4884    10.5608    10.8407 4.8377e+02 0.0000e+00
      8.000     7.1513   3.288342    32.2201        731     0.5073    10.6115    10.8472 4.3509e+02 0.0000e+00
      9.000     7.1375   3.287190    32.2200        759     0.5261    10.5941    10.8302 3.4071e+02 0.0000e+00
     10.000     7.1358   3.287176    32.2209        785     0.5446    10.6371    10.8101 3.0083e+02 0.0000e+00
     11.000     7.1258   3.286369    32.2211        812     0.5631    10.6663    10.8253 2.2776e+02 0.0000e+00
     12.000     7.1220   3.286186    32.2222        839     0.5819    10.6485    10.8420 2.0499e+02 0.0000e+00
     13.000     7.1102   3.285409    32.2243        865     0.6000    10.6486    10.8532 1.5689e+02 0.0000e+00
     14.000     7.1097   3.285361    32.2238        891     0.6178    10.6525    10.8490 1.3975e+02 0.0000e+00
     15.000     7.0982   3.284756    32.2275        917     0.6363    10.6657    10.8438 1.1085e+02 0.0000e+00
     16.000     7.0904   3.284287    32.2292        945     0.6553    10.6662    10.8365 9.2599e+01 0.0000e+00
     17.000     7.0815   3.283799    32.2317        971     0.6738    10.6577    10.8231 7.8084e+01 0.0000e+00
     18.000     7.0814   3.283793    32.2312        997     0.6913    10.6277    10.8097 6.4906e+01 0.0000e+00
     19.000     7.0435   3.281196    32.2379       1022     0.7088    10.6041    10.7968 5.3817e+01 0.0000e+00
     20.000     7.0167   3.278666    32.2350       1049     0.7278    10.5905    10.7399 4.4173e+01 0.0000e+00
     21.000     6.9891   3.276113    32.2326       1079     0.7488    10.5571    10.7033 3.6177e+01 0.0000e+00
     22.000     6.9789   3.275081    32.2304       1109     0.7692    10.5179    10.7019 3.1177e+01 0.0000e+00
     23.000     6.9331   3.272045    32.2397       1135     0.7872    10.5200    10.7032 2.6279e+01 0.0000e+00
     24.000     6.6984   3.256311    32.2876       1159     0.8040    10.5761    10.7379 2.2401e+01 0.0000e+00
     25.000     6.1851   3.218148    32.3513       1184     0.8212    10.6436    10.7646 1.8469e+01 0.0000e+00
     26.000     5.9601   3.200999    32.3741       1211     0.8402    10.4969    10.5091 1.5514e+01 0.0000e+00
     27.000     5.8868   3.194905    32.3754       1239     0.8600    10.2612    10.2494 1.3654e+01 0.0000e+00
     28.000     5.8222   3.190465    32.3870       1267     0.8790    10.0607    10.1407 1.2202e+01 0.0000e+00
     29.000     5.7106   3.183337    32.4135       1293     0.8971     9.9857    10.1128 1.0871e+01 0.0000e+00
     30.000     5.4882   3.169916    32.4758       1319     0.9151     9.9745    10.1181 9.7278e+00 0.0000e+00
     31.000     5.3743   3.161962    32.4952       1345     0.9336     9.9136    10.0386 8.6553e+00 0.0000e+00
     32.000     5.3534   3.160013    32.4928       1373     0.9526     9.8911    10.0677 7.6702e+00 0.0000e+00
     33.000     5.3436   3.159051    32.4908       1401     0.9723     9.9670    10.1577 6.9672e+00 0.0000e+00
     34.000     5.3372   3.158409    32.4892       1429     0.9920     9.9714    10.1611 6.3977e+00 0.0000e+00
     35.000     5.3309   3.157915    32.4892       1457     1.0112     9.9641    10.1656 5.8229e+00 0.0000e+00
     36.000     5.3058   3.156654    32.4987       1483     1.0294     9.9513    10.1649 5.3004e+00 0.0000e+00
     37.000     5.2058   3.150522    32.5254       1508     1.0468     9.9415    10.1744 4.8208e+00 0.0000e+00
     38.000     5.1723   3.148059    32.5294       1533     1.0637     9.9412    10.1285 4.3828e+00 0.0000e+00
     39.000     5.1466   3.146466    32.5357       1558     1.0812     9.9101    10.0578 3.9890e+00 0.0000e+00
     40.000     5.0969   3.143514    32.5499       1586     1.1005     9.8098     9.9685 3.6096e+00 0.0000e+00
     41.000     5.0618   3.141351    32.5588       1617     1.1224     9.7140     9.8848 3.2666e+00 0.0000e+00
     42.000     5.0456   3.140424    32.5634       1649     1.1446     9.6341     9.7975 3.0082e+00 0.0000e+00
     43.000     5.0374   3.140267    32.5691       1676     1.1630     9.5376     9.7352 2.7837e+00 0.0000e+00
     44.000     5.0189   3.139788    32.5813       1699     1.1788     9.5136     9.7089 2.5469e+00 0.0000e+00
     45.000     5.0054   3.139289    32.5882       1721     1.1947     9.5154     9.6848 2.3538e+00 0.0000e+00
     46.000     5.0017   3.144133    32.6470       1748     1.2132     9.4889     9.6513 2.1363e+00 0.0000e+00
     47.000     5.0153   3.146840    32.6643       1779     1.2350     9.4284     9.6033 1.9343e+00 0.0000e+00
     48.000     5.0282   3.148386    32.6688       1810     1.2565     9.3217     9.4856 1.7666e+00 0.0000e+00
     49.000     5.0540   3.151266    32.6762       1837     1.2753     9.1824     9.3823 1.6393e+00 0.0000e+00
     50.000     5.0891   3.155332    32.6879       1863     1.2929     9.1343     9.3630 1.5027e+00 0.0000e+00
     51.000     5.1564   3.163907    32.7197       1888     1.3103     9.1360     9.3402 1.3850e+00 0.0000e+00
     52.000     5.2029   3.170313    32.7470       1914     1.3282     9.1322     9.3222 1.2800e+00 0.0000e+00
     53.000     5.2099   3.172633    32.7661       1941     1.3470     9.0949     9.2702 1.1662e+00 0.0000e+00
     54.000     5.2124   3.173756    32.7760       1970     1.3671     8.9811     9.1425 1.0573e+00 0.0000e+00
     55.000     5.2255   3.175348    32.7808       1999     1.3877     8.8820     9.0498 9.6554e-01 0.0000e+00
     56.000     5.2183   3.175457    32.7887       2028     1.4074     8.8522     9.0457 8.7418e-01 0.0000e+00
     57.000     5.1915   3.173765    32.7951       2054     1.4256     8.8486     9.0406 7.9462e-01 0.0000e+00
     58.000     5.1665   3.172077    32.7999       2079     1.4430     8.8454     9.0317 7.3118e-01 0.0000e+00
     59.000     5.1575   3.171647    32.8032       2104     1.4602     8.8353     9.0123 6.7738e-01 0.0000e+00
     60.000     5.1582   3.172816    32.8154       2130     1.4787     8.8271     8.9724 6.0958e-01 0.0000e+00
     61.000     5.1710   3.175677    32.8351       2160     1.4993     8.8019     8.9643 5.5190e-01 0.0000e+00
     62.000     5.1948   3.179192    32.8514       2190     1.5202     8.7803     8.9507 5.0518e-01 0.0000e+00
     63.000     5.2883   3.192484    32.9109       2218     1.5394     8.7169     8.9028 4.5027e-01 0.0000e+00
     64.000     5.3376   3.200012    32.9478       2243     1.5570     8.6794     8.8653 4.1600e-01 0.0000e+00
     65.000     5.3527   3.202041    32.9557       2269     1.5747     8.6205     8.7772 3.8186e-01 0.0000e+00
     66.000     5.3596   3.202974    32.9590       2298     1.5952     8.4542     8.5892 3.4953e-01 0.0000e+00
     67.000     5.3690   3.204144    32.9626       2329     1.6169     8.3089     8.4931 3.1930e-01 0.0000e+00
     68.000     5.3827   3.206054    32.9704       2355     1.6351     8.2923     8.4948 2.9208e-01 0.0000e+00
     69.000     5.3936   3.207730    32.9783       2379     1.6512     8.3063     8.4977 2.6449e-01 0.0000e+00
     70.000     5.3990   3.208425    32.9804       2402     1.6676     8.2976     8.4928 2.3324e-01 0.0000e+00
     71.000     5.4164   3.210604    32.9876       2430     1.6865     8.2795     8.4754 2.1068e-01 0.0000e+00
     72.000     5.4275   3.212345    32.9959       2461     1.7084     8.2782     8.4524 1.8593e-01 0.0000e+00
     73.000     5.4253   3.212294    32.9970       2491     1.7295     8.2572     8.4437 1.6873e-01 0.0000e+00
     74.000     5.4349   3.213626    33.0022       2520     1.7492     8.2433     8.4192 1.5075e-01 0.0000e+00
     75.000     5.4499   3.215709    33.0107       2547     1.7678     8.2410     8.4124 1.3716e-01 0.0000e+00
     76.000     5.4620   3.217595    33.0197       2572     1.7851     8.2266     8.4228 1.2699e-01 0.0000e+00
     77.000     5.4892   3.221085    33.0321       2595     1.8016     8.2077     8.4156 1.1317e-01 0.0000e+00
     78.000     5.5043   3.223302    33.0419       2621     1.8193     8.1925     8.3785 9.5039e-02 0.0000e+00
     79.000     5.5222   3.225564    33.0495       2650     1.8398     8.1692     8.3277 8.6755e-02 0.0000e+00
     80.000     5.5540   3.229721    33.0650       2682     1.8621     8.1327     8.2697 7.4456e-02 0.0000e+00
     81.000     5.5698   3.232011    33.0750       2712     1.8823     8.0937     8.2639 6.1089e-02 0.0000e+00
     82.000     5.5810   3.233690    33.0824       2738     1.9006     8.0551     8.2384 4.9625e-02 0.0000e+00
     83.000     5.5902   3.235049    33.0883       2763     1.9178     8.0396     8.2163 4.7048e-02 0.0000e+00
     84.000     5.6043   3.237160    33.0979       2788     1.9353     8.0296     8.2007 3.3053e-02 0.0000e+00
     85.000     5.6387   3.242171    33.1203       2814     1.9535     7.9857     8.1768 2.9804e-02 0.0000e+00
     86.000     5.6600   3.245304    33.1343       2842     1.9727     7.9584     8.1448 2.6302e-02 0.0000e+00
     87.000     5.6761   3.247440    33.1422       2872     1.9937     7.9212     8.0790 1.5763e-02 0.0000e+00
     88.000     5.6825   3.248443    33.1467       2904     2.0159     7.8715     8.0137 8.4598e-03 0.0000e+00
     89.000     5.6846   3.248791    33.1480       2931     2.0351     7.8560     8.0070 5.5584e-03 0.0000e+00
     90.000     5.7037   3.250958    33.1533       2955     2.0514     7.8306     7.9971 4.4495e-03 0.0000e+00
     91.000     5.7405   3.255840    33.1718       2977     2.0669     7.8142     7.9930 3.9902e-03 0.0000e+00
     92.000     5.7824   3.261119    33.1896       3002     2.0837     7.8097     7.9970 7.1091e-05 0.0000e+00
     93.000     5.8172   3.266161    33.2117       3031     2.1043     7.7882     7.9685 3.1900e-04 0.0000e+00
     94.000     5.8276   3.267602    33.2173       3065     2.1276     7.7317     7.8948 6.7513e-05 0.0000e+00
     95.000     5.8680   3.272545    33.2327       3094     2.1483     7.6586     7.8116 -2.593e-06 0.0000e+00
     96.000     5.9312   3.280733    33.2622       3120     2.1660     7.6230     7.7936 1.0000e-12 0.0000e+00
     97.000     5.9602   3.284716    33.2780       3144     2.1824     7.6185     7.7850 1.0000e-12 0.0000e+00
     98.000     5.9759   3.286995    33.2877       3168     2.1990     7.5881     7.7390 1.0000e-12 0.0000e+00
     99.000     5.9943   3.289270    33.2947       3193     2.2169     7.5231     7.6757 1.0000e-12 0.0000e+00
    100.000     6.0255   3.293547    33.3115       3223     2.2373     7.4585     7.6178 1.0000e-12 0.0000e+00
    101.000     6.0361   3.295082    33.3177       3254     2.2592     7.4298     7.6018 1.0000e-12 0.0000e+00
    102.000     6.0671   3.298787    33.3283       3283     2.2790     7.4063     7.5810 1.0000e-12 0.0000e+00
    103.000     6.0968   3.302760    33.3432       3308     2.2967     7.3966     7.5641 1.0000e-12 0.0000e+00
    104.000     6.1140   3.305087    33.3518       3333     2.3136     7.3915     7.5570 1.0000e-12 0.0000e+00
    105.000     6.1246   3.306649    33.3584       3358     2.3312     7.3561     7.5250 1.0000e-12 0.0000e+00
    106.000     6.1354   3.308094    33.3635       3385     2.3501     7.3237     7.4928 1.0000e-12 0.0000e+00
    107.000     6.1591   3.311268    33.3752       3416     2.3713     7.2981     7.4643 1.0000e-12 0.0000e+00
    108.000     6.1644   3.312186    33.3798       3447     2.3929     7.2744     7.4467 1.0000e-12 0.0000e+00
    109.000     6.1693   3.312870    33.3821       3474     2.4118     7.2755     7.4334 1.0000e-12 0.0000e+00
    110.000     6.1957   3.316036    33.3910       3498     2.4284     7.2565     7.4191 1.0000e-12 0.0000e+00
    111.000     6.2121   3.318394    33.4007       3521     2.4446     7.2424     7.4132 1.0000e-12 0.0000e+00
    112.000     6.2288   3.320545    33.4079       3546     2.4617     7.2354     7.4151 1.0000e-12 0.0000e+00
    113.000     6.2465   3.322991    33.4173       3574     2.4810     7.2293     7.3815 1.0000e-12 0.0000e+00
    114.000     6.2588   3.324741    33.4242       3605     2.5026     7.2067     7.3501 1.0000e-12 0.0000e+00
    115.000     6.2663   3.325763    33.4278       3635     2.5234     7.1860     7.3222 1.0000e-12 0.0000e+00
    116.000     6.2761   3.327084    33.4324       3661     2.5417     7.1350     7.3097 1.0000e-12 0.0000e+00
    117.000     6.2917   3.328945    33.4373       3686     2.5592     7.1144     7.2979 1.0000e-12 0.0000e+00
    118.000     6.3541   3.336789    33.4629       3712     2.5769     7.1080     7.2768 1.0000e-12 0.0000e+00
    119.000     6.4145   3.344910    33.4934       3739     2.5956     7.0973     7.2629 1.0000e-12 0.0000e+00
    120.000     6.4699   3.352046    33.5178       3767     2.6150     7.0764     7.2311 1.0000e-12 0.0000e+00
    121.000     6.4950   3.355617    33.5322       3794     2.6340     7.0178     7.1513 1.0000e-12 0.0000e+00
    122.000     6.5124   3.357828    33.5392       3820     2.6524     6.9418     7.0814 1.0000e-12 0.0000e+00
    123.000     6.5219   3.359199    33.5445       3847     2.6711     6.8851     7.0319 1.0000e-12 0.0000e+00
    124.000     6.5371   3.360900    33.5481       3875     2.6900     6.8533     7.0140 1.0000e-12 0.0000e+00
    125.000     6.5895   3.366852    33.5620       3902     2.7087     6.8283     6.9917 1.0000e-12 0.0000e+00
    126.000     6.6338   3.372381    33.5792       3929     2.7281     6.8295     6.9956 1.0000e-12 0.0000e+00
    127.000     6.6554   3.375320    33.5901       3957     2.7476     6.8182     6.9770 1.0000e-12 0.0000e+00
    128.000     6.6965   3.379629    33.5968       3984     2.7661     6.7649     6.9143 1.0000e-12 0.0000e+00
    129.000     6.7576   3.387136    33.6193       4009     2.7837     6.7138     6.8630 1.0000e-12 0.0000e+00
    130.000     6.7806   3.389976    33.6275       4035     2.8013     6.6832     6.8347 1.0000e-12 0.0000e+00
    131.000     6.7966   3.392061    33.6343       4062     2.8203     6.6242     6.7721 1.0000e-12 0.0000e+00
    132.000     6.8055   3.393305    33.6388       4094     2.8420     6.5431     6.6978 1.0000e-12 0.0000e+00
    133.000     6.8235   3.395524    33.6451       4124     2.8634     6.5107     6.6650 1.0000e-12 0.0000e+00
    134.000     6.8450   3.398143    33.6524       4150     2.8815     6.5033     6.6544 1.0000e-12 0.0000e+00
    135.000     6.8598   3.400175    33.6598       4174     2.8977     6.4873     6.6525 1.0000e-12 0.0000e+00
    136.000     6.8647   3.400970    33.6632       4196     2.9135     6.4783     6.6430 1.0000e-12 0.0000e+00
    137.000     6.8730   3.402142    33.6674       4221     2.9304     6.4738     6.6196 1.0000e-12 0.0000e+00
    138.000     6.8840   3.403621    33.6724       4249     2.9503     6.4494     6.5963 1.0000e-12 0.0000e+00
    139.000     6.8959   3.405168    33.6773       4282     2.9730     6.4256     6.5888 1.0000e-12 0.0000e+00
    140.000     6.9304   3.409610    33.6918       4314     2.9949     6.4154     6.5678 1.0000e-12 0.0000e+00
    141.000     6.9513   3.412745    33.7052       4341     3.0142     6.4066     6.5632 1.0000e-12 0.0000e+00
    142.000     6.9624   3.414878    33.7173       4366     3.0312     6.4058     6.5421 1.0000e-12 0.0000e+00
    143.000     6.9735   3.416923    33.7284       4388     3.0469     6.3782     6.4996 1.0000e-12 0.0000e+00
    144.000     6.9916   3.419279    33.7360       4411     3.0623     6.3326     6.4428 1.0000e-12 0.0000e+00
    145.000     7.0041   3.421086    33.7430       4436     3.0798     6.2784     6.4043 1.0000e-12 0.0000e+00
    146.000     7.0076   3.421761    33.7464       4467     3.1017     6.2541     6.4074 1.0000e-12 0.0000e+00
