HB2502/ctd210.cnv
* Sea-Bird SBE 9 Data File:
* FileName = C:\cruise\data\ctd210.hex
* Software Version Seasave V 7.26.7.121
* Temperature SN = 4591
* Conductivity SN = 6006
* Number of Bytes Per Scan = 37
* Number of Voltage Words = 4
* Number of Scans Averaged by the Deck Unit = 1
* NMEA Latitude = 44 14.85 N
* NMEA Longitude = 067 55.10 W
* NMEA UTC (Time) = May 12 2025 09:56:16
* NMEA baud rate = 4800
** Ship: Bigelow HB2502
** Program:  Spring Bottom Trawl
** Chief Scientist:Jon Galbraith
# nquan = 10
# nvalues = 125                         
# units = specified
# name 0 = depSM: Depth [salt water, m]
# name 1 = t090C: Temperature [ITS-90, deg C]
# name 2 = c0S/m: Conductivity [S/m]
# name 3 = sal00: Salinity, Practical [PSU]
# name 4 = scan: Scan Count
# name 5 = timeM: Time, Elapsed [minutes]
# name 6 = sbeox0Mg/L: Oxygen, SBE 43 [mg/l]
# name 7 = sbeox1Mg/L: Oxygen, SBE 43, 2 [mg/l]
# name 8 = par: PAR/Irradiance, Biospherical/Licor
# name 9 = flag: flag
# span 0 =      3.000,     65.000       
# span 1 =     5.1363,     5.6839       
# span 2 =   3.079523,   3.105090       
# span 3 =    31.5649,    31.8052       
# span 4 =        281,       5458       
# span 5 =     0.1944,     3.7898       
# span 6 =     9.7552,    10.0984       
# span 7 =     9.9492,    10.2861       
# span 8 = 1.0000e-12, 4.6422e+01       
# span 9 = 0.0000e+00, 0.0000e+00       
# interval = meters: 1                  
# start_time = May 12 2025 09:56:16 [NMEA time, header]
# bad_flag = -9.990e-29
*END*
      3.000     5.6838   3.105090    31.5705        281     0.1944    10.0560    10.2599 3.9143e+01 0.0000e+00
      4.000     5.6138   3.101095    31.5908        619     0.4293    10.0932    10.2497 3.1080e+01 0.0000e+00
      5.000     5.5319   3.096675    31.6174        646     0.4477    10.0950    10.2754 2.2818e+01 0.0000e+00
      6.000     5.4786   3.092632    31.6214        670     0.4643    10.0910    10.2708 1.6077e+01 0.0000e+00
      7.000     5.4462   3.090788    31.6305        696     0.4823    10.0587    10.2352 1.1614e+01 0.0000e+00
      8.000     5.4005   3.088206    31.6440        725     0.5024    10.0462    10.2233 8.6534e+00 0.0000e+00
      9.000     5.4019   3.088572    31.6463        753     0.5224    10.0093    10.1756 6.4997e+00 0.0000e+00
     10.000     5.4054   3.089073    31.6482        780     0.5410     9.9915    10.1795 4.8759e+00 0.0000e+00
     11.000     5.4082   3.089242    31.6470        806     0.5590     9.9925    10.1934 3.7012e+00 0.0000e+00
     12.000     5.4229   3.091341    31.6564        831     0.5766     9.9941    10.1934 2.8338e+00 0.0000e+00
     13.000     5.4318   3.092698    31.6629        857     0.5942    10.0021    10.1805 2.2209e+00 0.0000e+00
     14.000     5.4334   3.092994    31.6642        882     0.6119    10.0130    10.1620 1.7284e+00 0.0000e+00
     15.000     5.4376   3.093446    31.6649        908     0.6301     9.9842    10.1672 1.3124e+00 0.0000e+00
     16.000     5.4396   3.093794    31.6665        936     0.6492     9.9726    10.1636 1.0071e+00 0.0000e+00
     17.000     5.4430   3.094185    31.6672        965     0.6695     9.9680    10.1537 7.6364e-01 0.0000e+00
     18.000     5.4474   3.094882    31.6704        994     0.6896     9.9596    10.1660 6.1078e-01 0.0000e+00
     19.000     5.4460   3.094934    31.6718       1020     0.7079     9.9761    10.1634 4.7872e-01 0.0000e+00
     20.000     5.4450   3.094934    31.6722       1044     0.7242     9.9891    10.1539 3.8589e-01 0.0000e+00
     21.000     5.4430   3.094984    31.6743       1066     0.7399     9.9866    10.1505 2.9937e-01 0.0000e+00
     22.000     5.4402   3.095200    31.6789       1091     0.7570     9.9895    10.1478 2.2813e-01 0.0000e+00
     23.000     5.4150   3.095248    31.7027       1119     0.7765     9.9827    10.1612 1.6786e-01 0.0000e+00
     24.000     5.3753   3.093360    31.7183       1151     0.7983     9.9764    10.1436 1.2766e-01 0.0000e+00
     25.000     5.3348   3.090351    31.7221       1181     0.8191     9.9763    10.1326 8.5280e-02 0.0000e+00
     26.000     5.3118   3.088695    31.7246       1207     0.8374     9.9543    10.1234 6.4641e-02 0.0000e+00
     27.000     5.2519   3.085295    31.7422       1230     0.8537     9.9415    10.1144 4.3962e-02 0.0000e+00
     28.000     5.1974   3.082378    31.7603       1253     0.8696     9.9461    10.1080 2.6531e-02 0.0000e+00
     29.000     5.1962   3.082532    31.7627       1278     0.8866     9.9281    10.0678 1.6597e-02 0.0000e+00
     30.000     5.1749   3.081811    31.7742       1306     0.9060     9.9105    10.0491 5.9824e-03 0.0000e+00
     31.000     5.1443   3.080272    31.7853       1336     0.9269     9.8609    10.0344 5.5066e-05 0.0000e+00
     32.000     5.1364   3.079908    31.7881       1365     0.9470     9.8264    10.0211 1.0000e-12 0.0000e+00
     33.000     5.1363   3.079958    31.7883       1391     0.9655     9.8402    10.0250 1.0000e-12 0.0000e+00
     34.000     5.1375   3.080124    31.7886       1417     0.9833     9.8258    10.0267 1.0000e-12 0.0000e+00
     35.000     5.1456   3.080879    31.7890       1442     1.0008     9.8163    10.0197 1.0000e-12 0.0000e+00
     36.000     5.1517   3.081599    31.7909       1467     1.0181     9.8433    10.0096 1.0000e-12 0.0000e+00
     37.000     5.1545   3.081958    31.7918       1492     1.0357     9.8446     9.9865 1.0000e-12 0.0000e+00
     38.000     5.1569   3.082557    31.7959       1520     1.0547     9.8152     9.9976 1.0000e-12 0.0000e+00
     39.000     5.1559   3.082635    31.7972       1549     1.0749     9.8075    10.0107 1.0000e-12 0.0000e+00
     40.000     5.1552   3.082671    31.7978       1576     1.0936     9.8063    10.0048 1.0000e-12 0.0000e+00
     41.000     5.1541   3.082847    31.8003       1600     1.1105     9.8195    10.0122 1.0000e-12 0.0000e+00
     42.000     5.1523   3.082981    31.8031       1625     1.1275     9.8321    10.0114 1.0000e-12 0.0000e+00
     43.000     5.1521   3.083131    31.8045       1652     1.1467     9.8256     9.9975 1.0000e-12 0.0000e+00
     44.000     5.1530   3.083189    31.8039       1683     1.1682     9.8131     9.9921 1.0000e-12 0.0000e+00
     45.000     5.1535   3.083063    31.8015       1713     1.1887     9.8091     9.9901 1.0000e-12 0.0000e+00
     46.000     5.1538   3.083186    31.8021       1737     1.2057     9.7899     9.9946 1.0000e-12 0.0000e+00
     47.000     5.1537   3.083272    31.8027       1759     1.2209     9.8016    10.0049 1.0000e-12 0.0000e+00
     48.000     5.1527   3.083293    31.8033       1781     1.2363     9.8028    10.0091 1.0000e-12 0.0000e+00
     49.000     5.1516   3.083328    31.8043       1807     1.2541     9.8024     9.9955 1.0000e-12 0.0000e+00
     50.000     5.1516   3.083445    31.8052       1838     1.2755     9.7936     9.9835 1.0000e-12 0.0000e+00
     51.000     5.1518   3.083490    31.8050       1869     1.2975     9.8035     9.9776 1.0000e-12 0.0000e+00
     52.000     5.1523   3.083487    31.8039       1897     1.3168     9.7840     9.9728 1.0000e-12 0.0000e+00
     53.000     5.1528   3.083531    31.8035       1922     1.3339     9.7797     9.9799 1.0000e-12 0.0000e+00
     54.000     5.1520   3.083602    31.8045       1945     1.3499     9.7966     9.9910 1.0000e-12 0.0000e+00
     55.000     5.1520   3.083622    31.8043       1968     1.3662     9.8024     9.9981 1.0000e-12 0.0000e+00
     56.000     5.1521   3.083683    31.8044       1995     1.3846     9.8035    10.0027 1.0000e-12 0.0000e+00
     57.000     5.1516   3.083712    31.8047       2024     1.4049     9.8087     9.9877 1.0000e-12 0.0000e+00
     58.000     5.1536   3.083943    31.8050       2055     1.4265     9.7959     9.9782 1.0000e-12 0.0000e+00
     59.000     5.1536   3.083985    31.8050       2089     1.4498     9.7879     9.9902 1.0000e-12 0.0000e+00
     60.000     5.1521   3.083910    31.8050       2124     1.4740     9.7966     9.9990 1.0000e-12 0.0000e+00
     61.000     5.1505   3.083780    31.8046       2157     1.4972     9.7876     9.9735 1.0000e-12 0.0000e+00
     62.000     5.1492   3.083667    31.8040       2188     1.5184     9.7712     9.9859 1.0000e-12 0.0000e+00
     63.000     5.1500   3.083786    31.8042       2219     1.5404     9.7829     9.9971 1.0000e-12 0.0000e+00
     64.000     5.1501   3.083834    31.8041       2913     2.0224     9.7844     9.9936 1.0000e-12 0.0000e+00
     65.000     5.1480   3.083651    31.8036       4483     3.1128     9.8222     9.9492 1.0000e-12 0.0000e+00
     64.000     5.1453   3.083312    31.8027       3783     2.6261     9.7918     9.9874 1.0000e-12 0.0000e+00
     63.000     5.1468   3.083409    31.8029       3846     2.6701     9.8036     9.9965 1.0000e-12 0.0000e+00
     62.000     5.1507   3.083817    31.8043       3881     2.6945     9.7782    10.0166 1.0000e-12 0.0000e+00
     61.000     5.1511   3.083829    31.8046       3913     2.7168     9.7882    10.0133 1.0000e-12 0.0000e+00
     60.000     5.1493   3.083595    31.8041       3940     2.7353     9.8052    10.0058 1.0000e-12 0.0000e+00
     59.000     5.1490   3.083533    31.8041       3963     2.7516     9.7877    10.0023 1.0000e-12 0.0000e+00
     58.000     5.1496   3.083544    31.8042       3985     2.7668     9.7631    10.0045 1.0000e-12 0.0000e+00
     57.000     5.1502   3.083567    31.8044       4006     2.7815     9.7703     9.9974 1.0000e-12 0.0000e+00
     56.000     5.1508   3.083570    31.8044       4028     2.7968     9.7766     9.9879 1.0000e-12 0.0000e+00
     55.000     5.1514   3.083589    31.8045       4053     2.8138     9.7648     9.9884 1.0000e-12 0.0000e+00
     54.000     5.1517   3.083546    31.8042       4082     2.8344     9.7707     9.9907 1.0000e-12 0.0000e+00
     53.000     5.1524   3.083539    31.8040       4116     2.8573     9.7552    10.0023 1.0000e-12 0.0000e+00
     52.000     5.1518   3.083458    31.8040       4145     2.8776     9.7624    10.0053 1.0000e-12 0.0000e+00
     51.000     5.1516   3.083377    31.8039       4169     2.8946     9.7799     9.9775 1.0000e-12 0.0000e+00
     50.000     5.1517   3.083336    31.8038       4192     2.9102     9.8025     9.9746 1.0000e-12 0.0000e+00
     49.000     5.1522   3.083318    31.8036       4214     2.9259     9.7905     9.9862 1.0000e-12 0.0000e+00
     48.000     5.1530   3.083340    31.8036       4238     2.9426     9.7894    10.0046 1.0000e-12 0.0000e+00
     47.000     5.1536   3.083371    31.8038       4264     2.9606     9.7943    10.0099 1.0000e-12 0.0000e+00
     46.000     5.1534   3.083342    31.8042       4292     2.9796     9.8039    10.0095 1.0000e-12 0.0000e+00
     45.000     5.1544   3.083373    31.8041       4319     2.9988     9.8095     9.9971 1.0000e-12 0.0000e+00
     44.000     5.1543   3.083106    31.8017       4346     3.0176     9.7877     9.9987 1.0000e-12 0.0000e+00
     43.000     5.1541   3.082967    31.8007       4373     3.0361     9.7796    10.0084 1.0000e-12 0.0000e+00
     42.000     5.1541   3.082829    31.7996       4399     3.0542     9.7846    10.0162 1.0000e-12 0.0000e+00
     41.000     5.1537   3.082727    31.7994       4424     3.0716     9.7845    10.0034 1.0000e-12 0.0000e+00
     40.000     5.1535   3.082568    31.7983       4448     3.0884     9.7906     9.9974 1.0000e-12 0.0000e+00
     39.000     5.1534   3.082360    31.7965       4472     3.1048     9.7885    10.0045 1.0000e-12 0.0000e+00
     38.000     5.1530   3.082189    31.7954       4497     3.1220     9.7731    10.0073 1.0000e-12 0.0000e+00
     37.000     5.1533   3.082083    31.7944       4524     3.1407     9.7881    10.0012 1.0000e-12 0.0000e+00
     36.000     5.1506   3.081644    31.7924       4553     3.1611     9.7982     9.9986 1.0000e-12 0.0000e+00
     35.000     5.1456   3.080979    31.7901       4582     3.1812     9.8202     9.9937 1.0000e-12 0.0000e+00
     34.000     5.1392   3.080129    31.7871       4608     3.1993     9.8170     9.9991 1.0000e-12 0.0000e+00
     33.000     5.1375   3.079851    31.7859       4631     3.2155     9.7840    10.0123 1.0000e-12 0.0000e+00
     32.000     5.1369   3.079744    31.7858       4654     3.2314     9.7834    10.0227 1.0000e-12 0.0000e+00
     31.000     5.1369   3.079523    31.7838       4678     3.2480     9.7767    10.0268 8.2208e-04 0.0000e+00
     30.000     5.1481   3.079600    31.7745       4704     3.2658     9.7682    10.0392 7.4371e-03 0.0000e+00
     29.000     5.1692   3.080779    31.7683       4732     3.2851     9.7952    10.0257 2.2279e-02 0.0000e+00
     28.000     5.1823   3.081462    31.7642       4760     3.3050     9.8205    10.0202 3.7116e-02 0.0000e+00
     27.000     5.1852   3.081287    31.7600       4788     3.3244     9.8425    10.0449 5.5445e-02 0.0000e+00
     26.000     5.2149   3.081900    31.7392       4814     3.3426     9.8499    10.0605 7.7675e-02 0.0000e+00
     25.000     5.2671   3.084682    31.7218       4839     3.3596     9.8160    10.0601 1.0465e-01 0.0000e+00
     24.000     5.3171   3.087932    31.7119       4862     3.3758     9.8325    10.0553 1.4378e-01 0.0000e+00
     23.000     5.3777   3.091850    31.6994       4886     3.3922     9.8598    10.0717 1.9303e-01 0.0000e+00
     22.000     5.4142   3.093363    31.6826       4911     3.4098     9.8912    10.1040 2.5546e-01 0.0000e+00
     21.000     5.4305   3.093996    31.6749       4939     3.4290     9.9194    10.1411 3.3371e-01 0.0000e+00
     20.000     5.4240   3.093632    31.6774       4967     3.4486     9.9405    10.1519 4.1616e-01 0.0000e+00
     19.000     5.4320   3.093885    31.6732       4994     3.4675     9.9473    10.1485 5.5394e-01 0.0000e+00
     18.000     5.4397   3.093873    31.6663       5021     3.4859     9.9534    10.1519 7.1345e-01 0.0000e+00
     17.000     5.4422   3.093936    31.6651       5046     3.5035     9.9648    10.1620 9.1758e-01 0.0000e+00
     16.000     5.4360   3.093472    31.6662       5070     3.5204     9.9776    10.1762 1.1488e+00 0.0000e+00
     15.000     5.4326   3.092857    31.6630       5095     3.5373     9.9772    10.1614 1.4421e+00 0.0000e+00
     14.000     5.4289   3.092410    31.6618       5120     3.5548     9.9642    10.1630 1.8379e+00 0.0000e+00
     13.000     5.4266   3.092166    31.6618       5146     3.5730     9.9738    10.1843 2.3976e+00 0.0000e+00
     12.000     5.4211   3.091474    31.6596       5173     3.5916     9.9591    10.1964 3.1738e+00 0.0000e+00
     11.000     5.4056   3.089403    31.6512       5200     3.6105     9.9617    10.1889 4.1691e+00 0.0000e+00
     10.000     5.4036   3.088919    31.6481       5227     3.6291     9.9797    10.1674 5.3699e+00 0.0000e+00
      9.000     5.4020   3.087844    31.6379       5253     3.6469     9.9854    10.1818 6.9833e+00 0.0000e+00
      8.000     5.4261   3.088964    31.6284       5277     3.6639     9.9716    10.1983 9.0644e+00 0.0000e+00
      7.000     5.4569   3.090599    31.6184       5303     3.6817     9.9820    10.1833 1.1981e+01 0.0000e+00
      6.000     5.5201   3.094087    31.5987       5329     3.7000    10.0014    10.1852 1.6051e+01 0.0000e+00
      5.000     5.5483   3.095799    31.5921       5355     3.7178    10.0152    10.2138 2.2573e+01 0.0000e+00
      4.000     5.5964   3.098737    31.5805       5379     3.7348    10.0483    10.2370 3.1643e+01 0.0000e+00
      3.000     5.6839   3.104592    31.5649       5458     3.7898    10.0984    10.2861 4.6422e+01 0.0000e+00
