HB2502/ctd216.cnv
* Sea-Bird SBE 9 Data File:
* FileName = C:\cruise\data\ctd216.hex
* Software Version Seasave V 7.26.7.121
* Temperature SN = 4591
* Conductivity SN = 6006
* Number of Bytes Per Scan = 37
* Number of Voltage Words = 4
* Number of Scans Averaged by the Deck Unit = 1
* NMEA Latitude = 43 33.89 N
* NMEA Longitude = 069 14.33 W
* NMEA UTC (Time) = May 14 2025 15:10:53
* NMEA baud rate = 4800
** Ship: Bigelow HB2502
** Program:  Spring Bottom Trawl
** Chief Scientist:Jon Galbraith
# nquan = 10
# nvalues = 311                         
# units = specified
# name 0 = depSM: Depth [salt water, m]
# name 1 = t090C: Temperature [ITS-90, deg C]
# name 2 = c0S/m: Conductivity [S/m]
# name 3 = sal00: Salinity, Practical [PSU]
# name 4 = scan: Scan Count
# name 5 = timeM: Time, Elapsed [minutes]
# name 6 = sbeox0Mg/L: Oxygen, SBE 43 [mg/l]
# name 7 = sbeox1Mg/L: Oxygen, SBE 43, 2 [mg/l]
# name 8 = par: PAR/Irradiance, Biospherical/Licor
# name 9 = flag: flag
# span 0 =      3.000,    158.000       
# span 1 =     4.9122,     7.4442       
# span 2 =   3.123899,   3.308519       
# span 3 =    32.1504,    32.7319       
# span 4 =        344,       9844       
# span 5 =     0.2382,     6.8356       
# span 6 =     8.5618,    10.9306       
# span 7 =     8.7718,    11.1032       
# span 8 = 1.0000e-12, 1.5427e+02       
# span 9 = 0.0000e+00, 0.0000e+00       
# interval = meters: 1                  
# start_time = May 14 2025 15:10:53 [NMEA time, header]
# bad_flag = -9.990e-29
*END*
      3.000     7.4442   3.308519    32.1681        344     0.2382    10.7250    10.9136 1.5313e+02 0.0000e+00
      4.000     7.4112   3.306140    32.1727        701     0.4865    10.7418    10.9525 1.2273e+02 0.0000e+00
      5.000     7.4015   3.305413    32.1733        722     0.5009    10.7470    10.9430 1.0023e+02 0.0000e+00
      6.000     7.2924   3.297550    32.1894        750     0.5200    10.7771    10.9517 7.7267e+01 0.0000e+00
      7.000     7.2239   3.291819    32.1906        777     0.5386    10.7874    10.9526 6.4778e+01 0.0000e+00
      8.000     7.1167   3.282683    32.1910        805     0.5585    10.8149    10.9471 5.3258e+01 0.0000e+00
      9.000     7.0385   3.276241    32.1935        834     0.5784    10.8526    11.0334 4.2528e+01 0.0000e+00
     10.000     6.9689   3.270262    32.1929        860     0.5962    10.8812    11.0609 3.4030e+01 0.0000e+00
     11.000     6.8857   3.263308    32.1944        884     0.6130    10.8870    11.0285 2.7380e+01 0.0000e+00
     12.000     6.8589   3.260373    32.1869        909     0.6303    10.8672    11.0069 2.2250e+01 0.0000e+00
     13.000     6.8497   3.259436    32.1849        936     0.6491    10.8192    10.9993 1.8051e+01 0.0000e+00
     14.000     6.8102   3.256221    32.1862        964     0.6688    10.8358    11.0126 1.4861e+01 0.0000e+00
     15.000     6.7091   3.248133    32.1920        992     0.6881    10.8750    11.0653 1.2150e+01 0.0000e+00
     16.000     6.5972   3.239205    32.1985       1019     0.7068    10.8982    11.0753 9.7545e+00 0.0000e+00
     17.000     6.4945   3.230100    32.1945       1045     0.7252    10.9306    11.0719 7.5327e+00 0.0000e+00
     18.000     6.4715   3.227663    32.1887       1071     0.7427    10.9105    11.0337 5.9027e+00 0.0000e+00
     19.000     6.4545   3.226042    32.1864       1095     0.7596    10.8206    10.9282 5.0957e+00 0.0000e+00
     20.000     6.4054   3.222266    32.1906       1120     0.7771    10.6903    10.7823 4.6135e+00 0.0000e+00
     21.000     6.3493   3.217471    32.1900       1149     0.7970    10.5680    10.6677 4.2597e+00 0.0000e+00
     22.000     6.3114   3.214077    32.1876       1180     0.8184    10.4742    10.6141 3.9296e+00 0.0000e+00
     23.000     6.2917   3.212257    32.1856       1207     0.8378    10.4023    10.5634 3.6385e+00 0.0000e+00
     24.000     6.2871   3.211781    32.1842       1232     0.8547    10.3444    10.5224 3.3622e+00 0.0000e+00
     25.000     6.2711   3.210554    32.1852       1256     0.8712    10.3060    10.4868 3.0790e+00 0.0000e+00
     26.000     6.2594   3.209496    32.1840       1281     0.8886    10.3003    10.4741 2.8432e+00 0.0000e+00
     27.000     6.2490   3.208706    32.1846       1308     0.9074    10.3040    10.4616 2.6122e+00 0.0000e+00
     28.000     6.2371   3.207802    32.1854       1336     0.9273    10.2775    10.4689 2.4019e+00 0.0000e+00
     29.000     6.2237   3.206675    32.1851       1365     0.9475    10.2577    10.4697 2.1987e+00 0.0000e+00
     30.000     6.1977   3.205706    32.1984       1393     0.9664    10.2642    10.4457 2.0087e+00 0.0000e+00
     31.000     6.0592   3.199684    32.2624       1417     0.9836    10.2814    10.4503 1.8199e+00 0.0000e+00
     32.000     5.6604   3.172194    32.3345       1441     1.0001    10.3266    10.4720 1.6633e+00 0.0000e+00
     33.000     5.4987   3.158332    32.3328       1467     1.0181    10.2091    10.2606 1.5091e+00 0.0000e+00
     34.000     5.3173   3.144166    32.3463       1497     1.0389     9.9350     9.9497 1.3873e+00 0.0000e+00
     35.000     5.2058   3.134725    32.3459       1527     1.0596     9.6766     9.7155 1.3222e+00 0.0000e+00
     36.000     5.1601   3.130833    32.3452       1553     1.0776     9.5252     9.6302 1.2309e+00 0.0000e+00
     37.000     5.1504   3.129863    32.3430       1577     1.0941     9.4512     9.6130 1.1328e+00 0.0000e+00
     38.000     5.1083   3.127282    32.3538       1601     1.1112     9.4205     9.5977 1.0176e+00 0.0000e+00
     39.000     5.0752   3.125154    32.3610       1630     1.1311     9.4028     9.5875 9.1416e-01 0.0000e+00
     40.000     5.0651   3.124445    32.3622       1661     1.1526     9.4019     9.5810 8.3963e-01 0.0000e+00
     41.000     5.0638   3.124551    32.3642       1688     1.1719     9.3758     9.5761 7.5435e-01 0.0000e+00
     42.000     5.0767   3.126981    32.3790       1713     1.1890     9.3542     9.5574 6.8933e-01 0.0000e+00
     43.000     5.0695   3.127224    32.3882       1738     1.2059     9.3629     9.5417 6.1899e-01 0.0000e+00
     44.000     5.0670   3.127029    32.3879       1764     1.2243     9.3626     9.5423 5.5774e-01 0.0000e+00
     45.000     5.1108   3.132473    32.4073       1791     1.2434     9.3365     9.5086 5.0694e-01 0.0000e+00
     46.000     5.1378   3.136150    32.4226       1819     1.2628     9.3232     9.4946 4.4467e-01 0.0000e+00
     47.000     5.1457   3.137427    32.4291       1847     1.2820     9.3248     9.5090 3.8840e-01 0.0000e+00
     48.000     5.1662   3.141266    32.4525       1874     1.3003     9.3276     9.5161 3.5787e-01 0.0000e+00
     49.000     5.1210   3.140519    32.4875       1900     1.3184     9.3189     9.5304 3.2500e-01 0.0000e+00
     50.000     5.0989   3.139264    32.4942       1926     1.3368     9.3194     9.4992 2.8730e-01 0.0000e+00
     51.000     5.0774   3.138508    32.5058       1954     1.3559     9.3132     9.4511 2.5880e-01 0.0000e+00
     52.000     4.9980   3.132626    32.5153       1981     1.3748     9.2664     9.4174 2.3395e-01 0.0000e+00
     53.000     4.9741   3.130113    32.5093       2007     1.3928     9.1992     9.3568 2.0862e-01 0.0000e+00
     54.000     4.9605   3.128629    32.5050       2032     1.4106     9.1655     9.3210 1.7519e-01 0.0000e+00
     55.000     4.9546   3.128080    32.5040       2059     1.4294     9.1342     9.3011 1.4713e-01 0.0000e+00
     56.000     4.9445   3.127228    32.5035       2088     1.4490     9.1171     9.2776 1.3234e-01 0.0000e+00
     57.000     4.9325   3.126093    32.5016       2115     1.4680     9.1220     9.2842 1.1160e-01 0.0000e+00
     58.000     4.9341   3.126320    32.5022       2141     1.4861     9.1200     9.2960 9.4373e-02 0.0000e+00
     59.000     4.9442   3.127599    32.5065       2167     1.5042     9.1245     9.3013 7.6806e-02 0.0000e+00
     60.000     4.9449   3.128054    32.5106       2193     1.5223     9.1182     9.3103 6.1652e-02 0.0000e+00
     61.000     4.9305   3.126976    32.5117       2219     1.5401     9.0972     9.3038 4.9979e-02 0.0000e+00
     62.000     4.9195   3.125845    32.5089       2245     1.5580     9.0909     9.2941 3.2884e-02 0.0000e+00
     63.000     4.9180   3.125687    32.5081       2272     1.5768     9.0957     9.2782 2.6790e-02 0.0000e+00
     64.000     4.9152   3.125464    32.5078       2300     1.5964     9.0894     9.2787 1.8698e-02 0.0000e+00
     65.000     4.9122   3.125197    32.5071       2328     1.6160     9.1059     9.2789 7.4079e-03 0.0000e+00
     66.000     4.9143   3.125389    32.5068       2356     1.6351     9.1011     9.2762 1.1813e-03 0.0000e+00
     67.000     4.9207   3.126049    32.5076       2381     1.6529     9.0897     9.2803 1.2116e-05 0.0000e+00
     68.000     4.9204   3.126422    32.5117       2406     1.6700     9.0814     9.2791 1.0000e-12 0.0000e+00
     69.000     4.9154   3.126195    32.5135       2431     1.6873     9.0862     9.2701 1.0000e-12 0.0000e+00
     70.000     4.9139   3.126203    32.5145       2457     1.7057     9.0898     9.2637 1.0000e-12 0.0000e+00
     71.000     4.9183   3.127091    32.5199       2485     1.7251     9.0707     9.2572 1.0000e-12 0.0000e+00
     72.000     4.9297   3.128556    32.5251       2513     1.7445     9.0618     9.2487 1.0000e-12 0.0000e+00
     73.000     4.9450   3.130949    32.5372       2540     1.7631     9.0656     9.2522 1.0000e-12 0.0000e+00
     74.000     4.9517   3.132133    32.5438       2566     1.7813     9.0574     9.2410 1.0000e-12 0.0000e+00
     75.000     4.9541   3.132829    32.5489       2592     1.7991     9.0391     9.2233 1.0000e-12 0.0000e+00
     76.000     4.9542   3.133060    32.5510       2617     1.8166     9.0041     9.2206 1.0000e-12 0.0000e+00
     77.000     4.9558   3.133438    32.5533       2642     1.8342     9.0007     9.2083 1.0000e-12 0.0000e+00
     78.000     4.9538   3.133475    32.5551       2669     1.8525     9.0014     9.2001 1.0000e-12 0.0000e+00
     79.000     4.9539   3.133894    32.5593       2696     1.8719     8.9841     9.1833 1.0000e-12 0.0000e+00
     80.000     4.9536   3.134006    32.5604       2724     1.8913     9.0142     9.1808 1.0000e-12 0.0000e+00
     81.000     4.9539   3.134067    32.5603       2752     1.9102     8.9966     9.1767 1.0000e-12 0.0000e+00
     82.000     4.9548   3.134256    32.5611       2778     1.9283     8.9795     9.1792 1.0000e-12 0.0000e+00
     83.000     4.9554   3.134392    32.5615       2803     1.9458     8.9885     9.1907 1.0000e-12 0.0000e+00
     84.000     4.9553   3.134442    32.5617       2828     1.9632     8.9932     9.1803 1.0000e-12 0.0000e+00
     85.000     4.9555   3.134515    32.5619       2854     1.9814     9.0031     9.1715 1.0000e-12 0.0000e+00
     86.000     4.9583   3.134915    32.5632       2882     2.0007     8.9829     9.1718 1.0000e-12 0.0000e+00
     87.000     4.9626   3.135637    32.5668       2910     2.0201     8.9906     9.1789 1.0000e-12 0.0000e+00
     88.000     4.9639   3.135897    32.5680       2937     2.0387     8.9974     9.1727 1.0000e-12 0.0000e+00
     89.000     4.9649   3.136204    32.5701       2962     2.0562     8.9957     9.1662 1.0000e-12 0.0000e+00
     90.000     4.9673   3.136759    32.5737       2986     2.0732     8.9851     9.1674 1.0000e-12 0.0000e+00
     91.000     4.9690   3.137143    32.5758       3012     2.0910     8.9782     9.1577 1.0000e-12 0.0000e+00
     92.000     4.9728   3.137755    32.5787       3040     2.1104     8.9656     9.1520 1.0000e-12 0.0000e+00
     93.000     4.9759   3.138376    32.5822       3069     2.1305     8.9596     9.1480 1.0000e-12 0.0000e+00
     94.000     4.9779   3.138762    32.5843       3097     2.1497     8.9673     9.1375 1.0000e-12 0.0000e+00
     95.000     4.9880   3.140514    32.5940       3122     2.1675     8.9387     9.1316 1.0000e-12 0.0000e+00
     96.000     4.9960   3.142039    32.6031       3147     2.1850     8.9112     9.1302 1.0000e-12 0.0000e+00
     97.000     5.0038   3.143457    32.6113       3173     2.2029     8.9199     9.1223 1.0000e-12 0.0000e+00
     98.000     5.0057   3.143860    32.6136       3199     2.2210     8.9439     9.1059 1.0000e-12 0.0000e+00
     99.000     5.0067   3.144080    32.6147       3225     2.2391     8.9185     9.0979 1.0000e-12 0.0000e+00
    100.000     5.0089   3.144498    32.6168       3252     2.2579     8.8929     9.0919 1.0000e-12 0.0000e+00
    101.000     5.0102   3.144803    32.6185       3280     2.2770     8.8911     9.0872 1.0000e-12 0.0000e+00
    102.000     5.0120   3.145151    32.6202       3307     2.2959     8.8877     9.0864 1.0000e-12 0.0000e+00
    103.000     5.0140   3.145492    32.6217       3333     2.3139     8.8987     9.0771 1.0000e-12 0.0000e+00
    104.000     5.0187   3.146387    32.6269       3358     2.3314     8.8984     9.0579 1.0000e-12 0.0000e+00
    105.000     5.0219   3.147177    32.6323       3384     2.3492     8.8856     9.0567 1.0000e-12 0.0000e+00
    106.000     5.0223   3.147369    32.6336       3411     2.3678     8.8784     9.0553 1.0000e-12 0.0000e+00
    107.000     5.0231   3.147587    32.6349       3439     2.3874     8.8788     9.0518 1.0000e-12 0.0000e+00
    108.000     5.0247   3.148083    32.6384       3467     2.4069     8.8541     9.0534 1.0000e-12 0.0000e+00
    109.000     5.0295   3.149304    32.6473       3493     2.4253     8.8425     9.0387 1.0000e-12 0.0000e+00
    110.000     5.0349   3.150614    32.6565       3518     2.4423     8.8545     9.0227 1.0000e-12 0.0000e+00
    111.000     5.0378   3.151543    32.6638       3543     2.4595     8.8657     9.0196 1.0000e-12 0.0000e+00
    112.000     5.0383   3.151890    32.6668       3569     2.4779     8.8376     8.9950 1.0000e-12 0.0000e+00
    113.000     5.0387   3.152068    32.6679       3598     2.4978     8.8020     8.9723 1.0000e-12 0.0000e+00
    114.000     5.0395   3.152224    32.6684       3626     2.5170     8.8026     8.9773 1.0000e-12 0.0000e+00
    115.000     5.0404   3.152374    32.6688       3651     2.5345     8.7981     8.9778 1.0000e-12 0.0000e+00
    116.000     5.0429   3.152736    32.6700       3675     2.5512     8.7841     8.9642 1.0000e-12 0.0000e+00
    117.000     5.0484   3.153806    32.6763       3700     2.5689     8.7819     8.9548 1.0000e-12 0.0000e+00
    118.000     5.0514   3.154346    32.6791       3728     2.5881     8.7924     8.9676 1.0000e-12 0.0000e+00
    119.000     5.0543   3.155060    32.6840       3756     2.6080     8.7976     8.9703 1.0000e-12 0.0000e+00
    120.000     5.0561   3.156294    32.6958       3784     2.6271     8.7849     8.9595 1.0000e-12 0.0000e+00
    121.000     5.0501   3.156656    32.7054       3810     2.6448     8.7828     8.9583 1.0000e-12 0.0000e+00
    122.000     5.0463   3.156539    32.7072       3835     2.6622     8.7548     8.9381 1.0000e-12 0.0000e+00
    123.000     5.0425   3.156292    32.7076       3861     2.6803     8.7333     8.9132 1.0000e-12 0.0000e+00
    124.000     5.0403   3.156128    32.7074       3888     2.6994     8.7263     8.8925 1.0000e-12 0.0000e+00
    125.000     5.0400   3.156146    32.7074       3916     2.7186     8.7140     8.8721 1.0000e-12 0.0000e+00
    126.000     5.0400   3.156183    32.7074       3942     2.7369     8.7195     8.8885 1.0000e-12 0.0000e+00
    127.000     5.0387   3.156110    32.7073       3968     2.7546     8.7076     8.8964 1.0000e-12 0.0000e+00
    128.000     5.0377   3.156080    32.7074       3993     2.7724     8.7002     8.9039 1.0000e-12 0.0000e+00
    129.000     5.0366   3.156056    32.7077       4020     2.7908     8.7065     8.9068 1.0000e-12 0.0000e+00
    130.000     5.0371   3.156114    32.7074       4047     2.8097     8.6956     8.9001 1.0000e-12 0.0000e+00
    131.000     5.0361   3.156117    32.7079       4074     2.8282     8.6989     8.8864 1.0000e-12 0.0000e+00
    132.000     5.0337   3.156096    32.7095       4100     2.8463     8.7193     8.8897 1.0000e-12 0.0000e+00
    133.000     5.0328   3.156180    32.7108       4126     2.8647     8.7245     8.8932 1.0000e-12 0.0000e+00
    134.000     5.0317   3.156277    32.7125       4153     2.8836     8.7105     8.8770 1.0000e-12 0.0000e+00
    135.000     5.0316   3.156458    32.7142       4180     2.9018     8.7004     8.8813 1.0000e-12 0.0000e+00
    136.000     5.0325   3.156723    32.7159       4205     2.9193     8.7021     8.8732 1.0000e-12 0.0000e+00
    137.000     5.0325   3.156870    32.7170       4231     2.9375     8.6864     8.8617 1.0000e-12 0.0000e+00
    138.000     5.0305   3.156845    32.7182       4260     2.9575     8.6759     8.8731 1.0000e-12 0.0000e+00
    139.000     5.0260   3.156636    32.7197       4288     2.9772     8.6840     8.8715 1.0000e-12 0.0000e+00
    140.000     5.0235   3.156518    32.7203       4313     2.9946     8.6805     8.8529 1.0000e-12 0.0000e+00
    141.000     5.0221   3.156487    32.7208       4337     3.0109     8.6708     8.8458 1.0000e-12 0.0000e+00
    142.000     5.0189   3.156330    32.7217       4361     3.0280     8.6749     8.8534 1.0000e-12 0.0000e+00
    143.000     5.0163   3.156219    32.7224       4390     3.0477     8.6733     8.8452 1.0000e-12 0.0000e+00
    144.000     5.0140   3.156092    32.7227       4419     3.0683     8.6640     8.8332 1.0000e-12 0.0000e+00
    145.000     5.0143   3.156142    32.7225       4446     3.0868     8.6457     8.8241 1.0000e-12 0.0000e+00
    146.000     5.0124   3.156101    32.7234       4470     3.1037     8.6373     8.8372 1.0000e-12 0.0000e+00
