HB2502/ctd208.cnv
* Sea-Bird SBE 9 Data File:
* FileName = C:\cruise\data\ctd208.hex
* Software Version Seasave V 7.26.7.121
* Temperature SN = 4591
* Conductivity SN = 6006
* Number of Bytes Per Scan = 37
* Number of Voltage Words = 4
* Number of Scans Averaged by the Deck Unit = 1
* NMEA Latitude = 44 16.13 N
* NMEA Longitude = 067 08.76 W
* NMEA UTC (Time) = May 12 2025 02:22:07
* NMEA baud rate = 4800
** Ship: Bigelow HB2502
** Program:  Spring Bottom Trawl
** Chief Scientist:Jon Galbraith
# nquan = 10
# nvalues = 296                         
# units = specified
# name 0 = depSM: Depth [salt water, m]
# name 1 = t090C: Temperature [ITS-90, deg C]
# name 2 = c0S/m: Conductivity [S/m]
# name 3 = sal00: Salinity, Practical [PSU]
# name 4 = scan: Scan Count
# name 5 = timeM: Time, Elapsed [minutes]
# name 6 = sbeox0Mg/L: Oxygen, SBE 43 [mg/l]
# name 7 = sbeox1Mg/L: Oxygen, SBE 43, 2 [mg/l]
# name 8 = par: PAR/Irradiance, Biospherical/Licor
# name 9 = flag: flag
# span 0 =      2.000,    150.000       
# span 1 =     5.5922,     6.8455       
# span 2 =   3.208642,   3.407522       
# span 3 =    32.2835,    33.7471       
# span 4 =         15,       8526       
# span 5 =     0.0100,     5.9204       
# span 6 =     6.5206,     9.9004       
# span 7 =     6.7059,    10.0965       
# span 8 = 1.0000e-12, 1.5644e+01       
# span 9 = 0.0000e+00, 0.0000e+00       
# interval = meters: 1                  
# start_time = May 12 2025 02:22:07 [NMEA time, header]
# bad_flag = -9.990e-29
*END*
      2.000     6.5458   3.242939    32.2950         15     0.0100     9.7373    10.0273 1.4485e+01 0.0000e+00
      3.000     6.5471   3.243153    32.2956        182     0.1260     9.8084    10.0490 1.5644e+01 0.0000e+00
      4.000     6.5407   3.242714    32.2964        213     0.1474     9.8131    10.0551 9.3494e+00 0.0000e+00
      5.000     6.5407   3.242702    32.2957        242     0.1672     9.8125    10.0487 7.6301e+00 0.0000e+00
      6.000     6.5445   3.243075    32.2958        265     0.1835     9.7949    10.0354 6.1320e+00 0.0000e+00
      7.000     6.4175   3.236223    32.3399        288     0.1992     9.8569    10.0631 4.7378e+00 0.0000e+00
      8.000     6.2793   3.223654    32.3312        312     0.2160     9.9004    10.0698 4.4955e+00 0.0000e+00
      9.000     6.2817   3.223266    32.3241        339     0.2344     9.8154     9.9696 3.3835e+00 0.0000e+00
     10.000     6.2775   3.222838    32.3229        366     0.2534     9.7809     9.9649 2.6778e+00 0.0000e+00
     11.000     6.2606   3.221781    32.3267        394     0.2728     9.8127    10.0015 2.1338e+00 0.0000e+00
     12.000     6.2476   3.220662    32.3262        424     0.2935     9.8070    10.0189 1.6253e+00 0.0000e+00
     13.000     6.2354   3.219926    32.3291        453     0.3136     9.8144    10.0179 1.3613e+00 0.0000e+00
     14.000     6.2204   3.218971    32.3322        478     0.3310     9.8289    10.0255 1.1289e+00 0.0000e+00
     15.000     6.2114   3.218831    32.3387        499     0.3458     9.7971    10.0222 1.0697e+00 0.0000e+00
     16.000     6.1969   3.218561    32.3490        522     0.3617     9.7739    10.0121 8.0226e-01 0.0000e+00
     17.000     6.1650   3.217503    32.3672        553     0.3831     9.7771     9.9928 6.4597e-01 0.0000e+00
     18.000     6.1269   3.216344    32.3901        586     0.4062     9.7949     9.9783 5.5098e-01 0.0000e+00
     19.000     6.0853   3.215227    32.4169        610     0.4226     9.8067     9.9885 4.1944e-01 0.0000e+00
     20.000     6.0296   3.213801    32.4539        630     0.4370     9.8003     9.9722 3.9582e-01 0.0000e+00
     21.000     5.9455   3.210911    32.5017        654     0.4537     9.7732     9.9295 3.1755e-01 0.0000e+00
     22.000     5.9163   3.209540    32.5139        687     0.4764     9.6793     9.8121 2.5630e-01 0.0000e+00
     23.000     5.9073   3.209168    32.5178        716     0.4969     9.5942     9.7158 2.0449e-01 0.0000e+00
     24.000     5.9032   3.209214    32.5218        740     0.5131     9.5138     9.6649 1.6428e-01 0.0000e+00
     25.000     5.9003   3.209322    32.5253        765     0.5305     9.4768     9.6548 1.4186e-01 0.0000e+00
     26.000     5.8956   3.209606    32.5326        794     0.5506     9.4837     9.6659 1.0649e-01 0.0000e+00
     27.000     5.8923   3.209691    32.5362        821     0.5692     9.4595     9.6659 8.6775e-02 0.0000e+00
     28.000     5.8910   3.209687    32.5369        844     0.5857     9.4362     9.6654 5.4125e-02 0.0000e+00
     29.000     5.8789   3.209479    32.5457        868     0.6024     9.4386     9.6663 4.9924e-02 0.0000e+00
     30.000     5.8705   3.209424    32.5526        897     0.6220     9.4498     9.6491 3.2359e-02 0.0000e+00
     31.000     5.8550   3.209844    32.5718        927     0.6433     9.4549     9.6372 2.0482e-02 0.0000e+00
     32.000     5.8481   3.210340    32.5836        955     0.6622     9.4543     9.6236 1.3985e-02 0.0000e+00
     33.000     5.8445   3.211726    32.6021        979     0.6793     9.4246     9.5981 4.2204e-03 0.0000e+00
     34.000     5.8405   3.213098    32.6209       1004     0.6963     9.4026     9.5574 2.0440e-03 0.0000e+00
     35.000     5.8376   3.214320    32.6370       1029     0.7140     9.3414     9.5151 1.3367e-04 0.0000e+00
     36.000     5.8341   3.216266    32.6618       1056     0.7324     9.2672     9.4787 1.6244e-06 0.0000e+00
     37.000     5.8303   3.217588    32.6799       1084     0.7519     9.2303     9.4455 1.0000e-12 0.0000e+00
     38.000     5.8291   3.217745    32.6823       1115     0.7733     9.2000     9.3864 1.0000e-12 0.0000e+00
     39.000     5.8221   3.217729    32.6883       1143     0.7929     9.1371     9.3318 1.0000e-12 0.0000e+00
     40.000     5.8081   3.217696    32.7011       1167     0.8098     9.1016     9.3146 1.0000e-12 0.0000e+00
     41.000     5.7970   3.217627    32.7106       1190     0.8259     9.1047     9.3130 1.0000e-12 0.0000e+00
     42.000     5.7926   3.217550    32.7134       1216     0.8434     9.1055     9.2871 1.0000e-12 0.0000e+00
     43.000     5.7833   3.217412    32.7204       1244     0.8633     9.0902     9.2548 1.0000e-12 0.0000e+00
     44.000     5.7701   3.217173    32.7300       1272     0.8829     9.0657     9.2402 1.0000e-12 0.0000e+00
     45.000     5.7519   3.216806    32.7431       1297     0.9001     9.0715     9.2273 1.0000e-12 0.0000e+00
     46.000     5.7162   3.216156    32.7699       1321     0.9169     9.0490     9.2072 1.0000e-12 0.0000e+00
     47.000     5.6677   3.215052    32.8041       1348     0.9357     9.0184     9.1750 1.0000e-12 0.0000e+00
     48.000     5.6624   3.215095    32.8093       1379     0.9573     8.9601     9.0945 1.0000e-12 0.0000e+00
     49.000     5.6482   3.215470    32.8269       1409     0.9776     8.8536     9.0080 1.0000e-12 0.0000e+00
     50.000     5.6381   3.215750    32.8394       1434     0.9954     8.7705     8.9696 1.0000e-12 0.0000e+00
     51.000     5.6345   3.215571    32.8404       1457     1.0112     8.7564     8.9463 1.0000e-12 0.0000e+00
     52.000     5.6323   3.215389    32.8399       1479     1.0267     8.7508     8.9079 1.0000e-12 0.0000e+00
     53.000     5.6313   3.215349    32.8399       1507     1.0456     8.7181     8.8977 1.0000e-12 0.0000e+00
     54.000     5.6300   3.215267    32.8399       1541     1.0696     8.7107     8.9042 1.0000e-12 0.0000e+00
     55.000     5.6288   3.215138    32.8390       1570     1.0899     8.7235     8.9007 1.0000e-12 0.0000e+00
     56.000     5.6217   3.214825    32.8419       1593     1.1055     8.7141     8.9075 1.0000e-12 0.0000e+00
     57.000     5.6060   3.213627    32.8432       1615     1.1210     8.7078     8.9126 1.0000e-12 0.0000e+00
     58.000     5.6155   3.214748    32.8461       1642     1.1394     8.6965     8.9113 1.0000e-12 0.0000e+00
     59.000     5.6104   3.214983    32.8532       1673     1.1609     8.6927     8.9070 1.0000e-12 0.0000e+00
     60.000     5.5922   3.214116    32.8606       1701     1.1807     8.7024     8.9084 1.0000e-12 0.0000e+00
     61.000     5.5954   3.214937    32.8664       1726     1.1978     8.6813     8.8847 1.0000e-12 0.0000e+00
     62.000     5.5974   3.215261    32.8675       1749     1.2139     8.6803     8.8681 1.0000e-12 0.0000e+00
     63.000     5.5995   3.215677    32.8697       1774     1.2311     8.6469     8.8492 1.0000e-12 0.0000e+00
     64.000     5.6052   3.216578    32.8739       1804     1.2520     8.6215     8.8337 1.0000e-12 0.0000e+00
     65.000     5.6112   3.217488    32.8778       1837     1.2749     8.6256     8.8271 1.0000e-12 0.0000e+00
     66.000     5.6156   3.218489    32.8843       1864     1.2940     8.6139     8.8171 1.0000e-12 0.0000e+00
     67.000     5.6171   3.218890    32.8869       1889     1.3108     8.5887     8.8049 1.0000e-12 0.0000e+00
     68.000     5.6252   3.220137    32.8926       1912     1.3273     8.5827     8.7738 1.0000e-12 0.0000e+00
     69.000     5.6347   3.221942    32.9032       1936     1.3438     8.5832     8.7642 1.0000e-12 0.0000e+00
     70.000     5.6454   3.223992    32.9155       1962     1.3616     8.5743     8.7723 1.0000e-12 0.0000e+00
     71.000     5.6558   3.225784    32.9251       1992     1.3829     8.5174     8.7394 1.0000e-12 0.0000e+00
     72.000     5.6734   3.228380    32.9367       2024     1.4051     8.5037     8.6980 1.0000e-12 0.0000e+00
     73.000     5.6909   3.230653    32.9448       2051     1.4234     8.4885     8.6749 1.0000e-12 0.0000e+00
     74.000     5.7046   3.232544    32.9523       2074     1.4397     8.4554     8.6468 1.0000e-12 0.0000e+00
     75.000     5.7274   3.235832    32.9666       2098     1.4565     8.4291     8.6222 1.0000e-12 0.0000e+00
     76.000     5.7274   3.236530    32.9740       2125     1.4749     8.4202     8.6125 1.0000e-12 0.0000e+00
     77.000     5.7277   3.236717    32.9754       2152     1.4940     8.3853     8.5887 1.0000e-12 0.0000e+00
     78.000     5.7342   3.237402    32.9762       2179     1.5127     8.3469     8.5479 1.0000e-12 0.0000e+00
     79.000     5.7475   3.239179    32.9828       2207     1.5316     8.3299     8.5422 1.0000e-12 0.0000e+00
     80.000     5.7645   3.241798    32.9952       2235     1.5516     8.3451     8.5517 1.0000e-12 0.0000e+00
     81.000     5.7699   3.242715    32.9998       2264     1.5712     8.3417     8.5443 1.0000e-12 0.0000e+00
     82.000     5.7689   3.242702    33.0000       2289     1.5886     8.3309     8.5321 1.0000e-12 0.0000e+00
     83.000     5.7694   3.242918    33.0015       2312     1.6051     8.3130     8.5083 1.0000e-12 0.0000e+00
     84.000     5.7698   3.243083    33.0025       2338     1.6227     8.2887     8.4929 1.0000e-12 0.0000e+00
     85.000     5.7690   3.243494    33.0074       2366     1.6422     8.3033     8.4793 1.0000e-12 0.0000e+00
     86.000     5.7721   3.244257    33.0125       2393     1.6611     8.3020     8.4859 1.0000e-12 0.0000e+00
     87.000     5.7821   3.245707    33.0186       2419     1.6789     8.2999     8.4897 1.0000e-12 0.0000e+00
     88.000     5.7873   3.247039    33.0280       2446     1.6978     8.2829     8.4760 1.0000e-12 0.0000e+00
     89.000     5.7900   3.247480    33.0298       2476     1.7188     8.2575     8.4541 1.0000e-12 0.0000e+00
     90.000     5.7914   3.248222    33.0363       2504     1.7381     8.2431     8.4280 1.0000e-12 0.0000e+00
     91.000     5.7990   3.249324    33.0408       2527     1.7545     8.2350     8.4015 1.0000e-12 0.0000e+00
     92.000     5.8157   3.251589    33.0495       2551     1.7709     8.2185     8.3895 1.0000e-12 0.0000e+00
     93.000     5.8286   3.253287    33.0555       2577     1.7892     8.2174     8.3906 1.0000e-12 0.0000e+00
     94.000     5.8517   3.256739    33.0713       2605     1.8085     8.1851     8.3646 1.0000e-12 0.0000e+00
     95.000     5.8727   3.259845    33.0852       2631     1.8264     8.1488     8.3581 1.0000e-12 0.0000e+00
     96.000     5.9013   3.263780    33.1010       2658     1.8449     8.1404     8.3284 1.0000e-12 0.0000e+00
     97.000     5.9350   3.268418    33.1196       2689     1.8664     8.1125     8.2754 1.0000e-12 0.0000e+00
     98.000     5.9509   3.270556    33.1276       2718     1.8865     8.0338     8.2426 1.0000e-12 0.0000e+00
     99.000     5.9703   3.273263    33.1385       2741     1.9025     8.0044     8.2137 1.0000e-12 0.0000e+00
    100.000     5.9874   3.275765    33.1494       2762     1.9175     7.9865     8.1952 1.0000e-12 0.0000e+00
    101.000     6.0120   3.279279    33.1642       2787     1.9345     7.9650     8.1701 1.0000e-12 0.0000e+00
    102.000     6.0452   3.284165    33.1860       2816     1.9550     7.9581     8.1325 1.0000e-12 0.0000e+00
    103.000     6.0743   3.288684    33.2076       2847     1.9765     7.9141     8.0959 1.0000e-12 0.0000e+00
    104.000     6.0915   3.291156    33.2179       2875     1.9958     7.8697     8.0288 1.0000e-12 0.0000e+00
    105.000     6.1338   3.296884    33.2401       2899     2.0127     7.8220     7.9801 1.0000e-12 0.0000e+00
    106.000     6.1615   3.301268    33.2615       2923     2.0293     7.7750     7.9566 1.0000e-12 0.0000e+00
    107.000     6.1962   3.305929    33.2791       2948     2.0466     7.7226     7.9262 1.0000e-12 0.0000e+00
    108.000     6.2393   3.312818    33.3133       2975     2.0651     7.6730     7.8727 1.0000e-12 0.0000e+00
    109.000     6.2549   3.315569    33.3282       3002     2.0841     7.6376     7.8196 1.0000e-12 0.0000e+00
    110.000     6.2632   3.316991    33.3355       3030     2.1037     7.5846     7.7508 1.0000e-12 0.0000e+00
    111.000     6.2660   3.317558    33.3385       3059     2.1235     7.5078     7.6854 1.0000e-12 0.0000e+00
    112.000     6.2687   3.318122    33.3417       3086     2.1422     7.4754     7.6579 1.0000e-12 0.0000e+00
    113.000     6.2679   3.318499    33.3462       3111     2.1597     7.4806     7.6588 1.0000e-12 0.0000e+00
    114.000     6.2672   3.318444    33.3457       3136     2.1770     7.4858     7.6489 1.0000e-12 0.0000e+00
    115.000     6.2666   3.318438    33.3458       3161     2.1946     7.4904     7.6391 1.0000e-12 0.0000e+00
    116.000     6.2660   3.318849    33.3505       3186     2.2117     7.4826     7.6500 1.0000e-12 0.0000e+00
    117.000     6.2675   3.319651    33.3574       3212     2.2297     7.4716     7.6624 1.0000e-12 0.0000e+00
    118.000     6.2670   3.319713    33.3581       3242     2.2509     7.4679     7.6546 1.0000e-12 0.0000e+00
    119.000     6.2757   3.321209    33.3658       3273     2.2726     7.4503     7.6263 1.0000e-12 0.0000e+00
    120.000     6.2920   3.323569    33.3755       3298     2.2897     7.4384     7.6213 1.0000e-12 0.0000e+00
    121.000     6.3119   3.326262    33.3855       3319     2.3043     7.4274     7.6208 1.0000e-12 0.0000e+00
    122.000     6.3290   3.329282    33.4020       3342     2.3199     7.4053     7.5981 1.0000e-12 0.0000e+00
    123.000     6.3474   3.332464    33.4188       3372     2.3407     7.3788     7.5579 1.0000e-12 0.0000e+00
    124.000     6.3779   3.337171    33.4408       3404     2.3631     7.3248     7.4990 1.0000e-12 0.0000e+00
    125.000     6.3865   3.338446    33.4460       3430     2.3809     7.2790     7.4584 1.0000e-12 0.0000e+00
    126.000     6.4066   3.341192    33.4564       3453     2.3971     7.2382     7.4144 1.0000e-12 0.0000e+00
    127.000     6.4380   3.345788    33.4762       3478     2.4144     7.1962     7.3732 1.0000e-12 0.0000e+00
    128.000     6.4588   3.348977    33.4907       3506     2.4340     7.1820     7.3606 1.0000e-12 0.0000e+00
    129.000     6.5101   3.356323    33.5213       3535     2.4539     7.1429     7.3371 1.0000e-12 0.0000e+00
    130.000     6.5572   3.363308    33.5520       3560     2.4715     7.1116     7.2970 1.0000e-12 0.0000e+00
    131.000     6.6349   3.374558    33.5997       3583     2.4875     7.0765     7.2528 1.0000e-12 0.0000e+00
    132.000     6.6873   3.382796    33.6388       3608     2.5046     7.0134     7.1814 1.0000e-12 0.0000e+00
    133.000     6.6990   3.384813    33.6491       3637     2.5248     6.9144     7.0559 1.0000e-12 0.0000e+00
    134.000     6.7426   3.391182    33.6761       3668     2.5462     6.7688     6.9261 1.0000e-12 0.0000e+00
    135.000     6.7404   3.391275    33.6788       3694     2.5647     6.6874     6.8684 1.0000e-12 0.0000e+00
    136.000     6.7429   3.391573    33.6792       3718     2.5814     6.6676     6.8131 1.0000e-12 0.0000e+00
    137.000     6.7767   3.396235    33.6969       3743     2.5986     6.6473     6.7998 1.0000e-12 0.0000e+00
    138.000     6.7882   3.398026    33.7049       3769     2.6168     6.6429     6.8238 1.0000e-12 0.0000e+00
    139.000     6.7975   3.399605    33.7126       3796     2.6353     6.6446     6.8198 1.0000e-12 0.0000e+00
    140.000     6.7977   3.399609    33.7119       3821     2.6530     6.6406     6.7991 1.0000e-12 0.0000e+00
    141.000     6.8223   3.403193    33.7267       3846     2.6703     6.6119     6.7767 1.0000e-12 0.0000e+00
    142.000     6.8263   3.403864    33.7297       3874     2.6893     6.5896     6.7837 1.0000e-12 0.0000e+00
    143.000     6.8400   3.405965    33.7389       3903     2.7097     6.5774     6.7675 1.0000e-12 0.0000e+00
    144.000     6.8390   3.405958    33.7392       3930     2.7285     6.5681     6.7472 1.0000e-12 0.0000e+00
    145.000     6.8388   3.406004    33.7395       3955     2.7459     6.5705     6.7340 1.0000e-12 0.0000e+00
