HB2502/ctd211.cnv
* Sea-Bird SBE 9 Data File:
* FileName = C:\cruise\data\ctd211.hex
* Software Version Seasave V 7.26.7.121
* Temperature SN = 4591
* Conductivity SN = 6006
* Number of Bytes Per Scan = 37
* Number of Voltage Words = 4
* Number of Scans Averaged by the Deck Unit = 1
* NMEA Latitude = 43 57.25 N
* NMEA Longitude = 068 21.59 W
* NMEA UTC (Time) = May 12 2025 13:20:09
* NMEA baud rate = 4800
** Ship: Bigelow HB2502
** Program:  Spring Bottom Trawl
** Chief Scientist:Jon Galbraith
# nquan = 10
# nvalues = 177                         
# units = specified
# name 0 = depSM: Depth [salt water, m]
# name 1 = t090C: Temperature [ITS-90, deg C]
# name 2 = c0S/m: Conductivity [S/m]
# name 3 = sal00: Salinity, Practical [PSU]
# name 4 = scan: Scan Count
# name 5 = timeM: Time, Elapsed [minutes]
# name 6 = sbeox0Mg/L: Oxygen, SBE 43 [mg/l]
# name 7 = sbeox1Mg/L: Oxygen, SBE 43, 2 [mg/l]
# name 8 = par: PAR/Irradiance, Biospherical/Licor
# name 9 = flag: flag
# span 0 =      3.000,     91.000       
# span 1 =     5.0158,     6.1869       
# span 2 =   3.108614,   3.197494       
# span 3 =    32.0712,    32.4385       
# span 4 =        210,       6721       
# span 5 =     0.1452,     4.6666       
# span 6 =     8.9341,     9.9226       
# span 7 =     9.1904,    10.1470       
# span 8 = -7.659e-06, 2.3791e+02       
# span 9 = 0.0000e+00, 0.0000e+00       
# interval = meters: 1                  
# start_time = May 12 2025 13:20:09 [NMEA time, header]
# bad_flag = -9.990e-29
*END*
[from data line 145]
     34.000     5.4510   3.134233    32.1049       5820     4.0410     9.5864     9.8398 1.2757e+00 0.0000e+00
     33.000     5.4977   3.138051    32.1039       5846     4.0592     9.5938     9.8453 1.4773e+00 0.0000e+00
     32.000     5.5704   3.144299    32.1056       5872     4.0769     9.6182     9.8587 1.6917e+00 0.0000e+00
     31.000     5.6552   3.151319    32.1045       5897     4.0946     9.6075     9.8878 1.9505e+00 0.0000e+00
     30.000     5.7046   3.155680    32.1070       5923     4.1128     9.5928     9.9240 2.2685e+00 0.0000e+00
     29.000     5.7413   3.158983    32.1097       5950     4.1311     9.6382     9.9362 2.5926e+00 0.0000e+00
     28.000     5.7908   3.163116    32.1096       5976     4.1491     9.6823     9.9490 2.9538e+00 0.0000e+00
     27.000     5.8616   3.169687    32.1166       6001     4.1666     9.6945     9.9635 3.3558e+00 0.0000e+00
     26.000     5.9187   3.174863    32.1208       6026     4.1842     9.7133     9.9945 3.8023e+00 0.0000e+00
     25.000     5.9409   3.177188    32.1262       6052     4.2022     9.7371    10.0252 4.3643e+00 0.0000e+00
     24.000     5.9969   3.182080    32.1283       6079     4.2206     9.7444    10.0357 5.0613e+00 0.0000e+00
     23.000     6.0145   3.183877    32.1322       6105     4.2389     9.7805    10.0117 5.8861e+00 0.0000e+00
     22.000     6.0273   3.185087    32.1341       6131     4.2571     9.8085    10.0367 6.8516e+00 0.0000e+00
     21.000     6.0374   3.185947    32.1346       6157     4.2750     9.7868    10.0586 7.9994e+00 0.0000e+00
     20.000     6.0536   3.187232    32.1340       6182     4.2924     9.7908    10.0676 9.2855e+00 0.0000e+00
     19.000     6.0692   3.188503    32.1339       6207     4.3098     9.8050    10.0844 1.0790e+01 0.0000e+00
     18.000     6.0828   3.189450    32.1320       6233     4.3275     9.8039    10.0755 1.2564e+01 0.0000e+00
     17.000     6.1351   3.191997    32.1114       6259     4.3458     9.8169    10.0576 1.4756e+01 0.0000e+00
     16.000     6.1413   3.192521    32.1118       6286     4.3644     9.8352    10.0824 1.7389e+01 0.0000e+00
     15.000     6.1480   3.192899    32.1102       6313     4.3832     9.8583    10.1161 2.0770e+01 0.0000e+00
     14.000     6.1527   3.193590    32.1140       6339     4.4016     9.8556    10.1228 2.4965e+01 0.0000e+00
     13.000     6.1568   3.194545    32.1212       6365     4.4197     9.8709    10.1285 3.0033e+01 0.0000e+00
     12.000     6.1844   3.196514    32.1175       6391     4.4373     9.8867    10.1172 3.5742e+01 0.0000e+00
     11.000     6.1844   3.196155    32.1140       6415     4.4543     9.8891    10.1092 4.3030e+01 0.0000e+00
     10.000     6.1768   3.194854    32.1072       6440     4.4713     9.9001    10.1170 5.1637e+01 0.0000e+00
      9.000     6.1715   3.193734    32.1003       6466     4.4897     9.8912    10.1456 6.3387e+01 0.0000e+00
      8.000     6.1797   3.195051    32.1076       6497     4.5112     9.8849    10.1437 7.8059e+01 0.0000e+00
      7.000     6.1811   3.195286    32.1093       6530     4.5339     9.8817    10.1267 9.6875e+01 0.0000e+00
      6.000     6.1818   3.195393    32.1103       6560     4.5550     9.8817    10.1448 1.1608e+02 0.0000e+00
      5.000     6.1709   3.193298    32.0979       6593     4.5775     9.9174    10.1470 1.4942e+02 0.0000e+00
      4.000     6.1661   3.191724    32.0854       6631     4.6042     9.9226    10.1401 1.8416e+02 0.0000e+00
      3.000     6.1715   3.192313    32.0874       6721     4.6666     9.9048    10.1323 2.3245e+02 0.0000e+00
