HB2502/ctd215.cnv
* Sea-Bird SBE 9 Data File:
* FileName = C:\cruise\data\ctd215.hex
* Software Version Seasave V 7.26.7.121
* Temperature SN = 4591
* Conductivity SN = 6006
* Number of Bytes Per Scan = 37
* Number of Voltage Words = 4
* Number of Scans Averaged by the Deck Unit = 1
* NMEA Latitude = 43 15.40 N
* NMEA Longitude = 068 13.81 W
* NMEA UTC (Time) = May 13 2025 15:57:49
* NMEA baud rate = 4800
** Ship: Bigelow HB2502
** Program:  Spring Bottom Trawl
** Chief Scientist:Jon Galbraith
# nquan = 10
# nvalues = 375                         
# units = specified
# name 0 = depSM: Depth [salt water, m]
# name 1 = t090C: Temperature [ITS-90, deg C]
# name 2 = c0S/m: Conductivity [S/m]
# name 3 = sal00: Salinity, Practical [PSU]
# name 4 = scan: Scan Count
# name 5 = timeM: Time, Elapsed [minutes]
# name 6 = sbeox0Mg/L: Oxygen, SBE 43 [mg/l]
# name 7 = sbeox1Mg/L: Oxygen, SBE 43, 2 [mg/l]
# name 8 = par: PAR/Irradiance, Biospherical/Licor
# name 9 = flag: flag
# span 0 =      1.000,    189.000       
# span 1 =     4.6919,     8.6997       
# span 2 =   3.115725,   3.438687       
# span 3 =    32.3927,    33.8526       
# span 4 =        135,      10810       
# span 5 =     0.0933,     7.5065       
# span 6 =     6.2029,    10.4547       
# span 7 =     6.3765,    10.7267       
# span 8 = 1.0000e-12, 4.3672e+03       
# span 9 = 0.0000e+00, 0.0000e+00       
# interval = meters: 1                  
# start_time = May 13 2025 15:57:49 [NMEA time, header]
# bad_flag = -9.990e-29
*END*
      3.000     8.6997   3.438687    32.3927        135     0.0933    10.1122    10.3682 9.6918e+02 0.0000e+00
      4.000     8.3707   3.421248    32.5117        286     0.1981    10.2022    10.4559 5.0195e+02 0.0000e+00
      5.000     7.9109   3.377369    32.4719        319     0.2210    10.3204    10.4667 6.8176e+02 0.0000e+00
      6.000     7.7977   3.365809    32.4534        347     0.2402    10.1754    10.2191 7.8807e+02 0.0000e+00
      7.000     7.7473   3.361388    32.4525        373     0.2581    10.1025    10.2556 6.9385e+02 0.0000e+00
      8.000     7.6980   3.357067    32.4517        398     0.2760    10.1704    10.3344 7.0299e+02 0.0000e+00
      9.000     7.6668   3.354160    32.4491        425     0.2947    10.2582    10.4186 5.9201e+02 0.0000e+00
     10.000     7.6473   3.352283    32.4467        452     0.3132    10.2652    10.4710 4.7820e+02 0.0000e+00
     11.000     7.6335   3.351028    32.4456        478     0.3313    10.2658    10.4853 5.0431e+02 0.0000e+00
     12.000     7.6243   3.350365    32.4466        503     0.3490    10.2999    10.4854 4.1484e+02 0.0000e+00
     13.000     7.6998   3.355144    32.4270        529     0.3667    10.2974    10.4607 3.6548e+02 0.0000e+00
     14.000     7.6106   3.350101    32.4557        556     0.3855    10.3123    10.5087 3.1884e+02 0.0000e+00
     15.000     7.6404   3.350821    32.4351        584     0.4050    10.3220    10.4860 2.9022e+02 0.0000e+00
     16.000     7.6026   3.349035    32.4507        612     0.4244    10.3034    10.5045 2.4311e+02 0.0000e+00
     17.000     7.5677   3.345992    32.4501        638     0.4426    10.3265    10.4986 2.3634e+02 0.0000e+00
     18.000     7.5521   3.344646    32.4497        662     0.4592    10.3201    10.4676 1.9810e+02 0.0000e+00
     19.000     7.5304   3.342996    32.4518        686     0.4759    10.3121    10.5138 1.8104e+02 0.0000e+00
     20.000     7.4676   3.338203    32.4584        714     0.4950    10.3372    10.5330 1.5493e+02 0.0000e+00
     21.000     7.3874   3.331943    32.4654        743     0.5151    10.3395    10.5085 1.4687e+02 0.0000e+00
     22.000     7.2450   3.320961    32.4797        770     0.5342    10.3860    10.5543 1.1431e+02 0.0000e+00
     23.000     7.0588   3.306569    32.4981        796     0.5524    10.4291    10.5629 1.0339e+02 0.0000e+00
     24.000     6.8824   3.291157    32.4960        823     0.5708    10.4547    10.5525 8.5625e+01 0.0000e+00
     25.000     6.8150   3.285293    32.4950        850     0.5895    10.4401    10.5331 7.5174e+01 0.0000e+00
     26.000     6.7482   3.280074    32.5006        876     0.6075    10.4448    10.5564 6.2563e+01 0.0000e+00
     27.000     6.6980   3.276287    32.5061        900     0.6246    10.4472    10.5694 5.5392e+01 0.0000e+00
     28.000     6.6245   3.271123    32.5185        926     0.6421    10.4233    10.5554 4.5455e+01 0.0000e+00
     29.000     6.5559   3.265483    32.5211        953     0.6612    10.3787    10.5139 3.7772e+01 0.0000e+00
     30.000     6.4341   3.255815    32.5298        983     0.6819    10.3310    10.4923 3.3171e+01 0.0000e+00
     31.000     6.2260   3.239366    32.5456       1012     0.7021    10.3645    10.4932 2.9160e+01 0.0000e+00
     32.000     5.9229   3.215599    32.5705       1038     0.7199    10.3696    10.4743 2.5774e+01 0.0000e+00
     33.000     5.8633   3.209691    32.5611       1061     0.7364    10.2778    10.3627 2.3101e+01 0.0000e+00
     34.000     5.8309   3.206847    32.5599       1086     0.7535    10.2137    10.3073 2.0816e+01 0.0000e+00
     35.000     5.8088   3.204630    32.5558       1113     0.7722    10.2060    10.3102 1.8673e+01 0.0000e+00
     36.000     5.7883   3.202879    32.5553       1141     0.7915    10.1590    10.3238 1.6785e+01 0.0000e+00
     37.000     5.7229   3.197906    32.5619       1168     0.8108    10.1420    10.3388 1.5339e+01 0.0000e+00
     38.000     5.6579   3.193008    32.5690       1196     0.8300    10.1632    10.3309 1.3823e+01 0.0000e+00
     39.000     5.6089   3.188921    32.5698       1223     0.8487    10.1611    10.3019 1.2640e+01 0.0000e+00
     40.000     5.4957   3.180108    32.5791       1248     0.8660    10.1399    10.3014 1.1618e+01 0.0000e+00
     41.000     5.4205   3.173015    32.5711       1272     0.8829    10.1172    10.2603 1.0683e+01 0.0000e+00
     42.000     5.3733   3.169928    32.5813       1299     0.9012    10.0652    10.2069 9.7139e+00 0.0000e+00
     43.000     5.2823   3.162962    32.5900       1327     0.9205    10.0471    10.2107 8.8605e+00 0.0000e+00
     44.000     5.2593   3.161488    32.5950       1354     0.9397    10.0094    10.1638 8.2113e+00 0.0000e+00
     45.000     5.1924   3.157547    32.6148       1382     0.9589     9.9726    10.1195 7.6172e+00 0.0000e+00
     46.000     5.0329   3.145284    32.6296       1409     0.9777     9.9628    10.0786 7.0794e+00 0.0000e+00
     47.000     4.9408   3.136766    32.6215       1435     0.9957     9.9026     9.9890 6.5526e+00 0.0000e+00
     48.000     4.9270   3.135373    32.6185       1460     1.0132     9.7947     9.8783 6.1015e+00 0.0000e+00
     49.000     4.8458   3.128640    32.6200       1485     1.0306     9.7359     9.8514 5.6547e+00 0.0000e+00
     50.000     4.7815   3.122874    32.6160       1511     1.0487     9.6960     9.8434 5.2346e+00 0.0000e+00
     51.000     4.7660   3.121169    32.6110       1539     1.0681     9.6596     9.8179 4.8261e+00 0.0000e+00
     52.000     4.7505   3.120025    32.6125       1567     1.0877     9.6607     9.7873 4.4774e+00 0.0000e+00
     53.000     4.7472   3.119667    32.6111       1594     1.1065     9.6309     9.7917 4.1451e+00 0.0000e+00
     54.000     4.7445   3.119661    32.6132       1621     1.1247     9.6175     9.8065 3.8316e+00 0.0000e+00
     55.000     4.7293   3.118642    32.6158       1646     1.1424     9.6217     9.8101 3.5544e+00 0.0000e+00
     56.000     4.7199   3.118131    32.6187       1672     1.1606     9.6013     9.7905 3.2829e+00 0.0000e+00
     57.000     4.6953   3.116643    32.6251       1700     1.1799     9.5783     9.7659 3.0017e+00 0.0000e+00
     58.000     4.6969   3.117378    32.6315       1727     1.1985     9.5638     9.7304 2.7845e+00 0.0000e+00
     59.000     4.7069   3.118732    32.6369       1752     1.2161     9.5173     9.6971 2.5609e+00 0.0000e+00
     60.000     4.7226   3.121064    32.6479       1778     1.2341     9.4525     9.6393 2.3617e+00 0.0000e+00
     61.000     4.7258   3.121584    32.6503       1804     1.2523     9.4046     9.5749 2.1714e+00 0.0000e+00
     62.000     4.7604   3.125640    32.6626       1832     1.2712     9.3530     9.5060 2.0217e+00 0.0000e+00
     63.000     4.7774   3.128550    32.6791       1859     1.2904     9.3131     9.4697 1.8815e+00 0.0000e+00
     64.000     4.7831   3.129626    32.6854       1886     1.3092     9.2919     9.4495 1.7113e+00 0.0000e+00
     65.000     4.7848   3.130050    32.6881       1913     1.3277     9.2382     9.4136 1.5582e+00 0.0000e+00
     66.000     4.7851   3.130385    32.6912       1939     1.3457     9.1775     9.3744 1.4239e+00 0.0000e+00
     67.000     4.7821   3.130830    32.6987       1964     1.3635     9.1318     9.3477 1.3311e+00 0.0000e+00
     68.000     4.7849   3.131624    32.7047       1992     1.3825     9.1195     9.3282 1.2228e+00 0.0000e+00
     69.000     4.7871   3.132100    32.7075       2020     1.4020     9.1118     9.2882 1.1247e+00 0.0000e+00
     70.000     4.8090   3.135403    32.7235       2047     1.4209     9.0605     9.2456 1.0428e+00 0.0000e+00
     71.000     4.8152   3.136635    32.7311       2073     1.4389     9.0569     9.2336 9.6107e-01 0.0000e+00
     72.000     4.8187   3.137149    32.7331       2097     1.4556     9.0593     9.2214 8.7989e-01 0.0000e+00
     73.000     4.8254   3.138191    32.7381       2121     1.4724     9.0281     9.1841 8.2067e-01 0.0000e+00
     74.000     4.8314   3.139069    32.7418       2147     1.4906     8.9910     9.1640 7.4697e-01 0.0000e+00
     75.000     4.8475   3.141354    32.7518       2175     1.5101     8.9664     9.1485 6.8630e-01 0.0000e+00
     76.000     4.8610   3.143383    32.7614       2204     1.5298     8.9537     9.1375 6.3221e-01 0.0000e+00
     77.000     4.8718   3.145081    32.7698       2231     1.5487     8.9577     9.1272 5.7146e-01 0.0000e+00
     78.000     4.8851   3.146805    32.7761       2258     1.5671     8.9316     9.0845 5.2956e-01 0.0000e+00
     79.000     4.9015   3.149106    32.7860       2284     1.5857     8.8840     9.0566 4.7772e-01 0.0000e+00
     80.000     4.9224   3.151797    32.7959       2311     1.6040     8.8543     9.0294 4.3004e-01 0.0000e+00
     81.000     4.9455   3.155152    32.8112       2337     1.6221     8.8207     8.9960 4.0209e-01 0.0000e+00
     82.000     4.9520   3.156179    32.8161       2362     1.6397     8.7905     8.9741 3.6975e-01 0.0000e+00
     83.000     4.9595   3.157153    32.8194       2388     1.6575     8.7460     8.9193 3.4872e-01 0.0000e+00
     84.000     4.9810   3.160005    32.8306       2415     1.6763     8.6951     8.8671 3.1506e-01 0.0000e+00
     85.000     4.9985   3.162449    32.8409       2443     1.6957     8.6717     8.8677 2.9447e-01 0.0000e+00
     86.000     5.0073   3.163642    32.8455       2469     1.7140     8.6622     8.8594 2.6813e-01 0.0000e+00
     87.000     5.0226   3.165751    32.8542       2494     1.7314     8.6363     8.8364 2.5053e-01 0.0000e+00
     88.000     5.0342   3.167220    32.8590       2519     1.7488     8.6126     8.8037 2.1834e-01 0.0000e+00
     89.000     5.0469   3.168950    32.8659       2546     1.7676     8.5953     8.7755 2.0151e-01 0.0000e+00
     90.000     5.0896   3.174343    32.8852       2575     1.7873     8.5682     8.7483 1.7851e-01 0.0000e+00
     91.000     5.1160   3.177811    32.8984       2602     1.8061     8.5565     8.7391 1.5550e-01 0.0000e+00
     92.000     5.1410   3.180972    32.9095       2628     1.8243     8.5374     8.7188 1.4873e-01 0.0000e+00
     93.000     5.1644   3.183906    32.9197       2654     1.8424     8.4897     8.6697 1.3221e-01 0.0000e+00
     94.000     5.1994   3.188411    32.9362       2680     1.8605     8.4469     8.6162 1.1373e-01 0.0000e+00
     95.000     5.2192   3.191172    32.9478       2707     1.8789     8.3985     8.5855 1.0146e-01 0.0000e+00
     96.000     5.2370   3.193279    32.9538       2733     1.8972     8.3652     8.5512 8.7857e-02 0.0000e+00
     97.000     5.2662   3.197081    32.9680       2759     1.9153     8.3271     8.4995 8.3934e-02 0.0000e+00
     98.000     5.2901   3.200166    32.9792       2785     1.9337     8.2978     8.4761 6.1095e-02 0.0000e+00
     99.000     5.3105   3.202865    32.9894       2812     1.9520     8.2787     8.4475 6.0223e-02 0.0000e+00
    100.000     5.3404   3.206347    32.9992       2838     1.9701     8.2516     8.4285 4.8087e-02 0.0000e+00
    101.000     5.3644   3.209425    33.0102       2864     1.9879     8.2118     8.4099 4.3144e-02 0.0000e+00
    102.000     5.3894   3.212585    33.0210       2889     2.0057     8.1957     8.3896 3.9353e-02 0.0000e+00
    103.000     5.3974   3.213871    33.0273       2916     2.0245     8.1807     8.3664 2.9277e-02 0.0000e+00
    104.000     5.4035   3.214607    33.0292       2945     2.0448     8.1576     8.3369 2.4454e-02 0.0000e+00
    105.000     5.4471   3.219773    33.0446       2973     2.0637     8.1168     8.3129 1.9760e-02 0.0000e+00
    106.000     5.4954   3.225942    33.0666       2998     2.0814     8.1084     8.3067 1.4714e-02 0.0000e+00
    107.000     5.5347   3.231003    33.0849       3024     2.0994     8.1138     8.2997 6.8096e-03 0.0000e+00
    108.000     5.5731   3.236134    33.1048       3050     2.1171     8.1018     8.2617 7.9785e-03 0.0000e+00
    109.000     5.5860   3.238186    33.1149       3074     2.1340     8.0799     8.2211 1.3252e-04 0.0000e+00
    110.000     5.5949   3.239451    33.1200       3099     2.1511     8.0383     8.1905 4.8884e-04 0.0000e+00
    111.000     5.6097   3.241386    33.1268       3125     2.1694     7.9833     8.1432 1.0848e-05 0.0000e+00
    112.000     5.6621   3.247664    33.1459       3155     2.1900     7.9414     8.1085 1.0000e-12 0.0000e+00
    113.000     5.7277   3.255424    33.1686       3185     2.2111     7.9292     8.1049 6.2267e-05 0.0000e+00
    114.000     5.8256   3.267439    33.2074       3211     2.2294     7.9026     8.0737 5.3501e-07 0.0000e+00
    115.000     5.8887   3.275302    33.2335       3235     2.2459     7.8621     8.0368 1.0000e-12 0.0000e+00
    116.000     5.9321   3.281083    33.2553       3259     2.2624     7.8150     7.9756 1.0000e-12 0.0000e+00
    117.000     5.9593   3.284639    33.2681       3284     2.2801     7.7350     7.8802 1.0000e-12 0.0000e+00
    118.000     5.9838   3.288054    33.2818       3312     2.2995     7.6244     7.7945 1.0000e-12 0.0000e+00
    119.000     5.9913   3.289342    33.2885       3341     2.3197     7.5793     7.7525 1.0000e-12 0.0000e+00
    120.000     5.9961   3.290136    33.2921       3368     2.3385     7.5474     7.7224 1.0000e-12 0.0000e+00
    121.000     6.0135   3.292067    33.2962       3394     2.3562     7.5441     7.7295 1.0000e-12 0.0000e+00
    122.000     6.0794   3.300193    33.3221       3419     2.3733     7.5581     7.7286 1.0000e-12 0.0000e+00
    123.000     6.1235   3.306171    33.3451       3443     2.3901     7.5526     7.7305 1.0000e-12 0.0000e+00
    124.000     6.1713   3.313107    33.3753       3469     2.4082     7.5124     7.6961 1.0000e-12 0.0000e+00
    125.000     6.1861   3.315486    33.3869       3497     2.4279     7.4452     7.6048 1.0000e-12 0.0000e+00
    126.000     6.2003   3.317456    33.3944       3526     2.4481     7.3728     7.5179 1.0000e-12 0.0000e+00
    127.000     6.2125   3.319328    33.4028       3553     2.4669     7.3284     7.4731 1.0000e-12 0.0000e+00
    128.000     6.2423   3.323327    33.4177       3579     2.4844     7.3106     7.4529 1.0000e-12 0.0000e+00
    129.000     6.2588   3.325896    33.4297       3603     2.5016     7.2837     7.4431 1.0000e-12 0.0000e+00
    130.000     6.2885   3.329885    33.4444       3629     2.5196     7.2635     7.4298 1.0000e-12 0.0000e+00
    131.000     6.3078   3.332706    33.4565       3656     2.5379     7.2605     7.4096 1.0000e-12 0.0000e+00
    132.000     6.3262   3.335389    33.4677       3682     2.5559     7.2334     7.3899 1.0000e-12 0.0000e+00
    133.000     6.3540   3.339697    33.4879       3708     2.5746     7.1920     7.3502 1.0000e-12 0.0000e+00
    134.000     6.4111   3.347813    33.5215       3736     2.5940     7.1430     7.3129 1.0000e-12 0.0000e+00
    135.000     6.4388   3.351653    33.5365       3764     2.6135     7.1314     7.2935 1.0000e-12 0.0000e+00
    136.000     6.4487   3.353839    33.5506       3791     2.6316     7.1142     7.2690 1.0000e-12 0.0000e+00
    137.000     6.4602   3.355773    33.5602       3815     2.6489     7.0718     7.2193 1.0000e-12 0.0000e+00
    138.000     6.4662   3.356819    33.5654       3840     2.6663     7.0333     7.1926 1.0000e-12 0.0000e+00
    139.000     6.4728   3.357837    33.5698       3867     2.6846     7.0219     7.1827 1.0000e-12 0.0000e+00
    140.000     6.4756   3.358454    33.5734       3894     2.7034     7.0162     7.1733 1.0000e-12 0.0000e+00
    141.000     6.4768   3.358701    33.5745       3920     2.7215     7.0051     7.1590 1.0000e-12 0.0000e+00
    142.000     6.4863   3.360032    33.5794       3947     2.7399     7.0048     7.1585 1.0000e-12 0.0000e+00
    143.000     6.4929   3.361149    33.5848       3974     2.7593     7.0211     7.1616 1.0000e-12 0.0000e+00
    144.000     6.4988   3.362012    33.5880       4002     2.7781     7.0216     7.1603 1.0000e-12 0.0000e+00
    145.000     6.5071   3.363181    33.5924       4028     2.7964     7.0010     7.1471 1.0000e-12 0.0000e+00
    146.000     6.5164   3.364429    33.5966       4053     2.8140     6.9755     7.1408 1.0000e-12 0.0000e+00
