HB2502/ctd207.cnv
* Sea-Bird SBE 9 Data File:
* FileName = C:\cruise\data\ctd207.hex
* Software Version Seasave V 7.26.7.121
* Temperature SN = 4591
* Conductivity SN = 6006
* Number of Bytes Per Scan = 37
* Number of Voltage Words = 4
* Number of Scans Averaged by the Deck Unit = 1
* NMEA Latitude = 44 16.77 N
* NMEA Longitude = 066 31.37 W
* NMEA UTC (Time) = May 11 2025 19:29:02
* NMEA baud rate = 4800
** Ship: Bigelow HB2502
** Program:  Spring Bottom Trawl
** Chief Scientist:Jon Galbraith
# nquan = 10
# nvalues = 362                         
# units = specified
# name 0 = depSM: Depth [salt water, m]
# name 1 = t090C: Temperature [ITS-90, deg C]
# name 2 = c0S/m: Conductivity [S/m]
# name 3 = sal00: Salinity, Practical [PSU]
# name 4 = scan: Scan Count
# name 5 = timeM: Time, Elapsed [minutes]
# name 6 = sbeox0Mg/L: Oxygen, SBE 43 [mg/l]
# name 7 = sbeox1Mg/L: Oxygen, SBE 43, 2 [mg/l]
# name 8 = par: PAR/Irradiance, Biospherical/Licor
# name 9 = flag: flag
# span 0 =      1.000,    183.000       
# span 1 =     5.4931,     5.9272       
# span 2 =   3.143522,   3.255484       
# span 3 =    31.9553,    33.0484       
# span 4 =         86,      11125       
# span 5 =     0.0593,     7.7247       
# span 6 =     7.9484,     9.7569       
# span 7 =     8.1347,     9.9653       
# span 8 = -2.470e-05, 3.8923e+03       
# span 9 = 0.0000e+00, 0.0000e+00       
# interval = meters: 1                  
# start_time = May 11 2025 19:29:02 [NMEA time, header]
# bad_flag = -9.990e-29
*END*
      4.000     5.8689   3.155758    31.9646         86     0.0593     9.6293     9.8540 9.5518e+02 0.0000e+00
      5.000     5.8718   3.155681    31.9606        175     0.1206     9.7112     9.8845 8.1834e+02 0.0000e+00
      6.000     5.8829   3.156291    31.9565        207     0.1431     9.6805     9.9077 6.6276e+02 0.0000e+00
      7.000     5.8827   3.156369    31.9570        239     0.1653     9.7035     9.9094 5.2470e+02 0.0000e+00
      8.000     5.8811   3.156282    31.9570        264     0.1824     9.7383     9.9127 4.7086e+02 0.0000e+00
      9.000     5.8827   3.156390    31.9562        285     0.1970     9.7468     9.9277 4.6776e+02 0.0000e+00
     10.000     5.8787   3.156260    31.9581        307     0.2124     9.7457     9.9364 3.4078e+02 0.0000e+00
     11.000     5.8823   3.156357    31.9553        337     0.2332     9.7249     9.9159 2.8655e+02 0.0000e+00
     12.000     5.8691   3.155847    31.9616        377     0.2608     9.6950     9.9160 2.3263e+02 0.0000e+00
     13.000     5.8598   3.155449    31.9654        405     0.2804     9.7075     9.9145 2.0869e+02 0.0000e+00
     14.000     5.8592   3.155677    31.9680        425     0.2941     9.7130     9.9093 1.6694e+02 0.0000e+00
     15.000     5.8555   3.155556    31.9697        442     0.3063     9.6970     9.9226 1.3953e+02 0.0000e+00
     16.000     5.8392   3.154843    31.9766        462     0.3205     9.6895     9.9211 1.1231e+02 0.0000e+00
     17.000     5.8363   3.154638    31.9767        497     0.3448     9.7111     9.8930 1.0949e+02 0.0000e+00
     18.000     5.8412   3.154871    31.9741        538     0.3729     9.7108     9.8925 9.6151e+01 0.0000e+00
     19.000     5.8379   3.154800    31.9760        564     0.3911     9.7125     9.8962 7.7511e+01 0.0000e+00
     20.000     5.8316   3.154623    31.9794        586     0.4064     9.7157     9.8910 7.0945e+01 0.0000e+00
     21.000     5.8299   3.154514    31.9793        607     0.4208     9.7157     9.8867 5.8089e+01 0.0000e+00
     22.000     5.8313   3.154610    31.9786        630     0.4369     9.6919     9.8813 5.0011e+01 0.0000e+00
     23.000     5.8315   3.154665    31.9786        660     0.4576     9.7025     9.8750 4.4829e+01 0.0000e+00
     24.000     5.8296   3.154686    31.9801        693     0.4808     9.7290     9.8813 3.8215e+01 0.0000e+00
     25.000     5.8190   3.154131    31.9834        722     0.5006     9.7207     9.8892 3.4449e+01 0.0000e+00
     26.000     5.8118   3.153743    31.9854        746     0.5176     9.7235     9.8821 2.9759e+01 0.0000e+00
     27.000     5.7799   3.151364    31.9884        770     0.5342     9.6879     9.8929 2.5933e+01 0.0000e+00
     28.000     5.7568   3.149512    31.9890        799     0.5542     9.6585     9.8693 2.2401e+01 0.0000e+00
     29.000     5.6979   3.145125    31.9950        831     0.5763     9.6964     9.8667 1.9031e+01 0.0000e+00
     30.000     5.6887   3.144465    31.9959        856     0.5940     9.7078     9.8591 1.6581e+01 0.0000e+00
     31.000     5.6910   3.144786    31.9968        877     0.6085     9.6905     9.8490 1.4526e+01 0.0000e+00
     32.000     5.6971   3.145644    32.0002        898     0.6231     9.6929     9.8374 1.2675e+01 0.0000e+00
     33.000     5.6998   3.146173    32.0031        929     0.6445     9.6873     9.8378 1.0991e+01 0.0000e+00
     34.000     5.6933   3.146022    32.0071        971     0.6735     9.6805     9.8413 9.4012e+00 0.0000e+00
     35.000     5.6937   3.146008    32.0061        998     0.6922     9.6787     9.8306 8.0115e+00 0.0000e+00
     36.000     5.6860   3.145674    32.0092       1017     0.7058     9.6924     9.8408 6.9512e+00 0.0000e+00
     37.000     5.6817   3.145347    32.0091       1036     0.7186     9.6919     9.8496 6.0245e+00 0.0000e+00
     38.000     5.6807   3.145325    32.0093       1059     0.7348     9.6787     9.8432 5.2204e+00 0.0000e+00
     39.000     5.6683   3.144422    32.0103       1096     0.7603     9.6966     9.8296 4.6511e+00 0.0000e+00
     40.000     5.6673   3.144355    32.0100       1129     0.7836     9.6942     9.8314 4.0444e+00 0.0000e+00
     41.000     5.6666   3.144389    32.0106       1152     0.7992     9.6785     9.8284 3.4046e+00 0.0000e+00
     42.000     5.6597   3.143941    32.0117       1172     0.8129     9.6750     9.8269 2.9351e+00 0.0000e+00
     43.000     5.6574   3.143788    32.0116       1194     0.8283     9.6709     9.8273 2.5245e+00 0.0000e+00
     44.000     5.6561   3.143685    32.0112       1224     0.8496     9.6740     9.8431 2.1721e+00 0.0000e+00
     45.000     5.6552   3.143624    32.0109       1262     0.8756     9.6853     9.8537 1.9171e+00 0.0000e+00
     46.000     5.6536   3.143684    32.0126       1290     0.8951     9.6614     9.8366 1.6935e+00 0.0000e+00
     47.000     5.6525   3.143950    32.0162       1310     0.9091     9.6637     9.8312 1.4548e+00 0.0000e+00
     48.000     5.6517   3.144274    32.0201       1328     0.9218     9.6939     9.8399 1.2528e+00 0.0000e+00
     49.000     5.6515   3.144429    32.0215       1350     0.9370     9.7140     9.8380 1.0751e+00 0.0000e+00
     50.000     5.6512   3.144683    32.0242       1387     0.9628     9.6861     9.8088 9.3980e-01 0.0000e+00
     51.000     5.6505   3.144817    32.0259       1422     0.9867     9.6651     9.8032 8.0485e-01 0.0000e+00
     52.000     5.6503   3.144970    32.0272       1444     1.0024     9.6686     9.8101 6.8837e-01 0.0000e+00
     53.000     5.6502   3.145082    32.0281       1465     1.0166     9.6653     9.8114 6.0875e-01 0.0000e+00
     54.000     5.6479   3.145108    32.0301       1487     1.0318     9.6475     9.8137 5.2133e-01 0.0000e+00
     55.000     5.6461   3.145362    32.0342       1513     1.0499     9.6473     9.8011 4.3858e-01 0.0000e+00
     56.000     5.6469   3.145893    32.0390       1545     1.0719     9.6534     9.7975 3.8283e-01 0.0000e+00
     57.000     5.6437   3.146850    32.0523       1577     1.0943     9.6371     9.8147 3.2869e-01 0.0000e+00
     58.000     5.6438   3.147376    32.0576       1604     1.1130     9.6103     9.7902 2.8257e-01 0.0000e+00
     59.000     5.6460   3.148118    32.0634       1627     1.1290     9.5978     9.7739 2.3848e-01 0.0000e+00
     60.000     5.6471   3.148671    32.0681       1649     1.1441     9.6220     9.7864 1.9578e-01 0.0000e+00
     61.000     5.6490   3.149355    32.0735       1672     1.1605     9.6419     9.7920 1.6761e-01 0.0000e+00
     62.000     5.6537   3.150718    32.0839       1702     1.1815     9.6196     9.7842 1.3800e-01 0.0000e+00
     63.000     5.6561   3.151417    32.0891       1736     1.2049     9.5995     9.7730 1.1678e-01 0.0000e+00
     64.000     5.6602   3.152907    32.1014       1761     1.2224     9.5706     9.7525 9.8324e-02 0.0000e+00
     65.000     5.6641   3.154523    32.1155       1782     1.2369     9.5692     9.7372 7.4966e-02 0.0000e+00
     66.000     5.6669   3.155536    32.1237       1804     1.2520     9.5737     9.7156 5.8398e-02 0.0000e+00
     67.000     5.6725   3.157892    32.1444       1832     1.2713     9.5454     9.6779 3.9243e-02 0.0000e+00
     68.000     5.6694   3.160746    32.1791       1866     1.2948     9.5173     9.6725 2.5707e-02 0.0000e+00
     69.000     5.6691   3.161118    32.1831       1894     1.3147     9.4894     9.6726 1.4888e-02 0.0000e+00
     70.000     5.6683   3.161461    32.1872       1917     1.3306     9.4688     9.6235 1.5631e-02 0.0000e+00
     71.000     5.6627   3.162119    32.1994       1939     1.3460     9.4395     9.5901 5.2267e-03 0.0000e+00
     72.000     5.6544   3.163428    32.2216       1965     1.3637     9.4356     9.5845 1.3344e-03 0.0000e+00
     73.000     5.6529   3.163755    32.2263       1996     1.3855     9.4291     9.5754 -2.470e-05 0.0000e+00
     74.000     5.6528   3.163858    32.2270       2027     1.4066     9.3959     9.5677 1.0000e-12 0.0000e+00
     75.000     5.6523   3.163971    32.2283       2052     1.4240     9.3753     9.5647 1.0000e-12 0.0000e+00
     76.000     5.6497   3.164297    32.2340       2076     1.4409     9.3641     9.5569 1.0000e-12 0.0000e+00
     77.000     5.6453   3.164842    32.2439       2103     1.4599     9.3767     9.5487 1.0000e-12 0.0000e+00
     78.000     5.6429   3.165131    32.2489       2132     1.4799     9.3985     9.5507 1.0000e-12 0.0000e+00
     79.000     5.6396   3.165487    32.2556       2158     1.4979     9.4029     9.5498 1.0000e-12 0.0000e+00
     80.000     5.6387   3.165578    32.2570       2181     1.5142     9.4048     9.5434 1.0000e-12 0.0000e+00
     81.000     5.6347   3.165864    32.2636       2206     1.5311     9.3971     9.5316 1.0000e-12 0.0000e+00
     82.000     5.6368   3.165798    32.2603       2235     1.5517     9.3677     9.5246 1.0000e-12 0.0000e+00
     83.000     5.6349   3.165953    32.2634       2268     1.5746     9.3722     9.5301 1.0000e-12 0.0000e+00
     84.000     5.6304   3.166215    32.2702       2296     1.5934     9.3918     9.5465 1.0000e-12 0.0000e+00
     85.000     5.6249   3.166508    32.2783       2319     1.6099     9.3777     9.5516 1.0000e-12 0.0000e+00
     86.000     5.6204   3.166674    32.2839       2344     1.6271     9.3636     9.5480 1.0000e-12 0.0000e+00
     87.000     5.5849   3.167647    32.3285       2371     1.6459     9.3579     9.5346 1.0000e-12 0.0000e+00
     88.000     5.5634   3.168238    32.3554       2399     1.6653     9.3424     9.5062 1.0000e-12 0.0000e+00
     89.000     5.5369   3.170383    32.4046       2427     1.6844     9.3551     9.4988 1.0000e-12 0.0000e+00
     90.000     5.5114   3.172319    32.4507       2454     1.7036     9.3632     9.5010 1.0000e-12 0.0000e+00
     91.000     5.4931   3.174397    32.4914       2480     1.7218     9.3395     9.4553 1.0000e-12 0.0000e+00
     92.000     5.5857   3.201057    32.7030       2507     1.7400     9.2153     9.3260 1.0000e-12 0.0000e+00
     93.000     5.6371   3.217091    32.8340       2535     1.7597     9.1048     9.2460 1.0000e-12 0.0000e+00
     94.000     5.6381   3.217811    32.8406       2566     1.7815     8.8936     8.9739 1.0000e-12 0.0000e+00
     95.000     5.6339   3.217274    32.8382       2596     1.8024     8.4737     8.5592 1.0000e-12 0.0000e+00
     96.000     5.6392   3.218305    32.8442       2624     1.8214     8.3003     8.4615 1.0000e-12 0.0000e+00
     97.000     5.6381   3.218420    32.8461       2650     1.8393     8.2971     8.4872 1.0000e-12 0.0000e+00
     98.000     5.6355   3.217818    32.8413       2674     1.8565     8.3373     8.5323 1.0000e-12 0.0000e+00
     99.000     5.6360   3.217267    32.8341       2700     1.8742     8.3706     8.5604 1.0000e-12 0.0000e+00
    100.000     5.6419   3.217766    32.8335       2730     1.8953     8.3948     8.5706 1.0000e-12 0.0000e+00
    101.000     5.6462   3.218316    32.8350       2764     1.9187     8.4196     8.5933 1.0000e-12 0.0000e+00
    102.000     5.6458   3.218391    32.8357       2797     1.9416     8.4385     8.6078 1.0000e-12 0.0000e+00
    103.000     5.6486   3.218894    32.8382       2826     1.9615     8.4355     8.6001 1.0000e-12 0.0000e+00
    104.000     5.6516   3.219349    32.8399       2850     1.9784     8.4323     8.5813 1.0000e-12 0.0000e+00
    105.000     5.6556   3.220155    32.8447       2874     1.9951     8.4360     8.5691 1.0000e-12 0.0000e+00
    106.000     5.6571   3.220677    32.8486       2902     2.0143     8.4243     8.5769 1.0000e-12 0.0000e+00
    107.000     5.6556   3.220660    32.8493       2934     2.0368     8.4005     8.5423 1.0000e-12 0.0000e+00
    108.000     5.6520   3.220366    32.8490       2965     2.0584     8.3888     8.5258 1.0000e-12 0.0000e+00
    109.000     5.6550   3.220986    32.8527       2992     2.0768     8.3962     8.5507 1.0000e-12 0.0000e+00
    110.000     5.6591   3.221855    32.8579       3019     2.0961     8.3891     8.5552 1.0000e-12 0.0000e+00
    111.000     5.6652   3.223247    32.8672       3056     2.1212     8.3705     8.5430 1.0000e-12 0.0000e+00
    112.000     5.6635   3.223269    32.8686       3089     2.1441     8.3726     8.5354 1.0000e-12 0.0000e+00
    113.000     5.6636   3.223443    32.8700       3111     2.1598     8.3467     8.5252 1.0000e-12 0.0000e+00
    114.000     5.6608   3.223052    32.8678       3131     2.1738     8.3387     8.5243 1.0000e-12 0.0000e+00
    115.000     5.6562   3.221731    32.8569       3154     2.1895     8.3429     8.5229 1.0000e-12 0.0000e+00
    116.000     5.6495   3.220538    32.8494       3190     2.2146     8.3409     8.5220 1.0000e-12 0.0000e+00
    117.000     5.6499   3.220844    32.8520       3237     2.2470     8.3462     8.5339 1.0000e-12 0.0000e+00
    118.000     5.6558   3.222468    32.8641       3264     2.2662     8.3683     8.5425 1.0000e-12 0.0000e+00
    119.000     5.6653   3.224384    32.8760       3285     2.2809     8.3995     8.5488 1.0000e-12 0.0000e+00
    120.000     5.6633   3.224249    32.8760       3306     2.2951     8.4056     8.5447 1.0000e-12 0.0000e+00
    121.000     5.6666   3.224739    32.8777       3331     2.3124     8.3832     8.5266 1.0000e-12 0.0000e+00
    122.000     5.6672   3.224907    32.8786       3365     2.3361     8.3411     8.5054 1.0000e-12 0.0000e+00
    123.000     5.6774   3.227047    32.8923       3400     2.3604     8.3224     8.4803 1.0000e-12 0.0000e+00
    124.000     5.6778   3.227419    32.8956       3431     2.3822     8.3125     8.4754 1.0000e-12 0.0000e+00
    125.000     5.6790   3.227733    32.8975       3461     2.4026     8.2905     8.4730 1.0000e-12 0.0000e+00
    126.000     5.6789   3.227785    32.8977       3487     2.4207     8.2979     8.4623 1.0000e-12 0.0000e+00
    127.000     5.6803   3.228044    32.8988       3515     2.4401     8.3038     8.4471 1.0000e-12 0.0000e+00
    128.000     5.6827   3.228504    32.9011       3544     2.4605     8.2998     8.4415 1.0000e-12 0.0000e+00
    129.000     5.7072   3.231947    32.9156       3572     2.4796     8.2857     8.4512 1.0000e-12 0.0000e+00
    130.000     5.7300   3.235774    32.9360       3599     2.4983     8.2889     8.4437 1.0000e-12 0.0000e+00
    131.000     5.7256   3.235278    32.9342       3628     2.5187     8.3036     8.4450 1.0000e-12 0.0000e+00
    132.000     5.7356   3.236800    32.9411       3661     2.5419     8.2351     8.3694 1.0000e-12 0.0000e+00
    133.000     5.7329   3.236583    32.9408       3695     2.5652     8.2035     8.3492 1.0000e-12 0.0000e+00
    134.000     5.7358   3.237022    32.9424       3722     2.5839     8.1744     8.3463 1.0000e-12 0.0000e+00
    135.000     5.7386   3.237562    32.9453       3745     2.5999     8.1703     8.3442 1.0000e-12 0.0000e+00
    136.000     5.7393   3.237645    32.9450       3769     2.6168     8.1819     8.3554 1.0000e-12 0.0000e+00
    137.000     5.7419   3.238065    32.9468       3800     2.6382     8.1862     8.3648 1.0000e-12 0.0000e+00
    138.000     5.7423   3.238120    32.9465       3836     2.6634     8.1957     8.3499 1.0000e-12 0.0000e+00
    139.000     5.7433   3.238393    32.9480       3866     2.6843     8.1936     8.3498 1.0000e-12 0.0000e+00
    140.000     5.7443   3.238688    32.9499       3892     2.7020     8.1866     8.3493 1.0000e-12 0.0000e+00
    141.000     5.7439   3.238631    32.9492       3917     2.7197     8.1960     8.3524 1.0000e-12 0.0000e+00
    142.000     5.7450   3.238814    32.9497       3947     2.7402     8.2011     8.3589 1.0000e-12 0.0000e+00
    143.000     5.7457   3.239035    32.9510       3980     2.7635     8.1838     8.3541 1.0000e-12 0.0000e+00
    144.000     5.7545   3.240891    32.9628       4011     2.7845     8.1977     8.3457 1.0000e-12 0.0000e+00
    145.000     5.7516   3.240438    32.9600       4036     2.8020     8.2048     8.3403 1.0000e-12 0.0000e+00
    146.000     5.7605   3.242345    32.9724       4061     2.8193     8.1969     8.3236 1.0000e-12 0.0000e+00
    147.000     5.7613   3.242589    32.9738       4092     2.8408     8.1523     8.3153 1.0000e-12 0.0000e+00
