HB2502/ctd209.cnv
* Sea-Bird SBE 9 Data File:
* FileName = C:\cruise\data\ctd209.hex
* Software Version Seasave V 7.26.7.121
* Temperature SN = 4591
* Conductivity SN = 6006
* Number of Bytes Per Scan = 37
* Number of Voltage Words = 4
* Number of Scans Averaged by the Deck Unit = 1
* NMEA Latitude = 44 07.91 N
* NMEA Longitude = 067 05.08 W
* NMEA UTC (Time) = May 12 2025 04:48:34
* NMEA baud rate = 4800
** Ship: Bigelow HB2502
** Program:  Spring Bottom Trawl
** Chief Scientist:Jon Galbraith
# nquan = 10
# nvalues = 167                         
# units = specified
# name 0 = depSM: Depth [salt water, m]
# name 1 = t090C: Temperature [ITS-90, deg C]
# name 2 = c0S/m: Conductivity [S/m]
# name 3 = sal00: Salinity, Practical [PSU]
# name 4 = scan: Scan Count
# name 5 = timeM: Time, Elapsed [minutes]
# name 6 = sbeox0Mg/L: Oxygen, SBE 43 [mg/l]
# name 7 = sbeox1Mg/L: Oxygen, SBE 43, 2 [mg/l]
# name 8 = par: PAR/Irradiance, Biospherical/Licor
# name 9 = flag: flag
# span 0 =      3.000,     86.000       
# span 1 =     5.9909,     6.7202       
# span 2 =   3.241475,   3.276907       
# span 3 =    32.3240,    33.1367       
# span 4 =        592,       7651       
# span 5 =     0.4105,     5.3127       
# span 6 =     7.9807,    10.1031       
# span 7 =     8.1698,    10.2851       
# span 8 = -4.893e-06, 1.3148e+01       
# span 9 = 0.0000e+00, 0.0000e+00       
# interval = meters: 1                  
# start_time = May 12 2025 04:48:34 [NMEA time, header]
# bad_flag = -9.990e-29
*END*
      3.000     6.7181   3.260727    32.3276        592     0.4105    10.0179    10.2379 1.1527e+01 0.0000e+00
      4.000     6.7184   3.260748    32.3270       1540     1.0688    10.0325    10.2303 1.0904e+01 0.0000e+00
      5.000     6.7179   3.260721    32.3267       1365     0.9469    10.0330    10.2614 7.7024e+00 0.0000e+00
      6.000     6.7160   3.260524    32.3259       1397     0.9697    10.0547    10.2522 5.9420e+00 0.0000e+00
      7.000     6.7175   3.260739    32.3263       1424     0.9879    10.0514    10.2645 4.2858e+00 0.0000e+00
      8.000     6.7171   3.260767    32.3266       1444     1.0020    10.0556    10.2650 3.7081e+00 0.0000e+00
      9.000     6.7191   3.260976    32.3264       1465     1.0165    10.0575    10.2613 2.6446e+00 0.0000e+00
     10.000     6.7199   3.261162    32.3273       1495     1.0377    10.0547    10.2423 1.9785e+00 0.0000e+00
     11.000     6.7195   3.261376    32.3295       1534     1.0648    10.0615    10.2442 1.5619e+00 0.0000e+00
     12.000     6.6963   3.263328    32.3724       1562     1.0841    10.0906    10.2374 1.4408e+00 0.0000e+00
     13.000     6.6690   3.263413    32.3987       1583     1.0984    10.0977    10.2355 9.8309e-01 0.0000e+00
     14.000     6.6650   3.263300    32.4008       1602     1.1119    10.0703    10.2365 7.9909e-01 0.0000e+00
     15.000     6.6649   3.263285    32.4002       1624     1.1274    10.0495    10.2447 6.7175e-01 0.0000e+00
     16.000     6.6585   3.262990    32.4025       1658     1.1504    10.0285    10.2346 5.4157e-01 0.0000e+00
     17.000     6.6635   3.263176    32.3993       1694     1.1759    10.0359    10.2254 4.3491e-01 0.0000e+00
     18.000     6.6373   3.262248    32.4135       1719     1.1931    10.0583    10.2312 3.1754e-01 0.0000e+00
     19.000     6.6127   3.260991    32.4225       1740     1.2073    10.0513    10.2318 2.9066e-01 0.0000e+00
     20.000     6.5940   3.259957    32.4283       1760     1.2219    10.0306    10.2097 1.9865e-01 0.0000e+00
     21.000     6.5809   3.259210    32.4320       1786     1.2396    10.0154    10.1638 1.8422e-01 0.0000e+00
     22.000     6.5776   3.259014    32.4325       1822     1.2645     9.9687    10.1362 1.4427e-01 0.0000e+00
     23.000     6.5788   3.259136    32.4322       1856     1.2885     9.9621    10.1449 1.1292e-01 0.0000e+00
     24.000     6.5759   3.259267    32.4360       1879     1.3042     9.9587    10.1622 7.9653e-02 0.0000e+00
     25.000     6.5258   3.257419    32.4627       1898     1.3174     9.9756    10.1762 5.7139e-02 0.0000e+00
     26.000     6.4926   3.255675    32.4745       1918     1.3312     9.9820    10.1667 4.4544e-02 0.0000e+00
     27.000     6.3968   3.250744    32.5107       1945     1.3503     9.9423    10.1233 2.8894e-02 0.0000e+00
     28.000     6.3348   3.247703    32.5357       1982     1.3756     9.8519    10.0386 1.9132e-02 0.0000e+00
     29.000     6.2029   3.242645    32.6052       2011     1.3959     9.8186     9.9959 1.1181e-02 0.0000e+00
     30.000     6.1739   3.242100    32.6265       2035     1.4126     9.7613     9.9084 2.3346e-03 0.0000e+00
     31.000     6.1500   3.241976    32.6476       2059     1.4292     9.6843     9.8022 6.7319e-04 0.0000e+00
     32.000     6.1433   3.241539    32.6487       2085     1.4470     9.5640     9.6770 -4.893e-06 0.0000e+00
     33.000     6.1412   3.241475    32.6495       2110     1.4648     9.4467     9.5922 1.0000e-12 0.0000e+00
     34.000     6.1356   3.241682    32.6567       2134     1.4816     9.3865     9.5537 1.0000e-12 0.0000e+00
     35.000     6.1363   3.242180    32.6611       2160     1.4992     9.3546     9.5492 1.0000e-12 0.0000e+00
     36.000     6.1326   3.242129    32.6636       2192     1.5217     9.3403     9.5541 1.0000e-12 0.0000e+00
     37.000     6.1263   3.242063    32.6685       2226     1.5449     9.3628     9.5476 1.0000e-12 0.0000e+00
     38.000     6.1253   3.242165    32.6700       2250     1.5618     9.3290     9.5416 1.0000e-12 0.0000e+00
     39.000     6.1206   3.242256    32.6751       2271     1.5763     9.3380     9.5425 1.0000e-12 0.0000e+00
     40.000     6.1277   3.242797    32.6738       2293     1.5916     9.3642     9.5297 1.0000e-12 0.0000e+00
     41.000     6.1141   3.242825    32.6867       2319     1.6098     9.3609     9.5202 1.0000e-12 0.0000e+00
     42.000     6.0679   3.245628    32.7621       2349     1.6305     9.3169     9.5205 1.0000e-12 0.0000e+00
     43.000     6.0643   3.246051    32.7699       2378     1.6505     9.2901     9.4552 1.0000e-12 0.0000e+00
     44.000     6.0658   3.246247    32.7701       2405     1.6693     9.2171     9.3261 1.0000e-12 0.0000e+00
     45.000     6.0885   3.252154    32.8137       2434     1.6895     9.0850     9.2242 1.0000e-12 0.0000e+00
     46.000     6.0797   3.258080    32.8881       2462     1.7094     9.0345     9.2167 1.0000e-12 0.0000e+00
     47.000     6.0717   3.259820    32.9148       2486     1.7259     9.0142     9.1660 1.0000e-12 0.0000e+00
     48.000     6.0644   3.260305    32.9269       2507     1.7404     8.9265     9.0275 1.0000e-12 0.0000e+00
     49.000     6.0666   3.260213    32.9231       2529     1.7554     8.7867     8.8869 1.0000e-12 0.0000e+00
     50.000     6.0544   3.260103    32.9333       2558     1.7755     8.6375     8.7815 1.0000e-12 0.0000e+00
     51.000     6.0339   3.259616    32.9473       2595     1.8016     8.5732     8.7611 1.0000e-12 0.0000e+00
     52.000     6.0258   3.259037    32.9482       2624     1.8214     8.5943     8.7708 1.0000e-12 0.0000e+00
     53.000     6.0251   3.258945    32.9474       2646     1.8365     8.5685     8.7748 1.0000e-12 0.0000e+00
     54.000     6.0279   3.259408    32.9493       2667     1.8511     8.5412     8.7617 1.0000e-12 0.0000e+00
     55.000     6.0210   3.259189    32.9530       2691     1.8683     8.5586     8.7418 1.0000e-12 0.0000e+00
     56.000     6.0207   3.259828    32.9600       2722     1.8896     8.5517     8.7348 1.0000e-12 0.0000e+00
     57.000     6.0230   3.261796    32.9793       2752     1.9103     8.5310     8.7530 1.0000e-12 0.0000e+00
     58.000     6.0233   3.265721    33.0225       2778     1.9286     8.5421     8.7336 1.0000e-12 0.0000e+00
     59.000     6.0246   3.271454    33.0850       2803     1.9458     8.5323     8.6912 1.0000e-12 0.0000e+00
     60.000     6.0233   3.271727    33.0889       2827     1.9627     8.4585     8.5901 1.0000e-12 0.0000e+00
     61.000     6.0218   3.272316    33.0964       2853     1.9804     8.3245     8.4188 1.0000e-12 0.0000e+00
     62.000     6.0218   3.273162    33.1054       2881     2.0001     8.1564     8.3120 1.0000e-12 0.0000e+00
     63.000     6.0219   3.273352    33.1070       2911     2.0210     8.1015     8.2924 1.0000e-12 0.0000e+00
     64.000     6.0210   3.273310    33.1068       2938     2.0394     8.0865     8.2719 1.0000e-12 0.0000e+00
     65.000     6.0220   3.273455    33.1070       2961     2.0553     8.0816     8.2546 1.0000e-12 0.0000e+00
     66.000     6.0215   3.273530    33.1079       2984     2.0717     8.0798     8.2578 1.0000e-12 0.0000e+00
     67.000     6.0215   3.273604    33.1082       3014     2.0924     8.1077     8.2806 1.0000e-12 0.0000e+00
     68.000     6.0142   3.273471    33.1134       3047     2.1151     8.1228     8.2974 1.0000e-12 0.0000e+00
     69.000     6.0070   3.273379    33.1188       3073     2.1331     8.1216     8.3080 1.0000e-12 0.0000e+00
     70.000     6.0053   3.273402    33.1203       3095     2.1487     8.1030     8.2941 1.0000e-12 0.0000e+00
     71.000     6.0007   3.273560    33.1260       3117     2.1641     8.0831     8.2666 1.0000e-12 0.0000e+00
     72.000     5.9977   3.273641    33.1294       3141     2.1808     8.0879     8.2438 1.0000e-12 0.0000e+00
     73.000     5.9963   3.273685    33.1308       3172     2.2023     8.0651     8.2281 1.0000e-12 0.0000e+00
     74.000     5.9947   3.273734    33.1323       3208     2.2269     8.0444     8.2099 1.0000e-12 0.0000e+00
     75.000     5.9917   3.273682    33.1342       3235     2.2461     8.0272     8.2081 1.0000e-12 0.0000e+00
     76.000     5.9915   3.273863    33.1359       3258     2.2616     8.0234     8.1992 1.0000e-12 0.0000e+00
     77.000     5.9983   3.274427    33.1351       3278     2.2759     8.0129     8.1877 1.0000e-12 0.0000e+00
     78.000     6.0017   3.274822    33.1358       3300     2.2909     8.0130     8.1833 1.0000e-12 0.0000e+00
     79.000     6.0023   3.274930    33.1358       3328     2.3105     8.0041     8.1751 1.0000e-12 0.0000e+00
     80.000     6.0036   3.275063    33.1355       3383     2.3484     7.9971     8.1833 1.0000e-12 0.0000e+00
     81.000     6.0043   3.275177    33.1356       3424     2.3767     8.0165     8.2060 1.0000e-12 0.0000e+00
     82.000     6.0046   3.275271    33.1359       3458     2.4004     8.0090     8.1950 1.0000e-12 0.0000e+00
     83.000     5.9969   3.274678    33.1363       3497     2.4281     8.0004     8.1744 1.0000e-12 0.0000e+00
     84.000     5.9909   3.274195    33.1362       3540     2.4580     8.0094     8.1891 1.0000e-12 0.0000e+00
     85.000     5.9909   3.274226    33.1361       3589     2.4915     7.9974     8.1875 1.0000e-12 0.0000e+00
     86.000     6.0183   3.276476    33.1340       4472     3.1049     8.0067     8.1935 1.0000e-12 0.0000e+00
     85.000     6.0240   3.276907    33.1338       5685     3.9474     7.9876     8.1956 1.0000e-12 0.0000e+00
     84.000     6.0063   3.275580    33.1367       5379     3.7347     7.9918     8.1939 1.0000e-12 0.0000e+00
     83.000     5.9938   3.274412    33.1363       5404     3.7519     8.0119     8.2045 1.0000e-12 0.0000e+00
     82.000     5.9991   3.274726    33.1352       5427     3.7683     8.0004     8.1945 1.0000e-12 0.0000e+00
     81.000     5.9989   3.274783    33.1365       5454     3.7869     8.0086     8.1719 1.0000e-12 0.0000e+00
     80.000     6.0029   3.274991    33.1355       5483     3.8068     8.0046     8.1698 1.0000e-12 0.0000e+00
     79.000     5.9991   3.274736    33.1367       5508     3.8243     8.0016     8.1830 1.0000e-12 0.0000e+00
     78.000     5.9970   3.274490    33.1366       5531     3.8404     7.9876     8.2036 1.0000e-12 0.0000e+00
     77.000     5.9991   3.274598    33.1362       5556     3.8575     7.9807     8.1914 1.0000e-12 0.0000e+00
     76.000     5.9950   3.274225    33.1366       5583     3.8764     8.0048     8.1888 1.0000e-12 0.0000e+00
     75.000     5.9979   3.274021    33.1319       5610     3.8953     8.0010     8.1886 1.0000e-12 0.0000e+00
     74.000     6.0038   3.273863    33.1249       5636     3.9129     7.9872     8.1864 1.0000e-12 0.0000e+00
     73.000     6.0056   3.273792    33.1228       5660     3.9299     7.9867     8.1856 1.0000e-12 0.0000e+00
     72.000     6.0082   3.273873    33.1218       5686     3.9477     8.0006     8.1998 1.0000e-12 0.0000e+00
     71.000     6.0086   3.273835    33.1214       5713     3.9668     8.0333     8.2317 1.0000e-12 0.0000e+00
     70.000     6.0111   3.273821    33.1193       5741     3.9862     8.0433     8.2411 1.0000e-12 0.0000e+00
     69.000     6.0128   3.273827    33.1182       5766     4.0035     8.0420     8.2305 1.0000e-12 0.0000e+00
     68.000     6.0145   3.273678    33.1153       5789     4.0193     8.0470     8.2214 1.0000e-12 0.0000e+00
     67.000     6.0167   3.273293    33.1094       5812     4.0356     8.0515     8.2331 1.0000e-12 0.0000e+00
     66.000     6.0191   3.272867    33.1028       5840     4.0546     8.0500     8.2483 1.0000e-12 0.0000e+00
     65.000     6.0212   3.272809    33.1006       5868     4.0744     8.0597     8.2600 1.0000e-12 0.0000e+00
     64.000     6.0230   3.271789    33.0879       5894     4.0922     8.0731     8.2810 1.0000e-12 0.0000e+00
     63.000     6.0211   3.267756    33.0450       5918     4.1090     8.0906     8.2957 1.0000e-12 0.0000e+00
     62.000     6.0204   3.261513    32.9762       5944     4.1270     8.1069     8.3226 1.0000e-12 0.0000e+00
     61.000     6.0230   3.262432    32.9844       5973     4.1470     8.1747     8.3838 1.0000e-12 0.0000e+00
     60.000     6.0235   3.262422    32.9844       6000     4.1658     8.3390     8.5667 1.0000e-12 0.0000e+00
     59.000     6.0232   3.262197    32.9827       6023     4.1821     8.4803     8.7011 1.0000e-12 0.0000e+00
     58.000     6.0229   3.262987    32.9923       6046     4.1976     8.4954     8.6917 1.0000e-12 0.0000e+00
     57.000     6.0241   3.261908    32.9795       6071     4.2154     8.4538     8.6548 1.0000e-12 0.0000e+00
     56.000     6.0298   3.260336    32.9568       6102     4.2370     8.4452     8.6302 1.0000e-12 0.0000e+00
     55.000     6.0327   3.259290    32.9428       6129     4.2559     8.4382     8.6269 1.0000e-12 0.0000e+00
     54.000     6.0359   3.259297    32.9403       6151     4.2710     8.4540     8.6474 1.0000e-12 0.0000e+00
     53.000     6.0497   3.259711    32.9320       6173     4.2858     8.4766     8.6914 1.0000e-12 0.0000e+00
     52.000     6.0576   3.259799    32.9258       6199     4.3042     8.5087     8.7389 1.0000e-12 0.0000e+00
     51.000     6.0639   3.259733    32.9194       6232     4.3272     8.5662     8.7716 1.0000e-12 0.0000e+00
     50.000     6.0767   3.258005    32.8882       6261     4.3472     8.5673     8.7994 1.0000e-12 0.0000e+00
     49.000     6.0954   3.254466    32.8310       6284     4.3634     8.5860     8.8084 1.0000e-12 0.0000e+00
     48.000     6.0948   3.251994    32.8043       6306     4.3785     8.6193     8.8335 1.0000e-12 0.0000e+00
     47.000     6.0911   3.250771    32.7948       6329     4.3944     8.6778     8.9259 1.0000e-12 0.0000e+00
     46.000     6.0898   3.250234    32.7905       6356     4.4129     8.8313     9.0716 1.0000e-12 0.0000e+00
     45.000     6.0879   3.249981    32.7900       6384     4.4329     8.9705     9.1526 1.0000e-12 0.0000e+00
     44.000     6.0755   3.246966    32.7688       6411     4.4511     9.0209     9.1910 1.0000e-12 0.0000e+00
     43.000     6.0713   3.246355    32.7665       6436     4.4687     9.0204     9.2065 1.0000e-12 0.0000e+00
     42.000     6.0720   3.245785    32.7599       6463     4.4874     8.9968     9.2208 1.0000e-12 0.0000e+00
     41.000     6.1107   3.243276    32.6950       6491     4.5071     9.0174     9.2496 1.0000e-12 0.0000e+00
     40.000     6.1300   3.242318    32.6662       6517     4.5247     9.0767     9.2770 1.0000e-12 0.0000e+00
     39.000     6.1292   3.242271    32.6670       6539     4.5405     9.1166     9.3417 1.0000e-12 0.0000e+00
     38.000     6.1342   3.242320    32.6632       6562     4.5566     9.1862     9.4480 1.0000e-12 0.0000e+00
     37.000     6.1497   3.242644    32.6524       6589     4.5751     9.2855     9.5130 1.0000e-12 0.0000e+00
     36.000     6.1530   3.242848    32.6519       6619     4.5961     9.3123     9.5516 1.0000e-12 0.0000e+00
     35.000     6.1585   3.242813    32.6468       6648     4.6161     9.3209     9.5704 1.0000e-12 0.0000e+00
     34.000     6.1535   3.241497    32.6374       6673     4.6336     9.3406     9.5722 1.0000e-12 0.0000e+00
     33.000     6.1705   3.241591    32.6226       6697     4.6500     9.3585     9.5572 2.4680e-04 0.0000e+00
     32.000     6.2315   3.242477    32.5745       6721     4.6664     9.3547     9.5633 4.2888e-03 0.0000e+00
     31.000     6.3958   3.248978    32.4901       6746     4.6842     9.3537     9.5913 1.1061e-02 0.0000e+00
     30.000     6.5084   3.255208    32.4523       6776     4.7052     9.4470     9.7486 1.2127e-02 0.0000e+00
     29.000     6.5230   3.256091    32.4487       6808     4.7272     9.6649     9.9915 1.7637e-02 0.0000e+00
     28.000     6.5160   3.255825    32.4529       6833     4.7443     9.8822    10.0937 2.6717e-02 0.0000e+00
     27.000     6.5597   3.257676    32.4324       6853     4.7586     9.9322    10.1049 4.1693e-02 0.0000e+00
     26.000     6.5698   3.258279    32.4299       6873     4.7724     9.9108    10.1124 5.4480e-02 0.0000e+00
