HB2502/ctd222.cnv
* Sea-Bird SBE 9 Data File:
* FileName = C:\cruise\data\ctd222.hex
* Software Version Seasave V 7.26.7.121
* Temperature SN = 4591
* Conductivity SN = 6006
* Number of Bytes Per Scan = 37
* Number of Voltage Words = 4
* Number of Scans Averaged by the Deck Unit = 1
* NMEA Latitude = 42 47.69 N
* NMEA Longitude = 069 29.66 W
* NMEA UTC (Time) = May 15 2025 11:44:08
* NMEA baud rate = 4800
** Ship: Bigelow HB2502
** Program:  Spring Bottom Trawl
** Chief Scientist:Jon Galbraith
# nquan = 10
# nvalues = 322                         
# units = specified
# name 0 = depSM: Depth [salt water, m]
# name 1 = t090C: Temperature [ITS-90, deg C]
# name 2 = c0S/m: Conductivity [S/m]
# name 3 = sal00: Salinity, Practical [PSU]
# name 4 = scan: Scan Count
# name 5 = timeM: Time, Elapsed [minutes]
# name 6 = sbeox0Mg/L: Oxygen, SBE 43 [mg/l]
# name 7 = sbeox1Mg/L: Oxygen, SBE 43, 2 [mg/l]
# name 8 = par: PAR/Irradiance, Biospherical/Licor
# name 9 = flag: flag
# span 0 =      2.000,    163.000       
# span 1 =     5.0122,     9.6467       
# span 2 =   3.141926,   3.536962       
# span 3 =    32.4212,    33.6396       
# span 4 =        437,      10343       
# span 5 =     0.3029,     7.1817       
# span 6 =     5.8531,    10.8785       
# span 7 =     5.9950,    11.0341       
# span 8 = -3.823e-06, 1.8984e+02       
# span 9 = 0.0000e+00, 0.0000e+00       
# interval = meters: 1                  
# start_time = May 15 2025 11:44:08 [NMEA time, header]
# bad_flag = -9.990e-29
*END*
      3.000     9.6467   3.536962    32.5462        437     0.3029    10.3658    10.5677 1.7320e+02 0.0000e+00
      4.000     9.5960   3.533698    32.5584        696     0.4825    10.3947    10.5440 1.4435e+02 0.0000e+00
      5.000     9.4697   3.521578    32.5484        725     0.5027    10.3813    10.5849 1.1579e+02 0.0000e+00
      6.000     9.4373   3.518351    32.5442        759     0.5262    10.3675    10.5894 9.9656e+01 0.0000e+00
      7.000     9.3949   3.514177    32.5394        789     0.5469    10.4339    10.6584 8.6095e+01 0.0000e+00
      8.000     9.3636   3.511523    32.5401        817     0.5668    10.4584    10.6462 7.5158e+01 0.0000e+00
      9.000     9.2883   3.503891    32.5296        847     0.5873    10.5228    10.6503 6.4236e+01 0.0000e+00
     10.000     9.2016   3.495872    32.5254        879     0.6098    10.5312    10.6634 5.7258e+01 0.0000e+00
     11.000     9.1327   3.488387    32.5104        911     0.6317    10.5464    10.7110 5.0532e+01 0.0000e+00
     12.000     9.0678   3.481714    32.5000        939     0.6513    10.5673    10.7427 4.4399e+01 0.0000e+00
     13.000     9.0252   3.478519    32.5054        964     0.6691    10.5828    10.7461 3.9370e+01 0.0000e+00
     14.000     8.7921   3.458593    32.5110        989     0.6859    10.6418    10.7945 3.5145e+01 0.0000e+00
     15.000     8.6955   3.449621    32.5055       1014     0.7031    10.6595    10.7594 3.1396e+01 0.0000e+00
     16.000     8.5604   3.438923    32.5172       1040     0.7214    10.6513    10.7477 2.7868e+01 0.0000e+00
     17.000     8.4754   3.430147    32.5028       1068     0.7409    10.6851    10.8184 2.5014e+01 0.0000e+00
     18.000     8.3966   3.423537    32.5055       1097     0.7609    10.7009    10.8872 2.2478e+01 0.0000e+00
     19.000     8.2769   3.413456    32.5092       1125     0.7803    10.7721    10.9551 2.0097e+01 0.0000e+00
     20.000     8.1279   3.400518    32.5097       1151     0.7985    10.8406    10.9928 1.8001e+01 0.0000e+00
     21.000     7.9884   3.387104    32.4962       1176     0.8160    10.8785    11.0097 1.6073e+01 0.0000e+00
     22.000     7.8284   3.373010    32.4942       1201     0.8336    10.8708    10.9723 1.4334e+01 0.0000e+00
     23.000     7.7315   3.364797    32.4962       1228     0.8518    10.7972    10.8954 1.2438e+01 0.0000e+00
     24.000     7.6504   3.356552    32.4831       1256     0.8713    10.7073    10.7861 1.0689e+01 0.0000e+00
     25.000     7.6121   3.353727    32.4880       1285     0.8917    10.6223    10.6957 9.1585e+00 0.0000e+00
     26.000     7.4320   3.341123    32.5204       1313     0.9114    10.6008    10.7547 7.9253e+00 0.0000e+00
     27.000     7.3292   3.333480    32.5338       1339     0.9293    10.5652    10.7173 6.9280e+00 0.0000e+00
     28.000     7.2711   3.328635    32.5355       1364     0.9463    10.5133    10.6550 6.1399e+00 0.0000e+00
     29.000     7.2357   3.325576    32.5352       1388     0.9634    10.4754    10.6211 5.4646e+00 0.0000e+00
     30.000     7.1565   3.319846    32.5472       1414     0.9812    10.4888    10.6219 4.9067e+00 0.0000e+00
     31.000     7.0655   3.312290    32.5504       1441     1.0000    10.4839    10.6142 4.4282e+00 0.0000e+00
     32.000     6.9995   3.306456    32.5486       1470     1.0200    10.4482    10.5850 3.9752e+00 0.0000e+00
     33.000     6.9093   3.300374    32.5670       1499     1.0400    10.4517    10.5874 3.5978e+00 0.0000e+00
     34.000     6.7391   3.288447    32.5973       1526     1.0591    10.4359    10.6185 3.2636e+00 0.0000e+00
     35.000     6.3465   3.257233    32.6268       1552     1.0771    10.4765    10.6489 2.9411e+00 0.0000e+00
     36.000     6.0846   3.233732    32.6160       1577     1.0946    10.4689    10.5445 2.6874e+00 0.0000e+00
     37.000     5.9087   3.216752    32.5947       1603     1.1123    10.3427    10.3971 2.4625e+00 0.0000e+00
     38.000     5.7461   3.203597    32.6032       1629     1.1308    10.2232    10.2900 2.2673e+00 0.0000e+00
     39.000     5.4779   3.181184    32.6091       1656     1.1496    10.1621    10.2632 2.0629e+00 0.0000e+00
     40.000     5.3326   3.167699    32.5965       1683     1.1680    10.0843    10.1876 1.8962e+00 0.0000e+00
     41.000     5.1614   3.154633    32.6137       1709     1.1864    10.0232    10.1270 1.7258e+00 0.0000e+00
     42.000     5.1344   3.152141    32.6110       1737     1.2055     9.9097    10.0484 1.5781e+00 0.0000e+00
     43.000     5.1372   3.152421    32.6110       1764     1.2245     9.8391     9.9895 1.4440e+00 0.0000e+00
     44.000     5.1519   3.153804    32.6120       1790     1.2426     9.8122     9.9863 1.3285e+00 0.0000e+00
     45.000     5.1476   3.153620    32.6135       1816     1.2606     9.7792     9.9910 1.2173e+00 0.0000e+00
     46.000     5.1380   3.152770    32.6128       1843     1.2792     9.7740     9.9830 1.1115e+00 0.0000e+00
     47.000     5.1345   3.152562    32.6133       1871     1.2984     9.7799     9.9807 1.0254e+00 0.0000e+00
     48.000     5.1325   3.152533    32.6144       1897     1.3167     9.7810     9.9704 9.5074e-01 0.0000e+00
     49.000     5.0852   3.149527    32.6257       1922     1.3339     9.7808     9.9763 8.7266e-01 0.0000e+00
     50.000     5.0398   3.145217    32.6201       1946     1.3510     9.7790     9.9586 7.9282e-01 0.0000e+00
     51.000     5.0275   3.143910    32.6167       1973     1.3692     9.7627     9.9203 7.2637e-01 0.0000e+00
     52.000     5.0275   3.143939    32.6164       2001     1.3891     9.7447     9.9303 6.6901e-01 0.0000e+00
     53.000     5.0312   3.144513    32.6189       2030     1.4093     9.7353     9.9214 6.0996e-01 0.0000e+00
     54.000     5.0463   3.146515    32.6267       2058     1.4287     9.7195     9.9184 5.5048e-01 0.0000e+00
     55.000     5.0373   3.146281    32.6323       2085     1.4470     9.7072     9.9172 5.1261e-01 0.0000e+00
     56.000     5.0188   3.144989    32.6350       2109     1.4642     9.7084     9.9093 4.6074e-01 0.0000e+00
     57.000     5.0122   3.144800    32.6388       2133     1.4807     9.6833     9.8902 4.3109e-01 0.0000e+00
     58.000     5.0431   3.148139    32.6464       2157     1.4974     9.6485     9.8426 3.9014e-01 0.0000e+00
     59.000     5.1055   3.154705    32.6601       2184     1.5156     9.5988     9.8001 3.5966e-01 0.0000e+00
     60.000     5.1432   3.159066    32.6726       2213     1.5364     9.5681     9.7891 3.2552e-01 0.0000e+00
     61.000     5.2104   3.165849    32.6840       2245     1.5583     9.5407     9.7643 3.0160e-01 0.0000e+00
     62.000     5.2638   3.173163    32.7149       2273     1.5780     9.5354     9.7432 2.8016e-01 0.0000e+00
     63.000     5.1182   3.163650    32.7481       2298     1.5949     9.5811     9.7973 2.4530e-01 0.0000e+00
     64.000     5.0434   3.156880    32.7434       2321     1.6108     9.5787     9.7640 2.2286e-01 0.0000e+00
     65.000     5.0237   3.156318    32.7558       2344     1.6273     9.5056     9.6136 2.0345e-01 0.0000e+00
     66.000     5.0196   3.156095    32.7568       2370     1.6452     9.3844     9.4652 1.8023e-01 0.0000e+00
     67.000     5.0230   3.156964    32.7629       2397     1.6641     9.2059     9.3164 1.6310e-01 0.0000e+00
     68.000     5.0402   3.158937    32.7681       2425     1.6833     9.0561     9.2166 1.4291e-01 0.0000e+00
     69.000     5.0544   3.160856    32.7757       2454     1.7032     8.9993     9.2038 1.2705e-01 0.0000e+00
     70.000     5.0653   3.162403    32.7823       2483     1.7237     8.9770     9.1879 1.1020e-01 0.0000e+00
     71.000     5.0792   3.164488    32.7920       2511     1.7430     8.9576     9.1618 9.9170e-02 0.0000e+00
     72.000     5.0948   3.166712    32.8017       2536     1.7603     8.9571     9.1524 8.4435e-02 0.0000e+00
     73.000     5.1184   3.169895    32.8145       2559     1.7767     8.9465     9.1472 7.3904e-02 0.0000e+00
     74.000     5.1417   3.173266    32.8296       2583     1.7934     8.9276     9.1230 6.1880e-02 0.0000e+00
     75.000     5.1681   3.176725    32.8429       2610     1.8116     8.8999     9.0740 4.7476e-02 0.0000e+00
     76.000     5.2169   3.183054    32.8668       2638     1.8316     8.8439     9.0186 3.6952e-02 0.0000e+00
     77.000     5.2342   3.185594    32.8784       2667     1.8514     8.8162     9.0153 3.5810e-02 0.0000e+00
     78.000     5.2487   3.187343    32.8836       2694     1.8699     8.7996     8.9935 3.1314e-02 0.0000e+00
     79.000     5.2587   3.188808    32.8899       2720     1.8880     8.7526     8.9441 2.0541e-02 0.0000e+00
     80.000     5.2624   3.189367    32.8922       2746     1.9062     8.7134     8.9277 1.3483e-02 0.0000e+00
     81.000     5.2608   3.189266    32.8922       2771     1.9239     8.6809     8.9177 3.7470e-03 0.0000e+00
     82.000     5.2607   3.189292    32.8921       2796     1.9412     8.6749     8.8820 4.2241e-03 0.0000e+00
     83.000     5.2684   3.190095    32.8931       2823     1.9596     8.6916     8.8747 4.4394e-04 0.0000e+00
     84.000     5.3007   3.194359    32.9096       2852     1.9799     8.7098     8.8761 8.6513e-05 0.0000e+00
     85.000     5.3302   3.197972    32.9213       2881     2.0001     8.7012     8.8746 2.8728e-04 0.0000e+00
     86.000     5.3694   3.202520    32.9341       2907     2.0181     8.6562     8.8175 8.1986e-05 0.0000e+00
     87.000     5.4141   3.207070    32.9415       2931     2.0348     8.5887     8.7599 -3.823e-06 0.0000e+00
     88.000     5.4397   3.210579    32.9558       2955     2.0513     8.5400     8.7290 1.0000e-12 0.0000e+00
     89.000     5.4413   3.210892    32.9573       2981     2.0692     8.5000     8.7190 1.0000e-12 0.0000e+00
     90.000     5.4468   3.211633    32.9598       3010     2.0895     8.4768     8.6885 1.0000e-12 0.0000e+00
     91.000     5.4512   3.212184    32.9613       3041     2.1110     8.4943     8.6892 1.0000e-12 0.0000e+00
     92.000     5.4663   3.213817    32.9645       3069     2.1302     8.5147     8.6842 1.0000e-12 0.0000e+00
     93.000     5.5153   3.219220    32.9773       3093     2.1471     8.5254     8.6662 1.0000e-12 0.0000e+00
     94.000     5.5345   3.222269    32.9925       3116     2.1630     8.5130     8.6807 1.0000e-12 0.0000e+00
     95.000     5.5371   3.222852    32.9961       3139     2.1795     8.4951     8.6775 1.0000e-12 0.0000e+00
     96.000     5.5421   3.223715    33.0005       3167     2.1983     8.4547     8.6207 1.0000e-12 0.0000e+00
     97.000     5.5431   3.223980    33.0020       3197     2.2194     8.3918     8.5806 1.0000e-12 0.0000e+00
     98.000     5.5442   3.224174    33.0026       3226     2.2393     8.3653     8.5647 1.0000e-12 0.0000e+00
     99.000     5.5450   3.224345    33.0033       3252     2.2573     8.3768     8.5716 1.0000e-12 0.0000e+00
    100.000     5.5469   3.224682    33.0047       3277     2.2750     8.3956     8.5759 1.0000e-12 0.0000e+00
    101.000     5.5509   3.225234    33.0066       3303     2.2932     8.3911     8.5697 1.0000e-12 0.0000e+00
    102.000     5.5587   3.226359    33.0112       3329     2.3114     8.3868     8.5599 1.0000e-12 0.0000e+00
    103.000     5.5638   3.227074    33.0138       3355     2.3290     8.3741     8.5627 1.0000e-12 0.0000e+00
    104.000     5.5760   3.228669    33.0194       3381     2.3475     8.3734     8.5627 1.0000e-12 0.0000e+00
    105.000     5.5872   3.230222    33.0254       3410     2.3676     8.3742     8.5390 1.0000e-12 0.0000e+00
    106.000     5.5953   3.231511    33.0317       3439     2.3875     8.3506     8.5102 1.0000e-12 0.0000e+00
    107.000     5.6017   3.232383    33.0347       3465     2.4056     8.3066     8.4805 1.0000e-12 0.0000e+00
    108.000     5.6084   3.233248    33.0375       3490     2.4229     8.2661     8.4651 1.0000e-12 0.0000e+00
    109.000     5.6159   3.234291    33.0414       3516     2.4406     8.2549     8.4586 1.0000e-12 0.0000e+00
    110.000     5.6189   3.234752    33.0432       3541     2.4586     8.2598     8.4462 1.0000e-12 0.0000e+00
    111.000     5.6190   3.234901    33.0442       3567     2.4763     8.2303     8.4329 1.0000e-12 0.0000e+00
    112.000     5.6289   3.235987    33.0463       3593     2.4941     8.1873     8.4111 1.0000e-12 0.0000e+00
    113.000     5.6457   3.238060    33.0529       3620     2.5134     8.2073     8.4080 1.0000e-12 0.0000e+00
    114.000     5.6553   3.239314    33.0570       3651     2.5345     8.2270     8.4055 1.0000e-12 0.0000e+00
    115.000     5.6694   3.241017    33.0620       3681     2.5553     8.1828     8.3672 1.0000e-12 0.0000e+00
    116.000     5.6798   3.242425    33.0673       3707     2.5736     8.1573     8.3291 1.0000e-12 0.0000e+00
    117.000     5.6883   3.243537    33.0709       3730     2.5899     8.1435     8.3020 1.0000e-12 0.0000e+00
    118.000     5.6917   3.244084    33.0733       3754     2.6059     8.1142     8.2828 1.0000e-12 0.0000e+00
    119.000     5.6929   3.244315    33.0742       3778     2.6229     8.1047     8.2607 1.0000e-12 0.0000e+00
    120.000     5.6935   3.244475    33.0750       3805     2.6420     8.1003     8.2515 1.0000e-12 0.0000e+00
    121.000     5.6931   3.244783    33.0783       3835     2.6627     8.0737     8.2542 1.0000e-12 0.0000e+00
    122.000     5.7163   3.247545    33.0863       3865     2.6830     8.0603     8.2559 1.0000e-12 0.0000e+00
    123.000     5.7337   3.250170    33.0983       3892     2.7018     8.0447     8.2609 1.0000e-12 0.0000e+00
    124.000     5.7362   3.250924    33.1039       3917     2.7196     8.0465     8.2586 1.0000e-12 0.0000e+00
    125.000     5.7282   3.250833    33.1102       3942     2.7370     8.0218     8.2170 1.0000e-12 0.0000e+00
    126.000     5.7222   3.250866    33.1159       3967     2.7545     8.0032     8.1969 1.0000e-12 0.0000e+00
    127.000     5.7244   3.251649    33.1221       3993     2.7723     8.0169     8.2223 1.0000e-12 0.0000e+00
    128.000     5.7285   3.252494    33.1272       4020     2.7911     8.0287     8.2447 1.0000e-12 0.0000e+00
    129.000     5.7298   3.252748    33.1282       4049     2.8112     8.0550     8.2448 1.0000e-12 0.0000e+00
    130.000     5.7377   3.253870    33.1327       4077     2.8306     8.0423     8.2162 1.0000e-12 0.0000e+00
    131.000     5.7324   3.254415    33.1435       4102     2.8479     8.0268     8.1851 1.0000e-12 0.0000e+00
    132.000     5.7215   3.253511    33.1436       4127     2.8649     8.0309     8.1897 1.0000e-12 0.0000e+00
    133.000     5.7089   3.252859    33.1480       4153     2.8835     8.0162     8.1644 1.0000e-12 0.0000e+00
    134.000     5.7074   3.253031    33.1510       4182     2.9037     7.9646     8.1303 1.0000e-12 0.0000e+00
    135.000     5.7250   3.255524    33.1614       4211     2.9235     7.9363     8.1236 1.0000e-12 0.0000e+00
    136.000     5.7827   3.262380    33.1815       4237     2.9418     7.9245     8.1135 1.0000e-12 0.0000e+00
    137.000     5.8424   3.269395    33.2015       4262     2.9588     7.9072     8.1010 1.0000e-12 0.0000e+00
    138.000     5.9146   3.278106    33.2280       4286     2.9755     7.8712     8.0573 1.0000e-12 0.0000e+00
    139.000     5.9771   3.285536    33.2497       4310     2.9927     7.8142     7.9938 1.0000e-12 0.0000e+00
    140.000     6.0369   3.292841    33.2725       4338     3.0116     7.7330     7.9057 1.0000e-12 0.0000e+00
    141.000     6.1038   3.300362    33.2905       4367     3.0322     7.6313     7.8087 1.0000e-12 0.0000e+00
    142.000     6.1560   3.306891    33.3119       4397     3.0529     7.5570     7.7183 1.0000e-12 0.0000e+00
    143.000     6.1842   3.310751    33.3269       4424     3.0717     7.5083     7.6588 1.0000e-12 0.0000e+00
    144.000     6.1992   3.312610    33.3324       4449     3.0888     7.4440     7.6275 1.0000e-12 0.0000e+00
    145.000     6.2428   3.318206    33.3516       4473     3.1054     7.3924     7.5825 1.0000e-12 0.0000e+00
    146.000     6.2575   3.320272    33.3598       4497     3.1224     7.3781     7.5560 1.0000e-12 0.0000e+00
