HB2502/ctd212.cnv
* Sea-Bird SBE 9 Data File:
* FileName = C:\cruise\data\ctd212.hex
* Software Version Seasave V 7.26.7.121
* Temperature SN = 4591
* Conductivity SN = 6006
* Number of Bytes Per Scan = 37
* Number of Voltage Words = 4
* Number of Scans Averaged by the Deck Unit = 1
* NMEA Latitude = 43 41.68 N
* NMEA Longitude = 068 59.19 W
* NMEA UTC (Time) = May 13 2025 01:29:23
* NMEA baud rate = 4800
** Ship: Bigelow HB2502
** Program:  Spring Bottom Trawl
** Chief Scientist:Jon Galbraith
# nquan = 10
# nvalues = 188                         
# units = specified
# name 0 = depSM: Depth [salt water, m]
# name 1 = t090C: Temperature [ITS-90, deg C]
# name 2 = c0S/m: Conductivity [S/m]
# name 3 = sal00: Salinity, Practical [PSU]
# name 4 = scan: Scan Count
# name 5 = timeM: Time, Elapsed [minutes]
# name 6 = sbeox0Mg/L: Oxygen, SBE 43 [mg/l]
# name 7 = sbeox1Mg/L: Oxygen, SBE 43, 2 [mg/l]
# name 8 = par: PAR/Irradiance, Biospherical/Licor
# name 9 = flag: flag
# span 0 =      2.000,     96.000       
# span 1 =     4.9860,     6.3462       
# span 2 =   3.110339,   3.199274       
# span 3 =    31.9635,    32.2520       
# span 4 =        115,       6338       
# span 5 =     0.0792,     4.4006       
# span 6 =     9.3913,    10.2243       
# span 7 =     9.6153,    10.4230       
# span 8 = -2.339e-06, 1.7792e+01       
# span 9 = 0.0000e+00, 0.0000e+00       
# interval = meters: 1                  
# start_time = May 13 2025 01:29:23 [NMEA time, header]
# bad_flag = -9.990e-29
*END*
[from data line 145]
     44.000     5.1048   3.113202    32.1930       4531     3.1461     9.5224     9.7430 1.0000e-12 0.0000e+00
     43.000     5.1145   3.113625    32.1889       4555     3.1623     9.4978     9.7522 1.0000e-12 0.0000e+00
     42.000     5.1250   3.114483    32.1891       4581     3.1808     9.5280     9.7599 1.0000e-12 0.0000e+00
     41.000     5.1374   3.115292    32.1869       4609     3.2003     9.5631     9.7659 1.0000e-12 0.0000e+00
     40.000     5.1425   3.115635    32.1864       4636     3.2184     9.5626     9.7763 1.0000e-12 0.0000e+00
     39.000     5.1492   3.116079    32.1855       4661     3.2362     9.5601     9.7926 1.0000e-12 0.0000e+00
     38.000     5.1572   3.116642    32.1848       4689     3.2554     9.5568     9.7811 1.0000e-12 0.0000e+00
     37.000     5.1600   3.116798    32.1843       4716     3.2745     9.5435     9.7662 1.0000e-12 0.0000e+00
     36.000     5.1646   3.117077    32.1836       4741     3.2917     9.5644     9.7775 1.0000e-12 0.0000e+00
     35.000     5.1730   3.117619    32.1822       4765     3.3082     9.5843     9.7941 1.0000e-12 0.0000e+00
     34.000     5.1962   3.119347    32.1801       4789     3.3252     9.5611     9.7886 1.0000e-12 0.0000e+00
     33.000     5.2081   3.120301    32.1800       4814     3.3422     9.5454     9.7932 1.0000e-12 0.0000e+00
     32.000     5.2325   3.122071    32.1772       4839     3.3596     9.5629     9.7936 1.0000e-12 0.0000e+00
     31.000     5.2450   3.123136    32.1779       4867     3.3792     9.5899     9.8044 1.0000e-12 0.0000e+00
     30.000     5.2753   3.125240    32.1732       4899     3.4015     9.5933     9.8201 1.0000e-12 0.0000e+00
     29.000     5.3623   3.131679    32.1634       4925     3.4197     9.6031     9.8358 1.0000e-12 0.0000e+00
     28.000     5.4052   3.135081    32.1614       4946     3.4342     9.6203     9.8636 1.0000e-12 0.0000e+00
     27.000     5.4262   3.136812    32.1613       4968     3.4496     9.6471     9.8866 3.1434e-04 0.0000e+00
     26.000     5.4591   3.139436    32.1601       4995     3.4682     9.6663     9.8995 -2.339e-06 0.0000e+00
     25.000     5.5206   3.144042    32.1539       5025     3.4887     9.6993     9.9223 1.2476e-03 0.0000e+00
     24.000     5.5812   3.148631    32.1483       5050     3.5064     9.7005     9.9466 9.3355e-03 0.0000e+00
     23.000     5.6525   3.153787    32.1389       5074     3.5227     9.7137     9.9756 2.3300e-02 0.0000e+00
     22.000     5.7632   3.161761    32.1236       5101     3.5414     9.7441    10.0035 4.7316e-02 0.0000e+00
     21.000     5.8014   3.164645    32.1202       5130     3.5620     9.8270    10.0814 6.6217e-02 0.0000e+00
     20.000     5.8477   3.167876    32.1129       5155     3.5792     9.8871    10.1302 8.8859e-02 0.0000e+00
     19.000     5.9796   3.178318    32.1051       5177     3.5943     9.8968    10.1481 1.2546e-01 0.0000e+00
     18.000     6.1251   3.189030    32.0874       5200     3.6104     9.9164    10.1787 1.7603e-01 0.0000e+00
     17.000     6.2292   3.195509    32.0616       5230     3.6311    10.0034    10.2678 2.5116e-01 0.0000e+00
     16.000     6.2571   3.196991    32.0522       5261     3.6527    10.0990    10.3478 3.2224e-01 0.0000e+00
     15.000     6.2668   3.197113    32.0449       5285     3.6693    10.1372    10.3740 4.2978e-01 0.0000e+00
     14.000     6.2763   3.197212    32.0375       5307     3.6844    10.1381    10.3660 5.6209e-01 0.0000e+00
     13.000     6.2913   3.197671    32.0290       5331     3.7017    10.1517    10.3642 7.7989e-01 0.0000e+00
     12.000     6.3050   3.198108    32.0214       5363     3.7237    10.1597    10.3671 1.0829e+00 0.0000e+00
     11.000     6.3179   3.198504    32.0141       5390     3.7423    10.1549    10.3675 1.4137e+00 0.0000e+00
     10.000     6.3210   3.198502    32.0117       5410     3.7566    10.1510    10.3707 1.8765e+00 0.0000e+00
      9.000     6.3243   3.198157    32.0052       5431     3.7710    10.1635    10.3601 2.7174e+00 0.0000e+00
      8.000     6.3284   3.196841    31.9873       5460     3.7907    10.1771    10.3670 3.5904e+00 0.0000e+00
      7.000     6.3337   3.195548    31.9685       5499     3.8182    10.1822    10.3866 5.1986e+00 0.0000e+00
      6.000     6.3365   3.195511    31.9659       5523     3.8349    10.1926    10.4005 6.7035e+00 0.0000e+00
      5.000     6.3432   3.195819    31.9635       5542     3.8477    10.1936    10.4123 8.7690e+00 0.0000e+00
      4.000     6.3443   3.195933    31.9642       5561     3.8613    10.1761    10.4230 1.2279e+01 0.0000e+00
      3.000     6.3342   3.195723    31.9719       5900     4.0968    10.2243    10.4188 1.5600e+01 0.0000e+00
      2.000     6.3310   3.197711    31.9973       6338     4.4006    10.1988    10.4017 1.7792e+01 0.0000e+00
