HB2502/ctd219.cnv
* Sea-Bird SBE 9 Data File:
* FileName = C:\cruise\data\ctd219.hex
* Software Version Seasave V 7.26.7.121
* Temperature SN = 4591
* Conductivity SN = 6006
* Number of Bytes Per Scan = 37
* Number of Voltage Words = 4
* Number of Scans Averaged by the Deck Unit = 1
* NMEA Latitude = 43 17.49 N
* NMEA Longitude = 069 32.80 W
* NMEA UTC (Time) = May 15 2025 00:26:08
* NMEA baud rate = 4800
** Ship: Bigelow HB2502
** Program:  Spring Bottom Trawl
** Chief Scientist:Jon Galbraith
# nquan = 10
# nvalues = 342                         
# units = specified
# name 0 = depSM: Depth [salt water, m]
# name 1 = t090C: Temperature [ITS-90, deg C]
# name 2 = c0S/m: Conductivity [S/m]
# name 3 = sal00: Salinity, Practical [PSU]
# name 4 = scan: Scan Count
# name 5 = timeM: Time, Elapsed [minutes]
# name 6 = sbeox0Mg/L: Oxygen, SBE 43 [mg/l]
# name 7 = sbeox1Mg/L: Oxygen, SBE 43, 2 [mg/l]
# name 8 = par: PAR/Irradiance, Biospherical/Licor
# name 9 = flag: flag
# span 0 =      2.000,    173.000       
# span 1 =     4.3809,     8.1938       
# span 2 =   3.092616,   3.378412       
# span 3 =    32.2090,    32.9318       
# span 4 =         81,      10427       
# span 5 =     0.0557,     7.2405       
# span 6 =     8.2616,    11.1572       
# span 7 =     8.4620,    11.3388       
# span 8 = 1.0000e-12, 1.2308e+01       
# span 9 = 0.0000e+00, 0.0000e+00       
# interval = meters: 1                  
# start_time = May 15 2025 00:26:08 [NMEA time, header]
# bad_flag = -9.990e-29
*END*
[from data line 145]
    148.000     5.0396   3.172510    32.8840       4036     2.8021     8.6065     8.7921 1.0000e-12 0.0000e+00
    149.000     5.0442   3.173173    32.8866       4062     2.8202     8.5817     8.7808 1.0000e-12 0.0000e+00
    150.000     5.0454   3.173540    32.8891       4089     2.8386     8.5540     8.7615 1.0000e-12 0.0000e+00
    151.000     5.0455   3.173635    32.8897       4115     2.8570     8.5364     8.7248 1.0000e-12 0.0000e+00
    152.000     5.0455   3.173718    32.8901       4142     2.8755     8.5070     8.6824 1.0000e-12 0.0000e+00
    153.000     5.0516   3.174353    32.8908       4169     2.8947     8.4826     8.6728 1.0000e-12 0.0000e+00
    154.000     5.0641   3.175834    32.8950       4197     2.9141     8.4682     8.6830 1.0000e-12 0.0000e+00
    155.000     5.0806   3.177599    32.8985       4225     2.9333     8.4721     8.6791 1.0000e-12 0.0000e+00
    156.000     5.0924   3.179034    32.9028       4253     2.9526     8.4756     8.6594 1.0000e-12 0.0000e+00
    157.000     5.0956   3.179489    32.9044       4281     2.9720     8.4447     8.6215 1.0000e-12 0.0000e+00
    158.000     5.0999   3.180002    32.9055       4308     2.9910     8.4218     8.5998 1.0000e-12 0.0000e+00
    159.000     5.1100   3.181068    32.9073       4335     3.0094     8.3907     8.6011 1.0000e-12 0.0000e+00
    160.000     5.1193   3.182173    32.9102       4360     3.0273     8.3664     8.5948 1.0000e-12 0.0000e+00
    161.000     5.1253   3.182833    32.9114       4386     3.0454     8.3696     8.5853 1.0000e-12 0.0000e+00
    162.000     5.1339   3.183882    32.9144       4414     3.0643     8.3610     8.5758 1.0000e-12 0.0000e+00
    163.000     5.1358   3.184183    32.9155       4442     3.0841     8.3670     8.5674 1.0000e-12 0.0000e+00
    164.000     5.1384   3.184515    32.9162       4471     3.1038     8.3546     8.5587 1.0000e-12 0.0000e+00
    165.000     5.1411   3.184849    32.9169       4498     3.1228     8.3479     8.5483 1.0000e-12 0.0000e+00
    166.000     5.1472   3.185544    32.9184       4525     3.1417     8.3564     8.5553 1.0000e-12 0.0000e+00
    167.000     5.1517   3.186115    32.9200       4553     3.1612     8.3536     8.5528 1.0000e-12 0.0000e+00
    168.000     5.1540   3.186435    32.9209       4581     3.1808     8.3418     8.5426 1.0000e-12 0.0000e+00
    169.000     5.1623   3.187292    32.9220       4609     3.1998     8.3398     8.5348 1.0000e-12 0.0000e+00
    170.000     5.1757   3.188838    32.9260       4636     3.2184     8.3310     8.5209 1.0000e-12 0.0000e+00
    171.000     5.1785   3.189259    32.9275       4662     3.2369     8.2937     8.4999 1.0000e-12 0.0000e+00
    172.000     5.1800   3.189467    32.9280       4688     3.2552     8.2788     8.4898 1.0000e-12 0.0000e+00
    173.000     5.1856   3.190218    32.9306       5129     3.5612     8.2838     8.4824 1.0000e-12 0.0000e+00
    172.000     5.1847   3.190209    32.9318       5644     3.9187     8.2935     8.4620 1.0000e-12 0.0000e+00
    171.000     5.1791   3.189532    32.9301       5670     3.9367     8.2733     8.4766 1.0000e-12 0.0000e+00
    170.000     5.1761   3.189158    32.9292       5696     3.9548     8.2689     8.4845 1.0000e-12 0.0000e+00
    169.000     5.1736   3.188878    32.9290       5722     3.9727     8.2616     8.4925 1.0000e-12 0.0000e+00
    168.000     5.1583   3.187252    32.9260       5748     3.9906     8.2663     8.5028 1.0000e-12 0.0000e+00
    167.000     5.1556   3.186836    32.9244       5774     4.0089     8.2851     8.4975 1.0000e-12 0.0000e+00
    166.000     5.1543   3.186624    32.9238       5800     4.0272     8.2855     8.5018 1.0000e-12 0.0000e+00
    165.000     5.1488   3.186073    32.9233       5827     4.0458     8.3100     8.4969 1.0000e-12 0.0000e+00
    164.000     5.1330   3.184297    32.9191       5853     4.0641     8.3262     8.5021 1.0000e-12 0.0000e+00
    163.000     5.1272   3.183577    32.9170       5879     4.0818     8.3166     8.5054 1.0000e-12 0.0000e+00
    162.000     5.1228   3.183041    32.9158       5904     4.0993     8.3112     8.5271 1.0000e-12 0.0000e+00
    161.000     5.1182   3.182496    32.9145       5930     4.1176     8.3205     8.5373 1.0000e-12 0.0000e+00
    160.000     5.1123   3.181820    32.9131       5959     4.1372     8.3380     8.5514 1.0000e-12 0.0000e+00
    159.000     5.1087   3.181374    32.9120       5987     4.1569     8.3795     8.5696 1.0000e-12 0.0000e+00
    158.000     5.1064   3.181054    32.9112       6014     4.1757     8.3610     8.5656 1.0000e-12 0.0000e+00
    157.000     5.1025   3.180601    32.9103       6040     4.1936     8.3510     8.5811 1.0000e-12 0.0000e+00
    156.000     5.0993   3.180192    32.9093       6065     4.2113     8.3631     8.5801 1.0000e-12 0.0000e+00
    155.000     5.0938   3.179558    32.9080       6091     4.2290     8.3547     8.5855 1.0000e-12 0.0000e+00
    154.000     5.0872   3.178795    32.9062       6117     4.2471     8.3424     8.5731 1.0000e-12 0.0000e+00
    153.000     5.0813   3.178086    32.9044       6144     4.2657     8.3751     8.5874 1.0000e-12 0.0000e+00
    152.000     5.0681   3.176649    32.9014       6170     4.2842     8.4113     8.5984 1.0000e-12 0.0000e+00
    151.000     5.0557   3.175190    32.8974       6196     4.3022     8.4074     8.5983 1.0000e-12 0.0000e+00
    150.000     5.0474   3.174187    32.8946       6222     4.3198     8.4013     8.6252 1.0000e-12 0.0000e+00
    149.000     5.0470   3.174010    32.8934       6247     4.3377     8.4123     8.6483 1.0000e-12 0.0000e+00
    148.000     5.0435   3.173534    32.8920       6274     4.3561     8.4406     8.6579 1.0000e-12 0.0000e+00
    147.000     5.0438   3.173451    32.8912       6300     4.3746     8.4627     8.6828 1.0000e-12 0.0000e+00
    146.000     5.0409   3.172969    32.8890       6326     4.3927     8.4710     8.6979 1.0000e-12 0.0000e+00
    145.000     5.0356   3.172234    32.8863       6352     4.4103     8.4949     8.7149 1.0000e-12 0.0000e+00
    144.000     5.0238   3.170836    32.8824       6377     4.4281     8.5381     8.7344 1.0000e-12 0.0000e+00
    143.000     5.0216   3.170514    32.8814       6404     4.4463     8.5640     8.7666 1.0000e-12 0.0000e+00
    142.000     5.0201   3.170309    32.8810       6430     4.4645     8.5860     8.7960 1.0000e-12 0.0000e+00
    141.000     5.0159   3.169796    32.8797       6456     4.4827     8.6114     8.8154 1.0000e-12 0.0000e+00
    140.000     5.0080   3.168896    32.8777       6482     4.5007     8.6228     8.8221 1.0000e-12 0.0000e+00
    139.000     4.9961   3.167520    32.8742       6508     4.5186     8.6279     8.8259 1.0000e-12 0.0000e+00
    138.000     4.9754   3.165286    32.8694       6534     4.5368     8.6277     8.8195 1.0000e-12 0.0000e+00
    137.000     4.9440   3.161904    32.8619       6560     4.5550     8.6516     8.8387 1.0000e-12 0.0000e+00
    136.000     4.9198   3.159258    32.8558       6586     4.5729     8.6694     8.8558 1.0000e-12 0.0000e+00
    135.000     4.8967   3.156739    32.8502       6611     4.5902     8.6794     8.8771 1.0000e-12 0.0000e+00
    134.000     4.8864   3.155592    32.8476       6636     4.6076     8.6957     8.8987 1.0000e-12 0.0000e+00
    133.000     4.8727   3.154046    32.8438       6662     4.6256     8.7210     8.9317 1.0000e-12 0.0000e+00
    132.000     4.8444   3.150902    32.8360       6689     4.6446     8.7504     8.9645 1.0000e-12 0.0000e+00
    131.000     4.8140   3.147518    32.8274       6717     4.6640     8.7671     8.9597 1.0000e-12 0.0000e+00
    130.000     4.7635   3.142047    32.8146       6744     4.6829     8.7989     8.9731 1.0000e-12 0.0000e+00
    129.000     4.7201   3.137071    32.8004       6771     4.7011     8.8174     9.0214 1.0000e-12 0.0000e+00
    128.000     4.7145   3.136293    32.7975       6796     4.7186     8.8181     9.0464 1.0000e-12 0.0000e+00
    127.000     4.7123   3.135953    32.7962       6821     4.7360     8.8714     9.1052 1.0000e-12 0.0000e+00
    126.000     4.7090   3.135486    32.7947       6846     4.7534     8.9406     9.1665 1.0000e-12 0.0000e+00
    125.000     4.7037   3.134819    32.7927       6872     4.7713     8.9920     9.1862 1.0000e-12 0.0000e+00
    124.000     4.6977   3.134094    32.7906       6899     4.7900     8.9844     9.1839 1.0000e-12 0.0000e+00
    123.000     4.6836   3.132492    32.7865       6926     4.8092     8.9825     9.1760 1.0000e-12 0.0000e+00
    122.000     4.6710   3.131058    32.7830       6953     4.8280     8.9669     9.1786 1.0000e-12 0.0000e+00
    121.000     4.6483   3.128611    32.7775       6979     4.8460     8.9552     9.1807 1.0000e-12 0.0000e+00
    120.000     4.6369   3.127176    32.7726       7004     4.8634     8.9703     9.2003 1.0000e-12 0.0000e+00
    119.000     4.6353   3.126859    32.7711       7030     4.8813     9.0022     9.2178 1.0000e-12 0.0000e+00
    118.000     4.6346   3.126715    32.7706       7057     4.9000     9.0197     9.2432 1.0000e-12 0.0000e+00
    117.000     4.6330   3.126425    32.7694       7085     4.9191     9.0239     9.2681 1.0000e-12 0.0000e+00
    116.000     4.6309   3.126107    32.7683       7112     4.9379     9.0360     9.2647 1.0000e-12 0.0000e+00
    115.000     4.6284   3.125752    32.7671       7138     4.9563     9.0493     9.2576 1.0000e-12 0.0000e+00
    114.000     4.6278   3.125596    32.7664       7164     4.9744     9.0584     9.2499 1.0000e-12 0.0000e+00
    113.000     4.6260   3.125299    32.7652       7189     4.9920     9.0473     9.2458 1.0000e-12 0.0000e+00
    112.000     4.6197   3.124546    32.7632       7215     5.0098     9.0594     9.2577 1.0000e-12 0.0000e+00
    111.000     4.6155   3.124002    32.7616       7242     5.0286     9.0685     9.2711 1.0000e-12 0.0000e+00
    110.000     4.6078   3.123130    32.7596       7270     5.0482     9.0736     9.2948 1.0000e-12 0.0000e+00
    109.000     4.6055   3.122787    32.7584       7298     5.0675     9.0867     9.3000 1.0000e-12 0.0000e+00
    108.000     4.6061   3.122772    32.7582       7325     5.0859     9.1029     9.2832 1.0000e-12 0.0000e+00
    107.000     4.6077   3.122928    32.7589       7350     5.1034     9.0803     9.2860 1.0000e-12 0.0000e+00
    106.000     4.5957   3.121619    32.7561       7374     5.1203     9.0534     9.2975 1.0000e-12 0.0000e+00
    105.000     4.5913   3.121038    32.7542       7399     5.1373     9.0595     9.2994 1.0000e-12 0.0000e+00
    104.000     4.5910   3.120926    32.7537       7425     5.1555     9.0619     9.2941 1.0000e-12 0.0000e+00
    103.000     4.5907   3.120819    32.7533       7454     5.1754     9.0669     9.3012 1.0000e-12 0.0000e+00
    102.000     4.5899   3.120671    32.7529       7483     5.1955     9.0769     9.3178 1.0000e-12 0.0000e+00
    101.000     4.5833   3.119923    32.7512       7510     5.2143     9.0988     9.3264 1.0000e-12 0.0000e+00
    100.000     4.5786   3.119309    32.7492       7535     5.2318     9.1056     9.3121 1.0000e-12 0.0000e+00
     99.000     4.5706   3.118404    32.7471       7560     5.2490     9.1191     9.3123 1.0000e-12 0.0000e+00
     98.000     4.5468   3.115704    32.7398       7585     5.2667     9.1274     9.3293 1.0000e-12 0.0000e+00
     97.000     4.4921   3.109684    32.7244       7612     5.2854     9.1456     9.3341 1.0000e-12 0.0000e+00
     96.000     4.4433   3.103506    32.7013       7639     5.3044     9.1627     9.3373 1.0000e-12 0.0000e+00
     95.000     4.4409   3.103028    32.6986       7666     5.3230     9.1468     9.3631 1.0000e-12 0.0000e+00
     94.000     4.4374   3.102485    32.6962       7692     5.3411     9.1738     9.4288 1.0000e-12 0.0000e+00
     93.000     4.4317   3.101648    32.6927       7717     5.3583     9.2073     9.4564 1.0000e-12 0.0000e+00
     92.000     4.4239   3.100535    32.6878       7741     5.3751     9.2122     9.4464 1.0000e-12 0.0000e+00
     91.000     4.4188   3.099683    32.6835       7766     5.3924     9.2318     9.4532 1.0000e-12 0.0000e+00
     90.000     4.4084   3.098206    32.6771       7793     5.4112     9.2462     9.4755 1.0000e-12 0.0000e+00
     89.000     4.4063   3.097745    32.6743       7822     5.4312     9.2610     9.4758 1.0000e-12 0.0000e+00
     88.000     4.4064   3.097652    32.6737       7850     5.4507     9.2648     9.4812 1.0000e-12 0.0000e+00
     87.000     4.4042   3.097358    32.6728       7876     5.4689     9.2586     9.4845 1.0000e-12 0.0000e+00
     86.000     4.4007   3.096885    32.6714       7901     5.4860     9.2400     9.4787 1.0000e-12 0.0000e+00
     85.000     4.3970   3.096364    32.6695       7925     5.5029     9.2412     9.4763 1.0000e-12 0.0000e+00
     84.000     4.3963   3.096181    32.6686       7951     5.5206     9.2400     9.4657 1.0000e-12 0.0000e+00
     83.000     4.3920   3.095586    32.6663       7977     5.5391     9.2535     9.4690 1.0000e-12 0.0000e+00
     82.000     4.3851   3.094516    32.6612       8005     5.5580     9.2545     9.4810 1.0000e-12 0.0000e+00
     81.000     4.3861   3.094460    32.6601       8031     5.5763     9.2490     9.4813 1.0000e-12 0.0000e+00
     80.000     4.3893   3.094618    32.6592       8056     5.5939     9.2498     9.4857 1.0000e-12 0.0000e+00
     79.000     4.3922   3.094761    32.6586       8081     5.6113     9.2290     9.4940 1.0000e-12 0.0000e+00
     78.000     4.3929   3.094624    32.6568       8107     5.6290     9.2324     9.4894 1.0000e-12 0.0000e+00
     77.000     4.3942   3.094450    32.6540       8133     5.6473     9.2443     9.4736 1.0000e-12 0.0000e+00
     76.000     4.3951   3.093870    32.6468       8160     5.6661     9.2707     9.4562 1.0000e-12 0.0000e+00
     75.000     4.3945   3.093556    32.6443       8187     5.6846     9.2634     9.4688 1.0000e-12 0.0000e+00
     74.000     4.3935   3.093107    32.6406       8212     5.7024     9.2644     9.4773 1.0000e-12 0.0000e+00
     73.000     4.3944   3.093029    32.6393       8238     5.7198     9.2515     9.4652 1.0000e-12 0.0000e+00
     72.000     4.3960   3.092616    32.6334       8263     5.7375     9.2258     9.4610 1.0000e-12 0.0000e+00
     71.000     4.4033   3.092876    32.6297       8289     5.7556     9.2160     9.4669 1.0000e-12 0.0000e+00
     70.000     4.4121   3.093480    32.6286       8316     5.7740     9.2324     9.4677 1.0000e-12 0.0000e+00
     69.000     4.4209   3.093952    32.6259       8343     5.7931     9.2487     9.4775 1.0000e-12 0.0000e+00
     68.000     4.4265   3.094158    32.6233       8370     5.8118     9.2321     9.4744 1.0000e-12 0.0000e+00
     67.000     4.4357   3.094349    32.6169       8395     5.8293     9.2056     9.4584 1.0000e-12 0.0000e+00
     66.000     4.4368   3.094032    32.6127       8420     5.8464     9.2232     9.4523 1.0000e-12 0.0000e+00
     65.000     4.4357   3.093809    32.6117       8445     5.8638     9.2401     9.4482 1.0000e-12 0.0000e+00
     64.000     4.4343   3.093437    32.6092       8471     5.8820     9.2498     9.4596 1.0000e-12 0.0000e+00
     63.000     4.4340   3.093396    32.6095       8498     5.9005     9.2841     9.4882 1.0000e-12 0.0000e+00
     62.000     4.4337   3.093227    32.6083       8524     5.9186     9.2857     9.4765 1.0000e-12 0.0000e+00
     61.000     4.4338   3.093084    32.6071       8550     5.9368     9.2660     9.4688 1.0000e-12 0.0000e+00
     60.000     4.4352   3.092945    32.6046       8577     5.9553     9.2591     9.4572 1.0000e-12 0.0000e+00
     59.000     4.4382   3.092960    32.6024       8603     5.9737     9.2780     9.4698 1.0000e-12 0.0000e+00
     58.000     4.4408   3.092974    32.6005       8629     5.9919     9.2954     9.4954 1.0000e-12 0.0000e+00
     57.000     4.4507   3.093364    32.5958       8655     6.0098     9.2778     9.5109 1.0000e-12 0.0000e+00
     56.000     4.4548   3.093553    32.5945       8680     6.0274     9.2696     9.5044 1.0000e-12 0.0000e+00
