HB2502/ctd221.cnv
* Sea-Bird SBE 9 Data File:
* FileName = C:\cruise\data\ctd221.hex
* Software Version Seasave V 7.26.7.121
* Temperature SN = 4591
* Conductivity SN = 6006
* Number of Bytes Per Scan = 37
* Number of Voltage Words = 4
* Number of Scans Averaged by the Deck Unit = 1
* NMEA Latitude = 42 51.86 N
* NMEA Longitude = 069 18.18 W
* NMEA UTC (Time) = May 15 2025 08:57:28
* NMEA baud rate = 4800
** Ship: Bigelow HB2502
** Program:  Spring Bottom Trawl
** Chief Scientist:Jon Galbraith
# nquan = 10
# nvalues = 264                         
# units = specified
# name 0 = depSM: Depth [salt water, m]
# name 1 = t090C: Temperature [ITS-90, deg C]
# name 2 = c0S/m: Conductivity [S/m]
# name 3 = sal00: Salinity, Practical [PSU]
# name 4 = scan: Scan Count
# name 5 = timeM: Time, Elapsed [minutes]
# name 6 = sbeox0Mg/L: Oxygen, SBE 43 [mg/l]
# name 7 = sbeox1Mg/L: Oxygen, SBE 43, 2 [mg/l]
# name 8 = par: PAR/Irradiance, Biospherical/Licor
# name 9 = flag: flag
# span 0 =      2.000,    134.000       
# span 1 =     4.7939,     9.1334       
# span 2 =   3.131117,   3.455565       
# span 3 =    32.1426,    33.1971       
# span 4 =        483,       9148       
# span 5 =     0.3347,     6.3521       
# span 6 =     7.4886,    11.0601       
# span 7 =     7.6769,    11.3006       
# span 8 = -1.743e-06, 1.6565e+01       
# span 9 = 0.0000e+00, 0.0000e+00       
# interval = meters: 1                  
# start_time = May 15 2025 08:57:28 [NMEA time, header]
# bad_flag = -9.990e-29
*END*
      3.000     9.1334   3.455563    32.1738        483     0.3347    10.6654    10.8832 1.4834e+01 0.0000e+00
      4.000     9.1288   3.455565    32.1775        791     0.5487    10.6684    10.8831 1.1360e+01 0.0000e+00
      5.000     8.9865   3.445294    32.1994        825     0.5725    10.6818    10.9170 8.8020e+00 0.0000e+00
      6.000     8.9377   3.440676    32.1953        853     0.5918    10.7004    10.8946 7.3614e+00 0.0000e+00
      7.000     8.8937   3.437341    32.2000        880     0.6102    10.6748    10.9175 5.9837e+00 0.0000e+00
      8.000     8.8123   3.430499    32.2023        906     0.6286    10.7297    10.9815 4.5236e+00 0.0000e+00
      9.000     8.7993   3.429242    32.2006        933     0.6473    10.7502    10.9826 3.7266e+00 0.0000e+00
     10.000     8.4446   3.404052    32.2599        961     0.6663    10.8826    11.0551 2.8722e+00 0.0000e+00
     11.000     8.1998   3.380857    32.2393        988     0.6851    10.9496    11.0473 2.3081e+00 0.0000e+00
     12.000     8.1609   3.376454    32.2280       1014     0.7034    10.8024    10.8876 1.7968e+00 0.0000e+00
     13.000     8.0252   3.365902    32.2404       1040     0.7214    10.7683    10.9646 1.4209e+00 0.0000e+00
     14.000     7.9051   3.354710    32.2316       1065     0.7392    10.8389    11.0515 1.1171e+00 0.0000e+00
     15.000     7.8065   3.345308    32.2219       1091     0.7571    10.9060    11.0933 8.9508e-01 0.0000e+00
     16.000     7.7175   3.338218    32.2278       1118     0.7758    10.9635    11.1561 7.2319e-01 0.0000e+00
     17.000     7.5551   3.323807    32.2232       1147     0.7957    11.0429    11.2469 5.6536e-01 0.0000e+00
     18.000     7.4078   3.312078    32.2332       1175     0.8154    11.0601    11.1981 4.4338e-01 0.0000e+00
     19.000     7.2529   3.298628    32.2317       1201     0.8335    10.9570    11.0409 3.4625e-01 0.0000e+00
     20.000     7.1963   3.293724    32.2309       1226     0.8505    10.7726    10.8337 2.6793e-01 0.0000e+00
     21.000     7.1385   3.288847    32.2314       1251     0.8679    10.6226    10.7244 2.0239e-01 0.0000e+00
     22.000     7.0786   3.284116    32.2356       1278     0.8867    10.5267    10.6872 1.4324e-01 0.0000e+00
     23.000     6.9425   3.274725    32.2602       1306     0.9065    10.4988    10.6894 9.4246e-02 0.0000e+00
     24.000     6.5556   3.246311    32.3123       1333     0.9248    10.5369    10.7108 5.5976e-02 0.0000e+00
     25.000     6.3184   3.226359    32.3159       1357     0.9414    10.4866    10.5849 3.2542e-02 0.0000e+00
     26.000     6.1911   3.216344    32.3250       1381     0.9580    10.3326    10.4038 1.1102e-02 0.0000e+00
     27.000     6.1003   3.209556    32.3354       1408     0.9771    10.2335    10.3309 1.3076e-03 0.0000e+00
     28.000     6.0396   3.204556    32.3370       1440     0.9991    10.1672    10.3130 9.0570e-05 0.0000e+00
     29.000     5.9573   3.198610    32.3486       1469     1.0195    10.1453    10.3355 -1.743e-06 0.0000e+00
     30.000     5.8977   3.193597    32.3489       1493     1.0361    10.1348    10.3415 1.0000e-12 0.0000e+00
     31.000     5.8602   3.190542    32.3500       1515     1.0513    10.1254    10.3195 1.0000e-12 0.0000e+00
     32.000     5.8382   3.188511    32.3478       1538     1.0676    10.1183    10.2988 1.0000e-12 0.0000e+00
     33.000     5.7799   3.184620    32.3594       1568     1.0881    10.1303    10.2924 1.0000e-12 0.0000e+00
     34.000     5.6794   3.178418    32.3855       1601     1.1111    10.1507    10.3085 1.0000e-12 0.0000e+00
     35.000     5.5247   3.170460    32.4441       1628     1.1298    10.1657    10.3032 1.0000e-12 0.0000e+00
     36.000     5.3892   3.161882    32.4773       1650     1.1453    10.1451    10.2862 1.0000e-12 0.0000e+00
     37.000     5.3537   3.159985    32.4897       1672     1.1605    10.0792    10.2042 1.0000e-12 0.0000e+00
     38.000     5.3335   3.158995    32.4974       1697     1.1776    10.0046    10.1485 1.0000e-12 0.0000e+00
     39.000     5.3120   3.158121    32.5080       1727     1.1985     9.9344    10.1219 1.0000e-12 0.0000e+00
     40.000     5.2646   3.155975    32.5290       1758     1.2198     9.9044    10.1287 1.0000e-12 0.0000e+00
     41.000     5.2305   3.154204    32.5414       1784     1.2381     9.8951    10.1141 1.0000e-12 0.0000e+00
     42.000     5.1846   3.151978    32.5602       1809     1.2553     9.8724    10.0703 1.0000e-12 0.0000e+00
     43.000     5.1494   3.149991    32.5713       1834     1.2732     9.8088    10.0066 1.0000e-12 0.0000e+00
     44.000     5.1391   3.149397    32.5740       1862     1.2922     9.7905     9.9426 1.0000e-12 0.0000e+00
     45.000     5.1252   3.148766    32.5799       1890     1.3119     9.7532     9.8990 1.0000e-12 0.0000e+00
     46.000     5.1137   3.148284    32.5851       1918     1.3310     9.6845     9.8881 1.0000e-12 0.0000e+00
     47.000     5.1002   3.147547    32.5892       1943     1.3483     9.6538     9.8883 1.0000e-12 0.0000e+00
     48.000     5.0894   3.146816    32.5910       1966     1.3645     9.6575     9.8828 1.0000e-12 0.0000e+00
     49.000     5.0814   3.146417    32.5937       1990     1.3814     9.6609     9.8613 1.0000e-12 0.0000e+00
     50.000     5.0270   3.144025    32.6190       2018     1.4004     9.6577     9.8521 1.0000e-12 0.0000e+00
     51.000     4.9595   3.141141    32.6515       2048     1.4214     9.6541     9.8292 1.0000e-12 0.0000e+00
     52.000     4.8963   3.136947    32.6647       2077     1.4418     9.6393     9.7871 1.0000e-12 0.0000e+00
     53.000     4.8748   3.135293    32.6662       2104     1.4601     9.5773     9.7138 1.0000e-12 0.0000e+00
     54.000     4.8617   3.134508    32.6695       2129     1.4779     9.4859     9.6297 1.0000e-12 0.0000e+00
     55.000     4.8577   3.134267    32.6702       2155     1.4956     9.4483     9.6140 1.0000e-12 0.0000e+00
     56.000     4.8596   3.134539    32.6710       2180     1.5131     9.4270     9.6209 1.0000e-12 0.0000e+00
     57.000     4.8588   3.134489    32.6706       2205     1.5308     9.4168     9.6159 1.0000e-12 0.0000e+00
     58.000     4.8564   3.134448    32.6720       2232     1.5496     9.3859     9.6032 1.0000e-12 0.0000e+00
     59.000     4.8378   3.133279    32.6763       2262     1.5699     9.3923     9.6066 1.0000e-12 0.0000e+00
     60.000     4.8235   3.132394    32.6796       2290     1.5897     9.4121     9.5996 1.0000e-12 0.0000e+00
     61.000     4.8103   3.131426    32.6809       2316     1.6073     9.4261     9.5918 1.0000e-12 0.0000e+00
     62.000     4.8119   3.131497    32.6796       2339     1.6234     9.4100     9.5682 1.0000e-12 0.0000e+00
     63.000     4.8065   3.131653    32.6863       2362     1.6397     9.3815     9.5584 1.0000e-12 0.0000e+00
     64.000     4.7963   3.131890    32.6986       2390     1.6587     9.3770     9.5648 1.0000e-12 0.0000e+00
     65.000     4.7939   3.131810    32.6995       2422     1.6812     9.3845     9.5661 1.0000e-12 0.0000e+00
     66.000     4.7957   3.132025    32.6997       2452     1.7022     9.3211     9.5157 1.0000e-12 0.0000e+00
     67.000     4.8037   3.132965    32.7021       2477     1.7196     9.2714     9.4782 1.0000e-12 0.0000e+00
     68.000     4.8079   3.133526    32.7040       2499     1.7350     9.2588     9.4673 1.0000e-12 0.0000e+00
     69.000     4.8152   3.134571    32.7083       2522     1.7509     9.2627     9.4484 1.0000e-12 0.0000e+00
     70.000     4.8193   3.135296    32.7122       2549     1.7694     9.2420     9.4253 1.0000e-12 0.0000e+00
     71.000     4.8245   3.136203    32.7170       2581     1.7914     9.1950     9.4010 1.0000e-12 0.0000e+00
     72.000     4.8250   3.136394    32.7183       2611     1.8122     9.1908     9.4003 1.0000e-12 0.0000e+00
     73.000     4.8343   3.137930    32.7263       2636     1.8295     9.1857     9.3871 1.0000e-12 0.0000e+00
     74.000     4.8536   3.140993    32.7421       2658     1.8454     9.1772     9.3771 1.0000e-12 0.0000e+00
     75.000     4.8779   3.143839    32.7505       2682     1.8618     9.1544     9.3666 1.0000e-12 0.0000e+00
     76.000     4.9033   3.146640    32.7572       2709     1.8802     9.1075     9.3267 1.0000e-12 0.0000e+00
     77.000     4.9381   3.150906    32.7716       2738     1.9010     9.0399     9.2346 1.0000e-12 0.0000e+00
     78.000     4.9469   3.152121    32.7765       2768     1.9215     8.9744     9.1639 1.0000e-12 0.0000e+00
     79.000     4.9721   3.155807    32.7936       2795     1.9401     8.9114     9.0907 1.0000e-12 0.0000e+00
     80.000     4.9793   3.157348    32.8037       2820     1.9575     8.8615     9.0481 1.0000e-12 0.0000e+00
     81.000     4.9911   3.158825    32.8085       2845     1.9749     8.8461     9.0284 1.0000e-12 0.0000e+00
     82.000     5.0139   3.161859    32.8205       2871     1.9927     8.8018     8.9771 1.0000e-12 0.0000e+00
     83.000     5.0203   3.162742    32.8238       2897     2.0109     8.7578     8.9525 1.0000e-12 0.0000e+00
     84.000     5.0308   3.164052    32.8280       2923     2.0295     8.7317     8.9244 1.0000e-12 0.0000e+00
     85.000     5.0359   3.164747    32.8305       2951     2.0486     8.7261     8.9290 1.0000e-12 0.0000e+00
     86.000     5.0408   3.165406    32.8327       2978     2.0675     8.7388     8.9507 1.0000e-12 0.0000e+00
     87.000     5.0443   3.165821    32.8335       3005     2.0859     8.7411     8.9686 1.0000e-12 0.0000e+00
     88.000     5.0836   3.169511    32.8367       3030     2.1037     8.7310     8.9556 1.0000e-12 0.0000e+00
     89.000     5.0899   3.170517    32.8416       3056     2.1217     8.7600     8.9417 1.0000e-12 0.0000e+00
     90.000     5.1031   3.171861    32.8435       3083     2.1403     8.7645     8.9426 1.0000e-12 0.0000e+00
     91.000     5.1366   3.175002    32.8459       3110     2.1593     8.7401     8.9455 1.0000e-12 0.0000e+00
     92.000     5.2163   3.182281    32.8504       3138     2.1782     8.7426     8.9207 1.0000e-12 0.0000e+00
     93.000     5.2757   3.188960    32.8680       3164     2.1967     8.7261     8.9081 1.0000e-12 0.0000e+00
     94.000     5.2583   3.188351    32.8775       3190     2.2149     8.7487     8.9404 1.0000e-12 0.0000e+00
     95.000     5.2507   3.187622    32.8763       3217     2.2330     8.7502     8.9411 1.0000e-12 0.0000e+00
     96.000     5.2441   3.187236    32.8778       3242     2.2507     8.7169     8.9174 1.0000e-12 0.0000e+00
     97.000     5.2607   3.189390    32.8856       3267     2.2679     8.6949     8.8950 1.0000e-12 0.0000e+00
     98.000     5.2779   3.192042    32.8984       3292     2.2857     8.6871     8.8817 1.0000e-12 0.0000e+00
     99.000     5.2300   3.188612    32.9058       3320     2.3051     8.6939     8.8790 1.0000e-12 0.0000e+00
    100.000     5.1784   3.184241    32.9061       3351     2.3264     8.6405     8.8336 1.0000e-12 0.0000e+00
    101.000     5.1704   3.183760    32.9080       3380     2.3463     8.5913     8.7717 1.0000e-12 0.0000e+00
    102.000     5.1595   3.182986    32.9094       3404     2.3633     8.5748     8.7327 1.0000e-12 0.0000e+00
    103.000     5.1574   3.182915    32.9101       3427     2.3791     8.5650     8.7195 1.0000e-12 0.0000e+00
    104.000     5.1599   3.183306    32.9116       3451     2.3955     8.5537     8.7099 1.0000e-12 0.0000e+00
    105.000     5.1615   3.183697    32.9140       3478     2.4149     8.5330     8.7323 1.0000e-12 0.0000e+00
    106.000     5.1796   3.185794    32.9197       3510     2.4366     8.5134     8.7336 1.0000e-12 0.0000e+00
    107.000     5.1994   3.188437    32.9299       3538     2.4561     8.4898     8.7187 1.0000e-12 0.0000e+00
    108.000     5.2136   3.190071    32.9341       3562     2.4731     8.4803     8.6873 1.0000e-12 0.0000e+00
    109.000     5.2626   3.194651    32.9377       3586     2.4895     8.4493     8.6404 1.0000e-12 0.0000e+00
    110.000     5.3772   3.207422    32.9702       3611     2.5068     8.4026     8.5943 1.0000e-12 0.0000e+00
    111.000     5.3865   3.210154    32.9916       3638     2.5256     8.4160     8.5972 1.0000e-12 0.0000e+00
    112.000     5.4571   3.217713    33.0078       3667     2.5458     8.3729     8.5189 1.0000e-12 0.0000e+00
    113.000     5.5666   3.230430    33.0440       3695     2.5656     8.2725     8.4129 1.0000e-12 0.0000e+00
    114.000     5.6259   3.236838    33.0579       3722     2.5840     8.2071     8.3860 1.0000e-12 0.0000e+00
    115.000     5.6839   3.243206    33.0726       3747     2.6015     8.1301     8.3105 1.0000e-12 0.0000e+00
    116.000     5.6972   3.245465    33.0845       3772     2.6189     8.0625     8.2231 1.0000e-12 0.0000e+00
    117.000     5.6950   3.245682    33.0886       3798     2.6370     7.9850     8.1436 1.0000e-12 0.0000e+00
    118.000     5.7471   3.251664    33.1046       3826     2.6561     7.8898     8.0642 1.0000e-12 0.0000e+00
    119.000     5.7731   3.255109    33.1174       3853     2.6749     7.8594     8.0578 1.0000e-12 0.0000e+00
    120.000     5.7955   3.257839    33.1258       3879     2.6931     7.8548     8.0446 1.0000e-12 0.0000e+00
    121.000     5.8111   3.259927    33.1334       3905     2.7112     7.8134     7.9772 1.0000e-12 0.0000e+00
    122.000     5.8246   3.261905    33.1420       3932     2.7295     7.7819     7.9354 1.0000e-12 0.0000e+00
    123.000     5.8329   3.263165    33.1475       3958     2.7480     7.7496     7.9158 1.0000e-12 0.0000e+00
    124.000     5.8349   3.263585    33.1499       3985     2.7668     7.7340     7.8959 1.0000e-12 0.0000e+00
    125.000     5.8368   3.263937    33.1515       4012     2.7855     7.7061     7.8825 1.0000e-12 0.0000e+00
    126.000     5.8418   3.264574    33.1532       4038     2.8037     7.6804     7.8691 1.0000e-12 0.0000e+00
    127.000     5.8596   3.266644    33.1585       4066     2.8229     7.6756     7.8663 1.0000e-12 0.0000e+00
    128.000     5.8859   3.270120    33.1714       4098     2.8453     7.6797     7.8718 1.0000e-12 0.0000e+00
    129.000     5.8910   3.271017    33.1760       4133     2.8694     7.6903     7.8358 1.0000e-12 0.0000e+00
    130.000     5.8950   3.271669    33.1789       4168     2.8940     7.6477     7.7793 1.0000e-12 0.0000e+00
    131.000     5.9017   3.272599    33.1823       4204     2.9186     7.5941     7.7628 1.0000e-12 0.0000e+00
    132.000     5.9079   3.273449    33.1853       4238     2.9420     7.5777     7.7596 1.0000e-12 0.0000e+00
    133.000     5.9079   3.273591    33.1864       4269     2.9641     7.5645     7.7439 1.0000e-12 0.0000e+00
    134.000     5.9257   3.276141    33.1971       5299     3.6795     7.4886     7.6769 1.0000e-12 0.0000e+00
    133.000     5.9224   3.275717    33.1960       6078     4.2199     7.4936     7.6843 1.0000e-12 0.0000e+00
    132.000     5.9127   3.274431    33.1916       5649     3.9224     7.5151     7.6942 1.0000e-12 0.0000e+00
    131.000     5.9078   3.273804    33.1898       5679     3.9429     7.4985     7.6997 1.0000e-12 0.0000e+00
    130.000     5.8920   3.271773    33.1830       5706     3.9621     7.5055     7.7163 1.0000e-12 0.0000e+00
    129.000     5.8891   3.271237    33.1803       5732     3.9796     7.5286     7.7277 1.0000e-12 0.0000e+00
    128.000     5.8844   3.270548    33.1777       5756     3.9965     7.5540     7.7506 1.0000e-12 0.0000e+00
    127.000     5.8829   3.270294    33.1768       5782     4.0145     7.5648     7.7666 1.0000e-12 0.0000e+00
    126.000     5.8788   3.269838    33.1761       5810     4.0337     7.5841     7.7673 1.0000e-12 0.0000e+00
    125.000     5.8490   3.266310    33.1662       5836     4.0522     7.5990     7.7827 1.0000e-12 0.0000e+00
    124.000     5.8414   3.265165    33.1612       5861     4.0693     7.6172     7.7882 1.0000e-12 0.0000e+00
    123.000     5.8276   3.263363    33.1550       5885     4.0864     7.6166     7.8081 1.0000e-12 0.0000e+00
    122.000     5.8154   3.261728    33.1491       5911     4.1040     7.6548     7.8417 1.0000e-12 0.0000e+00
