HB2502/ctd206.cnv
* Sea-Bird SBE 9 Data File:
* FileName = C:\cruise\data\ctd206.hex
* Software Version Seasave V 7.26.7.121
* Temperature SN = 4591
* Conductivity SN = 6006
* Number of Bytes Per Scan = 37
* Number of Voltage Words = 4
* Number of Scans Averaged by the Deck Unit = 1
* NMEA Latitude = 43 31.53 N
* NMEA Longitude = 066 47.57 W
* NMEA UTC (Time) = May 11 2025 11:36:43
* NMEA baud rate = 4800
** Ship: Bigelow HB2502
** Program:  Spring Bottom Trawl
** Chief Scientist:Jon Galbraith
# nquan = 10
# nvalues = 310                         
# units = specified
# name 0 = depSM: Depth [salt water, m]
# name 1 = t090C: Temperature [ITS-90, deg C]
# name 2 = c0S/m: Conductivity [S/m]
# name 3 = sal00: Salinity, Practical [PSU]
# name 4 = scan: Scan Count
# name 5 = timeM: Time, Elapsed [minutes]
# name 6 = sbeox0Mg/L: Oxygen, SBE 43 [mg/l]
# name 7 = sbeox1Mg/L: Oxygen, SBE 43, 2 [mg/l]
# name 8 = par: PAR/Irradiance, Biospherical/Licor
# name 9 = flag: flag
# span 0 =      2.000,    157.000       
# span 1 =     6.4061,     7.1452       
# span 2 =   3.261158,   3.434271       
# span 3 =    32.2912,    33.7441       
# span 4 =       -589,      11491       
# span 5 =    -0.4096,     7.9795       
# span 6 =     7.2175,     9.9219       
# span 7 =     7.4334,    10.1414       
# span 8 = -4.580e-05, 1.4091e+02       
# span 9 = 0.0000e+00, 0.0000e+00       
# interval = meters: 1                  
# start_time = May 11 2025 11:36:43 [NMEA time, header]
# bad_flag = -9.990e-29
*END*
[from data line 145]
    147.000     7.1416   3.433244    33.7405       5363     3.7236     7.2639     7.4644 1.0000e-12 0.0000e+00
    148.000     7.1418   3.433355    33.7410       5390     3.7425     7.2308     7.4627 1.0000e-12 0.0000e+00
    149.000     7.1408   3.433260    33.7405       5416     3.7606     7.2175     7.4527 1.0000e-12 0.0000e+00
    150.000     7.1396   3.433129    33.7397       5443     3.7790     7.2334     7.4565 1.0000e-12 0.0000e+00
    151.000     7.1381   3.432986    33.7392       5474     3.8010     7.2438     7.4655 1.0000e-12 0.0000e+00
    152.000     7.1372   3.432894    33.7385       5506     3.8232     7.2311     7.4766 1.0000e-12 0.0000e+00
    153.000     7.1362   3.432802    33.7380       5543     3.8489     7.2437     7.4706 1.0000e-12 0.0000e+00
    154.000     7.1355   3.432747    33.7376       5587     3.8792     7.2779     7.4755 1.0000e-12 0.0000e+00
    155.000     7.1360   3.432819    33.7374       5619     3.9014     7.2621     7.4541 1.0000e-12 0.0000e+00
    156.000     7.1394   3.433389    33.7399       6154     4.2727     7.2566     7.4595 1.0000e-12 0.0000e+00
    157.000     7.1448   3.434271    33.7437       7777     5.3997     7.2552     7.4755 1.0000e-12 0.0000e+00
    156.000     7.1416   3.433749    33.7416       7179     4.9845     7.2608     7.4553 1.0000e-12 0.0000e+00
    155.000     7.1419   3.433731    33.7416       7206     5.0036     7.2339     7.4612 1.0000e-12 0.0000e+00
    154.000     7.1419   3.433702    33.7418       7227     5.0181     7.2197     7.4686 1.0000e-12 0.0000e+00
    153.000     7.1420   3.433660    33.7418       7247     5.0316     7.2189     7.4491 1.0000e-12 0.0000e+00
    152.000     7.1424   3.433675    33.7420       7266     5.0454     7.2332     7.4334 1.0000e-12 0.0000e+00
    151.000     7.1407   3.433415    33.7413       7287     5.0599     7.2725     7.4370 1.0000e-12 0.0000e+00
    150.000     7.1420   3.433546    33.7419       7312     5.0768     7.2812     7.4579 1.0000e-12 0.0000e+00
    149.000     7.1420   3.433508    33.7420       7353     5.1055     7.2733     7.4706 1.0000e-12 0.0000e+00
    148.000     7.1452   3.433941    33.7441       7394     5.1342     7.2966     7.4666 1.0000e-12 0.0000e+00
    147.000     7.1441   3.433773    33.7438       7414     5.1477     7.2676     7.4551 1.0000e-12 0.0000e+00
    146.000     7.1413   3.433376    33.7427       7430     5.1591     7.2516     7.4585 1.0000e-12 0.0000e+00
    145.000     7.1402   3.433048    33.7407       7448     5.1713     7.2360     7.4576 1.0000e-12 0.0000e+00
    144.000     7.1370   3.432594    33.7393       7474     5.1894     7.2223     7.4447 1.0000e-12 0.0000e+00
    143.000     7.1373   3.432521    33.7387       7511     5.2150     7.2778     7.4436 1.0000e-12 0.0000e+00
    142.000     7.1401   3.432940    33.7411       7535     5.2321     7.3228     7.4575 1.0000e-12 0.0000e+00
    141.000     7.1293   3.431486    33.7362       7555     5.2460     7.3119     7.4765 1.0000e-12 0.0000e+00
    140.000     7.1115   3.428561    33.7222       7577     5.2610     7.2820     7.4729 1.0000e-12 0.0000e+00
    139.000     7.1178   3.429257    33.7242       7610     5.2842     7.2376     7.4646 1.0000e-12 0.0000e+00
    138.000     7.1116   3.428471    33.7220       7649     5.3109     7.2831     7.5094 1.0000e-12 0.0000e+00
    137.000     7.1057   3.427332    33.7159       7673     5.3281     7.3208     7.5110 1.0000e-12 0.0000e+00
    136.000     7.1135   3.428466    33.7212       7694     5.3424     7.3177     7.5023 1.0000e-12 0.0000e+00
    135.000     7.1111   3.428061    33.7195       7714     5.3560     7.3087     7.5046 1.0000e-12 0.0000e+00
    134.000     7.1213   3.429511    33.7259       7734     5.3700     7.3066     7.5120 1.0000e-12 0.0000e+00
    133.000     7.1250   3.430162    33.7299       7758     5.3866     7.3073     7.5109 1.0000e-12 0.0000e+00
    132.000     7.1263   3.430311    33.7308       7786     5.4061     7.2946     7.4873 1.0000e-12 0.0000e+00
    131.000     7.0959   3.425945    33.7133       7814     5.4258     7.2736     7.4865 1.0000e-12 0.0000e+00
    130.000     7.0992   3.426036    33.7115       7845     5.4476     7.2645     7.4897 1.0000e-12 0.0000e+00
    129.000     7.1091   3.427624    33.7196       7886     5.4759     7.3090     7.4915 1.0000e-12 0.0000e+00
    128.000     7.0868   3.424412    33.7068       7912     5.4939     7.3495     7.5182 1.0000e-12 0.0000e+00
    127.000     7.0697   3.421600    33.6933       7929     5.5053     7.3430     7.5229 1.0000e-12 0.0000e+00
    126.000     7.0665   3.420897    33.6892       7943     5.5156     7.3288     7.5161 1.0000e-12 0.0000e+00
    125.000     7.0619   3.420246    33.6871       7959     5.5267     7.3177     7.5169 1.0000e-12 0.0000e+00
    124.000     7.0609   3.419735    33.6829       7986     5.5448     7.3222     7.5346 1.0000e-12 0.0000e+00
    123.000     7.0035   3.411469    33.6490       8027     5.5733     7.3816     7.5765 1.0000e-12 0.0000e+00
    122.000     6.9414   3.400977    33.5951       8052     5.5910     7.4090     7.5831 1.0000e-12 0.0000e+00
    121.000     6.9306   3.398917    33.5836       8074     5.6059     7.3855     7.5794 1.0000e-12 0.0000e+00
    120.000     6.9220   3.397372    33.5755       8099     5.6237     7.4375     7.6609 1.0000e-12 0.0000e+00
    119.000     6.8932   3.392508    33.5507       8134     5.6478     7.5272     7.7642 1.0000e-12 0.0000e+00
    118.000     6.8833   3.390683    33.5408       8164     5.6686     7.5832     7.7836 1.0000e-12 0.0000e+00
    117.000     6.8758   3.389414    33.5346       8184     5.6823     7.5987     7.7923 1.0000e-12 0.0000e+00
    116.000     6.8642   3.387633    33.5269       8202     5.6948     7.5830     7.8101 1.0000e-12 0.0000e+00
    115.000     6.8167   3.379420    33.4834       8222     5.7089     7.5962     7.8315 1.0000e-12 0.0000e+00
    114.000     6.7866   3.373353    33.4465       8251     5.7290     7.6332     7.8271 1.0000e-12 0.0000e+00
    113.000     6.7764   3.369459    33.4140       8286     5.7537     7.6794     7.8788 1.0000e-12 0.0000e+00
    112.000     6.7795   3.369111    33.4077       8311     5.7710     7.7592     7.9637 1.0000e-12 0.0000e+00
    111.000     6.7863   3.369532    33.4062       8332     5.7857     7.8198     8.0221 1.0000e-12 0.0000e+00
    110.000     6.7902   3.369730    33.4051       8356     5.8021     7.8620     8.0591 1.0000e-12 0.0000e+00
    109.000     6.7930   3.369810    33.4037       8384     5.8215     7.8770     8.0728 1.0000e-12 0.0000e+00
    108.000     6.7935   3.369711    33.4026       8411     5.8400     7.8969     8.0572 1.0000e-12 0.0000e+00
    107.000     6.7960   3.369709    33.4007       8437     5.8580     7.8874     8.0603 1.0000e-12 0.0000e+00
    106.000     6.7960   3.369632    33.4003       8465     5.8780     7.8592     8.0712 1.0000e-12 0.0000e+00
    105.000     6.7992   3.369799    33.3995       8495     5.8985     7.8429     8.0856 1.0000e-12 0.0000e+00
    104.000     6.8016   3.369942    33.3992       8517     5.9142     7.8317     8.0650 1.0000e-12 0.0000e+00
    103.000     6.8017   3.369939    33.3996       8537     5.9275     7.8301     8.0367 1.0000e-12 0.0000e+00
    102.000     6.8017   3.369849    33.3990       8556     5.9412     7.8463     8.0345 1.0000e-12 0.0000e+00
    101.000     6.8020   3.369834    33.3991       8582     5.9594     7.8517     8.0609 1.0000e-12 0.0000e+00
    100.000     6.8017   3.369519    33.3964       8619     5.9846     7.8609     8.0733 1.0000e-12 0.0000e+00
     99.000     6.8018   3.369361    33.3952       8653     6.0083     7.8628     8.0713 1.0000e-12 0.0000e+00
     98.000     6.8003   3.369044    33.3936       8679     6.0261     7.8691     8.0698 1.0000e-12 0.0000e+00
     97.000     6.7999   3.368966    33.3936       8701     6.0416     7.8798     8.0640 7.4145e-04 0.0000e+00
     96.000     6.7990   3.368756    33.3926       8721     6.0557     7.8830     8.0641 1.1578e-03 0.0000e+00
     95.000     6.7990   3.368643    33.3919       8742     6.0698     7.8770     8.0722 3.2363e-03 0.0000e+00
     94.000     6.8000   3.368687    33.3919       8764     6.0852     7.8696     8.0825 9.4939e-04 0.0000e+00
     93.000     6.8027   3.368896    33.3920       8793     6.1054     7.8790     8.0971 7.1630e-03 0.0000e+00
     92.000     6.8026   3.368833    33.3919       8833     6.1330     7.8788     8.0827 8.4878e-03 0.0000e+00
     91.000     6.8077   3.369232    33.3918       8863     6.1542     7.8851     8.0804 1.1995e-02 0.0000e+00
     90.000     6.8105   3.369432    33.3918       8884     6.1687     7.8648     8.0817 1.8924e-02 0.0000e+00
     89.000     6.8117   3.369542    33.3924       8903     6.1821     7.8649     8.0880 2.2132e-02 0.0000e+00
     88.000     6.8158   3.369858    33.3923       8924     6.1963     7.8730     8.0940 2.4811e-02 0.0000e+00
     87.000     6.8197   3.370212    33.3929       8948     6.2130     7.8806     8.0964 3.4397e-02 0.0000e+00
     86.000     6.8227   3.370467    33.3934       8976     6.2327     7.8819     8.1002 4.6754e-02 0.0000e+00
     85.000     6.8219   3.370367    33.3935       9013     6.2580     7.8999     8.0967 4.9354e-02 0.0000e+00
     84.000     6.8184   3.369973    33.3930       9046     6.2812     7.9123     8.1012 5.1015e-02 0.0000e+00
     83.000     6.8229   3.370298    33.3927       9067     6.2961     7.9099     8.1122 6.3071e-02 0.0000e+00
     82.000     6.8233   3.370295    33.3928       9086     6.3087     7.8839     8.1042 7.0199e-02 0.0000e+00
     81.000     6.8228   3.370200    33.3928       9103     6.3211     7.8548     8.0711 8.1905e-02 0.0000e+00
     80.000     6.8229   3.370136    33.3924       9124     6.3357     7.8478     8.0605 8.9171e-02 0.0000e+00
     79.000     6.8232   3.370029    33.3915       9157     6.3587     7.8873     8.0796 1.0641e-01 0.0000e+00
     78.000     6.8205   3.369528    33.3890       9204     6.3909     7.9184     8.0738 1.1661e-01 0.0000e+00
     77.000     6.8214   3.369440    33.3877       9231     6.4100     7.8861     8.0973 1.3007e-01 0.0000e+00
     76.000     6.8216   3.369325    33.3867       9252     6.4242     7.8699     8.1081 1.4353e-01 0.0000e+00
     75.000     6.8216   3.369217    33.3860       9269     6.4361     7.8708     8.1087 1.6094e-01 0.0000e+00
     74.000     6.8218   3.369149    33.3856       9285     6.4474     7.8892     8.1062 1.8002e-01 0.0000e+00
     73.000     6.8225   3.369034    33.3841       9303     6.4596     7.9087     8.1084 1.9795e-01 0.0000e+00
     72.000     6.8224   3.369014    33.3845       9336     6.4825     7.9167     8.0917 2.2127e-01 0.0000e+00
     71.000     6.8225   3.368605    33.3804       9397     6.5253     7.9329     8.0964 2.4808e-01 0.0000e+00
     70.000     6.8221   3.368464    33.3797       9414     6.5369     7.9319     8.1185 2.6516e-01 0.0000e+00
     69.000     6.8213   3.368328    33.3795       9430     6.5477     7.9352     8.1275 2.8986e-01 0.0000e+00
     68.000     6.8207   3.368174    33.3788       9445     6.5586     7.9249     8.1383 3.1491e-01 0.0000e+00
     67.000     6.8189   3.367439    33.3731       9465     6.5724     7.9122     8.1424 3.4052e-01 0.0000e+00
     66.000     6.8098   3.365733    33.3636       9496     6.5935     7.9428     8.1336 3.6296e-01 0.0000e+00
     65.000     6.7842   3.361157    33.3387       9528     6.6160     7.9560     8.1454 3.8732e-01 0.0000e+00
     64.000     6.7501   3.355027    33.3047       9556     6.6355     7.9602     8.1611 4.2762e-01 0.0000e+00
     63.000     6.7249   3.350036    33.2747       9590     6.6587     7.9774     8.1908 4.7692e-01 0.0000e+00
     62.000     6.7010   3.345449    33.2478       9619     6.6792     8.0431     8.2324 5.2313e-01 0.0000e+00
     61.000     6.6900   3.343320    33.2355       9641     6.6947     8.1057     8.2732 5.5594e-01 0.0000e+00
     60.000     6.6742   3.339788    33.2123       9661     6.7086     8.1515     8.3325 5.8569e-01 0.0000e+00
     59.000     6.6445   3.332210    33.1580       9683     6.7233     8.1759     8.3842 6.2674e-01 0.0000e+00
     58.000     6.6255   3.327920    33.1296       9710     6.7426     8.1713     8.4285 6.7544e-01 0.0000e+00
     57.000     6.6135   3.325291    33.1126       9745     6.7669     8.2765     8.5373 7.3834e-01 0.0000e+00
     56.000     6.5993   3.322327    33.0941       9772     6.7858     8.4299     8.6259 8.1002e-01 0.0000e+00
     55.000     6.5802   3.318487    33.0706       9796     6.8019     8.5096     8.6557 8.7875e-01 0.0000e+00
     54.000     6.5614   3.314688    33.0473       9821     6.8196     8.5163     8.6639 9.4612e-01 0.0000e+00
     53.000     6.5470   3.311587    33.0274       9850     6.8395     8.5101     8.7060 1.0205e+00 0.0000e+00
     52.000     6.5326   3.308310    33.0056       9877     6.8581     8.5399     8.8015 1.0774e+00 0.0000e+00
     51.000     6.5133   3.303636    32.9729       9901     6.8747     8.6083     8.8641 1.1576e+00 0.0000e+00
     50.000     6.5031   3.300967    32.9538       9924     6.8908     8.6336     8.8653 1.2518e+00 0.0000e+00
     49.000     6.4831   3.296209    32.9209       9948     6.9078     8.6639     8.9061 1.3642e+00 0.0000e+00
     48.000     6.4517   3.286873    32.8482       9980     6.9299     8.7478     8.9878 1.5356e+00 0.0000e+00
     47.000     6.4285   3.280025    32.7951      10016     6.9550     8.8762     9.0837 1.6745e+00 0.0000e+00
     46.000     6.4251   3.278448    32.7814      10043     6.9734     8.9851     9.1897 1.7483e+00 0.0000e+00
     45.000     6.4225   3.277492    32.7738      10064     6.9879     9.0402     9.2778 1.8532e+00 0.0000e+00
     44.000     6.4190   3.275525    32.7558      10083     7.0013     9.1007     9.3170 1.9754e+00 0.0000e+00
     43.000     6.4112   3.268163    32.6822      10103     7.0154     9.1704     9.3404 2.1123e+00 0.0000e+00
     42.000     6.4077   3.265826    32.6601      10129     7.0336     9.1694     9.3755 2.3237e+00 0.0000e+00
     41.000     6.4088   3.265272    32.6534      10165     7.0580     9.2190     9.5009 2.6411e+00 0.0000e+00
     40.000     6.4108   3.263792    32.6356      10202     7.0843     9.3559     9.6131 2.9347e+00 0.0000e+00
     39.000     6.4128   3.261674    32.6107      10229     7.1030     9.4172     9.6399 3.0684e+00 0.0000e+00
     38.000     6.4303   3.261183    32.5890      10249     7.1166     9.4188     9.6563 3.2317e+00 0.0000e+00
     37.000     6.4834   3.262229    32.5504      10267     7.1288     9.3760     9.6624 3.4279e+00 0.0000e+00
     36.000     6.5063   3.262678    32.5340      10286     7.1420     9.3936     9.6879 3.7146e+00 0.0000e+00
     35.000     6.5030   3.262822    32.5392      10312     7.1603     9.4960     9.7561 4.0570e+00 0.0000e+00
     34.000     6.5207   3.262624    32.5206      10349     7.1862     9.5792     9.8194 4.4649e+00 0.0000e+00
     33.000     6.5802   3.262598    32.4642      10378     7.2064     9.6210     9.8162 4.8906e+00 0.0000e+00
     32.000     6.6336   3.263312    32.4220      10400     7.2216     9.6478     9.8198 5.2164e+00 0.0000e+00
     31.000     6.6804   3.264734    32.3937      10423     7.2376     9.6360     9.8570 5.6021e+00 0.0000e+00
     30.000     6.7026   3.265953    32.3867      10452     7.2579     9.6276     9.9250 6.0177e+00 0.0000e+00
     29.000     6.7444   3.267483    32.3644      10482     7.2785     9.6800     9.9691 6.5015e+00 0.0000e+00
     28.000     6.7945   3.269044    32.3348      10505     7.2942     9.7531     9.9971 7.0336e+00 0.0000e+00
     27.000     6.8064   3.268992    32.3235      10525     7.3084     9.7879    10.0175 7.4625e+00 0.0000e+00
     26.000     6.8132   3.268847    32.3159      10548     7.3246     9.7785    10.0326 8.0673e+00 0.0000e+00
     25.000     6.8198   3.268793    32.3097      10579     7.3460     9.7559    10.0339 8.6344e+00 0.0000e+00
