HB2502/ctd202.cnv
* Sea-Bird SBE 9 Data File:
* FileName = C:\cruise\data\ctd202.hex
* Software Version Seasave V 7.26.7.121
* Temperature SN = 4591
* Conductivity SN = 6006
* Number of Bytes Per Scan = 37
* Number of Voltage Words = 4
* Number of Scans Averaged by the Deck Unit = 1
* NMEA Latitude = 42 54.10 N
* NMEA Longitude = 067 07.18 W
* NMEA UTC (Time) = May 10 2025 18:09:45
* NMEA baud rate = 4800
** Ship: Bigelow HB2502
** Program:  Spring Bottom Trawl
** Chief Scientist:Jon Galbraith
# nquan = 10
# nvalues = 466                         
# units = specified
# name 0 = depSM: Depth [salt water, m]
# name 1 = t090C: Temperature [ITS-90, deg C]
# name 2 = c0S/m: Conductivity [S/m]
# name 3 = sal00: Salinity, Practical [PSU]
# name 4 = scan: Scan Count
# name 5 = timeM: Time, Elapsed [minutes]
# name 6 = sbeox0Mg/L: Oxygen, SBE 43 [mg/l]
# name 7 = sbeox1Mg/L: Oxygen, SBE 43, 2 [mg/l]
# name 8 = par: PAR/Irradiance, Biospherical/Licor
# name 9 = flag: flag
# span 0 =      2.000,    235.000       
# span 1 =     5.2484,     8.5153       
# span 2 =   3.169096,   3.670368       
# span 3 =    32.1329,    34.8980       
# span 4 =        169,      13864       
# span 5 =     0.1165,     9.6273       
# span 6 =     5.6918,    10.2779       
# span 7 =     5.8293,    10.5308       
# span 8 = 1.0000e-12, 9.0453e+02       
# span 9 = 0.0000e+00, 0.0000e+00       
# interval = meters: 1                  
# start_time = May 10 2025 18:09:45 [NMEA time, header]
# bad_flag = -9.990e-29
*END*
      3.000     7.6674   3.325028    32.1389        169     0.1165    10.0108    10.2249 9.0453e+02 0.0000e+00
      4.000     7.6681   3.325093    32.1385        348     0.2407    10.0195    10.2406 6.9821e+02 0.0000e+00
      5.000     7.6677   3.325119    32.1387        370     0.2566    10.0591    10.2335 5.7211e+02 0.0000e+00
      6.000     7.6754   3.325749    32.1378        404     0.2796    10.0509    10.2260 5.0322e+02 0.0000e+00
      7.000     7.6727   3.325643    32.1388        438     0.3037    10.0596    10.2375 4.1133e+02 0.0000e+00
      8.000     7.6639   3.325311    32.1429        464     0.3216    10.0647    10.2365 3.6039e+02 0.0000e+00
      9.000     7.6226   3.322673    32.1523        486     0.3367    10.0751    10.2182 3.2025e+02 0.0000e+00
     10.000     7.5987   3.321309    32.1593        506     0.3510    10.0903    10.2251 2.6871e+02 0.0000e+00
     11.000     7.5446   3.317134    32.1640        528     0.3657    10.0928    10.2503 2.3105e+02 0.0000e+00
     12.000     7.5055   3.314764    32.1743        554     0.3838    10.0768    10.2478 2.0976e+02 0.0000e+00
     13.000     7.4932   3.313448    32.1711        591     0.4097    10.1011    10.2661 1.9184e+02 0.0000e+00
     14.000     7.4067   3.308035    32.1926        626     0.4343    10.1660    10.3081 1.6876e+02 0.0000e+00
     15.000     7.0944   3.287492    32.2608        651     0.4512    10.2401    10.3838 1.4868e+02 0.0000e+00
     16.000     6.9253   3.272384    32.2541        674     0.4671    10.1887    10.3280 1.3389e+02 0.0000e+00
     17.000     6.8784   3.268124    32.2510        698     0.4842    10.1018    10.2404 1.1681e+02 0.0000e+00
     18.000     6.8407   3.264807    32.2497        725     0.5028    10.1479    10.3271 1.0648e+02 0.0000e+00
     19.000     6.7784   3.260350    32.2589        753     0.5225    10.2128    10.4033 9.7686e+01 0.0000e+00
     20.000     6.6917   3.253283    32.2625        781     0.5417    10.2448    10.4225 8.8110e+01 0.0000e+00
     21.000     6.5725   3.245024    32.2836        808     0.5601    10.2593    10.4059 7.9768e+01 0.0000e+00
     22.000     6.3830   3.230134    32.2979        835     0.5789    10.2779    10.4208 7.3194e+01 0.0000e+00
     23.000     6.3241   3.224964    32.2959        864     0.5992    10.2263    10.3237 6.7661e+01 0.0000e+00
     24.000     6.2538   3.219968    32.3067        893     0.6191    10.1957    10.3177 6.0726e+01 0.0000e+00
     25.000     6.2020   3.216102    32.3124        918     0.6369    10.1573    10.3324 5.3900e+01 0.0000e+00
     26.000     6.1381   3.211812    32.3250        942     0.6537    10.1476    10.3314 4.7255e+01 0.0000e+00
     27.000     6.1086   3.209448    32.3263        968     0.6714    10.1479    10.3183 4.2288e+01 0.0000e+00
     28.000     6.0928   3.208216    32.3271        996     0.6910    10.1360    10.2980 3.8070e+01 0.0000e+00
     29.000     6.0906   3.207839    32.3245       1027     0.7126    10.1261    10.2849 3.3946e+01 0.0000e+00
     30.000     6.0763   3.207047    32.3288       1056     0.7330    10.1332    10.2877 3.0814e+01 0.0000e+00
     31.000     6.0202   3.204000    32.3478       1081     0.7500    10.1447    10.3181 2.7908e+01 0.0000e+00
     32.000     5.9955   3.202810    32.3576       1103     0.7650    10.1427    10.2974 2.4964e+01 0.0000e+00
     33.000     5.9809   3.202136    32.3635       1124     0.7800    10.1398    10.2630 2.2373e+01 0.0000e+00
     34.000     5.8254   3.194581    32.4273       1150     0.7982    10.1544    10.2877 2.0314e+01 0.0000e+00
     35.000     5.5921   3.181237    32.5011       1185     0.8223    10.1555    10.2709 1.8698e+01 0.0000e+00
     36.000     5.5000   3.176232    32.5330       1218     0.8452    10.0745    10.1767 1.6969e+01 0.0000e+00
     37.000     5.4805   3.176042    32.5492       1244     0.8629    10.0170    10.1179 1.5318e+01 0.0000e+00
     38.000     5.4772   3.176984    32.5626       1267     0.8793     9.9772    10.1120 1.3908e+01 0.0000e+00
     39.000     5.4731   3.177463    32.5715       1293     0.8973     9.9787    10.1338 1.2716e+01 0.0000e+00
     40.000     5.4702   3.177635    32.5758       1321     0.9170    10.0170    10.2013 1.1653e+01 0.0000e+00
     41.000     5.4684   3.177888    32.5799       1347     0.9351    10.0591    10.2223 1.0692e+01 0.0000e+00
     42.000     5.4589   3.177884    32.5886       1371     0.9516    10.0899    10.2329 9.8115e+00 0.0000e+00
     43.000     5.4247   3.176347    32.6038       1395     0.9682    10.1214    10.2670 9.0338e+00 0.0000e+00
     44.000     5.4069   3.174998    32.6053       1424     0.9884    10.1212    10.2595 8.2740e+00 0.0000e+00
     45.000     5.3617   3.172104    32.6159       1463     1.0155    10.0935    10.2271 7.5796e+00 0.0000e+00
     46.000     5.3301   3.171899    32.6438       1496     1.0380    10.0524    10.1933 7.0856e+00 0.0000e+00
     47.000     5.3210   3.171876    32.6519       1517     1.0529    10.0284    10.1638 6.6107e+00 0.0000e+00
     48.000     5.3140   3.171605    32.6552       1535     1.0655     9.9921    10.1136 6.1239e+00 0.0000e+00
     49.000     5.2938   3.170421    32.6609       1554     1.0787     9.9289    10.0374 5.7245e+00 0.0000e+00
     50.000     5.2849   3.169756    32.6614       1585     1.0998     9.7975     9.8950 5.3565e+00 0.0000e+00
     51.000     5.2792   3.169716    32.6660       1629     1.1308     9.6566     9.7854 4.9425e+00 0.0000e+00
     52.000     5.2755   3.169700    32.6689       1655     1.1486     9.6230     9.7709 4.5448e+00 0.0000e+00
     53.000     5.2808   3.170360    32.6708       1674     1.1616     9.6058     9.7707 4.1930e+00 0.0000e+00
     54.000     5.2680   3.170294    32.6821       1692     1.1744     9.6027     9.7776 3.9059e+00 0.0000e+00
     55.000     5.2484   3.169096    32.6870       1719     1.1932     9.6102     9.7746 3.6726e+00 0.0000e+00
     56.000     5.2532   3.169991    32.6921       1762     1.2231     9.6046     9.7326 3.5298e+00 0.0000e+00
     57.000     5.2584   3.170858    32.6963       1791     1.2433     9.5350     9.6675 3.3274e+00 0.0000e+00
     58.000     5.2621   3.171556    32.7002       1815     1.2596     9.4913     9.6298 3.0500e+00 0.0000e+00
     59.000     5.2648   3.172122    32.7035       1840     1.2770     9.4738     9.6143 2.7804e+00 0.0000e+00
     60.000     5.2676   3.172907    32.7092       1868     1.2965     9.4514     9.6011 2.5288e+00 0.0000e+00
     61.000     5.2722   3.173877    32.7153       1894     1.3143     9.4240     9.5770 2.3348e+00 0.0000e+00
     62.000     5.2741   3.174869    32.7243       1915     1.3294     9.4084     9.5463 2.1680e+00 0.0000e+00
     63.000     5.2749   3.175240    32.7272       1937     1.3446     9.3860     9.5288 2.0440e+00 0.0000e+00
     64.000     5.2782   3.175955    32.7317       1967     1.3653     9.3482     9.4884 1.9383e+00 0.0000e+00
     65.000     5.3011   3.180456    32.7601       2007     1.3931     9.2967     9.4373 1.8370e+00 0.0000e+00
     66.000     5.3402   3.188020    32.8076       2040     1.4163     9.2585     9.4161 1.7055e+00 0.0000e+00
     67.000     5.3606   3.191817    32.8304       2066     1.4338     9.2255     9.3558 1.5378e+00 0.0000e+00
     68.000     5.3716   3.193787    32.8415       2086     1.4482     9.1331     9.2381 1.4041e+00 0.0000e+00
     69.000     5.4213   3.202202    32.8882       2106     1.4621     9.0035     9.1293 1.2974e+00 0.0000e+00
     70.000     5.4622   3.209236    32.9275       2130     1.4787     8.8984     9.0505 1.2132e+00 0.0000e+00
     71.000     5.4776   3.212039    32.9437       2160     1.4996     8.8178     8.9383 1.1406e+00 0.0000e+00
     72.000     5.4801   3.212672    32.9480       2191     1.5207     8.6631     8.7661 1.0790e+00 0.0000e+00
     73.000     5.4862   3.213738    32.9536       2218     1.5397     8.5482     8.6945 1.0184e+00 0.0000e+00
     74.000     5.4900   3.214503    32.9581       2247     1.5594     8.5041     8.6836 9.5545e-01 0.0000e+00
     75.000     5.5106   3.217634    32.9729       2278     1.5811     8.5040     8.6947 8.7363e-01 0.0000e+00
     76.000     5.5292   3.220592    32.9878       2307     1.6015     8.5098     8.6869 8.0542e-01 0.0000e+00
     77.000     5.5374   3.221810    32.9931       2331     1.6180     8.5079     8.6740 7.3336e-01 0.0000e+00
     78.000     5.5929   3.228548    33.0145       2352     1.6328     8.4763     8.6287 6.8390e-01 0.0000e+00
     79.000     5.6531   3.237916    33.0609       2375     1.6489     8.4277     8.5853 6.4710e-01 0.0000e+00
     80.000     5.6776   3.241766    33.0800       2403     1.6677     8.4088     8.5718 6.0501e-01 0.0000e+00
     81.000     5.6890   3.243477    33.0876       2431     1.6874     8.3392     8.4765 5.5763e-01 0.0000e+00
     82.000     5.6999   3.245090    33.0946       2459     1.7072     8.2429     8.3825 5.0705e-01 0.0000e+00
     83.000     5.7214   3.248021    33.1062       2490     1.7287     8.1960     8.3355 4.6025e-01 0.0000e+00
     84.000     5.7495   3.251991    33.1230       2520     1.7495     8.1673     8.3270 4.1603e-01 0.0000e+00
     85.000     5.7930   3.257734    33.1445       2548     1.7686     8.1545     8.3112 3.7372e-01 0.0000e+00
     86.000     5.8904   3.270104    33.1878       2573     1.7863     8.1133     8.2517 3.4049e-01 0.0000e+00
     87.000     5.9851   3.283512    33.2451       2597     1.8030     8.0433     8.2114 3.1051e-01 0.0000e+00
     88.000     6.0572   3.294245    33.2942       2621     1.8192     7.9819     8.1578 2.8567e-01 0.0000e+00
     89.000     6.0751   3.297201    33.3092       2643     1.8350     7.9176     8.0560 2.6376e-01 0.0000e+00
     90.000     6.0884   3.299195    33.3180       2668     1.8521     7.8003     7.9349 2.3592e-01 0.0000e+00
     91.000     6.1100   3.302284    33.3309       2699     1.8736     7.7015     7.8428 2.1444e-01 0.0000e+00
     92.000     6.1390   3.306263    33.3465       2734     1.8980     7.6543     7.8137 1.9380e-01 0.0000e+00
     93.000     6.1864   3.312610    33.3704       2764     1.9190     7.6434     7.7807 1.7485e-01 0.0000e+00
     94.000     6.2190   3.317531    33.3928       2790     1.9366     7.6308     7.7671 1.5944e-01 0.0000e+00
     95.000     6.2359   3.319654    33.3994       2812     1.9523     7.5996     7.7408 1.4099e-01 0.0000e+00
     96.000     6.2724   3.324653    33.4188       2834     1.9674     7.5600     7.6928 1.2953e-01 0.0000e+00
     97.000     6.2949   3.328104    33.4347       2860     1.9853     7.5137     7.6713 1.0954e-01 0.0000e+00
     98.000     6.3219   3.331812    33.4490       2892     2.0079     7.4708     7.6264 9.0489e-02 0.0000e+00
     99.000     6.3467   3.335577    33.4661       2919     2.0266     7.4421     7.5931 8.0818e-02 0.0000e+00
    100.000     6.3507   3.336193    33.4686       2941     2.0414     7.4297     7.5936 7.2318e-02 0.0000e+00
    101.000     6.3558   3.337048    33.4725       2964     2.0576     7.4358     7.5817 6.3208e-02 0.0000e+00
    102.000     6.3743   3.339494    33.4810       3001     2.0836     7.4380     7.5843 5.5502e-02 0.0000e+00
    103.000     6.4350   3.347788    33.5132       3039     2.1099     7.4266     7.5938 4.8317e-02 0.0000e+00
    104.000     6.4693   3.352586    33.5322       3061     2.1253     7.4296     7.5917 3.4565e-02 0.0000e+00
    105.000     6.5238   3.359495    33.5549       3080     2.1380     7.4260     7.5771 2.8622e-02 0.0000e+00
    106.000     6.5664   3.365473    33.5788       3098     2.1509     7.4119     7.5460 2.5835e-02 0.0000e+00
    107.000     6.5871   3.368637    33.5930       3121     2.1665     7.3912     7.5130 2.2070e-02 0.0000e+00
    108.000     6.5939   3.369868    33.5995       3152     2.1884     7.3507     7.4800 1.3987e-02 0.0000e+00
    109.000     6.6013   3.371059    33.6049       3192     2.2162     7.3100     7.4554 6.7326e-03 0.0000e+00
    110.000     6.6059   3.371918    33.6094       3227     2.2404     7.3029     7.4476 1.2755e-02 0.0000e+00
    111.000     6.6080   3.372500    33.6133       3254     2.2592     7.3071     7.4547 2.7377e-03 0.0000e+00
    112.000     6.6077   3.372548    33.6136       3277     2.2752     7.2927     7.4538 3.6115e-04 0.0000e+00
    113.000     6.6175   3.373884    33.6183       3298     2.2894     7.2907     7.4385 6.2802e-04 0.0000e+00
    114.000     6.6394   3.376871    33.6294       3318     2.3033     7.2902     7.4293 3.3293e-05 0.0000e+00
    115.000     6.6488   3.378652    33.6392       3341     2.3194     7.2862     7.4290 1.0251e-06 0.0000e+00
    116.000     6.6517   3.379146    33.6414       3373     2.3417     7.2937     7.4355 1.0000e-12 0.0000e+00
    117.000     6.6640   3.380979    33.6490       3407     2.3652     7.2790     7.4156 2.0348e-04 0.0000e+00
    118.000     6.6797   3.383191    33.6575       3435     2.3845     7.2600     7.4051 5.3037e-06 0.0000e+00
    119.000     6.7016   3.386296    33.6699       3463     2.4043     7.2433     7.4013 1.0000e-12 0.0000e+00
    120.000     6.7079   3.387439    33.6758       3496     2.4274     7.2444     7.3849 1.0000e-12 0.0000e+00
    121.000     6.7107   3.387862    33.6773       3527     2.4486     7.2334     7.3652 1.0000e-12 0.0000e+00
    122.000     6.7272   3.389957    33.6837       3550     2.4643     7.2139     7.3612 1.0000e-12 0.0000e+00
    123.000     6.7385   3.391831    33.6927       3568     2.4774     7.2109     7.3673 1.0000e-12 0.0000e+00
    124.000     6.7469   3.392876    33.6955       3587     2.4900     7.2213     7.3764 1.0000e-12 0.0000e+00
    125.000     6.7629   3.395335    33.7065       3609     2.5053     7.2172     7.3507 1.0000e-12 0.0000e+00
    126.000     6.7774   3.397464    33.7151       3644     2.5301     7.1962     7.3167 1.0000e-12 0.0000e+00
    127.000     6.7890   3.399265    33.7231       3688     2.5604     7.1777     7.3071 1.0000e-12 0.0000e+00
    128.000     6.7938   3.400068    33.7267       3720     2.5823     7.1408     7.3004 1.0000e-12 0.0000e+00
    129.000     6.7985   3.400772    33.7294       3745     2.5998     7.1283     7.2805 1.0000e-12 0.0000e+00
    130.000     6.8146   3.402811    33.7356       3766     2.6148     7.1243     7.2691 1.0000e-12 0.0000e+00
    131.000     6.8455   3.407156    33.7526       3786     2.6287     7.1212     7.2598 1.0000e-12 0.0000e+00
    132.000     6.8691   3.410784    33.7688       3807     2.6427     7.1243     7.2515 1.0000e-12 0.0000e+00
    133.000     6.8979   3.414866    33.7848       3831     2.6597     7.1024     7.2462 1.0000e-12 0.0000e+00
    134.000     6.9183   3.417967    33.7984       3869     2.6863     7.0444     7.1790 1.0000e-12 0.0000e+00
    135.000     6.9398   3.420901    33.8089       3907     2.7123     7.0312     7.1363 1.0000e-12 0.0000e+00
    136.000     7.0106   3.429276    33.8308       3931     2.7293     7.0018     7.1314 1.0000e-12 0.0000e+00
    137.000     7.0969   3.442414    33.8894       3953     2.7445     6.9779     7.1235 1.0000e-12 0.0000e+00
    138.000     7.1195   3.445509    33.9006       3976     2.7607     6.9762     7.1283 1.0000e-12 0.0000e+00
    139.000     7.1956   3.454821    33.9270       4002     2.7782     6.9480     7.0752 1.0000e-12 0.0000e+00
    140.000     7.5467   3.502703    34.1021       4031     2.7986     6.8513     6.9928 1.0000e-12 0.0000e+00
    141.000     7.6552   3.521525    34.1988       4067     2.8234     6.8611     7.0360 1.0000e-12 0.0000e+00
    142.000     7.6741   3.524778    34.2150       4098     2.8450     6.7484     6.8628 1.0000e-12 0.0000e+00
    143.000     7.6851   3.526848    34.2259       4120     2.8603     6.6284     6.7403 1.0000e-12 0.0000e+00
    144.000     7.6895   3.527763    34.2310       4139     2.8738     6.5815     6.7133 1.0000e-12 0.0000e+00
    145.000     7.7047   3.530069    34.2405       4161     2.8886     6.5619     6.7021 1.0000e-12 0.0000e+00
    146.000     7.7459   3.536334    34.2670       4190     2.9089     6.5545     6.6881 1.0000e-12 0.0000e+00
