HB2502/ctd204.cnv
* Sea-Bird SBE 9 Data File:
* FileName = C:\cruise\data\ctd204.hex
* Software Version Seasave V 7.26.7.121
* Temperature SN = 4591
* Conductivity SN = 6006
* Number of Bytes Per Scan = 37
* Number of Voltage Words = 4
* Number of Scans Averaged by the Deck Unit = 1
* NMEA Latitude = 43 21.65 N
* NMEA Longitude = 066 41.74 W
* NMEA UTC (Time) = May 11 2025 05:15:06
* NMEA baud rate = 4800
** Ship: Bigelow HB2502
** Program:  Spring Bottom Trawl
** Chief Scientist:Jon Galbraith
# nquan = 10
# nvalues = 230                         
# units = specified
# name 0 = depSM: Depth [salt water, m]
# name 1 = t090C: Temperature [ITS-90, deg C]
# name 2 = c0S/m: Conductivity [S/m]
# name 3 = sal00: Salinity, Practical [PSU]
# name 4 = scan: Scan Count
# name 5 = timeM: Time, Elapsed [minutes]
# name 6 = sbeox0Mg/L: Oxygen, SBE 43 [mg/l]
# name 7 = sbeox1Mg/L: Oxygen, SBE 43, 2 [mg/l]
# name 8 = par: PAR/Irradiance, Biospherical/Licor
# name 9 = flag: flag
# span 0 =      1.000,    116.000       
# span 1 =     5.8856,     6.4270       
# span 2 =   3.191130,   3.310956       
# span 3 =    32.1914,    33.1057       
# span 4 =         25,       8246       
# span 5 =     0.0167,     5.7259       
# span 6 =     8.2646,     9.7778       
# span 7 =     8.4993,     9.9599       
# span 8 = -2.766e-05, 2.0315e+01       
# span 9 = 0.0000e+00, 0.0000e+00       
# interval = meters: 1                  
# start_time = May 11 2025 05:15:06 [NMEA time, header]
# bad_flag = -9.990e-29
*END*
[from data line 145]
     86.000     6.4211   3.307781    33.0910       5742     3.9865     8.3475     8.5333 1.0000e-12 0.0000e+00
     85.000     6.4207   3.307754    33.0915       5761     4.0001     8.3140     8.5347 1.0000e-12 0.0000e+00
     84.000     6.4122   3.306270    33.0838       5793     4.0221     8.2861     8.5375 1.0000e-12 0.0000e+00
     83.000     6.3922   3.303069    33.0682       5837     4.0530     8.3453     8.5417 1.0000e-12 0.0000e+00
     82.000     6.3947   3.303354    33.0694       5865     4.0725     8.3633     8.5617 1.0000e-12 0.0000e+00
     81.000     6.3962   3.303535    33.0705       5887     4.0876     8.3840     8.5784 1.0000e-12 0.0000e+00
     80.000     6.3932   3.302991    33.0678       5906     4.1009     8.4027     8.5895 1.0000e-12 0.0000e+00
     79.000     6.3902   3.302518    33.0660       5925     4.1142     8.3930     8.5913 1.0000e-12 0.0000e+00
     78.000     6.3885   3.302254    33.0652       5950     4.1311     8.3398     8.5836 1.0000e-12 0.0000e+00
     77.000     6.3721   3.299550    33.0515       5994     4.1617     8.3353     8.5863 1.0000e-12 0.0000e+00
     76.000     6.3769   3.300236    33.0550       6027     4.1846     8.3690     8.5916 1.0000e-12 0.0000e+00
     75.000     6.3714   3.299366    33.0511       6046     4.1981     8.3800     8.6092 1.0000e-12 0.0000e+00
     74.000     6.3394   3.294553    33.0291       6065     4.2109     8.3773     8.6262 1.0000e-12 0.0000e+00
     73.000     6.3090   3.289116    32.9987       6088     4.2272     8.3567     8.6188 1.0000e-12 0.0000e+00
     72.000     6.2843   3.284449    32.9711       6122     4.2507     8.3438     8.6342 1.0000e-12 0.0000e+00
     71.000     6.2866   3.284650    32.9716       6153     4.2722     8.4086     8.6889 1.0000e-12 0.0000e+00
     70.000     6.2840   3.284130    32.9689       6178     4.2895     8.5005     8.7402 1.0000e-12 0.0000e+00
     69.000     6.2826   3.283743    32.9665       6203     4.3068     8.5529     8.7632 1.0000e-12 0.0000e+00
     68.000     6.2572   3.279283    32.9419       6233     4.3275     8.5646     8.7742 1.0000e-12 0.0000e+00
     67.000     6.2440   3.276896    32.9286       6262     4.3481     8.5368     8.7684 1.0000e-12 0.0000e+00
     66.000     6.2404   3.276276    32.9256       6284     4.3630     8.5480     8.7634 1.0000e-12 0.0000e+00
     65.000     6.2386   3.275794    32.9225       6302     4.3757     8.5765     8.7830 1.0000e-12 0.0000e+00
     64.000     6.2363   3.275384    32.9206       6322     4.3895     8.6023     8.8089 1.0000e-12 0.0000e+00
     63.000     6.2283   3.273921    32.9126       6357     4.4136     8.6184     8.8361 1.0000e-12 0.0000e+00
     62.000     6.2270   3.273596    32.9106       6397     4.4416     8.6356     8.8358 1.0000e-12 0.0000e+00
     61.000     6.2270   3.273234    32.9071       6419     4.4571     8.6444     8.8389 1.0000e-12 0.0000e+00
     60.000     6.2216   3.271704    32.8958       6440     4.4716     8.6376     8.8556 1.0000e-12 0.0000e+00
     59.000     6.1967   3.268195    32.8813       6469     4.4919     8.6401     8.8522 1.0000e-12 0.0000e+00
     58.000     6.1436   3.260658    32.8490       6503     4.5152     8.6502     8.8661 1.0000e-12 0.0000e+00
     57.000     6.1108   3.255765    32.8266       6525     4.5306     8.6656     8.8945 1.0000e-12 0.0000e+00
     56.000     6.1005   3.253103    32.8073       6543     4.5433     8.6867     8.9168 1.0000e-12 0.0000e+00
     55.000     6.0957   3.248799    32.7644       6563     4.5569     8.7022     8.9401 1.0000e-12 0.0000e+00
     54.000     6.0864   3.243664    32.7164       6600     4.5824     8.7239     9.0274 1.0000e-12 0.0000e+00
     53.000     6.0794   3.241330    32.6976       6644     4.6132     8.8936     9.1481 1.0000e-12 0.0000e+00
     52.000     6.0783   3.240952    32.6949       6665     4.6278     8.9791     9.1966 1.0000e-12 0.0000e+00
     51.000     6.0763   3.240217    32.6891       6683     4.6401     8.9906     9.2221 1.0000e-12 0.0000e+00
     50.000     6.0639   3.236087    32.6553       6701     4.6528     8.9712     9.2422 1.0000e-12 0.0000e+00
     49.000     6.0549   3.233055    32.6306       6728     4.6714     8.9668     9.2464 1.0000e-12 0.0000e+00
     48.000     6.0514   3.232180    32.6246       6781     4.7081     9.0388     9.2742 1.0000e-12 0.0000e+00
     47.000     6.0314   3.229250    32.6116       6809     4.7276     9.1027     9.2958 1.0000e-12 0.0000e+00
     46.000     6.0208   3.227505    32.6028       6826     4.7394     9.1081     9.3031 1.0000e-12 0.0000e+00
     45.000     5.9964   3.223870    32.5861       6842     4.7504     9.1005     9.3013 1.0000e-12 0.0000e+00
     44.000     5.9692   3.219402    32.5627       6858     4.7621     9.0811     9.2937 1.0000e-12 0.0000e+00
     43.000     5.9384   3.214738    32.5405       6886     4.7811     9.0476     9.3034 1.0000e-12 0.0000e+00
     42.000     5.9374   3.211157    32.5018       6934     4.8149     9.1047     9.3562 1.0000e-12 0.0000e+00
     41.000     5.9870   3.214029    32.4868       6964     4.8353     9.1479     9.3944 1.0000e-12 0.0000e+00
     40.000     5.9934   3.211972    32.4582       6989     4.8529     9.1934     9.4535 1.0000e-12 0.0000e+00
     39.000     5.9600   3.204742    32.4097       7017     4.8722     9.2447     9.4980 1.0000e-12 0.0000e+00
     38.000     5.9350   3.200405    32.3856       7039     4.8878     9.2630     9.5328 1.0000e-12 0.0000e+00
     37.000     5.9220   3.198104    32.3727       7058     4.9008     9.2935     9.5545 1.0000e-12 0.0000e+00
     36.000     5.9035   3.194031    32.3453       7077     4.9141     9.3450     9.5915 1.0000e-12 0.0000e+00
     35.000     5.8965   3.191327    32.3221       7105     4.9331     9.3713     9.6384 1.0000e-12 0.0000e+00
     34.000     5.9130   3.191883    32.3131       7143     4.9596     9.3841     9.6617 1.0000e-12 0.0000e+00
     33.000     5.9760   3.195243    32.2911       7178     4.9842     9.4423     9.6875 1.0000e-12 0.0000e+00
     32.000     6.0023   3.196743    32.2832       7207     5.0041     9.4998     9.7231 1.0000e-12 0.0000e+00
     31.000     6.0488   3.199165    32.2665       7229     5.0192     9.4976     9.7472 1.7878e-04 0.0000e+00
     30.000     6.0870   3.201276    32.2541       7248     5.0327     9.5043     9.7625 1.2018e-02 0.0000e+00
     29.000     6.1138   3.202930    32.2477       7271     5.0484     9.5171     9.7891 4.0336e-03 0.0000e+00
     28.000     6.1449   3.204927    32.2409       7307     5.0735     9.5438     9.8442 2.7520e-02 0.0000e+00
     27.000     6.1414   3.204795    32.2432       7341     5.0970     9.5593     9.8487 4.1726e-02 0.0000e+00
     26.000     6.1803   3.207030    32.2317       7361     5.1111     9.5797     9.8424 5.6797e-02 0.0000e+00
     25.000     6.1919   3.207823    32.2300       7379     5.1239     9.6174     9.8547 6.4747e-02 0.0000e+00
     24.000     6.1946   3.208055    32.2304       7401     5.1391     9.6712     9.8791 8.1668e-02 0.0000e+00
     23.000     6.2004   3.208435    32.2296       7441     5.1665     9.6722     9.8928 1.0669e-01 0.0000e+00
     22.000     6.2047   3.208684    32.2288       7487     5.1989     9.6347     9.9015 1.7056e-01 0.0000e+00
     21.000     6.2041   3.208619    32.2291       7517     5.2191     9.6525     9.9007 1.8192e-01 0.0000e+00
     20.000     6.2111   3.208941    32.2266       7542     5.2369     9.6217     9.8828 2.5421e-01 0.0000e+00
     19.000     6.2246   3.209622    32.2218       7567     5.2542     9.6315     9.8752 2.7223e-01 0.0000e+00
     18.000     6.2296   3.209824    32.2198       7602     5.2785     9.6411     9.8847 3.3415e-01 0.0000e+00
     17.000     6.2335   3.210054    32.2192       7669     5.3250     9.6694     9.9015 4.3248e-01 0.0000e+00
     16.000     6.2561   3.211011    32.2089       7691     5.3399     9.7014     9.8968 5.3479e-01 0.0000e+00
     15.000     6.2770   3.211891    32.1994       7709     5.3527     9.6787     9.9026 6.5372e-01 0.0000e+00
     14.000     6.2883   3.212494    32.1958       7730     5.3675     9.6438     9.9216 7.8504e-01 0.0000e+00
     13.000     6.2955   3.212878    32.1937       7778     5.4005     9.6884     9.9507 9.6621e-01 0.0000e+00
     12.000     6.2845   3.212347    32.1988       7829     5.4359     9.7544     9.9530 1.1296e+00 0.0000e+00
     11.000     6.2802   3.212077    32.2003       7858     5.4565     9.7406     9.9559 1.4220e+00 0.0000e+00
     10.000     6.2958   3.212760    32.1936       7888     5.4771     9.7197     9.9365 1.7103e+00 0.0000e+00
      9.000     6.3023   3.213070    32.1914       7916     5.4966     9.7227     9.9307 2.1062e+00 0.0000e+00
      8.000     6.3003   3.212974    32.1927       7949     5.5192     9.7361     9.9425 2.8742e+00 0.0000e+00
      7.000     6.3007   3.213100    32.1942       7991     5.5490     9.7438     9.9583 3.7951e+00 0.0000e+00
      6.000     6.2982   3.212946    32.1953       8024     5.5719     9.7249     9.9593 5.0909e+00 0.0000e+00
      5.000     6.2993   3.212983    32.1952       8061     5.5975     9.7367     9.9496 6.9080e+00 0.0000e+00
      4.000     6.2973   3.212808    32.1956       8105     5.6275     9.7479     9.9471 9.6472e+00 0.0000e+00
      3.000     6.2984   3.212875    32.1959       8128     5.6439     9.7499     9.9546 1.2233e+01 0.0000e+00
      2.000     6.2968   3.212735    32.1962       8246     5.7259     9.7158     9.9553 1.9577e+01 0.0000e+00
