HB2502/ctd205.cnv
* Sea-Bird SBE 9 Data File:
* FileName = C:\cruise\data\ctd205.hex
* Software Version Seasave V 7.26.7.121
* Temperature SN = 4591
* Conductivity SN = 6006
* Number of Bytes Per Scan = 37
* Number of Voltage Words = 4
* Number of Scans Averaged by the Deck Unit = 1
* NMEA Latitude = 43 31.05 N
* NMEA Longitude = 066 35.31 W
* NMEA UTC (Time) = May 11 2025 08:34:33
* NMEA baud rate = 4800
** Ship: Bigelow HB2502
** Program:  Spring Bottom Trawl
** Chief Scientist:Jon Galbraith
# nquan = 10
# nvalues = 212                         
# units = specified
# name 0 = depSM: Depth [salt water, m]
# name 1 = t090C: Temperature [ITS-90, deg C]
# name 2 = c0S/m: Conductivity [S/m]
# name 3 = sal00: Salinity, Practical [PSU]
# name 4 = scan: Scan Count
# name 5 = timeM: Time, Elapsed [minutes]
# name 6 = sbeox0Mg/L: Oxygen, SBE 43 [mg/l]
# name 7 = sbeox1Mg/L: Oxygen, SBE 43, 2 [mg/l]
# name 8 = par: PAR/Irradiance, Biospherical/Licor
# name 9 = flag: flag
# span 0 =      1.000,    107.000       
# span 1 =     5.1937,     5.6416       
# span 2 =   3.108073,   3.200177       
# span 3 =    31.9112,    32.6316       
# span 4 =        -69,       7772       
# span 5 =    -0.0485,     5.3969       
# span 6 =     8.9350,     9.9447       
# span 7 =     9.1524,    10.1424       
# span 8 = -9.849e-05, 3.9710e+01       
# span 9 = 0.0000e+00, 0.0000e+00       
# interval = meters: 1                  
# start_time = May 11 2025 08:34:33 [NMEA time, header]
# bad_flag = -9.990e-29
*END*
[from data line 145]
     67.000     5.3543   3.154479    32.4115       5846     4.0592     9.2495     9.4849 1.0000e-12 0.0000e+00
     66.000     5.3532   3.154270    32.4106       5868     4.0743     9.2568     9.4775 1.0000e-12 0.0000e+00
     65.000     5.3466   3.153052    32.4037       5910     4.1036     9.2573     9.4856 1.0000e-12 0.0000e+00
     64.000     5.3442   3.152584    32.4011       5955     4.1348     9.2946     9.4942 1.0000e-12 0.0000e+00
     63.000     5.3395   3.151585    32.3948       5974     4.1478     9.2898     9.5156 1.0000e-12 0.0000e+00
     62.000     5.3337   3.150468    32.3882       5991     4.1594     9.2810     9.5251 1.0000e-12 0.0000e+00
     61.000     5.3235   3.148413    32.3752       6009     4.1721     9.2737     9.5250 1.0000e-12 0.0000e+00
     60.000     5.3178   3.147101    32.3662       6037     4.1914     9.2342     9.5298 1.0000e-12 0.0000e+00
     59.000     5.3108   3.145090    32.3506       6083     4.2233     9.2894     9.5510 1.0000e-12 0.0000e+00
     58.000     5.3083   3.143727    32.3380       6110     4.2421     9.3397     9.5696 1.0000e-12 0.0000e+00
     57.000     5.3066   3.141191    32.3112       6130     4.2561     9.3544     9.5982 1.0000e-12 0.0000e+00
     56.000     5.3097   3.139043    32.2843       6151     4.2706     9.3497     9.6109 1.0000e-12 0.0000e+00
     55.000     5.3113   3.138456    32.2766       6177     4.2888     9.3594     9.6338 1.0000e-12 0.0000e+00
     54.000     5.3117   3.138271    32.2746       6208     4.3103     9.4167     9.6823 1.0000e-12 0.0000e+00
     53.000     5.3125   3.138128    32.2727       6236     4.3297     9.4863     9.7224 1.0000e-12 0.0000e+00
     52.000     5.3156   3.137982    32.2685       6264     4.3494     9.4950     9.7294 1.0000e-12 0.0000e+00
     51.000     5.3158   3.137996    32.2690       6296     4.3714     9.4898     9.7226 1.0000e-12 0.0000e+00
     50.000     5.3155   3.138033    32.2702       6322     4.3896     9.4905     9.7103 1.0000e-12 0.0000e+00
     49.000     5.3157   3.137953    32.2696       6344     4.4046     9.4988     9.7046 1.0000e-12 0.0000e+00
     48.000     5.3170   3.136920    32.2571       6365     4.4194     9.5018     9.7169 1.0000e-12 0.0000e+00
     47.000     5.3149   3.133995    32.2264       6389     4.4363     9.4861     9.7306 1.0000e-12 0.0000e+00
     46.000     5.3155   3.132962    32.2145       6421     4.4582     9.4825     9.7291 1.0000e-12 0.0000e+00
     45.000     5.3178   3.132388    32.2063       6453     4.4805     9.5577     9.7677 1.0000e-12 0.0000e+00
     44.000     5.3217   3.131672    32.1948       6477     4.4969     9.5960     9.8168 1.0000e-12 0.0000e+00
     43.000     5.3155   3.129137    32.1724       6498     4.5119     9.5969     9.8395 1.0000e-12 0.0000e+00
     42.000     5.3076   3.127893    32.1664       6527     4.5321     9.5994     9.8420 1.0000e-12 0.0000e+00
     41.000     5.2774   3.124249    32.1544       6564     4.5574     9.6261     9.8859 1.0000e-12 0.0000e+00
     40.000     5.2491   3.120650    32.1411       6588     4.5740     9.6366     9.8933 1.0000e-12 0.0000e+00
     39.000     5.2218   3.117096    32.1273       6607     4.5875     9.6635     9.8793 1.0000e-12 0.0000e+00
     38.000     5.2209   3.116424    32.1210       6628     4.6022     9.6661     9.8762 1.0000e-12 0.0000e+00
     37.000     5.2162   3.115610    32.1168       6658     4.6230     9.6611     9.8903 1.0000e-12 0.0000e+00
     36.000     5.2131   3.113702    32.0985       6693     4.6472     9.7076     9.9186 1.0000e-12 0.0000e+00
     35.000     5.2081   3.110302    32.0649       6718     4.6647     9.7090     9.9313 1.0000e-12 0.0000e+00
     34.000     5.2077   3.109358    32.0551       6740     4.6802     9.6957     9.9307 4.0429e-05 0.0000e+00
     33.000     5.2082   3.109031    32.0514       6764     4.6963     9.7044     9.9413 -1.834e-07 0.0000e+00
     32.000     5.2109   3.108628    32.0447       6792     4.7157     9.7373     9.9796 6.3072e-04 0.0000e+00
     31.000     5.2206   3.108073    32.0295       6826     4.7398     9.7614     9.9849 1.4057e-04 0.0000e+00
     30.000     5.2357   3.108448    32.0199       6856     4.7605     9.7792     9.9845 3.5754e-03 0.0000e+00
     29.000     5.2739   3.110151    32.0032       6879     4.7761     9.7835    10.0089 1.9644e-02 0.0000e+00
     28.000     5.3618   3.116217    31.9887       6899     4.7906     9.7577    10.0192 2.7845e-02 0.0000e+00
     27.000     5.3884   3.118353    31.9880       6921     4.8054     9.7718    10.0549 3.8905e-02 0.0000e+00
     26.000     5.3937   3.116853    31.9665       6944     4.8217     9.8176    10.0849 6.5916e-02 0.0000e+00
     25.000     5.3789   3.113105    31.9385       6972     4.8411     9.8431    10.0756 7.5574e-02 0.0000e+00
     24.000     5.3731   3.111014    31.9208       7012     4.8686     9.8674    10.0752 9.6678e-02 0.0000e+00
     23.000     5.3734   3.110540    31.9156       7048     4.8941     9.8997    10.0948 1.0883e-01 0.0000e+00
     22.000     5.3762   3.110546    31.9134       7074     4.9119     9.9166    10.1034 1.4805e-01 0.0000e+00
     21.000     5.3797   3.110721    31.9126       7098     4.9287     9.8873    10.1160 1.9371e-01 0.0000e+00
     20.000     5.3886   3.111312    31.9114       7125     4.9470     9.8777    10.1399 2.2715e-01 0.0000e+00
     19.000     5.3925   3.111598    31.9114       7153     4.9667     9.8977    10.1194 3.0197e-01 0.0000e+00
     18.000     5.3918   3.111525    31.9117       7183     4.9874     9.9186    10.1190 3.8156e-01 0.0000e+00
     17.000     5.3922   3.111542    31.9120       7221     5.0139     9.9173    10.1275 4.2279e-01 0.0000e+00
     16.000     5.3922   3.111498    31.9120       7271     5.0487     9.9447    10.1304 5.0273e-01 0.0000e+00
     15.000     5.3927   3.111502    31.9120       7302     5.0698     9.9438    10.1056 6.5960e-01 0.0000e+00
     14.000     5.3929   3.111486    31.9122       7325     5.0860     9.9150    10.1124 8.0018e-01 0.0000e+00
     13.000     5.3933   3.111452    31.9119       7350     5.1035     9.8806    10.1193 9.6404e-01 0.0000e+00
     12.000     5.3943   3.111503    31.9121       7387     5.1293     9.8773    10.1103 1.1725e+00 0.0000e+00
     11.000     5.3937   3.111336    31.9112       7438     5.1645     9.8759    10.1237 1.5530e+00 0.0000e+00
     10.000     5.3944   3.111458    31.9124       7469     5.1859     9.8993    10.1092 1.8376e+00 0.0000e+00
      9.000     5.3949   3.111454    31.9124       7491     5.2017     9.9005    10.1157 2.1193e+00 0.0000e+00
      8.000     5.3951   3.111429    31.9124       7516     5.2188     9.8739    10.1193 2.8106e+00 0.0000e+00
      7.000     5.3961   3.111460    31.9123       7564     5.2524     9.9042    10.1207 3.6545e+00 0.0000e+00
      6.000     5.3959   3.111423    31.9126       7613     5.2861     9.9256    10.1203 4.5230e+00 0.0000e+00
      5.000     5.3944   3.111275    31.9128       7643     5.3071     9.9008    10.1375 5.5488e+00 0.0000e+00
      4.000     5.3962   3.111363    31.9126       7677     5.3303     9.8702    10.0995 6.5650e+00 0.0000e+00
      3.000     5.3958   3.111276    31.9126       7701     5.3474     9.8829    10.1043 8.5685e+00 0.0000e+00
      2.000     5.3958   3.111223    31.9124       7724     5.3629     9.8967    10.1257 1.5805e+01 0.0000e+00
      1.000     5.3944   3.111088    31.9127       7772     5.3969     9.8737    10.1424 3.9710e+01 0.0000e+00
