HB2502/ctd220.cnv
* Sea-Bird SBE 9 Data File:
* FileName = C:\cruise\data\ctd220.hex
* Software Version Seasave V 7.26.7.121
* Temperature SN = 4591
* Conductivity SN = 6006
* Number of Bytes Per Scan = 37
* Number of Voltage Words = 4
* Number of Scans Averaged by the Deck Unit = 1
* NMEA Latitude = 42 59.67 N
* NMEA Longitude = 069 32.84 W
* NMEA UTC (Time) = May 15 2025 05:26:44
* NMEA baud rate = 4800
** Ship: Bigelow HB2502
** Program:  Spring Bottom Trawl
** Chief Scientist:Jon Galbraith
# nquan = 10
# nvalues = 310                         
# units = specified
# name 0 = depSM: Depth [salt water, m]
# name 1 = t090C: Temperature [ITS-90, deg C]
# name 2 = c0S/m: Conductivity [S/m]
# name 3 = sal00: Salinity, Practical [PSU]
# name 4 = scan: Scan Count
# name 5 = timeM: Time, Elapsed [minutes]
# name 6 = sbeox0Mg/L: Oxygen, SBE 43 [mg/l]
# name 7 = sbeox1Mg/L: Oxygen, SBE 43, 2 [mg/l]
# name 8 = par: PAR/Irradiance, Biospherical/Licor
# name 9 = flag: flag
# span 0 =      2.000,    157.000       
# span 1 =     4.9529,     9.3338       
# span 2 =   3.135647,   3.469968       
# span 3 =    32.0791,    33.2785       
# span 4 =        296,       9425       
# span 5 =     0.2049,     6.5443       
# span 6 =     7.3104,    11.1222       
# span 7 =     7.4609,    11.4209       
# span 8 = 1.0000e-12, 1.5584e+01       
# span 9 = 0.0000e+00, 0.0000e+00       
# interval = meters: 1                  
# start_time = May 15 2025 05:26:44 [NMEA time, header]
# bad_flag = -9.990e-29
*END*
[from data line 145]
    148.000     5.8617   3.273534    33.2236       4337     3.0108     7.4982     7.6387 1.0000e-12 0.0000e+00
    149.000     5.8651   3.274054    33.2256       4362     3.0284     7.4813     7.6398 1.0000e-12 0.0000e+00
    150.000     5.8812   3.275939    33.2304       4391     3.0489     7.4370     7.6160 1.0000e-12 0.0000e+00
    151.000     5.9109   3.279777    33.2440       4430     3.0757     7.4125     7.6093 1.0000e-12 0.0000e+00
    152.000     5.9193   3.280961    33.2486       4467     3.1015     7.3933     7.5568 1.0000e-12 0.0000e+00
    153.000     5.9240   3.281629    33.2509       4500     3.1240     7.3402     7.5176 1.0000e-12 0.0000e+00
    154.000     5.9310   3.282585    33.2543       4535     3.1485     7.3171     7.4930 1.0000e-12 0.0000e+00
    155.000     5.9404   3.283858    33.2589       4575     3.1764     7.3208     7.4824 1.0000e-12 0.0000e+00
    156.000     5.9603   3.286400    33.2674       4612     3.2019     7.3231     7.4734 1.0000e-12 0.0000e+00
    157.000     5.9758   3.288785    33.2785       4948     3.4353     7.3355     7.4999 1.0000e-12 0.0000e+00
    156.000     5.9724   3.288394    33.2779       5222     3.6257     7.3104     7.4947 1.0000e-12 0.0000e+00
    155.000     5.9605   3.286936    33.2737       5244     3.6409     7.3197     7.4829 1.0000e-12 0.0000e+00
    154.000     5.9427   3.284545    33.2648       5270     3.6588     7.3417     7.4751 1.0000e-12 0.0000e+00
    153.000     5.9315   3.283047    33.2595       5297     3.6778     7.3463     7.4609 1.0000e-12 0.0000e+00
    152.000     5.9270   3.282392    33.2571       5324     3.6969     7.3366     7.4741 1.0000e-12 0.0000e+00
    151.000     5.9214   3.281628    33.2545       5351     3.7152     7.3345     7.4850 1.0000e-12 0.0000e+00
    150.000     5.9129   3.280586    33.2516       5376     3.7328     7.3257     7.5015 1.0000e-12 0.0000e+00
    149.000     5.8862   3.277457    33.2431       5401     3.7502     7.3228     7.5049 1.0000e-12 0.0000e+00
    148.000     5.8659   3.274720    33.2328       5427     3.7683     7.3397     7.4882 1.0000e-12 0.0000e+00
    147.000     5.8621   3.274116    33.2302       5455     3.7874     7.3496     7.5162 1.0000e-12 0.0000e+00
    146.000     5.8563   3.273361    33.2279       5482     3.8065     7.3638     7.5746 1.0000e-12 0.0000e+00
    145.000     5.8446   3.271859    33.2230       5508     3.8245     7.4196     7.5994 1.0000e-12 0.0000e+00
    144.000     5.8378   3.270911    33.2195       5533     3.8416     7.4580     7.6183 1.0000e-12 0.0000e+00
    143.000     5.8289   3.269800    33.2162       5557     3.8585     7.4693     7.6405 1.0000e-12 0.0000e+00
    142.000     5.8093   3.267202    33.2068       5583     3.8761     7.4516     7.6514 1.0000e-12 0.0000e+00
    141.000     5.7936   3.265031    33.1982       5610     3.8953     7.4573     7.6571 1.0000e-12 0.0000e+00
    140.000     5.7827   3.263500    33.1921       5638     3.9146     7.5037     7.6806 1.0000e-12 0.0000e+00
    139.000     5.7745   3.262438    33.1888       5664     3.9328     7.5328     7.7073 1.0000e-12 0.0000e+00
    138.000     5.7571   3.260220    33.1813       5689     3.9502     7.5591     7.7185 1.0000e-12 0.0000e+00
    137.000     5.7362   3.257597    33.1728       5715     3.9678     7.5533     7.7203 1.0000e-12 0.0000e+00
    136.000     5.7246   3.256009    33.1667       5742     3.9868     7.5436     7.7235 1.0000e-12 0.0000e+00
    135.000     5.6863   3.251296    33.1516       5770     4.0060     7.5653     7.7381 1.0000e-12 0.0000e+00
    134.000     5.6713   3.249232    33.1435       5796     4.0242     7.5757     7.7493 1.0000e-12 0.0000e+00
    133.000     5.6527   3.246918    33.1361       5820     4.0413     7.5741     7.7575 1.0000e-12 0.0000e+00
    132.000     5.6288   3.243945    33.1265       5845     4.0581     7.6184     7.7911 1.0000e-12 0.0000e+00
    131.000     5.5891   3.238815    33.1080       5870     4.0756     7.6523     7.8281 1.0000e-12 0.0000e+00
    130.000     5.5353   3.231941    33.0834       5897     4.0942     7.6831     7.8641 1.0000e-12 0.0000e+00
    129.000     5.5145   3.229051    33.0716       5924     4.1134     7.7078     7.8919 1.0000e-12 0.0000e+00
    128.000     5.5111   3.228420    33.0682       5952     4.1327     7.7845     7.9559 1.0000e-12 0.0000e+00
    127.000     5.5095   3.228067    33.0663       5979     4.1516     7.8580     8.0396 1.0000e-12 0.0000e+00
    126.000     5.5084   3.227780    33.0646       6005     4.1696     7.8933     8.0672 1.0000e-12 0.0000e+00
    125.000     5.5083   3.227620    33.0635       6030     4.1867     7.9140     8.0618 1.0000e-12 0.0000e+00
    124.000     5.5028   3.226664    33.0585       6054     4.2038     7.9154     8.0657 1.0000e-12 0.0000e+00
    123.000     5.4677   3.221871    33.0390       6080     4.2214     7.9251     8.0780 1.0000e-12 0.0000e+00
    122.000     5.4516   3.219660    33.0303       6106     4.2397     7.9421     8.1039 1.0000e-12 0.0000e+00
    121.000     5.4367   3.217713    33.0232       6134     4.2588     7.9961     8.1967 1.0000e-12 0.0000e+00
    120.000     5.4194   3.215355    33.0140       6161     4.2778     8.1150     8.2727 1.0000e-12 0.0000e+00
    119.000     5.4060   3.213628    33.0080       6188     4.2962     8.1719     8.3182 1.0000e-12 0.0000e+00
    118.000     5.3827   3.210611    32.9971       6213     4.3142     8.1848     8.3532 1.0000e-12 0.0000e+00
    117.000     5.3550   3.207080    32.9846       6239     4.3317     8.1744     8.3711 1.0000e-12 0.0000e+00
    116.000     5.3346   3.204217    32.9726       6264     4.3492     8.1969     8.3886 1.0000e-12 0.0000e+00
    115.000     5.3206   3.202457    32.9667       6289     4.3670     8.2357     8.4251 1.0000e-12 0.0000e+00
    114.000     5.2744   3.196908    32.9494       6316     4.3854     8.2904     8.4726 1.0000e-12 0.0000e+00
    113.000     5.2531   3.194434    32.9426       6343     4.4040     8.3231     8.4819 1.0000e-12 0.0000e+00
    112.000     5.2350   3.192117    32.9345       6369     4.4223     8.3375     8.5009 1.0000e-12 0.0000e+00
    111.000     5.2178   3.189983    32.9275       6395     4.4403     8.3469     8.5182 1.0000e-12 0.0000e+00
    110.000     5.2125   3.189070    32.9228       6421     4.4586     8.3351     8.5078 1.0000e-12 0.0000e+00
    109.000     5.2098   3.188407    32.9183       6448     4.4770     8.3285     8.4914 1.0000e-12 0.0000e+00
    108.000     5.2078   3.187905    32.9150       6474     4.4955     8.3176     8.5042 1.0000e-12 0.0000e+00
    107.000     5.2076   3.187735    32.9138       6501     4.5137     8.3370     8.5231 1.0000e-12 0.0000e+00
    106.000     5.2074   3.187546    32.9124       6527     4.5317     8.3603     8.5375 1.0000e-12 0.0000e+00
    105.000     5.2081   3.187504    32.9117       6552     4.5494     8.3711     8.5301 1.0000e-12 0.0000e+00
    104.000     5.2094   3.187485    32.9107       6578     4.5673     8.3771     8.5334 1.0000e-12 0.0000e+00
    103.000     5.1998   3.186024    32.9039       6604     4.5854     8.3750     8.5574 1.0000e-12 0.0000e+00
    102.000     5.1773   3.182853    32.8903       6630     4.6031     8.3726     8.5749 1.0000e-12 0.0000e+00
    101.000     5.1597   3.180668    32.8831       6655     4.6208     8.4025     8.5881 1.0000e-12 0.0000e+00
    100.000     5.1478   3.179096    32.8773       6681     4.6390     8.4776     8.6800 1.0000e-12 0.0000e+00
     99.000     5.1421   3.178386    32.8753       6709     4.6582     8.5547     8.7924 1.0000e-12 0.0000e+00
     98.000     5.1255   3.176338    32.8686       6736     4.6773     8.6501     8.8685 1.0000e-12 0.0000e+00
     97.000     5.0954   3.172353    32.8532       6762     4.6954     8.7022     8.8958 1.0000e-12 0.0000e+00
     96.000     5.0928   3.171858    32.8506       6787     4.7128     8.7077     8.8733 1.0000e-12 0.0000e+00
     95.000     5.0899   3.171412    32.8488       6813     4.7306     8.7248     8.8822 1.0000e-12 0.0000e+00
     94.000     5.0806   3.170154    32.8440       6840     4.7491     8.7417     8.9176 1.0000e-12 0.0000e+00
     93.000     5.0563   3.166719    32.8290       6866     4.7675     8.7575     8.9358 1.0000e-12 0.0000e+00
     92.000     5.0303   3.162645    32.8083       6892     4.7852     8.7496     8.9232 1.0000e-12 0.0000e+00
     91.000     5.0199   3.160963    32.7998       6917     4.8028     8.7227     8.9183 1.0000e-12 0.0000e+00
     90.000     5.0161   3.160260    32.7959       6943     4.8207     8.7232     8.9165 1.0000e-12 0.0000e+00
     89.000     5.0126   3.159522    32.7913       6969     4.8387     8.7388     8.9409 1.0000e-12 0.0000e+00
     88.000     5.0069   3.158376    32.7843       6995     4.8568     8.7716     8.9715 1.0000e-12 0.0000e+00
     87.000     4.9977   3.156518    32.7725       7021     4.8752     8.7904     8.9861 1.0000e-12 0.0000e+00
     86.000     4.9923   3.155454    32.7660       7048     4.8941     8.7918     8.9842 1.0000e-12 0.0000e+00
     85.000     4.9800   3.153082    32.7514       7076     4.9130     8.8174     8.9989 1.0000e-12 0.0000e+00
     84.000     4.9723   3.151504    32.7413       7102     4.9313     8.8484     9.0047 1.0000e-12 0.0000e+00
     83.000     4.9716   3.151023    32.7370       7128     4.9490     8.8541     9.0147 1.0000e-12 0.0000e+00
     82.000     4.9698   3.150633    32.7348       7152     4.9659     8.8843     9.0354 1.0000e-12 0.0000e+00
     81.000     4.9679   3.150233    32.7326       7176     4.9828     8.9121     9.0563 1.0000e-12 0.0000e+00
     80.000     4.9595   3.148649    32.7231       7202     5.0006     8.9240     9.0653 1.0000e-12 0.0000e+00
     79.000     4.9535   3.147416    32.7153       7230     5.0199     8.9217     9.0839 1.0000e-12 0.0000e+00
     78.000     4.9531   3.147119    32.7127       7259     5.0400     8.9041     9.0825 1.0000e-12 0.0000e+00
     77.000     4.9534   3.146958    32.7112       7285     5.0586     8.9167     9.0905 1.0000e-12 0.0000e+00
     76.000     4.9538   3.146786    32.7093       7310     5.0758     8.9191     9.0886 1.0000e-12 0.0000e+00
     75.000     4.9550   3.146724    32.7079       7334     5.0926     8.9379     9.0873 1.0000e-12 0.0000e+00
     74.000     4.9543   3.146407    32.7055       7359     5.1100     8.9615     9.1218 1.0000e-12 0.0000e+00
     73.000     4.9529   3.145980    32.7024       7385     5.1280     8.9673     9.1510 1.0000e-12 0.0000e+00
     72.000     4.9631   3.146017    32.6934       7412     5.1466     8.9560     9.1519 1.0000e-12 0.0000e+00
     71.000     5.0006   3.147521    32.6743       7439     5.1652     8.9723     9.1534 1.0000e-12 0.0000e+00
     70.000     5.0161   3.147624    32.6608       7465     5.1835     9.0053     9.2090 1.0000e-12 0.0000e+00
     69.000     5.0195   3.147446    32.6559       7491     5.2015     9.0873     9.3227 1.0000e-12 0.0000e+00
     68.000     5.0268   3.147394    32.6487       7517     5.2197     9.2214     9.4312 1.0000e-12 0.0000e+00
     67.000     5.0295   3.147313    32.6456       7543     5.2378     9.3029     9.4815 1.0000e-12 0.0000e+00
     66.000     5.0329   3.147257    32.6422       7569     5.2555     9.3170     9.4750 1.0000e-12 0.0000e+00
     65.000     5.0591   3.148280    32.6288       7594     5.2729     9.3100     9.4867 1.0000e-12 0.0000e+00
     64.000     5.0691   3.148863    32.6262       7620     5.2909     9.3231     9.5093 1.0000e-12 0.0000e+00
     63.000     5.0781   3.149225    32.6220       7648     5.3101     9.3344     9.5282 1.0000e-12 0.0000e+00
     62.000     5.0598   3.145916    32.6025       7676     5.3297     9.3731     9.5812 1.0000e-12 0.0000e+00
     61.000     5.0159   3.140352    32.5821       7702     5.3478     9.4152     9.6251 1.0000e-12 0.0000e+00
     60.000     4.9982   3.138243    32.5757       7726     5.3647     9.4481     9.6480 1.0000e-12 0.0000e+00
     59.000     4.9770   3.135814    32.5689       7750     5.3814     9.4812     9.6754 1.0000e-12 0.0000e+00
     58.000     4.9800   3.135647    32.5646       7775     5.3987     9.4881     9.6777 1.0000e-12 0.0000e+00
     57.000     4.9887   3.136130    32.5622       7801     5.4168     9.5013     9.6861 1.0000e-12 0.0000e+00
     56.000     5.0065   3.137360    32.5594       7828     5.4357     9.5252     9.6955 1.0000e-12 0.0000e+00
     55.000     5.1228   3.145419    32.5388       7856     5.4546     9.5057     9.6902 1.0000e-12 0.0000e+00
     54.000     5.3004   3.159734    32.5300       7882     5.4730     9.4797     9.7086 1.0000e-12 0.0000e+00
     53.000     5.3806   3.166547    32.5302       7908     5.4910     9.5553     9.8406 1.0000e-12 0.0000e+00
     52.000     5.5626   3.181579    32.5250       7934     5.5089     9.6769     9.9680 1.0000e-12 0.0000e+00
     51.000     5.7186   3.195802    32.5355       7960     5.5269     9.8244    10.1163 1.0000e-12 0.0000e+00
     50.000     5.7942   3.202835    32.5422       7985     5.5447     9.9801    10.2640 1.0000e-12 0.0000e+00
     49.000     5.9244   3.214958    32.5536       8011     5.5626    10.1069    10.3513 1.0000e-12 0.0000e+00
     48.000     6.1554   3.235897    32.5663       8037     5.5807    10.1787    10.4270 1.0000e-12 0.0000e+00
     47.000     6.2503   3.245455    32.5823       8064     5.5990    10.2575    10.5472 1.0000e-12 0.0000e+00
     46.000     6.2720   3.247397    32.5835       8090     5.6173    10.3903    10.6633 1.0000e-12 0.0000e+00
     45.000     6.2987   3.249766    32.5848       8116     5.6352    10.5339    10.7468 1.0000e-12 0.0000e+00
     44.000     6.3201   3.251932    32.5889       8141     5.6529    10.5931    10.7907 1.0000e-12 0.0000e+00
     43.000     6.3241   3.252418    32.5909       8167     5.6709    10.6351    10.8333 1.0000e-12 0.0000e+00
     42.000     6.3151   3.251552    32.5904       8194     5.6898    10.6594    10.8561 1.0000e-12 0.0000e+00
     41.000     6.3465   3.253387    32.5812       8222     5.7088    10.6402    10.8202 1.0000e-12 0.0000e+00
     40.000     6.4242   3.258031    32.5590       8248     5.7268    10.6056    10.8011 1.0000e-12 0.0000e+00
     39.000     6.3513   3.249213    32.5312       8272     5.7439    10.6706    10.8573 1.0000e-12 0.0000e+00
     38.000     6.2751   3.239878    32.5009       8297     5.7608    10.7149    10.8541 1.0000e-12 0.0000e+00
     37.000     6.2117   3.232216    32.4767       8322     5.7786    10.6595    10.7594 1.0000e-12 0.0000e+00
     36.000     6.1659   3.227239    32.4656       8349     5.7973    10.5563    10.6464 1.0000e-12 0.0000e+00
     35.000     6.0834   3.218205    32.4441       8376     5.8161    10.4981    10.6326 1.0000e-12 0.0000e+00
     34.000     6.0539   3.214802    32.4349       8402     5.8343    10.4388    10.5870 1.0000e-12 0.0000e+00
     33.000     6.0238   3.211591    32.4282       8429     5.8525    10.3826    10.5558 1.0000e-12 0.0000e+00
     32.000     6.0109   3.210113    32.4246       8455     5.8711    10.3511    10.5281 1.0000e-12 0.0000e+00
     31.000     5.9707   3.205931    32.4168       8482     5.8895    10.3520    10.5003 1.0000e-12 0.0000e+00
     30.000     5.9001   3.197419    32.3895       8507     5.9073    10.3793    10.5098 6.8302e-04 0.0000e+00
     29.000     5.9018   3.194152    32.3516       8533     5.9247    10.3313    10.4927 4.0975e-03 0.0000e+00
     28.000     5.9231   3.194222    32.3326       8558     5.9422    10.3023    10.4760 3.1921e-03 0.0000e+00
     27.000     5.9511   3.194130    32.3053       8583     5.9600    10.2678    10.4491 1.5259e-02 0.0000e+00
     26.000     5.9936   3.196318    32.2897       8609     5.9778    10.1944    10.4018 2.1595e-02 0.0000e+00
     25.000     6.0247   3.198149    32.2810       8635     5.9956    10.1817    10.4069 2.7855e-02 0.0000e+00
     24.000     6.0461   3.198717    32.2675       8661     6.0135    10.1990    10.4116 3.7680e-02 0.0000e+00
