HB2502/ctd218.cnv
* Sea-Bird SBE 9 Data File:
* FileName = C:\cruise\data\ctd218.hex
* Software Version Seasave V 7.26.7.121
* Temperature SN = 4591
* Conductivity SN = 6006
* Number of Bytes Per Scan = 37
* Number of Voltage Words = 4
* Number of Scans Averaged by the Deck Unit = 1
* NMEA Latitude = 43 28.77 N
* NMEA Longitude = 069 38.42 W
* NMEA UTC (Time) = May 14 2025 20:35:16
* NMEA baud rate = 4800
** Ship: Bigelow HB2502
** Program:  Spring Bottom Trawl
** Chief Scientist:Jon Galbraith
# nquan = 10
# nvalues = 223                         
# units = specified
# name 0 = depSM: Depth [salt water, m]
# name 1 = t090C: Temperature [ITS-90, deg C]
# name 2 = c0S/m: Conductivity [S/m]
# name 3 = sal00: Salinity, Practical [PSU]
# name 4 = scan: Scan Count
# name 5 = timeM: Time, Elapsed [minutes]
# name 6 = sbeox0Mg/L: Oxygen, SBE 43 [mg/l]
# name 7 = sbeox1Mg/L: Oxygen, SBE 43, 2 [mg/l]
# name 8 = par: PAR/Irradiance, Biospherical/Licor
# name 9 = flag: flag
# span 0 =      1.000,    113.000       
# span 1 =     4.6105,     8.4461       
# span 2 =   3.095980,   3.359007       
# span 3 =    31.7753,    32.5122       
# span 4 =        122,       6771       
# span 5 =     0.0840,     4.7016       
# span 6 =     9.1039,    12.1654       
# span 7 =     9.3384,    12.5101       
# span 8 = -6.460e-07, 3.7432e+03       
# span 9 = 0.0000e+00, 0.0000e+00       
# interval = meters: 1                  
# start_time = May 14 2025 20:35:16 [NMEA time, header]
# bad_flag = -9.990e-29
*END*
      3.000     7.7920   3.304741    31.8077        122     0.0840    11.7941    12.0749 8.7381e+02 0.0000e+00
      4.000     7.8073   3.305191    31.7980        227     0.1568    11.8001    12.0708 6.4220e+02 0.0000e+00
      5.000     7.9413   3.317013    31.8014        257     0.1781    11.7265    11.8893 4.4521e+02 0.0000e+00
      6.000     7.7587   3.308583    31.8777        284     0.1965    11.7648    12.0078 3.3101e+02 0.0000e+00
      7.000     7.4145   3.286862    31.9603        309     0.2140    11.9411    12.0703 2.3989e+02 0.0000e+00
      8.000     7.1404   3.266881    31.9973        334     0.2311    11.8942    11.9122 1.6848e+02 0.0000e+00
      9.000     6.9867   3.254805    32.0083        360     0.2491    11.7561    11.9123 1.2124e+02 0.0000e+00
     10.000     6.9160   3.252694    32.0506        388     0.2688    11.8914    12.1055 8.3324e+01 0.0000e+00
     11.000     6.9546   3.263263    32.1294        417     0.2886    12.0289    12.2113 5.9481e+01 0.0000e+00
     12.000     6.7583   3.250641    32.1747        444     0.3075    12.0692    12.2450 4.3607e+01 0.0000e+00
     13.000     6.6676   3.242924    32.1747        470     0.3254    11.9094    11.9510 3.2214e+01 0.0000e+00
     14.000     6.5553   3.234621    32.1885        496     0.3435    11.5211    11.4032 2.4323e+01 0.0000e+00
     15.000     6.3970   3.223014    32.2091        522     0.3621    10.9604    10.8544 1.8792e+01 0.0000e+00
     16.000     6.2564   3.213475    32.2359        550     0.3809    10.5429    10.5572 1.5230e+01 0.0000e+00
     17.000     6.2073   3.208694    32.2289        576     0.3994    10.3205    10.3794 1.2579e+01 0.0000e+00
     18.000     6.1938   3.207374    32.2265        602     0.4176    10.1432    10.2922 1.0463e+01 0.0000e+00
     19.000     6.1735   3.205979    32.2297        629     0.4360    10.0489    10.2731 8.7632e+00 0.0000e+00
     20.000     6.1519   3.204517    32.2335        656     0.4545    10.0291    10.2808 7.5384e+00 0.0000e+00
     21.000     6.1484   3.204050    32.2312        682     0.4732    10.0305    10.2726 6.4863e+00 0.0000e+00
     22.000     6.0910   3.200275    32.2431        709     0.4914    10.0720    10.3012 5.5521e+00 0.0000e+00
     23.000     6.0478   3.196589    32.2425        735     0.5096    10.1134    10.2951 4.7299e+00 0.0000e+00
     24.000     6.0157   3.193770    32.2411        762     0.5281    10.0728    10.2445 4.0702e+00 0.0000e+00
     25.000     5.9880   3.191233    32.2386        790     0.5476    10.0322    10.2056 3.5508e+00 0.0000e+00
     26.000     5.9713   3.190922    32.2506        817     0.5666     9.9963    10.1830 3.1092e+00 0.0000e+00
     27.000     5.9149   3.186279    32.2519        842     0.5843     9.9850    10.1742 2.7157e+00 0.0000e+00
     28.000     5.8147   3.180115    32.2779        867     0.6014     9.9649    10.1546 2.3654e+00 0.0000e+00
     29.000     5.6238   3.165022    32.2902        893     0.6195     9.9706    10.1328 2.0653e+00 0.0000e+00
     30.000     5.5794   3.161324    32.2905        921     0.6390     9.8996    10.0200 1.8032e+00 0.0000e+00
     31.000     5.4388   3.150228    32.2995        949     0.6581     9.8559    10.0043 1.6167e+00 0.0000e+00
     32.000     5.3180   3.139567    32.2943        975     0.6762     9.8241     9.9644 1.4233e+00 0.0000e+00
     33.000     5.1836   3.127809    32.2895       1000     0.6941     9.7728     9.9246 1.2666e+00 0.0000e+00
     34.000     5.1732   3.127135    32.2913       1027     0.7126     9.7100     9.8585 1.1235e+00 0.0000e+00
     35.000     5.1900   3.129482    32.3013       1054     0.7314     9.6629     9.8704 1.0022e+00 0.0000e+00
     36.000     5.1891   3.130113    32.3089       1080     0.7496     9.7039     9.9435 8.8682e-01 0.0000e+00
     37.000     5.1935   3.130739    32.3113       1107     0.7677     9.7685    10.0169 7.7960e-01 0.0000e+00
     38.000     5.2320   3.134316    32.3144       1133     0.7861     9.7920    10.0440 6.9009e-01 0.0000e+00
     39.000     5.2827   3.140389    32.3341       1160     0.8047     9.8059    10.0494 6.1623e-01 0.0000e+00
     40.000     5.2906   3.141725    32.3413       1187     0.8233     9.8384    10.0919 5.4334e-01 0.0000e+00
     41.000     5.2965   3.142414    32.3430       1214     0.8421     9.8861    10.1538 4.7700e-01 0.0000e+00
     42.000     5.3150   3.144945    32.3534       1240     0.8607     9.9701    10.1974 4.2087e-01 0.0000e+00
     43.000     5.2872   3.143333    32.3614       1266     0.8788    10.0094    10.2274 3.7305e-01 0.0000e+00
     44.000     5.2768   3.142257    32.3587       1292     0.8968    10.0031    10.2227 3.2951e-01 0.0000e+00
     45.000     5.2566   3.140982    32.3632       1319     0.9154     9.9960    10.2073 3.0035e-01 0.0000e+00
     46.000     5.2194   3.138367    32.3688       1347     0.9346     9.9830    10.1742 2.6605e-01 0.0000e+00
     47.000     5.1859   3.136373    32.3780       1374     0.9535     9.9301    10.1283 2.3626e-01 0.0000e+00
     48.000     5.1419   3.133544    32.3878       1400     0.9716     9.9277    10.1085 2.0545e-01 0.0000e+00
     49.000     5.0930   3.130569    32.4007       1425     0.9892     9.9192    10.0729 1.7523e-01 0.0000e+00
     50.000     5.0822   3.129640    32.4001       1451     1.0070     9.8707    10.0361 1.6454e-01 0.0000e+00
     51.000     5.0825   3.129614    32.3990       1478     1.0255     9.8014    10.0054 1.4119e-01 0.0000e+00
     52.000     5.0818   3.129571    32.3987       1505     1.0445     9.7448     9.9527 1.1414e-01 0.0000e+00
     53.000     5.0799   3.129509    32.3993       1533     1.0639     9.7275     9.9343 9.1064e-02 0.0000e+00
     54.000     5.0788   3.129469    32.3994       1560     1.0827     9.7239     9.9626 8.2751e-02 0.0000e+00
     55.000     5.0732   3.129301    32.4025       1586     1.1007     9.7476     9.9759 6.9977e-02 0.0000e+00
     56.000     5.0371   3.128332    32.4259       1612     1.1185     9.7728     9.9707 6.0010e-02 0.0000e+00
     57.000     4.9829   3.126733    32.4598       1638     1.1368     9.7875     9.9569 4.6582e-02 0.0000e+00
     58.000     4.9661   3.125601    32.4627       1665     1.1556     9.7472     9.9114 3.4109e-02 0.0000e+00
     59.000     4.9571   3.124944    32.4634       1692     1.1744     9.6453     9.8060 2.6557e-02 0.0000e+00
     60.000     4.9653   3.125369    32.4598       1719     1.1934     9.5329     9.6877 2.0770e-02 0.0000e+00
     61.000     4.9442   3.124339    32.4680       1746     1.2120     9.4874     9.6671 4.3911e-03 0.0000e+00
     62.000     4.8328   3.116246    32.4831       1772     1.2299     9.5091     9.7161 3.0267e-03 0.0000e+00
     63.000     4.7420   3.107716    32.4729       1797     1.2475     9.5064     9.6871 1.7698e-04 0.0000e+00
     64.000     4.7337   3.106668    32.4684       1824     1.2657     9.4306     9.5746 -6.460e-07 0.0000e+00
     65.000     4.7208   3.105418    32.4661       1851     1.2848     9.3244     9.4795 1.0000e-12 0.0000e+00
     66.000     4.7142   3.104726    32.4640       1879     1.3044     9.2577     9.4338 1.0000e-12 0.0000e+00
     67.000     4.7051   3.103920    32.4631       1907     1.3236     9.2169     9.4260 1.0000e-12 0.0000e+00
     68.000     4.6873   3.102187    32.4600       1933     1.3419     9.1950     9.4473 1.0000e-12 0.0000e+00
     69.000     4.6857   3.102040    32.4593       1958     1.3593     9.1975     9.4412 1.0000e-12 0.0000e+00
     70.000     4.6843   3.101896    32.4585       1983     1.3767     9.2220     9.4231 1.0000e-12 0.0000e+00
     71.000     4.6828   3.101827    32.4586       2009     1.3944     9.2187     9.4062 1.0000e-12 0.0000e+00
     72.000     4.6802   3.101698    32.4592       2036     1.4132     9.2057     9.4067 1.0000e-12 0.0000e+00
     73.000     4.6467   3.099181    32.4623       2064     1.4326     9.2249     9.4406 1.0000e-12 0.0000e+00
     74.000     4.6165   3.096659    32.4622       2092     1.4522     9.2518     9.4453 1.0000e-12 0.0000e+00
     75.000     4.6113   3.096299    32.4626       2120     1.4715     9.2255     9.4191 1.0000e-12 0.0000e+00
     76.000     4.6110   3.096293    32.4623       2147     1.4903     9.2038     9.4174 1.0000e-12 0.0000e+00
     77.000     4.6109   3.096307    32.4621       2173     1.5081     9.1778     9.4176 1.0000e-12 0.0000e+00
     78.000     4.6108   3.096324    32.4619       2197     1.5252     9.1919     9.4195 1.0000e-12 0.0000e+00
     79.000     4.6105   3.096333    32.4617       2222     1.5426     9.2266     9.4058 1.0000e-12 0.0000e+00
     80.000     4.6105   3.096363    32.4616       2249     1.5612     9.1879     9.4167 1.0000e-12 0.0000e+00
     81.000     4.6105   3.096408    32.4616       2277     1.5806     9.1642     9.4244 1.0000e-12 0.0000e+00
     82.000     4.6110   3.096543    32.4622       2305     1.5999     9.1729     9.4218 1.0000e-12 0.0000e+00
     83.000     4.6113   3.096647    32.4625       2332     1.6186     9.1979     9.4325 1.0000e-12 0.0000e+00
     84.000     4.6115   3.096722    32.4628       2358     1.6368     9.1906     9.4255 1.0000e-12 0.0000e+00
     85.000     4.6130   3.097015    32.4642       2384     1.6545     9.1792     9.4210 1.0000e-12 0.0000e+00
     86.000     4.6151   3.097482    32.4670       2409     1.6721     9.1984     9.4161 1.0000e-12 0.0000e+00
     87.000     4.6170   3.097780    32.4681       2435     1.6903     9.2084     9.3807 1.0000e-12 0.0000e+00
     88.000     4.6203   3.098268    32.4700       2464     1.7102     9.1808     9.3660 1.0000e-12 0.0000e+00
     89.000     4.6207   3.098407    32.4707       2493     1.7304     9.1727     9.3741 1.0000e-12 0.0000e+00
     90.000     4.6241   3.098852    32.4720       2520     1.7493     9.1832     9.3785 1.0000e-12 0.0000e+00
     91.000     4.6246   3.099068    32.4735       2545     1.7668     9.1791     9.3847 1.0000e-12 0.0000e+00
     92.000     4.6223   3.099046    32.4750       2570     1.7842     9.1771     9.3858 1.0000e-12 0.0000e+00
     93.000     4.6281   3.099780    32.4773       2596     1.8021     9.1765     9.3849 1.0000e-12 0.0000e+00
     94.000     4.6330   3.100481    32.4801       2622     1.8202     9.1816     9.3645 1.0000e-12 0.0000e+00
     95.000     4.6435   3.101709    32.4836       2649     1.8387     9.1707     9.3631 1.0000e-12 0.0000e+00
     96.000     4.6503   3.102730    32.4882       2677     1.8581     9.1500     9.3805 1.0000e-12 0.0000e+00
     97.000     4.6523   3.103128    32.4904       2705     1.8777     9.1743     9.3911 1.0000e-12 0.0000e+00
     98.000     4.6528   3.103342    32.4918       2732     1.8963     9.1890     9.3844 1.0000e-12 0.0000e+00
     99.000     4.6522   3.103456    32.4932       2757     1.9140     9.1790     9.3790 1.0000e-12 0.0000e+00
    100.000     4.6498   3.103458    32.4951       2782     1.9314     9.1733     9.3738 1.0000e-12 0.0000e+00
    101.000     4.6436   3.103237    32.4981       2808     1.9495     9.1843     9.3788 1.0000e-12 0.0000e+00
    102.000     4.6343   3.102710    32.5006       2836     1.9688     9.1675     9.3839 1.0000e-12 0.0000e+00
    103.000     4.6310   3.102562    32.5017       2865     1.9889     9.1577     9.3871 1.0000e-12 0.0000e+00
    104.000     4.6288   3.102549    32.5031       2893     2.0084     9.1685     9.3757 1.0000e-12 0.0000e+00
    105.000     4.6263   3.102603    32.5057       2919     2.0263     9.1536     9.3622 1.0000e-12 0.0000e+00
    106.000     4.6254   3.102678    32.5070       2943     2.0433     9.1433     9.3580 1.0000e-12 0.0000e+00
    107.000     4.6252   3.102776    32.5078       2968     2.0605     9.1465     9.3453 1.0000e-12 0.0000e+00
    108.000     4.6250   3.102877    32.5086       2994     2.0786     9.1376     9.3523 1.0000e-12 0.0000e+00
    109.000     4.6251   3.102912    32.5085       3022     2.0979     9.1359     9.3553 1.0000e-12 0.0000e+00
    110.000     4.6254   3.103056    32.5093       3050     2.1176     9.1426     9.3502 1.0000e-12 0.0000e+00
    111.000     4.6255   3.103157    32.5099       3078     2.1370     9.1517     9.3508 1.0000e-12 0.0000e+00
    112.000     4.6263   3.103364    32.5110       3106     2.1560     9.1597     9.3384 1.0000e-12 0.0000e+00
    113.000     4.6269   3.103557    32.5122       3512     2.4383     9.1264     9.3589 1.0000e-12 0.0000e+00
    112.000     4.6266   3.103471    32.5119       3716     2.5796     9.1352     9.3504 1.0000e-12 0.0000e+00
    111.000     4.6264   3.103369    32.5115       3736     2.5939     9.1174     9.3678 1.0000e-12 0.0000e+00
    110.000     4.6260   3.103229    32.5108       3761     2.6113     9.1039     9.3568 1.0000e-12 0.0000e+00
    109.000     4.6257   3.103100    32.5100       3787     2.6293     9.1189     9.3393 1.0000e-12 0.0000e+00
    108.000     4.6255   3.103009    32.5097       3814     2.6479     9.1279     9.3502 1.0000e-12 0.0000e+00
    107.000     4.6253   3.102898    32.5091       3841     2.6667     9.1361     9.3575 1.0000e-12 0.0000e+00
    106.000     4.6251   3.102816    32.5088       3868     2.6852     9.1364     9.3482 1.0000e-12 0.0000e+00
    105.000     4.6253   3.102776    32.5087       3893     2.7028     9.1430     9.3557 1.0000e-12 0.0000e+00
    104.000     4.6254   3.102595    32.5071       3918     2.7201     9.1303     9.3662 1.0000e-12 0.0000e+00
    103.000     4.6261   3.102516    32.5059       3943     2.7372     9.1095     9.3642 1.0000e-12 0.0000e+00
    102.000     4.6280   3.102459    32.5040       3967     2.7545     9.1178     9.3601 1.0000e-12 0.0000e+00
    101.000     4.6310   3.102448    32.5014       3993     2.7725     9.1203     9.3645 1.0000e-12 0.0000e+00
    100.000     4.6357   3.102497    32.4978       4021     2.7916     9.1142     9.3674 1.0000e-12 0.0000e+00
     99.000     4.6477   3.103170    32.4943       4048     2.8104     9.1171     9.3586 1.0000e-12 0.0000e+00
     98.000     4.6511   3.103324    32.4933       4073     2.8281     9.1343     9.3560 1.0000e-12 0.0000e+00
     97.000     4.6521   3.103237    32.4918       4098     2.8451     9.1433     9.3720 1.0000e-12 0.0000e+00
     96.000     4.6515   3.102887    32.4889       4123     2.8624     9.1526     9.3799 1.0000e-12 0.0000e+00
     95.000     4.6497   3.102589    32.4877       4149     2.8804     9.1675     9.3837 1.0000e-12 0.0000e+00
     94.000     4.6448   3.101953    32.4857       4176     2.8994     9.1692     9.3979 1.0000e-12 0.0000e+00
     93.000     4.6284   3.099888    32.4783       4204     2.9186     9.1698     9.4004 1.0000e-12 0.0000e+00
     92.000     4.6243   3.099071    32.4734       4230     2.9367     9.1776     9.3810 1.0000e-12 0.0000e+00
     91.000     4.6256   3.099044    32.4723       4255     2.9544     9.1632     9.3815 1.0000e-12 0.0000e+00
     90.000     4.6248   3.098883    32.4716       4281     2.9721     9.1492     9.3927 1.0000e-12 0.0000e+00
     89.000     4.6201   3.098203    32.4689       4306     2.9898     9.1377     9.3940 1.0000e-12 0.0000e+00
     88.000     4.6163   3.097564    32.4658       4331     3.0072     9.1593     9.3877 1.0000e-12 0.0000e+00
     87.000     4.6128   3.096968    32.4628       4357     3.0248     9.1699     9.3842 1.0000e-12 0.0000e+00
     86.000     4.6116   3.096687    32.4612       4383     3.0433     9.1467     9.3793 1.0000e-12 0.0000e+00
     85.000     4.6110   3.096507    32.4602       4411     3.0627     9.1588     9.3828 1.0000e-12 0.0000e+00
     84.000     4.6108   3.096426    32.4599       4438     3.0812     9.1813     9.4034 1.0000e-12 0.0000e+00
     83.000     4.6106   3.096270    32.4589       4463     3.0987     9.2048     9.4124 1.0000e-12 0.0000e+00
     82.000     4.6106   3.096197    32.4586       4488     3.1158     9.2086     9.4207 1.0000e-12 0.0000e+00
     81.000     4.6105   3.096137    32.4585       4513     3.1336     9.1963     9.4325 1.0000e-12 0.0000e+00
     80.000     4.6105   3.096082    32.4584       4540     3.1520     9.1848     9.4325 1.0000e-12 0.0000e+00
