HB2502/ctd200.cnv
* Sea-Bird SBE 9 Data File:
* FileName = C:\cruise\data\ctd200.hex
* Software Version Seasave V 7.26.7.121
* Temperature SN = 4591
* Conductivity SN = 6006
* Number of Bytes Per Scan = 37
* Number of Voltage Words = 4
* Number of Scans Averaged by the Deck Unit = 1
* NMEA Latitude = 43 15.08 N
* NMEA Longitude = 067 22.34 W
* NMEA UTC (Time) = May 10 2025 11:43:11
* NMEA baud rate = 4800
** Ship: Bigelow HB2502
** Program:  Spring Bottom Trawl
** Chief Scientist:Jon Galbraith
# nquan = 10
# nvalues = 400                         
# units = specified
# name 0 = depSM: Depth [salt water, m]
# name 1 = t090C: Temperature [ITS-90, deg C]
# name 2 = c0S/m: Conductivity [S/m]
# name 3 = sal00: Salinity, Practical [PSU]
# name 4 = scan: Scan Count
# name 5 = timeM: Time, Elapsed [minutes]
# name 6 = sbeox0Mg/L: Oxygen, SBE 43 [mg/l]
# name 7 = sbeox1Mg/L: Oxygen, SBE 43, 2 [mg/l]
# name 8 = par: PAR/Irradiance, Biospherical/Licor
# name 9 = flag: flag
# span 0 =      2.000,    202.000       
# span 1 =     5.4084,     7.3242       
# span 2 =   3.174315,   3.490178       
# span 3 =    32.1765,    34.1553       
# span 4 =        246,      15889       
# span 5 =     0.1701,    11.0333       
# span 6 =     6.2232,    10.3888       
# span 7 =     6.3975,    10.5826       
# span 8 = 1.0000e-12, 3.0279e+02       
# span 9 = 0.0000e+00, 0.0000e+00       
# interval = meters: 1                  
# start_time = May 10 2025 11:43:11 [NMEA time, header]
# bad_flag = -9.990e-29
*END*
      3.000     7.1521   3.284913    32.1845        246     0.1701    10.2729    10.5407 1.5140e+02 0.0000e+00
      4.000     7.1493   3.284765    32.1850        471     0.3267    10.2965    10.5307 1.0931e+02 0.0000e+00
      5.000     7.1471   3.284716    32.1861        527     0.3653    10.3330    10.5496 9.4445e+01 0.0000e+00
      6.000     7.1418   3.284391    32.1870        553     0.3835    10.3148    10.5612 7.6062e+01 0.0000e+00
      7.000     7.1423   3.284484    32.1871        574     0.3978    10.2854    10.5611 5.4571e+01 0.0000e+00
      8.000     7.1412   3.284440    32.1872        594     0.4117    10.2564    10.5405 4.3568e+01 0.0000e+00
      9.000     7.1392   3.284324    32.1873        615     0.4266    10.2844    10.5244 3.6952e+01 0.0000e+00
     10.000     7.1413   3.284510    32.1869        638     0.4420    10.3303    10.5247 3.0172e+01 0.0000e+00
     11.000     7.1471   3.284869    32.1849        661     0.4583    10.3072    10.5274 2.4569e+01 0.0000e+00
     12.000     7.1449   3.284892    32.1867        693     0.4802    10.3064    10.5394 1.9746e+01 0.0000e+00
     13.000     7.1406   3.284614    32.1873        737     0.5113    10.3060    10.5610 1.7295e+01 0.0000e+00
     14.000     7.1376   3.284476    32.1881        771     0.5344    10.2913    10.5573 1.5666e+01 0.0000e+00
     15.000     7.1343   3.284287    32.1887        793     0.5500    10.3137    10.5541 1.3496e+01 0.0000e+00
     16.000     7.1353   3.284370    32.1881        811     0.5626    10.3411    10.5556 1.1131e+01 0.0000e+00
     17.000     7.1358   3.284442    32.1880        827     0.5738    10.3565    10.5642 9.2403e+00 0.0000e+00
     18.000     7.1302   3.284268    32.1908        843     0.5848    10.3626    10.5597 7.8423e+00 0.0000e+00
     19.000     7.1097   3.282875    32.1943        867     0.6011    10.3675    10.5604 6.7179e+00 0.0000e+00
     20.000     7.0670   3.279959    32.2021        926     0.6425    10.3552    10.5636 5.7582e+00 0.0000e+00
     21.000     7.0288   3.277312    32.2085        952     0.6607    10.3476    10.5684 4.8294e+00 0.0000e+00
     22.000     6.9479   3.272976    32.2365        970     0.6732    10.3729    10.5592 4.1477e+00 0.0000e+00
     23.000     6.7694   3.260769    32.2701        988     0.6857    10.3888    10.5662 3.6526e+00 0.0000e+00
     24.000     6.5891   3.245709    32.2740       1018     0.7063    10.3377    10.5026 3.3173e+00 0.0000e+00
     25.000     6.4223   3.232068    32.2806       1063     0.7374    10.2271    10.4554 3.0719e+00 0.0000e+00
     26.000     6.2277   3.218190    32.3107       1085     0.7528    10.2272    10.4369 2.6946e+00 0.0000e+00
     27.000     6.0663   3.205864    32.3266       1101     0.7637    10.2017    10.3985 2.3828e+00 0.0000e+00
     28.000     5.9408   3.198070    32.3587       1115     0.7738    10.1501    10.3381 2.0871e+00 0.0000e+00
     29.000     5.8246   3.189431    32.3726       1132     0.7854    10.0946    10.2572 1.8406e+00 0.0000e+00
     30.000     5.8572   3.189234    32.3387       1195     0.8289     9.9053    10.0625 1.7637e+00 0.0000e+00
     31.000     5.7547   3.183349    32.3703       1234     0.8559     9.9368    10.1541 1.7345e+00 0.0000e+00
     32.000     5.7283   3.182753    32.3884       1247     0.8655     9.9308    10.1496 1.5536e+00 0.0000e+00
     33.000     5.7038   3.181346    32.3956       1260     0.8746     9.9279    10.1254 1.3863e+00 0.0000e+00
     34.000     5.6538   3.177995    32.4054       1273     0.8836     9.9170    10.1081 1.2510e+00 0.0000e+00
     35.000     5.6160   3.176494    32.4243       1291     0.8956     9.8935    10.1000 1.1062e+00 0.0000e+00
     36.000     5.6041   3.175869    32.4283       1340     0.9299     9.8360    10.0094 1.0002e+00 0.0000e+00
     37.000     5.5702   3.176044    32.4624       1390     0.9644     9.7246     9.9511 9.5459e-01 0.0000e+00
     38.000     5.5751   3.177353    32.4720       1411     0.9791     9.6745     9.9354 8.8275e-01 0.0000e+00
     39.000     5.5819   3.182788    32.5265       1429     0.9918     9.6478     9.8859 8.1227e-01 0.0000e+00
     40.000     5.5820   3.184268    32.5426       1447     1.0043     9.5999     9.8101 7.3500e-01 0.0000e+00
     41.000     5.5813   3.184596    32.5465       1467     1.0180     9.5276     9.7293 6.7990e-01 0.0000e+00
     42.000     5.5778   3.185047    32.5545       1490     1.0343     9.4448     9.6069 6.3417e-01 0.0000e+00
     43.000     5.5726   3.184890    32.5573       1522     1.0565     9.3092     9.5073 5.7335e-01 0.0000e+00
     44.000     5.5562   3.184781    32.5714       1557     1.0808     9.2662     9.5062 5.2196e-01 0.0000e+00
     45.000     5.5470   3.184768    32.5797       1588     1.1019     9.2925     9.5230 4.6583e-01 0.0000e+00
     46.000     5.5212   3.184016    32.5957       1616     1.1214     9.2962     9.5217 4.2555e-01 0.0000e+00
     47.000     5.5000   3.182728    32.6012       1645     1.1417     9.2740     9.5201 3.9852e-01 0.0000e+00
     48.000     5.4970   3.183584    32.6133       1674     1.1616     9.2656     9.5106 3.7566e-01 0.0000e+00
     49.000     5.5184   3.187888    32.6408       1697     1.1779     9.2659     9.4895 3.5003e-01 0.0000e+00
     50.000     5.5284   3.190966    32.6655       1716     1.1913     9.2812     9.4771 3.1561e-01 0.0000e+00
     51.000     5.5200   3.192343    32.6887       1734     1.2038     9.2852     9.4616 2.9346e-01 0.0000e+00
     52.000     5.5304   3.196009    32.7198       1755     1.2183     9.2265     9.4131 2.6572e-01 0.0000e+00
     53.000     5.5261   3.197561    32.7410       1796     1.2463     9.1078     9.2919 2.3812e-01 0.0000e+00
     54.000     5.5209   3.197261    32.7422       1843     1.2793     8.9791     9.1922 2.1504e-01 0.0000e+00
     55.000     5.5175   3.197186    32.7442       1867     1.2955     8.9307     9.1662 1.9983e-01 0.0000e+00
     56.000     5.5001   3.196586    32.7538       1887     1.3098     8.9478     9.1695 1.8877e-01 0.0000e+00
     57.000     5.4710   3.194794    32.7613       1909     1.3248     8.9810     9.1897 1.6533e-01 0.0000e+00
     58.000     5.4570   3.193668    32.7617       1932     1.3407     8.9790     9.1886 1.4795e-01 0.0000e+00
     59.000     5.4730   3.196357    32.7761       1953     1.3556     8.9461     9.1643 1.3127e-01 0.0000e+00
     60.000     5.5698   3.209130    32.8260       1975     1.3708     8.9067     9.1342 1.1670e-01 0.0000e+00
     61.000     5.6283   3.219273    32.8833       2014     1.3977     8.8949     9.1138 1.0353e-01 0.0000e+00
     62.000     5.6471   3.222541    32.9014       2066     1.4341     8.7280     8.9202 1.0062e-01 0.0000e+00
     63.000     5.6651   3.224815    32.9091       2087     1.4487     8.6433     8.8759 8.5876e-02 0.0000e+00
     64.000     5.7210   3.233055    32.9471       2104     1.4603     8.6176     8.8581 7.0622e-02 0.0000e+00
     65.000     5.7476   3.237839    32.9745       2119     1.4711     8.6089     8.8523 5.8659e-02 0.0000e+00
     66.000     5.7521   3.239106    32.9840       2137     1.4836     8.6115     8.8586 5.4509e-02 0.0000e+00
     67.000     5.7619   3.240459    32.9891       2165     1.5031     8.6017     8.7992 4.5073e-02 0.0000e+00
     68.000     5.7902   3.244309    33.0043       2211     1.5349     8.5041     8.7028 3.9571e-02 0.0000e+00
     69.000     5.8411   3.251749    33.0379       2255     1.5653     8.4592     8.6731 3.2391e-02 0.0000e+00
     70.000     5.8422   3.251993    33.0391       2283     1.5844     8.4728     8.6591 2.7173e-02 0.0000e+00
     71.000     5.8409   3.251943    33.0393       2301     1.5969     8.4503     8.6461 2.1884e-02 0.0000e+00
     72.000     5.8407   3.252166    33.0415       2315     1.6071     8.4270     8.6355 1.3116e-02 0.0000e+00
     73.000     5.8726   3.255546    33.0479       2329     1.6165     8.4051     8.6214 5.4039e-03 0.0000e+00
     74.000     5.9239   3.262402    33.0743       2344     1.6272     8.3640     8.6006 2.7552e-03 0.0000e+00
     75.000     5.9303   3.264184    33.0876       2410     1.6728     8.3540     8.5653 4.3767e-03 0.0000e+00
     76.000     5.9523   3.266732    33.0942       2450     1.7009     8.3373     8.5558 9.2708e-04 0.0000e+00
     77.000     5.9739   3.269492    33.1036       2466     1.7120     8.3244     8.5607 9.1675e-06 0.0000e+00
     78.000     6.0007   3.273143    33.1179       2481     1.7221     8.3075     8.5491 1.0000e-12 0.0000e+00
     79.000     6.0353   3.277690    33.1346       2499     1.7344     8.3016     8.5235 1.0000e-12 0.0000e+00
     80.000     6.0570   3.281210    33.1523       2528     1.7546     8.2992     8.4935 1.0000e-12 0.0000e+00
     81.000     6.0605   3.282037    33.1576       2570     1.7837     8.2545     8.4408 1.0000e-12 0.0000e+00
     82.000     6.0609   3.282363    33.1604       2599     1.8043     8.2217     8.4143 1.0000e-12 0.0000e+00
     83.000     6.0706   3.283729    33.1657       2623     1.8210     8.2168     8.4103 1.0000e-12 0.0000e+00
     84.000     6.0907   3.286965    33.1817       2648     1.8383     8.1975     8.4124 1.0000e-12 0.0000e+00
     85.000     6.0942   3.288036    33.1898       2678     1.8593     8.2149     8.4147 1.0000e-12 0.0000e+00
     86.000     6.1235   3.291859    33.2035       2709     1.8803     8.2072     8.3693 1.0000e-12 0.0000e+00
     87.000     6.1633   3.296668    33.2178       2731     1.8962     8.1533     8.3313 1.0000e-12 0.0000e+00
     88.000     6.1900   3.299701    33.2251       2750     1.9090     8.1370     8.3246 1.0000e-12 0.0000e+00
     89.000     6.2090   3.302223    33.2342       2768     1.9216     8.1009     8.3226 1.0000e-12 0.0000e+00
     90.000     6.2263   3.304578    33.2430       2805     1.9471     8.0861     8.3088 1.0000e-12 0.0000e+00
     91.000     6.2358   3.305927    33.2483       2866     1.9894     8.0544     8.3013 1.0000e-12 0.0000e+00
     92.000     6.2453   3.307020    33.2507       2883     2.0015     8.0442     8.2918 1.0000e-12 0.0000e+00
     93.000     6.2543   3.307946    33.2518       2899     2.0124     8.0583     8.2870 1.0000e-12 0.0000e+00
     94.000     6.2852   3.311728    33.2633       2915     2.0239     8.0577     8.2824 1.0000e-12 0.0000e+00
     95.000     6.3302   3.317837    33.2867       2937     2.0390     8.0434     8.2750 1.0000e-12 0.0000e+00
     96.000     6.3622   3.322047    33.3018       2968     2.0601     8.0325     8.2777 1.0000e-12 0.0000e+00
     97.000     6.3864   3.324790    33.3082       2999     2.0820     8.0096     8.2536 1.0000e-12 0.0000e+00
     98.000     6.4667   3.334769    33.3401       3028     2.1021     8.0050     8.2221 1.0000e-12 0.0000e+00
     99.000     6.4969   3.340206    33.3704       3061     2.1249     8.0272     8.2256 1.0000e-12 0.0000e+00
    100.000     6.5074   3.342232    33.3821       3097     2.1497     7.9909     8.1753 1.0000e-12 0.0000e+00
    101.000     6.5227   3.345335    33.4010       3121     2.1667     7.9251     8.1125 1.0000e-12 0.0000e+00
    102.000     6.5287   3.347070    33.4139       3140     2.1798     7.8938     8.0816 1.0000e-12 0.0000e+00
    103.000     6.5392   3.348870    33.4231       3159     2.1932     7.8842     8.0652 1.0000e-12 0.0000e+00
    104.000     6.5647   3.353652    33.4506       3189     2.2141     7.8319     8.0185 1.0000e-12 0.0000e+00
    105.000     6.5976   3.359557    33.4833       3226     2.2398     7.7564     7.9535 1.0000e-12 0.0000e+00
    106.000     6.6052   3.361044    33.4917       3249     2.2553     7.7498     7.9308 1.0000e-12 0.0000e+00
    107.000     6.6089   3.361642    33.4943       3268     2.2687     7.7268     7.8987 1.0000e-12 0.0000e+00
    108.000     6.6154   3.362774    33.4999       3296     2.2881     7.6510     7.8431 1.0000e-12 0.0000e+00
    109.000     6.6382   3.366911    33.5228       3345     2.3219     7.5701     7.7986 1.0000e-12 0.0000e+00
    110.000     6.6615   3.370946    33.5441       3372     2.3408     7.5770     7.7906 1.0000e-12 0.0000e+00
    111.000     6.6989   3.377029    33.5741       3390     2.3537     7.5689     7.7629 1.0000e-12 0.0000e+00
    112.000     6.7328   3.384157    33.6192       3408     2.3657     7.5494     7.7404 1.0000e-12 0.0000e+00
    113.000     6.7551   3.388707    33.6469       3426     2.3782     7.5117     7.7144 1.0000e-12 0.0000e+00
    114.000     6.7582   3.389706    33.6544       3451     2.3959     7.4311     7.6002 1.0000e-12 0.0000e+00
    115.000     6.7762   3.392954    33.6720       3504     2.4328     7.1630     7.3018 1.0000e-12 0.0000e+00
    116.000     6.7824   3.394241    33.6797       3537     2.4553     7.0746     7.2849 1.0000e-12 0.0000e+00
    117.000     6.7842   3.394581    33.6811       3555     2.4678     7.0552     7.2690 1.0000e-12 0.0000e+00
    118.000     6.7858   3.394936    33.6830       3571     2.4791     7.0578     7.2503 1.0000e-12 0.0000e+00
    119.000     6.7898   3.395725    33.6872       3591     2.4930     7.0643     7.2384 1.0000e-12 0.0000e+00
    120.000     6.7978   3.397172    33.6948       3631     2.5207     7.0308     7.2156 1.0000e-12 0.0000e+00
    121.000     6.8083   3.398754    33.7015       3665     2.5447     7.0231     7.2196 1.0000e-12 0.0000e+00
    122.000     6.8288   3.402051    33.7171       3684     2.5579     7.0384     7.2069 1.0000e-12 0.0000e+00
    123.000     6.8361   3.403335    33.7237       3702     2.5700     7.0418     7.1872 1.0000e-12 0.0000e+00
    124.000     6.8406   3.404212    33.7283       3725     2.5863     7.0175     7.1568 1.0000e-12 0.0000e+00
    125.000     6.8517   3.406168    33.7385       3782     2.6257     6.9187     7.0861 1.0000e-12 0.0000e+00
    126.000     6.8546   3.406699    33.7410       3816     2.6491     6.9046     7.0753 1.0000e-12 0.0000e+00
    127.000     6.8573   3.407076    33.7420       3832     2.6607     6.9042     7.0675 1.0000e-12 0.0000e+00
    128.000     6.8596   3.407478    33.7437       3847     2.6709     6.8843     7.0534 1.0000e-12 0.0000e+00
    129.000     6.8595   3.407583    33.7444       3862     2.6814     6.8646     7.0342 1.0000e-12 0.0000e+00
    130.000     6.8718   3.409270    33.7504       3884     2.6967     6.8517     7.0188 1.0000e-12 0.0000e+00
    131.000     6.8936   3.413081    33.7704       3942     2.7366     6.8371     7.0411 1.0000e-12 0.0000e+00
    132.000     6.8917   3.412789    33.7686       3974     2.7592     6.8191     6.9959 1.0000e-12 0.0000e+00
    133.000     6.8942   3.413204    33.7702       3994     2.7727     6.7982     6.9576 1.0000e-12 0.0000e+00
    134.000     6.8958   3.413556    33.7720       4014     2.7868     6.7889     6.9335 1.0000e-12 0.0000e+00
    135.000     6.8961   3.413700    33.7727       4040     2.8047     6.7875     6.9415 1.0000e-12 0.0000e+00
    136.000     6.8972   3.413944    33.7739       4072     2.8273     6.7756     6.9505 1.0000e-12 0.0000e+00
    137.000     6.8982   3.414548    33.7791       4103     2.8488     6.7716     6.9426 1.0000e-12 0.0000e+00
    138.000     6.8946   3.415042    33.7875       4129     2.8668     6.7760     6.9475 1.0000e-12 0.0000e+00
    139.000     6.8933   3.415002    33.7879       4151     2.8823     6.7753     6.9422 1.0000e-12 0.0000e+00
    140.000     6.8919   3.414905    33.7877       4174     2.8976     6.7722     6.9286 1.0000e-12 0.0000e+00
    141.000     6.8907   3.414732    33.7865       4200     2.9157     6.7608     6.9189 1.0000e-12 0.0000e+00
    142.000     6.8909   3.414714    33.7856       4232     2.9381     6.7356     6.9079 1.0000e-12 0.0000e+00
    143.000     6.8915   3.414914    33.7867       4264     2.9601     6.7259     6.8970 1.0000e-12 0.0000e+00
    144.000     6.8903   3.414840    33.7866       4291     2.9789     6.7326     6.9050 1.0000e-12 0.0000e+00
    145.000     6.8903   3.414846    33.7862       4317     2.9972     6.7443     6.9115 1.0000e-12 0.0000e+00
    146.000     6.8912   3.415000    33.7865       4348     3.0190     6.7580     6.9003 1.0000e-12 0.0000e+00
