HB2502/sbe063.cnv
* Sea-Bird SBE 19plus V2 Data File:
* FileName = C:\cruise\data\sbe063.hex
* Software Version Seasave V 7.26.7.121
* Temperature SN = 6128
* Conductivity SN = 6128
* System UpLoad Time = Apr 05 2025 21:42:30
* NMEA Latitude = 40 17.42 N
* NMEA Longitude = 070 44.41 W
* NMEA UTC (Time) = Apr 05 2025  21:41:37
** Ship: Henry Bigelow
** Cruise:  HB2502
** Program:  Spring Bottom Trawl
# nquan = 7
# nvalues = 2541                                  
# units = specified
# name 0 = depSM: Depth [salt water, m]
# name 1 = tv290C: Temperature [ITS-90, deg C]
# name 2 = c0S/m: Conductivity [S/m]
# name 3 = sal00: Salinity, Practical [PSU]
# name 4 = scan: Scan Count
# name 5 = timeM: Time, Elapsed [minutes]
# name 6 = flag:  0.000e+00
# span 0 =      0.031,    109.939                 
# span 1 =     5.1459,     7.1673                 
# span 2 =   0.010128,   3.404429                 
# span 3 =     0.0722,    33.4353                 
# span 4 =         11,       2551                 
# span 5 =     0.0417,    10.6250                 
# span 6 = 0.0000e+00, 0.0000e+00                 
# interval = seconds: 0.25
# start_time = Apr 05 2025 21:41:37 [NMEA time, header]
# bad_flag = -9.990e-29
*END*
[from data line 1642]
     57.146     5.2774   3.173961    32.7131       1653     6.8833  0.000e+00
     57.101     5.2777   3.174065    32.7141       1654     6.8875  0.000e+00
     57.049     5.2780   3.174101    32.7142       1655     6.8917  0.000e+00
     56.998     5.2789   3.174144    32.7138       1656     6.8958  0.000e+00
     56.947     5.2798   3.174162    32.7132       1657     6.9000  0.000e+00
     56.896     5.2807   3.174223    32.7131       1658     6.9042  0.000e+00
     56.835     5.2817   3.174284    32.7128       1659     6.9083  0.000e+00
     56.773     5.2827   3.174302    32.7121       1660     6.9125  0.000e+00
     56.694     5.2836   3.174363    32.7119       1661     6.9167  0.000e+00
     56.620     5.2845   3.174528    32.7130       1662     6.9208  0.000e+00
     56.530     5.2859   3.174583    32.7123       1663     6.9250  0.000e+00
     56.447     5.2877   3.174686    32.7117       1664     6.9292  0.000e+00
     56.347     5.2894   3.174747    32.7108       1665     6.9333  0.000e+00
     56.256     5.2912   3.174747    32.7090       1666     6.9375  0.000e+00
     56.159     5.2925   3.174808    32.7085       1667     6.9417  0.000e+00
     56.063     5.2937   3.174869    32.7081       1668     6.9458  0.000e+00
     55.981     5.2949   3.174887    32.7072       1669     6.9500  0.000e+00
     55.903     5.2960   3.174906    32.7064       1670     6.9542  0.000e+00
     55.829     5.2971   3.174985    32.7063       1671     6.9583  0.000e+00
     55.773     5.2980   3.175028    32.7059       1672     6.9625  0.000e+00
     55.724     5.2991   3.175070    32.7053       1673     6.9667  0.000e+00
     55.691     5.2999   3.175046    32.7043       1674     6.9708  0.000e+00
     55.668     5.3007   3.175028    32.7033       1675     6.9750  0.000e+00
     55.658     5.3012   3.175070    32.7033       1676     6.9792  0.000e+00
     55.663     5.3015   3.175070    32.7030       1677     6.9833  0.000e+00
     55.676     5.3019   3.175089    32.7029       1678     6.9875  0.000e+00
     55.701     5.3018   3.175089    32.7029       1679     6.9917  0.000e+00
     55.719     5.3020   3.175089    32.7027       1680     6.9958  0.000e+00
     55.733     5.3021   3.175089    32.7026       1681     7.0000  0.000e+00
     55.739     5.3023   3.175089    32.7024       1682     7.0042  0.000e+00
     55.731     5.3021   3.175107    32.7028       1683     7.0083  0.000e+00
     55.713     5.3021   3.175107    32.7028       1684     7.0125  0.000e+00
     55.657     5.3023   3.175107    32.7026       1685     7.0167  0.000e+00
     55.594     5.3023   3.175125    32.7029       1686     7.0208  0.000e+00
     55.507     5.3025   3.175211    32.7037       1687     7.0250  0.000e+00
     55.383     5.3029   3.175211    32.7034       1688     7.0292  0.000e+00
     55.263     5.3036   3.175290    32.7037       1689     7.0333  0.000e+00
     55.125     5.3044   3.175326    32.7034       1690     7.0375  0.000e+00
     54.987     5.3053   3.175448    32.7040       1691     7.0417  0.000e+00
     54.848     5.3065   3.175528    32.7037       1692     7.0458  0.000e+00
     54.728     5.3078   3.175588    32.7032       1693     7.0500  0.000e+00
     54.619     5.3091   3.175649    32.7027       1694     7.0542  0.000e+00
     54.537     5.3102   3.175613    32.7013       1695     7.0583  0.000e+00
     54.485     5.3110   3.175631    32.7008       1696     7.0625  0.000e+00
     54.447     5.3115   3.175668    32.7007       1697     7.0667  0.000e+00
     54.419     5.3119   3.175649    32.7000       1698     7.0708  0.000e+00
     54.419     5.3121   3.175649    32.6999       1699     7.0750  0.000e+00
     54.432     5.3123   3.175668    32.6999       1700     7.0792  0.000e+00
     54.447     5.3124   3.175692    32.7000       1701     7.0833  0.000e+00
     54.467     5.3127   3.175649    32.6993       1702     7.0875  0.000e+00
     54.480     5.3130   3.175649    32.6990       1703     7.0917  0.000e+00
     54.491     5.3129   3.175668    32.6993       1704     7.0958  0.000e+00
     54.488     5.3129   3.175668    32.6993       1705     7.1000  0.000e+00
     54.475     5.3127   3.175668    32.6994       1706     7.1042  0.000e+00
     54.442     5.3127   3.175668    32.6995       1707     7.1083  0.000e+00
     54.387     5.3127   3.175692    32.6998       1708     7.1125  0.000e+00
     54.307     5.3129   3.175729    32.7000       1709     7.1167  0.000e+00
     54.218     5.3130   3.175771    32.7005       1710     7.1208  0.000e+00
     54.116     5.3135   3.175790    32.7003       1711     7.1250  0.000e+00
     54.015     5.3139   3.175814    32.7002       1712     7.1292  0.000e+00
     53.900     5.3142   3.175789    32.6997       1713     7.1333  0.000e+00
     53.781     5.3147   3.175814    32.6995       1714     7.1375  0.000e+00
     53.676     5.3151   3.176174    32.7033       1715     7.1417  0.000e+00
     53.566     5.3166   3.177241    32.7140       1716     7.1458  0.000e+00
     53.470     5.3219   3.178205    32.7199       1717     7.1500  0.000e+00
     53.388     5.3304   3.178449    32.7144       1718     7.1542  0.000e+00
     53.316     5.3385   3.178510    32.7072       1719     7.1583  0.000e+00
     53.260     5.3443   3.178528    32.7018       1720     7.1625  0.000e+00
     53.207     5.3480   3.178547    32.6985       1721     7.1667  0.000e+00
     53.174     5.3503   3.178589    32.6967       1722     7.1708  0.000e+00
     53.139     5.3519   3.178589    32.6951       1723     7.1750  0.000e+00
     53.108     5.3528   3.178589    32.6943       1724     7.1792  0.000e+00
     53.078     5.3534   3.178650    32.6944       1725     7.1833  0.000e+00
     53.060     5.3539   3.178650    32.6939       1726     7.1875  0.000e+00
     53.030     5.3542   3.178711    32.6944       1727     7.1917  0.000e+00
     53.003     5.3548   3.178748    32.6942       1728     7.1958  0.000e+00
     52.966     5.3552   3.178748    32.6938       1729     7.2000  0.000e+00
     52.925     5.3557   3.178748    32.6934       1730     7.2042  0.000e+00
     52.888     5.3561   3.178791    32.6935       1731     7.2083  0.000e+00
     52.852     5.3562   3.178791    32.6934       1732     7.2125  0.000e+00
     52.813     5.3563   3.178791    32.6934       1733     7.2167  0.000e+00
     52.784     5.3565   3.178791    32.6931       1734     7.2208  0.000e+00
     52.756     5.3565   3.178730    32.6924       1735     7.2250  0.000e+00
     52.731     5.3566   3.178748    32.6926       1736     7.2292  0.000e+00
     52.702     5.3565   3.178730    32.6925       1737     7.2333  0.000e+00
     52.673     5.3566   3.178748    32.6926       1738     7.2375  0.000e+00
     52.643     5.3567   3.178729    32.6923       1739     7.2417  0.000e+00
     52.611     5.3567   3.178650    32.6915       1740     7.2458  0.000e+00
     52.580     5.3564   3.178546    32.6905       1741     7.2500  0.000e+00
     52.541     5.3561   3.178565    32.6911       1742     7.2542  0.000e+00
     52.491     5.3558   3.178626    32.6921       1743     7.2583  0.000e+00
     52.428     5.3559   3.178711    32.6930       1744     7.2625  0.000e+00
     52.362     5.3563   3.178888    32.6946       1745     7.2667  0.000e+00
     52.285     5.3574   3.178992    32.6948       1746     7.2708  0.000e+00
     52.210     5.3586   3.179114    32.6951       1747     7.2750  0.000e+00
     52.124     5.3599   3.179272    32.6957       1748     7.2792  0.000e+00
     52.049     5.3614   3.179370    32.6953       1749     7.2833  0.000e+00
     51.975     5.3629   3.179474    32.6951       1750     7.2875  0.000e+00
     51.908     5.3644   3.179474    32.6937       1751     7.2917  0.000e+00
     51.852     5.3654   3.179535    32.6934       1752     7.2958  0.000e+00
     51.795     5.3664   3.179834    32.6959       1753     7.3000  0.000e+00
     51.748     5.3677   3.180096    32.6976       1754     7.3042  0.000e+00
     51.705     5.3700   3.180139    32.6959       1755     7.3083  0.000e+00
     51.668     5.3722   3.180139    32.6938       1756     7.3125  0.000e+00
     51.617     5.3739   3.180200    32.6928       1757     7.3167  0.000e+00
     51.564     5.3753   3.180200    32.6915       1758     7.3208  0.000e+00
     51.508     5.3762   3.180175    32.6904       1759     7.3250  0.000e+00
     51.439     5.3768   3.180236    32.6905       1760     7.3292  0.000e+00
     51.361     5.3773   3.180279    32.6905       1761     7.3333  0.000e+00
     51.275     5.3778   3.180401    32.6915       1762     7.3375  0.000e+00
     51.170     5.3787   3.180383    32.6904       1763     7.3417  0.000e+00
     51.069     5.3794   3.180584    32.6921       1764     7.3458  0.000e+00
     50.951     5.3804   3.181225    32.6985       1765     7.3500  0.000e+00
     50.828     5.3837   3.183282    32.7187       1766     7.3542  0.000e+00
     50.709     5.3926   3.185181    32.7318       1767     7.3583  0.000e+00
     50.586     5.4077   3.184796    32.7127       1768     7.3625  0.000e+00
     50.476     5.4200   3.184894    32.7018       1769     7.3667  0.000e+00
     50.378     5.4284   3.184796    32.6926       1770     7.3708  0.000e+00
     50.297     5.4336   3.184491    32.6841       1771     7.3750  0.000e+00
     50.239     5.4358   3.184717    32.6845       1772     7.3792  0.000e+00
     50.203     5.4374   3.184350    32.6788       1773     7.3833  0.000e+00
     50.188     5.4378   3.184149    32.6761       1774     7.3875  0.000e+00
     50.187     5.4371   3.184515    32.6810       1775     7.3917  0.000e+00
     50.201     5.4370   3.184613    32.6822       1776     7.3958  0.000e+00
     50.223     5.4377   3.184692    32.6825       1777     7.4000  0.000e+00
     50.243     5.4384   3.184833    32.6833       1778     7.4042  0.000e+00
     50.275     5.4392   3.184936    32.6837       1779     7.4083  0.000e+00
     50.296     5.4401   3.185077    32.6844       1780     7.4125  0.000e+00
     50.308     5.4409   3.185217    32.6852       1781     7.4167  0.000e+00
     50.309     5.4421   3.185260    32.6846       1782     7.4208  0.000e+00
     50.304     5.4429   3.185260    32.6838       1783     7.4250  0.000e+00
     50.278     5.4434   3.185138    32.6819       1784     7.4292  0.000e+00
     50.235     5.4432   3.185242    32.6833       1785     7.4333  0.000e+00
     50.185     5.4434   3.185199    32.6827       1786     7.4375  0.000e+00
     50.131     5.4435   3.185120    32.6817       1787     7.4417  0.000e+00
     50.072     5.4433   3.185028    32.6809       1788     7.4458  0.000e+00
     50.007     5.4428   3.185120    32.6824       1789     7.4500  0.000e+00
     49.952     5.4426   3.184106    32.6711       1790     7.4542  0.000e+00
     49.880     5.4407   3.184313    32.6754       1791     7.4583  0.000e+00
     49.809     5.4387   3.183062    32.6631       1792     7.4625  0.000e+00
     49.728     5.4348   3.182396    32.6594       1793     7.4667  0.000e+00
     49.634     5.4291   3.181590    32.6558       1794     7.4708  0.000e+00
     49.541     5.4231   3.181206    32.6574       1795     7.4750  0.000e+00
     49.432     5.4168   3.181706    32.6692       1796     7.4792  0.000e+00
     49.315     5.4138   3.181890    32.6743       1797     7.4833  0.000e+00
     49.196     5.4126   3.178362    32.6354       1798     7.4875  0.000e+00
     49.069     5.4057   3.176110    32.6166       1799     7.4917  0.000e+00
     48.949     5.3914   3.174219    32.6091       1800     7.4958  0.000e+00
     48.836     5.3746   3.172994    32.6115       1801     7.5000  0.000e+00
     48.725     5.3587   3.172140    32.6174       1802     7.5042  0.000e+00
     48.630     5.3454   3.172128    32.6302       1803     7.5083  0.000e+00
     48.546     5.3356   3.169720    32.6123       1804     7.5125  0.000e+00
     48.485     5.3244   3.169062    32.6158       1805     7.5167  0.000e+00
     48.438     5.3129   3.168916    32.6253       1806     7.5208  0.000e+00
     48.398     5.3044   3.167837    32.6214       1807     7.5250  0.000e+00
     48.377     5.2969   3.167654    32.6266       1808     7.5292  0.000e+00
     48.366     5.2906   3.168075    32.6375       1809     7.5333  0.000e+00
     48.360     5.2875   3.168239    32.6425       1810     7.5375  0.000e+00
     48.352     5.2862   3.168398    32.6455       1811     7.5417  0.000e+00
     48.352     5.2863   3.168678    32.6486       1812     7.5458  0.000e+00
     48.337     5.2870   3.168898    32.6504       1813     7.5500  0.000e+00
     48.316     5.2883   3.168940    32.6496       1814     7.5542  0.000e+00
     48.282     5.2898   3.168916    32.6479       1815     7.5583  0.000e+00
     48.228     5.2907   3.168818    32.6460       1816     7.5625  0.000e+00
     48.174     5.2910   3.168581    32.6430       1817     7.5667  0.000e+00
     48.098     5.2907   3.167672    32.6330       1818     7.5708  0.000e+00
     48.020     5.2881   3.166569    32.6230       1819     7.5750  0.000e+00
     47.939     5.2830   3.166734    32.6298       1820     7.5792  0.000e+00
     47.858     5.2787   3.166289    32.6290       1821     7.5833  0.000e+00
     47.780     5.2752   3.166192    32.6314       1822     7.5875  0.000e+00
     47.710     5.2722   3.164851    32.6190       1823     7.5917  0.000e+00
     47.650     5.2680   3.164705    32.6215       1824     7.5958  0.000e+00
     47.596     5.2634   3.165071    32.6302       1825     7.6000  0.000e+00
     47.555     5.2606   3.165186    32.6343       1826     7.6042  0.000e+00
     47.518     5.2598   3.164906    32.6318       1827     7.6083  0.000e+00
     47.471     5.2591   3.164486    32.6277       1828     7.6125  0.000e+00
     47.439     5.2575   3.164486    32.6293       1829     7.6167  0.000e+00
     47.396     5.2561   3.164626    32.6323       1830     7.6208  0.000e+00
     47.351     5.2554   3.164468    32.6312       1831     7.6250  0.000e+00
     47.301     5.2548   3.164370    32.6307       1832     7.6292  0.000e+00
     47.246     5.2542   3.164206    32.6294       1833     7.6333  0.000e+00
     47.185     5.2534   3.163365    32.6207       1834     7.6375  0.000e+00
     47.112     5.2510   3.163188    32.6210       1835     7.6417  0.000e+00
     47.051     5.2482   3.163103    32.6228       1836     7.6458  0.000e+00
     46.987     5.2461   3.162945    32.6231       1837     7.6500  0.000e+00
     46.919     5.2442   3.163006    32.6256       1838     7.6542  0.000e+00
     46.860     5.2429   3.162847    32.6251       1839     7.6583  0.000e+00
     46.787     5.2420   3.162786    32.6253       1840     7.6625  0.000e+00
     46.722     5.2411   3.162725    32.6255       1841     7.6667  0.000e+00
     46.655     5.2404   3.162488    32.6236       1842     7.6708  0.000e+00
     46.579     5.2394   3.161946    32.6184       1843     7.6750  0.000e+00
     46.501     5.2375   3.161623    32.6166       1844     7.6792  0.000e+00
     46.419     5.2348   3.161483    32.6176       1845     7.6833  0.000e+00
     46.335     5.2325   3.161245    32.6172       1846     7.6875  0.000e+00
     46.253     5.2305   3.161221    32.6190       1847     7.6917  0.000e+00
     46.182     5.2288   3.161142    32.6198       1848     7.6958  0.000e+00
     46.123     5.2275   3.160685    32.6158       1849     7.7000  0.000e+00
     46.078     5.2259   3.160941    32.6203       1850     7.7042  0.000e+00
     46.041     5.2247   3.161124    32.6236       1851     7.7083  0.000e+00
     46.012     5.2247   3.161203    32.6246       1852     7.7125  0.000e+00
     45.985     5.2251   3.161221    32.6244       1853     7.7167  0.000e+00
     45.963     5.2255   3.161063    32.6221       1854     7.7208  0.000e+00
     45.925     5.2255   3.161026    32.6217       1855     7.7250  0.000e+00
     45.884     5.2254   3.160844    32.6198       1856     7.7292  0.000e+00
