HB2502/sbe004.cnv
* Sea-Bird SBE 19plus V2 Data File:
* FileName = C:\cruise\data\sbe004.hex
* Software Version Seasave V 7.26.7.121
* Temperature SN = 6128
* Conductivity SN = 6128
* System UpLoad Time = Mar 09 2025 01:30:24
* NMEA Latitude = 38 53.31 N
* NMEA Longitude = 073 47.54 W
* NMEA UTC (Time) = Mar 09 2025  01:29:01
** Ship: Henry Bigelow
** Cruise:  HB2502
** Program:  Spring Bottom Trawl
# nquan = 7
# nvalues = 1188                                  
# units = specified
# name 0 = depSM: Depth [salt water, m]
# name 1 = tv290C: Temperature [ITS-90, deg C]
# name 2 = c0S/m: Conductivity [S/m]
# name 3 = sal00: Salinity, Practical [PSU]
# name 4 = scan: Scan Count
# name 5 = timeM: Time, Elapsed [minutes]
# name 6 = flag:  0.000e+00
# span 0 =      0.038,     35.905                 
# span 1 =     7.0524,     7.5193                 
# span 2 =   0.004605,   3.408398                 
# span 3 =     0.0328,    33.5316                 
# span 4 =         11,       1198                 
# span 5 =     0.0417,     4.9875                 
# span 6 = 0.0000e+00, 0.0000e+00                 
# interval = seconds: 0.25
# start_time = Mar 09 2025 01:29:01 [NMEA time, header]
# bad_flag = -9.990e-29
*END*
[from data line 206]
     16.754     7.1857   3.386736    33.2538        217     0.9000  0.000e+00
     16.894     7.1853   3.385147    33.2368        218     0.9042  0.000e+00
     17.029     7.1850   3.383315    33.2171        219     0.9083  0.000e+00
     17.152     7.1844   3.381939    33.2026        220     0.9125  0.000e+00
     17.271     7.1840   3.381321    33.1962        221     0.9167  0.000e+00
     17.383     7.1830   3.380383    33.1869        222     0.9208  0.000e+00
     17.491     7.1818   3.380027    33.1840        223     0.9250  0.000e+00
     17.598     7.1804   3.379764    33.1825        224     0.9292  0.000e+00
     17.714     7.1790   3.378839    33.1737        225     0.9333  0.000e+00
     17.831     7.1779   3.377346    33.1584        226     0.9375  0.000e+00
     17.967     7.1768   3.374410    33.1275        227     0.9417  0.000e+00
     18.108     7.1755   3.372468    33.1074        228     0.9458  0.000e+00
     18.256     7.1738   3.372599    33.1104        229     0.9500  0.000e+00
     18.410     7.1718   3.372299    33.1090        230     0.9542  0.000e+00
     18.562     7.1700   3.371956    33.1069        231     0.9583  0.000e+00
     18.714     7.1690   3.371706    33.1052        232     0.9625  0.000e+00
     18.865     7.1683   3.371525    33.1038        233     0.9667  0.000e+00
     19.028     7.1674   3.371363    33.1028        234     0.9708  0.000e+00
     19.180     7.1668   3.371457    33.1043        235     0.9750  0.000e+00
     19.337     7.1662   3.371301    33.1031        236     0.9792  0.000e+00
     19.500     7.1661   3.370945    33.0992        237     0.9833  0.000e+00
     19.663     7.1661   3.370826    33.0978        238     0.9875  0.000e+00
     19.828     7.1656   3.370814    33.0981        239     0.9917  0.000e+00
     19.993     7.1651   3.370751    33.0979        240     0.9958  0.000e+00
     20.154     7.1647   3.370483    33.0952        241     1.0000  0.000e+00
     20.316     7.1643   3.370252    33.0930        242     1.0042  0.000e+00
     20.474     7.1638   3.369928    33.0899        243     1.0083  0.000e+00
     20.631     7.1634   3.369846    33.0893        244     1.0125  0.000e+00
     20.787     7.1632   3.370277    33.0941        245     1.0167  0.000e+00
     20.941     7.1635   3.370577    33.0970        246     1.0208  0.000e+00
     21.089     7.1634   3.371176    33.1036        247     1.0250  0.000e+00
     21.225     7.1627   3.372169    33.1150        248     1.0292  0.000e+00
     21.364     7.1622   3.374205    33.1376        249     1.0333  0.000e+00
     21.502     7.1615   3.375836    33.1559        250     1.0375  0.000e+00
     21.643     7.1605   3.376342    33.1624        251     1.0417  0.000e+00
     21.788     7.1594   3.376785    33.1682        252     1.0458  0.000e+00
     21.933     7.1581   3.376198    33.1630        253     1.0500  0.000e+00
     22.078     7.1569   3.376292    33.1651        254     1.0542  0.000e+00
     22.226     7.1562   3.376954    33.1729        255     1.0583  0.000e+00
     22.374     7.1559   3.377523    33.1793        256     1.0625  0.000e+00
     22.523     7.1550   3.378491    33.1907        257     1.0667  0.000e+00
     22.686     7.1543   3.379448    33.2017        258     1.0708  0.000e+00
     22.853     7.1538   3.380629    33.2150        259     1.0750  0.000e+00
     23.035     7.1536   3.381129    33.2205        260     1.0792  0.000e+00
     23.207     7.1536   3.380917    33.2181        261     1.0833  0.000e+00
     23.381     7.1529   3.382079    33.2314        262     1.0875  0.000e+00
     23.542     7.1524   3.384043    33.2532        263     1.0917  0.000e+00
     23.705     7.1522   3.385437    33.2686        264     1.0958  0.000e+00
     23.842     7.1520   3.385750    33.2721        265     1.1000  0.000e+00
     23.971     7.1517   3.396652    33.3912        266     1.1042  0.000e+00
     24.088     7.1510   3.406288    33.4971        267     1.1083  0.000e+00
     24.195     7.1480   3.406953    33.5072        268     1.1125  0.000e+00
     24.303     7.1452   3.407053    33.5109        269     1.1167  0.000e+00
     24.414     7.1438   3.407147    33.5133        270     1.1208  0.000e+00
     24.529     7.1430   3.407179    33.5144        271     1.1250  0.000e+00
     24.652     7.1423   3.407191    33.5151        272     1.1292  0.000e+00
     24.774     7.1419   3.407242    33.5160        273     1.1333  0.000e+00
     24.902     7.1418   3.407223    33.5158        274     1.1375  0.000e+00
     25.051     7.1417   3.407217    33.5158        275     1.1417  0.000e+00
     25.212     7.1418   3.407242    33.5158        276     1.1458  0.000e+00
     25.379     7.1417   3.407236    33.5158        277     1.1500  0.000e+00
     25.557     7.1416   3.407242    33.5158        278     1.1542  0.000e+00
     25.744     7.1416   3.407236    33.5157        279     1.1583  0.000e+00
     25.932     7.1415   3.407242    33.5158        280     1.1625  0.000e+00
     26.131     7.1416   3.407261    33.5158        281     1.1667  0.000e+00
     26.325     7.1417   3.407286    33.5159        282     1.1708  0.000e+00
     26.520     7.1418   3.407324    33.5161        283     1.1750  0.000e+00
     26.701     7.1418   3.407324    33.5160        284     1.1792  0.000e+00
     26.873     7.1420   3.407349    33.5160        285     1.1833  0.000e+00
     27.030     7.1421   3.407368    33.5161        286     1.1875  0.000e+00
     27.173     7.1422   3.407349    33.5157        287     1.1917  0.000e+00
     27.318     7.1422   3.407368    33.5158        288     1.1958  0.000e+00
     27.459     7.1422   3.407368    33.5158        289     1.2000  0.000e+00
     27.600     7.1422   3.407368    33.5157        290     1.2042  0.000e+00
     27.743     7.1423   3.407368    33.5155        291     1.2083  0.000e+00
     27.885     7.1422   3.407349    33.5153        292     1.2125  0.000e+00
     28.033     7.1423   3.407387    33.5155        293     1.2167  0.000e+00
     28.178     7.1422   3.407412    33.5159        294     1.2208  0.000e+00
     28.323     7.1423   3.407387    33.5155        295     1.2250  0.000e+00
     28.469     7.1422   3.407387    33.5154        296     1.2292  0.000e+00
     28.617     7.1423   3.407387    33.5153        297     1.2333  0.000e+00
     28.768     7.1423   3.407412    33.5155        298     1.2375  0.000e+00
     28.912     7.1422   3.407387    33.5153        299     1.2417  0.000e+00
     29.054     7.1421   3.407412    33.5155        300     1.2458  0.000e+00
     29.199     7.1421   3.407412    33.5155        301     1.2500  0.000e+00
     29.345     7.1422   3.407412    33.5154        302     1.2542  0.000e+00
     29.488     7.1420   3.407431    33.5157        303     1.2583  0.000e+00
     29.629     7.1419   3.407431    33.5156        304     1.2625  0.000e+00
     29.781     7.1421   3.407431    33.5154        305     1.2667  0.000e+00
     29.932     7.1422   3.407431    33.5153        306     1.2708  0.000e+00
     30.089     7.1420   3.407432    33.5153        307     1.2750  0.000e+00
     30.244     7.1420   3.407450    33.5154        308     1.2792  0.000e+00
     30.400     7.1421   3.407476    33.5156        309     1.2833  0.000e+00
     30.557     7.1423   3.407469    33.5153        310     1.2875  0.000e+00
     30.713     7.1423   3.407520    33.5157        311     1.2917  0.000e+00
     30.872     7.1426   3.407532    33.5155        312     1.2958  0.000e+00
     31.024     7.1426   3.407545    33.5155        313     1.3000  0.000e+00
     31.178     7.1427   3.407576    33.5157        314     1.3042  0.000e+00
     31.337     7.1429   3.407564    33.5153        315     1.3083  0.000e+00
     31.495     7.1429   3.407595    33.5156        316     1.3125  0.000e+00
     31.655     7.1430   3.407576    33.5152        317     1.3167  0.000e+00
     31.815     7.1429   3.407564    33.5151        318     1.3208  0.000e+00
     31.976     7.1429   3.407595    33.5153        319     1.3250  0.000e+00
     32.139     7.1430   3.407608    33.5153        320     1.3292  0.000e+00
     32.301     7.1428   3.407620    33.5156        321     1.3333  0.000e+00
     32.464     7.1428   3.407608    33.5153        322     1.3375  0.000e+00
     32.631     7.1428   3.407620    33.5154        323     1.3417  0.000e+00
     32.795     7.1428   3.407577    33.5148        324     1.3458  0.000e+00
     32.960     7.1427   3.407633    33.5154        325     1.3500  0.000e+00
     33.121     7.1427   3.407621    33.5152        326     1.3542  0.000e+00
     33.275     7.1425   3.407589    33.5150        327     1.3583  0.000e+00
     33.427     7.1425   3.407640    33.5155        328     1.3625  0.000e+00
     33.573     7.1424   3.407608    33.5151        329     1.3667  0.000e+00
     33.703     7.1425   3.407640    33.5154        330     1.3708  0.000e+00
     33.837     7.1423   3.407608    33.5151        331     1.3750  0.000e+00
     33.966     7.1423   3.407621    33.5152        332     1.3792  0.000e+00
     34.098     7.1422   3.407640    33.5155        333     1.3833  0.000e+00
     34.240     7.1423   3.407608    33.5150        334     1.3875  0.000e+00
     34.382     7.1422   3.407640    33.5153        335     1.3917  0.000e+00
     34.534     7.1423   3.407652    33.5153        336     1.3958  0.000e+00
     34.677     7.1422   3.407659    33.5154        337     1.4000  0.000e+00
     34.829     7.1423   3.407653    33.5152        338     1.4042  0.000e+00
     34.985     7.1424   3.407659    33.5151        339     1.4083  0.000e+00
     35.139     7.1423   3.407433    33.5126        340     1.4125  0.000e+00
     35.292     7.1423   3.407703    33.5155        341     1.4167  0.000e+00
     35.455     7.1424   3.407703    33.5153        342     1.4208  0.000e+00
     35.615     7.1424   3.407697    33.5151        343     1.4250  0.000e+00
     35.784     7.1424   3.407703    33.5151        344     1.4292  0.000e+00
     35.865     7.1425   3.407678    33.5147        345     1.4333  0.000e+00
     35.905     7.1424   3.407640    33.5144        346     1.4375  0.000e+00
     35.882     7.1422   3.407697    33.5153        347     1.4417  0.000e+00
     35.817     7.1420   3.407722    33.5157        348     1.4458  0.000e+00
     35.781     7.1423   3.407741    33.5156        349     1.4500  0.000e+00
     35.771     7.1422   3.407722    33.5155        350     1.4542  0.000e+00
     35.775     7.1423   3.407722    33.5154        351     1.4583  0.000e+00
     35.771     7.1424   3.407697    33.5150        352     1.4625  0.000e+00
     35.753     7.1424   3.407684    33.5149        353     1.4667  0.000e+00
     35.745     7.1424   3.407697    33.5151        354     1.4708  0.000e+00
     35.738     7.1424   3.407703    33.5152        355     1.4750  0.000e+00
     35.738     7.1424   3.407722    33.5154        356     1.4792  0.000e+00
     35.730     7.1426   3.407741    33.5154        357     1.4833  0.000e+00
     35.727     7.1426   3.407741    33.5154        358     1.4875  0.000e+00
     35.715     7.1427   3.407722    33.5151        359     1.4917  0.000e+00
     35.709     7.1427   3.407684    33.5147        360     1.4958  0.000e+00
     35.691     7.1425   3.407722    33.5153        361     1.5000  0.000e+00
     35.674     7.1425   3.407703    33.5151        362     1.5042  0.000e+00
     35.658     7.1426   3.407741    33.5155        363     1.5083  0.000e+00
     35.626     7.1427   3.407684    33.5147        364     1.5125  0.000e+00
     35.593     7.1427   3.407697    33.5148        365     1.5167  0.000e+00
     35.559     7.1428   3.407703    33.5149        366     1.5208  0.000e+00
     35.512     7.1425   3.407722    33.5154        367     1.5250  0.000e+00
     35.464     7.1425   3.407722    33.5154        368     1.5292  0.000e+00
     35.422     7.1426   3.407722    33.5153        369     1.5333  0.000e+00
     35.376     7.1426   3.407722    33.5153        370     1.5375  0.000e+00
     35.332     7.1428   3.407684    33.5147        371     1.5417  0.000e+00
     35.294     7.1429   3.407740    33.5153        372     1.5458  0.000e+00
     35.250     7.1428   3.407722    33.5152        373     1.5500  0.000e+00
     35.211     7.1428   3.407684    33.5148        374     1.5542  0.000e+00
     35.169     7.1428   3.407653    33.5145        375     1.5583  0.000e+00
     35.131     7.1424   3.407621    33.5145        376     1.5625  0.000e+00
     35.082     7.1422   3.407590    33.5144        377     1.5667  0.000e+00
     35.030     7.1422   3.407640    33.5151        378     1.5708  0.000e+00
     34.974     7.1420   3.407653    33.5153        379     1.5750  0.000e+00
     34.914     7.1422   3.407621    33.5149        380     1.5792  0.000e+00
     34.860     7.1421   3.407609    33.5149        381     1.5833  0.000e+00
     34.807     7.1421   3.407659    33.5154        382     1.5875  0.000e+00
     34.760     7.1422   3.407640    33.5152        383     1.5917  0.000e+00
     34.720     7.1423   3.407678    33.5155        384     1.5958  0.000e+00
     34.683     7.1424   3.407684    33.5155        385     1.6000  0.000e+00
     34.647     7.1425   3.407696    33.5155        386     1.6042  0.000e+00
     34.614     7.1426   3.407659    33.5150        387     1.6083  0.000e+00
     34.578     7.1426   3.407634    33.5148        388     1.6125  0.000e+00
     34.535     7.1427   3.407640    33.5147        389     1.6167  0.000e+00
     34.489     7.1427   3.407652    33.5149        390     1.6208  0.000e+00
     34.442     7.1427   3.407640    33.5148        391     1.6250  0.000e+00
     34.382     7.1427   3.407640    33.5148        392     1.6292  0.000e+00
     34.310     7.1425   3.407634    33.5150        393     1.6333  0.000e+00
     34.226     7.1425   3.407621    33.5149        394     1.6375  0.000e+00
     34.143     7.1425   3.407608    33.5148        395     1.6417  0.000e+00
     34.055     7.1423   3.407533    33.5142        396     1.6458  0.000e+00
     33.973     7.1421   3.407477    33.5138        397     1.6500  0.000e+00
     33.888     7.1415   3.407452    33.5142        398     1.6542  0.000e+00
     33.806     7.1412   3.407433    33.5143        399     1.6583  0.000e+00
     33.743     7.1408   3.407433    33.5148        400     1.6625  0.000e+00
     33.689     7.1407   3.407452    33.5151        401     1.6667  0.000e+00
     33.642     7.1408   3.407458    33.5151        402     1.6708  0.000e+00
     33.613     7.1410   3.407533    33.5157        403     1.6750  0.000e+00
     33.597     7.1411   3.407564    33.5159        404     1.6792  0.000e+00
     33.584     7.1415   3.407533    33.5153        405     1.6833  0.000e+00
     33.580     7.1416   3.407589    33.5158        406     1.6875  0.000e+00
     33.577     7.1419   3.407533    33.5148        407     1.6917  0.000e+00
     33.570     7.1420   3.407514    33.5146        408     1.6958  0.000e+00
     33.550     7.1420   3.407564    33.5151        409     1.7000  0.000e+00
     33.528     7.1420   3.407558    33.5150        410     1.7042  0.000e+00
     33.495     7.1420   3.407564    33.5151        411     1.7083  0.000e+00
     33.448     7.1421   3.407577    33.5152        412     1.7125  0.000e+00
     33.391     7.1421   3.407564    33.5151        413     1.7167  0.000e+00
     33.318     7.1419   3.407558    33.5152        414     1.7208  0.000e+00
     33.231     7.1420   3.407520    33.5147        415     1.7250  0.000e+00
     33.147     7.1420   3.407495    33.5146        416     1.7292  0.000e+00
     33.049     7.1419   3.407514    33.5149        417     1.7333  0.000e+00
     32.958     7.1419   3.407564    33.5155        418     1.7375  0.000e+00
     32.874     7.1419   3.407558    33.5154        419     1.7417  0.000e+00
     32.794     7.1419   3.407564    33.5155        420     1.7458  0.000e+00
