HB2502/sbe027.cnv
* Sea-Bird SBE 19plus V2 Data File:
* FileName = C:\cruise\data\sbe027.hex
* Software Version Seasave V 7.26.7.121
* Temperature SN = 6128
* Conductivity SN = 6128
* System UpLoad Time = Mar 16 2025 15:00:28
* NMEA Latitude = 37 02.19 N
* NMEA Longitude = 075 40.62 W
* NMEA UTC (Time) = Mar 16 2025  14:59:14
** Ship: Henry Bigelow
** Cruise:  HB2502
** Program:  Spring Bottom Trawl
# nquan = 7
# nvalues = 1213                                  
# units = specified
# name 0 = depSM: Depth [salt water, m]
# name 1 = tv290C: Temperature [ITS-90, deg C]
# name 2 = c0S/m: Conductivity [S/m]
# name 3 = sal00: Salinity, Practical [PSU]
# name 4 = scan: Scan Count
# name 5 = timeM: Time, Elapsed [minutes]
# name 6 = flag:  0.000e+00
# span 0 =      0.070,     13.717                 
# span 1 =     8.1884,    13.7988                 
# span 2 =   0.005818,   3.589105                 
# span 3 =     0.0374,    33.4979                 
# span 4 =         11,       1223                 
# span 5 =     0.0417,     5.0917                 
# span 6 = 0.0000e+00, 0.0000e+00                 
# interval = seconds: 0.25
# start_time = Mar 16 2025 14:59:14 [NMEA time, header]
# bad_flag = -9.990e-29
*END*
      0.121    13.7988   0.005824     0.0375         11     0.0417  0.000e+00
      0.117    13.7984   0.005818     0.0374         12     0.0458  0.000e+00
      0.120    13.7980   0.005824     0.0375         13     0.0500  0.000e+00
      0.117    13.7978   0.005824     0.0375         14     0.0542  0.000e+00
      0.109    13.7968   0.005827     0.0375         15     0.0583  0.000e+00
      0.117    13.7968   0.005842     0.0376         16     0.0625  0.000e+00
      0.110    13.7962   0.005842     0.0376         17     0.0667  0.000e+00
      0.118    13.7953   0.005854     0.0376         18     0.0708  0.000e+00
      0.105    13.7934   0.005863     0.0377         19     0.0750  0.000e+00
      0.103    13.7923   0.005875     0.0378         20     0.0792  0.000e+00
      0.100    13.7880   0.005890     0.0379         21     0.0833  0.000e+00
      0.103    13.7861   0.005913     0.0380         22     0.0875  0.000e+00
      0.102    13.7839   0.005943     0.0382         23     0.0917  0.000e+00
      0.096    13.7819   0.005979     0.0384         24     0.0958  0.000e+00
      0.098    13.7783   0.006024     0.0386         25     0.1000  0.000e+00
      0.103    13.7745   0.006069     0.0389         26     0.1042  0.000e+00
      0.099    13.7734   0.006117     0.0392         27     0.1083  0.000e+00
      0.101    13.7736   0.006159     0.0394         28     0.1125  0.000e+00
      0.103    13.7729   0.006195     0.0396         29     0.1167  0.000e+00
      0.105    13.7716   0.006222     0.0398         30     0.1208  0.000e+00
      0.103    13.7721   0.006255     0.0400         31     0.1250  0.000e+00
      0.103    13.7726   0.006291     0.0402         32     0.1292  0.000e+00
      0.102    13.7725   0.006309     0.0403         33     0.1333  0.000e+00
      0.109    13.7717   0.006342     0.0405         34     0.1375  0.000e+00
      0.104    13.7716   0.006366     0.0406         35     0.1417  0.000e+00
      0.107    13.7716   0.006384     0.0407         36     0.1458  0.000e+00
      0.103    13.7724   0.006399     0.0408         37     0.1500  0.000e+00
      0.107    13.7734   0.006423     0.0409         38     0.1542  0.000e+00
      0.107    13.7740   0.006441     0.0410         39     0.1583  0.000e+00
      0.102    13.7734   0.006462     0.0412         40     0.1625  0.000e+00
      0.096    13.7729   0.006468     0.0412         41     0.1667  0.000e+00
      0.100    13.7742   0.006486     0.0413         42     0.1708  0.000e+00
      0.094    13.7757   0.006489     0.0413         43     0.1750  0.000e+00
      0.096    13.7764   0.006507     0.0414         44     0.1792  0.000e+00
      0.093    13.7755   0.006516     0.0415         45     0.1833  0.000e+00
      0.093    13.7727   0.006525     0.0415         46     0.1875  0.000e+00
      0.094    13.7721   0.006537     0.0416         47     0.1917  0.000e+00
      0.093    13.7741   0.006546     0.0417         48     0.1958  0.000e+00
      0.096    13.7736   0.006558     0.0417         49     0.2000  0.000e+00
      0.098    13.7710   0.006570     0.0418         50     0.2042  0.000e+00
      0.096    13.7681   0.006576     0.0418         51     0.2083  0.000e+00
      0.102    13.7678   0.006588     0.0419         52     0.2125  0.000e+00
      0.102    13.7685   0.006600     0.0420         53     0.2167  0.000e+00
      0.098    13.7691   0.006603     0.0420         54     0.2208  0.000e+00
      0.098    13.7677   0.006621     0.0421         55     0.2250  0.000e+00
      0.098    13.7667   0.006633     0.0422         56     0.2292  0.000e+00
      0.096    13.7662   0.006642     0.0422         57     0.2333  0.000e+00
      0.096    13.7658   0.006657     0.0423         58     0.2375  0.000e+00
      0.096    13.7658   0.006666     0.0424         59     0.2417  0.000e+00
      0.096    13.7644   0.006684     0.0425         60     0.2458  0.000e+00
      0.094    13.7644   0.006684     0.0425         61     0.2500  0.000e+00
      0.094    13.7651   0.006708     0.0426         62     0.2542  0.000e+00
      0.093    13.7654   0.006720     0.0427         63     0.2583  0.000e+00
      0.091    13.7642   0.006723     0.0427         64     0.2625  0.000e+00
      0.094    13.7616   0.006738     0.0428         65     0.2667  0.000e+00
      0.091    13.7591   0.006747     0.0428         66     0.2708  0.000e+00
      0.093    13.7596   0.006759     0.0429         67     0.2750  0.000e+00
      0.089    13.7598   0.006780     0.0430         68     0.2792  0.000e+00
      0.090    13.7562   0.006798     0.0431         69     0.2833  0.000e+00
      0.094    13.7534   0.006816     0.0432         70     0.2875  0.000e+00
      0.092    13.7522   0.006831     0.0433         71     0.2917  0.000e+00
      0.085    13.7523   0.006843     0.0434         72     0.2958  0.000e+00
      0.092    13.7517   0.006855     0.0435         73     0.3000  0.000e+00
      0.089    13.7522   0.006891     0.0437         74     0.3042  0.000e+00
      0.090    13.7519   0.006912     0.0438         75     0.3083  0.000e+00
      0.089    13.7509   0.006935     0.0439         76     0.3125  0.000e+00
      0.087    13.7501   0.006950     0.0440         77     0.3167  0.000e+00
      0.090    13.7496   0.006962     0.0441         78     0.3208  0.000e+00
      0.087    13.7496   0.006986     0.0442         79     0.3250  0.000e+00
      0.092    13.7510   0.007007     0.0444         80     0.3292  0.000e+00
      0.089    13.7507   0.007025     0.0445         81     0.3333  0.000e+00
      0.089    13.7490   0.007049     0.0446         82     0.3375  0.000e+00
      0.085    13.7472   0.007064     0.0447         83     0.3417  0.000e+00
      0.091    13.7470   0.007088     0.0448         84     0.3458  0.000e+00
      0.094    13.7476   0.007094     0.0449         85     0.3500  0.000e+00
      0.092    13.7472   0.007124     0.0450         86     0.3542  0.000e+00
      0.091    13.7460   0.007139     0.0451         87     0.3583  0.000e+00
      0.089    13.7452   0.007163     0.0453         88     0.3625  0.000e+00
      0.089    13.7442   0.007178     0.0454         89     0.3667  0.000e+00
      0.087    13.7444   0.007196     0.0455         90     0.3708  0.000e+00
      0.089    13.7433   0.007202     0.0455         91     0.3750  0.000e+00
      0.089    13.7421   0.007214     0.0456         92     0.3792  0.000e+00
      0.089    13.7395   0.007232     0.0457         93     0.3833  0.000e+00
      0.085    13.7380   0.007238     0.0457         94     0.3875  0.000e+00
      0.087    13.7374   0.007244     0.0457         95     0.3917  0.000e+00
      0.087    13.7377   0.007265     0.0459         96     0.3958  0.000e+00
      0.081    13.7375   0.007271     0.0459         97     0.4000  0.000e+00
      0.085    13.7346   0.007286     0.0460         98     0.4042  0.000e+00
      0.081    13.7309   0.007289     0.0460         99     0.4083  0.000e+00
      0.070    13.7274   0.007286     0.0460        100     0.4125  0.000e+00
      0.080    13.7277   0.007295     0.0460        101     0.4167  0.000e+00
      0.078    13.7282   0.007298     0.0461        102     0.4208  0.000e+00
      0.085    13.7282   0.007316     0.0462        103     0.4250  0.000e+00
      0.088    13.7259   0.007346     0.0463        104     0.4292  0.000e+00
      0.086    13.7233   0.007352     0.0464        105     0.4333  0.000e+00
      0.086    13.7224   0.007361     0.0464        106     0.4375  0.000e+00
      0.086    13.7229   0.007367     0.0465        107     0.4417  0.000e+00
      0.090    13.7228   0.007373     0.0465        108     0.4458  0.000e+00
      0.088    13.7223   0.007388     0.0466        109     0.4500  0.000e+00
      0.086    13.7215   0.007397     0.0466        110     0.4542  0.000e+00
      0.090    13.7187   0.007412     0.0467        111     0.4583  0.000e+00
      0.088    13.7175   0.007418     0.0468        112     0.4625  0.000e+00
      0.090    13.7180   0.007424     0.0468        113     0.4667  0.000e+00
      0.088    13.7183   0.007436     0.0469        114     0.4708  0.000e+00
      0.087    13.7188   0.007454     0.0470        115     0.4750  0.000e+00
      0.085    13.7187   0.007448     0.0469        116     0.4792  0.000e+00
      0.087    13.7194   0.007460     0.0470        117     0.4833  0.000e+00
      0.087    13.7193   0.007463     0.0470        118     0.4875  0.000e+00
      0.085    13.7188   0.007475     0.0471        119     0.4917  0.000e+00
      0.082    13.7194   0.007475     0.0471        120     0.4958  0.000e+00
      0.086    13.7200   0.007475     0.0471        121     0.5000  0.000e+00
      0.084    13.7210   0.007481     0.0471        122     0.5042  0.000e+00
      0.088    13.7210   0.007493     0.0472        123     0.5083  0.000e+00
      0.093    13.7188   0.007490     0.0472        124     0.5125  0.000e+00
      0.088    13.7168   0.007487     0.0472        125     0.5167  0.000e+00
      0.084    13.7178   0.007487     0.0472        126     0.5208  0.000e+00
      0.086    13.7183   0.007475     0.0471        127     0.5250  0.000e+00
      0.091    13.7193   0.007481     0.0471        128     0.5292  0.000e+00
      0.089    13.7163   0.007484     0.0472        129     0.5333  0.000e+00
      0.093    13.7130   0.007511     0.0473        130     0.5375  0.000e+00
      0.091    13.7102   0.007532     0.0474        131     0.5417  0.000e+00
      0.127    13.7087   0.068575     0.4327        132     0.5458  0.000e+00
      0.402    13.7131   0.393301     2.7095        133     0.5500  0.000e+00
      0.657    13.7227   1.902988    14.7622        134     0.5542  0.000e+00
      0.881    13.6755   1.967544    15.3276        135     0.5583  0.000e+00
      1.082    13.5318   2.369010    18.8460        136     0.5625  0.000e+00
      1.269    13.4074   2.897727    23.5890        137     0.5667  0.000e+00
      1.450    13.1862   3.266087    27.0762        138     0.5708  0.000e+00
      1.642    12.9029   3.143282    26.1473        139     0.5750  0.000e+00
      1.824    12.5904   3.577925    30.4304        140     0.5792  0.000e+00
      1.960    12.2796   3.583204    30.7333        141     0.5833  0.000e+00
      2.049    12.0029   3.573682    30.8702        142     0.5875  0.000e+00
      2.123    11.7564   3.577896    31.1159        143     0.5917  0.000e+00
      2.197    11.5393   3.580642    31.3251        144     0.5958  0.000e+00
      2.278    11.3341   3.580113    31.4942        145     0.6000  0.000e+00
      2.389    11.1280   3.553487    31.4092        146     0.6042  0.000e+00
      2.501    10.9583   3.459337    30.6279        147     0.6083  0.000e+00
      2.626    10.8289   3.568809    31.8179        148     0.6125  0.000e+00
      2.742    10.7546   3.564744    31.8422        149     0.6167  0.000e+00
      2.849    10.6533   3.558045    31.8638        150     0.6208  0.000e+00
      2.961    10.5348   3.549887    31.8860        151     0.6250  0.000e+00
      3.048    10.3884   3.546907    31.9846        152     0.6292  0.000e+00
      3.137    10.2494   3.547673    32.1150        153     0.6333  0.000e+00
      3.209    10.1411   3.547107    32.2054        154     0.6375  0.000e+00
      3.278    10.0657   3.548153    32.2831        155     0.6417  0.000e+00
      3.354    10.0127   3.552678    32.3763        156     0.6458  0.000e+00
      3.447     9.9687   3.586199    32.7557        157     0.6500  0.000e+00
      3.498     9.9405   3.589105    32.8109        158     0.6542  0.000e+00
      3.519     9.8948   3.546027    32.4145        159     0.6583  0.000e+00
      3.513     9.7154   3.504305    32.1509        160     0.6625  0.000e+00
      3.506     9.4567   3.494278    32.2806        161     0.6667  0.000e+00
      3.524     9.2110   3.498189    32.5436        162     0.6708  0.000e+00
      3.575     9.0388   3.503216    32.7536        163     0.6750  0.000e+00
      3.633     8.9322   3.489169    32.7056        164     0.6792  0.000e+00
      3.674     8.8336   3.475156    32.6504        165     0.6833  0.000e+00
      3.680     8.7243   3.469334    32.6903        166     0.6875  0.000e+00
      3.654     8.6349   3.466714    32.7456        167     0.6917  0.000e+00
      3.578     8.5621   3.462152    32.7653        168     0.6958  0.000e+00
      3.467     8.5040   3.456855    32.7636        169     0.7000  0.000e+00
      3.344     8.4613   3.454768    32.7814        170     0.7042  0.000e+00
      3.217     8.4279   3.453873    32.8031        171     0.7083  0.000e+00
      3.105     8.4020   3.453760    32.8261        172     0.7125  0.000e+00
      3.013     8.3803   3.455154    32.8611        173     0.7167  0.000e+00
      2.942     8.3614   3.458199    32.9110        174     0.7208  0.000e+00
      2.886     8.3460   3.461246    32.9577        175     0.7250  0.000e+00
      2.833     8.3348   3.459770    32.9525        176     0.7292  0.000e+00
      2.776     8.3261   3.455274    32.9131        177     0.7333  0.000e+00
      2.696     8.3212   3.450540    32.8678        178     0.7375  0.000e+00
      2.606     8.3193   3.444972    32.8106        179     0.7417  0.000e+00
      2.490     8.3178   3.443429    32.7957        180     0.7458  0.000e+00
      2.376     8.3158   3.448568    32.8520        181     0.7500  0.000e+00
      2.289     8.3128   3.453490    32.9070        182     0.7542  0.000e+00
      2.267     8.3096   3.458244    32.9603        183     0.7583  0.000e+00
      2.320     8.3079   3.483810    33.2326        184     0.7625  0.000e+00
      2.427     8.3180   3.507662    33.4758        185     0.7667  0.000e+00
      2.541     8.3258   3.510447    33.4979        186     0.7708  0.000e+00
      2.640     8.3541   3.504422    33.4071        187     0.7750  0.000e+00
      2.720     8.4092   3.505740    33.3687        188     0.7792  0.000e+00
      2.786     8.4556   3.521021    33.4862        189     0.7833  0.000e+00
      2.824     8.4939   3.523822    33.4793        190     0.7875  0.000e+00
      2.809     8.5401   3.497170    33.1546        191     0.7917  0.000e+00
      2.737     8.5793   3.449952    32.6216        192     0.7958  0.000e+00
      2.608     8.5517   3.434919    32.4893        193     0.8000  0.000e+00
      2.453     8.4821   3.430543    32.5075        194     0.8042  0.000e+00
      2.271     8.4146   3.429305    32.5568        195     0.8083  0.000e+00
      2.059     8.3614   3.429230    32.6054        196     0.8125  0.000e+00
      1.872     8.3241   3.432783    32.6777        197     0.8167  0.000e+00
      1.745     8.2996   3.445797    32.8382        198     0.8208  0.000e+00
      1.703     8.2846   3.458206    32.9836        199     0.8250  0.000e+00
      1.723     8.2754   3.462451    33.0372        200     0.8292  0.000e+00
      1.806     8.2750   3.466377    33.0792        201     0.8333  0.000e+00
      1.922     8.2903   3.471163    33.1154        202     0.8375  0.000e+00
      2.058     8.3087   3.475737    33.1464        203     0.8417  0.000e+00
      2.201     8.3262   3.477968    33.1535        204     0.8458  0.000e+00
      2.347     8.3441   3.469805    33.0502        205     0.8500  0.000e+00
      2.468     8.3736   3.469148    33.0155        206     0.8542  0.000e+00
      2.588     8.4268   3.471856    32.9942        207     0.8583  0.000e+00
      2.680     8.4859   3.471319    32.9331        208     0.8625  0.000e+00
      2.735     8.5397   3.481468    32.9897        209     0.8667  0.000e+00
      2.721     8.5833   3.478919    32.9222        210     0.8708  0.000e+00
      2.708     8.6056   3.463205    32.7364        211     0.8750  0.000e+00
      2.703     8.5804   3.450657    32.6280        212     0.8792  0.000e+00
      2.716     8.5337   3.449549    32.6596        213     0.8833  0.000e+00
      2.748     8.4829   3.453148    32.7445        214     0.8875  0.000e+00
      2.794     8.4415   3.453362    32.7852        215     0.8917  0.000e+00
