HB2502/sbe040.cnv
* Sea-Bird SBE 19plus V2 Data File:
* FileName = C:\cruise\data\sbe040.hex
* Software Version Seasave V 7.26.7.121
* Temperature SN = 6128
* Conductivity SN = 6128
* System UpLoad Time = Mar 22 2025 02:56:56
* NMEA Latitude = 40 34.54 N
* NMEA Longitude = 073 02.52 W
* NMEA UTC (Time) = Mar 22 2025  02:55:47
** Ship: Henry Bigelow
** Cruise:  HB2502
** Program:  Spring Bottom Trawl
# nquan = 7
# nvalues = 1483                                  
# units = specified
# name 0 = depSM: Depth [salt water, m]
# name 1 = tv290C: Temperature [ITS-90, deg C]
# name 2 = c0S/m: Conductivity [S/m]
# name 3 = sal00: Salinity, Practical [PSU]
# name 4 = scan: Scan Count
# name 5 = timeM: Time, Elapsed [minutes]
# name 6 = flag:  0.000e+00
# span 0 =     -0.003,     19.646                 
# span 1 =     5.2006,     7.3611                 
# span 2 =   0.004880,   3.327933                 
# span 3 =     0.0348,    33.3362                 
# span 4 =         11,       1493                 
# span 5 =     0.0417,     6.2167                 
# span 6 = 0.0000e+00, 0.0000e+00                 
# interval = seconds: 0.25
# start_time = Mar 22 2025 02:55:47 [NMEA time, header]
# bad_flag = -9.990e-29
*END*
[from data line 1436]
      0.005     5.4458   0.296562     2.5243       1447     6.0250  0.000e+00
      0.028     5.4304   0.258088     2.1798       1448     6.0292  0.000e+00
      0.013     5.4227   0.226243     1.8969       1449     6.0333  0.000e+00
      0.014     5.4253   0.230191     1.9317       1450     6.0375  0.000e+00
      0.057     5.4308   0.749202     6.7868       1451     6.0417  0.000e+00
      0.060     5.4370   0.846270     7.7344       1452     6.0458  0.000e+00
      0.013     5.4430   0.983810     9.0939       1453     6.0500  0.000e+00
      0.011     5.4481   1.509235    14.4410       1454     6.0542  0.000e+00
      0.013     5.4518   1.639510    15.7975       1455     6.0583  0.000e+00
      0.010     5.4544   1.818752    17.6832       1456     6.0625  0.000e+00
      0.010     5.4554   0.463781     4.0598       1457     6.0667  0.000e+00
      0.014     5.4548   0.349553     3.0047       1458     6.0708  0.000e+00
      0.009     5.4536   0.283875     2.4094       1459     6.0750  0.000e+00
      0.006     5.4525   0.243046     2.0443       1460     6.0792  0.000e+00
      0.006     5.4522   0.218990     1.8311       1461     6.0833  0.000e+00
      0.003     5.4520   0.197664     1.6434       1462     6.0875  0.000e+00
      0.011     5.4521   0.185571     1.5376       1463     6.0917  0.000e+00
      0.010     5.4521   0.174010     1.4369       1464     6.0958  0.000e+00
      0.006     5.4521   0.154445     1.2674       1465     6.1000  0.000e+00
      0.008     5.4518   0.140251     1.1453       1466     6.1042  0.000e+00
      0.004     5.4519   0.140854     1.1504       1467     6.1083  0.000e+00
      0.007     5.4518   0.142761     1.1668       1468     6.1125  0.000e+00
      0.012     5.4519   0.134435     1.0954       1469     6.1167  0.000e+00
      0.011     5.4509   0.127048     1.0324       1470     6.1208  0.000e+00
      0.008     5.4496   0.118793     0.9622       1471     6.1250  0.000e+00
      0.001     5.4494   0.115389     0.9333       1472     6.1292  0.000e+00
     -0.003     5.4492   0.111230     0.8981       1473     6.1333  0.000e+00
      0.006     5.4490   0.108195     0.8724       1474     6.1375  0.000e+00
      0.010     5.4487   0.113450     0.9169       1475     6.1417  0.000e+00
      0.008     5.4484   0.109025     0.8794       1476     6.1458  0.000e+00
      0.012     5.4481   0.110176     0.8892       1477     6.1500  0.000e+00
      0.005     5.4477   0.100796     0.8101       1478     6.1542  0.000e+00
      0.004     5.4474   0.097759     0.7845       1479     6.1583  0.000e+00
      0.006     5.4476   0.098397     0.7899       1480     6.1625  0.000e+00
      0.006     5.4475   0.096417     0.7733       1481     6.1667  0.000e+00
      0.004     5.4472   0.092428     0.7399       1482     6.1708  0.000e+00
      0.002     5.4468   0.090466     0.7234       1483     6.1750  0.000e+00
      0.006     5.4464   0.083685     0.6669       1484     6.1792  0.000e+00
      0.006     5.4460   0.077607     0.6164       1485     6.1833  0.000e+00
      0.008     5.4456   0.078993     0.6279       1486     6.1875  0.000e+00
      0.008     5.4453   0.074206     0.5882       1487     6.1917  0.000e+00
      0.008     5.4449   0.071175     0.5632       1488     6.1958  0.000e+00
      0.007     5.4434   0.067787     0.5353       1489     6.2000  0.000e+00
     -0.000     5.4425   0.068361     0.5400       1490     6.2042  0.000e+00
      0.004     5.4428   0.066334     0.5233       1491     6.2083  0.000e+00
      0.004     5.4428   0.062975     0.4957       1492     6.2125  0.000e+00
      0.005     5.4420   0.062596     0.4926       1493     6.2167  0.000e+00
