HB2502/sbe051.cnv
* Sea-Bird SBE 19plus V2 Data File:
* FileName = C:\cruise\data\sbe051.hex
* Software Version Seasave V 7.26.7.121
* Temperature SN = 6128
* Conductivity SN = 6128
* System UpLoad Time = Apr 02 2025 18:05:15
* NMEA Latitude = 40 39.67 N
* NMEA Longitude = 071 26.86 W
* NMEA UTC (Time) = Apr 02 2025  18:04:18
** Ship: Henry Bigelow
** Cruise:  HB2502
** Program:  Spring Bottom Trawl
# nquan = 7
# nvalues = 1259                                  
# units = specified
# name 0 = depSM: Depth [salt water, m]
# name 1 = tv290C: Temperature [ITS-90, deg C]
# name 2 = c0S/m: Conductivity [S/m]
# name 3 = sal00: Salinity, Practical [PSU]
# name 4 = scan: Scan Count
# name 5 = timeM: Time, Elapsed [minutes]
# name 6 = flag:  0.000e+00
# span 0 =      0.435,     58.800                 
# span 1 =     6.0181,     6.7256                 
# span 2 =   3.242367,   3.316068                 
# span 3 =    32.1393,    33.1240                 
# span 4 =         11,       1269                 
# span 5 =     0.0417,     5.2833                 
# span 6 = 0.0000e+00, 0.0000e+00                 
# interval = seconds: 0.25
# start_time = Apr 02 2025 18:04:18 [NMEA time, header]
# bad_flag = -9.990e-29
*END*
      6.359     6.3857   3.270609    32.7517         11     0.0417  0.000e+00
      6.427     6.3467   3.271232    32.7961         12     0.0458  0.000e+00
      6.507     6.3221   3.271455    32.8223         13     0.0500  0.000e+00
      6.578     6.3030   3.270030    32.8248         14     0.0542  0.000e+00
      6.647     6.2869   3.269172    32.8308         15     0.0583  0.000e+00
      6.698     6.2730   3.268654    32.8385         16     0.0625  0.000e+00
      6.745     6.2609   3.268364    32.8469         17     0.0667  0.000e+00
      6.781     6.2513   3.268180    32.8541         18     0.0708  0.000e+00
      6.801     6.2428   3.267927    32.8595         19     0.0750  0.000e+00
      6.818     6.2358   3.267803    32.8649         20     0.0792  0.000e+00
      6.817     6.2300   3.267637    32.8686         21     0.0833  0.000e+00
      6.810     6.2250   3.267427    32.8711         22     0.0875  0.000e+00
      6.795     6.2207   3.267267    32.8735         23     0.0917  0.000e+00
      6.781     6.2168   3.267181    32.8763         24     0.0958  0.000e+00
      6.760     6.2141   3.267242    32.8796         25     0.1000  0.000e+00
      6.734     6.2120   3.267347    32.8829         26     0.1042  0.000e+00
      6.714     6.2100   3.267409    32.8854         27     0.1083  0.000e+00
      6.696     6.2088   3.267390    32.8865         28     0.1125  0.000e+00
      6.672     6.2078   3.267304    32.8864         29     0.1167  0.000e+00
      6.653     6.2066   3.267242    32.8869         30     0.1208  0.000e+00
      6.633     6.2054   3.267162    32.8872         31     0.1250  0.000e+00
      6.620     6.2045   3.267230    32.8889         32     0.1292  0.000e+00
      6.606     6.2038   3.267261    32.8899         33     0.1333  0.000e+00
      6.598     6.2043   3.267304    32.8899         34     0.1375  0.000e+00
      6.586     6.2056   3.267347    32.8891         35     0.1417  0.000e+00
      6.584     6.2085   3.267390    32.8867         36     0.1458  0.000e+00
      6.577     6.2117   3.267366    32.8834         37     0.1500  0.000e+00
      6.566     6.2135   3.267261    32.8805         38     0.1542  0.000e+00
      6.570     6.2143   3.267199    32.8791         39     0.1583  0.000e+00
      6.561     6.2147   3.267137    32.8780         40     0.1625  0.000e+00
      6.556     6.2157   3.267211    32.8778         41     0.1667  0.000e+00
      6.547     6.2170   3.267199    32.8765         42     0.1708  0.000e+00
      6.539     6.2186   3.266909    32.8716         43     0.1750  0.000e+00
      6.534     6.2201   3.266971    32.8709         44     0.1792  0.000e+00
      6.533     6.2205   3.267366    32.8749         45     0.1833  0.000e+00
      6.539     6.2189   3.267606    32.8791         46     0.1875  0.000e+00
      6.548     6.2165   3.267699    32.8825         47     0.1917  0.000e+00
      6.564     6.2144   3.268636    32.8950         48     0.1958  0.000e+00
      6.593     6.2123   3.269278    32.9042         49     0.2000  0.000e+00
      6.614     6.2124   3.269482    32.9063         50     0.2042  0.000e+00
      6.636     6.2144   3.270321    32.9137         51     0.2083  0.000e+00
      6.665     6.2156   3.270944    32.9195         52     0.2125  0.000e+00
      6.690     6.2180   3.270882    32.9165         53     0.2167  0.000e+00
      6.707     6.2225   3.270796    32.9112         54     0.2208  0.000e+00
      6.712     6.2281   3.270863    32.9065         55     0.2250  0.000e+00
      6.714     6.2329   3.270944    32.9027         56     0.2292  0.000e+00
      6.704     6.2365   3.270962    32.8994         57     0.2333  0.000e+00
      6.694     6.2386   3.270925    32.8970         58     0.2375  0.000e+00
      6.671     6.2394   3.270586    32.8925         59     0.2417  0.000e+00
      6.647     6.2396   3.270172    32.8877         60     0.2458  0.000e+00
      6.629     6.2392   3.270067    32.8869         61     0.2500  0.000e+00
      6.604     6.2386   3.270197    32.8889         62     0.2542  0.000e+00
      6.578     6.2384   3.270215    32.8893         63     0.2583  0.000e+00
      6.560     6.2382   3.270055    32.8878         64     0.2625  0.000e+00
      6.543     6.2383   3.269864    32.8855         65     0.2667  0.000e+00
      6.529     6.2382   3.269673    32.8835         66     0.2708  0.000e+00
      6.520     6.2381   3.269444    32.8810         67     0.2750  0.000e+00
      6.505     6.2380   3.269383    32.8805         68     0.2792  0.000e+00
      6.500     6.2379   3.269383    32.8805         69     0.2833  0.000e+00
      6.491     6.2377   3.269487    32.8819         70     0.2875  0.000e+00
      6.484     6.2378   3.269469    32.8816         71     0.2917  0.000e+00
      6.477     6.2376   3.269364    32.8807         72     0.2958  0.000e+00
      6.464     6.2374   3.269265    32.8798         73     0.3000  0.000e+00
      6.457     6.2377   3.269154    32.8783         74     0.3042  0.000e+00
      6.454     6.2378   3.269302    32.8798         75     0.3083  0.000e+00
      6.463     6.2378   3.270111    32.8888         76     0.3125  0.000e+00
      6.474     6.2371   3.271301    32.9027         77     0.3167  0.000e+00
      6.510     6.2357   3.271795    32.9096         78     0.3208  0.000e+00
      6.556     6.2366   3.272733    32.9192         79     0.3250  0.000e+00
      6.618     6.2402   3.273838    32.9280         80     0.3292  0.000e+00
      6.691     6.2441   3.274233    32.9285         81     0.3333  0.000e+00
      6.737     6.2489   3.274326    32.9250         82     0.3375  0.000e+00
      6.757     6.2515   3.273900    32.9177         83     0.3417  0.000e+00
      6.757     6.2526   3.273153    32.9083         84     0.3458  0.000e+00
      6.733     6.2532   3.272752    32.9032         85     0.3500  0.000e+00
      6.673     6.2540   3.273079    32.9061         86     0.3542  0.000e+00
      6.605     6.2595   3.276653    32.9406         87     0.3583  0.000e+00
      6.496     6.3009   3.292957    33.0821         88     0.3625  0.000e+00
      6.334     6.3751   3.303189    33.1240         89     0.3667  0.000e+00
      6.109     6.4565   3.307066    33.0880         90     0.3708  0.000e+00
      5.858     6.5292   3.308832    33.0373         91     0.3750  0.000e+00
      5.574     6.5858   3.309488    32.9899         92     0.3792  0.000e+00
      5.229     6.6270   3.310833    32.9653         93     0.3833  0.000e+00
      4.896     6.6549   3.310944    32.9398         94     0.3875  0.000e+00
      4.543     6.6723   3.311049    32.9243         95     0.3917  0.000e+00
      4.184     6.6834   3.311173    32.9152         96     0.3958  0.000e+00
      3.874     6.6904   3.310981    32.9066         97     0.4000  0.000e+00
      3.594     6.6948   3.310794    32.9004         98     0.4042  0.000e+00
      3.350     6.6976   3.310770    32.8975         99     0.4083  0.000e+00
      3.100     6.6994   3.310559    32.8936        100     0.4125  0.000e+00
      2.876     6.7005   3.310329    32.8901        101     0.4167  0.000e+00
      2.672     6.7012   3.310211    32.8882        102     0.4208  0.000e+00
      2.489     6.7019   3.310540    32.8913        103     0.4250  0.000e+00
      2.295     6.7021   3.310627    32.8921        104     0.4292  0.000e+00
      2.104     6.7026   3.310651    32.8920        105     0.4333  0.000e+00
      1.926     6.7031   3.310540    32.8904        106     0.4375  0.000e+00
      1.738     6.7038   3.310626    32.8908        107     0.4417  0.000e+00
      1.544     6.7043   3.311073    32.8953        108     0.4458  0.000e+00
      1.343     6.7046   3.311339    32.8980        109     0.4500  0.000e+00
      1.128     6.7050   3.311296    32.8973        110     0.4542  0.000e+00
      0.925     6.7049   3.242367    32.1393        111     0.4583  0.000e+00
      0.882     6.7047   3.303580    32.8127        112     0.4625  0.000e+00
      0.949     6.6971   3.308178    32.8706        113     0.4667  0.000e+00
      1.055     6.6846   3.307862    32.8791        114     0.4708  0.000e+00
      1.136     6.6757   3.306821    32.8761        115     0.4750  0.000e+00
      1.170     6.6702   3.306449    32.8773        116     0.4792  0.000e+00
      1.174     6.6663   3.305817    32.8741        117     0.4833  0.000e+00
      1.226     6.6640   3.305142    32.8688        118     0.4875  0.000e+00
      1.344     6.6617   3.306431    32.8852        119     0.4917  0.000e+00
      1.464     6.6573   3.305377    32.8777        120     0.4958  0.000e+00
      1.526     6.6528   3.305588    32.8844        121     0.5000  0.000e+00
      1.512     6.6499   3.307125    32.9041        122     0.5042  0.000e+00
      1.453     6.6537   3.308643    32.9172        123     0.5083  0.000e+00
      1.391     6.6617   3.308854    32.9118        124     0.5125  0.000e+00
      1.326     6.6704   3.308804    32.9030        125     0.5167  0.000e+00
      1.259     6.6780   3.309021    32.8981        126     0.5208  0.000e+00
      1.177     6.6841   3.308283    32.8842        127     0.5250  0.000e+00
      1.114     6.6888   3.305141    32.8450        128     0.5292  0.000e+00
      1.081     6.6921   3.303351    32.8222        129     0.5333  0.000e+00
      1.072     6.6928   3.304132    32.8301        130     0.5375  0.000e+00
      1.056     6.6867   3.304702    32.8422        131     0.5417  0.000e+00
      1.007     6.6791   3.304869    32.8514        132     0.5458  0.000e+00
      0.918     6.6751   3.307310    32.8822        133     0.5500  0.000e+00
      0.817     6.6743   3.307825    32.8887        134     0.5542  0.000e+00
      0.731     6.6776   3.308072    32.8883        135     0.5583  0.000e+00
      0.675     6.6817   3.307230    32.8751        136     0.5625  0.000e+00
      0.640     6.6843   3.304993    32.8479        137     0.5667  0.000e+00
      0.613     6.6855   3.304200    32.8381        138     0.5708  0.000e+00
      0.618     6.6871   3.303165    32.8252        139     0.5750  0.000e+00
      0.684     6.6823   3.304218    32.8413        140     0.5792  0.000e+00
      0.776     6.6674   3.304665    32.8605        141     0.5833  0.000e+00
      0.881     6.6521   3.304615    32.8746        142     0.5875  0.000e+00
      0.948     6.6411   3.303965    32.8780        143     0.5917  0.000e+00
      0.995     6.6338   3.303680    32.8818        144     0.5958  0.000e+00
      1.037     6.6292   3.303965    32.8894        145     0.6000  0.000e+00
      1.078     6.6258   3.304194    32.8952        146     0.6042  0.000e+00
      1.104     6.6233   3.304764    32.9038        147     0.6083  0.000e+00
      1.121     6.6223   3.304808    32.9052        148     0.6125  0.000e+00
      1.106     6.6254   3.305904    32.9144        149     0.6167  0.000e+00
      1.058     6.6335   3.312822    32.9830        150     0.6208  0.000e+00
      0.989     6.6524   3.313901    32.9767        151     0.6250  0.000e+00
      0.904     6.6737   3.313981    32.9571        152     0.6292  0.000e+00
      0.816     6.6890   3.314086    32.9436        153     0.6333  0.000e+00
      0.772     6.6985   3.314142    32.9351        154     0.6375  0.000e+00
      0.759     6.7044   3.314173    32.9298        155     0.6417  0.000e+00
      0.777     6.7079   3.314192    32.9266        156     0.6458  0.000e+00
      0.857     6.7103   3.314142    32.9237        157     0.6500  0.000e+00
      0.986     6.7117   3.314130    32.9222        158     0.6542  0.000e+00
      1.131     6.7124   3.314105    32.9211        159     0.6583  0.000e+00
      1.244     6.7124   3.314161    32.9217        160     0.6625  0.000e+00
      1.317     6.7122   3.314254    32.9228        161     0.6667  0.000e+00
      1.360     6.7125   3.314297    32.9230        162     0.6708  0.000e+00
      1.392     6.7129   3.314260    32.9222        163     0.6750  0.000e+00
      1.437     6.7132   3.314316    32.9225        164     0.6792  0.000e+00
      1.472     6.7135   3.314403    32.9232        165     0.6833  0.000e+00
      1.478     6.7138   3.314403    32.9229        166     0.6875  0.000e+00
      1.447     6.7139   3.314465    32.9235        167     0.6917  0.000e+00
      1.390     6.7144   3.314465    32.9231        168     0.6958  0.000e+00
      1.289     6.7144   3.314502    32.9235        169     0.7000  0.000e+00
      1.161     6.7147   3.314464    32.9229        170     0.7042  0.000e+00
      1.013     6.7147   3.314446    32.9228        171     0.7083  0.000e+00
      0.887     6.7147   3.314458    32.9229        172     0.7125  0.000e+00
      0.813     6.7149   3.314464    32.9228        173     0.7167  0.000e+00
      0.787     6.7149   3.314489    32.9231        174     0.7208  0.000e+00
      0.786     6.7153   3.314539    32.9233        175     0.7250  0.000e+00
      0.790     6.7153   3.314526    32.9232        176     0.7292  0.000e+00
      0.774     6.7155   3.314613    32.9239        177     0.7333  0.000e+00
      0.730     6.7156   3.314638    32.9241        178     0.7375  0.000e+00
      0.705     6.7161   3.314657    32.9238        179     0.7417  0.000e+00
      0.778     6.7162   3.314632    32.9234        180     0.7458  0.000e+00
      0.888     6.7163   3.314539    32.9223        181     0.7500  0.000e+00
      1.071     6.7160   3.314551    32.9226        182     0.7542  0.000e+00
      1.289     6.7160   3.314508    32.9220        183     0.7583  0.000e+00
      1.519     6.7156   3.314483    32.9220        184     0.7625  0.000e+00
      1.742     6.7152   3.314508    32.9226        185     0.7667  0.000e+00
      1.951     6.7148   3.314527    32.9230        186     0.7708  0.000e+00
      2.129     6.7146   3.314564    32.9236        187     0.7750  0.000e+00
      2.343     6.7147   3.314570    32.9235        188     0.7792  0.000e+00
      2.593     6.7147   3.314552    32.9231        189     0.7833  0.000e+00
      2.840     6.7147   3.314601    32.9235        190     0.7875  0.000e+00
      3.054     6.7147   3.314614    32.9236        191     0.7917  0.000e+00
      3.228     6.7148   3.314614    32.9234        192     0.7958  0.000e+00
      3.395     6.7149   3.314620    32.9233        193     0.8000  0.000e+00
      3.583     6.7148   3.314676    32.9239        194     0.8042  0.000e+00
      3.808     6.7149   3.314868    32.9258        195     0.8083  0.000e+00
      4.019     6.7153   3.314844    32.9250        196     0.8125  0.000e+00
      4.217     6.7159   3.314869    32.9247        197     0.8167  0.000e+00
      4.394     6.7163   3.314869    32.9242        198     0.8208  0.000e+00
      4.566     6.7166   3.314844    32.9236        199     0.8250  0.000e+00
      4.761     6.7169   3.314850    32.9233        200     0.8292  0.000e+00
      4.974     6.7166   3.314887    32.9239        201     0.8333  0.000e+00
      5.189     6.7169   3.314925    32.9239        202     0.8375  0.000e+00
      5.377     6.7170   3.314956    32.9240        203     0.8417  0.000e+00
      5.558     6.7173   3.314956    32.9237        204     0.8458  0.000e+00
      5.737     6.7172   3.314925    32.9233        205     0.8500  0.000e+00
      5.931     6.7170   3.314993    32.9242        206     0.8542  0.000e+00
      6.133     6.7170   3.315037    32.9245        207     0.8583  0.000e+00
      6.325     6.7173   3.315024    32.9240        208     0.8625  0.000e+00
      6.486     6.7174   3.315018    32.9237        209     0.8667  0.000e+00
      6.635     6.7175   3.315080    32.9243        210     0.8708  0.000e+00
      6.778     6.7173   3.315105    32.9247        211     0.8750  0.000e+00
      6.929     6.7174   3.315124    32.9247        212     0.8792  0.000e+00
      7.064     6.7178   3.315186    32.9250        213     0.8833  0.000e+00
      7.183     6.7181   3.315266    32.9255        214     0.8875  0.000e+00
      7.289     6.7182   3.315229    32.9249        215     0.8917  0.000e+00
