HB2502/sbe086.cnv
* Sea-Bird SBE 19plus V2 Data File:
* FileName = C:\cruise\data\sbe086.hex
* Software Version Seasave V 7.26.7.121
* Temperature SN = 6128
* Conductivity SN = 6128
* System UpLoad Time = Apr 13 2025 02:34:27
* NMEA Latitude = 40 28.56 N
* NMEA Longitude = 067 18.59 W
* NMEA UTC (Time) = Apr 13 2025  02:33:40
** Ship: Henry Bigelow
** Cruise:  HB2502
** Program:  Spring Bottom Trawl
# nquan = 7
# nvalues = 3798                                  
# units = specified
# name 0 = depSM: Depth [salt water, m]
# name 1 = tv290C: Temperature [ITS-90, deg C]
# name 2 = c0S/m: Conductivity [S/m]
# name 3 = sal00: Salinity, Practical [PSU]
# name 4 = scan: Scan Count
# name 5 = timeM: Time, Elapsed [minutes]
# name 6 = flag:  0.000e+00
# span 0 =     -0.185,    194.569                 
# span 1 =     5.6137,    10.7833                 
# span 2 =   0.006810,   3.872495                 
# span 3 =     0.0461,    35.2023                 
# span 4 =         11,       3808                 
# span 5 =     0.0417,    15.8625                 
# span 6 = 0.0000e+00, 0.0000e+00                 
# interval = seconds: 0.25
# start_time = Apr 13 2025 02:33:40 [NMEA time, header]
# bad_flag = -9.990e-29
*END*
[from data line 206]
     28.020     6.0543   3.262706    32.9734        217     0.9000  0.000e+00
     28.135     6.0645   3.263391    32.9711        218     0.9042  0.000e+00
     28.251     6.0738   3.263680    32.9653        219     0.9083  0.000e+00
     28.376     6.0806   3.263347    32.9548        220     0.9125  0.000e+00
     28.507     6.0846   3.263921    32.9573        221     0.9167  0.000e+00
     28.646     6.0865   3.265216    32.9699        222     0.9208  0.000e+00
     28.782     6.0896   3.269120    33.0105        223     0.9250  0.000e+00
     28.938     6.0967   3.271699    33.0324        224     0.9292  0.000e+00
     29.101     6.1071   3.272927    33.0360        225     0.9333  0.000e+00
     29.267     6.1179   3.272575    33.0214        226     0.9375  0.000e+00
     29.446     6.1260   3.273390    33.0225        227     0.9417  0.000e+00
     29.640     6.1317   3.271865    32.9999        228     0.9458  0.000e+00
     29.835     6.1340   3.272951    33.0097        229     0.9500  0.000e+00
     30.047     6.1360   3.273581    33.0147        230     0.9542  0.000e+00
     30.260     6.1386   3.272890    33.0043        231     0.9583  0.000e+00
     30.474     6.1397   3.273513    33.0101        232     0.9625  0.000e+00
     30.685     6.1407   3.274742    33.0228        233     0.9667  0.000e+00
     30.884     6.1428   3.276396    33.0391        234     0.9708  0.000e+00
     31.077     6.1472   3.275514    33.0248        235     0.9750  0.000e+00
     31.246     6.1511   3.277032    33.0380        236     0.9792  0.000e+00
     31.387     6.1549   3.278601    33.0517        237     0.9833  0.000e+00
     31.500     6.1603   3.279429    33.0556        238     0.9875  0.000e+00
     31.581     6.1664   3.280602    33.0628        239     0.9917  0.000e+00
     31.633     6.1719   3.281331    33.0655        240     0.9958  0.000e+00
     31.686     6.1774   3.281541    33.0626        241     1.0000  0.000e+00
     31.727     6.1810   3.282005    33.0642        242     1.0042  0.000e+00
     31.767     6.1836   3.282171    33.0635        243     1.0083  0.000e+00
     31.807     6.1851   3.281937    33.0593        244     1.0125  0.000e+00
     31.870     6.1857   3.281795    33.0571        245     1.0167  0.000e+00
     31.941     6.1854   3.281764    33.0571        246     1.0208  0.000e+00
     32.033     6.1848   3.281146    33.0507        247     1.0250  0.000e+00
     32.147     6.1827   3.280874    33.0496        248     1.0292  0.000e+00
     32.285     6.1796   3.280454    33.0479        249     1.0333  0.000e+00
     32.446     6.1748   3.280497    33.0530        250     1.0375  0.000e+00
     32.617     6.1699   3.281165    33.0652        251     1.0417  0.000e+00
     32.809     6.1668   3.281603    33.0730        252     1.0458  0.000e+00
     33.010     6.1661   3.286288    33.1259        253     1.0500  0.000e+00
     33.223     6.1725   3.290493    33.1665        254     1.0542  0.000e+00
     33.446     6.1886   3.293722    33.1868        255     1.0583  0.000e+00
     33.659     6.2100   3.295906    33.1901        256     1.0625  0.000e+00
     33.882     6.2316   3.299855    33.2130        257     1.0667  0.000e+00
     34.106     6.2552   3.302741    33.2221        258     1.0708  0.000e+00
     34.322     6.2791   3.303224    33.2040        259     1.0750  0.000e+00
     34.511     6.2999   3.305113    33.2047        260     1.0792  0.000e+00
     34.669     6.3170   3.306618    33.2047        261     1.0833  0.000e+00
     34.801     6.3320   3.310133    33.2291        262     1.0875  0.000e+00
     34.926     6.3486   3.313933    33.2552        263     1.0917  0.000e+00
     35.032     6.3694   3.318052    33.2806        264     1.0958  0.000e+00
     35.135     6.3942   3.321056    33.2897        265     1.1000  0.000e+00
     35.228     6.4200   3.323942    33.2966        266     1.1042  0.000e+00
     35.311     6.4461   3.325377    33.2869        267     1.1083  0.000e+00
     35.394     6.4692   3.326737    33.2795        268     1.1125  0.000e+00
     35.477     6.4879   3.327799    33.2730        269     1.1167  0.000e+00
     35.563     6.5034   3.328842    33.2694        270     1.1208  0.000e+00
     35.647     6.5167   3.329731    33.2663        271     1.1250  0.000e+00
     35.740     6.5279   3.330252    33.2611        272     1.1292  0.000e+00
     35.843     6.5373   3.330836    33.2584        273     1.1333  0.000e+00
     35.953     6.5450   3.331452    33.2576        274     1.1375  0.000e+00
     36.083     6.5516   3.331905    33.2562        275     1.1417  0.000e+00
     36.214     6.5577   3.332216    33.2536        276     1.1458  0.000e+00
     36.364     6.5625   3.332707    33.2542        277     1.1500  0.000e+00
     36.519     6.5669   3.333018    33.2533        278     1.1542  0.000e+00
     36.675     6.5707   3.333347    33.2532        279     1.1583  0.000e+00
     36.844     6.5742   3.333826    33.2550        280     1.1625  0.000e+00
     37.025     6.5776   3.334790    33.2623        281     1.1667  0.000e+00
     37.207     6.5822   3.335324    33.2636        282     1.1708  0.000e+00
     37.403     6.5869   3.335648    33.2626        283     1.1750  0.000e+00
     37.591     6.5914   3.337812    33.2821        284     1.1792  0.000e+00
     37.787     6.5980   3.337911    33.2766        285     1.1833  0.000e+00
     37.984     6.6056   3.341096    33.3043        286     1.1875  0.000e+00
     38.174     6.6159   3.342571    33.3105        287     1.1917  0.000e+00
     38.368     6.6295   3.343479    33.3072        288     1.1958  0.000e+00
     38.554     6.6419   3.345789    33.3206        289     1.2000  0.000e+00
     38.746     6.6559   3.346928    33.3194        290     1.2042  0.000e+00
     38.931     6.6689   3.348740    33.3266        291     1.2083  0.000e+00
     39.102     6.6820   3.355786    33.3917        292     1.2125  0.000e+00
     39.269     6.7047   3.360012    33.4161        293     1.2167  0.000e+00
     39.415     6.7367   3.366131    33.4522        294     1.2208  0.000e+00
     39.553     6.7734   3.372660    33.4884        295     1.2250  0.000e+00
     39.669     6.8167   3.374702    33.4685        296     1.2292  0.000e+00
     39.768     6.8559   3.375732    33.4416        297     1.2333  0.000e+00
     39.853     6.8853   3.379412    33.4533        298     1.2375  0.000e+00
     39.920     6.9124   3.381581    33.4507        299     1.2417  0.000e+00
     39.978     6.9376   3.382350    33.4347        300     1.2458  0.000e+00
     40.019     6.9578   3.385076    33.4449        301     1.2500  0.000e+00
     40.057     6.9763   3.386570    33.4432        302     1.2542  0.000e+00
     40.092     6.9940   3.387871    33.4403        303     1.2583  0.000e+00
     40.135     7.0094   3.388002    33.4268        304     1.2625  0.000e+00
     40.188     7.0212   3.387959    33.4148        305     1.2667  0.000e+00
     40.251     7.0290   3.387758    33.4051        306     1.2708  0.000e+00
     40.332     7.0335   3.388490    33.4086        307     1.2750  0.000e+00
     40.444     7.0372   3.389973    33.4212        308     1.2792  0.000e+00
     40.572     7.0426   3.389892    33.4150        309     1.2833  0.000e+00
     40.732     7.0479   3.390192    33.4131        310     1.2875  0.000e+00
     40.907     7.0519   3.393271    33.4428        311     1.2917  0.000e+00
     41.106     7.0603   3.394836    33.4517        312     1.2958  0.000e+00
     41.325     7.0715   3.395769    33.4509        313     1.3000  0.000e+00
     41.581     7.0829   3.396051    33.4428        314     1.3042  0.000e+00
     41.859     7.0914   3.395256    33.4257        315     1.3083  0.000e+00
     42.139     7.0958   3.398331    33.4549        316     1.3125  0.000e+00
     42.384     7.1026   3.400053    33.4670        317     1.3167  0.000e+00
     42.630     7.1142   3.403086    33.4888        318     1.3208  0.000e+00
     42.878     7.1290   3.405279    33.4982        319     1.3250  0.000e+00
     43.115     7.1469   3.409154    33.5230        320     1.3292  0.000e+00
     43.345     7.1683   3.411518    33.5279        321     1.3333  0.000e+00
     43.531     7.1908   3.414034    33.5334        322     1.3375  0.000e+00
     43.681     7.2126   3.419746    33.5744        323     1.3417  0.000e+00
     43.846     7.2395   3.426020    33.6166        324     1.3458  0.000e+00
     43.995     7.2753   3.427610    33.5990        325     1.3500  0.000e+00
     44.116     7.3079   3.434682    33.6443        326     1.3542  0.000e+00
     44.169     7.3433   3.441075    33.6793        327     1.3583  0.000e+00
     44.184     7.3851   3.445777    33.6897        328     1.3625  0.000e+00
     44.192     7.4296   3.448032    33.6709        329     1.3667  0.000e+00
     44.216     7.4685   3.449556    33.6496        330     1.3708  0.000e+00
     44.250     7.4988   3.450608    33.6317        331     1.3750  0.000e+00
     44.273     7.5218   3.451017    33.6138        332     1.3792  0.000e+00
     44.293     7.5379   3.451912    33.6078        333     1.3833  0.000e+00
     44.315     7.5499   3.452983    33.6078        334     1.3875  0.000e+00
     44.349     7.5600   3.453695    33.6057        335     1.3917  0.000e+00
     44.413     7.5690   3.454521    33.6059        336     1.3958  0.000e+00
     44.507     7.5767   3.455321    33.6071        337     1.4000  0.000e+00
     44.623     7.5840   3.456204    33.6095        338     1.4042  0.000e+00
     44.761     7.5909   3.456942    33.6107        339     1.4083  0.000e+00
     44.922     7.5974   3.457597    33.6114        340     1.4125  0.000e+00
     45.099     7.6034   3.457780    33.6075        341     1.4167  0.000e+00
     45.303     7.6080   3.458020    33.6055        342     1.4208  0.000e+00
     45.531     7.6113   3.457976    33.6017        343     1.4250  0.000e+00
     45.799     7.6135   3.457755    33.5971        344     1.4292  0.000e+00
     46.098     7.6141   3.457642    33.5952        345     1.4333  0.000e+00
     46.364     7.6141   3.458121    33.6003        346     1.4375  0.000e+00
     46.610     7.6141   3.458733    33.6067        347     1.4417  0.000e+00
     46.874     7.6155   3.459496    33.6135        348     1.4458  0.000e+00
     47.147     7.6185   3.459938    33.6152        349     1.4500  0.000e+00
     47.405     7.6222   3.460001    33.6122        350     1.4542  0.000e+00
     47.662     7.6250   3.460468    33.6144        351     1.4583  0.000e+00
     47.870     7.6273   3.460954    33.6173        352     1.4625  0.000e+00
     48.060     7.6299   3.462323    33.6294        353     1.4667  0.000e+00
     48.203     7.6343   3.463130    33.6339        354     1.4708  0.000e+00
     48.367     7.6396   3.462935    33.6266        355     1.4750  0.000e+00
     48.519     7.6434   3.462701    33.6203        356     1.4792  0.000e+00
     48.601     7.6450   3.463042    33.6224        357     1.4833  0.000e+00
     48.615     7.6454   3.463862    33.6308        358     1.4875  0.000e+00
     48.593     7.6466   3.464437    33.6359        359     1.4917  0.000e+00
     48.602     7.6492   3.464777    33.6370        360     1.4958  0.000e+00
     48.633     7.6518   3.465068    33.6376        361     1.5000  0.000e+00
     48.683     7.6545   3.465068    33.6350        362     1.5042  0.000e+00
     48.729     7.6565   3.465156    33.6340        363     1.5083  0.000e+00
     48.780     7.6579   3.465642    33.6378        364     1.5125  0.000e+00
     48.832     7.6597   3.466273    33.6429        365     1.5167  0.000e+00
     48.906     7.6624   3.467100    33.6492        366     1.5208  0.000e+00
     49.013     7.6665   3.468363    33.6588        367     1.5250  0.000e+00
     49.143     7.6720   3.468729    33.6573        368     1.5292  0.000e+00
     49.296     7.6776   3.468767    33.6522        369     1.5333  0.000e+00
     49.465     7.6818   3.470453    33.6662        370     1.5375  0.000e+00
     49.646     7.6865   3.472285    33.6814        371     1.5417  0.000e+00
     49.841     7.6932   3.473112    33.6837        372     1.5458  0.000e+00
     50.053     7.7002   3.478225    33.7319        373     1.5500  0.000e+00
     50.275     7.7130   3.482511    33.7656        374     1.5542  0.000e+00
     50.511     7.7333   3.484345    33.7655        375     1.5583  0.000e+00
     50.746     7.7552   3.483896    33.7394        376     1.5625  0.000e+00
     50.978     7.7704   3.488470    33.7738        377     1.5667  0.000e+00
     51.200     7.7871   3.494015    33.8172        378     1.5708  0.000e+00
     51.426     7.8112   3.498886    33.8460        379     1.5750  0.000e+00
     51.651     7.8414   3.504209    33.8738        380     1.5792  0.000e+00
     51.857     7.8747   3.506974    33.8711        381     1.5833  0.000e+00
     52.051     7.9080   3.509593    33.8668        382     1.5875  0.000e+00
     52.215     7.9360   3.513127    33.8774        383     1.5917  0.000e+00
     52.371     7.9640   3.518205    33.9046        384     1.5958  0.000e+00
     52.505     7.9940   3.522790    33.9246        385     1.6000  0.000e+00
     52.637     8.0279   3.531294    33.9826        386     1.6042  0.000e+00
     52.771     8.0681   3.539360    34.0297        387     1.6083  0.000e+00
     52.907     8.1175   3.543154    34.0222        388     1.6125  0.000e+00
     53.047     8.1650   3.546866    34.0157        389     1.6167  0.000e+00
     53.192     8.2076   3.549650    34.0040        390     1.6208  0.000e+00
     53.337     8.2440   3.551492    33.9883        391     1.6250  0.000e+00
     53.489     8.2740   3.553193    33.9773        392     1.6292  0.000e+00
     53.641     8.2986   3.554321    33.9654        393     1.6333  0.000e+00
     53.809     8.3171   3.554149    33.9457        394     1.6375  0.000e+00
     53.977     8.3296   3.555430    33.9471        395     1.6417  0.000e+00
     54.149     8.3394   3.556980    33.9540        396     1.6458  0.000e+00
     54.318     8.3490   3.557178    33.9468        397     1.6500  0.000e+00
     54.484     8.3563   3.559486    33.9642        398     1.6542  0.000e+00
     54.642     8.3649   3.562326    33.9859        399     1.6583  0.000e+00
     54.784     8.3765   3.562408    33.9755        400     1.6625  0.000e+00
     54.918     8.3881   3.565491    33.9970        401     1.6667  0.000e+00
     55.039     8.4004   3.568089    34.0125        402     1.6708  0.000e+00
     55.157     8.4160   3.571187    34.0302        403     1.6750  0.000e+00
     55.278     8.4344   3.573940    34.0416        404     1.6792  0.000e+00
     55.398     8.4548   3.576413    34.0480        405     1.6833  0.000e+00
     55.517     8.4750   3.578081    34.0460        406     1.6875  0.000e+00
     55.642     8.4938   3.580254    34.0508        407     1.6917  0.000e+00
     55.780     8.5119   3.581923    34.0510        408     1.6958  0.000e+00
     55.916     8.5288   3.584033    34.0569        409     1.7000  0.000e+00
     56.057     8.5451   3.584827    34.0495        410     1.7042  0.000e+00
     56.214     8.5598   3.585549    34.0429        411     1.7083  0.000e+00
     56.374     8.5713   3.585991    34.0364        412     1.7125  0.000e+00
     56.539     8.5804   3.587597    34.0444        413     1.7167  0.000e+00
     56.714     8.5888   3.590374    34.0656        414     1.7208  0.000e+00
     56.904     8.6007   3.589357    34.0433        415     1.7250  0.000e+00
     57.102     8.6093   3.590349    34.0453        416     1.7292  0.000e+00
     57.299     8.6161   3.592199    34.0583        417     1.7333  0.000e+00
     57.507     8.6244   3.592711    34.0556        418     1.7375  0.000e+00
     57.717     8.6329   3.593108    34.0515        419     1.7417  0.000e+00
     57.927     8.6399   3.594472    34.0590        420     1.7458  0.000e+00
