HB2502/sbe026.cnv
* Sea-Bird SBE 19plus V2 Data File:
* FileName = C:\cruise\data\sbe026.hex
* Software Version Seasave V 7.26.7.121
* Temperature SN = 6128
* Conductivity SN = 6128
* System UpLoad Time = Mar 16 2025 10:46:31
* NMEA Latitude = 36 37.06 N
* NMEA Longitude = 075 44.46 W
* NMEA UTC (Time) = Mar 16 2025  10:45:16
** Ship: Henry Bigelow
** Cruise:  HB2502
** Program:  Spring Bottom Trawl
# nquan = 7
# nvalues = 869                                   
# units = specified
# name 0 = depSM: Depth [salt water, m]
# name 1 = tv290C: Temperature [ITS-90, deg C]
# name 2 = c0S/m: Conductivity [S/m]
# name 3 = sal00: Salinity, Practical [PSU]
# name 4 = scan: Scan Count
# name 5 = timeM: Time, Elapsed [minutes]
# name 6 = flag:  0.000e+00
# span 0 =      0.005,     17.895                 
# span 1 =     8.1852,    11.3969                 
# span 2 =   0.172298,   3.739446                 
# span 3 =     1.2982,    34.0300                 
# span 4 =         11,        879                 
# span 5 =     0.0417,     3.6583                 
# span 6 = 0.0000e+00, 0.0000e+00                 
# interval = seconds: 0.25
# start_time = Mar 16 2025 10:45:16 [NMEA time, header]
# bad_flag = -9.990e-29
*END*
[from data line 206]
      7.189     8.3885   3.430087    32.5870        217     0.9000  0.000e+00
      7.166     8.3838   3.430935    32.6003        218     0.9042  0.000e+00
      7.152     8.3807   3.433287    32.6280        219     0.9083  0.000e+00
      7.133     8.3778   3.433620    32.6343        220     0.9125  0.000e+00
      7.124     8.3740   3.432872    32.6298        221     0.9167  0.000e+00
      7.115     8.3698   3.432325    32.6280        222     0.9208  0.000e+00
      7.110     8.3655   3.432212    32.6308        223     0.9250  0.000e+00
      7.112     8.3625   3.432866    32.6404        224     0.9292  0.000e+00
      7.109     8.3612   3.433595    32.6494        225     0.9333  0.000e+00
      7.105     8.3618   3.434086    32.6540        226     0.9375  0.000e+00
      7.094     8.3634   3.430232    32.6119        227     0.9417  0.000e+00
      7.078     8.3643   3.421498    32.5188        228     0.9458  0.000e+00
      7.064     8.3657   3.425223    32.5569        229     0.9500  0.000e+00
      7.039     8.3667   3.431967    32.6271        230     0.9542  0.000e+00
      7.020     8.3673   3.433646    32.6442        231     0.9583  0.000e+00
      7.008     8.3679   3.434809    32.6560        232     0.9625  0.000e+00
      6.993     8.3685   3.435709    32.6649        233     0.9667  0.000e+00
      6.986     8.3698   3.436331    32.6703        234     0.9708  0.000e+00
      6.990     8.3712   3.437137    32.6775        235     0.9750  0.000e+00
      6.996     8.3732   3.437980    32.6846        236     0.9792  0.000e+00
      7.023     8.3755   3.438477    32.6877        237     0.9833  0.000e+00
      7.053     8.3775   3.439163    32.6930        238     0.9875  0.000e+00
      7.091     8.3801   3.440251    32.7020        239     0.9917  0.000e+00
      7.136     8.3845   3.440673    32.7024        240     0.9958  0.000e+00
      7.192     8.3892   3.440780    32.6991        241     1.0000  0.000e+00
      7.245     8.3931   3.441623    32.7044        242     1.0042  0.000e+00
      7.305     8.3970   3.442184    32.7066        243     1.0083  0.000e+00
      7.351     8.4011   3.442454    32.7057        244     1.0125  0.000e+00
      7.392     8.4047   3.442725    32.7052        245     1.0167  0.000e+00
      7.428     8.4078   3.443317    32.7086        246     1.0208  0.000e+00
      7.449     8.4107   3.444721    32.7207        247     1.0250  0.000e+00
      7.462     8.4151   3.445993    32.7299        248     1.0292  0.000e+00
      7.477     8.4215   3.447202    32.7368        249     1.0333  0.000e+00
      7.474     8.4285   3.449489    32.7543        250     1.0375  0.000e+00
      7.463     8.4381   3.449388    32.7444        251     1.0417  0.000e+00
      7.446     8.4456   3.449533    32.7389        252     1.0458  0.000e+00
      7.426     8.4503   3.449022    32.7292        253     1.0500  0.000e+00
      7.405     8.4525   3.447787    32.7142        254     1.0542  0.000e+00
      7.380     8.4511   3.445942    32.6960        255     1.0583  0.000e+00
      7.347     8.4460   3.444802    32.6888        256     1.0625  0.000e+00
      7.320     8.4391   3.443587    32.6824        257     1.0667  0.000e+00
      7.289     8.4314   3.443065    32.6840        258     1.0708  0.000e+00
      7.261     8.4250   3.442725    32.6864        259     1.0750  0.000e+00
      7.238     8.4199   3.442454    32.6883        260     1.0792  0.000e+00
      7.222     8.4160   3.442058    32.6877        261     1.0833  0.000e+00
      7.206     8.4126   3.441818    32.6884        262     1.0875  0.000e+00
      7.188     8.4098   3.441409    32.6867        263     1.0917  0.000e+00
      7.176     8.4069   3.441113    32.6862        264     1.0958  0.000e+00
      7.168     8.4040   3.440981    32.6876        265     1.1000  0.000e+00
      7.157     8.4020   3.440906    32.6887        266     1.1042  0.000e+00
      7.147     8.4005   3.440887    32.6898        267     1.1083  0.000e+00
      7.133     8.3993   3.440742    32.6894        268     1.1125  0.000e+00
      7.117     8.3986   3.440654    32.6892        269     1.1167  0.000e+00
      7.101     8.3977   3.440497    32.6883        270     1.1208  0.000e+00
      7.079     8.3967   3.439754    32.6814        271     1.1250  0.000e+00
      7.062     8.3947   3.439125    32.6766        272     1.1292  0.000e+00
      7.044     8.3915   3.437961    32.6673        273     1.1333  0.000e+00
      7.023     8.3881   3.436860    32.6589        274     1.1375  0.000e+00
      7.004     8.3842   3.436212    32.6557        275     1.1417  0.000e+00
      6.986     8.3806   3.435822    32.6550        276     1.1458  0.000e+00
      6.974     8.3778   3.435671    32.6560        277     1.1500  0.000e+00
      6.972     8.3757   3.435426    32.6553        278     1.1542  0.000e+00
      6.977     8.3745   3.434771    32.6495        279     1.1583  0.000e+00
      6.982     8.3734   3.433828    32.6406        280     1.1625  0.000e+00
      7.005     8.3728   3.434281    32.6459        281     1.1667  0.000e+00
      7.035     8.3729   3.434683    32.6500        282     1.1708  0.000e+00
      7.071     8.3734   3.435312    32.6562        283     1.1750  0.000e+00
      7.122     8.3742   3.435866    32.6613        284     1.1792  0.000e+00
      7.178     8.3757   3.436401    32.6654        285     1.1833  0.000e+00
      7.229     8.3771   3.437011    32.6706        286     1.1875  0.000e+00
      7.284     8.3786   3.437344    32.6727        287     1.1917  0.000e+00
      7.329     8.3798   3.437722    32.6756        288     1.1958  0.000e+00
      7.364     8.3809   3.437231    32.6693        289     1.2000  0.000e+00
      7.383     8.3813   3.437137    32.6679        290     1.2042  0.000e+00
      7.396     8.3809   3.436904    32.6659        291     1.2083  0.000e+00
      7.393     8.3802   3.436350    32.6607        292     1.2125  0.000e+00
      7.373     8.3792   3.435671    32.6544        293     1.2167  0.000e+00
      7.353     8.3773   3.432533    32.6231        294     1.2208  0.000e+00
      7.319     8.3728   3.422836    32.5250        295     1.2250  0.000e+00
      7.290     8.3705   3.414756    32.4419        296     1.2292  0.000e+00
      7.251     8.3741   3.407586    32.3631        297     1.2333  0.000e+00
      7.223     8.3815   3.405235    32.3315        298     1.2375  0.000e+00
      7.206     8.3892   3.403944    32.3108        299     1.2417  0.000e+00
      7.194     8.3952   3.405047    32.3169        300     1.2458  0.000e+00
      7.196     8.3988   3.405862    32.3222        301     1.2500  0.000e+00
      7.206     8.4007   3.406169    32.3237        302     1.2542  0.000e+00
      7.230     8.4012   3.405981    32.3213        303     1.2583  0.000e+00
      7.257     8.4013   3.404602    32.3066        304     1.2625  0.000e+00
      7.289     8.4022   3.403223    32.2913        305     1.2667  0.000e+00
      7.317     8.4039   3.402684    32.2840        306     1.2708  0.000e+00
      7.333     8.4054   3.403868    32.2951        307     1.2750  0.000e+00
      7.350     8.4052   3.403730    32.2938        308     1.2792  0.000e+00
      7.342     8.4046   3.402665    32.2831        309     1.2833  0.000e+00
      7.331     8.4055   3.402007    32.2754        310     1.2875  0.000e+00
      7.307     8.4068   3.402458    32.2790        311     1.2917  0.000e+00
      7.252     8.4071   3.410520    32.3636        312     1.2958  0.000e+00
      7.154     8.4009   3.416657    32.4340        313     1.3000  0.000e+00
      7.045     8.3889   3.412697    32.4034        314     1.3042  0.000e+00
      6.893     8.3828   3.407285    32.3520        315     1.3083  0.000e+00
      6.727     8.3828   3.416105    32.4451        316     1.3125  0.000e+00
      6.535     8.3780   3.418408    32.4739        317     1.3167  0.000e+00
      6.305     8.3701   3.411556    32.4090        318     1.3208  0.000e+00
      6.044     8.3680   3.401261    32.3025        319     1.3250  0.000e+00
      5.772     8.3785   3.399332    32.2727        320     1.3292  0.000e+00
      5.513     8.3903   3.402915    32.2998        321     1.3333  0.000e+00
      5.292     8.3974   3.402940    32.2936        322     1.3375  0.000e+00
      5.107     8.4008   3.398404    32.2428        323     1.3417  0.000e+00
      4.926     8.4036   3.397546    32.2313        324     1.3458  0.000e+00
      4.754     8.4057   3.405027    32.3082        325     1.3500  0.000e+00
      4.575     8.4024   3.414378    32.4098        326     1.3542  0.000e+00
      4.415     8.3926   3.415853    32.4344        327     1.3583  0.000e+00
      4.287     8.3846   3.416794    32.4518        328     1.3625  0.000e+00
      4.165     8.3808   3.415451    32.4412        329     1.3667  0.000e+00
      4.031     8.3814   3.410727    32.3909        330     1.3708  0.000e+00
      3.880     8.3874   3.405930    32.3349        331     1.3750  0.000e+00
      3.693     8.3958   3.403410    32.3007        332     1.3792  0.000e+00
      3.501     8.4040   3.407497    32.3363        333     1.3833  0.000e+00
      3.311     8.4062   3.409440    32.3549        334     1.3875  0.000e+00
      3.086     8.4040   3.404688    32.3070        335     1.3917  0.000e+00
      2.846     8.4031   3.403472    32.2951        336     1.3958  0.000e+00
      2.552     8.4031   3.409936    32.3633        337     1.4000  0.000e+00
      2.216     8.4009   3.411428    32.3812        338     1.4042  0.000e+00
      1.838     8.3978   3.412595    32.3965        339     1.4083  0.000e+00
      1.502     8.3945   3.413505    32.4093        340     1.4125  0.000e+00
      1.115     8.3918   3.413360    32.4105        341     1.4167  0.000e+00
      0.772     8.3899   3.414747    32.4270        342     1.4208  0.000e+00
      0.452     8.3877   3.415625    32.4384        343     1.4250  0.000e+00
      0.376     8.3856   3.415105    32.4349        344     1.4292  0.000e+00
      0.534     8.3842   3.414816    32.4331        345     1.4333  0.000e+00
      0.812     8.3837   3.414025    32.4250        346     1.4375  0.000e+00
      1.055     8.3846   3.413241    32.4158        347     1.4417  0.000e+00
      1.191     8.3866   3.412614    32.4073        348     1.4458  0.000e+00
      1.240     8.3881   3.412325    32.4029        349     1.4500  0.000e+00
      1.204     8.3895   3.411823    32.3963        350     1.4542  0.000e+00
      1.126     8.3903   3.413216    32.4103        351     1.4583  0.000e+00
      1.063     8.3905   3.413523    32.4134        352     1.4625  0.000e+00
      1.030     8.3904   3.412388    32.4015        353     1.4667  0.000e+00
      1.030     8.3909   3.411491    32.3916        354     1.4708  0.000e+00
      1.053     8.3921   3.409584    32.3704        355     1.4750  0.000e+00
      1.100     8.3937   3.408543    32.3579        356     1.4792  0.000e+00
      1.168     8.3954   3.410249    32.3743        357     1.4833  0.000e+00
      1.226     8.3963   3.410851    32.3798        358     1.4875  0.000e+00
      1.235     8.3969   3.411102    32.3819        359     1.4917  0.000e+00
      1.181     8.3972   3.409747    32.3674        360     1.4958  0.000e+00
      1.086     8.3975   3.407653    32.3451        361     1.5000  0.000e+00
      0.954     8.3989   3.409665    32.3651        362     1.5042  0.000e+00
      0.781     8.3992   3.409001    32.3579        363     1.5083  0.000e+00
      0.567     8.3995   3.402456    32.2887        364     1.5125  0.000e+00
      0.311     8.4025   3.404486    32.3074        365     1.5167  0.000e+00
      0.123     8.4047   3.009760    28.1866        366     1.5208  0.000e+00
      0.093     8.4040   0.744826     6.1861        367     1.5250  0.000e+00
      0.091     8.4095   0.567650     4.6236        368     1.5292  0.000e+00
      0.128     8.4228   0.456996     3.6668        369     1.5333  0.000e+00
      0.315     8.4343   1.110669     9.5020        370     1.5375  0.000e+00
      0.527     8.4383   1.889131    16.9004        371     1.5417  0.000e+00
      0.766     8.4375   1.899133    16.9983        372     1.5458  0.000e+00
      1.005     8.4341   2.907346    27.1073        373     1.5500  0.000e+00
      1.187     8.4284   3.378320    32.0082        374     1.5542  0.000e+00
      1.286     8.4218   3.371137    31.9386        375     1.5583  0.000e+00
      1.322     8.4165   3.366144    31.8909        376     1.5625  0.000e+00
      1.312     8.4124   3.367742    31.9115        377     1.5667  0.000e+00
      1.281     8.4088   3.372774    31.9676        378     1.5708  0.000e+00
      1.225     8.4053   3.393018    32.1837        379     1.5750  0.000e+00
      1.156     8.4019   3.405057    32.3137        380     1.5792  0.000e+00
      1.109     8.3987   3.406248    32.3292        381     1.5833  0.000e+00
      1.082     8.3967   3.412369    32.3955        382     1.5875  0.000e+00
      1.057     8.3953   3.412451    32.3977        383     1.5917  0.000e+00
      1.033     8.3941   3.411623    32.3900        384     1.5958  0.000e+00
      1.032     8.3938   3.410870    32.3824        385     1.6000  0.000e+00
      1.021     8.3940   3.409703    32.3699        386     1.6042  0.000e+00
      0.990     8.3947   3.409126    32.3632        387     1.6083  0.000e+00
      0.935     8.3951   3.407696    32.3478        388     1.6125  0.000e+00
      0.873     8.3965   3.407239    32.3417        389     1.6167  0.000e+00
      0.809     8.3972   3.409189    32.3616        390     1.6208  0.000e+00
      0.746     8.3970   3.409026    32.3602        391     1.6250  0.000e+00
      0.692     8.3963   3.408712    32.3575        392     1.6292  0.000e+00
      0.664     8.3961   3.408173    32.3520        393     1.6333  0.000e+00
      0.672     8.3964   3.408838    32.3588        394     1.6375  0.000e+00
      0.712     8.3960   3.410537    32.3770        395     1.6417  0.000e+00
      0.792     8.3952   3.411911    32.3922        396     1.6458  0.000e+00
      0.891     8.3941   3.411723    32.3912        397     1.6500  0.000e+00
      0.980     8.3939   3.410707    32.3806        398     1.6542  0.000e+00
      1.060     8.3944   3.409628    32.3688        399     1.6583  0.000e+00
      1.116     8.3957   3.409158    32.3625        400     1.6625  0.000e+00
      1.161     8.3974   3.402663    32.2925        401     1.6667  0.000e+00
      1.168     8.3995   3.389294    32.1499        402     1.6708  0.000e+00
      1.136     8.4012   3.391309    32.1696        403     1.6750  0.000e+00
      1.113     8.4024   3.388863    32.1427        404     1.6792  0.000e+00
      1.082     8.4036   3.394232    32.1982        405     1.6833  0.000e+00
      1.097     8.4049   3.391923    32.1727        406     1.6875  0.000e+00
      1.154     8.4061   3.392286    32.1754        407     1.6917  0.000e+00
      1.239     8.4069   3.392855    32.1806        408     1.6958  0.000e+00
      1.382     8.4068   3.394370    32.1965        409     1.7000  0.000e+00
      1.572     8.4066   3.390771    32.1588        410     1.7042  0.000e+00
      1.804     8.4063   3.393870    32.1916        411     1.7083  0.000e+00
      2.074     8.4062   3.389495    32.1455        412     1.7125  0.000e+00
      2.354     8.4059   3.384916    32.0975        413     1.7167  0.000e+00
      2.623     8.4050   3.382315    32.0708        414     1.7208  0.000e+00
      2.859     8.4032   3.378471    32.0319        415     1.7250  0.000e+00
      3.068     8.4017   3.379046    32.0393        416     1.7292  0.000e+00
      3.269     8.4007   3.375472    32.0024        417     1.7333  0.000e+00
      3.481     8.3994   3.377528    32.0252        418     1.7375  0.000e+00
      3.718     8.3982   3.375023    31.9998        419     1.7417  0.000e+00
      3.959     8.3968   3.371588    31.9648        420     1.7458  0.000e+00
