HB2502/sbe082.cnv
* Sea-Bird SBE 19plus V2 Data File:
* FileName = C:\cruise\data\sbe082.hex
* Software Version Seasave V 7.26.7.121
* Temperature SN = 6128
* Conductivity SN = 6128
* System UpLoad Time = Apr 11 2025 22:09:11
* NMEA Latitude = 40 35.67 N
* NMEA Longitude = 068 54.54 W
* NMEA UTC (Time) = Apr 11 2025  22:08:23
** Ship: Henry Bigelow
** Cruise:  HB2502
** Program:  Spring Bottom Trawl
# nquan = 7
# nvalues = 1355                                  
# units = specified
# name 0 = depSM: Depth [salt water, m]
# name 1 = tv290C: Temperature [ITS-90, deg C]
# name 2 = c0S/m: Conductivity [S/m]
# name 3 = sal00: Salinity, Practical [PSU]
# name 4 = scan: Scan Count
# name 5 = timeM: Time, Elapsed [minutes]
# name 6 = flag:  0.000e+00
# span 0 =      0.071,     60.578                 
# span 1 =     5.9778,     6.7668                 
# span 2 =   0.011525,   3.274457                 
# span 3 =     0.0829,    32.8185                 
# span 4 =         11,       1365                 
# span 5 =     0.0417,     5.6833                 
# span 6 = 0.0000e+00, 0.0000e+00                 
# interval = seconds: 0.25
# start_time = Apr 11 2025 22:08:23 [NMEA time, header]
# bad_flag = -9.990e-29
*END*
[from data line 1231]
      5.163     6.0442   3.224732    32.5694       1242     5.1708  0.000e+00
      5.230     6.0441   3.224732    32.5695       1243     5.1750  0.000e+00
      5.278     6.0440   3.224775    32.5700       1244     5.1792  0.000e+00
      5.301     6.0438   3.224775    32.5702       1245     5.1833  0.000e+00
      5.319     6.0440   3.224788    32.5701       1246     5.1875  0.000e+00
      5.312     6.0441   3.224794    32.5702       1247     5.1917  0.000e+00
      5.301     6.0442   3.224714    32.5691       1248     5.1958  0.000e+00
      5.278     6.0442   3.224757    32.5696       1249     5.2000  0.000e+00
      5.251     6.0441   3.224653    32.5686       1250     5.2042  0.000e+00
      5.215     6.0438   3.224512    32.5673       1251     5.2083  0.000e+00
      5.181     6.0432   3.224450    32.5672       1252     5.2125  0.000e+00
      5.135     6.0424   3.224450    32.5680       1253     5.2167  0.000e+00
      5.094     6.0421   3.224653    32.5706       1254     5.2208  0.000e+00
      5.039     6.0420   3.224616    32.5703       1255     5.2250  0.000e+00
      4.980     6.0423   3.224573    32.5695       1256     5.2292  0.000e+00
      4.900     6.0423   3.224671    32.5706       1257     5.2333  0.000e+00
      4.798     6.0425   3.224818    32.5722       1258     5.2375  0.000e+00
      4.679     6.0431   3.224695    32.5703       1259     5.2417  0.000e+00
      4.554     6.0436   3.224714    32.5701       1260     5.2458  0.000e+00
      4.419     6.0437   3.224652    32.5694       1261     5.2500  0.000e+00
      4.289     6.0436   3.224714    32.5702       1262     5.2542  0.000e+00
      4.174     6.0438   3.224775    32.5707       1263     5.2583  0.000e+00
      4.066     6.0441   3.224769    32.5705       1264     5.2625  0.000e+00
      3.961     6.0444   3.224652    32.5689       1265     5.2667  0.000e+00
      3.861     6.0443   3.224450    32.5668       1266     5.2708  0.000e+00
      3.748     6.0437   3.224425    32.5671       1267     5.2750  0.000e+00
      3.652     6.0428   3.224223    32.5658       1268     5.2792  0.000e+00
      3.576     6.0418   3.224327    32.5679       1269     5.2833  0.000e+00
      3.524     6.0411   3.223996    32.5649       1270     5.2875  0.000e+00
      3.484     6.0400   3.224020    32.5663       1271     5.2917  0.000e+00
      3.469     6.0389   3.224057    32.5678       1272     5.2958  0.000e+00
      3.473     6.0384   3.224419    32.5723       1273     5.3000  0.000e+00
      3.485     6.0389   3.224388    32.5715       1274     5.3042  0.000e+00
      3.505     6.0397   3.224364    32.5704       1275     5.3083  0.000e+00
      3.529     6.0402   3.224388    32.5702       1276     5.3125  0.000e+00
      3.549     6.0405   3.224468    32.5708       1277     5.3167  0.000e+00
      3.578     6.0407   3.224407    32.5699       1278     5.3208  0.000e+00
      3.594     6.0411   3.224407    32.5695       1279     5.3250  0.000e+00
      3.601     6.0411   3.224407    32.5695       1280     5.3292  0.000e+00
      3.593     6.0412   3.224407    32.5694       1281     5.3333  0.000e+00
      3.574     6.0411   3.224572    32.5714       1282     5.3375  0.000e+00
      3.551     6.0414   3.224548    32.5708       1283     5.3417  0.000e+00
      3.505     6.0420   3.224609    32.5709       1284     5.3458  0.000e+00
      3.424     6.0425   3.224634    32.5708       1285     5.3500  0.000e+00
      3.316     6.0428   3.224634    32.5705       1286     5.3542  0.000e+00
      3.194     6.0432   3.224695    32.5709       1287     5.3583  0.000e+00
      3.054     6.0436   3.224756    32.5713       1288     5.3625  0.000e+00
      2.913     6.0441   3.224634    32.5695       1289     5.3667  0.000e+00
      2.792     6.0444   3.224486    32.5676       1290     5.3708  0.000e+00
      2.702     6.0442   3.224425    32.5672       1291     5.3750  0.000e+00
      2.632     6.0433   3.224437    32.5682       1292     5.3792  0.000e+00
      2.554     6.0427   3.224449    32.5690       1293     5.3833  0.000e+00
      2.483     6.0425   3.224548    32.5703       1294     5.3875  0.000e+00
      2.423     6.0426   3.224590    32.5707       1295     5.3917  0.000e+00
      2.374     6.0429   3.224425    32.5686       1296     5.3958  0.000e+00
      2.354     6.0429   3.224449    32.5689       1297     5.4000  0.000e+00
      2.336     6.0426   3.224486    32.5696       1298     5.4042  0.000e+00
      2.289     6.0425   3.224547    32.5704       1299     5.4083  0.000e+00
      2.231     6.0426   3.224486    32.5696       1300     5.4125  0.000e+00
      2.184     6.0428   3.224204    32.5663       1301     5.4167  0.000e+00
      2.109     6.0421   3.224161    32.5665       1302     5.4208  0.000e+00
      2.049     6.0410   3.224118    32.5671       1303     5.4250  0.000e+00
      2.017     6.0402   3.224118    32.5679       1304     5.4292  0.000e+00
      2.041     6.0395   3.224142    32.5688       1305     5.4333  0.000e+00
      2.112     6.0391   3.224118    32.5689       1306     5.4375  0.000e+00
      2.187     6.0390   3.224118    32.5690       1307     5.4417  0.000e+00
      2.268     6.0389   3.224142    32.5694       1308     5.4458  0.000e+00
      2.357     6.0389   3.224179    32.5697       1309     5.4500  0.000e+00
      2.429     6.0389   3.224222    32.5702       1310     5.4542  0.000e+00
      2.422     6.0392   3.224143    32.5690       1311     5.4583  0.000e+00
      2.335     6.0392   3.224327    32.5710       1312     5.4625  0.000e+00
      2.123     6.0394   3.224327    32.5710       1313     5.4667  0.000e+00
      1.810     6.0399   3.224406    32.5716       1314     5.4708  0.000e+00
      1.529     6.0405   3.224425    32.5713       1315     5.4750  0.000e+00
      1.318     6.0411   3.224388    32.5704       1316     5.4792  0.000e+00
      1.174     6.0415   3.224467    32.5710       1317     5.4833  0.000e+00
      1.139     6.0418   3.224424    32.5702       1318     5.4875  0.000e+00
      1.159     6.0420   3.224400    32.5698       1319     5.4917  0.000e+00
      1.204     6.0420   3.224388    32.5696       1320     5.4958  0.000e+00
      1.267     6.0420   3.224363    32.5693       1321     5.5000  0.000e+00
      1.321     6.0419   3.224363    32.5694       1322     5.5042  0.000e+00
      1.347     6.0418   3.224363    32.5695       1323     5.5083  0.000e+00
      1.314     6.0416   3.224265    32.5685       1324     5.5125  0.000e+00
      1.236     6.0414   3.224203    32.5681       1325     5.5167  0.000e+00
      1.110     6.0410   3.224142    32.5679       1326     5.5208  0.000e+00
      0.950     6.0405   3.224265    32.5698       1327     5.5250  0.000e+00
      0.831     6.0403   3.224418    32.5718       1328     5.5292  0.000e+00
      0.749     6.0406   3.224099    32.5679       1329     5.5333  0.000e+00
      0.659     6.0406   3.224056    32.5675       1330     5.5375  0.000e+00
      0.552     6.0401   3.224099    32.5686       1331     5.5417  0.000e+00
      0.499     6.0396   3.224099    32.5690       1332     5.5458  0.000e+00
      0.497     6.0395   3.224081    32.5689       1333     5.5500  0.000e+00
      0.463     6.0394   3.224081    32.5691       1334     5.5542  0.000e+00
      0.362     6.0391   3.224038    32.5689       1335     5.5583  0.000e+00
      0.264     6.0389   3.224019    32.5689       1336     5.5625  0.000e+00
      0.222     6.0388   3.223970    32.5685       1337     5.5667  0.000e+00
      0.167     6.0385   3.223933    32.5684       1338     5.5708  0.000e+00
      0.154     6.0382   3.223958    32.5690       1339     5.5750  0.000e+00
      0.338     6.0377   3.223976    32.5696       1340     5.5792  0.000e+00
      0.547     6.0378   3.224019    32.5698       1341     5.5833  0.000e+00
      0.650     6.0378   3.224056    32.5703       1342     5.5875  0.000e+00
      0.654     6.0382   3.224038    32.5696       1343     5.5917  0.000e+00
      0.629     6.0382   3.223995    32.5691       1344     5.5958  0.000e+00
      0.580     6.0381   3.223933    32.5685       1345     5.6000  0.000e+00
      0.427     6.0380   3.223958    32.5691       1346     5.6042  0.000e+00
      0.233     6.0378   3.223933    32.5691       1347     5.6083  0.000e+00
      0.123     6.0376   3.112192    31.3220       1348     5.6125  0.000e+00
      0.084     6.0370   0.783151     6.9907       1349     5.6167  0.000e+00
      0.084     6.0335   0.432285     3.7026       1350     5.6208  0.000e+00
      0.081     6.0220   0.354119     2.9957       1351     5.6250  0.000e+00
      0.086     6.0098   0.301696     2.5281       1352     5.6292  0.000e+00
      0.083     6.0040   0.299767     2.5114       1353     5.6333  0.000e+00
      0.079     6.0024   0.277335     2.3128       1354     5.6375  0.000e+00
      0.081     6.0021   0.246344     2.0402       1355     5.6417  0.000e+00
      0.077     6.0020   0.229469     1.8928       1356     5.6458  0.000e+00
      0.086     6.0027   0.227333     1.8741       1357     5.6500  0.000e+00
      0.090     6.0030   0.212468     1.7450       1358     5.6542  0.000e+00
      0.086     6.0035   0.191023     1.5597       1359     5.6583  0.000e+00
      0.076     6.0040   0.170207     1.3811       1360     5.6625  0.000e+00
      0.071     6.0043   0.158155     1.2784       1361     5.6667  0.000e+00
      0.072     6.0044   0.141839     1.1402       1362     5.6708  0.000e+00
      0.085     6.0045   0.157946     1.2766       1363     5.6750  0.000e+00
      0.082     6.0040   0.156322     1.2629       1364     5.6792  0.000e+00
      0.082     6.0041   0.154656     1.2487       1365     5.6833  0.000e+00
