HB2502/sbe090.cnv
* Sea-Bird SBE 19plus V2 Data File:
* FileName = C:\cruise\data\sbe090.hex
* Software Version Seasave V 7.26.7.121
* Temperature SN = 6128
* Conductivity SN = 6128
* System UpLoad Time = Apr 13 2025 23:29:06
* NMEA Latitude = 40 52.34 N
* NMEA Longitude = 067 43.34 W
* NMEA UTC (Time) = Apr 13 2025  23:28:21
** Ship: Henry Bigelow
** Cruise:  HB2502
** Program:  Spring Bottom Trawl
# nquan = 7
# nvalues = 1383                                  
# units = specified
# name 0 = depSM: Depth [salt water, m]
# name 1 = tv290C: Temperature [ITS-90, deg C]
# name 2 = c0S/m: Conductivity [S/m]
# name 3 = sal00: Salinity, Practical [PSU]
# name 4 = scan: Scan Count
# name 5 = timeM: Time, Elapsed [minutes]
# name 6 = flag:  0.000e+00
# span 0 =     -0.089,     59.639                 
# span 1 =     4.9240,     5.5035                 
# span 2 =   0.006075,   3.152576                 
# span 3 =     0.0446,    32.4749                 
# span 4 =         11,       1393                 
# span 5 =     0.0417,     5.8000                 
# span 6 = 0.0000e+00, 0.0000e+00                 
# interval = seconds: 0.25
# start_time = Apr 13 2025 23:28:21 [NMEA time, header]
# bad_flag = -9.990e-29
*END*
[from data line 616]
     48.505     4.9246   3.099353    32.2060        627     2.6083  0.000e+00
     48.450     4.9247   3.099396    32.2065        628     2.6125  0.000e+00
     48.386     4.9246   3.099335    32.2059        629     2.6167  0.000e+00
     48.327     4.9247   3.099263    32.2050        630     2.6208  0.000e+00
     48.254     4.9247   3.099063    32.2027        631     2.6250  0.000e+00
     48.191     4.9252   3.098985    32.2014        632     2.6292  0.000e+00
     48.120     4.9255   3.098888    32.2000        633     2.6333  0.000e+00
     48.055     4.9258   3.098972    32.2007        634     2.6375  0.000e+00
     47.972     4.9261   3.098845    32.1990        635     2.6417  0.000e+00
     47.888     4.9262   3.099021    32.2010        636     2.6458  0.000e+00
     47.785     4.9262   3.098984    32.2007        637     2.6500  0.000e+00
     47.691     4.9261   3.098924    32.2001        638     2.6542  0.000e+00
     47.583     4.9261   3.098930    32.2002        639     2.6583  0.000e+00
     47.462     4.9260   3.099081    32.2021        640     2.6625  0.000e+00
     47.338     4.9259   3.099081    32.2022        641     2.6667  0.000e+00
     47.205     4.9258   3.099141    32.2031        642     2.6708  0.000e+00
     47.057     4.9257   3.099159    32.2035        643     2.6750  0.000e+00
     46.908     4.9258   3.098845    32.1999        644     2.6792  0.000e+00
     46.743     4.9257   3.099002    32.2018        645     2.6833  0.000e+00
     46.584     4.9260   3.098984    32.2014        646     2.6875  0.000e+00
     46.421     4.9259   3.098905    32.2007        647     2.6917  0.000e+00
     46.275     4.9261   3.098476    32.1956        648     2.6958  0.000e+00
     46.142     4.9267   3.098597    32.1966        649     2.7000  0.000e+00
     46.025     4.9273   3.098259    32.1921        650     2.7042  0.000e+00
     45.934     4.9282   3.098319    32.1920        651     2.7083  0.000e+00
     45.873     4.9291   3.098180    32.1895        652     2.7125  0.000e+00
     45.837     4.9298   3.098162    32.1887        653     2.7167  0.000e+00
     45.826     4.9308   3.098271    32.1890        654     2.7208  0.000e+00
     45.839     4.9311   3.098301    32.1890        655     2.7250  0.000e+00
     45.871     4.9310   3.098355    32.1897        656     2.7292  0.000e+00
     45.906     4.9305   3.098301    32.1895        657     2.7333  0.000e+00
     45.934     4.9301   3.098222    32.1890        658     2.7375  0.000e+00
     45.960     4.9300   3.098168    32.1885        659     2.7417  0.000e+00
     45.972     4.9301   3.098222    32.1890        660     2.7458  0.000e+00
     45.979     4.9301   3.098162    32.1883        661     2.7500  0.000e+00
     45.960     4.9304   3.098180    32.1882        662     2.7542  0.000e+00
     45.919     4.9306   3.098319    32.1896        663     2.7583  0.000e+00
     45.841     4.9307   3.098784    32.1949        664     2.7625  0.000e+00
     45.733     4.9299   3.098790    32.1959        665     2.7667  0.000e+00
     45.591     4.9291   3.098555    32.1940        666     2.7708  0.000e+00
     45.416     4.9285   3.097908    32.1872        667     2.7750  0.000e+00
     45.217     4.9290   3.098579    32.1946        668     2.7792  0.000e+00
     44.989     4.9295   3.097847    32.1858        669     2.7833  0.000e+00
     44.757     4.9299   3.097672    32.1835        670     2.7875  0.000e+00
     44.518     4.9310   3.097769    32.1837        671     2.7917  0.000e+00
     44.283     4.9326   3.097986    32.1847        672     2.7958  0.000e+00
     44.059     4.9357   3.097775    32.1794        673     2.8000  0.000e+00
     43.858     4.9374   3.097750    32.1776        674     2.8042  0.000e+00
     43.702     4.9374   3.097690    32.1769        675     2.8083  0.000e+00
     43.579     4.9376   3.097732    32.1773        676     2.8125  0.000e+00
     43.485     4.9385   3.097811    32.1773        677     2.8167  0.000e+00
     43.424     4.9395   3.098167    32.1805        678     2.8208  0.000e+00
     43.403     4.9411   3.098608    32.1841        679     2.8250  0.000e+00
     43.415     4.9450   3.098379    32.1777        680     2.8292  0.000e+00
     43.453     4.9469   3.098397    32.1761        681     2.8333  0.000e+00
     43.502     4.9476   3.098179    32.1729        682     2.8375  0.000e+00
     43.557     4.9475   3.098083    32.1718        683     2.8417  0.000e+00
     43.605     4.9466   3.098004    32.1717        684     2.8458  0.000e+00
     43.647     4.9457   3.098101    32.1736        685     2.8500  0.000e+00
     43.672     4.9453   3.098161    32.1748        686     2.8542  0.000e+00
     43.675     4.9452   3.098336    32.1769        687     2.8583  0.000e+00
     43.652     4.9449   3.098475    32.1788        688     2.8625  0.000e+00
     43.609     4.9429   3.098632    32.1825        689     2.8667  0.000e+00
     43.533     4.9402   3.098844    32.1876        690     2.8708  0.000e+00
     43.429     4.9399   3.098922    32.1888        691     2.8750  0.000e+00
     43.294     4.9414   3.098868    32.1868        692     2.8792  0.000e+00
     43.147     4.9426   3.098802    32.1850        693     2.8833  0.000e+00
     42.974     4.9443   3.098747    32.1828        694     2.8875  0.000e+00
     42.798     4.9457   3.098457    32.1782        695     2.8917  0.000e+00
     42.608     4.9462   3.098844    32.1823        696     2.8958  0.000e+00
     42.424     4.9468   3.098638    32.1795        697     2.9000  0.000e+00
     42.253     4.9476   3.098632    32.1787        698     2.9042  0.000e+00
     42.098     4.9479   3.098632    32.1785        699     2.9083  0.000e+00
     41.971     4.9483   3.098553    32.1773        700     2.9125  0.000e+00
     41.857     4.9481   3.098535    32.1772        701     2.9167  0.000e+00
     41.770     4.9484   3.098620    32.1780        702     2.9208  0.000e+00
     41.712     4.9488   3.098608    32.1775        703     2.9250  0.000e+00
     41.669     4.9493   3.098886    32.1802        704     2.9292  0.000e+00
     41.640     4.9505   3.098904    32.1793        705     2.9333  0.000e+00
     41.631     4.9523   3.098964    32.1783        706     2.9375  0.000e+00
     41.620     4.9539   3.099073    32.1779        707     2.9417  0.000e+00
     41.613     4.9555   3.098904    32.1744        708     2.9458  0.000e+00
     41.600     4.9565   3.098843    32.1728        709     2.9500  0.000e+00
     41.582     4.9570   3.098940    32.1734        710     2.9542  0.000e+00
     41.555     4.9573   3.098843    32.1720        711     2.9583  0.000e+00
     41.517     4.9579   3.099508    32.1791        712     2.9625  0.000e+00
     41.462     4.9595   3.099097    32.1729        713     2.9667  0.000e+00
     41.392     4.9607   3.099629    32.1778        714     2.9708  0.000e+00
     41.294     4.9618   3.099472    32.1751        715     2.9750  0.000e+00
     41.184     4.9641   3.098632    32.1632        716     2.9792  0.000e+00
     41.059     4.9629   3.098662    32.1648        717     2.9833  0.000e+00
     40.920     4.9597   3.098589    32.1672        718     2.9875  0.000e+00
     40.768     4.9566   3.098535    32.1696        719     2.9917  0.000e+00
     40.617     4.9537   3.098589    32.1731        720     2.9958  0.000e+00
     40.475     4.9521   3.098607    32.1749        721     3.0000  0.000e+00
     40.351     4.9520   3.098637    32.1755        722     3.0042  0.000e+00
     40.239     4.9511   3.098668    32.1767        723     3.0083  0.000e+00
     40.145     4.9503   3.098553    32.1761        724     3.0125  0.000e+00
     40.056     4.9498   3.098257    32.1733        725     3.0167  0.000e+00
     39.980     4.9507   3.098432    32.1745        726     3.0208  0.000e+00
     39.911     4.9523   3.099550    32.1858        727     3.0250  0.000e+00
     39.861     4.9564   3.100765    32.1959        728     3.0292  0.000e+00
     39.814     4.9650   3.101369    32.1945        729     3.0333  0.000e+00
     39.772     4.9760   3.101230    32.1822        730     3.0375  0.000e+00
     39.736     4.9848   3.101054    32.1717        731     3.0417  0.000e+00
     39.698     4.9902   3.100861    32.1643        732     3.0458  0.000e+00
     39.663     4.9920   3.098999    32.1412        733     3.0500  0.000e+00
     39.614     4.9877   3.100311    32.1605        734     3.0542  0.000e+00
     39.558     4.9840   3.101369    32.1763        735     3.0583  0.000e+00
     39.483     4.9869   3.101592    32.1761        736     3.0625  0.000e+00
     39.398     4.9924   3.101780    32.1729        737     3.0667  0.000e+00
     39.301     4.9979   3.102898    32.1805        738     3.0708  0.000e+00
     39.193     5.0049   3.104446    32.1916        739     3.0750  0.000e+00
     39.079     5.0147   3.104446    32.1821        740     3.0792  0.000e+00
     38.961     5.0262   3.104579    32.1726        741     3.0833  0.000e+00
     38.844     5.0359   3.103968    32.1563        742     3.0875  0.000e+00
     38.726     5.0402   3.103877    32.1512        743     3.0917  0.000e+00
     38.620     5.0415   3.103641    32.1473        744     3.0958  0.000e+00
     38.513     5.0414   3.103853    32.1498        745     3.1000  0.000e+00
     38.408     5.0408   3.101779    32.1267        746     3.1042  0.000e+00
     38.312     5.0358   3.101053    32.1232        747     3.1083  0.000e+00
     38.226     5.0256   3.101150    32.1342        748     3.1125  0.000e+00
     38.141     5.0160   3.101664    32.1495        749     3.1167  0.000e+00
     38.060     5.0107   3.102619    32.1656        750     3.1208  0.000e+00
     37.986     5.0110   3.104718    32.1894        751     3.1250  0.000e+00
     37.903     5.0181   3.105461    32.1911        752     3.1292  0.000e+00
     37.818     5.0315   3.105600    32.1798        753     3.1333  0.000e+00
     37.741     5.0431   3.105600    32.1686        754     3.1375  0.000e+00
     37.654     5.0507   3.105697    32.1624        755     3.1417  0.000e+00
     37.569     5.0562   3.105304    32.1527        756     3.1458  0.000e+00
     37.482     5.0595   3.105291    32.1494        757     3.1500  0.000e+00
     37.403     5.0604   3.105521    32.1512        758     3.1542  0.000e+00
     37.330     5.0612   3.105382    32.1489        759     3.1583  0.000e+00
     37.261     5.0618   3.105582    32.1506        760     3.1625  0.000e+00
     37.200     5.0624   3.105539    32.1495        761     3.1667  0.000e+00
     37.142     5.0634   3.105830    32.1520        762     3.1708  0.000e+00
     37.077     5.0648   3.105872    32.1511        763     3.1750  0.000e+00
     37.016     5.0662   3.105854    32.1495        764     3.1792  0.000e+00
     36.957     5.0673   3.105600    32.1457        765     3.1833  0.000e+00
     36.892     5.0675   3.105346    32.1426        766     3.1875  0.000e+00
     36.825     5.0665   3.105249    32.1425        767     3.1917  0.000e+00
     36.740     5.0645   3.105231    32.1442        768     3.1958  0.000e+00
     36.651     5.0629   3.105206    32.1456        769     3.2000  0.000e+00
     36.566     5.0617   3.105460    32.1496        770     3.2042  0.000e+00
     36.468     5.0615   3.105503    32.1504        771     3.2083  0.000e+00
     36.365     5.0621   3.105678    32.1519        772     3.2125  0.000e+00
     36.268     5.0633   3.105606    32.1499        773     3.2167  0.000e+00
     36.161     5.0641   3.105521    32.1482        774     3.2208  0.000e+00
     36.053     5.0646   3.105660    32.1494        775     3.2250  0.000e+00
     35.951     5.0651   3.105696    32.1494        776     3.2292  0.000e+00
     35.847     5.0658   3.105817    32.1501        777     3.2333  0.000e+00
     35.749     5.0666   3.105829    32.1495        778     3.2375  0.000e+00
     35.660     5.0676   3.105853    32.1489        779     3.2417  0.000e+00
     35.564     5.0685   3.105835    32.1479        780     3.2458  0.000e+00
     35.479     5.0690   3.105853    32.1477        781     3.2500  0.000e+00
     35.389     5.0694   3.105871    32.1476        782     3.2542  0.000e+00
     35.291     5.0699   3.105853    32.1469        783     3.2583  0.000e+00
     35.187     5.0701   3.105829    32.1464        784     3.2625  0.000e+00
     35.084     5.0700   3.105817    32.1465        785     3.2667  0.000e+00
     34.971     5.0702   3.105793    32.1460        786     3.2708  0.000e+00
     34.867     5.0700   3.105793    32.1463        787     3.2750  0.000e+00
     34.765     5.0698   3.105774    32.1463        788     3.2792  0.000e+00
     34.671     5.0696   3.105744    32.1463        789     3.2833  0.000e+00
     34.591     5.0694   3.105738    32.1464        790     3.2875  0.000e+00
     34.506     5.0693   3.105738    32.1466        791     3.2917  0.000e+00
     34.450     5.0693   3.105714    32.1463        792     3.2958  0.000e+00
     34.394     5.0691   3.105635    32.1456        793     3.3000  0.000e+00
     34.347     5.0690   3.105460    32.1437        794     3.3042  0.000e+00
     34.300     5.0681   3.105460    32.1446        795     3.3083  0.000e+00
     34.256     5.0671   3.105502    32.1461        796     3.3125  0.000e+00
     34.209     5.0664   3.105502    32.1468        797     3.3167  0.000e+00
     34.169     5.0661   3.105460    32.1466        798     3.3208  0.000e+00
     34.127     5.0657   3.105520    32.1477        799     3.3250  0.000e+00
     34.073     5.0655   3.105460    32.1472        800     3.3292  0.000e+00
     34.022     5.0655   3.105581    32.1486        801     3.3333  0.000e+00
     33.966     5.0659   3.105460    32.1469        802     3.3375  0.000e+00
     33.902     5.0661   3.105381    32.1458        803     3.3417  0.000e+00
     33.828     5.0654   3.105423    32.1470        804     3.3458  0.000e+00
     33.754     5.0650   3.105393    32.1472        805     3.3500  0.000e+00
     33.664     5.0647   3.105302    32.1464        806     3.3542  0.000e+00
     33.565     5.0643   3.105248    32.1463        807     3.3583  0.000e+00
     33.472     5.0634   3.105187    32.1464        808     3.3625  0.000e+00
     33.362     5.0626   3.105224    32.1476        809     3.3667  0.000e+00
     33.263     5.0622   3.105272    32.1487        810     3.3708  0.000e+00
     33.166     5.0621   3.105224    32.1483        811     3.3750  0.000e+00
     33.073     5.0620   3.105169    32.1478        812     3.3792  0.000e+00
     32.981     5.0617   3.105127    32.1476        813     3.3833  0.000e+00
     32.889     5.0612   3.105090    32.1477        814     3.3875  0.000e+00
     32.804     5.0610   3.105084    32.1479        815     3.3917  0.000e+00
     32.706     5.0606   3.105048    32.1479        816     3.3958  0.000e+00
     32.608     5.0602   3.105127    32.1492        817     3.4000  0.000e+00
     32.505     5.0600   3.105145    32.1497        818     3.4042  0.000e+00
     32.400     5.0603   3.105284    32.1511        819     3.4083  0.000e+00
     32.291     5.0609   3.105483    32.1529        820     3.4125  0.000e+00
     32.172     5.0621   3.105314    32.1498        821     3.4167  0.000e+00
     32.051     5.0633   3.105187    32.1473        822     3.4208  0.000e+00
     31.933     5.0631   3.104286    32.1371        823     3.4250  0.000e+00
     31.821     5.0605   3.103893    32.1352        824     3.4292  0.000e+00
     31.721     5.0561   3.103439    32.1343        825     3.4333  0.000e+00
     31.609     5.0515   3.102992    32.1337        826     3.4375  0.000e+00
     31.502     5.0458   3.103149    32.1410        827     3.4417  0.000e+00
     31.402     5.0414   3.103149    32.1453        828     3.4458  0.000e+00
     31.306     5.0389   3.102792    32.1437        829     3.4500  0.000e+00
     31.214     5.0364   3.102853    32.1469        830     3.4542  0.000e+00
