HB2502/sbe007.cnv
* Sea-Bird SBE 19plus V2 Data File:
* FileName = C:\cruise\data\sbe007.hex
* Software Version Seasave V 7.26.7.121
* Temperature SN = 6128
* Conductivity SN = 6128
* System UpLoad Time = Mar 09 2025 14:52:28
* NMEA Latitude = 38 35.79 N
* NMEA Longitude = 073 12.77 W
* NMEA UTC (Time) = Mar 09 2025  14:51:06
** Ship: Henry Bigelow
** Cruise:  HB2502
** Program:  Spring Bottom Trawl
# nquan = 7
# nvalues = 3620                                  
# units = specified
# name 0 = depSM: Depth [salt water, m]
# name 1 = tv290C: Temperature [ITS-90, deg C]
# name 2 = c0S/m: Conductivity [S/m]
# name 3 = sal00: Salinity, Practical [PSU]
# name 4 = scan: Scan Count
# name 5 = timeM: Time, Elapsed [minutes]
# name 6 = flag:  0.000e+00
# span 0 =      0.025,    172.468                 
# span 1 =     4.0053,    10.4489                 
# span 2 =   0.005572,   3.831154                 
# span 3 =     0.0420,    35.1051                 
# span 4 =         11,       3630                 
# span 5 =     0.0417,    15.1208                 
# span 6 = 0.0000e+00, 0.0000e+00                 
# interval = seconds: 0.25
# start_time = Mar 09 2025 14:51:06 [NMEA time, header]
# bad_flag = -9.990e-29
*END*
[from data line 1642]
    136.282    10.1126   3.821062    34.9512       1653     6.8833  0.000e+00
    136.172    10.1132   3.820366    34.9435       1654     6.8875  0.000e+00
    136.060    10.1152   3.820989    34.9479       1655     6.8917  0.000e+00
    135.949    10.1169   3.821560    34.9522       1656     6.8958  0.000e+00
    135.848    10.1202   3.821606    34.9496       1657     6.9000  0.000e+00
    135.747    10.1229   3.821770    34.9486       1658     6.9042  0.000e+00
    135.651    10.1252   3.821429    34.9430       1659     6.9083  0.000e+00
    135.566    10.1257   3.821127    34.9394       1660     6.9125  0.000e+00
    135.483    10.1252   3.821357    34.9424       1661     6.9167  0.000e+00
    135.405    10.1247   3.821744    34.9468       1662     6.9208  0.000e+00
    135.322    10.1256   3.821993    34.9486       1663     6.9250  0.000e+00
    135.250    10.1271   3.822006    34.9473       1664     6.9292  0.000e+00
    135.171    10.1284   3.822308    34.9491       1665     6.9333  0.000e+00
    135.098    10.1301   3.822577    34.9502       1666     6.9375  0.000e+00
    135.022    10.1320   3.822938    34.9521       1667     6.9417  0.000e+00
    134.939    10.1342   3.822715    34.9477       1668     6.9458  0.000e+00
    134.867    10.1357   3.822551    34.9446       1669     6.9500  0.000e+00
    134.789    10.1361   3.822984    34.9488       1670     6.9542  0.000e+00
    134.713    10.1375   3.823122    34.9488       1671     6.9583  0.000e+00
    134.639    10.1398   3.822853    34.9439       1672     6.9625  0.000e+00
    134.565    10.1407   3.822741    34.9419       1673     6.9667  0.000e+00
    134.486    10.1403   3.822649    34.9414       1674     6.9708  0.000e+00
    134.404    10.1394   3.823076    34.9467       1675     6.9750  0.000e+00
    134.318    10.1399   3.823529    34.9509       1676     6.9792  0.000e+00
    134.229    10.1432   3.823194    34.9442       1677     6.9833  0.000e+00
    134.128    10.1448   3.823574    34.9466       1678     6.9875  0.000e+00
    134.025    10.1465   3.823936    34.9487       1679     6.9917  0.000e+00
    133.911    10.1488   3.824211    34.9494       1680     6.9958  0.000e+00
    133.795    10.1517   3.823752    34.9420       1681     7.0000  0.000e+00
    133.674    10.1544   3.823312    34.9349       1682     7.0042  0.000e+00
    133.558    10.1557   3.824047    34.9412       1683     7.0083  0.000e+00
    133.447    10.1562   3.823502    34.9352       1684     7.0125  0.000e+00
    133.344    10.1561   3.823594    34.9363       1685     7.0167  0.000e+00
    133.248    10.1566   3.822839    34.9281       1686     7.0208  0.000e+00
    133.165    10.1566   3.822780    34.9276       1687     7.0250  0.000e+00
    133.099    10.1555   3.822767    34.9286       1688     7.0292  0.000e+00
    133.046    10.1548   3.822688    34.9284       1689     7.0333  0.000e+00
    132.996    10.1542   3.822668    34.9289       1690     7.0375  0.000e+00
    132.958    10.1536   3.822576    34.9286       1691     7.0417  0.000e+00
    132.924    10.1533   3.822510    34.9282       1692     7.0458  0.000e+00
    132.888    10.1530   3.822478    34.9281       1693     7.0500  0.000e+00
    132.859    10.1526   3.822648    34.9302       1694     7.0542  0.000e+00
    132.818    10.1527   3.822766    34.9314       1695     7.0583  0.000e+00
    132.772    10.1534   3.822688    34.9300       1696     7.0625  0.000e+00
    132.719    10.1534   3.822149    34.9244       1697     7.0667  0.000e+00
    132.657    10.1524   3.821559    34.9195       1698     7.0708  0.000e+00
    132.588    10.1505   3.821270    34.9184       1699     7.0750  0.000e+00
    132.507    10.1482   3.820961    34.9175       1700     7.0792  0.000e+00
    132.407    10.1463   3.820837    34.9181       1701     7.0833  0.000e+00
    132.299    10.1448   3.820535    34.9166       1702     7.0875  0.000e+00
    132.170    10.1434   3.820791    34.9205       1703     7.0917  0.000e+00
    132.032    10.1427   3.820298    34.9162       1704     7.0958  0.000e+00
    131.886    10.1421   3.819734    34.9111       1705     7.1000  0.000e+00
    131.727    10.1414   3.820180    34.9164       1706     7.1042  0.000e+00
    131.562    10.1409   3.819865    34.9138       1707     7.1083  0.000e+00
    131.408    10.1407   3.820416    34.9196       1708     7.1125  0.000e+00
    131.256    10.1411   3.819957    34.9147       1709     7.1167  0.000e+00
    131.113    10.1410   3.817641    34.8912       1710     7.1208  0.000e+00
    130.979    10.1392   3.817746    34.8941       1711     7.1250  0.000e+00
    130.873    10.1371   3.817923    34.8980       1712     7.1292  0.000e+00
    130.790    10.1357   3.817713    34.8972       1713     7.1333  0.000e+00
    130.731    10.1346   3.818198    34.9032       1714     7.1375  0.000e+00
    130.697    10.1341   3.818730    34.9092       1715     7.1417  0.000e+00
    130.678    10.1346   3.819366    34.9152       1716     7.1458  0.000e+00
    130.683    10.1356   3.820108    34.9218       1717     7.1500  0.000e+00
    130.690    10.1369   3.820226    34.9217       1718     7.1542  0.000e+00
    130.703    10.1383   3.820134    34.9194       1719     7.1583  0.000e+00
    130.710    10.1387   3.819707    34.9147       1720     7.1625  0.000e+00
    130.700    10.1386   3.819018    34.9078       1721     7.1667  0.000e+00
    130.666    10.1375   3.818034    34.8988       1722     7.1708  0.000e+00
    130.608    10.1354   3.817595    34.8964       1723     7.1750  0.000e+00
    130.521    10.1334   3.817877    34.9012       1724     7.1792  0.000e+00
    130.397    10.1319   3.818106    34.9050       1725     7.1833  0.000e+00
    130.241    10.1313   3.817050    34.8950       1726     7.1875  0.000e+00
    130.061    10.1300   3.816978    34.8956       1727     7.1917  0.000e+00
    129.860    10.1290   3.816886    34.8957       1728     7.1958  0.000e+00
    129.639    10.1282   3.816525    34.8928       1729     7.2000  0.000e+00
    129.411    10.1273   3.813167    34.8596       1730     7.2042  0.000e+00
    129.196    10.1236   3.812623    34.8577       1731     7.2083  0.000e+00
    128.995    10.1188   3.812150    34.8576       1732     7.2125  0.000e+00
    128.819    10.1146   3.811252    34.8526       1733     7.2167  0.000e+00
    128.678    10.1102   3.810754    34.8518       1734     7.2208  0.000e+00
    128.574    10.1059   3.810623    34.8547       1735     7.2250  0.000e+00
    128.516    10.1027   3.810590    34.8575       1736     7.2292  0.000e+00
    128.501    10.1006   3.810577    34.8593       1737     7.2333  0.000e+00
    128.514    10.0994   3.810544    34.8602       1738     7.2375  0.000e+00
    128.553    10.0987   3.810643    34.8618       1739     7.2417  0.000e+00
    128.617    10.0985   3.810780    34.8634       1740     7.2458  0.000e+00
    128.677    10.0986   3.810957    34.8651       1741     7.2500  0.000e+00
    128.737    10.0991   3.811252    34.8675       1742     7.2542  0.000e+00
    128.781    10.1001   3.811541    34.8696       1743     7.2583  0.000e+00
    128.806    10.1012   3.811770    34.8708       1744     7.2625  0.000e+00
    128.810    10.1026   3.811993    34.8717       1745     7.2667  0.000e+00
    128.783    10.1039   3.812242    34.8730       1746     7.2708  0.000e+00
    128.727    10.1052   3.812419    34.8736       1747     7.2750  0.000e+00
    128.633    10.1065   3.812177    34.8699       1748     7.2792  0.000e+00
    128.481    10.1069   3.811816    34.8659       1749     7.2833  0.000e+00
    128.304    10.1066   3.811141    34.8594       1750     7.2875  0.000e+00
    128.098    10.1052   3.810728    34.8566       1751     7.2917  0.000e+00
    127.854    10.1030   3.810347    34.8550       1752     7.2958  0.000e+00
    127.615    10.1007   3.809239    34.8460       1753     7.3000  0.000e+00
    127.361    10.0972   3.807332    34.8300       1754     7.3042  0.000e+00
    127.110    10.0906   3.799117    34.7527       1755     7.3083  0.000e+00
    126.887    10.0717   3.796531    34.7446       1756     7.3125  0.000e+00
    126.694    10.0488   3.792533    34.7258       1757     7.3167  0.000e+00
    126.540    10.0265   3.789125    34.7125       1758     7.3208  0.000e+00
    126.427    10.0037   3.786189    34.7045       1759     7.3250  0.000e+00
    126.355     9.9821   3.785371    34.7169       1760     7.3292  0.000e+00
    126.324     9.9653   3.785234    34.7316       1761     7.3333  0.000e+00
    126.323     9.9544   3.785038    34.7402       1762     7.3375  0.000e+00
    126.355     9.9474   3.784496    34.7413       1763     7.3417  0.000e+00
    126.392     9.9425   3.784574    34.7469       1764     7.3458  0.000e+00
    126.431     9.9392   3.784587    34.7501       1765     7.3500  0.000e+00
    126.471     9.9372   3.784457    34.7506       1766     7.3542  0.000e+00
    126.492     9.9361   3.784143    34.7486       1767     7.3583  0.000e+00
    126.497     9.9346   3.783914    34.7476       1768     7.3625  0.000e+00
    126.487     9.9331   3.783607    34.7459       1769     7.3667  0.000e+00
    126.456     9.9315   3.783189    34.7432       1770     7.3708  0.000e+00
    126.412     9.9293   3.781639    34.7294       1771     7.3750  0.000e+00
    126.339     9.9254   3.779045    34.7067       1772     7.3792  0.000e+00
    126.247     9.9175   3.776889    34.6922       1773     7.3833  0.000e+00
    126.127     9.9059   3.772997    34.6636       1774     7.3875  0.000e+00
    125.997     9.8906   3.765915    34.6058       1775     7.3917  0.000e+00
    125.846     9.8653   3.760097    34.5705       1776     7.3958  0.000e+00
    125.683     9.8342   3.757444    34.5732       1777     7.4000  0.000e+00
    125.494     9.8055   3.753957    34.5651       1778     7.4042  0.000e+00
    125.302     9.7811   3.751202    34.5603       1779     7.4083  0.000e+00
    125.112     9.7593   3.749365    34.5625       1780     7.4125  0.000e+00
    124.926     9.7412   3.747906    34.5649       1781     7.4167  0.000e+00
    124.751     9.7267   3.746650    34.5661       1782     7.4208  0.000e+00
    124.586     9.7149   3.745933    34.5701       1783     7.4250  0.000e+00
    124.442     9.7058   3.745588    34.5754       1784     7.4292  0.000e+00
    124.323     9.6994   3.745419    34.5798       1785     7.4333  0.000e+00
    124.234     9.6950   3.745308    34.5830       1786     7.4375  0.000e+00
    124.169     9.6920   3.745172    34.5844       1787     7.4417  0.000e+00
    124.136     9.6903   3.745074    34.5852       1788     7.4458  0.000e+00
    124.128     9.6890   3.745029    34.5860       1789     7.4500  0.000e+00
    124.131     9.6878   3.745016    34.5869       1790     7.4542  0.000e+00
    124.139     9.6875   3.745003    34.5870       1791     7.4583  0.000e+00
    124.148     9.6871   3.744996    34.5874       1792     7.4625  0.000e+00
    124.157     9.6870   3.744983    34.5873       1793     7.4667  0.000e+00
    124.161     9.6866   3.744983    34.5877       1794     7.4708  0.000e+00
    124.156     9.6867   3.744905    34.5869       1795     7.4750  0.000e+00
    124.127     9.6866   3.744892    34.5868       1796     7.4792  0.000e+00
    124.089     9.6864   3.744820    34.5863       1797     7.4833  0.000e+00
    124.033     9.6861   3.744710    34.5854       1798     7.4875  0.000e+00
    123.941     9.6858   3.744566    34.5844       1799     7.4917  0.000e+00
    123.836     9.6852   3.744293    34.5821       1800     7.4958  0.000e+00
    123.708     9.6844   3.743941    34.5793       1801     7.5000  0.000e+00
    123.576     9.6832   3.743798    34.5791       1802     7.5042  0.000e+00
    123.431     9.6819   3.743648    34.5789       1803     7.5083  0.000e+00
    123.281     9.6805   3.743336    34.5770       1804     7.5125  0.000e+00
    123.131     9.6793   3.743271    34.5776       1805     7.5167  0.000e+00
    122.982     9.6781   3.743186    34.5780       1806     7.5208  0.000e+00
    122.846     9.6772   3.742945    34.5764       1807     7.5250  0.000e+00
    122.725     9.6761   3.742457    34.5725       1808     7.5292  0.000e+00
    122.615     9.6746   3.741956    34.5688       1809     7.5333  0.000e+00
    122.525     9.6726   3.741097    34.5619       1810     7.5375  0.000e+00
    122.451     9.6692   3.740889    34.5631       1811     7.5417  0.000e+00
    122.381     9.6663   3.740414    34.5610       1812     7.5458  0.000e+00
    122.339     9.6634   3.740681    34.5666       1813     7.5500  0.000e+00
    122.292     9.6617   3.739223    34.5532       1814     7.5542  0.000e+00
    122.249     9.6590   3.738898    34.5525       1815     7.5583  0.000e+00
    122.208     9.6554   3.738299    34.5499       1816     7.5625  0.000e+00
    122.157     9.6517   3.737200    34.5421       1817     7.5667  0.000e+00
    122.101     9.6472   3.735873    34.5328       1818     7.5708  0.000e+00
    122.031     9.6413   3.734599    34.5253       1819     7.5750  0.000e+00
    121.959     9.6344   3.734007    34.5260       1820     7.5792  0.000e+00
    121.865     9.6283   3.733311    34.5247       1821     7.5833  0.000e+00
    121.771     9.6227   3.733032    34.5272       1822     7.5875  0.000e+00
    121.668     9.6184   3.732934    34.5304       1823     7.5917  0.000e+00
    121.565     9.6155   3.732941    34.5333       1824     7.5958  0.000e+00
    121.456     9.6136   3.732759    34.5333       1825     7.6000  0.000e+00
    121.355     9.6123   3.732557    34.5325       1826     7.6042  0.000e+00
    121.263     9.6110   3.732271    34.5308       1827     7.6083  0.000e+00
    121.173     9.6094   3.731764    34.5272       1828     7.6125  0.000e+00
    121.094     9.6073   3.731744    34.5291       1829     7.6167  0.000e+00
    121.026     9.6057   3.731647    34.5296       1830     7.6208  0.000e+00
    120.974     9.6046   3.731556    34.5298       1831     7.6250  0.000e+00
    120.918     9.6037   3.731484    34.5299       1832     7.6292  0.000e+00
    120.873     9.6029   3.731465    34.5305       1833     7.6333  0.000e+00
    120.826     9.6024   3.731393    34.5303       1834     7.6375  0.000e+00
    120.782     9.6020   3.731244    34.5292       1835     7.6417  0.000e+00
    120.724     9.6014   3.731120    34.5284       1836     7.6458  0.000e+00
    120.663     9.6005   3.730750    34.5255       1837     7.6500  0.000e+00
    120.587     9.5993   3.729924    34.5182       1838     7.6542  0.000e+00
    120.497     9.5969   3.729619    34.5174       1839     7.6583  0.000e+00
    120.399     9.5942   3.728884    34.5125       1840     7.6625  0.000e+00
    120.284     9.5910   3.728845    34.5152       1841     7.6667  0.000e+00
    120.155     9.5883   3.728585    34.5152       1842     7.6708  0.000e+00
    120.018     9.5863   3.727961    34.5107       1843     7.6750  0.000e+00
    119.876     9.5843   3.727071    34.5035       1844     7.6792  0.000e+00
    119.737     9.5811   3.725817    34.4938       1845     7.6833  0.000e+00
    119.602     9.5760   3.722115    34.4605       1846     7.6875  0.000e+00
    119.486     9.5662   3.722732    34.4764       1847     7.6917  0.000e+00
    119.374     9.5583   3.722758    34.4842       1848     7.6958  0.000e+00
    119.279     9.5537   3.722693    34.4881       1849     7.7000  0.000e+00
    119.208     9.5507   3.721862    34.4824       1850     7.7042  0.000e+00
    119.151     9.5489   3.722511    34.4909       1851     7.7083  0.000e+00
    119.104     9.5474   3.720738    34.4740       1852     7.7125  0.000e+00
    119.058     9.5448   3.720739    34.4765       1853     7.7167  0.000e+00
    119.026     9.5418   3.719648    34.4682       1854     7.7208  0.000e+00
    118.992     9.5381   3.718947    34.4645       1855     7.7250  0.000e+00
    118.954     9.5342   3.718531    34.4640       1856     7.7292  0.000e+00
