HB2502/sbe084.cnv
* Sea-Bird SBE 19plus V2 Data File:
* FileName = C:\cruise\data\sbe084.hex
* Software Version Seasave V 7.26.7.121
* Temperature SN = 6128
* Conductivity SN = 6128
* System UpLoad Time = Apr 12 2025 20:55:27
* NMEA Latitude = 40 25.45 N
* NMEA Longitude = 067 34.43 W
* NMEA UTC (Time) = Apr 12 2025  20:54:40
** Ship: Henry Bigelow
** Cruise:  HB2502
** Program:  Spring Bottom Trawl
# nquan = 7
# nvalues = 3267                                  
# units = specified
# name 0 = depSM: Depth [salt water, m]
# name 1 = tv290C: Temperature [ITS-90, deg C]
# name 2 = c0S/m: Conductivity [S/m]
# name 3 = sal00: Salinity, Practical [PSU]
# name 4 = scan: Scan Count
# name 5 = timeM: Time, Elapsed [minutes]
# name 6 = flag:  0.000e+00
# span 0 =      0.096,    152.884                 
# span 1 =     4.7430,     8.9876                 
# span 2 =   0.001394,   3.658349                 
# span 3 =     0.0116,    34.3582                 
# span 4 =         11,       3277                 
# span 5 =     0.0417,    13.6500                 
# span 6 = 0.0000e+00, 0.0000e+00                 
# interval = seconds: 0.25
# start_time = Apr 12 2025 20:54:40 [NMEA time, header]
# bad_flag = -9.990e-29
*END*
[from data line 1436]
    126.078     8.7638   3.620108    34.1771       1447     6.0250  0.000e+00
    125.915     8.7491   3.620217    34.1926       1448     6.0292  0.000e+00
    125.745     8.7392   3.617995    34.1788       1449     6.0333  0.000e+00
    125.572     8.7304   3.617996    34.1874       1450     6.0375  0.000e+00
    125.401     8.7219   3.617167    34.1869       1451     6.0417  0.000e+00
    125.238     8.7158   3.616037    34.1811       1452     6.0458  0.000e+00
    125.088     8.7089   3.615036    34.1772       1453     6.0500  0.000e+00
    124.950     8.7015   3.614683    34.1807       1454     6.0542  0.000e+00
    124.819     8.6951   3.615839    34.1991       1455     6.0583  0.000e+00
    124.718     8.6919   3.615216    34.1957       1456     6.0625  0.000e+00
    124.626     8.6906   3.615569    34.2007       1457     6.0667  0.000e+00
    124.560     8.6901   3.614503    34.1900       1458     6.0708  0.000e+00
    124.504     8.6885   3.612751    34.1731       1459     6.0750  0.000e+00
    124.460     8.6839   3.612039    34.1701       1460     6.0792  0.000e+00
    124.428     8.6777   3.610820    34.1633       1461     6.0833  0.000e+00
    124.394     8.6709   3.609845    34.1596       1462     6.0875  0.000e+00
    124.378     8.6637   3.609467    34.1626       1463     6.0917  0.000e+00
    124.351     8.6570   3.610731    34.1823       1464     6.0958  0.000e+00
    124.336     8.6537   3.611706    34.1958       1465     6.1000  0.000e+00
    124.309     8.6543   3.611597    34.1941       1466     6.1042  0.000e+00
    124.280     8.6559   3.612283    34.1998       1467     6.1083  0.000e+00
    124.251     8.6581   3.613503    34.2105       1468     6.1125  0.000e+00
    124.220     8.6621   3.614215    34.2142       1469     6.1167  0.000e+00
    124.178     8.6672   3.614683    34.2142       1470     6.1208  0.000e+00
    124.146     8.6722   3.614349    34.2059       1471     6.1250  0.000e+00
    124.115     8.6758   3.613547    34.1939       1472     6.1292  0.000e+00
    124.077     8.6769   3.611045    34.1666       1473     6.1333  0.000e+00
    124.040     8.6736   3.608960    34.1478       1474     6.1375  0.000e+00
    123.988     8.6654   3.607498    34.1404       1475     6.1417  0.000e+00
    123.917     8.6547   3.606587    34.1411       1476     6.1458  0.000e+00
    123.829     8.6444   3.606767    34.1530       1477     6.1500  0.000e+00
    123.717     8.6364   3.605702    34.1496       1478     6.1542  0.000e+00
    123.588     8.6301   3.603862    34.1363       1479     6.1583  0.000e+00
    123.438     8.6227   3.603048    34.1350       1480     6.1625  0.000e+00
    123.264     8.6144   3.604638    34.1598       1481     6.1667  0.000e+00
    123.078     8.6088   3.604420    34.1630       1482     6.1708  0.000e+00
    122.888     8.6075   3.601875    34.1375       1483     6.1750  0.000e+00
    122.680     8.6030   3.596749    34.0879       1484     6.1792  0.000e+00
    122.488     8.5906   3.595776    34.0897       1485     6.1833  0.000e+00
    122.302     8.5753   3.592202    34.0668       1486     6.1875  0.000e+00
    122.126     8.5572   3.590596    34.0674       1487     6.1917  0.000e+00
    121.974     8.5385   3.587863    34.0567       1488     6.1958  0.000e+00
    121.842     8.5194   3.587466    34.0710       1489     6.2000  0.000e+00
    121.728     8.5031   3.587972    34.0921       1490     6.2042  0.000e+00
    121.646     8.4920   3.587953    34.1026       1491     6.2083  0.000e+00
    121.585     8.4861   3.588235    34.1114       1492     6.2125  0.000e+00
    121.541     8.4825   3.587800    34.1103       1493     6.2167  0.000e+00
    121.520     8.4804   3.587006    34.1039       1494     6.2208  0.000e+00
    121.510     8.4774   3.586565    34.1021       1495     6.2250  0.000e+00
    121.518     8.4741   3.586565    34.1054       1496     6.2292  0.000e+00
    121.522     8.4712   3.586430    34.1067       1497     6.2333  0.000e+00
    121.531     8.4692   3.586520    34.1096       1498     6.2375  0.000e+00
    121.531     8.4677   3.586078    34.1064       1499     6.2417  0.000e+00
    121.516     8.4664   3.585707    34.1038       1500     6.2458  0.000e+00
    121.484     8.4643   3.585266    34.1011       1501     6.2500  0.000e+00
    121.428     8.4621   3.584716    34.0974       1502     6.2542  0.000e+00
    121.343     8.4593   3.584121    34.0939       1503     6.2583  0.000e+00
    121.238     8.4558   3.583488    34.0906       1504     6.2625  0.000e+00
    121.112     8.4516   3.583264    34.0923       1505     6.2667  0.000e+00
    120.962     8.4478   3.582324    34.0861       1506     6.2708  0.000e+00
    120.793     8.4439   3.582388    34.0907       1507     6.2750  0.000e+00
    120.605     8.4402   3.582739    34.0981       1508     6.2792  0.000e+00
    120.401     8.4382   3.579970    34.0708       1509     6.2833  0.000e+00
    120.191     8.4337   3.579094    34.0660       1510     6.2875  0.000e+00
    119.985     8.4260   3.579484    34.0776       1511     6.2917  0.000e+00
    119.775     8.4202   3.577579    34.0632       1512     6.2958  0.000e+00
    119.590     8.4139   3.576589    34.0588       1513     6.3000  0.000e+00
    119.419     8.4065   3.575496    34.0545       1514     6.3042  0.000e+00
    119.273     8.3985   3.575036    34.0574       1515     6.3083  0.000e+00
    119.157     8.3910   3.573566    34.0491       1516     6.3125  0.000e+00
    119.070     8.3835   3.572033    34.0402       1517     6.3167  0.000e+00
    119.016     8.3741   3.571158    34.0400       1518     6.3208  0.000e+00
    118.992     8.3649   3.569715    34.0336       1519     6.3250  0.000e+00
    118.994     8.3560   3.567742    34.0213       1520     6.3292  0.000e+00
    119.014     8.3454   3.567001    34.0237       1521     6.3333  0.000e+00
    119.047     8.3349   3.568048    34.0449       1522     6.3375  0.000e+00
    119.079     8.3281   3.569294    34.0647       1523     6.3417  0.000e+00
    119.110     8.3264   3.570980    34.0843       1524     6.3458  0.000e+00
    119.123     8.3297   3.572142    34.0934       1525     6.3500  0.000e+00
    119.126     8.3360   3.572666    34.0929       1526     6.3542  0.000e+00
    119.114     8.3427   3.572449    34.0841       1527     6.3583  0.000e+00
    119.083     8.3478   3.571727    34.0715       1528     6.3625  0.000e+00
    119.018     8.3499   3.570168    34.0529       1529     6.3667  0.000e+00
    118.938     8.3480   3.567237    34.0237       1530     6.3708  0.000e+00
    118.824     8.3405   3.564639    34.0034       1531     6.3750  0.000e+00
    118.686     8.3277   3.561034    33.9776       1532     6.3792  0.000e+00
    118.540     8.3105   3.555497    33.9355       1533     6.3833  0.000e+00
    118.355     8.2856   3.547518    33.8749       1534     6.3875  0.000e+00
    118.148     8.2518   3.542436    33.8535       1535     6.3917  0.000e+00
    117.944     8.2109   3.540705    33.8746       1536     6.3958  0.000e+00
    117.718     8.1747   3.541004    33.9129       1537     6.4000  0.000e+00
    117.491     8.1480   3.538980    33.9172       1538     6.4042  0.000e+00
    117.272     8.1287   3.539515    33.9418       1539     6.4083  0.000e+00
    117.060     8.1147   3.539643    33.9567       1540     6.4125  0.000e+00
    116.876     8.1068   3.539102    33.9587       1541     6.4167  0.000e+00
    116.716     8.1012   3.538344    33.9561       1542     6.4208  0.000e+00
    116.588     8.0964   3.536913    33.9456       1543     6.4250  0.000e+00
    116.491     8.0905   3.535723    33.9386       1544     6.4292  0.000e+00
    116.436     8.0828   3.535831    33.9472       1545     6.4333  0.000e+00
    116.398     8.0764   3.535767    33.9528       1546     6.4375  0.000e+00
    116.382     8.0718   3.535615    33.9556       1547     6.4417  0.000e+00
    116.382     8.0690   3.535526    33.9574       1548     6.4458  0.000e+00
    116.377     8.0668   3.535507    33.9593       1549     6.4500  0.000e+00
    116.370     8.0653   3.535615    33.9620       1550     6.4542  0.000e+00
    116.362     8.0645   3.535787    33.9645       1551     6.4583  0.000e+00
    116.344     8.0644   3.535920    33.9661       1552     6.4625  0.000e+00
    116.311     8.0649   3.536181    33.9684       1553     6.4667  0.000e+00
    116.259     8.0658   3.536028    33.9659       1554     6.4708  0.000e+00
    116.198     8.0663   3.535227    33.9569       1555     6.4750  0.000e+00
    116.120     8.0655   3.533929    33.9438       1556     6.4792  0.000e+00
    116.028     8.0621   3.530813    33.9139       1557     6.4833  0.000e+00
    115.928     8.0532   3.528181    33.8944       1558     6.4875  0.000e+00
    115.814     8.0402   3.525765    33.8813       1559     6.4917  0.000e+00
    115.709     8.0239   3.520772    33.8437       1560     6.4958  0.000e+00
    115.590     8.0026   3.518740    33.8426       1561     6.5000  0.000e+00
    115.465     7.9793   3.515927    33.8352       1562     6.5042  0.000e+00
    115.345     7.9562   3.513154    33.8279       1563     6.5083  0.000e+00
    115.210     7.9334   3.513478    33.8534       1564     6.5125  0.000e+00
    115.078     7.9151   3.511244    33.8473       1565     6.5167  0.000e+00
    114.933     7.9002   3.510071    33.8493       1566     6.5208  0.000e+00
    114.797     7.8858   3.509310    33.8551       1567     6.5250  0.000e+00
    114.664     7.8740   3.510173    33.8758       1568     6.5292  0.000e+00
    114.528     7.8668   3.509481    33.8755       1569     6.5333  0.000e+00
    114.403     7.8620   3.509849    33.8841       1570     6.5375  0.000e+00
    114.295     7.8593   3.509913    33.8875       1571     6.5417  0.000e+00
    114.197     7.8579   3.510192    33.8919       1572     6.5458  0.000e+00
    114.123     7.8581   3.510794    33.8982       1573     6.5500  0.000e+00
    114.053     7.8591   3.510966    33.8991       1574     6.5542  0.000e+00
    113.996     7.8607   3.511048    33.8984       1575     6.5583  0.000e+00
    113.931     7.8625   3.510318    33.8889       1576     6.5625  0.000e+00
    113.886     7.8629   3.510084    33.8860       1577     6.5667  0.000e+00
    113.824     7.8619   3.510128    33.8875       1578     6.5708  0.000e+00
    113.763     7.8608   3.510407    33.8916       1579     6.5750  0.000e+00
    113.691     7.8603   3.509785    33.8855       1580     6.5792  0.000e+00
    113.598     7.8595   3.509056    33.8784       1581     6.5833  0.000e+00
    113.502     7.8574   3.508193    33.8713       1582     6.5875  0.000e+00
    113.378     7.8536   3.507940    33.8723       1583     6.5917  0.000e+00
    113.249     7.8495   3.507851    33.8754       1584     6.5958  0.000e+00
    113.102     7.8462   3.501834    33.8141       1585     6.6000  0.000e+00
    112.949     7.8361   3.497969    33.7824       1586     6.6042  0.000e+00
    112.785     7.8147   3.496898    33.7917       1587     6.6083  0.000e+00
    112.622     7.7939   3.493586    33.7763       1588     6.6125  0.000e+00
    112.465     7.7737   3.491244    33.7708       1589     6.6167  0.000e+00
    112.314     7.7528   3.490111    33.7789       1590     6.6208  0.000e+00
    112.174     7.7340   3.487308    33.7670       1591     6.6250  0.000e+00
    112.047     7.7159   3.486068    33.7713       1592     6.6292  0.000e+00
    111.942     7.6988   3.485638    33.7833       1593     6.6333  0.000e+00
    111.854     7.6851   3.483323    33.7717       1594     6.6375  0.000e+00
    111.793     7.6726   3.482513    33.7751       1595     6.6417  0.000e+00
    111.745     7.6606   3.480901    33.7694       1596     6.6458  0.000e+00
    111.716     7.6492   3.479181    33.7619       1597     6.6500  0.000e+00
    111.694     7.6373   3.477127    33.7513       1598     6.6542  0.000e+00
    111.669     7.6238   3.476356    33.7561       1599     6.6583  0.000e+00
    111.650     7.6109   3.475718    33.7618       1600     6.6625  0.000e+00
    111.615     7.6002   3.474789    33.7622       1601     6.6667  0.000e+00
    111.581     7.5904   3.472951    33.7518       1602     6.6708  0.000e+00
    111.530     7.5806   3.471416    33.7448       1603     6.6750  0.000e+00
    111.464     7.5689   3.468985    33.7299       1604     6.6792  0.000e+00
    111.381     7.5556   3.465197    33.7019       1605     6.6833  0.000e+00
    111.279     7.5379   3.461184    33.6758       1606     6.6875  0.000e+00
    111.169     7.5145   3.459077    33.6757       1607     6.6917  0.000e+00
    111.035     7.4904   3.457091    33.6776       1608     6.6958  0.000e+00
    110.894     7.4683   3.455181    33.6785       1609     6.7000  0.000e+00
    110.744     7.4477   3.454752    33.6939       1610     6.7042  0.000e+00
    110.584     7.4312   3.454481    33.7071       1611     6.7083  0.000e+00
    110.414     7.4192   3.453259    33.7056       1612     6.7125  0.000e+00
    110.240     7.4093   3.452061    33.7022       1613     6.7167  0.000e+00
    110.076     7.3998   3.451784    33.7085       1614     6.7208  0.000e+00
    109.922     7.3920   3.450732    33.7049       1615     6.7250  0.000e+00
    109.771     7.3846   3.450253    33.7069       1616     6.7292  0.000e+00
    109.634     7.3781   3.449371    33.7037       1617     6.7333  0.000e+00
    109.505     7.3716   3.448539    33.7010       1618     6.7375  0.000e+00
    109.404     7.3652   3.448167    33.7033       1619     6.7417  0.000e+00
    109.313     7.3591   3.447852    33.7059       1620     6.7458  0.000e+00
    109.233     7.3543   3.447727    33.7092       1621     6.7500  0.000e+00
    109.167     7.3504   3.447519    33.7108       1622     6.7542  0.000e+00
    109.114     7.3476   3.447368    33.7119       1623     6.7583  0.000e+00
    109.069     7.3451   3.447223    33.7127       1624     6.7625  0.000e+00
    109.032     7.3435   3.447122    33.7133       1625     6.7667  0.000e+00
    108.997     7.3419   3.447034    33.7139       1626     6.7708  0.000e+00
    108.959     7.3406   3.447015    33.7150       1627     6.7750  0.000e+00
    108.921     7.3397   3.446971    33.7154       1628     6.7792  0.000e+00
    108.878     7.3390   3.446946    33.7158       1629     6.7833  0.000e+00
    108.826     7.3385   3.446826    33.7150       1630     6.7875  0.000e+00
    108.759     7.3380   3.446656    33.7136       1631     6.7917  0.000e+00
    108.674     7.3374   3.446549    33.7131       1632     6.7958  0.000e+00
    108.578     7.3365   3.446530    33.7139       1633     6.8000  0.000e+00
    108.466     7.3359   3.446656    33.7159       1634     6.8042  0.000e+00
    108.333     7.3356   3.446681    33.7165       1635     6.8083  0.000e+00
    108.180     7.3358   3.446530    33.7147       1636     6.8125  0.000e+00
    108.023     7.3357   3.445988    33.7090       1637     6.8167  0.000e+00
    107.850     7.3351   3.445314    33.7023       1638     6.8208  0.000e+00
    107.680     7.3326   3.445270    33.7044       1639     6.8250  0.000e+00
    107.515     7.3299   3.444766    33.7016       1640     6.8292  0.000e+00
    107.363     7.3270   3.444275    33.6992       1641     6.8333  0.000e+00
    107.220     7.3238   3.443740    33.6965       1642     6.8375  0.000e+00
    107.090     7.3204   3.442311    33.6843       1643     6.8417  0.000e+00
    106.988     7.3152   3.441404    33.6796       1644     6.8458  0.000e+00
    106.898     7.3089   3.441096    33.6825       1645     6.8500  0.000e+00
    106.827     7.3028   3.440832    33.6855       1646     6.8542  0.000e+00
    106.764     7.2979   3.440592    33.6877       1647     6.8583  0.000e+00
    106.717     7.2941   3.440467    33.6901       1648     6.8625  0.000e+00
    106.677     7.2912   3.440385    33.6921       1649     6.8667  0.000e+00
    106.638     7.2893   3.440366    33.6937       1650     6.8708  0.000e+00
    106.595     7.2877   3.440278    33.6943       1651     6.8750  0.000e+00
