HB2502/sbe060.cnv
* Sea-Bird SBE 19plus V2 Data File:
* FileName = C:\cruise\data\sbe060.hex
* Software Version Seasave V 7.26.7.121
* Temperature SN = 6128
* Conductivity SN = 6128
* System UpLoad Time = Apr 05 2025 01:35:12
* NMEA Latitude = 39 49.02 N
* NMEA Longitude = 071 51.11 W
* NMEA UTC (Time) = Apr 05 2025  01:34:17
** Ship: Henry Bigelow
** Cruise:  HB2502
** Program:  Spring Bottom Trawl
# nquan = 7
# nvalues = 4087                                  
# units = specified
# name 0 = depSM: Depth [salt water, m]
# name 1 = tv290C: Temperature [ITS-90, deg C]
# name 2 = c0S/m: Conductivity [S/m]
# name 3 = sal00: Salinity, Practical [PSU]
# name 4 = scan: Scan Count
# name 5 = timeM: Time, Elapsed [minutes]
# name 6 = flag:  0.000e+00
# span 0 =     -0.031,    176.709                 
# span 1 =     4.9622,    10.6729                 
# span 2 =   0.004018,   3.857792                 
# span 3 =     0.0282,    35.0288                 
# span 4 =         11,       4097                 
# span 5 =     0.0417,    17.0667                 
# span 6 = 0.0000e+00, 0.0000e+00                 
# interval = seconds: 0.25
# start_time = Apr 05 2025 01:34:17 [NMEA time, header]
# bad_flag = -9.990e-29
*END*
[from data line 2872]
     70.155     5.5103   3.213585    32.9297       2883    12.0083  0.000e+00
     70.103     5.5113   3.213873    32.9321       2884    12.0125  0.000e+00
     70.056     5.5136   3.214357    32.9353       2885    12.0167  0.000e+00
     70.009     5.5170   3.215074    32.9401       2886    12.0208  0.000e+00
     69.967     5.5216   3.215154    32.9366       2887    12.0250  0.000e+00
     69.940     5.5259   3.215135    32.9322       2888    12.0292  0.000e+00
     69.909     5.5288   3.215178    32.9298       2889    12.0333  0.000e+00
     69.877     5.5309   3.215178    32.9277       2890    12.0375  0.000e+00
     69.858     5.5322   3.214277    32.9162       2891    12.0417  0.000e+00
     69.833     5.5312   3.213051    32.9033       2892    12.0458  0.000e+00
     69.813     5.5271   3.212414    32.9002       2893    12.0500  0.000e+00
     69.789     5.5211   3.212200    32.9036       2894    12.0542  0.000e+00
     69.770     5.5157   3.211992    32.9065       2895    12.0583  0.000e+00
     69.736     5.5114   3.210913    32.8985       2896    12.0625  0.000e+00
     69.698     5.5074   3.208451    32.8745       2897    12.0667  0.000e+00
     69.649     5.4985   3.204667    32.8402       2898    12.0708  0.000e+00
     69.590     5.4826   3.203345    32.8409       2899    12.0750  0.000e+00
     69.516     5.4636   3.201723    32.8410       2900    12.0792  0.000e+00
     69.429     5.4461   3.200120    32.8400       2901    12.0833  0.000e+00
     69.328     5.4285   3.198175    32.8351       2902    12.0875  0.000e+00
     69.223     5.4109   3.196224    32.8302       2903    12.0917  0.000e+00
     69.113     5.3932   3.194909    32.8326       2904    12.0958  0.000e+00
     69.002     5.3770   3.194280    32.8414       2905    12.1000  0.000e+00
     68.888     5.3640   3.194164    32.8528       2906    12.1042  0.000e+00
     68.782     5.3548   3.194103    32.8612       2907    12.1083  0.000e+00
     68.684     5.3490   3.194060    32.8665       2908    12.1125  0.000e+00
     68.597     5.3452   3.194139    32.8711       2909    12.1167  0.000e+00
     68.515     5.3435   3.194078    32.8721       2910    12.1208  0.000e+00
     68.444     5.3422   3.193999    32.8726       2911    12.1250  0.000e+00
     68.375     5.3414   3.193919    32.8725       2912    12.1292  0.000e+00
     68.330     5.3408   3.193870    32.8725       2913    12.1333  0.000e+00
     68.290     5.3403   3.193840    32.8727       2914    12.1375  0.000e+00
     68.250     5.3400   3.193815    32.8728       2915    12.1417  0.000e+00
     68.225     5.3398   3.193754    32.8723       2916    12.1458  0.000e+00
     68.199     5.3394   3.193718    32.8722       2917    12.1500  0.000e+00
     68.175     5.3392   3.193656    32.8717       2918    12.1542  0.000e+00
     68.139     5.3391   3.193614    32.8713       2919    12.1583  0.000e+00
     68.117     5.3388   3.193595    32.8715       2920    12.1625  0.000e+00
     68.078     5.3386   3.193571    32.8714       2921    12.1667  0.000e+00
     68.025     5.3384   3.193473    32.8705       2922    12.1708  0.000e+00
     67.960     5.3382   3.193412    32.8701       2923    12.1750  0.000e+00
     67.891     5.3379   3.193308    32.8692       2924    12.1792  0.000e+00
     67.812     5.3375   3.192580    32.8613       2925    12.1833  0.000e+00
     67.721     5.3363   3.192116    32.8572       2926    12.1875  0.000e+00
     67.626     5.3344   3.192116    32.8592       2927    12.1917  0.000e+00
     67.530     5.3329   3.192660    32.8669       2928    12.1958  0.000e+00
     67.445     5.3322   3.191755    32.8573       2929    12.2000  0.000e+00
     67.361     5.3314   3.191205    32.8519       2930    12.2042  0.000e+00
     67.282     5.3291   3.191205    32.8542       2931    12.2083  0.000e+00
     67.211     5.3272   3.191327    32.8575       2932    12.2125  0.000e+00
     67.157     5.3259   3.191511    32.8609       2933    12.2167  0.000e+00
     67.110     5.3256   3.191266    32.8584       2934    12.2208  0.000e+00
     67.071     5.3253   3.191205    32.8580       2935    12.2250  0.000e+00
     67.048     5.3250   3.191046    32.8564       2936    12.2292  0.000e+00
     67.027     5.3244   3.190961    32.8561       2937    12.2333  0.000e+00
     67.006     5.3237   3.190924    32.8564       2938    12.2375  0.000e+00
     66.997     5.3232   3.190942    32.8571       2939    12.2417  0.000e+00
     66.981     5.3227   3.190924    32.8574       2940    12.2458  0.000e+00
     66.956     5.3227   3.190942    32.8576       2941    12.2500  0.000e+00
     66.928     5.3223   3.190942    32.8580       2942    12.2542  0.000e+00
     66.890     5.3224   3.190942    32.8579       2943    12.2583  0.000e+00
     66.845     5.3223   3.190905    32.8576       2944    12.2625  0.000e+00
     66.782     5.3222   3.190863    32.8572       2945    12.2667  0.000e+00
     66.704     5.3222   3.190722    32.8557       2946    12.2708  0.000e+00
     66.623     5.3218   3.190905    32.8582       2947    12.2750  0.000e+00
     66.528     5.3217   3.190459    32.8533       2948    12.2792  0.000e+00
     66.428     5.3209   3.188644    32.8334       2949    12.2833  0.000e+00
     66.322     5.3170   3.185950    32.8066       2950    12.2875  0.000e+00
     66.217     5.3074   3.185205    32.8075       2951    12.2917  0.000e+00
     66.123     5.2969   3.184821    32.8135       2952    12.2958  0.000e+00
     66.019     5.2878   3.184638    32.8203       2953    12.3000  0.000e+00
     65.940     5.2812   3.184112    32.8208       2954    12.3042  0.000e+00
     65.871     5.2760   3.183935    32.8240       2955    12.3083  0.000e+00
     65.799     5.2721   3.183709    32.8252       2956    12.3125  0.000e+00
     65.746     5.2688   3.183532    32.8265       2957    12.3167  0.000e+00
     65.704     5.2664   3.183447    32.8279       2958    12.3208  0.000e+00
     65.662     5.2646   3.183429    32.8295       2959    12.3250  0.000e+00
     65.631     5.2635   3.183368    32.8299       2960    12.3292  0.000e+00
     65.597     5.2627   3.183349    32.8305       2961    12.3333  0.000e+00
     65.569     5.2622   3.183288    32.8303       2962    12.3375  0.000e+00
     65.533     5.2619   3.183209    32.8297       2963    12.3417  0.000e+00
     65.495     5.2614   3.183129    32.8293       2964    12.3458  0.000e+00
     65.461     5.2610   3.183166    32.8301       2965    12.3500  0.000e+00
     65.425     5.2606   3.183105    32.8299       2966    12.3542  0.000e+00
     65.380     5.2602   3.182983    32.8288       2967    12.3583  0.000e+00
     65.331     5.2599   3.182726    32.8262       2968    12.3625  0.000e+00
     65.289     5.2598   3.182641    32.8254       2969    12.3667  0.000e+00
     65.239     5.2600   3.182623    32.8250       2970    12.3708  0.000e+00
     65.184     5.2603   3.182604    32.8245       2971    12.3750  0.000e+00
     65.143     5.2607   3.182500    32.8230       2972    12.3792  0.000e+00
     65.088     5.2608   3.182140    32.8188       2973    12.3833  0.000e+00
     65.042     5.2606   3.181859    32.8158       2974    12.3875  0.000e+00
     64.997     5.2599   3.181133    32.8083       2975    12.3917  0.000e+00
     64.953     5.2585   3.180284    32.8000       2976    12.3958  0.000e+00
     64.905     5.2554   3.179839    32.7979       2977    12.4000  0.000e+00
     64.856     5.2519   3.179638    32.7990       2978    12.4042  0.000e+00
     64.807     5.2488   3.178954    32.7943       2979    12.4083  0.000e+00
     64.744     5.2453   3.178472    32.7923       2980    12.4125  0.000e+00
     64.680     5.2412   3.177966    32.7905       2981    12.4167  0.000e+00
     64.613     5.2370   3.177569    32.7902       2982    12.4208  0.000e+00
     64.545     5.2328   3.176520    32.7823       2983    12.4250  0.000e+00
     64.464     5.2281   3.174506    32.7640       2984    12.4292  0.000e+00
     64.383     5.2208   3.173043    32.7544       2985    12.4333  0.000e+00
     64.300     5.2109   3.172256    32.7552       2986    12.4375  0.000e+00
     64.205     5.2011   3.170488    32.7446       2987    12.4417  0.000e+00
     64.117     5.1904   3.168105    32.7278       2988    12.4458  0.000e+00
     64.033     5.1768   3.167337    32.7324       2989    12.4500  0.000e+00
     63.953     5.1638   3.167087    32.7423       2990    12.4542  0.000e+00
     63.886     5.1543   3.166801    32.7484       2991    12.4583  0.000e+00
     63.827     5.1472   3.166417    32.7510       2992    12.4625  0.000e+00
     63.774     5.1420   3.166216    32.7539       2993    12.4667  0.000e+00
     63.738     5.1381   3.165759    32.7524       2994    12.4708  0.000e+00
     63.710     5.1347   3.165814    32.7564       2995    12.4750  0.000e+00
     63.690     5.1324   3.165698    32.7573       2996    12.4792  0.000e+00
     63.672     5.1308   3.165473    32.7563       2997    12.4833  0.000e+00
     63.655     5.1292   3.165278    32.7557       2998    12.4875  0.000e+00
     63.640     5.1277   3.165053    32.7546       2999    12.4917  0.000e+00
     63.624     5.1261   3.164912    32.7546       3000    12.4958  0.000e+00
     63.595     5.1244   3.164858    32.7556       3001    12.5000  0.000e+00
     63.560     5.1231   3.164815    32.7564       3002    12.5042  0.000e+00
     63.524     5.1222   3.164772    32.7569       3003    12.5083  0.000e+00
     63.471     5.1214   3.164413    32.7536       3004    12.5125  0.000e+00
     63.400     5.1204   3.164632    32.7571       3005    12.5167  0.000e+00
     63.330     5.1195   3.164212    32.7531       3006    12.5208  0.000e+00
     63.250     5.1185   3.162951    32.7398       3007    12.5250  0.000e+00
     63.159     5.1153   3.161873    32.7306       3008    12.5292  0.000e+00
     63.068     5.1097   3.161751    32.7347       3009    12.5333  0.000e+00
     62.971     5.1044   3.161453    32.7366       3010    12.5375  0.000e+00
     62.874     5.1001   3.160753    32.7328       3011    12.5417  0.000e+00
     62.778     5.0958   3.159529    32.7230       3012    12.5458  0.000e+00
     62.686     5.0904   3.158670    32.7185       3013    12.5500  0.000e+00
     62.603     5.0838   3.157916    32.7163       3014    12.5542  0.000e+00
     62.519     5.0772   3.157934    32.7231       3015    12.5583  0.000e+00
     62.443     5.0721   3.157989    32.7288       3016    12.5625  0.000e+00
     62.386     5.0687   3.158013    32.7324       3017    12.5667  0.000e+00
     62.333     5.0671   3.158092    32.7349       3018    12.5708  0.000e+00
     62.288     5.0662   3.157812    32.7325       3019    12.5750  0.000e+00
     62.249     5.0652   3.157733    32.7327       3020    12.5792  0.000e+00
     62.220     5.0640   3.157611    32.7325       3021    12.5833  0.000e+00
     62.197     5.0630   3.157611    32.7335       3022    12.5875  0.000e+00
     62.176     5.0621   3.157654    32.7349       3023    12.5917  0.000e+00
     62.157     5.0616   3.157672    32.7356       3024    12.5958  0.000e+00
     62.145     5.0614   3.157630    32.7353       3025    12.6000  0.000e+00
     62.125     5.0612   3.157611    32.7352       3026    12.6042  0.000e+00
     62.101     5.0611   3.157630    32.7356       3027    12.6083  0.000e+00
     62.077     5.0611   3.157593    32.7352       3028    12.6125  0.000e+00
     62.050     5.0609   3.157593    32.7354       3029    12.6167  0.000e+00
     62.008     5.0608   3.157569    32.7352       3030    12.6208  0.000e+00
     61.958     5.0608   3.157538    32.7350       3031    12.6250  0.000e+00
     61.896     5.0604   3.157453    32.7343       3032    12.6292  0.000e+00
     61.826     5.0601   3.157471    32.7349       3033    12.6333  0.000e+00
     61.746     5.0597   3.157471    32.7353       3034    12.6375  0.000e+00
     61.654     5.0598   3.157550    32.7361       3035    12.6417  0.000e+00
     61.556     5.0601   3.157313    32.7333       3036    12.6458  0.000e+00
     61.453     5.0598   3.157289    32.7332       3037    12.6500  0.000e+00
     61.344     5.0593   3.157611    32.7376       3038    12.6542  0.000e+00
     61.233     5.0594   3.157568    32.7370       3039    12.6583  0.000e+00
     61.117     5.0601   3.157629    32.7371       3040    12.6625  0.000e+00
     61.007     5.0608   3.157514    32.7351       3041    12.6667  0.000e+00
     60.898     5.0612   3.157629    32.7361       3042    12.6708  0.000e+00
     60.791     5.0615   3.157909    32.7391       3043    12.6750  0.000e+00
     60.691     5.0627   3.158268    32.7421       3044    12.6792  0.000e+00
     60.597     5.0650   3.158049    32.7374       3045    12.6833  0.000e+00
     60.517     5.0664   3.157708    32.7321       3046    12.6875  0.000e+00
     60.449     5.0665   3.158189    32.7376       3047    12.6917  0.000e+00
     60.392     5.0668   3.158487    32.7407       3048    12.6958  0.000e+00
     60.359     5.0687   3.158506    32.7391       3049    12.7000  0.000e+00
     60.334     5.0706   3.158390    32.7359       3050    12.7042  0.000e+00
     60.325     5.0716   3.158110    32.7317       3051    12.7083  0.000e+00
     60.318     5.0711   3.158152    32.7326       3052    12.7125  0.000e+00
     60.326     5.0707   3.158171    32.7333       3053    12.7167  0.000e+00
     60.330     5.0701   3.158171    32.7339       3054    12.7208  0.000e+00
     60.330     5.0701   3.158171    32.7339       3055    12.7250  0.000e+00
     60.332     5.0699   3.158311    32.7357       3056    12.7292  0.000e+00
     60.327     5.0702   3.158487    32.7374       3057    12.7333  0.000e+00
     60.309     5.0711   3.158432    32.7359       3058    12.7375  0.000e+00
     60.271     5.0718   3.158512    32.7361       3059    12.7417  0.000e+00
     60.215     5.0723   3.158451    32.7350       3060    12.7458  0.000e+00
     60.152     5.0729   3.158652    32.7367       3061    12.7500  0.000e+00
     60.072     5.0736   3.158670    32.7363       3062    12.7542  0.000e+00
     59.978     5.0744   3.158469    32.7333       3063    12.7583  0.000e+00
     59.881     5.0747   3.158371    32.7319       3064    12.7625  0.000e+00
     59.780     5.0745   3.158871    32.7378       3065    12.7667  0.000e+00
     59.674     5.0755   3.160027    32.7502       3066    12.7708  0.000e+00
     59.559     5.0795   3.160027    32.7464       3067    12.7750  0.000e+00
     59.450     5.0847   3.161367    32.7567       3068    12.7792  0.000e+00
     59.334     5.0912   3.161647    32.7536       3069    12.7833  0.000e+00
     59.227     5.0998   3.160867    32.7362       3070    12.7875  0.000e+00
     59.115     5.1053   3.156174    32.6771       3071    12.7917  0.000e+00
     59.019     5.0989   3.154074    32.6593       3072    12.7958  0.000e+00
     58.912     5.0843   3.151501    32.6442       3073    12.8000  0.000e+00
     58.825     5.0653   3.151282    32.6603       3074    12.8042  0.000e+00
     58.742     5.0502   3.152061    32.6841       3075    12.8083  0.000e+00
     58.673     5.0427   3.151721    32.6876       3076    12.8125  0.000e+00
     58.621     5.0386   3.151763    32.6921       3077    12.8167  0.000e+00
     58.582     5.0359   3.151860    32.6959       3078    12.8208  0.000e+00
     58.547     5.0349   3.151660    32.6946       3079    12.8250  0.000e+00
     58.530     5.0341   3.151660    32.6954       3080    12.8292  0.000e+00
     58.526     5.0332   3.151684    32.6965       3081    12.8333  0.000e+00
     58.531     5.0330   3.151635    32.6962       3082    12.8375  0.000e+00
     58.535     5.0325   3.151721    32.6976       3083    12.8417  0.000e+00
     58.553     5.0324   3.151763    32.6982       3084    12.8458  0.000e+00
     58.560     5.0326   3.151721    32.6975       3085    12.8500  0.000e+00
     58.561     5.0327   3.151581    32.6958       3086    12.8542  0.000e+00
