HB2502/sbe083.cnv
* Sea-Bird SBE 19plus V2 Data File:
* FileName = C:\cruise\data\sbe083.hex
* Software Version Seasave V 7.26.7.121
* Temperature SN = 6128
* Conductivity SN = 6128
* System UpLoad Time = Apr 12 2025 00:04:40
* NMEA Latitude = 40 29.89 N
* NMEA Longitude = 068 55.56 W
* NMEA UTC (Time) = Apr 12 2025  00:03:52
** Ship: Henry Bigelow
** Cruise:  HB2502
** Program:  Spring Bottom Trawl
# nquan = 7
# nvalues = 1979                                  
# units = specified
# name 0 = depSM: Depth [salt water, m]
# name 1 = tv290C: Temperature [ITS-90, deg C]
# name 2 = c0S/m: Conductivity [S/m]
# name 3 = sal00: Salinity, Practical [PSU]
# name 4 = scan: Scan Count
# name 5 = timeM: Time, Elapsed [minutes]
# name 6 = flag:  0.000e+00
# span 0 =      0.047,     69.282                 
# span 1 =     5.4234,     6.1222                 
# span 2 =   0.007619,   3.211501                 
# span 3 =     0.0554,    32.6483                 
# span 4 =         11,       1989                 
# span 5 =     0.0417,     8.2833                 
# span 6 = 0.0000e+00, 0.0000e+00                 
# interval = seconds: 0.25
# start_time = Apr 12 2025 00:03:52 [NMEA time, header]
# bad_flag = -9.990e-29
*END*
[from data line 1436]
     23.895     5.4557   3.164501    32.4487       1447     6.0250  0.000e+00
     23.667     5.4559   3.164477    32.4484       1448     6.0292  0.000e+00
     23.440     5.4561   3.164446    32.4480       1449     6.0333  0.000e+00
     23.229     5.4559   3.164501    32.4489       1450     6.0375  0.000e+00
     23.055     5.4563   3.164641    32.4502       1451     6.0417  0.000e+00
     22.904     5.4567   3.164659    32.4501       1452     6.0458  0.000e+00
     22.787     5.4576   3.164720    32.4500       1453     6.0500  0.000e+00
     22.704     5.4584   3.164775    32.4499       1454     6.0542  0.000e+00
     22.662     5.4593   3.164763    32.4489       1455     6.0583  0.000e+00
     22.642     5.4600   3.164878    32.4495       1456     6.0625  0.000e+00
     22.662     5.4606   3.164842    32.4485       1457     6.0667  0.000e+00
     22.710     5.4614   3.164860    32.4479       1458     6.0708  0.000e+00
     22.782     5.4617   3.164842    32.4474       1459     6.0750  0.000e+00
     22.874     5.4619   3.164842    32.4471       1460     6.0792  0.000e+00
     22.984     5.4620   3.164817    32.4467       1461     6.0833  0.000e+00
     23.099     5.4619   3.164720    32.4457       1462     6.0875  0.000e+00
     23.217     5.4616   3.164641    32.4450       1463     6.0917  0.000e+00
     23.324     5.4607   3.164580    32.4451       1464     6.0958  0.000e+00
     23.424     5.4597   3.164537    32.4456       1465     6.1000  0.000e+00
     23.495     5.4587   3.164440    32.4453       1466     6.1042  0.000e+00
     23.530     5.4582   3.164501    32.4465       1467     6.1083  0.000e+00
     23.519     5.4576   3.164440    32.4464       1468     6.1125  0.000e+00
     23.481     5.4569   3.164416    32.4468       1469     6.1167  0.000e+00
     23.416     5.4564   3.164440    32.4477       1470     6.1208  0.000e+00
     23.322     5.4562   3.164598    32.4497       1471     6.1250  0.000e+00
     23.194     5.4564   3.164659    32.4502       1472     6.1292  0.000e+00
     23.034     5.4571   3.164677    32.4499       1473     6.1333  0.000e+00
     22.855     5.4580   3.164891    32.4515       1474     6.1375  0.000e+00
     22.665     5.4590   3.164878    32.4505       1475     6.1417  0.000e+00
     22.462     5.4602   3.164781    32.4483       1476     6.1458  0.000e+00
     22.279     5.4610   3.164878    32.4487       1477     6.1500  0.000e+00
     22.099     5.4615   3.165036    32.4501       1478     6.1542  0.000e+00
     21.963     5.4626   3.164921    32.4478       1479     6.1583  0.000e+00
     21.834     5.4631   3.165000    32.4483       1480     6.1625  0.000e+00
     21.740     5.4637   3.165018    32.4479       1481     6.1667  0.000e+00
     21.687     5.4644   3.165097    32.4482       1482     6.1708  0.000e+00
     21.672     5.4650   3.165036    32.4469       1483     6.1750  0.000e+00
     21.699     5.4654   3.165079    32.4470       1484     6.1792  0.000e+00
     21.740     5.4656   3.165061    32.4466       1485     6.1833  0.000e+00
     21.814     5.4657   3.165061    32.4464       1486     6.1875  0.000e+00
     21.896     5.4656   3.165061    32.4465       1487     6.1917  0.000e+00
     21.995     5.4657   3.165061    32.4464       1488     6.1958  0.000e+00
     22.094     5.4658   3.165018    32.4458       1489     6.2000  0.000e+00
     22.193     5.4655   3.164982    32.4456       1490     6.2042  0.000e+00
     22.276     5.4650   3.164921    32.4454       1491     6.2083  0.000e+00
     22.347     5.4646   3.164896    32.4454       1492     6.2125  0.000e+00
     22.378     5.4643   3.164842    32.4451       1493     6.2167  0.000e+00
     22.362     5.4637   3.164817    32.4454       1494     6.2208  0.000e+00
     22.315     5.4631   3.164781    32.4456       1495     6.2250  0.000e+00
     22.252     5.4625   3.164781    32.4462       1496     6.2292  0.000e+00
     22.143     5.4622   3.164677    32.4453       1497     6.2333  0.000e+00
     22.027     5.4616   3.164476    32.4437       1498     6.2375  0.000e+00
     21.885     5.4602   3.164500    32.4454       1499     6.2417  0.000e+00
     21.712     5.4592   3.164318    32.4444       1500     6.2458  0.000e+00
     21.525     5.4582   3.164397    32.4463       1501     6.2500  0.000e+00
     21.340     5.4573   3.164537    32.4489       1502     6.2542  0.000e+00
     21.163     5.4573   3.164579    32.4495       1503     6.2583  0.000e+00
     21.000     5.4577   3.164658    32.4501       1504     6.2625  0.000e+00
     20.860     5.4582   3.164756    32.4508       1505     6.2667  0.000e+00
     20.745     5.4594   3.165018    32.4527       1506     6.2708  0.000e+00
     20.664     5.4610   3.165060    32.4516       1507     6.2750  0.000e+00
     20.604     5.4629   3.165079    32.4500       1508     6.2792  0.000e+00
     20.568     5.4645   3.165079    32.4484       1509     6.2833  0.000e+00
     20.559     5.4653   3.165036    32.4472       1510     6.2875  0.000e+00
     20.575     5.4660   3.165079    32.4471       1511     6.2917  0.000e+00
     20.605     5.4665   3.165036    32.4461       1512     6.2958  0.000e+00
     20.643     5.4665   3.165060    32.4463       1513     6.3000  0.000e+00
     20.699     5.4666   3.165079    32.4464       1514     6.3042  0.000e+00
     20.755     5.4667   3.165079    32.4462       1515     6.3083  0.000e+00
     20.833     5.4668   3.164999    32.4452       1516     6.3125  0.000e+00
     20.924     5.4668   3.165060    32.4459       1517     6.3167  0.000e+00
     21.014     5.4667   3.165060    32.4459       1518     6.3208  0.000e+00
     21.097     5.4666   3.165060    32.4460       1519     6.3250  0.000e+00
     21.173     5.4666   3.165036    32.4457       1520     6.3292  0.000e+00
     21.234     5.4662   3.164957    32.4451       1521     6.3333  0.000e+00
     21.260     5.4658   3.164920    32.4451       1522     6.3375  0.000e+00
     21.271     5.4651   3.164981    32.4464       1523     6.3417  0.000e+00
     21.244     5.4649   3.165061    32.4475       1524     6.3458  0.000e+00
     21.188     5.4649   3.164719    32.4437       1525     6.3500  0.000e+00
     21.090     5.4643   3.164829    32.4456       1526     6.3542  0.000e+00
     20.964     5.4636   3.164677    32.4446       1527     6.3583  0.000e+00
     20.809     5.4627   3.165060    32.4499       1528     6.3625  0.000e+00
     20.628     5.4631   3.165121    32.4503       1529     6.3667  0.000e+00
     20.439     5.4645   3.165097    32.4488       1530     6.3708  0.000e+00
     20.255     5.4654   3.165036    32.4473       1531     6.3750  0.000e+00
     20.088     5.4658   3.164999    32.4466       1532     6.3792  0.000e+00
     19.949     5.4661   3.165121    32.4477       1533     6.3833  0.000e+00
     19.842     5.4664   3.165237    32.4488       1534     6.3875  0.000e+00
     19.771     5.4674   3.165340    32.4491       1535     6.3917  0.000e+00
     19.750     5.4687   3.165456    32.4491       1536     6.3958  0.000e+00
     19.757     5.4703   3.165499    32.4480       1537     6.4000  0.000e+00
     19.795     5.4718   3.165541    32.4471       1538     6.4042  0.000e+00
     19.838     5.4731   3.165517    32.4455       1539     6.4083  0.000e+00
     19.895     5.4738   3.165541    32.4451       1540     6.4125  0.000e+00
     19.942     5.4743   3.165517    32.4442       1541     6.4167  0.000e+00
     19.978     5.4745   3.165541    32.4443       1542     6.4208  0.000e+00
     19.985     5.4745   3.165541    32.4443       1543     6.4250  0.000e+00
     19.971     5.4745   3.165578    32.4448       1544     6.4292  0.000e+00
     19.918     5.4747   3.165639    32.4453       1545     6.4333  0.000e+00
     19.844     5.4754   3.165596    32.4442       1546     6.4375  0.000e+00
     19.742     5.4757   3.165596    32.4439       1547     6.4417  0.000e+00
     19.619     5.4760   3.165639    32.4442       1548     6.4458  0.000e+00
     19.474     5.4761   3.165639    32.4441       1549     6.4500  0.000e+00
     19.318     5.4764   3.165681    32.4445       1550     6.4542  0.000e+00
     19.164     5.4767   3.165718    32.4446       1551     6.4583  0.000e+00
     19.028     5.4772   3.165736    32.4445       1552     6.4625  0.000e+00
     18.911     5.4779   3.165760    32.4441       1553     6.4667  0.000e+00
     18.820     5.4784   3.165742    32.4434       1554     6.4708  0.000e+00
     18.753     5.4787   3.165742    32.4432       1555     6.4750  0.000e+00
     18.706     5.4790   3.165742    32.4429       1556     6.4792  0.000e+00
     18.672     5.4791   3.165681    32.4421       1557     6.4833  0.000e+00
     18.669     5.4789   3.165657    32.4421       1558     6.4875  0.000e+00
     18.688     5.4785   3.165681    32.4427       1559     6.4917  0.000e+00
     18.733     5.4783   3.165638    32.4424       1560     6.4958  0.000e+00
     18.785     5.4782   3.165681    32.4430       1561     6.5000  0.000e+00
     18.838     5.4779   3.165681    32.4432       1562     6.5042  0.000e+00
     18.898     5.4779   3.165657    32.4429       1563     6.5083  0.000e+00
     18.947     5.4779   3.165657    32.4429       1564     6.5125  0.000e+00
     19.002     5.4780   3.165657    32.4428       1565     6.5167  0.000e+00
     19.051     5.4779   3.165639    32.4426       1566     6.5208  0.000e+00
     19.086     5.4776   3.165657    32.4432       1567     6.5250  0.000e+00
     19.127     5.4775   3.165639    32.4430       1568     6.5292  0.000e+00
     19.158     5.4774   3.165596    32.4426       1569     6.5333  0.000e+00
     19.187     5.4771   3.165596    32.4429       1570     6.5375  0.000e+00
     19.200     5.4767   3.165639    32.4437       1571     6.5417  0.000e+00
     19.204     5.4766   3.165639    32.4438       1572     6.5458  0.000e+00
     19.197     5.4767   3.165657    32.4439       1573     6.5500  0.000e+00
     19.162     5.4768   3.165620    32.4434       1574     6.5542  0.000e+00
     19.100     5.4768   3.165596    32.4432       1575     6.5583  0.000e+00
     18.986     5.4768   3.165578    32.4430       1576     6.5625  0.000e+00
     18.834     5.4765   3.165620    32.4439       1577     6.5667  0.000e+00
     18.650     5.4764   3.165657    32.4445       1578     6.5708  0.000e+00
     18.450     5.4768   3.165675    32.4444       1579     6.5750  0.000e+00
     18.211     5.4772   3.165681    32.4442       1580     6.5792  0.000e+00
     17.965     5.4776   3.165717    32.4444       1581     6.5833  0.000e+00
     17.717     5.4783   3.165760    32.4443       1582     6.5875  0.000e+00
     17.496     5.4789   3.165796    32.4442       1583     6.5917  0.000e+00
     17.302     5.4798   3.165821    32.4437       1584     6.5958  0.000e+00
     17.135     5.4806   3.165857    32.4435       1585     6.6000  0.000e+00
     17.012     5.4815   3.165918    32.4434       1586     6.6042  0.000e+00
     16.951     5.4825   3.165961    32.4429       1587     6.6083  0.000e+00
     16.935     5.4833   3.165961    32.4421       1588     6.6125  0.000e+00
     16.983     5.4840   3.165979    32.4417       1589     6.6167  0.000e+00
     17.087     5.4845   3.165961    32.4409       1590     6.6208  0.000e+00
     17.219     5.4848   3.165979    32.4407       1591     6.6250  0.000e+00
     17.377     5.4850   3.165937    32.4400       1592     6.6292  0.000e+00
     17.543     5.4848   3.165937    32.4401       1593     6.6333  0.000e+00
     17.700     5.4848   3.165937    32.4400       1594     6.6375  0.000e+00
     17.852     5.4846   3.165918    32.4400       1595     6.6417  0.000e+00
     17.977     5.4841   3.165839    32.4394       1596     6.6458  0.000e+00
     18.069     5.4835   3.165839    32.4399       1597     6.6500  0.000e+00
     18.127     5.4829   3.165821    32.4403       1598     6.6542  0.000e+00
     18.140     5.4822   3.165742    32.4401       1599     6.6583  0.000e+00
     18.111     5.4814   3.165656    32.4400       1600     6.6625  0.000e+00
     18.025     5.4802   3.165620    32.4407       1601     6.6667  0.000e+00
     17.903     5.4792   3.165760    32.4433       1602     6.6708  0.000e+00
     17.742     5.4790   3.165797    32.4440       1603     6.6750  0.000e+00
     17.572     5.4794   3.165857    32.4444       1604     6.6792  0.000e+00
     17.369     5.4802   3.165991    32.4453       1605     6.6833  0.000e+00
     17.148     5.4814   3.165979    32.4441       1606     6.6875  0.000e+00
     16.918     5.4827   3.166302    32.4466       1607     6.6917  0.000e+00
     16.692     5.4849   3.166503    32.4468       1608     6.6958  0.000e+00
     16.482     5.4882   3.166478    32.4435       1609     6.7000  0.000e+00
     16.302     5.4908   3.166478    32.4411       1610     6.7042  0.000e+00
     16.145     5.4929   3.166417    32.4384       1611     6.7083  0.000e+00
     16.021     5.4940   3.166521    32.4386       1612     6.7125  0.000e+00
     15.936     5.4954   3.166180    32.4335       1613     6.7167  0.000e+00
     15.898     5.4982   3.165918    32.4278       1614     6.7208  0.000e+00
     15.889     5.5012   3.166320    32.4294       1615     6.7250  0.000e+00
     15.925     5.5033   3.166399    32.4283       1616     6.7292  0.000e+00
     15.995     5.5035   3.166442    32.4285       1617     6.7333  0.000e+00
     16.095     5.5026   3.166442    32.4293       1618     6.7375  0.000e+00
     16.211     5.5012   3.166460    32.4309       1619     6.7417  0.000e+00
     16.328     5.4999   3.166460    32.4320       1620     6.7458  0.000e+00
     16.442     5.4987   3.166417    32.4326       1621     6.7500  0.000e+00
     16.538     5.4977   3.166399    32.4334       1622     6.7542  0.000e+00
     16.629     5.4968   3.166399    32.4342       1623     6.7583  0.000e+00
     16.697     5.4959   3.166418    32.4352       1624     6.7625  0.000e+00
     16.728     5.4952   3.166399    32.4357       1625     6.7667  0.000e+00
     16.739     5.4949   3.166399    32.4360       1626     6.7708  0.000e+00
     16.710     5.4946   3.166320    32.4354       1627     6.7750  0.000e+00
     16.654     5.4938   3.166277    32.4357       1628     6.7792  0.000e+00
     16.590     5.4933   3.166277    32.4362       1629     6.7833  0.000e+00
     16.507     5.4930   3.166363    32.4376       1630     6.7875  0.000e+00
     16.400     5.4927   3.166399    32.4382       1631     6.7917  0.000e+00
     16.264     5.4931   3.166417    32.4381       1632     6.7958  0.000e+00
     16.110     5.4936   3.166558    32.4393       1633     6.8000  0.000e+00
     15.938     5.4947   3.166661    32.4395       1634     6.8042  0.000e+00
     15.762     5.4964   3.166600    32.4373       1635     6.8083  0.000e+00
     15.588     5.4985   3.166076    32.4294       1636     6.8125  0.000e+00
     15.418     5.5012   3.165741    32.4231       1637     6.8167  0.000e+00
     15.255     5.5043   3.165820    32.4210       1638     6.8208  0.000e+00
     15.108     5.5068   3.165899    32.4196       1639     6.8250  0.000e+00
     14.988     5.5083   3.165899    32.4182       1640     6.8292  0.000e+00
     14.890     5.5090   3.165637    32.4147       1641     6.8333  0.000e+00
     14.821     5.5102   3.165759    32.4149       1642     6.8375  0.000e+00
     14.777     5.5110   3.165637    32.4127       1643     6.8417  0.000e+00
     14.756     5.5116   3.165594    32.4117       1644     6.8458  0.000e+00
     14.768     5.5122   3.165515    32.4102       1645     6.8500  0.000e+00
     14.799     5.5127   3.165576    32.4104       1646     6.8542  0.000e+00
     14.843     5.5131   3.165539    32.4096       1647     6.8583  0.000e+00
     14.897     5.5133   3.165619    32.4103       1648     6.8625  0.000e+00
     14.951     5.5135   3.165777    32.4119       1649     6.8667  0.000e+00
     15.006     5.5131   3.165935    32.4140       1650     6.8708  0.000e+00
     15.068     5.5122   3.166021    32.4158       1651     6.8750  0.000e+00
