HB2502/sbe009.cnv
* Sea-Bird SBE 19plus V2 Data File:
* FileName = C:\cruise\data\sbe009.hex
* Software Version Seasave V 7.26.7.121
* Temperature SN = 6128
* Conductivity SN = 6128
* System UpLoad Time = Mar 10 2025 15:32:59
* NMEA Latitude = 38 20.62 N
* NMEA Longitude = 074 00.64 W
* NMEA UTC (Time) = Mar 10 2025  15:31:38
** Ship: Henry Bigelow
** Cruise:  HB2502
** Program:  Spring Bottom Trawl
# nquan = 7
# nvalues = 1634                                  
# units = specified
# name 0 = depSM: Depth [salt water, m]
# name 1 = tv290C: Temperature [ITS-90, deg C]
# name 2 = c0S/m: Conductivity [S/m]
# name 3 = sal00: Salinity, Practical [PSU]
# name 4 = scan: Scan Count
# name 5 = timeM: Time, Elapsed [minutes]
# name 6 = flag:  0.000e+00
# span 0 =     -0.083,     60.570                 
# span 1 =     7.7510,    15.9678                 
# span 2 =   0.006600,   4.003723                 
# span 3 =     0.0410,    34.1733                 
# span 4 =         11,       1644                 
# span 5 =     0.0417,     6.8458                 
# span 6 = 0.0000e+00, 0.0000e+00                 
# interval = seconds: 0.25
# start_time = Mar 10 2025 15:31:38 [NMEA time, header]
# bad_flag = -9.990e-29
*END*
[from data line 821]
     44.396     8.9753   3.617271    33.9827        832     3.4625  0.000e+00
     44.316     8.9747   3.617098    33.9815        833     3.4667  0.000e+00
     44.238     8.9739   3.617117    33.9825        834     3.4708  0.000e+00
     44.169     8.9732   3.616719    33.9790        835     3.4750  0.000e+00
     44.095     8.9722   3.616539    33.9782        836     3.4792  0.000e+00
     44.027     8.9705   3.616359    33.9779        837     3.4833  0.000e+00
     43.960     8.9693   3.616693    33.9826        838     3.4875  0.000e+00
     43.900     8.9690   3.616385    33.9796        839     3.4917  0.000e+00
     43.846     8.9687   3.616520    33.9814        840     3.4958  0.000e+00
     43.790     8.9682   3.615383    33.9700        841     3.5000  0.000e+00
     43.739     8.9661   3.615383    33.9720        842     3.5042  0.000e+00
     43.691     8.9640   3.615493    33.9753        843     3.5083  0.000e+00
     43.639     8.9625   3.615537    33.9771        844     3.5125  0.000e+00
     43.590     8.9621   3.615826    33.9805        845     3.5167  0.000e+00
     43.539     8.9624   3.616070    33.9829        846     3.5208  0.000e+00
     43.491     8.9634   3.616269    33.9840        847     3.5250  0.000e+00
     43.437     8.9646   3.616006    33.9801        848     3.5292  0.000e+00
     43.379     8.9649   3.615833    33.9781        849     3.5333  0.000e+00
     43.317     8.9645   3.615897    33.9791        850     3.5375  0.000e+00
     43.252     8.9642   3.615852    33.9790        851     3.5417  0.000e+00
     43.183     8.9641   3.615781    33.9784        852     3.5458  0.000e+00
     43.119     8.9638   3.615492    33.9756        853     3.5500  0.000e+00
     43.054     8.9631   3.615672    33.9783        854     3.5542  0.000e+00
     42.983     8.9626   3.615563    33.9777        855     3.5583  0.000e+00
     42.910     8.9621   3.615319    33.9756        856     3.5625  0.000e+00
     42.841     8.9613   3.615004    33.9731        857     3.5667  0.000e+00
     42.778     8.9602   3.615229    33.9766        858     3.5708  0.000e+00
     42.711     8.9596   3.615248    33.9773        859     3.5750  0.000e+00
     42.646     8.9596   3.615492    33.9799        860     3.5792  0.000e+00
     42.580     8.9600   3.615030    33.9747        861     3.5833  0.000e+00
     42.519     8.9595   3.614850    33.9734        862     3.5875  0.000e+00
     42.461     8.9586   3.615004    33.9759        863     3.5917  0.000e+00
     42.403     8.9582   3.615139    33.9776        864     3.5958  0.000e+00
     42.343     8.9583   3.614902    33.9751        865     3.6000  0.000e+00
     42.287     8.9582   3.614870    33.9749        866     3.6042  0.000e+00
     42.239     8.9577   3.614959    33.9764        867     3.6083  0.000e+00
     42.187     8.9576   3.614959    33.9764        868     3.6125  0.000e+00
     42.134     8.9576   3.614850    33.9753        869     3.6167  0.000e+00
     42.089     8.9574   3.613605    33.9626        870     3.6208  0.000e+00
     42.041     8.9547   3.613271    33.9617        871     3.6250  0.000e+00
     41.991     8.9511   3.613028    33.9626        872     3.6292  0.000e+00
     41.947     8.9485   3.612829    33.9630        873     3.6333  0.000e+00
     41.895     8.9462   3.612784    33.9647        874     3.6375  0.000e+00
     41.842     8.9446   3.612854    33.9671        875     3.6417  0.000e+00
     41.783     8.9438   3.612611    33.9653        876     3.6458  0.000e+00
     41.727     8.9431   3.612341    33.9632        877     3.6500  0.000e+00
     41.667     8.9420   3.612322    33.9640        878     3.6542  0.000e+00
     41.598     8.9412   3.612232    33.9639        879     3.6583  0.000e+00
     41.526     8.9402   3.612078    33.9633        880     3.6625  0.000e+00
     41.455     8.9394   3.612206    33.9655        881     3.6667  0.000e+00
     41.383     8.9388   3.611943    33.9633        882     3.6708  0.000e+00
     41.319     8.9383   3.611430    33.9584        883     3.6750  0.000e+00
     41.247     8.9368   3.611205    33.9575        884     3.6792  0.000e+00
     41.187     8.9345   3.610410    33.9515        885     3.6833  0.000e+00
     41.129     8.9318   3.610192    33.9518        886     3.6875  0.000e+00
     41.073     8.9289   3.609524    33.9476        887     3.6917  0.000e+00
     41.019     8.9258   3.609858    33.9541        888     3.6958  0.000e+00
     40.960     8.9239   3.608684    33.9436        889     3.7000  0.000e+00
     40.913     8.9209   3.608306    33.9425        890     3.7042  0.000e+00
     40.862     8.9171   3.607838    33.9413        891     3.7083  0.000e+00
     40.815     8.9136   3.608126    33.9477        892     3.7125  0.000e+00
     40.762     8.9118   3.608550    33.9539        893     3.7167  0.000e+00
     40.715     8.9118   3.608351    33.9518        894     3.7208  0.000e+00
     40.660     8.9119   3.607575    33.9437        895     3.7250  0.000e+00
     40.602     8.9102   3.607107    33.9404        896     3.7292  0.000e+00
     40.553     8.9079   3.606933    33.9408        897     3.7333  0.000e+00
     40.498     8.9053   3.606818    33.9421        898     3.7375  0.000e+00
     40.448     8.9037   3.606222    33.9374        899     3.7417  0.000e+00
     40.390     8.9016   3.606574    33.9431        900     3.7458  0.000e+00
     40.333     8.9000   3.606311    33.9419        901     3.7500  0.000e+00
     40.281     8.8990   3.605093    33.9302        902     3.7542  0.000e+00
     40.228     8.8960   3.604561    33.9275        903     3.7583  0.000e+00
     40.177     8.8921   3.605401    33.9400        904     3.7625  0.000e+00
     40.126     8.8908   3.604497    33.9318        905     3.7667  0.000e+00
     40.068     8.8892   3.604189    33.9302        906     3.7708  0.000e+00
     40.016     8.8871   3.604074    33.9310        907     3.7750  0.000e+00
     39.965     8.8850   3.604010    33.9323        908     3.7792  0.000e+00
     39.909     8.8836   3.603837    33.9319        909     3.7833  0.000e+00
     39.865     8.8824   3.603785    33.9325        910     3.7875  0.000e+00
     39.811     8.8816   3.603721    33.9327        911     3.7917  0.000e+00
     39.746     8.8811   3.603766    33.9337        912     3.7958  0.000e+00
     39.694     8.8807   3.603740    33.9338        913     3.8000  0.000e+00
     39.634     8.8805   3.603542    33.9319        914     3.8042  0.000e+00
     39.568     8.8799   3.602772    33.9245        915     3.8083  0.000e+00
     39.501     8.8778   3.602458    33.9232        916     3.8125  0.000e+00
     39.434     8.8753   3.602285    33.9238        917     3.8167  0.000e+00
     39.366     8.8730   3.602061    33.9237        918     3.8208  0.000e+00
     39.301     8.8712   3.601689    33.9216        919     3.8250  0.000e+00
     39.234     8.8693   3.601510    33.9216        920     3.8292  0.000e+00
     39.171     8.8674   3.601311    33.9213        921     3.8333  0.000e+00
     39.109     8.8658   3.600959    33.9192        922     3.8375  0.000e+00
     39.053     8.8638   3.600401    33.9153        923     3.8417  0.000e+00
     38.991     8.8616   3.600138    33.9147        924     3.8458  0.000e+00
     38.939     8.8590   3.599542    33.9109        925     3.8500  0.000e+00
     38.888     8.8562   3.599055    33.9085        926     3.8542  0.000e+00
     38.830     8.8530   3.598767    33.9085        927     3.8583  0.000e+00
     38.778     8.8502   3.598062    33.9039        928     3.8625  0.000e+00
     38.721     8.8469   3.597665    33.9029        929     3.8667  0.000e+00
     38.667     8.8436   3.597441    33.9037        930     3.8708  0.000e+00
     38.618     8.8408   3.596961    33.9014        931     3.8750  0.000e+00
     38.569     8.8379   3.595942    33.8935        932     3.8792  0.000e+00
     38.523     8.8336   3.594751    33.8851        933     3.8833  0.000e+00
     38.475     8.8280   3.593560    33.8781        934     3.8875  0.000e+00
     38.433     8.8213   3.593009    33.8787        935     3.8917  0.000e+00
     38.391     8.8152   3.592612    33.8804        936     3.8958  0.000e+00
     38.344     8.8103   3.591748    33.8760        937     3.9000  0.000e+00
     38.295     8.8054   3.590999    33.8728        938     3.9042  0.000e+00
     38.246     8.8002   3.590097    33.8684        939     3.9083  0.000e+00
     38.199     8.7947   3.589149    33.8637        940     3.9125  0.000e+00
     38.145     8.7888   3.588625    33.8639        941     3.9167  0.000e+00
     38.089     8.7832   3.588049    33.8632        942     3.9208  0.000e+00
     38.045     8.7787   3.587524    33.8621        943     3.9250  0.000e+00
     37.990     8.7742   3.587102    33.8619        944     3.9292  0.000e+00
     37.936     8.7704   3.586289    33.8571        945     3.9333  0.000e+00
     37.889     8.7662   3.586091    33.8590        946     3.9375  0.000e+00
     37.830     8.7630   3.585918    33.8603        947     3.9417  0.000e+00
     37.783     8.7605   3.586027    33.8638        948     3.9458  0.000e+00
     37.741     8.7589   3.585675    33.8617        949     3.9500  0.000e+00
     37.691     8.7576   3.585521    33.8613        950     3.9542  0.000e+00
     37.638     8.7564   3.585477    33.8621        951     3.9583  0.000e+00
     37.591     8.7553   3.585342    33.8617        952     3.9625  0.000e+00
     37.540     8.7545   3.585323    33.8624        953     3.9667  0.000e+00
     37.497     8.7536   3.584946    33.8592        954     3.9708  0.000e+00
     37.450     8.7526   3.584178    33.8521        955     3.9750  0.000e+00
     37.395     8.7504   3.584025    33.8527        956     3.9792  0.000e+00
     37.346     8.7480   3.583935    33.8541        957     3.9833  0.000e+00
     37.299     8.7463   3.584044    33.8568        958     3.9875  0.000e+00
     37.243     8.7455   3.584005    33.8572        959     3.9917  0.000e+00
     37.187     8.7452   3.583410    33.8513        960     3.9958  0.000e+00
     37.132     8.7437   3.582617    33.8444        961     4.0000  0.000e+00
     37.080     8.7402   3.582355    33.8450        962     4.0042  0.000e+00
     37.013     8.7370   3.581959    33.8439        963     4.0083  0.000e+00
     36.950     8.7342   3.581716    33.8441        964     4.0125  0.000e+00
     36.886     8.7316   3.581390    33.8432        965     4.0167  0.000e+00
     36.826     8.7295   3.580929    33.8404        966     4.0208  0.000e+00
     36.767     8.7267   3.580028    33.8337        967     4.0250  0.000e+00
     36.707     8.7229   3.579523    33.8319        968     4.0292  0.000e+00
     36.654     8.7184   3.578602    33.8266        969     4.0333  0.000e+00
     36.604     8.7139   3.578027    33.8249        970     4.0375  0.000e+00
     36.549     8.7092   3.577260    33.8214        971     4.0417  0.000e+00
     36.497     8.7045   3.576934    33.8224        972     4.0458  0.000e+00
     36.449     8.7007   3.576800    33.8247        973     4.0500  0.000e+00
     36.400     8.6977   3.575988    33.8191        974     4.0542  0.000e+00
     36.362     8.6942   3.575745    33.8198        975     4.0583  0.000e+00
     36.318     8.6909   3.575700    33.8226        976     4.0625  0.000e+00
     36.273     8.6885   3.575726    33.8251        977     4.0667  0.000e+00
     36.226     8.6871   3.575528    33.8244        978     4.0708  0.000e+00
     36.182     8.6863   3.575815    33.8282        979     4.0750  0.000e+00
     36.129     8.6857   3.575285    33.8232        980     4.0792  0.000e+00
     36.079     8.6851   3.575004    33.8209        981     4.0833  0.000e+00
     36.019     8.6834   3.574780    33.8202        982     4.0875  0.000e+00
     35.964     8.6818   3.574256    33.8163        983     4.0917  0.000e+00
     35.906     8.6796   3.572327    33.7981        984     4.0958  0.000e+00
     35.852     8.6740   3.572480    33.8051        985     4.1000  0.000e+00
     35.797     8.6696   3.571407    33.7980        986     4.1042  0.000e+00
     35.741     8.6647   3.570749    33.7958        987     4.1083  0.000e+00
     35.688     8.6596   3.570711    33.8002        988     4.1125  0.000e+00
     35.634     8.6561   3.570641    33.8029        989     4.1167  0.000e+00
     35.587     8.6538   3.570315    33.8017        990     4.1208  0.000e+00
     35.540     8.6517   3.570181    33.8023        991     4.1250  0.000e+00
     35.489     8.6499   3.569836    33.8004        992     4.1292  0.000e+00
     35.437     8.6481   3.569791    33.8017        993     4.1333  0.000e+00
     35.382     8.6467   3.569548    33.8006        994     4.1375  0.000e+00
     35.339     8.6451   3.568782    33.7940        995     4.1417  0.000e+00
     35.292     8.6426   3.568124    33.7895        996     4.1458  0.000e+00
     35.241     8.6391   3.565941    33.7699        997     4.1500  0.000e+00
     35.197     8.6320   3.565628    33.7734        998     4.1542  0.000e+00
     35.147     8.6256   3.565571    33.7789        999     4.1583  0.000e+00
     35.096     8.6212   3.564933    33.7765       1000     4.1625  0.000e+00
     35.047     8.6173   3.564671    33.7774       1001     4.1667  0.000e+00
     34.996     8.6139   3.564454    33.7784       1002     4.1708  0.000e+00
     34.942     8.6115   3.564058    33.7766       1003     4.1750  0.000e+00
     34.882     8.6090   3.562967    33.7675       1004     4.1792  0.000e+00
     34.835     8.6047   3.562290    33.7645       1005     4.1833  0.000e+00
     34.769     8.6001   3.561684    33.7625       1006     4.1875  0.000e+00
     34.711     8.5955   3.560785    33.7575       1007     4.1917  0.000e+00
     34.646     8.5907   3.560919    33.7635       1008     4.1958  0.000e+00
     34.582     8.5870   3.559802    33.7553       1009     4.2000  0.000e+00
     34.519     8.5833   3.559152    33.7520       1010     4.2042  0.000e+00
     34.450     8.5784   3.557627    33.7406       1011     4.2083  0.000e+00
     34.381     8.5720   3.557819    33.7488       1012     4.2125  0.000e+00
     34.315     8.5673   3.557589    33.7509       1013     4.2167  0.000e+00
     34.250     8.5640   3.556817    33.7459       1014     4.2208  0.000e+00
     34.181     8.5609   3.555988    33.7402       1015     4.2250  0.000e+00
     34.112     8.5567   3.555816    33.7424       1016     4.2292  0.000e+00
     34.043     8.5532   3.555797    33.7456       1017     4.2333  0.000e+00
     33.971     8.5509   3.553923    33.7281       1018     4.2375  0.000e+00
     33.904     8.5460   3.553375    33.7270       1019     4.2417  0.000e+00
     33.833     8.5399   3.552138    33.7198       1020     4.2458  0.000e+00
     33.773     8.5335   3.549659    33.6998       1021     4.2500  0.000e+00
     33.710     8.5236   3.548244    33.6943       1022     4.2542  0.000e+00
     33.655     8.5132   3.547939    33.7011       1023     4.2583  0.000e+00
     33.595     8.5049   3.544837    33.6763       1024     4.2625  0.000e+00
     33.545     8.4949   3.544773    33.6852       1025     4.2667  0.000e+00
     33.487     8.4856   3.543035    33.6758       1026     4.2708  0.000e+00
     33.436     8.4769   3.540393    33.6562       1027     4.2750  0.000e+00
     33.384     8.4648   3.537096    33.6329       1028     4.2792  0.000e+00
     33.333     8.4488   3.533203    33.6070       1029     4.2833  0.000e+00
     33.271     8.4288   3.528752    33.5790       1030     4.2875  0.000e+00
     33.206     8.4051   3.527545    33.5889       1031     4.2917  0.000e+00
     33.141     8.3851   3.526801    33.6002       1032     4.2958  0.000e+00
     33.072     8.3710   3.526166    33.6070       1033     4.3000  0.000e+00
     33.001     8.3609   3.525365    33.6081       1034     4.3042  0.000e+00
     32.930     8.3529   3.524806    33.6098       1035     4.3083  0.000e+00
