HB2502/sbe085.cnv
* Sea-Bird SBE 19plus V2 Data File:
* FileName = C:\cruise\data\sbe085.hex
* Software Version Seasave V 7.26.7.121
* Temperature SN = 6128
* Conductivity SN = 6128
* System UpLoad Time = Apr 12 2025 23:26:19
* NMEA Latitude = 40 23.36 N
* NMEA Longitude = 067 35.92 W
* NMEA UTC (Time) = Apr 12 2025  23:25:32
** Ship: Henry Bigelow
** Cruise:  HB2502
** Program:  Spring Bottom Trawl
# nquan = 7
# nvalues = 2536                                  
# units = specified
# name 0 = depSM: Depth [salt water, m]
# name 1 = tv290C: Temperature [ITS-90, deg C]
# name 2 = c0S/m: Conductivity [S/m]
# name 3 = sal00: Salinity, Practical [PSU]
# name 4 = scan: Scan Count
# name 5 = timeM: Time, Elapsed [minutes]
# name 6 = flag:  0.000e+00
# span 0 =      0.119,    188.616                 
# span 1 =     4.7412,    10.0226                 
# span 2 =   3.090637,   3.829541                 
# span 3 =    31.7813,    35.2056                 
# span 4 =         11,       2546                 
# span 5 =     0.0417,    10.6042                 
# span 6 = 0.0000e+00, 0.0000e+00                 
# interval = seconds: 0.25
# start_time = Apr 12 2025 23:25:32 [NMEA time, header]
# bad_flag = -9.990e-29
*END*
[from data line 1231]
    187.296     9.5741   3.791357    35.1457       1242     5.1708  0.000e+00
    187.267     9.5771   3.791521    35.1444       1243     5.1750  0.000e+00
    187.260     9.5808   3.791527    35.1410       1244     5.1792  0.000e+00
    187.278     9.5832   3.791475    35.1380       1245     5.1833  0.000e+00
    187.313     9.5850   3.791409    35.1356       1246     5.1875  0.000e+00
    187.366     9.5858   3.791311    35.1338       1247     5.1917  0.000e+00
    187.433     9.5859   3.791030    35.1308       1248     5.1958  0.000e+00
    187.498     9.5852   3.790611    35.1271       1249     5.2000  0.000e+00
    187.572     9.5829   3.790559    35.1288       1250     5.2042  0.000e+00
    187.638     9.5804   3.790559    35.1311       1251     5.2083  0.000e+00
    187.690     9.5785   3.790585    35.1333       1252     5.2125  0.000e+00
    187.734     9.5774   3.790723    35.1357       1253     5.2167  0.000e+00
    187.751     9.5771   3.790762    35.1364       1254     5.2208  0.000e+00
    187.763     9.5773   3.790703    35.1356       1255     5.2250  0.000e+00
    187.754     9.5775   3.790494    35.1332       1256     5.2292  0.000e+00
    187.736     9.5770   3.790539    35.1343       1257     5.2333  0.000e+00
    187.710     9.5763   3.790624    35.1358       1258     5.2375  0.000e+00
    187.680     9.5762   3.790631    35.1360       1259     5.2417  0.000e+00
    187.642     9.5763   3.790605    35.1356       1260     5.2458  0.000e+00
    187.615     9.5765   3.790840    35.1379       1261     5.2500  0.000e+00
    187.595     9.5770   3.790873    35.1378       1262     5.2542  0.000e+00
    187.582     9.5780   3.790749    35.1355       1263     5.2583  0.000e+00
    187.575     9.5785   3.790984    35.1374       1264     5.2625  0.000e+00
    187.578     9.5792   3.790912    35.1360       1265     5.2667  0.000e+00
    187.593     9.5797   3.790984    35.1362       1266     5.2708  0.000e+00
    187.620     9.5802   3.790965    35.1355       1267     5.2750  0.000e+00
    187.651     9.5807   3.790912    35.1345       1268     5.2792  0.000e+00
    187.688     9.5808   3.790893    35.1342       1269     5.2833  0.000e+00
    187.734     9.5806   3.790821    35.1336       1270     5.2875  0.000e+00
    187.776     9.5802   3.790808    35.1338       1271     5.2917  0.000e+00
    187.817     9.5798   3.790821    35.1344       1272     5.2958  0.000e+00
    187.846     9.5794   3.790808    35.1346       1273     5.3000  0.000e+00
    187.862     9.5795   3.790723    35.1336       1274     5.3042  0.000e+00
    187.866     9.5793   3.790402    35.1305       1275     5.3083  0.000e+00
    187.857     9.5779   3.790258    35.1303       1276     5.3125  0.000e+00
    187.826     9.5762   3.790356    35.1331       1277     5.3167  0.000e+00
    187.790     9.5751   3.790422    35.1349       1278     5.3208  0.000e+00
    187.725     9.5745   3.790762    35.1390       1279     5.3250  0.000e+00
    187.658     9.5752   3.790703    35.1377       1280     5.3292  0.000e+00
    187.582     9.5760   3.791298    35.1431       1281     5.3333  0.000e+00
    187.499     9.5781   3.791573    35.1439       1282     5.3375  0.000e+00
    187.428     9.5813   3.791946    35.1447       1283     5.3417  0.000e+00
    187.354     9.5848   3.792371    35.1457       1284     5.3458  0.000e+00
    187.302     9.5889   3.792397    35.1419       1285     5.3500  0.000e+00
    187.264     9.5926   3.792286    35.1373       1286     5.3542  0.000e+00
    187.247     9.5946   3.792489    35.1374       1287     5.3583  0.000e+00
    187.262     9.5963   3.792842    35.1393       1288     5.3625  0.000e+00
    187.293     9.5984   3.793261    35.1416       1289     5.3667  0.000e+00
    187.343     9.6014   3.792999    35.1360       1290     5.3708  0.000e+00
    187.414     9.6033   3.792181    35.1256       1291     5.3750  0.000e+00
    187.497     9.6025   3.791677    35.1211       1292     5.3792  0.000e+00
    187.582     9.5993   3.791429    35.1217       1293     5.3833  0.000e+00
    187.669     9.5952   3.791390    35.1253       1294     5.3875  0.000e+00
    187.747     9.5920   3.791337    35.1278       1295     5.3917  0.000e+00
    187.803     9.5896   3.791390    35.1307       1296     5.3958  0.000e+00
    187.843     9.5882   3.791547    35.1336       1297     5.4000  0.000e+00
    187.861     9.5878   3.791475    35.1333       1298     5.4042  0.000e+00
    187.859     9.5875   3.790984    35.1285       1299     5.4083  0.000e+00
    187.826     9.5864   3.790827    35.1280       1300     5.4125  0.000e+00
    187.779     9.5843   3.790958    35.1314       1301     5.4167  0.000e+00
    187.712     9.5830   3.790762    35.1307       1302     5.4208  0.000e+00
    187.641     9.5819   3.791593    35.1403       1303     5.4250  0.000e+00
    187.565     9.5828   3.792796    35.1520       1304     5.4292  0.000e+00
    187.495     9.5877   3.793045    35.1498       1305     5.4333  0.000e+00
    187.429     9.5937   3.792960    35.1430       1306     5.4375  0.000e+00
    187.375     9.5983   3.792685    35.1357       1307     5.4417  0.000e+00
    187.341     9.6006   3.792580    35.1324       1308     5.4458  0.000e+00
    187.321     9.6012   3.792574    35.1317       1309     5.4500  0.000e+00
    187.323     9.6012   3.792299    35.1289       1310     5.4542  0.000e+00
    187.346     9.6006   3.791834    35.1247       1311     5.4583  0.000e+00
    187.381     9.5985   3.791926    35.1277       1312     5.4625  0.000e+00
    187.422     9.5968   3.792057    35.1307       1313     5.4667  0.000e+00
    187.471     9.5956   3.792162    35.1329       1314     5.4708  0.000e+00
    187.519     9.5952   3.792306    35.1348       1315     5.4750  0.000e+00
    187.559     9.5958   3.792371    35.1349       1316     5.4792  0.000e+00
    187.586     9.5967   3.792443    35.1347       1317     5.4833  0.000e+00
    187.604     9.5974   3.792253    35.1321       1318     5.4875  0.000e+00
    187.609     9.5975   3.791926    35.1286       1319     5.4917  0.000e+00
    187.593     9.5968   3.791992    35.1300       1320     5.4958  0.000e+00
    187.568     9.5955   3.791815    35.1294       1321     5.5000  0.000e+00
    187.543     9.5945   3.791664    35.1288       1322     5.5042  0.000e+00
    187.471     9.5931   3.791664    35.1302       1323     5.5083  0.000e+00
    187.371     9.5921   3.792934    35.1443       1324     5.5125  0.000e+00
    187.243     9.5946   3.793595    35.1488       1325     5.5167  0.000e+00
    187.107     9.5993   3.793673    35.1450       1326     5.5208  0.000e+00
    186.991     9.6042   3.794439    35.1483       1327     5.5250  0.000e+00
    186.837     9.6099   3.794969    35.1482       1328     5.5292  0.000e+00
    186.641     9.6161   3.795145    35.1440       1329     5.5333  0.000e+00
    186.424     9.6217   3.795911    35.1466       1330     5.5375  0.000e+00
    186.225     9.6275   3.796912    35.1514       1331     5.5417  0.000e+00
    186.042     9.6347   3.799138    35.1674       1332     5.5458  0.000e+00
    185.852     9.6462   3.800303    35.1683       1333     5.5500  0.000e+00
    185.646     9.6602   3.800821    35.1600       1334     5.5542  0.000e+00
    185.429     9.6727   3.801174    35.1515       1335     5.5583  0.000e+00
    185.217     9.6826   3.801383    35.1441       1336     5.5625  0.000e+00
    184.989     9.6899   3.801573    35.1391       1337     5.5667  0.000e+00
    184.738     9.6951   3.801789    35.1363       1338     5.5708  0.000e+00
    184.469     9.6991   3.801999    35.1347       1339     5.5750  0.000e+00
    184.201     9.7023   3.802057    35.1323       1340     5.5792  0.000e+00
    183.931     9.7048   3.802254    35.1321       1341     5.5833  0.000e+00
    183.654     9.7067   3.802548    35.1333       1342     5.5875  0.000e+00
    183.381     9.7091   3.802725    35.1329       1343     5.5917  0.000e+00
    183.105     9.7113   3.803315    35.1370       1344     5.5958  0.000e+00
    182.847     9.7141   3.804238    35.1438       1345     5.6000  0.000e+00
    182.599     9.7185   3.804821    35.1457       1346     5.6042  0.000e+00
    182.360     9.7240   3.804873    35.1410       1347     5.6083  0.000e+00
    182.141     9.7288   3.805024    35.1379       1348     5.6125  0.000e+00
    181.938     9.7322   3.805345    35.1380       1349     5.6167  0.000e+00
    181.754     9.7352   3.805626    35.1381       1350     5.6208  0.000e+00
    181.583     9.7383   3.805325    35.1320       1351     5.6250  0.000e+00
    181.422     9.7400   3.805292    35.1301       1352     5.6292  0.000e+00
    181.270     9.7406   3.805744    35.1342       1353     5.6333  0.000e+00
    181.112     9.7417   3.805534    35.1311       1354     5.6375  0.000e+00
    180.954     9.7426   3.805443    35.1293       1355     5.6417  0.000e+00
    180.782     9.7430   3.805829    35.1330       1356     5.6458  0.000e+00
    180.598     9.7437   3.805914    35.1333       1357     5.6500  0.000e+00
    180.400     9.7451   3.805809    35.1309       1358     5.6542  0.000e+00
    180.187     9.7457   3.806333    35.1359       1359     5.6583  0.000e+00
    179.948     9.7472   3.807828    35.1499       1360     5.6625  0.000e+00
    179.688     9.7521   3.808837    35.1556       1361     5.6667  0.000e+00
    179.416     9.7597   3.810370    35.1641       1362     5.6708  0.000e+00
    179.141     9.7697   3.812908    35.1806       1363     5.6750  0.000e+00
    178.849     9.7842   3.816705    35.2056       1364     5.6792  0.000e+00
    178.563     9.8060   3.818581    35.2038       1365     5.6833  0.000e+00
    178.263     9.8303   3.820293    35.1978       1366     5.6875  0.000e+00
    177.971     9.8527   3.821809    35.1916       1367     5.6917  0.000e+00
    177.689     9.8732   3.823495    35.1891       1368     5.6958  0.000e+00
    177.417     9.8926   3.825064    35.1864       1369     5.7000  0.000e+00
    177.159     9.9113   3.826515    35.1832       1370     5.7042  0.000e+00
    176.916     9.9295   3.826416    35.1645       1371     5.7083  0.000e+00
    176.693     9.9444   3.826580    35.1518       1372     5.7125  0.000e+00
    176.507     9.9550   3.826961    35.1455       1373     5.7167  0.000e+00
    176.348     9.9626   3.827145    35.1400       1374     5.7208  0.000e+00
    176.211     9.9685   3.827342    35.1364       1375     5.7250  0.000e+00
    176.086     9.9727   3.827506    35.1341       1376     5.7292  0.000e+00
    175.979     9.9760   3.827768    35.1336       1377     5.7333  0.000e+00
    175.883     9.9792   3.827867    35.1315       1378     5.7375  0.000e+00
    175.782     9.9821   3.827768    35.1277       1379     5.7417  0.000e+00
    175.671     9.9846   3.827932    35.1271       1380     5.7458  0.000e+00
    175.544     9.9868   3.828720    35.1330       1381     5.7500  0.000e+00
    175.398     9.9907   3.829384    35.1361       1382     5.7542  0.000e+00
    175.218     9.9965   3.829541    35.1321       1383     5.7583  0.000e+00
    175.021    10.0025   3.829364    35.1246       1384     5.7625  0.000e+00
    174.798    10.0074   3.828746    35.1136       1385     5.7667  0.000e+00
    174.541    10.0095   3.828247    35.1065       1386     5.7708  0.000e+00
    174.270    10.0098   3.827662    35.1004       1387     5.7750  0.000e+00
    173.982    10.0088   3.826795    35.0927       1388     5.7792  0.000e+00
    173.690    10.0077   3.828995    35.1163       1389     5.7833  0.000e+00
    173.395    10.0130   3.826322    35.0840       1390     5.7875  0.000e+00
    173.113    10.0210   3.823433    35.0469       1391     5.7917  0.000e+00
    172.840    10.0226   3.819160    35.0018       1392     5.7958  0.000e+00
    172.589    10.0160   3.812876    34.9441       1393     5.8000  0.000e+00
    172.368     9.9974   3.808411    34.9165       1394     5.8042  0.000e+00
    172.174     9.9710   3.806924    34.9268       1395     5.8083  0.000e+00
    171.994     9.9459   3.806833    34.9502       1396     5.8125  0.000e+00
    171.833     9.9272   3.806544    34.9654       1397     5.8167  0.000e+00
    171.678     9.9152   3.806119    34.9728       1398     5.8208  0.000e+00
    171.531     9.9077   3.805909    34.9780       1399     5.8250  0.000e+00
    171.388     9.9031   3.805686    34.9803       1400     5.8292  0.000e+00
    171.239     9.9005   3.805103    34.9768       1401     5.8333  0.000e+00
    171.078     9.8980   3.804363    34.9718       1402     5.8375  0.000e+00
    170.906     9.8952   3.803072    34.9613       1403     5.8417  0.000e+00
    170.726     9.8908   3.800210    34.9363       1404     5.8458  0.000e+00
    170.527     9.8823   3.799706    34.9394       1405     5.8500  0.000e+00
    170.311     9.8732   3.798704    34.9381       1406     5.8542  0.000e+00
    170.083     9.8652   3.798101    34.9398       1407     5.8583  0.000e+00
    169.835     9.8583   3.797493    34.9404       1408     5.8625  0.000e+00
    169.580     9.8521   3.796641    34.9377       1409     5.8667  0.000e+00
    169.310     9.8464   3.795319    34.9298       1410     5.8708  0.000e+00
    169.037     9.8404   3.794547    34.9278       1411     5.8750  0.000e+00
    168.770     9.8342   3.793775    34.9261       1412     5.8792  0.000e+00
    168.506     9.8280   3.792878    34.9229       1413     5.8833  0.000e+00
    168.253     9.8226   3.792361    34.9230       1414     5.8875  0.000e+00
    168.009     9.8179   3.792073    34.9247       1415     5.8917  0.000e+00
    167.787     9.8142   3.791654    34.9241       1416     5.8958  0.000e+00
    167.586     9.8115   3.791380    34.9240       1417     5.9000  0.000e+00
    167.413     9.8093   3.791046    34.9228       1418     5.9042  0.000e+00
    167.253     9.8073   3.790797    34.9222       1419     5.9083  0.000e+00
    167.099     9.8055   3.790503    34.9210       1420     5.9125  0.000e+00
    166.953     9.8038   3.790549    34.9232       1421     5.9167  0.000e+00
    166.823     9.8025   3.790575    34.9248       1422     5.9208  0.000e+00
    166.694     9.8019   3.790437    34.9240       1423     5.9250  0.000e+00
    166.554     9.8011   3.790411    34.9246       1424     5.9292  0.000e+00
    166.414     9.8007   3.790372    34.9247       1425     5.9333  0.000e+00
    166.263     9.8002   3.790313    34.9246       1426     5.9375  0.000e+00
    166.102     9.7998   3.790261    34.9245       1427     5.9417  0.000e+00
    165.923     9.7994   3.790103    34.9233       1428     5.9458  0.000e+00
    165.738     9.7991   3.789632    34.9189       1429     5.9500  0.000e+00
    165.537     9.7986   3.789469    34.9178       1430     5.9542  0.000e+00
    165.320     9.7984   3.789410    34.9175       1431     5.9583  0.000e+00
    165.094     9.7979   3.788788    34.9117       1432     5.9625  0.000e+00
    164.862     9.7982   3.788272    34.9062       1433     5.9667  0.000e+00
    164.620     9.7981   3.787709    34.9007       1434     5.9708  0.000e+00
    164.352     9.7978   3.787545    34.8993       1435     5.9750  0.000e+00
    164.093     9.7975   3.787460    34.8989       1436     5.9792  0.000e+00
    163.820     9.7973   3.787029    34.8948       1437     5.9833  0.000e+00
    163.545     9.7968   3.785655    34.8813       1438     5.9875  0.000e+00
    163.269     9.7960   3.784962    34.8751       1439     5.9917  0.000e+00
    162.995     9.7948   3.784132    34.8678       1440     5.9958  0.000e+00
    162.727     9.7936   3.783367    34.8612       1441     6.0000  0.000e+00
    162.464     9.7925   3.782949    34.8582       1442     6.0042  0.000e+00
    162.215     9.7912   3.782713    34.8571       1443     6.0083  0.000e+00
    161.981     9.7901   3.782347    34.8545       1444     6.0125  0.000e+00
    161.770     9.7895   3.781987    34.8515       1445     6.0167  0.000e+00
