HB2502/sbe051.cnv
* Sea-Bird SBE 19plus V2 Data File:
* FileName = C:\cruise\data\sbe051.hex
* Software Version Seasave V 7.26.7.121
* Temperature SN = 6128
* Conductivity SN = 6128
* System UpLoad Time = Apr 02 2025 18:05:15
* NMEA Latitude = 40 39.67 N
* NMEA Longitude = 071 26.86 W
* NMEA UTC (Time) = Apr 02 2025  18:04:18
** Ship: Henry Bigelow
** Cruise:  HB2502
** Program:  Spring Bottom Trawl
# nquan = 7
# nvalues = 1259                                  
# units = specified
# name 0 = depSM: Depth [salt water, m]
# name 1 = tv290C: Temperature [ITS-90, deg C]
# name 2 = c0S/m: Conductivity [S/m]
# name 3 = sal00: Salinity, Practical [PSU]
# name 4 = scan: Scan Count
# name 5 = timeM: Time, Elapsed [minutes]
# name 6 = flag:  0.000e+00
# span 0 =      0.435,     58.800                 
# span 1 =     6.0181,     6.7256                 
# span 2 =   3.242367,   3.316068                 
# span 3 =    32.1393,    33.1240                 
# span 4 =         11,       1269                 
# span 5 =     0.0417,     5.2833                 
# span 6 = 0.0000e+00, 0.0000e+00                 
# interval = seconds: 0.25
# start_time = Apr 02 2025 18:04:18 [NMEA time, header]
# bad_flag = -9.990e-29
*END*
[from data line 1026]
     18.955     6.6266   3.307490    32.9221       1037     4.3167  0.000e+00
     18.813     6.6270   3.307490    32.9217       1038     4.3208  0.000e+00
     18.686     6.6274   3.307527    32.9218       1039     4.3250  0.000e+00
     18.594     6.6277   3.307509    32.9214       1040     4.3292  0.000e+00
     18.519     6.6280   3.307509    32.9211       1041     4.3333  0.000e+00
     18.465     6.6281   3.307527    32.9212       1042     4.3375  0.000e+00
     18.425     6.6282   3.307490    32.9207       1043     4.3417  0.000e+00
     18.396     6.6281   3.307508    32.9210       1044     4.3458  0.000e+00
     18.371     6.6284   3.307508    32.9208       1045     4.3500  0.000e+00
     18.347     6.6281   3.307490    32.9208       1046     4.3542  0.000e+00
     18.308     6.6280   3.307490    32.9210       1047     4.3583  0.000e+00
     18.262     6.6280   3.307490    32.9210       1048     4.3625  0.000e+00
     18.197     6.6277   3.307490    32.9213       1049     4.3667  0.000e+00
     18.110     6.6280   3.307508    32.9213       1050     4.3708  0.000e+00
     18.000     6.6278   3.307570    32.9222       1051     4.3750  0.000e+00
     17.862     6.6281   3.307552    32.9218       1052     4.3792  0.000e+00
     17.687     6.6284   3.307570    32.9218       1053     4.3833  0.000e+00
     17.494     6.6286   3.307570    32.9217       1054     4.3875  0.000e+00
     17.262     6.6290   3.307595    32.9217       1055     4.3917  0.000e+00
     16.987     6.6291   3.307589    32.9216       1056     4.3958  0.000e+00
     16.688     6.6295   3.307570    32.9212       1057     4.4000  0.000e+00
     16.367     6.6298   3.307657    32.9221       1058     4.4042  0.000e+00
     16.016     6.6302   3.307849    32.9239       1059     4.4083  0.000e+00
     15.645     6.6311   3.307929    32.9241       1060     4.4125  0.000e+00
     15.281     6.6322   3.307947    32.9234       1061     4.4167  0.000e+00
     14.898     6.6334   3.308834    32.9323       1062     4.4208  0.000e+00
     14.503     6.6360   3.308753    32.9291       1063     4.4250  0.000e+00
     14.129     6.6390   3.308877    32.9278       1064     4.4292  0.000e+00
     13.771     6.6416   3.308895    32.9256       1065     4.4333  0.000e+00
     13.445     6.6438   3.309031    32.9251       1066     4.4375  0.000e+00
     13.147     6.6455   3.309930    32.9336       1067     4.4417  0.000e+00
     12.874     6.6491   3.310352    32.9349       1068     4.4458  0.000e+00
     12.638     6.6544   3.310494    32.9315       1069     4.4500  0.000e+00
     12.450     6.6586   3.311157    32.9348       1070     4.4542  0.000e+00
     12.287     6.6629   3.311684    32.9366       1071     4.4583  0.000e+00
     12.159     6.6686   3.311678    32.9311       1072     4.4625  0.000e+00
     12.049     6.6725   3.311870    32.9295       1073     4.4667  0.000e+00
     11.955     6.6759   3.311616    32.9235       1074     4.4708  0.000e+00
     11.878     6.6776   3.311312    32.9186       1075     4.4750  0.000e+00
     11.801     6.6774   3.311343    32.9191       1076     4.4792  0.000e+00
     11.729     6.6767   3.311113    32.9173       1077     4.4833  0.000e+00
     11.657     6.6759   3.311132    32.9183       1078     4.4875  0.000e+00
     11.572     6.6750   3.311157    32.9195       1079     4.4917  0.000e+00
     11.486     6.6744   3.311262    32.9213       1080     4.4958  0.000e+00
     11.387     6.6745   3.311275    32.9214       1081     4.5000  0.000e+00
     11.284     6.6746   3.310816    32.9162       1082     4.5042  0.000e+00
     11.163     6.6739   3.310500    32.9135       1083     4.5083  0.000e+00
     11.027     6.6717   3.310512    32.9159       1084     4.5125  0.000e+00
     10.879     6.6697   3.310499    32.9177       1085     4.5167  0.000e+00
     10.718     6.6684   3.310561    32.9197       1086     4.5208  0.000e+00
     10.553     6.6679   3.310654    32.9213       1087     4.5250  0.000e+00
     10.379     6.6679   3.310710    32.9220       1088     4.5292  0.000e+00
     10.194     6.6682   3.310667    32.9213       1089     4.5333  0.000e+00
      9.988     6.6684   3.310772    32.9224       1090     4.5375  0.000e+00
      9.776     6.6688   3.310902    32.9236       1091     4.5417  0.000e+00
      9.540     6.6695   3.311745    32.9323       1092     4.5458  0.000e+00
      9.282     6.6724   3.313438    32.9482       1093     4.5500  0.000e+00
      9.020     6.6801   3.313605    32.9428       1094     4.5542  0.000e+00
      8.743     6.6879   3.312718    32.9257       1095     4.5583  0.000e+00
      8.456     6.6917   3.312210    32.9166       1096     4.5625  0.000e+00
      8.148     6.6921   3.312334    32.9177       1097     4.5667  0.000e+00
      7.826     6.6908   3.312377    32.9196       1098     4.5708  0.000e+00
      7.505     6.6899   3.312439    32.9213       1099     4.5750  0.000e+00
      7.197     6.6897   3.312860    32.9262       1100     4.5792  0.000e+00
      6.896     6.6909   3.313307    32.9302       1101     4.5833  0.000e+00
      6.606     6.6936   3.313499    32.9298       1102     4.5875  0.000e+00
      6.320     6.6966   3.314082    32.9336       1103     4.5917  0.000e+00
      6.073     6.7003   3.314150    32.9309       1104     4.5958  0.000e+00
      5.846     6.7036   3.314509    32.9317       1105     4.6000  0.000e+00
      5.646     6.7069   3.314460    32.9281       1106     4.6042  0.000e+00
      5.461     6.7093   3.314447    32.9258       1107     4.6083  0.000e+00
      5.307     6.7109   3.314447    32.9243       1108     4.6125  0.000e+00
      5.156     6.7118   3.314460    32.9237       1109     4.6167  0.000e+00
      5.029     6.7123   3.314491    32.9236       1110     4.6208  0.000e+00
      4.907     6.7125   3.314490    32.9234       1111     4.6250  0.000e+00
      4.778     6.7130   3.314441    32.9225       1112     4.6292  0.000e+00
      4.653     6.7131   3.314490    32.9230       1113     4.6333  0.000e+00
      4.525     6.7133   3.314614    32.9243       1114     4.6375  0.000e+00
      4.396     6.7137   3.314720    32.9251       1115     4.6417  0.000e+00
      4.255     6.7144   3.314738    32.9247       1116     4.6458  0.000e+00
      4.109     6.7151   3.314738    32.9241       1117     4.6500  0.000e+00
      3.950     6.7158   3.314701    32.9231       1118     4.6542  0.000e+00
      3.789     6.7161   3.314676    32.9225       1119     4.6583  0.000e+00
      3.595     6.7161   3.314595    32.9218       1120     4.6625  0.000e+00
      3.409     6.7161   3.314521    32.9211       1121     4.6667  0.000e+00
      3.210     6.7159   3.314490    32.9210       1122     4.6708  0.000e+00
      3.028     6.7153   3.314552    32.9223       1123     4.6750  0.000e+00
      2.840     6.7156   3.314601    32.9227       1124     4.6792  0.000e+00
      2.653     6.7157   3.314614    32.9228       1125     4.6833  0.000e+00
      2.491     6.7160   3.314527    32.9217       1126     4.6875  0.000e+00
      2.335     6.7159   3.314459    32.9211       1127     4.6917  0.000e+00
      2.181     6.7158   3.314490    32.9216       1128     4.6958  0.000e+00
      2.006     6.7157   3.314527    32.9221       1129     4.7000  0.000e+00
      1.796     6.7156   3.314520    32.9223       1130     4.7042  0.000e+00
      1.516     6.7158   3.314508    32.9221       1131     4.7083  0.000e+00
      1.217     6.7159   3.314446    32.9215       1132     4.7125  0.000e+00
      1.051     6.7158   3.314340    32.9205       1133     4.7167  0.000e+00
      0.980     6.7156   3.314254    32.9197       1134     4.7208  0.000e+00
      0.979     6.7150   3.314254    32.9203       1135     4.7250  0.000e+00
      0.986     6.7143   3.314440    32.9230       1136     4.7292  0.000e+00
      0.957     6.7144   3.314359    32.9221       1137     4.7333  0.000e+00
      0.914     6.7144   3.314297    32.9214       1138     4.7375  0.000e+00
      0.835     6.7143   3.314117    32.9196       1139     4.7417  0.000e+00
      0.780     6.7139   3.314086    32.9196       1140     4.7458  0.000e+00
      0.763     6.7133   3.314105    32.9205       1141     4.7500  0.000e+00
      0.769     6.7126   3.314098    32.9210       1142     4.7542  0.000e+00
      0.785     6.7122   3.314086    32.9212       1143     4.7583  0.000e+00
      0.818     6.7120   3.314061    32.9212       1144     4.7625  0.000e+00
      0.858     6.7119   3.314117    32.9219       1145     4.7667  0.000e+00
      0.869     6.7120   3.314129    32.9220       1146     4.7708  0.000e+00
      0.838     6.7121   3.314086    32.9214       1147     4.7750  0.000e+00
      0.802     6.7118   3.314117    32.9220       1148     4.7792  0.000e+00
      0.782     6.7118   3.314129    32.9221       1149     4.7833  0.000e+00
      0.802     6.7120   3.314173    32.9224       1150     4.7875  0.000e+00
      0.866     6.7120   3.314160    32.9223       1151     4.7917  0.000e+00
      0.965     6.7121   3.314148    32.9219       1152     4.7958  0.000e+00
      1.099     6.7122   3.314192    32.9223       1153     4.8000  0.000e+00
      1.239     6.7122   3.314241    32.9228       1154     4.8042  0.000e+00
      1.363     6.7122   3.314297    32.9233       1155     4.8083  0.000e+00
      1.430     6.7127   3.314316    32.9230       1156     4.8125  0.000e+00
      1.439     6.7132   3.314278    32.9221       1157     4.8167  0.000e+00
      1.396     6.7134   3.314278    32.9220       1158     4.8208  0.000e+00
      1.315     6.7133   3.314192    32.9211       1159     4.8250  0.000e+00
      1.242     6.7131   3.314179    32.9212       1160     4.8292  0.000e+00
      1.188     6.7129   3.314340    32.9233       1161     4.8333  0.000e+00
      1.141     6.7127   3.314464    32.9248       1162     4.8375  0.000e+00
      1.075     6.7134   3.314520    32.9248       1163     4.8417  0.000e+00
      0.990     6.7144   3.314421    32.9227       1164     4.8458  0.000e+00
      0.900     6.7150   3.314632    32.9245       1165     4.8500  0.000e+00
      0.835     6.7156   3.314638    32.9240       1166     4.8542  0.000e+00
      0.822     6.7164   3.314632    32.9232       1167     4.8583  0.000e+00
      0.869     6.7167   3.314595    32.9225       1168     4.8625  0.000e+00
      0.952     6.7170   3.314539    32.9215       1169     4.8667  0.000e+00
      1.050     6.7170   3.314675    32.9231       1170     4.8708  0.000e+00
      1.138     6.7170   3.314700    32.9232       1171     4.8750  0.000e+00
      1.202     6.7173   3.314781    32.9238       1172     4.8792  0.000e+00
      1.220     6.7177   3.314824    32.9239       1173     4.8833  0.000e+00
      1.193     6.7182   3.314700    32.9221       1174     4.8875  0.000e+00
      1.120     6.7184   3.314843    32.9235       1175     4.8917  0.000e+00
      1.003     6.7188   3.314805    32.9227       1176     4.8958  0.000e+00
      0.880     6.7190   3.314824    32.9228       1177     4.9000  0.000e+00
      0.806     6.7191   3.314719    32.9216       1178     4.9042  0.000e+00
      0.782     6.7191   3.314464    32.9188       1179     4.9083  0.000e+00
      0.802     6.7183   3.314632    32.9214       1180     4.9125  0.000e+00
      0.832     6.7177   3.314743    32.9232       1181     4.9167  0.000e+00
      0.864     6.7178   3.314781    32.9235       1182     4.9208  0.000e+00
      0.900     6.7181   3.314781    32.9232       1183     4.9250  0.000e+00
      0.932     6.7186   3.314762    32.9225       1184     4.9292  0.000e+00
      0.951     6.7187   3.314781    32.9226       1185     4.9333  0.000e+00
      0.979     6.7188   3.314781    32.9225       1186     4.9375  0.000e+00
      1.021     6.7190   3.314824    32.9228       1187     4.9417  0.000e+00
      1.077     6.7190   3.314781    32.9223       1188     4.9458  0.000e+00
      1.138     6.7190   3.314700    32.9213       1189     4.9500  0.000e+00
      1.196     6.7188   3.314719    32.9217       1190     4.9542  0.000e+00
      1.234     6.7185   3.314700    32.9218       1191     4.9583  0.000e+00
      1.229     6.7181   3.314508    32.9200       1192     4.9625  0.000e+00
      1.185     6.7176   3.314179    32.9169       1193     4.9667  0.000e+00
      1.140     6.7163   3.313788    32.9139       1194     4.9708  0.000e+00
      1.103     6.7139   3.313850    32.9169       1195     4.9750  0.000e+00
      1.073     6.7121   3.313739    32.9174       1196     4.9792  0.000e+00
      1.056     6.7107   3.313640    32.9177       1197     4.9833  0.000e+00
      1.051     6.7092   3.313640    32.9191       1198     4.9875  0.000e+00
      1.084     6.7083   3.313695    32.9206       1199     4.9917  0.000e+00
      1.141     6.7079   3.313683    32.9208       1200     4.9958  0.000e+00
      1.188     6.7076   3.313770    32.9221       1201     5.0000  0.000e+00
      1.212     6.7077   3.313838    32.9227       1202     5.0042  0.000e+00
      1.207     6.7078   3.313621    32.9201       1203     5.0083  0.000e+00
      1.162     6.7077   3.313621    32.9203       1204     5.0125  0.000e+00
      1.109     6.7075   3.313720    32.9216       1205     5.0167  0.000e+00
      1.075     6.7071   3.313726    32.9221       1206     5.0208  0.000e+00
      1.041     6.7075   3.313708    32.9215       1207     5.0250  0.000e+00
      0.986     6.7074   3.313578    32.9202       1208     5.0292  0.000e+00
      0.905     6.7071   3.313454    32.9192       1209     5.0333  0.000e+00
      0.809     6.7064   3.313454    32.9199       1210     5.0375  0.000e+00
      0.751     6.7056   3.313460    32.9208       1211     5.0417  0.000e+00
      0.757     6.7052   3.313472    32.9213       1212     5.0458  0.000e+00
      0.816     6.7049   3.313534    32.9222       1213     5.0500  0.000e+00
      0.908     6.7049   3.313516    32.9219       1214     5.0542  0.000e+00
      0.983     6.7051   3.313497    32.9215       1215     5.0583  0.000e+00
      1.026     6.7051   3.313578    32.9224       1216     5.0625  0.000e+00
      1.042     6.7053   3.313757    32.9242       1217     5.0667  0.000e+00
      1.044     6.7062   3.313832    32.9242       1218     5.0708  0.000e+00
      1.049     6.7071   3.313875    32.9238       1219     5.0750  0.000e+00
      1.040     6.7077   3.313900    32.9234       1220     5.0792  0.000e+00
      1.031     6.7083   3.313981    32.9237       1221     5.0833  0.000e+00
      0.999     6.7091   3.313981    32.9230       1222     5.0875  0.000e+00
      0.950     6.7095   3.313919    32.9219       1223     5.0917  0.000e+00
      0.926     6.7099   3.313770    32.9200       1224     5.0958  0.000e+00
      0.971     6.7094   3.313788    32.9206       1225     5.1000  0.000e+00
      1.071     6.7090   3.313857    32.9217       1226     5.1042  0.000e+00
      1.180     6.7089   3.313875    32.9220       1227     5.1083  0.000e+00
      1.265     6.7089   3.313832    32.9214       1228     5.1125  0.000e+00
      1.314     6.7088   3.313739    32.9205       1229     5.1167  0.000e+00
      1.332     6.7085   3.313621    32.9195       1230     5.1208  0.000e+00
      1.334     6.7078   3.313665    32.9206       1231     5.1250  0.000e+00
      1.319     6.7073   3.313776    32.9223       1232     5.1292  0.000e+00
      1.311     6.7074   3.313813    32.9226       1233     5.1333  0.000e+00
      1.303     6.7078   3.313981    32.9241       1234     5.1375  0.000e+00
      1.294     6.7086   3.314037    32.9239       1235     5.1417  0.000e+00
      1.260     6.7093   3.314043    32.9234       1236     5.1458  0.000e+00
      1.189     6.7099   3.313999    32.9224       1237     5.1500  0.000e+00
      1.081     6.7103   3.313999    32.9220       1238     5.1542  0.000e+00
      0.934     6.7103   3.313937    32.9214       1239     5.1583  0.000e+00
      0.757     6.7101   3.313894    32.9212       1240     5.1625  0.000e+00
