HB2502/sbe015.cnv
* Sea-Bird SBE 19plus V2 Data File:
* FileName = C:\cruise\data\sbe015.hex
* Software Version Seasave V 7.26.7.121
* Temperature SN = 6128
* Conductivity SN = 6128
* System UpLoad Time = Mar 12 2025 04:21:32
* NMEA Latitude = 37 13.04 N
* NMEA Longitude = 075 06.97 W
* NMEA UTC (Time) = Mar 12 2025  04:20:13
** Ship: Henry Bigelow
** Cruise:  HB2502
** Program:  Spring Bottom Trawl
# nquan = 7
# nvalues = 1103                                  
# units = specified
# name 0 = depSM: Depth [salt water, m]
# name 1 = tv290C: Temperature [ITS-90, deg C]
# name 2 = c0S/m: Conductivity [S/m]
# name 3 = sal00: Salinity, Practical [PSU]
# name 4 = scan: Scan Count
# name 5 = timeM: Time, Elapsed [minutes]
# name 6 = flag:  0.000e+00
# span 0 =     -0.019,     33.112                 
# span 1 =     8.7193,     9.4325                 
# span 2 =   0.103635,   3.585476                 
# span 3 =     0.7560,    33.6456                 
# span 4 =         11,       1113                 
# span 5 =     0.0417,     4.6333                 
# span 6 = 0.0000e+00, 0.0000e+00                 
# interval = seconds: 0.25
# start_time = Mar 12 2025 04:20:13 [NMEA time, header]
# bad_flag = -9.990e-29
*END*
[from data line 411]
      9.166     8.9230   3.558699    33.4368        422     1.7542  0.000e+00
      9.345     8.9236   3.558788    33.4371        423     1.7583  0.000e+00
      9.510     8.9240   3.558852    33.4372        424     1.7625  0.000e+00
      9.667     8.9243   3.559050    33.4389        425     1.7667  0.000e+00
      9.828     8.9251   3.559445    33.4422        426     1.7708  0.000e+00
      9.993     8.9263   3.559784    33.4446        427     1.7750  0.000e+00
     10.157     8.9277   3.559879    33.4442        428     1.7792  0.000e+00
     10.311     8.9293   3.560077    33.4447        429     1.7833  0.000e+00
     10.461     8.9305   3.560403    33.4469        430     1.7875  0.000e+00
     10.617     8.9321   3.560645    33.4478        431     1.7917  0.000e+00
     10.783     8.9337   3.561404    33.4542        432     1.7958  0.000e+00
     10.959     8.9362   3.562106    33.4591        433     1.8000  0.000e+00
     11.141     8.9392   3.562259    33.4578        434     1.8042  0.000e+00
     11.321     8.9418   3.562323    33.4558        435     1.8083  0.000e+00
     11.506     8.9436   3.562917    33.4603        436     1.8125  0.000e+00
     11.701     8.9455   3.563593    33.4655        437     1.8167  0.000e+00
     11.902     8.9477   3.563963    33.4672        438     1.8208  0.000e+00
     12.110     8.9495   3.565163    33.4779        439     1.8250  0.000e+00
     12.314     8.9511   3.565904    33.4840        440     1.8292  0.000e+00
     12.513     8.9524   3.566147    33.4852        441     1.8333  0.000e+00
     12.709     8.9529   3.566306    33.4863        442     1.8375  0.000e+00
     12.906     8.9522   3.566453    33.4885        443     1.8417  0.000e+00
     13.113     8.9500   3.566517    33.4911        444     1.8458  0.000e+00
     13.311     8.9467   3.566453    33.4935        445     1.8500  0.000e+00
     13.503     8.9419   3.566319    33.4965        446     1.8542  0.000e+00
     13.692     8.9365   3.566390    33.5022        447     1.8583  0.000e+00
     13.876     8.9306   3.566320    33.5070        448     1.8625  0.000e+00
     14.064     8.9250   3.566237    33.5114        449     1.8667  0.000e+00
     14.249     8.9195   3.565931    33.5133        450     1.8708  0.000e+00
     14.434     8.9128   3.565599    33.5160        451     1.8750  0.000e+00
     14.626     8.9050   3.565120    33.5183        452     1.8792  0.000e+00
     14.816     8.8956   3.564967    33.5255        453     1.8833  0.000e+00
     15.011     8.8866   3.564814    33.5323        454     1.8875  0.000e+00
     15.203     8.8797   3.564336    33.5337        455     1.8917  0.000e+00
     15.397     8.8719   3.564074    33.5383        456     1.8958  0.000e+00
     15.598     8.8639   3.564029    33.5453        457     1.9000  0.000e+00
     15.799     8.8577   3.563481    33.5453        458     1.9042  0.000e+00
     15.995     8.8507   3.563366    33.5506        459     1.9083  0.000e+00
     16.178     8.8442   3.563200    33.5549        460     1.9125  0.000e+00
     16.365     8.8390   3.562939    33.5570        461     1.9167  0.000e+00
     16.541     8.8342   3.562696    33.5590        462     1.9208  0.000e+00
     16.716     8.8296   3.562569    33.5619        463     1.9250  0.000e+00
     16.888     8.8253   3.562326    33.5634        464     1.9292  0.000e+00
     17.046     8.8215   3.561803    33.5614        465     1.9333  0.000e+00
     17.207     8.8171   3.561452    33.5618        466     1.9375  0.000e+00
     17.364     8.8118   3.561172    33.5638        467     1.9417  0.000e+00
     17.522     8.8065   3.560649    33.5633        468     1.9458  0.000e+00
     17.701     8.8009   3.559603    33.5576        469     1.9500  0.000e+00
     17.882     8.7933   3.558882    33.5571        470     1.9542  0.000e+00
     18.070     8.7851   3.558684    33.5627        471     1.9583  0.000e+00
     18.273     8.7778   3.558532    33.5680        472     1.9625  0.000e+00
     18.488     8.7723   3.558296    33.5706        473     1.9667  0.000e+00
     18.709     8.7677   3.558315    33.5751        474     1.9708  0.000e+00
     18.944     8.7648   3.558749    33.5822        475     1.9750  0.000e+00
     19.178     8.7643   3.558424    33.5792        476     1.9792  0.000e+00
     19.410     8.7637   3.557639    33.5714        477     1.9833  0.000e+00
     19.635     8.7604   3.557467    33.5727        478     1.9875  0.000e+00
     19.854     8.7567   3.557333    33.5747        479     1.9917  0.000e+00
     20.061     8.7535   3.557027    33.5744        480     1.9958  0.000e+00
     20.252     8.7504   3.556702    33.5738        481     2.0000  0.000e+00
     20.427     8.7473   3.556377    33.5733        482     2.0042  0.000e+00
     20.575     8.7439   3.556224    33.5748        483     2.0083  0.000e+00
     20.722     8.7409   3.556116    33.5764        484     2.0125  0.000e+00
     20.865     8.7385   3.556052    33.5780        485     2.0167  0.000e+00
     20.998     8.7365   3.555956    33.5788        486     2.0208  0.000e+00
     21.127     8.7352   3.555829    33.5786        487     2.0250  0.000e+00
     21.259     8.7340   3.555791    33.5794        488     2.0292  0.000e+00
     21.397     8.7326   3.555676    33.5794        489     2.0333  0.000e+00
     21.545     8.7314   3.555612    33.5798        490     2.0375  0.000e+00
     21.703     8.7302   3.555568    33.5804        491     2.0417  0.000e+00
     21.869     8.7293   3.555549    33.5810        492     2.0458  0.000e+00
     22.042     8.7287   3.555549    33.5815        493     2.0500  0.000e+00
     22.230     8.7281   3.555568    33.5821        494     2.0542  0.000e+00
     22.429     8.7276   3.555460    33.5814        495     2.0583  0.000e+00
     22.635     8.7271   3.555485    33.5820        496     2.0625  0.000e+00
     22.848     8.7268   3.555460    33.5820        497     2.0667  0.000e+00
     23.073     8.7263   3.555473    33.5825        498     2.0708  0.000e+00
     23.295     8.7260   3.555415    33.5820        499     2.0750  0.000e+00
     23.530     8.7256   3.555377    33.5819        500     2.0792  0.000e+00
     23.771     8.7250   3.555377    33.5823        501     2.0833  0.000e+00
     24.004     8.7247   3.555333    33.5821        502     2.0875  0.000e+00
     24.238     8.7243   3.555377    33.5828        503     2.0917  0.000e+00
     24.475     8.7240   3.555377    33.5830        504     2.0958  0.000e+00
     24.708     8.7241   3.555416    33.5832        505     2.1000  0.000e+00
     24.936     8.7238   3.555397    33.5831        506     2.1042  0.000e+00
     25.157     8.7237   3.555416    33.5833        507     2.1083  0.000e+00
     25.366     8.7236   3.555378    33.5830        508     2.1125  0.000e+00
     25.561     8.7234   3.555397    33.5833        509     2.1167  0.000e+00
     25.742     8.7231   3.555429    33.5838        510     2.1208  0.000e+00
     25.916     8.7230   3.555461    33.5841        511     2.1250  0.000e+00
     26.079     8.7229   3.555550    33.5851        512     2.1292  0.000e+00
     26.229     8.7228   3.555767    33.5874        513     2.1333  0.000e+00
     26.370     8.7232   3.556009    33.5895        514     2.1375  0.000e+00
     26.508     8.7239   3.556162    33.5904        515     2.1417  0.000e+00
     26.647     8.7247   3.556507    33.5932        516     2.1458  0.000e+00
     26.785     8.7259   3.556749    33.5945        517     2.1500  0.000e+00
     26.927     8.7274   3.557228    33.5981        518     2.1542  0.000e+00
     27.068     8.7293   3.557814    33.6023        519     2.1583  0.000e+00
     27.211     8.7317   3.557993    33.6019        520     2.1625  0.000e+00
     27.365     8.7340   3.558490    33.6048        521     2.1667  0.000e+00
     27.518     8.7363   3.558892    33.6068        522     2.1708  0.000e+00
     27.688     8.7389   3.559760    33.6134        523     2.1750  0.000e+00
     27.864     8.7424   3.560194    33.6145        524     2.1792  0.000e+00
     28.045     8.7459   3.560806    33.6175        525     2.1833  0.000e+00
     28.235     8.7494   3.561221    33.6184        526     2.1875  0.000e+00
     28.436     8.7525   3.561546    33.6188        527     2.1917  0.000e+00
     28.644     8.7555   3.561591    33.6163        528     2.1958  0.000e+00
     28.859     8.7577   3.561744    33.6157        529     2.2000  0.000e+00
     29.076     8.7594   3.561872    33.6154        530     2.2042  0.000e+00
     29.303     8.7606   3.561961    33.6151        531     2.2083  0.000e+00
     29.525     8.7616   3.562376    33.6183        532     2.2125  0.000e+00
     29.757     8.7629   3.562440    33.6177        533     2.2167  0.000e+00
     29.978     8.7643   3.562549    33.6174        534     2.2208  0.000e+00
     30.210     8.7652   3.562619    33.6172        535     2.2250  0.000e+00
     30.427     8.7662   3.562836    33.6184        536     2.2292  0.000e+00
     30.647     8.7672   3.562983    33.6189        537     2.2333  0.000e+00
     30.865     8.7680   3.563072    33.6190        538     2.2375  0.000e+00
     31.080     8.7687   3.563117    33.6187        539     2.2417  0.000e+00
     31.285     8.7695   3.563187    33.6186        540     2.2458  0.000e+00
     31.487     8.7699   3.563270    33.6190        541     2.2500  0.000e+00
     31.685     8.7705   3.563423    33.6200        542     2.2542  0.000e+00
     31.878     8.7710   3.563577    33.6210        543     2.2583  0.000e+00
     32.061     8.7718   3.563666    33.6211        544     2.2625  0.000e+00
     32.234     8.7725   3.563711    33.6208        545     2.2667  0.000e+00
     32.412     8.7730   3.563755    33.6206        546     2.2708  0.000e+00
     32.450     8.7736   3.563928    33.6219        547     2.2750  0.000e+00
     32.427     8.7740   3.563947    33.6217        548     2.2792  0.000e+00
     32.356     8.7747   3.563928    33.6209        549     2.2833  0.000e+00
     32.267     8.7751   3.563972    33.6211        550     2.2875  0.000e+00
     32.213     8.7753   3.563992    33.6211        551     2.2917  0.000e+00
     32.180     8.7754   3.564043    33.6215        552     2.2958  0.000e+00
     32.136     8.7757   3.564126    33.6222        553     2.3000  0.000e+00
     32.078     8.7761   3.564081    33.6213        554     2.3042  0.000e+00
     32.009     8.7762   3.564055    33.6210        555     2.3083  0.000e+00
     31.971     8.7765   3.564081    33.6210        556     2.3125  0.000e+00
     31.958     8.7765   3.564036    33.6205        557     2.3167  0.000e+00
     31.969     8.7765   3.564017    33.6204        558     2.3208  0.000e+00
     31.978     8.7765   3.564017    33.6203        559     2.3250  0.000e+00
     31.998     8.7763   3.564036    33.6207        560     2.3292  0.000e+00
     32.035     8.7762   3.564017    33.6206        561     2.3333  0.000e+00
     32.090     8.7763   3.564055    33.6208        562     2.3375  0.000e+00
     32.170     8.7765   3.564126    33.6213        563     2.3417  0.000e+00
     32.255     8.7765   3.564100    33.6211        564     2.3458  0.000e+00
     32.334     8.7766   3.564100    33.6209        565     2.3500  0.000e+00
     32.409     8.7768   3.564145    33.6211        566     2.3542  0.000e+00
     32.488     8.7769   3.564126    33.6209        567     2.3583  0.000e+00
     32.559     8.7768   3.564087    33.6205        568     2.3625  0.000e+00
     32.609     8.7768   3.564100    33.6206        569     2.3667  0.000e+00
     32.647     8.7767   3.564036    33.6200        570     2.3708  0.000e+00
     32.666     8.7766   3.563992    33.6196        571     2.3750  0.000e+00
     32.662     8.7764   3.563928    33.6192        572     2.3792  0.000e+00
     32.646     8.7760   3.563864    33.6189        573     2.3833  0.000e+00
     32.608     8.7755   3.563947    33.6202        574     2.3875  0.000e+00
     32.557     8.7755   3.563973    33.6205        575     2.3917  0.000e+00
     32.490     8.7755   3.563794    33.6187        576     2.3958  0.000e+00
     32.419     8.7754   3.563775    33.6186        577     2.4000  0.000e+00
     32.347     8.7749   3.563794    33.6193        578     2.4042  0.000e+00
     32.267     8.7747   3.563711    33.6187        579     2.4083  0.000e+00
     32.193     8.7745   3.563755    33.6194        580     2.4125  0.000e+00
     32.124     8.7744   3.563775    33.6197        581     2.4167  0.000e+00
     32.073     8.7744   3.563755    33.6196        582     2.4208  0.000e+00
     32.028     8.7743   3.563774    33.6198        583     2.4250  0.000e+00
     31.999     8.7745   3.563832    33.6203        584     2.4292  0.000e+00
     31.987     8.7745   3.563774    33.6197        585     2.4333  0.000e+00
     31.988     8.7745   3.563794    33.6198        586     2.4375  0.000e+00
     32.006     8.7747   3.563838    33.6202        587     2.4417  0.000e+00
     32.041     8.7746   3.563902    33.6209        588     2.4458  0.000e+00
     32.084     8.7748   3.563972    33.6214        589     2.4500  0.000e+00
     32.138     8.7753   3.563992    33.6211        590     2.4542  0.000e+00
     32.198     8.7754   3.563947    33.6205        591     2.4583  0.000e+00
     32.262     8.7757   3.563992    33.6207        592     2.4625  0.000e+00
     32.323     8.7758   3.564017    33.6208        593     2.4667  0.000e+00
     32.373     8.7759   3.564017    33.6207        594     2.4708  0.000e+00
     32.428     8.7758   3.563972    33.6203        595     2.4750  0.000e+00
     32.471     8.7760   3.563972    33.6201        596     2.4792  0.000e+00
     32.500     8.7759   3.563947    33.6199        597     2.4833  0.000e+00
     32.516     8.7759   3.563902    33.6194        598     2.4875  0.000e+00
     32.522     8.7757   3.563883    33.6194        599     2.4917  0.000e+00
     32.522     8.7756   3.563858    33.6193        600     2.4958  0.000e+00
     32.511     8.7754   3.563902    33.6199        601     2.5000  0.000e+00
     32.489     8.7753   3.563819    33.6191        602     2.5042  0.000e+00
     32.468     8.7752   3.563819    33.6192        603     2.5083  0.000e+00
     32.435     8.7751   3.564036    33.6216        604     2.5125  0.000e+00
     32.397     8.7753   3.564189    33.6230        605     2.5167  0.000e+00
     32.353     8.7757   3.564100    33.6218        606     2.5208  0.000e+00
     32.315     8.7763   3.564126    33.6214        607     2.5250  0.000e+00
     32.272     8.7765   3.564170    33.6218        608     2.5292  0.000e+00
     32.227     8.7766   3.564145    33.6215        609     2.5333  0.000e+00
     32.189     8.7769   3.564126    33.6210        610     2.5375  0.000e+00
     32.153     8.7769   3.564081    33.6205        611     2.5417  0.000e+00
     32.124     8.7768   3.564055    33.6204        612     2.5458  0.000e+00
     32.099     8.7767   3.564055    33.6205        613     2.5500  0.000e+00
     32.086     8.7766   3.564036    33.6204        614     2.5542  0.000e+00
     32.091     8.7764   3.564126    33.6215        615     2.5583  0.000e+00
     32.095     8.7765   3.564157    33.6217        616     2.5625  0.000e+00
     32.112     8.7768   3.564170    33.6216        617     2.5667  0.000e+00
     32.141     8.7770   3.564170    33.6214        618     2.5708  0.000e+00
     32.175     8.7771   3.564189    33.6214        619     2.5750  0.000e+00
     32.209     8.7772   3.564234    33.6218        620     2.5792  0.000e+00
     32.253     8.7773   3.564209    33.6214        621     2.5833  0.000e+00
     32.296     8.7774   3.564189    33.6212        622     2.5875  0.000e+00
     32.338     8.7775   3.564170    33.6208        623     2.5917  0.000e+00
     32.378     8.7774   3.564209    33.6213        624     2.5958  0.000e+00
     32.413     8.7774   3.564209    33.6212        625     2.6000  0.000e+00
