HB2502/sbe079.cnv
* Sea-Bird SBE 19plus V2 Data File:
* FileName = C:\cruise\data\sbe079.hex
* Software Version Seasave V 7.26.7.121
* Temperature SN = 6128
* Conductivity SN = 6128
* System UpLoad Time = Apr 11 2025 10:13:37
* NMEA Latitude = 40 47.81 N
* NMEA Longitude = 068 25.82 W
* NMEA UTC (Time) = Apr 11 2025  10:12:49
** Ship: Henry Bigelow
** Cruise:  HB2502
** Program:  Spring Bottom Trawl
# nquan = 7
# nvalues = 1628                                  
# units = specified
# name 0 = depSM: Depth [salt water, m]
# name 1 = tv290C: Temperature [ITS-90, deg C]
# name 2 = c0S/m: Conductivity [S/m]
# name 3 = sal00: Salinity, Practical [PSU]
# name 4 = scan: Scan Count
# name 5 = timeM: Time, Elapsed [minutes]
# name 6 = flag:  0.000e+00
# span 0 =      0.122,     52.772                 
# span 1 =     5.5963,     5.9012                 
# span 2 =   0.004500,   3.217109                 
# span 3 =     0.0328,    32.7037                 
# span 4 =         11,       1638                 
# span 5 =     0.0417,     6.8208                 
# span 6 = 0.0000e+00, 0.0000e+00                 
# interval = seconds: 0.25
# start_time = Apr 11 2025 10:12:49 [NMEA time, header]
# bad_flag = -9.990e-29
*END*
[from data line 616]
     14.120     5.6463   3.187690    32.5320        627     2.6083  0.000e+00
     14.252     5.6464   3.187709    32.5321        628     2.6125  0.000e+00
     14.375     5.6465   3.187709    32.5319        629     2.6167  0.000e+00
     14.500     5.6466   3.187709    32.5318        630     2.6208  0.000e+00
     14.641     5.6466   3.187709    32.5317        631     2.6250  0.000e+00
     14.791     5.6466   3.187727    32.5318        632     2.6292  0.000e+00
     14.963     5.6465   3.187727    32.5318        633     2.6333  0.000e+00
     15.151     5.6465   3.187709    32.5315        634     2.6375  0.000e+00
     15.361     5.6467   3.187727    32.5314        635     2.6417  0.000e+00
     15.578     5.6467   3.187788    32.5320        636     2.6458  0.000e+00
     15.786     5.6467   3.187813    32.5322        637     2.6500  0.000e+00
     15.990     5.6469   3.187789    32.5317        638     2.6542  0.000e+00
     16.200     5.6469   3.187813    32.5318        639     2.6583  0.000e+00
     16.406     5.6468   3.187831    32.5320        640     2.6625  0.000e+00
     16.608     5.6469   3.187874    32.5323        641     2.6667  0.000e+00
     16.804     5.6469   3.187838    32.5318        642     2.6708  0.000e+00
     16.997     5.6470   3.187874    32.5320        643     2.6750  0.000e+00
     17.168     5.6469   3.187874    32.5320        644     2.6792  0.000e+00
     17.336     5.6469   3.187874    32.5319        645     2.6833  0.000e+00
     17.499     5.6470   3.187893    32.5320        646     2.6875  0.000e+00
     17.660     5.6469   3.187893    32.5320        647     2.6917  0.000e+00
     17.826     5.6471   3.187911    32.5319        648     2.6958  0.000e+00
     18.007     5.6471   3.187875    32.5314        649     2.7000  0.000e+00
     18.187     5.6471   3.187911    32.5318        650     2.7042  0.000e+00
     18.379     5.6470   3.187973    32.5325        651     2.7083  0.000e+00
     18.576     5.6471   3.187991    32.5324        652     2.7125  0.000e+00
     18.774     5.6471   3.187954    32.5319        653     2.7167  0.000e+00
     18.958     5.6471   3.187991    32.5322        654     2.7208  0.000e+00
     19.132     5.6472   3.188034    32.5325        655     2.7250  0.000e+00
     19.291     5.6474   3.188052    32.5325        656     2.7292  0.000e+00
     19.441     5.6474   3.188052    32.5325        657     2.7333  0.000e+00
     19.580     5.6474   3.188077    32.5326        658     2.7375  0.000e+00
     19.711     5.6474   3.188052    32.5323        659     2.7417  0.000e+00
     19.828     5.6475   3.188077    32.5324        660     2.7458  0.000e+00
     19.946     5.6476   3.188114    32.5326        661     2.7500  0.000e+00
     20.064     5.6477   3.188095    32.5323        662     2.7542  0.000e+00
     20.192     5.6477   3.188138    32.5327        663     2.7583  0.000e+00
     20.326     5.6478   3.188156    32.5327        664     2.7625  0.000e+00
     20.475     5.6480   3.188175    32.5327        665     2.7667  0.000e+00
     20.643     5.6481   3.188218    32.5330        666     2.7708  0.000e+00
     20.831     5.6482   3.188199    32.5326        667     2.7750  0.000e+00
     21.045     5.6484   3.188254    32.5329        668     2.7792  0.000e+00
     21.269     5.6485   3.188297    32.5332        669     2.7833  0.000e+00
     21.506     5.6488   3.188297    32.5328        670     2.7875  0.000e+00
     21.760     5.6490   3.188279    32.5323        671     2.7917  0.000e+00
     22.030     5.6490   3.188297    32.5323        672     2.7958  0.000e+00
     22.297     5.6492   3.188298    32.5321        673     2.8000  0.000e+00
     22.570     5.6489   3.188359    32.5328        674     2.8042  0.000e+00
     22.824     5.6489   3.188359    32.5328        675     2.8083  0.000e+00
     23.055     5.6488   3.188377    32.5329        676     2.8125  0.000e+00
     23.272     5.6488   3.188402    32.5331        677     2.8167  0.000e+00
     23.475     5.6487   3.188420    32.5333        678     2.8208  0.000e+00
     23.657     5.6489   3.188438    32.5332        679     2.8250  0.000e+00
     23.815     5.6488   3.188463    32.5335        680     2.8292  0.000e+00
     23.948     5.6491   3.188481    32.5334        681     2.8333  0.000e+00
     24.067     5.6493   3.188500    32.5334        682     2.8375  0.000e+00
     24.168     5.6495   3.188542    32.5335        683     2.8417  0.000e+00
     24.271     5.6496   3.188518    32.5331        684     2.8458  0.000e+00
     24.367     5.6496   3.188518    32.5330        685     2.8500  0.000e+00
     24.461     5.6496   3.188518    32.5330        686     2.8542  0.000e+00
     24.559     5.6497   3.188543    32.5332        687     2.8583  0.000e+00
     24.664     5.6498   3.188543    32.5331        688     2.8625  0.000e+00
     24.781     5.6497   3.188518    32.5328        689     2.8667  0.000e+00
     24.913     5.6495   3.188518    32.5329        690     2.8708  0.000e+00
     25.053     5.6494   3.188543    32.5332        691     2.8750  0.000e+00
     25.202     5.6494   3.188500    32.5326        692     2.8792  0.000e+00
     25.365     5.6493   3.188543    32.5331        693     2.8833  0.000e+00
     25.538     5.6494   3.188531    32.5329        694     2.8875  0.000e+00
     25.731     5.6493   3.188482    32.5323        695     2.8917  0.000e+00
     25.934     5.6494   3.188543    32.5328        696     2.8958  0.000e+00
     26.147     5.6494   3.188543    32.5327        697     2.9000  0.000e+00
     26.366     5.6492   3.188543    32.5328        698     2.9042  0.000e+00
     26.589     5.6493   3.188562    32.5327        699     2.9083  0.000e+00
     26.802     5.6492   3.188580    32.5330        700     2.9125  0.000e+00
     27.031     5.6492   3.188604    32.5332        701     2.9167  0.000e+00
     27.246     5.6492   3.188605    32.5330        702     2.9208  0.000e+00
     27.459     5.6490   3.188605    32.5331        703     2.9250  0.000e+00
     27.677     5.6493   3.188623    32.5330        704     2.9292  0.000e+00
     27.886     5.6493   3.188684    32.5335        705     2.9333  0.000e+00
     28.101     5.6494   3.188703    32.5335        706     2.9375  0.000e+00
     28.312     5.6496   3.188727    32.5334        707     2.9417  0.000e+00
     28.519     5.6496   3.188727    32.5333        708     2.9458  0.000e+00
     28.718     5.6497   3.188764    32.5336        709     2.9500  0.000e+00
     28.919     5.6499   3.188764    32.5333        710     2.9542  0.000e+00
     29.116     5.6500   3.188807    32.5336        711     2.9583  0.000e+00
     29.303     5.6500   3.188764    32.5330        712     2.9625  0.000e+00
     29.478     5.6502   3.188807    32.5332        713     2.9667  0.000e+00
     29.635     5.6502   3.188825    32.5333        714     2.9708  0.000e+00
     29.787     5.6503   3.188807    32.5330        715     2.9750  0.000e+00
     29.930     5.6506   3.188825    32.5329        716     2.9792  0.000e+00
     30.064     5.6505   3.188868    32.5333        717     2.9833  0.000e+00
     30.194     5.6506   3.188905    32.5336        718     2.9875  0.000e+00
     30.324     5.6508   3.188887    32.5331        719     2.9917  0.000e+00
     30.460     5.6509   3.188929    32.5334        720     2.9958  0.000e+00
     30.605     5.6511   3.188948    32.5334        721     3.0000  0.000e+00
     30.768     5.6512   3.189009    32.5339        722     3.0042  0.000e+00
     30.934     5.6515   3.188991    32.5333        723     3.0083  0.000e+00
     31.115     5.6515   3.189027    32.5336        724     3.0125  0.000e+00
     31.290     5.6515   3.189027    32.5336        725     3.0167  0.000e+00
     31.482     5.6518   3.189027    32.5332        726     3.0208  0.000e+00
     31.676     5.6519   3.189046    32.5332        727     3.0250  0.000e+00
     31.868     5.6522   3.189070    32.5331        728     3.0292  0.000e+00
     32.063     5.6522   3.189089    32.5332        729     3.0333  0.000e+00
     32.251     5.6523   3.189089    32.5330        730     3.0375  0.000e+00
     32.432     5.6522   3.189089    32.5331        731     3.0417  0.000e+00
     32.600     5.6523   3.189150    32.5336        732     3.0458  0.000e+00
     32.761     5.6523   3.189132    32.5333        733     3.0500  0.000e+00
     32.918     5.6524   3.189107    32.5328        734     3.0542  0.000e+00
     33.076     5.6522   3.189150    32.5334        735     3.0583  0.000e+00
     33.233     5.6523   3.189132    32.5330        736     3.0625  0.000e+00
     33.387     5.6523   3.189150    32.5331        737     3.0667  0.000e+00
     33.541     5.6523   3.189132    32.5328        738     3.0708  0.000e+00
     33.696     5.6524   3.189150    32.5329        739     3.0750  0.000e+00
     33.852     5.6522   3.189169    32.5332        740     3.0792  0.000e+00
     34.005     5.6522   3.189150    32.5330        741     3.0833  0.000e+00
     34.155     5.6522   3.189169    32.5331        742     3.0875  0.000e+00
     34.311     5.6521   3.189150    32.5329        743     3.0917  0.000e+00
     34.474     5.6521   3.189187    32.5333        744     3.0958  0.000e+00
     34.648     5.6522   3.189193    32.5331        745     3.1000  0.000e+00
     34.829     5.6520   3.189193    32.5332        746     3.1042  0.000e+00
     35.018     5.6522   3.189193    32.5329        747     3.1083  0.000e+00
     35.215     5.6521   3.189230    32.5333        748     3.1125  0.000e+00
     35.408     5.6522   3.189108    32.5317        749     3.1167  0.000e+00
     35.607     5.6522   3.189230    32.5330        750     3.1208  0.000e+00
     35.815     5.6521   3.189255    32.5333        751     3.1250  0.000e+00
     36.017     5.6521   3.189273    32.5334        752     3.1292  0.000e+00
     36.210     5.6521   3.189273    32.5333        753     3.1333  0.000e+00
     36.400     5.6521   3.189310    32.5336        754     3.1375  0.000e+00
     36.596     5.6523   3.189334    32.5337        755     3.1417  0.000e+00
     36.785     5.6522   3.189335    32.5337        756     3.1458  0.000e+00
     36.967     5.6524   3.189335    32.5334        757     3.1500  0.000e+00
     37.151     5.6524   3.189335    32.5332        758     3.1542  0.000e+00
     37.335     5.6524   3.189353    32.5334        759     3.1583  0.000e+00
     37.529     5.6525   3.189396    32.5336        760     3.1625  0.000e+00
     37.733     5.6528   3.189371    32.5330        761     3.1667  0.000e+00
     37.943     5.6528   3.189396    32.5332        762     3.1708  0.000e+00
     38.160     5.6529   3.189414    32.5331        763     3.1750  0.000e+00
     38.381     5.6529   3.189457    32.5335        764     3.1792  0.000e+00
     38.606     5.6530   3.189457    32.5334        765     3.1833  0.000e+00
     38.819     5.6531   3.189476    32.5333        766     3.1875  0.000e+00
     39.034     5.6531   3.189519    32.5337        767     3.1917  0.000e+00
     39.220     5.6532   3.189519    32.5335        768     3.1958  0.000e+00
     39.390     5.6531   3.189519    32.5335        769     3.2000  0.000e+00
     39.532     5.6531   3.189519    32.5335        770     3.2042  0.000e+00
     39.667     5.6533   3.189537    32.5335        771     3.2083  0.000e+00
     39.775     5.6532   3.189519    32.5333        772     3.2125  0.000e+00
     39.868     5.6531   3.189537    32.5335        773     3.2167  0.000e+00
     39.948     5.6531   3.189537    32.5335        774     3.2208  0.000e+00
     40.023     5.6531   3.189555    32.5337        775     3.2250  0.000e+00
     40.110     5.6533   3.189556    32.5335        776     3.2292  0.000e+00
     40.208     5.6532   3.189556    32.5335        777     3.2333  0.000e+00
     40.330     5.6531   3.189537    32.5333        778     3.2375  0.000e+00
     40.470     5.6531   3.189574    32.5336        779     3.2417  0.000e+00
     40.624     5.6533   3.189556    32.5331        780     3.2458  0.000e+00
     40.792     5.6533   3.189574    32.5333        781     3.2500  0.000e+00
     40.979     5.6533   3.189599    32.5335        782     3.2542  0.000e+00
     41.185     5.6534   3.189599    32.5332        783     3.2583  0.000e+00
     41.395     5.6535   3.189617    32.5332        784     3.2625  0.000e+00
     41.610     5.6534   3.189574    32.5328        785     3.2667  0.000e+00
     41.815     5.6533   3.189617    32.5333        786     3.2708  0.000e+00
     42.021     5.6532   3.189617    32.5333        787     3.2750  0.000e+00
     42.224     5.6534   3.189636    32.5332        788     3.2792  0.000e+00
     42.425     5.6532   3.189599    32.5328        789     3.2833  0.000e+00
     42.622     5.6531   3.189611    32.5329        790     3.2875  0.000e+00
     42.809     5.6531   3.189660    32.5335        791     3.2917  0.000e+00
     42.990     5.6532   3.189618    32.5328        792     3.2958  0.000e+00
     43.164     5.6531   3.189660    32.5333        793     3.3000  0.000e+00
     43.334     5.6531   3.189660    32.5332        794     3.3042  0.000e+00
     43.517     5.6529   3.189679    32.5335        795     3.3083  0.000e+00
     43.695     5.6529   3.189661    32.5332        796     3.3125  0.000e+00
     43.878     5.6530   3.189697    32.5334        797     3.3167  0.000e+00
     44.069     5.6528   3.189697    32.5335        798     3.3208  0.000e+00
     44.272     5.6528   3.189697    32.5335        799     3.3250  0.000e+00
     44.490     5.6530   3.189722    32.5334        800     3.3292  0.000e+00
     44.707     5.6529   3.189740    32.5336        801     3.3333  0.000e+00
     44.922     5.6529   3.189740    32.5335        802     3.3375  0.000e+00
     45.137     5.6530   3.189759    32.5335        803     3.3417  0.000e+00
     45.354     5.6529   3.189783    32.5337        804     3.3458  0.000e+00
     45.564     5.6529   3.189783    32.5337        805     3.3500  0.000e+00
     45.772     5.6530   3.189802    32.5336        806     3.3542  0.000e+00
     45.960     5.6532   3.189759    32.5329        807     3.3583  0.000e+00
     46.124     5.6531   3.189783    32.5331        808     3.3625  0.000e+00
     46.263     5.6530   3.189802    32.5334        809     3.3667  0.000e+00
     46.386     5.6529   3.189784    32.5332        810     3.3708  0.000e+00
     46.493     5.6530   3.189802    32.5333        811     3.3750  0.000e+00
     46.587     5.6528   3.189802    32.5334        812     3.3792  0.000e+00
     46.676     5.6529   3.189820    32.5335        813     3.3833  0.000e+00
     46.767     5.6529   3.189802    32.5332        814     3.3875  0.000e+00
     46.863     5.6528   3.189839    32.5338        815     3.3917  0.000e+00
     46.987     5.6530   3.189839    32.5335        816     3.3958  0.000e+00
     47.136     5.6529   3.189839    32.5335        817     3.4000  0.000e+00
     47.306     5.6530   3.189863    32.5336        818     3.4042  0.000e+00
     47.498     5.6530   3.189882    32.5337        819     3.4083  0.000e+00
     47.720     5.6530   3.189900    32.5338        820     3.4125  0.000e+00
     47.963     5.6530   3.189882    32.5334        821     3.4167  0.000e+00
     48.225     5.6533   3.189925    32.5336        822     3.4208  0.000e+00
     48.491     5.6532   3.189925    32.5335        823     3.4250  0.000e+00
     48.748     5.6532   3.189961    32.5338        824     3.4292  0.000e+00
     48.987     5.6533   3.189962    32.5336        825     3.4333  0.000e+00
     49.202     5.6534   3.189986    32.5337        826     3.4375  0.000e+00
     49.391     5.6535   3.189962    32.5332        827     3.4417  0.000e+00
     49.552     5.6532   3.189986    32.5337        828     3.4458  0.000e+00
     49.683     5.6534   3.190005    32.5337        829     3.4500  0.000e+00
     49.782     5.6533   3.190005    32.5337        830     3.4542  0.000e+00
