HB2502/sbe078.cnv
* Sea-Bird SBE 19plus V2 Data File:
* FileName = C:\cruise\data\sbe078.hex
* Software Version Seasave V 7.26.7.121
* Temperature SN = 6128
* Conductivity SN = 6128
* System UpLoad Time = Apr 11 2025 07:07:14
* NMEA Latitude = 40 58.07 N
* NMEA Longitude = 068 15.36 W
* NMEA UTC (Time) = Apr 11 2025  07:06:26
** Ship: Henry Bigelow
** Cruise:  HB2502
** Program:  Spring Bottom Trawl
# nquan = 7
# nvalues = 1409                                  
# units = specified
# name 0 = depSM: Depth [salt water, m]
# name 1 = tv290C: Temperature [ITS-90, deg C]
# name 2 = c0S/m: Conductivity [S/m]
# name 3 = sal00: Salinity, Practical [PSU]
# name 4 = scan: Scan Count
# name 5 = timeM: Time, Elapsed [minutes]
# name 6 = flag:  0.000e+00
# span 0 =      0.136,     51.473                 
# span 1 =     5.6084,     5.7524                 
# span 2 =   0.004479,   3.199081                 
# span 3 =     0.0328,    32.6187                 
# span 4 =         11,       1419                 
# span 5 =     0.0417,     5.9083                 
# span 6 = 0.0000e+00, 0.0000e+00                 
# interval = seconds: 0.25
# start_time = Apr 11 2025 07:06:26 [NMEA time, header]
# bad_flag = -9.990e-29
*END*
[from data line 206]
      6.645     5.7220   3.196911    32.5667        217     0.9000  0.000e+00
      6.808     5.7174   3.196997    32.5720        218     0.9042  0.000e+00
      6.975     5.7142   3.197033    32.5755        219     0.9083  0.000e+00
      7.145     5.7121   3.197076    32.5779        220     0.9125  0.000e+00
      7.314     5.7111   3.197015    32.5781        221     0.9167  0.000e+00
      7.493     5.7102   3.196569    32.5738        222     0.9208  0.000e+00
      7.674     5.7098   3.196349    32.5717        223     0.9250  0.000e+00
      7.850     5.7096   3.196245    32.5706        224     0.9292  0.000e+00
      8.019     5.7113   3.196025    32.5663        225     0.9333  0.000e+00
      8.165     5.7153   3.195639    32.5580        226     0.9375  0.000e+00
      8.309     5.7198   3.195377    32.5506        227     0.9417  0.000e+00
      8.449     5.7237   3.195230    32.5452        228     0.9458  0.000e+00
      8.574     5.7271   3.195028    32.5396        229     0.9500  0.000e+00
      8.695     5.7300   3.194826    32.5344        230     0.9542  0.000e+00
      8.820     5.7323   3.194747    32.5313        231     0.9583  0.000e+00
      8.946     5.7340   3.194765    32.5297        232     0.9625  0.000e+00
      9.066     5.7354   3.194747    32.5281        233     0.9667  0.000e+00
      9.186     5.7361   3.195315    32.5338        234     0.9708  0.000e+00
      9.296     5.7362   3.196166    32.5433        235     0.9750  0.000e+00
      9.413     5.7361   3.196184    32.5435        236     0.9792  0.000e+00
      9.522     5.7365   3.196202    32.5433        237     0.9833  0.000e+00
      9.642     5.7362   3.196263    32.5442        238     0.9875  0.000e+00
      9.756     5.7358   3.196349    32.5454        239     0.9917  0.000e+00
      9.869     5.7354   3.196386    32.5463        240     0.9958  0.000e+00
      9.985     5.7348   3.196429    32.5473        241     1.0000  0.000e+00
     10.110     5.7343   3.196429    32.5476        242     1.0042  0.000e+00
     10.231     5.7334   3.196490    32.5492        243     1.0083  0.000e+00
     10.349     5.7314   3.196570    32.5519        244     1.0125  0.000e+00
     10.481     5.7284   3.196674    32.5559        245     1.0167  0.000e+00
     10.619     5.7254   3.196735    32.5595        246     1.0208  0.000e+00
     10.765     5.7229   3.196772    32.5622        247     1.0250  0.000e+00
     10.919     5.7210   3.196814    32.5644        248     1.0292  0.000e+00
     11.076     5.7199   3.196833    32.5656        249     1.0333  0.000e+00
     11.233     5.7187   3.196876    32.5672        250     1.0375  0.000e+00
     11.389     5.7183   3.196998    32.5689        251     1.0417  0.000e+00
     11.550     5.7179   3.196912    32.5682        252     1.0458  0.000e+00
     11.716     5.7179   3.196613    32.5648        253     1.0500  0.000e+00
     11.863     5.7178   3.196350    32.5618        254     1.0542  0.000e+00
     12.019     5.7183   3.196044    32.5578        255     1.0583  0.000e+00
     12.166     5.7206   3.195781    32.5526        256     1.0625  0.000e+00
     12.304     5.7233   3.195555    32.5473        257     1.0667  0.000e+00
     12.434     5.7257   3.195616    32.5457        258     1.0708  0.000e+00
     12.566     5.7271   3.196142    32.5501        259     1.0750  0.000e+00
     12.707     5.7281   3.196527    32.5534        260     1.0792  0.000e+00
     12.851     5.7290   3.196589    32.5532        261     1.0833  0.000e+00
     12.982     5.7298   3.196589    32.5524        262     1.0875  0.000e+00
     13.108     5.7293   3.196552    32.5524        263     1.0917  0.000e+00
     13.235     5.7285   3.196369    32.5510        264     1.0958  0.000e+00
     13.354     5.7275   3.196350    32.5517        265     1.1000  0.000e+00
     13.472     5.7259   3.196485    32.5547        266     1.1042  0.000e+00
     13.590     5.7241   3.196675    32.5585        267     1.1083  0.000e+00
     13.710     5.7224   3.196772    32.5613        268     1.1125  0.000e+00
     13.820     5.7209   3.196815    32.5631        269     1.1167  0.000e+00
     13.935     5.7200   3.196834    32.5642        270     1.1208  0.000e+00
     14.053     5.7190   3.196773    32.5643        271     1.1250  0.000e+00
     14.172     5.7179   3.196711    32.5646        272     1.1292  0.000e+00
     14.301     5.7165   3.196589    32.5646        273     1.1333  0.000e+00
     14.443     5.7149   3.196571    32.5659        274     1.1375  0.000e+00
     14.593     5.7127   3.196553    32.5677        275     1.1417  0.000e+00
     14.757     5.7104   3.196528    32.5696        276     1.1458  0.000e+00
     14.927     5.7079   3.196510    32.5716        277     1.1500  0.000e+00
     15.099     5.7060   3.196553    32.5739        278     1.1542  0.000e+00
     15.269     5.7047   3.196773    32.5776        279     1.1583  0.000e+00
     15.442     5.7043   3.196736    32.5774        280     1.1625  0.000e+00
     15.618     5.7046   3.196553    32.5750        281     1.1667  0.000e+00
     15.777     5.7049   3.196449    32.5734        282     1.1708  0.000e+00
     15.929     5.7067   3.196529    32.5725        283     1.1750  0.000e+00
     16.072     5.7108   3.196492    32.5681        284     1.1792  0.000e+00
     16.204     5.7153   3.196247    32.5609        285     1.1833  0.000e+00
     16.335     5.7196   3.196046    32.5545        286     1.1875  0.000e+00
     16.463     5.7236   3.195966    32.5496        287     1.1917  0.000e+00
     16.599     5.7272   3.195880    32.5451        288     1.1958  0.000e+00
     16.729     5.7303   3.195905    32.5424        289     1.2000  0.000e+00
     16.865     5.7321   3.196143    32.5432        290     1.2042  0.000e+00
     16.995     5.7331   3.196675    32.5482        291     1.2083  0.000e+00
     17.132     5.7334   3.196780    32.5489        292     1.2125  0.000e+00
     17.257     5.7341   3.196755    32.5479        293     1.2167  0.000e+00
     17.376     5.7344   3.196853    32.5488        294     1.2208  0.000e+00
     17.484     5.7338   3.196853    32.5492        295     1.2250  0.000e+00
     17.593     5.7323   3.196798    32.5500        296     1.2292  0.000e+00
     17.704     5.7296   3.196712    32.5516        297     1.2333  0.000e+00
     17.816     5.7255   3.196651    32.5548        298     1.2375  0.000e+00
     17.933     5.7208   3.196651    32.5593        299     1.2417  0.000e+00
     18.055     5.7174   3.196529    32.5612        300     1.2458  0.000e+00
     18.182     5.7152   3.195863    32.5557        301     1.2500  0.000e+00
     18.331     5.7163   3.194750    32.5420        302     1.2542  0.000e+00
     18.493     5.7244   3.194628    32.5327        303     1.2583  0.000e+00
     18.663     5.7328   3.194585    32.5240        304     1.2625  0.000e+00
     18.841     5.7388   3.194627    32.5187        305     1.2667  0.000e+00
     19.027     5.7424   3.194646    32.5153        306     1.2708  0.000e+00
     19.211     5.7448   3.194689    32.5133        307     1.2750  0.000e+00
     19.403     5.7464   3.194707    32.5120        308     1.2792  0.000e+00
     19.585     5.7474   3.194750    32.5114        309     1.2833  0.000e+00
     19.763     5.7481   3.194793    32.5111        310     1.2875  0.000e+00
     19.941     5.7486   3.194750    32.5101        311     1.2917  0.000e+00
     20.101     5.7488   3.194793    32.5103        312     1.2958  0.000e+00
     20.246     5.7488   3.194793    32.5102        313     1.3000  0.000e+00
     20.377     5.7490   3.194768    32.5097        314     1.3042  0.000e+00
     20.502     5.7492   3.194830    32.5101        315     1.3083  0.000e+00
     20.623     5.7492   3.194811    32.5098        316     1.3125  0.000e+00
     20.738     5.7492   3.194848    32.5101        317     1.3167  0.000e+00
     20.853     5.7493   3.194873    32.5103        318     1.3208  0.000e+00
     20.972     5.7493   3.194854    32.5100        319     1.3250  0.000e+00
     21.094     5.7492   3.194830    32.5098        320     1.3292  0.000e+00
     21.207     5.7492   3.194873    32.5102        321     1.3333  0.000e+00
     21.338     5.7493   3.194830    32.5095        322     1.3375  0.000e+00
     21.455     5.7493   3.194848    32.5097        323     1.3417  0.000e+00
     21.572     5.7492   3.194830    32.5095        324     1.3458  0.000e+00
     21.689     5.7493   3.194891    32.5101        325     1.3500  0.000e+00
     21.816     5.7491   3.194873    32.5100        326     1.3542  0.000e+00
     21.946     5.7493   3.194848    32.5094        327     1.3583  0.000e+00
     22.074     5.7493   3.194812    32.5090        328     1.3625  0.000e+00
     22.211     5.7492   3.194910    32.5101        329     1.3667  0.000e+00
     22.344     5.7492   3.194934    32.5103        330     1.3708  0.000e+00
     22.486     5.7493   3.194891    32.5097        331     1.3750  0.000e+00
     22.647     5.7493   3.194934    32.5101        332     1.3792  0.000e+00
     22.818     5.7493   3.194892    32.5095        333     1.3833  0.000e+00
     22.993     5.7492   3.194934    32.5100        334     1.3875  0.000e+00
     23.171     5.7493   3.194953    32.5101        335     1.3917  0.000e+00
     23.344     5.7492   3.194892    32.5093        336     1.3958  0.000e+00
     23.523     5.7491   3.194953    32.5100        337     1.4000  0.000e+00
     23.701     5.7491   3.194910    32.5095        338     1.4042  0.000e+00
     23.873     5.7492   3.194935    32.5096        339     1.4083  0.000e+00
     24.041     5.7492   3.194953    32.5097        340     1.4125  0.000e+00
     24.205     5.7492   3.194953    32.5097        341     1.4167  0.000e+00
     24.356     5.7492   3.194996    32.5100        342     1.4208  0.000e+00
     24.501     5.7493   3.194996    32.5099        343     1.4250  0.000e+00
     24.635     5.7492   3.194996    32.5099        344     1.4292  0.000e+00
     24.768     5.7494   3.195033    32.5101        345     1.4333  0.000e+00
     24.903     5.7493   3.195033    32.5101        346     1.4375  0.000e+00
     25.038     5.7494   3.195008    32.5097        347     1.4417  0.000e+00
     25.176     5.7494   3.195015    32.5097        348     1.4458  0.000e+00
     25.321     5.7495   3.195057    32.5100        349     1.4500  0.000e+00
     25.472     5.7496   3.195015    32.5094        350     1.4542  0.000e+00
     25.622     5.7493   3.195015    32.5095        351     1.4583  0.000e+00
     25.775     5.7494   3.194954    32.5087        352     1.4625  0.000e+00
     25.936     5.7493   3.195058    32.5098        353     1.4667  0.000e+00
     26.097     5.7493   3.195058    32.5097        354     1.4708  0.000e+00
     26.256     5.7493   3.195076    32.5099        355     1.4750  0.000e+00
     26.410     5.7492   3.195076    32.5100        356     1.4792  0.000e+00
     26.568     5.7492   3.195076    32.5098        357     1.4833  0.000e+00
     26.715     5.7493   3.195094    32.5099        358     1.4875  0.000e+00
     26.863     5.7493   3.195137    32.5103        359     1.4917  0.000e+00
     27.012     5.7493   3.195137    32.5102        360     1.4958  0.000e+00
     27.164     5.7493   3.195095    32.5096        361     1.5000  0.000e+00
     27.325     5.7494   3.195119    32.5098        362     1.5042  0.000e+00
     27.486     5.7495   3.195119    32.5096        363     1.5083  0.000e+00
     27.642     5.7494   3.195138    32.5098        364     1.5125  0.000e+00
     27.805     5.7493   3.195199    32.5105        365     1.5167  0.000e+00
     27.973     5.7494   3.195156    32.5098        366     1.5208  0.000e+00
     28.131     5.7495   3.195156    32.5097        367     1.5250  0.000e+00
     28.288     5.7494   3.195156    32.5097        368     1.5292  0.000e+00
     28.430     5.7494   3.195175    32.5098        369     1.5333  0.000e+00
     28.581     5.7496   3.195156    32.5094        370     1.5375  0.000e+00
     28.722     5.7494   3.195175    32.5097        371     1.5417  0.000e+00
     28.864     5.7496   3.195175    32.5095        372     1.5458  0.000e+00
     29.016     5.7494   3.195199    32.5098        373     1.5500  0.000e+00
     29.165     5.7494   3.195218    32.5099        374     1.5542  0.000e+00
     29.322     5.7494   3.195224    32.5099        375     1.5583  0.000e+00
     29.475     5.7497   3.195218    32.5096        376     1.5625  0.000e+00
     29.634     5.7496   3.195218    32.5095        377     1.5667  0.000e+00
     29.797     5.7496   3.195261    32.5100        378     1.5708  0.000e+00
     29.959     5.7496   3.195279    32.5101        379     1.5750  0.000e+00
     30.118     5.7496   3.195261    32.5098        380     1.5792  0.000e+00
     30.274     5.7497   3.195297    32.5101        381     1.5833  0.000e+00
     30.427     5.7497   3.195297    32.5099        382     1.5875  0.000e+00
     30.574     5.7496   3.195279    32.5098        383     1.5917  0.000e+00
     30.716     5.7496   3.195298    32.5099        384     1.5958  0.000e+00
     30.860     5.7497   3.195322    32.5100        385     1.6000  0.000e+00
     31.007     5.7497   3.195322    32.5099        386     1.6042  0.000e+00
     31.156     5.7497   3.195322    32.5099        387     1.6083  0.000e+00
     31.312     5.7496   3.195340    32.5101        388     1.6125  0.000e+00
     31.467     5.7498   3.195341    32.5098        389     1.6167  0.000e+00
     31.621     5.7498   3.195322    32.5096        390     1.6208  0.000e+00
     31.784     5.7498   3.195322    32.5095        391     1.6250  0.000e+00
     31.938     5.7498   3.195383    32.5101        392     1.6292  0.000e+00
     32.081     5.7498   3.195384    32.5100        393     1.6333  0.000e+00
     32.236     5.7499   3.195402    32.5101        394     1.6375  0.000e+00
     32.392     5.7499   3.195402    32.5100        395     1.6417  0.000e+00
     32.533     5.7499   3.195445    32.5103        396     1.6458  0.000e+00
     32.683     5.7499   3.195420    32.5100        397     1.6500  0.000e+00
     32.821     5.7501   3.195445    32.5101        398     1.6542  0.000e+00
     32.961     5.7502   3.195445    32.5099        399     1.6583  0.000e+00
     33.107     5.7502   3.195445    32.5098        400     1.6625  0.000e+00
     33.246     5.7502   3.195482    32.5101        401     1.6667  0.000e+00
     33.391     5.7502   3.195470    32.5099        402     1.6708  0.000e+00
     33.543     5.7502   3.195525    32.5105        403     1.6750  0.000e+00
     33.697     5.7502   3.195525    32.5104        404     1.6792  0.000e+00
     33.856     5.7504   3.195500    32.5099        405     1.6833  0.000e+00
     34.018     5.7504   3.195445    32.5092        406     1.6875  0.000e+00
     34.179     5.7502   3.195543    32.5104        407     1.6917  0.000e+00
     34.347     5.7504   3.195562    32.5103        408     1.6958  0.000e+00
     34.522     5.7505   3.195604    32.5106        409     1.7000  0.000e+00
     34.700     5.7505   3.195604    32.5105        410     1.7042  0.000e+00
     34.870     5.7505   3.195623    32.5106        411     1.7083  0.000e+00
     35.044     5.7505   3.195605    32.5103        412     1.7125  0.000e+00
     35.212     5.7506   3.195623    32.5104        413     1.7167  0.000e+00
     35.378     5.7507   3.195623    32.5102        414     1.7208  0.000e+00
     35.548     5.7507   3.195648    32.5104        415     1.7250  0.000e+00
     35.708     5.7507   3.195648    32.5103        416     1.7292  0.000e+00
     35.873     5.7506   3.195648    32.5103        417     1.7333  0.000e+00
     36.036     5.7507   3.195684    32.5106        418     1.7375  0.000e+00
     36.202     5.7508   3.195666    32.5102        419     1.7417  0.000e+00
     36.370     5.7508   3.195666    32.5101        420     1.7458  0.000e+00
