HB2502/sbe005.cnv
* Sea-Bird SBE 19plus V2 Data File:
* FileName = C:\cruise\data\sbe005.hex
* Software Version Seasave V 7.26.7.121
* Temperature SN = 6128
* Conductivity SN = 6128
* System UpLoad Time = Mar 09 2025 08:51:47
* NMEA Latitude = 38 43.24 N
* NMEA Longitude = 073 15.54 W
* NMEA UTC (Time) = Mar 09 2025  08:50:25
** Ship: Henry Bigelow
** Cruise:  HB2502
** Program:  Spring Bottom Trawl
# nquan = 7
# nvalues = 1930                                  
# units = specified
# name 0 = depSM: Depth [salt water, m]
# name 1 = tv290C: Temperature [ITS-90, deg C]
# name 2 = c0S/m: Conductivity [S/m]
# name 3 = sal00: Salinity, Practical [PSU]
# name 4 = scan: Scan Count
# name 5 = timeM: Time, Elapsed [minutes]
# name 6 = flag:  0.000e+00
# span 0 =      0.043,     81.522                 
# span 1 =     5.2019,     9.3954                 
# span 2 =   0.008252,   3.685329                 
# span 3 =     0.0612,    34.3078                 
# span 4 =         11,       1940                 
# span 5 =     0.0417,     8.0792                 
# span 6 = 0.0000e+00, 0.0000e+00                 
# interval = seconds: 0.25
# start_time = Mar 09 2025 08:50:25 [NMEA time, header]
# bad_flag = -9.990e-29
*END*
      0.210     5.2208   0.008366     0.0620         11     0.0417  0.000e+00
      0.210     5.2204   0.008366     0.0620         12     0.0458  0.000e+00
      0.209     5.2173   0.008366     0.0621         13     0.0500  0.000e+00
      0.209     5.2160   0.008360     0.0620         14     0.0542  0.000e+00
      0.207     5.2146   0.008357     0.0620         15     0.0583  0.000e+00
      0.209     5.2155   0.008357     0.0620         16     0.0625  0.000e+00
      0.207     5.2130   0.008357     0.0620         17     0.0667  0.000e+00
      0.205     5.2121   0.008357     0.0620         18     0.0708  0.000e+00
      0.206     5.2109   0.008345     0.0619         19     0.0750  0.000e+00
      0.204     5.2103   0.008351     0.0619         20     0.0792  0.000e+00
      0.207     5.2089   0.008357     0.0620         21     0.0833  0.000e+00
      0.200     5.2087   0.008351     0.0619         22     0.0875  0.000e+00
      0.197     5.2082   0.008348     0.0619         23     0.0917  0.000e+00
      0.193     5.2085   0.008345     0.0619         24     0.0958  0.000e+00
      0.198     5.2080   0.008339     0.0619         25     0.1000  0.000e+00
      0.197     5.2068   0.008336     0.0618         26     0.1042  0.000e+00
      0.195     5.2059   0.008333     0.0618         27     0.1083  0.000e+00
      0.193     5.2062   0.008321     0.0617         28     0.1125  0.000e+00
      0.191     5.2045   0.008321     0.0617         29     0.1167  0.000e+00
      0.195     5.2035   0.008309     0.0616         30     0.1208  0.000e+00
      0.192     5.2021   0.008315     0.0617         31     0.1250  0.000e+00
      0.190     5.2028   0.008306     0.0616         32     0.1292  0.000e+00
      0.190     5.2019   0.008303     0.0616         33     0.1333  0.000e+00
      0.186     5.2029   0.008300     0.0616         34     0.1375  0.000e+00
      0.190     5.2030   0.008291     0.0615         35     0.1417  0.000e+00
      0.192     5.2039   0.008288     0.0615         36     0.1458  0.000e+00
      0.194     5.2040   0.008285     0.0615         37     0.1500  0.000e+00
      0.192     5.2052   0.008282     0.0614         38     0.1542  0.000e+00
      0.194     5.2073   0.008282     0.0614         39     0.1583  0.000e+00
      0.195     5.2063   0.008282     0.0614         40     0.1625  0.000e+00
      0.191     5.2068   0.008282     0.0614         41     0.1667  0.000e+00
      0.195     5.2097   0.008276     0.0614         42     0.1708  0.000e+00
      0.195     5.2114   0.008276     0.0614         43     0.1750  0.000e+00
      0.197     5.2133   0.008276     0.0614         44     0.1792  0.000e+00
      0.198     5.2122   0.008276     0.0614         45     0.1833  0.000e+00
      0.195     5.2090   0.008270     0.0613         46     0.1875  0.000e+00
      0.191     5.2074   0.008270     0.0613         47     0.1917  0.000e+00
      0.200     5.2092   0.008264     0.0613         48     0.1958  0.000e+00
      0.199     5.2112   0.008270     0.0613         49     0.2000  0.000e+00
      0.195     5.2113   0.008270     0.0613         50     0.2042  0.000e+00
      0.195     5.2100   0.008258     0.0612         51     0.2083  0.000e+00
      0.190     5.2101   0.008255     0.0612         52     0.2125  0.000e+00
      0.191     5.2079   0.008252     0.0612         53     0.2167  0.000e+00
      0.193     5.2076   0.008252     0.0612         54     0.2208  0.000e+00
      0.193     5.2112   0.008255     0.0612         55     0.2250  0.000e+00
      0.190     5.2109   0.008264     0.0613         56     0.2292  0.000e+00
      0.188     5.2112   0.008270     0.0613         57     0.2333  0.000e+00
      0.193     5.2134   0.008276     0.0614         58     0.2375  0.000e+00
      0.194     5.2156   0.008276     0.0614         59     0.2417  0.000e+00
      0.195     5.2177   0.008282     0.0614         60     0.2458  0.000e+00
      0.197     5.2243   0.008264     0.0613         61     0.2500  0.000e+00
      0.191     5.2314   0.008264     0.0613         62     0.2542  0.000e+00
      0.285     5.2427   0.655394     5.9129         63     0.2583  0.000e+00
      0.457     5.2664   1.932404    18.9965         64     0.2625  0.000e+00
      0.582     5.3192   1.285226    12.1806         65     0.2667  0.000e+00
      0.689     5.3990   1.855813    18.1057         66     0.2708  0.000e+00
      0.830     5.4877   2.457282    24.5421         67     0.2750  0.000e+00
      1.027     5.5672   2.596922    26.0159         68     0.2792  0.000e+00
      1.263     5.6413   2.704535    27.1439         69     0.2833  0.000e+00
      1.533     5.7124   2.458971    24.3970         70     0.2875  0.000e+00
      1.845     5.7769   2.627842    26.1927         71     0.2917  0.000e+00
      2.183     5.8382   3.013450    30.4031         72     0.2958  0.000e+00
      2.509     5.8859   3.069597    30.9857         73     0.3000  0.000e+00
      2.805     5.9263   3.195611    32.3575         74     0.3042  0.000e+00
      3.059     5.9590   3.202248    32.4005         75     0.3083  0.000e+00
      3.299     6.0359   3.299594    33.4177         76     0.3125  0.000e+00
      3.517     6.1589   3.317920    33.5017         77     0.3167  0.000e+00
      3.658     6.3064   3.329194    33.4822         78     0.3208  0.000e+00
      3.745     6.4546   3.335495    33.4067         79     0.3250  0.000e+00
      3.812     6.5909   3.275790    32.6137         80     0.3292  0.000e+00
      3.957     6.6978   3.298392    32.7607         81     0.3333  0.000e+00
      4.078     6.7441   3.313256    32.8799         82     0.3375  0.000e+00
      4.069     6.7429   3.317573    32.9285         83     0.3417  0.000e+00
      4.000     6.7431   3.329059    33.0549         84     0.3458  0.000e+00
      3.913     6.7713   3.318255    32.9088         85     0.3500  0.000e+00
      3.951     6.8032   3.308029    32.7659         86     0.3542  0.000e+00
      4.092     6.7854   3.314849    32.8578         87     0.3583  0.000e+00
      4.306     6.7136   3.311334    32.8879         88     0.3625  0.000e+00
      4.538     6.6317   3.307969    32.9295         89     0.3667  0.000e+00
      4.773     6.5506   3.306470    32.9910         90     0.3708  0.000e+00
      4.997     6.4843   3.305449    33.0437         91     0.3750  0.000e+00
      5.240     6.4396   3.304452    33.0759         92     0.3792  0.000e+00
      5.498     6.4100   3.304012    33.0996         93     0.3833  0.000e+00
      5.764     6.3902   3.303926    33.1178         94     0.3875  0.000e+00
      6.045     6.3735   3.303170    33.1254         95     0.3917  0.000e+00
      6.318     6.3577   3.305760    33.1695         96     0.3958  0.000e+00
      6.567     6.3745   3.317218    33.2805         97     0.4000  0.000e+00
      6.789     6.4590   3.329169    33.3307         98     0.4042  0.000e+00
      7.012     6.5628   3.334656    33.2901         99     0.4083  0.000e+00
      7.191     6.6632   3.337273    33.2212        100     0.4125  0.000e+00
      7.357     6.7445   3.335587    33.1238        101     0.4167  0.000e+00
      7.526     6.8026   3.331782    33.0258        102     0.4208  0.000e+00
      7.712     6.8409   3.329451    32.9633        103     0.4250  0.000e+00
      7.899     6.8663   3.339037    33.0440        104     0.4292  0.000e+00
      8.045     6.8872   3.340530    33.0402        105     0.4333  0.000e+00
      8.146     6.9024   3.341699    33.0383        106     0.4375  0.000e+00
      8.206     6.9159   3.341618    33.0245        107     0.4417  0.000e+00
      8.259     6.9273   3.337637    32.9698        108     0.4458  0.000e+00
      8.346     6.9321   3.325599    32.8333        109     0.4500  0.000e+00
      8.457     6.9345   3.320048    32.7702        110     0.4542  0.000e+00
      8.571     6.9357   3.320526    32.7743        111     0.4583  0.000e+00
      8.676     6.9245   3.325009    32.8339        112     0.4625  0.000e+00
      8.768     6.9176   3.331389    32.9104        113     0.4667  0.000e+00
      8.868     6.9183   3.330184    32.8965        114     0.4708  0.000e+00
      8.976     6.9217   3.326680    32.8548        115     0.4750  0.000e+00
      9.109     6.9225   3.322724    32.8106        116     0.4792  0.000e+00
      9.248     6.9195   3.319310    32.7760        117     0.4833  0.000e+00
      9.402     6.9213   3.322507    32.8093        118     0.4875  0.000e+00
      9.569     6.9169   3.320992    32.7968        119     0.4917  0.000e+00
      9.751     6.8966   3.320322    32.8088        120     0.4958  0.000e+00
      9.949     6.8721   3.320540    32.8345        121     0.5000  0.000e+00
     10.169     6.8458   3.321235    32.8671        122     0.5042  0.000e+00
     10.410     6.8164   3.321869    32.9021        123     0.5083  0.000e+00
     10.686     6.7859   3.322298    32.9360        124     0.5125  0.000e+00
     10.966     6.7544   3.322484    32.9682        125     0.5167  0.000e+00
     11.241     6.7278   3.321429    32.9821        126     0.5208  0.000e+00
     11.513     6.7064   3.318507    32.9704        127     0.5250  0.000e+00
     11.741     6.6904   3.318941    32.9904        128     0.5292  0.000e+00
     11.951     6.6780   3.319649    33.0101        129     0.5333  0.000e+00
     12.121     6.6755   3.319630    33.0122        130     0.5375  0.000e+00
     12.279     6.6900   3.319345    32.9950        131     0.5417  0.000e+00
     12.457     6.7089   3.326621    33.0569        132     0.5458  0.000e+00
     12.595     6.7469   3.336726    33.1315        133     0.5500  0.000e+00
     12.659     6.7946   3.342449    33.1483        134     0.5542  0.000e+00
     12.669     6.8393   3.343606    33.1178        135     0.5583  0.000e+00
     12.669     6.8764   3.338528    33.0264        136     0.5625  0.000e+00
     12.704     6.8993   3.326302    32.8703        137     0.5667  0.000e+00
     12.771     6.9099   3.321788    32.8106        138     0.5708  0.000e+00
     12.866     6.8814   3.323247    32.8538        139     0.5750  0.000e+00
     12.978     6.8274   3.325303    32.9280        140     0.5792  0.000e+00
     13.113     6.7831   3.326192    32.9803        141     0.5833  0.000e+00
     13.280     6.7522   3.323590    32.9814        142     0.5875  0.000e+00
     13.466     6.7320   3.319463    32.9553        143     0.5917  0.000e+00
     13.679     6.7082   3.316571    32.9462        144     0.5958  0.000e+00
     13.914     6.6804   3.313749    32.9418        145     0.6000  0.000e+00
     14.171     6.6469   3.312863    32.9641        146     0.6042  0.000e+00
     14.434     6.6107   3.312882    32.9991        147     0.6083  0.000e+00
     14.682     6.5740   3.314787    33.0555        148     0.6125  0.000e+00
     14.893     6.5485   3.317728    33.1126        149     0.6167  0.000e+00
     15.077     6.5343   3.316357    33.1111        150     0.6208  0.000e+00
     15.265     6.5264   3.313838    33.0908        151     0.6250  0.000e+00
     15.461     6.5240   3.316779    33.1256        152     0.6292  0.000e+00
     15.611     6.5246   3.318262    33.1413        153     0.6333  0.000e+00
     15.710     6.5324   3.318597    33.1375        154     0.6375  0.000e+00
     15.780     6.5643   3.319124    33.1124        155     0.6417  0.000e+00
     15.846     6.6046   3.315612    33.0345        156     0.6458  0.000e+00
     15.943     6.6337   3.313037    32.9779        157     0.6500  0.000e+00
     16.072     6.6446   3.312616    32.9627        158     0.6542  0.000e+00
     16.213     6.6118   3.313001    32.9985        159     0.6583  0.000e+00
     16.369     6.5734   3.312933    33.0347        160     0.6625  0.000e+00
     16.533     6.5449   3.312722    33.0599        161     0.6667  0.000e+00
     16.706     6.5237   3.312363    33.0763        162     0.6708  0.000e+00
     16.893     6.5072   3.311960    33.0878        163     0.6750  0.000e+00
     17.103     6.4931   3.311601    33.0974        164     0.6792  0.000e+00
     17.322     6.4791   3.311198    33.1064        165     0.6833  0.000e+00
     17.541     6.4644   3.310925    33.1176        166     0.6875  0.000e+00
     17.772     6.4507   3.310566    33.1267        167     0.6917  0.000e+00
     17.986     6.4377   3.310355    33.1370        168     0.6958  0.000e+00
     18.179     6.4258   3.310207    33.1467        169     0.7000  0.000e+00
     18.359     6.4151   3.310275    33.1579        170     0.7042  0.000e+00
     18.496     6.4078   3.310635    33.1689        171     0.7083  0.000e+00
     18.617     6.4045   3.310536    33.1710        172     0.7125  0.000e+00
     18.731     6.4033   3.309934    33.1654        173     0.7167  0.000e+00
     18.837     6.4054   3.309680    33.1605        174     0.7208  0.000e+00
     18.952     6.4058   3.309315    33.1560        175     0.7250  0.000e+00
     19.066     6.3989   3.309240    33.1617        176     0.7292  0.000e+00
     19.183     6.3898   3.309222    33.1703        177     0.7333  0.000e+00
     19.298     6.3817   3.309334    33.1794        178     0.7375  0.000e+00
     19.406     6.3753   3.310357    33.1970        179     0.7417  0.000e+00
     19.542     6.3706   3.310716    33.2055        180     0.7458  0.000e+00
     19.688     6.3708   3.311280    33.2115        181     0.7500  0.000e+00
     19.850     6.3743   3.311814    33.2139        182     0.7542  0.000e+00
     20.026     6.3795   3.312911    33.2210        183     0.7583  0.000e+00
     20.214     6.3854   3.313810    33.2251        184     0.7625  0.000e+00
     20.421     6.3949   3.314369    33.2220        185     0.7667  0.000e+00
     20.633     6.4055   3.314790    33.2162        186     0.7708  0.000e+00
     20.859     6.4156   3.315355    33.2126        187     0.7750  0.000e+00
     21.098     6.4240   3.315808    33.2092        188     0.7792  0.000e+00
     21.343     6.4334   3.315888    33.2009        189     0.7833  0.000e+00
     21.573     6.4414   3.315293    33.1863        190     0.7875  0.000e+00
     21.801     6.4461   3.315404    33.1829        191     0.7917  0.000e+00
     22.013     6.4484   3.315131    33.1775        192     0.7958  0.000e+00
     22.194     6.4491   3.314449    33.1692        193     0.8000  0.000e+00
     22.343     6.4485   3.314139    33.1663        194     0.8042  0.000e+00
     22.461     6.4478   3.313947    33.1648        195     0.8083  0.000e+00
     22.545     6.4490   3.313928    33.1634        196     0.8125  0.000e+00
     22.618     6.4696   3.313692    33.1407        197     0.8167  0.000e+00
     22.690     6.4981   3.314219    33.1188        198     0.8208  0.000e+00
     22.767     6.5135   3.315534    33.1184        199     0.8250  0.000e+00
     22.857     6.5075   3.316080    33.1303        200     0.8292  0.000e+00
     22.959     6.4917   3.316440    33.1495        201     0.8333  0.000e+00
     23.078     6.4812   3.317340    33.1696        202     0.8375  0.000e+00
     23.225     6.4771   3.317923    33.1800        203     0.8417  0.000e+00
     23.382     6.4789   3.318153    33.1807        204     0.8458  0.000e+00
     23.557     6.4844   3.318265    33.1765        205     0.8500  0.000e+00
     23.754     6.4902   3.318643    33.1750        206     0.8542  0.000e+00
     23.962     6.4952   3.319189    33.1761        207     0.8583  0.000e+00
     24.178     6.5014   3.320095    33.1800        208     0.8625  0.000e+00
     24.391     6.5089   3.320797    33.1804        209     0.8667  0.000e+00
     24.606     6.5195   3.322454    33.1884        210     0.8708  0.000e+00
     24.807     6.5304   3.323721    33.1917        211     0.8750  0.000e+00
     25.006     6.5451   3.325124    33.1929        212     0.8792  0.000e+00
     25.181     6.5620   3.325608    33.1817        213     0.8833  0.000e+00
     25.335     6.5815   3.325571    33.1623        214     0.8875  0.000e+00
     25.467     6.5988   3.325757    33.1475        215     0.8917  0.000e+00
