HB2502/sbe033.cnv
* Sea-Bird SBE 19plus V2 Data File:
* FileName = C:\cruise\data\sbe033.hex
* Software Version Seasave V 7.26.7.121
* Temperature SN = 6128
* Conductivity SN = 6128
* System UpLoad Time = Mar 19 2025 16:53:42
* NMEA Latitude = 39 13.40 N
* NMEA Longitude = 073 26.16 W
* NMEA UTC (Time) = Mar 19 2025  16:52:31
** Ship: Henry Bigelow
** Cruise:  HB2502
** Program:  Spring Bottom Trawl
# nquan = 7
# nvalues = 932                                   
# units = specified
# name 0 = depSM: Depth [salt water, m]
# name 1 = tv290C: Temperature [ITS-90, deg C]
# name 2 = c0S/m: Conductivity [S/m]
# name 3 = sal00: Salinity, Practical [PSU]
# name 4 = scan: Scan Count
# name 5 = timeM: Time, Elapsed [minutes]
# name 6 = flag:  0.000e+00
# span 0 =      0.512,     38.014                 
# span 1 =     6.1955,     6.8233                 
# span 2 =   3.295381,   3.352203                 
# span 3 =    33.1761,    33.3288                 
# span 4 =         11,        942                 
# span 5 =     0.0417,     3.9208                 
# span 6 = 0.0000e+00, 0.0000e+00                 
# interval = seconds: 0.25
# start_time = Mar 19 2025 16:52:31 [NMEA time, header]
# bad_flag = -9.990e-29
*END*
[from data line 616]
     36.075     6.2010   3.296389    33.2032        627     2.6083  0.000e+00
     36.060     6.2011   3.296371    33.2029        628     2.6125  0.000e+00
     36.065     6.2009   3.296433    33.2038        629     2.6167  0.000e+00
     36.094     6.2011   3.296532    33.2047        630     2.6208  0.000e+00
     36.145     6.2017   3.296643    33.2052        631     2.6250  0.000e+00
     36.222     6.2025   3.296705    33.2051        632     2.6292  0.000e+00
     36.318     6.2033   3.296730    33.2046        633     2.6333  0.000e+00
     36.426     6.2041   3.296705    33.2035        634     2.6375  0.000e+00
     36.541     6.2043   3.296687    33.2030        635     2.6417  0.000e+00
     36.663     6.2046   3.296662    33.2024        636     2.6458  0.000e+00
     36.784     6.2044   3.296650    33.2024        637     2.6500  0.000e+00
     36.896     6.2042   3.296619    33.2022        638     2.6542  0.000e+00
     36.991     6.2039   3.296687    33.2032        639     2.6583  0.000e+00
     37.068     6.2040   3.296668    33.2029        640     2.6625  0.000e+00
     37.126     6.2039   3.296619    33.2024        641     2.6667  0.000e+00
     37.159     6.2036   3.296582    33.2023        642     2.6708  0.000e+00
     37.161     6.2033   3.296433    33.2009        643     2.6750  0.000e+00
     37.142     6.2028   3.296390    33.2009        644     2.6792  0.000e+00
     37.091     6.2021   3.296285    33.2004        645     2.6833  0.000e+00
     37.030     6.2012   3.296285    33.2013        646     2.6875  0.000e+00
     36.954     6.2005   3.296247    33.2016        647     2.6917  0.000e+00
     36.859     6.2000   3.296309    33.2028        648     2.6958  0.000e+00
     36.763     6.1999   3.296390    33.2039        649     2.7000  0.000e+00
     36.647     6.2001   3.296433    33.2042        650     2.7042  0.000e+00
     36.536     6.2004   3.296352    33.2032        651     2.7083  0.000e+00
     36.426     6.2005   3.296328    33.2028        652     2.7125  0.000e+00
     36.312     6.2006   3.296451    33.2041        653     2.7167  0.000e+00
     36.202     6.2010   3.296451    33.2038        654     2.7208  0.000e+00
     36.095     6.2012   3.296451    33.2036        655     2.7250  0.000e+00
     36.002     6.2013   3.296495    33.2041        656     2.7292  0.000e+00
     35.928     6.2016   3.296433    33.2031        657     2.7333  0.000e+00
     35.866     6.2019   3.296389    33.2024        658     2.7375  0.000e+00
     35.830     6.2017   3.296433    33.2031        659     2.7417  0.000e+00
     35.813     6.2015   3.296433    33.2033        660     2.7458  0.000e+00
     35.806     6.2017   3.296451    33.2033        661     2.7500  0.000e+00
     35.831     6.2017   3.296519    33.2040        662     2.7542  0.000e+00
     35.903     6.2020   3.296600    33.2046        663     2.7583  0.000e+00
     35.992     6.2026   3.296662    33.2047        664     2.7625  0.000e+00
     36.099     6.2032   3.296649    33.2039        665     2.7667  0.000e+00
     36.228     6.2038   3.296687    33.2037        666     2.7708  0.000e+00
     36.364     6.2040   3.296705    33.2036        667     2.7750  0.000e+00
     36.521     6.2043   3.296668    33.2029        668     2.7792  0.000e+00
     36.680     6.2043   3.296600    33.2020        669     2.7833  0.000e+00
     36.824     6.2040   3.296520    33.2013        670     2.7875  0.000e+00
     36.947     6.2035   3.296507    33.2016        671     2.7917  0.000e+00
     37.052     6.2029   3.296495    33.2020        672     2.7958  0.000e+00
     37.134     6.2025   3.296452    33.2018        673     2.8000  0.000e+00
     37.188     6.2023   3.296433    33.2018        674     2.8042  0.000e+00
     37.212     6.2020   3.296452    33.2023        675     2.8083  0.000e+00
     37.204     6.2017   3.296538    33.2035        676     2.8125  0.000e+00
     37.178     6.2017   3.296452    33.2026        677     2.8167  0.000e+00
     37.131     6.2017   3.296291    33.2009        678     2.8208  0.000e+00
     37.066     6.2011   3.296285    33.2014        679     2.8250  0.000e+00
     36.992     6.2007   3.296371    33.2028        680     2.8292  0.000e+00
     36.893     6.2004   3.296452    33.2041        681     2.8333  0.000e+00
     36.801     6.2004   3.296353    33.2030        682     2.8375  0.000e+00
     36.701     6.2007   3.296284    33.2020        683     2.8417  0.000e+00
     36.594     6.2006   3.296414    33.2036        684     2.8458  0.000e+00
     36.474     6.2007   3.296390    33.2033        685     2.8500  0.000e+00
     36.340     6.2007   3.296414    33.2036        686     2.8542  0.000e+00
     36.189     6.2011   3.296390    33.2030        687     2.8583  0.000e+00
     36.006     6.2012   3.296414    33.2033        688     2.8625  0.000e+00
     35.807     6.2012   3.296451    33.2038        689     2.8667  0.000e+00
     35.598     6.2015   3.296495    33.2041        690     2.8708  0.000e+00
     35.370     6.2017   3.296389    33.2028        691     2.8750  0.000e+00
     35.122     6.2020   3.296426    33.2031        692     2.8792  0.000e+00
     34.865     6.2020   3.296432    33.2033        693     2.8833  0.000e+00
     34.595     6.2020   3.296414    33.2032        694     2.8875  0.000e+00
     34.328     6.2020   3.296284    33.2019        695     2.8917  0.000e+00
     34.054     6.2019   3.296271    33.2020        696     2.8958  0.000e+00
     33.780     6.2015   3.296036    33.1999        697     2.9000  0.000e+00
     33.492     6.2007   3.295968    33.2000        698     2.9042  0.000e+00
     33.219     6.1997   3.296308    33.2050        699     2.9083  0.000e+00
     32.947     6.1999   3.296345    33.2053        700     2.9125  0.000e+00
     32.691     6.2009   3.296265    33.2035        701     2.9167  0.000e+00
     32.468     6.2012   3.296283    33.2036        702     2.9208  0.000e+00
     32.267     6.2014   3.296227    33.2029        703     2.9250  0.000e+00
     32.101     6.2015   3.296264    33.2033        704     2.9292  0.000e+00
     31.967     6.2016   3.296202    33.2025        705     2.9333  0.000e+00
     31.868     6.2014   3.296147    33.2021        706     2.9375  0.000e+00
     31.799     6.2011   3.296221    33.2033        707     2.9417  0.000e+00
     31.757     6.2011   3.296345    33.2047        708     2.9458  0.000e+00
     31.730     6.2016   3.296345    33.2043        709     2.9500  0.000e+00
     31.712     6.2020   3.296351    33.2040        710     2.9542  0.000e+00
     31.687     6.2022   3.296326    33.2034        711     2.9583  0.000e+00
     31.655     6.2024   3.296308    33.2031        712     2.9625  0.000e+00
     31.608     6.2024   3.296369    33.2038        713     2.9667  0.000e+00
     31.523     6.2027   3.296221    33.2018        714     2.9708  0.000e+00
     31.404     6.2025   3.295992    33.1996        715     2.9750  0.000e+00
     31.253     6.2015   3.296134    33.2023        716     2.9792  0.000e+00
     31.078     6.2010   3.296190    33.2034        717     2.9833  0.000e+00
     30.853     6.2014   3.296221    33.2035        718     2.9875  0.000e+00
     30.612     6.2012   3.296239    33.2040        719     2.9917  0.000e+00
     30.331     6.2017   3.296351    33.2049        720     2.9958  0.000e+00
     30.039     6.2023   3.296239    33.2032        721     3.0000  0.000e+00
     29.741     6.2026   3.296282    33.2035        722     3.0042  0.000e+00
     29.438     6.2027   3.296264    33.2034        723     3.0083  0.000e+00
     29.134     6.2028   3.296307    33.2039        724     3.0125  0.000e+00
     28.839     6.2030   3.296430    33.2052        725     3.0167  0.000e+00
     28.565     6.2038   3.296430    33.2046        726     3.0208  0.000e+00
     28.311     6.2041   3.296529    33.2055        727     3.0250  0.000e+00
     28.079     6.2048   3.296597    33.2058        728     3.0292  0.000e+00
     27.864     6.2055   3.296579    33.2049        729     3.0333  0.000e+00
     27.661     6.2061   3.296702    33.2059        730     3.0375  0.000e+00
     27.480     6.2068   3.296647    33.2047        731     3.0417  0.000e+00
     27.312     6.2073   3.296659    33.2044        732     3.0458  0.000e+00
     27.141     6.2075   3.296869    33.2066        733     3.0500  0.000e+00
     26.995     6.2084   3.296684    33.2037        734     3.0542  0.000e+00
     26.843     6.2088   3.296684    33.2035        735     3.0583  0.000e+00
     26.691     6.2086   3.296535    33.2020        736     3.0625  0.000e+00
     26.541     6.2084   3.296578    33.2028        737     3.0667  0.000e+00
     26.392     6.2078   3.296646    33.2042        738     3.0708  0.000e+00
     26.245     6.2081   3.296702    33.2046        739     3.0750  0.000e+00
     26.104     6.2084   3.296720    33.2046        740     3.0792  0.000e+00
     25.964     6.2085   3.296504    33.2022        741     3.0833  0.000e+00
     25.837     6.2080   3.296473    33.2023        742     3.0875  0.000e+00
     25.715     6.2077   3.296368    33.2015        743     3.0917  0.000e+00
     25.607     6.2073   3.296764    33.2065        744     3.0958  0.000e+00
     25.507     6.2078   3.296825    33.2067        745     3.1000  0.000e+00
     25.404     6.2086   3.296894    33.2067        746     3.1042  0.000e+00
     25.308     6.2096   3.296955    33.2065        747     3.1083  0.000e+00
     25.200     6.2106   3.296943    33.2054        748     3.1125  0.000e+00
     25.097     6.2111   3.296869    33.2041        749     3.1167  0.000e+00
     24.984     6.2112   3.296974    33.2053        750     3.1208  0.000e+00
     24.856     6.2116   3.297122    33.2066        751     3.1250  0.000e+00
     24.722     6.2124   3.296974    33.2042        752     3.1292  0.000e+00
     24.568     6.2127   3.296955    33.2038        753     3.1333  0.000e+00
     24.401     6.2126   3.296745    33.2016        754     3.1375  0.000e+00
     24.231     6.2121   3.296707    33.2018        755     3.1417  0.000e+00
     24.046     6.2114   3.296534    33.2006        756     3.1458  0.000e+00
     23.867     6.2103   3.296720    33.2038        757     3.1500  0.000e+00
     23.682     6.2100   3.296763    33.2047        758     3.1542  0.000e+00
     23.511     6.2102   3.296825    33.2053        759     3.1583  0.000e+00
     23.334     6.2105   3.296868    33.2056        760     3.1625  0.000e+00
     23.172     6.2110   3.296893    33.2054        761     3.1667  0.000e+00
     23.031     6.2116   3.296986    33.2060        762     3.1708  0.000e+00
     22.900     6.2121   3.296787    33.2033        763     3.1750  0.000e+00
     22.786     6.2121   3.296701    33.2024        764     3.1792  0.000e+00
     22.674     6.2118   3.296905    33.2050        765     3.1833  0.000e+00
     22.563     6.2118   3.297016    33.2064        766     3.1875  0.000e+00
     22.451     6.2124   3.296998    33.2056        767     3.1917  0.000e+00
     22.328     6.2129   3.296763    33.2025        768     3.1958  0.000e+00
     22.187     6.2128   3.296626    33.2012        769     3.2000  0.000e+00
     22.033     6.2118   3.296515    33.2010        770     3.2042  0.000e+00
     21.867     6.2108   3.296657    33.2037        771     3.2083  0.000e+00
     21.686     6.2104   3.296106    33.1980        772     3.2125  0.000e+00
     21.488     6.2092   3.295989    33.1979        773     3.2167  0.000e+00
     21.279     6.2074   3.296007    33.2000        774     3.2208  0.000e+00
     21.063     6.2061   3.295840    33.1995        775     3.2250  0.000e+00
     20.845     6.2051   3.295988    33.2022        776     3.2292  0.000e+00
     20.649     6.2048   3.296279    33.2060        777     3.2333  0.000e+00
     20.466     6.2054   3.296217    33.2048        778     3.2375  0.000e+00
     20.309     6.2060   3.296186    33.2038        779     3.2417  0.000e+00
     20.182     6.2066   3.296112    33.2025        780     3.2458  0.000e+00
     20.064     6.2067   3.296032    33.2016        781     3.2500  0.000e+00
     19.975     6.2064   3.295902    33.2005        782     3.2542  0.000e+00
     19.894     6.2055   3.295908    33.2014        783     3.2583  0.000e+00
     19.821     6.2050   3.295858    33.2014        784     3.2625  0.000e+00
     19.752     6.2047   3.295945    33.2027        785     3.2667  0.000e+00
     19.678     6.2046   3.295864    33.2020        786     3.2708  0.000e+00
     19.597     6.2044   3.295926    33.2029        787     3.2750  0.000e+00
     19.514     6.2043   3.296576    33.2103        788     3.2792  0.000e+00
     19.420     6.2060   3.296279    33.2054        789     3.2833  0.000e+00
     19.306     6.2075   3.296186    33.2029        790     3.2875  0.000e+00
     19.189     6.2076   3.296322    33.2044        791     3.2917  0.000e+00
     19.054     6.2078   3.296594    33.2073        792     3.2958  0.000e+00
     18.910     6.2093   3.296285    33.2025        793     3.3000  0.000e+00
     18.763     6.2094   3.296112    33.2005        794     3.3042  0.000e+00
     18.613     6.2087   3.295944    33.1994        795     3.3083  0.000e+00
     18.455     6.2076   3.296050    33.2017        796     3.3125  0.000e+00
     18.302     6.2070   3.296600    33.2085        797     3.3167  0.000e+00
     18.149     6.2083   3.296594    33.2073        798     3.3208  0.000e+00
     17.993     6.2100   3.296068    33.1998        799     3.3250  0.000e+00
     17.841     6.2095   3.296006    33.1996        800     3.3292  0.000e+00
     17.674     6.2084   3.295796    33.1984        801     3.3333  0.000e+00
     17.508     6.2070   3.295963    33.2018        802     3.3375  0.000e+00
     17.335     6.2063   3.295963    33.2026        803     3.3417  0.000e+00
     17.161     6.2063   3.296024    33.2034        804     3.3458  0.000e+00
     16.995     6.2063   3.295882    33.2019        805     3.3500  0.000e+00
     16.826     6.2061   3.295944    33.2028        806     3.3542  0.000e+00
     16.659     6.2063   3.296365    33.2074        807     3.3583  0.000e+00
     16.497     6.2071   3.296470    33.2079        808     3.3625  0.000e+00
     16.347     6.2089   3.296408    33.2055        809     3.3667  0.000e+00
     16.212     6.2099   3.296426    33.2048        810     3.3708  0.000e+00
     16.083     6.2104   3.296804    33.2085        811     3.3750  0.000e+00
     15.972     6.2120   3.298401    33.2249        812     3.3792  0.000e+00
     15.884     6.2175   3.298865    33.2247        813     3.3833  0.000e+00
     15.817     6.2243   3.298995    33.2196        814     3.3875  0.000e+00
     15.762     6.2299   3.299094    33.2152        815     3.3917  0.000e+00
     15.716     6.2337   3.299348    33.2144        816     3.3958  0.000e+00
     15.682     6.2368   3.299756    33.2159        817     3.4000  0.000e+00
     15.638     6.2401   3.300419    33.2202        818     3.4042  0.000e+00
     15.584     6.2443   3.300753    33.2197        819     3.4083  0.000e+00
     15.515     6.2490   3.300858    33.2164        820     3.4125  0.000e+00
     15.421     6.2525   3.301156    33.2164        821     3.4167  0.000e+00
     15.298     6.2558   3.301762    33.2199        822     3.4208  0.000e+00
     15.146     6.2598   3.301806    33.2166        823     3.4250  0.000e+00
     14.971     6.2631   3.301830    33.2137        824     3.4292  0.000e+00
     14.764     6.2654   3.301911    33.2124        825     3.4333  0.000e+00
     14.538     6.2672   3.302542    33.2179        826     3.4375  0.000e+00
     14.288     6.2702   3.303769    33.2288        827     3.4417  0.000e+00
     14.018     6.2759   3.304122    33.2272        828     3.4458  0.000e+00
     13.722     6.2824   3.304543    33.2258        829     3.4500  0.000e+00
     13.413     6.2883   3.305614    33.2321        830     3.4542  0.000e+00
