HB2502/sbe056.cnv
* Sea-Bird SBE 19plus V2 Data File:
* FileName = C:\cruise\data\sbe056.hex
* Software Version Seasave V 7.26.7.121
* Temperature SN = 6128
* Conductivity SN = 6128
* System UpLoad Time = Apr 03 2025 14:31:35
* NMEA Latitude = 40 07.93 N
* NMEA Longitude = 072 35.13 W
* NMEA UTC (Time) = Apr 03 2025  14:30:39
** Ship: Henry Bigelow
** Cruise:  HB2502
** Program:  Spring Bottom Trawl
# nquan = 7
# nvalues = 1293                                  
# units = specified
# name 0 = depSM: Depth [salt water, m]
# name 1 = tv290C: Temperature [ITS-90, deg C]
# name 2 = c0S/m: Conductivity [S/m]
# name 3 = sal00: Salinity, Practical [PSU]
# name 4 = scan: Scan Count
# name 5 = timeM: Time, Elapsed [minutes]
# name 6 = flag:  0.000e+00
# span 0 =      0.029,     52.329                 
# span 1 =     6.5413,    10.9877                 
# span 2 =   0.005060,   3.489819                 
# span 3 =     0.0342,    33.9113                 
# span 4 =         11,       1303                 
# span 5 =     0.0417,     5.4250                 
# span 6 = 0.0000e+00, 0.0000e+00                 
# interval = seconds: 0.25
# start_time = Apr 03 2025 14:30:39 [NMEA time, header]
# bad_flag = -9.990e-29
*END*
[from data line 616]
     32.241     7.3516   3.396414    33.1920        627     2.6083  0.000e+00
     32.160     7.3515   3.396320    33.1912        628     2.6125  0.000e+00
     32.077     7.3508   3.396220    33.1908        629     2.6167  0.000e+00
     31.993     7.3501   3.396132    33.1906        630     2.6208  0.000e+00
     31.902     7.3494   3.396070    33.1906        631     2.6250  0.000e+00
     31.803     7.3485   3.396132    33.1922        632     2.6292  0.000e+00
     31.700     7.3481   3.396940    33.2014        633     2.6333  0.000e+00
     31.591     7.3501   3.396721    33.1971        634     2.6375  0.000e+00
     31.476     7.3520   3.396796    33.1961        635     2.6417  0.000e+00
     31.351     7.3530   3.396846    33.1958        636     2.6458  0.000e+00
     31.224     7.3541   3.396859    33.1950        637     2.6500  0.000e+00
     31.094     7.3548   3.396783    33.1935        638     2.6542  0.000e+00
     30.971     7.3550   3.396570    33.1911        639     2.6583  0.000e+00
     30.847     7.3545   3.396476    33.1906        640     2.6625  0.000e+00
     30.740     7.3538   3.396545    33.1921        641     2.6667  0.000e+00
     30.633     7.3531   3.396545    33.1928        642     2.6708  0.000e+00
     30.543     7.3528   3.396508    33.1927        643     2.6750  0.000e+00
     30.462     7.3528   3.396445    33.1921        644     2.6792  0.000e+00
     30.389     7.3523   3.396307    33.1911        645     2.6833  0.000e+00
     30.327     7.3517   3.396752    33.1965        646     2.6875  0.000e+00
     30.257     7.3522   3.396933    33.1981        647     2.6917  0.000e+00
     30.197     7.3536   3.397065    33.1982        648     2.6958  0.000e+00
     30.131     7.3553   3.397109    33.1971        649     2.7000  0.000e+00
     30.072     7.3568   3.397165    33.1963        650     2.7042  0.000e+00
     30.007     7.3578   3.397196    33.1956        651     2.7083  0.000e+00
     29.949     7.3586   3.397309    33.1961        652     2.7125  0.000e+00
     29.887     7.3596   3.397303    33.1952        653     2.7167  0.000e+00
     29.823     7.3601   3.396795    33.1892        654     2.7208  0.000e+00
     29.771     7.3595   3.397002    33.1920        655     2.7250  0.000e+00
     29.709     7.3586   3.397246    33.1956        656     2.7292  0.000e+00
     29.647     7.3591   3.397372    33.1965        657     2.7333  0.000e+00
     29.591     7.3600   3.397353    33.1955        658     2.7375  0.000e+00
     29.528     7.3606   3.397209    33.1933        659     2.7417  0.000e+00
     29.469     7.3610   3.397503    33.1962        660     2.7458  0.000e+00
     29.408     7.3614   3.397541    33.1962        661     2.7500  0.000e+00
     29.348     7.3624   3.397522    33.1951        662     2.7542  0.000e+00
     29.283     7.3631   3.397559    33.1948        663     2.7583  0.000e+00
     29.220     7.3636   3.397760    33.1966        664     2.7625  0.000e+00
     29.144     7.3643   3.398160    33.2003        665     2.7667  0.000e+00
     29.065     7.3664   3.398173    33.1985        666     2.7708  0.000e+00
     28.972     7.3683   3.398135    33.1963        667     2.7750  0.000e+00
     28.870     7.3694   3.398110    33.1950        668     2.7792  0.000e+00
     28.755     7.3702   3.398179    33.1951        669     2.7833  0.000e+00
     28.630     7.3707   3.398129    33.1941        670     2.7875  0.000e+00
     28.499     7.3708   3.398160    33.1943        671     2.7917  0.000e+00
     28.368     7.3710   3.397872    33.1911        672     2.7958  0.000e+00
     28.239     7.3706   3.397891    33.1918        673     2.8000  0.000e+00
     28.111     7.3698   3.397972    33.1935        674     2.8042  0.000e+00
     28.003     7.3694   3.397803    33.1921        675     2.8083  0.000e+00
     27.917     7.3690   3.397847    33.1930        676     2.8125  0.000e+00
     27.849     7.3687   3.397715    33.1919        677     2.8167  0.000e+00
     27.800     7.3684   3.397747    33.1926        678     2.8208  0.000e+00
     27.769     7.3677   3.397696    33.1927        679     2.8250  0.000e+00
     27.758     7.3673   3.397747    33.1936        680     2.8292  0.000e+00
     27.753     7.3670   3.397847    33.1950        681     2.8333  0.000e+00
     27.762     7.3673   3.397847    33.1947        682     2.8375  0.000e+00
     27.769     7.3676   3.397847    33.1944        683     2.8417  0.000e+00
     27.773     7.3677   3.397784    33.1936        684     2.8458  0.000e+00
     27.771     7.3676   3.397759    33.1934        685     2.8500  0.000e+00
     27.758     7.3676   3.397747    33.1933        686     2.8542  0.000e+00
     27.733     7.3672   3.397747    33.1937        687     2.8583  0.000e+00
     27.691     7.3673   3.397740    33.1936        688     2.8625  0.000e+00
     27.627     7.3670   3.397621    33.1926        689     2.8667  0.000e+00
     27.546     7.3666   3.397584    33.1926        690     2.8708  0.000e+00
     27.439     7.3661   3.397640    33.1938        691     2.8750  0.000e+00
     27.319     7.3661   3.398999    33.2086        692     2.8792  0.000e+00
     27.185     7.3695   3.399481    33.2106        693     2.8833  0.000e+00
     27.038     7.3753   3.399563    33.2060        694     2.8875  0.000e+00
     26.881     7.3799   3.399231    33.1980        695     2.8917  0.000e+00
     26.724     7.3824   3.399368    33.1972        696     2.8958  0.000e+00
     26.583     7.3837   3.399481    33.1972        697     2.9000  0.000e+00
     26.457     7.3851   3.399481    33.1960        698     2.9042  0.000e+00
     26.347     7.3860   3.399400    33.1943        699     2.9083  0.000e+00
     26.258     7.3863   3.399399    33.1940        700     2.9125  0.000e+00
     26.187     7.3864   3.399393    33.1939        701     2.9167  0.000e+00
     26.140     7.3863   3.399399    33.1941        702     2.9208  0.000e+00
     26.115     7.3864   3.399412    33.1942        703     2.9250  0.000e+00
     26.100     7.3864   3.399399    33.1940        704     2.9292  0.000e+00
     26.104     7.3863   3.399393    33.1940        705     2.9333  0.000e+00
     26.106     7.3863   3.399374    33.1939        706     2.9375  0.000e+00
     26.111     7.3864   3.399412    33.1941        707     2.9417  0.000e+00
     26.115     7.3863   3.399399    33.1941        708     2.9458  0.000e+00
     26.121     7.3864   3.399349    33.1935        709     2.9500  0.000e+00
     26.127     7.3861   3.399293    33.1931        710     2.9542  0.000e+00
     26.124     7.3859   3.399262    33.1930        711     2.9583  0.000e+00
     26.123     7.3855   3.399249    33.1933        712     2.9625  0.000e+00
     26.105     7.3851   3.399312    33.1944        713     2.9667  0.000e+00
     26.075     7.3850   3.398867    33.1896        714     2.9708  0.000e+00
     26.040     7.3856   3.399374    33.1946        715     2.9750  0.000e+00
     25.997     7.3855   3.399305    33.1939        716     2.9792  0.000e+00
     25.938     7.3856   3.399249    33.1932        717     2.9833  0.000e+00
     25.864     7.3854   3.399218    33.1931        718     2.9875  0.000e+00
     25.777     7.3850   3.399274    33.1942        719     2.9917  0.000e+00
     25.683     7.3848   3.399218    33.1938        720     2.9958  0.000e+00
     25.582     7.3848   3.399193    33.1935        721     3.0000  0.000e+00
     25.473     7.3844   3.399130    33.1933        722     3.0042  0.000e+00
     25.368     7.3841   3.399105    33.1933        723     3.0083  0.000e+00
     25.267     7.3840   3.398979    33.1922        724     3.0125  0.000e+00
     25.172     7.3833   3.399042    33.1935        725     3.0167  0.000e+00
     25.092     7.3829   3.399067    33.1943        726     3.0208  0.000e+00
     25.025     7.3828   3.399042    33.1942        727     3.0250  0.000e+00
     24.967     7.3829   3.399105    33.1948        728     3.0292  0.000e+00
     24.918     7.3830   3.399217    33.1958        729     3.0333  0.000e+00
     24.870     7.3836   3.399148    33.1946        730     3.0375  0.000e+00
     24.828     7.3838   3.399148    33.1944        731     3.0417  0.000e+00
     24.795     7.3838   3.399148    33.1944        732     3.0458  0.000e+00
     24.755     7.3840   3.398998    33.1926        733     3.0500  0.000e+00
     24.715     7.3835   3.398961    33.1927        734     3.0542  0.000e+00
     24.675     7.3830   3.399023    33.1939        735     3.0583  0.000e+00
     24.632     7.3826   3.399130    33.1955        736     3.0625  0.000e+00
     24.595     7.3830   3.399148    33.1952        737     3.0667  0.000e+00
     24.546     7.3833   3.399167    33.1952        738     3.0708  0.000e+00
     24.485     7.3836   3.399130    33.1945        739     3.0750  0.000e+00
     24.428     7.3838   3.399104    33.1941        740     3.0792  0.000e+00
     24.369     7.3837   3.399004    33.1931        741     3.0833  0.000e+00
     24.297     7.3836   3.398891    33.1921        742     3.0875  0.000e+00
     24.222     7.3829   3.398923    33.1931        743     3.0917  0.000e+00
     24.139     7.3821   3.398910    33.1938        744     3.0958  0.000e+00
     24.053     7.3818   3.398716    33.1920        745     3.1000  0.000e+00
     23.970     7.3811   3.398697    33.1925        746     3.1042  0.000e+00
     23.887     7.3805   3.398691    33.1930        747     3.1083  0.000e+00
     23.807     7.3800   3.398672    33.1933        748     3.1125  0.000e+00
     23.733     7.3796   3.398691    33.1940        749     3.1167  0.000e+00
     23.661     7.3795   3.398628    33.1935        750     3.1208  0.000e+00
     23.602     7.3792   3.398735    33.1949        751     3.1250  0.000e+00
     23.551     7.3792   3.398653    33.1940        752     3.1292  0.000e+00
     23.515     7.3792   3.398541    33.1929        753     3.1333  0.000e+00
     23.482     7.3790   3.398447    33.1921        754     3.1375  0.000e+00
     23.460     7.3779   3.398409    33.1927        755     3.1417  0.000e+00
     23.448     7.3774   3.398422    33.1933        756     3.1458  0.000e+00
     23.446     7.3769   3.398497    33.1946        757     3.1500  0.000e+00
     23.432     7.3769   3.398547    33.1952        758     3.1542  0.000e+00
     23.425     7.3772   3.398628    33.1957        759     3.1583  0.000e+00
     23.414     7.3775   3.398672    33.1959        760     3.1625  0.000e+00
     23.384     7.3781   3.398478    33.1933        761     3.1667  0.000e+00
     23.351     7.3779   3.398321    33.1918        762     3.1708  0.000e+00
     23.309     7.3771   3.398127    33.1905        763     3.1750  0.000e+00
     23.250     7.3758   3.397908    33.1893        764     3.1792  0.000e+00
     23.187     7.3741   3.397801    33.1899        765     3.1833  0.000e+00
     23.118     7.3723   3.398171    33.1956        766     3.1875  0.000e+00
     23.047     7.3721   3.397864    33.1926        767     3.1917  0.000e+00
     22.971     7.3717   3.397996    33.1944        768     3.1958  0.000e+00
     22.893     7.3714   3.397989    33.1946        769     3.2000  0.000e+00
     22.816     7.3716   3.397952    33.1940        770     3.2042  0.000e+00
     22.741     7.3715   3.397927    33.1939        771     3.2083  0.000e+00
     22.678     7.3714   3.397870    33.1934        772     3.2125  0.000e+00
     22.624     7.3712   3.397845    33.1934        773     3.2167  0.000e+00
     22.578     7.3706   3.397801    33.1935        774     3.2208  0.000e+00
     22.543     7.3703   3.397826    33.1941        775     3.2250  0.000e+00
     22.519     7.3701   3.397826    33.1943        776     3.2292  0.000e+00
     22.501     7.3700   3.397952    33.1958        777     3.2333  0.000e+00
     22.492     7.3704   3.398108    33.1971        778     3.2375  0.000e+00
     22.490     7.3711   3.398240    33.1979        779     3.2417  0.000e+00
     22.494     7.3724   3.398446    33.1988        780     3.2458  0.000e+00
     22.487     7.3739   3.398628    33.1993        781     3.2500  0.000e+00
     22.472     7.3756   3.398753    33.1991        782     3.2542  0.000e+00
     22.441     7.3773   3.398759    33.1976        783     3.2583  0.000e+00
     22.386     7.3786   3.398716    33.1959        784     3.2625  0.000e+00
     22.313     7.3792   3.398152    33.1892        785     3.2667  0.000e+00
     22.214     7.3783   3.397657    33.1847        786     3.2708  0.000e+00
     22.108     7.3752   3.397695    33.1882        787     3.2750  0.000e+00
     21.984     7.3725   3.397513    33.1889        788     3.2792  0.000e+00
     21.860     7.3705   3.397607    33.1919        789     3.2833  0.000e+00
     21.748     7.3692   3.397682    33.1939        790     3.2875  0.000e+00
     21.648     7.3689   3.397932    33.1970        791     3.2917  0.000e+00
     21.565     7.3693   3.397682    33.1940        792     3.2958  0.000e+00
     21.501     7.3694   3.397951    33.1968        793     3.3000  0.000e+00
     21.461     7.3699   3.398195    33.1990        794     3.3042  0.000e+00
     21.448     7.3715   3.398321    33.1989        795     3.3083  0.000e+00
     21.445     7.3729   3.398321    33.1975        796     3.3125  0.000e+00
     21.477     7.3742   3.398302    33.1961        797     3.3167  0.000e+00
     21.531     7.3748   3.398214    33.1945        798     3.3208  0.000e+00
     21.590     7.3750   3.398239    33.1945        799     3.3250  0.000e+00
     21.659     7.3750   3.398321    33.1954        800     3.3292  0.000e+00
     21.726     7.3753   3.398421    33.1961        801     3.3333  0.000e+00
     21.790     7.3759   3.398452    33.1959        802     3.3375  0.000e+00
     21.835     7.3765   3.398509    33.1959        803     3.3417  0.000e+00
     21.860     7.3771   3.398452    33.1947        804     3.3458  0.000e+00
     21.858     7.3775   3.398421    33.1940        805     3.3500  0.000e+00
     21.822     7.3772   3.398546    33.1956        806     3.3542  0.000e+00
     21.768     7.3776   3.398759    33.1976        807     3.3583  0.000e+00
     21.692     7.3784   3.398590    33.1951        808     3.3625  0.000e+00
     21.595     7.3790   3.398565    33.1943        809     3.3667  0.000e+00
     21.485     7.3788   3.398214    33.1907        810     3.3708  0.000e+00
     21.366     7.3778   3.398239    33.1920        811     3.3750  0.000e+00
     21.233     7.3768   3.398133    33.1918        812     3.3792  0.000e+00
     21.100     7.3758   3.398039    33.1918        813     3.3833  0.000e+00
     20.975     7.3750   3.398051    33.1928        814     3.3875  0.000e+00
     20.867     7.3741   3.398039    33.1936        815     3.3917  0.000e+00
     20.780     7.3738   3.398114    33.1947        816     3.3958  0.000e+00
     20.720     7.3738   3.398082    33.1944        817     3.4000  0.000e+00
     20.691     7.3737   3.398095    33.1946        818     3.4042  0.000e+00
     20.683     7.3736   3.398082    33.1946        819     3.4083  0.000e+00
     20.687     7.3737   3.398095    33.1947        820     3.4125  0.000e+00
     20.713     7.3736   3.398114    33.1949        821     3.4167  0.000e+00
     20.739     7.3739   3.398151    33.1951        822     3.4208  0.000e+00
     20.774     7.3740   3.398158    33.1950        823     3.4250  0.000e+00
     20.803     7.3741   3.398151    33.1949        824     3.4292  0.000e+00
     20.823     7.3744   3.398133    33.1943        825     3.4333  0.000e+00
     20.839     7.3743   3.398126    33.1943        826     3.4375  0.000e+00
     20.848     7.3744   3.398095    33.1940        827     3.4417  0.000e+00
     20.846     7.3741   3.398064    33.1939        828     3.4458  0.000e+00
     20.823     7.3739   3.398051    33.1939        829     3.4500  0.000e+00
     20.795     7.3737   3.398039    33.1940        830     3.4542  0.000e+00
