HB2502/sbe096.cnv
* Sea-Bird SBE 19plus V2 Data File:
* FileName = C:\cruise\data\sbe096.hex
* Software Version Seasave V 7.26.7.121
* Temperature SN = 6128
* Conductivity SN = 6128
* System UpLoad Time = Apr 16 2025 11:00:40
* NMEA Latitude = 42 18.05 N
* NMEA Longitude = 069 28.36 W
* NMEA UTC (Time) = Apr 16 2025  10:59:58
** Ship: Henry Bigelow
** Cruise:  HB2502
** Program:  Spring Bottom Trawl
# nquan = 7
# nvalues = 4191                                  
# units = specified
# name 0 = depSM: Depth [salt water, m]
# name 1 = tv290C: Temperature [ITS-90, deg C]
# name 2 = c0S/m: Conductivity [S/m]
# name 3 = sal00: Salinity, Practical [PSU]
# name 4 = scan: Scan Count
# name 5 = timeM: Time, Elapsed [minutes]
# name 6 = flag:  0.000e+00
# span 0 =     -0.226,    223.475                 
# span 1 =     5.1453,     7.7122                 
# span 2 =   0.150250,   3.527033                 
# span 3 =     1.2308,    34.1985                 
# span 4 =         11,       4201                 
# span 5 =     0.0417,    17.5000                 
# span 6 = 0.0000e+00, 0.0000e+00                 
# interval = seconds: 0.25
# start_time = Apr 16 2025 10:59:58 [NMEA time, header]
# bad_flag = -9.990e-29
*END*
[from data line 4103]
     12.401     5.5070   3.199961    32.8073       4114    17.1375  0.000e+00
     12.309     5.5071   3.199961    32.8073       4115    17.1417  0.000e+00
     12.204     5.5070   3.199980    32.8076       4116    17.1458  0.000e+00
     12.092     5.5071   3.199961    32.8073       4117    17.1500  0.000e+00
     11.976     5.5071   3.199961    32.8074       4118    17.1542  0.000e+00
     11.853     5.5072   3.199961    32.8074       4119    17.1583  0.000e+00
     11.721     5.5073   3.199979    32.8075       4120    17.1625  0.000e+00
     11.578     5.5074   3.199937    32.8071       4121    17.1667  0.000e+00
     11.424     5.5073   3.199961    32.8075       4122    17.1708  0.000e+00
     11.259     5.5073   3.199998    32.8080       4123    17.1750  0.000e+00
     11.079     5.5075   3.199973    32.8076       4124    17.1792  0.000e+00
     10.872     5.5077   3.199997    32.8078       4125    17.1833  0.000e+00
     10.647     5.5077   3.199936    32.8073       4126    17.1875  0.000e+00
     10.388     5.5076   3.199936    32.8075       4127    17.1917  0.000e+00
     10.106     5.5075   3.199875    32.8070       4128    17.1958  0.000e+00
      9.809     5.5076   3.199856    32.8069       4129    17.2000  0.000e+00
      9.485     5.5074   3.199856    32.8071       4130    17.2042  0.000e+00
      9.143     5.5073   3.199856    32.8074       4131    17.2083  0.000e+00
      8.805     5.5073   3.199917    32.8083       4132    17.2125  0.000e+00
      8.463     5.5074   3.199838    32.8074       4133    17.2167  0.000e+00
      8.117     5.5076   3.199856    32.8077       4134    17.2208  0.000e+00
      7.797     5.5077   3.199813    32.8073       4135    17.2250  0.000e+00
      7.517     5.5077   3.199795    32.8072       4136    17.2292  0.000e+00
      7.276     5.5077   3.199794    32.8073       4137    17.2333  0.000e+00
      7.077     5.5078   3.199794    32.8073       4138    17.2375  0.000e+00
      6.915     5.5078   3.199813    32.8076       4139    17.2417  0.000e+00
      6.815     5.5078   3.199813    32.8077       4140    17.2458  0.000e+00
      6.763     5.5080   3.199776    32.8071       4141    17.2500  0.000e+00
      6.743     5.5078   3.199794    32.8075       4142    17.2542  0.000e+00
      6.732     5.5078   3.199794    32.8075       4143    17.2583  0.000e+00
      6.707     5.5078   3.199776    32.8073       4144    17.2625  0.000e+00
      6.678     5.5079   3.199782    32.8072       4145    17.2667  0.000e+00
      6.625     5.5079   3.199776    32.8072       4146    17.2708  0.000e+00
      6.545     5.5079   3.199758    32.8071       4147    17.2750  0.000e+00
      6.403     5.5077   3.199758    32.8074       4148    17.2792  0.000e+00
      6.215     5.5077   3.199733    32.8072       4149    17.2833  0.000e+00
      5.998     5.5076   3.199715    32.8072       4150    17.2875  0.000e+00
      5.721     5.5074   3.199696    32.8073       4151    17.2917  0.000e+00
      5.441     5.5074   3.199672    32.8071       4152    17.2958  0.000e+00
      5.098     5.5073   3.199671    32.8074       4153    17.3000  0.000e+00
      4.752     5.5073   3.199635    32.8071       4154    17.3042  0.000e+00
      4.397     5.5072   3.199610    32.8072       4155    17.3083  0.000e+00
      4.039     5.5072   3.199592    32.8071       4156    17.3125  0.000e+00
      3.687     5.5071   3.199549    32.8069       4157    17.3167  0.000e+00
      3.384     5.5070   3.199512    32.8067       4158    17.3208  0.000e+00
      3.127     5.5069   3.199469    32.8065       4159    17.3250  0.000e+00
      2.906     5.5067   3.199469    32.8068       4160    17.3292  0.000e+00
      2.717     5.5065   3.199426    32.8066       4161    17.3333  0.000e+00
      2.575     5.5066   3.199426    32.8066       4162    17.3375  0.000e+00
      2.462     5.5064   3.199426    32.8068       4163    17.3417  0.000e+00
      2.377     5.5063   3.199450    32.8073       4164    17.3458  0.000e+00
      2.305     5.5063   3.199426    32.8070       4165    17.3500  0.000e+00
      2.227     5.5062   3.199414    32.8070       4166    17.3542  0.000e+00
      2.106     5.5060   3.199389    32.8069       4167    17.3583  0.000e+00
      1.958     5.5061   3.199389    32.8070       4168    17.3625  0.000e+00
      1.771     5.5059   3.199371    32.8071       4169    17.3667  0.000e+00
      1.534     5.5059   3.199328    32.8067       4170    17.3708  0.000e+00
      1.272     5.5059   3.199309    32.8066       4171    17.3750  0.000e+00
      0.992     5.5058   3.199370    32.8076       4172    17.3792  0.000e+00
      0.714     5.5060   3.199346    32.8072       4173    17.3833  0.000e+00
      0.435     5.5059   3.199327    32.8072       4174    17.3875  0.000e+00
      0.192     5.5059   3.199125    32.8050       4175    17.3917  0.000e+00
     -0.019     5.5055   3.199162    32.8059       4176    17.3958  0.000e+00
     -0.169     5.5051   2.678804    26.9694       4177    17.4000  0.000e+00
     -0.209     5.5045   0.607968     5.4135       4178    17.4042  0.000e+00
     -0.210     5.5009   0.401949     3.4810       4179    17.4083  0.000e+00
     -0.208     5.4888   0.360656     3.1031       4180    17.4125  0.000e+00
     -0.212     5.4718   0.376563     3.2504       4181    17.4167  0.000e+00
     -0.212     5.4616   0.350534     3.0130       4182    17.4208  0.000e+00
     -0.212     5.4574   0.322280     2.7561       4183    17.4250  0.000e+00
     -0.226     5.4561   0.299693     2.5518       4184    17.4292  0.000e+00
     -0.219     5.4559   0.294593     2.5058       4185    17.4333  0.000e+00
     -0.212     5.4563   0.290618     2.4699       4186    17.4375  0.000e+00
     -0.210     5.4568   0.281932     2.3917       4187    17.4417  0.000e+00
     -0.210     5.4576   0.266384     2.2522       4188    17.4458  0.000e+00
     -0.212     5.4580   0.255014     2.1506       4189    17.4500  0.000e+00
     -0.214     5.4586   0.244260     2.0547       4190    17.4542  0.000e+00
     -0.214     5.4590   0.213681     1.7839       4191    17.4583  0.000e+00
     -0.216     5.4595   0.166400     1.3705       4192    17.4625  0.000e+00
     -0.215     5.4606   0.177700     1.4686       4193    17.4667  0.000e+00
     -0.214     5.4616   0.167558     1.3804       4194    17.4708  0.000e+00
     -0.216     5.4626   0.165407     1.3618       4195    17.4750  0.000e+00
     -0.213     5.4630   0.170898     1.4094       4196    17.4792  0.000e+00
     -0.211     5.4631   0.159872     1.3138       4197    17.4833  0.000e+00
     -0.217     5.4629   0.165291     1.3607       4198    17.4875  0.000e+00
     -0.217     5.4630   0.163198     1.3426       4199    17.4917  0.000e+00
     -0.219     5.4628   0.158191     1.2993       4200    17.4958  0.000e+00
     -0.219     5.4622   0.150250     1.2308       4201    17.5000  0.000e+00
