HB2502/sbe098.cnv
* Sea-Bird SBE 19plus V2 Data File:
* FileName = C:\cruise\data\sbe098.hex
* Software Version Seasave V 7.26.7.121
* Temperature SN = 6128
* Conductivity SN = 6128
* System UpLoad Time = Apr 17 2025 22:45:23
* NMEA Latitude = 41 55.74 N
* NMEA Longitude = 070 08.71 W
* NMEA UTC (Time) = Apr 17 2025  22:44:41
** Ship: Henry Bigelow
** Cruise:  HB2502
** Program:  Spring Bottom Trawl
# nquan = 7
# nvalues = 585                                   
# units = specified
# name 0 = depSM: Depth [salt water, m]
# name 1 = tv290C: Temperature [ITS-90, deg C]
# name 2 = c0S/m: Conductivity [S/m]
# name 3 = sal00: Salinity, Practical [PSU]
# name 4 = scan: Scan Count
# name 5 = timeM: Time, Elapsed [minutes]
# name 6 = flag:  0.000e+00
# span 0 =      0.510,     17.627                 
# span 1 =     6.3037,     7.8974                 
# span 2 =   3.189906,   3.401056                 
# span 3 =    31.4884,    33.1460                 
# span 4 =         11,        595                 
# span 5 =     0.0417,     2.4750                 
# span 6 = 0.0000e+00, 0.0000e+00                 
# interval = seconds: 0.25
# start_time = Apr 17 2025 22:44:41 [NMEA time, header]
# bad_flag = -9.990e-29
*END*
[from data line 411]
     17.594     6.3151   3.193912    31.9627        422     1.7542  0.000e+00
     17.592     6.3149   3.193894    31.9627        423     1.7583  0.000e+00
     17.594     6.3148   3.193869    31.9625        424     1.7625  0.000e+00
     17.599     6.3146   3.193851    31.9625        425     1.7667  0.000e+00
     17.595     6.3144   3.193930    31.9636        426     1.7708  0.000e+00
     17.595     6.3145   3.193851    31.9626        427     1.7750  0.000e+00
     17.595     6.3144   3.193851    31.9627        428     1.7792  0.000e+00
     17.600     6.3142   3.193869    31.9631        429     1.7833  0.000e+00
     17.599     6.3141   3.193869    31.9632        430     1.7875  0.000e+00
     17.597     6.3142   3.193881    31.9632        431     1.7917  0.000e+00
     17.597     6.3142   3.193894    31.9633        432     1.7958  0.000e+00
     17.593     6.3144   3.193832    31.9625        433     1.8000  0.000e+00
     17.597     6.3145   3.193851    31.9626        434     1.8042  0.000e+00
     17.590     6.3144   3.193869    31.9629        435     1.8083  0.000e+00
     17.594     6.3144   3.193912    31.9634        436     1.8125  0.000e+00
     17.597     6.3146   3.193894    31.9629        437     1.8167  0.000e+00
     17.599     6.3149   3.193930    31.9631        438     1.8208  0.000e+00
     17.593     6.3150   3.193912    31.9628        439     1.8250  0.000e+00
     17.594     6.3153   3.193912    31.9626        440     1.8292  0.000e+00
     17.592     6.3151   3.193912    31.9627        441     1.8333  0.000e+00
     17.588     6.3154   3.193894    31.9623        442     1.8375  0.000e+00
     17.592     6.3155   3.193869    31.9619        443     1.8417  0.000e+00
     17.590     6.3153   3.193869    31.9621        444     1.8458  0.000e+00
     17.592     6.3152   3.193832    31.9617        445     1.8500  0.000e+00
     17.590     6.3149   3.193851    31.9623        446     1.8542  0.000e+00
     17.590     6.3147   3.193814    31.9620        447     1.8583  0.000e+00
     17.588     6.3144   3.193790    31.9620        448     1.8625  0.000e+00
     17.586     6.3142   3.193814    31.9624        449     1.8667  0.000e+00
     17.588     6.3142   3.193814    31.9625        450     1.8708  0.000e+00
     17.588     6.3141   3.193814    31.9626        451     1.8750  0.000e+00
     17.585     6.3140   3.193832    31.9629        452     1.8792  0.000e+00
     17.586     6.3140   3.193869    31.9633        453     1.8833  0.000e+00
     17.585     6.3141   3.193894    31.9634        454     1.8875  0.000e+00
     17.585     6.3145   3.193894    31.9631        455     1.8917  0.000e+00
     17.582     6.3147   3.193869    31.9626        456     1.8958  0.000e+00
     17.579     6.3149   3.193930    31.9631        457     1.9000  0.000e+00
     17.581     6.3150   3.193930    31.9630        458     1.9042  0.000e+00
     17.582     6.3154   3.193912    31.9625        459     1.9083  0.000e+00
     17.582     6.3154   3.193894    31.9623        460     1.9125  0.000e+00
     17.582     6.3155   3.193955    31.9628        461     1.9167  0.000e+00
     17.582     6.3158   3.193924    31.9622        462     1.9208  0.000e+00
     17.577     6.3159   3.193930    31.9622        463     1.9250  0.000e+00
     17.580     6.3157   3.193912    31.9622        464     1.9292  0.000e+00
     17.578     6.3159   3.193894    31.9618        465     1.9333  0.000e+00
     17.580     6.3158   3.193930    31.9623        466     1.9375  0.000e+00
     17.586     6.3158   3.193930    31.9623        467     1.9417  0.000e+00
     17.586     6.3159   3.193912    31.9620        468     1.9458  0.000e+00
     17.584     6.3158   3.193930    31.9623        469     1.9500  0.000e+00
     17.589     6.3158   3.193930    31.9623        470     1.9542  0.000e+00
     17.591     6.3158   3.193894    31.9619        471     1.9583  0.000e+00
     17.591     6.3159   3.193894    31.9618        472     1.9625  0.000e+00
     17.591     6.3158   3.193894    31.9619        473     1.9667  0.000e+00
     17.595     6.3157   3.193894    31.9620        474     1.9708  0.000e+00
     17.593     6.3158   3.193894    31.9619        475     1.9750  0.000e+00
     17.595     6.3156   3.193869    31.9618        476     1.9792  0.000e+00
     17.596     6.3157   3.193832    31.9613        477     1.9833  0.000e+00
     17.599     6.3156   3.193814    31.9612        478     1.9875  0.000e+00
     17.595     6.3154   3.193814    31.9613        479     1.9917  0.000e+00
     17.599     6.3151   3.193790    31.9614        480     1.9958  0.000e+00
     17.600     6.3149   3.193790    31.9616        481     2.0000  0.000e+00
     17.597     6.3147   3.193790    31.9617        482     2.0042  0.000e+00
     17.599     6.3146   3.193832    31.9623        483     2.0083  0.000e+00
     17.602     6.3146   3.193832    31.9623        484     2.0125  0.000e+00
     17.562     6.3147   3.193771    31.9616        485     2.0167  0.000e+00
     17.496     6.3147   3.193728    31.9611        486     2.0208  0.000e+00
     17.397     6.3143   3.193692    31.9611        487     2.0250  0.000e+00
     17.283     6.3141   3.193667    31.9611        488     2.0292  0.000e+00
     17.153     6.3139   3.193667    31.9614        489     2.0333  0.000e+00
     16.981     6.3136   3.193667    31.9617        490     2.0375  0.000e+00
     16.775     6.3134   3.193692    31.9623        491     2.0417  0.000e+00
     16.538     6.3135   3.193691    31.9623        492     2.0458  0.000e+00
     16.293     6.3137   3.193649    31.9617        493     2.0500  0.000e+00
     16.074     6.3141   3.193649    31.9614        494     2.0542  0.000e+00
     15.873     6.3141   3.193630    31.9613        495     2.0583  0.000e+00
     15.663     6.3141   3.193630    31.9614        496     2.0625  0.000e+00
     15.448     6.3144   3.193630    31.9613        497     2.0667  0.000e+00
     15.213     6.3144   3.193667    31.9618        498     2.0708  0.000e+00
     14.983     6.3146   3.193691    31.9620        499     2.0750  0.000e+00
     14.762     6.3145   3.193306    31.9580        500     2.0792  0.000e+00
     14.559     6.3146   3.193630    31.9615        501     2.0833  0.000e+00
     14.347     6.3146   3.193183    31.9567        502     2.0875  0.000e+00
     14.116     6.3142   3.193104    31.9562        503     2.0917  0.000e+00
     13.886     6.3135   3.192939    31.9553        504     2.0958  0.000e+00
     13.671     6.3127   3.192878    31.9554        505     2.1000  0.000e+00
     13.459     6.3120   3.192859    31.9559        506     2.1042  0.000e+00
     13.260     6.3114   3.192755    31.9555        507     2.1083  0.000e+00
     13.037     6.3110   3.192676    31.9551        508     2.1125  0.000e+00
     12.809     6.3105   3.192193    31.9503        509     2.1167  0.000e+00
     12.581     6.3097   3.192168    31.9509        510     2.1208  0.000e+00
     12.364     6.3087   3.192028    31.9503        511     2.1250  0.000e+00
     12.154     6.3078   3.191966    31.9506        512     2.1292  0.000e+00
     11.939     6.3072   3.191746    31.9489        513     2.1333  0.000e+00
     11.720     6.3066   3.191459    31.9463        514     2.1375  0.000e+00
     11.491     6.3059   3.191361    31.9460        515     2.1417  0.000e+00
     11.279     6.3050   3.191257    31.9458        516     2.1458  0.000e+00
     11.069     6.3044   3.191196    31.9458        517     2.1500  0.000e+00
     10.863     6.3041   3.190933    31.9433        518     2.1542  0.000e+00
     10.646     6.3037   3.190695    31.9411        519     2.1583  0.000e+00
     10.430     6.3040   3.190591    31.9397        520     2.1625  0.000e+00
     10.210     6.3044   3.190633    31.9400        521     2.1667  0.000e+00
     10.007     6.3048   3.190248    31.9354        522     2.1708  0.000e+00
      9.803     6.3056   3.190206    31.9343        523     2.1750  0.000e+00
      9.602     6.3072   3.190144    31.9323        524     2.1792  0.000e+00
      9.383     6.3088   3.190065    31.9300        525     2.1833  0.000e+00
      9.175     6.3106   3.190065    31.9283        526     2.1875  0.000e+00
      8.974     6.3121   3.190077    31.9272        527     2.1917  0.000e+00
      8.775     6.3135   3.189967    31.9247        528     2.1958  0.000e+00
      8.578     6.3147   3.189906    31.9230        529     2.2000  0.000e+00
      8.379     6.3159   3.190205    31.9253        530     2.2042  0.000e+00
      8.167     6.3176   3.190834    31.9308        531     2.2083  0.000e+00
      7.969     6.3204   3.191421    31.9347        532     2.2125  0.000e+00
      7.775     6.3247   3.191946    31.9366        533     2.2167  0.000e+00
      7.575     6.3305   3.192674    31.9393        534     2.2208  0.000e+00
      7.380     6.3368   3.193242    31.9399        535     2.2250  0.000e+00
      7.173     6.3439   3.194679    31.9492        536     2.2292  0.000e+00
      6.976     6.3528   3.196440    31.9604        537     2.2333  0.000e+00
      6.771     6.3659   3.197858    31.9639        538     2.2375  0.000e+00
      6.578     6.3814   3.199216    31.9645        539     2.2417  0.000e+00
      6.382     6.3972   3.201351    31.9734        540     2.2458  0.000e+00
      6.183     6.4149   3.204699    31.9939        541     2.2500  0.000e+00
      5.981     6.4377   3.208097    32.0102        542     2.2542  0.000e+00
      5.778     6.4668   3.210032    32.0043        543     2.2583  0.000e+00
      5.590     6.4972   3.212207    31.9999        544     2.2625  0.000e+00
      5.388     6.5258   3.216024    32.0153        545     2.2667  0.000e+00
      5.192     6.5564   3.219715    32.0274        546     2.2708  0.000e+00
      4.984     6.5912   3.222371    32.0241        547     2.2750  0.000e+00
      4.776     6.6263   3.223708    32.0061        548     2.2792  0.000e+00
      4.581     6.6575   3.224646    31.9873        549     2.2833  0.000e+00
      4.382     6.6822   3.225425    31.9728        550     2.2875  0.000e+00
      4.186     6.7019   3.225891    31.9597        551     2.2917  0.000e+00
      3.980     6.7173   3.226161    31.9484        552     2.2958  0.000e+00
      3.781     6.7286   3.226756    31.9445        553     2.3000  0.000e+00
      3.580     6.7375   3.226879    31.9376        554     2.3042  0.000e+00
      3.388     6.7442   3.227370    31.9368        555     2.3083  0.000e+00
      3.191     6.7501   3.227020    31.9276        556     2.3125  0.000e+00
      2.990     6.7539   3.227185    31.9260        557     2.3167  0.000e+00
      2.791     6.7560   3.228456    31.9381        558     2.3208  0.000e+00
      2.589     6.7597   3.229377    31.9448        559     2.3250  0.000e+00
      2.386     6.7659   3.230322    31.9495        560     2.3292  0.000e+00
      2.187     6.7749   3.245005    32.1020        561     2.3333  0.000e+00
      1.990     6.8097   3.259639    32.2298        562     2.3375  0.000e+00
      1.784     6.8915   3.283891    32.4185        563     2.3417  0.000e+00
      1.584     7.0251   3.310747    32.5858        564     2.3458  0.000e+00
      1.389     7.2241   3.316767    32.4637        565     2.3500  0.000e+00
      1.203     7.4231   3.316684    32.2766        566     2.3542  0.000e+00
      1.014     7.5730   3.319592    32.1688        567     2.3583  0.000e+00
      0.808     7.6767   3.320336    32.0811        568     2.3625  0.000e+00
      0.707     7.7486   3.320515    32.0169        569     2.3667  0.000e+00
      0.679     7.7955   3.320353    31.9721        570     2.3708  0.000e+00
      0.715     7.8244   3.320887    31.9513        571     2.3750  0.000e+00
      0.760     7.8425   3.320272    31.9281        572     2.3792  0.000e+00
      0.762     7.8529   3.320483    31.9209        573     2.3833  0.000e+00
      0.735     7.8580   3.320861    31.9203        574     2.3875  0.000e+00
      0.688     7.8619   3.321383    31.9223        575     2.3917  0.000e+00
      0.684     7.8662   3.321836    31.9231        576     2.3958  0.000e+00
      0.708     7.8708   3.321923    31.9199        577     2.4000  0.000e+00
      0.735     7.8748   3.321265    31.9092        578     2.4042  0.000e+00
      0.738     7.8760   3.321159    31.9069        579     2.4083  0.000e+00
      0.717     7.8756   3.320799    31.9035        580     2.4125  0.000e+00
      0.707     7.8736   3.320756    31.9049        581     2.4167  0.000e+00
      0.714     7.8712   3.320967    31.9093        582     2.4208  0.000e+00
      0.731     7.8701   3.320917    31.9098        583     2.4250  0.000e+00
      0.740     7.8693   3.320563    31.9068        584     2.4292  0.000e+00
      0.732     7.8678   3.320098    31.9032        585     2.4333  0.000e+00
      0.720     7.8650   3.320315    31.9080        586     2.4375  0.000e+00
      0.716     7.8625   3.320483    31.9121        587     2.4417  0.000e+00
      0.718     7.8617   3.320694    31.9151        588     2.4458  0.000e+00
      0.715     7.8624   3.320917    31.9168        589     2.4500  0.000e+00
      0.717     7.8633   3.321116    31.9182        590     2.4542  0.000e+00
      0.716     7.8649   3.320774    31.9130        591     2.4583  0.000e+00
      0.714     7.8656   3.321159    31.9165        592     2.4625  0.000e+00
      0.714     7.8664   3.321072    31.9148        593     2.4667  0.000e+00
      0.712     7.8675   3.321178    31.9150        594     2.4708  0.000e+00
      0.712     7.8680   3.321339    31.9162        595     2.4750  0.000e+00
