HB2502/sbe038.cnv
* Sea-Bird SBE 19plus V2 Data File:
* FileName = C:\cruise\data\sbe038.hex
* Software Version Seasave V 7.26.7.121
* Temperature SN = 6128
* Conductivity SN = 6128
* System UpLoad Time = Mar 20 2025 21:46:07
* NMEA Latitude = 39 53.09 N
* NMEA Longitude = 073 07.73 W
* NMEA UTC (Time) = Mar 20 2025  21:44:57
** Ship: Henry Bigelow
** Cruise:  HB2502
** Program:  Spring Bottom Trawl
# nquan = 7
# nvalues = 1189                                  
# units = specified
# name 0 = depSM: Depth [salt water, m]
# name 1 = tv290C: Temperature [ITS-90, deg C]
# name 2 = c0S/m: Conductivity [S/m]
# name 3 = sal00: Salinity, Practical [PSU]
# name 4 = scan: Scan Count
# name 5 = timeM: Time, Elapsed [minutes]
# name 6 = flag:  0.000e+00
# span 0 =     -0.087,     57.353                 
# span 1 =     5.5656,     6.3205                 
# span 2 =   0.274373,   3.301971                 
# span 3 =     2.2656,    33.3723                 
# span 4 =         11,       1199                 
# span 5 =     0.0417,     4.9917                 
# span 6 = 0.0000e+00, 0.0000e+00                 
# interval = seconds: 0.25
# start_time = Mar 20 2025 21:44:57 [NMEA time, header]
# bad_flag = -9.990e-29
*END*
[from data line 411]
     55.835     5.5762   3.253916    33.3299        422     1.7542  0.000e+00
     55.932     5.5764   3.253934    33.3299        423     1.7583  0.000e+00
     56.034     5.5763   3.253786    33.3283        424     1.7625  0.000e+00
     56.139     5.5763   3.253916    33.3297        425     1.7667  0.000e+00
     56.240     5.5763   3.253891    33.3294        426     1.7708  0.000e+00
     56.335     5.5763   3.253953    33.3300        427     1.7750  0.000e+00
     56.412     5.5764   3.253953    33.3298        428     1.7792  0.000e+00
     56.484     5.5765   3.253934    33.3295        429     1.7833  0.000e+00
     56.539     5.5765   3.253953    33.3297        430     1.7875  0.000e+00
     56.577     5.5765   3.253941    33.3296        431     1.7917  0.000e+00
     56.608     5.5766   3.253916    33.3291        432     1.7958  0.000e+00
     56.613     5.5764   3.253873    33.3288        433     1.8000  0.000e+00
     56.602     5.5764   3.253848    33.3286        434     1.8042  0.000e+00
     56.577     5.5761   3.253891    33.3294        435     1.8083  0.000e+00
     56.542     5.5759   3.253768    33.3282        436     1.8125  0.000e+00
     56.484     5.5758   3.253719    33.3278        437     1.8167  0.000e+00
     56.413     5.5750   3.253848    33.3300        438     1.8208  0.000e+00
     56.329     5.5751   3.253848    33.3300        439     1.8250  0.000e+00
     56.243     5.5754   3.253645    33.3274        440     1.8292  0.000e+00
     56.156     5.5747   3.253436    33.3258        441     1.8333  0.000e+00
     56.062     5.5735   3.253405    33.3267        442     1.8375  0.000e+00
     55.979     5.5722   3.253399    33.3279        443     1.8417  0.000e+00
     55.901     5.5714   3.253331    33.3281        444     1.8458  0.000e+00
     55.834     5.5706   3.253312    33.3286        445     1.8500  0.000e+00
     55.772     5.5700   3.253399    33.3302        446     1.8542  0.000e+00
     55.729     5.5700   3.253399    33.3303        447     1.8583  0.000e+00
     55.705     5.5699   3.253349    33.3298        448     1.8625  0.000e+00
     55.691     5.5699   3.253374    33.3301        449     1.8667  0.000e+00
     55.694     5.5698   3.253417    33.3307        450     1.8708  0.000e+00
     55.704     5.5699   3.253374    33.3301        451     1.8750  0.000e+00
     55.731     5.5701   3.253435    33.3306        452     1.8792  0.000e+00
     55.740     5.5703   3.253349    33.3294        453     1.8833  0.000e+00
     55.767     5.5700   3.253374    33.3299        454     1.8875  0.000e+00
     55.796     5.5700   3.253251    33.3285        455     1.8917  0.000e+00
     55.814     5.5698   3.253355    33.3299        456     1.8958  0.000e+00
     55.828     5.5697   3.253331    33.3298        457     1.9000  0.000e+00
     55.841     5.5695   3.253294    33.3295        458     1.9042  0.000e+00
     55.843     5.5693   3.253306    33.3299        459     1.9083  0.000e+00
     55.839     5.5691   3.253294    33.3299        460     1.9125  0.000e+00
     55.826     5.5691   3.253294    33.3299        461     1.9167  0.000e+00
     55.803     5.5690   3.253269    33.3297        462     1.9208  0.000e+00
     55.772     5.5688   3.253251    33.3297        463     1.9250  0.000e+00
     55.735     5.5686   3.253232    33.3297        464     1.9292  0.000e+00
     55.701     5.5686   3.253232    33.3298        465     1.9333  0.000e+00
     55.674     5.5683   3.253232    33.3301        466     1.9375  0.000e+00
     55.641     5.5682   3.253189    33.3297        467     1.9417  0.000e+00
     55.614     5.5680   3.253171    33.3297        468     1.9458  0.000e+00
     55.598     5.5678   3.253146    33.3296        469     1.9500  0.000e+00
     55.600     5.5675   3.253152    33.3300        470     1.9542  0.000e+00
     55.608     5.5673   3.253208    33.3308        471     1.9583  0.000e+00
     55.630     5.5674   3.253189    33.3305        472     1.9625  0.000e+00
     55.672     5.5678   3.253251    33.3308        473     1.9667  0.000e+00
     55.719     5.5678   3.253312    33.3315        474     1.9708  0.000e+00
     55.778     5.5682   3.253288    33.3308        475     1.9750  0.000e+00
     55.842     5.5685   3.253232    33.3298        476     1.9792  0.000e+00
     55.906     5.5684   3.253269    33.3303        477     1.9833  0.000e+00
     55.964     5.5683   3.253232    33.3299        478     1.9875  0.000e+00
     56.020     5.5681   3.253251    33.3303        479     1.9917  0.000e+00
     56.064     5.5681   3.253269    33.3305        480     1.9958  0.000e+00
     56.096     5.5681   3.253288    33.3307        481     2.0000  0.000e+00
     56.109     5.5682   3.253269    33.3304        482     2.0042  0.000e+00
     56.111     5.5684   3.253189    33.3293        483     2.0083  0.000e+00
     56.095     5.5681   3.253208    33.3298        484     2.0125  0.000e+00
     56.062     5.5680   3.253128    33.3290        485     2.0167  0.000e+00
     56.010     5.5676   3.253091    33.3290        486     2.0208  0.000e+00
     55.946     5.5672   3.253085    33.3294        487     2.0250  0.000e+00
     55.872     5.5669   3.253041    33.3292        488     2.0292  0.000e+00
     55.789     5.5666   3.253109    33.3303        489     2.0333  0.000e+00
     55.709     5.5666   3.253023    33.3294        490     2.0375  0.000e+00
     55.626     5.5663   3.252980    33.3292        491     2.0417  0.000e+00
     55.556     5.5658   3.252955    33.3294        492     2.0458  0.000e+00
     55.491     5.5656   3.253146    33.3319        493     2.0500  0.000e+00
     55.429     5.5660   3.253171    33.3318        494     2.0542  0.000e+00
     55.379     5.5666   3.253189    33.3315        495     2.0583  0.000e+00
     55.339     5.5671   3.253189    33.3310        496     2.0625  0.000e+00
     55.317     5.5674   3.253171    33.3305        497     2.0667  0.000e+00
     55.301     5.5674   3.253146    33.3302        498     2.0708  0.000e+00
     55.299     5.5674   3.253084    33.3295        499     2.0750  0.000e+00
     55.308     5.5673   3.253127    33.3301        500     2.0792  0.000e+00
     55.324     5.5673   3.253146    33.3303        501     2.0833  0.000e+00
     55.338     5.5673   3.253189    33.3307        502     2.0875  0.000e+00
     55.367     5.5676   3.253349    33.3323        503     2.0917  0.000e+00
     55.394     5.5682   3.253522    33.3336        504     2.0958  0.000e+00
     55.416     5.5693   3.253645    33.3339        505     2.1000  0.000e+00
     55.449     5.5708   3.253559    33.3314        506     2.1042  0.000e+00
     55.474     5.5716   3.253540    33.3304        507     2.1083  0.000e+00
     55.497     5.5719   3.253448    33.3291        508     2.1125  0.000e+00
     55.517     5.5719   3.253331    33.3277        509     2.1167  0.000e+00
     55.536     5.5713   3.253232    33.3272        510     2.1208  0.000e+00
     55.549     5.5704   3.253312    33.3289        511     2.1250  0.000e+00
     55.562     5.5699   3.253559    33.3322        512     2.1292  0.000e+00
     55.577     5.5705   3.253811    33.3345        513     2.1333  0.000e+00
     55.584     5.5720   3.253860    33.3336        514     2.1375  0.000e+00
     55.595     5.5736   3.254180    33.3356        515     2.1417  0.000e+00
     55.597     5.5755   3.254451    33.3368        516     2.1458  0.000e+00
     55.601     5.5782   3.254513    33.3348        517     2.1500  0.000e+00
     55.608     5.5807   3.254513    33.3324        518     2.1542  0.000e+00
     55.619     5.5823   3.254642    33.3322        519     2.1583  0.000e+00
     55.635     5.5838   3.254802    33.3326        520     2.1625  0.000e+00
     55.661     5.5853   3.254759    33.3306        521     2.1667  0.000e+00
     55.691     5.5862   3.254864    33.3309        522     2.1708  0.000e+00
     55.729     5.5872   3.254907    33.3303        523     2.1750  0.000e+00
     55.767     5.5881   3.254969    33.3302        524     2.1792  0.000e+00
     55.809     5.5888   3.254882    33.3285        525     2.1833  0.000e+00
     55.867     5.5891   3.254821    33.3274        526     2.1875  0.000e+00
     55.920     5.5888   3.254741    33.3268        527     2.1917  0.000e+00
     55.969     5.5884   3.254593    33.3254        528     2.1958  0.000e+00
     56.029     5.5876   3.254470    33.3248        529     2.2000  0.000e+00
     56.092     5.5865   3.254544    33.3267        530     2.2042  0.000e+00
     56.149     5.5858   3.254532    33.3273        531     2.2083  0.000e+00
     56.204     5.5852   3.254556    33.3281        532     2.2125  0.000e+00
     56.258     5.5848   3.254513    33.3279        533     2.2167  0.000e+00
     56.301     5.5849   3.254655    33.3295        534     2.2208  0.000e+00
     56.335     5.5848   3.254723    33.3303        535     2.2250  0.000e+00
     56.368     5.5854   3.254587    33.3282        536     2.2292  0.000e+00
     56.381     5.5854   3.254513    33.3273        537     2.2333  0.000e+00
     56.373     5.5851   3.254495    33.3275        538     2.2375  0.000e+00
     56.355     5.5847   3.254470    33.3276        539     2.2417  0.000e+00
     56.321     5.5842   3.254347    33.3267        540     2.2458  0.000e+00
     56.276     5.5835   3.254156    33.3252        541     2.2500  0.000e+00
     56.202     5.5823   3.254285    33.3279        542     2.2542  0.000e+00
     56.127     5.5816   3.254408    33.3300        543     2.2583  0.000e+00
     56.041     5.5817   3.254433    33.3303        544     2.2625  0.000e+00
     55.954     5.5823   3.254495    33.3304        545     2.2667  0.000e+00
     55.863     5.5830   3.254618    33.3311        546     2.2708  0.000e+00
     55.778     5.5837   3.254605    33.3303        547     2.2750  0.000e+00
     55.706     5.5843   3.254593    33.3296        548     2.2792  0.000e+00
     55.646     5.5849   3.254784    33.3313        549     2.2833  0.000e+00
     55.606     5.5857   3.254802    33.3307        550     2.2875  0.000e+00
     55.592     5.5867   3.254821    33.3299        551     2.2917  0.000e+00
     55.599     5.5875   3.254882    33.3298        552     2.2958  0.000e+00
     55.633     5.5879   3.255073    33.3315        553     2.3000  0.000e+00
     55.697     5.5892   3.254950    33.3289        554     2.3042  0.000e+00
     55.776     5.5899   3.254926    33.3278        555     2.3083  0.000e+00
     55.890     5.5899   3.254907    33.3276        556     2.3125  0.000e+00
     56.009     5.5899   3.254938    33.3279        557     2.3167  0.000e+00
     56.146     5.5898   3.254883    33.3273        558     2.3208  0.000e+00
     56.277     5.5895   3.254821    33.3268        559     2.3250  0.000e+00
     56.400     5.5891   3.254821    33.3271        560     2.3292  0.000e+00
     56.519     5.5886   3.254784    33.3271        561     2.3333  0.000e+00
     56.639     5.5882   3.254760    33.3272        562     2.3375  0.000e+00
     56.733     5.5877   3.254686    33.3268        563     2.3417  0.000e+00
     56.805     5.5871   3.254575    33.3261        564     2.3458  0.000e+00
     56.850     5.5863   3.254495    33.3260        565     2.3500  0.000e+00
     56.872     5.5855   3.254470    33.3265        566     2.3542  0.000e+00
     56.879     5.5846   3.254347    33.3260        567     2.3583  0.000e+00
     56.886     5.5836   3.254310    33.3265        568     2.3625  0.000e+00
     56.893     5.5828   3.254181    33.3259        569     2.3667  0.000e+00
     56.858     5.5817   3.254181    33.3270        570     2.3708  0.000e+00
     56.802     5.5808   3.254304    33.3293        571     2.3750  0.000e+00
     56.745     5.5806   3.254162    33.3279        572     2.3792  0.000e+00
     56.681     5.5804   3.254205    33.3287        573     2.3833  0.000e+00
     56.631     5.5802   3.254212    33.3289        574     2.3875  0.000e+00
     56.569     5.5801   3.254181    33.3287        575     2.3917  0.000e+00
     56.516     5.5800   3.254119    33.3282        576     2.3958  0.000e+00
     56.452     5.5797   3.254058    33.3278        577     2.4000  0.000e+00
     56.396     5.5792   3.253953    33.3271        578     2.4042  0.000e+00
     56.342     5.5786   3.253916    33.3273        579     2.4083  0.000e+00
     56.288     5.5779   3.254076    33.3298        580     2.4125  0.000e+00
     56.244     5.5777   3.254039    33.3296        581     2.4167  0.000e+00
     56.214     5.5779   3.253996    33.3290        582     2.4208  0.000e+00
     56.186     5.5777   3.254039    33.3296        583     2.4250  0.000e+00
     56.180     5.5781   3.253996    33.3288        584     2.4292  0.000e+00
     56.190     5.5780   3.253996    33.3289        585     2.4333  0.000e+00
     56.210     5.5779   3.254039    33.3295        586     2.4375  0.000e+00
     56.255     5.5778   3.254039    33.3295        587     2.4417  0.000e+00
     56.311     5.5780   3.254058    33.3296        588     2.4458  0.000e+00
     56.387     5.5778   3.254076    33.3298        589     2.4500  0.000e+00
     56.474     5.5780   3.254113    33.3301        590     2.4542  0.000e+00
     56.557     5.5781   3.254039    33.3291        591     2.4583  0.000e+00
     56.640     5.5781   3.254058    33.3292        592     2.4625  0.000e+00
     56.718     5.5782   3.254076    33.3293        593     2.4667  0.000e+00
     56.784     5.5781   3.254076    33.3294        594     2.4708  0.000e+00
     56.854     5.5781   3.254039    33.3289        595     2.4750  0.000e+00
     56.903     5.5781   3.254039    33.3289        596     2.4792  0.000e+00
     56.934     5.5778   3.253935    33.3280        597     2.4833  0.000e+00
     56.954     5.5776   3.253996    33.3289        598     2.4875  0.000e+00
     56.961     5.5775   3.254076    33.3299        599     2.4917  0.000e+00
     56.954     5.5776   3.254138    33.3305        600     2.4958  0.000e+00
     56.927     5.5780   3.254095    33.3297        601     2.5000  0.000e+00
     56.899     5.5781   3.254039    33.3289        602     2.5042  0.000e+00
     56.851     5.5780   3.253916    33.3277        603     2.5083  0.000e+00
     56.794     5.5776   3.253935    33.3282        604     2.5125  0.000e+00
     56.736     5.5771   3.253891    33.3283        605     2.5167  0.000e+00
     56.669     5.5768   3.253848    33.3282        606     2.5208  0.000e+00
     56.606     5.5763   3.253781    33.3279        607     2.5250  0.000e+00
     56.539     5.5758   3.254409    33.3355        608     2.5292  0.000e+00
     56.479     5.5771   3.254846    33.3393        609     2.5333  0.000e+00
     56.425     5.5806   3.254950    33.3370        610     2.5375  0.000e+00
     56.372     5.5838   3.254907    33.3334        611     2.5417  0.000e+00
     56.329     5.5861   3.254938    33.3315        612     2.5458  0.000e+00
     56.301     5.5875   3.254864    33.3293        613     2.5500  0.000e+00
     56.286     5.5879   3.254784    33.3280        614     2.5542  0.000e+00
     56.286     5.5879   3.254784    33.3280        615     2.5583  0.000e+00
     56.286     5.5878   3.254741    33.3275        616     2.5625  0.000e+00
     56.299     5.5875   3.254704    33.3274        617     2.5667  0.000e+00
     56.335     5.5873   3.254741    33.3281        618     2.5708  0.000e+00
     56.389     5.5871   3.254741    33.3282        619     2.5750  0.000e+00
     56.458     5.5869   3.254784    33.3289        620     2.5792  0.000e+00
     56.532     5.5871   3.254723    33.3279        621     2.5833  0.000e+00
     56.613     5.5870   3.254575    33.3263        622     2.5875  0.000e+00
     56.711     5.5861   3.254624    33.3277        623     2.5917  0.000e+00
     56.801     5.5855   3.254513    33.3270        624     2.5958  0.000e+00
     56.900     5.5851   3.254409    33.3262        625     2.6000  0.000e+00
