HB2502/sbe090.cnv
* Sea-Bird SBE 19plus V2 Data File:
* FileName = C:\cruise\data\sbe090.hex
* Software Version Seasave V 7.26.7.121
* Temperature SN = 6128
* Conductivity SN = 6128
* System UpLoad Time = Apr 13 2025 23:29:06
* NMEA Latitude = 40 52.34 N
* NMEA Longitude = 067 43.34 W
* NMEA UTC (Time) = Apr 13 2025  23:28:21
** Ship: Henry Bigelow
** Cruise:  HB2502
** Program:  Spring Bottom Trawl
# nquan = 7
# nvalues = 1383                                  
# units = specified
# name 0 = depSM: Depth [salt water, m]
# name 1 = tv290C: Temperature [ITS-90, deg C]
# name 2 = c0S/m: Conductivity [S/m]
# name 3 = sal00: Salinity, Practical [PSU]
# name 4 = scan: Scan Count
# name 5 = timeM: Time, Elapsed [minutes]
# name 6 = flag:  0.000e+00
# span 0 =     -0.089,     59.639                 
# span 1 =     4.9240,     5.5035                 
# span 2 =   0.006075,   3.152576                 
# span 3 =     0.0446,    32.4749                 
# span 4 =         11,       1393                 
# span 5 =     0.0417,     5.8000                 
# span 6 = 0.0000e+00, 0.0000e+00                 
# interval = seconds: 0.25
# start_time = Apr 13 2025 23:28:21 [NMEA time, header]
# bad_flag = -9.990e-29
*END*
[from data line 821]
     31.075     5.0331   3.102659    32.1479        832     3.4625  0.000e+00
     31.027     5.0323   3.102696    32.1491        833     3.4667  0.000e+00
     31.002     5.0308   3.102853    32.1524        834     3.4708  0.000e+00
     30.990     5.0301   3.103210    32.1572        835     3.4750  0.000e+00
     30.997     5.0308   3.102992    32.1540        836     3.4792  0.000e+00
     31.015     5.0318   3.103010    32.1532        837     3.4833  0.000e+00
     31.029     5.0324   3.103089    32.1535        838     3.4875  0.000e+00
     31.040     5.0328   3.103185    32.1542        839     3.4917  0.000e+00
     31.052     5.0334   3.103361    32.1556        840     3.4958  0.000e+00
     31.054     5.0345   3.103385    32.1549        841     3.5000  0.000e+00
     31.040     5.0358   3.103246    32.1521        842     3.5042  0.000e+00
     31.009     5.0365   3.103264    32.1516        843     3.5083  0.000e+00
     30.944     5.0366   3.103185    32.1506        844     3.5125  0.000e+00
     30.866     5.0365   3.103657    32.1561        845     3.5167  0.000e+00
     30.753     5.0374   3.103530    32.1539        846     3.5208  0.000e+00
     30.620     5.0388   3.103929    32.1572        847     3.5250  0.000e+00
     30.471     5.0403   3.104189    32.1588        848     3.5292  0.000e+00
     30.296     5.0427   3.104497    32.1600        849     3.5333  0.000e+00
     30.104     5.0454   3.104128    32.1534        850     3.5375  0.000e+00
     29.911     5.0476   3.104382    32.1542        851     3.5417  0.000e+00
     29.713     5.0488   3.104237    32.1515        852     3.5458  0.000e+00
     29.525     5.0499   3.103928    32.1470        853     3.5500  0.000e+00
     29.348     5.0498   3.103892    32.1468        854     3.5542  0.000e+00
     29.176     5.0489   3.104049    32.1496        855     3.5583  0.000e+00
     29.026     5.0482   3.103953    32.1491        856     3.5625  0.000e+00
     28.895     5.0479   3.103965    32.1497        857     3.5667  0.000e+00
     28.795     5.0477   3.103928    32.1495        858     3.5708  0.000e+00
     28.734     5.0475   3.104636    32.1578        859     3.5750  0.000e+00
     28.715     5.0490   3.104987    32.1604        860     3.5792  0.000e+00
     28.740     5.0519   3.104872    32.1562        861     3.5833  0.000e+00
     28.801     5.0546   3.104938    32.1544        862     3.5875  0.000e+00
     28.886     5.0566   3.104872    32.1517        863     3.5917  0.000e+00
     28.995     5.0580   3.104811    32.1496        864     3.5958  0.000e+00
     29.114     5.0585   3.104714    32.1479        865     3.6000  0.000e+00
     29.237     5.0583   3.104618    32.1469        866     3.6042  0.000e+00
     29.349     5.0578   3.104527    32.1463        867     3.6083  0.000e+00
     29.443     5.0568   3.104539    32.1474        868     3.6125  0.000e+00
     29.532     5.0561   3.104479    32.1473        869     3.6167  0.000e+00
     29.595     5.0552   3.104442    32.1477        870     3.6208  0.000e+00
     29.637     5.0546   3.104382    32.1476        871     3.6250  0.000e+00
     29.655     5.0540   3.104588    32.1505        872     3.6292  0.000e+00
     29.632     5.0537   3.104442    32.1492        873     3.6333  0.000e+00
     29.559     5.0537   3.105265    32.1587        874     3.6375  0.000e+00
     29.474     5.0557   3.105519    32.1597        875     3.6417  0.000e+00
     29.349     5.0591   3.105440    32.1556        876     3.6458  0.000e+00
     29.203     5.0623   3.104696    32.1440        877     3.6500  0.000e+00
     29.020     5.0625   3.104605    32.1429        878     3.6542  0.000e+00
     28.841     5.0607   3.104539    32.1440        879     3.6583  0.000e+00
     28.645     5.0589   3.104732    32.1480        880     3.6625  0.000e+00
     28.437     5.0575   3.104206    32.1434        881     3.6667  0.000e+00
     28.249     5.0567   3.105047    32.1539        882     3.6708  0.000e+00
     28.065     5.0565   3.104835    32.1518        883     3.6750  0.000e+00
     27.916     5.0575   3.104381    32.1457        884     3.6792  0.000e+00
     27.795     5.0574   3.104774    32.1503        885     3.6833  0.000e+00
     27.699     5.0571   3.105028    32.1536        886     3.6875  0.000e+00
     27.647     5.0583   3.105168    32.1541        887     3.6917  0.000e+00
     27.639     5.0600   3.105168    32.1525        888     3.6958  0.000e+00
     27.667     5.0617   3.105301    32.1523        889     3.7000  0.000e+00
     27.724     5.0632   3.105361    32.1515        890     3.7042  0.000e+00
     27.800     5.0646   3.105440    32.1510        891     3.7083  0.000e+00
     27.887     5.0659   3.105325    32.1484        892     3.7125  0.000e+00
     27.980     5.0668   3.105143    32.1454        893     3.7167  0.000e+00
     28.075     5.0666   3.105101    32.1451        894     3.7208  0.000e+00
     28.155     5.0658   3.105143    32.1463        895     3.7250  0.000e+00
     28.226     5.0653   3.105168    32.1470        896     3.7292  0.000e+00
     28.277     5.0647   3.105168    32.1475        897     3.7333  0.000e+00
     28.300     5.0648   3.105168    32.1475        898     3.7375  0.000e+00
     28.300     5.0646   3.105331    32.1495        899     3.7417  0.000e+00
     28.282     5.0650   3.105168    32.1473        900     3.7458  0.000e+00
     28.249     5.0650   3.105186    32.1475        901     3.7500  0.000e+00
     28.175     5.0650   3.105125    32.1469        902     3.7542  0.000e+00
     28.099     5.0647   3.105301    32.1491        903     3.7583  0.000e+00
     27.986     5.0650   3.105041    32.1460        904     3.7625  0.000e+00
     27.854     5.0644   3.104520    32.1407        905     3.7667  0.000e+00
     27.695     5.0625   3.104871    32.1465        906     3.7708  0.000e+00
     27.529     5.0605   3.105403    32.1546        907     3.7750  0.000e+00
     27.360     5.0615   3.105379    32.1535        908     3.7792  0.000e+00
     27.208     5.0636   3.105288    32.1505        909     3.7833  0.000e+00
     27.073     5.0647   3.104810    32.1441        910     3.7875  0.000e+00
     26.955     5.0643   3.105046    32.1472        911     3.7917  0.000e+00
     26.877     5.0635   3.105143    32.1491        912     3.7958  0.000e+00
     26.819     5.0634   3.104835    32.1457        913     3.8000  0.000e+00
     26.776     5.0631   3.104714    32.1446        914     3.8042  0.000e+00
     26.752     5.0618   3.105022    32.1495        915     3.8083  0.000e+00
     26.754     5.0614   3.105064    32.1503        916     3.8125  0.000e+00
     26.769     5.0620   3.105089    32.1500        917     3.8167  0.000e+00
     26.792     5.0624   3.105125    32.1500        918     3.8208  0.000e+00
     26.816     5.0631   3.105185    32.1501        919     3.8250  0.000e+00
     26.836     5.0638   3.105246    32.1500        920     3.8292  0.000e+00
     26.851     5.0646   3.105222    32.1490        921     3.8333  0.000e+00
     26.858     5.0654   3.105107    32.1469        922     3.8375  0.000e+00
     26.854     5.0654   3.105125    32.1471        923     3.8417  0.000e+00
     26.827     5.0651   3.105167    32.1479        924     3.8458  0.000e+00
     26.789     5.0652   3.104810    32.1437        925     3.8500  0.000e+00
     26.746     5.0643   3.104617    32.1424        926     3.8542  0.000e+00
     26.686     5.0623   3.104538    32.1434        927     3.8583  0.000e+00
     26.628     5.0602   3.104496    32.1450        928     3.8625  0.000e+00
     26.568     5.0586   3.104599    32.1478        929     3.8667  0.000e+00
     26.509     5.0576   3.104956    32.1528        930     3.8708  0.000e+00
     26.432     5.0581   3.105343    32.1568        931     3.8750  0.000e+00
     26.356     5.0603   3.104889    32.1496        932     3.8792  0.000e+00
     26.284     5.0622   3.104774    32.1465        933     3.8833  0.000e+00
     26.196     5.0619   3.105143    32.1510        934     3.8875  0.000e+00
     26.107     5.0621   3.104931    32.1484        935     3.8917  0.000e+00
     26.018     5.0628   3.106201    32.1624        936     3.8958  0.000e+00
     25.922     5.0659   3.106637    32.1644        937     3.9000  0.000e+00
     25.827     5.0714   3.106497    32.1575        938     3.9042  0.000e+00
     25.733     5.0763   3.106479    32.1527        939     3.9083  0.000e+00
     25.637     5.0795   3.106437    32.1492        940     3.9125  0.000e+00
     25.559     5.0813   3.106425    32.1473        941     3.9167  0.000e+00
     25.485     5.0823   3.106243    32.1443        942     3.9208  0.000e+00
     25.421     5.0826   3.106068    32.1420        943     3.9250  0.000e+00
     25.358     5.0818   3.106225    32.1446        944     3.9292  0.000e+00
     25.302     5.0813   3.106358    32.1467        945     3.9333  0.000e+00
     25.247     5.0816   3.106158    32.1441        946     3.9375  0.000e+00
     25.186     5.0814   3.105989    32.1424        947     3.9417  0.000e+00
     25.126     5.0805   3.106261    32.1464        948     3.9458  0.000e+00
     25.060     5.0803   3.105868    32.1422        949     3.9500  0.000e+00
     25.008     5.0796   3.105850    32.1427        950     3.9542  0.000e+00
     24.959     5.0786   3.105735    32.1423        951     3.9583  0.000e+00
     24.914     5.0775   3.105662    32.1425        952     3.9625  0.000e+00
     24.884     5.0763   3.105850    32.1459        953     3.9667  0.000e+00
     24.867     5.0756   3.105868    32.1468        954     3.9708  0.000e+00
     24.863     5.0757   3.105771    32.1456        955     3.9750  0.000e+00
     24.867     5.0757   3.105632    32.1440        956     3.9792  0.000e+00
     24.869     5.0753   3.105681    32.1449        957     3.9833  0.000e+00
     24.876     5.0748   3.106007    32.1491        958     3.9875  0.000e+00
     24.876     5.0750   3.106207    32.1513        959     3.9917  0.000e+00
     24.867     5.0763   3.106007    32.1477        960     3.9958  0.000e+00
     24.849     5.0775   3.105832    32.1445        961     4.0000  0.000e+00
     24.813     5.0775   3.105826    32.1444        962     4.0042  0.000e+00
     24.739     5.0771   3.105832    32.1450        963     4.0083  0.000e+00
     24.651     5.0768   3.105753    32.1444        964     4.0125  0.000e+00
     24.531     5.0764   3.105693    32.1442        965     4.0167  0.000e+00
     24.397     5.0759   3.105656    32.1443        966     4.0208  0.000e+00
     24.247     5.0754   3.105402    32.1419        967     4.0250  0.000e+00
     24.098     5.0743   3.105311    32.1421        968     4.0292  0.000e+00
     23.959     5.0727   3.105438    32.1451        969     4.0333  0.000e+00
     23.834     5.0720   3.105578    32.1475        970     4.0375  0.000e+00
     23.720     5.0718   3.105481    32.1466        971     4.0417  0.000e+00
     23.628     5.0720   3.105456    32.1462        972     4.0458  0.000e+00
     23.561     5.0719   3.104646    32.1370        973     4.0500  0.000e+00
     23.518     5.0701   3.104495    32.1371        974     4.0542  0.000e+00
     23.490     5.0664   3.104755    32.1436        975     4.0583  0.000e+00
     23.477     5.0639   3.104616    32.1444        976     4.0625  0.000e+00
     23.493     5.0621   3.104634    32.1464        977     4.0667  0.000e+00
     23.517     5.0611   3.104707    32.1481        978     4.0708  0.000e+00
     23.537     5.0607   3.104791    32.1495        979     4.0750  0.000e+00
     23.563     5.0606   3.104834    32.1500        980     4.0792  0.000e+00
     23.586     5.0610   3.104888    32.1502        981     4.0833  0.000e+00
     23.602     5.0616   3.104731    32.1479        982     4.0875  0.000e+00
     23.604     5.0615   3.104525    32.1457        983     4.0917  0.000e+00
     23.592     5.0608   3.104241    32.1430        984     4.0958  0.000e+00
     23.558     5.0591   3.104187    32.1440        985     4.1000  0.000e+00
     23.496     5.0572   3.104283    32.1470        986     4.1042  0.000e+00
     23.424     5.0560   3.104223    32.1476        987     4.1083  0.000e+00
     23.328     5.0553   3.104283    32.1490        988     4.1125  0.000e+00
     23.212     5.0550   3.103346    32.1386        989     4.1167  0.000e+00
     23.093     5.0529   3.103576    32.1433        990     4.1208  0.000e+00
     22.975     5.0504   3.103165    32.1410        991     4.1250  0.000e+00
     22.847     5.0483   3.103165    32.1432        992     4.1292  0.000e+00
     22.733     5.0460   3.103654    32.1511        993     4.1333  0.000e+00
     22.623     5.0451   3.103715    32.1527        994     4.1375  0.000e+00
     22.529     5.0454   3.103697    32.1522        995     4.1417  0.000e+00
     22.453     5.0462   3.103340    32.1474        996     4.1458  0.000e+00
     22.389     5.0461   3.103969    32.1547        997     4.1500  0.000e+00
     22.344     5.0465   3.104065    32.1554        998     4.1542  0.000e+00
     22.299     5.0481   3.103757    32.1504        999     4.1583  0.000e+00
     22.273     5.0491   3.103322    32.1444       1000     4.1625  0.000e+00
     22.261     5.0486   3.103322    32.1450       1001     4.1667  0.000e+00
     22.250     5.0468   3.103322    32.1467       1002     4.1708  0.000e+00
     22.248     5.0455   3.103654    32.1517       1003     4.1750  0.000e+00
     22.254     5.0454   3.103818    32.1537       1004     4.1792  0.000e+00
     22.242     5.0464   3.103926    32.1540       1005     4.1833  0.000e+00
     22.230     5.0476   3.103811    32.1515       1006     4.1875  0.000e+00
     22.203     5.0486   3.103654    32.1488       1007     4.1917  0.000e+00
     22.162     5.0484   3.103515    32.1474       1008     4.1958  0.000e+00
     22.103     5.0480   3.104543    32.1596       1009     4.2000  0.000e+00
     22.036     5.0491   3.105946    32.1746       1010     4.2042  0.000e+00
     21.970     5.0553   3.105970    32.1690       1011     4.2083  0.000e+00
     21.901     5.0631   3.105867    32.1603       1012     4.2125  0.000e+00
     21.827     5.0693   3.105734    32.1529       1013     4.2167  0.000e+00
     21.760     5.0728   3.105770    32.1500       1014     4.2208  0.000e+00
     21.695     5.0746   3.105928    32.1500       1015     4.2250  0.000e+00
     21.635     5.0761   3.105909    32.1484       1016     4.2292  0.000e+00
     21.579     5.0772   3.105988    32.1483       1017     4.2333  0.000e+00
     21.526     5.0782   3.106085    32.1484       1018     4.2375  0.000e+00
     21.474     5.0791   3.106182    32.1487       1019     4.2417  0.000e+00
     21.420     5.0802   3.106678    32.1534       1020     4.2458  0.000e+00
     21.349     5.0822   3.106538    32.1498       1021     4.2500  0.000e+00
     21.266     5.0843   3.106538    32.1479       1022     4.2542  0.000e+00
     21.163     5.0855   3.106810    32.1499       1023     4.2583  0.000e+00
     21.060     5.0872   3.106714    32.1472       1024     4.2625  0.000e+00
     20.942     5.0884   3.106653    32.1454       1025     4.2667  0.000e+00
     20.832     5.0891   3.106695    32.1453       1026     4.2708  0.000e+00
     20.723     5.0894   3.106750    32.1456       1027     4.2750  0.000e+00
     20.627     5.0899   3.106635    32.1439       1028     4.2792  0.000e+00
     20.546     5.0899   3.106399    32.1412       1029     4.2833  0.000e+00
     20.484     5.0892   3.106205    32.1398       1030     4.2875  0.000e+00
     20.455     5.0879   3.106465    32.1439       1031     4.2917  0.000e+00
     20.437     5.0874   3.106592    32.1459       1032     4.2958  0.000e+00
     20.450     5.0876   3.106556    32.1453       1033     4.3000  0.000e+00
     20.482     5.0876   3.106617    32.1460       1034     4.3042  0.000e+00
     20.526     5.0881   3.106338    32.1423       1035     4.3083  0.000e+00
