HB2502/sbe094.cnv
* Sea-Bird SBE 19plus V2 Data File:
* FileName = C:\cruise\data\sbe094.hex
* Software Version Seasave V 7.26.7.121
* Temperature SN = 6128
* Conductivity SN = 6128
* System UpLoad Time = Apr 16 2025 00:03:13
* NMEA Latitude = 42 02.55 N
* NMEA Longitude = 068 54.80 W
* NMEA UTC (Time) = Apr 16 2025  00:02:29
** Ship: Henry Bigelow
** Cruise:  HB2502
** Program:  Spring Bottom Trawl
# nquan = 7
# nvalues = 2319                                  
# units = specified
# name 0 = depSM: Depth [salt water, m]
# name 1 = tv290C: Temperature [ITS-90, deg C]
# name 2 = c0S/m: Conductivity [S/m]
# name 3 = sal00: Salinity, Practical [PSU]
# name 4 = scan: Scan Count
# name 5 = timeM: Time, Elapsed [minutes]
# name 6 = flag:  0.000e+00
# span 0 =      0.007,    126.345                 
# span 1 =     5.5639,     6.5883                 
# span 2 =   0.281432,   3.301843                 
# span 3 =     2.3540,    33.0512                 
# span 4 =         11,       2329                 
# span 5 =     0.0417,     9.7000                 
# span 6 = 0.0000e+00, 0.0000e+00                 
# interval = seconds: 0.25
# start_time = Apr 16 2025 00:02:29 [NMEA time, header]
# bad_flag = -9.990e-29
*END*
[from data line 2052]
     46.468     5.7214   3.223074    32.8427       2063     8.5917  0.000e+00
     46.238     5.7215   3.223092    32.8429       2064     8.5958  0.000e+00
     46.014     5.7216   3.223073    32.8427       2065     8.6000  0.000e+00
     45.800     5.7216   3.223055    32.8426       2066     8.6042  0.000e+00
     45.592     5.7217   3.223073    32.8428       2067     8.6083  0.000e+00
     45.391     5.7218   3.223073    32.8429       2068     8.6125  0.000e+00
     45.203     5.7222   3.223110    32.8430       2069     8.6167  0.000e+00
     45.015     5.7224   3.223110    32.8429       2070     8.6208  0.000e+00
     44.843     5.7227   3.223153    32.8432       2071     8.6250  0.000e+00
     44.673     5.7228   3.223134    32.8429       2072     8.6292  0.000e+00
     44.505     5.7230   3.223153    32.8431       2073     8.6333  0.000e+00
     44.339     5.7232   3.223134    32.8427       2074     8.6375  0.000e+00
     44.167     5.7233   3.223171    32.8431       2075     8.6417  0.000e+00
     43.998     5.7235   3.223134    32.8426       2076     8.6458  0.000e+00
     43.815     5.7235   3.223134    32.8427       2077     8.6500  0.000e+00
     43.623     5.7236   3.223214    32.8435       2078     8.6542  0.000e+00
     43.429     5.7238   3.223152    32.8428       2079     8.6583  0.000e+00
     43.223     5.7240   3.223134    32.8425       2080     8.6625  0.000e+00
     43.013     5.7240   3.223195    32.8433       2081     8.6667  0.000e+00
     42.804     5.7242   3.223171    32.8429       2082     8.6708  0.000e+00
     42.586     5.7243   3.223134    32.8425       2083     8.6750  0.000e+00
     42.367     5.7244   3.223152    32.8427       2084     8.6792  0.000e+00
     42.150     5.7244   3.223134    32.8426       2085     8.6833  0.000e+00
     41.940     5.7243   3.223133    32.8428       2086     8.6875  0.000e+00
     41.735     5.7243   3.223152    32.8431       2087     8.6917  0.000e+00
     41.535     5.7245   3.223152    32.8430       2088     8.6958  0.000e+00
     41.335     5.7246   3.223152    32.8431       2089     8.7000  0.000e+00
     41.144     5.7247   3.223213    32.8437       2090     8.7042  0.000e+00
     40.948     5.7249   3.223256    32.8441       2091     8.7083  0.000e+00
     40.760     5.7253   3.223256    32.8438       2092     8.7125  0.000e+00
     40.568     5.7256   3.223237    32.8434       2093     8.7167  0.000e+00
     40.369     5.7260   3.223207    32.8428       2094     8.7208  0.000e+00
     40.163     5.7261   3.223237    32.8431       2095     8.7250  0.000e+00
     39.955     5.7262   3.223237    32.8431       2096     8.7292  0.000e+00
     39.743     5.7264   3.223255    32.8432       2097     8.7333  0.000e+00
     39.535     5.7266   3.223274    32.8434       2098     8.7375  0.000e+00
     39.320     5.7269   3.223360    32.8442       2099     8.7417  0.000e+00
     39.105     5.7274   3.223378    32.8440       2100     8.7458  0.000e+00
     38.904     5.7277   3.223317    32.8431       2101     8.7500  0.000e+00
     38.699     5.7281   3.223335    32.8430       2102     8.7542  0.000e+00
     38.506     5.7282   3.223396    32.8437       2103     8.7583  0.000e+00
     38.315     5.7285   3.223464    32.8443       2104     8.7625  0.000e+00
     38.129     5.7287   3.223519    32.8448       2105     8.7667  0.000e+00
     37.954     5.7294   3.223580    32.8449       2106     8.7708  0.000e+00
     37.773     5.7301   3.223519    32.8436       2107     8.7750  0.000e+00
     37.596     5.7306   3.223519    32.8432       2108     8.7792  0.000e+00
     37.415     5.7309   3.223623    32.8442       2109     8.7833  0.000e+00
     37.230     5.7312   3.223604    32.8437       2110     8.7875  0.000e+00
     37.051     5.7317   3.223702    32.8444       2111     8.7917  0.000e+00
     36.868     5.7322   3.223745    32.8446       2112     8.7958  0.000e+00
     36.678     5.7329   3.223831    32.8450       2113     8.8000  0.000e+00
     36.481     5.7334   3.223886    32.8451       2114     8.8042  0.000e+00
     36.291     5.7342   3.223886    32.8445       2115     8.8083  0.000e+00
     36.097     5.7348   3.223868    32.8438       2116     8.8125  0.000e+00
     35.898     5.7353   3.223849    32.8432       2117     8.8167  0.000e+00
     35.701     5.7356   3.223825    32.8428       2118     8.8208  0.000e+00
     35.501     5.7355   3.223868    32.8435       2119     8.8250  0.000e+00
     35.299     5.7358   3.223929    32.8439       2120     8.8292  0.000e+00
     35.102     5.7361   3.223929    32.8437       2121     8.8333  0.000e+00
     34.896     5.7364   3.223947    32.8437       2122     8.8375  0.000e+00
     34.678     5.7369   3.224008    32.8441       2123     8.8417  0.000e+00
     34.472     5.7373   3.224051    32.8443       2124     8.8458  0.000e+00
     34.256     5.7377   3.224051    32.8440       2125     8.8500  0.000e+00
     34.046     5.7382   3.224008    32.8431       2126     8.8542  0.000e+00
     33.835     5.7383   3.223990    32.8429       2127     8.8583  0.000e+00
     33.612     5.7385   3.224008    32.8430       2128     8.8625  0.000e+00
     33.401     5.7386   3.224094    32.8440       2129     8.8667  0.000e+00
     33.196     5.7388   3.224174    32.8448       2130     8.8708  0.000e+00
     32.992     5.7394   3.224192    32.8445       2131     8.8750  0.000e+00
     32.794     5.7400   3.224198    32.8442       2132     8.8792  0.000e+00
     32.603     5.7405   3.224192    32.8436       2133     8.8833  0.000e+00
     32.417     5.7407   3.224130    32.8428       2134     8.8875  0.000e+00
     32.243     5.7410   3.224278    32.8443       2135     8.8917  0.000e+00
     32.077     5.7412   3.224376    32.8453       2136     8.8958  0.000e+00
     31.914     5.7420   3.224400    32.8448       2137     8.9000  0.000e+00
     31.740     5.7429   3.224437    32.8445       2138     8.9042  0.000e+00
     31.581     5.7436   3.224419    32.8437       2139     8.9083  0.000e+00
     31.420     5.7440   3.224480    32.8441       2140     8.9125  0.000e+00
     31.259     5.7445   3.224412    32.8430       2141     8.9167  0.000e+00
     31.089     5.7447   3.224357    32.8422       2142     8.9208  0.000e+00
     30.911     5.7445   3.224314    32.8420       2143     8.9250  0.000e+00
     30.734     5.7444   3.224314    32.8422       2144     8.9292  0.000e+00
     30.538     5.7442   3.224295    32.8423       2145     8.9333  0.000e+00
     30.337     5.7439   3.224338    32.8431       2146     8.9375  0.000e+00
     30.126     5.7440   3.224234    32.8419       2147     8.9417  0.000e+00
     29.905     5.7440   3.224216    32.8419       2148     8.9458  0.000e+00
     29.681     5.7438   3.224215    32.8422       2149     8.9500  0.000e+00
     29.448     5.7435   3.224258    32.8430       2150     8.9542  0.000e+00
     29.209     5.7437   3.224252    32.8429       2151     8.9583  0.000e+00
     28.961     5.7437   3.224277    32.8433       2152     8.9625  0.000e+00
     28.717     5.7439   3.224295    32.8435       2153     8.9667  0.000e+00
     28.483     5.7441   3.224276    32.8431       2154     8.9708  0.000e+00
     28.250     5.7443   3.224295    32.8432       2155     8.9750  0.000e+00
     28.026     5.7445   3.224233    32.8425       2156     8.9792  0.000e+00
     27.801     5.7445   3.224252    32.8429       2157     8.9833  0.000e+00
     27.597     5.7446   3.224233    32.8427       2158     8.9875  0.000e+00
     27.396     5.7447   3.224258    32.8429       2159     8.9917  0.000e+00
     27.210     5.7447   3.224215    32.8425       2160     8.9958  0.000e+00
     27.031     5.7447   3.224172    32.8421       2161     9.0000  0.000e+00
     26.861     5.7446   3.224215    32.8428       2162     9.0042  0.000e+00
     26.698     5.7447   3.224190    32.8425       2163     9.0083  0.000e+00
     26.544     5.7448   3.224214    32.8428       2164     9.0125  0.000e+00
     26.376     5.7447   3.224190    32.8426       2165     9.0167  0.000e+00
     26.218     5.7448   3.224276    32.8436       2166     9.0208  0.000e+00
     26.050     5.7451   3.224233    32.8429       2167     9.0250  0.000e+00
     25.875     5.7453   3.224294    32.8435       2168     9.0292  0.000e+00
     25.699     5.7456   3.224337    32.8438       2169     9.0333  0.000e+00
     25.520     5.7461   3.224276    32.8427       2170     9.0375  0.000e+00
     25.331     5.7461   3.224312    32.8432       2171     9.0417  0.000e+00
     25.138     5.7463   3.224275    32.8427       2172     9.0458  0.000e+00
     24.947     5.7465   3.224275    32.8426       2173     9.0500  0.000e+00
     24.760     5.7464   3.224232    32.8423       2174     9.0542  0.000e+00
     24.565     5.7465   3.224232    32.8423       2175     9.0583  0.000e+00
     24.375     5.7462   3.224189    32.8422       2176     9.0625  0.000e+00
     24.176     5.7463   3.224257    32.8429       2177     9.0667  0.000e+00
     23.982     5.7462   3.224232    32.8429       2178     9.0708  0.000e+00
     23.796     5.7463   3.224398    32.8447       2179     9.0750  0.000e+00
     23.602     5.7466   3.224477    32.8454       2180     9.0792  0.000e+00
     23.407     5.7475   3.224741    32.8476       2181     9.0833  0.000e+00
     23.200     5.7487   3.224723    32.8463       2182     9.0875  0.000e+00
     23.000     5.7502   3.224802    32.8459       2183     9.0917  0.000e+00
     22.797     5.7512   3.224723    32.8441       2184     9.0958  0.000e+00
     22.593     5.7521   3.224765    32.8438       2185     9.1000  0.000e+00
     22.379     5.7524   3.224907    32.8452       2186     9.1042  0.000e+00
     22.162     5.7530   3.224876    32.8444       2187     9.1083  0.000e+00
     21.957     5.7536   3.224888    32.8441       2188     9.1125  0.000e+00
     21.744     5.7542   3.224925    32.8440       2189     9.1167  0.000e+00
     21.538     5.7546   3.225231    32.8472       2190     9.1208  0.000e+00
     21.324     5.7557   3.225354    32.8476       2191     9.1250  0.000e+00
     21.112     5.7571   3.225440    32.8473       2192     9.1292  0.000e+00
     20.899     5.7586   3.225415    32.8457       2193     9.1333  0.000e+00
     20.698     5.7598   3.225624    32.8470       2194     9.1375  0.000e+00
     20.487     5.7609   3.225845    32.8485       2195     9.1417  0.000e+00
     20.279     5.7627   3.225888    32.8474       2196     9.1458  0.000e+00
     20.071     5.7643   3.225826    32.8452       2197     9.1500  0.000e+00
     19.858     5.7655   3.225808    32.8439       2198     9.1542  0.000e+00
     19.658     5.7661   3.225869    32.8441       2199     9.1583  0.000e+00
     19.457     5.7667   3.225949    32.8445       2200     9.1625  0.000e+00
     19.261     5.7673   3.226035    32.8450       2201     9.1667  0.000e+00
     19.071     5.7681   3.226096    32.8450       2202     9.1708  0.000e+00
     18.884     5.7689   3.226071    32.8440       2203     9.1750  0.000e+00
     18.698     5.7696   3.226041    32.8431       2204     9.1792  0.000e+00
     18.522     5.7702   3.226071    32.8430       2205     9.1833  0.000e+00
     18.340     5.7704   3.226157    32.8438       2206     9.1875  0.000e+00
     18.165     5.7707   3.226071    32.8427       2207     9.1917  0.000e+00
     17.991     5.7710   3.227157    32.8547       2208     9.1958  0.000e+00
     17.808     5.7730   3.228262    32.8653       2209     9.2000  0.000e+00
     17.617     5.7793   3.232880    32.9114       2210     9.2042  0.000e+00
     17.428     5.7946   3.232573    32.8930       2211     9.2083  0.000e+00
     17.227     5.8137   3.229698    32.8422       2212     9.2125  0.000e+00
     17.014     5.8213   3.229839    32.8364       2213     9.2167  0.000e+00
     16.800     5.8217   3.230521    32.8439       2214     9.2208  0.000e+00
     16.568     5.8224   3.230742    32.8457       2215     9.2250  0.000e+00
     16.335     5.8242   3.231319    32.8506       2216     9.2292  0.000e+00
     16.107     5.8273   3.232695    32.8632       2217     9.2333  0.000e+00
     15.873     5.8330   3.232775    32.8587       2218     9.2375  0.000e+00
     15.646     5.8406   3.232799    32.8517       2219     9.2417  0.000e+00
     15.419     5.8459   3.233782    32.8578       2220     9.2458  0.000e+00
     15.206     5.8514   3.234654    32.8623       2221     9.2500  0.000e+00
     15.001     5.8590   3.235237    32.8616       2222     9.2542  0.000e+00
     14.815     5.8670   3.235508    32.8569       2223     9.2583  0.000e+00
     14.637     5.8742   3.235403    32.8488       2224     9.2625  0.000e+00
     14.478     5.8796   3.235403    32.8437       2225     9.2667  0.000e+00
     14.329     5.8833   3.234850    32.8339       2226     9.2708  0.000e+00
     14.186     5.8847   3.234868    32.8329       2227     9.2750  0.000e+00
     14.043     5.8840   3.235102    32.8362       2228     9.2792  0.000e+00
     13.904     5.8839   3.235360    32.8392       2229     9.2833  0.000e+00
     13.757     5.8847   3.235550    32.8407       2230     9.2875  0.000e+00
     13.593     5.8863   3.235630    32.8401       2231     9.2917  0.000e+00
     13.421     5.8880   3.235648    32.8388       2232     9.2958  0.000e+00
     13.235     5.8893   3.235550    32.8365       2233     9.3000  0.000e+00
     13.040     5.8903   3.235507    32.8351       2234     9.3042  0.000e+00
     12.826     5.8906   3.235451    32.8343       2235     9.3083  0.000e+00
     12.598     5.8906   3.235384    32.8337       2236     9.3125  0.000e+00
     12.368     5.8902   3.235402    32.8344       2237     9.3167  0.000e+00
     12.126     5.8899   3.235488    32.8357       2238     9.3208  0.000e+00
     11.889     5.8899   3.235445    32.8354       2239     9.3250  0.000e+00
     11.653     5.8899   3.235341    32.8343       2240     9.3292  0.000e+00
     11.418     5.8899   3.235525    32.8365       2241     9.3333  0.000e+00
     11.189     5.8900   3.235568    32.8370       2242     9.3375  0.000e+00
     10.959     5.8907   3.235605    32.8369       2243     9.3417  0.000e+00
     10.740     5.8912   3.235568    32.8361       2244     9.3458  0.000e+00
     10.529     5.8917   3.235568    32.8357       2245     9.3500  0.000e+00
     10.333     5.8920   3.235567    32.8355       2246     9.3542  0.000e+00
     10.149     5.8921   3.235567    32.8355       2247     9.3583  0.000e+00
      9.968     5.8923   3.235487    32.8345       2248     9.3625  0.000e+00
      9.788     5.8923   3.235506    32.8348       2249     9.3667  0.000e+00
      9.622     5.8921   3.235487    32.8348       2250     9.3708  0.000e+00
      9.452     5.8921   3.235444    32.8344       2251     9.3750  0.000e+00
      9.292     5.8920   3.235463    32.8348       2252     9.3792  0.000e+00
      9.117     5.8918   3.235444    32.8350       2253     9.3833  0.000e+00
      8.934     5.8918   3.235444    32.8351       2254     9.3875  0.000e+00
      8.747     5.8917   3.235462    32.8354       2255     9.3917  0.000e+00
      8.567     5.8917   3.235426    32.8351       2256     9.3958  0.000e+00
      8.368     5.8919   3.235413    32.8349       2257     9.4000  0.000e+00
      8.164     5.8918   3.235425    32.8352       2258     9.4042  0.000e+00
      7.951     5.8918   3.235425    32.8353       2259     9.4083  0.000e+00
      7.733     5.8918   3.235425    32.8354       2260     9.4125  0.000e+00
      7.507     5.8918   3.235425    32.8356       2261     9.4167  0.000e+00
      7.287     5.8919   3.235382    32.8350       2262     9.4208  0.000e+00
      7.071     5.8918   3.235425    32.8358       2263     9.4250  0.000e+00
      6.856     5.8920   3.235382    32.8352       2264     9.4292  0.000e+00
      6.649     5.8921   3.235394    32.8353       2265     9.4333  0.000e+00
      6.449     5.8922   3.235443    32.8359       2266     9.4375  0.000e+00
