HB2502/sbe080.cnv
* Sea-Bird SBE 19plus V2 Data File:
* FileName = C:\cruise\data\sbe080.hex
* Software Version Seasave V 7.26.7.121
* Temperature SN = 6128
* Conductivity SN = 6128
* System UpLoad Time = Apr 11 2025 12:56:29
* NMEA Latitude = 40 43.02 N
* NMEA Longitude = 068 12.97 W
* NMEA UTC (Time) = Apr 11 2025  12:55:40
** Ship: Henry Bigelow
** Cruise:  HB2502
** Program:  Spring Bottom Trawl
# nquan = 7
# nvalues = 1446                                  
# units = specified
# name 0 = depSM: Depth [salt water, m]
# name 1 = tv290C: Temperature [ITS-90, deg C]
# name 2 = c0S/m: Conductivity [S/m]
# name 3 = sal00: Salinity, Practical [PSU]
# name 4 = scan: Scan Count
# name 5 = timeM: Time, Elapsed [minutes]
# name 6 = flag:  0.000e+00
# span 0 =      0.105,     66.459                 
# span 1 =     4.8065,     6.8900                 
# span 2 =   0.004596,   3.281054                 
# span 3 =     0.0330,    33.4182                 
# span 4 =         11,       1456                 
# span 5 =     0.0417,     6.0625                 
# span 6 = 0.0000e+00, 0.0000e+00                 
# interval = seconds: 0.25
# start_time = Apr 11 2025 12:55:40 [NMEA time, header]
# bad_flag = -9.990e-29
*END*
      0.303     6.8882   0.004691     0.0337         11     0.0417  0.000e+00
      0.305     6.8879   0.004679     0.0336         12     0.0458  0.000e+00
      0.301     6.8858   0.004679     0.0336         13     0.0500  0.000e+00
      0.303     6.8853   0.004679     0.0336         14     0.0542  0.000e+00
      0.303     6.8857   0.004679     0.0336         15     0.0583  0.000e+00
      0.303     6.8862   0.004679     0.0336         16     0.0625  0.000e+00
      0.302     6.8868   0.004676     0.0336         17     0.0667  0.000e+00
      0.298     6.8874   0.004676     0.0336         18     0.0708  0.000e+00
      0.303     6.8879   0.004679     0.0336         19     0.0750  0.000e+00
      0.297     6.8879   0.004679     0.0336         20     0.0792  0.000e+00
      0.297     6.8879   0.004679     0.0336         21     0.0833  0.000e+00
      0.301     6.8889   0.004670     0.0335         22     0.0875  0.000e+00
      0.302     6.8891   0.004676     0.0336         23     0.0917  0.000e+00
      0.300     6.8892   0.004676     0.0336         24     0.0958  0.000e+00
      0.298     6.8900   0.004670     0.0335         25     0.1000  0.000e+00
      0.302     6.8897   0.004670     0.0335         26     0.1042  0.000e+00
      0.299     6.8886   0.004676     0.0336         27     0.1083  0.000e+00
      0.297     6.8877   0.004670     0.0335         28     0.1125  0.000e+00
      0.296     6.8881   0.004670     0.0335         29     0.1167  0.000e+00
      0.295     6.8889   0.004670     0.0335         30     0.1208  0.000e+00
      0.295     6.8895   0.004670     0.0335         31     0.1250  0.000e+00
      0.292     6.8884   0.004670     0.0335         32     0.1292  0.000e+00
      0.293     6.8855   0.004670     0.0335         33     0.1333  0.000e+00
      0.297     6.8849   0.004664     0.0335         34     0.1375  0.000e+00
      0.296     6.8860   0.004659     0.0335         35     0.1417  0.000e+00
      0.292     6.8866   0.004670     0.0335         36     0.1458  0.000e+00
      0.292     6.8873   0.004664     0.0335         37     0.1500  0.000e+00
      0.294     6.8859   0.004664     0.0335         38     0.1542  0.000e+00
      0.290     6.8818   0.004664     0.0335         39     0.1583  0.000e+00
      0.288     6.8805   0.004664     0.0335         40     0.1625  0.000e+00
      0.277     6.8805   0.004664     0.0335         41     0.1667  0.000e+00
      0.296     6.8818   0.004670     0.0335         42     0.1708  0.000e+00
      0.291     6.8821   0.004664     0.0335         43     0.1750  0.000e+00
      0.292     6.8772   0.004659     0.0335         44     0.1792  0.000e+00
      0.291     6.8710   0.004659     0.0335         45     0.1833  0.000e+00
      0.291     6.8693   0.004664     0.0335         46     0.1875  0.000e+00
      0.295     6.8700   0.004659     0.0335         47     0.1917  0.000e+00
      0.294     6.8712   0.004659     0.0335         48     0.1958  0.000e+00
      0.292     6.8705   0.004659     0.0335         49     0.2000  0.000e+00
      0.288     6.8643   0.004659     0.0335         50     0.2042  0.000e+00
      0.285     6.8605   0.004659     0.0335         51     0.2083  0.000e+00
      0.288     6.8605   0.004653     0.0334         52     0.2125  0.000e+00
      0.285     6.8619   0.004664     0.0335         53     0.2167  0.000e+00
      0.285     6.8630   0.004659     0.0335         54     0.2208  0.000e+00
      0.283     6.8631   0.004659     0.0335         55     0.2250  0.000e+00
      0.286     6.8604   0.004653     0.0334         56     0.2292  0.000e+00
      0.284     6.8585   0.004656     0.0334         57     0.2333  0.000e+00
      0.286     6.8590   0.004659     0.0335         58     0.2375  0.000e+00
      0.285     6.8603   0.004653     0.0334         59     0.2417  0.000e+00
      0.279     6.8614   0.004656     0.0334         60     0.2458  0.000e+00
      0.284     6.8592   0.004659     0.0335         61     0.2500  0.000e+00
      0.282     6.8541   0.004653     0.0334         62     0.2542  0.000e+00
      0.287     6.8525   0.004656     0.0335         63     0.2583  0.000e+00
      0.284     6.8534   0.004647     0.0334         64     0.2625  0.000e+00
      0.285     6.8547   0.004647     0.0334         65     0.2667  0.000e+00
      0.288     6.8559   0.004650     0.0334         66     0.2708  0.000e+00
      0.291     6.8571   0.004647     0.0334         67     0.2750  0.000e+00
      0.288     6.8559   0.004647     0.0334         68     0.2792  0.000e+00
      0.284     6.8522   0.004641     0.0333         69     0.2833  0.000e+00
      0.288     6.8504   0.004641     0.0333         70     0.2875  0.000e+00
      0.286     6.8511   0.004647     0.0334         71     0.2917  0.000e+00
      0.290     6.8521   0.004647     0.0334         72     0.2958  0.000e+00
      0.287     6.8511   0.004641     0.0333         73     0.3000  0.000e+00
      0.287     6.8471   0.004641     0.0333         74     0.3042  0.000e+00
      0.283     6.8454   0.004629     0.0333         75     0.3083  0.000e+00
      0.285     6.8458   0.004629     0.0333         76     0.3125  0.000e+00
      0.285     6.8473   0.004623     0.0332         77     0.3167  0.000e+00
      0.284     6.8474   0.004635     0.0333         78     0.3208  0.000e+00
      0.284     6.8440   0.004641     0.0334         79     0.3250  0.000e+00
      0.285     6.8431   0.004641     0.0334         80     0.3292  0.000e+00
      0.283     6.8438   0.004635     0.0333         81     0.3333  0.000e+00
      0.287     6.8448   0.004635     0.0333         82     0.3375  0.000e+00
      0.285     6.8458   0.004635     0.0333         83     0.3417  0.000e+00
      0.284     6.8468   0.004641     0.0333         84     0.3458  0.000e+00
      0.290     6.8476   0.004641     0.0333         85     0.3500  0.000e+00
      0.282     6.8480   0.004635     0.0333         86     0.3542  0.000e+00
      0.280     6.8473   0.004635     0.0333         87     0.3583  0.000e+00
      0.284     6.8481   0.004629     0.0333         88     0.3625  0.000e+00
      0.282     6.8497   0.004629     0.0333         89     0.3667  0.000e+00
      0.278     6.8500   0.004629     0.0333         90     0.3708  0.000e+00
      0.282     6.8445   0.004629     0.0333         91     0.3750  0.000e+00
      0.280     6.8386   0.004629     0.0333         92     0.3792  0.000e+00
      0.277     6.8377   0.004629     0.0333         93     0.3833  0.000e+00
      0.281     6.8391   0.004629     0.0333         94     0.3875  0.000e+00
      0.281     6.8403   0.004629     0.0333         95     0.3917  0.000e+00
      0.282     6.8383   0.004629     0.0333         96     0.3958  0.000e+00
      0.278     6.8327   0.004626     0.0333         97     0.4000  0.000e+00
      0.282     6.8304   0.004623     0.0332         98     0.4042  0.000e+00
      0.280     6.8301   0.004623     0.0332         99     0.4083  0.000e+00
      0.276     6.8316   0.004629     0.0333        100     0.4125  0.000e+00
      0.279     6.8332   0.004620     0.0332        101     0.4167  0.000e+00
      0.279     6.8347   0.004620     0.0332        102     0.4208  0.000e+00
      0.278     6.8353   0.004626     0.0332        103     0.4250  0.000e+00
      0.282     6.8337   0.004620     0.0332        104     0.4292  0.000e+00
      0.280     6.8331   0.004623     0.0332        105     0.4333  0.000e+00
      0.277     6.8338   0.004614     0.0332        106     0.4375  0.000e+00
      0.282     6.8357   0.004620     0.0332        107     0.4417  0.000e+00
      0.277     6.8367   0.004620     0.0332        108     0.4458  0.000e+00
      0.276     6.8334   0.004614     0.0332        109     0.4500  0.000e+00
      0.265     6.8271   0.004614     0.0332        110     0.4542  0.000e+00
      0.274     6.8256   0.004614     0.0332        111     0.4583  0.000e+00
      0.277     6.8265   0.004620     0.0332        112     0.4625  0.000e+00
      0.275     6.8277   0.004620     0.0332        113     0.4667  0.000e+00
      0.274     6.8262   0.004614     0.0332        114     0.4708  0.000e+00
      0.270     6.8216   0.004611     0.0332        115     0.4750  0.000e+00
      0.272     6.8201   0.004614     0.0332        116     0.4792  0.000e+00
      0.274     6.8211   0.004614     0.0332        117     0.4833  0.000e+00
      0.280     6.8224   0.004611     0.0332        118     0.4875  0.000e+00
      0.279     6.8224   0.004608     0.0331        119     0.4917  0.000e+00
      0.270     6.8188   0.004614     0.0332        120     0.4958  0.000e+00
      0.273     6.8173   0.004614     0.0332        121     0.5000  0.000e+00
      0.277     6.8189   0.004614     0.0332        122     0.5042  0.000e+00
      0.279     6.8209   0.004614     0.0332        123     0.5083  0.000e+00
      0.279     6.8200   0.004605     0.0331        124     0.5125  0.000e+00
      0.278     6.8160   0.004608     0.0331        125     0.5167  0.000e+00
      0.278     6.8133   0.004602     0.0331        126     0.5208  0.000e+00
      0.285     6.8135   0.004605     0.0331        127     0.5250  0.000e+00
      0.288     6.8151   0.004614     0.0332        128     0.5292  0.000e+00
      0.286     6.8172   0.004608     0.0331        129     0.5333  0.000e+00
      0.277     6.8163   0.004599     0.0331        130     0.5375  0.000e+00
      0.277     6.8147   0.004602     0.0331        131     0.5417  0.000e+00
      0.282     6.8150   0.004596     0.0330        132     0.5458  0.000e+00
      0.346     6.8161   0.004605     0.0331        133     0.5500  0.000e+00
      0.583     6.8181   1.986041    18.6972        134     0.5542  0.000e+00
      0.786     6.7597   3.235494    32.0127        135     0.5583  0.000e+00
      0.909     6.4894   3.245770    32.3802        136     0.5625  0.000e+00
      0.987     6.1499   3.145381    31.5865        137     0.5667  0.000e+00
      1.028     5.8925   3.147249    31.8484        138     0.5708  0.000e+00
      1.055     5.7043   3.153235    32.0940        139     0.5750  0.000e+00
      1.077     5.5629   3.106037    31.6958        140     0.5792  0.000e+00
      1.106     5.4692   3.127023    32.0220        141     0.5833  0.000e+00
      1.163     5.4143   3.157011    32.4151        142     0.5875  0.000e+00
      1.245     5.4148   3.219830    33.1297        143     0.5917  0.000e+00
      1.366     5.4641   2.667291    26.8741        144     0.5958  0.000e+00
      1.538     5.5363   2.803740    28.3303        145     0.6000  0.000e+00
      1.760     5.6675   3.257846    33.3115        146     0.6042  0.000e+00
      2.002     5.8248   3.281054    33.4182        147     0.6083  0.000e+00
      2.233     5.9461   3.275340    33.2341        148     0.6125  0.000e+00
      2.455     6.0357   3.266602    33.0480        149     0.6167  0.000e+00
      2.706     6.0887   3.263937    32.9664        150     0.6208  0.000e+00
      2.968     6.1207   3.256412    32.8510        151     0.6250  0.000e+00
      3.225     6.1403   3.238174    32.6282        152     0.6292  0.000e+00
      3.477     6.1070   3.199769    32.2313        153     0.6333  0.000e+00
      3.683     5.9665   3.168456    32.0147        154     0.6375  0.000e+00
      3.893     5.7948   3.177599    32.2805        155     0.6417  0.000e+00
      4.144     5.6530   3.217707    32.8700        156     0.6458  0.000e+00
      4.381     5.5462   3.213791    32.9300        157     0.6500  0.000e+00
      4.578     5.4706   3.184660    32.6729        158     0.6542  0.000e+00
      4.746     5.4163   3.171754    32.5790        159     0.6583  0.000e+00
      4.895     5.3685   3.156209    32.4484        160     0.6625  0.000e+00
      5.024     5.3213   3.150309    32.4269        161     0.6667  0.000e+00
      5.147     5.2825   3.149190    32.4517        162     0.6708  0.000e+00
      5.281     5.2540   3.149513    32.4830        163     0.6750  0.000e+00
      5.404     5.2316   3.150687    32.5181        164     0.6792  0.000e+00
      5.530     5.2143   3.153102    32.5625        165     0.6833  0.000e+00
      5.671     5.2023   3.165199    32.7125        166     0.6875  0.000e+00
      5.816     5.2002   3.179821    32.8819        167     0.6917  0.000e+00
      5.970     5.2040   3.189629    32.9904        168     0.6958  0.000e+00
      6.149     5.2046   3.207681    33.1967        169     0.7000  0.000e+00
      6.339     5.2191   3.220465    33.3286        170     0.7042  0.000e+00
      6.547     5.2609   3.228553    33.3795        171     0.7083  0.000e+00
      6.766     5.3211   3.230849    33.3457        172     0.7125  0.000e+00
      6.992     5.3838   3.227238    33.2419        173     0.7167  0.000e+00
      7.220     5.4481   3.219145    33.0859        174     0.7208  0.000e+00
      7.448     5.4970   3.210043    32.9341        175     0.7250  0.000e+00
      7.661     5.5229   3.202371    32.8215        176     0.7292  0.000e+00
      7.857     5.5329   3.189712    32.6680        177     0.7333  0.000e+00
      8.038     5.5233   3.177988    32.5443        178     0.7375  0.000e+00
      8.204     5.4896   3.169066    32.4756        179     0.7417  0.000e+00
      8.354     5.4392   3.159612    32.4170        180     0.7458  0.000e+00
      8.495     5.3862   3.153119    32.3944        181     0.7500  0.000e+00
      8.635     5.3360   3.150693    32.4152        182     0.7542  0.000e+00
      8.782     5.2954   3.152281    32.4726        183     0.7583  0.000e+00
      8.939     5.2672   3.158512    32.5710        184     0.7625  0.000e+00
      9.106     5.2535   3.169770    32.7129        185     0.7667  0.000e+00
      9.285     5.2499   3.179663    32.8295        186     0.7708  0.000e+00
      9.477     5.2456   3.185812    32.9039        187     0.7750  0.000e+00
      9.671     5.2387   3.188842    32.9453        188     0.7792  0.000e+00
      9.874     5.2310   3.189874    32.9645        189     0.7833  0.000e+00
     10.073     5.2248   3.188885    32.9593        190     0.7875  0.000e+00
     10.277     5.2214   3.186582    32.9362        191     0.7917  0.000e+00
     10.492     5.2209   3.178779    32.8472        192     0.7958  0.000e+00
     10.700     5.2213   3.167022    32.7123        193     0.8000  0.000e+00
     10.898     5.2203   3.161893    32.6544        194     0.8042  0.000e+00
     11.095     5.2140   3.153000    32.5588        195     0.8083  0.000e+00
     11.275     5.2006   3.144913    32.4793        196     0.8125  0.000e+00
     11.434     5.1854   3.140065    32.4386        197     0.8167  0.000e+00
     11.579     5.1713   3.136015    32.4059        198     0.8208  0.000e+00
     11.703     5.1592   3.133818    32.3924        199     0.8250  0.000e+00
     11.830     5.1501   3.133715    32.4001        200     0.8292  0.000e+00
     11.962     5.1437   3.136173    32.4343        201     0.8333  0.000e+00
     12.096     5.1412   3.148537    32.5783        202     0.8375  0.000e+00
     12.253     5.1468   3.167663    32.7918        203     0.8417  0.000e+00
     12.411     5.1522   3.175839    32.8802        204     0.8458  0.000e+00
     12.588     5.1499   3.182669    32.9607        205     0.8500  0.000e+00
     12.772     5.1652   3.190182    33.0316        206     0.8542  0.000e+00
     12.964     5.1979   3.193953    33.0424        207     0.8583  0.000e+00
     13.158     5.2195   3.193176    33.0121        208     0.8625  0.000e+00
     13.370     5.2309   3.188079    32.9424        209     0.8667  0.000e+00
     13.577     5.2367   3.181056    32.8562        210     0.8708  0.000e+00
     13.795     5.2365   3.175314    32.7906        211     0.8750  0.000e+00
     14.021     5.2318   3.171235    32.7484        212     0.8792  0.000e+00
     14.238     5.2276   3.164976    32.6809        213     0.8833  0.000e+00
     14.456     5.2280   3.158496    32.6063        214     0.8875  0.000e+00
     14.666     5.2239   3.153463    32.5527        215     0.8917  0.000e+00
