HB2502/sbe061.cnv
* Sea-Bird SBE 19plus V2 Data File:
* FileName = C:\cruise\data\sbe061.hex
* Software Version Seasave V 7.26.7.121
* Temperature SN = 6128
* Conductivity SN = 6128
* System UpLoad Time = Apr 05 2025 16:48:24
* NMEA Latitude = 40 15.14 N
* NMEA Longitude = 070 56.54 W
* NMEA UTC (Time) = Apr 05 2025  16:47:31
** Ship: Henry Bigelow
** Cruise:  HB2502
** Program:  Spring Bottom Trawl
# nquan = 7
# nvalues = 2878                                  
# units = specified
# name 0 = depSM: Depth [salt water, m]
# name 1 = tv290C: Temperature [ITS-90, deg C]
# name 2 = c0S/m: Conductivity [S/m]
# name 3 = sal00: Salinity, Practical [PSU]
# name 4 = scan: Scan Count
# name 5 = timeM: Time, Elapsed [minutes]
# name 6 = flag:  0.000e+00
# span 0 =      0.071,    116.812                 
# span 1 =     5.4326,     8.6382                 
# span 2 =   0.003234,   3.596857                 
# span 3 =     0.0234,    34.2988                 
# span 4 =         11,       2888                 
# span 5 =     0.0417,    12.0292                 
# span 6 = 0.0000e+00, 0.0000e+00                 
# interval = seconds: 0.25
# start_time = Apr 05 2025 16:47:31 [NMEA time, header]
# bad_flag = -9.990e-29
*END*
[from data line 2052]
     40.633     6.0174   3.226837    32.6013       2063     8.5917  0.000e+00
     40.486     6.0178   3.226824    32.6008       2064     8.5958  0.000e+00
     40.348     6.0178   3.226812    32.6007       2065     8.6000  0.000e+00
     40.213     6.0178   3.226775    32.6004       2066     8.6042  0.000e+00
     40.106     6.0177   3.226750    32.6002       2067     8.6083  0.000e+00
     40.015     6.0177   3.226750    32.6003       2068     8.6125  0.000e+00
     39.945     6.0175   3.226775    32.6008       2069     8.6167  0.000e+00
     39.910     6.0176   3.226775    32.6007       2070     8.6208  0.000e+00
     39.894     6.0175   3.226775    32.6009       2071     8.6250  0.000e+00
     39.896     6.0175   3.226775    32.6008       2072     8.6292  0.000e+00
     39.908     6.0177   3.226763    32.6005       2073     8.6333  0.000e+00
     39.939     6.0178   3.226775    32.6005       2074     8.6375  0.000e+00
     39.968     6.0176   3.226775    32.6007       2075     8.6417  0.000e+00
     40.002     6.0177   3.226793    32.6008       2076     8.6458  0.000e+00
     40.035     6.0178   3.226836    32.6012       2077     8.6500  0.000e+00
     40.058     6.0179   3.226812    32.6008       2078     8.6542  0.000e+00
     40.069     6.0180   3.226812    32.6007       2079     8.6583  0.000e+00
     40.074     6.0180   3.226812    32.6007       2080     8.6625  0.000e+00
     40.071     6.0180   3.226855    32.6011       2081     8.6667  0.000e+00
     40.042     6.0182   3.226824    32.6006       2082     8.6708  0.000e+00
     39.992     6.0183   3.226836    32.6007       2083     8.6750  0.000e+00
     39.943     6.0183   3.226855    32.6009       2084     8.6792  0.000e+00
     39.874     6.0186   3.226873    32.6009       2085     8.6833  0.000e+00
     39.807     6.0188   3.226873    32.6007       2086     8.6875  0.000e+00
     39.715     6.0191   3.226873    32.6005       2087     8.6917  0.000e+00
     39.630     6.0194   3.226836    32.5998       2088     8.6958  0.000e+00
     39.546     6.0193   3.226812    32.5996       2089     8.7000  0.000e+00
     39.457     6.0195   3.226762    32.5990       2090     8.7042  0.000e+00
     39.365     6.0193   3.226775    32.5993       2091     8.7083  0.000e+00
     39.288     6.0193   3.226775    32.5994       2092     8.7125  0.000e+00
     39.210     6.0192   3.226812    32.5999       2093     8.7167  0.000e+00
     39.153     6.0191   3.226775    32.5996       2094     8.7208  0.000e+00
     39.091     6.0191   3.226775    32.5997       2095     8.7250  0.000e+00
     39.049     6.0192   3.226793    32.5998       2096     8.7292  0.000e+00
     39.016     6.0192   3.226793    32.5999       2097     8.7333  0.000e+00
     38.987     6.0192   3.226775    32.5997       2098     8.7375  0.000e+00
     38.966     6.0193   3.226787    32.5997       2099     8.7417  0.000e+00
     38.940     6.0194   3.226750    32.5992       2100     8.7458  0.000e+00
     38.918     6.0193   3.226775    32.5995       2101     8.7500  0.000e+00
     38.888     6.0192   3.226750    32.5994       2102     8.7542  0.000e+00
     38.858     6.0191   3.226732    32.5993       2103     8.7583  0.000e+00
     38.823     6.0192   3.226750    32.5994       2104     8.7625  0.000e+00
     38.778     6.0192   3.226713    32.5991       2105     8.7667  0.000e+00
     38.729     6.0189   3.226670    32.5988       2106     8.7708  0.000e+00
     38.682     6.0189   3.226750    32.5998       2107     8.7750  0.000e+00
     38.632     6.0189   3.226762    32.5999       2108     8.7792  0.000e+00
     38.574     6.0191   3.226775    32.5999       2109     8.7833  0.000e+00
     38.522     6.0192   3.226774    32.5998       2110     8.7875  0.000e+00
     38.470     6.0192   3.226774    32.5999       2111     8.7917  0.000e+00
     38.422     6.0193   3.226774    32.5998       2112     8.7958  0.000e+00
     38.378     6.0195   3.226750    32.5994       2113     8.8000  0.000e+00
     38.349     6.0196   3.226750    32.5993       2114     8.8042  0.000e+00
     38.314     6.0194   3.226750    32.5995       2115     8.8083  0.000e+00
     38.283     6.0195   3.226688    32.5987       2116     8.8125  0.000e+00
     38.258     6.0193   3.226707    32.5991       2117     8.8167  0.000e+00
     38.223     6.0191   3.226670    32.5990       2118     8.8208  0.000e+00
     38.189     6.0189   3.226652    32.5989       2119     8.8250  0.000e+00
     38.156     6.0188   3.226652    32.5991       2120     8.8292  0.000e+00
     38.115     6.0187   3.226670    32.5994       2121     8.8333  0.000e+00
     38.069     6.0186   3.226688    32.5997       2122     8.8375  0.000e+00
     38.017     6.0188   3.226731    32.6000       2123     8.8417  0.000e+00
     37.964     6.0191   3.226688    32.5993       2124     8.8458  0.000e+00
     37.910     6.0191   3.226707    32.5995       2125     8.8500  0.000e+00
     37.841     6.0191   3.226731    32.5999       2126     8.8542  0.000e+00
     37.785     6.0191   3.226688    32.5994       2127     8.8583  0.000e+00
     37.713     6.0191   3.226713    32.5997       2128     8.8625  0.000e+00
     37.644     6.0192   3.226688    32.5994       2129     8.8667  0.000e+00
     37.578     6.0192   3.226651    32.5990       2130     8.8708  0.000e+00
     37.516     6.0193   3.226670    32.5991       2131     8.8750  0.000e+00
     37.444     6.0191   3.226627    32.5988       2132     8.8792  0.000e+00
     37.387     6.0191   3.226651    32.5991       2133     8.8833  0.000e+00
     37.339     6.0189   3.226688    32.5997       2134     8.8875  0.000e+00
     37.300     6.0190   3.226670    32.5995       2135     8.8917  0.000e+00
     37.268     6.0191   3.226670    32.5994       2136     8.8958  0.000e+00
     37.250     6.0193   3.226670    32.5992       2137     8.9000  0.000e+00
     37.230     6.0194   3.226651    32.5989       2138     8.9042  0.000e+00
     37.212     6.0193   3.226670    32.5993       2139     8.9083  0.000e+00
     37.196     6.0192   3.226670    32.5994       2140     8.9125  0.000e+00
     37.183     6.0191   3.226651    32.5992       2141     8.9167  0.000e+00
     37.168     6.0193   3.226670    32.5993       2142     8.9208  0.000e+00
     37.146     6.0192   3.226645    32.5991       2143     8.9250  0.000e+00
     37.123     6.0191   3.226670    32.5995       2144     8.9292  0.000e+00
     37.095     6.0191   3.226651    32.5993       2145     8.9333  0.000e+00
     37.061     6.0192   3.226627    32.5990       2146     8.9375  0.000e+00
     37.016     6.0192   3.226651    32.5993       2147     8.9417  0.000e+00
     36.966     6.0192   3.226627    32.5990       2148     8.9458  0.000e+00
     36.911     6.0191   3.226608    32.5989       2149     8.9500  0.000e+00
     36.858     6.0191   3.226608    32.5990       2150     8.9542  0.000e+00
     36.800     6.0191   3.226608    32.5989       2151     8.9583  0.000e+00
     36.758     6.0191   3.226627    32.5992       2152     8.9625  0.000e+00
     36.714     6.0191   3.226608    32.5990       2153     8.9667  0.000e+00
     36.668     6.0190   3.226565    32.5986       2154     8.9708  0.000e+00
     36.630     6.0189   3.226547    32.5985       2155     8.9750  0.000e+00
     36.590     6.0187   3.226504    32.5983       2156     8.9792  0.000e+00
     36.552     6.0184   3.226565    32.5993       2157     8.9833  0.000e+00
     36.506     6.0185   3.226608    32.5997       2158     8.9875  0.000e+00
     36.453     6.0186   3.226565    32.5992       2159     8.9917  0.000e+00
     36.393     6.0187   3.226590    32.5994       2160     8.9958  0.000e+00
     36.308     6.0187   3.226608    32.5995       2161     9.0000  0.000e+00
     36.238     6.0190   3.226626    32.5995       2162     9.0042  0.000e+00
     36.125     6.0191   3.226651    32.5997       2163     9.0083  0.000e+00
     36.031     6.0193   3.226547    32.5984       2164     9.0125  0.000e+00
     35.913     6.0192   3.226547    32.5986       2165     9.0167  0.000e+00
     35.797     6.0191   3.226565    32.5990       2166     9.0208  0.000e+00
     35.687     6.0190   3.226565    32.5991       2167     9.0250  0.000e+00
     35.605     6.0191   3.226565    32.5991       2168     9.0292  0.000e+00
     35.542     6.0190   3.226571    32.5992       2169     9.0333  0.000e+00
     35.487     6.0190   3.226565    32.5992       2170     9.0375  0.000e+00
     35.464     6.0191   3.226546    32.5989       2171     9.0417  0.000e+00
     35.459     6.0193   3.226528    32.5985       2172     9.0458  0.000e+00
     35.470     6.0193   3.226565    32.5989       2173     9.0500  0.000e+00
     35.492     6.0193   3.226565    32.5989       2174     9.0542  0.000e+00
     35.530     6.0193   3.226546    32.5987       2175     9.0583  0.000e+00
     35.581     6.0193   3.226528    32.5984       2176     9.0625  0.000e+00
     35.629     6.0192   3.226546    32.5987       2177     9.0667  0.000e+00
     35.688     6.0193   3.226571    32.5989       2178     9.0708  0.000e+00
     35.742     6.0193   3.226626    32.5995       2179     9.0750  0.000e+00
     35.797     6.0195   3.226589    32.5988       2180     9.0792  0.000e+00
     35.838     6.0196   3.226590    32.5988       2181     9.0833  0.000e+00
     35.859     6.0195   3.226608    32.5990       2182     9.0875  0.000e+00
     35.860     6.0193   3.226590    32.5990       2183     9.0917  0.000e+00
     35.830     6.0194   3.226565    32.5987       2184     9.0958  0.000e+00
     35.781     6.0194   3.226528    32.5983       2185     9.1000  0.000e+00
     35.712     6.0191   3.226510    32.5984       2186     9.1042  0.000e+00
     35.622     6.0191   3.226528    32.5987       2187     9.1083  0.000e+00
     35.493     6.0188   3.226608    32.5998       2188     9.1125  0.000e+00
     35.341     6.0192   3.226626    32.5998       2189     9.1167  0.000e+00
     35.170     6.0197   3.226651    32.5997       2190     9.1208  0.000e+00
     34.981     6.0200   3.226687    32.5999       2191     9.1250  0.000e+00
     34.792     6.0206   3.226712    32.5997       2192     9.1292  0.000e+00
     34.601     6.0212   3.226730    32.5994       2193     9.1333  0.000e+00
     34.416     6.0218   3.226773    32.5994       2194     9.1375  0.000e+00
     34.257     6.0225   3.226804    32.5991       2195     9.1417  0.000e+00
     34.128     6.0233   3.226810    32.5985       2196     9.1458  0.000e+00
     34.039     6.0238   3.226834    32.5983       2197     9.1500  0.000e+00
     33.988     6.0244   3.226834    32.5977       2198     9.1542  0.000e+00
     33.976     6.0248   3.226853    32.5976       2199     9.1583  0.000e+00
     34.004     6.0250   3.226871    32.5976       2200     9.1625  0.000e+00
     34.055     6.0254   3.226896    32.5974       2201     9.1667  0.000e+00
     34.134     6.0257   3.226914    32.5973       2202     9.1708  0.000e+00
     34.225     6.0260   3.226914    32.5970       2203     9.1750  0.000e+00
     34.326     6.0262   3.226920    32.5968       2204     9.1792  0.000e+00
     34.437     6.0265   3.226896    32.5962       2205     9.1833  0.000e+00
     34.538     6.0263   3.226957    32.5970       2206     9.1875  0.000e+00
     34.629     6.0264   3.226835    32.5956       2207     9.1917  0.000e+00
     34.707     6.0260   3.226810    32.5956       2208     9.1958  0.000e+00
     34.775     6.0254   3.226792    32.5960       2209     9.2000  0.000e+00
     34.826     6.0246   3.226749    32.5962       2210     9.2042  0.000e+00
     34.849     6.0240   3.226669    32.5959       2211     9.2083  0.000e+00
     34.842     6.0233   3.226669    32.5965       2212     9.2125  0.000e+00
     34.797     6.0225   3.226730    32.5980       2213     9.2167  0.000e+00
     34.721     6.0224   3.226792    32.5989       2214     9.2208  0.000e+00
     34.634     6.0226   3.226810    32.5989       2215     9.2250  0.000e+00
     34.525     6.0231   3.226810    32.5985       2216     9.2292  0.000e+00
     34.404     6.0235   3.226792    32.5979       2217     9.2333  0.000e+00
     34.238     6.0239   3.226834    32.5982       2218     9.2375  0.000e+00
     34.079     6.0244   3.226871    32.5982       2219     9.2417  0.000e+00
     33.909     6.0248   3.226994    32.5992       2220     9.2458  0.000e+00
     33.722     6.0259   3.227190    32.6005       2221     9.2500  0.000e+00
     33.550     6.0279   3.227221    32.5990       2222     9.2542  0.000e+00
     33.381     6.0296   3.227202    32.5972       2223     9.2583  0.000e+00
     33.254     6.0309   3.227202    32.5959       2224     9.2625  0.000e+00
     33.150     6.0319   3.227221    32.5952       2225     9.2667  0.000e+00
     33.067     6.0329   3.227202    32.5941       2226     9.2708  0.000e+00
     33.018     6.0334   3.227202    32.5937       2227     9.2750  0.000e+00
     33.007     6.0339   3.227239    32.5936       2228     9.2792  0.000e+00
     33.014     6.0344   3.227239    32.5932       2229     9.2833  0.000e+00
     33.035     6.0347   3.227251    32.5930       2230     9.2875  0.000e+00
     33.067     6.0350   3.227221    32.5924       2231     9.2917  0.000e+00
     33.112     6.0350   3.227264    32.5928       2232     9.2958  0.000e+00
     33.153     6.0351   3.227282    32.5929       2233     9.3000  0.000e+00
     33.197     6.0350   3.227282    32.5929       2234     9.3042  0.000e+00
     33.231     6.0350   3.227282    32.5929       2235     9.3083  0.000e+00
     33.262     6.0353   3.227282    32.5927       2236     9.3125  0.000e+00
     33.289     6.0353   3.227264    32.5925       2237     9.3167  0.000e+00
     33.293     6.0354   3.227270    32.5924       2238     9.3208  0.000e+00
     33.275     6.0351   3.227221    32.5921       2239     9.3250  0.000e+00
     33.248     6.0344   3.227221    32.5928       2240     9.3292  0.000e+00
     33.210     6.0340   3.227239    32.5934       2241     9.3333  0.000e+00
     33.153     6.0339   3.227301    32.5943       2242     9.3375  0.000e+00
     33.087     6.0340   3.227325    32.5944       2243     9.3417  0.000e+00
     33.017     6.0344   3.227343    32.5943       2244     9.3458  0.000e+00
     32.937     6.0349   3.227300    32.5934       2245     9.3500  0.000e+00
     32.859     6.0355   3.227325    32.5931       2246     9.3542  0.000e+00
     32.771     6.0358   3.227325    32.5929       2247     9.3583  0.000e+00
     32.664     6.0360   3.227300    32.5924       2248     9.3625  0.000e+00
     32.595     6.0361   3.227343    32.5928       2249     9.3667  0.000e+00
     32.510     6.0363   3.227325    32.5925       2250     9.3708  0.000e+00
     32.427     6.0365   3.227300    32.5921       2251     9.3750  0.000e+00
     32.349     6.0365   3.227362    32.5929       2252     9.3792  0.000e+00
     32.304     6.0366   3.227386    32.5930       2253     9.3833  0.000e+00
     32.257     6.0369   3.227527    32.5943       2254     9.3875  0.000e+00
     32.231     6.0376   3.227712    32.5958       2255     9.3917  0.000e+00
     32.202     6.0389   3.227718    32.5946       2256     9.3958  0.000e+00
     32.187     6.0400   3.227711    32.5934       2257     9.4000  0.000e+00
     32.178     6.0405   3.227675    32.5926       2258     9.4042  0.000e+00
     32.163     6.0410   3.227589    32.5912       2259     9.4083  0.000e+00
     32.149     6.0406   3.227546    32.5910       2260     9.4125  0.000e+00
     32.132     6.0403   3.227693    32.5929       2261     9.4167  0.000e+00
     32.111     6.0404   3.227546    32.5913       2262     9.4208  0.000e+00
     32.082     6.0402   3.227589    32.5919       2263     9.4250  0.000e+00
     32.053     6.0401   3.227583    32.5920       2264     9.4292  0.000e+00
     32.015     6.0400   3.227675    32.5931       2265     9.4333  0.000e+00
     31.962     6.0401   3.227693    32.5932       2266     9.4375  0.000e+00
