HB2502/sbe072.cnv
* Sea-Bird SBE 19plus V2 Data File:
* FileName = C:\cruise\data\sbe072.hex
* Software Version Seasave V 7.26.7.121
* Temperature SN = 6128
* Conductivity SN = 6128
* System UpLoad Time = Apr 08 2025 09:26:25
* NMEA Latitude = 41 42.46 N
* NMEA Longitude = 069 28.17 W
* NMEA UTC (Time) = Apr 08 2025  09:25:34
** Ship: Henry Bigelow
** Cruise:  HB2502
** Program:  Spring Bottom Trawl
# nquan = 7
# nvalues = 3141                                  
# units = specified
# name 0 = depSM: Depth [salt water, m]
# name 1 = tv290C: Temperature [ITS-90, deg C]
# name 2 = c0S/m: Conductivity [S/m]
# name 3 = sal00: Salinity, Practical [PSU]
# name 4 = scan: Scan Count
# name 5 = timeM: Time, Elapsed [minutes]
# name 6 = flag:  0.000e+00
# span 0 =     -0.020,    147.981                 
# span 1 =     4.3104,     5.6415                 
# span 2 =   0.002557,   3.245161                 
# span 3 =     0.0190,    33.1305                 
# span 4 =         11,       3151                 
# span 5 =     0.0417,    13.1250                 
# span 6 = 0.0000e+00, 0.0000e+00                 
# interval = seconds: 0.25
# start_time = Apr 08 2025 09:25:34 [NMEA time, header]
# bad_flag = -9.990e-29
*END*
[from data line 1642]
    109.479     5.4136   3.214720    33.0178       1653     6.8833  0.000e+00
    109.368     5.4133   3.214640    33.0172       1654     6.8875  0.000e+00
    109.303     5.4127   3.214579    33.0171       1655     6.8917  0.000e+00
    109.275     5.4123   3.214597    33.0177       1656     6.8958  0.000e+00
    109.282     5.4120   3.214597    33.0181       1657     6.9000  0.000e+00
    109.324     5.4118   3.214597    33.0183       1658     6.9042  0.000e+00
    109.387     5.4117   3.214640    33.0188       1659     6.9083  0.000e+00
    109.473     5.4118   3.214677    33.0191       1660     6.9125  0.000e+00
    109.563     5.4116   3.214677    33.0191       1661     6.9167  0.000e+00
    109.660     5.4118   3.214677    33.0189       1662     6.9208  0.000e+00
    109.748     5.4119   3.214720    33.0193       1663     6.9250  0.000e+00
    109.818     5.4121   3.214738    33.0193       1664     6.9292  0.000e+00
    109.875     5.4122   3.214965    33.0217       1665     6.9333  0.000e+00
    109.895     5.4125   3.215088    33.0228       1666     6.9375  0.000e+00
    109.879     5.4133   3.215069    33.0218       1667     6.9417  0.000e+00
    109.821     5.4141   3.215069    33.0211       1668     6.9458  0.000e+00
    109.721     5.4145   3.215130    33.0214       1669     6.9500  0.000e+00
    109.572     5.4150   3.215045    33.0201       1670     6.9542  0.000e+00
    109.386     5.4150   3.214965    33.0193       1671     6.9583  0.000e+00
    109.167     5.4150   3.214922    33.0188       1672     6.9625  0.000e+00
    108.898     5.4147   3.214885    33.0189       1673     6.9667  0.000e+00
    108.615     5.4144   3.214775    33.0181       1674     6.9708  0.000e+00
    108.325     5.4140   3.214640    33.0170       1675     6.9750  0.000e+00
    108.043     5.4137   3.214413    33.0149       1676     6.9792  0.000e+00
    107.756     5.4128   3.214394    33.0157       1677     6.9833  0.000e+00
    107.483     5.4119   3.214394    33.0167       1678     6.9875  0.000e+00
    107.241     5.4114   3.214149    33.0146       1679     6.9917  0.000e+00
    107.035     5.4107   3.213904    33.0125       1680     6.9958  0.000e+00
    106.851     5.4098   3.213597    33.0100       1681     7.0000  0.000e+00
    106.720     5.4083   3.213518    33.0106       1682     7.0042  0.000e+00
    106.619     5.4070   3.213395    33.0106       1683     7.0083  0.000e+00
    106.553     5.4056   3.213248    33.0103       1684     7.0125  0.000e+00
    106.509     5.4044   3.213107    33.0099       1685     7.0167  0.000e+00
    106.496     5.4033   3.213027    33.0101       1686     7.0208  0.000e+00
    106.494     5.4024   3.212966    33.0103       1687     7.0250  0.000e+00
    106.509     5.4015   3.212948    33.0110       1688     7.0292  0.000e+00
    106.521     5.4009   3.212985    33.0119       1689     7.0333  0.000e+00
    106.539     5.4005   3.212985    33.0124       1690     7.0375  0.000e+00
    106.562     5.4003   3.213046    33.0133       1691     7.0417  0.000e+00
    106.595     5.4003   3.213309    33.0162       1692     7.0458  0.000e+00
    106.624     5.4008   3.213518    33.0181       1693     7.0500  0.000e+00
    106.651     5.4019   3.213579    33.0177       1694     7.0542  0.000e+00
    106.680     5.4029   3.213616    33.0171       1695     7.0583  0.000e+00
    106.701     5.4038   3.213640    33.0165       1696     7.0625  0.000e+00
    106.713     5.4043   3.213702    33.0167       1697     7.0667  0.000e+00
    106.711     5.4048   3.213708    33.0163       1698     7.0708  0.000e+00
    106.696     5.4052   3.213763    33.0165       1699     7.0750  0.000e+00
    106.653     5.4055   3.213781    33.0165       1700     7.0792  0.000e+00
    106.581     5.4060   3.213763    33.0158       1701     7.0833  0.000e+00
    106.479     5.4062   3.213616    33.0140       1702     7.0875  0.000e+00
    106.349     5.4059   3.213456    33.0125       1703     7.0917  0.000e+00
    106.187     5.4056   3.213187    33.0098       1704     7.0958  0.000e+00
    105.997     5.4046   3.212966    33.0084       1705     7.1000  0.000e+00
    105.797     5.4032   3.212905    33.0092       1706     7.1042  0.000e+00
    105.582     5.4019   3.212862    33.0101       1707     7.1083  0.000e+00
    105.354     5.4012   3.212825    33.0104       1708     7.1125  0.000e+00
    105.119     5.4007   3.212764    33.0104       1709     7.1167  0.000e+00
    104.897     5.4002   3.212794    33.0113       1710     7.1208  0.000e+00
    104.675     5.4000   3.212800    33.0117       1711     7.1250  0.000e+00
    104.469     5.4000   3.212720    33.0109       1712     7.1292  0.000e+00
    104.285     5.3998   3.212518    33.0089       1713     7.1333  0.000e+00
    104.127     5.3993   3.212371    33.0078       1714     7.1375  0.000e+00
    104.004     5.3988   3.212353    33.0082       1715     7.1417  0.000e+00
    103.893     5.3980   3.212273    33.0081       1716     7.1458  0.000e+00
    103.823     5.3974   3.212187    33.0078       1717     7.1500  0.000e+00
    103.771     5.3969   3.212187    33.0083       1718     7.1542  0.000e+00
    103.728     5.3963   3.212126    33.0082       1719     7.1583  0.000e+00
    103.702     5.3960   3.212108    33.0083       1720     7.1625  0.000e+00
    103.672     5.3957   3.212107    33.0086       1721     7.1667  0.000e+00
    103.653     5.3953   3.212126    33.0092       1722     7.1708  0.000e+00
    103.626     5.3951   3.212175    33.0099       1723     7.1750  0.000e+00
    103.599     5.3952   3.212212    33.0103       1724     7.1792  0.000e+00
    103.567     5.3954   3.212187    33.0098       1725     7.1833  0.000e+00
    103.525     5.3955   3.212187    33.0097       1726     7.1875  0.000e+00
    103.481     5.3956   3.212150    33.0092       1727     7.1917  0.000e+00
    103.420     5.3955   3.212046    33.0082       1728     7.1958  0.000e+00
    103.348     5.3955   3.211966    33.0073       1729     7.2000  0.000e+00
    103.258     5.3951   3.211966    33.0077       1730     7.2042  0.000e+00
    103.164     5.3946   3.211966    33.0082       1731     7.2083  0.000e+00
    103.060     5.3945   3.211924    33.0079       1732     7.2125  0.000e+00
    102.957     5.3943   3.211617    33.0047       1733     7.2167  0.000e+00
    102.848     5.3939   3.211476    33.0036       1734     7.2208  0.000e+00
    102.737     5.3930   3.211354    33.0031       1735     7.2250  0.000e+00
    102.625     5.3921   3.211305    33.0034       1736     7.2292  0.000e+00
    102.513     5.3914   3.211292    33.0041       1737     7.2333  0.000e+00
    102.408     5.3907   3.211151    33.0032       1738     7.2375  0.000e+00
    102.295     5.3902   3.211072    33.0029       1739     7.2417  0.000e+00
    102.190     5.3897   3.211047    33.0031       1740     7.2458  0.000e+00
    102.078     5.3891   3.211108    33.0045       1741     7.2500  0.000e+00
    101.973     5.3889   3.211108    33.0047       1742     7.2542  0.000e+00
    101.869     5.3888   3.211010    33.0037       1743     7.2583  0.000e+00
    101.764     5.3887   3.210986    33.0036       1744     7.2625  0.000e+00
    101.664     5.3884   3.211010    33.0043       1745     7.2667  0.000e+00
    101.572     5.3884   3.211010    33.0043       1746     7.2708  0.000e+00
    101.487     5.3883   3.211010    33.0044       1747     7.2750  0.000e+00
    101.407     5.3883   3.210967    33.0040       1748     7.2792  0.000e+00
    101.331     5.3883   3.210900    33.0033       1749     7.2833  0.000e+00
    101.248     5.3882   3.210906    33.0035       1750     7.2875  0.000e+00
    101.145     5.3880   3.210888    33.0035       1751     7.2917  0.000e+00
    101.035     5.3879   3.210802    33.0027       1752     7.2958  0.000e+00
    100.899     5.3878   3.210661    33.0013       1753     7.3000  0.000e+00
    100.755     5.3872   3.210600    33.0012       1754     7.3042  0.000e+00
    100.592     5.3868   3.210520    33.0008       1755     7.3083  0.000e+00
    100.422     5.3863   3.210477    33.0008       1756     7.3125  0.000e+00
    100.247     5.3859   3.210354    33.0000       1757     7.3167  0.000e+00
    100.075     5.3854   3.210232    32.9991       1758     7.3208  0.000e+00
     99.912     5.3849   3.210134    32.9986       1759     7.3250  0.000e+00
     99.779     5.3842   3.210109    32.9991       1760     7.3292  0.000e+00
     99.665     5.3835   3.210256    33.0015       1761     7.3333  0.000e+00
     99.586     5.3835   3.210317    33.0023       1762     7.3375  0.000e+00
     99.526     5.3836   3.210232    33.0012       1763     7.3417  0.000e+00
     99.499     5.3838   3.210317    33.0020       1764     7.3458  0.000e+00
     99.483     5.3840   3.210274    33.0014       1765     7.3500  0.000e+00
     99.478     5.3840   3.210134    32.9997       1766     7.3542  0.000e+00
     99.475     5.3838   3.210029    32.9987       1767     7.3583  0.000e+00
     99.462     5.3834   3.209950    32.9983       1768     7.3625  0.000e+00
     99.445     5.3828   3.209864    32.9979       1769     7.3667  0.000e+00
     99.417     5.3823   3.209950    32.9993       1770     7.3708  0.000e+00
     99.363     5.3819   3.209907    32.9992       1771     7.3750  0.000e+00
     99.298     5.3818   3.209950    32.9999       1772     7.3792  0.000e+00
     99.205     5.3816   3.210048    33.0012       1773     7.3833  0.000e+00
     99.098     5.3818   3.210029    33.0008       1774     7.3875  0.000e+00
     98.970     5.3819   3.209925    32.9997       1775     7.3917  0.000e+00
     98.828     5.3817   3.210317    33.0044       1776     7.3958  0.000e+00
     98.668     5.3822   3.210274    33.0035       1777     7.4000  0.000e+00
     98.513     5.3828   3.210195    33.0021       1778     7.4042  0.000e+00
     98.352     5.3832   3.209968    32.9992       1779     7.4083  0.000e+00
     98.192     5.3830   3.210194    33.0020       1780     7.4125  0.000e+00
     98.050     5.3829   3.210354    33.0040       1781     7.4167  0.000e+00
     97.919     5.3832   3.210194    33.0019       1782     7.4208  0.000e+00
     97.798     5.3838   3.210109    33.0005       1783     7.4250  0.000e+00
     97.692     5.3835   3.210109    33.0009       1784     7.4292  0.000e+00
     97.592     5.3832   3.210072    33.0007       1785     7.4333  0.000e+00
     97.515     5.3832   3.209863    32.9984       1786     7.4375  0.000e+00
     97.439     5.3828   3.209802    32.9981       1787     7.4417  0.000e+00
     97.382     5.3821   3.210108    33.0023       1788     7.4458  0.000e+00
     97.333     5.3819   3.210090    33.0023       1789     7.4500  0.000e+00
     97.289     5.3824   3.210084    33.0018       1790     7.4542  0.000e+00
     97.250     5.3824   3.210194    33.0031       1791     7.4583  0.000e+00
     97.217     5.3826   3.210255    33.0036       1792     7.4625  0.000e+00
     97.182     5.3830   3.210170    33.0022       1793     7.4667  0.000e+00
     97.158     5.3833   3.209986    32.9999       1794     7.4708  0.000e+00
     97.125     5.3831   3.209949    32.9997       1795     7.4750  0.000e+00
     97.088     5.3827   3.210010    33.0008       1796     7.4792  0.000e+00
     97.046     5.3824   3.209986    33.0008       1797     7.4833  0.000e+00
     96.995     5.3822   3.210029    33.0015       1798     7.4875  0.000e+00
     96.930     5.3823   3.210047    33.0017       1799     7.4917  0.000e+00
     96.848     5.3824   3.210072    33.0019       1800     7.4958  0.000e+00
     96.739     5.3825   3.210047    33.0016       1801     7.5000  0.000e+00
     96.610     5.3826   3.210108    33.0022       1802     7.5042  0.000e+00
     96.460     5.3828   3.210047    33.0015       1803     7.5083  0.000e+00
     96.284     5.3829   3.209888    32.9996       1804     7.5125  0.000e+00
     96.092     5.3826   3.209986    33.0011       1805     7.5167  0.000e+00
     95.886     5.3824   3.209802    32.9993       1806     7.5208  0.000e+00
     95.656     5.3821   3.209520    32.9965       1807     7.5250  0.000e+00
     95.414     5.3814   3.209336    32.9952       1808     7.5292  0.000e+00
     95.190     5.3803   3.209336    32.9964       1809     7.5333  0.000e+00
     94.952     5.3793   3.209134    32.9952       1810     7.5375  0.000e+00
     94.749     5.3785   3.208846    32.9929       1811     7.5417  0.000e+00
     94.566     5.3772   3.208748    32.9931       1812     7.5458  0.000e+00
     94.427     5.3761   3.208601    32.9925       1813     7.5500  0.000e+00
     94.331     5.3752   3.208521    32.9926       1814     7.5542  0.000e+00
     94.285     5.3741   3.208356    32.9918       1815     7.5583  0.000e+00
     94.292     5.3732   3.208215    32.9911       1816     7.5625  0.000e+00
     94.357     5.3724   3.208282    32.9926       1817     7.5667  0.000e+00
     94.458     5.3718   3.208564    32.9964       1818     7.5708  0.000e+00
     94.581     5.3715   3.208723    32.9984       1819     7.5750  0.000e+00
     94.709     5.3723   3.208723    32.9976       1820     7.5792  0.000e+00
     94.839     5.3729   3.208723    32.9969       1821     7.5833  0.000e+00
     94.947     5.3732   3.208785    32.9972       1822     7.5875  0.000e+00
     95.038     5.3735   3.208846    32.9976       1823     7.5917  0.000e+00
     95.090     5.3737   3.208907    32.9981       1824     7.5958  0.000e+00
     95.114     5.3741   3.209091    32.9997       1825     7.6000  0.000e+00
     95.093     5.3747   3.209256    33.0011       1826     7.6042  0.000e+00
     95.027     5.3752   3.209213    33.0001       1827     7.6083  0.000e+00
     94.917     5.3759   3.209256    33.0000       1828     7.6125  0.000e+00
     94.742     5.3764   3.208864    32.9951       1829     7.6167  0.000e+00
     94.494     5.3762   3.208442    32.9906       1830     7.6208  0.000e+00
     94.210     5.3750   3.207890    32.9857       1831     7.6250  0.000e+00
     93.919     5.3731   3.207566    32.9840       1832     7.6292  0.000e+00
     93.569     5.3710   3.207217    32.9822       1833     7.6333  0.000e+00
     93.199     5.3688   3.207033    32.9825       1834     7.6375  0.000e+00
     92.823     5.3665   3.206971    32.9842       1835     7.6417  0.000e+00
     92.465     5.3650   3.206610    32.9818       1836     7.6458  0.000e+00
     92.161     5.3633   3.206402    32.9812       1837     7.6500  0.000e+00
     91.884     5.3618   3.206402    32.9829       1838     7.6542  0.000e+00
     91.668     5.3605   3.206261    32.9827       1839     7.6583  0.000e+00
     91.529     5.3594   3.206200    32.9831       1840     7.6625  0.000e+00
     91.461     5.3587   3.206200    32.9838       1841     7.6667  0.000e+00
     91.464     5.3578   3.206120    32.9837       1842     7.6708  0.000e+00
     91.525     5.3574   3.206077    32.9837       1843     7.6750  0.000e+00
     91.631     5.3569   3.206163    32.9851       1844     7.6792  0.000e+00
     91.746     5.3568   3.206181    32.9853       1845     7.6833  0.000e+00
     91.881     5.3567   3.206224    32.9859       1846     7.6875  0.000e+00
     92.012     5.3567   3.206273    32.9864       1847     7.6917  0.000e+00
     92.133     5.3569   3.206322    32.9866       1848     7.6958  0.000e+00
     92.239     5.3570   3.206365    32.9870       1849     7.7000  0.000e+00
     92.302     5.3573   3.206463    32.9878       1850     7.7042  0.000e+00
     92.332     5.3577   3.206463    32.9874       1851     7.7083  0.000e+00
     92.319     5.3580   3.206488    32.9873       1852     7.7125  0.000e+00
     92.256     5.3584   3.206365    32.9856       1853     7.7167  0.000e+00
     92.149     5.3583   3.206243    32.9844       1854     7.7208  0.000e+00
     91.990     5.3579   3.206261    32.9850       1855     7.7250  0.000e+00
     91.799     5.3577   3.206077    32.9832       1856     7.7292  0.000e+00
