HB2502/sbe047.cnv
* Sea-Bird SBE 19plus V2 Data File:
* FileName = C:\cruise\data\sbe047.hex
* Software Version Seasave V 7.26.7.121
* Temperature SN = 6128
* Conductivity SN = 6128
* System UpLoad Time = Apr 02 2025 08:00:45
* NMEA Latitude = 40 45.24 N
* NMEA Longitude = 070 28.52 W
* NMEA UTC (Time) = Apr 02 2025  07:59:48
** Ship: Henry Bigelow
** Cruise:  HB2502
** Program:  Spring Bottom Trawl
# nquan = 7
# nvalues = 1232                                  
# units = specified
# name 0 = depSM: Depth [salt water, m]
# name 1 = tv290C: Temperature [ITS-90, deg C]
# name 2 = c0S/m: Conductivity [S/m]
# name 3 = sal00: Salinity, Practical [PSU]
# name 4 = scan: Scan Count
# name 5 = timeM: Time, Elapsed [minutes]
# name 6 = flag:  0.000e+00
# span 0 =      0.170,     49.564                 
# span 1 =     4.4887,     5.3177                 
# span 2 =   0.004356,   3.161530                 
# span 3 =     0.0324,    32.6768                 
# span 4 =         11,       1242                 
# span 5 =     0.0417,     5.1708                 
# span 6 = 0.0000e+00, 0.0000e+00                 
# interval = seconds: 0.25
# start_time = Apr 02 2025 07:59:48 [NMEA time, header]
# bad_flag = -9.990e-29
*END*
[from data line 821]
     23.035     5.1843   3.151830    32.5683        832     3.4625  0.000e+00
     23.037     5.1844   3.151812    32.5681        833     3.4667  0.000e+00
     23.040     5.1844   3.151769    32.5675        834     3.4708  0.000e+00
     23.046     5.1843   3.151727    32.5672        835     3.4750  0.000e+00
     23.051     5.1842   3.151727    32.5673        836     3.4792  0.000e+00
     23.044     5.1840   3.151708    32.5672        837     3.4833  0.000e+00
     23.032     5.1839   3.151690    32.5671        838     3.4875  0.000e+00
     23.011     5.1837   3.151368    32.5637        839     3.4917  0.000e+00
     22.970     5.1835   3.151647    32.5671        840     3.4958  0.000e+00
     22.916     5.1836   3.151647    32.5670        841     3.5000  0.000e+00
     22.845     5.1833   3.151629    32.5671        842     3.5042  0.000e+00
     22.762     5.1832   3.151568    32.5666        843     3.5083  0.000e+00
     22.682     5.1831   3.151562    32.5666        844     3.5125  0.000e+00
     22.590     5.1831   3.151550    32.5665        845     3.5167  0.000e+00
     22.488     5.1828   3.151489    32.5662        846     3.5208  0.000e+00
     22.389     5.1826   3.151367    32.5651        847     3.5250  0.000e+00
     22.288     5.1824   3.151392    32.5656        848     3.5292  0.000e+00
     22.192     5.1823   3.151428    32.5662        849     3.5333  0.000e+00
     22.089     5.1825   3.151489    32.5667        850     3.5375  0.000e+00
     21.982     5.1832   3.151489    32.5661        851     3.5417  0.000e+00
     21.896     5.1840   3.151452    32.5649        852     3.5458  0.000e+00
     21.804     5.1848   3.151428    32.5639        853     3.5500  0.000e+00
     21.715     5.1856   3.151367    32.5625        854     3.5542  0.000e+00
     21.641     5.1861   3.151349    32.5618        855     3.5583  0.000e+00
     21.578     5.1864   3.151392    32.5620        856     3.5625  0.000e+00
     21.518     5.1866   3.151367    32.5616        857     3.5667  0.000e+00
     21.477     5.1867   3.151367    32.5615        858     3.5708  0.000e+00
     21.442     5.1868   3.151410    32.5619        859     3.5750  0.000e+00
     21.422     5.1868   3.151349    32.5612        860     3.5792  0.000e+00
     21.413     5.1869   3.151331    32.5609        861     3.5833  0.000e+00
     21.424     5.1869   3.151331    32.5610        862     3.5875  0.000e+00
     21.439     5.1867   3.151331    32.5611        863     3.5917  0.000e+00
     21.466     5.1867   3.151331    32.5611        864     3.5958  0.000e+00
     21.499     5.1869   3.151349    32.5611        865     3.6000  0.000e+00
     21.532     5.1868   3.151349    32.5612        866     3.6042  0.000e+00
     21.552     5.1869   3.151349    32.5611        867     3.6083  0.000e+00
     21.558     5.1868   3.151367    32.5614        868     3.6125  0.000e+00
     21.551     5.1869   3.151349    32.5611        869     3.6167  0.000e+00
     21.517     5.1868   3.151391    32.5617        870     3.6208  0.000e+00
     21.468     5.1870   3.151391    32.5615        871     3.6250  0.000e+00
     21.406     5.1869   3.151391    32.5616        872     3.6292  0.000e+00
     21.312     5.1870   3.151349    32.5611        873     3.6333  0.000e+00
     21.215     5.1870   3.151349    32.5611        874     3.6375  0.000e+00
     21.108     5.1869   3.151331    32.5611        875     3.6417  0.000e+00
     20.978     5.1869   3.151349    32.5614        876     3.6458  0.000e+00
     20.846     5.1868   3.151227    32.5601        877     3.6500  0.000e+00
     20.712     5.1866   3.151172    32.5598        878     3.6542  0.000e+00
     20.584     5.1861   3.151209    32.5607        879     3.6583  0.000e+00
     20.455     5.1864   3.151227    32.5608        880     3.6625  0.000e+00
     20.338     5.1866   3.151227    32.5605        881     3.6667  0.000e+00
     20.224     5.1869   3.151470    32.5631        882     3.6708  0.000e+00
     20.121     5.1881   3.151549    32.5629        883     3.6750  0.000e+00
     20.023     5.1900   3.151519    32.5607        884     3.6792  0.000e+00
     19.932     5.1918   3.151646    32.5606        885     3.6833  0.000e+00
     19.841     5.1930   3.151610    32.5590        886     3.6875  0.000e+00
     19.761     5.1932   3.151628    32.5591        887     3.6917  0.000e+00
     19.687     5.1935   3.151567    32.5580        888     3.6958  0.000e+00
     19.611     5.1934   3.151506    32.5575        889     3.7000  0.000e+00
     19.534     5.1934   3.151488    32.5573        890     3.7042  0.000e+00
     19.475     5.1931   3.151452    32.5572        891     3.7083  0.000e+00
     19.412     5.1928   3.151470    32.5577        892     3.7125  0.000e+00
     19.352     5.1927   3.151549    32.5588        893     3.7167  0.000e+00
     19.307     5.1930   3.151531    32.5584        894     3.7208  0.000e+00
     19.272     5.1930   3.151506    32.5581        895     3.7250  0.000e+00
     19.259     5.1931   3.151506    32.5580        896     3.7292  0.000e+00
     19.248     5.1932   3.151531    32.5582        897     3.7333  0.000e+00
     19.259     5.1932   3.151561    32.5585        898     3.7375  0.000e+00
     19.268     5.1933   3.151671    32.5596        899     3.7417  0.000e+00
     19.279     5.1937   3.151707    32.5597        900     3.7458  0.000e+00
     19.285     5.1943   3.151585    32.5577        901     3.7500  0.000e+00
     19.278     5.1945   3.151628    32.5580        902     3.7542  0.000e+00
     19.262     5.1943   3.151531    32.5571        903     3.7583  0.000e+00
     19.245     5.1940   3.151707    32.5594        904     3.7625  0.000e+00
     19.204     5.1944   3.151969    32.5620        905     3.7667  0.000e+00
     19.149     5.1957   3.152346    32.5652        906     3.7708  0.000e+00
     19.065     5.1982   3.152327    32.5625        907     3.7750  0.000e+00
     18.961     5.2001   3.151610    32.5525        908     3.7792  0.000e+00
     18.833     5.1996   3.152625    32.5646        909     3.7833  0.000e+00
     18.703     5.2011   3.152826    32.5656        910     3.7875  0.000e+00
     18.556     5.2040   3.153483    32.5704        911     3.7917  0.000e+00
     18.407     5.2086   3.153325    32.5641        912     3.7958  0.000e+00
     18.266     5.2121   3.154024    32.5688        913     3.8000  0.000e+00
     18.129     5.2160   3.154140    32.5664        914     3.8042  0.000e+00
     17.997     5.2202   3.155697    32.5801        915     3.8083  0.000e+00
     17.880     5.2275   3.155740    32.5735        916     3.8125  0.000e+00
     17.765     5.2341   3.155022    32.5590        917     3.8167  0.000e+00
     17.664     5.2368   3.156300    32.5710        918     3.8208  0.000e+00
     17.574     5.2412   3.156397    32.5679        919     3.8250  0.000e+00
     17.494     5.2455   3.156878    32.5692        920     3.8292  0.000e+00
     17.435     5.2496   3.157078    32.5676        921     3.8333  0.000e+00
     17.381     5.2537   3.157675    32.5704        922     3.8375  0.000e+00
     17.343     5.2580   3.157693    32.5665        923     3.8417  0.000e+00
     17.311     5.2616   3.157736    32.5634        924     3.8458  0.000e+00
     17.292     5.2641   3.157876    32.5626        925     3.8500  0.000e+00
     17.286     5.2664   3.158137    32.5634        926     3.8542  0.000e+00
     17.281     5.2686   3.158393    32.5642        927     3.8583  0.000e+00
     17.275     5.2709   3.158515    32.5632        928     3.8625  0.000e+00
     17.268     5.2733   3.158551    32.5614        929     3.8667  0.000e+00
     17.255     5.2750   3.158435    32.5584        930     3.8708  0.000e+00
     17.232     5.2757   3.158655    32.5603        931     3.8750  0.000e+00
     17.200     5.2764   3.158375    32.5563        932     3.8792  0.000e+00
     17.140     5.2763   3.157614    32.5478        933     3.8833  0.000e+00
     17.073     5.2733   3.155039    32.5214        934     3.8875  0.000e+00
     16.978     5.2629   3.154297    32.5230        935     3.8917  0.000e+00
     16.867     5.2506   3.157437    32.5709        936     3.8958  0.000e+00
     16.746     5.2511   3.160676    32.6075        937     3.9000  0.000e+00
     16.621     5.2669   3.160913    32.5948        938     3.9042  0.000e+00
     16.489     5.2820   3.160992    32.5811        939     3.9083  0.000e+00
     16.361     5.2919   3.161053    32.5723        940     3.9125  0.000e+00
     16.226     5.2984   3.161114    32.5667        941     3.9167  0.000e+00
     16.103     5.3024   3.161095    32.5626        942     3.9208  0.000e+00
     15.988     5.3047   3.160894    32.5582        943     3.9250  0.000e+00
     15.888     5.3053   3.160334    32.5513        944     3.9292  0.000e+00
     15.799     5.3036   3.160133    32.5506        945     3.9333  0.000e+00
     15.727     5.3013   3.160152    32.5532        946     3.9375  0.000e+00
     15.661     5.2992   3.160152    32.5552        947     3.9417  0.000e+00
     15.601     5.2982   3.159859    32.5529        948     3.9458  0.000e+00
     15.545     5.2966   3.159774    32.5535        949     3.9500  0.000e+00
     15.503     5.2950   3.160012    32.5577        950     3.9542  0.000e+00
     15.465     5.2945   3.160054    32.5587        951     3.9583  0.000e+00
     15.433     5.2947   3.159713    32.5547        952     3.9625  0.000e+00
     15.405     5.2940   3.159275    32.5504        953     3.9667  0.000e+00
     15.383     5.2921   3.159372    32.5534        954     3.9708  0.000e+00
     15.359     5.2903   3.159677    32.5586        955     3.9750  0.000e+00
     15.335     5.2899   3.159713    32.5594        956     3.9792  0.000e+00
     15.307     5.2905   3.160054    32.5627        957     3.9833  0.000e+00
     15.271     5.2919   3.160395    32.5653        958     3.9875  0.000e+00
     15.239     5.2941   3.159817    32.5566        959     3.9917  0.000e+00
     15.193     5.2946   3.158715    32.5435        960     3.9958  0.000e+00
     15.137     5.2914   3.157114    32.5285        961     4.0000  0.000e+00
     15.065     5.2819   3.155659    32.5211        962     4.0042  0.000e+00
     14.992     5.2694   3.155416    32.5305        963     4.0083  0.000e+00
     14.912     5.2590   3.157175    32.5607        964     4.0125  0.000e+00
     14.821     5.2561   3.156578    32.5568        965     4.0167  0.000e+00
     14.722     5.2577   3.158447    32.5766        966     4.0208  0.000e+00
     14.619     5.2617   3.159117    32.5804        967     4.0250  0.000e+00
     14.517     5.2700   3.159537    32.5772        968     4.0292  0.000e+00
     14.403     5.2777   3.159396    32.5682        969     4.0333  0.000e+00
     14.290     5.2826   3.159713    32.5671        970     4.0375  0.000e+00
     14.184     5.2863   3.159652    32.5628        971     4.0417  0.000e+00
     14.061     5.2886   3.159214    32.5556        972     4.0458  0.000e+00
     13.953     5.2884   3.159031    32.5538        973     4.0500  0.000e+00
     13.841     5.2875   3.159731    32.5628        974     4.0542  0.000e+00
     13.736     5.2880   3.160273    32.5685        975     4.0583  0.000e+00
     13.638     5.2916   3.160230    32.5645        976     4.0625  0.000e+00
     13.537     5.2946   3.160553    32.5653        977     4.0667  0.000e+00
     13.448     5.2973   3.160912    32.5668        978     4.0708  0.000e+00
     13.361     5.3007   3.160894    32.5634        979     4.0750  0.000e+00
     13.279     5.3027   3.160851    32.5610        980     4.0792  0.000e+00
     13.212     5.3041   3.160790    32.5589        981     4.0833  0.000e+00
     13.157     5.3048   3.160650    32.5567        982     4.0875  0.000e+00
     13.109     5.3049   3.160735    32.5576        983     4.0917  0.000e+00
     13.073     5.3046   3.160790    32.5586        984     4.0958  0.000e+00
     13.036     5.3046   3.160132    32.5510        985     4.1000  0.000e+00
     13.006     5.3028   3.159816    32.5492        986     4.1042  0.000e+00
     12.982     5.2999   3.159633    32.5500        987     4.1083  0.000e+00
     12.956     5.2971   3.159731    32.5538        988     4.1125  0.000e+00
     12.923     5.2952   3.159816    32.5567        989     4.1167  0.000e+00
     12.885     5.2945   3.159834    32.5576        990     4.1208  0.000e+00
     12.837     5.2944   3.159792    32.5572        991     4.1250  0.000e+00
     12.782     5.2942   3.159755    32.5570        992     4.1292  0.000e+00
     12.713     5.2940   3.159816    32.5580        993     4.1333  0.000e+00
     12.646     5.2941   3.159773    32.5574        994     4.1375  0.000e+00
     12.565     5.2942   3.159511    32.5544        995     4.1417  0.000e+00
     12.478     5.2932   3.159712    32.5577        996     4.1458  0.000e+00
     12.380     5.2929   3.159396    32.5544        997     4.1500  0.000e+00
     12.279     5.2920   3.159615    32.5578        998     4.1542  0.000e+00
     12.166     5.2920   3.160011    32.5624        999     4.1583  0.000e+00
     12.056     5.2930   3.159694    32.5578       1000     4.1625  0.000e+00
     11.966     5.2936   3.159292    32.5527       1001     4.1667  0.000e+00
     11.881     5.2925   3.159913    32.5609       1002     4.1708  0.000e+00
     11.820     5.2928   3.159371    32.5545       1003     4.1750  0.000e+00
     11.770     5.2927   3.159036    32.5508       1004     4.1792  0.000e+00
     11.728     5.2905   3.159152    32.5542       1005     4.1833  0.000e+00
     11.700     5.2891   3.159055    32.5545       1006     4.1875  0.000e+00
     11.673     5.2880   3.159012    32.5551       1007     4.1917  0.000e+00
     11.649     5.2871   3.159030    32.5562       1008     4.1958  0.000e+00
     11.623     5.2866   3.158890    32.5551       1009     4.2000  0.000e+00
     11.598     5.2859   3.158890    32.5558       1010     4.2042  0.000e+00
     11.571     5.2856   3.158872    32.5559       1011     4.2083  0.000e+00
     11.534     5.2851   3.158732    32.5548       1012     4.2125  0.000e+00
     11.489     5.2842   3.158732    32.5557       1013     4.2167  0.000e+00
     11.437     5.2837   3.158933    32.5586       1014     4.2208  0.000e+00
     11.360     5.2839   3.159091    32.5601       1015     4.2250  0.000e+00
     11.269     5.2849   3.158975    32.5580       1016     4.2292  0.000e+00
     11.173     5.2855   3.158994    32.5576       1017     4.2333  0.000e+00
     11.068     5.2857   3.159292    32.5609       1018     4.2375  0.000e+00
     10.974     5.2864   3.160053    32.5689       1019     4.2417  0.000e+00
     10.865     5.2898   3.159870    32.5635       1020     4.2458  0.000e+00
     10.759     5.2929   3.159712    32.5588       1021     4.2500  0.000e+00
     10.654     5.2936   3.159730    32.5583       1022     4.2542  0.000e+00
     10.551     5.2943   3.160875    32.5708       1023     4.2583  0.000e+00
     10.455     5.2984   3.161191    32.5705       1024     4.2625  0.000e+00
     10.354     5.3034   3.161191    32.5657       1025     4.2667  0.000e+00
     10.259     5.3070   3.161069    32.5608       1026     4.2708  0.000e+00
     10.164     5.3089   3.161063    32.5589       1027     4.2750  0.000e+00
     10.075     5.3099   3.161045    32.5578       1028     4.2792  0.000e+00
      9.985     5.3103   3.160990    32.5569       1029     4.2833  0.000e+00
      9.899     5.3102   3.161014    32.5573       1030     4.2875  0.000e+00
      9.817     5.3103   3.161014    32.5572       1031     4.2917  0.000e+00
      9.746     5.3102   3.160850    32.5555       1032     4.2958  0.000e+00
      9.689     5.3099   3.160771    32.5548       1033     4.3000  0.000e+00
      9.654     5.3091   3.160789    32.5559       1034     4.3042  0.000e+00
      9.635     5.3084   3.160893    32.5577       1035     4.3083  0.000e+00
