HB2502/sbe010.cnv
* Sea-Bird SBE 19plus V2 Data File:
* FileName = C:\cruise\data\sbe010.hex
* Software Version Seasave V 7.26.7.121
* Temperature SN = 6128
* Conductivity SN = 6128
* System UpLoad Time = Mar 11 2025 04:37:41
* NMEA Latitude = 37 50.47 N
* NMEA Longitude = 074 17.15 W
* NMEA UTC (Time) = Mar 11 2025  04:36:21
** Ship: Henry Bigelow
** Cruise:  HB2502
** Program:  Spring Bottom Trawl
# nquan = 7
# nvalues = 1744                                  
# units = specified
# name 0 = depSM: Depth [salt water, m]
# name 1 = tv290C: Temperature [ITS-90, deg C]
# name 2 = c0S/m: Conductivity [S/m]
# name 3 = sal00: Salinity, Practical [PSU]
# name 4 = scan: Scan Count
# name 5 = timeM: Time, Elapsed [minutes]
# name 6 = flag:  0.000e+00
# span 0 =     -0.054,     72.169                 
# span 1 =     7.0035,    10.2139                 
# span 2 =   0.006108,   3.791895                 
# span 3 =     0.0424,    34.6286                 
# span 4 =         11,       1754                 
# span 5 =     0.0417,     7.3042                 
# span 6 = 0.0000e+00, 0.0000e+00                 
# interval = seconds: 0.25
# start_time = Mar 11 2025 04:36:21 [NMEA time, header]
# bad_flag = -9.990e-29
*END*
[from data line 1642]
      4.136     7.3992   3.363929    32.8082       1653     6.8833  0.000e+00
      4.067     7.4012   3.364028    32.8074       1654     6.8875  0.000e+00
      3.998     7.4025   3.363991    32.8058       1655     6.8917  0.000e+00
      3.933     7.4034   3.364178    32.8070       1656     6.8958  0.000e+00
      3.868     7.4043   3.364240    32.8068       1657     6.9000  0.000e+00
      3.810     7.4054   3.364072    32.8040       1658     6.9042  0.000e+00
      3.740     7.4057   3.363972    32.8027       1659     6.9083  0.000e+00
      3.671     7.4053   3.363854    32.8018       1660     6.9125  0.000e+00
      3.610     7.4044   3.363972    32.8040       1661     6.9167  0.000e+00
      3.548     7.4042   3.363985    32.8044       1662     6.9208  0.000e+00
      3.491     7.4042   3.363897    32.8035       1663     6.9250  0.000e+00
      3.429     7.4040   3.363872    32.8033       1664     6.9292  0.000e+00
      3.373     7.4036   3.363897    32.8040       1665     6.9333  0.000e+00
      3.315     7.4035   3.363972    32.8050       1666     6.9375  0.000e+00
      3.273     7.4035   3.364134    32.8067       1667     6.9417  0.000e+00
      3.225     7.4045   3.364178    32.8063       1668     6.9458  0.000e+00
      3.182     7.4053   3.364072    32.8045       1669     6.9500  0.000e+00
      3.129     7.4055   3.363872    32.8021       1670     6.9542  0.000e+00
      3.084     7.4050   3.364178    32.8059       1671     6.9583  0.000e+00
      3.033     7.4053   3.364402    32.8081       1672     6.9625  0.000e+00
      2.981     7.4065   3.364090    32.8036       1673     6.9667  0.000e+00
      2.917     7.4066   3.364047    32.8030       1674     6.9708  0.000e+00
      2.862     7.4062   3.364034    32.8033       1675     6.9750  0.000e+00
      2.797     7.4055   3.364047    32.8041       1676     6.9792  0.000e+00
      2.737     7.4054   3.364134    32.8052       1677     6.9833  0.000e+00
      2.674     7.4055   3.364196    32.8058       1678     6.9875  0.000e+00
      2.616     7.4061   3.364178    32.8051       1679     6.9917  0.000e+00
      2.563     7.4063   3.364221    32.8053       1680     6.9958  0.000e+00
      2.507     7.4065   3.364240    32.8054       1681     7.0000  0.000e+00
      2.458     7.4069   3.364221    32.8049       1682     7.0042  0.000e+00
      2.413     7.4070   3.364240    32.8050       1683     7.0083  0.000e+00
      2.378     7.4072   3.364090    32.8032       1684     7.0125  0.000e+00
      2.338     7.4069   3.364071    32.8033       1685     7.0167  0.000e+00
      2.299     7.4063   3.364015    32.8033       1686     7.0208  0.000e+00
      2.264     7.4055   3.363211    32.7954       1687     7.0250  0.000e+00
      2.227     7.4029   3.363117    32.7968       1688     7.0292  0.000e+00
      2.181     7.3994   3.363167    32.8007       1689     7.0333  0.000e+00
      2.141     7.3975   3.363423    32.8053       1690     7.0375  0.000e+00
      2.091     7.3972   3.363466    32.8061       1691     7.0417  0.000e+00
      2.032     7.3977   3.363747    32.8087       1692     7.0458  0.000e+00
      1.978     7.3990   3.363809    32.8081       1693     7.0500  0.000e+00
      1.929     7.4006   3.363585    32.8042       1694     7.0542  0.000e+00
      1.872     7.4007   3.363554    32.8038       1695     7.0583  0.000e+00
      1.787     7.4004   3.363878    32.8076       1696     7.0625  0.000e+00
      1.720     7.4013   3.363809    32.8060       1697     7.0667  0.000e+00
      1.637     7.4019   3.364090    32.8086       1698     7.0708  0.000e+00
      1.545     7.4031   3.364321    32.8100       1699     7.0750  0.000e+00
      1.465     7.4050   3.364240    32.8074       1700     7.0792  0.000e+00
      1.387     7.4063   3.364196    32.8056       1701     7.0833  0.000e+00
      1.323     7.4068   3.364196    32.8052       1702     7.0875  0.000e+00
      1.254     7.4073   3.364071    32.8034       1703     7.0917  0.000e+00
      1.200     7.4069   3.363896    32.8020       1704     7.0958  0.000e+00
      1.149     7.4059   3.363959    32.8036       1705     7.1000  0.000e+00
      1.116     7.4053   3.364052    32.8052       1706     7.1042  0.000e+00
      1.078     7.4055   3.364264    32.8073       1707     7.1083  0.000e+00
      1.048     7.4064   3.364240    32.8062       1708     7.1125  0.000e+00
      1.024     7.4070   3.363921    32.8022       1709     7.1167  0.000e+00
      1.001     7.4065   3.363846    32.8019       1710     7.1208  0.000e+00
      0.983     7.4054   3.363659    32.8009       1711     7.1250  0.000e+00
      0.953     7.4041   3.363846    32.8042       1712     7.1292  0.000e+00
      0.925     7.4038   3.363921    32.8053       1713     7.1333  0.000e+00
      0.890     7.4038   3.363765    32.8036       1714     7.1375  0.000e+00
      0.847     7.4036   3.363466    32.8006       1715     7.1417  0.000e+00
      0.807     7.4023   3.363316    32.8003       1716     7.1458  0.000e+00
      0.751     7.4004   3.363235    32.8012       1717     7.1500  0.000e+00
      0.694     7.3989   3.363360    32.8040       1718     7.1542  0.000e+00
      0.631     7.3982   3.363584    32.8071       1719     7.1583  0.000e+00
      0.560     7.3990   3.363853    32.8093       1720     7.1625  0.000e+00
      0.480     7.4005   3.363890    32.8083       1721     7.1667  0.000e+00
      0.409     7.4020   3.363728    32.8052       1722     7.1708  0.000e+00
      0.339     7.4026   3.363728    32.8046       1723     7.1750  0.000e+00
      0.275     7.4025   3.363640    32.8038       1724     7.1792  0.000e+00
      0.205     7.4023   3.363478    32.8023       1725     7.1833  0.000e+00
      0.144     7.4016   3.363422    32.8023       1726     7.1875  0.000e+00
      0.092     7.4008   3.363491    32.8039       1727     7.1917  0.000e+00
      0.039     7.4001   3.363728    32.8072       1728     7.1958  0.000e+00
      0.007     7.4008   3.363360    32.8025       1729     7.2000  0.000e+00
     -0.026     7.4004   3.363172    32.8009       1730     7.2042  0.000e+00
     -0.050     7.3983   1.549655    14.0359       1731     7.2083  0.000e+00
     -0.050     7.3954   0.668283     5.6679       1732     7.2125  0.000e+00
     -0.052     7.3874   0.362039     2.9475       1733     7.2167  0.000e+00
     -0.050     7.3750   0.321787     2.6017       1734     7.2208  0.000e+00
     -0.052     7.3674   0.283468     2.2749       1735     7.2250  0.000e+00
     -0.050     7.3653   0.268670     2.1495       1736     7.2292  0.000e+00
     -0.048     7.3643   0.247879     1.9740       1737     7.2333  0.000e+00
     -0.051     7.3645   0.229018     1.8156       1738     7.2375  0.000e+00
     -0.054     7.3649   0.202564     1.5949       1739     7.2417  0.000e+00
     -0.050     7.3652   0.198045     1.5574       1740     7.2458  0.000e+00
     -0.050     7.3654   0.184429     1.4448       1741     7.2500  0.000e+00
     -0.051     7.3656   0.180376     1.4114       1742     7.2542  0.000e+00
     -0.051     7.3661   0.176284     1.3776       1743     7.2583  0.000e+00
     -0.047     7.3663   0.168837     1.3164       1744     7.2625  0.000e+00
     -0.048     7.3664   0.162891     1.2677       1745     7.2667  0.000e+00
     -0.049     7.3666   0.153815     1.1935       1746     7.2708  0.000e+00
     -0.049     7.3668   0.148173     1.1476       1747     7.2750  0.000e+00
     -0.045     7.3669   0.143501     1.1096       1748     7.2792  0.000e+00
     -0.045     7.3674   0.137514     1.0610       1749     7.2833  0.000e+00
     -0.049     7.3673   0.133725     1.0303       1750     7.2875  0.000e+00
     -0.047     7.3673   0.128264     0.9862       1751     7.2917  0.000e+00
     -0.047     7.3673   0.120050     0.9201       1752     7.2958  0.000e+00
     -0.048     7.3675   0.121226     0.9296       1753     7.3000  0.000e+00
     -0.049     7.3675   0.112886     0.8627       1754     7.3042  0.000e+00
