HB2502/sbe095.cnv
* Sea-Bird SBE 19plus V2 Data File:
* FileName = C:\cruise\data\sbe095.hex
* Software Version Seasave V 7.26.7.121
* Temperature SN = 6128
* Conductivity SN = 6128
* System UpLoad Time = Apr 16 2025 10:33:02
* NMEA Latitude = 42 18.70 N
* NMEA Longitude = 069 27.98 W
* NMEA UTC (Time) = Apr 16 2025  10:32:19
** Ship: Henry Bigelow
** Cruise:  HB2502
** Program:  Spring Bottom Trawl
# nquan = 7
# nvalues = 4946                                  
# units = specified
# name 0 = depSM: Depth [salt water, m]
# name 1 = tv290C: Temperature [ITS-90, deg C]
# name 2 = c0S/m: Conductivity [S/m]
# name 3 = sal00: Salinity, Practical [PSU]
# name 4 = scan: Scan Count
# name 5 = timeM: Time, Elapsed [minutes]
# name 6 = flag:  0.000e+00
# span 0 =     -0.233,    200.448                 
# span 1 =     5.1668,     7.6865                 
# span 2 =   0.018963,   3.525481                 
# span 3 =     0.1396,    34.1932                 
# span 4 =         11,       4956                 
# span 5 =     0.0417,    20.6458                 
# span 6 = 0.0000e+00, 0.0000e+00                 
# interval = seconds: 0.25
# start_time = Apr 16 2025 10:32:19 [NMEA time, header]
# bad_flag = -9.990e-29
*END*
[from data line 2257]
    140.454     6.7526   3.377328    33.5105       2268     9.4458  0.000e+00
    140.350     6.7531   3.377328    33.5100       2269     9.4500  0.000e+00
    140.245     6.7532   3.377184    33.5084       2270     9.4542  0.000e+00
    140.167     6.7531   3.377047    33.5070       2271     9.4583  0.000e+00
    140.084     6.7527   3.377203    33.5092       2272     9.4625  0.000e+00
    140.027     6.7525   3.377303    33.5105       2273     9.4667  0.000e+00
    139.965     6.7529   3.377247    33.5095       2274     9.4708  0.000e+00
    139.919     6.7532   3.377134    33.5080       2275     9.4750  0.000e+00
    139.886     6.7533   3.377184    33.5085       2276     9.4792  0.000e+00
    139.853     6.7533   3.377178    33.5085       2277     9.4833  0.000e+00
    139.818     6.7535   3.377103    33.5074       2278     9.4875  0.000e+00
    139.789     6.7532   3.377066    33.5073       2279     9.4917  0.000e+00
    139.758     6.7532   3.377016    33.5068       2280     9.4958  0.000e+00
    139.718     6.7528   3.376916    33.5061       2281     9.5000  0.000e+00
    139.677     6.7523   3.376734    33.5046       2282     9.5042  0.000e+00
    139.617     6.7517   3.376591    33.5036       2283     9.5083  0.000e+00
    139.548     6.7510   3.376591    33.5044       2284     9.5125  0.000e+00
    139.469     6.7501   3.376572    33.5051       2285     9.5167  0.000e+00
    139.382     6.7495   3.376672    33.5068       2286     9.5208  0.000e+00
    139.276     6.7494   3.376634    33.5066       2287     9.5250  0.000e+00
    139.161     6.7497   3.376378    33.5035       2288     9.5292  0.000e+00
    139.048     6.7498   3.376053    33.4999       2289     9.5333  0.000e+00
    138.942     6.7488   3.376097    33.5014       2290     9.5375  0.000e+00
    138.824     6.7481   3.376034    33.5014       2291     9.5417  0.000e+00
    138.732     6.7478   3.375947    33.5008       2292     9.5458  0.000e+00
    138.648     6.7476   3.375441    33.4954       2293     9.5500  0.000e+00
    138.570     6.7466   3.375235    33.4942       2294     9.5542  0.000e+00
    138.517     6.7451   3.375154    33.4947       2295     9.5583  0.000e+00
    138.465     6.7437   3.375085    33.4954       2296     9.5625  0.000e+00
    138.420     6.7423   3.375029    33.4962       2297     9.5667  0.000e+00
    138.377     6.7413   3.374997    33.4968       2298     9.5708  0.000e+00
    138.340     6.7405   3.374966    33.4973       2299     9.5750  0.000e+00
    138.303     6.7400   3.374954    33.4977       2300     9.5792  0.000e+00
    138.265     6.7394   3.374929    33.4980       2301     9.5833  0.000e+00
    138.230     6.7391   3.374910    33.4981       2302     9.5875  0.000e+00
    138.187     6.7391   3.374947    33.4985       2303     9.5917  0.000e+00
    138.143     6.7391   3.374997    33.4991       2304     9.5958  0.000e+00
    138.097     6.7390   3.374991    33.4992       2305     9.6000  0.000e+00
    138.050     6.7392   3.374910    33.4981       2306     9.6042  0.000e+00
    137.996     6.7393   3.374760    33.4963       2307     9.6083  0.000e+00
    137.944     6.7389   3.374610    33.4951       2308     9.6125  0.000e+00
    137.885     6.7384   3.374354    33.4928       2309     9.6167  0.000e+00
    137.811     6.7376   3.374110    33.4910       2310     9.6208  0.000e+00
    137.741     6.7364   3.374048    33.4914       2311     9.6250  0.000e+00
    137.661     6.7353   3.373979    33.4918       2312     9.6292  0.000e+00
    137.587     6.7344   3.373942    33.4923       2313     9.6333  0.000e+00
    137.504     6.7337   3.373923    33.4929       2314     9.6375  0.000e+00
    137.418     6.7330   3.373810    33.4923       2315     9.6417  0.000e+00
    137.335     6.7326   3.373554    33.4900       2316     9.6458  0.000e+00
    137.250     6.7319   3.373398    33.4889       2317     9.6500  0.000e+00
    137.163     6.7310   3.373329    33.4891       2318     9.6542  0.000e+00
    137.077     6.7301   3.373117    33.4877       2319     9.6583  0.000e+00
    136.990     6.7292   3.372799    33.4851       2320     9.6625  0.000e+00
    136.907     6.7280   3.372730    33.4856       2321     9.6667  0.000e+00
    136.821     6.7268   3.372224    33.4812       2322     9.6708  0.000e+00
    136.748     6.7253   3.371262    33.4721       2323     9.6750  0.000e+00
    136.668     6.7228   3.369870    33.4592       2324     9.6792  0.000e+00
    136.601     6.7178   3.368959    33.4541       2325     9.6833  0.000e+00
    136.532     6.7116   3.368372    33.4537       2326     9.6875  0.000e+00
    136.469     6.7054   3.368510    33.4613       2327     9.6917  0.000e+00
    136.416     6.7007   3.368291    33.4635       2328     9.6958  0.000e+00
    136.360     6.6970   3.368054    33.4645       2329     9.7000  0.000e+00
    136.308     6.6943   3.367860    33.4651       2330     9.7042  0.000e+00
    136.269     6.6920   3.367742    33.4660       2331     9.7083  0.000e+00
    136.228     6.6899   3.367605    33.4666       2332     9.7125  0.000e+00
    136.189     6.6883   3.367517    33.4672       2333     9.7167  0.000e+00
    136.151     6.6872   3.367499    33.4681       2334     9.7208  0.000e+00
    136.115     6.6859   3.367436    33.4687       2335     9.7250  0.000e+00
    136.066     6.6851   3.367236    33.4673       2336     9.7292  0.000e+00
    136.016     6.6843   3.367149    33.4671       2337     9.7333  0.000e+00
    135.959     6.6835   3.366893    33.4651       2338     9.7375  0.000e+00
    135.886     6.6824   3.365945    33.4558       2339     9.7417  0.000e+00
    135.805     6.6800   3.365021    33.4479       2340     9.7458  0.000e+00
    135.722     6.6758   3.364715    33.4487       2341     9.7500  0.000e+00
    135.629     6.6713   3.363112    33.4354       2342     9.7542  0.000e+00
    135.536     6.6658   3.359458    33.4005       2343     9.7583  0.000e+00
    135.437     6.6546   3.358859    33.4049       2344     9.7625  0.000e+00
    135.334     6.6418   3.358560    33.4141       2345     9.7667  0.000e+00
    135.232     6.6312   3.358392    33.4226       2346     9.7708  0.000e+00
    135.131     6.6234   3.358024    33.4263       2347     9.7750  0.000e+00
    135.029     6.6175   3.357843    33.4301       2348     9.7792  0.000e+00
    134.928     6.6132   3.356865    33.4235       2349     9.7833  0.000e+00
    134.845     6.6089   3.355194    33.4092       2350     9.7875  0.000e+00
    134.767     6.6025   3.353867    33.4009       2351     9.7917  0.000e+00
    134.688     6.5939   3.353331    33.4034       2352     9.7958  0.000e+00
    134.628     6.5859   3.353101    33.4087       2353     9.8000  0.000e+00
    134.575     6.5791   3.353331    33.4179       2354     9.8042  0.000e+00
    134.527     6.5749   3.353468    33.4235       2355     9.8083  0.000e+00
    134.481     6.5724   3.353331    33.4245       2356     9.8125  0.000e+00
    134.439     6.5710   3.352945    33.4216       2357     9.8167  0.000e+00
    134.398     6.5693   3.352509    33.4185       2358     9.8208  0.000e+00
    134.363     6.5670   3.351039    33.4044       2359     9.8250  0.000e+00
    134.324     6.5628   3.350758    33.4055       2360     9.8292  0.000e+00
    134.283     6.5573   3.351145    33.4151       2361     9.8333  0.000e+00
    134.242     6.5542   3.350335    33.4092       2362     9.8375  0.000e+00
    134.197     6.5513   3.349544    33.4033       2363     9.8417  0.000e+00
    134.150     6.5480   3.348280    33.3926       2364     9.8458  0.000e+00
    134.096     6.5425   3.347427    33.3885       2365     9.8500  0.000e+00
    134.039     6.5362   3.347084    33.3909       2366     9.8542  0.000e+00
    133.976     6.5305   3.346537    33.3905       2367     9.8583  0.000e+00
    133.909     6.5254   3.345995    33.3895       2368     9.8625  0.000e+00
    133.818     6.5208   3.343773    33.3694       2369     9.8667  0.000e+00
    133.728     6.5140   3.342155    33.3581       2370     9.8708  0.000e+00
    133.622     6.5051   3.341595    33.3607       2371     9.8750  0.000e+00
    133.505     6.4957   3.339281    33.3443       2372     9.8792  0.000e+00
    133.390     6.4853   3.338292    33.3435       2373     9.8833  0.000e+00
    133.265     6.4746   3.335549    33.3237       2374     9.8875  0.000e+00
    133.154     6.4625   3.332223    33.2986       2375     9.8917  0.000e+00
    133.042     6.4467   3.329638    33.2854       2376     9.8958  0.000e+00
    132.954     6.4278   3.328185    33.2878       2377     9.9000  0.000e+00
    132.862     6.4091   3.327533    33.2988       2378     9.9042  0.000e+00
    132.786     6.3941   3.326452    33.3015       2379     9.9083  0.000e+00
    132.720     6.3815   3.325750    33.3060       2380     9.9125  0.000e+00
    132.651     6.3711   3.325539    33.3139       2381     9.9167  0.000e+00
    132.597     6.3633   3.325117    33.3168       2382     9.9208  0.000e+00
    132.539     6.3572   3.323248    33.3020       2383     9.9250  0.000e+00
    132.487     6.3505   3.322192    33.2969       2384     9.9292  0.000e+00
    132.426     6.3425   3.321746    33.2998       2385     9.9333  0.000e+00
    132.375     6.3352   3.321417    33.3032       2386     9.9375  0.000e+00
    132.321     6.3293   3.321237    33.3070       2387     9.9417  0.000e+00
    132.273     6.3247   3.321131    33.3103       2388     9.9458  0.000e+00
    132.225     6.3214   3.319089    33.2909       2389     9.9500  0.000e+00
    132.173     6.3162   3.317321    33.2763       2390     9.9542  0.000e+00
    132.116     6.3076   3.317110    33.2824       2391     9.9583  0.000e+00
    132.064     6.2990   3.317135    33.2911       2392     9.9625  0.000e+00
    132.011     6.2930   3.316856    33.2939       2393     9.9667  0.000e+00
    131.954     6.2886   3.316632    33.2957       2394     9.9708  0.000e+00
    131.888     6.2853   3.316670    33.2994       2395     9.9750  0.000e+00
    131.814     6.2829   3.316328    33.2980       2396     9.9792  0.000e+00
    131.731     6.2809   3.316235    33.2989       2397     9.9833  0.000e+00
    131.633     6.2792   3.316372    33.3022       2398     9.9875  0.000e+00
    131.536     6.2780   3.316328    33.3029       2399     9.9917  0.000e+00
    131.424     6.2775   3.316192    33.3020       2400     9.9958  0.000e+00
    131.293     6.2769   3.316266    33.3034       2401    10.0000  0.000e+00
    131.174     6.2765   3.316117    33.3023       2402    10.0042  0.000e+00
    131.057     6.2759   3.316074    33.3024       2403    10.0083  0.000e+00
    130.930     6.2756   3.315906    33.3009       2404    10.0125  0.000e+00
    130.822     6.2750   3.315888    33.3013       2405    10.0167  0.000e+00
    130.716     6.2744   3.315850    33.3016       2406    10.0208  0.000e+00
    130.632     6.2738   3.315739    33.3009       2407    10.0250  0.000e+00
    130.547     6.2733   3.315844    33.3026       2408    10.0292  0.000e+00
    130.478     6.2730   3.315912    33.3037       2409    10.0333  0.000e+00
    130.420     6.2730   3.315906    33.3037       2410    10.0375  0.000e+00
    130.380     6.2732   3.315888    33.3033       2411    10.0417  0.000e+00
    130.333     6.2732   3.315931    33.3038       2412    10.0458  0.000e+00
    130.296     6.2732   3.315757    33.3018       2413    10.0500  0.000e+00
    130.263     6.2732   3.315273    33.2965       2414    10.0542  0.000e+00
    130.227     6.2722   3.315267    33.2974       2415    10.0583  0.000e+00
    130.200     6.2707   3.315379    33.3001       2416    10.0625  0.000e+00
    130.158     6.2701   3.315397    33.3010       2417    10.0667  0.000e+00
    130.108     6.2698   3.315249    33.2996       2418    10.0708  0.000e+00
    130.061     6.2693   3.315081    33.2982       2419    10.0750  0.000e+00
    130.003     6.2688   3.315125    33.2993       2420    10.0792  0.000e+00
    129.931     6.2684   3.315230    33.3009       2421    10.0833  0.000e+00
    129.857     6.2683   3.315081    33.2993       2422    10.0875  0.000e+00
    129.768     6.2682   3.314852    33.2970       2423    10.0917  0.000e+00
    129.678     6.2675   3.314448    33.2932       2424    10.0958  0.000e+00
    129.578     6.2664   3.314510    33.2949       2425    10.1000  0.000e+00
    129.486     6.2649   3.314510    33.2965       2426    10.1042  0.000e+00
    129.393     6.2642   3.314585    33.2981       2427    10.1083  0.000e+00
    129.290     6.2635   3.314535    33.2982       2428    10.1125  0.000e+00
    129.201     6.2635   3.314492    33.2978       2429    10.1167  0.000e+00
    129.104     6.2634   3.314343    33.2962       2430    10.1208  0.000e+00
    129.010     6.2630   3.314535    33.2989       2431    10.1250  0.000e+00
    128.911     6.2628   3.313754    33.2904       2432    10.1292  0.000e+00
    128.817     6.2619   3.313766    33.2915       2433    10.1333  0.000e+00
    128.723     6.2605   3.313753    33.2928       2434    10.1375  0.000e+00
    128.631     6.2593   3.313753    33.2940       2435    10.1417  0.000e+00
    128.539     6.2585   3.313822    33.2956       2436    10.1458  0.000e+00
    128.451     6.2580   3.313096    33.2880       2437    10.1500  0.000e+00
    128.363     6.2570   3.312842    33.2862       2438    10.1542  0.000e+00
    128.281     6.2551   3.312240    33.2814       2439    10.1583  0.000e+00
    128.196     6.2524   3.311174    33.2722       2440    10.1625  0.000e+00
    128.119     6.2482   3.310523    33.2690       2441    10.1667  0.000e+00
    128.052     6.2432   3.309953    33.2676       2442    10.1708  0.000e+00
    127.993     6.2381   3.309953    33.2726       2443    10.1750  0.000e+00
    127.938     6.2339   3.310312    33.2807       2444    10.1792  0.000e+00
    127.889     6.2315   3.309680    33.2760       2445    10.1833  0.000e+00
    127.842     6.2293   3.308533    33.2655       2446    10.1875  0.000e+00
    127.801     6.2252   3.306135    33.2428       2447    10.1917  0.000e+00
    127.757     6.2176   3.305460    33.2426       2448    10.1958  0.000e+00
    127.700     6.2083   3.305125    33.2481       2449    10.2000  0.000e+00
    127.647     6.2004   3.304431    33.2481       2450    10.2042  0.000e+00
    127.581     6.1937   3.304053    33.2504       2451    10.2083  0.000e+00
    127.505     6.1879   3.303409    33.2489       2452    10.2125  0.000e+00
    127.421     6.1828   3.303335    33.2532       2453    10.2167  0.000e+00
    127.331     6.1785   3.303019    33.2539       2454    10.2208  0.000e+00
    127.229     6.1752   3.302567    33.2521       2455    10.2250  0.000e+00
    127.123     6.1717   3.302239    33.2519       2456    10.2292  0.000e+00
    127.021     6.1685   3.301272    33.2443       2457    10.2333  0.000e+00
    126.917     6.1648   3.300139    33.2353       2458    10.2375  0.000e+00
    126.807     6.1595   3.298331    33.2204       2459    10.2417  0.000e+00
    126.704     6.1517   3.297236    33.2158       2460    10.2458  0.000e+00
    126.618     6.1425   3.297069    33.2230       2461    10.2500  0.000e+00
    126.533     6.1345   3.297019    33.2303       2462    10.2542  0.000e+00
    126.456     6.1286   3.296964    33.2355       2463    10.2583  0.000e+00
    126.388     6.1245   3.296902    33.2388       2464    10.2625  0.000e+00
    126.335     6.1218   3.296821    33.2406       2465    10.2667  0.000e+00
    126.285     6.1198   3.296716    33.2414       2466    10.2708  0.000e+00
    126.243     6.1183   3.296549    33.2410       2467    10.2750  0.000e+00
    126.202     6.1170   3.296233    33.2387       2468    10.2792  0.000e+00
    126.156     6.1155   3.296141    33.2392       2469    10.2833  0.000e+00
    126.099     6.1139   3.296066    33.2400       2470    10.2875  0.000e+00
    126.039     6.1127   3.295602    33.2360       2471    10.2917  0.000e+00
