HB2502/sbe057.cnv
* Sea-Bird SBE 19plus V2 Data File:
* FileName = C:\cruise\data\sbe057.hex
* Software Version Seasave V 7.26.7.121
* Temperature SN = 6128
* Conductivity SN = 6128
* System UpLoad Time = Apr 03 2025 16:43:55
* NMEA Latitude = 40 12.07 N
* NMEA Longitude = 072 44.65 W
* NMEA UTC (Time) = Apr 03 2025  16:42:59
** Ship: Henry Bigelow
** Cruise:  HB2502
** Program:  Spring Bottom Trawl
# nquan = 7
# nvalues = 1267                                  
# units = specified
# name 0 = depSM: Depth [salt water, m]
# name 1 = tv290C: Temperature [ITS-90, deg C]
# name 2 = c0S/m: Conductivity [S/m]
# name 3 = sal00: Salinity, Practical [PSU]
# name 4 = scan: Scan Count
# name 5 = timeM: Time, Elapsed [minutes]
# name 6 = flag:  0.000e+00
# span 0 =     -0.006,     52.302                 
# span 1 =     6.2683,    11.1938                 
# span 2 =   0.008681,   3.649465                 
# span 3 =     0.0568,    34.2461                 
# span 4 =         11,       1277                 
# span 5 =     0.0417,     5.3167                 
# span 6 = 0.0000e+00, 0.0000e+00                 
# interval = seconds: 0.25
# start_time = Apr 03 2025 16:42:59 [NMEA time, header]
# bad_flag = -9.990e-29
*END*
[from data line 1026]
     15.639     7.2838   3.391552    33.2124       1037     4.3167  0.000e+00
     15.507     7.2842   3.391520    33.2117       1038     4.3208  0.000e+00
     15.368     7.2846   3.391533    33.2115       1039     4.3250  0.000e+00
     15.226     7.2847   3.391426    33.2103       1040     4.3292  0.000e+00
     15.088     7.2847   3.391239    33.2083       1041     4.3333  0.000e+00
     14.956     7.2844   3.391201    33.2083       1042     4.3375  0.000e+00
     14.838     7.2839   3.391176    33.2086       1043     4.3417  0.000e+00
     14.746     7.2833   3.391138    33.2088       1044     4.3458  0.000e+00
     14.683     7.2831   3.391044    33.2079       1045     4.3500  0.000e+00
     14.641     7.2828   3.391032    33.2081       1046     4.3542  0.000e+00
     14.624     7.2825   3.391026    33.2084       1047     4.3583  0.000e+00
     14.621     7.2823   3.391032    33.2086       1048     4.3625  0.000e+00
     14.635     7.2820   3.391176    33.2105       1049     4.3667  0.000e+00
     14.653     7.2822   3.391182    33.2104       1050     4.3708  0.000e+00
     14.672     7.2825   3.391176    33.2100       1051     4.3750  0.000e+00
     14.687     7.2826   3.391182    33.2099       1052     4.3792  0.000e+00
     14.698     7.2829   3.391195    33.2098       1053     4.3833  0.000e+00
     14.699     7.2830   3.391201    33.2097       1054     4.3875  0.000e+00
     14.685     7.2831   3.391220    33.2098       1055     4.3917  0.000e+00
     14.651     7.2832   3.391182    33.2094       1056     4.3958  0.000e+00
     14.611     7.2833   3.391176    33.2092       1057     4.4000  0.000e+00
     14.551     7.2834   3.391282    33.2104       1058     4.4042  0.000e+00
     14.466     7.2834   3.391351    33.2111       1059     4.4083  0.000e+00
     14.363     7.2838   3.391489    33.2122       1060     4.4125  0.000e+00
     14.238     7.2842   3.391482    33.2119       1061     4.4167  0.000e+00
     14.104     7.2845   3.391470    33.2115       1062     4.4208  0.000e+00
     13.952     7.2847   3.391482    33.2115       1063     4.4250  0.000e+00
     13.800     7.2849   3.391263    33.2090       1064     4.4292  0.000e+00
     13.653     7.2847   3.391219    33.2088       1065     4.4333  0.000e+00
     13.504     7.2844   3.391176    33.2087       1066     4.4375  0.000e+00
     13.374     7.2842   3.391119    33.2083       1067     4.4417  0.000e+00
     13.255     7.2838   3.391044    33.2079       1068     4.4458  0.000e+00
     13.151     7.2835   3.391119    33.2091       1069     4.4500  0.000e+00
     13.075     7.2834   3.391157    33.2097       1070     4.4542  0.000e+00
     13.012     7.2835   3.391138    33.2094       1071     4.4583  0.000e+00
     12.959     7.2837   3.391157    33.2095       1072     4.4625  0.000e+00
     12.929     7.2834   3.391056    33.2086       1073     4.4667  0.000e+00
     12.902     7.2833   3.391025    33.2085       1074     4.4708  0.000e+00
     12.886     7.2830   3.390994    33.2084       1075     4.4750  0.000e+00
     12.882     7.2826   3.391025    33.2091       1076     4.4792  0.000e+00
     12.874     7.2824   3.391031    33.2094       1077     4.4833  0.000e+00
     12.871     7.2824   3.391025    33.2093       1078     4.4875  0.000e+00
     12.863     7.2825   3.391056    33.2095       1079     4.4917  0.000e+00
     12.849     7.2826   3.391044    33.2094       1080     4.4958  0.000e+00
     12.819     7.2823   3.391075    33.2100       1081     4.5000  0.000e+00
     12.772     7.2822   3.391088    33.2103       1082     4.5042  0.000e+00
     12.713     7.2822   3.391138    33.2108       1083     4.5083  0.000e+00
     12.641     7.2822   3.391175    33.2112       1084     4.5125  0.000e+00
     12.565     7.2825   3.391238    33.2117       1085     4.5167  0.000e+00
     12.482     7.2828   3.391307    33.2122       1086     4.5208  0.000e+00
     12.400     7.2835   3.391282    33.2112       1087     4.5250  0.000e+00
     12.306     7.2842   3.391325    33.2111       1088     4.5292  0.000e+00
     12.206     7.2846   3.391382    33.2114       1089     4.5333  0.000e+00
     12.097     7.2852   3.391425    33.2113       1090     4.5375  0.000e+00
     11.978     7.2862   3.391500    33.2112       1091     4.5417  0.000e+00
     11.847     7.2870   3.391012    33.2053       1092     4.5458  0.000e+00
     11.717     7.2862   3.391087    33.2068       1093     4.5500  0.000e+00
     11.588     7.2853   3.391200    33.2091       1094     4.5542  0.000e+00
     11.463     7.2847   3.391025    33.2077       1095     4.5583  0.000e+00
     11.347     7.2845   3.390931    33.2070       1096     4.5625  0.000e+00
     11.246     7.2837   3.391000    33.2086       1097     4.5667  0.000e+00
     11.159     7.2832   3.390975    33.2088       1098     4.5708  0.000e+00
     11.081     7.2830   3.390868    33.2079       1099     4.5750  0.000e+00
     11.018     7.2826   3.390724    33.2067       1100     4.5792  0.000e+00
     10.968     7.2823   3.390805    33.2079       1101     4.5833  0.000e+00
     10.930     7.2819   3.390831    33.2086       1102     4.5875  0.000e+00
     10.911     7.2822   3.390849    33.2086       1103     4.5917  0.000e+00
     10.893     7.2821   3.390868    33.2088       1104     4.5958  0.000e+00
     10.888     7.2821   3.390937    33.2096       1105     4.6000  0.000e+00
     10.884     7.2823   3.390931    33.2093       1106     4.6042  0.000e+00
     10.876     7.2826   3.390611    33.2056       1107     4.6083  0.000e+00
     10.871     7.2819   3.390311    33.2030       1108     4.6125  0.000e+00
     10.861     7.2807   3.390242    33.2034       1109     4.6167  0.000e+00
     10.847     7.2794   3.390336    33.2057       1110     4.6208  0.000e+00
     10.807     7.2784   3.390261    33.2058       1111     4.6250  0.000e+00
     10.748     7.2779   3.390230    33.2060       1112     4.6292  0.000e+00
     10.662     7.2774   3.390305    33.2073       1113     4.6333  0.000e+00
     10.546     7.2773   3.390336    33.2078       1114     4.6375  0.000e+00
     10.418     7.2773   3.390543    33.2101       1115     4.6417  0.000e+00
     10.271     7.2777   3.390724    33.2118       1116     4.6458  0.000e+00
     10.107     7.2786   3.390417    33.2077       1117     4.6500  0.000e+00
      9.924     7.2789   3.390348    33.2067       1118     4.6542  0.000e+00
      9.732     7.2787   3.390517    33.2088       1119     4.6583  0.000e+00
      9.538     7.2787   3.390805    33.2121       1120     4.6625  0.000e+00
      9.355     7.2794   3.390724    33.2106       1121     4.6667  0.000e+00
      9.180     7.2802   3.390911    33.2119       1122     4.6708  0.000e+00
      9.031     7.2810   3.390867    33.2108       1123     4.6750  0.000e+00
      8.897     7.2818   3.390911    33.2106       1124     4.6792  0.000e+00
      8.787     7.2820   3.391055    33.2120       1125     4.6833  0.000e+00
      8.711     7.2826   3.391068    33.2116       1126     4.6875  0.000e+00
      8.676     7.2829   3.391011    33.2107       1127     4.6917  0.000e+00
      8.669     7.2834   3.390999    33.2101       1128     4.6958  0.000e+00
      8.682     7.2833   3.390974    33.2099       1129     4.7000  0.000e+00
      8.707     7.2836   3.390980    33.2097       1130     4.7042  0.000e+00
      8.726     7.2833   3.391011    33.2103       1131     4.7083  0.000e+00
      8.751     7.2836   3.390999    33.2099       1132     4.7125  0.000e+00
      8.766     7.2841   3.390930    33.2087       1133     4.7167  0.000e+00
      8.767     7.2842   3.390936    33.2086       1134     4.7208  0.000e+00
      8.767     7.2842   3.391118    33.2105       1135     4.7250  0.000e+00
      8.745     7.2845   3.391280    33.2121       1136     4.7292  0.000e+00
      8.700     7.2847   3.391218    33.2112       1137     4.7333  0.000e+00
      8.629     7.2850   3.391111    33.2098       1138     4.7375  0.000e+00
      8.522     7.2850   3.390974    33.2084       1139     4.7417  0.000e+00
      8.377     7.2848   3.390761    33.2063       1140     4.7458  0.000e+00
      8.198     7.2845   3.390786    33.2070       1141     4.7500  0.000e+00
      8.008     7.2839   3.390830    33.2080       1142     4.7542  0.000e+00
      7.807     7.2837   3.390742    33.2075       1143     4.7583  0.000e+00
      7.635     7.2836   3.390623    33.2063       1144     4.7625  0.000e+00
      7.489     7.2834   3.390610    33.2065       1145     4.7667  0.000e+00
      7.376     7.2831   3.390704    33.2078       1146     4.7708  0.000e+00
      7.284     7.2826   3.390717    33.2085       1147     4.7750  0.000e+00
      7.226     7.2826   3.390516    33.2063       1148     4.7792  0.000e+00
      7.190     7.2823   3.390504    33.2064       1149     4.7833  0.000e+00
      7.159     7.2817   3.390498    33.2070       1150     4.7875  0.000e+00
      7.143     7.2813   3.390523    33.2077       1151     4.7917  0.000e+00
      7.125     7.2812   3.390479    33.2073       1152     4.7958  0.000e+00
      7.104     7.2810   3.390435    33.2070       1153     4.8000  0.000e+00
      7.079     7.2809   3.390391    33.2066       1154     4.8042  0.000e+00
      7.034     7.2805   3.390566    33.2090       1155     4.8083  0.000e+00
      6.958     7.2804   3.390641    33.2099       1156     4.8125  0.000e+00
      6.853     7.2808   3.390610    33.2092       1157     4.8167  0.000e+00
      6.719     7.2814   3.390623    33.2089       1158     4.8208  0.000e+00
      6.581     7.2813   3.390829    33.2113       1159     4.8250  0.000e+00
      6.443     7.2822   3.390910    33.2114       1160     4.8292  0.000e+00
      6.320     7.2831   3.390910    33.2105       1161     4.8333  0.000e+00
      6.219     7.2838   3.390885    33.2097       1162     4.8375  0.000e+00
      6.134     7.2842   3.390866    33.2091       1163     4.8417  0.000e+00
      6.072     7.2843   3.390885    33.2092       1164     4.8458  0.000e+00
      6.028     7.2843   3.390866    33.2091       1165     4.8500  0.000e+00
      5.994     7.2842   3.390866    33.2091       1166     4.8542  0.000e+00
      5.969     7.2843   3.390829    33.2086       1167     4.8583  0.000e+00
      5.954     7.2839   3.390679    33.2075       1168     4.8625  0.000e+00
      5.942     7.2835   3.390641    33.2074       1169     4.8667  0.000e+00
      5.915     7.2832   3.390585    33.2071       1170     4.8708  0.000e+00
      5.891     7.2826   3.390579    33.2077       1171     4.8750  0.000e+00
      5.844     7.2821   3.390697    33.2094       1172     4.8792  0.000e+00
      5.752     7.2823   3.390704    33.2094       1173     4.8833  0.000e+00
      5.603     7.2825   3.390716    33.2094       1174     4.8875  0.000e+00
      5.422     7.2829   3.390741    33.2093       1175     4.8917  0.000e+00
      5.232     7.2835   3.390716    33.2086       1176     4.8958  0.000e+00
      5.051     7.2836   3.390641    33.2078       1177     4.9000  0.000e+00
      4.878     7.2835   3.390891    33.2107       1178     4.9042  0.000e+00
      4.733     7.2839   3.391029    33.2118       1179     4.9083  0.000e+00
      4.629     7.2851   3.391022    33.2106       1180     4.9125  0.000e+00
      4.564     7.2862   3.391072    33.2101       1181     4.9167  0.000e+00
      4.539     7.2873   3.390997    33.2083       1182     4.9208  0.000e+00
      4.550     7.2875   3.390885    33.2069       1183     4.9250  0.000e+00
      4.580     7.2873   3.390828    33.2065       1184     4.9292  0.000e+00
      4.613     7.2867   3.390866    33.2074       1185     4.9333  0.000e+00
      4.645     7.2865   3.390910    33.2081       1186     4.9375  0.000e+00
      4.666     7.2864   3.390847    33.2075       1187     4.9417  0.000e+00
      4.693     7.2864   3.390609    33.2049       1188     4.9458  0.000e+00
      4.717     7.2853   3.390741    33.2073       1189     4.9500  0.000e+00
      4.713     7.2848   3.390785    33.2083       1190     4.9542  0.000e+00
      4.650     7.2849   3.390722    33.2076       1191     4.9583  0.000e+00
      4.532     7.2848   3.390716    33.2077       1192     4.9625  0.000e+00
      4.369     7.2847   3.390722    33.2079       1193     4.9667  0.000e+00
      4.201     7.2845   3.390759    33.2086       1194     4.9708  0.000e+00
      4.033     7.2846   3.390703    33.2080       1195     4.9750  0.000e+00
      3.884     7.2846   3.390678    33.2077       1196     4.9792  0.000e+00
      3.736     7.2848   3.390584    33.2066       1197     4.9833  0.000e+00
      3.602     7.2845   3.390371    33.2047       1198     4.9875  0.000e+00
      3.500     7.2834   3.390346    33.2055       1199     4.9917  0.000e+00
      3.413     7.2824   3.390352    33.2066       1200     4.9958  0.000e+00
      3.346     7.2815   3.390302    33.2069       1201     5.0000  0.000e+00
      3.285     7.2811   3.390209    33.2063       1202     5.0042  0.000e+00
      3.227     7.2804   3.390196    33.2068       1203     5.0083  0.000e+00
      3.187     7.2800   3.390083    33.2061       1204     5.0125  0.000e+00
      3.153     7.2795   3.390046    33.2061       1205     5.0167  0.000e+00
      3.126     7.2790   3.390040    33.2066       1206     5.0208  0.000e+00
      3.091     7.2788   3.390021    33.2065       1207     5.0250  0.000e+00
      3.050     7.2787   3.390021    33.2067       1208     5.0292  0.000e+00
      2.993     7.2785   3.390002    33.2067       1209     5.0333  0.000e+00
      2.938     7.2784   3.390021    33.2070       1210     5.0375  0.000e+00
      2.886     7.2783   3.390021    33.2072       1211     5.0417  0.000e+00
      2.835     7.2780   3.390021    33.2074       1212     5.0458  0.000e+00
      2.779     7.2780   3.389977    33.2070       1213     5.0500  0.000e+00
      2.730     7.2778   3.389939    33.2068       1214     5.0542  0.000e+00
      2.684     7.2777   3.389933    33.2069       1215     5.0583  0.000e+00
      2.614     7.2773   3.389983    33.2078       1216     5.0625  0.000e+00
      2.527     7.2775   3.389889    33.2067       1217     5.0667  0.000e+00
      2.449     7.2775   3.389958    33.2075       1218     5.0708  0.000e+00
      2.357     7.2772   3.389914    33.2073       1219     5.0750  0.000e+00
      2.244     7.2773   3.389670    33.2046       1220     5.0792  0.000e+00
      2.141     7.2765   3.389739    33.2062       1221     5.0833  0.000e+00
      2.042     7.2761   3.389651    33.2057       1222     5.0875  0.000e+00
      1.944     7.2758   3.389739    33.2069       1223     5.0917  0.000e+00
      1.863     7.2758   3.389939    33.2092       1224     5.0958  0.000e+00
      1.767     7.2764   3.390227    33.2118       1225     5.1000  0.000e+00
      1.632     7.2778   3.390283    33.2111       1226     5.1042  0.000e+00
      1.475     7.2796   3.390621    33.2131       1227     5.1083  0.000e+00
      1.324     7.2815   3.390652    33.2117       1228     5.1125  0.000e+00
      1.221     7.2835   3.390765    33.2110       1229     5.1167  0.000e+00
      1.156     7.2851   3.390758    33.2095       1230     5.1208  0.000e+00
      1.139     7.2862   3.390783    33.2087       1231     5.1250  0.000e+00
      1.170     7.2872   3.390827    33.2082       1232     5.1292  0.000e+00
      1.242     7.2878   3.390865    33.2080       1233     5.1333  0.000e+00
      1.333     7.2884   3.390890    33.2077       1234     5.1375  0.000e+00
      1.420     7.2887   3.390971    33.2082       1235     5.1417  0.000e+00
      1.485     7.2893   3.391084    33.2088       1236     5.1458  0.000e+00
      1.515     7.2899   3.390927    33.2065       1237     5.1500  0.000e+00
      1.499     7.2903   3.390784    33.2046       1238     5.1542  0.000e+00
      1.445     7.2899   3.390802    33.2052       1239     5.1583  0.000e+00
      1.365     7.2893   3.390952    33.2074       1240     5.1625  0.000e+00
