HB2502/sbe030.cnv
* Sea-Bird SBE 19plus V2 Data File:
* FileName = C:\cruise\data\sbe030.hex
* Software Version Seasave V 7.26.7.121
* Temperature SN = 6128
* Conductivity SN = 6128
* System UpLoad Time = Mar 19 2025 01:05:07
* NMEA Latitude = 38 26.97 N
* NMEA Longitude = 074 51.72 W
* NMEA UTC (Time) = Mar 19 2025  01:03:55
** Ship: Henry Bigelow
** Cruise:  HB2502
** Program:  Spring Bottom Trawl
# nquan = 7
# nvalues = 1377                                  
# units = specified
# name 0 = depSM: Depth [salt water, m]
# name 1 = tv290C: Temperature [ITS-90, deg C]
# name 2 = c0S/m: Conductivity [S/m]
# name 3 = sal00: Salinity, Practical [PSU]
# name 4 = scan: Scan Count
# name 5 = timeM: Time, Elapsed [minutes]
# name 6 = flag:  0.000e+00
# span 0 =      0.092,     14.607                 
# span 1 =     6.5560,     7.1311                 
# span 2 =   0.006486,   3.256715                 
# span 3 =     0.0462,    32.2802                 
# span 4 =         11,       1387                 
# span 5 =     0.0417,     5.7750                 
# span 6 = 0.0000e+00, 0.0000e+00                 
# interval = seconds: 0.25
# start_time = Mar 19 2025 01:03:55 [NMEA time, header]
# bad_flag = -9.990e-29
*END*
[from data line 616]
     11.898     6.6098   3.243441    32.2353        627     2.6083  0.000e+00
     11.857     6.6099   3.243214    32.2327        628     2.6125  0.000e+00
     11.815     6.6100   3.243029    32.2306        629     2.6167  0.000e+00
     11.781     6.6098   3.242925    32.2296        630     2.6208  0.000e+00
     11.748     6.6099   3.242832    32.2286        631     2.6250  0.000e+00
     11.731     6.6098   3.242759    32.2279        632     2.6292  0.000e+00
     11.719     6.6098   3.242740    32.2277        633     2.6333  0.000e+00
     11.718     6.6099   3.242802    32.2283        634     2.6375  0.000e+00
     11.726     6.6096   3.242802    32.2285        635     2.6417  0.000e+00
     11.735     6.6097   3.242679    32.2271        636     2.6458  0.000e+00
     11.751     6.6097   3.242660    32.2268        637     2.6500  0.000e+00
     11.768     6.6098   3.242636    32.2265        638     2.6542  0.000e+00
     11.782     6.6096   3.242599    32.2263        639     2.6583  0.000e+00
     11.786     6.6097   3.242574    32.2259        640     2.6625  0.000e+00
     11.782     6.6096   3.242617    32.2265        641     2.6667  0.000e+00
     11.777     6.6097   3.242636    32.2266        642     2.6708  0.000e+00
     11.767     6.6096   3.242636    32.2267        643     2.6750  0.000e+00
     11.744     6.6097   3.242519    32.2253        644     2.6792  0.000e+00
     11.708     6.6097   3.242371    32.2237        645     2.6833  0.000e+00
     11.661     6.6097   3.242224    32.2221        646     2.6875  0.000e+00
     11.610     6.6097   3.242162    32.2214        647     2.6917  0.000e+00
     11.556     6.6098   3.242285    32.2227        648     2.6958  0.000e+00
     11.503     6.6098   3.242390    32.2239        649     2.7000  0.000e+00
     11.441     6.6097   3.242310    32.2232        650     2.7042  0.000e+00
     11.396     6.6098   3.242248    32.2224        651     2.7083  0.000e+00
     11.344     6.6098   3.242248    32.2224        652     2.7125  0.000e+00
     11.304     6.6099   3.242205    32.2219        653     2.7167  0.000e+00
     11.266     6.6098   3.242223    32.2222        654     2.7208  0.000e+00
     11.238     6.6099   3.242248    32.2224        655     2.7250  0.000e+00
     11.217     6.6098   3.242285    32.2229        656     2.7292  0.000e+00
     11.193     6.6099   3.242322    32.2232        657     2.7333  0.000e+00
     11.181     6.6098   3.242285    32.2229        658     2.7375  0.000e+00
     11.164     6.6098   3.242187    32.2219        659     2.7417  0.000e+00
     11.145     6.6099   3.242223    32.2222        660     2.7458  0.000e+00
     11.127     6.6099   3.242205    32.2220        661     2.7500  0.000e+00
     11.115     6.6101   3.242064    32.2203        662     2.7542  0.000e+00
     11.097     6.6100   3.242020    32.2199        663     2.7583  0.000e+00
     11.086     6.6101   3.242008    32.2197        664     2.7625  0.000e+00
     11.072     6.6101   3.242020    32.2198        665     2.7667  0.000e+00
     11.063     6.6102   3.242002    32.2195        666     2.7708  0.000e+00
     11.045     6.6101   3.241959    32.2191        667     2.7750  0.000e+00
     11.034     6.6102   3.241934    32.2188        668     2.7792  0.000e+00
     11.017     6.6101   3.241934    32.2188        669     2.7833  0.000e+00
     11.005     6.6102   3.241971    32.2191        670     2.7875  0.000e+00
     10.989     6.6102   3.242002    32.2195        671     2.7917  0.000e+00
     10.964     6.6102   3.241934    32.2188        672     2.7958  0.000e+00
     10.944     6.6103   3.241793    32.2171        673     2.8000  0.000e+00
     10.904     6.6103   3.241731    32.2165        674     2.8042  0.000e+00
     10.875     6.6102   3.241627    32.2155        675     2.8083  0.000e+00
     10.837     6.6104   3.241590    32.2149        676     2.8125  0.000e+00
     10.819     6.6104   3.241522    32.2141        677     2.8167  0.000e+00
     10.797     6.6105   3.241461    32.2134        678     2.8208  0.000e+00
     10.797     6.6106   3.241528    32.2140        679     2.8250  0.000e+00
     10.802     6.6106   3.241651    32.2153        680     2.8292  0.000e+00
     10.815     6.6105   3.241713    32.2161        681     2.8333  0.000e+00
     10.835     6.6106   3.241750    32.2165        682     2.8375  0.000e+00
     10.869     6.6106   3.241774    32.2167        683     2.8417  0.000e+00
     10.896     6.6106   3.241836    32.2174        684     2.8458  0.000e+00
     10.914     6.6105   3.241873    32.2178        685     2.8500  0.000e+00
     10.941     6.6105   3.241934    32.2185        686     2.8542  0.000e+00
     10.952     6.6105   3.241731    32.2163        687     2.8583  0.000e+00
     10.959     6.6105   3.241608    32.2149        688     2.8625  0.000e+00
     10.953     6.6105   3.241504    32.2138        689     2.8667  0.000e+00
     10.919     6.6107   3.241442    32.2129        690     2.8708  0.000e+00
     10.865     6.6107   3.241485    32.2134        691     2.8750  0.000e+00
     10.783     6.6107   3.241528    32.2139        692     2.8792  0.000e+00
     10.672     6.6107   3.241651    32.2153        693     2.8833  0.000e+00
     10.571     6.6107   3.241670    32.2156        694     2.8875  0.000e+00
     10.477     6.6106   3.241750    32.2166        695     2.8917  0.000e+00
     10.386     6.6106   3.241258    32.2113        696     2.8958  0.000e+00
     10.298     6.6107   3.241288    32.2115        697     2.9000  0.000e+00
     10.227     6.6107   3.241239    32.2110        698     2.9042  0.000e+00
     10.167     6.6109   3.241116    32.2095        699     2.9083  0.000e+00
     10.124     6.6109   3.240969    32.2079        700     2.9125  0.000e+00
     10.090     6.6111   3.241030    32.2084        701     2.9167  0.000e+00
     10.075     6.6111   3.241239    32.2107        702     2.9208  0.000e+00
     10.054     6.6110   3.241387    32.2124        703     2.9250  0.000e+00
     10.039     6.6110   3.241239    32.2108        704     2.9292  0.000e+00
     10.015     6.6110   3.240907    32.2072        705     2.9333  0.000e+00
      9.992     6.6111   3.240741    32.2052        706     2.9375  0.000e+00
      9.966     6.6111   3.240680    32.2046        707     2.9417  0.000e+00
      9.933     6.6111   3.240704    32.2049        708     2.9458  0.000e+00
      9.897     6.6111   3.240803    32.2060        709     2.9500  0.000e+00
      9.867     6.6113   3.240760    32.2053        710     2.9542  0.000e+00
      9.830     6.6113   3.240643    32.2041        711     2.9583  0.000e+00
      9.795     6.6114   3.240575    32.2033        712     2.9625  0.000e+00
      9.767     6.6114   3.240538    32.2028        713     2.9667  0.000e+00
      9.769     6.6113   3.240495    32.2025        714     2.9708  0.000e+00
      9.782     6.6115   3.240557    32.2030        715     2.9750  0.000e+00
      9.804     6.6114   3.240575    32.2032        716     2.9792  0.000e+00
      9.838     6.6113   3.240643    32.2041        717     2.9833  0.000e+00
      9.876     6.6114   3.240766    32.2053        718     2.9875  0.000e+00
      9.899     6.6114   3.240864    32.2064        719     2.9917  0.000e+00
      9.915     6.6114   3.240950    32.2074        720     2.9958  0.000e+00
      9.912     6.6114   3.240950    32.2074        721     3.0000  0.000e+00
      9.905     6.6112   3.240723    32.2050        722     3.0042  0.000e+00
      9.881     6.6112   3.240452    32.2021        723     3.0083  0.000e+00
      9.859     6.6115   3.240212    32.1992        724     3.0125  0.000e+00
      9.814     6.6115   3.239733    32.1938        725     3.0167  0.000e+00
      9.756     6.6113   3.239321    32.1896        726     3.0208  0.000e+00
      9.689     6.6109   3.239714    32.1943        727     3.0250  0.000e+00
      9.611     6.6106   3.240040    32.1982        728     3.0292  0.000e+00
      9.535     6.6109   3.240206    32.1998        729     3.0333  0.000e+00
      9.477     6.6111   3.239739    32.1944        730     3.0375  0.000e+00
      9.428     6.6109   3.239690    32.1941        731     3.0417  0.000e+00
      9.397     6.6110   3.239837    32.1957        732     3.0458  0.000e+00
      9.385     6.6109   3.239942    32.1969        733     3.0500  0.000e+00
      9.387     6.6110   3.240022    32.1977        734     3.0542  0.000e+00
      9.401     6.6111   3.240188    32.1994        735     3.0583  0.000e+00
      9.428     6.6113   3.240145    32.1988        736     3.0625  0.000e+00
      9.459     6.6114   3.240034    32.1975        737     3.0667  0.000e+00
      9.488     6.6114   3.240040    32.1975        738     3.0708  0.000e+00
      9.506     6.6115   3.240065    32.1977        739     3.0750  0.000e+00
      9.524     6.6115   3.240145    32.1985        740     3.0792  0.000e+00
      9.535     6.6115   3.240145    32.1985        741     3.0833  0.000e+00
      9.535     6.6115   3.240145    32.1985        742     3.0875  0.000e+00
      9.519     6.6115   3.240102    32.1981        743     3.0917  0.000e+00
      9.482     6.6115   3.240016    32.1972        744     3.0958  0.000e+00
      9.437     6.6116   3.240083    32.1978        745     3.1000  0.000e+00
      9.384     6.6115   3.240145    32.1986        746     3.1042  0.000e+00
      9.326     6.6114   3.240145    32.1987        747     3.1083  0.000e+00
      9.274     6.6114   3.240083    32.1981        748     3.1125  0.000e+00
      9.221     6.6114   3.240145    32.1988        749     3.1167  0.000e+00
      9.179     6.6115   3.240022    32.1974        750     3.1208  0.000e+00
      9.145     6.6115   3.239819    32.1952        751     3.1250  0.000e+00
      9.130     6.6113   3.239653    32.1935        752     3.1292  0.000e+00
      9.116     6.6111   3.239733    32.1946        753     3.1333  0.000e+00
      9.115     6.6111   3.239794    32.1953        754     3.1375  0.000e+00
      9.124     6.6110   3.239942    32.1970        755     3.1417  0.000e+00
      9.139     6.6111   3.240003    32.1975        756     3.1458  0.000e+00
      9.159     6.6112   3.240114    32.1987        757     3.1500  0.000e+00
      9.169     6.6113   3.239979    32.1971        758     3.1542  0.000e+00
      9.176     6.6114   3.240040    32.1977        759     3.1583  0.000e+00
      9.182     6.6115   3.240003    32.1972        760     3.1625  0.000e+00
      9.187     6.6113   3.240065    32.1980        761     3.1667  0.000e+00
      9.179     6.6115   3.240065    32.1979        762     3.1708  0.000e+00
      9.159     6.6114   3.240065    32.1979        763     3.1750  0.000e+00
      9.138     6.6115   3.240034    32.1975        764     3.1792  0.000e+00
      9.118     6.6116   3.240022    32.1973        765     3.1833  0.000e+00
      9.093     6.6114   3.240145    32.1988        766     3.1875  0.000e+00
      9.073     6.6114   3.240292    32.2005        767     3.1917  0.000e+00
      9.064     6.6114   3.240354    32.2012        768     3.1958  0.000e+00
      9.070     6.6113   3.240329    32.2010        769     3.2000  0.000e+00
      9.068     6.6114   3.240329    32.2009        770     3.2042  0.000e+00
      9.068     6.6111   3.240329    32.2011        771     3.2083  0.000e+00
      9.071     6.6113   3.240206    32.1997        772     3.2125  0.000e+00
      9.059     6.6110   3.240145    32.1992        773     3.2167  0.000e+00
      9.036     6.6110   3.240145    32.1992        774     3.2208  0.000e+00
      9.016     6.6110   3.240249    32.2004        775     3.2250  0.000e+00
      8.976     6.6111   3.240292    32.2008        776     3.2292  0.000e+00
      8.927     6.6111   3.240354    32.2015        777     3.2333  0.000e+00
      8.861     6.6110   3.240347    32.2015        778     3.2375  0.000e+00
      8.790     6.6111   3.240353    32.2015        779     3.2417  0.000e+00
      8.721     6.6111   3.240206    32.2000        780     3.2458  0.000e+00
      8.671     6.6109   3.240292    32.2011        781     3.2500  0.000e+00
      8.638     6.6111   3.240353    32.2017        782     3.2542  0.000e+00
      8.618     6.6110   3.240415    32.2025        783     3.2583  0.000e+00
      8.611     6.6110   3.240446    32.2028        784     3.2625  0.000e+00
      8.625     6.6109   3.240495    32.2034        785     3.2667  0.000e+00
      8.646     6.6109   3.240495    32.2034        786     3.2708  0.000e+00
      8.671     6.6110   3.240452    32.2028        787     3.2750  0.000e+00
      8.694     6.6110   3.240267    32.2007        788     3.2792  0.000e+00
      8.715     6.6110   3.240064    32.1985        789     3.2833  0.000e+00
      8.728     6.6111   3.240064    32.1984        790     3.2875  0.000e+00
      8.732     6.6110   3.240095    32.1989        791     3.2917  0.000e+00
      8.734     6.6110   3.240163    32.1996        792     3.2958  0.000e+00
      8.720     6.6111   3.240144    32.1993        793     3.3000  0.000e+00
      8.702     6.6110   3.239978    32.1976        794     3.3042  0.000e+00
      8.680     6.6109   3.239880    32.1966        795     3.3083  0.000e+00
      8.646     6.6110   3.239794    32.1956        796     3.3125  0.000e+00
      8.611     6.6109   3.239942    32.1974        797     3.3167  0.000e+00
      8.570     6.6109   3.239997    32.1979        798     3.3208  0.000e+00
      8.533     6.6109   3.240126    32.1994        799     3.3250  0.000e+00
      8.497     6.6108   3.240064    32.1988        800     3.3292  0.000e+00
      8.462     6.6109   3.239855    32.1965        801     3.3333  0.000e+00
      8.438     6.6108   3.239714    32.1950        802     3.3375  0.000e+00
      8.424     6.6109   3.239757    32.1954        803     3.3417  0.000e+00
      8.429     6.6108   3.239794    32.1959        804     3.3458  0.000e+00
      8.438     6.6109   3.239782    32.1956        805     3.3500  0.000e+00
      8.456     6.6108   3.239671    32.1945        806     3.3542  0.000e+00
      8.470     6.6107   3.239628    32.1941        807     3.3583  0.000e+00
      8.485     6.6105   3.239591    32.1939        808     3.3625  0.000e+00
      8.493     6.6106   3.239653    32.1944        809     3.3667  0.000e+00
      8.497     6.6105   3.239732    32.1954        810     3.3708  0.000e+00
      8.500     6.6105   3.239819    32.1964        811     3.3750  0.000e+00
      8.493     6.6106   3.239880    32.1969        812     3.3792  0.000e+00
      8.474     6.6105   3.239917    32.1975        813     3.3833  0.000e+00
      8.444     6.6106   3.239941    32.1977        814     3.3875  0.000e+00
      8.408     6.6106   3.239941    32.1977        815     3.3917  0.000e+00
      8.367     6.6105   3.239898    32.1974        816     3.3958  0.000e+00
      8.321     6.6105   3.239775    32.1960        817     3.4000  0.000e+00
      8.277     6.6104   3.239548    32.1936        818     3.4042  0.000e+00
      8.244     6.6103   3.239284    32.1908        819     3.4083  0.000e+00
      8.228     6.6103   3.239179    32.1897        820     3.4125  0.000e+00
      8.233     6.6102   3.239345    32.1916        821     3.4167  0.000e+00
      8.254     6.6102   3.239628    32.1947        822     3.4208  0.000e+00
      8.286     6.6104   3.239652    32.1948        823     3.4250  0.000e+00
      8.313     6.6105   3.239652    32.1947        824     3.4292  0.000e+00
      8.331     6.6104   3.239763    32.1959        825     3.4333  0.000e+00
      8.349     6.6104   3.239732    32.1956        826     3.4375  0.000e+00
      8.355     6.6103   3.239609    32.1944        827     3.4417  0.000e+00
      8.340     6.6104   3.239652    32.1947        828     3.4458  0.000e+00
      8.309     6.6104   3.239794    32.1964        829     3.4500  0.000e+00
      8.257     6.6104   3.239880    32.1973        830     3.4542  0.000e+00
