HB2502/sbe092.cnv
* Sea-Bird SBE 19plus V2 Data File:
* FileName = C:\cruise\data\sbe092.hex
* Software Version Seasave V 7.26.7.121
* Temperature SN = 6128
* Conductivity SN = 6128
* System UpLoad Time = Apr 15 2025 01:50:48
* NMEA Latitude = 41 11.54 N
* NMEA Longitude = 067 30.96 W
* NMEA UTC (Time) = Apr 15 2025  01:50:03
** Ship: Henry Bigelow
** Cruise:  HB2502
** Program:  Spring Bottom Trawl
# nquan = 7
# nvalues = 1404                                  
# units = specified
# name 0 = depSM: Depth [salt water, m]
# name 1 = tv290C: Temperature [ITS-90, deg C]
# name 2 = c0S/m: Conductivity [S/m]
# name 3 = sal00: Salinity, Practical [PSU]
# name 4 = scan: Scan Count
# name 5 = timeM: Time, Elapsed [minutes]
# name 6 = flag:  0.000e+00
# span 0 =     -0.021,     39.737                 
# span 1 =     5.5436,     6.3560                 
# span 2 =   0.014847,   3.224425                 
# span 3 =     0.1084,    32.6509                 
# span 4 =         11,       1414                 
# span 5 =     0.0417,     5.8875                 
# span 6 = 0.0000e+00, 0.0000e+00                 
# interval = seconds: 0.25
# start_time = Apr 15 2025 01:50:03 [NMEA time, header]
# bad_flag = -9.990e-29
*END*
[from data line 821]
     16.494     5.6196   3.167019    32.3229        832     3.4625  0.000e+00
     16.461     5.6215   3.167172    32.3228        833     3.4667  0.000e+00
     16.425     5.6236   3.167221    32.3215        834     3.4708  0.000e+00
     16.385     5.6250   3.167263    32.3206        835     3.4750  0.000e+00
     16.333     5.6261   3.167239    32.3193        836     3.4792  0.000e+00
     16.280     5.6268   3.167062    32.3166        837     3.4833  0.000e+00
     16.230     5.6272   3.166983    32.3154        838     3.4875  0.000e+00
     16.177     5.6271   3.167080    32.3167        839     3.4917  0.000e+00
     16.123     5.6268   3.166897    32.3149        840     3.4958  0.000e+00
     16.069     5.6265   3.166641    32.3123        841     3.5000  0.000e+00
     16.013     5.6255   3.166696    32.3139        842     3.5042  0.000e+00
     15.961     5.6248   3.166678    32.3144        843     3.5083  0.000e+00
     15.908     5.6242   3.166757    32.3159        844     3.5125  0.000e+00
     15.860     5.6241   3.167202    32.3211        845     3.5167  0.000e+00
     15.809     5.6245   3.166398    32.3116        846     3.5208  0.000e+00
     15.760     5.6246   3.166641    32.3143        847     3.5250  0.000e+00
     15.719     5.6233   3.165173    32.2990        848     3.5292  0.000e+00
     15.672     5.6207   3.162450    32.2707        849     3.5333  0.000e+00
     15.641     5.6118   3.162073    32.2750        850     3.5375  0.000e+00
     15.604     5.6015   3.161774    32.2815        851     3.5417  0.000e+00
     15.578     5.5927   3.162195    32.2947        852     3.5458  0.000e+00
     15.557     5.5870   3.162432    32.3029        853     3.5500  0.000e+00
     15.539     5.5845   3.162335    32.3042        854     3.5542  0.000e+00
     15.530     5.5834   3.162414    32.3062        855     3.5583  0.000e+00
     15.521     5.5829   3.162250    32.3048        856     3.5625  0.000e+00
     15.521     5.5825   3.162670    32.3099        857     3.5667  0.000e+00
     15.514     5.5828   3.163474    32.3187        858     3.5708  0.000e+00
     15.519     5.5851   3.163535    32.3173        859     3.5750  0.000e+00
     15.526     5.5878   3.164052    32.3204        860     3.5792  0.000e+00
     15.522     5.5912   3.164296    32.3200        861     3.5833  0.000e+00
     15.520     5.5948   3.164357    32.3172        862     3.5875  0.000e+00
     15.509     5.5975   3.162992    32.2992        863     3.5917  0.000e+00
     15.486     5.5971   3.163693    32.3075        864     3.5958  0.000e+00
     15.453     5.5962   3.163851    32.3102        865     3.6000  0.000e+00
     15.400     5.5959   3.163876    32.3108        866     3.6042  0.000e+00
     15.344     5.5963   3.162913    32.2995        867     3.6083  0.000e+00
     15.280     5.5953   3.162249    32.2930        868     3.6125  0.000e+00
     15.204     5.5917   3.162109    32.2950        869     3.6167  0.000e+00
     15.121     5.5878   3.162371    32.3016        870     3.6208  0.000e+00
     15.049     5.5853   3.162249    32.3028        871     3.6250  0.000e+00
     14.976     5.5839   3.162292    32.3046        872     3.6292  0.000e+00
     14.907     5.5829   3.161994    32.3022        873     3.6333  0.000e+00
     14.847     5.5817   3.161951    32.3029        874     3.6375  0.000e+00
     14.795     5.5808   3.161951    32.3038        875     3.6417  0.000e+00
     14.733     5.5798   3.162414    32.3101        876     3.6458  0.000e+00
     14.690     5.5801   3.162414    32.3097        877     3.6500  0.000e+00
     14.648     5.5810   3.162170    32.3062        878     3.6542  0.000e+00
     14.617     5.5812   3.162335    32.3078        879     3.6583  0.000e+00
     14.581     5.5814   3.162292    32.3072        880     3.6625  0.000e+00
     14.537     5.5816   3.162353    32.3077        881     3.6667  0.000e+00
     14.510     5.5820   3.162834    32.3128        882     3.6708  0.000e+00
     14.473     5.5828   3.163492    32.3195        883     3.6750  0.000e+00
     14.449     5.5855   3.163272    32.3144        884     3.6792  0.000e+00
     14.424     5.5881   3.162310    32.3011        885     3.6833  0.000e+00
     14.402     5.5881   3.161932    32.2968        886     3.6875  0.000e+00
     14.388     5.5858   3.162170    32.3017        887     3.6917  0.000e+00
     14.382     5.5838   3.162554    32.3079        888     3.6958  0.000e+00
     14.384     5.5831   3.162353    32.3063        889     3.7000  0.000e+00
     14.401     5.5834   3.162310    32.3055        890     3.7042  0.000e+00
     14.418     5.5832   3.162389    32.3066        891     3.7083  0.000e+00
     14.433     5.5831   3.162755    32.3108        892     3.7125  0.000e+00
     14.447     5.5837   3.163175    32.3150        893     3.7167  0.000e+00
     14.466     5.5855   3.163291    32.3146        894     3.7208  0.000e+00
     14.469     5.5879   3.162834    32.3071        895     3.7250  0.000e+00
     14.467     5.5888   3.163254    32.3110        896     3.7292  0.000e+00
     14.456     5.5895   3.162931    32.3067        897     3.7333  0.000e+00
     14.431     5.5897   3.162493    32.3015        898     3.7375  0.000e+00
     14.393     5.5887   3.162834    32.3064        899     3.7417  0.000e+00
     14.344     5.5879   3.162554    32.3040        900     3.7458  0.000e+00
     14.291     5.5873   3.162633    32.3055        901     3.7500  0.000e+00
     14.228     5.5867   3.162974    32.3099        902     3.7542  0.000e+00
     14.162     5.5870   3.162815    32.3080        903     3.7583  0.000e+00
     14.090     5.5875   3.162895    32.3084        904     3.7625  0.000e+00
     14.020     5.5879   3.163114    32.3105        905     3.7667  0.000e+00
     13.961     5.5886   3.163132    32.3101        906     3.7708  0.000e+00
     13.889     5.5895   3.163211    32.3102        907     3.7750  0.000e+00
     13.815     5.5904   3.163315    32.3105        908     3.7792  0.000e+00
     13.751     5.5913   3.163491    32.3116        909     3.7833  0.000e+00
     13.686     5.5925   3.163772    32.3137        910     3.7875  0.000e+00
     13.619     5.5940   3.161810    32.2902        911     3.7917  0.000e+00
     13.560     5.5957   3.163771    32.3107        912     3.7958  0.000e+00
     13.505     5.5967   3.163692    32.3088        913     3.8000  0.000e+00
     13.460     5.5970   3.162809    32.2986        914     3.8042  0.000e+00
     13.420     5.5955   3.163193    32.3044        915     3.8083  0.000e+00
     13.390     5.5940   3.163193    32.3059        916     3.8125  0.000e+00
     13.374     5.5932   3.163132    32.3059        917     3.8167  0.000e+00
     13.365     5.5926   3.163034    32.3054        918     3.8208  0.000e+00
     13.366     5.5922   3.163430    32.3103        919     3.8250  0.000e+00
     13.372     5.5923   3.163071    32.3062        920     3.8292  0.000e+00
     13.385     5.5924   3.163229    32.3078        921     3.8333  0.000e+00
     13.394     5.5922   3.163473    32.3108        922     3.8375  0.000e+00
     13.403     5.5926   3.163510    32.3108        923     3.8417  0.000e+00
     13.408     5.5933   3.163534    32.3104        924     3.8458  0.000e+00
     13.410     5.5940   3.163491    32.3092        925     3.8500  0.000e+00
     13.408     5.5945   3.163449    32.3083        926     3.8542  0.000e+00
     13.403     5.5947   3.163272    32.3061        927     3.8583  0.000e+00
     13.389     5.5944   3.162974    32.3030        928     3.8625  0.000e+00
     13.371     5.5932   3.162913    32.3034        929     3.8667  0.000e+00
     13.347     5.5920   3.163010    32.3057        930     3.8708  0.000e+00
     13.329     5.5914   3.162931    32.3054        931     3.8750  0.000e+00
     13.300     5.5908   3.162894    32.3056        932     3.8792  0.000e+00
     13.281     5.5902   3.162974    32.3070        933     3.8833  0.000e+00
     13.258     5.5901   3.162931    32.3067        934     3.8875  0.000e+00
     13.222     5.5900   3.162931    32.3068        935     3.8917  0.000e+00
     13.181     5.5898   3.163010    32.3079        936     3.8958  0.000e+00
     13.131     5.5898   3.163150    32.3095        937     3.9000  0.000e+00
     13.072     5.5903   3.163132    32.3089        938     3.9042  0.000e+00
     12.990     5.5907   3.162949    32.3064        939     3.9083  0.000e+00
     12.912     5.5906   3.162912    32.3062        940     3.9125  0.000e+00
     12.808     5.5902   3.162931    32.3068        941     3.9167  0.000e+00
     12.718     5.5900   3.162894    32.3067        942     3.9208  0.000e+00
     12.611     5.5898   3.162912    32.3071        943     3.9250  0.000e+00
     12.526     5.5898   3.163150    32.3098        944     3.9292  0.000e+00
     12.424     5.5904   3.163595    32.3144        945     3.9333  0.000e+00
     12.339     5.5916   3.163674    32.3142        946     3.9375  0.000e+00
     12.268     5.5934   3.163552    32.3111        947     3.9417  0.000e+00
     12.216     5.5947   3.163613    32.3106        948     3.9458  0.000e+00
     12.178     5.5954   3.163869    32.3128        949     3.9500  0.000e+00
     12.157     5.5963   3.163533    32.3081        950     3.9542  0.000e+00
     12.151     5.5966   3.163430    32.3066        951     3.9583  0.000e+00
     12.163     5.5966   3.163351    32.3058        952     3.9625  0.000e+00
     12.187     5.5959   3.163351    32.3064        953     3.9667  0.000e+00
     12.218     5.5954   3.163473    32.3083        954     3.9708  0.000e+00
     12.265     5.5954   3.163314    32.3064        955     3.9750  0.000e+00
     12.318     5.5954   3.163229    32.3055        956     3.9792  0.000e+00
     12.370     5.5950   3.163430    32.3080        957     3.9833  0.000e+00
     12.419     5.5949   3.163893    32.3134        958     3.9875  0.000e+00
     12.462     5.5958   3.163990    32.3137        959     3.9917  0.000e+00
     12.504     5.5972   3.164295    32.3157        960     3.9958  0.000e+00
     12.533     5.5989   3.164472    32.3160        961     4.0000  0.000e+00
     12.539     5.6006   3.164313    32.3126        962     4.0042  0.000e+00
     12.535     5.6018   3.164374    32.3121        963     4.0083  0.000e+00
     12.516     5.6027   3.164313    32.3106        964     4.0125  0.000e+00
     12.479     5.6030   3.164191    32.3090        965     4.0167  0.000e+00
     12.421     5.6030   3.164271    32.3099        966     4.0208  0.000e+00
     12.342     5.6029   3.164216    32.3094        967     4.0250  0.000e+00
     12.253     5.6026   3.164612    32.3142        968     4.0292  0.000e+00
     12.164     5.6032   3.164331    32.3105        969     4.0333  0.000e+00
     12.079     5.6036   3.164392    32.3108        970     4.0375  0.000e+00
     12.002     5.6038   3.164995    32.3175        971     4.0417  0.000e+00
     11.915     5.6049   3.165032    32.3169        972     4.0458  0.000e+00
     11.842     5.6064   3.165032    32.3155        973     4.0500  0.000e+00
     11.766     5.6078   3.164995    32.3138        974     4.0542  0.000e+00
     11.703     5.6086   3.164953    32.3125        975     4.0583  0.000e+00
     11.645     5.6090   3.165056    32.3133        976     4.0625  0.000e+00
     11.598     5.6094   3.165013    32.3126        977     4.0667  0.000e+00
     11.546     5.6097   3.165032    32.3125        978     4.0708  0.000e+00
     11.498     5.6098   3.164953    32.3115        979     4.0750  0.000e+00
     11.457     5.6100   3.164977    32.3116        980     4.0792  0.000e+00
     11.419     5.6096   3.164995    32.3122        981     4.0833  0.000e+00
     11.386     5.6097   3.164654    32.3083        982     4.0875  0.000e+00
     11.364     5.6091   3.164654    32.3088        983     4.0917  0.000e+00
     11.349     5.6083   3.164575    32.3087        984     4.0958  0.000e+00
     11.337     5.6077   3.164575    32.3094        985     4.1000  0.000e+00
     11.331     5.6071   3.164691    32.3112        986     4.1042  0.000e+00
     11.331     5.6069   3.164331    32.3074        987     4.1083  0.000e+00
     11.340     5.6064   3.164550    32.3104        988     4.1125  0.000e+00
     11.353     5.6059   3.164550    32.3108        989     4.1167  0.000e+00
     11.369     5.6058   3.164435    32.3096        990     4.1208  0.000e+00
     11.389     5.6057   3.164453    32.3099        991     4.1250  0.000e+00
     11.405     5.6055   3.164496    32.3105        992     4.1292  0.000e+00
     11.423     5.6053   3.164672    32.3127        993     4.1333  0.000e+00
     11.436     5.6057   3.164751    32.3132        994     4.1375  0.000e+00
     11.447     5.6063   3.164751    32.3126        995     4.1417  0.000e+00
     11.443     5.6066   3.164691    32.3117        996     4.1458  0.000e+00
     11.422     5.6070   3.164611    32.3104        997     4.1500  0.000e+00
     11.397     5.6071   3.164953    32.3142        998     4.1542  0.000e+00
     11.355     5.6073   3.165117    32.3158        999     4.1583  0.000e+00
     11.306     5.6084   3.164837    32.3116       1000     4.1625  0.000e+00
     11.245     5.6089   3.164892    32.3118       1001     4.1667  0.000e+00
     11.180     5.6087   3.165233    32.3159       1002     4.1708  0.000e+00
     11.106     5.6093   3.165616    32.3197       1003     4.1750  0.000e+00
     11.032     5.6109   3.164715    32.3080       1004     4.1792  0.000e+00
     10.963     5.6111   3.164093    32.3008       1005     4.1833  0.000e+00
     10.897     5.6093   3.165056    32.3135       1006     4.1875  0.000e+00
     10.839     5.6085   3.165196    32.3159       1007     4.1917  0.000e+00
     10.777     5.6095   3.164654    32.3088       1008     4.1958  0.000e+00
     10.730     5.6089   3.165738    32.3216       1009     4.2000  0.000e+00
     10.692     5.6107   3.166018    32.3231       1010     4.2042  0.000e+00
     10.657     5.6128   3.163971    32.2980       1011     4.2083  0.000e+00
     10.632     5.6118   3.163892    32.2980       1012     4.2125  0.000e+00
     10.614     5.6084   3.164532    32.3085       1013     4.2167  0.000e+00
     10.601     5.6067   3.164855    32.3138       1014     4.2208  0.000e+00
     10.595     5.6067   3.165354    32.3195       1015     4.2250  0.000e+00
     10.593     5.6080   3.165696    32.3221       1016     4.2292  0.000e+00
     10.595     5.6105   3.165677    32.3195       1017     4.2333  0.000e+00
     10.597     5.6121   3.165933    32.3208       1018     4.2375  0.000e+00
     10.604     5.6142   3.166177    32.3216       1019     4.2417  0.000e+00
     10.611     5.6160   3.166256    32.3208       1020     4.2458  0.000e+00
     10.611     5.6179   3.166317    32.3196       1021     4.2500  0.000e+00
     10.614     5.6194   3.166274    32.3177       1022     4.2542  0.000e+00
     10.605     5.6203   3.166256    32.3166       1023     4.2583  0.000e+00
     10.594     5.6210   3.166238    32.3157       1024     4.2625  0.000e+00
     10.567     5.6212   3.165878    32.3115       1025     4.2667  0.000e+00
     10.531     5.6208   3.165836    32.3114       1026     4.2708  0.000e+00
     10.488     5.6198   3.165793    32.3119       1027     4.2750  0.000e+00
     10.442     5.6190   3.165878    32.3136       1028     4.2792  0.000e+00
     10.389     5.6185   3.166299    32.3189       1029     4.2833  0.000e+00
     10.344     5.6190   3.166177    32.3171       1030     4.2875  0.000e+00
     10.299     5.6196   3.165537    32.3093       1031     4.2917  0.000e+00
     10.252     5.6192   3.165354    32.3076       1032     4.2958  0.000e+00
     10.214     5.6176   3.165976    32.3162       1033     4.3000  0.000e+00
     10.172     5.6171   3.165257    32.3086       1034     4.3042  0.000e+00
     10.138     5.6164   3.163594    32.2905       1035     4.3083  0.000e+00
