HB2502/sbe018.cnv
* Sea-Bird SBE 19plus V2 Data File:
* FileName = C:\cruise\data\sbe018.hex
* Software Version Seasave V 7.26.7.121
* Temperature SN = 6128
* Conductivity SN = 6128
* System UpLoad Time = Mar 13 2025 02:31:42
* NMEA Latitude = 36 10.70 N
* NMEA Longitude = 074 52.99 W
* NMEA UTC (Time) = Mar 13 2025  02:30:24
** Ship: Henry Bigelow
** Cruise:  HB2502
** Program:  Spring Bottom Trawl
# nquan = 7
# nvalues = 1709                                  
# units = specified
# name 0 = depSM: Depth [salt water, m]
# name 1 = tv290C: Temperature [ITS-90, deg C]
# name 2 = c0S/m: Conductivity [S/m]
# name 3 = sal00: Salinity, Practical [PSU]
# name 4 = scan: Scan Count
# name 5 = timeM: Time, Elapsed [minutes]
# name 6 = flag:  0.000e+00
# span 0 =     -0.088,     76.569                 
# span 1 =     7.1696,    12.5947                 
# span 2 =   0.006882,   4.033699                 
# span 3 =     0.0445,    34.8071                 
# span 4 =         11,       1719                 
# span 5 =     0.0417,     7.1583                 
# span 6 = 0.0000e+00, 0.0000e+00                 
# interval = seconds: 0.25
# start_time = Mar 13 2025 02:30:24 [NMEA time, header]
# bad_flag = -9.990e-29
*END*
      0.072    12.4199   0.007082     0.0458         11     0.0417  0.000e+00
      0.072    12.4198   0.007073     0.0457         12     0.0458  0.000e+00
      0.072    12.4197   0.007070     0.0457         13     0.0500  0.000e+00
      0.070    12.4204   0.007067     0.0457         14     0.0542  0.000e+00
      0.076    12.4205   0.007076     0.0457         15     0.0583  0.000e+00
      0.074    12.4207   0.007070     0.0457         16     0.0625  0.000e+00
      0.070    12.4209   0.007067     0.0457         17     0.0667  0.000e+00
      0.071    12.4206   0.007064     0.0456         18     0.0708  0.000e+00
      0.069    12.4208   0.007064     0.0456         19     0.0750  0.000e+00
      0.070    12.4214   0.007064     0.0456         20     0.0792  0.000e+00
      0.073    12.4222   0.007061     0.0456         21     0.0833  0.000e+00
      0.069    12.4222   0.007055     0.0456         22     0.0875  0.000e+00
      0.070    12.4222   0.007049     0.0456         23     0.0917  0.000e+00
      0.069    12.4223   0.007049     0.0455         24     0.0958  0.000e+00
      0.070    12.4220   0.007049     0.0456         25     0.1000  0.000e+00
      0.069    12.4230   0.007043     0.0455         26     0.1042  0.000e+00
      0.070    12.4246   0.007043     0.0455         27     0.1083  0.000e+00
      0.070    12.4238   0.007043     0.0455         28     0.1125  0.000e+00
      0.072    12.4236   0.007043     0.0455         29     0.1167  0.000e+00
      0.072    12.4236   0.007043     0.0455         30     0.1208  0.000e+00
      0.070    12.4242   0.007037     0.0455         31     0.1250  0.000e+00
      0.070    12.4246   0.007028     0.0454         32     0.1292  0.000e+00
      0.070    12.4248   0.007019     0.0454         33     0.1333  0.000e+00
      0.069    12.4245   0.007025     0.0454         34     0.1375  0.000e+00
      0.073    12.4245   0.007022     0.0454         35     0.1417  0.000e+00
      0.068    12.4247   0.007025     0.0454         36     0.1458  0.000e+00
      0.064    12.4252   0.007025     0.0454         37     0.1500  0.000e+00
      0.068    12.4253   0.007013     0.0453         38     0.1542  0.000e+00
      0.065    12.4261   0.007013     0.0453         39     0.1583  0.000e+00
      0.068    12.4255   0.007007     0.0453         40     0.1625  0.000e+00
      0.070    12.4257   0.007001     0.0453         41     0.1667  0.000e+00
      0.064    12.4261   0.007004     0.0453         42     0.1708  0.000e+00
      0.066    12.4261   0.007004     0.0453         43     0.1750  0.000e+00
      0.064    12.4264   0.007007     0.0453         44     0.1792  0.000e+00
      0.065    12.4267   0.006998     0.0452         45     0.1833  0.000e+00
      0.068    12.4265   0.006998     0.0452         46     0.1875  0.000e+00
      0.062    12.4266   0.006992     0.0452         47     0.1917  0.000e+00
      0.066    12.4276   0.006998     0.0452         48     0.1958  0.000e+00
      0.069    12.4275   0.006992     0.0452         49     0.2000  0.000e+00
      0.068    12.4272   0.006992     0.0452         50     0.2042  0.000e+00
      0.064    12.4272   0.006986     0.0452         51     0.2083  0.000e+00
      0.064    12.4279   0.006983     0.0451         52     0.2125  0.000e+00
      0.062    12.4283   0.006986     0.0452         53     0.2167  0.000e+00
      0.063    12.4275   0.006980     0.0451         54     0.2208  0.000e+00
      0.063    12.4282   0.006977     0.0451         55     0.2250  0.000e+00
      0.063    12.4277   0.006980     0.0451         56     0.2292  0.000e+00
      0.061    12.4275   0.006968     0.0451         57     0.2333  0.000e+00
      0.063    12.4281   0.006971     0.0451         58     0.2375  0.000e+00
      0.063    12.4286   0.006968     0.0451         59     0.2417  0.000e+00
      0.063    12.4289   0.006974     0.0451         60     0.2458  0.000e+00
      0.063    12.4291   0.006971     0.0451         61     0.2500  0.000e+00
      0.063    12.4292   0.006963     0.0450         62     0.2542  0.000e+00
      0.066    12.4297   0.006963     0.0450         63     0.2583  0.000e+00
      0.065    12.4304   0.006963     0.0450         64     0.2625  0.000e+00
      0.065    12.4308   0.006963     0.0450         65     0.2667  0.000e+00
      0.067    12.4308   0.006957     0.0450         66     0.2708  0.000e+00
      0.063    12.4310   0.006957     0.0450         67     0.2750  0.000e+00
      0.061    12.4304   0.006957     0.0450         68     0.2792  0.000e+00
      0.064    12.4307   0.006951     0.0449         69     0.2833  0.000e+00
      0.064    12.4314   0.006951     0.0449         70     0.2875  0.000e+00
      0.060    12.4316   0.006951     0.0449         71     0.2917  0.000e+00
      0.060    12.4317   0.006948     0.0449         72     0.2958  0.000e+00
      0.064    12.4312   0.006948     0.0449         73     0.3000  0.000e+00
      0.062    12.4311   0.006948     0.0449         74     0.3042  0.000e+00
      0.068    12.4320   0.006942     0.0449         75     0.3083  0.000e+00
      0.061    12.4329   0.006936     0.0449         76     0.3125  0.000e+00
      0.048    12.4326   0.006942     0.0449         77     0.3167  0.000e+00
      0.058    12.4325   0.006942     0.0449         78     0.3208  0.000e+00
      0.060    12.4318   0.006936     0.0449         79     0.3250  0.000e+00
      0.064    12.4326   0.006936     0.0449         80     0.3292  0.000e+00
      0.062    12.4321   0.006936     0.0449         81     0.3333  0.000e+00
      0.062    12.4318   0.006933     0.0448         82     0.3375  0.000e+00
      0.061    12.4323   0.006930     0.0448         83     0.3417  0.000e+00
      0.057    12.4328   0.006921     0.0448         84     0.3458  0.000e+00
      0.062    12.4318   0.006930     0.0448         85     0.3500  0.000e+00
      0.066    12.4311   0.006924     0.0448         86     0.3542  0.000e+00
      0.061    12.4314   0.006921     0.0448         87     0.3583  0.000e+00
      0.061    12.4314   0.006918     0.0447         88     0.3625  0.000e+00
      0.059    12.4322   0.006912     0.0447         89     0.3667  0.000e+00
      0.061    12.4324   0.006918     0.0447         90     0.3708  0.000e+00
      0.058    12.4320   0.006912     0.0447         91     0.3750  0.000e+00
      0.058    12.4316   0.006912     0.0447         92     0.3792  0.000e+00
      0.062    12.4314   0.006912     0.0447         93     0.3833  0.000e+00
      0.066    12.4318   0.006906     0.0447         94     0.3875  0.000e+00
      0.066    12.4330   0.006912     0.0447         95     0.3917  0.000e+00
      0.066    12.4330   0.006906     0.0447         96     0.3958  0.000e+00
      0.060    12.4322   0.006906     0.0447         97     0.4000  0.000e+00
      0.058    12.4330   0.006906     0.0447         98     0.4042  0.000e+00
      0.060    12.4334   0.006903     0.0447         99     0.4083  0.000e+00
      0.066    12.4326   0.006900     0.0446        100     0.4125  0.000e+00
      0.068    12.4320   0.006894     0.0446        101     0.4167  0.000e+00
      0.062    12.4324   0.006897     0.0446        102     0.4208  0.000e+00
      0.063    12.4332   0.006894     0.0446        103     0.4250  0.000e+00
      0.063    12.4345   0.006894     0.0446        104     0.4292  0.000e+00
      0.065    12.4343   0.006891     0.0446        105     0.4333  0.000e+00
      0.058    12.4325   0.006888     0.0446        106     0.4375  0.000e+00
      0.060    12.4318   0.006885     0.0445        107     0.4417  0.000e+00
      0.060    12.4339   0.006882     0.0445        108     0.4458  0.000e+00
      0.059    12.4359   0.006885     0.0445        109     0.4500  0.000e+00
      0.143    12.4387   0.136557     0.9170        110     0.4542  0.000e+00
      0.420    12.4440   2.395705    19.6323        111     0.4583  0.000e+00
      0.684    12.3412   0.742782     5.5376        112     0.4625  0.000e+00
      0.941    12.2593   0.826330     6.2225        113     0.4667  0.000e+00
      1.178    12.2916   2.627707    21.8153        114     0.4708  0.000e+00
      1.382    12.1675   2.906084    24.4514        115     0.4750  0.000e+00
      1.554    11.7313   3.163546    27.1679        116     0.4792  0.000e+00
      1.724    11.0734   3.558263    31.5032        117     0.4833  0.000e+00
      1.871    10.4822   3.291067    29.3610        118     0.4875  0.000e+00
      1.998    10.0106   3.334231    30.1772        119     0.4917  0.000e+00
      2.103     9.6118   2.709296    24.2653        120     0.4958  0.000e+00
      2.210     9.3234   1.370926    11.6364        121     0.5000  0.000e+00
      2.330     9.1566   2.800130    25.4834        122     0.5042  0.000e+00
      2.480     9.1459   3.655232    34.2350        123     0.5083  0.000e+00
      2.661     9.3759   3.253274    29.8890        124     0.5125  0.000e+00
      2.864     9.7800   3.122791    28.2462        125     0.5167  0.000e+00
      3.071    10.2370   2.832969    25.0501        126     0.5208  0.000e+00
      3.257    10.6201   3.644074    32.7510        127     0.5250  0.000e+00
      3.425    10.8865   3.729600    33.3633        128     0.5292  0.000e+00
      3.579    10.9900   3.386990    29.8921        129     0.5333  0.000e+00
      3.720    10.7356   3.544998    31.6623        130     0.5375  0.000e+00
      3.865    10.3120   3.607077    32.6565        131     0.5417  0.000e+00
      4.012     9.8699   3.570156    32.6821        132     0.5458  0.000e+00
      4.150     9.4748   3.547032    32.8056        133     0.5500  0.000e+00
      4.287     9.1311   3.532772    32.9747        134     0.5542  0.000e+00
      4.428     8.8649   3.466819    32.5344        135     0.5583  0.000e+00
      4.557     8.6654   3.431711    32.3504        136     0.5625  0.000e+00
      4.681     8.4957   3.410205    32.2802        137     0.5667  0.000e+00
      4.811     8.3486   3.407849    32.3904        138     0.5708  0.000e+00
      4.945     8.2271   3.408948    32.5141        139     0.5750  0.000e+00
      5.076     8.1144   3.420910    32.7458        140     0.5792  0.000e+00
      5.211     8.0081   3.402174    32.6457        141     0.5833  0.000e+00
      5.343     7.9196   3.380165    32.4936        142     0.5875  0.000e+00
      5.467     7.8487   3.366339    32.4118        143     0.5917  0.000e+00
      5.579     7.7843   3.348848    32.2846        144     0.5958  0.000e+00
      5.690     7.7270   3.301793    31.8343        145     0.6000  0.000e+00
      5.787     7.6818   3.223513    31.0394        146     0.6042  0.000e+00
      5.882     7.6520   2.849061    27.1049        147     0.6083  0.000e+00
      5.985     7.6411   2.839784    27.0161        148     0.6125  0.000e+00
      6.097     7.6641   3.008717    28.7751        149     0.6167  0.000e+00
      6.224     7.6821   3.102752    29.7550        150     0.6208  0.000e+00
      6.370     7.7387   3.220825    30.9599        151     0.6250  0.000e+00
      6.535     7.9287   3.550893    34.3121        152     0.6292  0.000e+00
      6.700     8.1900   3.555027    34.1008        153     0.6333  0.000e+00
      6.879     8.3667   3.558424    33.9656        154     0.6375  0.000e+00
      7.062     8.4851   3.562238    33.8917        155     0.6417  0.000e+00
      7.256     8.5839   3.567005    33.8472        156     0.6458  0.000e+00
      7.438     8.6596   3.564010    33.7431        157     0.6500  0.000e+00
      7.632     8.7099   3.548909    33.5363        158     0.6542  0.000e+00
      7.824     8.7195   3.526001    33.2867        159     0.6583  0.000e+00
      8.011     8.6049   3.490281    33.0190        160     0.6625  0.000e+00
      8.188     8.4139   3.456403    32.8406        161     0.6667  0.000e+00
      8.362     8.2049   3.434585    32.8049        162     0.6708  0.000e+00
      8.521     8.0087   3.419593    32.8292        163     0.6750  0.000e+00
      8.666     7.8515   3.410834    32.8834        164     0.6792  0.000e+00
      8.793     7.7270   3.404747    32.9356        165     0.6833  0.000e+00
      8.908     7.6286   3.404128    33.0222        166     0.6875  0.000e+00
      9.022     7.5529   3.406279    33.1174        167     0.6917  0.000e+00
      9.125     7.4984   3.410500    33.2151        168     0.6958  0.000e+00
      9.232     7.4611   3.414766    33.2969        169     0.7000  0.000e+00
      9.339     7.4368   3.419010    33.3662        170     0.7042  0.000e+00
      9.447     7.4226   3.426214    33.4580        171     0.7083  0.000e+00
      9.565     7.4176   3.436098    33.5699        172     0.7125  0.000e+00
      9.684     7.4232   3.453401    33.7523        173     0.7167  0.000e+00
      9.816     7.4385   3.472552    33.9452        174     0.7208  0.000e+00
      9.947     7.4591   3.494366    34.1619        175     0.7250  0.000e+00
     10.095     7.4719   3.505017    34.2649        176     0.7292  0.000e+00
     10.229     7.4720   3.509476    34.3131        177     0.7333  0.000e+00
     10.376     7.4666   3.511963    34.3454        178     0.7375  0.000e+00
     10.526     7.4626   3.511151    34.3405        179     0.7417  0.000e+00
     10.681     7.4640   3.504992    34.2721        180     0.7458  0.000e+00
     10.841     7.4689   3.482735    34.0254        181     0.7500  0.000e+00
     10.999     7.4713   3.462432    33.8027        182     0.7542  0.000e+00
     11.161     7.4673   3.445325    33.6210        183     0.7583  0.000e+00
     11.324     7.4539   3.430557    33.4739        184     0.7625  0.000e+00
     11.487     7.4395   3.422514    33.4005        185     0.7667  0.000e+00
     11.645     7.4296   3.416638    33.3464        186     0.7708  0.000e+00
     11.806     7.4230   3.411856    33.3008        187     0.7750  0.000e+00
     11.958     7.4186   3.409166    33.2758        188     0.7792  0.000e+00
     12.116     7.4176   3.407535    33.2590        189     0.7833  0.000e+00
     12.259     7.4187   3.406551    33.2472        190     0.7875  0.000e+00
     12.407     7.4206   3.407855    33.2594        191     0.7917  0.000e+00
     12.550     7.4229   3.409323    33.2730        192     0.7958  0.000e+00
     12.691     7.4251   3.409643    33.2744        193     0.8000  0.000e+00
     12.832     7.4250   3.409718    33.2752        194     0.8042  0.000e+00
     12.966     7.4249   3.409436    33.2721        195     0.8083  0.000e+00
     13.102     7.4268   3.409893    33.2752        196     0.8125  0.000e+00
     13.238     7.4309   3.410759    33.2806        197     0.8167  0.000e+00
     13.379     7.4362   3.412233    33.2914        198     0.8208  0.000e+00
     13.520     7.4415   3.413017    33.2948        199     0.8250  0.000e+00
     13.661     7.4492   3.413726    33.2950        200     0.8292  0.000e+00
     13.805     7.4574   3.414849    33.2991        201     0.8333  0.000e+00
     13.944     7.4647   3.416324    33.3081        202     0.8375  0.000e+00
     14.080     7.4713   3.419055    33.3312        203     0.8417  0.000e+00
     14.217     7.4788   3.421466    33.3500        204     0.8458  0.000e+00
     14.363     7.4876   3.426071    33.3914        205     0.8500  0.000e+00
     14.503     7.4970   3.431985    33.4462        206     0.8542  0.000e+00
     14.657     7.5081   3.438992    33.5112        207     0.8583  0.000e+00
     14.804     7.5210   3.442737    33.5392        208     0.8625  0.000e+00
     14.961     7.5342   3.444355    33.5439        209     0.8667  0.000e+00
     15.117     7.5454   3.444147    33.5307        210     0.8708  0.000e+00
     15.278     7.5542   3.441126    33.4895        211     0.8750  0.000e+00
     15.437     7.5598   3.440163    33.4736        212     0.8792  0.000e+00
     15.600     7.5613   3.436413    33.4316        213     0.8833  0.000e+00
     15.758     7.5594   3.429363    33.3572        214     0.8875  0.000e+00
     15.921     7.5561   3.422986    33.2914        215     0.8917  0.000e+00
