HB2502/sbe035.cnv
* Sea-Bird SBE 19plus V2 Data File:
* FileName = C:\cruise\data\sbe035.hex
* Software Version Seasave V 7.26.7.121
* Temperature SN = 6128
* Conductivity SN = 6128
* System UpLoad Time = Mar 20 2025 12:02:18
* NMEA Latitude = 39 17.85 N
* NMEA Longitude = 072 47.93 W
* NMEA UTC (Time) = Mar 20 2025  12:01:07
** Ship: Henry Bigelow
** Cruise:  HB2502
** Program:  Spring Bottom Trawl
# nquan = 7
# nvalues = 2095                                  
# units = specified
# name 0 = depSM: Depth [salt water, m]
# name 1 = tv290C: Temperature [ITS-90, deg C]
# name 2 = c0S/m: Conductivity [S/m]
# name 3 = sal00: Salinity, Practical [PSU]
# name 4 = scan: Scan Count
# name 5 = timeM: Time, Elapsed [minutes]
# name 6 = flag:  0.000e+00
# span 0 =     -0.045,     78.348                 
# span 1 =     6.7070,     6.9799                 
# span 2 =   0.007940,   3.367682                 
# span 3 =     0.0569,    33.3358                 
# span 4 =         11,       2105                 
# span 5 =     0.0417,     8.7667                 
# span 6 = 0.0000e+00, 0.0000e+00                 
# interval = seconds: 0.25
# start_time = Mar 20 2025 12:01:07 [NMEA time, header]
# bad_flag = -9.990e-29
*END*
[from data line 1026]
     60.584     6.8847   3.365381    33.2897       1037     4.3167  0.000e+00
     60.446     6.8884   3.365550    33.2880       1038     4.3208  0.000e+00
     60.317     6.8922   3.365943    33.2887       1039     4.3250  0.000e+00
     60.203     6.8960   3.365999    33.2857       1040     4.3292  0.000e+00
     60.091     6.8996   3.366030    33.2826       1041     4.3333  0.000e+00
     59.993     6.9022   3.365943    33.2792       1042     4.3375  0.000e+00
     59.890     6.9043   3.365936    33.2771       1043     4.3417  0.000e+00
     59.792     6.9056   3.365811    33.2745       1044     4.3458  0.000e+00
     59.695     6.9063   3.365811    33.2739       1045     4.3500  0.000e+00
     59.597     6.9068   3.365811    33.2735       1046     4.3542  0.000e+00
     59.494     6.9075   3.365793    33.2727       1047     4.3583  0.000e+00
     59.385     6.9080   3.365811    33.2724       1048     4.3625  0.000e+00
     59.274     6.9085   3.365836    33.2723       1049     4.3667  0.000e+00
     59.167     6.9088   3.365749    33.2711       1050     4.3708  0.000e+00
     59.058     6.9093   3.365774    33.2709       1051     4.3750  0.000e+00
     58.951     6.9095   3.365705    33.2700       1052     4.3792  0.000e+00
     58.848     6.9099   3.365705    33.2697       1053     4.3833  0.000e+00
     58.754     6.9107   3.365774    33.2697       1054     4.3875  0.000e+00
     58.657     6.9118   3.365811    33.2691       1055     4.3917  0.000e+00
     58.566     6.9130   3.365855    33.2685       1056     4.3958  0.000e+00
     58.479     6.9143   3.365923    33.2680       1057     4.4000  0.000e+00
     58.381     6.9152   3.365954    33.2676       1058     4.4042  0.000e+00
     58.279     6.9165   3.366004    33.2669       1059     4.4083  0.000e+00
     58.174     6.9175   3.366079    33.2668       1060     4.4125  0.000e+00
     58.061     6.9189   3.366048    33.2652       1061     4.4167  0.000e+00
     57.934     6.9202   3.365998    33.2634       1062     4.4208  0.000e+00
     57.802     6.9214   3.365923    33.2614       1063     4.4250  0.000e+00
     57.655     6.9224   3.365617    33.2572       1064     4.4292  0.000e+00
     57.503     6.9230   3.365243    33.2526       1065     4.4333  0.000e+00
     57.349     6.9228   3.364587    33.2457       1066     4.4375  0.000e+00
     57.191     6.9212   3.364282    33.2440       1067     4.4417  0.000e+00
     57.034     6.9191   3.364307    33.2463       1068     4.4458  0.000e+00
     56.887     6.9183   3.365667    33.2621       1069     4.4500  0.000e+00
     56.746     6.9227   3.366865    33.2711       1070     4.4542  0.000e+00
     56.629     6.9315   3.367589    33.2705       1071     4.4583  0.000e+00
     56.524     6.9416   3.367682    33.2619       1072     4.4625  0.000e+00
     56.431     6.9506   3.367588    33.2522       1073     4.4667  0.000e+00
     56.367     6.9564   3.367557    33.2462       1074     4.4708  0.000e+00
     56.318     6.9601   3.367551    33.2426       1075     4.4750  0.000e+00
     56.290     6.9622   3.367445    33.2394       1076     4.4792  0.000e+00
     56.273     6.9632   3.367426    33.2383       1077     4.4833  0.000e+00
     56.266     6.9634   3.367345    33.2372       1078     4.4875  0.000e+00
     56.272     6.9635   3.367295    33.2365       1079     4.4917  0.000e+00
     56.270     6.9633   3.367326    33.2371       1080     4.4958  0.000e+00
     56.268     6.9633   3.367363    33.2375       1081     4.5000  0.000e+00
     56.257     6.9633   3.367345    33.2373       1082     4.5042  0.000e+00
     56.235     6.9633   3.367170    33.2354       1083     4.5083  0.000e+00
     56.208     6.9630   3.367020    33.2341       1084     4.5125  0.000e+00
     56.157     6.9622   3.366820    33.2326       1085     4.5167  0.000e+00
     56.097     6.9614   3.366671    33.2318       1086     4.5208  0.000e+00
     56.024     6.9604   3.366477    33.2307       1087     4.5250  0.000e+00
     55.929     6.9595   3.365872    33.2250       1088     4.5292  0.000e+00
     55.833     6.9575   3.365491    33.2228       1089     4.5333  0.000e+00
     55.732     6.9547   3.364911    33.2191       1090     4.5375  0.000e+00
     55.637     6.9517   3.364711    33.2199       1091     4.5417  0.000e+00
     55.535     6.9488   3.364306    33.2184       1092     4.5458  0.000e+00
     55.433     6.9461   3.363913    33.2167       1093     4.5500  0.000e+00
     55.340     6.9432   3.363295    33.2128       1094     4.5542  0.000e+00
     55.239     6.9400   3.362628    33.2086       1095     4.5583  0.000e+00
     55.134     6.9363   3.361967    33.2050       1096     4.5625  0.000e+00
     55.028     6.9320   3.361237    33.2012       1097     4.5667  0.000e+00
     54.915     6.9274   3.360314    33.1955       1098     4.5708  0.000e+00
     54.798     6.9221   3.360033    33.1977       1099     4.5750  0.000e+00
     54.664     6.9175   3.359809    33.1997       1100     4.5792  0.000e+00
     54.530     6.9144   3.359454    33.1989       1101     4.5833  0.000e+00
     54.389     6.9123   3.359036    33.1964       1102     4.5875  0.000e+00
     54.242     6.9117   3.358830    33.1948       1103     4.5917  0.000e+00
     54.094     6.9117   3.358406    33.1903       1104     4.5958  0.000e+00
     53.951     6.9118   3.357845    33.1841       1105     4.6000  0.000e+00
     53.806     6.9118   3.357284    33.1779       1106     4.6042  0.000e+00
     53.671     6.9110   3.356598    33.1713       1107     4.6083  0.000e+00
     53.544     6.9092   3.356193    33.1687       1108     4.6125  0.000e+00
     53.422     6.9071   3.355613    33.1643       1109     4.6167  0.000e+00
     53.307     6.9056   3.355420    33.1637       1110     4.6208  0.000e+00
     53.196     6.9051   3.355408    33.1642       1111     4.6250  0.000e+00
     53.102     6.9051   3.355464    33.1648       1112     4.6292  0.000e+00
     53.020     6.9056   3.355370    33.1633       1113     4.6333  0.000e+00
     52.948     6.9063   3.355227    33.1611       1114     4.6375  0.000e+00
     52.880     6.9067   3.354541    33.1533       1115     4.6417  0.000e+00
     52.834     6.9065   3.353881    33.1462       1116     4.6458  0.000e+00
     52.800     6.9057   3.353494    33.1428       1117     4.6500  0.000e+00
     52.778     6.9045   3.353052    33.1391       1118     4.6542  0.000e+00
     52.763     6.9029   3.352828    33.1382       1119     4.6583  0.000e+00
     52.758     6.9014   3.352703    33.1383       1120     4.6625  0.000e+00
     52.760     6.9002   3.352591    33.1382       1121     4.6667  0.000e+00
     52.758     6.8992   3.352485    33.1380       1122     4.6708  0.000e+00
     52.771     6.8985   3.352417    33.1379       1123     4.6750  0.000e+00
     52.782     6.8979   3.352423    33.1386       1124     4.6792  0.000e+00
     52.795     6.8975   3.352498    33.1397       1125     4.6833  0.000e+00
     52.804     6.8974   3.352485    33.1397       1126     4.6875  0.000e+00
     52.813     6.8971   3.352479    33.1399       1127     4.6917  0.000e+00
     52.816     6.8970   3.352423    33.1394       1128     4.6958  0.000e+00
     52.810     6.8970   3.352379    33.1389       1129     4.7000  0.000e+00
     52.796     6.8967   3.352298    33.1383       1130     4.7042  0.000e+00
     52.770     6.8965   3.352142    33.1368       1131     4.7083  0.000e+00
     52.732     6.8962   3.352055    33.1361       1132     4.7125  0.000e+00
     52.685     6.8958   3.352037    33.1364       1133     4.7167  0.000e+00
     52.623     6.8957   3.351887    33.1349       1134     4.7208  0.000e+00
     52.549     6.8953   3.351825    33.1346       1135     4.7250  0.000e+00
     52.458     6.8949   3.351694    33.1336       1136     4.7292  0.000e+00
     52.339     6.8946   3.351463    33.1314       1137     4.7333  0.000e+00
     52.216     6.8940   3.351413    33.1315       1138     4.7375  0.000e+00
     52.070     6.8934   3.351033    33.1280       1139     4.7417  0.000e+00
     51.909     6.8924   3.350622    33.1245       1140     4.7458  0.000e+00
     51.741     6.8912   3.350286    33.1220       1141     4.7500  0.000e+00
     51.559     6.8898   3.349769    33.1178       1142     4.7542  0.000e+00
     51.368     6.8882   3.349233    33.1136       1143     4.7583  0.000e+00
     51.185     6.8863   3.348274    33.1050       1144     4.7625  0.000e+00
     50.998     6.8840   3.347328    33.0969       1145     4.7667  0.000e+00
     50.821     6.8810   3.346587    33.0917       1146     4.7708  0.000e+00
     50.661     6.8781   3.346051    33.0888       1147     4.7750  0.000e+00
     50.504     6.8759   3.345323    33.0830       1148     4.7792  0.000e+00
     50.368     6.8738   3.345167    33.0833       1149     4.7833  0.000e+00
     50.247     6.8721   3.344918    33.0823       1150     4.7875  0.000e+00
     50.137     6.8707   3.344557    33.0797       1151     4.7917  0.000e+00
     50.047     6.8697   3.344277    33.0777       1152     4.7958  0.000e+00
     49.974     6.8688   3.344234    33.0781       1153     4.8000  0.000e+00
     49.924     6.8681   3.344234    33.0789       1154     4.8042  0.000e+00
     49.881     6.8676   3.343916    33.0758       1155     4.8083  0.000e+00
     49.852     6.8671   3.343686    33.0737       1156     4.8125  0.000e+00
     49.836     6.8667   3.343381    33.0708       1157     4.8167  0.000e+00
     49.834     6.8662   3.343294    33.0703       1158     4.8208  0.000e+00
     49.841     6.8656   3.343263    33.0706       1159     4.8250  0.000e+00
     49.853     6.8653   3.343188    33.0701       1160     4.8292  0.000e+00
     49.865     6.8651   3.343182    33.0702       1161     4.8333  0.000e+00
     49.889     6.8648   3.343169    33.0703       1162     4.8375  0.000e+00
     49.907     6.8647   3.343188    33.0706       1163     4.8417  0.000e+00
     49.931     6.8647   3.343120    33.0698       1164     4.8458  0.000e+00
     49.938     6.8647   3.343057    33.0692       1165     4.8500  0.000e+00
     49.948     6.8645   3.343057    33.0694       1166     4.8542  0.000e+00
     49.949     6.8644   3.343039    33.0693       1167     4.8583  0.000e+00
     49.938     6.8641   3.342976    33.0688       1168     4.8625  0.000e+00
     49.908     6.8641   3.342958    33.0686       1169     4.8667  0.000e+00
     49.873     6.8641   3.343020    33.0694       1170     4.8708  0.000e+00
     49.817     6.8639   3.342976    33.0691       1171     4.8750  0.000e+00
     49.740     6.8640   3.343039    33.0698       1172     4.8792  0.000e+00
     49.654     6.8641   3.343020    33.0695       1173     4.8833  0.000e+00
     49.558     6.8639   3.343039    33.0699       1174     4.8875  0.000e+00
     49.439     6.8641   3.342547    33.0644       1175     4.8917  0.000e+00
     49.321     6.8637   3.341253    33.0506       1176     4.8958  0.000e+00
     49.205     6.8627   3.340842    33.0471       1177     4.9000  0.000e+00
     49.091     6.8618   3.340350    33.0427       1178     4.9042  0.000e+00
     48.984     6.8612   3.339896    33.0383       1179     4.9083  0.000e+00
     48.873     6.8606   3.339392    33.0334       1180     4.9125  0.000e+00
     48.781     6.8603   3.338522    33.0242       1181     4.9167  0.000e+00
     48.708     6.8602   3.338329    33.0222       1182     4.9208  0.000e+00
     48.647     6.8599   3.338347    33.0227       1183     4.9250  0.000e+00
     48.593     6.8599   3.338279    33.0219       1184     4.9292  0.000e+00
     48.558     6.8600   3.338260    33.0217       1185     4.9333  0.000e+00
     48.531     6.8600   3.338235    33.0214       1186     4.9375  0.000e+00
     48.504     6.8602   3.338092    33.0197       1187     4.9417  0.000e+00
     48.474     6.8599   3.337812    33.0169       1188     4.9458  0.000e+00
     48.445     6.8592   3.337588    33.0152       1189     4.9500  0.000e+00
     48.418     6.8582   3.337452    33.0146       1190     4.9542  0.000e+00
     48.367     6.8574   3.337365    33.0145       1191     4.9583  0.000e+00
     48.306     6.8568   3.337346    33.0148       1192     4.9625  0.000e+00
     48.225     6.8563   3.337302    33.0149       1193     4.9667  0.000e+00
     48.134     6.8560   3.337284    33.0151       1194     4.9708  0.000e+00
     48.017     6.8559   3.337153    33.0137       1195     4.9750  0.000e+00
     47.886     6.8562   3.336854    33.0103       1196     4.9792  0.000e+00
     47.733     6.8568   3.336537    33.0063       1197     4.9833  0.000e+00
     47.572     6.8571   3.336152    33.0019       1198     4.9875  0.000e+00
     47.406     6.8569   3.335604    32.9961       1199     4.9917  0.000e+00
     47.240     6.8564   3.335238    32.9927       1200     4.9958  0.000e+00
     47.076     6.8561   3.335045    32.9909       1201     5.0000  0.000e+00
     46.926     6.8563   3.334734    32.9873       1202     5.0042  0.000e+00
     46.780     6.8570   3.334578    32.9850       1203     5.0083  0.000e+00
     46.656     6.8576   3.334435    32.9830       1204     5.0125  0.000e+00
     46.552     6.8588   3.334112    32.9784       1205     5.0167  0.000e+00
     46.465     6.8599   3.333708    32.9728       1206     5.0208  0.000e+00
     46.399     6.8607   3.333521    32.9700       1207     5.0250  0.000e+00
     46.368     6.8610   3.333515    32.9697       1208     5.0292  0.000e+00
     46.359     6.8613   3.333490    32.9692       1209     5.0333  0.000e+00
     46.379     6.8613   3.333503    32.9693       1210     5.0375  0.000e+00
     46.424     6.8613   3.333490    32.9691       1211     5.0417  0.000e+00
     46.482     6.8613   3.333521    32.9695       1212     5.0458  0.000e+00
     46.558     6.8613   3.333602    32.9704       1213     5.0500  0.000e+00
     46.640     6.8614   3.333789    32.9723       1214     5.0542  0.000e+00
     46.720     6.8615   3.333969    32.9741       1215     5.0583  0.000e+00
     46.809     6.8616   3.334193    32.9763       1216     5.0625  0.000e+00
     46.883     6.8618   3.334342    32.9778       1217     5.0667  0.000e+00
     46.955     6.8617   3.334473    32.9793       1218     5.0708  0.000e+00
     47.021     6.8614   3.334491    32.9797       1219     5.0750  0.000e+00
     47.070     6.8611   3.334554    32.9807       1220     5.0792  0.000e+00
     47.094     6.8605   3.334560    32.9813       1221     5.0833  0.000e+00
     47.085     6.8599   3.334535    32.9816       1222     5.0875  0.000e+00
     47.040     6.8596   3.334616    32.9829       1223     5.0917  0.000e+00
     46.972     6.8597   3.334516    32.9817       1224     5.0958  0.000e+00
     46.867     6.8602   3.334069    32.9763       1225     5.1000  0.000e+00
     46.738     6.8607   3.333602    32.9708       1226     5.1042  0.000e+00
     46.583     6.8611   3.333366    32.9679       1227     5.1083  0.000e+00
     46.417     6.8610   3.332129    32.9545       1228     5.1125  0.000e+00
     46.231     6.8597   3.330836    32.9417       1229     5.1167  0.000e+00
     46.034     6.8567   3.329792    32.9332       1230     5.1208  0.000e+00
     45.842     6.8527   3.328960    32.9280       1231     5.1250  0.000e+00
     45.654     6.8488   3.328370    32.9253       1232     5.1292  0.000e+00
     45.470     6.8452   3.328115    32.9261       1233     5.1333  0.000e+00
     45.305     6.8421   3.327972    32.9276       1234     5.1375  0.000e+00
     45.169     6.8398   3.327313    32.9226       1235     5.1417  0.000e+00
     45.052     6.8372   3.327245    32.9244       1236     5.1458  0.000e+00
     44.958     6.8349   3.326866    32.9225       1237     5.1500  0.000e+00
     44.881     6.8327   3.326611    32.9218       1238     5.1542  0.000e+00
     44.831     6.8309   3.326202    32.9191       1239     5.1583  0.000e+00
     44.788     6.8289   3.326077    32.9197       1240     5.1625  0.000e+00
