HB2502/sbe020.cnv
* Sea-Bird SBE 19plus V2 Data File:
* FileName = C:\cruise\data\sbe020.hex
* Software Version Seasave V 7.26.7.121
* Temperature SN = 6128
* Conductivity SN = 6128
* System UpLoad Time = Mar 13 2025 20:51:23
* NMEA Latitude = 35 29.34 N
* NMEA Longitude = 075 14.19 W
* NMEA UTC (Time) = Mar 13 2025  20:50:06
** Ship: Henry Bigelow
** Cruise:  HB2502
** Program:  Spring Bottom Trawl
# nquan = 7
# nvalues = 770                                   
# units = specified
# name 0 = depSM: Depth [salt water, m]
# name 1 = tv290C: Temperature [ITS-90, deg C]
# name 2 = c0S/m: Conductivity [S/m]
# name 3 = sal00: Salinity, Practical [PSU]
# name 4 = scan: Scan Count
# name 5 = timeM: Time, Elapsed [minutes]
# name 6 = flag:  0.000e+00
# span 0 =     -0.074,     28.332                 
# span 1 =    15.1004,    17.0225                 
# span 2 =   0.355313,   4.648837                 
# span 3 =     2.3350,    36.5011                 
# span 4 =         11,        780                 
# span 5 =     0.0417,     3.2458                 
# span 6 = 0.0000e+00, 0.0000e+00                 
# interval = seconds: 0.25
# start_time = Mar 13 2025 20:50:06 [NMEA time, header]
# bad_flag = -9.990e-29
*END*
[from data line 411]
     23.137    16.2019   4.538147    36.1280        422     1.7542  0.000e+00
     23.136    16.2067   4.537816    36.1207        423     1.7583  0.000e+00
     23.149    16.2087   4.537591    36.1168        424     1.7625  0.000e+00
     23.163    16.2089   4.537111    36.1123        425     1.7667  0.000e+00
     23.163    16.2082   4.537161    36.1135        426     1.7708  0.000e+00
     23.166    16.2073   4.537245    36.1150        427     1.7750  0.000e+00
     23.185    16.2068   4.537774    36.1202        428     1.7792  0.000e+00
     23.208    16.2077   4.538196    36.1231        429     1.7833  0.000e+00
     23.230    16.2099   4.538147    36.1207        430     1.7875  0.000e+00
     23.243    16.2109   4.538204    36.1202        431     1.7917  0.000e+00
     23.265    16.2117   4.537851    36.1164        432     1.7958  0.000e+00
     23.284    16.2114   4.537696    36.1152        433     1.8000  0.000e+00
     23.300    16.2108   4.537534    36.1144        434     1.8042  0.000e+00
     23.304    16.2099   4.537034    36.1107        435     1.8083  0.000e+00
     23.302    16.2081   4.536576    36.1083        436     1.8125  0.000e+00
     23.295    16.2054   4.537379    36.1179        437     1.8167  0.000e+00
     23.288    16.2048   4.537851    36.1226        438     1.8208  0.000e+00
     23.266    16.2068   4.538204    36.1240        439     1.8250  0.000e+00
     23.241    16.2090   4.537619    36.1168        440     1.8292  0.000e+00
     23.217    16.2100   4.538598    36.1246        441     1.8333  0.000e+00
     23.186    16.2119   4.538838    36.1250        442     1.8375  0.000e+00
     23.163    16.2147   4.539014    36.1241        443     1.8417  0.000e+00
     23.144    16.2165   4.538760    36.1201        444     1.8458  0.000e+00
     23.121    16.2174   4.538654    36.1184        445     1.8500  0.000e+00
     23.112    16.2171   4.538147    36.1142        446     1.8542  0.000e+00
     23.115    16.2158   4.536900    36.1042        447     1.8583  0.000e+00
     23.115    16.2122   4.535548    36.0954        448     1.8625  0.000e+00
     23.121    16.2060   4.535935    36.1045        449     1.8667  0.000e+00
     23.131    16.2019   4.537006    36.1178        450     1.8708  0.000e+00
     23.155    16.2016   4.538359    36.1301        451     1.8750  0.000e+00
     23.176    16.2051   4.538415    36.1275        452     1.8792  0.000e+00
     23.196    16.2086   4.538041    36.1209        453     1.8833  0.000e+00
     23.214    16.2105   4.538119    36.1199        454     1.8875  0.000e+00
     23.246    16.2112   4.538203    36.1200        455     1.8917  0.000e+00
     23.276    16.2119   4.538577    36.1227        456     1.8958  0.000e+00
     23.297    16.2130   4.538521    36.1211        457     1.9000  0.000e+00
     23.324    16.2137   4.537964    36.1155        458     1.9042  0.000e+00
     23.356    16.2130   4.537802    36.1147        459     1.9083  0.000e+00
     23.390    16.2120   4.537724    36.1149        460     1.9125  0.000e+00
     23.423    16.2110   4.537506    36.1139        461     1.9167  0.000e+00
     23.463    16.2099   4.536752    36.1082        462     1.9208  0.000e+00
     23.491    16.2073   4.537140    36.1139        463     1.9250  0.000e+00
     23.514    16.2060   4.537217    36.1158        464     1.9292  0.000e+00
     23.539    16.2058   4.537246    36.1162        465     1.9333  0.000e+00
     23.561    16.2056   4.536555    36.1102        466     1.9375  0.000e+00
     23.581    16.2042   4.535654    36.1034        467     1.9417  0.000e+00
     23.589    16.2006   4.534189    36.0936        468     1.9458  0.000e+00
     23.576    16.1949   4.531569    36.0755        469     1.9500  0.000e+00
     23.552    16.1848   4.528915    36.0610        470     1.9542  0.000e+00
     23.527    16.1717   4.527564    36.0608        471     1.9583  0.000e+00
     23.496    16.1588   4.527613    36.0730        472     1.9625  0.000e+00
     23.463    16.1491   4.526346    36.0705        473     1.9667  0.000e+00
     23.429    16.1412   4.525629    36.0713        474     1.9708  0.000e+00
     23.410    16.1338   4.524439    36.0674        475     1.9750  0.000e+00
     23.391    16.1263   4.523644    36.0671        476     1.9792  0.000e+00
     23.371    16.1190   4.523187    36.0696        477     1.9833  0.000e+00
     23.369    16.1128   4.522322    36.0676        478     1.9875  0.000e+00
     23.374    16.1069   4.521077    36.0618        479     1.9917  0.000e+00
     23.383    16.1005   4.520817    36.0653        480     1.9958  0.000e+00
     23.408    16.0951   4.520732    36.0695        481     2.0000  0.000e+00
     23.430    16.0913   4.521605    36.0807        482     2.0042  0.000e+00
     23.455    16.0907   4.521844    36.0834        483     2.0083  0.000e+00
     23.486    16.0920   4.521661    36.0805        484     2.0125  0.000e+00
     23.509    16.0925   4.521154    36.0755        485     2.0167  0.000e+00
     23.532    16.0919   4.520958    36.0743        486     2.0208  0.000e+00
     23.544    16.0903   4.520943    36.0756        487     2.0250  0.000e+00
     23.556    16.0895   4.521605    36.0822        488     2.0292  0.000e+00
     23.558    16.0902   4.522850    36.0928        489     2.0333  0.000e+00
     23.559    16.0932   4.523434    36.0952        490     2.0375  0.000e+00
     23.550    16.0973   4.523483    36.0919        491     2.0417  0.000e+00
     23.545    16.1004   4.523377    36.0882        492     2.0458  0.000e+00
     23.539    16.1023   4.523406    36.0868        493     2.0500  0.000e+00
     23.534    16.1035   4.523645    36.0877        494     2.0542  0.000e+00
     23.527    16.1047   4.523856    36.0886        495     2.0583  0.000e+00
     23.516    16.1062   4.523990    36.0884        496     2.0625  0.000e+00
     23.512    16.1077   4.524679    36.0932        497     2.0667  0.000e+00
     23.508    16.1098   4.524306    36.0880        498     2.0708  0.000e+00
     23.500    16.1107   4.524679    36.0905        499     2.0750  0.000e+00
     23.497    16.1119   4.525207    36.0941        500     2.0792  0.000e+00
     23.500    16.1144   4.526741    36.1056        501     2.0833  0.000e+00
     23.497    16.1189   4.526987    36.1036        502     2.0875  0.000e+00
     23.498    16.1244   4.528120    36.1088        503     2.0917  0.000e+00
     23.500    16.1296   4.528120    36.1040        504     2.0958  0.000e+00
     23.491    16.1340   4.528043    36.0994        505     2.1000  0.000e+00
     23.474    16.1362   4.528015    36.0971        506     2.1042  0.000e+00
     23.458    16.1375   4.528092    36.0966        507     2.1083  0.000e+00
     23.437    16.1381   4.528493    36.0997        508     2.1125  0.000e+00
     23.422    16.1393   4.528148    36.0955        509     2.1167  0.000e+00
     23.395    16.1396   4.526931    36.0844        510     2.1208  0.000e+00
     23.377    16.1371   4.526346    36.0814        511     2.1250  0.000e+00
     23.368    16.1337   4.525840    36.0800        512     2.1292  0.000e+00
     23.357    16.1297   4.525024    36.0763        513     2.1333  0.000e+00
     23.352    16.1251   4.524489    36.0758        514     2.1375  0.000e+00
     23.360    16.1205   4.524095    36.0765        515     2.1417  0.000e+00
     23.373    16.1166   4.523750    36.0769        516     2.1458  0.000e+00
     23.386    16.1132   4.523089    36.0741        517     2.1500  0.000e+00
     23.409    16.1095   4.522829    36.0751        518     2.1542  0.000e+00
     23.433    16.1064   4.523251    36.0817        519     2.1583  0.000e+00
     23.458    16.1048   4.523166    36.0824        520     2.1625  0.000e+00
     23.485    16.1042   4.523483    36.0858        521     2.1667  0.000e+00
     23.516    16.1045   4.523694    36.0873        522     2.1708  0.000e+00
     23.544    16.1054   4.523778    36.0872        523     2.1750  0.000e+00
     23.565    16.1067   4.523884    36.0870        524     2.1792  0.000e+00
     23.585    16.1074   4.523567    36.0835        525     2.1833  0.000e+00
     23.596    16.1073   4.523884    36.0864        526     2.1875  0.000e+00
     23.602    16.1074   4.523947    36.0869        527     2.1917  0.000e+00
     23.603    16.1079   4.523617    36.0835        528     2.1958  0.000e+00
     23.603    16.1080   4.523223    36.0799        529     2.2000  0.000e+00
     23.597    16.1069   4.522695    36.0762        530     2.2042  0.000e+00
     23.590    16.1046   4.522456    36.0761        531     2.2083  0.000e+00
     23.575    16.1023   4.521872    36.0730        532     2.2125  0.000e+00
     23.559    16.0998   4.521584    36.0727        533     2.2167  0.000e+00
     23.541    16.0971   4.521844    36.0775        534     2.2208  0.000e+00
     23.521    16.0957   4.522076    36.0809        535     2.2250  0.000e+00
     23.496    16.0953   4.522477    36.0848        536     2.2292  0.000e+00
     23.472    16.0962   4.522477    36.0840        537     2.2333  0.000e+00
     23.452    16.0973   4.522245    36.0810        538     2.2375  0.000e+00
     23.436    16.0973   4.522456    36.0829        539     2.2417  0.000e+00
     23.423    16.0976   4.522561    36.0835        540     2.2458  0.000e+00
     23.408    16.0980   4.522611    36.0836        541     2.2500  0.000e+00
     23.396    16.0986   4.522716    36.0840        542     2.2542  0.000e+00
     23.393    16.0995   4.523089    36.0866        543     2.2583  0.000e+00
     23.390    16.1007   4.523441    36.0886        544     2.2625  0.000e+00
     23.397    16.1024   4.523884    36.0910        545     2.2667  0.000e+00
     23.408    16.1045   4.524095    36.0909        546     2.2708  0.000e+00
     23.417    16.1069   4.524172    36.0895        547     2.2750  0.000e+00
     23.422    16.1082   4.524355    36.0899        548     2.2792  0.000e+00
     23.436    16.1099   4.524306    36.0879        549     2.2833  0.000e+00
     23.445    16.1106   4.524229    36.0866        550     2.2875  0.000e+00
     23.450    16.1111   4.524355    36.0873        551     2.2917  0.000e+00
     23.450    16.1114   4.524405    36.0875        552     2.2958  0.000e+00
     23.452    16.1117   4.524489    36.0879        553     2.3000  0.000e+00
     23.453    16.1122   4.524573    36.0882        554     2.3042  0.000e+00
     23.450    16.1128   4.524468    36.0867        555     2.3083  0.000e+00
     23.446    16.1129   4.524468    36.0866        556     2.3125  0.000e+00
     23.441    16.1130   4.524911    36.0905        557     2.3167  0.000e+00
     23.439    16.1139   4.525235    36.0926        558     2.3208  0.000e+00
     23.437    16.1156   4.525256    36.0912        559     2.3250  0.000e+00
     23.440    16.1170   4.524855    36.0864        560     2.3292  0.000e+00
     23.451    16.1169   4.524890    36.0868        561     2.3333  0.000e+00
     23.464    16.1164   4.524573    36.0844        562     2.3375  0.000e+00
     23.484    16.1156   4.524651    36.0858        563     2.3417  0.000e+00
     23.517    16.1149   4.524067    36.0812        564     2.3458  0.000e+00
     23.546    16.1136   4.523778    36.0798        565     2.3500  0.000e+00
     23.578    16.1114   4.523694    36.0810        566     2.3542  0.000e+00
     23.604    16.1098   4.523539    36.0810        567     2.3583  0.000e+00
     23.622    16.1086   4.523539    36.0821        568     2.3625  0.000e+00
     23.634    16.1076   4.523539    36.0830        569     2.3667  0.000e+00
     23.634    16.1073   4.523567    36.0836        570     2.3708  0.000e+00
     23.617    16.1071   4.523589    36.0840        571     2.3750  0.000e+00
     23.584    16.1071   4.523617    36.0842        572     2.3792  0.000e+00
     23.540    16.1070   4.523961    36.0874        573     2.3833  0.000e+00
     23.493    16.1076   4.523750    36.0850        574     2.3875  0.000e+00
     23.446    16.1080   4.523722    36.0844        575     2.3917  0.000e+00
     23.392    16.1076   4.522850    36.0770        576     2.3958  0.000e+00
     23.342    16.1061   4.523011    36.0798        577     2.4000  0.000e+00
     23.293    16.1048   4.523567    36.0860        578     2.4042  0.000e+00
     23.253    16.1046   4.523061    36.0817        579     2.4083  0.000e+00
     23.219    16.1045   4.523138    36.0825        580     2.4125  0.000e+00
     23.193    16.1040   4.523138    36.0829        581     2.4167  0.000e+00
     23.183    16.1037   4.523377    36.0854        582     2.4208  0.000e+00
     23.173    16.1041   4.523933    36.0900        583     2.4250  0.000e+00
     23.173    16.1056   4.524144    36.0905        584     2.4292  0.000e+00
     23.173    16.1076   4.524658    36.0932        585     2.4333  0.000e+00
     23.176    16.1099   4.524623    36.0908        586     2.4375  0.000e+00
     23.193    16.1116   4.524623    36.0893        587     2.4417  0.000e+00
     23.211    16.1126   4.524806    36.0900        588     2.4458  0.000e+00
     23.218    16.1138   4.524890    36.0897        589     2.4500  0.000e+00
     23.216    16.1148   4.524890    36.0887        590     2.4542  0.000e+00
     23.225    16.1155   4.524700    36.0865        591     2.4583  0.000e+00
     23.232    16.1156   4.523483    36.0754        592     2.4625  0.000e+00
     23.242    16.1131   4.523011    36.0735        593     2.4667  0.000e+00
     23.236    16.1095   4.523363    36.0799        594     2.4708  0.000e+00
     23.228    16.1074   4.523722    36.0850        595     2.4750  0.000e+00
     23.226    16.1070   4.523616    36.0845        596     2.4792  0.000e+00
     23.224    16.1070   4.523405    36.0826        597     2.4833  0.000e+00
     23.215    16.1065   4.523616    36.0849        598     2.4875  0.000e+00
     23.190    16.1064   4.524039    36.0889        599     2.4917  0.000e+00
     23.176    16.1075   4.524383    36.0909        600     2.4958  0.000e+00
     23.154    16.1092   4.524095    36.0868        601     2.5000  0.000e+00
     23.133    16.1099   4.523968    36.0850        602     2.5042  0.000e+00
     23.115    16.1101   4.525024    36.0943        603     2.5083  0.000e+00
     23.087    16.1114   4.523778    36.0819        604     2.5125  0.000e+00
     23.070    16.1114   4.523912    36.0831        605     2.5167  0.000e+00
     23.059    16.1107   4.524144    36.0859        606     2.5208  0.000e+00
     23.056    16.1104   4.523778    36.0829        607     2.5250  0.000e+00
     23.043    16.1099   4.523884    36.0843        608     2.5292  0.000e+00
     23.034    16.1092   4.524200    36.0877        609     2.5333  0.000e+00
     23.023    16.1097   4.524151    36.0869        610     2.5375  0.000e+00
     23.023    16.1101   4.524250    36.0874        611     2.5417  0.000e+00
     23.023    16.1107   4.524306    36.0874        612     2.5458  0.000e+00
     23.029    16.1111   4.524334    36.0872        613     2.5500  0.000e+00
     23.027    16.1117   4.524468    36.0879        614     2.5542  0.000e+00
     23.034    16.1119   4.524489    36.0879        615     2.5583  0.000e+00
     23.036    16.1126   4.524700    36.0891        616     2.5625  0.000e+00
     23.041    16.1133   4.524967    36.0909        617     2.5667  0.000e+00
     23.044    16.1145   4.525340    36.0931        618     2.5708  0.000e+00
     23.033    16.1166   4.525840    36.0957        619     2.5750  0.000e+00
     23.017    16.1186   4.526262    36.0977        620     2.5792  0.000e+00
     23.004    16.1210   4.526368    36.0964        621     2.5833  0.000e+00
     22.991    16.1232   4.527085    36.1009        622     2.5875  0.000e+00
     22.967    16.1263   4.528359    36.1094        623     2.5917  0.000e+00
     22.940    16.1308   4.526107    36.0852        624     2.5958  0.000e+00
     22.911    16.1310   4.526529    36.0888        625     2.6000  0.000e+00
