HB2502/sbe031.cnv
* Sea-Bird SBE 19plus V2 Data File:
* FileName = C:\cruise\data\sbe031.hex
* Software Version Seasave V 7.26.7.121
* Temperature SN = 6128
* Conductivity SN = 6128
* System UpLoad Time = Mar 19 2025 04:20:36
* NMEA Latitude = 38 44.81 N
* NMEA Longitude = 074 48.68 W
* NMEA UTC (Time) = Mar 19 2025  04:19:23
** Ship: Henry Bigelow
** Cruise:  HB2502
** Program:  Spring Bottom Trawl
# nquan = 7
# nvalues = 1249                                  
# units = specified
# name 0 = depSM: Depth [salt water, m]
# name 1 = tv290C: Temperature [ITS-90, deg C]
# name 2 = c0S/m: Conductivity [S/m]
# name 3 = sal00: Salinity, Practical [PSU]
# name 4 = scan: Scan Count
# name 5 = timeM: Time, Elapsed [minutes]
# name 6 = flag:  0.000e+00
# span 0 =      0.094,     15.563                 
# span 1 =     6.5150,     6.6766                 
# span 2 =   0.006825,   3.279921                 
# span 3 =     0.0491,    32.5848                 
# span 4 =         11,       1259                 
# span 5 =     0.0417,     5.2417                 
# span 6 = 0.0000e+00, 0.0000e+00                 
# interval = seconds: 0.25
# start_time = Mar 19 2025 04:19:23 [NMEA time, header]
# bad_flag = -9.990e-29
*END*
      0.255     6.5183   0.006930     0.0499         11     0.0417  0.000e+00
      0.259     6.5185   0.006933     0.0499         12     0.0458  0.000e+00
      0.255     6.5177   0.006936     0.0499         13     0.0500  0.000e+00
      0.264     6.5183   0.006927     0.0498         14     0.0542  0.000e+00
      0.264     6.5182   0.006930     0.0499         15     0.0583  0.000e+00
      0.260     6.5185   0.006936     0.0499         16     0.0625  0.000e+00
      0.255     6.5186   0.006927     0.0498         17     0.0667  0.000e+00
      0.259     6.5184   0.006930     0.0499         18     0.0708  0.000e+00
      0.258     6.5184   0.006918     0.0498         19     0.0750  0.000e+00
      0.258     6.5186   0.006918     0.0498         20     0.0792  0.000e+00
      0.260     6.5186   0.006924     0.0498         21     0.0833  0.000e+00
      0.255     6.5181   0.006924     0.0498         22     0.0875  0.000e+00
      0.255     6.5182   0.006918     0.0498         23     0.0917  0.000e+00
      0.253     6.5181   0.006918     0.0498         24     0.0958  0.000e+00
      0.249     6.5184   0.006918     0.0498         25     0.1000  0.000e+00
      0.249     6.5186   0.006906     0.0497         26     0.1042  0.000e+00
      0.249     6.5184   0.006912     0.0497         27     0.1083  0.000e+00
      0.244     6.5185   0.006918     0.0498         28     0.1125  0.000e+00
      0.247     6.5182   0.006918     0.0498         29     0.1167  0.000e+00
      0.251     6.5187   0.006912     0.0497         30     0.1208  0.000e+00
      0.247     6.5183   0.006906     0.0497         31     0.1250  0.000e+00
      0.243     6.5185   0.006906     0.0497         32     0.1292  0.000e+00
      0.243     6.5186   0.006894     0.0496         33     0.1333  0.000e+00
      0.245     6.5183   0.006900     0.0496         34     0.1375  0.000e+00
      0.243     6.5180   0.006906     0.0497         35     0.1417  0.000e+00
      0.249     6.5186   0.006900     0.0496         36     0.1458  0.000e+00
      0.241     6.5185   0.006900     0.0496         37     0.1500  0.000e+00
      0.244     6.5184   0.006897     0.0496         38     0.1542  0.000e+00
      0.241     6.5183   0.006900     0.0496         39     0.1583  0.000e+00
      0.240     6.5185   0.006900     0.0496         40     0.1625  0.000e+00
      0.238     6.5186   0.006903     0.0497         41     0.1667  0.000e+00
      0.246     6.5184   0.006900     0.0496         42     0.1708  0.000e+00
      0.242     6.5185   0.006912     0.0497         43     0.1750  0.000e+00
      0.240     6.5185   0.006912     0.0497         44     0.1792  0.000e+00
      0.235     6.5183   0.006906     0.0497         45     0.1833  0.000e+00
      0.238     6.5181   0.006912     0.0497         46     0.1875  0.000e+00
      0.241     6.5181   0.006912     0.0497         47     0.1917  0.000e+00
      0.244     6.5183   0.006900     0.0496         48     0.1958  0.000e+00
      0.242     6.5183   0.006894     0.0496         49     0.2000  0.000e+00
      0.240     6.5180   0.006903     0.0497         50     0.2042  0.000e+00
      0.239     6.5182   0.006900     0.0496         51     0.2083  0.000e+00
      0.241     6.5181   0.006891     0.0496         52     0.2125  0.000e+00
      0.234     6.5182   0.006894     0.0496         53     0.2167  0.000e+00
      0.234     6.5181   0.006888     0.0496         54     0.2208  0.000e+00
      0.237     6.5181   0.006891     0.0496         55     0.2250  0.000e+00
      0.239     6.5180   0.006888     0.0496         56     0.2292  0.000e+00
      0.236     6.5180   0.006888     0.0496         57     0.2333  0.000e+00
      0.234     6.5184   0.006891     0.0496         58     0.2375  0.000e+00
      0.236     6.5176   0.006894     0.0496         59     0.2417  0.000e+00
      0.236     6.5179   0.006885     0.0495         60     0.2458  0.000e+00
      0.238     6.5180   0.006891     0.0496         61     0.2500  0.000e+00
      0.240     6.5177   0.006888     0.0496         62     0.2542  0.000e+00
      0.243     6.5180   0.006894     0.0496         63     0.2583  0.000e+00
      0.241     6.5177   0.006891     0.0496         64     0.2625  0.000e+00
      0.238     6.5179   0.006888     0.0496         65     0.2667  0.000e+00
      0.234     6.5176   0.006888     0.0496         66     0.2708  0.000e+00
      0.236     6.5180   0.006885     0.0495         67     0.2750  0.000e+00
      0.237     6.5177   0.006888     0.0496         68     0.2792  0.000e+00
      0.238     6.5179   0.006885     0.0495         69     0.2833  0.000e+00
      0.238     6.5177   0.006882     0.0495         70     0.2875  0.000e+00
      0.236     6.5177   0.006885     0.0495         71     0.2917  0.000e+00
      0.241     6.5180   0.006885     0.0495         72     0.2958  0.000e+00
      0.235     6.5178   0.006885     0.0495         73     0.3000  0.000e+00
      0.238     6.5176   0.006879     0.0495         74     0.3042  0.000e+00
      0.236     6.5176   0.006885     0.0495         75     0.3083  0.000e+00
      0.237     6.5174   0.006882     0.0495         76     0.3125  0.000e+00
      0.239     6.5174   0.006888     0.0496         77     0.3167  0.000e+00
      0.236     6.5173   0.006885     0.0495         78     0.3208  0.000e+00
      0.229     6.5175   0.006882     0.0495         79     0.3250  0.000e+00
      0.232     6.5172   0.006885     0.0495         80     0.3292  0.000e+00
      0.234     6.5175   0.006879     0.0495         81     0.3333  0.000e+00
      0.232     6.5173   0.006867     0.0494         82     0.3375  0.000e+00
      0.234     6.5174   0.006873     0.0495         83     0.3417  0.000e+00
      0.231     6.5174   0.006879     0.0495         84     0.3458  0.000e+00
      0.233     6.5171   0.006876     0.0495         85     0.3500  0.000e+00
      0.231     6.5171   0.006879     0.0495         86     0.3542  0.000e+00
      0.231     6.5174   0.006879     0.0495         87     0.3583  0.000e+00
      0.226     6.5167   0.006867     0.0494         88     0.3625  0.000e+00
      0.231     6.5172   0.006873     0.0495         89     0.3667  0.000e+00
      0.230     6.5171   0.006867     0.0494         90     0.3708  0.000e+00
      0.234     6.5172   0.006873     0.0495         91     0.3750  0.000e+00
      0.234     6.5167   0.006873     0.0495         92     0.3792  0.000e+00
      0.234     6.5168   0.006861     0.0494         93     0.3833  0.000e+00
      0.233     6.5170   0.006873     0.0495         94     0.3875  0.000e+00
      0.233     6.5170   0.006861     0.0494         95     0.3917  0.000e+00
      0.237     6.5168   0.006867     0.0494         96     0.3958  0.000e+00
      0.233     6.5169   0.006873     0.0495         97     0.4000  0.000e+00
      0.235     6.5170   0.006855     0.0493         98     0.4042  0.000e+00
      0.232     6.5168   0.006861     0.0494         99     0.4083  0.000e+00
      0.229     6.5169   0.006861     0.0494        100     0.4125  0.000e+00
      0.231     6.5169   0.006861     0.0494        101     0.4167  0.000e+00
      0.235     6.5170   0.006852     0.0493        102     0.4208  0.000e+00
      0.228     6.5168   0.006855     0.0493        103     0.4250  0.000e+00
      0.233     6.5166   0.006861     0.0494        104     0.4292  0.000e+00
      0.237     6.5167   0.006855     0.0493        105     0.4333  0.000e+00
      0.229     6.5161   0.006855     0.0493        106     0.4375  0.000e+00
      0.233     6.5166   0.006855     0.0493        107     0.4417  0.000e+00
      0.234     6.5164   0.006855     0.0493        108     0.4458  0.000e+00
      0.218     6.5165   0.006855     0.0493        109     0.4500  0.000e+00
      0.227     6.5166   0.006855     0.0493        110     0.4542  0.000e+00
      0.238     6.5166   0.006855     0.0493        111     0.4583  0.000e+00
      0.235     6.5165   0.006861     0.0494        112     0.4625  0.000e+00
      0.238     6.5161   0.006861     0.0494        113     0.4667  0.000e+00
      0.236     6.5161   0.006861     0.0494        114     0.4708  0.000e+00
      0.230     6.5161   0.006861     0.0494        115     0.4750  0.000e+00
      0.237     6.5165   0.006855     0.0493        116     0.4792  0.000e+00
      0.238     6.5172   0.006855     0.0493        117     0.4833  0.000e+00
      0.238     6.5174   0.006855     0.0493        118     0.4875  0.000e+00
      0.235     6.5162   0.006855     0.0493        119     0.4917  0.000e+00
      0.233     6.5157   0.006852     0.0493        120     0.4958  0.000e+00
      0.234     6.5154   0.006855     0.0493        121     0.5000  0.000e+00
      0.232     6.5158   0.006855     0.0493        122     0.5042  0.000e+00
      0.232     6.5158   0.006852     0.0493        123     0.5083  0.000e+00
      0.229     6.5151   0.006849     0.0493        124     0.5125  0.000e+00
      0.232     6.5150   0.006849     0.0493        125     0.5167  0.000e+00
      0.232     6.5157   0.006840     0.0492        126     0.5208  0.000e+00
      0.228     6.5167   0.006849     0.0493        127     0.5250  0.000e+00
      0.220     6.5161   0.006825     0.0491        128     0.5292  0.000e+00
      0.225     6.5151   0.006837     0.0492        129     0.5333  0.000e+00
      0.319     6.5150   0.006831     0.0492        130     0.5375  0.000e+00
      0.657     6.5192   0.392247     3.2913        131     0.5417  0.000e+00
      0.915     6.5287   2.620375    25.5400        132     0.5458  0.000e+00
      1.164     6.5470   2.938178    28.9557        133     0.5500  0.000e+00
      1.399     6.5798   3.129086    31.0115        134     0.5542  0.000e+00
      1.597     6.6074   3.238335    32.1863        135     0.5583  0.000e+00
      1.767     6.6275   3.189656    31.6322        136     0.5625  0.000e+00
      1.922     6.6415   3.239607    32.1680        137     0.5667  0.000e+00
      2.052     6.6512   3.154120    31.2206        138     0.5708  0.000e+00
      2.159     6.6577   3.129401    30.9441        139     0.5750  0.000e+00
      2.247     6.6627   3.142751    31.0856        140     0.5792  0.000e+00
      2.326     6.6664   2.843909    27.8351        141     0.5833  0.000e+00
      2.406     6.6687   2.736626    26.6791        142     0.5875  0.000e+00
      2.484     6.6697   2.403688    23.1354        143     0.5917  0.000e+00
      2.575     6.6706   2.843985    27.8325        144     0.5958  0.000e+00
      2.668     6.6719   2.649368    25.7422        145     0.6000  0.000e+00
      2.768     6.6729   3.096687    30.5727        146     0.6042  0.000e+00
      2.866     6.6741   3.276728    32.5453        147     0.6083  0.000e+00
      2.973     6.6757   3.276833    32.5449        148     0.6125  0.000e+00
      3.085     6.6766   3.276919    32.5450        149     0.6167  0.000e+00
      3.196     6.6765   3.277827    32.5549        150     0.6208  0.000e+00
      3.319     6.6759   3.278710    32.5651        151     0.6250  0.000e+00
      3.435     6.6747   3.279420    32.5741        152     0.6292  0.000e+00
      3.556     6.6745   3.279816    32.5785        153     0.6333  0.000e+00
      3.675     6.6748   3.279921    32.5794        154     0.6375  0.000e+00
      3.790     6.6755   3.279686    32.5760        155     0.6417  0.000e+00
      3.908     6.6758   3.279359    32.5722        156     0.6458  0.000e+00
      4.019     6.6758   3.279130    32.5695        157     0.6500  0.000e+00
      4.118     6.6755   3.278939    32.5677        158     0.6542  0.000e+00
      4.225     6.6751   3.278760    32.5660        159     0.6583  0.000e+00
      4.327     6.6744   3.278605    32.5650        160     0.6625  0.000e+00
      4.434     6.6737   3.278210    32.5612        161     0.6667  0.000e+00
      4.475     6.6729   3.277815    32.5576        162     0.6708  0.000e+00
      4.472     6.6717   3.277531    32.5557        163     0.6750  0.000e+00
      4.402     6.6693   3.277210    32.5544        164     0.6792  0.000e+00
      4.321     6.6669   3.276981    32.5543        165     0.6833  0.000e+00
      4.270     6.6646   3.276895    32.5555        166     0.6875  0.000e+00
      4.250     6.6625   3.277055    32.5592        167     0.6917  0.000e+00
      4.262     6.6616   3.276938    32.5588        168     0.6958  0.000e+00
      4.266     6.6611   3.276790    32.5576        169     0.7000  0.000e+00
      4.272     6.6612   3.276815    32.5579        170     0.7042  0.000e+00
      4.288     6.6612   3.276913    32.5589        171     0.7083  0.000e+00
      4.308     6.6613   3.276920    32.5589        172     0.7125  0.000e+00
      4.339     6.6611   3.276938    32.5593        173     0.7167  0.000e+00
      4.371     6.6610   3.276981    32.5598        174     0.7208  0.000e+00
      4.413     6.6608   3.276975    32.5599        175     0.7250  0.000e+00
      4.453     6.6606   3.277043    32.5608        176     0.7292  0.000e+00
      4.500     6.6607   3.277062    32.5609        177     0.7333  0.000e+00
      4.546     6.6605   3.277105    32.5616        178     0.7375  0.000e+00
      4.582     6.6602   3.277056    32.5613        179     0.7417  0.000e+00
      4.613     6.6598   3.276938    32.5603        180     0.7458  0.000e+00
      4.637     6.6592   3.276772    32.5591        181     0.7500  0.000e+00
      4.646     6.6586   3.276605    32.5578        182     0.7542  0.000e+00
      4.635     6.6576   3.276395    32.5564        183     0.7583  0.000e+00
      4.610     6.6566   3.276204    32.5554        184     0.7625  0.000e+00
      4.570     6.6552   3.276018    32.5546        185     0.7667  0.000e+00
      4.517     6.6537   3.275913    32.5549        186     0.7708  0.000e+00
      4.457     6.6524   3.275833    32.5553        187     0.7750  0.000e+00
      4.392     6.6512   3.275765    32.5557        188     0.7792  0.000e+00
      4.308     6.6506   3.275771    32.5564        189     0.7833  0.000e+00
      4.223     6.6503   3.275833    32.5574        190     0.7875  0.000e+00
      4.131     6.6505   3.275938    32.5584        191     0.7917  0.000e+00
      4.032     6.6513   3.275981    32.5582        192     0.7958  0.000e+00
      3.938     6.6520   3.275938    32.5571        193     0.8000  0.000e+00
      3.840     6.6527   3.275833    32.5553        194     0.8042  0.000e+00
      3.750     6.6535   3.275456    32.5505        195     0.8083  0.000e+00
      3.664     6.6553   3.277074    32.5666        196     0.8125  0.000e+00
      3.587     6.6588   3.277228    32.5650        197     0.8167  0.000e+00
      3.518     6.6618   3.277253    32.5625        198     0.8208  0.000e+00
      3.470     6.6638   3.277253    32.5606        199     0.8250  0.000e+00
      3.437     6.6648   3.277055    32.5574        200     0.8292  0.000e+00
      3.420     6.6654   3.276919    32.5554        201     0.8333  0.000e+00
      3.417     6.6657   3.276919    32.5551        202     0.8375  0.000e+00
      3.428     6.6664   3.276981    32.5552        203     0.8417  0.000e+00
      3.451     6.6668   3.276753    32.5522        204     0.8458  0.000e+00
      3.496     6.6673   3.276796    32.5522        205     0.8500  0.000e+00
      3.556     6.6675   3.276876    32.5528        206     0.8542  0.000e+00
      3.634     6.6674   3.276895    32.5531        207     0.8583  0.000e+00
      3.720     6.6677   3.277228    32.5565        208     0.8625  0.000e+00
      3.816     6.6678   3.277648    32.5610        209     0.8667  0.000e+00
      3.923     6.6677   3.277648    32.5610        210     0.8708  0.000e+00
      4.031     6.6669   3.277753    32.5628        211     0.8750  0.000e+00
      4.136     6.6666   3.277772    32.5633        212     0.8792  0.000e+00
      4.243     6.6664   3.277784    32.5636        213     0.8833  0.000e+00
      4.341     6.6662   3.277772    32.5635        214     0.8875  0.000e+00
      4.424     6.6662   3.277753    32.5634        215     0.8917  0.000e+00
