HB2502/sbe058.cnv
* Sea-Bird SBE 19plus V2 Data File:
* FileName = C:\cruise\data\sbe058.hex
* Software Version Seasave V 7.26.7.121
* Temperature SN = 6128
* Conductivity SN = 6128
* System UpLoad Time = Apr 04 2025 00:51:15
* NMEA Latitude = 40 07.96 N
* NMEA Longitude = 072 40.32 W
* NMEA UTC (Time) = Apr 04 2025  00:50:19
** Ship: Henry Bigelow
** Cruise:  HB2502
** Program:  Spring Bottom Trawl
# nquan = 7
# nvalues = 1380                                  
# units = specified
# name 0 = depSM: Depth [salt water, m]
# name 1 = tv290C: Temperature [ITS-90, deg C]
# name 2 = c0S/m: Conductivity [S/m]
# name 3 = sal00: Salinity, Practical [PSU]
# name 4 = scan: Scan Count
# name 5 = timeM: Time, Elapsed [minutes]
# name 6 = flag:  0.000e+00
# span 0 =     -0.027,     49.856                 
# span 1 =     6.3476,    10.8584                 
# span 2 =   0.001911,   3.530966                 
# span 3 =     0.0152,    33.9972                 
# span 4 =         11,       1390                 
# span 5 =     0.0417,     5.7875                 
# span 6 = 0.0000e+00, 0.0000e+00                 
# interval = seconds: 0.25
# start_time = Apr 04 2025 00:50:19 [NMEA time, header]
# bad_flag = -9.990e-29
*END*
[from data line 616]
     38.127     7.3453   3.398853    33.2217        627     2.6083  0.000e+00
     38.105     7.3446   3.398903    33.2230        628     2.6125  0.000e+00
     38.089     7.3443   3.398915    33.2234        629     2.6167  0.000e+00
     38.079     7.3440   3.398965    33.2242        630     2.6208  0.000e+00
     38.053     7.3443   3.399028    33.2246        631     2.6250  0.000e+00
     38.037     7.3446   3.399197    33.2262        632     2.6292  0.000e+00
     37.999     7.3455   3.399398    33.2274        633     2.6333  0.000e+00
     37.951     7.3472   3.399585    33.2279        634     2.6375  0.000e+00
     37.894     7.3495   3.399711    33.2271        635     2.6417  0.000e+00
     37.828     7.3519   3.399723    33.2249        636     2.6458  0.000e+00
     37.754     7.3537   3.399792    33.2241        637     2.6500  0.000e+00
     37.665     7.3551   3.399698    33.2217        638     2.6542  0.000e+00
     37.580     7.3558   3.399754    33.2217        639     2.6583  0.000e+00
     37.482     7.3562   3.399742    33.2212        640     2.6625  0.000e+00
     37.396     7.3567   3.399773    33.2211        641     2.6667  0.000e+00
     37.307     7.3570   3.399742    33.2205        642     2.6708  0.000e+00
     37.229     7.3573   3.399754    33.2204        643     2.6750  0.000e+00
     37.171     7.3574   3.399767    33.2205        644     2.6792  0.000e+00
     37.126     7.3576   3.399792    33.2206        645     2.6833  0.000e+00
     37.095     7.3577   3.399854    33.2211        646     2.6875  0.000e+00
     37.081     7.3583   3.399898    33.2211        647     2.6917  0.000e+00
     37.066     7.3589   3.399854    33.2200        648     2.6958  0.000e+00
     37.068     7.3591   3.399829    33.2196        649     2.7000  0.000e+00
     37.062     7.3593   3.399836    33.2195        650     2.7042  0.000e+00
     37.061     7.3590   3.399785    33.2192        651     2.7083  0.000e+00
     37.050     7.3589   3.399754    33.2189        652     2.7125  0.000e+00
     37.038     7.3584   3.399679    33.2187        653     2.7167  0.000e+00
     37.011     7.3579   3.399585    33.2181        654     2.7208  0.000e+00
     36.982     7.3571   3.399416    33.2170        655     2.7250  0.000e+00
     36.935     7.3556   3.399297    33.2172        656     2.7292  0.000e+00
     36.882     7.3541   3.399197    33.2176        657     2.7333  0.000e+00
     36.822     7.3523   3.399234    33.2197        658     2.7375  0.000e+00
     36.754     7.3512   3.399240    33.2209        659     2.7417  0.000e+00
     36.686     7.3510   3.399090    33.2196        660     2.7458  0.000e+00
     36.609     7.3500   3.399460    33.2245        661     2.7500  0.000e+00
     36.537     7.3505   3.399591    33.2255        662     2.7542  0.000e+00
     36.448     7.3519   3.399729    33.2257        663     2.7583  0.000e+00
     36.362     7.3539   3.399635    33.2228        664     2.7625  0.000e+00
     36.272     7.3549   3.399522    33.2206        665     2.7667  0.000e+00
     36.183     7.3551   3.399591    33.2212        666     2.7708  0.000e+00
     36.101     7.3551   3.399666    33.2221        667     2.7750  0.000e+00
     36.026     7.3555   3.399722    33.2224        668     2.7792  0.000e+00
     35.953     7.3561   3.399666    33.2212        669     2.7833  0.000e+00
     35.892     7.3563   3.399679    33.2212        670     2.7875  0.000e+00
     35.845     7.3564   3.399647    33.2208        671     2.7917  0.000e+00
     35.806     7.3565   3.399628    33.2205        672     2.7958  0.000e+00
     35.788     7.3561   3.399610    33.2207        673     2.8000  0.000e+00
     35.776     7.3560   3.399647    33.2212        674     2.8042  0.000e+00
     35.764     7.3558   3.399697    33.2219        675     2.8083  0.000e+00
     35.767     7.3561   3.399710    33.2218        676     2.8125  0.000e+00
     35.772     7.3566   3.399697    33.2212        677     2.8167  0.000e+00
     35.778     7.3568   3.399710    33.2211        678     2.8208  0.000e+00
     35.778     7.3569   3.399697    33.2209        679     2.8250  0.000e+00
     35.786     7.3568   3.399729    33.2213        680     2.8292  0.000e+00
     35.786     7.3571   3.399697    33.2207        681     2.8333  0.000e+00
     35.779     7.3570   3.399729    33.2211        682     2.8375  0.000e+00
     35.765     7.3570   3.399810    33.2220        683     2.8417  0.000e+00
     35.740     7.3575   3.399873    33.2222        684     2.8458  0.000e+00
     35.693     7.3582   3.399873    33.2216        685     2.8500  0.000e+00
     35.634     7.3588   3.399873    33.2211        686     2.8542  0.000e+00
     35.560     7.3591   3.399935    33.2214        687     2.8583  0.000e+00
     35.471     7.3597   3.399898    33.2205        688     2.8625  0.000e+00
     35.386     7.3601   3.399835    33.2194        689     2.8667  0.000e+00
     35.282     7.3601   3.399810    33.2193        690     2.8708  0.000e+00
     35.195     7.3599   3.399979    33.2213        691     2.8750  0.000e+00
     35.105     7.3603   3.400023    33.2214        692     2.8792  0.000e+00
     35.021     7.3609   3.400017    33.2209        693     2.8833  0.000e+00
     34.928     7.3615   3.400067    33.2208        694     2.8875  0.000e+00
     34.849     7.3621   3.400104    33.2207        695     2.8917  0.000e+00
     34.769     7.3629   3.400123    33.2203        696     2.8958  0.000e+00
     34.698     7.3631   3.400110    33.2199        697     2.9000  0.000e+00
     34.628     7.3635   3.400104    33.2195        698     2.9042  0.000e+00
     34.579     7.3635   3.400092    33.2194        699     2.9083  0.000e+00
     34.528     7.3637   3.400104    33.2194        700     2.9125  0.000e+00
     34.488     7.3639   3.400110    33.2192        701     2.9167  0.000e+00
     34.470     7.3639   3.400123    33.2194        702     2.9208  0.000e+00
     34.450     7.3642   3.400179    33.2198        703     2.9250  0.000e+00
     34.430     7.3643   3.400167    33.2195        704     2.9292  0.000e+00
     34.427     7.3646   3.400179    33.2194        705     2.9333  0.000e+00
     34.425     7.3649   3.400167    33.2189        706     2.9375  0.000e+00
     34.427     7.3652   3.400135    33.2184        707     2.9417  0.000e+00
     34.419     7.3652   3.400060    33.2175        708     2.9458  0.000e+00
     34.410     7.3646   3.399998    33.2174        709     2.9500  0.000e+00
     34.390     7.3642   3.399960    33.2174        710     2.9542  0.000e+00
     34.363     7.3636   3.399960    33.2180        711     2.9583  0.000e+00
     34.321     7.3631   3.399960    33.2185        712     2.9625  0.000e+00
     34.269     7.3626   3.399935    33.2187        713     2.9667  0.000e+00
     34.202     7.3623   3.399916    33.2188        714     2.9708  0.000e+00
     34.128     7.3621   3.399960    33.2195        715     2.9750  0.000e+00
     34.056     7.3619   3.400022    33.2204        716     2.9792  0.000e+00
     33.977     7.3626   3.400060    33.2202        717     2.9833  0.000e+00
     33.900     7.3631   3.400066    33.2198        718     2.9875  0.000e+00
     33.826     7.3633   3.400041    33.2194        719     2.9917  0.000e+00
     33.746     7.3636   3.400135    33.2202        720     2.9958  0.000e+00
     33.679     7.3639   3.400104    33.2196        721     3.0000  0.000e+00
     33.617     7.3642   3.400141    33.2197        722     3.0042  0.000e+00
     33.557     7.3647   3.400154    33.2194        723     3.0083  0.000e+00
     33.510     7.3650   3.400141    33.2190        724     3.0125  0.000e+00
     33.472     7.3654   3.400198    33.2193        725     3.0167  0.000e+00
     33.440     7.3658   3.400248    33.2194        726     3.0208  0.000e+00
     33.412     7.3663   3.400241    33.2189        727     3.0250  0.000e+00
     33.393     7.3668   3.400248    33.2185        728     3.0292  0.000e+00
     33.366     7.3668   3.400179    33.2177        729     3.0333  0.000e+00
     33.344     7.3669   3.400166    33.2175        730     3.0375  0.000e+00
     33.315     7.3668   3.400135    33.2173        731     3.0417  0.000e+00
     33.293     7.3665   3.400166    33.2180        732     3.0458  0.000e+00
     33.259     7.3662   3.400266    33.2194        733     3.0500  0.000e+00
     33.216     7.3666   3.400329    33.2197        734     3.0542  0.000e+00
     33.172     7.3670   3.400329    33.2193        735     3.0583  0.000e+00
     33.123     7.3677   3.400329    33.2186        736     3.0625  0.000e+00
     33.079     7.3683   3.400329    33.2181        737     3.0667  0.000e+00
     33.035     7.3688   3.400504    33.2196        738     3.0708  0.000e+00
     32.980     7.3693   3.400454    33.2185        739     3.0750  0.000e+00
     32.924     7.3699   3.400392    33.2173        740     3.0792  0.000e+00
     32.872     7.3702   3.400348    33.2166        741     3.0833  0.000e+00
     32.816     7.3700   3.400266    33.2159        742     3.0875  0.000e+00
     32.766     7.3691   3.400266    33.2168        743     3.0917  0.000e+00
     32.715     7.3687   3.400310    33.2177        744     3.0958  0.000e+00
     32.666     7.3684   3.400348    33.2184        745     3.1000  0.000e+00
     32.612     7.3686   3.400310    33.2178        746     3.1042  0.000e+00
     32.568     7.3686   3.400285    33.2176        747     3.1083  0.000e+00
     32.528     7.3687   3.400285    33.2175        748     3.1125  0.000e+00
     32.481     7.3686   3.400241    33.2171        749     3.1167  0.000e+00
     32.432     7.3682   3.400204    33.2171        750     3.1208  0.000e+00
     32.385     7.3680   3.400153    33.2168        751     3.1250  0.000e+00
     32.335     7.3675   3.400141    33.2172        752     3.1292  0.000e+00
     32.281     7.3669   3.400066    33.2170        753     3.1333  0.000e+00
     32.217     7.3669   3.400222    33.2187        754     3.1375  0.000e+00
     32.159     7.3670   3.400266    33.2191        755     3.1417  0.000e+00
     32.096     7.3675   3.400285    33.2189        756     3.1458  0.000e+00
     32.029     7.3680   3.400329    33.2189        757     3.1500  0.000e+00
     31.968     7.3681   3.400329    33.2188        758     3.1542  0.000e+00
     31.909     7.3688   3.400347    33.2184        759     3.1583  0.000e+00
     31.866     7.3691   3.400347    33.2181        760     3.1625  0.000e+00
     31.836     7.3695   3.400391    33.2182        761     3.1667  0.000e+00
     31.801     7.3696   3.400391    33.2181        762     3.1708  0.000e+00
     31.775     7.3701   3.400410    33.2179        763     3.1750  0.000e+00
     31.748     7.3703   3.400435    33.2179        764     3.1792  0.000e+00
     31.718     7.3707   3.400454    33.2178        765     3.1833  0.000e+00
     31.685     7.3709   3.400479    33.2179        766     3.1875  0.000e+00
     31.640     7.3712   3.400491    33.2177        767     3.1917  0.000e+00
     31.592     7.3714   3.400479    33.2175        768     3.1958  0.000e+00
     31.540     7.3719   3.400491    33.2172        769     3.2000  0.000e+00
     31.471     7.3721   3.400491    33.2170        770     3.2042  0.000e+00
     31.394     7.3722   3.400567    33.2177        771     3.2083  0.000e+00
     31.316     7.3726   3.400535    33.2171        772     3.2125  0.000e+00
     31.225     7.3728   3.401024    33.2222        773     3.2167  0.000e+00
     31.125     7.3745   3.401030    33.2207        774     3.2208  0.000e+00
     31.026     7.3768   3.400917    33.2173        775     3.2250  0.000e+00
     30.933     7.3778   3.400886    33.2160        776     3.2292  0.000e+00
     30.844     7.3782   3.400873    33.2156        777     3.2333  0.000e+00
     30.761     7.3784   3.400886    33.2155        778     3.2375  0.000e+00
     30.693     7.3783   3.400804    33.2148        779     3.2417  0.000e+00
     30.651     7.3782   3.400804    33.2149        780     3.2458  0.000e+00
     30.631     7.3780   3.400742    33.2145        781     3.2500  0.000e+00
     30.619     7.3775   3.400679    33.2142        782     3.2542  0.000e+00
     30.618     7.3769   3.400641    33.2144        783     3.2583  0.000e+00
     30.627     7.3763   3.400547    33.2140        784     3.2625  0.000e+00
     30.641     7.3757   3.400491    33.2139        785     3.2667  0.000e+00
     30.657     7.3748   3.400504    33.2150        786     3.2708  0.000e+00
     30.673     7.3739   3.400491    33.2156        787     3.2750  0.000e+00
     30.677     7.3734   3.400460    33.2157        788     3.2792  0.000e+00
     30.674     7.3732   3.400428    33.2156        789     3.2833  0.000e+00
     30.661     7.3726   3.400391    33.2158        790     3.2875  0.000e+00
     30.618     7.3723   3.400428    33.2165        791     3.2917  0.000e+00
     30.547     7.3720   3.400472    33.2173        792     3.2958  0.000e+00
     30.467     7.3723   3.400479    33.2171        793     3.3000  0.000e+00
     30.368     7.3723   3.400535    33.2178        794     3.3042  0.000e+00
     30.263     7.3725   3.400566    33.2180        795     3.3083  0.000e+00
     30.138     7.3730   3.400992    33.2222        796     3.3125  0.000e+00
     30.009     7.3748   3.400741    33.2178        797     3.3167  0.000e+00
     29.866     7.3762   3.401406    33.2237        798     3.3208  0.000e+00
     29.725     7.3786   3.401286    33.2202        799     3.3250  0.000e+00
     29.586     7.3812   3.401380    33.2188        800     3.3292  0.000e+00
     29.454     7.3832   3.401481    33.2181        801     3.3333  0.000e+00
     29.331     7.3849   3.401361    33.2152        802     3.3375  0.000e+00
     29.223     7.3858   3.401305    33.2137        803     3.3417  0.000e+00
     29.138     7.3860   3.401317    33.2137        804     3.3458  0.000e+00
     29.065     7.3862   3.401380    33.2142        805     3.3500  0.000e+00
     29.007     7.3862   3.401349    33.2139        806     3.3542  0.000e+00
     28.969     7.3864   3.401361    33.2139        807     3.3583  0.000e+00
     28.946     7.3865   3.401305    33.2132        808     3.3625  0.000e+00
     28.938     7.3863   3.401317    33.2135        809     3.3667  0.000e+00
     28.943     7.3864   3.401349    33.2138        810     3.3708  0.000e+00
     28.965     7.3863   3.401380    33.2142        811     3.3750  0.000e+00
     28.990     7.3863   3.401374    33.2141        812     3.3792  0.000e+00
     29.015     7.3864   3.401405    33.2144        813     3.3833  0.000e+00
     29.036     7.3867   3.401418    33.2142        814     3.3875  0.000e+00
     29.045     7.3868   3.401405    33.2139        815     3.3917  0.000e+00
     29.052     7.3870   3.401380    33.2135        816     3.3958  0.000e+00
     29.041     7.3869   3.401261    33.2123        817     3.4000  0.000e+00
     29.008     7.3865   3.401010    33.2100        818     3.4042  0.000e+00
     28.946     7.3852   3.401092    33.2121        819     3.4083  0.000e+00
     28.863     7.3840   3.401261    33.2152        820     3.4125  0.000e+00
     28.764     7.3839   3.401349    33.2163        821     3.4167  0.000e+00
     28.644     7.3845   3.401361    33.2158        822     3.4208  0.000e+00
     28.511     7.3856   3.401330    33.2146        823     3.4250  0.000e+00
     28.367     7.3857   3.401380    33.2151        824     3.4292  0.000e+00
     28.216     7.3863   3.401417    33.2150        825     3.4333  0.000e+00
     28.077     7.3867   3.401524    33.2158        826     3.4375  0.000e+00
     27.931     7.3876   3.401568    33.2155        827     3.4417  0.000e+00
     27.806     7.3883   3.401524    33.2144        828     3.4458  0.000e+00
     27.693     7.3890   3.401380    33.2122        829     3.4500  0.000e+00
     27.603     7.3888   3.401417    33.2128        830     3.4542  0.000e+00
