HB2502/sbe048.cnv
* Sea-Bird SBE 19plus V2 Data File:
* FileName = C:\cruise\data\sbe048.hex
* Software Version Seasave V 7.26.7.121
* Temperature SN = 6128
* Conductivity SN = 6128
* System UpLoad Time = Apr 02 2025 10:00:08
* NMEA Latitude = 40 50.72 N
* NMEA Longitude = 070 33.46 W
* NMEA UTC (Time) = Apr 02 2025  09:59:11
** Ship: Henry Bigelow
** Cruise:  HB2502
** Program:  Spring Bottom Trawl
# nquan = 7
# nvalues = 1306                                  
# units = specified
# name 0 = depSM: Depth [salt water, m]
# name 1 = tv290C: Temperature [ITS-90, deg C]
# name 2 = c0S/m: Conductivity [S/m]
# name 3 = sal00: Salinity, Practical [PSU]
# name 4 = scan: Scan Count
# name 5 = timeM: Time, Elapsed [minutes]
# name 6 = flag:  0.000e+00
# span 0 =      0.161,     47.343                 
# span 1 =     3.0045,     4.8826                 
# span 2 =   0.005237,   3.122764                 
# span 3 =     0.0402,    33.3444                 
# span 4 =         11,       1316                 
# span 5 =     0.0417,     5.4792                 
# span 6 = 0.0000e+00, 0.0000e+00                 
# interval = seconds: 0.25
# start_time = Apr 02 2025 09:59:11 [NMEA time, header]
# bad_flag = -9.990e-29
*END*
[from data line 1026]
     11.126     4.8821   3.122431    32.5320       1037     4.3167  0.000e+00
     11.142     4.8819   3.122316    32.5309       1038     4.3208  0.000e+00
     11.144     4.8812   3.122134    32.5295       1039     4.3250  0.000e+00
     11.139     4.8800   3.121704    32.5257       1040     4.3292  0.000e+00
     11.113     4.8777   3.121225    32.5225       1041     4.3333  0.000e+00
     11.074     4.8737   3.120262    32.5152       1042     4.3375  0.000e+00
     11.014     4.8679   3.120540    32.5242       1043     4.3417  0.000e+00
     10.931     4.8635   3.120619    32.5294       1044     4.3458  0.000e+00
     10.842     4.8623   3.119492    32.5177       1045     4.3500  0.000e+00
     10.753     4.8576   3.119983    32.5280       1046     4.3542  0.000e+00
     10.665     4.8546   3.120437    32.5362       1047     4.3583  0.000e+00
     10.584     4.8546   3.119825    32.5292       1048     4.3625  0.000e+00
     10.506     4.8538   3.120619    32.5392       1049     4.3667  0.000e+00
     10.444     4.8551   3.120667    32.5385       1050     4.3708  0.000e+00
     10.392     4.8574   3.120673    32.5364       1051     4.3750  0.000e+00
     10.354     4.8587   3.120892    32.5376       1052     4.3792  0.000e+00
     10.325     4.8601   3.121207    32.5399       1053     4.3833  0.000e+00
     10.312     4.8624   3.121146    32.5369       1054     4.3875  0.000e+00
     10.309     4.8642   3.121225    32.5361       1055     4.3917  0.000e+00
     10.302     4.8653   3.121188    32.5346       1056     4.3958  0.000e+00
     10.311     4.8659   3.120970    32.5315       1057     4.4000  0.000e+00
     10.314     4.8653   3.120970    32.5320       1058     4.4042  0.000e+00
     10.321     4.8648   3.120970    32.5325       1059     4.4083  0.000e+00
     10.318     4.8646   3.121225    32.5357       1060     4.4125  0.000e+00
     10.326     4.8652   3.121388    32.5369       1061     4.4167  0.000e+00
     10.317     4.8663   3.120340    32.5239       1062     4.4208  0.000e+00
     10.297     4.8643   3.119540    32.5166       1063     4.4250  0.000e+00
     10.260     4.8590   3.120383    32.5315       1064     4.4292  0.000e+00
     10.205     4.8573   3.120795    32.5380       1065     4.4333  0.000e+00
     10.120     4.8583   3.120734    32.5363       1066     4.4375  0.000e+00
      9.998     4.8596   3.120910    32.5371       1067     4.4417  0.000e+00
      9.874     4.8612   3.121110    32.5379       1068     4.4458  0.000e+00
      9.745     4.8626   3.120697    32.5318       1069     4.4500  0.000e+00
      9.622     4.8628   3.120522    32.5297       1070     4.4542  0.000e+00
      9.519     4.8620   3.121346    32.5401       1071     4.4583  0.000e+00
      9.438     4.8633   3.122134    32.5479       1072     4.4625  0.000e+00
      9.384     4.8681   3.122134    32.5432       1073     4.4667  0.000e+00
      9.335     4.8722   3.122291    32.5411       1074     4.4708  0.000e+00
      9.317     4.8751   3.122255    32.5378       1075     4.4750  0.000e+00
      9.300     4.8769   3.122255    32.5361       1076     4.4792  0.000e+00
      9.299     4.8779   3.122291    32.5355       1077     4.4833  0.000e+00
      9.294     4.8786   3.122255    32.5344       1078     4.4875  0.000e+00
      9.294     4.8790   3.122115    32.5323       1079     4.4917  0.000e+00
      9.294     4.8788   3.122036    32.5316       1080     4.4958  0.000e+00
      9.286     4.8783   3.122018    32.5320       1081     4.5000  0.000e+00
      9.283     4.8776   3.121994    32.5324       1082     4.5042  0.000e+00
      9.278     4.8772   3.121976    32.5325       1083     4.5083  0.000e+00
      9.267     4.8771   3.121939    32.5323       1084     4.5125  0.000e+00
      9.256     4.8767   3.121976    32.5330       1085     4.5167  0.000e+00
      9.247     4.8765   3.122018    32.5338       1086     4.5208  0.000e+00
      9.233     4.8766   3.122036    32.5338       1087     4.5250  0.000e+00
      9.215     4.8767   3.121939    32.5327       1088     4.5292  0.000e+00
      9.199     4.8766   3.122036    32.5339       1089     4.5333  0.000e+00
      9.179     4.8766   3.121915    32.5325       1090     4.5375  0.000e+00
      9.167     4.8763   3.121703    32.5303       1091     4.5417  0.000e+00
      9.134     4.8755   3.121879    32.5332       1092     4.5458  0.000e+00
      9.101     4.8751   3.121564    32.5299       1093     4.5500  0.000e+00
      9.053     4.8742   3.121346    32.5283       1094     4.5542  0.000e+00
      8.995     4.8726   3.121406    32.5306       1095     4.5583  0.000e+00
      8.917     4.8713   3.120891    32.5260       1096     4.5625  0.000e+00
      8.823     4.8694   3.121333    32.5330       1097     4.5667  0.000e+00
      8.718     4.8682   3.120909    32.5294       1098     4.5708  0.000e+00
      8.601     4.8671   3.120952    32.5310       1099     4.5750  0.000e+00
      8.472     4.8662   3.121127    32.5340       1100     4.5792  0.000e+00
      8.363     4.8663   3.121861    32.5424       1101     4.5833  0.000e+00
      8.259     4.8688   3.121976    32.5413       1102     4.5875  0.000e+00
      8.180     4.8717   3.121976    32.5385       1103     4.5917  0.000e+00
      8.129     4.8739   3.121957    32.5362       1104     4.5958  0.000e+00
      8.112     4.8750   3.121939    32.5349       1105     4.6000  0.000e+00
      8.114     4.8755   3.121994    32.5350       1106     4.6042  0.000e+00
      8.134     4.8760   3.121975    32.5343       1107     4.6083  0.000e+00
      8.159     4.8764   3.121994    32.5341       1108     4.6125  0.000e+00
      8.192     4.8765   3.122054    32.5347       1109     4.6167  0.000e+00
      8.225     4.8769   3.122036    32.5341       1110     4.6208  0.000e+00
      8.246     4.8771   3.122097    32.5345       1111     4.6250  0.000e+00
      8.265     4.8773   3.122133    32.5347       1112     4.6292  0.000e+00
      8.259     4.8777   3.122018    32.5331       1113     4.6333  0.000e+00
      8.209     4.8777   3.122036    32.5333       1114     4.6375  0.000e+00
      8.107     4.8775   3.121975    32.5328       1115     4.6417  0.000e+00
      7.962     4.8773   3.121957    32.5329       1116     4.6458  0.000e+00
      7.790     4.8768   3.121854    32.5323       1117     4.6500  0.000e+00
      7.628     4.8765   3.121836    32.5324       1118     4.6542  0.000e+00
      7.485     4.8759   3.121757    32.5322       1119     4.6583  0.000e+00
      7.371     4.8754   3.121781    32.5331       1120     4.6625  0.000e+00
      7.279     4.8750   3.121781    32.5334       1121     4.6667  0.000e+00
      7.232     4.8750   3.121757    32.5332       1122     4.6708  0.000e+00
      7.209     4.8748   3.121836    32.5344       1123     4.6750  0.000e+00
      7.214     4.8749   3.121745    32.5332       1124     4.6792  0.000e+00
      7.254     4.8748   3.121781    32.5337       1125     4.6833  0.000e+00
      7.307     4.8748   3.121757    32.5334       1126     4.6875  0.000e+00
      7.355     4.8746   3.121721    32.5332       1127     4.6917  0.000e+00
      7.397     4.8743   3.121703    32.5332       1128     4.6958  0.000e+00
      7.408     4.8741   3.121660    32.5329       1129     4.7000  0.000e+00
      7.403     4.8736   3.121660    32.5333       1130     4.7042  0.000e+00
      7.379     4.8735   3.121769    32.5347       1131     4.7083  0.000e+00
      7.342     4.8736   3.121781    32.5348       1132     4.7125  0.000e+00
      7.312     4.8743   3.121915    32.5357       1133     4.7167  0.000e+00
      7.271     4.8749   3.121915    32.5351       1134     4.7208  0.000e+00
      7.231     4.8757   3.121818    32.5333       1135     4.7250  0.000e+00
      7.167     4.8758   3.121818    32.5332       1136     4.7292  0.000e+00
      7.092     4.8757   3.121939    32.5347       1137     4.7333  0.000e+00
      7.019     4.8760   3.121933    32.5343       1138     4.7375  0.000e+00
      6.942     4.8763   3.121939    32.5342       1139     4.7417  0.000e+00
      6.890     4.8766   3.121914    32.5336       1140     4.7458  0.000e+00
      6.857     4.8767   3.121896    32.5334       1141     4.7500  0.000e+00
      6.848     4.8766   3.121914    32.5336       1142     4.7542  0.000e+00
      6.848     4.8767   3.121914    32.5335       1143     4.7583  0.000e+00
      6.860     4.8766   3.121914    32.5336       1144     4.7625  0.000e+00
      6.878     4.8766   3.121939    32.5339       1145     4.7667  0.000e+00
      6.909     4.8766   3.121957    32.5341       1146     4.7708  0.000e+00
      6.934     4.8767   3.121975    32.5342       1147     4.7750  0.000e+00
      6.946     4.8769   3.121993    32.5343       1148     4.7792  0.000e+00
      6.960     4.8771   3.122036    32.5345       1149     4.7833  0.000e+00
      6.957     4.8774   3.121993    32.5337       1150     4.7875  0.000e+00
      6.929     4.8775   3.121999    32.5337       1151     4.7917  0.000e+00
      6.883     4.8776   3.121957    32.5332       1152     4.7958  0.000e+00
      6.800     4.8775   3.122036    32.5342       1153     4.8000  0.000e+00
      6.701     4.8777   3.122072    32.5345       1154     4.8042  0.000e+00
      6.582     4.8779   3.122017    32.5337       1155     4.8083  0.000e+00
      6.441     4.8781   3.122017    32.5336       1156     4.8125  0.000e+00
      6.282     4.8781   3.121993    32.5334       1157     4.8167  0.000e+00
      6.121     4.8780   3.122017    32.5338       1158     4.8208  0.000e+00
      5.966     4.8780   3.121938    32.5330       1159     4.8250  0.000e+00
      5.820     4.8779   3.121975    32.5336       1160     4.8292  0.000e+00
      5.707     4.8777   3.121896    32.5329       1161     4.8333  0.000e+00
      5.642     4.8777   3.121817    32.5321       1162     4.8375  0.000e+00
      5.620     4.8771   3.121144    32.5250       1163     4.8417  0.000e+00
      5.620     4.8747   3.121169    32.5275       1164     4.8458  0.000e+00
      5.658     4.8722   3.121187    32.5301       1165     4.8500  0.000e+00
      5.718     4.8710   3.121145    32.5309       1166     4.8542  0.000e+00
      5.777     4.8699   3.121205    32.5326       1167     4.8583  0.000e+00
      5.828     4.8695   3.121248    32.5335       1168     4.8625  0.000e+00
      5.875     4.8694   3.121284    32.5340       1169     4.8667  0.000e+00
      5.917     4.8695   3.121302    32.5340       1170     4.8708  0.000e+00
      5.966     4.8697   3.121163    32.5322       1171     4.8750  0.000e+00
      5.998     4.8697   3.120951    32.5297       1172     4.8792  0.000e+00
      5.995     4.8687   3.120539    32.5259       1173     4.8833  0.000e+00
      5.953     4.8663   3.120199    32.5245       1174     4.8875  0.000e+00
      5.875     4.8629   3.119787    32.5230       1175     4.8917  0.000e+00
      5.779     4.8595   3.120181    32.5310       1176     4.8958  0.000e+00
      5.679     4.8579   3.121284    32.5453       1177     4.9000  0.000e+00
      5.565     4.8610   3.121975    32.5503       1178     4.9042  0.000e+00
      5.494     4.8670   3.121957    32.5442       1179     4.9083  0.000e+00
      5.429     4.8716   3.121896    32.5391       1180     4.9125  0.000e+00
      5.386     4.8741   3.121975    32.5375       1181     4.9167  0.000e+00
      5.381     4.8758   3.122229    32.5388       1182     4.9208  0.000e+00
      5.405     4.8776   3.122229    32.5370       1183     4.9250  0.000e+00
      5.444     4.8789   3.122211    32.5356       1184     4.9292  0.000e+00
      5.468     4.8798   3.122120    32.5336       1185     4.9333  0.000e+00
      5.484     4.8800   3.122053    32.5326       1186     4.9375  0.000e+00
      5.490     4.8796   3.122096    32.5335       1187     4.9417  0.000e+00
      5.477     4.8795   3.122150    32.5342       1188     4.9458  0.000e+00
      5.443     4.8798   3.122253    32.5351       1189     4.9500  0.000e+00
      5.376     4.8804   3.122175    32.5337       1190     4.9542  0.000e+00
      5.287     4.8807   3.122193    32.5337       1191     4.9583  0.000e+00
      5.181     4.8807   3.122162    32.5334       1192     4.9625  0.000e+00
      5.038     4.8808   3.122132    32.5330       1193     4.9667  0.000e+00
      4.877     4.8808   3.122114    32.5328       1194     4.9708  0.000e+00
      4.727     4.8807   3.121859    32.5301       1195     4.9750  0.000e+00
      4.598     4.8797   3.121756    32.5300       1196     4.9792  0.000e+00
      4.520     4.8784   3.121817    32.5320       1197     4.9833  0.000e+00
      4.478     4.8775   3.121786    32.5325       1198     4.9875  0.000e+00
      4.487     4.8771   3.121780    32.5329       1199     4.9917  0.000e+00
      4.524     4.8768   3.121738    32.5326       1200     4.9958  0.000e+00
      4.586     4.8766   3.121738    32.5327       1201     5.0000  0.000e+00
      4.660     4.8763   3.121738    32.5331       1202     5.0042  0.000e+00
      4.728     4.8762   3.121720    32.5329       1203     5.0083  0.000e+00
      4.788     4.8760   3.121781    32.5338       1204     5.0125  0.000e+00
      4.837     4.8760   3.121787    32.5338       1205     5.0167  0.000e+00
      4.870     4.8759   3.121781    32.5338       1206     5.0208  0.000e+00
      4.868     4.8761   3.121835    32.5342       1207     5.0250  0.000e+00
      4.841     4.8763   3.121914    32.5350       1208     5.0292  0.000e+00
      4.765     4.8768   3.121938    32.5348       1209     5.0333  0.000e+00
      4.650     4.8773   3.122053    32.5357       1210     5.0375  0.000e+00
      4.501     4.8779   3.121938    32.5339       1211     5.0417  0.000e+00
      4.319     4.8782   3.121932    32.5335       1212     5.0458  0.000e+00
      4.154     4.8783   3.121974    32.5341       1213     5.0500  0.000e+00
      4.010     4.8786   3.122035    32.5346       1214     5.0542  0.000e+00
      3.914     4.8788   3.122253    32.5369       1215     5.0583  0.000e+00
      3.855     4.8799   3.122071    32.5338       1216     5.0625  0.000e+00
      3.839     4.8804   3.122035    32.5328       1217     5.0667  0.000e+00
      3.855     4.8802   3.122035    32.5330       1218     5.0708  0.000e+00
      3.898     4.8800   3.121974    32.5326       1219     5.0750  0.000e+00
      3.948     4.8796   3.121938    32.5325       1220     5.0792  0.000e+00
      3.998     4.8791   3.121877    32.5322       1221     5.0833  0.000e+00
      4.043     4.8786   3.121877    32.5327       1222     5.0875  0.000e+00
      4.061     4.8782   3.121877    32.5331       1223     5.0917  0.000e+00
      4.065     4.8777   3.121914    32.5340       1224     5.0958  0.000e+00
      4.051     4.8777   3.121992    32.5349       1225     5.1000  0.000e+00
      4.004     4.8780   3.121932    32.5340       1226     5.1042  0.000e+00
      3.926     4.8779   3.121914    32.5338       1227     5.1083  0.000e+00
      3.806     4.8780   3.122114    32.5361       1228     5.1125  0.000e+00
      3.657     4.8787   3.121974    32.5339       1229     5.1167  0.000e+00
      3.507     4.8790   3.121895    32.5327       1230     5.1208  0.000e+00
      3.354     4.8787   3.121756    32.5315       1231     5.1250  0.000e+00
      3.229     4.8781   3.121477    32.5290       1232     5.1292  0.000e+00
      3.137     4.8767   3.121519    32.5309       1233     5.1333  0.000e+00
      3.098     4.8755   3.121598    32.5330       1234     5.1375  0.000e+00
      3.112     4.8749   3.121622    32.5338       1235     5.1417  0.000e+00
      3.150     4.8750   3.121623    32.5338       1236     5.1458  0.000e+00
      3.208     4.8749   3.121677    32.5345       1237     5.1500  0.000e+00
      3.264     4.8750   3.121677    32.5343       1238     5.1542  0.000e+00
      3.300     4.8751   3.121683    32.5342       1239     5.1583  0.000e+00
      3.317     4.8754   3.121701    32.5342       1240     5.1625  0.000e+00
