HB2502/sbe019.cnv
* Sea-Bird SBE 19plus V2 Data File:
* FileName = C:\cruise\data\sbe019.hex
* Software Version Seasave V 7.26.7.121
* Temperature SN = 6128
* Conductivity SN = 6128
* System UpLoad Time = Mar 13 2025 18:35:37
* NMEA Latitude = 35 32.14 N
* NMEA Longitude = 075 05.45 W
* NMEA UTC (Time) = Mar 13 2025  18:34:20
** Ship: Henry Bigelow
** Cruise:  HB2502
** Program:  Spring Bottom Trawl
# nquan = 7
# nvalues = 1189                                  
# units = specified
# name 0 = depSM: Depth [salt water, m]
# name 1 = tv290C: Temperature [ITS-90, deg C]
# name 2 = c0S/m: Conductivity [S/m]
# name 3 = sal00: Salinity, Practical [PSU]
# name 4 = scan: Scan Count
# name 5 = timeM: Time, Elapsed [minutes]
# name 6 = flag:  0.000e+00
# span 0 =     -0.071,     32.244                 
# span 1 =    14.8831,    18.2697                 
# span 2 =   0.006066,   4.593458                 
# span 3 =     0.0368,    36.4387                 
# span 4 =         11,       1199                 
# span 5 =     0.0417,     4.9917                 
# span 6 = 0.0000e+00, 0.0000e+00                 
# interval = seconds: 0.25
# start_time = Mar 13 2025 18:34:20 [NMEA time, header]
# bad_flag = -9.990e-29
*END*
      0.035    18.2121   0.006084     0.0369         11     0.0417  0.000e+00
      0.035    18.2132   0.006075     0.0368         12     0.0458  0.000e+00
      0.033    18.2145   0.006075     0.0368         13     0.0500  0.000e+00
      0.035    18.2163   0.006075     0.0368         14     0.0542  0.000e+00
      0.032    18.2168   0.006075     0.0368         15     0.0583  0.000e+00
      0.035    18.2186   0.006075     0.0368         16     0.0625  0.000e+00
      0.035    18.2181   0.006075     0.0368         17     0.0667  0.000e+00
      0.031    18.2185   0.006075     0.0368         18     0.0708  0.000e+00
      0.031    18.2199   0.006075     0.0368         19     0.0750  0.000e+00
      0.031    18.2216   0.006075     0.0368         20     0.0792  0.000e+00
      0.033    18.2224   0.006075     0.0368         21     0.0833  0.000e+00
      0.029    18.2235   0.006069     0.0368         22     0.0875  0.000e+00
      0.035    18.2237   0.006075     0.0368         23     0.0917  0.000e+00
      0.037    18.2248   0.006075     0.0368         24     0.0958  0.000e+00
      0.035    18.2255   0.006081     0.0369         25     0.1000  0.000e+00
      0.037    18.2257   0.006069     0.0368         26     0.1042  0.000e+00
      0.033    18.2270   0.006081     0.0369         27     0.1083  0.000e+00
      0.034    18.2283   0.006075     0.0368         28     0.1125  0.000e+00
      0.031    18.2292   0.006075     0.0368         29     0.1167  0.000e+00
      0.032    18.2299   0.006081     0.0369         30     0.1208  0.000e+00
      0.030    18.2307   0.006081     0.0369         31     0.1250  0.000e+00
      0.027    18.2313   0.006075     0.0368         32     0.1292  0.000e+00
      0.029    18.2318   0.006075     0.0368         33     0.1333  0.000e+00
      0.028    18.2326   0.006081     0.0369         34     0.1375  0.000e+00
      0.030    18.2335   0.006081     0.0369         35     0.1417  0.000e+00
      0.030    18.2347   0.006081     0.0369         36     0.1458  0.000e+00
      0.025    18.2349   0.006075     0.0368         37     0.1500  0.000e+00
      0.025    18.2351   0.006075     0.0368         38     0.1542  0.000e+00
      0.025    18.2353   0.006081     0.0369         39     0.1583  0.000e+00
      0.027    18.2360   0.006081     0.0369         40     0.1625  0.000e+00
      0.025    18.2371   0.006075     0.0368         41     0.1667  0.000e+00
      0.027    18.2373   0.006081     0.0369         42     0.1708  0.000e+00
      0.025    18.2382   0.006081     0.0369         43     0.1750  0.000e+00
      0.025    18.2389   0.006069     0.0368         44     0.1792  0.000e+00
      0.027    18.2397   0.006081     0.0369         45     0.1833  0.000e+00
      0.027    18.2399   0.006075     0.0368         46     0.1875  0.000e+00
      0.025    18.2406   0.006075     0.0368         47     0.1917  0.000e+00
      0.029    18.2410   0.006081     0.0369         48     0.1958  0.000e+00
      0.030    18.2422   0.006075     0.0368         49     0.2000  0.000e+00
      0.032    18.2429   0.006081     0.0369         50     0.2042  0.000e+00
      0.031    18.2433   0.006075     0.0368         51     0.2083  0.000e+00
      0.030    18.2433   0.006081     0.0369         52     0.2125  0.000e+00
      0.031    18.2431   0.006081     0.0369         53     0.2167  0.000e+00
      0.032    18.2435   0.006081     0.0369         54     0.2208  0.000e+00
      0.033    18.2438   0.006084     0.0369         55     0.2250  0.000e+00
      0.030    18.2448   0.006081     0.0369         56     0.2292  0.000e+00
      0.028    18.2445   0.006081     0.0369         57     0.2333  0.000e+00
      0.027    18.2456   0.006081     0.0369         58     0.2375  0.000e+00
      0.029    18.2454   0.006081     0.0369         59     0.2417  0.000e+00
      0.018    18.2464   0.006081     0.0369         60     0.2458  0.000e+00
      0.018    18.2455   0.006075     0.0368         61     0.2500  0.000e+00
      0.023    18.2456   0.006081     0.0369         62     0.2542  0.000e+00
      0.023    18.2476   0.006084     0.0369         63     0.2583  0.000e+00
      0.024    18.2470   0.006075     0.0368         64     0.2625  0.000e+00
      0.024    18.2462   0.006081     0.0369         65     0.2667  0.000e+00
      0.023    18.2461   0.006075     0.0368         66     0.2708  0.000e+00
      0.022    18.2474   0.006081     0.0369         67     0.2750  0.000e+00
      0.021    18.2447   0.006081     0.0369         68     0.2792  0.000e+00
      0.019    18.2422   0.006075     0.0368         69     0.2833  0.000e+00
      0.022    18.2417   0.006075     0.0368         70     0.2875  0.000e+00
      0.028    18.2423   0.006075     0.0368         71     0.2917  0.000e+00
      0.028    18.2429   0.006081     0.0369         72     0.2958  0.000e+00
      0.030    18.2429   0.006075     0.0368         73     0.3000  0.000e+00
      0.031    18.2431   0.006081     0.0369         74     0.3042  0.000e+00
      0.031    18.2434   0.006081     0.0369         75     0.3083  0.000e+00
      0.026    18.2440   0.006081     0.0369         76     0.3125  0.000e+00
      0.028    18.2437   0.006075     0.0368         77     0.3167  0.000e+00
      0.024    18.2451   0.006081     0.0369         78     0.3208  0.000e+00
      0.028    18.2450   0.006084     0.0369         79     0.3250  0.000e+00
      0.026    18.2456   0.006081     0.0369         80     0.3292  0.000e+00
      0.028    18.2451   0.006084     0.0369         81     0.3333  0.000e+00
      0.021    18.2456   0.006081     0.0369         82     0.3375  0.000e+00
      0.022    18.2460   0.006081     0.0369         83     0.3417  0.000e+00
      0.021    18.2463   0.006075     0.0368         84     0.3458  0.000e+00
      0.021    18.2468   0.006081     0.0369         85     0.3500  0.000e+00
      0.021    18.2475   0.006081     0.0369         86     0.3542  0.000e+00
      0.019    18.2481   0.006075     0.0368         87     0.3583  0.000e+00
      0.021    18.2490   0.006075     0.0368         88     0.3625  0.000e+00
      0.023    18.2485   0.006075     0.0368         89     0.3667  0.000e+00
      0.017    18.2492   0.006075     0.0368         90     0.3708  0.000e+00
      0.023    18.2503   0.006075     0.0368         91     0.3750  0.000e+00
      0.021    18.2506   0.006075     0.0368         92     0.3792  0.000e+00
      0.019    18.2519   0.006075     0.0368         93     0.3833  0.000e+00
      0.021    18.2529   0.006069     0.0368         94     0.3875  0.000e+00
      0.023    18.2543   0.006075     0.0368         95     0.3917  0.000e+00
      0.026    18.2538   0.006081     0.0369         96     0.3958  0.000e+00
      0.026    18.2536   0.006075     0.0368         97     0.4000  0.000e+00
      0.026    18.2538   0.006081     0.0369         98     0.4042  0.000e+00
      0.025    18.2541   0.006075     0.0368         99     0.4083  0.000e+00
      0.032    18.2555   0.006075     0.0368        100     0.4125  0.000e+00
      0.024    18.2538   0.006081     0.0369        101     0.4167  0.000e+00
      0.023    18.2516   0.006081     0.0369        102     0.4208  0.000e+00
      0.023    18.2516   0.006075     0.0368        103     0.4250  0.000e+00
      0.019    18.2521   0.006081     0.0369        104     0.4292  0.000e+00
      0.023    18.2537   0.006084     0.0369        105     0.4333  0.000e+00
      0.021    18.2534   0.006081     0.0369        106     0.4375  0.000e+00
      0.019    18.2530   0.006081     0.0369        107     0.4417  0.000e+00
      0.018    18.2535   0.006081     0.0369        108     0.4458  0.000e+00
      0.017    18.2544   0.006075     0.0368        109     0.4500  0.000e+00
      0.009    18.2551   0.006075     0.0368        110     0.4542  0.000e+00
      0.018    18.2561   0.006075     0.0368        111     0.4583  0.000e+00
      0.014    18.2564   0.006075     0.0368        112     0.4625  0.000e+00
      0.012    18.2578   0.006075     0.0368        113     0.4667  0.000e+00
      0.010    18.2586   0.006081     0.0369        114     0.4708  0.000e+00
      0.007    18.2591   0.006081     0.0369        115     0.4750  0.000e+00
      0.016    18.2595   0.006075     0.0368        116     0.4792  0.000e+00
      0.023    18.2580   0.006081     0.0369        117     0.4833  0.000e+00
      0.023    18.2559   0.006075     0.0368        118     0.4875  0.000e+00
      0.021    18.2562   0.006075     0.0368        119     0.4917  0.000e+00
      0.023    18.2568   0.006081     0.0369        120     0.4958  0.000e+00
      0.023    18.2575   0.006075     0.0368        121     0.5000  0.000e+00
      0.023    18.2562   0.006081     0.0369        122     0.5042  0.000e+00
      0.026    18.2553   0.006075     0.0368        123     0.5083  0.000e+00
      0.025    18.2557   0.006081     0.0369        124     0.5125  0.000e+00
      0.028    18.2564   0.006081     0.0369        125     0.5167  0.000e+00
      0.025    18.2577   0.006081     0.0369        126     0.5208  0.000e+00
      0.025    18.2585   0.006075     0.0368        127     0.5250  0.000e+00
      0.019    18.2582   0.006075     0.0368        128     0.5292  0.000e+00
      0.019    18.2575   0.006069     0.0368        129     0.5333  0.000e+00
      0.019    18.2586   0.006075     0.0368        130     0.5375  0.000e+00
      0.018    18.2593   0.006075     0.0368        131     0.5417  0.000e+00
      0.016    18.2600   0.006081     0.0369        132     0.5458  0.000e+00
      0.016    18.2607   0.006081     0.0369        133     0.5500  0.000e+00
      0.016    18.2613   0.006075     0.0368        134     0.5542  0.000e+00
      0.014    18.2617   0.006069     0.0368        135     0.5583  0.000e+00
      0.014    18.2620   0.006075     0.0368        136     0.5625  0.000e+00
      0.014    18.2622   0.006075     0.0368        137     0.5667  0.000e+00
      0.013    18.2627   0.006075     0.0368        138     0.5708  0.000e+00
      0.014    18.2639   0.006075     0.0368        139     0.5750  0.000e+00
      0.016    18.2643   0.006069     0.0368        140     0.5792  0.000e+00
      0.018    18.2644   0.006069     0.0368        141     0.5833  0.000e+00
      0.022    18.2633   0.006069     0.0368        142     0.5875  0.000e+00
      0.020    18.2638   0.006081     0.0368        143     0.5917  0.000e+00
      0.022    18.2651   0.006075     0.0368        144     0.5958  0.000e+00
      0.025    18.2639   0.006075     0.0368        145     0.6000  0.000e+00
      0.025    18.2633   0.006075     0.0368        146     0.6042  0.000e+00
      0.022    18.2635   0.006075     0.0368        147     0.6083  0.000e+00
      0.027    18.2627   0.006075     0.0368        148     0.6125  0.000e+00
      0.025    18.2613   0.006069     0.0368        149     0.6167  0.000e+00
      0.025    18.2618   0.006075     0.0368        150     0.6208  0.000e+00
      0.023    18.2615   0.006075     0.0368        151     0.6250  0.000e+00
      0.021    18.2612   0.006081     0.0369        152     0.6292  0.000e+00
      0.021    18.2612   0.006081     0.0369        153     0.6333  0.000e+00
      0.023    18.2585   0.006075     0.0368        154     0.6375  0.000e+00
      0.019    18.2589   0.006069     0.0368        155     0.6417  0.000e+00
      0.021    18.2591   0.006069     0.0368        156     0.6458  0.000e+00
      0.019    18.2588   0.006075     0.0368        157     0.6500  0.000e+00
      0.014    18.2590   0.006075     0.0368        158     0.6542  0.000e+00
      0.014    18.2574   0.006066     0.0368        159     0.6583  0.000e+00
      0.025    18.2589   0.006069     0.0368        160     0.6625  0.000e+00
      0.255    18.2634   0.847219     5.4921        161     0.6667  0.000e+00
      0.454    18.2697   0.724234     4.6408        162     0.6708  0.000e+00
      0.667    18.2630   2.622074    18.7042        163     0.6750  0.000e+00
      0.886    18.1957   2.153318    15.1013        164     0.6792  0.000e+00
      1.129    18.1063   2.851879    20.5908        165     0.6833  0.000e+00
      1.376    18.1038   3.166326    23.1069        166     0.6875  0.000e+00
      1.609    18.1197   2.283333    16.1300        167     0.6917  0.000e+00
      1.824    18.1269   1.289791     8.6672        168     0.6958  0.000e+00
      2.016    18.1252   2.357990    16.7055        169     0.7000  0.000e+00
      2.203    18.1122   4.370196    33.0388        170     0.7042  0.000e+00
      2.382    18.0933   4.403608    33.3367        171     0.7083  0.000e+00
      2.511    18.0550   4.412991    33.4475        172     0.7125  0.000e+00
      2.540    17.9878   4.428845    33.6372        173     0.7167  0.000e+00
      2.505    17.8744   4.458688    33.9853        174     0.7208  0.000e+00
      2.447    17.6865   4.462230    34.1729        175     0.7250  0.000e+00
      2.435    17.5015   4.445798    34.1876        176     0.7292  0.000e+00
      2.480    17.3867   4.446680    34.2923        177     0.7333  0.000e+00
      2.532    17.3052   4.450783    34.3970        178     0.7375  0.000e+00
      2.590    17.2316   4.459194    34.5326        179     0.7417  0.000e+00
      2.654    17.1688   4.464582    34.6332        180     0.7458  0.000e+00
      2.737    17.1220   4.064614    31.2218        181     0.7500  0.000e+00
      2.840    17.1007   3.639247    27.6250        182     0.7542  0.000e+00
      2.967    17.1776   4.399677    34.0625        183     0.7583  0.000e+00
      3.135    17.3224   4.387803    33.8381        184     0.7625  0.000e+00
      3.321    17.4445   4.426169    34.0663        185     0.7667  0.000e+00
      3.519    17.5409   4.460806    34.2831        186     0.7708  0.000e+00
      3.716    17.6122   4.462596    34.2381        187     0.7750  0.000e+00
      3.917    17.6589   4.461972    34.1934        188     0.7792  0.000e+00
      4.117    17.6882   4.458433    34.1383        189     0.7833  0.000e+00
      4.327    17.7082   4.458125    34.1188        190     0.7875  0.000e+00
      4.542    17.7210   4.457447    34.1021        191     0.7917  0.000e+00
      4.785    17.7094   4.461370    34.1454        192     0.7958  0.000e+00
      5.013    17.5920   4.480760    34.4109        193     0.8000  0.000e+00
      5.230    17.3644   4.497722    34.7514        194     0.8042  0.000e+00
      5.429    17.1026   4.503616    35.0290        195     0.8083  0.000e+00
      5.643    16.8698   4.507336    35.2650        196     0.8125  0.000e+00
      5.835    16.6744   4.503201    35.4009        197     0.8167  0.000e+00
      5.956    16.4937   4.488186    35.4286        198     0.8208  0.000e+00
      6.003    16.3184   4.475552    35.4726        199     0.8250  0.000e+00
      6.014    16.1627   4.476073    35.6165        200     0.8292  0.000e+00
      6.048    16.0418   4.481196    35.7711        201     0.8333  0.000e+00
      6.113    15.9612   4.488502    35.9095        202     0.8375  0.000e+00
      6.204    15.9209   4.494936    36.0039        203     0.8417  0.000e+00
      6.301    15.9059   4.499793    36.0611        204     0.8458  0.000e+00
      6.396    15.8969   4.503557    36.1031        205     0.8500  0.000e+00
      6.510    15.8867   4.505475    36.1296        206     0.8542  0.000e+00
      6.640    15.8848   4.508482    36.1583        207     0.8583  0.000e+00
      6.798    15.9499   4.508193    36.0962        208     0.8625  0.000e+00
      6.975    16.0673   4.509161    35.9979        209     0.8667  0.000e+00
      7.162    16.1753   4.514726    35.9496        210     0.8708  0.000e+00
      7.367    16.2541   4.517952    35.9070        211     0.8750  0.000e+00
      7.567    16.3004   4.513965    35.8296        212     0.8792  0.000e+00
      7.783    16.3255   4.509558    35.7677        213     0.8833  0.000e+00
      8.006    16.3010   4.503917    35.7394        214     0.8875  0.000e+00
      8.225    16.2281   4.493536    35.7125        215     0.8917  0.000e+00
