HB2502/sbe014.cnv
* Sea-Bird SBE 19plus V2 Data File:
* FileName = C:\cruise\data\sbe014.hex
* Software Version Seasave V 7.26.7.121
* Temperature SN = 6128
* Conductivity SN = 6128
* System UpLoad Time = Mar 12 2025 02:20:06
* NMEA Latitude = 37 27.90 N
* NMEA Longitude = 075 03.71 W
* NMEA UTC (Time) = Mar 12 2025  02:18:47
** Ship: Henry Bigelow
** Cruise:  HB2502
** Program:  Spring Bottom Trawl
# nquan = 7
# nvalues = 1233                                  
# units = specified
# name 0 = depSM: Depth [salt water, m]
# name 1 = tv290C: Temperature [ITS-90, deg C]
# name 2 = c0S/m: Conductivity [S/m]
# name 3 = sal00: Salinity, Practical [PSU]
# name 4 = scan: Scan Count
# name 5 = timeM: Time, Elapsed [minutes]
# name 6 = flag:  0.000e+00
# span 0 =      0.089,     26.649                 
# span 1 =     7.7279,     8.7975                 
# span 2 =   0.007967,   3.578960                 
# span 3 =     0.0548,    33.8485                 
# span 4 =         11,       1243                 
# span 5 =     0.0417,     5.1750                 
# span 6 = 0.0000e+00, 0.0000e+00                 
# interval = seconds: 0.25
# start_time = Mar 12 2025 02:18:47 [NMEA time, header]
# bad_flag = -9.990e-29
*END*
[from data line 411]
     20.380     7.7713   3.418219    33.0328        422     1.7542  0.000e+00
     20.535     7.7593   3.418238    33.0443        423     1.7583  0.000e+00
     20.689     7.7513   3.418112    33.0504        424     1.7625  0.000e+00
     20.834     7.7462   3.418257    33.0568        425     1.7667  0.000e+00
     20.969     7.7435   3.418364    33.0604        426     1.7708  0.000e+00
     21.098     7.7422   3.418131    33.0591        427     1.7750  0.000e+00
     21.201     7.7399   3.418841    33.0688        428     1.7792  0.000e+00
     21.298     7.7367   3.419230    33.0760        429     1.7833  0.000e+00
     21.388     7.7333   3.419299    33.0800        430     1.7875  0.000e+00
     21.472     7.7302   3.420172    33.0923        431     1.7917  0.000e+00
     21.559     7.7284   3.420342    33.0958        432     1.7958  0.000e+00
     21.642     7.7279   3.420756    33.1006        433     1.8000  0.000e+00
     21.729     7.7283   3.420875    33.1015        434     1.8042  0.000e+00
     21.819     7.7287   3.421717    33.1101        435     1.8083  0.000e+00
     21.916     7.7296   3.423023    33.1232        436     1.8125  0.000e+00
     22.015     7.7323   3.424028    33.1314        437     1.8167  0.000e+00
     22.119     7.7360   3.424738    33.1355        438     1.8208  0.000e+00
     22.237     7.7398   3.425279    33.1376        439     1.8250  0.000e+00
     22.349     7.7435   3.426322    33.1452        440     1.8292  0.000e+00
     22.467     7.7474   3.427390    33.1529        441     1.8333  0.000e+00
     22.591     7.7518   3.428703    33.1628        442     1.8375  0.000e+00
     22.724     7.7568   3.429470    33.1662        443     1.8417  0.000e+00
     22.865     7.7616   3.429583    33.1628        444     1.8458  0.000e+00
     23.010     7.7652   3.429433    33.1576        445     1.8500  0.000e+00
     23.153     7.7674   3.429722    33.1586        446     1.8542  0.000e+00
     23.306     7.7691   3.430357    33.1638        447     1.8583  0.000e+00
     23.456     7.7711   3.430306    33.1613        448     1.8625  0.000e+00
     23.609     7.7735   3.431061    33.1670        449     1.8667  0.000e+00
     23.765     7.7759   3.431268    33.1669        450     1.8708  0.000e+00
     23.919     7.7782   3.432274    33.1754        451     1.8750  0.000e+00
     24.075     7.7815   3.434582    33.1969        452     1.8792  0.000e+00
     24.222     7.7883   3.435369    33.1988        453     1.8833  0.000e+00
     24.365     7.7962   3.435482    33.1925        454     1.8875  0.000e+00
     24.500     7.8020   3.435576    33.1879        455     1.8917  0.000e+00
     24.616     7.8055   3.435847    33.1874        456     1.8958  0.000e+00
     24.721     7.8082   3.436740    33.1943        457     1.9000  0.000e+00
     24.812     7.8118   3.436186    33.1850        458     1.9042  0.000e+00
     24.897     7.8137   3.436998    33.1918        459     1.9083  0.000e+00
     24.974     7.8160   3.438042    33.2008        460     1.9125  0.000e+00
     25.050     7.8196   3.438508    33.2023        461     1.9167  0.000e+00
     25.132     7.8235   3.438867    33.2024        462     1.9208  0.000e+00
     25.218     7.8267   3.439143    33.2022        463     1.9250  0.000e+00
     25.309     7.8294   3.439345    33.2018        464     1.9292  0.000e+00
     25.407     7.8317   3.439383    33.2000        465     1.9333  0.000e+00
     25.508     7.8334   3.439408    33.1986        466     1.9375  0.000e+00
     25.619     7.8342   3.439427    33.1980        467     1.9417  0.000e+00
     25.741     7.8349   3.439471    33.1977        468     1.9458  0.000e+00
     25.877     7.8354   3.439452    33.1970        469     1.9500  0.000e+00
     26.023     7.8357   3.439515    33.1973        470     1.9542  0.000e+00
     26.182     7.8359   3.439603    33.1980        471     1.9583  0.000e+00
     26.322     7.8362   3.439597    33.1975        472     1.9625  0.000e+00
     26.427     7.8366   3.439534    33.1965        473     1.9667  0.000e+00
     26.490     7.8367   3.439496    33.1960        474     1.9708  0.000e+00
     26.517     7.8367   3.439427    33.1952        475     1.9750  0.000e+00
     26.526     7.8363   3.439276    33.1939        476     1.9792  0.000e+00
     26.544     7.8358   3.439326    33.1950        477     1.9833  0.000e+00
     26.579     7.8354   3.439471    33.1968        478     1.9875  0.000e+00
     26.611     7.8355   3.439628    33.1984        479     1.9917  0.000e+00
     26.640     7.8362   3.439704    33.1986        480     1.9958  0.000e+00
     26.647     7.8366   3.439723    33.1984        481     2.0000  0.000e+00
     26.649     7.8371   3.439779    33.1986        482     2.0042  0.000e+00
     26.634     7.8374   3.439723    33.1976        483     2.0083  0.000e+00
     26.607     7.8376   3.439679    33.1970        484     2.0125  0.000e+00
     26.570     7.8375   3.439716    33.1975        485     2.0167  0.000e+00
     26.534     7.8375   3.439767    33.1980        486     2.0208  0.000e+00
     26.499     7.8376   3.439760    33.1979        487     2.0250  0.000e+00
     26.454     7.8378   3.439804    33.1982        488     2.0292  0.000e+00
     26.399     7.8379   3.439804    33.1981        489     2.0333  0.000e+00
     26.351     7.8380   3.439823    33.1983        490     2.0375  0.000e+00
     26.304     7.8381   3.439786    33.1978        491     2.0417  0.000e+00
     26.268     7.8382   3.439723    33.1971        492     2.0458  0.000e+00
     26.241     7.8381   3.439691    33.1969        493     2.0500  0.000e+00
     26.219     7.8379   3.439679    33.1969        494     2.0542  0.000e+00
     26.198     7.8377   3.439723    33.1975        495     2.0583  0.000e+00
     26.183     7.8377   3.439691    33.1972        496     2.0625  0.000e+00
     26.177     7.8376   3.439723    33.1976        497     2.0667  0.000e+00
     26.167     7.8376   3.439716    33.1976        498     2.0708  0.000e+00
     26.169     7.8378   3.439723    33.1974        499     2.0750  0.000e+00
     26.161     7.8380   3.439723    33.1973        500     2.0792  0.000e+00
     26.152     7.8378   3.439779    33.1981        501     2.0833  0.000e+00
     26.145     7.8379   3.439785    33.1980        502     2.0875  0.000e+00
     26.132     7.8382   3.439785    33.1978        503     2.0917  0.000e+00
     26.098     7.8382   3.439716    33.1970        504     2.0958  0.000e+00
     26.058     7.8381   3.439723    33.1973        505     2.1000  0.000e+00
     26.013     7.8378   3.439785    33.1983        506     2.1042  0.000e+00
     25.965     7.8379   3.439779    33.1980        507     2.1083  0.000e+00
     25.917     7.8381   3.439892    33.1992        508     2.1125  0.000e+00
     25.868     7.8386   3.439974    33.1995        509     2.1167  0.000e+00
     25.815     7.8389   3.439936    33.1989        510     2.1208  0.000e+00
     25.771     7.8392   3.439993    33.1993        511     2.1250  0.000e+00
     25.749     7.8396   3.439955    33.1985        512     2.1292  0.000e+00
     25.727     7.8396   3.439930    33.1982        513     2.1333  0.000e+00
     25.710     7.8396   3.439911    33.1980        514     2.1375  0.000e+00
     25.698     7.8396   3.439867    33.1975        515     2.1417  0.000e+00
     25.697     7.8395   3.439848    33.1975        516     2.1458  0.000e+00
     25.711     7.8392   3.439766    33.1968        517     2.1500  0.000e+00
     25.720     7.8390   3.439735    33.1966        518     2.1542  0.000e+00
     25.733     7.8387   3.439704    33.1966        519     2.1583  0.000e+00
     25.746     7.8385   3.439741    33.1972        520     2.1625  0.000e+00
     25.755     7.8385   3.439848    33.1983        521     2.1667  0.000e+00
     25.769     7.8387   3.439848    33.1982        522     2.1708  0.000e+00
     25.767     7.8387   3.439867    33.1984        523     2.1750  0.000e+00
     25.763     7.8389   3.439848    33.1980        524     2.1792  0.000e+00
     25.743     7.8389   3.439867    33.1981        525     2.1833  0.000e+00
     25.706     7.8390   3.439867    33.1981        526     2.1875  0.000e+00
     25.665     7.8391   3.439867    33.1980        527     2.1917  0.000e+00
     25.596     7.8390   3.439785    33.1972        528     2.1958  0.000e+00
     25.502     7.8389   3.439804    33.1976        529     2.2000  0.000e+00
     25.407     7.8388   3.439703    33.1967        530     2.2042  0.000e+00
     25.299     7.8384   3.439703    33.1971        531     2.2083  0.000e+00
     25.186     7.8382   3.439804    33.1985        532     2.2125  0.000e+00
     25.063     7.8384   3.439804    33.1983        533     2.2167  0.000e+00
     24.936     7.8386   3.439848    33.1986        534     2.2208  0.000e+00
     24.813     7.8388   3.439722    33.1972        535     2.2250  0.000e+00
     24.703     7.8388   3.439615    33.1961        536     2.2292  0.000e+00
     24.592     7.8383   3.439540    33.1957        537     2.2333  0.000e+00
     24.503     7.8378   3.439470    33.1956        538     2.2375  0.000e+00
     24.426     7.8374   3.439552    33.1968        539     2.2417  0.000e+00
     24.377     7.8372   3.439514    33.1966        540     2.2458  0.000e+00
     24.346     7.8372   3.439533    33.1969        541     2.2500  0.000e+00
     24.336     7.8373   3.439470    33.1961        542     2.2542  0.000e+00
     24.355     7.8372   3.439495    33.1964        543     2.2583  0.000e+00
     24.389     7.8371   3.439426    33.1958        544     2.2625  0.000e+00
     24.435     7.8369   3.439206    33.1936        545     2.2667  0.000e+00
     24.496     7.8364   3.439030    33.1922        546     2.2708  0.000e+00
     24.560     7.8354   3.438992    33.1927        547     2.2750  0.000e+00
     24.623     7.8348   3.439074    33.1941        548     2.2792  0.000e+00
     24.675     7.8345   3.439200    33.1957        549     2.2833  0.000e+00
     24.722     7.8345   3.439219    33.1959        550     2.2875  0.000e+00
     24.753     7.8347   3.439250    33.1961        551     2.2917  0.000e+00
     24.773     7.8349   3.439452    33.1980        552     2.2958  0.000e+00
     24.772     7.8353   3.439533    33.1985        553     2.3000  0.000e+00
     24.754     7.8360   3.439691    33.1996        554     2.3042  0.000e+00
     24.714     7.8367   3.439785    33.1999        555     2.3083  0.000e+00
     24.669     7.8375   3.439848    33.1998        556     2.3125  0.000e+00
     24.592     7.8382   3.439785    33.1985        557     2.3167  0.000e+00
     24.517     7.8387   3.439766    33.1979        558     2.3208  0.000e+00
     24.428     7.8388   3.439760    33.1978        559     2.3250  0.000e+00
     24.337     7.8388   3.439722    33.1974        560     2.3292  0.000e+00
     24.251     7.8386   3.439074    33.1907        561     2.3333  0.000e+00
     24.163     7.8375   3.438923    33.1901        562     2.3375  0.000e+00
     24.075     7.8357   3.438929    33.1920        563     2.3417  0.000e+00
     23.993     7.8344   3.438193    33.1853        564     2.3458  0.000e+00
     23.927     7.8324   3.436362    33.1677        565     2.3500  0.000e+00
     23.862     7.8273   3.435324    33.1614        566     2.3542  0.000e+00
     23.804     7.8204   3.434733    33.1617        567     2.3583  0.000e+00
     23.752     7.8143   3.434444    33.1644        568     2.3625  0.000e+00
     23.705     7.8095   3.434029    33.1645        569     2.3667  0.000e+00
     23.665     7.8054   3.433746    33.1654        570     2.3708  0.000e+00
     23.616     7.8022   3.433670    33.1677        571     2.3750  0.000e+00
     23.578     7.7998   3.433651    33.1698        572     2.3792  0.000e+00
     23.535     7.7981   3.432645    33.1606        573     2.3833  0.000e+00
     23.495     7.7955   3.431853    33.1546        574     2.3875  0.000e+00
     23.454     7.7920   3.432356    33.1633        575     2.3917  0.000e+00
     23.412     7.7899   3.432513    33.1671        576     2.3958  0.000e+00
     23.372     7.7892   3.432859    33.1714        577     2.4000  0.000e+00
     23.338     7.7896   3.432664    33.1690        578     2.4042  0.000e+00
     23.305     7.7896   3.433362    33.1765        579     2.4083  0.000e+00
     23.277     7.7908   3.433569    33.1776        580     2.4125  0.000e+00
     23.263     7.7925   3.433500    33.1753        581     2.4167  0.000e+00
     23.255     7.7936   3.433255    33.1716        582     2.4208  0.000e+00
     23.253     7.7936   3.432601    33.1645        583     2.4250  0.000e+00
     23.257     7.7927   3.432104    33.1601        584     2.4292  0.000e+00
     23.270     7.7908   3.431413    33.1545        585     2.4333  0.000e+00
     23.276     7.7883   3.431149    33.1540        586     2.4375  0.000e+00
     23.287     7.7856   3.431017    33.1551        587     2.4417  0.000e+00
     23.296     7.7837   3.430973    33.1565        588     2.4458  0.000e+00
     23.305     7.7824   3.431168    33.1598        589     2.4500  0.000e+00
     23.311     7.7821   3.431312    33.1617        590     2.4542  0.000e+00
     23.303     7.7822   3.431281    33.1612        591     2.4583  0.000e+00
     23.299     7.7825   3.430853    33.1563        592     2.4625  0.000e+00
     23.283     7.7819   3.430558    33.1538        593     2.4667  0.000e+00
     23.261     7.7806   3.429785    33.1467        594     2.4708  0.000e+00
     23.219     7.7784   3.428722    33.1374        595     2.4750  0.000e+00
     23.172     7.7746   3.427742    33.1306        596     2.4792  0.000e+00
     23.111     7.7694   3.427095    33.1285        597     2.4833  0.000e+00
     23.036     7.7647   3.427616    33.1387        598     2.4875  0.000e+00
     22.970     7.7620   3.427478    33.1398        599     2.4917  0.000e+00
     22.883     7.7607   3.427346    33.1396        600     2.4958  0.000e+00
     22.803     7.7594   3.427233    33.1397        601     2.5000  0.000e+00
     22.721     7.7584   3.427616    33.1448        602     2.5042  0.000e+00
     22.636     7.7584   3.427698    33.1457        603     2.5083  0.000e+00
     22.560     7.7592   3.427610    33.1440        604     2.5125  0.000e+00
     22.481     7.7595   3.427302    33.1405        605     2.5167  0.000e+00
     22.416     7.7588   3.427189    33.1399        606     2.5208  0.000e+00
     22.359     7.7583   3.427176    33.1404        607     2.5250  0.000e+00
     22.316     7.7576   3.427409    33.1435        608     2.5292  0.000e+00
     22.287     7.7576   3.427453    33.1440        609     2.5333  0.000e+00
     22.256     7.7577   3.427509    33.1445        610     2.5375  0.000e+00
     22.249     7.7580   3.427553    33.1447        611     2.5417  0.000e+00
     22.248     7.7583   3.427849    33.1476        612     2.5458  0.000e+00
     22.256     7.7587   3.427805    33.1467        613     2.5500  0.000e+00
     22.269     7.7594   3.427874    33.1469        614     2.5542  0.000e+00
     22.282     7.7598   3.427930    33.1470        615     2.5583  0.000e+00
     22.296     7.7602   3.427993    33.1473        616     2.5625  0.000e+00
     22.318     7.7605   3.428069    33.1479        617     2.5667  0.000e+00
     22.327     7.7608   3.428238    33.1494        618     2.5708  0.000e+00
     22.340     7.7615   3.428270    33.1491        619     2.5750  0.000e+00
     22.347     7.7620   3.428301    33.1489        620     2.5792  0.000e+00
     22.343     7.7624   3.428364    33.1492        621     2.5833  0.000e+00
     22.321     7.7626   3.428402    33.1494        622     2.5875  0.000e+00
     22.291     7.7630   3.427949    33.1442        623     2.5917  0.000e+00
     22.251     7.7624   3.426774    33.1322        624     2.5958  0.000e+00
     22.202     7.7606   3.426070    33.1263        625     2.6000  0.000e+00
