HB2502/sbe055.cnv
* Sea-Bird SBE 19plus V2 Data File:
* FileName = C:\cruise\data\sbe055.hex
* Software Version Seasave V 7.26.7.121
* Temperature SN = 6128
* Conductivity SN = 6128
* System UpLoad Time = Apr 03 2025 07:16:48
* NMEA Latitude = 40 12.09 N
* NMEA Longitude = 072 12.16 W
* NMEA UTC (Time) = Apr 03 2025  07:15:52
** Ship: Henry Bigelow
** Cruise:  HB2502
** Program:  Spring Bottom Trawl
# nquan = 7
# nvalues = 1540                                  
# units = specified
# name 0 = depSM: Depth [salt water, m]
# name 1 = tv290C: Temperature [ITS-90, deg C]
# name 2 = c0S/m: Conductivity [S/m]
# name 3 = sal00: Salinity, Practical [PSU]
# name 4 = scan: Scan Count
# name 5 = timeM: Time, Elapsed [minutes]
# name 6 = flag:  0.000e+00
# span 0 =      0.155,     62.387                 
# span 1 =     6.5412,     7.7526                 
# span 2 =   0.004524,   3.422921                 
# span 3 =     0.0322,    33.4114                 
# span 4 =         11,       1550                 
# span 5 =     0.0417,     6.4542                 
# span 6 = 0.0000e+00, 0.0000e+00                 
# interval = seconds: 0.25
# start_time = Apr 03 2025 07:15:52 [NMEA time, header]
# bad_flag = -9.990e-29
*END*
[from data line 206]
     15.844     7.5672   3.399143    33.0235        217     0.9000  0.000e+00
     15.906     7.5130   3.396601    33.0477        218     0.9042  0.000e+00
     15.965     7.4667   3.395406    33.0789        219     0.9083  0.000e+00
     16.018     7.4305   3.395801    33.1176        220     0.9125  0.000e+00
     16.090     7.4043   3.399396    33.1816        221     0.9167  0.000e+00
     16.166     7.3916   3.405750    33.2627        222     0.9208  0.000e+00
     16.262     7.3835   3.412072    33.3390        223     0.9250  0.000e+00
     16.370     7.3803   3.418467    33.4114        224     0.9292  0.000e+00
     16.504     7.4061   3.419220    33.3946        225     0.9333  0.000e+00
     16.651     7.4636   3.418466    33.3310        226     0.9375  0.000e+00
     16.810     7.5269   3.417680    33.2616        227     0.9417  0.000e+00
     16.976     7.5784   3.417529    33.2106        228     0.9458  0.000e+00
     17.148     7.6153   3.417322    33.1730        229     0.9500  0.000e+00
     17.327     7.6393   3.416474    33.1409        230     0.9542  0.000e+00
     17.508     7.6531   3.413669    33.0975        231     0.9583  0.000e+00
     17.691     7.6603   3.409284    33.0434        232     0.9625  0.000e+00
     17.876     7.6633   3.406444    33.0099        233     0.9667  0.000e+00
     18.055     7.6585   3.406713    33.0173        234     0.9708  0.000e+00
     18.233     7.6263   3.406657    33.0471        235     0.9750  0.000e+00
     18.403     7.5809   3.401324    33.0328        236     0.9792  0.000e+00
     18.558     7.5325   3.396189    33.0233        237     0.9833  0.000e+00
     18.701     7.4817   3.392564    33.0325        238     0.9875  0.000e+00
     18.844     7.4339   3.389718    33.0472        239     0.9917  0.000e+00
     18.984     7.3935   3.387991    33.0671        240     0.9958  0.000e+00
     19.116     7.3612   3.387429    33.0917        241     1.0000  0.000e+00
     19.255     7.3375   3.388073    33.1213        242     1.0042  0.000e+00
     19.391     7.3218   3.392604    33.1855        243     1.0083  0.000e+00
     19.532     7.3148   3.398170    33.2526        244     1.0125  0.000e+00
     19.667     7.3090   3.400845    33.2871        245     1.0167  0.000e+00
     19.797     7.3004   3.402744    33.3161        246     1.0208  0.000e+00
     19.929     7.2947   3.404236    33.3376        247     1.0250  0.000e+00
     20.047     7.3005   3.403809    33.3273        248     1.0292  0.000e+00
     20.161     7.3097   3.403408    33.3141        249     1.0333  0.000e+00
     20.273     7.3166   3.404856    33.3231        250     1.0375  0.000e+00
     20.379     7.3230   3.407038    33.3406        251     1.0417  0.000e+00
     20.475     7.3311   3.409376    33.3582        252     1.0458  0.000e+00
     20.571     7.3405   3.412801    33.3862        253     1.0500  0.000e+00
     20.657     7.3551   3.414934    33.3953        254     1.0542  0.000e+00
     20.749     7.3878   3.412625    33.3387        255     1.0583  0.000e+00
     20.844     7.4334   3.378838    32.9291        256     1.0625  0.000e+00
     20.949     7.4305   3.368077    32.8154        257     1.0667  0.000e+00
     21.069     7.3642   3.367597    32.8730        258     1.0708  0.000e+00
     21.197     7.3026   3.367429    32.9297        259     1.0750  0.000e+00
     21.342     7.2604   3.367330    32.9688        260     1.0792  0.000e+00
     21.505     7.2338   3.367262    32.9933        261     1.0833  0.000e+00
     21.663     7.2180   3.367206    33.0077        262     1.0875  0.000e+00
     21.840     7.2088   3.367175    33.0162        263     1.0917  0.000e+00
     22.016     7.2032   3.367206    33.0217        264     1.0958  0.000e+00
     22.195     7.2001   3.367175    33.0243        265     1.1000  0.000e+00
     22.377     7.1982   3.367175    33.0260        266     1.1042  0.000e+00
     22.555     7.1971   3.367125    33.0265        267     1.1083  0.000e+00
     22.732     7.1964   3.367132    33.0271        268     1.1125  0.000e+00
     22.910     7.1960   3.367107    33.0271        269     1.1167  0.000e+00
     23.076     7.1957   3.367132    33.0276        270     1.1208  0.000e+00
     23.230     7.1956   3.367107    33.0273        271     1.1250  0.000e+00
     23.380     7.1956   3.367113    33.0274        272     1.1292  0.000e+00
     23.521     7.1954   3.367126    33.0276        273     1.1333  0.000e+00
     23.653     7.1953   3.367132    33.0277        274     1.1375  0.000e+00
     23.794     7.1955   3.367126    33.0274        275     1.1417  0.000e+00
     23.941     7.1956   3.367132    33.0273        276     1.1458  0.000e+00
     24.085     7.1956   3.367126    33.0272        277     1.1500  0.000e+00
     24.230     7.1954   3.367157    33.0276        278     1.1542  0.000e+00
     24.380     7.1957   3.367132    33.0270        279     1.1583  0.000e+00
     24.530     7.1957   3.367126    33.0268        280     1.1625  0.000e+00
     24.672     7.1957   3.367132    33.0268        281     1.1667  0.000e+00
     24.811     7.1956   3.367126    33.0268        282     1.1708  0.000e+00
     24.941     7.1956   3.367114    33.0266        283     1.1750  0.000e+00
     25.062     7.1957   3.367107    33.0264        284     1.1792  0.000e+00
     25.178     7.1955   3.367132    33.0268        285     1.1833  0.000e+00
     25.283     7.1954   3.367107    33.0265        286     1.1875  0.000e+00
     25.375     7.1953   3.367070    33.0262        287     1.1917  0.000e+00
     25.459     7.1952   3.367026    33.0258        288     1.1958  0.000e+00
     25.539     7.1950   3.367026    33.0260        289     1.2000  0.000e+00
     25.625     7.1947   3.367008    33.0260        290     1.2042  0.000e+00
     25.719     7.1943   3.367026    33.0265        291     1.2083  0.000e+00
     25.828     7.1943   3.367002    33.0262        292     1.2125  0.000e+00
     25.949     7.1942   3.367027    33.0265        293     1.2167  0.000e+00
     26.083     7.1943   3.367045    33.0266        294     1.2208  0.000e+00
     26.243     7.1943   3.367045    33.0264        295     1.2250  0.000e+00
     26.400     7.1945   3.367070    33.0265        296     1.2292  0.000e+00
     26.574     7.1945   3.367089    33.0266        297     1.2333  0.000e+00
     26.757     7.1946   3.367089    33.0264        298     1.2375  0.000e+00
     26.949     7.1946   3.367089    33.0264        299     1.2417  0.000e+00
     27.144     7.1945   3.367071    33.0262        300     1.2458  0.000e+00
     27.343     7.1945   3.367089    33.0263        301     1.2500  0.000e+00
     27.543     7.1945   3.367089    33.0262        302     1.2542  0.000e+00
     27.745     7.1945   3.367090    33.0260        303     1.2583  0.000e+00
     27.942     7.1944   3.367071    33.0258        304     1.2625  0.000e+00
     28.123     7.1943   3.367090    33.0260        305     1.2667  0.000e+00
     28.293     7.1943   3.367090    33.0259        306     1.2708  0.000e+00
     28.439     7.1942   3.367090    33.0260        307     1.2750  0.000e+00
     28.570     7.1942   3.367065    33.0256        308     1.2792  0.000e+00
     28.681     7.1942   3.366853    33.0233        309     1.2833  0.000e+00
     28.791     7.1941   3.367090    33.0259        310     1.2875  0.000e+00
     28.896     7.1941   3.367115    33.0262        311     1.2917  0.000e+00
     28.994     7.1941   3.367090    33.0258        312     1.2958  0.000e+00
     29.100     7.1940   3.367071    33.0257        313     1.3000  0.000e+00
     29.210     7.1939   3.367090    33.0259        314     1.3042  0.000e+00
     29.335     7.1940   3.367090    33.0258        315     1.3083  0.000e+00
     29.465     7.1938   3.367090    33.0259        316     1.3125  0.000e+00
     29.601     7.1939   3.367115    33.0260        317     1.3167  0.000e+00
     29.739     7.1938   3.367159    33.0265        318     1.3208  0.000e+00
     29.896     7.1938   3.367146    33.0263        319     1.3250  0.000e+00
     30.054     7.1940   3.367134    33.0259        320     1.3292  0.000e+00
     30.218     7.1940   3.367147    33.0259        321     1.3333  0.000e+00
     30.381     7.1940   3.367196    33.0264        322     1.3375  0.000e+00
     30.545     7.1941   3.367209    33.0264        323     1.3417  0.000e+00
     30.708     7.1943   3.367240    33.0264        324     1.3458  0.000e+00
     30.870     7.1944   3.367209    33.0259        325     1.3500  0.000e+00
     31.023     7.1945   3.367222    33.0259        326     1.3542  0.000e+00
     31.174     7.1944   3.367191    33.0256        327     1.3583  0.000e+00
     31.318     7.1943   3.367197    33.0256        328     1.3625  0.000e+00
     31.463     7.1943   3.367272    33.0264        329     1.3667  0.000e+00
     31.605     7.1943   3.367459    33.0283        330     1.3708  0.000e+00
     31.747     7.1947   3.367434    33.0277        331     1.3750  0.000e+00
     31.885     7.1949   3.367434    33.0274        332     1.3792  0.000e+00
     32.024     7.1951   3.367415    33.0270        333     1.3833  0.000e+00
     32.166     7.1953   3.367478    33.0274        334     1.3875  0.000e+00
     32.294     7.1953   3.367478    33.0273        335     1.3917  0.000e+00
     32.425     7.1955   3.367659    33.0290        336     1.3958  0.000e+00
     32.564     7.1957   3.367846    33.0308        337     1.4000  0.000e+00
     32.694     7.1962   3.367828    33.0300        338     1.4042  0.000e+00
     32.839     7.1968   3.367865    33.0299        339     1.4083  0.000e+00
     32.991     7.1968   3.367909    33.0302        340     1.4125  0.000e+00
     33.148     7.1973   3.367953    33.0302        341     1.4167  0.000e+00
     33.317     7.1974   3.367928    33.0297        342     1.4208  0.000e+00
     33.485     7.1977   3.367909    33.0291        343     1.4250  0.000e+00
     33.660     7.1978   3.367784    33.0276        344     1.4292  0.000e+00
     33.828     7.1977   3.367659    33.0263        345     1.4333  0.000e+00
     34.000     7.1973   3.367585    33.0258        346     1.4375  0.000e+00
     34.169     7.1968   3.367622    33.0266        347     1.4417  0.000e+00
     34.335     7.1965   3.367628    33.0268        348     1.4458  0.000e+00
     34.498     7.1964   3.367622    33.0268        349     1.4500  0.000e+00
     34.655     7.1964   3.367610    33.0265        350     1.4542  0.000e+00
     34.809     7.1963   3.367560    33.0260        351     1.4583  0.000e+00
     34.963     7.1961   3.367610    33.0267        352     1.4625  0.000e+00
     35.113     7.1961   3.367641    33.0270        353     1.4667  0.000e+00
     35.265     7.1961   3.368059    33.0314        354     1.4708  0.000e+00
     35.423     7.1966   3.368315    33.0337        355     1.4750  0.000e+00
     35.566     7.1973   3.368384    33.0337        356     1.4792  0.000e+00
     35.712     7.1981   3.368428    33.0334        357     1.4833  0.000e+00
     35.859     7.1988   3.368459    33.0330        358     1.4875  0.000e+00
     35.996     7.1992   3.368490    33.0329        359     1.4917  0.000e+00
     36.139     7.1993   3.368478    33.0325        360     1.4958  0.000e+00
     36.273     7.1993   3.368534    33.0331        361     1.5000  0.000e+00
     36.392     7.1990   3.368540    33.0334        362     1.5042  0.000e+00
     36.509     7.1988   3.368559    33.0337        363     1.5083  0.000e+00
     36.619     7.1986   3.368584    33.0341        364     1.5125  0.000e+00
     36.731     7.1985   3.368622    33.0345        365     1.5167  0.000e+00
     36.843     7.1984   3.368622    33.0346        366     1.5208  0.000e+00
     36.950     7.1985   3.368603    33.0343        367     1.5250  0.000e+00
     37.073     7.1983   3.368584    33.0342        368     1.5292  0.000e+00
     37.202     7.1982   3.368603    33.0344        369     1.5333  0.000e+00
     37.345     7.1980   3.368603    33.0345        370     1.5375  0.000e+00
     37.492     7.1978   3.368622    33.0349        371     1.5417  0.000e+00
     37.653     7.1973   3.368641    33.0354        372     1.5458  0.000e+00
     37.818     7.1968   3.368647    33.0360        373     1.5500  0.000e+00
     37.990     7.1964   3.368684    33.0366        374     1.5542  0.000e+00
     38.166     7.1964   3.368684    33.0366        375     1.5583  0.000e+00
     38.350     7.1961   3.368772    33.0377        376     1.5625  0.000e+00
     38.530     7.1958   3.368828    33.0385        377     1.5667  0.000e+00
     38.709     7.1958   3.368841    33.0386        378     1.5708  0.000e+00
     38.889     7.1958   3.368872    33.0388        379     1.5750  0.000e+00
     39.061     7.1958   3.368922    33.0393        380     1.5792  0.000e+00
     39.228     7.1954   3.368872    33.0390        381     1.5833  0.000e+00
     39.378     7.1949   3.368878    33.0396        382     1.5875  0.000e+00
     39.526     7.1941   3.368910    33.0405        383     1.5917  0.000e+00
     39.660     7.1933   3.368903    33.0412        384     1.5958  0.000e+00
     39.801     7.1927   3.368791    33.0405        385     1.6000  0.000e+00
     39.934     7.1915   3.368754    33.0411        386     1.6042  0.000e+00
     40.064     7.1905   3.368754    33.0421        387     1.6083  0.000e+00
     40.197     7.1893   3.368623    33.0417        388     1.6125  0.000e+00
     40.332     7.1880   3.368535    33.0419        389     1.6167  0.000e+00
     40.466     7.1863   3.368523    33.0433        390     1.6208  0.000e+00
     40.600     7.1849   3.368411    33.0435        391     1.6250  0.000e+00
     40.739     7.1833   3.368336    33.0441        392     1.6292  0.000e+00
     40.871     7.1814   3.368298    33.0454        393     1.6333  0.000e+00
     41.016     7.1797   3.368317    33.0472        394     1.6375  0.000e+00
     41.156     7.1785   3.368280    33.0478        395     1.6417  0.000e+00
     41.309     7.1776   3.368280    33.0486        396     1.6458  0.000e+00
     41.459     7.1771   3.368280    33.0490        397     1.6500  0.000e+00
     41.611     7.1764   3.368299    33.0498        398     1.6542  0.000e+00
     41.765     7.1764   3.368324    33.0501        399     1.6583  0.000e+00
     41.920     7.1763   3.368299    33.0498        400     1.6625  0.000e+00
     42.068     7.1762   3.368280    33.0497        401     1.6667  0.000e+00
     42.222     7.1757   3.368255    33.0497        402     1.6708  0.000e+00
     42.368     7.1755   3.367950    33.0466        403     1.6750  0.000e+00
     42.520     7.1740   3.367051    33.0381        404     1.6792  0.000e+00
     42.673     7.1694   3.366664    33.0382        405     1.6833  0.000e+00
     42.819     7.1638   3.366471    33.0414        406     1.6875  0.000e+00
     42.972     7.1586   3.366071    33.0420        407     1.6917  0.000e+00
     43.129     7.1536   3.365916    33.0450        408     1.6958  0.000e+00
     43.289     7.1492   3.365766    33.0475        409     1.7000  0.000e+00
     43.453     7.1454   3.365891    33.0524        410     1.7042  0.000e+00
     43.619     7.1434   3.365579    33.0509        411     1.7083  0.000e+00
     43.786     7.1410   3.364880    33.0455        412     1.7125  0.000e+00
     43.949     7.1370   3.364475    33.0448        413     1.7167  0.000e+00
     44.120     7.1313   3.363764    33.0424        414     1.7208  0.000e+00
     44.277     7.1248   3.363315    33.0437        415     1.7250  0.000e+00
     44.422     7.1177   3.362928    33.0462        416     1.7292  0.000e+00
     44.560     7.1110   3.361681    33.0390        417     1.7333  0.000e+00
     44.689     7.1026   3.360315    33.0320        418     1.7375  0.000e+00
     44.798     7.0907   3.359124    33.0304        419     1.7417  0.000e+00
     44.905     7.0774   3.357971    33.0305        420     1.7458  0.000e+00
