HB2502/sbe029.cnv
* Sea-Bird SBE 19plus V2 Data File:
* FileName = C:\cruise\data\sbe029.hex
* Software Version Seasave V 7.26.7.121
* Temperature SN = 6128
* Conductivity SN = 6128
* System UpLoad Time = Mar 18 2025 18:58:13
* NMEA Latitude = 38 07.47 N
* NMEA Longitude = 074 45.92 W
* NMEA UTC (Time) = Mar 18 2025  18:57:00
** Ship: Henry Bigelow
** Cruise:  HB2502
** Program:  Spring Bottom Trawl
# nquan = 7
# nvalues = 1125                                  
# units = specified
# name 0 = depSM: Depth [salt water, m]
# name 1 = tv290C: Temperature [ITS-90, deg C]
# name 2 = c0S/m: Conductivity [S/m]
# name 3 = sal00: Salinity, Practical [PSU]
# name 4 = scan: Scan Count
# name 5 = timeM: Time, Elapsed [minutes]
# name 6 = flag:  0.000e+00
# span 0 =      0.102,     20.668                 
# span 1 =     6.2354,     6.9954                 
# span 2 =   0.006933,   3.353500                 
# span 3 =     0.0501,    33.2720                 
# span 4 =         11,       1135                 
# span 5 =     0.0417,     4.7250                 
# span 6 = 0.0000e+00, 0.0000e+00                 
# interval = seconds: 0.25
# start_time = Mar 18 2025 18:57:00 [NMEA time, header]
# bad_flag = -9.990e-29
*END*
      0.255     6.2354   0.007032     0.0509         11     0.0417  0.000e+00
      0.254     6.2357   0.007032     0.0509         12     0.0458  0.000e+00
      0.252     6.2364   0.007038     0.0509         13     0.0500  0.000e+00
      0.252     6.2362   0.007038     0.0509         14     0.0542  0.000e+00
      0.250     6.2363   0.007044     0.0510         15     0.0583  0.000e+00
      0.249     6.2368   0.007044     0.0510         16     0.0625  0.000e+00
      0.249     6.2374   0.007038     0.0509         17     0.0667  0.000e+00
      0.252     6.2375   0.007044     0.0510         18     0.0708  0.000e+00
      0.250     6.2386   0.007044     0.0510         19     0.0750  0.000e+00
      0.247     6.2385   0.007044     0.0510         20     0.0792  0.000e+00
      0.247     6.2380   0.007044     0.0510         21     0.0833  0.000e+00
      0.247     6.2374   0.007044     0.0510         22     0.0875  0.000e+00
      0.247     6.2382   0.007044     0.0510         23     0.0917  0.000e+00
      0.245     6.2389   0.007050     0.0510         24     0.0958  0.000e+00
      0.243     6.2397   0.007044     0.0510         25     0.1000  0.000e+00
      0.242     6.2400   0.007044     0.0510         26     0.1042  0.000e+00
      0.245     6.2401   0.007044     0.0510         27     0.1083  0.000e+00
      0.244     6.2408   0.007050     0.0510         28     0.1125  0.000e+00
      0.240     6.2407   0.007056     0.0511         29     0.1167  0.000e+00
      0.240     6.2417   0.007044     0.0510         30     0.1208  0.000e+00
      0.238     6.2425   0.007050     0.0510         31     0.1250  0.000e+00
      0.238     6.2433   0.007050     0.0510         32     0.1292  0.000e+00
      0.236     6.2431   0.007044     0.0510         33     0.1333  0.000e+00
      0.236     6.2437   0.007053     0.0510         34     0.1375  0.000e+00
      0.239     6.2437   0.007050     0.0510         35     0.1417  0.000e+00
      0.237     6.2445   0.007056     0.0511         36     0.1458  0.000e+00
      0.236     6.2454   0.007059     0.0511         37     0.1500  0.000e+00
      0.238     6.2460   0.007050     0.0510         38     0.1542  0.000e+00
      0.233     6.2462   0.007056     0.0511         39     0.1583  0.000e+00
      0.235     6.2468   0.007053     0.0510         40     0.1625  0.000e+00
      0.231     6.2468   0.007062     0.0511         41     0.1667  0.000e+00
      0.231     6.2475   0.007056     0.0511         42     0.1708  0.000e+00
      0.232     6.2481   0.007065     0.0511         43     0.1750  0.000e+00
      0.236     6.2491   0.007056     0.0511         44     0.1792  0.000e+00
      0.234     6.2494   0.007056     0.0511         45     0.1833  0.000e+00
      0.234     6.2486   0.007059     0.0511         46     0.1875  0.000e+00
      0.234     6.2486   0.007062     0.0511         47     0.1917  0.000e+00
      0.236     6.2493   0.007065     0.0511         48     0.1958  0.000e+00
      0.232     6.2500   0.007062     0.0511         49     0.2000  0.000e+00
      0.231     6.2505   0.007071     0.0512         50     0.2042  0.000e+00
      0.229     6.2501   0.007065     0.0511         51     0.2083  0.000e+00
      0.227     6.2499   0.007056     0.0511         52     0.2125  0.000e+00
      0.226     6.2502   0.007065     0.0511         53     0.2167  0.000e+00
      0.223     6.2510   0.007065     0.0511         54     0.2208  0.000e+00
      0.223     6.2517   0.007065     0.0511         55     0.2250  0.000e+00
      0.225     6.2521   0.007056     0.0510         56     0.2292  0.000e+00
      0.225     6.2516   0.007053     0.0510         57     0.2333  0.000e+00
      0.229     6.2513   0.007065     0.0511         58     0.2375  0.000e+00
      0.227     6.2519   0.007062     0.0511         59     0.2417  0.000e+00
      0.226     6.2526   0.007059     0.0511         60     0.2458  0.000e+00
      0.232     6.2517   0.007056     0.0511         61     0.2500  0.000e+00
      0.231     6.2520   0.007056     0.0510         62     0.2542  0.000e+00
      0.232     6.2516   0.007053     0.0510         63     0.2583  0.000e+00
      0.232     6.2514   0.007062     0.0511         64     0.2625  0.000e+00
      0.229     6.2522   0.007056     0.0510         65     0.2667  0.000e+00
      0.227     6.2517   0.007053     0.0510         66     0.2708  0.000e+00
      0.230     6.2513   0.007050     0.0510         67     0.2750  0.000e+00
      0.234     6.2511   0.007056     0.0511         68     0.2792  0.000e+00
      0.231     6.2515   0.007059     0.0511         69     0.2833  0.000e+00
      0.230     6.2519   0.007062     0.0511         70     0.2875  0.000e+00
      0.228     6.2524   0.007056     0.0510         71     0.2917  0.000e+00
      0.230     6.2529   0.007053     0.0510         72     0.2958  0.000e+00
      0.229     6.2527   0.007056     0.0510         73     0.3000  0.000e+00
      0.227     6.2528   0.007050     0.0510         74     0.3042  0.000e+00
      0.223     6.2532   0.007059     0.0511         75     0.3083  0.000e+00
      0.225     6.2540   0.007050     0.0510         76     0.3125  0.000e+00
      0.224     6.2546   0.007056     0.0510         77     0.3167  0.000e+00
      0.227     6.2546   0.007050     0.0510         78     0.3208  0.000e+00
      0.225     6.2553   0.007056     0.0510         79     0.3250  0.000e+00
      0.224     6.2556   0.007056     0.0510         80     0.3292  0.000e+00
      0.225     6.2560   0.007059     0.0511         81     0.3333  0.000e+00
      0.227     6.2563   0.007050     0.0510         82     0.3375  0.000e+00
      0.219     6.2561   0.007050     0.0510         83     0.3417  0.000e+00
      0.223     6.2555   0.007056     0.0510         84     0.3458  0.000e+00
      0.225     6.2556   0.007050     0.0510         85     0.3500  0.000e+00
      0.212     6.2557   0.007050     0.0510         86     0.3542  0.000e+00
      0.224     6.2560   0.007056     0.0510         87     0.3583  0.000e+00
      0.225     6.2560   0.007050     0.0510         88     0.3625  0.000e+00
      0.225     6.2556   0.007053     0.0510         89     0.3667  0.000e+00
      0.227     6.2554   0.007050     0.0510         90     0.3708  0.000e+00
      0.220     6.2558   0.007056     0.0510         91     0.3750  0.000e+00
      0.223     6.2566   0.007053     0.0510         92     0.3792  0.000e+00
      0.226     6.2567   0.007050     0.0510         93     0.3833  0.000e+00
      0.225     6.2566   0.007050     0.0510         94     0.3875  0.000e+00
      0.224     6.2569   0.007053     0.0510         95     0.3917  0.000e+00
      0.224     6.2575   0.007050     0.0510         96     0.3958  0.000e+00
      0.218     6.2585   0.007050     0.0510         97     0.4000  0.000e+00
      0.223     6.2581   0.007053     0.0510         98     0.4042  0.000e+00
      0.223     6.2583   0.007044     0.0510         99     0.4083  0.000e+00
      0.225     6.2582   0.007050     0.0510        100     0.4125  0.000e+00
      0.225     6.2580   0.007050     0.0510        101     0.4167  0.000e+00
      0.225     6.2586   0.007044     0.0510        102     0.4208  0.000e+00
      0.227     6.2582   0.007038     0.0509        103     0.4250  0.000e+00
      0.223     6.2579   0.007050     0.0510        104     0.4292  0.000e+00
      0.229     6.2576   0.007044     0.0510        105     0.4333  0.000e+00
      0.226     6.2562   0.007044     0.0510        106     0.4375  0.000e+00
      0.226     6.2549   0.007053     0.0510        107     0.4417  0.000e+00
      0.224     6.2555   0.007044     0.0510        108     0.4458  0.000e+00
      0.225     6.2560   0.007044     0.0510        109     0.4500  0.000e+00
      0.224     6.2566   0.007050     0.0510        110     0.4542  0.000e+00
      0.224     6.2564   0.007050     0.0510        111     0.4583  0.000e+00
      0.227     6.2570   0.007044     0.0510        112     0.4625  0.000e+00
      0.222     6.2572   0.007044     0.0510        113     0.4667  0.000e+00
      0.220     6.2582   0.007044     0.0510        114     0.4708  0.000e+00
      0.214     6.2591   0.007038     0.0509        115     0.4750  0.000e+00
      0.215     6.2591   0.007044     0.0510        116     0.4792  0.000e+00
      0.208     6.2594   0.007032     0.0509        117     0.4833  0.000e+00
      0.212     6.2594   0.007032     0.0509        118     0.4875  0.000e+00
      0.209     6.2593   0.007038     0.0509        119     0.4917  0.000e+00
      0.214     6.2594   0.007038     0.0509        120     0.4958  0.000e+00
      0.214     6.2606   0.007032     0.0509        121     0.5000  0.000e+00
      0.213     6.2612   0.007032     0.0509        122     0.5042  0.000e+00
      0.217     6.2605   0.007032     0.0509        123     0.5083  0.000e+00
      0.218     6.2602   0.007029     0.0508        124     0.5125  0.000e+00
      0.217     6.2603   0.007032     0.0509        125     0.5167  0.000e+00
      0.217     6.2608   0.007026     0.0508        126     0.5208  0.000e+00
      0.219     6.2612   0.007029     0.0508        127     0.5250  0.000e+00
      0.216     6.2613   0.007032     0.0509        128     0.5292  0.000e+00
      0.215     6.2612   0.007020     0.0508        129     0.5333  0.000e+00
      0.218     6.2610   0.007029     0.0508        130     0.5375  0.000e+00
      0.220     6.2608   0.007026     0.0508        131     0.5417  0.000e+00
      0.216     6.2611   0.007026     0.0508        132     0.5458  0.000e+00
      0.220     6.2615   0.007017     0.0508        133     0.5500  0.000e+00
      0.221     6.2616   0.007026     0.0508        134     0.5542  0.000e+00
      0.219     6.2615   0.007020     0.0508        135     0.5583  0.000e+00
      0.219     6.2614   0.007023     0.0508        136     0.5625  0.000e+00
      0.218     6.2615   0.007026     0.0508        137     0.5667  0.000e+00
      0.224     6.2617   0.007026     0.0508        138     0.5708  0.000e+00
      0.222     6.2619   0.007023     0.0508        139     0.5750  0.000e+00
      0.225     6.2619   0.007026     0.0508        140     0.5792  0.000e+00
      0.219     6.2613   0.007026     0.0508        141     0.5833  0.000e+00
      0.218     6.2611   0.007029     0.0508        142     0.5875  0.000e+00
      0.217     6.2613   0.007026     0.0508        143     0.5917  0.000e+00
      0.217     6.2619   0.007026     0.0508        144     0.5958  0.000e+00
      0.217     6.2624   0.007023     0.0508        145     0.6000  0.000e+00
      0.215     6.2625   0.007032     0.0509        146     0.6042  0.000e+00
      0.211     6.2630   0.007026     0.0508        147     0.6083  0.000e+00
      0.211     6.2632   0.007017     0.0508        148     0.6125  0.000e+00
      0.211     6.2641   0.007026     0.0508        149     0.6167  0.000e+00
      0.211     6.2659   0.007020     0.0508        150     0.6208  0.000e+00
      0.206     6.2666   0.007017     0.0508        151     0.6250  0.000e+00
      0.206     6.2666   0.007020     0.0508        152     0.6292  0.000e+00
      0.205     6.2649   0.007008     0.0507        153     0.6333  0.000e+00
      0.212     6.2646   0.007014     0.0507        154     0.6375  0.000e+00
      0.198     6.2650   0.007005     0.0507        155     0.6417  0.000e+00
      0.205     6.2649   0.007002     0.0506        156     0.6458  0.000e+00
      0.210     6.2653   0.007008     0.0507        157     0.6500  0.000e+00
      0.210     6.2644   0.007005     0.0507        158     0.6542  0.000e+00
      0.214     6.2630   0.006999     0.0506        159     0.6583  0.000e+00
      0.214     6.2624   0.007005     0.0507        160     0.6625  0.000e+00
      0.216     6.2636   0.007008     0.0507        161     0.6667  0.000e+00
      0.216     6.2641   0.007008     0.0507        162     0.6708  0.000e+00
      0.218     6.2641   0.007008     0.0507        163     0.6750  0.000e+00
      0.218     6.2629   0.007008     0.0507        164     0.6792  0.000e+00
      0.213     6.2623   0.007008     0.0507        165     0.6833  0.000e+00
      0.215     6.2622   0.007005     0.0507        166     0.6875  0.000e+00
      0.216     6.2622   0.007005     0.0507        167     0.6917  0.000e+00
      0.216     6.2624   0.007002     0.0506        168     0.6958  0.000e+00
      0.209     6.2624   0.007008     0.0507        169     0.7000  0.000e+00
      0.215     6.2615   0.007005     0.0507        170     0.7042  0.000e+00
      0.215     6.2613   0.007002     0.0506        171     0.7083  0.000e+00
      0.216     6.2619   0.006999     0.0506        172     0.7125  0.000e+00
      0.212     6.2622   0.007005     0.0507        173     0.7167  0.000e+00
      0.209     6.2623   0.006999     0.0506        174     0.7208  0.000e+00
      0.209     6.2625   0.006987     0.0505        175     0.7250  0.000e+00
      0.212     6.2626   0.006987     0.0505        176     0.7292  0.000e+00
      0.210     6.2618   0.006999     0.0506        177     0.7333  0.000e+00
      0.208     6.2627   0.006999     0.0506        178     0.7375  0.000e+00
      0.210     6.2637   0.006993     0.0506        179     0.7417  0.000e+00
      0.207     6.2655   0.006993     0.0506        180     0.7458  0.000e+00
      0.209     6.2685   0.006993     0.0506        181     0.7500  0.000e+00
      0.210     6.2719   0.006993     0.0506        182     0.7542  0.000e+00
      0.212     6.2749   0.006993     0.0506        183     0.7583  0.000e+00
      0.210     6.2781   0.006993     0.0506        184     0.7625  0.000e+00
      0.210     6.2808   0.006987     0.0505        185     0.7667  0.000e+00
      0.210     6.2838   0.006987     0.0505        186     0.7708  0.000e+00
      0.213     6.2858   0.006987     0.0505        187     0.7750  0.000e+00
      0.210     6.2889   0.006984     0.0505        188     0.7792  0.000e+00
      0.214     6.2916   0.006987     0.0505        189     0.7833  0.000e+00
      0.214     6.2938   0.006993     0.0505        190     0.7875  0.000e+00
      0.216     6.2954   0.006984     0.0505        191     0.7917  0.000e+00
      0.214     6.2968   0.006987     0.0505        192     0.7958  0.000e+00
      0.212     6.2975   0.006981     0.0505        193     0.8000  0.000e+00
      0.214     6.2981   0.006978     0.0504        194     0.8042  0.000e+00
      0.206     6.2989   0.006981     0.0505        195     0.8083  0.000e+00
      0.206     6.2998   0.006981     0.0505        196     0.8125  0.000e+00
      0.201     6.3002   0.006984     0.0505        197     0.8167  0.000e+00
      0.205     6.3008   0.006981     0.0505        198     0.8208  0.000e+00
      0.206     6.3019   0.006975     0.0504        199     0.8250  0.000e+00
      0.212     6.3035   0.006972     0.0504        200     0.8292  0.000e+00
      0.209     6.3046   0.006975     0.0504        201     0.8333  0.000e+00
      0.209     6.3068   0.006975     0.0504        202     0.8375  0.000e+00
      0.209     6.3088   0.006972     0.0504        203     0.8417  0.000e+00
      0.211     6.3102   0.006975     0.0504        204     0.8458  0.000e+00
      0.209     6.3110   0.006969     0.0504        205     0.8500  0.000e+00
      0.215     6.3106   0.006957     0.0503        206     0.8542  0.000e+00
      0.215     6.3095   0.006963     0.0503        207     0.8583  0.000e+00
      0.218     6.3096   0.006963     0.0503        208     0.8625  0.000e+00
      0.204     6.3085   0.006963     0.0503        209     0.8667  0.000e+00
      0.210     6.3079   0.006957     0.0503        210     0.8708  0.000e+00
      0.215     6.3088   0.006957     0.0503        211     0.8750  0.000e+00
      0.217     6.3048   0.006957     0.0503        212     0.8792  0.000e+00
      0.223     6.2980   0.006957     0.0503        213     0.8833  0.000e+00
      0.214     6.2963   0.006963     0.0503        214     0.8875  0.000e+00
      0.205     6.2948   0.006963     0.0503        215     0.8917  0.000e+00
