HB2502/sbe071.cnv
* Sea-Bird SBE 19plus V2 Data File:
* FileName = C:\cruise\data\sbe071.hex
* Software Version Seasave V 7.26.7.121
* Temperature SN = 6128
* Conductivity SN = 6128
* System UpLoad Time = Apr 08 2025 06:13:20
* NMEA Latitude = 41 27.32 N
* NMEA Longitude = 069 20.36 W
* NMEA UTC (Time) = Apr 08 2025  06:12:29
** Ship: Henry Bigelow
** Cruise:  HB2502
** Program:  Spring Bottom Trawl
# nquan = 7
# nvalues = 1980                                  
# units = specified
# name 0 = depSM: Depth [salt water, m]
# name 1 = tv290C: Temperature [ITS-90, deg C]
# name 2 = c0S/m: Conductivity [S/m]
# name 3 = sal00: Salinity, Practical [PSU]
# name 4 = scan: Scan Count
# name 5 = timeM: Time, Elapsed [minutes]
# name 6 = flag:  0.000e+00
# span 0 =      0.335,     74.994                 
# span 1 =     5.5935,     5.9293                 
# span 2 =   3.205643,   3.244567                 
# span 3 =    32.5012,    33.0205                 
# span 4 =         11,       1990                 
# span 5 =     0.0417,     8.2875                 
# span 6 = 0.0000e+00, 0.0000e+00                 
# interval = seconds: 0.25
# start_time = Apr 08 2025 06:12:29 [NMEA time, header]
# bad_flag = -9.990e-29
*END*
[from data line 1026]
     73.842     5.8164   3.239534    32.9220       1037     4.3167  0.000e+00
     73.882     5.8163   3.239558    32.9224       1038     4.3208  0.000e+00
     73.926     5.8162   3.239534    32.9222       1039     4.3250  0.000e+00
     73.969     5.8162   3.239534    32.9222       1040     4.3292  0.000e+00
     74.011     5.8163   3.239515    32.9219       1041     4.3333  0.000e+00
     74.047     5.8161   3.239515    32.9221       1042     4.3375  0.000e+00
     74.082     5.8161   3.239534    32.9222       1043     4.3417  0.000e+00
     74.099     5.8161   3.239515    32.9220       1044     4.3458  0.000e+00
     74.110     5.8161   3.239515    32.9221       1045     4.3500  0.000e+00
     74.101     5.8161   3.239534    32.9223       1046     4.3542  0.000e+00
     74.077     5.8163   3.239534    32.9221       1047     4.3583  0.000e+00
     74.063     5.8162   3.239595    32.9229       1048     4.3625  0.000e+00
     74.036     5.8162   3.239638    32.9233       1049     4.3667  0.000e+00
     73.996     5.8164   3.239681    32.9236       1050     4.3708  0.000e+00
     73.956     5.8170   3.239700    32.9233       1051     4.3750  0.000e+00
     73.910     5.8173   3.239743    32.9235       1052     4.3792  0.000e+00
     73.866     5.8176   3.239743    32.9232       1053     4.3833  0.000e+00
     73.811     5.8180   3.239712    32.9226       1054     4.3875  0.000e+00
     73.744     5.8180   3.239761    32.9231       1055     4.3917  0.000e+00
     73.671     5.8182   3.239786    32.9233       1056     4.3958  0.000e+00
     73.601     5.8185   3.239786    32.9230       1057     4.4000  0.000e+00
     73.524     5.8187   3.239804    32.9230       1058     4.4042  0.000e+00
     73.453     5.8189   3.239823    32.9231       1059     4.4083  0.000e+00
     73.375     5.8191   3.239823    32.9230       1060     4.4125  0.000e+00
     73.303     5.8192   3.239810    32.9227       1061     4.4167  0.000e+00
     73.244     5.8194   3.239786    32.9223       1062     4.4208  0.000e+00
     73.192     5.8193   3.239804    32.9226       1063     4.4250  0.000e+00
     73.158     5.8193   3.239761    32.9222       1064     4.4292  0.000e+00
     73.145     5.8193   3.239761    32.9222       1065     4.4333  0.000e+00
     73.146     5.8192   3.239743    32.9220       1066     4.4375  0.000e+00
     73.184     5.8191   3.239730    32.9220       1067     4.4417  0.000e+00
     73.247     5.8190   3.239681    32.9215       1068     4.4458  0.000e+00
     73.334     5.8186   3.239700    32.9221       1069     4.4500  0.000e+00
     73.429     5.8184   3.239718    32.9224       1070     4.4542  0.000e+00
     73.541     5.8184   3.239718    32.9224       1071     4.4583  0.000e+00
     73.655     5.8184   3.239718    32.9223       1072     4.4625  0.000e+00
     73.774     5.8184   3.239761    32.9228       1073     4.4667  0.000e+00
     73.875     5.8184   3.239730    32.9223       1074     4.4708  0.000e+00
     73.956     5.8183   3.239743    32.9225       1075     4.4750  0.000e+00
     74.011     5.8183   3.239761    32.9228       1076     4.4792  0.000e+00
     74.037     5.8184   3.239761    32.9226       1077     4.4833  0.000e+00
     74.036     5.8183   3.239786    32.9230       1078     4.4875  0.000e+00
     74.002     5.8185   3.239761    32.9225       1079     4.4917  0.000e+00
     73.937     5.8184   3.239786    32.9229       1080     4.4958  0.000e+00
     73.847     5.8186   3.239730    32.9222       1081     4.5000  0.000e+00
     73.733     5.8185   3.239718    32.9222       1082     4.5042  0.000e+00
     73.614     5.8183   3.239657    32.9217       1083     4.5083  0.000e+00
     73.490     5.8183   3.239657    32.9218       1084     4.5125  0.000e+00
     73.379     5.8181   3.239700    32.9225       1085     4.5167  0.000e+00
     73.278     5.8180   3.239657    32.9222       1086     4.5208  0.000e+00
     73.197     5.8180   3.239657    32.9222       1087     4.5250  0.000e+00
     73.135     5.8180   3.239650    32.9222       1088     4.5292  0.000e+00
     73.106     5.8178   3.239656    32.9225       1089     4.5333  0.000e+00
     73.105     5.8179   3.239681    32.9227       1090     4.5375  0.000e+00
     73.140     5.8180   3.239656    32.9222       1091     4.5417  0.000e+00
     73.196     5.8178   3.239638    32.9222       1092     4.5458  0.000e+00
     73.270     5.8177   3.239638    32.9223       1093     4.5500  0.000e+00
     73.354     5.8177   3.239657    32.9224       1094     4.5542  0.000e+00
     73.449     5.8178   3.239669    32.9225       1095     4.5583  0.000e+00
     73.548     5.8178   3.239681    32.9225       1096     4.5625  0.000e+00
     73.641     5.8178   3.239657    32.9222       1097     4.5667  0.000e+00
     73.730     5.8177   3.239700    32.9227       1098     4.5708  0.000e+00
     73.807     5.8178   3.239700    32.9226       1099     4.5750  0.000e+00
     73.864     5.8179   3.239743    32.9229       1100     4.5792  0.000e+00
     73.899     5.8181   3.239731    32.9226       1101     4.5833  0.000e+00
     73.910     5.8182   3.239743    32.9226       1102     4.5875  0.000e+00
     73.902     5.8183   3.239743    32.9225       1103     4.5917  0.000e+00
     73.880     5.8183   3.239743    32.9226       1104     4.5958  0.000e+00
     73.834     5.8184   3.239681    32.9218       1105     4.6000  0.000e+00
     73.787     5.8183   3.239681    32.9220       1106     4.6042  0.000e+00
     73.742     5.8180   3.239638    32.9217       1107     4.6083  0.000e+00
     73.693     5.8180   3.239651    32.9219       1108     4.6125  0.000e+00
     73.649     5.8178   3.239657    32.9222       1109     4.6167  0.000e+00
     73.618     5.8177   3.239718    32.9230       1110     4.6208  0.000e+00
     73.596     5.8178   3.239700    32.9227       1111     4.6250  0.000e+00
     73.584     5.8178   3.239620    32.9218       1112     4.6292  0.000e+00
     73.582     5.8177   3.239577    32.9214       1113     4.6333  0.000e+00
     73.591     5.8174   3.239558    32.9215       1114     4.6375  0.000e+00
     73.595     5.8169   3.239534    32.9217       1115     4.6417  0.000e+00
     73.602     5.8167   3.239515    32.9217       1116     4.6458  0.000e+00
     73.607     5.8164   3.239497    32.9218       1117     4.6500  0.000e+00
     73.593     5.8162   3.239534    32.9224       1118     4.6542  0.000e+00
     73.583     5.8161   3.239472    32.9219       1119     4.6583  0.000e+00
     73.566     5.8161   3.239472    32.9219       1120     4.6625  0.000e+00
     73.539     5.8159   3.239472    32.9220       1121     4.6667  0.000e+00
     73.496     5.8161   3.239435    32.9215       1122     4.6708  0.000e+00
     73.450     5.8159   3.239454    32.9219       1123     4.6750  0.000e+00
     73.407     5.8158   3.239454    32.9219       1124     4.6792  0.000e+00
     73.365     5.8158   3.239435    32.9218       1125     4.6833  0.000e+00
     73.336     5.8158   3.239435    32.9218       1126     4.6875  0.000e+00
     73.321     5.8158   3.239435    32.9218       1127     4.6917  0.000e+00
     73.347     5.8157   3.239435    32.9219       1128     4.6958  0.000e+00
     73.396     5.8158   3.239435    32.9217       1129     4.7000  0.000e+00
     73.492     5.8159   3.239435    32.9216       1130     4.7042  0.000e+00
     73.620     5.8157   3.239454    32.9219       1131     4.7083  0.000e+00
     73.781     5.8157   3.239497    32.9224       1132     4.7125  0.000e+00
     73.952     5.8158   3.239497    32.9222       1133     4.7167  0.000e+00
     74.135     5.8158   3.239515    32.9223       1134     4.7208  0.000e+00
     74.319     5.8159   3.239534    32.9223       1135     4.7250  0.000e+00
     74.484     5.8160   3.239534    32.9222       1136     4.7292  0.000e+00
     74.620     5.8161   3.239534    32.9220       1137     4.7333  0.000e+00
     74.714     5.8159   3.239516    32.9219       1138     4.7375  0.000e+00
     74.771     5.8161   3.239497    32.9215       1139     4.7417  0.000e+00
     74.775     5.8159   3.239473    32.9214       1140     4.7458  0.000e+00
     74.750     5.8158   3.239497    32.9218       1141     4.7500  0.000e+00
     74.678     5.8158   3.239497    32.9219       1142     4.7542  0.000e+00
     74.574     5.8157   3.239473    32.9217       1143     4.7583  0.000e+00
     74.433     5.8157   3.239497    32.9221       1144     4.7625  0.000e+00
     74.266     5.8158   3.239472    32.9218       1145     4.7667  0.000e+00
     74.078     5.8156   3.239436    32.9216       1146     4.7708  0.000e+00
     73.890     5.8156   3.239392    32.9213       1147     4.7750  0.000e+00
     73.708     5.8155   3.239374    32.9212       1148     4.7792  0.000e+00
     73.551     5.8152   3.239337    32.9211       1149     4.7833  0.000e+00
     73.431     5.8151   3.239312    32.9210       1150     4.7875  0.000e+00
     73.345     5.8150   3.239331    32.9214       1151     4.7917  0.000e+00
     73.299     5.8148   3.239288    32.9211       1152     4.7958  0.000e+00
     73.288     5.8147   3.239251    32.9208       1153     4.8000  0.000e+00
     73.316     5.8145   3.239269    32.9212       1154     4.8042  0.000e+00
     73.379     5.8144   3.239269    32.9213       1155     4.8083  0.000e+00
     73.464     5.8142   3.239282    32.9216       1156     4.8125  0.000e+00
     73.565     5.8141   3.239288    32.9217       1157     4.8167  0.000e+00
     73.672     5.8142   3.239331    32.9220       1158     4.8208  0.000e+00
     73.776     5.8143   3.239349    32.9221       1159     4.8250  0.000e+00
     73.868     5.8143   3.239349    32.9220       1160     4.8292  0.000e+00
     73.955     5.8145   3.239374    32.9221       1161     4.8333  0.000e+00
     74.024     5.8146   3.239374    32.9219       1162     4.8375  0.000e+00
     74.071     5.8147   3.239399    32.9221       1163     4.8417  0.000e+00
     74.104     5.8148   3.239374    32.9217       1164     4.8458  0.000e+00
     74.119     5.8148   3.239392    32.9219       1165     4.8500  0.000e+00
     74.115     5.8150   3.239392    32.9217       1166     4.8542  0.000e+00
     74.100     5.8151   3.239374    32.9215       1167     4.8583  0.000e+00
     74.077     5.8150   3.239331    32.9210       1168     4.8625  0.000e+00
     74.043     5.8150   3.239331    32.9211       1169     4.8667  0.000e+00
     74.005     5.8147   3.239337    32.9214       1170     4.8708  0.000e+00
     73.977     5.8148   3.239349    32.9215       1171     4.8750  0.000e+00
     73.952     5.8146   3.239288    32.9210       1172     4.8792  0.000e+00
     73.938     5.8144   3.239313    32.9215       1173     4.8833  0.000e+00
     73.935     5.8143   3.239288    32.9213       1174     4.8875  0.000e+00
     73.954     5.8142   3.239331    32.9218       1175     4.8917  0.000e+00
     73.993     5.8141   3.239313    32.9218       1176     4.8958  0.000e+00
     74.052     5.8141   3.239319    32.9218       1177     4.9000  0.000e+00
     74.127     5.8141   3.239331    32.9219       1178     4.9042  0.000e+00
     74.202     5.8142   3.239313    32.9216       1179     4.9083  0.000e+00
     74.284     5.8141   3.239331    32.9218       1180     4.9125  0.000e+00
     74.357     5.8141   3.239331    32.9218       1181     4.9167  0.000e+00
     74.424     5.8140   3.239331    32.9218       1182     4.9208  0.000e+00
     74.475     5.8140   3.239362    32.9221       1183     4.9250  0.000e+00
     74.512     5.8142   3.239393    32.9223       1184     4.9292  0.000e+00
     74.532     5.8145   3.239411    32.9222       1185     4.9333  0.000e+00
     74.527     5.8145   3.239411    32.9222       1186     4.9375  0.000e+00
     74.501     5.8147   3.239393    32.9218       1187     4.9417  0.000e+00
     74.457     5.8147   3.239374    32.9217       1188     4.9458  0.000e+00
     74.396     5.8147   3.239350    32.9214       1189     4.9500  0.000e+00
     74.329     5.8146   3.239362    32.9216       1190     4.9542  0.000e+00
     74.250     5.8146   3.239374    32.9218       1191     4.9583  0.000e+00
     74.166     5.8145   3.239411    32.9224       1192     4.9625  0.000e+00
     74.071     5.8146   3.239392    32.9222       1193     4.9667  0.000e+00
     73.995     5.8147   3.239411    32.9222       1194     4.9708  0.000e+00
     73.910     5.8149   3.239411    32.9221       1195     4.9750  0.000e+00
     73.842     5.8150   3.239454    32.9226       1196     4.9792  0.000e+00
     73.782     5.8151   3.239454    32.9225       1197     4.9833  0.000e+00
     73.740     5.8152   3.239472    32.9226       1198     4.9875  0.000e+00
     73.718     5.8153   3.239472    32.9225       1199     4.9917  0.000e+00
     73.707     5.8154   3.239497    32.9227       1200     4.9958  0.000e+00
     73.690     5.8156   3.239497    32.9226       1201     5.0000  0.000e+00
     73.695     5.8156   3.239497    32.9225       1202     5.0042  0.000e+00
     73.772     5.8157   3.239472    32.9221       1203     5.0083  0.000e+00
     73.805     5.8157   3.239478    32.9222       1204     5.0125  0.000e+00
     73.892     5.8157   3.239435    32.9217       1205     5.0167  0.000e+00
     73.948     5.8154   3.239454    32.9221       1206     5.0208  0.000e+00
     74.076     5.8154   3.239436    32.9218       1207     5.0250  0.000e+00
     74.145     5.8154   3.239454    32.9220       1208     5.0292  0.000e+00
     74.256     5.8153   3.239436    32.9219       1209     5.0333  0.000e+00
     74.373     5.8152   3.239436    32.9219       1210     5.0375  0.000e+00
     74.475     5.8152   3.239436    32.9218       1211     5.0417  0.000e+00
     74.567     5.8151   3.239436    32.9219       1212     5.0458  0.000e+00
     74.653     5.8151   3.239436    32.9219       1213     5.0500  0.000e+00
     74.723     5.8150   3.239436    32.9219       1214     5.0542  0.000e+00
     74.783     5.8150   3.239436    32.9219       1215     5.0583  0.000e+00
     74.806     5.8151   3.239436    32.9218       1216     5.0625  0.000e+00
     74.815     5.8150   3.239436    32.9219       1217     5.0667  0.000e+00
     74.796     5.8151   3.239436    32.9218       1218     5.0708  0.000e+00
     74.755     5.8150   3.239436    32.9219       1219     5.0750  0.000e+00
     74.693     5.8149   3.239411    32.9217       1220     5.0792  0.000e+00
     74.612     5.8152   3.239393    32.9213       1221     5.0833  0.000e+00
     74.497     5.8148   3.239411    32.9219       1222     5.0875  0.000e+00
     74.373     5.8148   3.239411    32.9219       1223     5.0917  0.000e+00
     74.241     5.8147   3.239380    32.9218       1224     5.0958  0.000e+00
     74.086     5.8147   3.239374    32.9218       1225     5.1000  0.000e+00
     73.941     5.8146   3.239331    32.9215       1226     5.1042  0.000e+00
     73.809     5.8145   3.239312    32.9214       1227     5.1083  0.000e+00
     73.692     5.8144   3.239312    32.9216       1228     5.1125  0.000e+00
     73.605     5.8142   3.239269    32.9213       1229     5.1167  0.000e+00
     73.553     5.8140   3.239251    32.9214       1230     5.1208  0.000e+00
     73.546     5.8138   3.239239    32.9214       1231     5.1250  0.000e+00
     73.581     5.8137   3.239269    32.9218       1232     5.1292  0.000e+00
     73.647     5.8136   3.239269    32.9219       1233     5.1333  0.000e+00
     73.756     5.8137   3.239312    32.9222       1234     5.1375  0.000e+00
     73.880     5.8137   3.239288    32.9219       1235     5.1417  0.000e+00
     74.043     5.8138   3.239331    32.9222       1236     5.1458  0.000e+00
     74.206     5.8139   3.239331    32.9220       1237     5.1500  0.000e+00
     74.376     5.8139   3.239319    32.9218       1238     5.1542  0.000e+00
     74.530     5.8140   3.239331    32.9218       1239     5.1583  0.000e+00
     74.679     5.8138   3.239331    32.9219       1240     5.1625  0.000e+00
