HB2502/sbe099.cnv
* Sea-Bird SBE 19plus V2 Data File:
* FileName = C:\cruise\data\sbe099.hex
* Software Version Seasave V 7.26.7.121
* Temperature SN = 6128
* Conductivity SN = 6128
* System UpLoad Time = Apr 17 2025 23:55:49
* NMEA Latitude = 41 57.01 N
* NMEA Longitude = 070 09.46 W
* NMEA UTC (Time) = Apr 17 2025  23:55:08
** Ship: Henry Bigelow
** Cruise:  HB2502
** Program:  Spring Bottom Trawl
# nquan = 7
# nvalues = 831                                   
# units = specified
# name 0 = depSM: Depth [salt water, m]
# name 1 = tv290C: Temperature [ITS-90, deg C]
# name 2 = c0S/m: Conductivity [S/m]
# name 3 = sal00: Salinity, Practical [PSU]
# name 4 = scan: Scan Count
# name 5 = timeM: Time, Elapsed [minutes]
# name 6 = flag:  0.000e+00
# span 0 =      0.846,     23.750                 
# span 1 =     6.2123,     7.7379                 
# span 2 =   3.189300,   3.316842                 
# span 3 =    31.7212,    32.3994                 
# span 4 =         11,        841                 
# span 5 =     0.0417,     3.5000                 
# span 6 = 0.0000e+00, 0.0000e+00                 
# interval = seconds: 0.25
# start_time = Apr 17 2025 23:55:08 [NMEA time, header]
# bad_flag = -9.990e-29
*END*
[from data line 411]
     23.750     6.2131   3.189526    32.0070        422     1.7542  0.000e+00
     23.743     6.2132   3.189545    32.0071        423     1.7583  0.000e+00
     23.743     6.2133   3.189563    32.0073        424     1.7625  0.000e+00
     23.741     6.2134   3.189587    32.0075        425     1.7667  0.000e+00
     23.737     6.2136   3.189526    32.0066        426     1.7708  0.000e+00
     23.734     6.2136   3.189508    32.0063        427     1.7750  0.000e+00
     23.736     6.2135   3.189508    32.0064        428     1.7792  0.000e+00
     23.734     6.2134   3.189484    32.0063        429     1.7833  0.000e+00
     23.729     6.2131   3.189465    32.0063        430     1.7875  0.000e+00
     23.731     6.2130   3.189422    32.0059        431     1.7917  0.000e+00
     23.731     6.2127   3.189465    32.0067        432     1.7958  0.000e+00
     23.730     6.2124   3.189587    32.0084        433     1.8000  0.000e+00
     23.733     6.2127   3.189587    32.0081        434     1.8042  0.000e+00
     23.733     6.2133   3.189404    32.0055        435     1.8083  0.000e+00
     23.737     6.2131   3.189386    32.0055        436     1.8125  0.000e+00
     23.740     6.2126   3.189386    32.0059        437     1.8167  0.000e+00
     23.740     6.2123   3.189526    32.0078        438     1.8208  0.000e+00
     23.739     6.2123   3.189484    32.0073        439     1.8250  0.000e+00
     23.739     6.2126   3.189581    32.0081        440     1.8292  0.000e+00
     23.736     6.2133   3.189465    32.0062        441     1.8333  0.000e+00
     23.736     6.2133   3.189526    32.0068        442     1.8375  0.000e+00
     23.735     6.2133   3.189606    32.0078        443     1.8417  0.000e+00
     23.734     6.2136   3.189545    32.0067        444     1.8458  0.000e+00
     23.735     6.2138   3.189710    32.0084        445     1.8500  0.000e+00
     23.731     6.2144   3.189685    32.0076        446     1.8542  0.000e+00
     23.735     6.2149   3.189710    32.0073        447     1.8583  0.000e+00
     23.733     6.2153   3.189667    32.0066        448     1.8625  0.000e+00
     23.737     6.2153   3.189667    32.0066        449     1.8667  0.000e+00
     23.730     6.2155   3.189606    32.0056        450     1.8708  0.000e+00
     23.733     6.2151   3.189526    32.0052        451     1.8750  0.000e+00
     23.735     6.2149   3.189606    32.0062        452     1.8792  0.000e+00
     23.730     6.2148   3.189563    32.0059        453     1.8833  0.000e+00
     23.726     6.2147   3.189526    32.0055        454     1.8875  0.000e+00
     23.726     6.2144   3.189606    32.0067        455     1.8917  0.000e+00
     23.722     6.2145   3.189606    32.0066        456     1.8958  0.000e+00
     23.723     6.2144   3.189649    32.0071        457     1.9000  0.000e+00
     23.729     6.2146   3.189667    32.0072        458     1.9042  0.000e+00
     23.727     6.2149   3.189685    32.0071        459     1.9083  0.000e+00
     23.725     6.2151   3.189685    32.0069        460     1.9125  0.000e+00
     23.727     6.2153   3.189710    32.0070        461     1.9167  0.000e+00
     23.736     6.2154   3.189710    32.0069        462     1.9208  0.000e+00
     23.722     6.2157   3.189746    32.0070        463     1.9250  0.000e+00
     23.667     6.2158   3.189649    32.0059        464     1.9292  0.000e+00
     23.596     6.2158   3.189545    32.0048        465     1.9333  0.000e+00
     23.484     6.2154   3.189508    32.0048        466     1.9375  0.000e+00
     23.365     6.2148   3.189526    32.0056        467     1.9417  0.000e+00
     23.213     6.2144   3.189447    32.0051        468     1.9458  0.000e+00
     23.027     6.2139   3.189422    32.0054        469     1.9500  0.000e+00
     22.806     6.2136   3.189386    32.0054        470     1.9542  0.000e+00
     22.564     6.2133   3.189300    32.0049        471     1.9583  0.000e+00
     22.322     6.2129   3.189446    32.0070        472     1.9625  0.000e+00
     22.108     6.2127   3.189465    32.0075        473     1.9667  0.000e+00
     21.900     6.2129   3.189361    32.0063        474     1.9708  0.000e+00
     21.690     6.2129   3.189465    32.0075        475     1.9750  0.000e+00
     21.462     6.2130   3.189465    32.0075        476     1.9792  0.000e+00
     21.232     6.2134   3.189446    32.0071        477     1.9833  0.000e+00
     21.008     6.2136   3.189483    32.0073        478     1.9875  0.000e+00
     20.802     6.2139   3.189525    32.0077        479     1.9917  0.000e+00
     20.588     6.2144   3.189544    32.0075        480     1.9958  0.000e+00
     20.366     6.2146   3.189544    32.0074        481     2.0000  0.000e+00
     20.134     6.2150   3.189562    32.0073        482     2.0042  0.000e+00
     19.901     6.2155   3.189543    32.0068        483     2.0083  0.000e+00
     19.687     6.2159   3.189482    32.0058        484     2.0125  0.000e+00
     19.477     6.2157   3.189482    32.0061        485     2.0167  0.000e+00
     19.251     6.2158   3.189507    32.0064        486     2.0208  0.000e+00
     19.021     6.2159   3.189543    32.0069        487     2.0250  0.000e+00
     18.791     6.2160   3.189445    32.0058        488     2.0292  0.000e+00
     18.560     6.2161   3.189525    32.0067        489     2.0333  0.000e+00
     18.342     6.2161   3.189849    32.0104        490     2.0375  0.000e+00
     18.126     6.2170   3.190191    32.0134        491     2.0417  0.000e+00
     17.895     6.2196   3.190111    32.0102        492     2.0458  0.000e+00
     17.659     6.2220   3.190233    32.0094        493     2.0500  0.000e+00
     17.430     6.2240   3.190172    32.0070        494     2.0542  0.000e+00
     17.214     6.2258   3.190374    32.0077        495     2.0583  0.000e+00
     16.997     6.2274   3.190392    32.0064        496     2.0625  0.000e+00
     16.776     6.2289   3.190331    32.0045        497     2.0667  0.000e+00
     16.548     6.2298   3.190233    32.0026        498     2.0708  0.000e+00
     16.334     6.2300   3.190373    32.0040        499     2.0750  0.000e+00
     16.121     6.2304   3.190495    32.0051        500     2.0792  0.000e+00
     15.916     6.2310   3.190575    32.0056        501     2.0833  0.000e+00
     15.706     6.2318   3.190611    32.0054        502     2.0875  0.000e+00
     15.484     6.2324   3.190593    32.0047        503     2.0917  0.000e+00
     15.268     6.2332   3.190636    32.0045        504     2.0958  0.000e+00
     15.064     6.2338   3.190556    32.0031        505     2.1000  0.000e+00
     14.856     6.2342   3.190471    32.0020        506     2.1042  0.000e+00
     14.657     6.2339   3.190574    32.0034        507     2.1083  0.000e+00
     14.451     6.2344   3.190556    32.0028        508     2.1125  0.000e+00
     14.240     6.2362   3.190611    32.0019        509     2.1167  0.000e+00
     14.040     6.2378   3.190452    31.9987        510     2.1208  0.000e+00
     13.843     6.2394   3.190409    31.9968        511     2.1250  0.000e+00
     13.642     6.2406   3.190391    31.9956        512     2.1292  0.000e+00
     13.435     6.2417   3.190330    31.9940        513     2.1333  0.000e+00
     13.227     6.2425   3.190250    31.9925        514     2.1375  0.000e+00
     13.022     6.2439   3.190207    31.9908        515     2.1417  0.000e+00
     12.815     6.2458   3.190433    31.9916        516     2.1458  0.000e+00
     12.606     6.2481   3.190855    31.9942        517     2.1500  0.000e+00
     12.396     6.2514   3.191160    31.9946        518     2.1542  0.000e+00
     12.184     6.2561   3.191319    31.9920        519     2.1583  0.000e+00
     11.970     6.2608   3.191197    31.9864        520     2.1625  0.000e+00
     11.764     6.2646   3.191239    31.9833        521     2.1667  0.000e+00
     11.555     6.2674   3.191221    31.9806        522     2.1708  0.000e+00
     11.352     6.2695   3.191019    31.9765        523     2.1750  0.000e+00
     11.145     6.2702   3.190756    31.9730        524     2.1792  0.000e+00
     10.937     6.2704   3.190493    31.9700        525     2.1833  0.000e+00
     10.725     6.2696   3.190634    31.9725        526     2.1875  0.000e+00
     10.516     6.2687   3.190573    31.9727        527     2.1917  0.000e+00
     10.309     6.2684   3.190634    31.9738        528     2.1958  0.000e+00
     10.099     6.2683   3.190695    31.9747        529     2.2000  0.000e+00
      9.881     6.2687   3.190933    31.9770        530     2.2042  0.000e+00
      9.670     6.2696   3.191422    31.9817        531     2.2083  0.000e+00
      9.466     6.2715   3.192027    31.9868        532     2.2125  0.000e+00
      9.256     6.2748   3.192070    31.9842        533     2.2167  0.000e+00
      9.052     6.2783   3.192210    31.9825        534     2.2208  0.000e+00
      8.851     6.2809   3.191966    31.9775        535     2.2250  0.000e+00
      8.645     6.2826   3.192455    31.9814        536     2.2292  0.000e+00
      8.436     6.2842   3.193060    31.9868        537     2.2333  0.000e+00
      8.241     6.2868   3.192839    31.9819        538     2.2375  0.000e+00
      8.040     6.2894   3.192632    31.9772        539     2.2417  0.000e+00
      7.837     6.2902   3.192876    31.9793        540     2.2458  0.000e+00
      7.624     6.2913   3.194031    31.9912        541     2.2500  0.000e+00
      7.420     6.2944   3.194594    31.9946        542     2.2542  0.000e+00
      7.221     6.2990   3.194881    31.9936        543     2.2583  0.000e+00
      7.159     6.3040   3.195223    31.9927        544     2.2625  0.000e+00
      7.159     6.3087   3.195284    31.9889        545     2.2667  0.000e+00
      7.206     6.3124   3.195046    31.9828        546     2.2708  0.000e+00
      7.224     6.3145   3.194881    31.9790        547     2.2750  0.000e+00
      7.220     6.3150   3.194942    31.9792        548     2.2792  0.000e+00
      7.192     6.3152   3.194153    31.9703        549     2.2833  0.000e+00
      7.164     6.3141   3.194049    31.9702        550     2.2875  0.000e+00
      7.174     6.3119   3.193927    31.9710        551     2.2917  0.000e+00
      7.197     6.3095   3.193603    31.9696        552     2.2958  0.000e+00
      7.194     6.3072   3.193707    31.9729        553     2.3000  0.000e+00
      7.187     6.3053   3.193041    31.9673        554     2.3042  0.000e+00
      7.171     6.3032   3.192857    31.9673        555     2.3083  0.000e+00
      7.171     6.3004   3.192955    31.9709        556     2.3125  0.000e+00
      7.180     6.2982   3.193016    31.9737        557     2.3167  0.000e+00
      7.190     6.2970   3.193102    31.9757        558     2.3208  0.000e+00
      7.189     6.2966   3.193016    31.9751        559     2.3250  0.000e+00
      7.189     6.2963   3.193059    31.9759        560     2.3292  0.000e+00
      7.190     6.2962   3.193811    31.9844        561     2.3333  0.000e+00
      7.195     6.2975   3.194557    31.9914        562     2.3375  0.000e+00
      7.184     6.3008   3.194820    31.9913        563     2.3417  0.000e+00
      7.166     6.3050   3.194838    31.9875        564     2.3458  0.000e+00
      7.163     6.3084   3.194899    31.9850        565     2.3500  0.000e+00
      7.159     6.3108   3.194985    31.9837        566     2.3542  0.000e+00
      7.157     6.3127   3.195046    31.9826        567     2.3583  0.000e+00
      7.144     6.3141   3.194722    31.9777        568     2.3625  0.000e+00
      7.125     6.3145   3.193768    31.9668        569     2.3667  0.000e+00
      7.111     6.3123   3.194233    31.9740        570     2.3708  0.000e+00
      7.105     6.3102   3.193976    31.9731        571     2.3750  0.000e+00
      7.100     6.3089   3.193750    31.9718        572     2.3792  0.000e+00
      7.087     6.3072   3.194110    31.9774        573     2.3833  0.000e+00
      7.071     6.3064   3.194312    31.9804        574     2.3875  0.000e+00
      7.051     6.3069   3.194355    31.9804        575     2.3917  0.000e+00
      7.041     6.3079   3.194355    31.9795        576     2.3958  0.000e+00
      7.037     6.3086   3.194373    31.9790        577     2.4000  0.000e+00
      7.023     6.3091   3.194355    31.9783        578     2.4042  0.000e+00
      7.011     6.3095   3.194355    31.9780        579     2.4083  0.000e+00
      6.996     6.3097   3.194434    31.9787        580     2.4125  0.000e+00
      6.985     6.3098   3.194538    31.9798        581     2.4167  0.000e+00
      6.987     6.3104   3.194373    31.9774        582     2.4208  0.000e+00
      6.985     6.3106   3.194373    31.9771        583     2.4250  0.000e+00
      6.978     6.3105   3.194459    31.9783        584     2.4292  0.000e+00
      6.972     6.3105   3.194496    31.9786        585     2.4333  0.000e+00
      6.960     6.3108   3.194557    31.9790        586     2.4375  0.000e+00
      6.961     6.3112   3.194618    31.9793        587     2.4417  0.000e+00
      6.961     6.3116   3.194618    31.9789        588     2.4458  0.000e+00
      6.961     6.3122   3.194557    31.9777        589     2.4500  0.000e+00
      6.960     6.3125   3.194600    31.9779        590     2.4542  0.000e+00
      6.958     6.3124   3.194538    31.9773        591     2.4583  0.000e+00
      6.956     6.3124   3.194416    31.9760        592     2.4625  0.000e+00
      6.961     6.3120   3.194434    31.9765        593     2.4667  0.000e+00
      6.966     6.3116   3.194538    31.9780        594     2.4708  0.000e+00
      6.970     6.3115   3.194557    31.9783        595     2.4750  0.000e+00
      6.974     6.3118   3.194600    31.9786        596     2.4792  0.000e+00
      6.969     6.3119   3.194600    31.9785        597     2.4833  0.000e+00
      6.978     6.3124   3.194600    31.9780        598     2.4875  0.000e+00
      6.984     6.3127   3.194697    31.9788        599     2.4917  0.000e+00
      6.992     6.3129   3.194648    31.9780        600     2.4958  0.000e+00
      6.992     6.3131   3.194697    31.9784        601     2.5000  0.000e+00
      6.989     6.3134   3.194661    31.9778        602     2.5042  0.000e+00
      6.988     6.3134   3.194600    31.9771        603     2.5083  0.000e+00
      6.997     6.3135   3.194575    31.9767        604     2.5125  0.000e+00
      7.004     6.3130   3.194600    31.9774        605     2.5167  0.000e+00
      7.006     6.3129   3.194575    31.9773        606     2.5208  0.000e+00
      7.007     6.3127   3.194538    31.9770        607     2.5250  0.000e+00
      7.011     6.3124   3.194514    31.9770        608     2.5292  0.000e+00
      7.018     6.3122   3.194557    31.9777        609     2.5333  0.000e+00
      7.033     6.3120   3.194575    31.9780        610     2.5375  0.000e+00
      7.042     6.3121   3.194618    31.9784        611     2.5417  0.000e+00
      7.044     6.3122   3.194557    31.9776        612     2.5458  0.000e+00
      7.050     6.3122   3.194514    31.9772        613     2.5500  0.000e+00
      7.060     6.3119   3.194557    31.9779        614     2.5542  0.000e+00
      7.072     6.3119   3.194636    31.9789        615     2.5583  0.000e+00
      7.081     6.3120   3.194697    31.9794        616     2.5625  0.000e+00
      7.088     6.3124   3.194679    31.9789        617     2.5667  0.000e+00
      7.090     6.3126   3.194679    31.9786        618     2.5708  0.000e+00
      7.101     6.3126   3.194600    31.9777        619     2.5750  0.000e+00
      7.115     6.3127   3.194575    31.9773        620     2.5792  0.000e+00
      7.124     6.3124   3.194496    31.9768        621     2.5833  0.000e+00
      7.130     6.3121   3.194251    31.9743        622     2.5875  0.000e+00
      7.142     6.3115   3.194013    31.9723        623     2.5917  0.000e+00
      7.155     6.3100   3.193829    31.9716        624     2.5958  0.000e+00
      7.170     6.3082   3.193890    31.9740        625     2.6000  0.000e+00
