HB2502/sbe016.cnv
* Sea-Bird SBE 19plus V2 Data File:
* FileName = C:\cruise\data\sbe016.hex
* Software Version Seasave V 7.26.7.121
* Temperature SN = 6128
* Conductivity SN = 6128
* System UpLoad Time = Mar 12 2025 10:05:03
* NMEA Latitude = 36 56.46 N
* NMEA Longitude = 074 51.17 W
* NMEA UTC (Time) = Mar 12 2025  10:03:44
** Ship: Henry Bigelow
** Cruise:  HB2502
** Program:  Spring Bottom Trawl
# nquan = 7
# nvalues = 1312                                  
# units = specified
# name 0 = depSM: Depth [salt water, m]
# name 1 = tv290C: Temperature [ITS-90, deg C]
# name 2 = c0S/m: Conductivity [S/m]
# name 3 = sal00: Salinity, Practical [PSU]
# name 4 = scan: Scan Count
# name 5 = timeM: Time, Elapsed [minutes]
# name 6 = flag:  0.000e+00
# span 0 =     -0.052,     51.868                 
# span 1 =     8.1874,    11.0773                 
# span 2 =   0.007014,   3.886963                 
# span 3 =     0.0474,    34.7401                 
# span 4 =         11,       1322                 
# span 5 =     0.0417,     5.5042                 
# span 6 = 0.0000e+00, 0.0000e+00                 
# interval = seconds: 0.25
# start_time = Mar 12 2025 10:03:44 [NMEA time, header]
# bad_flag = -9.990e-29
*END*
[from data line 1231]
      1.637     8.1907   3.452344    33.0097       1242     5.1708  0.000e+00
      1.561     8.1907   3.452350    33.0099       1243     5.1750  0.000e+00
      1.493     8.1907   3.452350    33.0099       1244     5.1792  0.000e+00
      1.433     8.1907   3.452388    33.0103       1245     5.1833  0.000e+00
      1.375     8.1909   3.452287    33.0091       1246     5.1875  0.000e+00
      1.335     8.1907   3.452268    33.0091       1247     5.1917  0.000e+00
      1.312     8.1905   3.452281    33.0094       1248     5.1958  0.000e+00
      1.301     8.1904   3.452520    33.0121       1249     5.2000  0.000e+00
      1.303     8.1907   3.452602    33.0126       1250     5.2042  0.000e+00
      1.327     8.1912   3.452571    33.0118       1251     5.2083  0.000e+00
      1.379     8.1916   3.452646    33.0122       1252     5.2125  0.000e+00
      1.428     8.1921   3.452690    33.0122       1253     5.2167  0.000e+00
      1.474     8.1923   3.452722    33.0123       1254     5.2208  0.000e+00
      1.518     8.1927   3.452728    33.0120       1255     5.2250  0.000e+00
      1.565     8.1928   3.452728    33.0119       1256     5.2292  0.000e+00
      1.604     8.1930   3.452747    33.0119       1257     5.2333  0.000e+00
      1.659     8.1931   3.452728    33.0116       1258     5.2375  0.000e+00
      1.720     8.1932   3.452772    33.0119       1259     5.2417  0.000e+00
      1.765     8.1933   3.452791    33.0120       1260     5.2458  0.000e+00
      1.803     8.1934   3.452754    33.0114       1261     5.2500  0.000e+00
      1.833     8.1937   3.452665    33.0103       1262     5.2542  0.000e+00
      1.831     8.1933   3.452571    33.0096       1263     5.2583  0.000e+00
      1.830     8.1930   3.452583    33.0101       1264     5.2625  0.000e+00
      1.821     8.1926   3.452602    33.0106       1265     5.2667  0.000e+00
      1.823     8.1925   3.452659    33.0113       1266     5.2708  0.000e+00
      1.807     8.1927   3.452564    33.0101       1267     5.2750  0.000e+00
      1.780     8.1927   3.452564    33.0102       1268     5.2792  0.000e+00
      1.740     8.1925   3.452634    33.0110       1269     5.2833  0.000e+00
      1.683     8.1925   3.452602    33.0107       1270     5.2875  0.000e+00
      1.624     8.1925   3.452646    33.0112       1271     5.2917  0.000e+00
      1.588     8.1928   3.452678    33.0113       1272     5.2958  0.000e+00
      1.572     8.1931   3.452690    33.0112       1273     5.3000  0.000e+00
      1.564     8.1929   3.452709    33.0116       1274     5.3042  0.000e+00
      1.556     8.1932   3.452747    33.0117       1275     5.3083  0.000e+00
      1.548     8.1934   3.452728    33.0113       1276     5.3125  0.000e+00
      1.558     8.1934   3.452728    33.0113       1277     5.3167  0.000e+00
      1.571     8.1937   3.452722    33.0110       1278     5.3208  0.000e+00
      1.609     8.1935   3.452690    33.0107       1279     5.3250  0.000e+00
      1.649     8.1934   3.452709    33.0110       1280     5.3292  0.000e+00
      1.678     8.1935   3.452722    33.0111       1281     5.3333  0.000e+00
      1.721     8.1937   3.452772    33.0115       1282     5.3375  0.000e+00
      1.767     8.1938   3.452772    33.0113       1283     5.3417  0.000e+00
      1.810     8.1940   3.452766    33.0111       1284     5.3458  0.000e+00
      1.861     8.1941   3.452754    33.0107       1285     5.3500  0.000e+00
      1.904     8.1941   3.452728    33.0105       1286     5.3542  0.000e+00
      1.948     8.1941   3.452722    33.0104       1287     5.3583  0.000e+00
      1.980     8.1940   3.452728    33.0105       1288     5.3625  0.000e+00
      2.008     8.1940   3.452665    33.0099       1289     5.3667  0.000e+00
      2.033     8.1938   3.452659    33.0099       1290     5.3708  0.000e+00
      2.053     8.1935   3.452691    33.0105       1291     5.3750  0.000e+00
      2.078     8.1934   3.452728    33.0110       1292     5.3792  0.000e+00
      2.089     8.1935   3.452722    33.0109       1293     5.3833  0.000e+00
      2.089     8.1937   3.452647    33.0099       1294     5.3875  0.000e+00
      2.087     8.1934   3.452710    33.0109       1295     5.3917  0.000e+00
      2.083     8.1934   3.452810    33.0119       1296     5.3958  0.000e+00
      2.086     8.1937   3.452817    33.0118       1297     5.4000  0.000e+00
      2.085     8.1940   3.452817    33.0115       1298     5.4042  0.000e+00
      2.077     8.1943   3.452836    33.0114       1299     5.4083  0.000e+00
      2.079     8.1944   3.452854    33.0114       1300     5.4125  0.000e+00
      2.082     8.1946   3.452880    33.0116       1301     5.4167  0.000e+00
      2.079     8.1947   3.452854    33.0112       1302     5.4208  0.000e+00
      2.083     8.1948   3.452880    33.0113       1303     5.4250  0.000e+00
      2.091     8.1948   3.452836    33.0109       1304     5.4292  0.000e+00
      2.096     8.1948   3.452747    33.0100       1305     5.4333  0.000e+00
      2.091     8.1944   3.452754    33.0104       1306     5.4375  0.000e+00
      2.035     8.1941   3.452710    33.0102       1307     5.4417  0.000e+00
      1.902     8.1937   3.452722    33.0108       1308     5.4458  0.000e+00
      1.736     8.1936   3.452754    33.0113       1309     5.4500  0.000e+00
      1.570     8.1935   3.452665    33.0105       1310     5.4542  0.000e+00
      1.412     8.1933   3.452634    33.0105       1311     5.4583  0.000e+00
      1.240     8.1931   3.452665    33.0110       1312     5.4625  0.000e+00
      1.054     8.1928   3.452564    33.0104       1313     5.4667  0.000e+00
      0.841     8.1927   3.452457    33.0095       1314     5.4708  0.000e+00
      0.660     8.1919   3.452394    33.0096       1315     5.4750  0.000e+00
      0.522     8.1912   3.452520    33.0116       1316     5.4792  0.000e+00
      0.416     8.1910   3.452545    33.0121       1317     5.4833  0.000e+00
      0.296     8.1915   3.452476    33.0110       1318     5.4875  0.000e+00
      0.110     8.1917   3.452501    33.0112       1319     5.4917  0.000e+00
     -0.044     8.1918   1.140626     9.8466       1320     5.4958  0.000e+00
     -0.049     8.1940   0.587798     4.8287       1321     5.5000  0.000e+00
     -0.052     8.2032   0.353190     2.8049       1322     5.5042  0.000e+00
