HB2502/sbe087.cnv
* Sea-Bird SBE 19plus V2 Data File:
* FileName = C:\cruise\data\sbe087.hex
* Software Version Seasave V 7.26.7.121
* Temperature SN = 6128
* Conductivity SN = 6128
* System UpLoad Time = Apr 13 2025 16:43:54
* NMEA Latitude = 40 44.93 N
* NMEA Longitude = 067 41.73 W
* NMEA UTC (Time) = Apr 13 2025  16:43:08
** Ship: Henry Bigelow
** Cruise:  HB2502
** Program:  Spring Bottom Trawl
# nquan = 7
# nvalues = 1643                                  
# units = specified
# name 0 = depSM: Depth [salt water, m]
# name 1 = tv290C: Temperature [ITS-90, deg C]
# name 2 = c0S/m: Conductivity [S/m]
# name 3 = sal00: Salinity, Practical [PSU]
# name 4 = scan: Scan Count
# name 5 = timeM: Time, Elapsed [minutes]
# name 6 = flag:  0.000e+00
# span 0 =     -0.162,     65.938                 
# span 1 =     4.7498,     9.6472                 
# span 2 =   0.004754,   3.423116                 
# span 3 =     0.0329,    34.3967                 
# span 4 =         11,       1653                 
# span 5 =     0.0417,     6.8833                 
# span 6 = 0.0000e+00, 0.0000e+00                 
# interval = seconds: 0.25
# start_time = Apr 13 2025 16:43:08 [NMEA time, header]
# bad_flag = -9.990e-29
*END*
[from data line 1436]
      9.986     5.2583   3.132761    32.2853       1447     6.0250  0.000e+00
      9.956     5.2709   3.131814    32.2623       1448     6.0292  0.000e+00
      9.919     5.2785   3.130291    32.2377       1449     6.0333  0.000e+00
      9.881     5.2770   3.130867    32.2457       1450     6.0375  0.000e+00
      9.843     5.2732   3.132469    32.2677       1451     6.0417  0.000e+00
      9.802     5.2754   3.128295    32.2179       1452     6.0458  0.000e+00
      9.760     5.2695   3.126573    32.2040       1453     6.0500  0.000e+00
      9.709     5.2530   3.126573    32.2200       1454     6.0542  0.000e+00
      9.651     5.2375   3.126895    32.2386       1455     6.0583  0.000e+00
      9.593     5.2264   3.126652    32.2465       1456     6.0625  0.000e+00
      9.535     5.2199   3.127659    32.2644       1457     6.0667  0.000e+00
      9.477     5.2190   3.126670    32.2540       1458     6.0708  0.000e+00
      9.404     5.2181   3.127659    32.2662       1459     6.0750  0.000e+00
      9.330     5.2182   3.128411    32.2747       1460     6.0792  0.000e+00
      9.250     5.2218   3.130091    32.2905       1461     6.0833  0.000e+00
      9.160     5.2316   3.133094    32.3153       1462     6.0875  0.000e+00
      9.071     5.2483   3.133659    32.3057       1463     6.0917  0.000e+00
      8.973     5.2677   3.132608    32.2750       1464     6.0958  0.000e+00
      8.884     5.2803   3.130369    32.2374       1465     6.1000  0.000e+00
      8.802     5.2803   3.129914    32.2323       1466     6.1042  0.000e+00
      8.735     5.2742   3.130151    32.2408       1467     6.1083  0.000e+00
      8.676     5.2685   3.130509    32.2505       1468     6.1125  0.000e+00
      8.639     5.2662   3.130982    32.2581       1469     6.1167  0.000e+00
      8.608     5.2663   3.130042    32.2473       1470     6.1208  0.000e+00
      8.590     5.2654   3.129441    32.2413       1471     6.1250  0.000e+00
      8.586     5.2619   3.130703    32.2591       1472     6.1292  0.000e+00
      8.583     5.2604   3.132269    32.2784       1473     6.1333  0.000e+00
      8.575     5.2666   3.132863    32.2791       1474     6.1375  0.000e+00
      8.573     5.2761   3.132942    32.2708       1475     6.1417  0.000e+00
      8.561     5.2839   3.132153    32.2544       1476     6.1458  0.000e+00
      8.544     5.2879   3.130806    32.2351       1477     6.1500  0.000e+00
      8.528     5.2852   3.132268    32.2544       1478     6.1542  0.000e+00
      8.505     5.2838   3.133239    32.2669       1479     6.1583  0.000e+00
      8.467     5.2874   3.133518    32.2666       1480     6.1625  0.000e+00
      8.419     5.2932   3.133658    32.2626       1481     6.1667  0.000e+00
      8.368     5.2982   3.133397    32.2548       1482     6.1708  0.000e+00
      8.296     5.3015   3.133366    32.2513       1483     6.1750  0.000e+00
      8.220     5.3027   3.133178    32.2481       1484     6.1792  0.000e+00
      8.127     5.3030   3.132608    32.2414       1485     6.1833  0.000e+00
      8.047     5.3012   3.132662    32.2438       1486     6.1875  0.000e+00
      7.953     5.2989   3.132529    32.2445       1487     6.1917  0.000e+00
      7.857     5.2969   3.132723    32.2487       1488     6.1958  0.000e+00
      7.774     5.2960   3.132705    32.2494       1489     6.2000  0.000e+00
      7.688     5.2958   3.132826    32.2510       1490     6.2042  0.000e+00
      7.605     5.2960   3.132863    32.2513       1491     6.2083  0.000e+00
      7.524     5.2964   3.132844    32.2507       1492     6.2125  0.000e+00
      7.456     5.2968   3.132905    32.2510       1493     6.2167  0.000e+00
      7.388     5.2974   3.132941    32.2510       1494     6.2208  0.000e+00
      7.322     5.2978   3.133002    32.2513       1495     6.2250  0.000e+00
      7.264     5.2984   3.133002    32.2507       1496     6.2292  0.000e+00
      7.197     5.2989   3.133797    32.2593       1497     6.2333  0.000e+00
      7.147     5.3009   3.133973    32.2594       1498     6.2375  0.000e+00
      7.099     5.3045   3.133694    32.2528       1499     6.2417  0.000e+00
      7.058     5.3070   3.133135    32.2441       1500     6.2458  0.000e+00
      7.012     5.3068   3.133178    32.2447       1501     6.2500  0.000e+00
      6.976     5.3052   3.133500    32.2500       1502     6.2542  0.000e+00
      6.945     5.3049   3.134349    32.2600       1503     6.2583  0.000e+00
      6.911     5.3077   3.134270    32.2564       1504     6.2625  0.000e+00
      6.880     5.3109   3.134191    32.2524       1505     6.2667  0.000e+00
      6.851     5.3130   3.133160    32.2387       1506     6.2708  0.000e+00
      6.811     5.3117   3.133991    32.2494       1507     6.2750  0.000e+00
      6.756     5.3106   3.134058    32.2513       1508     6.2792  0.000e+00
      6.691     5.3111   3.133876    32.2487       1509     6.2833  0.000e+00
      6.617     5.3116   3.133772    32.2471       1510     6.2875  0.000e+00
      6.544     5.3113   3.133876    32.2486       1511     6.2917  0.000e+00
      6.490     5.3112   3.133954    32.2496       1512     6.2958  0.000e+00
      6.450     5.3114   3.133912    32.2489       1513     6.3000  0.000e+00
      6.416     5.3119   3.133894    32.2483       1514     6.3042  0.000e+00
      6.374     5.3121   3.134033    32.2497       1515     6.3083  0.000e+00
      6.325     5.3124   3.134149    32.2508       1516     6.3125  0.000e+00
      6.262     5.3131   3.134015    32.2486       1517     6.3167  0.000e+00
      6.202     5.3137   3.134227    32.2505       1518     6.3208  0.000e+00
      6.133     5.3139   3.134331    32.2514       1519     6.3250  0.000e+00
      6.061     5.3150   3.133875    32.2453       1520     6.3292  0.000e+00
      5.992     5.3149   3.134367    32.2510       1521     6.3333  0.000e+00
      5.915     5.3156   3.134585    32.2528       1522     6.3375  0.000e+00
      5.847     5.3170   3.134525    32.2508       1523     6.3417  0.000e+00
      5.783     5.3182   3.134628    32.2509       1524     6.3458  0.000e+00
      5.724     5.3191   3.134148    32.2446       1525     6.3500  0.000e+00
      5.669     5.3192   3.133511    32.2372       1526     6.3542  0.000e+00
      5.622     5.3162   3.132941    32.2337       1527     6.3583  0.000e+00
      5.584     5.3117   3.133535    32.2448       1528     6.3625  0.000e+00
      5.546     5.3083   3.134925    32.2639       1529     6.3667  0.000e+00
      5.506     5.3113   3.134883    32.2606       1530     6.3708  0.000e+00
      5.460     5.3157   3.134330    32.2501       1531     6.3750  0.000e+00
      5.411     5.3177   3.134962    32.2553       1532     6.3792  0.000e+00
      5.361     5.3201   3.135041    32.2540       1533     6.3833  0.000e+00
      5.301     5.3224   3.135144    32.2530       1534     6.3875  0.000e+00
      5.227     5.3243   3.135180    32.2516       1535     6.3917  0.000e+00
      5.138     5.3261   3.135040    32.2483       1536     6.3958  0.000e+00
      5.042     5.3269   3.134743    32.2442       1537     6.4000  0.000e+00
      4.941     5.3265   3.134567    32.2427       1538     6.4042  0.000e+00
      4.841     5.3252   3.134348    32.2414       1539     6.4083  0.000e+00
      4.751     5.3235   3.134367    32.2434       1540     6.4125  0.000e+00
      4.673     5.3215   3.134628    32.2483       1541     6.4167  0.000e+00
      4.596     5.3210   3.133754    32.2389       1542     6.4208  0.000e+00
      4.524     5.3190   3.134555    32.2499       1543     6.4250  0.000e+00
      4.458     5.3184   3.134925    32.2548       1544     6.4292  0.000e+00
      4.399     5.3201   3.133656    32.2387       1545     6.4333  0.000e+00
      4.346     5.3192   3.134706    32.2516       1546     6.4375  0.000e+00
      4.308     5.3184   3.134288    32.2476       1547     6.4417  0.000e+00
      4.281     5.3190   3.133037    32.2328       1548     6.4458  0.000e+00
      4.257     5.3152   3.132983    32.2358       1549     6.4500  0.000e+00
      4.237     5.3106   3.133019    32.2407       1550     6.4542  0.000e+00
      4.219     5.3071   3.132722    32.2407       1551     6.4583  0.000e+00
      4.195     5.3041   3.132485    32.2408       1552     6.4625  0.000e+00
      4.186     5.3012   3.132528    32.2442       1553     6.4667  0.000e+00
      4.173     5.2987   3.132686    32.2484       1554     6.4708  0.000e+00
      4.164     5.2974   3.132862    32.2516       1555     6.4750  0.000e+00
      4.157     5.2976   3.132862    32.2515       1556     6.4792  0.000e+00
      4.146     5.2980   3.132880    32.2513       1557     6.4833  0.000e+00
      4.141     5.2984   3.132843    32.2504       1558     6.4875  0.000e+00
      4.126     5.2986   3.132880    32.2507       1559     6.4917  0.000e+00
      4.101     5.2987   3.132819    32.2500       1560     6.4958  0.000e+00
      4.059     5.2988   3.132188    32.2427       1561     6.5000  0.000e+00
      3.986     5.2973   3.131733    32.2390       1562     6.5042  0.000e+00
      3.880     5.2936   3.131672    32.2419       1563     6.5083  0.000e+00
      3.753     5.2901   3.132564    32.2555       1564     6.5125  0.000e+00
      3.614     5.2897   3.132959    32.2604       1565     6.5167  0.000e+00
      3.473     5.2922   3.133080    32.2595       1566     6.5208  0.000e+00
      3.337     5.2955   3.133675    32.2632       1567     6.5250  0.000e+00
      3.217     5.2998   3.133341    32.2553       1568     6.5292  0.000e+00
      3.123     5.3027   3.132582    32.2438       1569     6.5333  0.000e+00
      3.058     5.3023   3.133614    32.2560       1570     6.5375  0.000e+00
      3.002     5.3028   3.133735    32.2570       1571     6.5417  0.000e+00
      2.931     5.3054   3.134148    32.2592       1572     6.5458  0.000e+00
      2.855     5.3089   3.134251    32.2570       1573     6.5500  0.000e+00
      2.781     5.3122   3.134603    32.2579       1574     6.5542  0.000e+00
      2.715     5.3158   3.133796    32.2453       1575     6.5583  0.000e+00
      2.648     5.3166   3.133419    32.2402       1576     6.5625  0.000e+00
      2.588     5.3147   3.133450    32.2424       1577     6.5667  0.000e+00
      2.539     5.3126   3.133079    32.2403       1578     6.5708  0.000e+00
      2.498     5.3100   3.133079    32.2428       1579     6.5750  0.000e+00
      2.474     5.3079   3.134427    32.2602       1580     6.5792  0.000e+00
      2.470     5.3096   3.135179    32.2671       1581     6.5833  0.000e+00
      2.484     5.3153   3.136169    32.2728       1582     6.5875  0.000e+00
      2.506     5.3236   3.136151    32.2646       1583     6.5917  0.000e+00
      2.520     5.3310   3.137122    32.2686       1584     6.5958  0.000e+00
      2.529     5.3382   3.138154    32.2734       1585     6.6000  0.000e+00
      2.520     5.3477   3.138136    32.2641       1586     6.6042  0.000e+00
      2.514     5.3556   3.138117    32.2562       1587     6.6083  0.000e+00
      2.467     5.3610   3.138093    32.2508       1588     6.6125  0.000e+00
      2.378     5.3643   3.137978    32.2464       1589     6.6167  0.000e+00
      2.250     5.3660   3.137340    32.2375       1590     6.6208  0.000e+00
      2.085     5.3654   3.137103    32.2355       1591     6.6250  0.000e+00
      1.949     5.3631   3.136963    32.2362       1592     6.6292  0.000e+00
      1.882     5.3606   3.136945    32.2384       1593     6.6333  0.000e+00
      1.889     5.3584   3.136727    32.2380       1594     6.6375  0.000e+00
      1.929     5.3565   3.136751    32.2400       1595     6.6417  0.000e+00
      1.958     5.3551   3.136727    32.2412       1596     6.6458  0.000e+00
      1.987     5.3540   3.136569    32.2404       1597     6.6500  0.000e+00
      2.015     5.3529   3.136271    32.2380       1598     6.6542  0.000e+00
      2.030     5.3513   3.136332    32.2402       1599     6.6583  0.000e+00
      2.019     5.3498   3.137061    32.2500       1600     6.6625  0.000e+00
      1.955     5.3505   3.136709    32.2453       1601     6.6667  0.000e+00
      1.814     5.3519   3.135676    32.2324       1602     6.6708  0.000e+00
      1.638     5.3497   3.135598    32.2337       1603     6.6750  0.000e+00
      1.453     5.3460   3.136247    32.2447       1604     6.6792  0.000e+00
      1.291     5.3447   3.136545    32.2495       1605     6.6833  0.000e+00
      1.180     5.3458   3.135397    32.2354       1606     6.6875  0.000e+00
      1.089     5.3451   3.136132    32.2444       1607     6.6917  0.000e+00
      0.975     5.3439   3.136508    32.2499       1608     6.6958  0.000e+00
      0.814     5.3453   3.135676    32.2392       1609     6.7000  0.000e+00
      0.706     5.3454   3.135573    32.2380       1610     6.7042  0.000e+00
      0.682     5.3434   3.135755    32.2420       1611     6.7083  0.000e+00
      0.718     5.3423   3.136113    32.2471       1612     6.7125  0.000e+00
      0.753     5.3422   3.136101    32.2471       1613     6.7167  0.000e+00
      0.749     5.3428   3.135913    32.2443       1614     6.7208  0.000e+00
      0.704     5.3431   3.136210    32.2475       1615     6.7250  0.000e+00
      0.627     5.3433   3.135974    32.2446       1616     6.7292  0.000e+00
      0.481     5.3437   3.136229    32.2472       1617     6.7333  0.000e+00
      0.387     5.3443   3.135895    32.2429       1618     6.7375  0.000e+00
      0.327     5.3443   3.135737    32.2411       1619     6.7417  0.000e+00
      0.273     5.3432   3.135913    32.2442       1620     6.7458  0.000e+00
      0.207     5.3425   3.136150    32.2476       1621     6.7500  0.000e+00
      0.185     5.3432   3.135998    32.2452       1622     6.7542  0.000e+00
      0.183     5.3438   3.135992    32.2446       1623     6.7583  0.000e+00
      0.189     5.3440   3.135737    32.2414       1624     6.7625  0.000e+00
      0.214     5.3436   3.136010    32.2450       1625     6.7667  0.000e+00
      0.281     5.3433   3.135931    32.2443       1626     6.7708  0.000e+00
      0.387     5.3434   3.135737    32.2420       1627     6.7750  0.000e+00
      0.405     5.3430   3.135974    32.2450       1628     6.7792  0.000e+00
      0.367     5.3426   3.136034    32.2461       1629     6.7833  0.000e+00
      0.294     5.3429   3.136435    32.2504       1630     6.7875  0.000e+00
      0.220     5.3439   3.135974    32.2442       1631     6.7917  0.000e+00
      0.092     5.3445   3.135755    32.2412       1632     6.7958  0.000e+00
     -0.044     5.3433   3.134662    32.2300       1633     6.8000  0.000e+00
     -0.100     5.3394   3.049577    31.2675       1634     6.8042  0.000e+00
     -0.145     5.3332   1.129988    10.5942       1635     6.8083  0.000e+00
     -0.081     5.3289   2.889130    29.4652       1636     6.8125  0.000e+00
     -0.137     5.3259   1.790311    17.4492       1637     6.8167  0.000e+00
     -0.159     5.3237   0.633803     5.6907       1638     6.8208  0.000e+00
     -0.157     5.3267   0.402959     3.5085       1639     6.8250  0.000e+00
     -0.160     5.3372   0.339675     2.9248       1640     6.8292  0.000e+00
     -0.155     5.3456   0.307336     2.6295       1641     6.8333  0.000e+00
     -0.157     5.3503   0.289256     2.4654       1642     6.8375  0.000e+00
     -0.157     5.3538   0.260652     2.2078       1643     6.8417  0.000e+00
     -0.153     5.3564   0.240535     2.0278       1644     6.8458  0.000e+00
     -0.144     5.3590   0.217771     1.8254       1645     6.8500  0.000e+00
     -0.148     5.3612   0.201214     1.6791       1646     6.8542  0.000e+00
     -0.159     5.3631   0.194557     1.6205       1647     6.8583  0.000e+00
     -0.162     5.3648   0.171295     1.4169       1648     6.8625  0.000e+00
     -0.162     5.3670   0.141734     1.1609       1649     6.8667  0.000e+00
     -0.153     5.3692   0.156540     1.2886       1650     6.8708  0.000e+00
     -0.153     5.3720   0.152188     1.2509       1651     6.8750  0.000e+00
