HB2502/sbe022.cnv
* Sea-Bird SBE 19plus V2 Data File:
* FileName = C:\cruise\data\sbe022.hex
* Software Version Seasave V 7.26.7.121
* Temperature SN = 6128
* Conductivity SN = 6128
* System UpLoad Time = Mar 15 2025 19:40:47
* NMEA Latitude = 36 05.72 N
* NMEA Longitude = 075 19.11 W
* NMEA UTC (Time) = Mar 15 2025  19:39:31
** Ship: Henry Bigelow
** Cruise:  HB2502
** Program:  Spring Bottom Trawl
# nquan = 7
# nvalues = 1214                                  
# units = specified
# name 0 = depSM: Depth [salt water, m]
# name 1 = tv290C: Temperature [ITS-90, deg C]
# name 2 = c0S/m: Conductivity [S/m]
# name 3 = sal00: Salinity, Practical [PSU]
# name 4 = scan: Scan Count
# name 5 = timeM: Time, Elapsed [minutes]
# name 6 = flag:  0.000e+00
# span 0 =      0.081,     28.032                 
# span 1 =    10.4419,    13.6668                 
# span 2 =   0.007226,   3.962373                 
# span 3 =     0.0457,    34.9909                 
# span 4 =         11,       1224                 
# span 5 =     0.0417,     5.0958                 
# span 6 = 0.0000e+00, 0.0000e+00                 
# interval = seconds: 0.25
# start_time = Mar 15 2025 19:39:31 [NMEA time, header]
# bad_flag = -9.990e-29
*END*
[from data line 411]
     25.043    10.4433   3.740935    33.8755        422     1.7542  0.000e+00
     25.136    10.4434   3.740935    33.8753        423     1.7583  0.000e+00
     25.221    10.4436   3.740961    33.8754        424     1.7625  0.000e+00
     25.319    10.4437   3.740955    33.8752        425     1.7667  0.000e+00
     25.419    10.4436   3.740935    33.8750        426     1.7708  0.000e+00
     25.518    10.4435   3.740916    33.8749        427     1.7750  0.000e+00
     25.629    10.4435   3.740955    33.8753        428     1.7792  0.000e+00
     25.746    10.4434   3.740909    33.8748        429     1.7833  0.000e+00
     25.871    10.4433   3.740942    33.8752        430     1.7875  0.000e+00
     25.998    10.4434   3.740955    33.8752        431     1.7917  0.000e+00
     26.141    10.4436   3.741001    33.8754        432     1.7958  0.000e+00
     26.281    10.4436   3.741092    33.8763        433     1.8000  0.000e+00
     26.431    10.4440   3.741118    33.8761        434     1.8042  0.000e+00
     26.583    10.4448   3.741138    33.8755        435     1.8083  0.000e+00
     26.733    10.4451   3.741190    33.8757        436     1.8125  0.000e+00
     26.885    10.4453   3.741190    33.8754        437     1.8167  0.000e+00
     27.032    10.4456   3.741203    33.8752        438     1.8208  0.000e+00
     27.180    10.4455   3.741281    33.8760        439     1.8250  0.000e+00
     27.320    10.4457   3.741261    33.8755        440     1.8292  0.000e+00
     27.459    10.4459   3.741248    33.8752        441     1.8333  0.000e+00
     27.588    10.4458   3.741261    33.8753        442     1.8375  0.000e+00
     27.709    10.4459   3.741236    33.8749        443     1.8417  0.000e+00
     27.803    10.4456   3.741203    33.8748        444     1.8458  0.000e+00
     27.888    10.4458   3.741190    33.8745        445     1.8500  0.000e+00
     27.956    10.4454   3.741164    33.8746        446     1.8542  0.000e+00
     28.005    10.4452   3.741184    33.8750        447     1.8583  0.000e+00
     28.032    10.4450   3.741190    33.8751        448     1.8625  0.000e+00
     28.021    10.4450   3.741092    33.8742        449     1.8667  0.000e+00
     27.950    10.4448   3.741027    33.8738        450     1.8708  0.000e+00
     27.838    10.4442   3.741001    33.8741        451     1.8750  0.000e+00
     27.733    10.4438   3.740982    33.8743        452     1.8792  0.000e+00
     27.644    10.4435   3.741001    33.8748        453     1.8833  0.000e+00
     27.573    10.4432   3.740982    33.8749        454     1.8875  0.000e+00
     27.521    10.4432   3.740962    33.8748        455     1.8917  0.000e+00
     27.479    10.4432   3.740956    33.8747        456     1.8958  0.000e+00
     27.453    10.4431   3.740936    33.8746        457     1.9000  0.000e+00
     27.429    10.4429   3.740943    33.8749        458     1.9042  0.000e+00
     27.417    10.4428   3.740891    33.8745        459     1.9083  0.000e+00
     27.399    10.4429   3.740956    33.8751        460     1.9125  0.000e+00
     27.370    10.4429   3.741027    33.8758        461     1.9167  0.000e+00
     27.340    10.4434   3.741053    33.8756        462     1.9208  0.000e+00
     27.333    10.4435   3.741027    33.8752        463     1.9250  0.000e+00
     27.350    10.4438   3.741053    33.8752        464     1.9292  0.000e+00
     27.381    10.4438   3.741027    33.8749        465     1.9333  0.000e+00
     27.441    10.4438   3.741027    33.8749        466     1.9375  0.000e+00
     27.488    10.4440   3.741027    33.8747        467     1.9417  0.000e+00
     27.530    10.4439   3.741027    33.8748        468     1.9458  0.000e+00
     27.559    10.4437   3.741008    33.8747        469     1.9500  0.000e+00
     27.568    10.4436   3.740956    33.8743        470     1.9542  0.000e+00
     27.569    10.4436   3.740936    33.8741        471     1.9583  0.000e+00
     27.566    10.4433   3.740897    33.8740        472     1.9625  0.000e+00
     27.551    10.4431   3.740865    33.8739        473     1.9667  0.000e+00
     27.530    10.4426   3.740845    33.8741        474     1.9708  0.000e+00
     27.499    10.4426   3.740852    33.8742        475     1.9750  0.000e+00
     27.445    10.4424   3.740819    33.8741        476     1.9792  0.000e+00
     27.384    10.4424   3.740845    33.8744        477     1.9833  0.000e+00
     27.320    10.4422   3.740806    33.8742        478     1.9875  0.000e+00
     27.237    10.4422   3.740819    33.8743        479     1.9917  0.000e+00
     27.146    10.4422   3.740786    33.8741        480     1.9958  0.000e+00
     27.045    10.4422   3.740773    33.8740        481     2.0000  0.000e+00
     26.935    10.4422   3.740793    33.8743        482     2.0042  0.000e+00
     26.837    10.4419   3.740806    33.8747        483     2.0083  0.000e+00
     26.723    10.4420   3.740793    33.8745        484     2.0125  0.000e+00
     26.611    10.4421   3.740773    33.8743        485     2.0167  0.000e+00
     26.500    10.4421   3.740806    33.8747        486     2.0208  0.000e+00
     26.388    10.4423   3.740819    33.8747        487     2.0250  0.000e+00
     26.284    10.4422   3.740819    33.8748        488     2.0292  0.000e+00
     26.208    10.4423   3.740871    33.8753        489     2.0333  0.000e+00
     26.143    10.4428   3.740955    33.8757        490     2.0375  0.000e+00
     26.088    10.4434   3.740936    33.8750        491     2.0417  0.000e+00
     26.044    10.4437   3.740916    33.8745        492     2.0458  0.000e+00
     26.009    10.4438   3.740864    33.8739        493     2.0500  0.000e+00
     25.982    10.4438   3.740851    33.8738        494     2.0542  0.000e+00
     25.958    10.4436   3.740773    33.8732        495     2.0583  0.000e+00
     25.936    10.4433   3.740818    33.8739        496     2.0625  0.000e+00
     25.910    10.4431   3.740851    33.8744        497     2.0667  0.000e+00
     25.892    10.4429   3.740844    33.8746        498     2.0708  0.000e+00
     25.863    10.4429   3.740864    33.8748        499     2.0750  0.000e+00
     25.836    10.4430   3.740851    33.8746        500     2.0792  0.000e+00
     25.812    10.4434   3.740864    33.8743        501     2.0833  0.000e+00
     25.786    10.4434   3.740864    33.8743        502     2.0875  0.000e+00
     25.751    10.4433   3.740851    33.8744        503     2.0917  0.000e+00
     25.722    10.4433   3.740909    33.8750        504     2.0958  0.000e+00
     25.690    10.4437   3.740890    33.8744        505     2.1000  0.000e+00
     25.653    10.4438   3.740896    33.8744        506     2.1042  0.000e+00
     25.615    10.4438   3.740890    33.8743        507     2.1083  0.000e+00
     25.572    10.4438   3.740896    33.8745        508     2.1125  0.000e+00
     25.536    10.4441   3.740935    33.8746        509     2.1167  0.000e+00
     25.489    10.4442   3.740935    33.8745        510     2.1208  0.000e+00
     25.442    10.4443   3.740916    33.8742        511     2.1250  0.000e+00
     25.377    10.4443   3.740935    33.8745        512     2.1292  0.000e+00
     25.310    10.4445   3.740890    33.8739        513     2.1333  0.000e+00
     25.237    10.4446   3.740896    33.8738        514     2.1375  0.000e+00
     25.154    10.4443   3.740890    33.8741        515     2.1417  0.000e+00
     25.065    10.4444   3.740844    33.8736        516     2.1458  0.000e+00
     24.965    10.4441   3.740831    33.8737        517     2.1500  0.000e+00
     24.849    10.4438   3.740844    33.8743        518     2.1542  0.000e+00
     24.730    10.4438   3.740864    33.8744        519     2.1583  0.000e+00
     24.599    10.4441   3.740785    33.8735        520     2.1625  0.000e+00
     24.457    10.4438   3.740792    33.8739        521     2.1667  0.000e+00
     24.318    10.4436   3.740772    33.8739        522     2.1708  0.000e+00
     24.174    10.4435   3.740766    33.8740        523     2.1750  0.000e+00
     24.023    10.4434   3.740818    33.8747        524     2.1792  0.000e+00
     23.880    10.4439   3.740915    33.8753        525     2.1833  0.000e+00
     23.744    10.4440   3.740863    33.8748        526     2.1875  0.000e+00
     23.613    10.4444   3.740772    33.8735        527     2.1917  0.000e+00
     23.501    10.4443   3.740720    33.8731        528     2.1958  0.000e+00
     23.400    10.4439   3.740700    33.8733        529     2.2000  0.000e+00
     23.307    10.4437   3.740746    33.8740        530     2.2042  0.000e+00
     23.233    10.4433   3.740674    33.8737        531     2.2083  0.000e+00
     23.175    10.4433   3.740700    33.8740        532     2.2125  0.000e+00
     23.128    10.4431   3.740655    33.8737        533     2.2167  0.000e+00
     23.092    10.4429   3.740655    33.8740        534     2.2208  0.000e+00
     23.060    10.4427   3.740681    33.8744        535     2.2250  0.000e+00
     23.039    10.4428   3.740655    33.8741        536     2.2292  0.000e+00
     23.028    10.4428   3.740655    33.8740        537     2.2333  0.000e+00
     23.008    10.4427   3.740635    33.8740        538     2.2375  0.000e+00
     22.991    10.4426   3.740655    33.8742        539     2.2417  0.000e+00
     22.968    10.4423   3.740583    33.8738        540     2.2458  0.000e+00
     22.953    10.4424   3.740609    33.8740        541     2.2500  0.000e+00
     22.929    10.4426   3.740609    33.8739        542     2.2542  0.000e+00
     22.907    10.4426   3.740609    33.8738        543     2.2583  0.000e+00
     22.872    10.4424   3.740609    33.8740        544     2.2625  0.000e+00
     22.841    10.4424   3.740609    33.8740        545     2.2667  0.000e+00
     22.810    10.4424   3.740635    33.8743        546     2.2708  0.000e+00
     22.789    10.4423   3.740609    33.8742        547     2.2750  0.000e+00
     22.765    10.4422   3.740609    33.8742        548     2.2792  0.000e+00
     22.747    10.4422   3.740583    33.8740        549     2.2833  0.000e+00
     22.729    10.4422   3.740609    33.8743        550     2.2875  0.000e+00
     22.700    10.4422   3.740629    33.8745        551     2.2917  0.000e+00
     22.678    10.4422   3.740583    33.8740        552     2.2958  0.000e+00
     22.642    10.4423   3.740629    33.8744        553     2.3000  0.000e+00
     22.604    10.4422   3.740563    33.8738        554     2.3042  0.000e+00
     22.551    10.4422   3.740609    33.8744        555     2.3083  0.000e+00
     22.495    10.4424   3.740629    33.8744        556     2.3125  0.000e+00
     22.430    10.4424   3.740635    33.8745        557     2.3167  0.000e+00
     22.356    10.4425   3.740583    33.8739        558     2.3208  0.000e+00
     22.278    10.4427   3.740628    33.8742        559     2.3250  0.000e+00
     22.191    10.4428   3.740583    33.8737        560     2.3292  0.000e+00
     22.100    10.4426   3.740609    33.8742        561     2.3333  0.000e+00
     22.013    10.4426   3.740739    33.8756        562     2.3375  0.000e+00
     21.916    10.4430   3.740654    33.8744        563     2.3417  0.000e+00
     21.822    10.4433   3.740680    33.8744        564     2.3458  0.000e+00
     21.727    10.4433   3.740583    33.8735        565     2.3500  0.000e+00
     21.637    10.4430   3.740609    33.8740        566     2.3542  0.000e+00
     21.550    10.4429   3.740609    33.8741        567     2.3583  0.000e+00
     21.469    10.4429   3.740628    33.8744        568     2.3625  0.000e+00
     21.399    10.4432   3.740843    33.8763        569     2.3667  0.000e+00
     21.348    10.4438   3.740849    33.8758        570     2.3708  0.000e+00
     21.301    10.4444   3.740843    33.8753        571     2.3750  0.000e+00
     21.274    10.4446   3.740862    33.8752        572     2.3792  0.000e+00
     21.253    10.4452   3.740869    33.8748        573     2.3833  0.000e+00
     21.250    10.4453   3.740791    33.8739        574     2.3875  0.000e+00
     21.245    10.4452   3.740791    33.8740        575     2.3917  0.000e+00
     21.248    10.4450   3.740849    33.8748        576     2.3958  0.000e+00
     21.259    10.4453   3.740934    33.8753        577     2.4000  0.000e+00
     21.268    10.4456   3.740979    33.8755        578     2.4042  0.000e+00
     21.279    10.4460   3.741025    33.8756        579     2.4083  0.000e+00
     21.282    10.4464   3.741051    33.8755        580     2.4125  0.000e+00
     21.282    10.4468   3.741025    33.8749        581     2.4167  0.000e+00
     21.272    10.4470   3.741116    33.8756        582     2.4208  0.000e+00
     21.246    10.4472   3.741116    33.8754        583     2.4250  0.000e+00
     21.213    10.4478   3.741116    33.8749        584     2.4292  0.000e+00
     21.168    10.4482   3.741096    33.8743        585     2.4333  0.000e+00
     21.114    10.4482   3.741051    33.8739        586     2.4375  0.000e+00
     21.058    10.4480   3.741005    33.8736        587     2.4417  0.000e+00
     20.994    10.4476   3.741070    33.8747        588     2.4458  0.000e+00
     20.933    10.4477   3.741142    33.8753        589     2.4500  0.000e+00
     20.869    10.4479   3.741025    33.8740        590     2.4542  0.000e+00
     20.801    10.4477   3.740953    33.8735        591     2.4583  0.000e+00
     20.743    10.4475   3.741096    33.8752        592     2.4625  0.000e+00
     20.685    10.4475   3.740940    33.8736        593     2.4667  0.000e+00
     20.639    10.4474   3.740953    33.8739        594     2.4708  0.000e+00
     20.601    10.4472   3.740790    33.8724        595     2.4750  0.000e+00
     20.565    10.4465   3.740784    33.8730        596     2.4792  0.000e+00
     20.545    10.4460   3.740842    33.8741        597     2.4833  0.000e+00
     20.514    10.4460   3.740784    33.8735        598     2.4875  0.000e+00
     20.493    10.4457   3.740771    33.8737        599     2.4917  0.000e+00
     20.486    10.4455   3.740771    33.8738        600     2.4958  0.000e+00
     20.475    10.4452   3.740628    33.8727        601     2.5000  0.000e+00
     20.457    10.4448   3.740608    33.8729        602     2.5042  0.000e+00
     20.448    10.4443   3.740654    33.8738        603     2.5083  0.000e+00
     20.428    10.4441   3.740654    33.8740        604     2.5125  0.000e+00
     20.413    10.4439   3.740790    33.8756        605     2.5167  0.000e+00
     20.399    10.4442   3.740816    33.8756        606     2.5208  0.000e+00
     20.373    10.4447   3.740829    33.8752        607     2.5250  0.000e+00
     20.353    10.4452   3.740771    33.8742        608     2.5292  0.000e+00
     20.322    10.4453   3.740725    33.8736        609     2.5333  0.000e+00
     20.288    10.4450   3.740654    33.8733        610     2.5375  0.000e+00
     20.255    10.4446   3.740790    33.8750        611     2.5417  0.000e+00
     20.206    10.4448   3.740849    33.8755        612     2.5458  0.000e+00
     20.155    10.4452   3.740907    33.8757        613     2.5500  0.000e+00
     20.101    10.4455   3.740634    33.8727        614     2.5542  0.000e+00
     20.032    10.4450   3.740628    33.8731        615     2.5583  0.000e+00
     19.973    10.4445   3.740680    33.8741        616     2.5625  0.000e+00
     19.893    10.4443   3.740816    33.8757        617     2.5667  0.000e+00
     19.819    10.4446   3.740829    33.8756        618     2.5708  0.000e+00
     19.748    10.4451   3.740888    33.8758        619     2.5750  0.000e+00
     19.670    10.4455   3.740634    33.8728        620     2.5792  0.000e+00
     19.597    10.4453   3.740673    33.8734        621     2.5833  0.000e+00
     19.527    10.4450   3.741024    33.8773        622     2.5875  0.000e+00
     19.456    10.4457   3.740979    33.8762        623     2.5917  0.000e+00
     19.389    10.4467   3.741115    33.8767        624     2.5958  0.000e+00
     19.329    10.4475   3.741232    33.8772        625     2.6000  0.000e+00
