HB2502/sbe024.cnv
* Sea-Bird SBE 19plus V2 Data File:
* FileName = C:\cruise\data\sbe024.hex
* Software Version Seasave V 7.26.7.121
* Temperature SN = 6128
* Conductivity SN = 6128
* System UpLoad Time = Mar 16 2025 06:19:46
* NMEA Latitude = 36 29.78 N
* NMEA Longitude = 075 39.64 W
* NMEA UTC (Time) = Mar 16 2025  06:18:30
** Ship: Henry Bigelow
** Cruise:  HB2502
** Program:  Spring Bottom Trawl
# nquan = 7
# nvalues = 1420                                  
# units = specified
# name 0 = depSM: Depth [salt water, m]
# name 1 = tv290C: Temperature [ITS-90, deg C]
# name 2 = c0S/m: Conductivity [S/m]
# name 3 = sal00: Salinity, Practical [PSU]
# name 4 = scan: Scan Count
# name 5 = timeM: Time, Elapsed [minutes]
# name 6 = flag:  0.000e+00
# span 0 =     -0.043,     17.272                 
# span 1 =     8.1802,    11.5840                 
# span 2 =   0.005473,   3.754303                 
# span 3 =     0.0365,    34.7919                 
# span 4 =         11,       1430                 
# span 5 =     0.0417,     5.9542                 
# span 6 = 0.0000e+00, 0.0000e+00                 
# interval = seconds: 0.25
# start_time = Mar 16 2025 06:18:30 [NMEA time, header]
# bad_flag = -9.990e-29
*END*
      0.166    11.5731   0.005482     0.0366         11     0.0417  0.000e+00
      0.169    11.5732   0.005488     0.0366         12     0.0458  0.000e+00
      0.166    11.5732   0.005485     0.0366         13     0.0500  0.000e+00
      0.166    11.5727   0.005482     0.0366         14     0.0542  0.000e+00
      0.165    11.5731   0.005488     0.0366         15     0.0583  0.000e+00
      0.165    11.5729   0.005485     0.0366         16     0.0625  0.000e+00
      0.167    11.5729   0.005488     0.0366         17     0.0667  0.000e+00
      0.165    11.5736   0.005482     0.0366         18     0.0708  0.000e+00
      0.164    11.5729   0.005485     0.0366         19     0.0750  0.000e+00
      0.160    11.5729   0.005482     0.0366         20     0.0792  0.000e+00
      0.161    11.5726   0.005488     0.0366         21     0.0833  0.000e+00
      0.160    11.5732   0.005485     0.0366         22     0.0875  0.000e+00
      0.155    11.5734   0.005482     0.0366         23     0.0917  0.000e+00
      0.158    11.5733   0.005482     0.0366         24     0.0958  0.000e+00
      0.155    11.5731   0.005485     0.0366         25     0.1000  0.000e+00
      0.155    11.5739   0.005488     0.0366         26     0.1042  0.000e+00
      0.157    11.5734   0.005482     0.0366         27     0.1083  0.000e+00
      0.154    11.5732   0.005485     0.0366         28     0.1125  0.000e+00
      0.150    11.5737   0.005488     0.0366         29     0.1167  0.000e+00
      0.152    11.5733   0.005482     0.0366         30     0.1208  0.000e+00
      0.150    11.5735   0.005485     0.0366         31     0.1250  0.000e+00
      0.153    11.5729   0.005482     0.0366         32     0.1292  0.000e+00
      0.153    11.5732   0.005482     0.0366         33     0.1333  0.000e+00
      0.155    11.5732   0.005479     0.0365         34     0.1375  0.000e+00
      0.159    11.5732   0.005482     0.0366         35     0.1417  0.000e+00
      0.153    11.5730   0.005476     0.0365         36     0.1458  0.000e+00
      0.148    11.5730   0.005485     0.0366         37     0.1500  0.000e+00
      0.148    11.5734   0.005488     0.0366         38     0.1542  0.000e+00
      0.148    11.5732   0.005488     0.0366         39     0.1583  0.000e+00
      0.148    11.5733   0.005485     0.0366         40     0.1625  0.000e+00
      0.154    11.5734   0.005482     0.0366         41     0.1667  0.000e+00
      0.154    11.5727   0.005482     0.0366         42     0.1708  0.000e+00
      0.148    11.5733   0.005488     0.0366         43     0.1750  0.000e+00
      0.150    11.5734   0.005494     0.0366         44     0.1792  0.000e+00
      0.150    11.5729   0.005476     0.0365         45     0.1833  0.000e+00
      0.148    11.5738   0.005485     0.0366         46     0.1875  0.000e+00
      0.144    11.5731   0.005488     0.0366         47     0.1917  0.000e+00
      0.146    11.5725   0.005482     0.0366         48     0.1958  0.000e+00
      0.146    11.5728   0.005479     0.0365         49     0.2000  0.000e+00
      0.146    11.5726   0.005488     0.0366         50     0.2042  0.000e+00
      0.146    11.5726   0.005488     0.0366         51     0.2083  0.000e+00
      0.143    11.5727   0.005488     0.0366         52     0.2125  0.000e+00
      0.143    11.5725   0.005482     0.0366         53     0.2167  0.000e+00
      0.144    11.5722   0.005482     0.0366         54     0.2208  0.000e+00
      0.144    11.5724   0.005488     0.0366         55     0.2250  0.000e+00
      0.143    11.5719   0.005476     0.0365         56     0.2292  0.000e+00
      0.143    11.5722   0.005476     0.0365         57     0.2333  0.000e+00
      0.147    11.5726   0.005485     0.0366         58     0.2375  0.000e+00
      0.139    11.5717   0.005482     0.0366         59     0.2417  0.000e+00
      0.141    11.5715   0.005494     0.0366         60     0.2458  0.000e+00
      0.139    11.5719   0.005485     0.0366         61     0.2500  0.000e+00
      0.136    11.5715   0.005476     0.0365         62     0.2542  0.000e+00
      0.143    11.5716   0.005488     0.0366         63     0.2583  0.000e+00
      0.139    11.5717   0.005479     0.0365         64     0.2625  0.000e+00
      0.143    11.5716   0.005482     0.0366         65     0.2667  0.000e+00
      0.136    11.5714   0.005482     0.0366         66     0.2708  0.000e+00
      0.138    11.5715   0.005485     0.0366         67     0.2750  0.000e+00
      0.141    11.5717   0.005488     0.0366         68     0.2792  0.000e+00
      0.141    11.5713   0.005488     0.0366         69     0.2833  0.000e+00
      0.138    11.5714   0.005488     0.0366         70     0.2875  0.000e+00
      0.139    11.5706   0.005488     0.0366         71     0.2917  0.000e+00
      0.141    11.5707   0.005488     0.0366         72     0.2958  0.000e+00
      0.139    11.5708   0.005479     0.0365         73     0.3000  0.000e+00
      0.136    11.5709   0.005482     0.0366         74     0.3042  0.000e+00
      0.138    11.5702   0.005476     0.0365         75     0.3083  0.000e+00
      0.132    11.5703   0.005488     0.0366         76     0.3125  0.000e+00
      0.136    11.5701   0.005488     0.0366         77     0.3167  0.000e+00
      0.138    11.5698   0.005482     0.0366         78     0.3208  0.000e+00
      0.136    11.5699   0.005488     0.0366         79     0.3250  0.000e+00
      0.136    11.5703   0.005482     0.0366         80     0.3292  0.000e+00
      0.135    11.5704   0.005482     0.0366         81     0.3333  0.000e+00
      0.134    11.5694   0.005479     0.0365         82     0.3375  0.000e+00
      0.132    11.5693   0.005494     0.0366         83     0.3417  0.000e+00
      0.136    11.5695   0.005488     0.0366         84     0.3458  0.000e+00
      0.138    11.5696   0.005485     0.0366         85     0.3500  0.000e+00
      0.134    11.5689   0.005488     0.0366         86     0.3542  0.000e+00
      0.136    11.5689   0.005482     0.0366         87     0.3583  0.000e+00
      0.136    11.5693   0.005488     0.0366         88     0.3625  0.000e+00
      0.134    11.5687   0.005500     0.0367         89     0.3667  0.000e+00
      0.134    11.5688   0.005482     0.0366         90     0.3708  0.000e+00
      0.140    11.5686   0.005488     0.0366         91     0.3750  0.000e+00
      0.135    11.5684   0.005482     0.0366         92     0.3792  0.000e+00
      0.136    11.5682   0.005482     0.0366         93     0.3833  0.000e+00
      0.133    11.5683   0.005485     0.0366         94     0.3875  0.000e+00
      0.129    11.5683   0.005488     0.0366         95     0.3917  0.000e+00
      0.135    11.5675   0.005488     0.0366         96     0.3958  0.000e+00
      0.133    11.5676   0.005479     0.0365         97     0.4000  0.000e+00
      0.135    11.5671   0.005482     0.0366         98     0.4042  0.000e+00
      0.131    11.5671   0.005482     0.0366         99     0.4083  0.000e+00
      0.131    11.5672   0.005485     0.0366        100     0.4125  0.000e+00
      0.129    11.5670   0.005494     0.0366        101     0.4167  0.000e+00
      0.127    11.5668   0.005488     0.0366        102     0.4208  0.000e+00
      0.129    11.5668   0.005479     0.0365        103     0.4250  0.000e+00
      0.124    11.5666   0.005488     0.0366        104     0.4292  0.000e+00
      0.127    11.5671   0.005482     0.0366        105     0.4333  0.000e+00
      0.129    11.5663   0.005485     0.0366        106     0.4375  0.000e+00
      0.129    11.5661   0.005482     0.0366        107     0.4417  0.000e+00
      0.133    11.5663   0.005482     0.0366        108     0.4458  0.000e+00
      0.130    11.5657   0.005488     0.0366        109     0.4500  0.000e+00
      0.136    11.5657   0.005482     0.0366        110     0.4542  0.000e+00
      0.132    11.5652   0.005482     0.0366        111     0.4583  0.000e+00
      0.132    11.5649   0.005479     0.0365        112     0.4625  0.000e+00
      0.129    11.5655   0.005482     0.0366        113     0.4667  0.000e+00
      0.127    11.5647   0.005488     0.0366        114     0.4708  0.000e+00
      0.133    11.5651   0.005485     0.0366        115     0.4750  0.000e+00
      0.133    11.5648   0.005482     0.0366        116     0.4792  0.000e+00
      0.129    11.5647   0.005488     0.0366        117     0.4833  0.000e+00
      0.124    11.5642   0.005479     0.0365        118     0.4875  0.000e+00
      0.127    11.5646   0.005476     0.0365        119     0.4917  0.000e+00
      0.131    11.5641   0.005485     0.0366        120     0.4958  0.000e+00
      0.129    11.5638   0.005482     0.0366        121     0.5000  0.000e+00
      0.127    11.5636   0.005482     0.0366        122     0.5042  0.000e+00
      0.134    11.5640   0.005479     0.0365        123     0.5083  0.000e+00
      0.127    11.5632   0.005476     0.0365        124     0.5125  0.000e+00
      0.127    11.5635   0.005476     0.0365        125     0.5167  0.000e+00
      0.125    11.5632   0.005485     0.0366        126     0.5208  0.000e+00
      0.134    11.5636   0.005476     0.0365        127     0.5250  0.000e+00
      0.133    11.5630   0.005482     0.0366        128     0.5292  0.000e+00
      0.135    11.5632   0.005485     0.0366        129     0.5333  0.000e+00
      0.131    11.5631   0.005488     0.0366        130     0.5375  0.000e+00
      0.131    11.5625   0.005482     0.0366        131     0.5417  0.000e+00
      0.129    11.5625   0.005479     0.0365        132     0.5458  0.000e+00
      0.131    11.5625   0.005482     0.0366        133     0.5500  0.000e+00
      0.131    11.5618   0.005476     0.0365        134     0.5542  0.000e+00
      0.133    11.5617   0.005485     0.0366        135     0.5583  0.000e+00
      0.133    11.5624   0.005476     0.0365        136     0.5625  0.000e+00
      0.131    11.5620   0.005482     0.0366        137     0.5667  0.000e+00
      0.133    11.5618   0.005473     0.0365        138     0.5708  0.000e+00
      0.129    11.5621   0.005482     0.0366        139     0.5750  0.000e+00
      0.133    11.5617   0.005482     0.0366        140     0.5792  0.000e+00
      0.135    11.5615   0.005473     0.0365        141     0.5833  0.000e+00
      0.131    11.5609   0.005482     0.0366        142     0.5875  0.000e+00
      0.130    11.5617   0.005476     0.0365        143     0.5917  0.000e+00
      0.128    11.5612   0.005479     0.0365        144     0.5958  0.000e+00
      0.262    11.5634   0.882538     6.8039        145     0.6000  0.000e+00
      0.486    11.5600   0.798940     6.1142        146     0.6042  0.000e+00
      0.721    11.5494   1.574373    12.7213        147     0.6083  0.000e+00
      0.960    11.5331   2.545486    21.4989        148     0.6125  0.000e+00
      1.168    11.5365   1.330159    10.6002        149     0.6167  0.000e+00
      1.277    11.5840   2.171635    18.0413        150     0.6208  0.000e+00
      1.313    11.5611   1.806798    14.7709        151     0.6250  0.000e+00
      1.267    11.5021   2.488167    20.9858        152     0.6292  0.000e+00
      1.209    11.4750   3.591550    31.4862        153     0.6333  0.000e+00
      1.164    11.4530   3.678830    32.3571        154     0.6375  0.000e+00
      1.161    11.4126   3.704125    32.6405        155     0.6417  0.000e+00
      1.179    11.3592   3.700672    32.6538        156     0.6458  0.000e+00
      1.193    11.3044   3.706615    32.7607        157     0.6500  0.000e+00
      1.195    11.2625   3.723318    32.9626        158     0.6542  0.000e+00
      1.179    11.2292   3.719228    32.9520        159     0.6583  0.000e+00
      1.161    11.2039   3.722098    33.0030        160     0.6625  0.000e+00
      1.136    11.1473   3.724651    33.0790        161     0.6667  0.000e+00
      1.112    11.0165   3.740295    33.3524        162     0.6708  0.000e+00
      1.089    10.8961   3.723570    33.2955        163     0.6750  0.000e+00
      1.072    10.8288   3.740922    33.5299        164     0.6792  0.000e+00
      1.067    10.8105   3.751737    33.6547        165     0.6833  0.000e+00
      1.093    10.8055   3.740330    33.5453        166     0.6875  0.000e+00
      1.152    10.8269   3.728385    33.4065        167     0.6917  0.000e+00
      1.239    10.8733   3.721505    33.2956        168     0.6958  0.000e+00
      1.327    10.8982   3.719524    33.2532        169     0.7000  0.000e+00
      1.394    10.8989   3.735834    33.4149        170     0.7042  0.000e+00
      1.436    10.8940   3.750440    33.5649        171     0.7083  0.000e+00
      1.444    10.8899   3.754303    33.6071        172     0.7125  0.000e+00
      1.414    10.8165   3.740642    33.5382        173     0.7167  0.000e+00
      1.355    10.6179   3.711228    33.4260        174     0.7208  0.000e+00
      1.298    10.3374   3.682425    33.3939        175     0.7250  0.000e+00
      1.262    10.0429   3.657090    33.4090        176     0.7292  0.000e+00
      1.253     9.7914   3.631375    33.3796        177     0.7333  0.000e+00
      1.270     9.5723   3.601777    33.2795        178     0.7375  0.000e+00
      1.284     9.3824   3.573929    33.1690        179     0.7417  0.000e+00
      1.296     9.2001   3.559784    33.1922        180     0.7458  0.000e+00
      1.307     9.0440   3.560532    33.3457        181     0.7500  0.000e+00
      1.334     8.9254   3.590857    33.7742        182     0.7542  0.000e+00
      1.403     8.8568   3.639009    34.3449        183     0.7583  0.000e+00
      1.507     8.8128   3.665446    34.6657        184     0.7625  0.000e+00
      1.650     8.8514   3.681040    34.7919        185     0.7667  0.000e+00
      1.816     9.0159   3.684989    34.6723        186     0.7708  0.000e+00
      1.984     9.2240   3.686785    34.4888        187     0.7750  0.000e+00
      2.143     9.4263   3.687235    34.2984        188     0.7792  0.000e+00
      2.292     9.5743   3.683230    34.1156        189     0.7833  0.000e+00
      2.420     9.6721   3.664372    33.8289        190     0.7875  0.000e+00
      2.533     9.7215   3.636400    33.4955        191     0.7917  0.000e+00
      2.638     9.7303   3.628046    33.4017        192     0.7958  0.000e+00
      2.734     9.6979   3.631775    33.4700        193     0.8000  0.000e+00
      2.822     9.6310   3.653982    33.7606        194     0.8042  0.000e+00
      2.919     9.5826   3.667968    33.9502        195     0.8083  0.000e+00
      3.009     9.5547   3.676068    34.0601        196     0.8125  0.000e+00
      3.086     9.5950   3.675408    34.0150        197     0.8167  0.000e+00
      3.158     9.7072   3.675472    33.9095        198     0.8208  0.000e+00
      3.221     9.8183   3.676646    33.8169        199     0.8250  0.000e+00
      3.288     9.9082   3.677169    33.7379        200     0.8292  0.000e+00
      3.363     9.9783   3.677375    33.6745        201     0.8333  0.000e+00
      3.457    10.0376   3.676670    33.6120        202     0.8375  0.000e+00
      3.564    10.0920   3.676262    33.5572        203     0.8417  0.000e+00
      3.686    10.1373   3.674678    33.4991        204     0.8458  0.000e+00
      3.819    10.1723   3.673522    33.4550        205     0.8500  0.000e+00
      3.948    10.2012   3.673476    33.4278        206     0.8542  0.000e+00
      4.076    10.2255   3.675265    33.4234        207     0.8583  0.000e+00
      4.196    10.2452   3.676829    33.4210        208     0.8625  0.000e+00
      4.317    10.2605   3.673967    33.3779        209     0.8667  0.000e+00
      4.426    10.2730   3.671305    33.3395        210     0.8708  0.000e+00
      4.540    10.2809   3.669859    33.3175        211     0.8750  0.000e+00
      4.640    10.2616   3.666650    33.3028        212     0.8792  0.000e+00
      4.697    10.1196   3.632395    33.0863        213     0.8833  0.000e+00
      4.708     9.8779   3.566612    32.6384        214     0.8875  0.000e+00
      4.660     9.5846   3.513675    32.3634        215     0.8917  0.000e+00
