HB2502/sbe011.cnv
* Sea-Bird SBE 19plus V2 Data File:
* FileName = C:\cruise\data\sbe011.hex
* Software Version Seasave V 7.26.7.121
* Temperature SN = 6128
* Conductivity SN = 6128
* System UpLoad Time = Mar 11 2025 07:00:04
* NMEA Latitude = 37 49.79 N
* NMEA Longitude = 074 38.98 W
* NMEA UTC (Time) = Mar 11 2025  06:58:44
** Ship: Henry Bigelow
** Cruise:  HB2502
** Program:  Spring Bottom Trawl
# nquan = 7
# nvalues = 1215                                  
# units = specified
# name 0 = depSM: Depth [salt water, m]
# name 1 = tv290C: Temperature [ITS-90, deg C]
# name 2 = c0S/m: Conductivity [S/m]
# name 3 = sal00: Salinity, Practical [PSU]
# name 4 = scan: Scan Count
# name 5 = timeM: Time, Elapsed [minutes]
# name 6 = flag:  0.000e+00
# span 0 =     -0.013,     43.192                 
# span 1 =     8.2077,     9.6310                 
# span 2 =  -0.070862,   3.684718                 
# span 3 =     0.0000,    34.0705                 
# span 4 =         11,       1225                 
# span 5 =     0.0417,     5.1000                 
# span 6 = 0.0000e+00, 0.0000e+00                 
# interval = seconds: 0.25
# start_time = Mar 11 2025 06:58:44 [NMEA time, header]
# bad_flag = -9.990e-29
*END*
[from data line 821]
     16.303     8.6045   3.538088    33.5184        832     3.4625  0.000e+00
     16.250     8.6045   3.538088    33.5184        833     3.4667  0.000e+00
     16.198     8.6045   3.538062    33.5182        834     3.4708  0.000e+00
     16.149     8.6045   3.538024    33.5178        835     3.4750  0.000e+00
     16.102     8.6046   3.537986    33.5173        836     3.4792  0.000e+00
     16.051     8.6046   3.537980    33.5173        837     3.4833  0.000e+00
     16.002     8.6045   3.538043    33.5181        838     3.4875  0.000e+00
     15.957     8.6049   3.538062    33.5179        839     3.4917  0.000e+00
     15.908     8.6055   3.538062    33.5174        840     3.4958  0.000e+00
     15.861     8.6058   3.538062    33.5171        841     3.5000  0.000e+00
     15.815     8.6059   3.538088    33.5173        842     3.5042  0.000e+00
     15.771     8.6062   3.538062    33.5168        843     3.5083  0.000e+00
     15.729     8.6064   3.538056    33.5165        844     3.5125  0.000e+00
     15.685     8.6067   3.538062    33.5164        845     3.5167  0.000e+00
     15.641     8.6067   3.538024    33.5160        846     3.5208  0.000e+00
     15.601     8.6067   3.538062    33.5164        847     3.5250  0.000e+00
     15.563     8.6067   3.538088    33.5166        848     3.5292  0.000e+00
     15.516     8.6067   3.538062    33.5165        849     3.5333  0.000e+00
     15.480     8.6067   3.538062    33.5165        850     3.5375  0.000e+00
     15.432     8.6068   3.538088    33.5166        851     3.5417  0.000e+00
     15.390     8.6068   3.538075    33.5165        852     3.5458  0.000e+00
     15.350     8.6068   3.538062    33.5164        853     3.5500  0.000e+00
     15.297     8.6068   3.538043    33.5162        854     3.5542  0.000e+00
     15.252     8.6071   3.538043    33.5160        855     3.5583  0.000e+00
     15.201     8.6075   3.538024    33.5154        856     3.5625  0.000e+00
     15.158     8.6076   3.538043    33.5156        857     3.5667  0.000e+00
     15.120     8.6078   3.538043    33.5154        858     3.5708  0.000e+00
     15.072     8.6079   3.537979    33.5147        859     3.5750  0.000e+00
     15.027     8.6079   3.537916    33.5140        860     3.5792  0.000e+00
     14.980     8.6079   3.537909    33.5140        861     3.5833  0.000e+00
     14.938     8.6077   3.538132    33.5164        862     3.5875  0.000e+00
     14.889     8.6088   3.538953    33.5242        863     3.5917  0.000e+00
     14.846     8.6125   3.538972    33.5208        864     3.5958  0.000e+00
     14.805     8.6157   3.538495    33.5128        865     3.6000  0.000e+00
     14.763     8.6165   3.538927    33.5166        866     3.6042  0.000e+00
     14.720     8.6173   3.539144    33.5181        867     3.6083  0.000e+00
     14.678     8.6190   3.539239    33.5175        868     3.6125  0.000e+00
     14.635     8.6210   3.538781    33.5108        869     3.6167  0.000e+00
     14.588     8.6206   3.538953    33.5131        870     3.6208  0.000e+00
     14.548     8.6206   3.540385    33.5282        871     3.6250  0.000e+00
     14.499     8.6246   3.540709    33.5278        872     3.6292  0.000e+00
     14.458     8.6307   3.541486    33.5302        873     3.6333  0.000e+00
     14.418     8.6372   3.541511    33.5243        874     3.6375  0.000e+00
     14.373     8.6425   3.540945    33.5133        875     3.6417  0.000e+00
     14.329     8.6439   3.541066    33.5133        876     3.6458  0.000e+00
     14.288     8.6445   3.540925    33.5113        877     3.6500  0.000e+00
     14.256     8.6445   3.540881    33.5109        878     3.6542  0.000e+00
     14.221     8.6438   3.541295    33.5159        879     3.6583  0.000e+00
     14.189     8.6448   3.541403    33.5160        880     3.6625  0.000e+00
     14.159     8.6464   3.541899    33.5198        881     3.6667  0.000e+00
     14.121     8.6489   3.541657    33.5149        882     3.6708  0.000e+00
     14.082     8.6505   3.541791    33.5148        883     3.6750  0.000e+00
     14.040     8.6518   3.542205    33.5179        884     3.6792  0.000e+00
     14.000     8.6540   3.542708    33.5211        885     3.6833  0.000e+00
     13.951     8.6576   3.542682    33.5175        886     3.6875  0.000e+00
     13.908     8.6603   3.542810    33.5163        887     3.6917  0.000e+00
     13.863     8.6620   3.543701    33.5240        888     3.6958  0.000e+00
     13.816     8.6654   3.543395    33.5177        889     3.7000  0.000e+00
     13.760     8.6684   3.544287    33.5242        890     3.7042  0.000e+00
     13.704     8.6723   3.543739    33.5148        891     3.7083  0.000e+00
     13.649     8.6744   3.543007    33.5051        892     3.7125  0.000e+00
     13.586     8.6722   3.543962    33.5173        893     3.7167  0.000e+00
     13.521     8.6732   3.544178    33.5186        894     3.7208  0.000e+00
     13.457     8.6760   3.542440    33.4978        895     3.7250  0.000e+00
     13.397     8.6715   3.542548    33.5032        896     3.7292  0.000e+00
     13.335     8.6678   3.542593    33.5071        897     3.7333  0.000e+00
     13.275     8.6659   3.543287    33.5163        898     3.7375  0.000e+00
     13.226     8.6668   3.544720    33.5305        899     3.7417  0.000e+00
     13.179     8.6727   3.544261    33.5201        900     3.7458  0.000e+00
     13.145     8.6772   3.544548    33.5189        901     3.7500  0.000e+00
     13.107     8.6795   3.544783    33.5192        902     3.7542  0.000e+00
     13.073     8.6820   3.544044    33.5091        903     3.7583  0.000e+00
     13.038     8.6816   3.543656    33.5054        904     3.7625  0.000e+00
     13.009     8.6792   3.543503    33.5060        905     3.7667  0.000e+00
     12.973     8.6769   3.543981    33.5133        906     3.7708  0.000e+00
     12.944     8.6768   3.544197    33.5157        907     3.7750  0.000e+00
     12.903     8.6776   3.544586    33.5191        908     3.7792  0.000e+00
     12.865     8.6798   3.544477    33.5158        909     3.7833  0.000e+00
     12.831     8.6813   3.544395    33.5136        910     3.7875  0.000e+00
     12.798     8.6820   3.544235    33.5112        911     3.7917  0.000e+00
     12.757     8.6816   3.544242    33.5117        912     3.7958  0.000e+00
     12.715     8.6812   3.544350    33.5132        913     3.8000  0.000e+00
     12.672     8.6816   3.544286    33.5122        914     3.8042  0.000e+00
     12.623     8.6812   3.544458    33.5144        915     3.8083  0.000e+00
     12.578     8.6816   3.544089    33.5101        916     3.8125  0.000e+00
     12.531     8.6810   3.544261    33.5125        917     3.8167  0.000e+00
     12.480     8.6807   3.543961    33.5097        918     3.8208  0.000e+00
     12.433     8.6798   3.543286    33.5035        919     3.8250  0.000e+00
     12.391     8.6770   3.543153    33.5047        920     3.8292  0.000e+00
     12.346     8.6737   3.543388    33.5104        921     3.8333  0.000e+00
     12.301     8.6726   3.543917    33.5170        922     3.8375  0.000e+00
     12.260     8.6739   3.543503    33.5115        923     3.8417  0.000e+00
     12.218     8.6733   3.541873    33.4949        924     3.8458  0.000e+00
     12.175     8.6675   3.542376    33.5057        925     3.8500  0.000e+00
     12.126     8.6633   3.542312    33.5090        926     3.8542  0.000e+00
     12.086     8.6617   3.542854    33.5162        927     3.8583  0.000e+00
     12.037     8.6622   3.541510    33.5017        928     3.8625  0.000e+00
     11.980     8.6589   3.541930    33.5093        929     3.8667  0.000e+00
     11.935     8.6559   3.542223    33.5152        930     3.8708  0.000e+00
     11.881     8.6562   3.542873    33.5218        931     3.8750  0.000e+00
     11.825     8.6590   3.543828    33.5292        932     3.8792  0.000e+00
     11.765     8.6645   3.543044    33.5158        933     3.8833  0.000e+00
     11.704     8.6670   3.542745    33.5103        934     3.8875  0.000e+00
     11.637     8.6669   3.546522    33.5502        935     3.8917  0.000e+00
     11.568     8.6781   3.547974    33.5548        936     3.8958  0.000e+00
     11.496     8.6931   3.548260    33.5436        937     3.9000  0.000e+00
     11.427     8.7055   3.548279    33.5321        938     3.9042  0.000e+00
     11.360     8.7140   3.548298    33.5243        939     3.9083  0.000e+00
     11.279     8.7187   3.548368    33.5206        940     3.9125  0.000e+00
     11.219     8.7217   3.548407    33.5182        941     3.9167  0.000e+00
     11.156     8.7236   3.548585    33.5183        942     3.9208  0.000e+00
     11.100     8.7252   3.548515    33.5160        943     3.9250  0.000e+00
     11.054     8.7262   3.548215    33.5119        944     3.9292  0.000e+00
     11.020     8.7256   3.547890    33.5091        945     3.9333  0.000e+00
     10.989     8.7238   3.547973    33.5118        946     3.9375  0.000e+00
     10.966     8.7228   3.548037    33.5134        947     3.9417  0.000e+00
     10.937     8.7224   3.548075    33.5142        948     3.9458  0.000e+00
     10.919     8.7223   3.548018    33.5136        949     3.9500  0.000e+00
     10.892     8.7221   3.547973    33.5134        950     3.9542  0.000e+00
     10.869     8.7217   3.547846    33.5125        951     3.9583  0.000e+00
     10.838     8.7211   3.547757    33.5121        952     3.9625  0.000e+00
     10.811     8.7202   3.547776    33.5131        953     3.9667  0.000e+00
     10.775     8.7197   3.547890    33.5148        954     3.9708  0.000e+00
     10.733     8.7198   3.547929    33.5152        955     3.9750  0.000e+00
     10.688     8.7204   3.548081    33.5163        956     3.9792  0.000e+00
     10.635     8.7208   3.548107    33.5161        957     3.9833  0.000e+00
     10.576     8.7216   3.548145    33.5159        958     3.9875  0.000e+00
     10.507     8.7221   3.548171    33.5156        959     3.9917  0.000e+00
     10.435     8.7226   3.548323    33.5168        960     3.9958  0.000e+00
     10.357     8.7234   3.548298    33.5158        961     4.0000  0.000e+00
     10.290     8.7239   3.548215    33.5145        962     4.0042  0.000e+00
     10.210     8.7241   3.548107    33.5132        963     4.0083  0.000e+00
     10.129     8.7238   3.548126    33.5138        964     4.0125  0.000e+00
     10.053     8.7235   3.548170    33.5145        965     4.0167  0.000e+00
      9.981     8.7234   3.548145    33.5144        966     4.0208  0.000e+00
      9.921     8.7234   3.548260    33.5156        967     4.0250  0.000e+00
      9.856     8.7238   3.548145    33.5141        968     4.0292  0.000e+00
      9.804     8.7236   3.547928    33.5120        969     4.0333  0.000e+00
      9.755     8.7228   3.547973    33.5133        970     4.0375  0.000e+00
      9.713     8.7222   3.547909    33.5132        971     4.0417  0.000e+00
      9.675     8.7217   3.547712    33.5116        972     4.0458  0.000e+00
      9.634     8.7207   3.547820    33.5137        973     4.0500  0.000e+00
      9.602     8.7202   3.547775    33.5137        974     4.0542  0.000e+00
      9.565     8.7201   3.547559    33.5116        975     4.0583  0.000e+00
      9.541     8.7193   3.547559    33.5123        976     4.0625  0.000e+00
      9.520     8.7183   3.547450    33.5121        977     4.0667  0.000e+00
      9.498     8.7177   3.547368    33.5118        978     4.0708  0.000e+00
      9.476     8.7171   3.547667    33.5156        979     4.0750  0.000e+00
      9.452     8.7171   3.547864    33.5176        980     4.0792  0.000e+00
      9.423     8.7183   3.547954    33.5175        981     4.0833  0.000e+00
      9.387     8.7194   3.547648    33.5132        982     4.0875  0.000e+00
      9.351     8.7193   3.547476    33.5115        983     4.0917  0.000e+00
      9.311     8.7184   3.547215    33.5097        984     4.0958  0.000e+00
      9.266     8.7166   3.547215    33.5113        985     4.1000  0.000e+00
      9.213     8.7154   3.547431    33.5148        986     4.1042  0.000e+00
      9.158     8.7152   3.547170    33.5123        987     4.1083  0.000e+00
      9.098     8.7148   3.547138    33.5124        988     4.1125  0.000e+00
      9.040     8.7138   3.547151    33.5135        989     4.1167  0.000e+00
      8.975     8.7133   3.547215    33.5147        990     4.1208  0.000e+00
      8.908     8.7134   3.547151    33.5140        991     4.1250  0.000e+00
      8.835     8.7133   3.547234    33.5149        992     4.1292  0.000e+00
      8.765     8.7134   3.547125    33.5137        993     4.1333  0.000e+00
      8.689     8.7132   3.547234    33.5150        994     4.1375  0.000e+00
      8.622     8.7131   3.546603    33.5086        995     4.1417  0.000e+00
      8.557     8.7116   3.546819    33.5123        996     4.1458  0.000e+00
      8.499     8.7107   3.547590    33.5213        997     4.1500  0.000e+00
      8.447     8.7126   3.547711    33.5207        998     4.1542  0.000e+00
      8.394     8.7151   3.547692    33.5182        999     4.1583  0.000e+00
      8.351     8.7168   3.547756    33.5173       1000     4.1625  0.000e+00
      8.311     8.7180   3.547775    33.5164       1001     4.1667  0.000e+00
      8.275     8.7190   3.547928    33.5171       1002     4.1708  0.000e+00
      8.236     8.7198   3.547928    33.5164       1003     4.1750  0.000e+00
      8.197     8.7207   3.548081    33.5171       1004     4.1792  0.000e+00
      8.159     8.7214   3.548017    33.5158       1005     4.1833  0.000e+00
      8.121     8.7220   3.548017    33.5152       1006     4.1875  0.000e+00
      8.091     8.7223   3.547756    33.5122       1007     4.1917  0.000e+00
      8.059     8.7216   3.547800    33.5134       1008     4.1958  0.000e+00
      8.016     8.7208   3.547909    33.5152       1009     4.2000  0.000e+00
      7.974     8.7210   3.547864    33.5147       1010     4.2042  0.000e+00
      7.927     8.7210   3.547775    33.5138       1011     4.2083  0.000e+00
      7.885     8.7208   3.547711    33.5132       1012     4.2125  0.000e+00
      7.849     8.7203   3.547558    33.5122       1013     4.2167  0.000e+00
      7.797     8.7195   3.547647    33.5139       1014     4.2208  0.000e+00
      7.759     8.7189   3.547628    33.5143       1015     4.2250  0.000e+00
      7.728     8.7189   3.547628    33.5143       1016     4.2292  0.000e+00
      7.694     8.7187   3.547526    33.5134       1017     4.2333  0.000e+00
      7.668     8.7183   3.547558    33.5141       1018     4.2375  0.000e+00
      7.628     8.7180   3.547494    33.5137       1019     4.2417  0.000e+00
      7.594     8.7180   3.547475    33.5136       1020     4.2458  0.000e+00
      7.561     8.7174   3.547450    33.5139       1021     4.2500  0.000e+00
      7.523     8.7169   3.547475    33.5146       1022     4.2542  0.000e+00
      7.480     8.7166   3.547411    33.5142       1023     4.2583  0.000e+00
      7.439     8.7164   3.547450    33.5149       1024     4.2625  0.000e+00
      7.388     8.7164   3.547450    33.5150       1025     4.2667  0.000e+00
      7.341     8.7165   3.547475    33.5151       1026     4.2708  0.000e+00
      7.292     8.7165   3.547475    33.5151       1027     4.2750  0.000e+00
      7.236     8.7164   3.547558    33.5161       1028     4.2792  0.000e+00
      7.175     8.7168   3.547602    33.5162       1029     4.2833  0.000e+00
      7.119     8.7173   3.547628    33.5161       1030     4.2875  0.000e+00
      7.061     8.7177   3.547602    33.5155       1031     4.2917  0.000e+00
      7.001     8.7180   3.547647    33.5157       1032     4.2958  0.000e+00
      6.938     8.7183   3.547539    33.5143       1033     4.3000  0.000e+00
      6.878     8.7180   3.547558    33.5148       1034     4.3042  0.000e+00
      6.814     8.7180   3.547558    33.5148       1035     4.3083  0.000e+00
