HB2502/sbe050.cnv
* Sea-Bird SBE 19plus V2 Data File:
* FileName = C:\cruise\data\sbe050.hex
* Software Version Seasave V 7.26.7.121
* Temperature SN = 6128
* Conductivity SN = 6128
* System UpLoad Time = Apr 02 2025 15:53:53
* NMEA Latitude = 40 43.34 N
* NMEA Longitude = 071 16.18 W
* NMEA UTC (Time) = Apr 02 2025  15:52:55
** Ship: Henry Bigelow
** Cruise:  HB2502
** Program:  Spring Bottom Trawl
# nquan = 7
# nvalues = 1324                                  
# units = specified
# name 0 = depSM: Depth [salt water, m]
# name 1 = tv290C: Temperature [ITS-90, deg C]
# name 2 = c0S/m: Conductivity [S/m]
# name 3 = sal00: Salinity, Practical [PSU]
# name 4 = scan: Scan Count
# name 5 = timeM: Time, Elapsed [minutes]
# name 6 = flag:  0.000e+00
# span 0 =      0.223,     52.241                 
# span 1 =     5.0694,     6.0877                 
# span 2 =   0.003692,   3.247983                 
# span 3 =     0.0272,    33.0521                 
# span 4 =          1,       1324                 
# span 5 =     0.0000,     5.5125                 
# span 6 = 0.0000e+00, 0.0000e+00                 
# interval = seconds: 0.25
# start_time = Apr 02 2025 15:52:55 [NMEA time, header]
# bad_flag = -9.990e-29
*END*
[from data line 1026]
     15.364     6.0321   3.243799    32.7895       1027     4.2750  0.000e+00
     15.303     6.0324   3.243818    32.7895       1028     4.2792  0.000e+00
     15.240     6.0329   3.243879    32.7897       1029     4.2833  0.000e+00
     15.171     6.0332   3.243922    32.7899       1030     4.2875  0.000e+00
     15.109     6.0335   3.243977    32.7903       1031     4.2917  0.000e+00
     15.055     6.0341   3.244088    32.7910       1032     4.2958  0.000e+00
     15.004     6.0349   3.243983    32.7890       1033     4.3000  0.000e+00
     14.955     6.0352   3.244026    32.7892       1034     4.3042  0.000e+00
     14.908     6.0353   3.243983    32.7887       1035     4.3083  0.000e+00
     14.861     6.0352   3.243965    32.7886       1036     4.3125  0.000e+00
     14.816     6.0353   3.243977    32.7887       1037     4.3167  0.000e+00
     14.774     6.0352   3.243965    32.7886       1038     4.3208  0.000e+00
     14.738     6.0352   3.244008    32.7892       1039     4.3250  0.000e+00
     14.691     6.0352   3.244008    32.7892       1040     4.3292  0.000e+00
     14.651     6.0354   3.243940    32.7882       1041     4.3333  0.000e+00
     14.604     6.0353   3.243903    32.7879       1042     4.3375  0.000e+00
     14.555     6.0351   3.243879    32.7879       1043     4.3417  0.000e+00
     14.501     6.0348   3.243879    32.7882       1044     4.3458  0.000e+00
     14.448     6.0345   3.243860    32.7883       1045     4.3500  0.000e+00
     14.389     6.0344   3.243842    32.7883       1046     4.3542  0.000e+00
     14.330     6.0344   3.243903    32.7890       1047     4.3583  0.000e+00
     14.263     6.0343   3.243756    32.7874       1048     4.3625  0.000e+00
     14.192     6.0342   3.243676    32.7867       1049     4.3667  0.000e+00
     14.129     6.0334   3.243583    32.7865       1050     4.3708  0.000e+00
     14.062     6.0327   3.243694    32.7884       1051     4.3750  0.000e+00
     13.998     6.0323   3.243799    32.7900       1052     4.3792  0.000e+00
     13.939     6.0326   3.243879    32.7907       1053     4.3833  0.000e+00
     13.881     6.0334   3.243903    32.7902       1054     4.3875  0.000e+00
     13.818     6.0339   3.243922    32.7899       1055     4.3917  0.000e+00
     13.763     6.0344   3.244014    32.7904       1056     4.3958  0.000e+00
     13.710     6.0350   3.244026    32.7900       1057     4.4000  0.000e+00
     13.667     6.0356   3.244149    32.7909       1058     4.4042  0.000e+00
     13.624     6.0363   3.244106    32.7898       1059     4.4083  0.000e+00
     13.588     6.0368   3.244106    32.7893       1060     4.4125  0.000e+00
     13.555     6.0371   3.244106    32.7890       1061     4.4167  0.000e+00
     13.523     6.0370   3.244192    32.7901       1062     4.4208  0.000e+00
     13.483     6.0374   3.244131    32.7890       1063     4.4250  0.000e+00
     13.436     6.0376   3.244044    32.7878       1064     4.4292  0.000e+00
     13.387     6.0375   3.244229    32.7901       1065     4.4333  0.000e+00
     13.326     6.0379   3.244106    32.7884       1066     4.4375  0.000e+00
     13.259     6.0377   3.244106    32.7886       1067     4.4417  0.000e+00
     13.185     6.0378   3.244210    32.7897       1068     4.4458  0.000e+00
     13.096     6.0381   3.244463    32.7923       1069     4.4500  0.000e+00
     13.006     6.0392   3.244130    32.7875       1070     4.4542  0.000e+00
     12.907     6.0393   3.243940    32.7853       1071     4.4583  0.000e+00
     12.797     6.0381   3.244130    32.7887       1072     4.4625  0.000e+00
     12.692     6.0381   3.244229    32.7898       1073     4.4667  0.000e+00
     12.591     6.0384   3.244352    32.7909       1074     4.4708  0.000e+00
     12.500     6.0391   3.244210    32.7887       1075     4.4750  0.000e+00
     12.422     6.0391   3.244044    32.7869       1076     4.4792  0.000e+00
     12.375     6.0385   3.243983    32.7868       1077     4.4833  0.000e+00
     12.337     6.0378   3.244007    32.7878       1078     4.4875  0.000e+00
     12.322     6.0375   3.244044    32.7885       1079     4.4917  0.000e+00
     12.313     6.0374   3.244210    32.7905       1080     4.4958  0.000e+00
     12.315     6.0378   3.244272    32.7908       1081     4.5000  0.000e+00
     12.315     6.0386   3.244309    32.7904       1082     4.5042  0.000e+00
     12.324     6.0391   3.244333    32.7902       1083     4.5083  0.000e+00
     12.322     6.0396   3.244352    32.7899       1084     4.5125  0.000e+00
     12.313     6.0401   3.244438    32.7904       1085     4.5167  0.000e+00
     12.295     6.0407   3.244893    32.7950       1086     4.5208  0.000e+00
     12.259     6.0427   3.245570    32.8006       1087     4.5250  0.000e+00
     12.210     6.0464   3.245896    32.8007       1088     4.5292  0.000e+00
     12.145     6.0507   3.245982    32.7975       1089     4.5333  0.000e+00
     12.065     6.0543   3.246234    32.7969       1090     4.5375  0.000e+00
     11.977     6.0576   3.246105    32.7923       1091     4.5417  0.000e+00
     11.881     6.0597   3.245778    32.7867       1092     4.5458  0.000e+00
     11.776     6.0594   3.244991    32.7782       1093     4.5500  0.000e+00
     11.670     6.0567   3.244856    32.7794       1094     4.5542  0.000e+00
     11.563     6.0532   3.245114    32.7857       1095     4.5583  0.000e+00
     11.462     6.0511   3.245323    32.7901       1096     4.5625  0.000e+00
     11.361     6.0513   3.245139    32.7879       1097     4.5667  0.000e+00
     11.267     6.0512   3.244929    32.7856       1098     4.5708  0.000e+00
     11.186     6.0504   3.244419    32.7808       1099     4.5750  0.000e+00
     11.106     6.0479   3.244191    32.7807       1100     4.5792  0.000e+00
     11.031     6.0449   3.244394    32.7859       1101     4.5833  0.000e+00
     10.960     6.0434   3.244437    32.7879       1102     4.5875  0.000e+00
     10.893     6.0427   3.244419    32.7884       1103     4.5917  0.000e+00
     10.841     6.0426   3.244419    32.7886       1104     4.5958  0.000e+00
     10.790     6.0423   3.244333    32.7878       1105     4.6000  0.000e+00
     10.746     6.0422   3.244290    32.7875       1106     4.6042  0.000e+00
     10.699     6.0417   3.244308    32.7882       1107     4.6083  0.000e+00
     10.659     6.0415   3.244290    32.7882       1108     4.6125  0.000e+00
     10.620     6.0412   3.244290    32.7886       1109     4.6167  0.000e+00
     10.585     6.0413   3.244271    32.7883       1110     4.6208  0.000e+00
     10.552     6.0411   3.244394    32.7899       1111     4.6250  0.000e+00
     10.518     6.0412   3.244376    32.7895       1112     4.6292  0.000e+00
     10.491     6.0415   3.244246    32.7879       1113     4.6333  0.000e+00
     10.467     6.0413   3.244210    32.7876       1114     4.6375  0.000e+00
     10.449     6.0410   3.244210    32.7880       1115     4.6417  0.000e+00
     10.440     6.0405   3.244253    32.7889       1116     4.6458  0.000e+00
     10.436     6.0405   3.244289    32.7893       1117     4.6500  0.000e+00
     10.431     6.0406   3.244296    32.7892       1118     4.6542  0.000e+00
     10.426     6.0407   3.244210    32.7882       1119     4.6583  0.000e+00
     10.415     6.0406   3.244210    32.7883       1120     4.6625  0.000e+00
     10.402     6.0404   3.244166    32.7880       1121     4.6667  0.000e+00
     10.376     6.0400   3.244068    32.7873       1122     4.6708  0.000e+00
     10.329     6.0394   3.243797    32.7849       1123     4.6750  0.000e+00
     10.262     6.0382   3.243920    32.7874       1124     4.6792  0.000e+00
     10.179     6.0374   3.243877    32.7878       1125     4.6833  0.000e+00
     10.077     6.0371   3.243982    32.7893       1126     4.6875  0.000e+00
      9.967     6.0370   3.244702    32.7975       1127     4.6917  0.000e+00
      9.843     6.0390   3.245366    32.8031       1128     4.6958  0.000e+00
      9.722     6.0444   3.245157    32.7956       1129     4.7000  0.000e+00
      9.589     6.0475   3.245323    32.7945       1130     4.7042  0.000e+00
      9.459     6.0503   3.246584    32.8060       1131     4.7083  0.000e+00
      9.335     6.0556   3.247070    32.8063       1132     4.7125  0.000e+00
      9.212     6.0628   3.247057    32.7993       1133     4.7167  0.000e+00
      9.085     6.0679   3.247057    32.7944       1134     4.7208  0.000e+00
      8.971     6.0711   3.246559    32.7859       1135     4.7250  0.000e+00
      8.864     6.0714   3.246479    32.7847       1136     4.7292  0.000e+00
      8.772     6.0703   3.246479    32.7858       1137     4.7333  0.000e+00
      8.687     6.0695   3.246442    32.7862       1138     4.7375  0.000e+00
      8.609     6.0691   3.246497    32.7872       1139     4.7417  0.000e+00
      8.545     6.0687   3.246331    32.7858       1140     4.7458  0.000e+00
      8.498     6.0685   3.246233    32.7849       1141     4.7500  0.000e+00
      8.465     6.0675   3.246042    32.7838       1142     4.7542  0.000e+00
      8.432     6.0663   3.246331    32.7882       1143     4.7583  0.000e+00
      8.418     6.0660   3.246343    32.7886       1144     4.7625  0.000e+00
      8.409     6.0662   3.246331    32.7883       1145     4.7667  0.000e+00
      8.395     6.0665   3.246356    32.7883       1146     4.7708  0.000e+00
      8.388     6.0667   3.246232    32.7867       1147     4.7750  0.000e+00
      8.379     6.0666   3.246146    32.7858       1148     4.7792  0.000e+00
      8.353     6.0661   3.246251    32.7875       1149     4.7833  0.000e+00
      8.339     6.0659   3.246325    32.7885       1150     4.7875  0.000e+00
      8.308     6.0660   3.246294    32.7881       1151     4.7917  0.000e+00
      8.266     6.0662   3.246128    32.7861       1152     4.7958  0.000e+00
      8.233     6.0659   3.245814    32.7829       1153     4.8000  0.000e+00
      8.203     6.0646   3.245691    32.7828       1154     4.8042  0.000e+00
      8.175     6.0630   3.245611    32.7834       1155     4.8083  0.000e+00
      8.148     6.0614   3.245913    32.7883       1156     4.8125  0.000e+00
      8.130     6.0611   3.246232    32.7923       1157     4.8167  0.000e+00
      8.112     6.0623   3.246392    32.7929       1158     4.8208  0.000e+00
      8.085     6.0640   3.246479    32.7922       1159     4.8250  0.000e+00
      8.051     6.0658   3.246602    32.7919       1160     4.8292  0.000e+00
      8.003     6.0676   3.246478    32.7888       1161     4.8333  0.000e+00
      7.951     6.0686   3.246478    32.7879       1162     4.8375  0.000e+00
      7.882     6.0687   3.246848    32.7919       1163     4.8417  0.000e+00
      7.791     6.0698   3.246768    32.7900       1164     4.8458  0.000e+00
      7.681     6.0709   3.246724    32.7885       1165     4.8500  0.000e+00
      7.551     6.0715   3.247155    32.7929       1166     4.8542  0.000e+00
      7.416     6.0728   3.246644    32.7859       1167     4.8583  0.000e+00
      7.280     6.0731   3.247106    32.7908       1168     4.8625  0.000e+00
      7.146     6.0738   3.247056    32.7897       1169     4.8667  0.000e+00
      7.020     6.0750   3.247241    32.7907       1170     4.8708  0.000e+00
      6.902     6.0762   3.247198    32.7891       1171     4.8750  0.000e+00
      6.793     6.0770   3.247198    32.7883       1172     4.8792  0.000e+00
      6.690     6.0776   3.247118    32.7869       1173     4.8833  0.000e+00
      6.596     6.0777   3.247069    32.7863       1174     4.8875  0.000e+00
      6.511     6.0775   3.246995    32.7857       1175     4.8917  0.000e+00
      6.422     6.0772   3.246933    32.7854       1176     4.8958  0.000e+00
      6.346     6.0766   3.247013    32.7869       1177     4.9000  0.000e+00
      6.280     6.0762   3.246890    32.7860       1178     4.9042  0.000e+00
      6.209     6.0760   3.246995    32.7873       1179     4.9083  0.000e+00
      6.149     6.0758   3.247265    32.7906       1180     4.9125  0.000e+00
      6.090     6.0767   3.247216    32.7892       1181     4.9167  0.000e+00
      6.050     6.0778   3.247302    32.7891       1182     4.9208  0.000e+00
      6.000     6.0786   3.247321    32.7886       1183     4.9250  0.000e+00
      5.953     6.0791   3.247345    32.7883       1184     4.9292  0.000e+00
      5.915     6.0795   3.247241    32.7868       1185     4.9333  0.000e+00
      5.878     6.0798   3.247284    32.7870       1186     4.9375  0.000e+00
      5.839     6.0798   3.247345    32.7878       1187     4.9417  0.000e+00
      5.812     6.0801   3.247468    32.7889       1188     4.9458  0.000e+00
      5.805     6.0805   3.247444    32.7882       1189     4.9500  0.000e+00
      5.810     6.0809   3.247444    32.7878       1190     4.9542  0.000e+00
      5.823     6.0811   3.247321    32.7862       1191     4.9583  0.000e+00
      5.841     6.0811   3.247167    32.7845       1192     4.9625  0.000e+00
      5.867     6.0801   3.247056    32.7842       1193     4.9667  0.000e+00
      5.883     6.0791   3.246970    32.7842       1194     4.9708  0.000e+00
      5.880     6.0779   3.246742    32.7828       1195     4.9750  0.000e+00
      5.847     6.0765   3.246601    32.7826       1196     4.9792  0.000e+00
      5.799     6.0750   3.246515    32.7831       1197     4.9833  0.000e+00
      5.709     6.0734   3.246435    32.7838       1198     4.9875  0.000e+00
      5.580     6.0723   3.246182    32.7821       1199     4.9917  0.000e+00
      5.443     6.0707   3.245979    32.7814       1200     4.9958  0.000e+00
      5.290     6.0682   3.246164    32.7860       1201     5.0000  0.000e+00
      5.128     6.0675   3.246207    32.7873       1202     5.0042  0.000e+00
      4.982     6.0674   3.246127    32.7865       1203     5.0083  0.000e+00
      4.853     6.0672   3.245961    32.7849       1204     5.0125  0.000e+00
      4.731     6.0667   3.246164    32.7878       1205     5.0167  0.000e+00
      4.629     6.0671   3.246705    32.7935       1206     5.0208  0.000e+00
      4.546     6.0684   3.246188    32.7865       1207     5.0250  0.000e+00
      4.482     6.0689   3.246994    32.7950       1208     5.0292  0.000e+00
      4.432     6.0709   3.247056    32.7938       1209     5.0333  0.000e+00
      4.395     6.0738   3.247154    32.7921       1210     5.0375  0.000e+00
      4.374     6.0759   3.247123    32.7897       1211     5.0417  0.000e+00
      4.354     6.0772   3.247056    32.7878       1212     5.0458  0.000e+00
      4.325     6.0775   3.247092    32.7879       1213     5.0500  0.000e+00
      4.286     6.0777   3.246908    32.7857       1214     5.0542  0.000e+00
      4.238     6.0777   3.246889    32.7855       1215     5.0583  0.000e+00
      4.190     6.0771   3.246908    32.7863       1216     5.0625  0.000e+00
      4.152     6.0768   3.247185    32.7897       1217     5.0667  0.000e+00
      4.114     6.0773   3.247320    32.7907       1218     5.0708  0.000e+00
      4.075     6.0785   3.247283    32.7892       1219     5.0750  0.000e+00
      4.033     6.0794   3.247302    32.7885       1220     5.0792  0.000e+00
      3.995     6.0800   3.247302    32.7880       1221     5.0833  0.000e+00
      3.944     6.0804   3.247240    32.7870       1222     5.0875  0.000e+00
      3.901     6.0803   3.247222    32.7869       1223     5.0917  0.000e+00
      3.864     6.0802   3.247178    32.7865       1224     5.0958  0.000e+00
      3.821     6.0800   3.247178    32.7867       1225     5.1000  0.000e+00
      3.774     6.0799   3.247154    32.7865       1226     5.1042  0.000e+00
      3.722     6.0798   3.247258    32.7878       1227     5.1083  0.000e+00
      3.653     6.0799   3.247178    32.7868       1228     5.1125  0.000e+00
      3.554     6.0799   3.247283    32.7881       1229     5.1167  0.000e+00
      3.431     6.0803   3.247154    32.7863       1230     5.1208  0.000e+00
