HB2502/sbe074.cnv
* Sea-Bird SBE 19plus V2 Data File:
* FileName = C:\cruise\data\sbe074.hex
* Software Version Seasave V 7.26.7.121
* Temperature SN = 6128
* Conductivity SN = 6128
* System UpLoad Time = Apr 10 2025 02:29:03
* NMEA Latitude = 42 00.98 N
* NMEA Longitude = 069 23.67 W
* NMEA UTC (Time) = Apr 10 2025  02:28:13
** Ship: Henry Bigelow
** Cruise:  HB2502
** Program:  Spring Bottom Trawl
# nquan = 7
# nvalues = 4549                                  
# units = specified
# name 0 = depSM: Depth [salt water, m]
# name 1 = tv290C: Temperature [ITS-90, deg C]
# name 2 = c0S/m: Conductivity [S/m]
# name 3 = sal00: Salinity, Practical [PSU]
# name 4 = scan: Scan Count
# name 5 = timeM: Time, Elapsed [minutes]
# name 6 = flag:  0.000e+00
# span 0 =      0.060,    193.528                 
# span 1 =     4.2060,     7.5323                 
# span 2 =   0.004311,   3.487052                 
# span 3 =     0.0322,    33.9237                 
# span 4 =         11,       4559                 
# span 5 =     0.0417,    18.9917                 
# span 6 = 0.0000e+00, 0.0000e+00                 
# interval = seconds: 0.25
# start_time = Apr 10 2025 02:28:13 [NMEA time, header]
# bad_flag = -9.990e-29
*END*
[from data line 1847]
    167.939     6.9705   3.410922    33.6533       1858     7.7375  0.000e+00
    167.893     6.9680   3.410865    33.6551       1859     7.7417  0.000e+00
    167.859     6.9664   3.410840    33.6565       1860     7.7458  0.000e+00
    167.817     6.9651   3.410840    33.6578       1861     7.7500  0.000e+00
    167.779     6.9644   3.410777    33.6577       1862     7.7542  0.000e+00
    167.738     6.9639   3.410815    33.6586       1863     7.7583  0.000e+00
    167.703     6.9638   3.410840    33.6591       1864     7.7625  0.000e+00
    167.655     6.9638   3.410840    33.6591       1865     7.7667  0.000e+00
    167.608     6.9637   3.410514    33.6556       1866     7.7708  0.000e+00
    167.551     6.9632   3.410006    33.6506       1867     7.7750  0.000e+00
    167.490     6.9613   3.409717    33.6493       1868     7.7792  0.000e+00
    167.425     6.9591   3.410100    33.6557       1869     7.7833  0.000e+00
    167.351     6.9580   3.410031    33.6560       1870     7.7875  0.000e+00
    167.284     6.9580   3.410294    33.6590       1871     7.7917  0.000e+00
    167.211     6.9585   3.410301    33.6586       1872     7.7958  0.000e+00
    167.145     6.9588   3.410407    33.6594       1873     7.8000  0.000e+00
    167.071     6.9596   3.410445    33.6591       1874     7.8042  0.000e+00
    167.004     6.9604   3.410056    33.6542       1875     7.8083  0.000e+00
    166.933     6.9596   3.408287    33.6356       1876     7.8125  0.000e+00
    166.866     6.9548   3.407704    33.6339       1877     7.8167  0.000e+00
    166.795     6.9497   3.407416    33.6357       1878     7.8208  0.000e+00
    166.728     6.9454   3.406714    33.6322       1879     7.8250  0.000e+00
    166.657     6.9409   3.406150    33.6305       1880     7.8292  0.000e+00
    166.587     6.9364   3.405842    33.6316       1881     7.8333  0.000e+00
    166.519     6.9323   3.405429    33.6311       1882     7.8375  0.000e+00
    166.446     6.9286   3.404971    33.6297       1883     7.8417  0.000e+00
    166.382     6.9248   3.404871    33.6323       1884     7.8458  0.000e+00
    166.318     6.9219   3.404865    33.6352       1885     7.8500  0.000e+00
    166.266     6.9200   3.404081    33.6284       1886     7.8542  0.000e+00
    166.208     6.9173   3.403624    33.6261       1887     7.8583  0.000e+00
    166.154     6.9138   3.401725    33.6087       1888     7.8625  0.000e+00
    166.099     6.9071   3.401142    33.6089       1889     7.8667  0.000e+00
    166.047     6.8990   3.401061    33.6159       1890     7.8708  0.000e+00
    165.993     6.8935   3.399050    33.5992       1891     7.8750  0.000e+00
    165.943     6.8865   3.398330    33.5982       1892     7.8792  0.000e+00
    165.889     6.8783   3.398442    33.6075       1893     7.8833  0.000e+00
    165.827     6.8730   3.397008    33.5969       1894     7.8875  0.000e+00
    165.767     6.8666   3.395875    33.5907       1895     7.8917  0.000e+00
    165.704     6.8593   3.396063    33.6000       1896     7.8958  0.000e+00
    165.635     6.8539   3.395794    33.6023       1897     7.9000  0.000e+00
    165.565     6.8498   3.394141    33.5883       1898     7.9042  0.000e+00
    165.497     6.8439   3.392820    33.5795       1899     7.9083  0.000e+00
    165.423     6.8357   3.392163    33.5803       1900     7.9125  0.000e+00
    165.352     6.8280   3.391274    33.5781       1901     7.9167  0.000e+00
    165.277     6.8210   3.389647    33.5671       1902     7.9208  0.000e+00
    165.212     6.8122   3.388677    33.5651       1903     7.9250  0.000e+00
    165.145     6.8031   3.388108    33.5677       1904     7.9292  0.000e+00
    165.077     6.7954   3.386988    33.5630       1905     7.9333  0.000e+00
    165.015     6.7886   3.386613    33.5655       1906     7.9375  0.000e+00
    164.950     6.7828   3.386044    33.5649       1907     7.9417  0.000e+00
    164.883     6.7775   3.384862    33.5572       1908     7.9458  0.000e+00
    164.825     6.7712   3.384030    33.5541       1909     7.9500  0.000e+00
    164.766     6.7646   3.383368    33.5534       1910     7.9542  0.000e+00
    164.706     6.7586   3.383086    33.5562       1911     7.9583  0.000e+00
    164.649     6.7536   3.382805    33.5580       1912     7.9625  0.000e+00
    164.590     6.7499   3.382549    33.5587       1913     7.9667  0.000e+00
    164.531     6.7471   3.382761    33.5639       1914     7.9708  0.000e+00
    164.482     6.7462   3.382961    33.5670       1915     7.9750  0.000e+00
    164.423     6.7463   3.383949    33.5778       1916     7.9792  0.000e+00
    164.369     6.7491   3.384687    33.5832       1917     7.9833  0.000e+00
    164.306     6.7531   3.385181    33.5848       1918     7.9875  0.000e+00
    164.254     6.7570   3.385369    33.5831       1919     7.9917  0.000e+00
    164.194     6.7603   3.385294    33.5791       1920     7.9958  0.000e+00
    164.130     6.7623   3.384831    33.5721       1921     8.0000  0.000e+00
    164.061     6.7625   3.384212    33.5651       1922     8.0042  0.000e+00
    163.998     6.7610   3.383636    33.5602       1923     8.0083  0.000e+00
    163.925     6.7585   3.383367    33.5598       1924     8.0125  0.000e+00
    163.853     6.7557   3.382467    33.5526       1925     8.0167  0.000e+00
    163.783     6.7526   3.382348    33.5543       1926     8.0208  0.000e+00
    163.706     6.7492   3.381811    33.5518       1927     8.0250  0.000e+00
    163.633     6.7461   3.380836    33.5441       1928     8.0292  0.000e+00
    163.557     6.7422   3.380392    33.5431       1929     8.0333  0.000e+00
    163.475     6.7382   3.380617    33.5495       1930     8.0375  0.000e+00
    163.388     6.7354   3.380004    33.5455       1931     8.0417  0.000e+00
    163.314     6.7331   3.379298    33.5400       1932     8.0458  0.000e+00
    163.238     6.7297   3.379304    33.5435       1933     8.0500  0.000e+00
    163.167     6.7270   3.379298    33.5460       1934     8.0542  0.000e+00
    163.104     6.7254   3.379036    33.5447       1935     8.0583  0.000e+00
    163.046     6.7241   3.379061    33.5463       1936     8.0625  0.000e+00
    162.996     6.7234   3.379061    33.5471       1937     8.0667  0.000e+00
    162.955     6.7227   3.379061    33.5478       1938     8.0708  0.000e+00
    162.921     6.7228   3.378973    33.5467       1939     8.0750  0.000e+00
    162.893     6.7230   3.378542    33.5417       1940     8.0792  0.000e+00
    162.858     6.7227   3.378111    33.5373       1941     8.0833  0.000e+00
    162.828     6.7214   3.377942    33.5367       1942     8.0875  0.000e+00
    162.797     6.7203   3.377823    33.5366       1943     8.0917  0.000e+00
    162.761     6.7193   3.377898    33.5384       1944     8.0958  0.000e+00
    162.711     6.7186   3.377867    33.5388       1945     8.1000  0.000e+00
    162.653     6.7182   3.377767    33.5381       1946     8.1042  0.000e+00
    162.593     6.7178   3.377723    33.5379       1947     8.1083  0.000e+00
    162.518     6.7171   3.377636    33.5377       1948     8.1125  0.000e+00
    162.432     6.7168   3.377311    33.5345       1949     8.1167  0.000e+00
    162.341     6.7160   3.377355    33.5358       1950     8.1208  0.000e+00
    162.249     6.7155   3.377073    33.5333       1951     8.1250  0.000e+00
    162.151     6.7145   3.377086    33.5344       1952     8.1292  0.000e+00
    162.052     6.7137   3.376792    33.5320       1953     8.1333  0.000e+00
    161.956     6.7128   3.376573    33.5305       1954     8.1375  0.000e+00
    161.865     6.7120   3.376730    33.5331       1955     8.1417  0.000e+00
    161.777     6.7115   3.376861    33.5351       1956     8.1458  0.000e+00
    161.699     6.7115   3.376642    33.5327       1957     8.1500  0.000e+00
    161.629     6.7112   3.376455    33.5309       1958     8.1542  0.000e+00
    161.569     6.7107   3.376298    33.5297       1959     8.1583  0.000e+00
    161.505     6.7096   3.376311    33.5310       1960     8.1625  0.000e+00
    161.457     6.7093   3.376317    33.5314       1961     8.1667  0.000e+00
    161.406     6.7091   3.376248    33.5308       1962     8.1708  0.000e+00
    161.353     6.7089   3.376192    33.5304       1963     8.1750  0.000e+00
    161.308     6.7089   3.376223    33.5308       1964     8.1792  0.000e+00
    161.268     6.7085   3.376280    33.5318       1965     8.1833  0.000e+00
    161.219     6.7083   3.376286    33.5321       1966     8.1875  0.000e+00
    161.172     6.7084   3.376236    33.5315       1967     8.1917  0.000e+00
    161.130     6.7082   3.376286    33.5322       1968     8.1958  0.000e+00
    161.088     6.7083   3.376342    33.5328       1969     8.2000  0.000e+00
    161.041     6.7085   3.376392    33.5332       1970     8.2042  0.000e+00
    160.990     6.7085   3.376342    33.5326       1971     8.2083  0.000e+00
    160.939     6.7087   3.376348    33.5325       1972     8.2125  0.000e+00
    160.885     6.7086   3.376317    33.5323       1973     8.2167  0.000e+00
    160.831     6.7086   3.376367    33.5328       1974     8.2208  0.000e+00
    160.767     6.7087   3.376361    33.5328       1975     8.2250  0.000e+00
    160.699     6.7090   3.376411    33.5330       1976     8.2292  0.000e+00
    160.633     6.7094   3.376404    33.5326       1977     8.2333  0.000e+00
    160.563     6.7095   3.376186    33.5301       1978     8.2375  0.000e+00
    160.486     6.7095   3.376104    33.5293       1979     8.2417  0.000e+00
    160.409     6.7094   3.376079    33.5292       1980     8.2458  0.000e+00
    160.314     6.7091   3.376061    33.5293       1981     8.2500  0.000e+00
    160.224     6.7091   3.375998    33.5286       1982     8.2542  0.000e+00
    160.138     6.7090   3.375979    33.5286       1983     8.2583  0.000e+00
    160.052     6.7089   3.376017    33.5291       1984     8.2625  0.000e+00
    159.966     6.7086   3.376023    33.5295       1985     8.2667  0.000e+00
    159.884     6.7086   3.376017    33.5294       1986     8.2708  0.000e+00
    159.818     6.7086   3.376042    33.5298       1987     8.2750  0.000e+00
    159.746     6.7084   3.376042    33.5300       1988     8.2792  0.000e+00
    159.688     6.7086   3.376042    33.5299       1989     8.2833  0.000e+00
    159.638     6.7087   3.376017    33.5295       1990     8.2875  0.000e+00
    159.585     6.7090   3.375917    33.5281       1991     8.2917  0.000e+00
    159.536     6.7091   3.375842    33.5272       1992     8.2958  0.000e+00
    159.490     6.7090   3.375854    33.5275       1993     8.3000  0.000e+00
    159.444     6.7091   3.375885    33.5277       1994     8.3042  0.000e+00
    159.393     6.7095   3.375917    33.5277       1995     8.3083  0.000e+00
    159.338     6.7099   3.375954    33.5278       1996     8.3125  0.000e+00
    159.285     6.7102   3.375960    33.5276       1997     8.3167  0.000e+00
    159.229     6.7104   3.375973    33.5276       1998     8.3208  0.000e+00
    159.176     6.7103   3.375935    33.5272       1999     8.3250  0.000e+00
    159.113     6.7103   3.375954    33.5275       2000     8.3292  0.000e+00
    159.055     6.7103   3.375998    33.5280       2001     8.3333  0.000e+00
    158.997     6.7106   3.376041    33.5282       2002     8.3375  0.000e+00
    158.937     6.7112   3.376041    33.5276       2003     8.3417  0.000e+00
    158.879     6.7120   3.376104    33.5276       2004     8.3458  0.000e+00
    158.819     6.7125   3.376141    33.5276       2005     8.3500  0.000e+00
    158.763     6.7133   3.376104    33.5264       2006     8.3542  0.000e+00
    158.713     6.7136   3.376023    33.5252       2007     8.3583  0.000e+00
    158.659     6.7138   3.376060    33.5255       2008     8.3625  0.000e+00
    158.596     6.7135   3.376060    33.5258       2009     8.3667  0.000e+00
    158.540     6.7133   3.376060    33.5260       2010     8.3708  0.000e+00
    158.473     6.7135   3.376060    33.5259       2011     8.3750  0.000e+00
    158.406     6.7134   3.376023    33.5256       2012     8.3792  0.000e+00
    158.340     6.7133   3.375910    33.5245       2013     8.3833  0.000e+00
    158.255     6.7130   3.375816    33.5237       2014     8.3875  0.000e+00
    158.168     6.7122   3.376016    33.5268       2015     8.3917  0.000e+00
    158.072     6.7121   3.375835    33.5249       2016     8.3958  0.000e+00
    157.979     6.7118   3.375760    33.5245       2017     8.4000  0.000e+00
    157.885     6.7105   3.375772    33.5259       2018     8.4042  0.000e+00
    157.793     6.7095   3.375779    33.5270       2019     8.4083  0.000e+00
    157.695     6.7091   3.375797    33.5276       2020     8.4125  0.000e+00
    157.614     6.7095   3.375760    33.5269       2021     8.4167  0.000e+00
    157.535     6.7096   3.375835    33.5277       2022     8.4208  0.000e+00
    157.468     6.7100   3.375910    33.5281       2023     8.4250  0.000e+00
    157.411     6.7107   3.375854    33.5268       2024     8.4292  0.000e+00
    157.364     6.7109   3.375804    33.5261       2025     8.4333  0.000e+00
    157.326     6.7108   3.375797    33.5261       2026     8.4375  0.000e+00
    157.288     6.7107   3.375779    33.5261       2027     8.4417  0.000e+00
    157.255     6.7107   3.375772    33.5260       2028     8.4458  0.000e+00
    157.223     6.7105   3.375760    33.5260       2029     8.4500  0.000e+00
    157.189     6.7103   3.375797    33.5267       2030     8.4542  0.000e+00
    157.146     6.7103   3.375866    33.5275       2031     8.4583  0.000e+00
    157.099     6.7104   3.375978    33.5287       2032     8.4625  0.000e+00
    157.042     6.7111   3.376016    33.5284       2033     8.4667  0.000e+00
    156.986     6.7121   3.376041    33.5278       2034     8.4708  0.000e+00
    156.919     6.7128   3.376103    33.5278       2035     8.4750  0.000e+00
    156.847     6.7135   3.376103    33.5271       2036     8.4792  0.000e+00
    156.772     6.7140   3.376103    33.5267       2037     8.4833  0.000e+00
    156.699     6.7143   3.376103    33.5264       2038     8.4875  0.000e+00
    156.617     6.7146   3.376122    33.5264       2039     8.4917  0.000e+00
    156.550     6.7149   3.376078    33.5256       2040     8.4958  0.000e+00
    156.478     6.7148   3.376022    33.5251       2041     8.5000  0.000e+00
    156.408     6.7144   3.376041    33.5258       2042     8.5042  0.000e+00
    156.345     6.7140   3.376059    33.5264       2043     8.5083  0.000e+00
    156.269     6.7142   3.376209    33.5279       2044     8.5125  0.000e+00
    156.201     6.7149   3.376365    33.5289       2045     8.5167  0.000e+00
    156.135     6.7160   3.376472    33.5291       2046     8.5208  0.000e+00
    156.064     6.7172   3.376571    33.5291       2047     8.5250  0.000e+00
    156.000     6.7184   3.376665    33.5289       2048     8.5292  0.000e+00
    155.941     6.7197   3.376653    33.5276       2049     8.5333  0.000e+00
    155.880     6.7205   3.376709    33.5274       2050     8.5375  0.000e+00
    155.824     6.7212   3.376653    33.5262       2051     8.5417  0.000e+00
    155.774     6.7215   3.376596    33.5252       2052     8.5458  0.000e+00
    155.726     6.7215   3.376596    33.5253       2053     8.5500  0.000e+00
    155.681     6.7216   3.376640    33.5257       2054     8.5542  0.000e+00
    155.634     6.7218   3.376634    33.5254       2055     8.5583  0.000e+00
    155.585     6.7219   3.376640    33.5255       2056     8.5625  0.000e+00
    155.536     6.7220   3.376677    33.5258       2057     8.5667  0.000e+00
    155.480     6.7221   3.376552    33.5243       2058     8.5708  0.000e+00
    155.423     6.7218   3.376390    33.5228       2059     8.5750  0.000e+00
    155.356     6.7210   3.376103    33.5205       2060     8.5792  0.000e+00
    155.283     6.7193   3.375878    33.5197       2061     8.5833  0.000e+00
