HB2502/sbe075.cnv
* Sea-Bird SBE 19plus V2 Data File:
* FileName = C:\cruise\data\sbe075.hex
* Software Version Seasave V 7.26.7.121
* Temperature SN = 6128
* Conductivity SN = 6128
* System UpLoad Time = Apr 10 2025 07:39:10
* NMEA Latitude = 41 35.71 N
* NMEA Longitude = 068 54.23 W
* NMEA UTC (Time) = Apr 10 2025  07:38:21
** Ship: Henry Bigelow
** Cruise:  HB2502
** Program:  Spring Bottom Trawl
# nquan = 7
# nvalues = 2192                                  
# units = specified
# name 0 = depSM: Depth [salt water, m]
# name 1 = tv290C: Temperature [ITS-90, deg C]
# name 2 = c0S/m: Conductivity [S/m]
# name 3 = sal00: Salinity, Practical [PSU]
# name 4 = scan: Scan Count
# name 5 = timeM: Time, Elapsed [minutes]
# name 6 = flag:  0.000e+00
# span 0 =      0.141,    108.825                 
# span 1 =     4.5836,     5.7032                 
# span 2 =   0.004278,   3.232345                 
# span 3 =     0.0318,    33.0652                 
# span 4 =         11,       2202                 
# span 5 =     0.0417,     9.1708                 
# span 6 = 0.0000e+00, 0.0000e+00                 
# interval = seconds: 0.25
# start_time = Apr 10 2025 07:38:21 [NMEA time, header]
# bad_flag = -9.990e-29
*END*
[from data line 821]
     54.462     5.6681   3.216232    32.8133        832     3.4625  0.000e+00
     54.643     5.6680   3.216232    32.8133        833     3.4667  0.000e+00
     54.816     5.6680   3.216233    32.8133        834     3.4708  0.000e+00
     54.990     5.6679   3.216233    32.8133        835     3.4750  0.000e+00
     55.172     5.6676   3.216251    32.8137        836     3.4792  0.000e+00
     55.346     5.6675   3.216251    32.8137        837     3.4833  0.000e+00
     55.518     5.6674   3.216270    32.8140        838     3.4875  0.000e+00
     55.675     5.6673   3.216251    32.8137        839     3.4917  0.000e+00
     55.838     5.6672   3.216270    32.8140        840     3.4958  0.000e+00
     55.997     5.6671   3.216270    32.8140        841     3.5000  0.000e+00
     56.154     5.6670   3.216282    32.8141        842     3.5042  0.000e+00
     56.312     5.6670   3.216270    32.8139        843     3.5083  0.000e+00
     56.463     5.6667   3.216294    32.8144        844     3.5125  0.000e+00
     56.619     5.6666   3.216294    32.8144        845     3.5167  0.000e+00
     56.780     5.6664   3.216313    32.8147        846     3.5208  0.000e+00
     56.946     5.6663   3.216313    32.8148        847     3.5250  0.000e+00
     57.115     5.6662   3.216331    32.8150        848     3.5292  0.000e+00
     57.285     5.6660   3.216356    32.8154        849     3.5333  0.000e+00
     57.457     5.6661   3.216331    32.8150        850     3.5375  0.000e+00
     57.633     5.6659   3.216313    32.8148        851     3.5417  0.000e+00
     57.815     5.6658   3.216313    32.8148        852     3.5458  0.000e+00
     57.995     5.6655   3.216307    32.8150        853     3.5500  0.000e+00
     58.178     5.6651   3.216332    32.8155        854     3.5542  0.000e+00
     58.358     5.6650   3.216313    32.8153        855     3.5583  0.000e+00
     58.547     5.6650   3.216356    32.8158        856     3.5625  0.000e+00
     58.728     5.6650   3.216356    32.8157        857     3.5667  0.000e+00
     58.916     5.6649   3.216375    32.8159        858     3.5708  0.000e+00
     59.103     5.6647   3.216375    32.8159        859     3.5750  0.000e+00
     59.293     5.6648   3.216393    32.8160        860     3.5792  0.000e+00
     59.479     5.6646   3.216418    32.8163        861     3.5833  0.000e+00
     59.672     5.6645   3.216418    32.8164        862     3.5875  0.000e+00
     59.866     5.6644   3.216436    32.8166        863     3.5917  0.000e+00
     60.062     5.6644   3.216461    32.8168        864     3.5958  0.000e+00
     60.265     5.6642   3.216479    32.8170        865     3.6000  0.000e+00
     60.467     5.6639   3.216480    32.8173        866     3.6042  0.000e+00
     60.661     5.6638   3.216480    32.8173        867     3.6083  0.000e+00
     60.862     5.6638   3.216516    32.8176        868     3.6125  0.000e+00
     61.050     5.6637   3.216516    32.8176        869     3.6167  0.000e+00
     61.247     5.6636   3.216517    32.8176        870     3.6208  0.000e+00
     61.435     5.6633   3.216541    32.8180        871     3.6250  0.000e+00
     61.613     5.6634   3.216560    32.8181        872     3.6292  0.000e+00
     61.789     5.6633   3.216578    32.8183        873     3.6333  0.000e+00
     61.955     5.6633   3.216603    32.8185        874     3.6375  0.000e+00
     62.120     5.6634   3.216597    32.8182        875     3.6417  0.000e+00
     62.280     5.6633   3.216603    32.8183        876     3.6458  0.000e+00
     62.435     5.6633   3.216603    32.8182        877     3.6500  0.000e+00
     62.583     5.6632   3.216640    32.8187        878     3.6542  0.000e+00
     62.735     5.6633   3.216683    32.8190        879     3.6583  0.000e+00
     62.880     5.6633   3.216683    32.8189        880     3.6625  0.000e+00
     63.030     5.6634   3.216683    32.8188        881     3.6667  0.000e+00
     63.177     5.6634   3.216726    32.8191        882     3.6708  0.000e+00
     63.333     5.6636   3.216762    32.8193        883     3.6750  0.000e+00
     63.492     5.6635   3.216787    32.8196        884     3.6792  0.000e+00
     63.662     5.6637   3.216824    32.8197        885     3.6833  0.000e+00
     63.836     5.6639   3.216848    32.8198        886     3.6875  0.000e+00
     64.011     5.6639   3.216885    32.8201        887     3.6917  0.000e+00
     64.206     5.6638   3.216885    32.8200        888     3.6958  0.000e+00
     64.392     5.6639   3.216910    32.8202        889     3.7000  0.000e+00
     64.579     5.6638   3.216928    32.8203        890     3.7042  0.000e+00
     64.775     5.6639   3.216990    32.8209        891     3.7083  0.000e+00
     64.969     5.6639   3.216990    32.8207        892     3.7125  0.000e+00
     65.174     5.6639   3.217008    32.8208        893     3.7167  0.000e+00
     65.373     5.6640   3.217008    32.8207        894     3.7208  0.000e+00
     65.574     5.6641   3.217051    32.8210        895     3.7250  0.000e+00
     65.769     5.6639   3.217088    32.8215        896     3.7292  0.000e+00
     65.957     5.6641   3.217100    32.8213        897     3.7333  0.000e+00
     66.149     5.6641   3.217088    32.8210        898     3.7375  0.000e+00
     66.331     5.6640   3.217131    32.8215        899     3.7417  0.000e+00
     66.512     5.6642   3.217174    32.8218        900     3.7458  0.000e+00
     66.686     5.6643   3.217174    32.8216        901     3.7500  0.000e+00
     66.861     5.6644   3.217193    32.8216        902     3.7542  0.000e+00
     67.048     5.6645   3.217211    32.8217        903     3.7583  0.000e+00
     67.235     5.6643   3.217236    32.8220        904     3.7625  0.000e+00
     67.420     5.6645   3.217254    32.8219        905     3.7667  0.000e+00
     67.606     5.6645   3.217254    32.8218        906     3.7708  0.000e+00
     67.794     5.6646   3.217236    32.8215        907     3.7750  0.000e+00
     67.981     5.6647   3.217279    32.8218        908     3.7792  0.000e+00
     68.163     5.6645   3.217316    32.8222        909     3.7833  0.000e+00
     68.355     5.6646   3.217334    32.8222        910     3.7875  0.000e+00
     68.532     5.6647   3.217359    32.8223        911     3.7917  0.000e+00
     68.702     5.6647   3.217377    32.8225        912     3.7958  0.000e+00
     68.873     5.6648   3.217396    32.8225        913     3.8000  0.000e+00
     69.039     5.6649   3.217420    32.8226        914     3.8042  0.000e+00
     69.197     5.6651   3.217439    32.8226        915     3.8083  0.000e+00
     69.349     5.6650   3.217439    32.8226        916     3.8125  0.000e+00
     69.497     5.6652   3.217457    32.8225        917     3.8167  0.000e+00
     69.641     5.6652   3.217457    32.8225        918     3.8208  0.000e+00
     69.786     5.6653   3.217494    32.8227        919     3.8250  0.000e+00
     69.930     5.6652   3.217519    32.8230        920     3.8292  0.000e+00
     70.087     5.6653   3.217519    32.8228        921     3.8333  0.000e+00
     70.248     5.6655   3.217543    32.8228        922     3.8375  0.000e+00
     70.412     5.6655   3.217562    32.8229        923     3.8417  0.000e+00
     70.588     5.6656   3.217580    32.8229        924     3.8458  0.000e+00
     70.771     5.6657   3.217580    32.8227        925     3.8500  0.000e+00
     70.963     5.6657   3.217580    32.8227        926     3.8542  0.000e+00
     71.155     5.6656   3.217562    32.8225        927     3.8583  0.000e+00
     71.348     5.6656   3.217580    32.8226        928     3.8625  0.000e+00
     71.540     5.6656   3.217605    32.8228        929     3.8667  0.000e+00
     71.734     5.6656   3.217611    32.8228        930     3.8708  0.000e+00
     71.932     5.6655   3.217642    32.8231        931     3.8750  0.000e+00
     72.122     5.6655   3.217623    32.8228        932     3.8792  0.000e+00
     72.316     5.6655   3.217642    32.8229        933     3.8833  0.000e+00
     72.501     5.6655   3.217685    32.8233        934     3.8875  0.000e+00
     72.701     5.6655   3.217703    32.8234        935     3.8917  0.000e+00
     72.897     5.6655   3.217703    32.8233        936     3.8958  0.000e+00
     73.096     5.6657   3.217728    32.8233        937     3.9000  0.000e+00
     73.286     5.6658   3.217728    32.8231        938     3.9042  0.000e+00
     73.484     5.6657   3.217747    32.8233        939     3.9083  0.000e+00
     73.676     5.6657   3.217747    32.8232        940     3.9125  0.000e+00
     73.864     5.6657   3.217747    32.8231        941     3.9167  0.000e+00
     74.053     5.6657   3.217790    32.8235        942     3.9208  0.000e+00
     74.244     5.6657   3.217790    32.8234        943     3.9250  0.000e+00
     74.428     5.6657   3.217808    32.8236        944     3.9292  0.000e+00
     74.611     5.6656   3.217808    32.8235        945     3.9333  0.000e+00
     74.789     5.6657   3.217827    32.8235        946     3.9375  0.000e+00
     74.969     5.6658   3.217851    32.8236        947     3.9417  0.000e+00
     75.149     5.6657   3.217827    32.8234        948     3.9458  0.000e+00
     75.322     5.6658   3.217851    32.8235        949     3.9500  0.000e+00
     75.486     5.6660   3.217888    32.8237        950     3.9542  0.000e+00
     75.654     5.6659   3.217888    32.8236        951     3.9583  0.000e+00
     75.806     5.6658   3.217901    32.8238        952     3.9625  0.000e+00
     75.965     5.6658   3.217888    32.8236        953     3.9667  0.000e+00
     76.125     5.6658   3.217931    32.8240        954     3.9708  0.000e+00
     76.285     5.6658   3.217913    32.8237        955     3.9750  0.000e+00
     76.444     5.6660   3.217931    32.8237        956     3.9792  0.000e+00
     76.606     5.6658   3.217950    32.8240        957     3.9833  0.000e+00
     76.775     5.6659   3.217950    32.8238        958     3.9875  0.000e+00
     76.950     5.6659   3.217932    32.8235        959     3.9917  0.000e+00
     77.133     5.6659   3.217975    32.8239        960     3.9958  0.000e+00
     77.313     5.6658   3.217975    32.8238        961     4.0000  0.000e+00
     77.493     5.6657   3.217975    32.8239        962     4.0042  0.000e+00
     77.685     5.6656   3.217999    32.8241        963     4.0083  0.000e+00
     77.873     5.6656   3.217993    32.8240        964     4.0125  0.000e+00
     78.063     5.6655   3.218012    32.8243        965     4.0167  0.000e+00
     78.248     5.6656   3.218012    32.8241        966     4.0208  0.000e+00
     78.423     5.6655   3.218036    32.8243        967     4.0250  0.000e+00
     78.597     5.6655   3.218036    32.8243        968     4.0292  0.000e+00
     78.774     5.6655   3.218055    32.8244        969     4.0333  0.000e+00
     78.943     5.6655   3.218073    32.8245        970     4.0375  0.000e+00
     79.123     5.6655   3.218098    32.8246        971     4.0417  0.000e+00
     79.293     5.6657   3.218116    32.8246        972     4.0458  0.000e+00
     79.466     5.6657   3.218135    32.8247        973     4.0500  0.000e+00
     79.646     5.6658   3.218159    32.8248        974     4.0542  0.000e+00
     79.830     5.6658   3.218178    32.8249        975     4.0583  0.000e+00
     80.020     5.6658   3.218196    32.8250        976     4.0625  0.000e+00
     80.209     5.6660   3.218239    32.8252        977     4.0667  0.000e+00
     80.410     5.6660   3.218258    32.8254        978     4.0708  0.000e+00
     80.604     5.6660   3.218282    32.8256        979     4.0750  0.000e+00
     80.796     5.6660   3.218282    32.8254        980     4.0792  0.000e+00
     80.997     5.6659   3.218319    32.8258        981     4.0833  0.000e+00
     81.193     5.6658   3.218344    32.8261        982     4.0875  0.000e+00
     81.387     5.6658   3.218362    32.8262        983     4.0917  0.000e+00
     81.571     5.6657   3.218368    32.8263        984     4.0958  0.000e+00
     81.750     5.6658   3.218381    32.8262        985     4.1000  0.000e+00
     81.916     5.6657   3.218381    32.8262        986     4.1042  0.000e+00
     82.082     5.6655   3.218405    32.8266        987     4.1083  0.000e+00
     82.234     5.6655   3.218381    32.8263        988     4.1125  0.000e+00
     82.376     5.6654   3.218381    32.8263        989     4.1167  0.000e+00
     82.517     5.6652   3.218405    32.8267        990     4.1208  0.000e+00
     82.658     5.6651   3.218405    32.8267        991     4.1250  0.000e+00
     82.797     5.6650   3.218424    32.8270        992     4.1292  0.000e+00
     82.952     5.6649   3.218424    32.8270        993     4.1333  0.000e+00
     83.113     5.6648   3.218406    32.8268        994     4.1375  0.000e+00
     83.284     5.6646   3.218387    32.8267        995     4.1417  0.000e+00
     83.476     5.6642   3.218381    32.8270        996     4.1458  0.000e+00
     83.685     5.6638   3.218406    32.8276        997     4.1500  0.000e+00
     83.909     5.6633   3.218467    32.8286        998     4.1542  0.000e+00
     84.142     5.6627   3.218486    32.8292        999     4.1583  0.000e+00
     84.375     5.6617   3.218504    32.8303       1000     4.1625  0.000e+00
     84.611     5.6606   3.218529    32.8316       1001     4.1667  0.000e+00
     84.839     5.6597   3.218670    32.8340       1002     4.1708  0.000e+00
     85.054     5.6588   3.218774    32.8358       1003     4.1750  0.000e+00
     85.255     5.6577   3.218854    32.8377       1004     4.1792  0.000e+00
     85.432     5.6568   3.218872    32.8387       1005     4.1833  0.000e+00
     85.595     5.6559   3.218958    32.8405       1006     4.1875  0.000e+00
     85.742     5.6554   3.219038    32.8418       1007     4.1917  0.000e+00
     85.876     5.6547   3.219081    32.8429       1008     4.1958  0.000e+00
     86.007     5.6541   3.219179    32.8446       1009     4.2000  0.000e+00
     86.139     5.6535   3.219204    32.8453       1010     4.2042  0.000e+00
     86.272     5.6530   3.219179    32.8455       1011     4.2083  0.000e+00
     86.408     5.6528   3.219222    32.8461       1012     4.2125  0.000e+00
     86.554     5.6525   3.219302    32.8472       1013     4.2167  0.000e+00
     86.713     5.6521   3.219388    32.8486       1014     4.2208  0.000e+00
     86.876     5.6516   3.219406    32.8491       1015     4.2250  0.000e+00
     87.055     5.6512   3.219535    32.8509       1016     4.2292  0.000e+00
     87.248     5.6507   3.219548    32.8514       1017     4.2333  0.000e+00
     87.440     5.6504   3.219572    32.8519       1018     4.2375  0.000e+00
     87.648     5.6500   3.219591    32.8524       1019     4.2417  0.000e+00
     87.863     5.6497   3.219652    32.8533       1020     4.2458  0.000e+00
     88.071     5.6495   3.219732    32.8543       1021     4.2500  0.000e+00
     88.286     5.6494   3.219793    32.8549       1022     4.2542  0.000e+00
     88.492     5.6490   3.219855    32.8559       1023     4.2583  0.000e+00
     88.687     5.6488   3.219898    32.8565       1024     4.2625  0.000e+00
     88.879     5.6486   3.220020    32.8580       1025     4.2667  0.000e+00
     89.056     5.6484   3.220039    32.8583       1026     4.2708  0.000e+00
     89.226     5.6482   3.220180    32.8600       1027     4.2750  0.000e+00
     89.393     5.6480   3.220180    32.8602       1028     4.2792  0.000e+00
     89.556     5.6480   3.220223    32.8606       1029     4.2833  0.000e+00
     89.724     5.6477   3.220425    32.8630       1030     4.2875  0.000e+00
     89.893     5.6476   3.220671    32.8659       1031     4.2917  0.000e+00
     90.068     5.6473   3.220794    32.8674       1032     4.2958  0.000e+00
     90.244     5.6469   3.220837    32.8682       1033     4.3000  0.000e+00
     90.434     5.6468   3.220855    32.8684       1034     4.3042  0.000e+00
     90.622     5.6464   3.220941    32.8697       1035     4.3083  0.000e+00
