HB2502/sbe013.cnv
* Sea-Bird SBE 19plus V2 Data File:
* FileName = C:\cruise\data\sbe013.hex
* Software Version Seasave V 7.26.7.121
* Temperature SN = 6128
* Conductivity SN = 6128
* System UpLoad Time = Mar 12 2025 00:59:24
* NMEA Latitude = 37 34.17 N
* NMEA Longitude = 074 58.71 W
* NMEA UTC (Time) = Mar 12 2025  00:58:05
** Ship: Henry Bigelow
** Cruise:  HB2502
** Program:  Spring Bottom Trawl
# nquan = 7
# nvalues = 1257                                  
# units = specified
# name 0 = depSM: Depth [salt water, m]
# name 1 = tv290C: Temperature [ITS-90, deg C]
# name 2 = c0S/m: Conductivity [S/m]
# name 3 = sal00: Salinity, Practical [PSU]
# name 4 = scan: Scan Count
# name 5 = timeM: Time, Elapsed [minutes]
# name 6 = flag:  0.000e+00
# span 0 =     -0.051,     25.713                 
# span 1 =     8.0573,     9.8961                 
# span 2 =   0.017362,   3.601207                 
# span 3 =     0.1163,    34.1931                 
# span 4 =         11,       1267                 
# span 5 =     0.0417,     5.2750                 
# span 6 = 0.0000e+00, 0.0000e+00                 
# interval = seconds: 0.25
# start_time = Mar 12 2025 00:58:05 [NMEA time, header]
# bad_flag = -9.990e-29
*END*
[from data line 821]
     11.106     8.0920   3.508784    33.7000        832     3.4625  0.000e+00
     11.063     8.0919   3.509101    33.7036        833     3.4667  0.000e+00
     11.012     8.0928   3.508632    33.6977        834     3.4708  0.000e+00
     10.954     8.0926   3.508904    33.7008        835     3.4750  0.000e+00
     10.880     8.0926   3.508930    33.7012        836     3.4792  0.000e+00
     10.808     8.0930   3.509145    33.7030        837     3.4833  0.000e+00
     10.730     8.0940   3.509190    33.7026        838     3.4875  0.000e+00
     10.652     8.0953   3.509507    33.7048        839     3.4917  0.000e+00
     10.574     8.0970   3.509450    33.7026        840     3.4958  0.000e+00
     10.501     8.0984   3.509443    33.7012        841     3.5000  0.000e+00
     10.442     8.0993   3.509640    33.7025        842     3.5042  0.000e+00
     10.389     8.1005   3.509919    33.7043        843     3.5083  0.000e+00
     10.348     8.1024   3.509830    33.7015        844     3.5125  0.000e+00
     10.320     8.1038   3.509494    33.6966        845     3.5167  0.000e+00
     10.297     8.1034   3.509919    33.7016        846     3.5208  0.000e+00
     10.277     8.1038   3.510109    33.7032        847     3.5250  0.000e+00
     10.273     8.1054   3.510001    33.7006        848     3.5292  0.000e+00
     10.270     8.1062   3.509938    33.6991        849     3.5333  0.000e+00
     10.275     8.1065   3.509900    33.6984        850     3.5375  0.000e+00
     10.271     8.1065   3.510261    33.7023        851     3.5417  0.000e+00
     10.275     8.1074   3.510261    33.7014        852     3.5458  0.000e+00
     10.264     8.1084   3.509938    33.6970        853     3.5500  0.000e+00
     10.251     8.1081   3.510414    33.7023        854     3.5542  0.000e+00
     10.231     8.1089   3.510515    33.7027        855     3.5583  0.000e+00
     10.211     8.1104   3.510464    33.7007        856     3.5625  0.000e+00
     10.179     8.1110   3.510414    33.6996        857     3.5667  0.000e+00
     10.146     8.1114   3.510433    33.6994        858     3.5708  0.000e+00
     10.104     8.1117   3.510496    33.6999        859     3.5750  0.000e+00
     10.060     8.1120   3.511118    33.7062        860     3.5792  0.000e+00
     10.015     8.1143   3.511638    33.7095        861     3.5833  0.000e+00
      9.964     8.1183   3.511974    33.7094        862     3.5875  0.000e+00
      9.908     8.1227   3.512107    33.7066        863     3.5917  0.000e+00
      9.866     8.1260   3.512602    33.7087        864     3.5958  0.000e+00
      9.823     8.1293   3.512989    33.7096        865     3.6000  0.000e+00
      9.774     8.1338   3.513719    33.7131        866     3.6042  0.000e+00
      9.729     8.1396   3.513268    33.7027        867     3.6083  0.000e+00
      9.683     8.1425   3.513268    33.6999        868     3.6125  0.000e+00
      9.645     8.1435   3.513694    33.7035        869     3.6167  0.000e+00
      9.604     8.1453   3.513782    33.7028        870     3.6208  0.000e+00
      9.571     8.1473   3.513928    33.7025        871     3.6250  0.000e+00
      9.530     8.1491   3.513992    33.7014        872     3.6292  0.000e+00
      9.494     8.1508   3.514144    33.7014        873     3.6333  0.000e+00
      9.463     8.1523   3.514404    33.7028        874     3.6375  0.000e+00
      9.433     8.1543   3.514703    33.7040        875     3.6417  0.000e+00
      9.404     8.1568   3.514449    33.6989        876     3.6458  0.000e+00
      9.376     8.1579   3.514531    33.6988        877     3.6500  0.000e+00
      9.358     8.1584   3.514683    33.6999        878     3.6542  0.000e+00
      9.347     8.1595   3.514728    33.6993        879     3.6583  0.000e+00
      9.329     8.1602   3.514575    33.6970        880     3.6625  0.000e+00
      9.314     8.1606   3.515115    33.7025        881     3.6667  0.000e+00
      9.305     8.1617   3.515286    33.7032        882     3.6708  0.000e+00
      9.294     8.1643   3.515343    33.7013        883     3.6750  0.000e+00
      9.280     8.1662   3.515477    33.7009        884     3.6792  0.000e+00
      9.271     8.1679   3.515585    33.7005        885     3.6833  0.000e+00
      9.258     8.1695   3.515781    33.7010        886     3.6875  0.000e+00
      9.245     8.1712   3.515927    33.7010        887     3.6917  0.000e+00
      9.234     8.1729   3.515959    33.6996        888     3.6958  0.000e+00
      9.214     8.1742   3.515927    33.6981        889     3.7000  0.000e+00
      9.185     8.1754   3.515864    33.6962        890     3.7042  0.000e+00
      9.160     8.1758   3.515756    33.6948        891     3.7083  0.000e+00
      9.122     8.1759   3.515610    33.6931        892     3.7125  0.000e+00
      9.080     8.1753   3.515521    33.6927        893     3.7167  0.000e+00
      9.040     8.1745   3.515527    33.6936        894     3.7208  0.000e+00
      8.984     8.1746   3.515521    33.6935        895     3.7250  0.000e+00
      8.930     8.1756   3.515432    33.6915        896     3.7292  0.000e+00
      8.865     8.1768   3.515369    33.6898        897     3.7333  0.000e+00
      8.807     8.1779   3.515673    33.6920        898     3.7375  0.000e+00
      8.735     8.1799   3.517019    33.7045        899     3.7417  0.000e+00
      8.662     8.1859   3.518314    33.7124        900     3.7458  0.000e+00
      8.597     8.1963   3.519197    33.7119        901     3.7500  0.000e+00
      8.528     8.2079   3.518466    33.6930        902     3.7542  0.000e+00
      8.453     8.2147   3.517672    33.6781        903     3.7583  0.000e+00
      8.398     8.2164   3.517069    33.6701        904     3.7625  0.000e+00
      8.352     8.2152   3.516365    33.6638        905     3.7667  0.000e+00
      8.307     8.2121   3.515476    33.6573        906     3.7708  0.000e+00
      8.273     8.2079   3.515051    33.6568        907     3.7750  0.000e+00
      8.247     8.2036   3.515051    33.6609        908     3.7792  0.000e+00
      8.232     8.2007   3.515051    33.6638        909     3.7833  0.000e+00
      8.221     8.1987   3.514727    33.6622        910     3.7875  0.000e+00
      8.219     8.1968   3.514575    33.6624        911     3.7917  0.000e+00
      8.217     8.1954   3.514403    33.6619        912     3.7958  0.000e+00
      8.223     8.1939   3.514575    33.6652        913     3.8000  0.000e+00
      8.232     8.1931   3.514486    33.6650        914     3.8042  0.000e+00
      8.241     8.1924   3.514403    33.6648        915     3.8083  0.000e+00
      8.248     8.1919   3.514372    33.6649        916     3.8125  0.000e+00
      8.248     8.1914   3.514359    33.6653        917     3.8167  0.000e+00
      8.250     8.1911   3.514340    33.6653        918     3.8208  0.000e+00
      8.248     8.1907   3.514061    33.6628        919     3.8250  0.000e+00
      8.248     8.1902   3.513737    33.6598        920     3.8292  0.000e+00
      8.239     8.1893   3.513756    33.6609        921     3.8333  0.000e+00
      8.226     8.1887   3.513286    33.6565        922     3.8375  0.000e+00
      8.221     8.1874   3.513090    33.6557        923     3.8417  0.000e+00
      8.199     8.1860   3.514105    33.6678        924     3.8458  0.000e+00
      8.174     8.1868   3.513458    33.6601        925     3.8500  0.000e+00
      8.143     8.1878   3.513908    33.6640        926     3.8542  0.000e+00
      8.107     8.1891   3.515051    33.6750        927     3.8583  0.000e+00
      8.074     8.1935   3.516276    33.6837        928     3.8625  0.000e+00
      8.027     8.2017   3.517584    33.6899        929     3.8667  0.000e+00
      7.971     8.2113   3.520358    33.7102        930     3.8708  0.000e+00
      7.919     8.2262   3.522061    33.7140        931     3.8750  0.000e+00
      7.857     8.2435   3.522581    33.7029        932     3.8792  0.000e+00
      7.799     8.2578   3.522930    33.6930        933     3.8833  0.000e+00
      7.737     8.2676   3.522968    33.6840        934     3.8875  0.000e+00
      7.670     8.2740   3.522752    33.6756        935     3.8917  0.000e+00
      7.614     8.2775   3.524277    33.6885        936     3.8958  0.000e+00
      7.560     8.2826   3.524601    33.6870        937     3.9000  0.000e+00
      7.509     8.2891   3.524862    33.6836        938     3.9042  0.000e+00
      7.468     8.2936   3.526063    33.6921        939     3.9083  0.000e+00
      7.421     8.3002   3.527842    33.7047        940     3.9125  0.000e+00
      7.389     8.3095   3.526069    33.6769        941     3.9167  0.000e+00
      7.357     8.3127   3.527734    33.6915        942     3.9208  0.000e+00
      7.330     8.3178   3.528961    33.6997        943     3.9250  0.000e+00
      7.306     8.3252   3.527626    33.6785        944     3.9292  0.000e+00
      7.290     8.3277   3.527581    33.6755        945     3.9333  0.000e+00
      7.275     8.3277   3.529196    33.6927        946     3.9375  0.000e+00
      7.268     8.3312   3.528401    33.6809        947     3.9417  0.000e+00
      7.265     8.3334   3.528268    33.6774        948     3.9458  0.000e+00
      7.256     8.3341   3.528980    33.6843        949     3.9500  0.000e+00
      7.252     8.3360   3.528916    33.6818        950     3.9542  0.000e+00
      7.248     8.3374   3.529628    33.6880        951     3.9583  0.000e+00
      7.239     8.3400   3.529590    33.6851        952     3.9625  0.000e+00
      7.224     8.3424   3.529405    33.6809        953     3.9667  0.000e+00
      7.206     8.3435   3.529825    33.6843        954     3.9708  0.000e+00
      7.184     8.3448   3.530321    33.6883        955     3.9750  0.000e+00
      7.157     8.3472   3.530340    33.6862        956     3.9792  0.000e+00
      7.134     8.3494   3.530105    33.6816        957     3.9833  0.000e+00
      7.113     8.3503   3.530168    33.6815        958     3.9875  0.000e+00
      7.084     8.3506   3.529132    33.6702        959     3.9917  0.000e+00
      7.056     8.3476   3.528630    33.6677        960     3.9958  0.000e+00
      7.031     8.3435   3.528509    33.6704        961     4.0000  0.000e+00
      7.010     8.3402   3.528528    33.6738        962     4.0042  0.000e+00
      6.991     8.3382   3.528051    33.6706        963     4.0083  0.000e+00
      6.967     8.3357   3.527689    33.6692        964     4.0125  0.000e+00
      6.947     8.3331   3.527733    33.6722        965     4.0167  0.000e+00
      6.926     8.3308   3.528465    33.6821        966     4.0208  0.000e+00
      6.906     8.3312   3.528312    33.6801        967     4.0250  0.000e+00
      6.879     8.3325   3.529590    33.6925        968     4.0292  0.000e+00
      6.857     8.3368   3.530709    33.7002        969     4.0333  0.000e+00
      6.832     8.3442   3.531338    33.6999        970     4.0375  0.000e+00
      6.795     8.3512   3.531942    33.6995        971     4.0417  0.000e+00
      6.761     8.3576   3.532546    33.6998        972     4.0458  0.000e+00
      6.726     8.3637   3.532890    33.6976        973     4.0500  0.000e+00
      6.686     8.3689   3.532769    33.6914        974     4.0542  0.000e+00
      6.650     8.3723   3.533392    33.6948        975     4.0583  0.000e+00
      6.612     8.3754   3.532915    33.6868        976     4.0625  0.000e+00
      6.572     8.3773   3.533646    33.6927        977     4.0667  0.000e+00
      6.540     8.3794   3.534384    33.6985        978     4.0708  0.000e+00
      6.514     8.3838   3.534836    33.6992        979     4.0750  0.000e+00
      6.487     8.3885   3.535186    33.6984        980     4.0792  0.000e+00
      6.465     8.3926   3.535135    33.6938        981     4.0833  0.000e+00
      6.451     8.3956   3.536572    33.7062        982     4.0875  0.000e+00
      6.438     8.4008   3.536980    33.7056        983     4.0917  0.000e+00
      6.427     8.4066   3.536528    33.6952        984     4.0958  0.000e+00
      6.418     8.4100   3.536979    33.6968        985     4.1000  0.000e+00
      6.416     8.4120   3.537005    33.6951        986     4.1042  0.000e+00
      6.413     8.4142   3.537151    33.6946        987     4.1083  0.000e+00
      6.406     8.4157   3.537762    33.6996        988     4.1125  0.000e+00
      6.395     8.4187   3.537781    33.6970        989     4.1167  0.000e+00
      6.382     8.4212   3.538150    33.6985        990     4.1208  0.000e+00
      6.365     8.4243   3.538169    33.6958        991     4.1250  0.000e+00
      6.345     8.4267   3.538277    33.6946        992     4.1292  0.000e+00
      6.315     8.4285   3.538322    33.6933        993     4.1333  0.000e+00
      6.275     8.4300   3.538258    33.6913        994     4.1375  0.000e+00
      6.235     8.4307   3.538150    33.6894        995     4.1417  0.000e+00
      6.188     8.4310   3.537692    33.6844        996     4.1458  0.000e+00
      6.139     8.4297   3.535751    33.6651        997     4.1500  0.000e+00
      6.088     8.4249   3.536050    33.6728        998     4.1542  0.000e+00
      6.037     8.4206   3.535809    33.6744        999     4.1583  0.000e+00
      5.989     8.4180   3.535770    33.6766       1000     4.1625  0.000e+00
      5.943     8.4158   3.534708    33.6674       1001     4.1667  0.000e+00
      5.902     8.4132   3.533951    33.6619       1002     4.1708  0.000e+00
      5.871     8.4092   3.533887    33.6651       1003     4.1750  0.000e+00
      5.840     8.4063   3.533817    33.6671       1004     4.1792  0.000e+00
      5.820     8.4043   3.533175    33.6623       1005     4.1833  0.000e+00
      5.804     8.4018   3.533646    33.6696       1006     4.1875  0.000e+00
      5.784     8.4015   3.532959    33.6626       1007     4.1917  0.000e+00
      5.780     8.4015   3.533347    33.6668       1008     4.1958  0.000e+00
      5.776     8.4023   3.533519    33.6679       1009     4.2000  0.000e+00
      5.773     8.4044   3.534880    33.6802       1010     4.2042  0.000e+00
      5.771     8.4091   3.534275    33.6694       1011     4.2083  0.000e+00
      5.766     8.4125   3.533270    33.6555       1012     4.2125  0.000e+00
      5.764     8.4101   3.533067    33.6555       1013     4.2167  0.000e+00
      5.762     8.4050   3.532781    33.6574       1014     4.2208  0.000e+00
      5.749     8.4005   3.532825    33.6622       1015     4.2250  0.000e+00
      5.749     8.3967   3.531337    33.6501       1016     4.2292  0.000e+00
      5.742     8.3919   3.531096    33.6521       1017     4.2333  0.000e+00
      5.735     8.3881   3.531229    33.6571       1018     4.2375  0.000e+00
      5.725     8.3868   3.531401    33.6603       1019     4.2417  0.000e+00
      5.716     8.3873   3.532202    33.6682       1020     4.2458  0.000e+00
      5.711     8.3899   3.532762    33.6717       1021     4.2500  0.000e+00
      5.700     8.3945   3.533608    33.6762       1022     4.2542  0.000e+00
      5.691     8.4005   3.536897    33.7053       1023     4.2583  0.000e+00
      5.683     8.4139   3.537628    33.7002       1024     4.2625  0.000e+00
      5.671     8.4286   3.537934    33.6895       1025     4.2667  0.000e+00
      5.659     8.4393   3.538131    33.6813       1026     4.2708  0.000e+00
      5.647     8.4478   3.537119    33.6625       1027     4.2750  0.000e+00
      5.620     8.4503   3.537653    33.6657       1028     4.2792  0.000e+00
      5.596     8.4520   3.540466    33.6939       1029     4.2833  0.000e+00
      5.563     8.4627   3.544719    33.7287       1030     4.2875  0.000e+00
      5.531     8.4838   3.544655    33.7078       1031     4.2917  0.000e+00
      5.486     8.5022   3.544133    33.6847       1032     4.2958  0.000e+00
      5.441     8.5119   3.543700    33.6709       1033     4.3000  0.000e+00
      5.395     8.5149   3.544260    33.6740       1034     4.3042  0.000e+00
      5.336     8.5183   3.547458    33.7045       1035     4.3083  0.000e+00
