HB2502/sbe072.cnv
* Sea-Bird SBE 19plus V2 Data File:
* FileName = C:\cruise\data\sbe072.hex
* Software Version Seasave V 7.26.7.121
* Temperature SN = 6128
* Conductivity SN = 6128
* System UpLoad Time = Apr 08 2025 09:26:25
* NMEA Latitude = 41 42.46 N
* NMEA Longitude = 069 28.17 W
* NMEA UTC (Time) = Apr 08 2025  09:25:34
** Ship: Henry Bigelow
** Cruise:  HB2502
** Program:  Spring Bottom Trawl
# nquan = 7
# nvalues = 3141                                  
# units = specified
# name 0 = depSM: Depth [salt water, m]
# name 1 = tv290C: Temperature [ITS-90, deg C]
# name 2 = c0S/m: Conductivity [S/m]
# name 3 = sal00: Salinity, Practical [PSU]
# name 4 = scan: Scan Count
# name 5 = timeM: Time, Elapsed [minutes]
# name 6 = flag:  0.000e+00
# span 0 =     -0.020,    147.981                 
# span 1 =     4.3104,     5.6415                 
# span 2 =   0.002557,   3.245161                 
# span 3 =     0.0190,    33.1305                 
# span 4 =         11,       3151                 
# span 5 =     0.0417,    13.1250                 
# span 6 = 0.0000e+00, 0.0000e+00                 
# interval = seconds: 0.25
# start_time = Apr 08 2025 09:25:34 [NMEA time, header]
# bad_flag = -9.990e-29
*END*
[from data line 616]
     68.802     5.2365   3.186819    32.8943        627     2.6083  0.000e+00
     68.933     5.2369   3.186984    32.8957        628     2.6125  0.000e+00
     69.081     5.2374   3.186905    32.8942        629     2.6167  0.000e+00
     69.247     5.2377   3.186923    32.8940        630     2.6208  0.000e+00
     69.421     5.2376   3.186881    32.8935        631     2.6250  0.000e+00
     69.609     5.2375   3.186905    32.8938        632     2.6292  0.000e+00
     69.797     5.2376   3.187064    32.8955        633     2.6333  0.000e+00
     69.981     5.2377   3.187082    32.8954        634     2.6375  0.000e+00
     70.157     5.2380   3.187021    32.8944        635     2.6417  0.000e+00
     70.310     5.2382   3.187223    32.8965        636     2.6458  0.000e+00
     70.435     5.2383   3.187388    32.8982        637     2.6500  0.000e+00
     70.517     5.2384   3.187431    32.8985        638     2.6542  0.000e+00
     70.565     5.2389   3.187590    32.8998        639     2.6583  0.000e+00
     70.591     5.2391   3.187834    32.9024        640     2.6625  0.000e+00
     70.618     5.2396   3.187956    32.9033        641     2.6667  0.000e+00
     70.638     5.2396   3.188097    32.9049        642     2.6708  0.000e+00
     70.659     5.2401   3.188194    32.9055        643     2.6750  0.000e+00
     70.699     5.2402   3.188256    32.9060        644     2.6792  0.000e+00
     70.770     5.2406   3.188317    32.9063        645     2.6833  0.000e+00
     70.873     5.2407   3.188378    32.9069        646     2.6875  0.000e+00
     71.009     5.2409   3.188421    32.9071        647     2.6917  0.000e+00
     71.177     5.2410   3.188457    32.9074        648     2.6958  0.000e+00
     71.389     5.2411   3.188421    32.9067        649     2.7000  0.000e+00
     71.647     5.2409   3.188378    32.9063        650     2.7042  0.000e+00
     71.968     5.2408   3.188421    32.9068        651     2.7083  0.000e+00
     72.245     5.2409   3.188641    32.9090        652     2.7125  0.000e+00
     72.480     5.2413   3.188818    32.9105        653     2.7167  0.000e+00
     72.724     5.2420   3.188947    32.9112        654     2.7208  0.000e+00
     72.981     5.2427   3.189008    32.9111        655     2.7250  0.000e+00
     73.249     5.2433   3.189087    32.9113        656     2.7292  0.000e+00
     73.531     5.2439   3.189185    32.9116        657     2.7333  0.000e+00
     73.793     5.2444   3.189509    32.9147        658     2.7375  0.000e+00
     74.057     5.2453   3.189851    32.9176        659     2.7417  0.000e+00
     74.309     5.2465   3.190139    32.9196        660     2.7458  0.000e+00
     74.484     5.2480   3.190524    32.9224        661     2.7500  0.000e+00
     74.598     5.2499   3.190866    32.9244        662     2.7542  0.000e+00
     74.770     5.2519   3.191471    32.9293        663     2.7583  0.000e+00
     74.917     5.2543   3.191514    32.9273        664     2.7625  0.000e+00
     74.990     5.2565   3.191697    32.9272        665     2.7667  0.000e+00
     74.980     5.2582   3.191777    32.9265        666     2.7708  0.000e+00
     74.938     5.2597   3.191813    32.9254        667     2.7750  0.000e+00
     74.919     5.2607   3.191899    32.9254        668     2.7792  0.000e+00
     74.946     5.2614   3.191935    32.9251        669     2.7833  0.000e+00
     75.004     5.2622   3.191917    32.9241        670     2.7875  0.000e+00
     75.062     5.2625   3.191899    32.9236        671     2.7917  0.000e+00
     75.131     5.2627   3.191978    32.9242        672     2.7958  0.000e+00
     75.207     5.2630   3.192021    32.9244        673     2.8000  0.000e+00
     75.321     5.2632   3.192076    32.9248        674     2.8042  0.000e+00
     75.455     5.2634   3.192241    32.9264        675     2.8083  0.000e+00
     75.602     5.2637   3.192284    32.9265        676     2.8125  0.000e+00
     75.756     5.2644   3.192260    32.9255        677     2.8167  0.000e+00
     75.908     5.2647   3.192302    32.9256        678     2.8208  0.000e+00
     76.058     5.2649   3.192400    32.9264        679     2.8250  0.000e+00
     76.221     5.2651   3.192584    32.9283        680     2.8292  0.000e+00
     76.391     5.2657   3.192627    32.9281        681     2.8333  0.000e+00
     76.560     5.2663   3.192749    32.9288        682     2.8375  0.000e+00
     76.722     5.2669   3.192889    32.9297        683     2.8417  0.000e+00
     76.880     5.2675   3.193073    32.9311        684     2.8458  0.000e+00
     77.030     5.2684   3.193232    32.9320        685     2.8500  0.000e+00
     77.178     5.2694   3.193275    32.9314        686     2.8542  0.000e+00
     77.328     5.2702   3.193599    32.9343        687     2.8583  0.000e+00
     77.475     5.2712   3.193782    32.9353        688     2.8625  0.000e+00
     77.626     5.2723   3.193819    32.9346        689     2.8667  0.000e+00
     77.787     5.2731   3.193880    32.9344        690     2.8708  0.000e+00
     77.957     5.2740   3.193941    32.9341        691     2.8750  0.000e+00
     78.140     5.2746   3.193960    32.9337        692     2.8792  0.000e+00
     78.335     5.2750   3.194186    32.9357        693     2.8833  0.000e+00
     78.545     5.2757   3.194510    32.9387        694     2.8875  0.000e+00
     78.775     5.2765   3.194467    32.9373        695     2.8917  0.000e+00
     79.030     5.2774   3.194669    32.9386        696     2.8958  0.000e+00
     79.305     5.2783   3.195544    32.9476        697     2.9000  0.000e+00
     79.589     5.2800   3.196271    32.9540        698     2.9042  0.000e+00
     79.833     5.2831   3.196797    32.9569        699     2.9083  0.000e+00
     80.083     5.2866   3.197122    32.9570        700     2.9125  0.000e+00
     80.323     5.2899   3.197507    32.9579        701     2.9167  0.000e+00
     80.555     5.2929   3.197831    32.9586        702     2.9208  0.000e+00
     80.767     5.2957   3.198278    32.9608        703     2.9250  0.000e+00
     80.929     5.2986   3.198602    32.9617        704     2.9292  0.000e+00
     81.062     5.3013   3.199171    32.9654        705     2.9333  0.000e+00
     81.220     5.3042   3.199538    32.9667        706     2.9375  0.000e+00
     81.318     5.3072   3.200205    32.9713        707     2.9417  0.000e+00
     81.331     5.3104   3.200713    32.9739        708     2.9458  0.000e+00
     81.286     5.3140   3.201447    32.9787        709     2.9500  0.000e+00
     81.230     5.3177   3.201361    32.9741        710     2.9542  0.000e+00
     81.197     5.3207   3.201300    32.9705        711     2.9583  0.000e+00
     81.181     5.3228   3.201159    32.9669        712     2.9625  0.000e+00
     81.167     5.3237   3.201037    32.9645        713     2.9667  0.000e+00
     81.167     5.3239   3.200963    32.9635        714     2.9708  0.000e+00
     81.174     5.3239   3.201080    32.9649        715     2.9750  0.000e+00
     81.219     5.3237   3.201141    32.9658        716     2.9792  0.000e+00
     81.312     5.3240   3.200976    32.9636        717     2.9833  0.000e+00
     81.438     5.3239   3.201220    32.9663        718     2.9875  0.000e+00
     81.581     5.3240   3.201526    32.9697        719     2.9917  0.000e+00
     81.744     5.3246   3.201545    32.9692        720     2.9958  0.000e+00
     81.923     5.3251   3.201728    32.9707        721     3.0000  0.000e+00
     82.118     5.3259   3.202096    32.9740        722     3.0042  0.000e+00
     82.329     5.3271   3.202218    32.9742        723     3.0083  0.000e+00
     82.550     5.3281   3.202316    32.9741        724     3.0125  0.000e+00
     82.775     5.3292   3.202316    32.9729        725     3.0167  0.000e+00
     83.010     5.3300   3.202396    32.9730        726     3.0208  0.000e+00
     83.240     5.3304   3.202500    32.9737        727     3.0250  0.000e+00
     83.473     5.3311   3.202580    32.9738        728     3.0292  0.000e+00
     83.708     5.3315   3.202622    32.9737        729     3.0333  0.000e+00
     83.938     5.3320   3.202684    32.9738        730     3.0375  0.000e+00
     84.157     5.3323   3.202702    32.9737        731     3.0417  0.000e+00
     84.367     5.3326   3.202702    32.9732        732     3.0458  0.000e+00
     84.568     5.3329   3.202727    32.9731        733     3.0500  0.000e+00
     84.760     5.3329   3.202702    32.9727        734     3.0542  0.000e+00
     84.946     5.3330   3.202702    32.9725        735     3.0583  0.000e+00
     85.129     5.3331   3.202727    32.9726        736     3.0625  0.000e+00
     85.301     5.3331   3.202727    32.9725        737     3.0667  0.000e+00
     85.466     5.3330   3.202727    32.9725        738     3.0708  0.000e+00
     85.624     5.3330   3.202727    32.9725        739     3.0750  0.000e+00
     85.782     5.3330   3.202764    32.9728        740     3.0792  0.000e+00
     85.941     5.3330   3.202788    32.9730        741     3.0833  0.000e+00
     86.100     5.3330   3.202807    32.9731        742     3.0875  0.000e+00
     86.259     5.3331   3.202868    32.9736        743     3.0917  0.000e+00
     86.411     5.3333   3.202886    32.9736        744     3.0958  0.000e+00
     86.568     5.3334   3.202887    32.9734        745     3.1000  0.000e+00
     86.728     5.3334   3.202948    32.9740        746     3.1042  0.000e+00
     86.882     5.3337   3.203052    32.9749        747     3.1083  0.000e+00
     87.035     5.3338   3.203113    32.9754        748     3.1125  0.000e+00
     87.185     5.3342   3.203236    32.9763        749     3.1167  0.000e+00
     87.331     5.3346   3.203315    32.9767        750     3.1208  0.000e+00
     87.464     5.3352   3.203376    32.9767        751     3.1250  0.000e+00
     87.587     5.3357   3.203597    32.9787        752     3.1292  0.000e+00
     87.714     5.3364   3.203701    32.9791        753     3.1333  0.000e+00
     87.823     5.3371   3.203921    32.9810        754     3.1375  0.000e+00
     87.929     5.3379   3.204087    32.9819        755     3.1417  0.000e+00
     88.042     5.3389   3.204166    32.9818        756     3.1458  0.000e+00
     88.152     5.3397   3.204350    32.9831        757     3.1500  0.000e+00
     88.254     5.3407   3.204491    32.9837        758     3.1542  0.000e+00
     88.359     5.3417   3.204576    32.9836        759     3.1583  0.000e+00
     88.465     5.3427   3.204576    32.9826        760     3.1625  0.000e+00
     88.575     5.3433   3.204638    32.9826        761     3.1667  0.000e+00
     88.693     5.3439   3.204638    32.9820        762     3.1708  0.000e+00
     88.820     5.3442   3.204595    32.9811        763     3.1750  0.000e+00
     88.950     5.3443   3.204577    32.9807        764     3.1792  0.000e+00
     89.084     5.3443   3.204515    32.9799        765     3.1833  0.000e+00
     89.235     5.3441   3.204473    32.9796        766     3.1875  0.000e+00
     89.389     5.3437   3.204479    32.9800        767     3.1917  0.000e+00
     89.555     5.3436   3.204516    32.9805        768     3.1958  0.000e+00
     89.724     5.3435   3.204552    32.9808        769     3.2000  0.000e+00
     89.904     5.3436   3.204614    32.9814        770     3.2042  0.000e+00
     90.087     5.3437   3.204656    32.9817        771     3.2083  0.000e+00
     90.284     5.3440   3.204675    32.9815        772     3.2125  0.000e+00
     90.481     5.3441   3.204657    32.9811        773     3.2167  0.000e+00
     90.687     5.3442   3.204657    32.9809        774     3.2208  0.000e+00
     90.892     5.3443   3.204657    32.9806        775     3.2250  0.000e+00
     91.099     5.3443   3.204638    32.9804        776     3.2292  0.000e+00
     91.303     5.3442   3.204675    32.9808        777     3.2333  0.000e+00
     91.507     5.3442   3.204755    32.9816        778     3.2375  0.000e+00
     91.698     5.3443   3.204816    32.9821        779     3.2417  0.000e+00
     91.887     5.3445   3.204920    32.9830        780     3.2458  0.000e+00
     92.066     5.3449   3.205043    32.9839        781     3.2500  0.000e+00
     92.230     5.3454   3.205147    32.9845        782     3.2542  0.000e+00
     92.388     5.3460   3.205306    32.9856        783     3.2583  0.000e+00
     92.533     5.3466   3.205484    32.9870        784     3.2625  0.000e+00
     92.675     5.3475   3.205569    32.9871        785     3.2667  0.000e+00
     92.796     5.3483   3.205692    32.9876        786     3.2708  0.000e+00
     92.906     5.3492   3.205955    32.9897        787     3.2750  0.000e+00
     93.012     5.3501   3.206286    32.9924        788     3.2792  0.000e+00
     93.117     5.3514   3.206525    32.9939        789     3.2833  0.000e+00
     93.218     5.3530   3.206647    32.9937        790     3.2875  0.000e+00
     93.334     5.3542   3.206733    32.9934        791     3.2917  0.000e+00
     93.457     5.3554   3.206917    32.9942        792     3.2958  0.000e+00
     93.585     5.3564   3.207033    32.9945        793     3.3000  0.000e+00
     93.733     5.3575   3.206972    32.9927        794     3.3042  0.000e+00
     93.898     5.3580   3.206855    32.9907        795     3.3083  0.000e+00
     94.077     5.3580   3.206856    32.9907        796     3.3125  0.000e+00
     94.276     5.3578   3.206831    32.9904        797     3.3167  0.000e+00
     94.489     5.3576   3.206874    32.9910        798     3.3208  0.000e+00
     94.711     5.3577   3.207033    32.9927        799     3.3250  0.000e+00
     94.933     5.3578   3.207180    32.9941        800     3.3292  0.000e+00
     95.161     5.3584   3.207260    32.9943        801     3.3333  0.000e+00
     95.369     5.3589   3.207383    32.9951        802     3.3375  0.000e+00
     95.577     5.3595   3.207401    32.9946        803     3.3417  0.000e+00
     95.755     5.3601   3.207462    32.9946        804     3.3458  0.000e+00
     95.903     5.3606   3.207524    32.9948        805     3.3500  0.000e+00
     96.026     5.3609   3.207566    32.9949        806     3.3542  0.000e+00
     96.127     5.3614   3.207585    32.9946        807     3.3583  0.000e+00
     96.199     5.3616   3.207628    32.9949        808     3.3625  0.000e+00
     96.270     5.3619   3.207646    32.9947        809     3.3667  0.000e+00
     96.331     5.3620   3.207665    32.9948        810     3.3708  0.000e+00
     96.398     5.3622   3.207689    32.9948        811     3.3750  0.000e+00
     96.459     5.3626   3.207689    32.9945        812     3.3792  0.000e+00
     96.544     5.3626   3.207750    32.9951        813     3.3833  0.000e+00
     96.640     5.3628   3.207781    32.9952        814     3.3875  0.000e+00
     96.756     5.3628   3.207812    32.9954        815     3.3917  0.000e+00
     96.894     5.3631   3.207812    32.9952        816     3.3958  0.000e+00
     97.055     5.3634   3.207830    32.9949        817     3.4000  0.000e+00
     97.234     5.3634   3.207812    32.9947        818     3.4042  0.000e+00
     97.433     5.3633   3.207787    32.9944        819     3.4083  0.000e+00
     97.652     5.3633   3.207812    32.9946        820     3.4125  0.000e+00
     97.886     5.3631   3.207910    32.9957        821     3.4167  0.000e+00
     98.130     5.3634   3.207953    32.9958        822     3.4208  0.000e+00
     98.362     5.3636   3.208033    32.9964        823     3.4250  0.000e+00
     98.566     5.3639   3.208076    32.9965        824     3.4292  0.000e+00
     98.782     5.3640   3.208180    32.9974        825     3.4333  0.000e+00
     98.983     5.3644   3.208321    32.9986        826     3.4375  0.000e+00
     99.164     5.3648   3.208357    32.9985        827     3.4417  0.000e+00
     99.309     5.3656   3.208321    32.9973        828     3.4458  0.000e+00
     99.414     5.3658   3.208327    32.9971        829     3.4500  0.000e+00
     99.502     5.3659   3.208419    32.9979        830     3.4542  0.000e+00
