HB2502/sbe049.cnv
* Sea-Bird SBE 19plus V2 Data File:
* FileName = C:\cruise\data\sbe049.hex
* Software Version Seasave V 7.26.7.121
* Temperature SN = 6128
* Conductivity SN = 6128
* System UpLoad Time = Apr 02 2025 12:45:53
* NMEA Latitude = 40 51.83 N
* NMEA Longitude = 070 55.34 W
* NMEA UTC (Time) = Apr 02 2025  12:44:56
** Ship: Henry Bigelow
** Cruise:  HB2502
** Program:  Spring Bottom Trawl
# nquan = 7
# nvalues = 1411                                  
# units = specified
# name 0 = depSM: Depth [salt water, m]
# name 1 = tv290C: Temperature [ITS-90, deg C]
# name 2 = c0S/m: Conductivity [S/m]
# name 3 = sal00: Salinity, Practical [PSU]
# name 4 = scan: Scan Count
# name 5 = timeM: Time, Elapsed [minutes]
# name 6 = flag:  0.000e+00
# span 0 =      0.155,     49.851                 
# span 1 =     2.7484,     5.2932                 
# span 2 =   0.004380,   3.168531                 
# span 3 =     0.0335,    32.8866                 
# span 4 =         11,       1421                 
# span 5 =     0.0417,     5.9167                 
# span 6 = 0.0000e+00, 0.0000e+00                 
# interval = seconds: 0.25
# start_time = Apr 02 2025 12:44:56 [NMEA time, header]
# bad_flag = -9.990e-29
*END*
[from data line 616]
     39.219     5.1222   3.158060    32.6922        627     2.6083  0.000e+00
     39.163     5.1222   3.157981    32.6914        628     2.6125  0.000e+00
     39.102     5.1220   3.158024    32.6920        629     2.6167  0.000e+00
     39.026     5.1218   3.157981    32.6918        630     2.6208  0.000e+00
     38.941     5.1217   3.157963    32.6918        631     2.6250  0.000e+00
     38.849     5.1216   3.157926    32.6915        632     2.6292  0.000e+00
     38.752     5.1214   3.157993    32.6925        633     2.6333  0.000e+00
     38.652     5.1214   3.158024    32.6929        634     2.6375  0.000e+00
     38.554     5.1215   3.158005    32.6926        635     2.6417  0.000e+00
     38.452     5.1217   3.157963    32.6920        636     2.6458  0.000e+00
     38.371     5.1218   3.157981    32.6921        637     2.6500  0.000e+00
     38.299     5.1217   3.157963    32.6921        638     2.6542  0.000e+00
     38.248     5.1216   3.157926    32.6918        639     2.6583  0.000e+00
     38.215     5.1215   3.157944    32.6920        640     2.6625  0.000e+00
     38.193     5.1214   3.157963    32.6924        641     2.6667  0.000e+00
     38.196     5.1213   3.157963    32.6925        642     2.6708  0.000e+00
     38.210     5.1212   3.157944    32.6924        643     2.6750  0.000e+00
     38.232     5.1212   3.157963    32.6926        644     2.6792  0.000e+00
     38.254     5.1214   3.157981    32.6926        645     2.6833  0.000e+00
     38.267     5.1214   3.157963    32.6923        646     2.6875  0.000e+00
     38.274     5.1214   3.157963    32.6924        647     2.6917  0.000e+00
     38.271     5.1215   3.157944    32.6920        648     2.6958  0.000e+00
     38.264     5.1214   3.157963    32.6923        649     2.7000  0.000e+00
     38.248     5.1215   3.157969    32.6924        650     2.7042  0.000e+00
     38.217     5.1215   3.157963    32.6923        651     2.7083  0.000e+00
     38.181     5.1217   3.157963    32.6921        652     2.7125  0.000e+00
     38.133     5.1218   3.157963    32.6920        653     2.7167  0.000e+00
     38.078     5.1218   3.157944    32.6918        654     2.7208  0.000e+00
     38.012     5.1216   3.157944    32.6921        655     2.7250  0.000e+00
     37.937     5.1215   3.157865    32.6913        656     2.7292  0.000e+00
     37.868     5.1213   3.157762    32.6904        657     2.7333  0.000e+00
     37.782     5.1206   3.157701    32.6904        658     2.7375  0.000e+00
     37.701     5.1200   3.157841    32.6926        659     2.7417  0.000e+00
     37.612     5.1198   3.157865    32.6932        660     2.7458  0.000e+00
     37.523     5.1203   3.158041    32.6947        661     2.7500  0.000e+00
     37.429     5.1209   3.157901    32.6925        662     2.7542  0.000e+00
     37.336     5.1213   3.157883    32.6921        663     2.7583  0.000e+00
     37.238     5.1214   3.157944    32.6927        664     2.7625  0.000e+00
     37.136     5.1215   3.157901    32.6922        665     2.7667  0.000e+00
     37.038     5.1216   3.157822    32.6912        666     2.7708  0.000e+00
     36.939     5.1213   3.157883    32.6923        667     2.7750  0.000e+00
     36.850     5.1211   3.157846    32.6920        668     2.7792  0.000e+00
     36.762     5.1211   3.157840    32.6920        669     2.7833  0.000e+00
     36.677     5.1209   3.157840    32.6923        670     2.7875  0.000e+00
     36.599     5.1209   3.157944    32.6935        671     2.7917  0.000e+00
     36.520     5.1212   3.157926    32.6930        672     2.7958  0.000e+00
     36.451     5.1215   3.157901    32.6924        673     2.8000  0.000e+00
     36.377     5.1218   3.157865    32.6918        674     2.8042  0.000e+00
     36.293     5.1216   3.157840    32.6918        675     2.8083  0.000e+00
     36.227     5.1213   3.157743    32.6910        676     2.8125  0.000e+00
     36.157     5.1209   3.157725    32.6911        677     2.8167  0.000e+00
     36.081     5.1206   3.157682    32.6911        678     2.8208  0.000e+00
     36.000     5.1200   3.157725    32.6921        679     2.8250  0.000e+00
     35.933     5.1198   3.157840    32.6937        680     2.8292  0.000e+00
     35.862     5.1201   3.158004    32.6953        681     2.8333  0.000e+00
     35.790     5.1212   3.157864    32.6927        682     2.8375  0.000e+00
     35.724     5.1215   3.157761    32.6912        683     2.8417  0.000e+00
     35.656     5.1214   3.157785    32.6916        684     2.8458  0.000e+00
     35.592     5.1211   3.157718    32.6912        685     2.8500  0.000e+00
     35.522     5.1208   3.157962    32.6943        686     2.8542  0.000e+00
     35.463     5.1213   3.157943    32.6936        687     2.8583  0.000e+00
     35.402     5.1219   3.157962    32.6934        688     2.8625  0.000e+00
     35.357     5.1222   3.157925    32.6926        689     2.8667  0.000e+00
     35.310     5.1225   3.157840    32.6914        690     2.8708  0.000e+00
     35.278     5.1224   3.157761    32.6906        691     2.8750  0.000e+00
     35.254     5.1217   3.157560    32.6890        692     2.8792  0.000e+00
     35.234     5.1214   3.157663    32.6905        693     2.8833  0.000e+00
     35.231     5.1207   3.157645    32.6909        694     2.8875  0.000e+00
     35.238     5.1204   3.157584    32.6905        695     2.8917  0.000e+00
     35.239     5.1200   3.157645    32.6916        696     2.8958  0.000e+00
     35.248     5.1197   3.157621    32.6917        697     2.9000  0.000e+00
     35.236     5.1194   3.157645    32.6922        698     2.9042  0.000e+00
     35.230     5.1193   3.157645    32.6923        699     2.9083  0.000e+00
     35.204     5.1193   3.157621    32.6921        700     2.9125  0.000e+00
     35.168     5.1192   3.157603    32.6919        701     2.9167  0.000e+00
     35.103     5.1191   3.157603    32.6921        702     2.9208  0.000e+00
     35.036     5.1190   3.157572    32.6919        703     2.9250  0.000e+00
     34.942     5.1190   3.157584    32.6921        704     2.9292  0.000e+00
     34.821     5.1188   3.157663    32.6932        705     2.9333  0.000e+00
     34.705     5.1190   3.157584    32.6922        706     2.9375  0.000e+00
     34.578     5.1191   3.157541    32.6916        707     2.9417  0.000e+00
     34.437     5.1190   3.157645    32.6930        708     2.9458  0.000e+00
     34.302     5.1191   3.157645    32.6930        709     2.9500  0.000e+00
     34.165     5.1192   3.157900    32.6959        710     2.9542  0.000e+00
     34.039     5.1206   3.158320    32.6994        711     2.9583  0.000e+00
     33.921     5.1231   3.158320    32.6971        712     2.9625  0.000e+00
     33.810     5.1254   3.158241    32.6939        713     2.9667  0.000e+00
     33.719     5.1270   3.159361    32.7052        714     2.9708  0.000e+00
     33.644     5.1319   3.160561    32.7142        715     2.9750  0.000e+00
     33.581     5.1415   3.160579    32.7050        716     2.9792  0.000e+00
     33.522     5.1497   3.160201    32.6927        717     2.9833  0.000e+00
     33.482     5.1538   3.160061    32.6871        718     2.9875  0.000e+00
     33.455     5.1547   3.160061    32.6862        719     2.9917  0.000e+00
     33.441     5.1547   3.160037    32.6859        720     2.9958  0.000e+00
     33.425     5.1545   3.159939    32.6850        721     3.0000  0.000e+00
     33.412     5.1540   3.159860    32.6846        722     3.0042  0.000e+00
     33.407     5.1533   3.159720    32.6837        723     3.0083  0.000e+00
     33.401     5.1518   3.159483    32.6824        724     3.0125  0.000e+00
     33.394     5.1501   3.159343    32.6825        725     3.0167  0.000e+00
     33.393     5.1480   3.159203    32.6830        726     3.0208  0.000e+00
     33.387     5.1458   3.159379    32.6872        727     3.0250  0.000e+00
     33.378     5.1452   3.160079    32.6958        728     3.0292  0.000e+00
     33.366     5.1476   3.160420    32.6973        729     3.0333  0.000e+00
     33.344     5.1518   3.160238    32.6911        730     3.0375  0.000e+00
     33.322     5.1543   3.160122    32.6874        731     3.0417  0.000e+00
     33.295     5.1550   3.160499    32.6911        732     3.0458  0.000e+00
     33.259     5.1567   3.160798    32.6928        733     3.0500  0.000e+00
     33.222     5.1595   3.160962    32.6919        734     3.0542  0.000e+00
     33.180     5.1626   3.161260    32.6924        735     3.0583  0.000e+00
     33.134     5.1659   3.161382    32.6905        736     3.0625  0.000e+00
     33.087     5.1689   3.161540    32.6894        737     3.0667  0.000e+00
     33.042     5.1715   3.161279    32.6840        738     3.0708  0.000e+00
     32.993     5.1723   3.161218    32.6824        739     3.0750  0.000e+00
     32.943     5.1722   3.161449    32.6853        740     3.0792  0.000e+00
     32.888     5.1730   3.161741    32.6878        741     3.0833  0.000e+00
     32.826     5.1750   3.161321    32.6811        742     3.0875  0.000e+00
     32.753     5.1748   3.160998    32.6776        743     3.0917  0.000e+00
     32.668     5.1729   3.161723    32.6878        744     3.0958  0.000e+00
     32.569     5.1742   3.161760    32.6870        745     3.1000  0.000e+00
     32.461     5.1763   3.161638    32.6836        746     3.1042  0.000e+00
     32.343     5.1772   3.161181    32.6776        747     3.1083  0.000e+00
     32.214     5.1756   3.160998    32.6772        748     3.1125  0.000e+00
     32.089     5.1732   3.161382    32.6839        749     3.1167  0.000e+00
     31.961     5.1728   3.161558    32.6864        750     3.1208  0.000e+00
     31.837     5.1739   3.161601    32.6859        751     3.1250  0.000e+00
     31.731     5.1752   3.161637    32.6851        752     3.1292  0.000e+00
     31.641     5.1764   3.161838    32.6863        753     3.1333  0.000e+00
     31.576     5.1780   3.161960    32.6861        754     3.1375  0.000e+00
     31.533     5.1800   3.161978    32.6844        755     3.1417  0.000e+00
     31.510     5.1816   3.162021    32.6834        756     3.1458  0.000e+00
     31.516     5.1826   3.162021    32.6824        757     3.1500  0.000e+00
     31.545     5.1834   3.162039    32.6818        758     3.1542  0.000e+00
     31.594     5.1839   3.162064    32.6815        759     3.1583  0.000e+00
     31.644     5.1841   3.162003    32.6806        760     3.1625  0.000e+00
     31.712     5.1842   3.161960    32.6800        761     3.1667  0.000e+00
     31.786     5.1840   3.162039    32.6811        762     3.1708  0.000e+00
     31.855     5.1840   3.162039    32.6810        763     3.1750  0.000e+00
     31.913     5.1841   3.161960    32.6800        764     3.1792  0.000e+00
     31.963     5.1839   3.161741    32.6777        765     3.1833  0.000e+00
     32.008     5.1826   3.161400    32.6750        766     3.1875  0.000e+00
     32.034     5.1800   3.161260    32.6759        767     3.1917  0.000e+00
     32.034     5.1773   3.161181    32.6777        768     3.1958  0.000e+00
     32.011     5.1750   3.161138    32.6794        769     3.2000  0.000e+00
     31.973     5.1732   3.161041    32.6801        770     3.2042  0.000e+00
     31.913     5.1716   3.161102    32.6824        771     3.2083  0.000e+00
     31.830     5.1710   3.161102    32.6830        772     3.2125  0.000e+00
     31.734     5.1706   3.161522    32.6883        773     3.2167  0.000e+00
     31.640     5.1719   3.161899    32.6914        774     3.2208  0.000e+00
     31.529     5.1750   3.162039    32.6900        775     3.2250  0.000e+00
     31.420     5.1788   3.162660    32.6934        776     3.2292  0.000e+00
     31.300     5.1838   3.163001    32.6925        777     3.2333  0.000e+00
     31.188     5.1892   3.163282    32.6905        778     3.2375  0.000e+00
     31.083     5.1945   3.163300    32.6855        779     3.2417  0.000e+00
     30.980     5.1984   3.163300    32.6818        780     3.2458  0.000e+00
     30.888     5.2006   3.163324    32.6800        781     3.2500  0.000e+00
     30.806     5.2020   3.163458    32.6801        782     3.2542  0.000e+00
     30.730     5.2036   3.163622    32.6805        783     3.2583  0.000e+00
     30.665     5.2053   3.163659    32.6793        784     3.2625  0.000e+00
     30.606     5.2068   3.163823    32.6798        785     3.2667  0.000e+00
     30.560     5.2085   3.164140    32.6817        786     3.2708  0.000e+00
     30.515     5.2114   3.164280    32.6806        787     3.2750  0.000e+00
     30.479     5.2140   3.164445    32.6799        788     3.2792  0.000e+00
     30.456     5.2167   3.164585    32.6788        789     3.2833  0.000e+00
     30.447     5.2194   3.164700    32.6776        790     3.2875  0.000e+00
     30.445     5.2217   3.164725    32.6755        791     3.2917  0.000e+00
     30.456     5.2232   3.164786    32.6748        792     3.2958  0.000e+00
     30.479     5.2244   3.164786    32.6736        793     3.3000  0.000e+00
     30.510     5.2254   3.164725    32.6719        794     3.3042  0.000e+00
     30.545     5.2257   3.164700    32.6713        795     3.3083  0.000e+00
     30.588     5.2256   3.164682    32.6712        796     3.3125  0.000e+00
     30.629     5.2255   3.164664    32.6711        797     3.3167  0.000e+00
     30.677     5.2251   3.164646    32.6712        798     3.3208  0.000e+00
     30.717     5.2249   3.164646    32.6714        799     3.3250  0.000e+00
     30.751     5.2246   3.164700    32.6723        800     3.3292  0.000e+00
     30.762     5.2248   3.164725    32.6724        801     3.3333  0.000e+00
     30.764     5.2251   3.164761    32.6725        802     3.3375  0.000e+00
     30.735     5.2252   3.164786    32.6727        803     3.3417  0.000e+00
     30.697     5.2256   3.164804    32.6726        804     3.3458  0.000e+00
     30.641     5.2259   3.164761    32.6718        805     3.3500  0.000e+00
     30.584     5.2259   3.164761    32.6719        806     3.3542  0.000e+00
     30.509     5.2259   3.164767    32.6720        807     3.3583  0.000e+00
     30.431     5.2260   3.164804    32.6723        808     3.3625  0.000e+00
     30.353     5.2259   3.164865    32.6731        809     3.3667  0.000e+00
     30.270     5.2264   3.165163    32.6761        810     3.3708  0.000e+00
     30.180     5.2282   3.165181    32.6746        811     3.3750  0.000e+00
     30.101     5.2299   3.165181    32.6729        812     3.3792  0.000e+00
     30.009     5.2312   3.165382    32.6740        813     3.3833  0.000e+00
     29.923     5.2324   3.165267    32.6715        814     3.3875  0.000e+00
     29.840     5.2334   3.165425    32.6725        815     3.3917  0.000e+00
     29.759     5.2344   3.165285    32.6699        816     3.3958  0.000e+00
     29.675     5.2349   3.165687    32.6741        817     3.4000  0.000e+00
     29.596     5.2362   3.165626    32.6722        818     3.4042  0.000e+00
     29.513     5.2376   3.165662    32.6712        819     3.4083  0.000e+00
     29.428     5.2385   3.165321    32.6665        820     3.4125  0.000e+00
     29.353     5.2377   3.165522    32.6696        821     3.4167  0.000e+00
     29.279     5.2375   3.166028    32.6756        822     3.4208  0.000e+00
     29.217     5.2397   3.165888    32.6718        823     3.4250  0.000e+00
     29.168     5.2419   3.166046    32.6716        824     3.4292  0.000e+00
     29.134     5.2436   3.165943    32.6687        825     3.4333  0.000e+00
     29.115     5.2443   3.165924    32.6678        826     3.4375  0.000e+00
     29.125     5.2445   3.166046    32.6691        827     3.4417  0.000e+00
     29.148     5.2450   3.166144    32.6696        828     3.4458  0.000e+00
     29.180     5.2459   3.166144    32.6688        829     3.4500  0.000e+00
     29.222     5.2467   3.166125    32.6677        830     3.4542  0.000e+00
