HB2502/sbe017.cnv
* Sea-Bird SBE 19plus V2 Data File:
* FileName = C:\cruise\data\sbe017.hex
* Software Version Seasave V 7.26.7.121
* Temperature SN = 6128
* Conductivity SN = 6128
* System UpLoad Time = Mar 12 2025 17:35:52
* NMEA Latitude = 36 48.32 N
* NMEA Longitude = 074 48.20 W
* NMEA UTC (Time) = Mar 12 2025  17:34:33
** Ship: Henry Bigelow
** Cruise:  HB2502
** Program:  Spring Bottom Trawl
# nquan = 7
# nvalues = 1281                                  
# units = specified
# name 0 = depSM: Depth [salt water, m]
# name 1 = tv290C: Temperature [ITS-90, deg C]
# name 2 = c0S/m: Conductivity [S/m]
# name 3 = sal00: Salinity, Practical [PSU]
# name 4 = scan: Scan Count
# name 5 = timeM: Time, Elapsed [minutes]
# name 6 = flag:  0.000e+00
# span 0 =     -0.040,     51.019                 
# span 1 =     7.4360,    11.1333                 
# span 2 =   0.007328,   3.882231                 
# span 3 =     0.0485,    34.6687                 
# span 4 =         11,       1291                 
# span 5 =     0.0417,     5.3750                 
# span 6 = 0.0000e+00, 0.0000e+00                 
# interval = seconds: 0.25
# start_time = Mar 12 2025 17:34:33 [NMEA time, header]
# bad_flag = -9.990e-29
*END*
[from data line 411]
     38.625     8.3912   3.496290    33.2690        422     1.7542  0.000e+00
     38.641     8.3861   3.494473    33.2546        423     1.7583  0.000e+00
     38.683     8.3775   3.495176    33.2701        424     1.7625  0.000e+00
     38.746     8.3722   3.497399    33.2986        425     1.7667  0.000e+00
     38.827     8.3744   3.499807    33.3219        426     1.7708  0.000e+00
     38.932     8.3833   3.502513    33.3421        427     1.7750  0.000e+00
     39.054     8.3970   3.503837    33.3431        428     1.7792  0.000e+00
     39.200     8.4110   3.504541    33.3372        429     1.7833  0.000e+00
     39.374     8.4231   3.505828    33.3392        430     1.7875  0.000e+00
     39.577     8.4338   3.509411    33.3669        431     1.7917  0.000e+00
     39.794     8.4487   3.510826    33.3676        432     1.7958  0.000e+00
     40.046     8.4645   3.513789    33.3838        433     1.8000  0.000e+00
     40.313     8.4821   3.518601    33.4178        434     1.8042  0.000e+00
     40.618     8.5057   3.525410    33.4671        435     1.8083  0.000e+00
     40.916     8.5386   3.532664    33.5123        436     1.8125  0.000e+00
     41.213     8.5816   3.534241    33.4879        437     1.8167  0.000e+00
     41.492     8.6177   3.537078    33.4835        438     1.8208  0.000e+00
     41.761     8.6485   3.539719    33.4819        439     1.8250  0.000e+00
     42.016     8.6757   3.541909    33.4791        440     1.8292  0.000e+00
     42.274     8.6989   3.542755    33.4659        441     1.8333  0.000e+00
     42.527     8.7168   3.544595    33.4682        442     1.8375  0.000e+00
     42.782     8.7318   3.546793    33.4769        443     1.8417  0.000e+00
     43.019     8.7459   3.547876    33.4748        444     1.8458  0.000e+00
     43.233     8.7585   3.548130    33.4655        445     1.8500  0.000e+00
     43.405     8.7675   3.548506    33.4609        446     1.8542  0.000e+00
     43.521     8.7735   3.548615    33.4562        447     1.8583  0.000e+00
     43.664     8.7782   3.552266    33.4900        448     1.8625  0.000e+00
     43.926     8.7876   3.553076    33.4895        449     1.8667  0.000e+00
     44.095     8.7982   3.553968    33.4888        450     1.8708  0.000e+00
     44.168     8.8063   3.555122    33.4931        451     1.8750  0.000e+00
     44.178     8.8137   3.555708    33.4923        452     1.8792  0.000e+00
     44.152     8.8203   3.556014    33.4893        453     1.8833  0.000e+00
     44.147     8.8254   3.556403    33.4886        454     1.8875  0.000e+00
     44.171     8.8292   3.556729    33.4883        455     1.8917  0.000e+00
     44.194     8.8324   3.556971    33.4879        456     1.8958  0.000e+00
     44.217     8.8349   3.557060    33.4864        457     1.9000  0.000e+00
     44.235     8.8366   3.557213    33.4864        458     1.9042  0.000e+00
     44.261     8.8382   3.557557    33.4884        459     1.9083  0.000e+00
     44.319     8.8397   3.558061    33.4923        460     1.9125  0.000e+00
     44.398     8.8420   3.558846    33.4983        461     1.9167  0.000e+00
     44.505     8.8455   3.559522    33.5021        462     1.9208  0.000e+00
     44.637     8.8493   3.559847    33.5018        463     1.9250  0.000e+00
     44.787     8.8527   3.560396    33.5042        464     1.9292  0.000e+00
     44.958     8.8571   3.565897    33.5576        465     1.9333  0.000e+00
     45.146     8.8736   3.580003    33.6895        466     1.9375  0.000e+00
     45.343     8.9230   3.608532    33.9408        467     1.9417  0.000e+00
     45.559     9.0325   3.633052    34.0922        468     1.9458  0.000e+00
     45.774     9.1856   3.656529    34.1901        469     1.9500  0.000e+00
     45.999     9.3606   3.681845    34.2851        470     1.9542  0.000e+00
     46.227     9.5520   3.710796    34.4010        471     1.9583  0.000e+00
     46.457     9.7602   3.733003    34.4300        472     1.9625  0.000e+00
     46.679     9.9591   3.741801    34.3303        473     1.9667  0.000e+00
     46.900    10.1154   3.738110    34.1445        474     1.9708  0.000e+00
     47.105    10.2035   3.738792    34.0683        475     1.9750  0.000e+00
     47.295    10.2453   3.746407    34.1061        476     1.9792  0.000e+00
     47.469    10.2789   3.766580    34.2790        477     1.9833  0.000e+00
     47.632    10.3417   3.775667    34.3116        478     1.9875  0.000e+00
     47.791    10.4103   3.788398    34.3755        479     1.9917  0.000e+00
     47.939    10.4837   3.793153    34.3541        480     1.9958  0.000e+00
     48.077    10.5467   3.798520    34.3487        481     2.0000  0.000e+00
     48.217    10.5988   3.804250    34.3573        482     2.0042  0.000e+00
     48.351    10.6406   3.812114    34.3970        483     2.0083  0.000e+00
     48.483    10.6825   3.819309    34.4297        484     2.0125  0.000e+00
     48.622    10.7230   3.830957    34.5084        485     2.0167  0.000e+00
     48.763    10.7717   3.842198    34.5751        486     2.0208  0.000e+00
     48.906    10.8289   3.849132    34.5906        487     2.0250  0.000e+00
     49.054    10.8835   3.852279    34.5704        488     2.0292  0.000e+00
     49.214    10.9267   3.850566    34.5125        489     2.0333  0.000e+00
     49.369    10.9513   3.854748    34.5310        490     2.0375  0.000e+00
     49.532    10.9673   3.860947    34.5778        491     2.0417  0.000e+00
     49.702    10.9895   3.866294    34.6101        492     2.0458  0.000e+00
     49.874    11.0139   3.866155    34.5856        493     2.0500  0.000e+00
     50.044    11.0319   3.867724    34.5842        494     2.0542  0.000e+00
     50.213    11.0451   3.869294    34.5875        495     2.0583  0.000e+00
     50.382    11.0560   3.871907    34.6031        496     2.0625  0.000e+00
     50.542    11.0670   3.873503    34.6086        497     2.0667  0.000e+00
     50.700    11.0772   3.875833    34.6221        498     2.0708  0.000e+00
     50.847    11.0878   3.877378    34.6275        499     2.0750  0.000e+00
     50.973    11.0983   3.876374    34.6075        500     2.0792  0.000e+00
     51.019    11.1041   3.877470    34.6130        501     2.0833  0.000e+00
     50.983    11.1074   3.879649    34.6315        502     2.0875  0.000e+00
     50.879    11.1139   3.881472    34.6437        503     2.0917  0.000e+00
     50.740    11.1230   3.882231    34.6426        504     2.0958  0.000e+00
     50.635    11.1304   3.880322    34.6167        505     2.1000  0.000e+00
     50.536    11.1333   3.878084    34.5917        506     2.1042  0.000e+00
     50.424    11.1308   3.878982    34.6031        507     2.1083  0.000e+00
     50.297    11.1282   3.880804    34.6238        508     2.1125  0.000e+00
     50.161    11.1298   3.877305    34.5875        509     2.1167  0.000e+00
     50.031    11.1270   3.876955    34.5867        510     2.1208  0.000e+00
     49.911    11.1221   3.876156    34.5834        511     2.1250  0.000e+00
     49.788    11.1184   3.877285    34.5982        512     2.1292  0.000e+00
     49.683    11.1163   3.873866    34.5662        513     2.1333  0.000e+00
     49.583    11.1108   3.873516    34.5680        514     2.1375  0.000e+00
     49.507    11.1053   3.873470    34.5727        515     2.1417  0.000e+00
     49.445    11.1015   3.873331    34.5749        516     2.1458  0.000e+00
     49.411    11.0991   3.873127    34.5751        517     2.1500  0.000e+00
     49.389    11.0971   3.871035    34.5562        518     2.1542  0.000e+00
     49.373    11.0932   3.869649    34.5460        519     2.1583  0.000e+00
     49.371    11.0875   3.868053    34.5355        520     2.1625  0.000e+00
     49.390    11.0813   3.867123    34.5321        521     2.1667  0.000e+00
     49.421    11.0758   3.866523    34.5313        522     2.1708  0.000e+00
     49.461    11.0709   3.867071    34.5413        523     2.1750  0.000e+00
     49.503    11.0682   3.867961    34.5527        524     2.1792  0.000e+00
     49.555    11.0670   3.869228    34.5664        525     2.1833  0.000e+00
     49.602    11.0684   3.871293    34.5856        526     2.1875  0.000e+00
     49.644    11.0724   3.872612    34.5950        527     2.1917  0.000e+00
     49.683    11.0778   3.873265    34.5964        528     2.1958  0.000e+00
     49.719    11.0831   3.873952    34.5983        529     2.2000  0.000e+00
     49.730    11.0877   3.874948    34.6039        530     2.2042  0.000e+00
     49.712    11.0923   3.876156    34.6115        531     2.2083  0.000e+00
     49.679    11.0975   3.876638    34.6114        532     2.2125  0.000e+00
     49.632    11.1026   3.876829    34.6086        533     2.2167  0.000e+00
     49.562    11.1059   3.873885    34.5762        534     2.2208  0.000e+00
     49.462    11.1037   3.870692    34.5466        535     2.2250  0.000e+00
     49.342    11.0955   3.865725    34.5049        536     2.2292  0.000e+00
     49.201    11.0834   3.864367    34.5027        537     2.2333  0.000e+00
     49.050    11.0740   3.864479    34.5127        538     2.2375  0.000e+00
     48.878    11.0693   3.862455    34.4971        539     2.2417  0.000e+00
     48.679    11.0646   3.859107    34.4682        540     2.2458  0.000e+00
     48.481    11.0550   3.850953    34.3962        541     2.2500  0.000e+00
     48.273    11.0335   3.837065    34.2780        542     2.2542  0.000e+00
     48.056    10.9902   3.828483    34.2330        543     2.2583  0.000e+00
     47.842    10.9401   3.817056    34.1660        544     2.2625  0.000e+00
     47.629    10.8870   3.807024    34.1153        545     2.2667  0.000e+00
     47.417    10.8300   3.797619    34.0746        546     2.2708  0.000e+00
     47.215    10.7752   3.791703    34.0665        547     2.2750  0.000e+00
     47.012    10.7260   3.785098    34.0462        548     2.2792  0.000e+00
     46.828    10.6804   3.769799    33.9354        549     2.2833  0.000e+00
     46.651    10.6283   3.770008    33.9860        550     2.2875  0.000e+00
     46.488    10.5949   3.765414    33.9711        551     2.2917  0.000e+00
     46.338    10.5732   3.749528    33.8317        552     2.2958  0.000e+00
     46.209    10.5262   3.740317    33.7827        553     2.3000  0.000e+00
     46.093    10.4636   3.734698    33.7843        554     2.3042  0.000e+00
     45.999    10.4030   3.726034    33.7533        555     2.3083  0.000e+00
     45.921    10.3432   3.721112    33.7592        556     2.3125  0.000e+00
     45.863    10.2883   3.719255    33.7915        557     2.3167  0.000e+00
     45.827    10.2474   3.716659    33.8034        558     2.3208  0.000e+00
     45.803    10.2155   3.715583    33.8223        559     2.3250  0.000e+00
     45.787    10.1917   3.715103    33.8396        560     2.3292  0.000e+00
     45.787    10.1752   3.715044    33.8544        561     2.3333  0.000e+00
     45.799    10.1651   3.715304    33.8665        562     2.3375  0.000e+00
     45.821    10.1596   3.715512    33.8737        563     2.3417  0.000e+00
     45.842    10.1573   3.716089    33.8817        564     2.3458  0.000e+00
     45.864    10.1581   3.717258    33.8929        565     2.3500  0.000e+00
     45.887    10.1619   3.719809    33.9152        566     2.3542  0.000e+00
     45.904    10.1711   3.721348    33.9222        567     2.3583  0.000e+00
     45.924    10.1829   3.723244    33.9303        568     2.3625  0.000e+00
     45.941    10.1958   3.724361    33.9296        569     2.3667  0.000e+00
     45.949    10.2084   3.724244    33.9166        570     2.3708  0.000e+00
     45.946    10.2167   3.722919    33.8954        571     2.3750  0.000e+00
     45.935    10.2192   3.721600    33.8797        572     2.3792  0.000e+00
     45.906    10.2164   3.718867    33.8546        573     2.3833  0.000e+00
     45.864    10.2071   3.713753    33.8115        574     2.3875  0.000e+00
     45.804    10.1870   3.713039    33.8230        575     2.3917  0.000e+00
     45.724    10.1656   3.711567    33.8281        576     2.3958  0.000e+00
     45.621    10.1437   3.686446    33.5936        577     2.4000  0.000e+00
     45.498    10.0758   3.682424    33.6159        578     2.4042  0.000e+00
     45.355     9.9987   3.678184    33.6446        579     2.4083  0.000e+00
     45.190     9.9333   3.633331    33.2487        580     2.4125  0.000e+00
     45.004     9.7994   3.600328    33.0355        581     2.4167  0.000e+00
     44.798     9.5870   3.569343    32.9134        582     2.4208  0.000e+00
     44.571     9.3534   3.562068    33.0538        583     2.4250  0.000e+00
     44.341     9.1598   3.560105    33.2133        584     2.4292  0.000e+00
     44.093     9.0312   3.558257    33.3143        585     2.4333  0.000e+00
     43.846     8.9516   3.554986    33.3550        586     2.4375  0.000e+00
     43.607     8.8986   3.553336    33.3877        587     2.4417  0.000e+00
     43.344     8.8622   3.552616    33.4145        588     2.4458  0.000e+00
     43.117     8.8387   3.551985    33.4303        589     2.4500  0.000e+00
     42.902     8.8233   3.549939    33.4235        590     2.4542  0.000e+00
     42.702     8.8104   3.548678    33.4225        591     2.4583  0.000e+00
     42.527     8.7990   3.548091    33.4272        592     2.4625  0.000e+00
     42.378     8.7896   3.547531    33.4302        593     2.4667  0.000e+00
     42.273     8.7824   3.546620    33.4275        594     2.4708  0.000e+00
     42.197     8.7760   3.546575    33.4331        595     2.4750  0.000e+00
     42.163     8.7714   3.546397    33.4356        596     2.4792  0.000e+00
     42.167     8.7686   3.546353    33.4378        597     2.4833  0.000e+00
     42.207     8.7668   3.546531    33.4414        598     2.4875  0.000e+00
     42.274     8.7664   3.546550    33.4419        599     2.4917  0.000e+00
     42.367     8.7664   3.546614    33.4425        600     2.4958  0.000e+00
     42.472     8.7668   3.546900    33.4451        601     2.5000  0.000e+00
     42.588     8.7675   3.547092    33.4464        602     2.5042  0.000e+00
     42.708     8.7687   3.547538    33.4499        603     2.5083  0.000e+00
     42.817     8.7705   3.548047    33.4535        604     2.5125  0.000e+00
     42.916     8.7730   3.548984    33.4609        605     2.5167  0.000e+00
     43.004     8.7767   3.549634    33.4642        606     2.5208  0.000e+00
     43.070     8.7810   3.549984    33.4638        607     2.5250  0.000e+00
     43.122     8.7846   3.550335    33.4640        608     2.5292  0.000e+00
     43.149     8.7877   3.550634    33.4642        609     2.5333  0.000e+00
     43.138     8.7906   3.550768    33.4628        610     2.5375  0.000e+00
     43.103     8.7926   3.550876    33.4621        611     2.5417  0.000e+00
     43.036     8.7943   3.550851    33.4602        612     2.5458  0.000e+00
     42.929     8.7953   3.550309    33.4537        613     2.5500  0.000e+00
     42.795     8.7951   3.548659    33.4367        614     2.5542  0.000e+00
     42.638     8.7913   3.547270    33.4257        615     2.5583  0.000e+00
     42.445     8.7849   3.546352    33.4223        616     2.5625  0.000e+00
     42.246     8.7784   3.545658    33.4213        617     2.5667  0.000e+00
     42.021     8.7721   3.544378    33.4139        618     2.5708  0.000e+00
     41.791     8.7656   3.543576    33.4117        619     2.5750  0.000e+00
     41.545     8.7589   3.542754    33.4095        620     2.5792  0.000e+00
     41.310     8.7524   3.541519    33.4029        621     2.5833  0.000e+00
     41.085     8.7453   3.539501    33.3885        622     2.5875  0.000e+00
     40.840     8.7352   3.535397    33.3551        623     2.5917  0.000e+00
     40.605     8.7182   3.530671    33.3216        624     2.5958  0.000e+00
     40.378     8.6933   3.524093    33.2761        625     2.6000  0.000e+00
