HB2502/sbe046.cnv
* Sea-Bird SBE 19plus V2 Data File:
* FileName = C:\cruise\data\sbe046.hex
* Software Version Seasave V 7.26.7.121
* Temperature SN = 6128
* Conductivity SN = 6128
* System UpLoad Time = Apr 02 2025 04:41:06
* NMEA Latitude = 40 41.40 N
* NMEA Longitude = 070 02.84 W
* NMEA UTC (Time) = Apr 02 2025  04:40:09
** Ship: Henry Bigelow
** Cruise:  HB2502
** Program:  Spring Bottom Trawl
# nquan = 7
# nvalues = 1214                                  
# units = specified
# name 0 = depSM: Depth [salt water, m]
# name 1 = tv290C: Temperature [ITS-90, deg C]
# name 2 = c0S/m: Conductivity [S/m]
# name 3 = sal00: Salinity, Practical [PSU]
# name 4 = scan: Scan Count
# name 5 = timeM: Time, Elapsed [minutes]
# name 6 = flag:  0.000e+00
# span 0 =      0.149,     41.729                 
# span 1 =     5.5833,     6.1683                 
# span 2 =   0.007688,   3.251553                 
# span 3 =     0.0565,    32.9800                 
# span 4 =         11,       1224                 
# span 5 =     0.0417,     5.0958                 
# span 6 = 0.0000e+00, 0.0000e+00                 
# interval = seconds: 0.25
# start_time = Apr 02 2025 04:40:09 [NMEA time, header]
# bad_flag = -9.990e-29
*END*
[from data line 206]
     21.802     6.0415   3.242522    32.7629        217     0.9000  0.000e+00
     21.923     6.0417   3.242688    32.7645        218     0.9042  0.000e+00
     22.053     6.0424   3.242706    32.7640        219     0.9083  0.000e+00
     22.192     6.0433   3.242583    32.7617        220     0.9125  0.000e+00
     22.340     6.0448   3.241058    32.7431        221     0.9167  0.000e+00
     22.504     6.0440   3.240524    32.7378        222     0.9208  0.000e+00
     22.674     6.0410   3.240671    32.7422        223     0.9250  0.000e+00
     22.855     6.0386   3.240671    32.7445        224     0.9292  0.000e+00
     23.038     6.0373   3.240653    32.7455        225     0.9333  0.000e+00
     23.230     6.0363   3.240610    32.7458        226     0.9375  0.000e+00
     23.420     6.0358   3.240506    32.7450        227     0.9417  0.000e+00
     23.620     6.0350   3.240506    32.7457        228     0.9458  0.000e+00
     23.818     6.0344   3.240567    32.7469        229     0.9500  0.000e+00
     24.018     6.0343   3.240610    32.7474        230     0.9542  0.000e+00
     24.213     6.0342   3.240586    32.7471        231     0.9583  0.000e+00
     24.413     6.0342   3.240610    32.7473        232     0.9625  0.000e+00
     24.610     6.0342   3.240586    32.7469        233     0.9667  0.000e+00
     24.810     6.0341   3.240444    32.7453        234     0.9708  0.000e+00
     25.003     6.0334   3.240365    32.7450        235     0.9750  0.000e+00
     25.199     6.0326   3.240340    32.7454        236     0.9792  0.000e+00
     25.389     6.0321   3.240303    32.7454        237     0.9833  0.000e+00
     25.586     6.0314   3.240303    32.7460        238     0.9875  0.000e+00
     25.773     6.0309   3.240322    32.7465        239     0.9917  0.000e+00
     25.952     6.0307   3.240383    32.7474        240     0.9958  0.000e+00
     26.126     6.0307   3.240426    32.7477        241     1.0000  0.000e+00
     26.285     6.0309   3.240488    32.7482        242     1.0042  0.000e+00
     26.434     6.0312   3.240537    32.7484        243     1.0083  0.000e+00
     26.559     6.0317   3.240507    32.7474        244     1.0125  0.000e+00
     26.675     6.0319   3.240464    32.7467        245     1.0167  0.000e+00
     26.777     6.0319   3.240525    32.7473        246     1.0208  0.000e+00
     26.872     6.0322   3.240587    32.7478        247     1.0250  0.000e+00
     26.958     6.0325   3.240568    32.7472        248     1.0292  0.000e+00
     27.041     6.0326   3.240488    32.7462        249     1.0333  0.000e+00
     27.129     6.0322   3.240537    32.7470        250     1.0375  0.000e+00
     27.214     6.0322   3.240507    32.7467        251     1.0417  0.000e+00
     27.304     6.0320   3.240488    32.7466        252     1.0458  0.000e+00
     27.394     6.0319   3.240464    32.7463        253     1.0500  0.000e+00
     27.485     6.0316   3.240322    32.7450        254     1.0542  0.000e+00
     27.582     6.0313   3.240279    32.7448        255     1.0583  0.000e+00
     27.696     6.0304   3.240359    32.7465        256     1.0625  0.000e+00
     27.809     6.0300   3.240402    32.7473        257     1.0667  0.000e+00
     27.938     6.0303   3.240402    32.7470        258     1.0708  0.000e+00
     28.073     6.0302   3.240323    32.7461        259     1.0750  0.000e+00
     28.215     6.0301   3.240323    32.7462        260     1.0792  0.000e+00
     28.374     6.0298   3.240366    32.7468        261     1.0833  0.000e+00
     28.537     6.0298   3.240323    32.7463        262     1.0875  0.000e+00
     28.716     6.0297   3.240298    32.7460        263     1.0917  0.000e+00
     28.903     6.0295   3.240341    32.7466        264     1.0958  0.000e+00
     29.091     6.0292   3.240341    32.7467        265     1.1000  0.000e+00
     29.288     6.0292   3.240366    32.7470        266     1.1042  0.000e+00
     29.486     6.0291   3.240385    32.7472        267     1.1083  0.000e+00
     29.690     6.0293   3.240366    32.7467        268     1.1125  0.000e+00
     29.888     6.0292   3.240403    32.7470        269     1.1167  0.000e+00
     30.081     6.0292   3.240397    32.7469        270     1.1208  0.000e+00
     30.268     6.0294   3.240428    32.7470        271     1.1250  0.000e+00
     30.452     6.0295   3.240446    32.7470        272     1.1292  0.000e+00
     30.624     6.0295   3.240465    32.7472        273     1.1333  0.000e+00
     30.774     6.0295   3.240465    32.7470        274     1.1375  0.000e+00
     30.912     6.0295   3.240489    32.7472        275     1.1417  0.000e+00
     31.033     6.0298   3.240569    32.7477        276     1.1458  0.000e+00
     31.150     6.0300   3.240576    32.7476        277     1.1500  0.000e+00
     31.266     6.0304   3.240588    32.7473        278     1.1542  0.000e+00
     31.379     6.0306   3.240551    32.7467        279     1.1583  0.000e+00
     31.500     6.0306   3.240465    32.7456        280     1.1625  0.000e+00
     31.621     6.0303   3.240465    32.7459        281     1.1667  0.000e+00
     31.761     6.0299   3.240490    32.7464        282     1.1708  0.000e+00
     31.919     6.0298   3.240496    32.7465        283     1.1750  0.000e+00
     32.089     6.0296   3.240508    32.7468        284     1.1792  0.000e+00
     32.278     6.0294   3.240527    32.7471        285     1.1833  0.000e+00
     32.475     6.0296   3.240551    32.7471        286     1.1875  0.000e+00
     32.680     6.0297   3.240552    32.7469        287     1.1917  0.000e+00
     32.887     6.0297   3.240570    32.7469        288     1.1958  0.000e+00
     33.084     6.0298   3.240552    32.7465        289     1.2000  0.000e+00
     33.274     6.0299   3.240558    32.7465        290     1.2042  0.000e+00
     33.451     6.0298   3.240552    32.7464        291     1.2083  0.000e+00
     33.593     6.0296   3.240527    32.7463        292     1.2125  0.000e+00
     33.680     6.0293   3.240509    32.7462        293     1.2167  0.000e+00
     33.736     6.0292   3.240466    32.7458        294     1.2208  0.000e+00
     33.781     6.0291   3.240527    32.7466        295     1.2250  0.000e+00
     33.823     6.0292   3.240509    32.7463        296     1.2292  0.000e+00
     33.858     6.0292   3.240576    32.7471        297     1.2333  0.000e+00
     33.898     6.0291   3.240613    32.7476        298     1.2375  0.000e+00
     33.941     6.0295   3.240552    32.7465        299     1.2417  0.000e+00
     33.999     6.0295   3.240527    32.7461        300     1.2458  0.000e+00
     34.080     6.0294   3.240490    32.7458        301     1.2500  0.000e+00
     34.194     6.0291   3.240490    32.7460        302     1.2542  0.000e+00
     34.333     6.0291   3.240478    32.7458        303     1.2583  0.000e+00
     34.503     6.0288   3.240527    32.7466        304     1.2625  0.000e+00
     34.685     6.0286   3.240552    32.7469        305     1.2667  0.000e+00
     34.891     6.0286   3.240552    32.7469        306     1.2708  0.000e+00
     35.108     6.0287   3.240589    32.7471        307     1.2750  0.000e+00
     35.350     6.0288   3.240614    32.7471        308     1.2792  0.000e+00
     35.594     6.0290   3.240657    32.7473        309     1.2833  0.000e+00
     35.849     6.0292   3.240657    32.7470        310     1.2875  0.000e+00
     36.091     6.0292   3.240632    32.7466        311     1.2917  0.000e+00
     36.325     6.0294   3.240694    32.7470        312     1.2958  0.000e+00
     36.520     6.0292   3.240676    32.7468        313     1.3000  0.000e+00
     36.707     6.0294   3.240676    32.7466        314     1.3042  0.000e+00
     36.900     6.0292   3.240694    32.7468        315     1.3083  0.000e+00
     37.081     6.0293   3.240694    32.7467        316     1.3125  0.000e+00
     37.251     6.0294   3.240694    32.7465        317     1.3167  0.000e+00
     37.405     6.0295   3.240737    32.7469        318     1.3208  0.000e+00
     37.539     6.0296   3.240719    32.7465        319     1.3250  0.000e+00
     37.656     6.0296   3.240756    32.7468        320     1.3292  0.000e+00
     37.767     6.0298   3.240781    32.7468        321     1.3333  0.000e+00
     37.868     6.0297   3.240756    32.7466        322     1.3375  0.000e+00
     37.973     6.0297   3.240781    32.7468        323     1.3417  0.000e+00
     38.074     6.0300   3.240811    32.7469        324     1.3458  0.000e+00
     38.180     6.0299   3.240818    32.7469        325     1.3500  0.000e+00
     38.302     6.0300   3.240818    32.7468        326     1.3542  0.000e+00
     38.427     6.0301   3.240781    32.7462        327     1.3583  0.000e+00
     38.559     6.0300   3.240818    32.7466        328     1.3625  0.000e+00
     38.694     6.0301   3.240842    32.7467        329     1.3667  0.000e+00
     38.834     6.0302   3.240793    32.7461        330     1.3708  0.000e+00
     38.979     6.0300   3.240842    32.7467        331     1.3750  0.000e+00
     39.119     6.0301   3.240842    32.7465        332     1.3792  0.000e+00
     39.264     6.0301   3.240843    32.7465        333     1.3833  0.000e+00
     39.413     6.0301   3.240818    32.7461        334     1.3875  0.000e+00
     39.561     6.0299   3.240843    32.7465        335     1.3917  0.000e+00
     39.707     6.0299   3.240861    32.7467        336     1.3958  0.000e+00
     39.853     6.0299   3.240830    32.7463        337     1.4000  0.000e+00
     40.009     6.0298   3.240861    32.7466        338     1.4042  0.000e+00
     40.154     6.0298   3.240861    32.7466        339     1.4083  0.000e+00
     40.301     6.0299   3.240861    32.7464        340     1.4125  0.000e+00
     40.453     6.0300   3.240861    32.7463        341     1.4167  0.000e+00
     40.607     6.0299   3.240904    32.7467        342     1.4208  0.000e+00
     40.764     6.0298   3.240904    32.7467        343     1.4250  0.000e+00
     40.938     6.0300   3.240911    32.7466        344     1.4292  0.000e+00
     41.067     6.0297   3.240880    32.7464        345     1.4333  0.000e+00
     41.182     6.0300   3.240905    32.7464        346     1.4375  0.000e+00
     41.236     6.0300   3.240923    32.7466        347     1.4417  0.000e+00
     41.266     6.0300   3.240923    32.7465        348     1.4458  0.000e+00
     41.295     6.0298   3.240880    32.7462        349     1.4500  0.000e+00
     41.350     6.0299   3.240892    32.7462        350     1.4542  0.000e+00
     41.429     6.0298   3.240923    32.7466        351     1.4583  0.000e+00
     41.513     6.0300   3.240942    32.7466        352     1.4625  0.000e+00
     41.590     6.0299   3.240966    32.7469        353     1.4667  0.000e+00
     41.651     6.0300   3.240942    32.7466        354     1.4708  0.000e+00
     41.690     6.0301   3.240942    32.7464        355     1.4750  0.000e+00
     41.722     6.0300   3.240966    32.7467        356     1.4792  0.000e+00
     41.729     6.0300   3.240972    32.7468        357     1.4833  0.000e+00
     41.709     6.0300   3.240966    32.7468        358     1.4875  0.000e+00
     41.650     6.0300   3.240923    32.7463        359     1.4917  0.000e+00
     41.564     6.0300   3.240923    32.7464        360     1.4958  0.000e+00
     41.454     6.0301   3.240942    32.7465        361     1.5000  0.000e+00
     41.333     6.0300   3.240923    32.7465        362     1.5042  0.000e+00
     41.204     6.0298   3.240905    32.7465        363     1.5083  0.000e+00
     41.074     6.0298   3.240892    32.7464        364     1.5125  0.000e+00
     40.947     6.0298   3.240905    32.7466        365     1.5167  0.000e+00
     40.829     6.0298   3.240861    32.7462        366     1.5208  0.000e+00
     40.719     6.0298   3.240880    32.7465        367     1.5250  0.000e+00
     40.627     6.0298   3.240843    32.7461        368     1.5292  0.000e+00
     40.568     6.0297   3.240861    32.7465        369     1.5333  0.000e+00
     40.523     6.0296   3.240892    32.7469        370     1.5375  0.000e+00
     40.494     6.0298   3.240880    32.7465        371     1.5417  0.000e+00
     40.490     6.0297   3.240861    32.7465        372     1.5458  0.000e+00
     40.499     6.0296   3.240818    32.7461        373     1.5500  0.000e+00
     40.523     6.0296   3.240843    32.7463        374     1.5542  0.000e+00
     40.570     6.0294   3.240818    32.7462        375     1.5583  0.000e+00
     40.622     6.0293   3.240800    32.7461        376     1.5625  0.000e+00
     40.676     6.0291   3.240812    32.7464        377     1.5667  0.000e+00
     40.718     6.0290   3.240818    32.7465        378     1.5708  0.000e+00
     40.760     6.0288   3.240800    32.7465        379     1.5750  0.000e+00
     40.774     6.0291   3.240818    32.7465        380     1.5792  0.000e+00
     40.782     6.0290   3.240843    32.7468        381     1.5833  0.000e+00
     40.767     6.0291   3.240843    32.7467        382     1.5875  0.000e+00
     40.742     6.0291   3.240818    32.7465        383     1.5917  0.000e+00
     40.700     6.0293   3.240831    32.7464        384     1.5958  0.000e+00
     40.656     6.0292   3.240800    32.7462        385     1.6000  0.000e+00
     40.616     6.0293   3.240818    32.7463        386     1.6042  0.000e+00
     40.569     6.0291   3.240818    32.7465        387     1.6083  0.000e+00
     40.531     6.0292   3.240818    32.7464        388     1.6125  0.000e+00
     40.493     6.0291   3.240781    32.7461        389     1.6167  0.000e+00
     40.470     6.0291   3.240831    32.7468        390     1.6208  0.000e+00
     40.453     6.0292   3.240861    32.7470        391     1.6250  0.000e+00
     40.438     6.0292   3.240861    32.7470        392     1.6292  0.000e+00
     40.423     6.0293   3.240880    32.7471        393     1.6333  0.000e+00
     40.397     6.0296   3.240861    32.7467        394     1.6375  0.000e+00
     40.370     6.0297   3.240843    32.7464        395     1.6417  0.000e+00
     40.314     6.0296   3.240861    32.7466        396     1.6458  0.000e+00
     40.254     6.0297   3.240849    32.7464        397     1.6500  0.000e+00
     40.166     6.0297   3.240843    32.7464        398     1.6542  0.000e+00
     40.064     6.0297   3.240843    32.7465        399     1.6583  0.000e+00
     39.941     6.0296   3.240818    32.7463        400     1.6625  0.000e+00
     39.792     6.0298   3.240843    32.7465        401     1.6667  0.000e+00
     39.640     6.0297   3.240800    32.7462        402     1.6708  0.000e+00
     39.484     6.0296   3.240818    32.7466        403     1.6750  0.000e+00
     39.317     6.0296   3.240812    32.7466        404     1.6792  0.000e+00
     39.153     6.0295   3.240781    32.7464        405     1.6833  0.000e+00
     39.002     6.0295   3.240738    32.7460        406     1.6875  0.000e+00
     38.850     6.0295   3.240756    32.7464        407     1.6917  0.000e+00
     38.713     6.0292   3.240756    32.7466        408     1.6958  0.000e+00
     38.593     6.0293   3.240756    32.7466        409     1.7000  0.000e+00
     38.483     6.0292   3.240732    32.7465        410     1.7042  0.000e+00
     38.392     6.0292   3.240719    32.7464        411     1.7083  0.000e+00
     38.309     6.0292   3.240695    32.7461        412     1.7125  0.000e+00
     38.244     6.0292   3.240695    32.7462        413     1.7167  0.000e+00
     38.185     6.0292   3.240695    32.7463        414     1.7208  0.000e+00
     38.140     6.0290   3.240695    32.7464        415     1.7250  0.000e+00
     38.109     6.0290   3.240738    32.7469        416     1.7292  0.000e+00
     38.073     6.0290   3.240731    32.7469        417     1.7333  0.000e+00
     38.048     6.0292   3.240719    32.7466        418     1.7375  0.000e+00
     38.026     6.0292   3.240719    32.7466        419     1.7417  0.000e+00
     38.009     6.0291   3.240719    32.7467        420     1.7458  0.000e+00
