HB2502/sbe043.cnv
* Sea-Bird SBE 19plus V2 Data File:
* FileName = C:\cruise\data\sbe043.hex
* Software Version Seasave V 7.26.7.121
* Temperature SN = 6128
* Conductivity SN = 6128
* System UpLoad Time = Mar 23 2025 10:32:09
* NMEA Latitude = 41 22.22 N
* NMEA Longitude = 071 13.94 W
* NMEA UTC (Time) = Mar 23 2025  10:31:01
** Ship: Henry Bigelow
** Cruise:  HB2502
** Program:  Spring Bottom Trawl
# nquan = 7
# nvalues = 639                                   
# units = specified
# name 0 = depSM: Depth [salt water, m]
# name 1 = tv290C: Temperature [ITS-90, deg C]
# name 2 = c0S/m: Conductivity [S/m]
# name 3 = sal00: Salinity, Practical [PSU]
# name 4 = scan: Scan Count
# name 5 = timeM: Time, Elapsed [minutes]
# name 6 = flag:  0.000e+00
# span 0 =      0.050,     23.856                 
# span 1 =     4.0032,     5.1512                 
# span 2 =   0.258697,   3.135747                 
# span 3 =     2.2153,    32.5379                 
# span 4 =         11,        649                 
# span 5 =     0.0417,     2.7000                 
# span 6 = 0.0000e+00, 0.0000e+00                 
# interval = seconds: 0.25
# start_time = Mar 23 2025 10:31:01 [NMEA time, header]
# bad_flag = -9.990e-29
*END*
[from data line 206]
      0.747     5.1303   3.117360    32.2377        217     0.9000  0.000e+00
      0.848     5.1298   3.117518    32.2399        218     0.9042  0.000e+00
      0.915     5.1298   3.117633    32.2411        219     0.9083  0.000e+00
      0.971     5.1305   3.117536    32.2393        220     0.9125  0.000e+00
      1.033     5.1307   3.117330    32.2367        221     0.9167  0.000e+00
      1.097     5.1300   3.117342    32.2375        222     0.9208  0.000e+00
      1.147     5.1293   3.117318    32.2379        223     0.9250  0.000e+00
      1.191     5.1289   3.117457    32.2399        224     0.9292  0.000e+00
      1.216     5.1290   3.117578    32.2412        225     0.9333  0.000e+00
      1.216     5.1296   3.117657    32.2415        226     0.9375  0.000e+00
      1.183     5.1303   3.117621    32.2404        227     0.9417  0.000e+00
      1.120     5.1306   3.117633    32.2402        228     0.9458  0.000e+00
      1.077     5.1310   3.117500    32.2384        229     0.9500  0.000e+00
      1.064     5.1306   3.117518    32.2389        230     0.9542  0.000e+00
      1.077     5.1302   3.117360    32.2375        231     0.9583  0.000e+00
      1.079     5.1302   3.117578    32.2401        232     0.9625  0.000e+00
      1.054     5.1302   3.117584    32.2401        233     0.9667  0.000e+00
      0.971     5.1303   3.117711    32.2415        234     0.9708  0.000e+00
      0.851     5.1309   3.117990    32.2442        235     0.9750  0.000e+00
      0.734     5.1325   3.117833    32.2409        236     0.9792  0.000e+00
      0.679     5.1332   3.117790    32.2397        237     0.9833  0.000e+00
      0.695     5.1336   3.117851    32.2401        238     0.9875  0.000e+00
      0.747     5.1337   3.117833    32.2398        239     0.9917  0.000e+00
      0.771     5.1338   3.117929    32.2408        240     0.9958  0.000e+00
      0.766     5.1339   3.117814    32.2393        241     1.0000  0.000e+00
      0.728     5.1339   3.117869    32.2400        242     1.0042  0.000e+00
      0.704     5.1337   3.117911    32.2406        243     1.0083  0.000e+00
      0.722     5.1339   3.117893    32.2402        244     1.0125  0.000e+00
      0.796     5.1341   3.117814    32.2391        245     1.0167  0.000e+00
      0.932     5.1338   3.117663    32.2376        246     1.0208  0.000e+00
      1.062     5.1331   3.117814    32.2400        247     1.0250  0.000e+00
      1.161     5.1329   3.117893    32.2410        248     1.0292  0.000e+00
      1.214     5.1332   3.118008    32.2420        249     1.0333  0.000e+00
      1.223     5.1339   3.117972    32.2409        250     1.0375  0.000e+00
      1.210     5.1344   3.117948    32.2401        251     1.0417  0.000e+00
      1.169     5.1344   3.117808    32.2386        252     1.0458  0.000e+00
      1.098     5.1340   3.118148    32.2428        253     1.0500  0.000e+00
      0.984     5.1347   3.118420    32.2454        254     1.0542  0.000e+00
      0.852     5.1362   3.117657    32.2353        255     1.0583  0.000e+00
      0.734     5.1349   3.116948    32.2285        256     1.0625  0.000e+00
      0.678     5.1311   3.117003    32.2328        257     1.0667  0.000e+00
      0.704     5.1280   3.116985    32.2356        258     1.0708  0.000e+00
      0.814     5.1260   3.117415    32.2424        259     1.0750  0.000e+00
      0.950     5.1262   3.117851    32.2471        260     1.0792  0.000e+00
      1.051     5.1282   3.117911    32.2458        261     1.0833  0.000e+00
      1.096     5.1302   3.118008    32.2450        262     1.0875  0.000e+00
      1.082     5.1320   3.117851    32.2414        263     1.0917  0.000e+00
      1.029     5.1327   3.117893    32.2413        264     1.0958  0.000e+00
      0.955     5.1331   3.117687    32.2386        265     1.1000  0.000e+00
      0.866     5.1328   3.117360    32.2352        266     1.1042  0.000e+00
      0.794     5.1310   3.117142    32.2345        267     1.1083  0.000e+00
      0.740     5.1290   3.117184    32.2369        268     1.1125  0.000e+00
      0.731     5.1273   3.117221    32.2389        269     1.1167  0.000e+00
      0.765     5.1266   3.117160    32.2389        270     1.1208  0.000e+00
      0.819     5.1260   3.117209    32.2400        271     1.1250  0.000e+00
      0.881     5.1259   3.117281    32.2410        272     1.1292  0.000e+00
      0.939     5.1260   3.117360    32.2417        273     1.1333  0.000e+00
      0.988     5.1265   3.117633    32.2443        274     1.1375  0.000e+00
      1.034     5.1275   3.117893    32.2463        275     1.1417  0.000e+00
      1.056     5.1296   3.118008    32.2456        276     1.1458  0.000e+00
      1.050     5.1316   3.118099    32.2447        277     1.1500  0.000e+00
      1.027     5.1331   3.118087    32.2431        278     1.1542  0.000e+00
      0.998     5.1341   3.118051    32.2417        279     1.1583  0.000e+00
      0.953     5.1346   3.118008    32.2407        280     1.1625  0.000e+00
      0.917     5.1347   3.117990    32.2405        281     1.1667  0.000e+00
      0.879     5.1349   3.117929    32.2397        282     1.1708  0.000e+00
      0.842     5.1346   3.117851    32.2390        283     1.1750  0.000e+00
      0.813     5.1342   3.117766    32.2385        284     1.1792  0.000e+00
      0.811     5.1336   3.117693    32.2382        285     1.1833  0.000e+00
      0.848     5.1329   3.117596    32.2378        286     1.1875  0.000e+00
      0.926     5.1320   3.117736    32.2402        287     1.1917  0.000e+00
      1.014     5.1317   3.117851    32.2417        288     1.1958  0.000e+00
      1.065     5.1324   3.117948    32.2422        289     1.2000  0.000e+00
      1.082     5.1331   3.117893    32.2409        290     1.2042  0.000e+00
      1.057     5.1335   3.117869    32.2402        291     1.2083  0.000e+00
      0.995     5.1334   3.117772    32.2392        292     1.2125  0.000e+00
      0.919     5.1332   3.117772    32.2394        293     1.2167  0.000e+00
      0.882     5.1328   3.117736    32.2394        294     1.2208  0.000e+00
      0.910     5.1326   3.117657    32.2387        295     1.2250  0.000e+00
      0.968     5.1321   3.117663    32.2393        296     1.2292  0.000e+00
      1.015     5.1317   3.117675    32.2398        297     1.2333  0.000e+00
      1.051     5.1315   3.117675    32.2400        298     1.2375  0.000e+00
      1.062     5.1314   3.117790    32.2414        299     1.2417  0.000e+00
      1.026     5.1317   3.117833    32.2416        300     1.2458  0.000e+00
      0.949     5.1322   3.117869    32.2415        301     1.2500  0.000e+00
      0.873     5.1326   3.117929    32.2418        302     1.2542  0.000e+00
      0.806     5.1332   3.118099    32.2432        303     1.2583  0.000e+00
      0.748     5.1342   3.118148    32.2429        304     1.2625  0.000e+00
      0.715     5.1352   3.118166    32.2421        305     1.2667  0.000e+00
      0.697     5.1357   3.118184    32.2418        306     1.2708  0.000e+00
      0.707     5.1362   3.118184    32.2414        307     1.2750  0.000e+00
      0.753     5.1367   3.118087    32.2398        308     1.2792  0.000e+00
      0.912     5.1366   3.117875    32.2373        309     1.2833  0.000e+00
      1.116     5.1357   3.117814    32.2374        310     1.2875  0.000e+00
      1.382     5.1347   3.117893    32.2391        311     1.2917  0.000e+00
      1.650     5.1341   3.117990    32.2407        312     1.2958  0.000e+00
      1.895     5.1343   3.117421    32.2339        313     1.3000  0.000e+00
      2.097     5.1343   3.117930    32.2396        314     1.3042  0.000e+00
      2.297     5.1340   3.117948    32.2400        315     1.3083  0.000e+00
      2.500     5.1340   3.118021    32.2407        316     1.3125  0.000e+00
      2.716     5.1343   3.118148    32.2418        317     1.3167  0.000e+00
      2.933     5.1348   3.118166    32.2414        318     1.3208  0.000e+00
      3.124     5.1354   3.118130    32.2403        319     1.3250  0.000e+00
      3.275     5.1356   3.118088    32.2396        320     1.3292  0.000e+00
      3.409     5.1357   3.118166    32.2403        321     1.3333  0.000e+00
      3.545     5.1358   3.118185    32.2404        322     1.3375  0.000e+00
      3.684     5.1360   3.118306    32.2414        323     1.3417  0.000e+00
      3.806     5.1366   3.118482    32.2428        324     1.3458  0.000e+00
      3.903     5.1375   3.118482    32.2419        325     1.3500  0.000e+00
      3.978     5.1384   3.118385    32.2399        326     1.3542  0.000e+00
      4.064     5.1386   3.118403    32.2398        327     1.3583  0.000e+00
      4.171     5.1388   3.118621    32.2421        328     1.3625  0.000e+00
      4.296     5.1395   3.118663    32.2418        329     1.3667  0.000e+00
      4.431     5.1409   3.118603    32.2398        330     1.3708  0.000e+00
      4.571     5.1415   3.118560    32.2386        331     1.3750  0.000e+00
      4.732     5.1419   3.118445    32.2369        332     1.3792  0.000e+00
      4.909     5.1413   3.118500    32.2379        333     1.3833  0.000e+00
      5.117     5.1409   3.118585    32.2392        334     1.3875  0.000e+00
      5.369     5.1411   3.118621    32.2393        335     1.3917  0.000e+00
      5.635     5.1415   3.118640    32.2390        336     1.3958  0.000e+00
      5.897     5.1419   3.118621    32.2383        337     1.4000  0.000e+00
      6.147     5.1419   3.118718    32.2392        338     1.4042  0.000e+00
      6.402     5.1423   3.118900    32.2408        339     1.4083  0.000e+00
      6.639     5.1428   3.118900    32.2402        340     1.4125  0.000e+00
      6.867     5.1435   3.119016    32.2408        341     1.4167  0.000e+00
      7.069     5.1440   3.119076    32.2409        342     1.4208  0.000e+00
      7.246     5.1449   3.119216    32.2415        343     1.4250  0.000e+00
      7.386     5.1454   3.119294    32.2418        344     1.4292  0.000e+00
      7.514     5.1464   3.119391    32.2419        345     1.4333  0.000e+00
      7.620     5.1469   3.119470    32.2422        346     1.4375  0.000e+00
      7.732     5.1477   3.119452    32.2413        347     1.4417  0.000e+00
      7.828     5.1482   3.119458    32.2408        348     1.4458  0.000e+00
      7.921     5.1484   3.119452    32.2405        349     1.4500  0.000e+00
      8.024     5.1485   3.119488    32.2407        350     1.4542  0.000e+00
      8.143     5.1488   3.119349    32.2388        351     1.4583  0.000e+00
      8.280     5.1485   3.119349    32.2390        352     1.4625  0.000e+00
      8.439     5.1483   3.119331    32.2389        353     1.4667  0.000e+00
      8.618     5.1480   3.119289    32.2386        354     1.4708  0.000e+00
      8.808     5.1475   3.119192    32.2379        355     1.4750  0.000e+00
      9.007     5.1467   3.119137    32.2380        356     1.4792  0.000e+00
      9.222     5.1461   3.119174    32.2389        357     1.4833  0.000e+00
      9.441     5.1455   3.119216    32.2398        358     1.4875  0.000e+00
      9.661     5.1455   3.119271    32.2404        359     1.4917  0.000e+00
      9.883     5.1456   3.119313    32.2406        360     1.4958  0.000e+00
     10.099     5.1456   3.119374    32.2412        361     1.5000  0.000e+00
     10.306     5.1456   3.119313    32.2404        362     1.5042  0.000e+00
     10.505     5.1457   3.119374    32.2408        363     1.5083  0.000e+00
     10.697     5.1456   3.119374    32.2409        364     1.5125  0.000e+00
     10.882     5.1456   3.119392    32.2410        365     1.5167  0.000e+00
     11.060     5.1456   3.119453    32.2416        366     1.5208  0.000e+00
     11.223     5.1459   3.119538    32.2423        367     1.5250  0.000e+00
     11.368     5.1461   3.119568    32.2423        368     1.5292  0.000e+00
     11.510     5.1464   3.119647    32.2428        369     1.5333  0.000e+00
     11.644     5.1467   3.119665    32.2427        370     1.5375  0.000e+00
     11.782     5.1472   3.119744    32.2430        371     1.5417  0.000e+00
     11.906     5.1474   3.119768    32.2431        372     1.5458  0.000e+00
     12.036     5.1479   3.119786    32.2427        373     1.5500  0.000e+00
     12.161     5.1482   3.119811    32.2426        374     1.5542  0.000e+00
     12.296     5.1481   3.119865    32.2433        375     1.5583  0.000e+00
     12.443     5.1477   3.119980    32.2449        376     1.5625  0.000e+00
     12.599     5.1469   3.120829    32.2553        377     1.5667  0.000e+00
     12.763     5.1451   3.121465    32.2643        378     1.5708  0.000e+00
     12.937     5.1418   3.122053    32.2741        379     1.5750  0.000e+00
     13.116     5.1383   3.122786    32.2858        380     1.5792  0.000e+00
     13.312     5.1339   3.122605    32.2879        381     1.5833  0.000e+00
     13.522     5.1302   3.123162    32.2977        382     1.5875  0.000e+00
     13.735     5.1269   3.123750    32.3075        383     1.5917  0.000e+00
     13.951     5.1234   3.123969    32.3133        384     1.5958  0.000e+00
     14.167     5.1204   3.124187    32.3186        385     1.6000  0.000e+00
     14.380     5.1176   3.124781    32.3281        386     1.6042  0.000e+00
     14.578     5.1148   3.124848    32.3314        387     1.6083  0.000e+00
     14.784     5.1125   3.125370    32.3394        388     1.6125  0.000e+00
     14.986     5.1102   3.125473    32.3428        389     1.6167  0.000e+00
     15.165     5.1086   3.125570    32.3454        390     1.6208  0.000e+00
     15.330     5.1072   3.125473    32.3455        391     1.6250  0.000e+00
     15.477     5.1065   3.125352    32.3447        392     1.6292  0.000e+00
     15.627     5.1062   3.125315    32.3445        393     1.6333  0.000e+00
     15.765     5.1061   3.125431    32.3459        394     1.6375  0.000e+00
     15.897     5.1061   3.125643    32.3482        395     1.6417  0.000e+00
     16.021     5.1059   3.125588    32.3477        396     1.6458  0.000e+00
     16.135     5.1060   3.125606    32.3478        397     1.6500  0.000e+00
     16.259     5.1067   3.125649    32.3476        398     1.6542  0.000e+00
     16.390     5.1073   3.125728    32.3478        399     1.6583  0.000e+00
     16.534     5.1072   3.125788    32.3485        400     1.6625  0.000e+00
     16.694     5.1066   3.125807    32.3492        401     1.6667  0.000e+00
     16.856     5.1059   3.126959    32.3630        402     1.6708  0.000e+00
     17.033     5.1035   3.126935    32.3650        403     1.6750  0.000e+00
     17.233     5.1006   3.126953    32.3679        404     1.6792  0.000e+00
     17.434     5.0983   3.127171    32.3726        405     1.6833  0.000e+00
     17.652     5.0954   3.127863    32.3832        406     1.6875  0.000e+00
     17.870     5.0913   3.128773    32.3975        407     1.6917  0.000e+00
     18.085     5.0859   3.129028    32.4055        408     1.6958  0.000e+00
     18.295     5.0812   3.129483    32.4153        409     1.7000  0.000e+00
     18.496     5.0768   3.130235    32.4280        410     1.7042  0.000e+00
     18.682     5.0714   3.131145    32.4436        411     1.7083  0.000e+00
     18.873     5.0654   3.131345    32.4517        412     1.7125  0.000e+00
     19.048     5.0605   3.131345    32.4563        413     1.7167  0.000e+00
     19.213     5.0576   3.132055    32.4673        414     1.7208  0.000e+00
     19.357     5.0548   3.132019    32.4695        415     1.7250  0.000e+00
     19.504     5.0526   3.132134    32.4728        416     1.7292  0.000e+00
     19.645     5.0512   3.132553    32.4789        417     1.7333  0.000e+00
     19.780     5.0498   3.132911    32.4843        418     1.7375  0.000e+00
     19.923     5.0482   3.132930    32.4861        419     1.7417  0.000e+00
     20.064     5.0469   3.133184    32.4902        420     1.7458  0.000e+00
