HB2502/sbe045.cnv
* Sea-Bird SBE 19plus V2 Data File:
* FileName = C:\cruise\data\sbe045.hex
* Software Version Seasave V 7.26.7.121
* Temperature SN = 6128
* Conductivity SN = 6128
* System UpLoad Time = Apr 02 2025 02:06:16
* NMEA Latitude = 40 59.78 N
* NMEA Longitude = 070 07.69 W
* NMEA UTC (Time) = Apr 02 2025  02:05:18
** Ship: Henry Bigelow
** Cruise:  HB2502
** Program:  Spring Bottom Trawl
# nquan = 7
# nvalues = 923                                   
# units = specified
# name 0 = depSM: Depth [salt water, m]
# name 1 = tv290C: Temperature [ITS-90, deg C]
# name 2 = c0S/m: Conductivity [S/m]
# name 3 = sal00: Salinity, Practical [PSU]
# name 4 = scan: Scan Count
# name 5 = timeM: Time, Elapsed [minutes]
# name 6 = flag:  0.000e+00
# span 0 =      0.163,     20.583                 
# span 1 =     6.2732,     6.4286                 
# span 2 =   0.000234,   3.258218                 
# span 3 =     0.0038,    32.6112                 
# span 4 =         11,        933                 
# span 5 =     0.0417,     3.8833                 
# span 6 = 0.0000e+00, 0.0000e+00                 
# interval = seconds: 0.25
# start_time = Apr 02 2025 02:05:18 [NMEA time, header]
# bad_flag = -9.990e-29
*END*
[from data line 616]
      8.365     6.3913   3.258031    32.6058        627     2.6083  0.000e+00
      8.367     6.3912   3.258050    32.6061        628     2.6125  0.000e+00
      8.359     6.3916   3.258050    32.6058        629     2.6167  0.000e+00
      8.348     6.3918   3.258044    32.6055        630     2.6208  0.000e+00
      8.326     6.3920   3.258068    32.6056        631     2.6250  0.000e+00
      8.299     6.3919   3.258050    32.6054        632     2.6292  0.000e+00
      8.258     6.3920   3.257988    32.6047        633     2.6333  0.000e+00
      8.203     6.3920   3.258007    32.6049        634     2.6375  0.000e+00
      8.142     6.3920   3.257945    32.6043        635     2.6417  0.000e+00
      8.066     6.3917   3.257970    32.6049        636     2.6458  0.000e+00
      7.990     6.3916   3.257970    32.6050        637     2.6500  0.000e+00
      7.913     6.3914   3.258007    32.6056        638     2.6542  0.000e+00
      7.849     6.3914   3.257970    32.6052        639     2.6583  0.000e+00
      7.804     6.3916   3.257926    32.6046        640     2.6625  0.000e+00
      7.781     6.3916   3.257883    32.6042        641     2.6667  0.000e+00
      7.777     6.3911   3.257865    32.6045        642     2.6708  0.000e+00
      7.771     6.3910   3.257865    32.6045        643     2.6750  0.000e+00
      7.775     6.3909   3.257865    32.6046        644     2.6792  0.000e+00
      7.782     6.3909   3.257883    32.6048        645     2.6833  0.000e+00
      7.788     6.3908   3.257926    32.6054        646     2.6875  0.000e+00
      7.799     6.3909   3.257945    32.6055        647     2.6917  0.000e+00
      7.806     6.3911   3.258007    32.6060        648     2.6958  0.000e+00
      7.812     6.3913   3.257988    32.6056        649     2.7000  0.000e+00
      7.823     6.3916   3.257970    32.6051        650     2.7042  0.000e+00
      7.826     6.3916   3.257982    32.6053        651     2.7083  0.000e+00
      7.830     6.3917   3.257926    32.6046        652     2.7125  0.000e+00
      7.835     6.3917   3.258031    32.6057        653     2.7167  0.000e+00
      7.837     6.3918   3.257988    32.6051        654     2.7208  0.000e+00
      7.828     6.3919   3.258031    32.6054        655     2.7250  0.000e+00
      7.828     6.3919   3.258025    32.6054        656     2.7292  0.000e+00
      7.824     6.3921   3.258031    32.6053        657     2.7333  0.000e+00
      7.810     6.3921   3.258068    32.6058        658     2.7375  0.000e+00
      7.799     6.3923   3.258068    32.6055        659     2.7417  0.000e+00
      7.776     6.3925   3.258093    32.6057        660     2.7458  0.000e+00
      7.754     6.3925   3.258062    32.6053        661     2.7500  0.000e+00
      7.723     6.3926   3.258031    32.6049        662     2.7542  0.000e+00
      7.680     6.3925   3.258050    32.6052        663     2.7583  0.000e+00
      7.627     6.3925   3.257945    32.6041        664     2.7625  0.000e+00
      7.584     6.3922   3.257902    32.6039        665     2.7667  0.000e+00
      7.528     6.3918   3.257883    32.6041        666     2.7708  0.000e+00
      7.469     6.3915   3.257908    32.6047        667     2.7750  0.000e+00
      7.402     6.3912   3.257883    32.6047        668     2.7792  0.000e+00
      7.328     6.3912   3.257822    32.6041        669     2.7833  0.000e+00
      7.254     6.3912   3.257902    32.6050        670     2.7875  0.000e+00
      7.171     6.3913   3.257902    32.6049        671     2.7917  0.000e+00
      7.091     6.3912   3.257883    32.6049        672     2.7958  0.000e+00
      7.010     6.3911   3.257865    32.6048        673     2.8000  0.000e+00
      6.945     6.3911   3.257883    32.6050        674     2.8042  0.000e+00
      6.887     6.3909   3.257883    32.6052        675     2.8083  0.000e+00
      6.849     6.3914   3.257902    32.6050        676     2.8125  0.000e+00
      6.825     6.3914   3.257945    32.6055        677     2.8167  0.000e+00
      6.824     6.3915   3.257902    32.6049        678     2.8208  0.000e+00
      6.836     6.3915   3.257902    32.6049        679     2.8250  0.000e+00
      6.858     6.3917   3.257902    32.6047        680     2.8292  0.000e+00
      6.892     6.3917   3.257926    32.6050        681     2.8333  0.000e+00
      6.932     6.3916   3.257926    32.6050        682     2.8375  0.000e+00
      6.979     6.3916   3.257883    32.6045        683     2.8417  0.000e+00
      7.032     6.3916   3.257902    32.6048        684     2.8458  0.000e+00
      7.067     6.3914   3.257902    32.6049        685     2.8500  0.000e+00
      7.109     6.3913   3.257865    32.6045        686     2.8542  0.000e+00
      7.133     6.3913   3.257883    32.6047        687     2.8583  0.000e+00
      7.158     6.3913   3.257840    32.6042        688     2.8625  0.000e+00
      7.182     6.3914   3.257902    32.6048        689     2.8667  0.000e+00
      7.203     6.3914   3.257902    32.6048        690     2.8708  0.000e+00
      7.218     6.3914   3.257926    32.6051        691     2.8750  0.000e+00
      7.234     6.3914   3.257902    32.6048        692     2.8792  0.000e+00
      7.249     6.3914   3.257846    32.6042        693     2.8833  0.000e+00
      7.249     6.3915   3.257803    32.6036        694     2.8875  0.000e+00
      7.243     6.3913   3.257902    32.6049        695     2.8917  0.000e+00
      7.229     6.3914   3.257902    32.6048        696     2.8958  0.000e+00
      7.203     6.3914   3.257865    32.6044        697     2.9000  0.000e+00
      7.165     6.3913   3.257883    32.6048        698     2.9042  0.000e+00
      7.118     6.3912   3.257865    32.6046        699     2.9083  0.000e+00
      7.055     6.3913   3.257883    32.6048        700     2.9125  0.000e+00
      6.981     6.3913   3.257902    32.6050        701     2.9167  0.000e+00
      6.892     6.3914   3.257883    32.6048        702     2.9208  0.000e+00
      6.794     6.3913   3.257865    32.6047        703     2.9250  0.000e+00
      6.707     6.3915   3.257840    32.6043        704     2.9292  0.000e+00
      6.617     6.3916   3.257883    32.6047        705     2.9333  0.000e+00
      6.526     6.3917   3.257864    32.6045        706     2.9375  0.000e+00
      6.447     6.3917   3.257864    32.6045        707     2.9417  0.000e+00
      6.371     6.3917   3.257883    32.6048        708     2.9458  0.000e+00
      6.309     6.3917   3.257883    32.6048        709     2.9500  0.000e+00
      6.249     6.3915   3.257864    32.6048        710     2.9542  0.000e+00
      6.206     6.3914   3.257864    32.6049        711     2.9583  0.000e+00
      6.171     6.3913   3.257864    32.6050        712     2.9625  0.000e+00
      6.152     6.3912   3.257864    32.6052        713     2.9667  0.000e+00
      6.132     6.3913   3.257846    32.6048        714     2.9708  0.000e+00
      6.127     6.3911   3.257864    32.6053        715     2.9750  0.000e+00
      6.116     6.3910   3.257883    32.6055        716     2.9792  0.000e+00
      6.110     6.3912   3.257883    32.6054        717     2.9833  0.000e+00
      6.116     6.3912   3.257883    32.6054        718     2.9875  0.000e+00
      6.128     6.3913   3.257907    32.6055        719     2.9917  0.000e+00
      6.155     6.3914   3.257926    32.6056        720     2.9958  0.000e+00
      6.177     6.3915   3.257944    32.6057        721     3.0000  0.000e+00
      6.195     6.3916   3.258006    32.6063        722     3.0042  0.000e+00
      6.217     6.3918   3.257988    32.6059        723     3.0083  0.000e+00
      6.240     6.3921   3.257963    32.6054        724     3.0125  0.000e+00
      6.242     6.3922   3.257988    32.6055        725     3.0167  0.000e+00
      6.233     6.3922   3.257988    32.6055        726     3.0208  0.000e+00
      6.208     6.3922   3.257988    32.6055        727     3.0250  0.000e+00
      6.159     6.3923   3.257988    32.6055        728     3.0292  0.000e+00
      6.095     6.3922   3.257981    32.6055        729     3.0333  0.000e+00
      6.006     6.3923   3.257944    32.6050        730     3.0375  0.000e+00
      5.901     6.3923   3.257969    32.6054        731     3.0417  0.000e+00
      5.782     6.3924   3.257901    32.6046        732     3.0458  0.000e+00
      5.665     6.3921   3.257821    32.6041        733     3.0500  0.000e+00
      5.545     6.3917   3.257809    32.6043        734     3.0542  0.000e+00
      5.444     6.3915   3.257778    32.6042        735     3.0583  0.000e+00
      5.361     6.3911   3.257803    32.6049        736     3.0625  0.000e+00
      5.310     6.3911   3.257778    32.6047        737     3.0667  0.000e+00
      5.285     6.3907   3.257839    32.6057        738     3.0708  0.000e+00
      5.272     6.3908   3.257802    32.6053        739     3.0750  0.000e+00
      5.267     6.3906   3.257766    32.6050        740     3.0792  0.000e+00
      5.268     6.3906   3.257802    32.6054        741     3.0833  0.000e+00
      5.262     6.3905   3.257778    32.6053        742     3.0875  0.000e+00
      5.262     6.3904   3.257741    32.6050        743     3.0917  0.000e+00
      5.244     6.3903   3.257673    32.6043        744     3.0958  0.000e+00
      5.214     6.3899   3.257685    32.6049        745     3.1000  0.000e+00
      5.166     6.3897   3.257550    32.6035        746     3.1042  0.000e+00
      5.093     6.3892   3.257593    32.6046        747     3.1083  0.000e+00
      4.996     6.3887   3.257427    32.6032        748     3.1125  0.000e+00
      4.898     6.3880   3.257408    32.6037        749     3.1167  0.000e+00
      4.786     6.3873   3.257568    32.6063        750     3.1208  0.000e+00
      4.672     6.3872   3.257488    32.6055        751     3.1250  0.000e+00
      4.558     6.3873   3.257346    32.6039        752     3.1292  0.000e+00
      4.451     6.3869   3.257408    32.6051        753     3.1333  0.000e+00
      4.354     6.3866   3.257285    32.6039        754     3.1375  0.000e+00
      4.267     6.3863   3.257155    32.6029        755     3.1417  0.000e+00
      4.198     6.3855   3.257180    32.6040        756     3.1458  0.000e+00
      4.133     6.3851   3.257223    32.6048        757     3.1500  0.000e+00
      4.077     6.3850   3.257285    32.6057        758     3.1542  0.000e+00
      4.036     6.3850   3.257155    32.6042        759     3.1583  0.000e+00
      4.000     6.3848   3.257315    32.6062        760     3.1625  0.000e+00
      3.967     6.3850   3.257513    32.6082        761     3.1667  0.000e+00
      3.942     6.3857   3.257242    32.6046        762     3.1708  0.000e+00
      3.918     6.3858   3.257303    32.6052        763     3.1750  0.000e+00
      3.902     6.3856   3.257180    32.6040        764     3.1792  0.000e+00
      3.887     6.3850   3.257075    32.6034        765     3.1833  0.000e+00
      3.875     6.3843   3.257174    32.6052        766     3.1875  0.000e+00
      3.858     6.3841   3.257285    32.6066        767     3.1917  0.000e+00
      3.843     6.3841   3.256927    32.6026        768     3.1958  0.000e+00
      3.818     6.3836   3.256927    32.6031        769     3.2000  0.000e+00
      3.803     6.3826   3.256909    32.6039        770     3.2042  0.000e+00
      3.770     6.3819   3.256903    32.6045        771     3.2083  0.000e+00
      3.738     6.3814   3.256927    32.6053        772     3.2125  0.000e+00
      3.725     6.3813   3.257014    32.6064        773     3.2167  0.000e+00
      3.721     6.3816   3.256927    32.6052        774     3.2208  0.000e+00
      3.719     6.3815   3.256952    32.6055        775     3.2250  0.000e+00
      3.718     6.3814   3.256958    32.6057        776     3.2292  0.000e+00
      3.713     6.3815   3.257032    32.6064        777     3.2333  0.000e+00
      3.709     6.3817   3.257075    32.6066        778     3.2375  0.000e+00
      3.698     6.3822   3.256724    32.6023        779     3.2417  0.000e+00
      3.678     6.3814   3.256662    32.6024        780     3.2458  0.000e+00
      3.655     6.3802   3.256447    32.6011        781     3.2500  0.000e+00
      3.612     6.3789   3.257014    32.6087        782     3.2542  0.000e+00
      3.566     6.3793   3.256909    32.6072        783     3.2583  0.000e+00
      3.510     6.3800   3.256539    32.6024        784     3.2625  0.000e+00
      3.437     6.3795   3.256373    32.6011        785     3.2667  0.000e+00
      3.359     6.3776   3.256410    32.6033        786     3.2708  0.000e+00
      3.272     6.3768   3.256330    32.6033        787     3.2750  0.000e+00
      3.167     6.3759   3.256638    32.6076        788     3.2792  0.000e+00
      3.062     6.3763   3.256952    32.6108        789     3.2833  0.000e+00
      2.941     6.3780   3.256952    32.6092        790     3.2875  0.000e+00
      2.795     6.3796   3.256828    32.6064        791     3.2917  0.000e+00
      2.648     6.3802   3.257056    32.6084        792     3.2958  0.000e+00
      2.501     6.3813   3.256927    32.6060        793     3.3000  0.000e+00
      2.362     6.3819   3.257093    32.6073        794     3.3042  0.000e+00
      2.263     6.3824   3.257013    32.6060        795     3.3083  0.000e+00
      2.192     6.3829   3.256951    32.6049        796     3.3125  0.000e+00
      2.154     6.3828   3.257001    32.6055        797     3.3167  0.000e+00
      2.149     6.3829   3.257093    32.6065        798     3.3208  0.000e+00
      2.154     6.3835   3.257013    32.6051        799     3.3250  0.000e+00
      2.176     6.3837   3.257118    32.6060        800     3.3292  0.000e+00
      2.192     6.3840   3.257241    32.6070        801     3.3333  0.000e+00
      2.210     6.3843   3.257222    32.6065        802     3.3375  0.000e+00
      2.215     6.3846   3.257019    32.6040        803     3.3417  0.000e+00
      2.212     6.3843   3.257056    32.6046        804     3.3458  0.000e+00
      2.210     6.3840   3.257118    32.6057        805     3.3500  0.000e+00
      2.221     6.3840   3.257136    32.6059        806     3.3542  0.000e+00
      2.235     6.3843   3.257592    32.6106        807     3.3583  0.000e+00
      2.244     6.3857   3.257512    32.6084        808     3.3625  0.000e+00
      2.241     6.3870   3.257512    32.6071        809     3.3667  0.000e+00
      2.226     6.3879   3.257284    32.6038        810     3.3708  0.000e+00
      2.202     6.3874   3.256637    32.5971        811     3.3750  0.000e+00
      2.143     6.3848   3.256785    32.6012        812     3.3792  0.000e+00
      2.054     6.3829   3.256662    32.6017        813     3.3833  0.000e+00
      1.965     6.3813   3.256804    32.6049        814     3.3875  0.000e+00
      1.905     6.3808   3.256699    32.6043        815     3.3917  0.000e+00
      1.900     6.3805   3.256828    32.6060        816     3.3958  0.000e+00
      1.944     6.3805   3.256970    32.6075        817     3.4000  0.000e+00
      1.992     6.3812   3.257296    32.6104        818     3.4042  0.000e+00
      2.063     6.3829   3.257346    32.6093        819     3.4083  0.000e+00
      2.129     6.3847   3.257469    32.6089        820     3.4125  0.000e+00
      2.181     6.3861   3.257530    32.6082        821     3.4167  0.000e+00
      2.219     6.3873   3.257611    32.6080        822     3.4208  0.000e+00
      2.202     6.3883   3.257777    32.6089        823     3.4250  0.000e+00
      2.175     6.3897   3.257746    32.6072        824     3.4292  0.000e+00
      2.117     6.3906   3.257777    32.6067        825     3.4333  0.000e+00
      2.030     6.3912   3.257863    32.6072        826     3.4375  0.000e+00
      1.929     6.3917   3.257346    32.6010        827     3.4417  0.000e+00
      1.810     6.3905   3.256514    32.5929        828     3.4458  0.000e+00
      1.670     6.3865   3.256231    32.5937        829     3.4500  0.000e+00
      1.522     6.3818   3.256267    32.5987        830     3.4542  0.000e+00
