HB2502/sbe042.cnv
* Sea-Bird SBE 19plus V2 Data File:
* FileName = C:\cruise\data\sbe042.hex
* Software Version Seasave V 7.26.7.121
* Temperature SN = 6128
* Conductivity SN = 6128
* System UpLoad Time = Mar 23 2025 07:36:35
* NMEA Latitude = 41 08.02 N
* NMEA Longitude = 071 26.24 W
* NMEA UTC (Time) = Mar 23 2025  07:35:27
** Ship: Henry Bigelow
** Cruise:  HB2502
** Program:  Spring Bottom Trawl
# nquan = 7
# nvalues = 1231                                  
# units = specified
# name 0 = depSM: Depth [salt water, m]
# name 1 = tv290C: Temperature [ITS-90, deg C]
# name 2 = c0S/m: Conductivity [S/m]
# name 3 = sal00: Salinity, Practical [PSU]
# name 4 = scan: Scan Count
# name 5 = timeM: Time, Elapsed [minutes]
# name 6 = flag:  0.000e+00
# span 0 =     -0.007,     23.885                 
# span 1 =     2.6175,     5.8814                 
# span 2 =   0.003039,   3.218894                 
# span 3 =     0.0229,    33.9975                 
# span 4 =         11,       1241                 
# span 5 =     0.0417,     5.1667                 
# span 6 = 0.0000e+00, 0.0000e+00                 
# interval = seconds: 0.25
# start_time = Mar 23 2025 07:35:27 [NMEA time, header]
# bad_flag = -9.990e-29
*END*
      0.081     2.7287   0.003093     0.0233         11     0.0417  0.000e+00
      0.089     2.7292   0.003081     0.0232         12     0.0458  0.000e+00
      0.081     2.7269   0.003087     0.0232         13     0.0500  0.000e+00
      0.081     2.7253   0.003093     0.0233         14     0.0542  0.000e+00
      0.081     2.7253   0.003081     0.0232         15     0.0583  0.000e+00
      0.076     2.7264   0.003087     0.0232         16     0.0625  0.000e+00
      0.076     2.7260   0.003093     0.0233         17     0.0667  0.000e+00
      0.077     2.7241   0.003087     0.0232         18     0.0708  0.000e+00
      0.077     2.7236   0.003087     0.0232         19     0.0750  0.000e+00
      0.078     2.7263   0.003087     0.0232         20     0.0792  0.000e+00
      0.071     2.7280   0.003087     0.0232         21     0.0833  0.000e+00
      0.076     2.7272   0.003087     0.0232         22     0.0875  0.000e+00
      0.071     2.7229   0.003087     0.0232         23     0.0917  0.000e+00
      0.069     2.7214   0.003087     0.0232         24     0.0958  0.000e+00
      0.072     2.7228   0.003090     0.0232         25     0.1000  0.000e+00
      0.071     2.7249   0.003087     0.0232         26     0.1042  0.000e+00
      0.074     2.7280   0.003087     0.0232         27     0.1083  0.000e+00
      0.066     2.7285   0.003087     0.0232         28     0.1125  0.000e+00
      0.068     2.7195   0.003093     0.0233         29     0.1167  0.000e+00
      0.072     2.7099   0.003087     0.0232         30     0.1208  0.000e+00
      0.076     2.7082   0.003087     0.0232         31     0.1250  0.000e+00
      0.072     2.7111   0.003096     0.0233         32     0.1292  0.000e+00
      0.068     2.7135   0.003093     0.0233         33     0.1333  0.000e+00
      0.066     2.7090   0.003087     0.0232         34     0.1375  0.000e+00
      0.068     2.7013   0.003087     0.0232         35     0.1417  0.000e+00
      0.075     2.6988   0.003096     0.0233         36     0.1458  0.000e+00
      0.066     2.7006   0.003087     0.0232         37     0.1500  0.000e+00
      0.068     2.7046   0.003087     0.0232         38     0.1542  0.000e+00
      0.063     2.7069   0.003093     0.0233         39     0.1583  0.000e+00
      0.063     2.7038   0.003087     0.0232         40     0.1625  0.000e+00
      0.067     2.7020   0.003081     0.0232         41     0.1667  0.000e+00
      0.069     2.7014   0.003087     0.0232         42     0.1708  0.000e+00
      0.064     2.7032   0.003087     0.0232         43     0.1750  0.000e+00
      0.060     2.7067   0.003087     0.0232         44     0.1792  0.000e+00
      0.064     2.7098   0.003081     0.0232         45     0.1833  0.000e+00
      0.064     2.7068   0.003087     0.0232         46     0.1875  0.000e+00
      0.067     2.6979   0.003081     0.0232         47     0.1917  0.000e+00
      0.060     2.6913   0.003081     0.0232         48     0.1958  0.000e+00
      0.060     2.6922   0.003093     0.0233         49     0.2000  0.000e+00
      0.067     2.6962   0.003087     0.0232         50     0.2042  0.000e+00
      0.065     2.6965   0.003096     0.0233         51     0.2083  0.000e+00
      0.067     2.6868   0.003093     0.0233         52     0.2125  0.000e+00
      0.065     2.6767   0.003090     0.0232         53     0.2167  0.000e+00
      0.065     2.6727   0.003093     0.0233         54     0.2208  0.000e+00
      0.065     2.6746   0.003093     0.0233         55     0.2250  0.000e+00
      0.065     2.6776   0.003096     0.0233         56     0.2292  0.000e+00
      0.067     2.6776   0.003093     0.0233         57     0.2333  0.000e+00
      0.061     2.6710   0.003093     0.0233         58     0.2375  0.000e+00
      0.056     2.6686   0.003090     0.0232         59     0.2417  0.000e+00
      0.054     2.6718   0.003093     0.0233         60     0.2458  0.000e+00
      0.056     2.6735   0.003096     0.0233         61     0.2500  0.000e+00
      0.058     2.6686   0.003096     0.0233         62     0.2542  0.000e+00
      0.060     2.6631   0.003093     0.0233         63     0.2583  0.000e+00
      0.057     2.6639   0.003093     0.0233         64     0.2625  0.000e+00
      0.060     2.6683   0.003102     0.0233         65     0.2667  0.000e+00
      0.064     2.6709   0.003087     0.0232         66     0.2708  0.000e+00
      0.062     2.6634   0.003093     0.0233         67     0.2750  0.000e+00
      0.062     2.6555   0.003102     0.0233         68     0.2792  0.000e+00
      0.064     2.6547   0.003096     0.0233         69     0.2833  0.000e+00
      0.062     2.6588   0.003093     0.0233         70     0.2875  0.000e+00
      0.061     2.6626   0.003090     0.0232         71     0.2917  0.000e+00
      0.062     2.6570   0.003096     0.0233         72     0.2958  0.000e+00
      0.057     2.6495   0.003093     0.0233         73     0.3000  0.000e+00
      0.058     2.6441   0.003102     0.0233         74     0.3042  0.000e+00
      0.058     2.6432   0.003096     0.0233         75     0.3083  0.000e+00
      0.058     2.6474   0.003096     0.0233         76     0.3125  0.000e+00
      0.058     2.6530   0.003096     0.0233         77     0.3167  0.000e+00
      0.058     2.6539   0.003102     0.0233         78     0.3208  0.000e+00
      0.056     2.6490   0.003093     0.0233         79     0.3250  0.000e+00
      0.058     2.6453   0.003096     0.0233         80     0.3292  0.000e+00
      0.054     2.6445   0.003096     0.0233         81     0.3333  0.000e+00
      0.060     2.6473   0.003093     0.0233         82     0.3375  0.000e+00
      0.063     2.6488   0.003093     0.0233         83     0.3417  0.000e+00
      0.058     2.6488   0.003096     0.0233         84     0.3458  0.000e+00
      0.059     2.6519   0.003096     0.0233         85     0.3500  0.000e+00
      0.056     2.6555   0.003102     0.0233         86     0.3542  0.000e+00
      0.054     2.6548   0.003102     0.0233         87     0.3583  0.000e+00
      0.059     2.6476   0.003096     0.0233         88     0.3625  0.000e+00
      0.057     2.6410   0.003102     0.0233         89     0.3667  0.000e+00
      0.057     2.6399   0.003102     0.0233         90     0.3708  0.000e+00
      0.056     2.6424   0.003096     0.0233         91     0.3750  0.000e+00
      0.056     2.6465   0.003096     0.0233         92     0.3792  0.000e+00
      0.056     2.6491   0.003096     0.0233         93     0.3833  0.000e+00
      0.052     2.6484   0.003102     0.0233         94     0.3875  0.000e+00
      0.058     2.6429   0.003096     0.0233         95     0.3917  0.000e+00
      0.058     2.6367   0.003096     0.0233         96     0.3958  0.000e+00
      0.056     2.6359   0.003102     0.0233         97     0.4000  0.000e+00
      0.056     2.6399   0.003102     0.0233         98     0.4042  0.000e+00
      0.057     2.6444   0.003102     0.0233         99     0.4083  0.000e+00
      0.057     2.6409   0.003108     0.0234        100     0.4125  0.000e+00
      0.054     2.6313   0.003102     0.0233        101     0.4167  0.000e+00
      0.059     2.6252   0.003105     0.0234        102     0.4208  0.000e+00
      0.062     2.6284   0.003102     0.0233        103     0.4250  0.000e+00
      0.050     2.6317   0.003093     0.0233        104     0.4292  0.000e+00
      0.056     2.6273   0.003102     0.0234        105     0.4333  0.000e+00
      0.063     2.6201   0.003108     0.0234        106     0.4375  0.000e+00
      0.066     2.6178   0.003102     0.0234        107     0.4417  0.000e+00
      0.063     2.6175   0.003102     0.0234        108     0.4458  0.000e+00
      0.054     2.6204   0.003120     0.0235        109     0.4500  0.000e+00
      0.061     2.6251   0.003114     0.0234        110     0.4542  0.000e+00
      0.061     2.6286   0.003102     0.0233        111     0.4583  0.000e+00
      0.061     2.6285   0.003111     0.0234        112     0.4625  0.000e+00
      0.058     2.6235   0.003114     0.0234        113     0.4667  0.000e+00
      0.052     2.6217   0.003114     0.0234        114     0.4708  0.000e+00
      0.054     2.6250   0.003105     0.0234        115     0.4750  0.000e+00
      0.050     2.6295   0.003051     0.0229        116     0.4792  0.000e+00
      0.198     2.6364   0.003039     0.0229        117     0.4833  0.000e+00
      0.369     2.6482   0.076068     0.6568        118     0.4875  0.000e+00
      0.510     2.6625   1.325675    13.6620        119     0.4917  0.000e+00
      0.678     2.6743   2.434660    26.4699        120     0.4958  0.000e+00
      0.900     2.6882   2.317921    25.0712        121     0.5000  0.000e+00
      1.134     2.7720   2.857123    31.4666        122     0.5042  0.000e+00
      1.373     3.0000   2.955042    32.4280        123     0.5083  0.000e+00
      1.586     3.2804   3.108450    33.9975        124     0.5125  0.000e+00
      1.758     3.7503   2.701946    28.7069        125     0.5167  0.000e+00
      1.973     4.2526   3.051660    32.3320        126     0.5208  0.000e+00
      2.066     4.5936   2.826236    29.4000        127     0.5250  0.000e+00
      2.076     4.8121   3.109675    32.4580        128     0.5292  0.000e+00
      2.058     4.9773   3.026006    31.3374        129     0.5333  0.000e+00
      2.067     5.0961   2.764046    28.2575        130     0.5375  0.000e+00
      2.163     5.1738   3.069724    31.6511        131     0.5417  0.000e+00
      2.304     5.1547   3.050901    31.4545        132     0.5458  0.000e+00
      2.474     5.0419   3.040516    31.4423        133     0.5500  0.000e+00
      2.649     4.9026   3.010070    31.2249        134     0.5542  0.000e+00
      2.821     4.7927   2.927230    30.3776        135     0.5583  0.000e+00
      2.995     4.7164   2.945638    30.6589        136     0.5625  0.000e+00
      3.193     4.6616   2.984845    31.1612        137     0.5667  0.000e+00
      3.408     4.5796   3.019366    31.6378        138     0.5708  0.000e+00
      3.613     4.5094   3.032085    31.8527        139     0.5750  0.000e+00
      3.808     4.4702   3.045131    32.0422        140     0.5792  0.000e+00
      3.998     4.4576   3.054369    32.1619        141     0.5833  0.000e+00
      4.191     4.5428   3.075255    32.3216        142     0.5875  0.000e+00
      4.348     4.7025   3.106162    32.5236        143     0.5917  0.000e+00
      4.477     4.8774   3.119611    32.5075        144     0.5958  0.000e+00
      4.544     5.0395   3.125367    32.4156        145     0.6000  0.000e+00
      4.555     5.1756   3.125760    32.2880        146     0.6042  0.000e+00
      4.553     5.2769   3.113720    32.0531        147     0.6083  0.000e+00
      4.610     5.3364   3.068646    31.4842        148     0.6125  0.000e+00
      4.726     5.3733   3.046059    31.1937        149     0.6167  0.000e+00
      4.887     5.3372   3.046810    31.2358        150     0.6208  0.000e+00
      5.060     5.2014   3.053863    31.4430        151     0.6250  0.000e+00
      5.227     5.0724   3.073424    31.7883        152     0.6292  0.000e+00
      5.359     4.9889   3.090437    32.0632        153     0.6333  0.000e+00
      5.428     4.9852   3.112598    32.3212        154     0.6375  0.000e+00
      5.431     5.0735   3.127538    32.4069        155     0.6417  0.000e+00
      5.370     5.1808   3.129399    32.3242        156     0.6458  0.000e+00
      5.268     5.2750   3.129713    32.2368        157     0.6500  0.000e+00
      5.167     5.3449   3.127104    32.1399        158     0.6542  0.000e+00
      5.089     5.3913   3.124103    32.0613        159     0.6583  0.000e+00
      5.022     5.4199   3.120490    31.9931        160     0.6625  0.000e+00
      4.931     5.4407   3.126630    32.0429        161     0.6667  0.000e+00
      4.834     5.4591   3.127970    32.0406        162     0.6708  0.000e+00
      4.738     5.4717   3.114820    31.8797        163     0.6750  0.000e+00
      4.671     5.4718   3.090160    31.6005        164     0.6792  0.000e+00
      4.653     5.4697   3.076987    31.4535        165     0.6833  0.000e+00
      4.686     5.4232   3.081051    31.5432        166     0.6875  0.000e+00
      4.746     5.3241   3.086040    31.6932        167     0.6917  0.000e+00
      4.818     5.2209   3.087278    31.8052        168     0.6958  0.000e+00
      4.903     5.1393   3.085993    31.8683        169     0.7000  0.000e+00
      4.961     5.0840   3.090007    31.9671        170     0.7042  0.000e+00
      5.008     5.0470   3.096173    32.0732        171     0.7083  0.000e+00
      5.026     5.0268   3.097387    32.1066        172     0.7125  0.000e+00
      5.021     5.0514   3.108004    32.2046        173     0.7167  0.000e+00
      5.001     5.1130   3.118876    32.2696        174     0.7208  0.000e+00
      4.964     5.1903   3.125148    32.2666        175     0.7250  0.000e+00
      4.896     5.2651   3.128749    32.2355        176     0.7292  0.000e+00
      4.794     5.3280   3.133153    32.2251        177     0.7333  0.000e+00
      4.675     5.3780   3.135556    32.2044        178     0.7375  0.000e+00
      4.548     5.4180   3.137006    32.1826        179     0.7417  0.000e+00
      4.439     5.4481   3.135476    32.1364        180     0.7458  0.000e+00
      4.361     5.4681   3.132720    32.0861        181     0.7500  0.000e+00
      4.307     5.4811   3.117279    31.8987        182     0.7542  0.000e+00
      4.289     5.4883   3.097111    31.6638        183     0.7583  0.000e+00
      4.309     5.4842   3.087987    31.5644        184     0.7625  0.000e+00
      4.367     5.4178   3.089279    31.6416        185     0.7667  0.000e+00
      4.440     5.3121   3.091526    31.7671        186     0.7708  0.000e+00
      4.524     5.2122   3.092245    31.8702        187     0.7750  0.000e+00
      4.624     5.1349   3.091781    31.9388        188     0.7792  0.000e+00
      4.743     5.0824   3.093285    32.0062        189     0.7833  0.000e+00
      4.866     5.0439   3.093829    32.0494        190     0.7875  0.000e+00
      4.997     5.0194   3.091511    32.0463        191     0.7917  0.000e+00
      5.128     5.0041   3.091276    32.0583        192     0.7958  0.000e+00
      5.257     4.9958   3.095183    32.1110        193     0.8000  0.000e+00
      5.385     4.9903   3.096349    32.1297        194     0.8042  0.000e+00
      5.491     4.9878   3.100089    32.1750        195     0.8083  0.000e+00
      5.572     5.0106   3.101733    32.1718        196     0.8125  0.000e+00
      5.650     5.0681   3.103238    32.1335        197     0.8167  0.000e+00
      5.706     5.1277   3.103316    32.0770        198     0.8208  0.000e+00
      5.745     5.1743   3.102765    32.0259        199     0.8250  0.000e+00
      5.769     5.2094   3.100498    31.9664        200     0.8292  0.000e+00
      5.781     5.2306   3.092191    31.8515        201     0.8333  0.000e+00
      5.787     5.2403   3.086536    31.7778        202     0.8375  0.000e+00
      5.803     5.2474   3.080986    31.7079        203     0.8417  0.000e+00
      5.826     5.2088   3.078232    31.7132        204     0.8458  0.000e+00
      5.881     5.1331   3.078703    31.7905        205     0.8500  0.000e+00
      5.957     5.0533   3.078004    31.8586        206     0.8542  0.000e+00
      6.069     4.9872   3.076872    31.9089        207     0.8583  0.000e+00
      6.186     4.9348   3.076493    31.9547        208     0.8625  0.000e+00
      6.310     4.8881   3.073234    31.9621        209     0.8667  0.000e+00
      6.439     4.8484   3.070120    31.9644        210     0.8708  0.000e+00
      6.564     4.8173   3.071163    32.0063        211     0.8750  0.000e+00
      6.693     4.7960   3.078471    32.1111        212     0.8792  0.000e+00
      6.819     4.7822   3.084441    32.1934        213     0.8833  0.000e+00
      6.958     4.7833   3.086088    32.2112        214     0.8875  0.000e+00
      7.098     4.8284   3.089286    32.2043        215     0.8917  0.000e+00
