HB2502/sbe036.cnv
* Sea-Bird SBE 19plus V2 Data File:
* FileName = C:\cruise\data\sbe036.hex
* Software Version Seasave V 7.26.7.121
* Temperature SN = 6128
* Conductivity SN = 6128
* System UpLoad Time = Mar 20 2025 16:33:48
* NMEA Latitude = 39 29.67 N
* NMEA Longitude = 073 14.26 W
* NMEA UTC (Time) = Mar 20 2025  16:32:38
** Ship: Henry Bigelow
** Cruise:  HB2502
** Program:  Spring Bottom Trawl
# nquan = 7
# nvalues = 1227                                  
# units = specified
# name 0 = depSM: Depth [salt water, m]
# name 1 = tv290C: Temperature [ITS-90, deg C]
# name 2 = c0S/m: Conductivity [S/m]
# name 3 = sal00: Salinity, Practical [PSU]
# name 4 = scan: Scan Count
# name 5 = timeM: Time, Elapsed [minutes]
# name 6 = flag:  0.000e+00
# span 0 =     -0.036,     37.274                 
# span 1 =     5.5458,     9.3021                 
# span 2 =   0.008477,   3.407946                 
# span 3 =     0.0576,    33.7589                 
# span 4 =         11,       1237                 
# span 5 =     0.0417,     5.1500                 
# span 6 = 0.0000e+00, 0.0000e+00                 
# interval = seconds: 0.25
# start_time = Mar 20 2025 16:32:38 [NMEA time, header]
# bad_flag = -9.990e-29
*END*
      0.153     9.2661   0.008510     0.0578         11     0.0417  0.000e+00
      0.152     9.2672   0.008504     0.0578         12     0.0458  0.000e+00
      0.150     9.2680   0.008516     0.0579         13     0.0500  0.000e+00
      0.152     9.2691   0.008513     0.0579         14     0.0542  0.000e+00
      0.152     9.2700   0.008504     0.0578         15     0.0583  0.000e+00
      0.150     9.2703   0.008498     0.0578         16     0.0625  0.000e+00
      0.150     9.2716   0.008522     0.0579         17     0.0667  0.000e+00
      0.147     9.2724   0.008522     0.0579         18     0.0708  0.000e+00
      0.148     9.2730   0.008531     0.0580         19     0.0750  0.000e+00
      0.147     9.2737   0.008528     0.0579         20     0.0792  0.000e+00
      0.143     9.2745   0.008528     0.0579         21     0.0833  0.000e+00
      0.141     9.2754   0.008525     0.0579         22     0.0875  0.000e+00
      0.141     9.2764   0.008522     0.0579         23     0.0917  0.000e+00
      0.139     9.2768   0.008522     0.0579         24     0.0958  0.000e+00
      0.140     9.2776   0.008510     0.0578         25     0.1000  0.000e+00
      0.134     9.2782   0.008510     0.0578         26     0.1042  0.000e+00
      0.134     9.2790   0.008504     0.0578         27     0.1083  0.000e+00
      0.140     9.2795   0.008504     0.0578         28     0.1125  0.000e+00
      0.138     9.2800   0.008498     0.0577         29     0.1167  0.000e+00
      0.137     9.2805   0.008492     0.0577         30     0.1208  0.000e+00
      0.137     9.2810   0.008495     0.0577         31     0.1250  0.000e+00
      0.134     9.2822   0.008492     0.0577         32     0.1292  0.000e+00
      0.136     9.2832   0.008504     0.0578         33     0.1333  0.000e+00
      0.136     9.2837   0.008504     0.0578         34     0.1375  0.000e+00
      0.132     9.2845   0.008492     0.0577         35     0.1417  0.000e+00
      0.138     9.2853   0.008495     0.0577         36     0.1458  0.000e+00
      0.135     9.2857   0.008498     0.0577         37     0.1500  0.000e+00
      0.135     9.2864   0.008492     0.0577         38     0.1542  0.000e+00
      0.133     9.2872   0.008495     0.0577         39     0.1583  0.000e+00
      0.133     9.2879   0.008486     0.0577         40     0.1625  0.000e+00
      0.122     9.2887   0.008486     0.0576         41     0.1667  0.000e+00
      0.126     9.2892   0.008489     0.0577         42     0.1708  0.000e+00
      0.136     9.2897   0.008480     0.0576         43     0.1750  0.000e+00
      0.131     9.2906   0.008477     0.0576         44     0.1792  0.000e+00
      0.133     9.2915   0.008483     0.0576         45     0.1833  0.000e+00
      0.146     9.2920   0.008492     0.0577         46     0.1875  0.000e+00
      0.140     9.2927   0.008510     0.0578         47     0.1917  0.000e+00
      0.139     9.2929   0.008525     0.0579         48     0.1958  0.000e+00
      0.133     9.2937   0.008528     0.0579         49     0.2000  0.000e+00
      0.137     9.2940   0.008543     0.0580         50     0.2042  0.000e+00
      0.137     9.2946   0.008540     0.0580         51     0.2083  0.000e+00
      0.139     9.2948   0.008555     0.0581         52     0.2125  0.000e+00
      0.134     9.2951   0.008567     0.0582         53     0.2167  0.000e+00
      0.133     9.2958   0.008579     0.0583         54     0.2208  0.000e+00
      0.139     9.2962   0.008585     0.0583         55     0.2250  0.000e+00
      0.130     9.2966   0.008600     0.0584         56     0.2292  0.000e+00
      0.126     9.2970   0.008600     0.0584         57     0.2333  0.000e+00
      0.132     9.2970   0.008618     0.0585         58     0.2375  0.000e+00
      0.133     9.2975   0.008630     0.0586         59     0.2417  0.000e+00
      0.132     9.2979   0.008630     0.0586         60     0.2458  0.000e+00
      0.126     9.2973   0.008642     0.0587         61     0.2500  0.000e+00
      0.132     9.2963   0.008651     0.0587         62     0.2542  0.000e+00
      0.128     9.2963   0.008648     0.0587         63     0.2583  0.000e+00
      0.125     9.2970   0.008648     0.0587         64     0.2625  0.000e+00
      0.131     9.2971   0.008648     0.0587         65     0.2667  0.000e+00
      0.127     9.2970   0.008648     0.0587         66     0.2708  0.000e+00
      0.129     9.2974   0.008660     0.0588         67     0.2750  0.000e+00
      0.129     9.2977   0.008666     0.0588         68     0.2792  0.000e+00
      0.127     9.2985   0.008675     0.0589         69     0.2833  0.000e+00
      0.125     9.2990   0.008663     0.0588         70     0.2875  0.000e+00
      0.125     9.2996   0.008678     0.0589         71     0.2917  0.000e+00
      0.129     9.3004   0.008675     0.0589         72     0.2958  0.000e+00
      0.126     9.3007   0.008687     0.0590         73     0.3000  0.000e+00
      0.126     9.3009   0.008699     0.0591         74     0.3042  0.000e+00
      0.127     9.3012   0.008711     0.0591         75     0.3083  0.000e+00
      0.127     9.3018   0.008714     0.0592         76     0.3125  0.000e+00
      0.127     9.3021   0.008717     0.0592         77     0.3167  0.000e+00
      0.129     9.3005   0.008726     0.0592         78     0.3208  0.000e+00
      0.123     9.2990   0.008744     0.0594         79     0.3250  0.000e+00
      0.125     9.2987   0.008744     0.0594         80     0.3292  0.000e+00
      0.119     9.2989   0.008750     0.0594         81     0.3333  0.000e+00
      0.123     9.2996   0.008753     0.0594         82     0.3375  0.000e+00
      0.125     9.3001   0.008756     0.0594         83     0.3417  0.000e+00
      0.122     9.2993   0.008768     0.0595         84     0.3458  0.000e+00
      0.117     9.2985   0.008780     0.0596         85     0.3500  0.000e+00
      0.123     9.2984   0.008783     0.0596         86     0.3542  0.000e+00
      0.124     9.2989   0.008783     0.0596         87     0.3583  0.000e+00
      0.120     9.2987   0.008795     0.0597         88     0.3625  0.000e+00
      0.118     9.2995   0.008801     0.0597         89     0.3667  0.000e+00
      0.121     9.2991   0.008798     0.0597         90     0.3708  0.000e+00
      0.121     9.2982   0.008819     0.0599         91     0.3750  0.000e+00
      0.123     9.2978   0.008840     0.0600         92     0.3792  0.000e+00
      0.127     9.2977   0.008855     0.0601         93     0.3833  0.000e+00
      0.121     9.2980   0.008858     0.0601         94     0.3875  0.000e+00
      0.124     9.2985   0.008876     0.0602         95     0.3917  0.000e+00
      0.124     9.2987   0.008879     0.0603         96     0.3958  0.000e+00
      0.121     9.2984   0.008903     0.0604         97     0.4000  0.000e+00
      0.119     9.2980   0.008909     0.0605         98     0.4042  0.000e+00
      0.121     9.2985   0.008906     0.0604         99     0.4083  0.000e+00
      0.119     9.2989   0.008933     0.0606        100     0.4125  0.000e+00
      0.118     9.2992   0.008945     0.0607        101     0.4167  0.000e+00
      0.117     9.2995   0.008945     0.0607        102     0.4208  0.000e+00
      0.119     9.3002   0.008963     0.0608        103     0.4250  0.000e+00
      0.115     9.3000   0.008972     0.0609        104     0.4292  0.000e+00
      0.119     9.2995   0.008987     0.0610        105     0.4333  0.000e+00
      0.113     9.2998   0.008984     0.0610        106     0.4375  0.000e+00
      0.120     9.3000   0.009008     0.0611        107     0.4417  0.000e+00
      0.117     9.3004   0.009011     0.0611        108     0.4458  0.000e+00
      0.117     9.3006   0.009020     0.0612        109     0.4500  0.000e+00
      0.117     9.2998   0.009029     0.0613        110     0.4542  0.000e+00
      0.115     9.2994   0.009035     0.0613        111     0.4583  0.000e+00
      0.115     9.2991   0.009047     0.0614        112     0.4625  0.000e+00
      0.117     9.2995   0.009053     0.0614        113     0.4667  0.000e+00
      0.115     9.3001   0.009053     0.0614        114     0.4708  0.000e+00
      0.114     9.2987   0.009071     0.0616        115     0.4750  0.000e+00
      0.116     9.2959   0.009074     0.0616        116     0.4792  0.000e+00
      0.120     9.2950   0.009086     0.0617        117     0.4833  0.000e+00
      0.114     9.2949   0.009083     0.0616        118     0.4875  0.000e+00
      0.120     9.2951   0.009104     0.0618        119     0.4917  0.000e+00
      0.122     9.2954   0.009104     0.0618        120     0.4958  0.000e+00
      0.117     9.2948   0.009122     0.0619        121     0.5000  0.000e+00
      0.118     9.2947   0.009125     0.0619        122     0.5042  0.000e+00
      0.117     9.2946   0.009134     0.0620        123     0.5083  0.000e+00
      0.117     9.2949   0.009149     0.0621        124     0.5125  0.000e+00
      0.118     9.2949   0.009161     0.0622        125     0.5167  0.000e+00
      0.116     9.2952   0.009167     0.0622        126     0.5208  0.000e+00
      0.116     9.2956   0.009176     0.0623        127     0.5250  0.000e+00
      0.115     9.2959   0.009173     0.0622        128     0.5292  0.000e+00
      0.115     9.2966   0.009185     0.0623        129     0.5333  0.000e+00
      0.117     9.2966   0.009179     0.0623        130     0.5375  0.000e+00
      0.113     9.2962   0.009185     0.0623        131     0.5417  0.000e+00
      0.113     9.2960   0.009185     0.0623        132     0.5458  0.000e+00
      0.112     9.2960   0.009179     0.0623        133     0.5500  0.000e+00
      0.111     9.2960   0.009179     0.0623        134     0.5542  0.000e+00
      0.113     9.2955   0.009173     0.0622        135     0.5583  0.000e+00
      0.116     9.2955   0.009179     0.0623        136     0.5625  0.000e+00
      0.112     9.2953   0.009179     0.0623        137     0.5667  0.000e+00
      0.120     9.2956   0.009179     0.0623        138     0.5708  0.000e+00
      0.115     9.2951   0.009185     0.0623        139     0.5750  0.000e+00
      0.118     9.2951   0.009179     0.0623        140     0.5792  0.000e+00
      0.121     9.2948   0.009194     0.0624        141     0.5833  0.000e+00
      0.121     9.2952   0.009212     0.0625        142     0.5875  0.000e+00
      0.120     9.2951   0.009230     0.0626        143     0.5917  0.000e+00
      0.117     9.2932   0.009230     0.0626        144     0.5958  0.000e+00
      0.118     9.2896   0.009254     0.0628        145     0.6000  0.000e+00
      0.119     9.2879   0.009260     0.0628        146     0.6042  0.000e+00
      0.117     9.2870   0.009272     0.0629        147     0.6083  0.000e+00
      0.117     9.2868   0.009281     0.0630        148     0.6125  0.000e+00
      0.119     9.2867   0.009293     0.0631        149     0.6167  0.000e+00
      0.114     9.2868   0.009317     0.0632        150     0.6208  0.000e+00
      0.120     9.2857   0.009332     0.0633        151     0.6250  0.000e+00
      0.118     9.2828   0.009350     0.0634        152     0.6292  0.000e+00
      0.114     9.2799   0.009359     0.0635        153     0.6333  0.000e+00
      0.116     9.2786   0.009368     0.0636        154     0.6375  0.000e+00
      0.119     9.2786   0.009380     0.0637        155     0.6417  0.000e+00
      0.117     9.2789   0.009389     0.0637        156     0.6458  0.000e+00
      0.115     9.2787   0.009389     0.0637        157     0.6500  0.000e+00
      0.119     9.2764   0.009398     0.0638        158     0.6542  0.000e+00
      0.116     9.2747   0.009407     0.0638        159     0.6583  0.000e+00
      0.128     9.2745   0.011615     0.0787        160     0.6625  0.000e+00
      0.368     9.2696   1.124777     9.4088        161     0.6667  0.000e+00
      0.584     9.2489   1.353189    11.4976        162     0.6708  0.000e+00
      0.730     9.0836   3.104841    28.6182        163     0.6750  0.000e+00
      0.841     8.5477   2.940978    27.3652        164     0.6792  0.000e+00
      0.947     8.0198   3.368545    32.2790        165     0.6833  0.000e+00
      1.115     7.6382   2.329151    21.7335        166     0.6875  0.000e+00
      1.332     7.3841   2.005907    18.5939        167     0.6917  0.000e+00
      1.561     7.2188   1.940098    18.0152        168     0.6958  0.000e+00
      1.795     7.1130   2.344839    22.2276        169     0.7000  0.000e+00
      2.010     7.0448   3.269459    32.1170        170     0.7042  0.000e+00
      2.194     6.9867   3.379374    33.3728        171     0.7083  0.000e+00
      2.346     6.9256   3.368595    33.3138        172     0.7125  0.000e+00
      2.475     6.8746   3.364333    33.3165        173     0.7167  0.000e+00
      2.587     6.8304   3.359469    33.3058        174     0.7208  0.000e+00
      2.684     6.7897   3.358578    33.3355        175     0.7250  0.000e+00
      2.752     6.7543   3.360960    33.3961        176     0.7292  0.000e+00
      2.808     6.7286   3.372967    33.5537        177     0.7333  0.000e+00
      2.881     6.7184   2.519335    24.3245        178     0.7375  0.000e+00
      2.983     6.7212   2.867718    28.0470        179     0.7417  0.000e+00
      3.124     6.8050   3.395760    33.7301        180     0.7458  0.000e+00
      3.290     6.9120   3.407946    33.7589        181     0.7500  0.000e+00
      3.464     6.9977   3.382143    33.3919        182     0.7542  0.000e+00
      3.641     7.0601   3.393365    33.4541        183     0.7583  0.000e+00
      3.804     7.0983   3.396301    33.4490        184     0.7625  0.000e+00
      3.971     7.0992   3.385369    33.3286        185     0.7667  0.000e+00
      4.143     7.0497   3.370510    33.2139        186     0.7708  0.000e+00
      4.328     6.9733   3.359530    33.1673        187     0.7750  0.000e+00
      4.508     6.8924   3.353049    33.1742        188     0.7792  0.000e+00
      4.675     6.8200   3.350209    33.2130        189     0.7833  0.000e+00
      4.825     6.7610   3.348261    33.2487        190     0.7875  0.000e+00
      4.957     6.7155   3.347059    33.2796        191     0.7917  0.000e+00
      5.077     6.6816   3.348025    33.3231        192     0.7958  0.000e+00
      5.195     6.6566   3.344010    33.3031        193     0.8000  0.000e+00
      5.320     6.6376   3.337073    33.2448        194     0.8042  0.000e+00
      5.441     6.6246   3.332609    33.2080        195     0.8083  0.000e+00
      5.566     6.6161   3.323291    33.1133        196     0.8125  0.000e+00
      5.696     6.6095   3.327340    33.1643        197     0.8167  0.000e+00
      5.842     6.6057   3.335165    33.2545        198     0.8208  0.000e+00
      5.994     6.6064   3.339195    33.2983        199     0.8250  0.000e+00
      6.148     6.6078   3.335737    33.2586        200     0.8292  0.000e+00
      6.302     6.6076   3.337677    33.2802        201     0.8333  0.000e+00
      6.461     6.6058   3.334525    33.2470        202     0.8375  0.000e+00
      6.617     6.6018   3.349845    33.4204        203     0.8417  0.000e+00
      6.780     6.5957   3.341889    33.3381        204     0.8458  0.000e+00
      6.939     6.5910   3.330590    33.2177        205     0.8500  0.000e+00
      7.105     6.5901   3.342412    33.3493        206     0.8542  0.000e+00
      7.274     6.5874   3.341367    33.3403        207     0.8583  0.000e+00
      7.442     6.5815   3.340253    33.3336        208     0.8625  0.000e+00
      7.596     6.5735   3.339420    33.3320        209     0.8667  0.000e+00
      7.746     6.5644   3.338978    33.3360        210     0.8708  0.000e+00
      7.896     6.5559   3.338319    33.3369        211     0.8750  0.000e+00
      8.035     6.5484   3.330262    33.2549        212     0.8792  0.000e+00
      8.188     6.5415   3.328069    33.2373        213     0.8833  0.000e+00
      8.338     6.5348   3.328280    33.2460        214     0.8875  0.000e+00
      8.491     6.5288   3.328224    33.2512        215     0.8917  0.000e+00
