HB2502/sbe041.cnv
* Sea-Bird SBE 19plus V2 Data File:
* FileName = C:\cruise\data\sbe041.hex
* Software Version Seasave V 7.26.7.121
* Temperature SN = 6128
* Conductivity SN = 6128
* System UpLoad Time = Mar 22 2025 13:09:11
* NMEA Latitude = 40 54.38 N
* NMEA Longitude = 072 03.93 W
* NMEA UTC (Time) = Mar 22 2025  13:08:02
** Ship: Henry Bigelow
** Cruise:  HB2502
** Program:  Spring Bottom Trawl
# nquan = 7
# nvalues = 1398                                  
# units = specified
# name 0 = depSM: Depth [salt water, m]
# name 1 = tv290C: Temperature [ITS-90, deg C]
# name 2 = c0S/m: Conductivity [S/m]
# name 3 = sal00: Salinity, Practical [PSU]
# name 4 = scan: Scan Count
# name 5 = timeM: Time, Elapsed [minutes]
# name 6 = flag:  0.000e+00
# span 0 =      0.063,     26.556                 
# span 1 =     5.5975,    10.8869                 
# span 2 =   0.004736,   3.523314                 
# span 3 =     0.0324,    34.3413                 
# span 4 =         11,       1408                 
# span 5 =     0.0417,     5.8625                 
# span 6 = 0.0000e+00, 0.0000e+00                 
# interval = seconds: 0.25
# start_time = Mar 22 2025 13:08:02 [NMEA time, header]
# bad_flag = -9.990e-29
*END*
      0.117    10.8869   0.004823     0.0328         11     0.0417  0.000e+00
      0.111    10.8810   0.004826     0.0328         12     0.0458  0.000e+00
      0.111    10.8776   0.004823     0.0328         13     0.0500  0.000e+00
      0.113    10.8771   0.004829     0.0328         14     0.0542  0.000e+00
      0.112    10.8746   0.004820     0.0328         15     0.0583  0.000e+00
      0.110    10.8656   0.004823     0.0328         16     0.0625  0.000e+00
      0.108    10.8610   0.004817     0.0328         17     0.0667  0.000e+00
      0.104    10.8608   0.004817     0.0328         18     0.0708  0.000e+00
      0.102    10.8613   0.004817     0.0328         19     0.0750  0.000e+00
      0.099    10.8554   0.004817     0.0328         20     0.0792  0.000e+00
      0.103    10.8414   0.004826     0.0328         21     0.0833  0.000e+00
      0.098    10.8341   0.004817     0.0328         22     0.0875  0.000e+00
      0.103    10.8325   0.004817     0.0328         23     0.0917  0.000e+00
      0.103    10.8321   0.004817     0.0328         24     0.0958  0.000e+00
      0.098    10.8261   0.004811     0.0328         25     0.1000  0.000e+00
      0.102    10.8174   0.004811     0.0328         26     0.1042  0.000e+00
      0.102    10.8139   0.004811     0.0328         27     0.1083  0.000e+00
      0.098    10.8115   0.004817     0.0328         28     0.1125  0.000e+00
      0.094    10.8119   0.004817     0.0328         29     0.1167  0.000e+00
      0.096    10.8139   0.004817     0.0328         30     0.1208  0.000e+00
      0.096    10.8135   0.004811     0.0328         31     0.1250  0.000e+00
      0.096    10.8036   0.004817     0.0328         32     0.1292  0.000e+00
      0.091    10.7972   0.004820     0.0328         33     0.1333  0.000e+00
      0.093    10.7966   0.004811     0.0328         34     0.1375  0.000e+00
      0.091    10.7969   0.004811     0.0328         35     0.1417  0.000e+00
      0.095    10.7920   0.004817     0.0328         36     0.1458  0.000e+00
      0.091    10.7868   0.004805     0.0327         37     0.1500  0.000e+00
      0.088    10.7861   0.004817     0.0328         38     0.1542  0.000e+00
      0.092    10.7838   0.004811     0.0328         39     0.1583  0.000e+00
      0.092    10.7781   0.004817     0.0328         40     0.1625  0.000e+00
      0.090    10.7771   0.004817     0.0328         41     0.1667  0.000e+00
      0.087    10.7789   0.004817     0.0328         42     0.1708  0.000e+00
      0.091    10.7797   0.004817     0.0328         43     0.1750  0.000e+00
      0.092    10.7752   0.004811     0.0328         44     0.1792  0.000e+00
      0.085    10.7708   0.004817     0.0328         45     0.1833  0.000e+00
      0.091    10.7701   0.004817     0.0328         46     0.1875  0.000e+00
      0.092    10.7706   0.004817     0.0328         47     0.1917  0.000e+00
      0.089    10.7718   0.004817     0.0328         48     0.1958  0.000e+00
      0.091    10.7726   0.004805     0.0327         49     0.2000  0.000e+00
      0.084    10.7699   0.004811     0.0328         50     0.2042  0.000e+00
      0.086    10.7696   0.004811     0.0328         51     0.2083  0.000e+00
      0.084    10.7668   0.004805     0.0327         52     0.2125  0.000e+00
      0.082    10.7657   0.004805     0.0327         53     0.2167  0.000e+00
      0.088    10.7670   0.004811     0.0328         54     0.2208  0.000e+00
      0.082    10.7694   0.004805     0.0327         55     0.2250  0.000e+00
      0.086    10.7720   0.004805     0.0327         56     0.2292  0.000e+00
      0.082    10.7704   0.004805     0.0327         57     0.2333  0.000e+00
      0.084    10.7587   0.004805     0.0327         58     0.2375  0.000e+00
      0.081    10.7483   0.004799     0.0327         59     0.2417  0.000e+00
      0.081    10.7461   0.004802     0.0327         60     0.2458  0.000e+00
      0.081    10.7470   0.004805     0.0327         61     0.2500  0.000e+00
      0.082    10.7463   0.004811     0.0328         62     0.2542  0.000e+00
      0.079    10.7342   0.004805     0.0328         63     0.2583  0.000e+00
      0.079    10.7228   0.004805     0.0328         64     0.2625  0.000e+00
      0.084    10.7191   0.004805     0.0328         65     0.2667  0.000e+00
      0.081    10.7198   0.004805     0.0328         66     0.2708  0.000e+00
      0.079    10.7171   0.004805     0.0328         67     0.2750  0.000e+00
      0.077    10.7072   0.004805     0.0328         68     0.2792  0.000e+00
      0.079    10.7017   0.004802     0.0327         69     0.2833  0.000e+00
      0.084    10.7024   0.004805     0.0328         70     0.2875  0.000e+00
      0.081    10.7024   0.004793     0.0327         71     0.2917  0.000e+00
      0.079    10.7007   0.004802     0.0327         72     0.2958  0.000e+00
      0.081    10.7013   0.004793     0.0327         73     0.3000  0.000e+00
      0.083    10.6989   0.004787     0.0327         74     0.3042  0.000e+00
      0.079    10.6955   0.004796     0.0327         75     0.3083  0.000e+00
      0.078    10.6953   0.004787     0.0327         76     0.3125  0.000e+00
      0.078    10.6979   0.004793     0.0327         77     0.3167  0.000e+00
      0.085    10.7011   0.004790     0.0327         78     0.3208  0.000e+00
      0.089    10.7044   0.004793     0.0327         79     0.3250  0.000e+00
      0.086    10.6992   0.004793     0.0327         80     0.3292  0.000e+00
      0.080    10.6875   0.004790     0.0327         81     0.3333  0.000e+00
      0.080    10.6811   0.004799     0.0327         82     0.3375  0.000e+00
      0.078    10.6808   0.004793     0.0327         83     0.3417  0.000e+00
      0.080    10.6829   0.004796     0.0327         84     0.3458  0.000e+00
      0.073    10.6848   0.004793     0.0327         85     0.3500  0.000e+00
      0.077    10.6867   0.004787     0.0327         86     0.3542  0.000e+00
      0.071    10.6872   0.004790     0.0327         87     0.3583  0.000e+00
      0.077    10.6785   0.004784     0.0326         88     0.3625  0.000e+00
      0.080    10.6682   0.004787     0.0327         89     0.3667  0.000e+00
      0.088    10.6663   0.004787     0.0327         90     0.3708  0.000e+00
      0.082    10.6674   0.004793     0.0327         91     0.3750  0.000e+00
      0.078    10.6700   0.004793     0.0327         92     0.3792  0.000e+00
      0.077    10.6699   0.004790     0.0327         93     0.3833  0.000e+00
      0.077    10.6635   0.004787     0.0327         94     0.3875  0.000e+00
      0.077    10.6546   0.004793     0.0327         95     0.3917  0.000e+00
      0.079    10.6483   0.004781     0.0326         96     0.3958  0.000e+00
      0.073    10.6480   0.004784     0.0327         97     0.4000  0.000e+00
      0.075    10.6492   0.004787     0.0327         98     0.4042  0.000e+00
      0.073    10.6521   0.004787     0.0327         99     0.4083  0.000e+00
      0.075    10.6538   0.004784     0.0327        100     0.4125  0.000e+00
      0.073    10.6562   0.004784     0.0327        101     0.4167  0.000e+00
      0.077    10.6537   0.004781     0.0326        102     0.4208  0.000e+00
      0.068    10.6384   0.004778     0.0326        103     0.4250  0.000e+00
      0.071    10.6271   0.004784     0.0327        104     0.4292  0.000e+00
      0.075    10.6245   0.004775     0.0326        105     0.4333  0.000e+00
      0.076    10.6263   0.004778     0.0326        106     0.4375  0.000e+00
      0.074    10.6280   0.004784     0.0327        107     0.4417  0.000e+00
      0.069    10.6257   0.004775     0.0326        108     0.4458  0.000e+00
      0.063    10.6125   0.004772     0.0326        109     0.4500  0.000e+00
      0.067    10.6003   0.004772     0.0326        110     0.4542  0.000e+00
      0.074    10.5974   0.004775     0.0326        111     0.4583  0.000e+00
      0.076    10.5988   0.004778     0.0326        112     0.4625  0.000e+00
      0.073    10.6019   0.004778     0.0326        113     0.4667  0.000e+00
      0.067    10.6064   0.004775     0.0326        114     0.4708  0.000e+00
      0.075    10.6057   0.004772     0.0326        115     0.4750  0.000e+00
      0.077    10.5876   0.004778     0.0326        116     0.4792  0.000e+00
      0.075    10.5700   0.004775     0.0326        117     0.4833  0.000e+00
      0.072    10.5647   0.004778     0.0327        118     0.4875  0.000e+00
      0.074    10.5657   0.004778     0.0327        119     0.4917  0.000e+00
      0.074    10.5688   0.004772     0.0326        120     0.4958  0.000e+00
      0.078    10.5719   0.004778     0.0327        121     0.5000  0.000e+00
      0.072    10.5750   0.004778     0.0326        122     0.5042  0.000e+00
      0.074    10.5778   0.004757     0.0325        123     0.5083  0.000e+00
      0.083    10.5789   0.004736     0.0324        124     0.5125  0.000e+00
      0.245    10.5768   0.454215     3.4318        125     0.5167  0.000e+00
      0.355    10.5745   3.523314    31.5877        126     0.5208  0.000e+00
      0.410    10.5582   3.486188    31.2323        127     0.5250  0.000e+00
      0.415    10.4381   3.318270    29.6663        128     0.5292  0.000e+00
      0.351    10.2981   3.245109    29.0546        129     0.5333  0.000e+00
      0.255    10.1571   3.254460    29.2608        130     0.5375  0.000e+00
      0.183     9.6020   3.343099    30.6120        131     0.5417  0.000e+00
      0.231     8.6851   3.396953    31.9712        132     0.5458  0.000e+00
      0.385     8.0798   3.438434    32.9669        133     0.5500  0.000e+00
      0.591     7.8865   3.424642    33.0019        134     0.5542  0.000e+00
      0.819     7.8889   3.362238    32.3329        135     0.5583  0.000e+00
      1.033     7.8587   3.322209    31.9338        136     0.5625  0.000e+00
      1.226     7.6099   3.260395    31.5001        137     0.5667  0.000e+00
      1.382     7.2333   3.235815    31.5783        138     0.5708  0.000e+00
      1.480     6.8864   3.234817    31.8870        139     0.5750  0.000e+00
      1.550     6.6285   3.242411    32.2113        140     0.5792  0.000e+00
      1.573     6.4506   3.223052    32.1655        141     0.5833  0.000e+00
      1.554     6.3022   3.214046    32.2060        142     0.5875  0.000e+00
      1.525     6.1819   3.211332    32.2900        143     0.5917  0.000e+00
      1.527     6.0929   3.221583    32.4892        144     0.5958  0.000e+00
      1.580     6.0453   3.295792    33.3665        145     0.6000  0.000e+00
      1.682     6.0428   3.348348    33.9598        146     0.6042  0.000e+00
      1.833     6.0601   3.383779    34.3413        147     0.6083  0.000e+00
      1.994     6.1656   3.388300    34.2852        148     0.6125  0.000e+00
      2.154     6.3643   3.381062    34.0044        149     0.6167  0.000e+00
      2.311     6.5155   3.385869    33.9072        150     0.6208  0.000e+00
      2.461     6.6141   3.391242    33.8689        151     0.6250  0.000e+00
      2.604     6.7050   3.387449    33.7370        152     0.6292  0.000e+00
      2.731     6.7758   3.362650    33.3938        153     0.6333  0.000e+00
      2.837     6.7978   3.282761    32.4942        154     0.6375  0.000e+00
      2.919     6.7333   3.229580    31.9715        155     0.6417  0.000e+00
      2.976     6.5601   3.198932    31.7961        156     0.6458  0.000e+00
      2.982     6.3598   3.183801    31.8159        157     0.6500  0.000e+00
      2.960     6.1767   3.179713    31.9422        158     0.6542  0.000e+00
      2.903     6.0357   3.179311    32.0709        159     0.6583  0.000e+00
      2.849     5.9357   3.179734    32.1705        160     0.6625  0.000e+00
      2.814     5.8669   3.179978    32.2389        161     0.6667  0.000e+00
      2.802     5.8193   3.177160    32.2527        162     0.6708  0.000e+00
      2.802     5.7841   3.172494    32.2338        163     0.6750  0.000e+00
      2.780     5.7595   3.169342    32.2219        164     0.6792  0.000e+00
      2.734     5.7436   3.167434    32.2156        165     0.6833  0.000e+00
      2.665     5.7327   3.166356    32.2140        166     0.6875  0.000e+00
      2.577     5.7218   3.166716    32.2284        167     0.6917  0.000e+00
      2.493     5.7127   3.167995    32.2516        168     0.6958  0.000e+00
      2.443     5.7061   3.170403    32.2851        169     0.7000  0.000e+00
      2.422     5.7025   3.172031    32.3070        170     0.7042  0.000e+00
      2.418     5.6983   3.172153    32.3124        171     0.7083  0.000e+00
      2.434     5.6939   3.169745    32.2894        172     0.7125  0.000e+00
      2.451     5.6903   3.167575    32.2684        173     0.7167  0.000e+00
      2.455     5.6898   3.166210    32.2534        174     0.7208  0.000e+00
      2.438     5.6917   3.166094    32.2503        175     0.7250  0.000e+00
      2.414     5.6926   3.166174    32.2504        176     0.7292  0.000e+00
      2.380     5.6917   3.166070    32.2501        177     0.7333  0.000e+00
      2.342     5.6909   3.166332    32.2538        178     0.7375  0.000e+00
      2.305     5.6904   3.166917    32.2609        179     0.7417  0.000e+00
      2.295     5.6896   3.169666    32.2927        180     0.7458  0.000e+00
      2.302     5.6895   3.172232    32.3217        181     0.7500  0.000e+00
      2.325     5.6899   3.171934    32.3179        182     0.7542  0.000e+00
      2.359     5.6894   3.167977    32.2738        183     0.7583  0.000e+00
      2.385     5.6872   3.165729    32.2505        184     0.7625  0.000e+00
      2.403     5.6868   3.164212    32.2339        185     0.7667  0.000e+00
      2.413     5.6888   3.163365    32.2223        186     0.7708  0.000e+00
      2.415     5.6912   3.163810    32.2251        187     0.7750  0.000e+00
      2.423     5.6928   3.165028    32.2373        188     0.7792  0.000e+00
      2.436     5.6935   3.165589    32.2429        189     0.7833  0.000e+00
      2.454     5.6947   3.166271    32.2494        190     0.7875  0.000e+00
      2.490     5.6947   3.167575    32.2641        191     0.7917  0.000e+00
      2.537     5.6943   3.169263    32.2835        192     0.7958  0.000e+00
      2.601     5.6939   3.171251    32.3063        193     0.8000  0.000e+00
      2.669     5.6944   3.174306    32.3402        194     0.8042  0.000e+00
      2.743     5.6962   3.176337    32.3614        195     0.8083  0.000e+00
      2.826     5.6993   3.178290    32.3803        196     0.8125  0.000e+00
      2.909     5.7017   3.179498    32.3917        197     0.8167  0.000e+00
      2.989     5.7021   3.176496    32.3574        198     0.8208  0.000e+00
      3.063     5.7018   3.176050    32.3527        199     0.8250  0.000e+00
      3.134     5.7006   3.178491    32.3813        200     0.8292  0.000e+00
      3.199     5.7017   3.182782    32.4286        201     0.8333  0.000e+00
      3.271     5.7073   3.182923    32.4247        202     0.8375  0.000e+00
      3.353     5.7155   3.183649    32.4250        203     0.8417  0.000e+00
      3.434     5.7204   3.185689    32.4433        204     0.8458  0.000e+00
      3.516     5.7221   3.187808    32.4654        205     0.8500  0.000e+00
      3.605     5.7230   3.189947    32.4887        206     0.8542  0.000e+00
      3.691     5.7253   3.192960    32.5204        207     0.8583  0.000e+00
      3.775     5.7299   3.198598    32.5795        208     0.8625  0.000e+00
      3.852     5.7371   3.202636    32.6181        209     0.8667  0.000e+00
      3.922     5.7459   3.202208    32.6047        210     0.8708  0.000e+00
      3.989     5.7543   3.195534    32.5213        211     0.8750  0.000e+00
      4.042     5.7584   3.186715    32.4179        212     0.8792  0.000e+00
      4.102     5.7551   3.179736    32.3425        213     0.8833  0.000e+00
      4.153     5.7486   3.176197    32.3088        214     0.8875  0.000e+00
      4.202     5.7400   3.175410    32.3082        215     0.8917  0.000e+00
