HB2502/sbe012.cnv
* Sea-Bird SBE 19plus V2 Data File:
* FileName = C:\cruise\data\sbe012.hex
* Software Version Seasave V 7.26.7.121
* Temperature SN = 6128
* Conductivity SN = 6128
* System UpLoad Time = Mar 11 2025 12:19:17
* NMEA Latitude = 37 28.28 N
* NMEA Longitude = 074 26.93 W
* NMEA UTC (Time) = Mar 11 2025  12:17:57
** Ship: Henry Bigelow
** Cruise:  HB2502
** Program:  Spring Bottom Trawl
# nquan = 7
# nvalues = 2421                                  
# units = specified
# name 0 = depSM: Depth [salt water, m]
# name 1 = tv290C: Temperature [ITS-90, deg C]
# name 2 = c0S/m: Conductivity [S/m]
# name 3 = sal00: Salinity, Practical [PSU]
# name 4 = scan: Scan Count
# name 5 = timeM: Time, Elapsed [minutes]
# name 6 = flag:  0.000e+00
# span 0 =     -0.148,     87.333                 
# span 1 =     6.8139,    10.2242                 
# span 2 =   0.004494,   3.768997                 
# span 3 =     0.0314,    34.4447                 
# span 4 =         11,       2431                 
# span 5 =     0.0417,    10.1250                 
# span 6 = 0.0000e+00, 0.0000e+00                 
# interval = seconds: 0.25
# start_time = Mar 11 2025 12:17:57 [NMEA time, header]
# bad_flag = -9.990e-29
*END*
[from data line 2052]
     21.016     6.8382   3.311685    32.7643       2063     8.5917  0.000e+00
     20.989     6.8377   3.311598    32.7638       2064     8.5958  0.000e+00
     20.933     6.8372   3.311654    32.7650       2065     8.6000  0.000e+00
     20.846     6.8370   3.311704    32.7658       2066     8.6042  0.000e+00
     20.730     6.8371   3.311766    32.7664       2067     8.6083  0.000e+00
     20.591     6.8375   3.311735    32.7658       2068     8.6125  0.000e+00
     20.419     6.8376   3.311765    32.7661       2069     8.6167  0.000e+00
     20.236     6.8377   3.311790    32.7663       2070     8.6208  0.000e+00
     20.045     6.8381   3.311759    32.7657       2071     8.6250  0.000e+00
     19.851     6.8383   3.311896    32.7671       2072     8.6292  0.000e+00
     19.688     6.8389   3.312001    32.7678       2073     8.6333  0.000e+00
     19.538     6.8397   3.312100    32.7682       2074     8.6375  0.000e+00
     19.429     6.8409   3.312150    32.7677       2075     8.6417  0.000e+00
     19.355     6.8421   3.312168    32.7668       2076     8.6458  0.000e+00
     19.304     6.8428   3.312199    32.7664       2077     8.6500  0.000e+00
     19.280     6.8433   3.312168    32.7656       2078     8.6542  0.000e+00
     19.302     6.8439   3.312211    32.7655       2079     8.6583  0.000e+00
     19.338     6.8441   3.312218    32.7654       2080     8.6625  0.000e+00
     19.396     6.8441   3.312168    32.7648       2081     8.6667  0.000e+00
     19.462     6.8441   3.312187    32.7650       2082     8.6708  0.000e+00
     19.529     6.8440   3.312199    32.7652       2083     8.6750  0.000e+00
     19.585     6.8440   3.312168    32.7648       2084     8.6792  0.000e+00
     19.630     6.8439   3.312168    32.7649       2085     8.6833  0.000e+00
     19.654     6.8438   3.312119    32.7645       2086     8.6875  0.000e+00
     19.664     6.8436   3.312150    32.7649       2087     8.6917  0.000e+00
     19.653     6.8434   3.312106    32.7647       2088     8.6958  0.000e+00
     19.618     6.8434   3.312119    32.7648       2089     8.7000  0.000e+00
     19.556     6.8430   3.312125    32.7653       2090     8.7042  0.000e+00
     19.469     6.8431   3.312150    32.7655       2091     8.7083  0.000e+00
     19.367     6.8433   3.312218    32.7661       2092     8.7125  0.000e+00
     19.239     6.8436   3.312211    32.7658       2093     8.7167  0.000e+00
     19.094     6.8440   3.312230    32.7657       2094     8.7208  0.000e+00
     18.926     6.8444   3.312218    32.7653       2095     8.7250  0.000e+00
     18.749     6.8445   3.312230    32.7654       2096     8.7292  0.000e+00
     18.568     6.8447   3.312230    32.7653       2097     8.7333  0.000e+00
     18.387     6.8448   3.312292    32.7660       2098     8.7375  0.000e+00
     18.227     6.8454   3.312441    32.7671       2099     8.7417  0.000e+00
     18.071     6.8461   3.312465    32.7668       2100     8.7458  0.000e+00
     17.940     6.8470   3.312465    32.7660       2101     8.7500  0.000e+00
     17.842     6.8477   3.312496    32.7658       2102     8.7542  0.000e+00
     17.759     6.8482   3.312614    32.7665       2103     8.7583  0.000e+00
     17.710     6.8490   3.312614    32.7659       2104     8.7625  0.000e+00
     17.683     6.8496   3.312620    32.7654       2105     8.7667  0.000e+00
     17.684     6.8498   3.312589    32.7648       2106     8.7708  0.000e+00
     17.719     6.8501   3.312571    32.7643       2107     8.7750  0.000e+00
     17.772     6.8502   3.312577    32.7642       2108     8.7792  0.000e+00
     17.836     6.8504   3.312589    32.7642       2109     8.7833  0.000e+00
     17.909     6.8503   3.312589    32.7642       2110     8.7875  0.000e+00
     17.985     6.8503   3.312521    32.7635       2111     8.7917  0.000e+00
     18.037     6.8501   3.312527    32.7637       2112     8.7958  0.000e+00
     18.084     6.8496   3.312502    32.7638       2113     8.8000  0.000e+00
     18.107     6.8495   3.312478    32.7637       2114     8.8042  0.000e+00
     18.116     6.8492   3.312484    32.7640       2115     8.8083  0.000e+00
     18.087     6.8489   3.312484    32.7643       2116     8.8125  0.000e+00
     18.017     6.8487   3.312478    32.7644       2117     8.8167  0.000e+00
     17.910     6.8489   3.312484    32.7644       2118     8.8208  0.000e+00
     17.772     6.8487   3.312571    32.7656       2119     8.8250  0.000e+00
     17.600     6.8490   3.312577    32.7655       2120     8.8292  0.000e+00
     17.403     6.8496   3.312632    32.7656       2121     8.8333  0.000e+00
     17.191     6.8499   3.312632    32.7655       2122     8.8375  0.000e+00
     16.980     6.8504   3.312676    32.7655       2123     8.8417  0.000e+00
     16.784     6.8511   3.312719    32.7654       2124     8.8458  0.000e+00
     16.607     6.8517   3.312738    32.7651       2125     8.8500  0.000e+00
     16.469     6.8521   3.312837    32.7659       2126     8.8542  0.000e+00
     16.353     6.8530   3.312886    32.7657       2127     8.8583  0.000e+00
     16.277     6.8538   3.312886    32.7650       2128     8.8625  0.000e+00
     16.232     6.8544   3.312880    32.7643       2129     8.8667  0.000e+00
     16.221     6.8549   3.312905    32.7641       2130     8.8708  0.000e+00
     16.239     6.8552   3.312886    32.7636       2131     8.8750  0.000e+00
     16.276     6.8553   3.312917    32.7638       2132     8.8792  0.000e+00
     16.324     6.8554   3.312905    32.7636       2133     8.8833  0.000e+00
     16.375     6.8555   3.312886    32.7632       2134     8.8875  0.000e+00
     16.430     6.8554   3.312880    32.7633       2135     8.8917  0.000e+00
     16.469     6.8552   3.312862    32.7632       2136     8.8958  0.000e+00
     16.498     6.8553   3.312886    32.7634       2137     8.9000  0.000e+00
     16.516     6.8553   3.312917    32.7637       2138     8.9042  0.000e+00
     16.516     6.8552   3.312886    32.7635       2139     8.9083  0.000e+00
     16.492     6.8551   3.312862    32.7633       2140     8.9125  0.000e+00
     16.443     6.8551   3.312862    32.7634       2141     8.9167  0.000e+00
     16.378     6.8550   3.312886    32.7638       2142     8.9208  0.000e+00
     16.295     6.8553   3.312905    32.7637       2143     8.9250  0.000e+00
     16.186     6.8554   3.312961    32.7643       2144     8.9292  0.000e+00
     16.065     6.8555   3.312930    32.7639       2145     8.9333  0.000e+00
     15.937     6.8557   3.312886    32.7633       2146     8.9375  0.000e+00
     15.795     6.8558   3.312936    32.7638       2147     8.9417  0.000e+00
     15.652     6.8559   3.312905    32.7635       2148     8.9458  0.000e+00
     15.513     6.8562   3.313072    32.7651       2149     8.9500  0.000e+00
     15.382     6.8567   3.313122    32.7652       2150     8.9542  0.000e+00
     15.263     6.8576   3.313140    32.7646       2151     8.9583  0.000e+00
     15.147     6.8582   3.313202    32.7647       2152     8.9625  0.000e+00
     15.047     6.8590   3.313202    32.7640       2153     8.9667  0.000e+00
     14.959     6.8596   3.313221    32.7637       2154     8.9708  0.000e+00
     14.884     6.8599   3.313245    32.7637       2155     8.9750  0.000e+00
     14.832     6.8603   3.313258    32.7635       2156     8.9792  0.000e+00
     14.787     6.8606   3.313221    32.7629       2157     8.9833  0.000e+00
     14.769     6.8608   3.313264    32.7631       2158     8.9875  0.000e+00
     14.764     6.8610   3.313264    32.7630       2159     8.9917  0.000e+00
     14.770     6.8610   3.313276    32.7630       2160     8.9958  0.000e+00
     14.798     6.8611   3.313283    32.7630       2161     9.0000  0.000e+00
     14.823     6.8611   3.313221    32.7623       2162     9.0042  0.000e+00
     14.844     6.8613   3.313258    32.7626       2163     9.0083  0.000e+00
     14.868     6.8610   3.313264    32.7629       2164     9.0125  0.000e+00
     14.877     6.8610   3.313264    32.7629       2165     9.0167  0.000e+00
     14.875     6.8610   3.313258    32.7628       2166     9.0208  0.000e+00
     14.848     6.8609   3.313202    32.7623       2167     9.0250  0.000e+00
     14.797     6.8608   3.313264    32.7631       2168     9.0292  0.000e+00
     14.719     6.8609   3.313258    32.7630       2169     9.0333  0.000e+00
     14.614     6.8610   3.313283    32.7632       2170     9.0375  0.000e+00
     14.487     6.8613   3.313283    32.7630       2171     9.0417  0.000e+00
     14.344     6.8616   3.313320    32.7632       2172     9.0458  0.000e+00
     14.192     6.8617   3.313369    32.7637       2173     9.0500  0.000e+00
     14.044     6.8623   3.313369    32.7632       2174     9.0542  0.000e+00
     13.899     6.8627   3.313382    32.7630       2175     9.0583  0.000e+00
     13.769     6.8630   3.313388    32.7629       2176     9.0625  0.000e+00
     13.668     6.8633   3.313350    32.7622       2177     9.0667  0.000e+00
     13.575     6.8633   3.313338    32.7621       2178     9.0708  0.000e+00
     13.494     6.8635   3.313369    32.7623       2179     9.0750  0.000e+00
     13.430     6.8638   3.313369    32.7621       2180     9.0792  0.000e+00
     13.380     6.8637   3.313357    32.7620       2181     9.0833  0.000e+00
     13.336     6.8638   3.313388    32.7623       2182     9.0875  0.000e+00
     13.296     6.8639   3.313412    32.7625       2183     9.0917  0.000e+00
     13.261     6.8645   3.313437    32.7622       2184     9.0958  0.000e+00
     13.232     6.8648   3.313431    32.7619       2185     9.1000  0.000e+00
     13.194     6.8650   3.313431    32.7617       2186     9.1042  0.000e+00
     13.157     6.8650   3.313437    32.7617       2187     9.1083  0.000e+00
     13.110     6.8654   3.313456    32.7616       2188     9.1125  0.000e+00
     13.067     6.8656   3.313536    32.7624       2189     9.1167  0.000e+00
     13.020     6.8658   3.313518    32.7619       2190     9.1208  0.000e+00
     12.971     6.8662   3.313474    32.7612       2191     9.1250  0.000e+00
     12.916     6.8661   3.313499    32.7615       2192     9.1292  0.000e+00
     12.863     6.8662   3.313462    32.7611       2193     9.1333  0.000e+00
     12.804     6.8661   3.313499    32.7616       2194     9.1375  0.000e+00
     12.734     6.8662   3.313728    32.7641       2195     9.1417  0.000e+00
     12.662     6.8671   3.314243    32.7688       2196     9.1458  0.000e+00
     12.592     6.8699   3.315335    32.7782       2197     9.1500  0.000e+00
     12.516     6.8758   3.314783    32.7665       2198     9.1542  0.000e+00
     12.439     6.8793   3.313939    32.7540       2199     9.1583  0.000e+00
     12.359     6.8780   3.314237    32.7585       2200     9.1625  0.000e+00
     12.274     6.8773   3.316749    32.7867       2201     9.1667  0.000e+00
     12.203     6.8849   3.317171    32.7841       2202     9.1708  0.000e+00
     12.125     6.8944   3.317028    32.7736       2203     9.1750  0.000e+00
     12.060     6.9005   3.317785    32.7761       2204     9.1792  0.000e+00
     12.008     6.9078   3.319466    32.7876       2205     9.1833  0.000e+00
     11.954     6.9187   3.319839    32.7813       2206     9.1875  0.000e+00
     11.918     6.9286   3.321639    32.7916       2207     9.1917  0.000e+00
     11.871     6.9420   3.321477    32.7770       2208     9.1958  0.000e+00
     11.831     6.9517   3.321278    32.7656       2209     9.2000  0.000e+00
     11.784     6.9569   3.322122    32.7699       2210     9.2042  0.000e+00
     11.735     6.9628   3.321936    32.7623       2211     9.2083  0.000e+00
     11.688     6.9668   3.321259    32.7511       2212     9.2125  0.000e+00
     11.633     6.9662   3.322420    32.7644       2213     9.2167  0.000e+00
     11.572     6.9695   3.322824    32.7657       2214     9.2208  0.000e+00
     11.490     6.9746   3.323078    32.7636       2215     9.2250  0.000e+00
     11.407     6.9789   3.322662    32.7551       2216     9.2292  0.000e+00
     11.325     6.9809   3.322675    32.7534       2217     9.2333  0.000e+00
     11.244     6.9813   3.322631    32.7525       2218     9.2375  0.000e+00
     11.157     6.9808   3.322538    32.7520       2219     9.2417  0.000e+00
     11.065     6.9804   3.322594    32.7530       2220     9.2458  0.000e+00
     10.990     6.9799   3.322886    32.7568       2221     9.2500  0.000e+00
     10.907     6.9811   3.323326    32.7605       2222     9.2542  0.000e+00
     10.838     6.9837   3.323376    32.7585       2223     9.2583  0.000e+00
     10.763     6.9866   3.323649    32.7588       2224     9.2625  0.000e+00
     10.700     6.9883   3.322643    32.7463       2225     9.2667  0.000e+00
     10.648     6.9868   3.323121    32.7529       2226     9.2708  0.000e+00
     10.598     6.9861   3.323674    32.7596       2227     9.2750  0.000e+00
     10.557     6.9885   3.324071    32.7617       2228     9.2792  0.000e+00
     10.519     6.9924   3.324096    32.7583       2229     9.2833  0.000e+00
     10.480     6.9953   3.324115    32.7557       2230     9.2875  0.000e+00
     10.452     6.9976   3.323829    32.7505       2231     9.2917  0.000e+00
     10.416     6.9975   3.324201    32.7546       2232     9.2958  0.000e+00
     10.378     6.9983   3.323947    32.7511       2233     9.3000  0.000e+00
     10.328     6.9986   3.323500    32.7460       2234     9.3042  0.000e+00
     10.281     6.9969   3.324475    32.7583       2235     9.3083  0.000e+00
     10.224     6.9979   3.323729    32.7492       2236     9.3125  0.000e+00
     10.160     6.9983   3.323816    32.7498       2237     9.3167  0.000e+00
     10.094     6.9973   3.324114    32.7541       2238     9.3208  0.000e+00
     10.004     6.9978   3.324350    32.7562       2239     9.3250  0.000e+00
      9.919     6.9996   3.323816    32.7487       2240     9.3292  0.000e+00
      9.830     6.9993   3.323754    32.7484       2241     9.3333  0.000e+00
      9.732     6.9975   3.323363    32.7458       2242     9.3375  0.000e+00
      9.629     6.9955   3.323841    32.7530       2243     9.3417  0.000e+00
      9.537     6.9944   3.323270    32.7479       2244     9.3458  0.000e+00
      9.439     6.9933   3.323748    32.7541       2245     9.3500  0.000e+00
      9.359     6.9933   3.324052    32.7576       2246     9.3542  0.000e+00
      9.288     6.9950   3.323810    32.7533       2247     9.3583  0.000e+00
      9.227     6.9955   3.323350    32.7478       2248     9.3625  0.000e+00
      9.181     6.9939   3.323903    32.7554       2249     9.3667  0.000e+00
      9.147     6.9942   3.323748    32.7535       2250     9.3708  0.000e+00
      9.114     6.9941   3.323754    32.7536       2251     9.3750  0.000e+00
      9.105     6.9943   3.323928    32.7553       2252     9.3792  0.000e+00
      9.089     6.9949   3.323990    32.7555       2253     9.3833  0.000e+00
      9.086     6.9957   3.324220    32.7572       2254     9.3875  0.000e+00
      9.084     6.9973   3.324220    32.7557       2255     9.3917  0.000e+00
      9.089     6.9988   3.324536    32.7577       2256     9.3958  0.000e+00
      9.089     7.0006   3.324543    32.7561       2257     9.4000  0.000e+00
      9.086     7.0027   3.324685    32.7557       2258     9.4042  0.000e+00
      9.069     7.0043   3.324853    32.7559       2259     9.4083  0.000e+00
      9.046     7.0063   3.325344    32.7594       2260     9.4125  0.000e+00
      9.004     7.0094   3.325014    32.7529       2261     9.4167  0.000e+00
      8.945     7.0114   3.325263    32.7537       2262     9.4208  0.000e+00
      8.872     7.0129   3.325555    32.7555       2263     9.4250  0.000e+00
      8.778     7.0155   3.326002    32.7580       2264     9.4292  0.000e+00
      8.668     7.0190   3.325281    32.7468       2265     9.4333  0.000e+00
      8.557     7.0196   3.324772    32.7408       2266     9.4375  0.000e+00
