HB2502/sbe077.cnv
* Sea-Bird SBE 19plus V2 Data File:
* FileName = C:\cruise\data\sbe077.hex
* Software Version Seasave V 7.26.7.121
* Temperature SN = 6128
* Conductivity SN = 6128
* System UpLoad Time = Apr 11 2025 04:11:19
* NMEA Latitude = 40 58.20 N
* NMEA Longitude = 068 29.30 W
* NMEA UTC (Time) = Apr 11 2025  04:10:31
** Ship: Henry Bigelow
** Cruise:  HB2502
** Program:  Spring Bottom Trawl
# nquan = 7
# nvalues = 1567                                  
# units = specified
# name 0 = depSM: Depth [salt water, m]
# name 1 = tv290C: Temperature [ITS-90, deg C]
# name 2 = c0S/m: Conductivity [S/m]
# name 3 = sal00: Salinity, Practical [PSU]
# name 4 = scan: Scan Count
# name 5 = timeM: Time, Elapsed [minutes]
# name 6 = flag:  0.000e+00
# span 0 =      0.243,     43.227                 
# span 1 =     5.7054,     6.1305                 
# span 2 =   0.019478,   3.211471                 
# span 3 =     0.1442,    32.6314                 
# span 4 =         11,       1577                 
# span 5 =     0.0417,     6.5667                 
# span 6 = 0.0000e+00, 0.0000e+00                 
# interval = seconds: 0.25
# start_time = Apr 11 2025 04:10:31 [NMEA time, header]
# bad_flag = -9.990e-29
*END*
[from data line 1436]
      5.651     5.8545   3.209505    32.5810       1447     6.0250  0.000e+00
      5.637     5.8545   3.209505    32.5811       1448     6.0292  0.000e+00
      5.630     5.8545   3.209505    32.5811       1449     6.0333  0.000e+00
      5.604     5.8546   3.209505    32.5810       1450     6.0375  0.000e+00
      5.579     5.8545   3.209512    32.5811       1451     6.0417  0.000e+00
      5.554     5.8545   3.209505    32.5811       1452     6.0458  0.000e+00
      5.536     5.8546   3.209487    32.5808       1453     6.0500  0.000e+00
      5.513     5.8545   3.209505    32.5811       1454     6.0542  0.000e+00
      5.493     5.8547   3.209487    32.5808       1455     6.0583  0.000e+00
      5.461     5.8547   3.209505    32.5810       1456     6.0625  0.000e+00
      5.421     5.8546   3.209505    32.5811       1457     6.0667  0.000e+00
      5.374     5.8546   3.209505    32.5811       1458     6.0708  0.000e+00
      5.327     5.8547   3.209505    32.5810       1459     6.0750  0.000e+00
      5.291     5.8545   3.209530    32.5815       1460     6.0792  0.000e+00
      5.251     5.8548   3.209548    32.5815       1461     6.0833  0.000e+00
      5.188     5.8549   3.209567    32.5816       1462     6.0875  0.000e+00
      5.118     5.8549   3.209530    32.5813       1463     6.0917  0.000e+00
      5.039     5.8550   3.209548    32.5814       1464     6.0958  0.000e+00
      4.970     5.8549   3.209548    32.5815       1465     6.1000  0.000e+00
      4.906     5.8551   3.209530    32.5812       1466     6.1042  0.000e+00
      4.845     5.8550   3.209487    32.5808       1467     6.1083  0.000e+00
      4.778     5.8550   3.209468    32.5806       1468     6.1125  0.000e+00
      4.707     5.8549   3.209444    32.5805       1469     6.1167  0.000e+00
      4.624     5.8547   3.209444    32.5808       1470     6.1208  0.000e+00
      4.568     5.8545   3.209425    32.5807       1471     6.1250  0.000e+00
      4.524     5.8544   3.209444    32.5811       1472     6.1292  0.000e+00
      4.485     5.8544   3.209487    32.5815       1473     6.1333  0.000e+00
      4.443     5.8545   3.209487    32.5815       1474     6.1375  0.000e+00
      4.401     5.8545   3.209487    32.5815       1475     6.1417  0.000e+00
      4.367     5.8547   3.209468    32.5811       1476     6.1458  0.000e+00
      4.334     5.8548   3.209468    32.5810       1477     6.1500  0.000e+00
      4.316     5.8548   3.209487    32.5813       1478     6.1542  0.000e+00
      4.302     5.8549   3.209487    32.5811       1479     6.1583  0.000e+00
      4.284     5.8549   3.209530    32.5817       1480     6.1625  0.000e+00
      4.266     5.8549   3.209505    32.5814       1481     6.1667  0.000e+00
      4.243     5.8550   3.209505    32.5813       1482     6.1708  0.000e+00
      4.203     5.8550   3.209505    32.5813       1483     6.1750  0.000e+00
      4.164     5.8551   3.209487    32.5810       1484     6.1792  0.000e+00
      4.124     5.8550   3.209487    32.5811       1485     6.1833  0.000e+00
      4.087     5.8550   3.209505    32.5813       1486     6.1875  0.000e+00
      4.053     5.8550   3.209487    32.5812       1487     6.1917  0.000e+00
      4.007     5.8550   3.209444    32.5807       1488     6.1958  0.000e+00
      3.960     5.8549   3.209407    32.5805       1489     6.2000  0.000e+00
      3.909     5.8547   3.209242    32.5788       1490     6.2042  0.000e+00
      3.860     5.8542   3.209346    32.5805       1491     6.2083  0.000e+00
      3.810     5.8538   3.209254    32.5798       1492     6.2125  0.000e+00
      3.756     5.8532   3.209321    32.5812       1493     6.2167  0.000e+00
      3.698     5.8532   3.209321    32.5813       1494     6.2208  0.000e+00
      3.642     5.8530   3.209303    32.5812       1495     6.2250  0.000e+00
      3.586     5.8529   3.209284    32.5812       1496     6.2292  0.000e+00
      3.530     5.8530   3.209364    32.5820       1497     6.2333  0.000e+00
      3.481     5.8533   3.209382    32.5820       1498     6.2375  0.000e+00
      3.415     5.8536   3.209444    32.5824       1499     6.2417  0.000e+00
      3.347     5.8538   3.209443    32.5822       1500     6.2458  0.000e+00
      3.274     5.8540   3.209407    32.5816       1501     6.2500  0.000e+00
      3.195     5.8543   3.209345    32.5807       1502     6.2542  0.000e+00
      3.137     5.8541   3.209303    32.5804       1503     6.2583  0.000e+00
      3.089     5.8539   3.209284    32.5805       1504     6.2625  0.000e+00
      3.060     5.8537   3.209284    32.5806       1505     6.2667  0.000e+00
      3.046     5.8535   3.209278    32.5808       1506     6.2708  0.000e+00
      3.039     5.8533   3.209284    32.5810       1507     6.2750  0.000e+00
      3.026     5.8531   3.209284    32.5812       1508     6.2792  0.000e+00
      3.005     5.8530   3.209260    32.5811       1509     6.2833  0.000e+00
      2.970     5.8530   3.209241    32.5809       1510     6.2875  0.000e+00
      2.931     5.8527   3.209241    32.5812       1511     6.2917  0.000e+00
      2.894     5.8527   3.209241    32.5812       1512     6.2958  0.000e+00
      2.879     5.8526   3.209162    32.5804       1513     6.3000  0.000e+00
      2.868     5.8523   3.209137    32.5804       1514     6.3042  0.000e+00
      2.857     5.8521   3.209119    32.5805       1515     6.3083  0.000e+00
      2.841     5.8517   3.209057    32.5802       1516     6.3125  0.000e+00
      2.826     5.8514   3.208996    32.5797       1517     6.3167  0.000e+00
      2.794     5.8508   3.208243    32.5719       1518     6.3208  0.000e+00
      2.751     5.8501   3.208935    32.5803       1519     6.3250  0.000e+00
      2.700     5.8496   3.208984    32.5814       1520     6.3292  0.000e+00
      2.633     5.8495   3.209015    32.5819       1521     6.3333  0.000e+00
      2.561     5.8496   3.208996    32.5816       1522     6.3375  0.000e+00
      2.488     5.8497   3.208996    32.5816       1523     6.3417  0.000e+00
      2.420     5.8497   3.209014    32.5818       1524     6.3458  0.000e+00
      2.369     5.8499   3.209039    32.5819       1525     6.3500  0.000e+00
      2.300     5.8501   3.209039    32.5818       1526     6.3542  0.000e+00
      2.229     5.8501   3.209014    32.5815       1527     6.3583  0.000e+00
      2.148     5.8502   3.208996    32.5812       1528     6.3625  0.000e+00
      2.048     5.8502   3.208978    32.5811       1529     6.3667  0.000e+00
      1.948     5.8501   3.208978    32.5812       1530     6.3708  0.000e+00
      1.845     5.8501   3.209076    32.5824       1531     6.3750  0.000e+00
      1.776     5.8503   3.208978    32.5812       1532     6.3792  0.000e+00
      1.723     5.8504   3.208953    32.5808       1533     6.3833  0.000e+00
      1.685     5.8503   3.208886    32.5802       1534     6.3875  0.000e+00
      1.695     5.8500   3.208873    32.5803       1535     6.3917  0.000e+00
      1.719     5.8498   3.208892    32.5807       1536     6.3958  0.000e+00
      1.758     5.8495   3.208892    32.5810       1537     6.4000  0.000e+00
      1.802     5.8494   3.208873    32.5808       1538     6.4042  0.000e+00
      1.842     5.8492   3.208935    32.5817       1539     6.4083  0.000e+00
      1.880     5.8491   3.208892    32.5813       1540     6.4125  0.000e+00
      1.932     5.8490   3.208892    32.5813       1541     6.4167  0.000e+00
      1.983     5.8493   3.208892    32.5810       1542     6.4208  0.000e+00
      2.033     5.8492   3.208916    32.5814       1543     6.4250  0.000e+00
      2.083     5.8490   3.208812    32.5803       1544     6.4292  0.000e+00
      2.114     5.8488   3.208794    32.5803       1545     6.4333  0.000e+00
      2.129     5.8485   3.208733    32.5799       1546     6.4375  0.000e+00
      2.151     5.8480   3.208714    32.5802       1547     6.4417  0.000e+00
      2.173     5.8474   3.208733    32.5810       1548     6.4458  0.000e+00
      2.198     5.8471   3.208733    32.5813       1549     6.4500  0.000e+00
      2.225     5.8471   3.208751    32.5815       1550     6.4542  0.000e+00
      2.254     5.8470   3.208812    32.5822       1551     6.4583  0.000e+00
      2.278     5.8472   3.208855    32.5825       1552     6.4625  0.000e+00
      2.288     5.8474   3.208892    32.5827       1553     6.4667  0.000e+00
      2.257     5.8479   3.208935    32.5827       1554     6.4708  0.000e+00
      2.202     5.8483   3.208996    32.5830       1555     6.4750  0.000e+00
      2.128     5.8489   3.209076    32.5834       1556     6.4792  0.000e+00
      2.043     5.8495   3.209100    32.5832       1557     6.4833  0.000e+00
      1.980     5.8503   3.209118    32.5827       1558     6.4875  0.000e+00
      1.925     5.8506   3.209118    32.5823       1559     6.4917  0.000e+00
      1.874     5.8510   3.209137    32.5822       1560     6.4958  0.000e+00
      1.823     5.8514   3.209118    32.5816       1561     6.5000  0.000e+00
      1.741     5.8515   3.209161    32.5820       1562     6.5042  0.000e+00
      1.658     5.8517   3.209075    32.5809       1563     6.5083  0.000e+00
      1.540     5.8518   3.209100    32.5812       1564     6.5125  0.000e+00
      1.400     5.8516   3.209100    32.5814       1565     6.5167  0.000e+00
      1.260     5.8517   3.209118    32.5816       1566     6.5208  0.000e+00
      1.118     5.8517   3.209039    32.5807       1567     6.5250  0.000e+00
      0.974     5.8516   3.209039    32.5810       1568     6.5292  0.000e+00
      0.842     5.8514   3.209075    32.5816       1569     6.5333  0.000e+00
      0.724     5.8514   3.208812    32.5787       1570     6.5375  0.000e+00
      0.609     5.8508   3.208793    32.5791       1571     6.5417  0.000e+00
      0.433     5.8500   3.208873    32.5809       1572     6.5458  0.000e+00
      0.270     5.8494   3.208652    32.5791       1573     6.5500  0.000e+00
      0.270     5.8489   3.208530    32.5782       1574     6.5542  0.000e+00
      0.338     5.8476   3.208591    32.5801       1575     6.5583  0.000e+00
      0.324     5.8470   3.208793    32.5830       1576     6.5625  0.000e+00
      0.243     5.8470   3.208634    32.5813       1577     6.5667  0.000e+00
