HB2502/sbe053.cnv
* Sea-Bird SBE 19plus V2 Data File:
* FileName = C:\cruise\data\sbe053.hex
* Software Version Seasave V 7.26.7.121
* Temperature SN = 6128
* Conductivity SN = 6128
* System UpLoad Time = Apr 03 2025 00:38:54
* NMEA Latitude = 40 10.96 N
* NMEA Longitude = 071 55.33 W
* NMEA UTC (Time) = Apr 03 2025  00:37:58
** Ship: Henry Bigelow
** Cruise:  HB2502
** Program:  Spring Bottom Trawl
# nquan = 7
# nvalues = 1576                                  
# units = specified
# name 0 = depSM: Depth [salt water, m]
# name 1 = tv290C: Temperature [ITS-90, deg C]
# name 2 = c0S/m: Conductivity [S/m]
# name 3 = sal00: Salinity, Practical [PSU]
# name 4 = scan: Scan Count
# name 5 = timeM: Time, Elapsed [minutes]
# name 6 = flag:  0.000e+00
# span 0 =      0.202,     69.753                 
# span 1 =     5.7800,     7.1436                 
# span 2 =   0.005602,   3.365349                 
# span 3 =     0.0409,    33.2987                 
# span 4 =         11,       1586                 
# span 5 =     0.0417,     6.6042                 
# span 6 = 0.0000e+00, 0.0000e+00                 
# interval = seconds: 0.25
# start_time = Apr 03 2025 00:37:58 [NMEA time, header]
# bad_flag = -9.990e-29
*END*
[from data line 821]
     46.185     6.2475   3.280816    32.9791        832     3.4625  0.000e+00
     46.200     6.2446   3.280563    32.9791        833     3.4667  0.000e+00
     46.196     6.2411   3.280754    32.9846        834     3.4708  0.000e+00
     46.180     6.2388   3.280625    32.9854        835     3.4750  0.000e+00
     46.140     6.2369   3.280717    32.9883        836     3.4792  0.000e+00
     46.093     6.2362   3.281193    32.9944        837     3.4833  0.000e+00
     46.032     6.2368   3.281941    33.0021        838     3.4875  0.000e+00
     45.968     6.2394   3.283572    33.0178        839     3.4917  0.000e+00
     45.889     6.2462   3.284727    33.0241        840     3.4958  0.000e+00
     45.805     6.2559   3.286773    33.0375        841     3.5000  0.000e+00
     45.719     6.2687   3.288950    33.0494        842     3.5042  0.000e+00
     45.632     6.2856   3.290353    33.0487        843     3.5083  0.000e+00
     45.539     6.3033   3.296230    33.0969        844     3.5125  0.000e+00
     45.449     6.3302   3.304571    33.1637        845     3.5167  0.000e+00
     45.357     6.3751   3.312690    33.2102        846     3.5208  0.000e+00
     45.268     6.4361   3.317211    33.2012        847     3.5250  0.000e+00
     45.170     6.4977   3.318458    33.1551        848     3.5292  0.000e+00
     45.071     6.5477   3.319512    33.1184        849     3.5333  0.000e+00
     44.972     6.5832   3.319902    33.0883        850     3.5375  0.000e+00
     44.861     6.6076   3.320721    33.0738        851     3.5417  0.000e+00
     44.747     6.6244   3.321441    33.0656        852     3.5458  0.000e+00
     44.622     6.6373   3.323198    33.0725        853     3.5500  0.000e+00
     44.509     6.6505   3.320764    33.0330        854     3.5542  0.000e+00
     44.389     6.6558   3.315347    32.9682        855     3.5583  0.000e+00
     44.277     6.6440   3.314473    32.9699        856     3.5625  0.000e+00
     44.168     6.6271   3.314839    32.9903        857     3.5667  0.000e+00
     44.070     6.6151   3.313741    32.9898        858     3.5708  0.000e+00
     43.993     6.6057   3.313654    32.9979        859     3.5750  0.000e+00
     43.931     6.5985   3.313865    33.0072        860     3.5792  0.000e+00
     43.886     6.5942   3.314436    33.0178        861     3.5833  0.000e+00
     43.863     6.5932   3.314814    33.0230        862     3.5875  0.000e+00
     43.855     6.5942   3.315137    33.0255        863     3.5917  0.000e+00
     43.862     6.5964   3.315217    33.0243        864     3.5958  0.000e+00
     43.891     6.5985   3.315441    33.0247        865     3.6000  0.000e+00
     43.931     6.6006   3.315559    33.0239        866     3.6042  0.000e+00
     43.982     6.6024   3.315348    33.0199        867     3.6083  0.000e+00
     44.040     6.6032   3.315261    33.0181        868     3.6125  0.000e+00
     44.092     6.6030   3.314610    33.0110        869     3.6167  0.000e+00
     44.157     6.6012   3.314163    33.0078        870     3.6208  0.000e+00
     44.215     6.5980   3.313971    33.0088        871     3.6250  0.000e+00
     44.257     6.5949   3.313847    33.0104        872     3.6292  0.000e+00
     44.296     6.5921   3.313723    33.0117        873     3.6333  0.000e+00
     44.313     6.5900   3.313735    33.0139        874     3.6375  0.000e+00
     44.307     6.5887   3.313828    33.0162        875     3.6417  0.000e+00
     44.267     6.5879   3.313996    33.0188        876     3.6458  0.000e+00
     44.205     6.5879   3.313934    33.0182        877     3.6500  0.000e+00
     44.120     6.5880   3.314014    33.0189        878     3.6542  0.000e+00
     44.006     6.5884   3.314076    33.0194        879     3.6583  0.000e+00
     43.873     6.5889   3.314616    33.0248        880     3.6625  0.000e+00
     43.726     6.5907   3.318158    33.0624        881     3.6667  0.000e+00
     43.561     6.6012   3.322242    33.0974        882     3.6708  0.000e+00
     43.378     6.6219   3.322738    33.0829        883     3.6750  0.000e+00
     43.183     6.6425   3.323005    33.0660        884     3.6792  0.000e+00
     42.982     6.6582   3.331583    33.1456        885     3.6833  0.000e+00
     42.796     6.6873   3.340039    33.2109        886     3.6875  0.000e+00
     42.614     6.7380   3.341034    33.1728        887     3.6917  0.000e+00
     42.445     6.7841   3.341090    33.1289        888     3.6958  0.000e+00
     42.301     6.8160   3.341780    33.1058        889     3.7000  0.000e+00
     42.176     6.8375   3.342396    33.0919        890     3.7042  0.000e+00
     42.085     6.8530   3.343217    33.0860        891     3.7083  0.000e+00
     42.022     6.8650   3.343845    33.0814        892     3.7125  0.000e+00
     41.984     6.8758   3.344169    33.0746        893     3.7167  0.000e+00
     41.966     6.8837   3.344679    33.0725        894     3.7208  0.000e+00
     41.968     6.8903   3.344785    33.0673        895     3.7250  0.000e+00
     41.993     6.8953   3.344878    33.0635        896     3.7292  0.000e+00
     42.026     6.8988   3.344996    33.0615        897     3.7333  0.000e+00
     42.078     6.9013   3.344735    33.0561        898     3.7375  0.000e+00
     42.132     6.9025   3.344144    33.0485        899     3.7417  0.000e+00
     42.198     6.9010   3.343378    33.0415        900     3.7458  0.000e+00
     42.255     6.8974   3.342650    33.0369        901     3.7500  0.000e+00
     42.318     6.8919   3.342183    33.0371        902     3.7542  0.000e+00
     42.387     6.8860   3.341412    33.0343        903     3.7583  0.000e+00
     42.439     6.8798   3.341076    33.0365        904     3.7625  0.000e+00
     42.481     6.8739   3.340858    33.0398        905     3.7667  0.000e+00
     42.509     6.8689   3.340728    33.0432        906     3.7708  0.000e+00
     42.518     6.8651   3.340778    33.0474        907     3.7750  0.000e+00
     42.501     6.8630   3.340865    33.0503        908     3.7792  0.000e+00
     42.458     6.8618   3.341904    33.0630        909     3.7833  0.000e+00
     42.380     6.8635   3.343036    33.0738        910     3.7875  0.000e+00
     42.282     6.8690   3.343907    33.0781        911     3.7917  0.000e+00
     42.164     6.8769   3.343783    33.0692        912     3.7958  0.000e+00
     42.029     6.8826   3.343826    33.0643        913     3.8000  0.000e+00
     41.874     6.8866   3.345575    33.0796        914     3.8042  0.000e+00
     41.713     6.8931   3.348140    33.1016        915     3.8083  0.000e+00
     41.532     6.9059   3.349099    33.0998        916     3.8125  0.000e+00
     41.345     6.9209   3.349186    33.0865        917     3.8167  0.000e+00
     41.167     6.9324   3.349142    33.0750        918     3.8208  0.000e+00
     40.984     6.9398   3.349099    33.0675        919     3.8250  0.000e+00
     40.823     6.9440   3.349609    33.0691        920     3.8292  0.000e+00
     40.680     6.9478   3.350045    33.0703        921     3.8333  0.000e+00
     40.553     6.9520   3.350468    33.0710        922     3.8375  0.000e+00
     40.460     6.9565   3.350562    33.0677        923     3.8417  0.000e+00
     40.384     6.9605   3.350643    33.0647        924     3.8458  0.000e+00
     40.336     6.9633   3.350686    33.0626        925     3.8500  0.000e+00
     40.313     6.9652   3.350792    33.0619        926     3.8542  0.000e+00
     40.311     6.9668   3.350805    33.0605        927     3.8583  0.000e+00
     40.325     6.9680   3.350811    33.0594        928     3.8625  0.000e+00
     40.353     6.9687   3.350811    33.0588        929     3.8667  0.000e+00
     40.401     6.9691   3.350805    33.0583        930     3.8708  0.000e+00
     40.454     6.9695   3.350792    33.0578        931     3.8750  0.000e+00
     40.515     6.9693   3.350767    33.0576        932     3.8792  0.000e+00
     40.580     6.9692   3.350661    33.0566        933     3.8833  0.000e+00
     40.645     6.9689   3.350599    33.0561        934     3.8875  0.000e+00
     40.707     6.9683   3.350462    33.0552        935     3.8917  0.000e+00
     40.761     6.9674   3.350300    33.0543        936     3.8958  0.000e+00
     40.808     6.9659   3.350157    33.0540        937     3.9000  0.000e+00
     40.839     6.9643   3.350045    33.0544        938     3.9042  0.000e+00
     40.849     6.9630   3.349933    33.0544        939     3.9083  0.000e+00
     40.828     6.9614   3.349808    33.0546        940     3.9125  0.000e+00
     40.779     6.9600   3.349852    33.0564        941     3.9167  0.000e+00
     40.712     6.9589   3.349951    33.0586        942     3.9208  0.000e+00
     40.618     6.9587   3.350232    33.0619        943     3.9250  0.000e+00
     40.512     6.9594   3.350524    33.0645        944     3.9292  0.000e+00
     40.383     6.9611   3.350792    33.0658        945     3.9333  0.000e+00
     40.258     6.9634   3.351048    33.0665        946     3.9375  0.000e+00
     40.117     6.9662   3.351153    33.0651        947     3.9417  0.000e+00
     39.981     6.9686   3.351135    33.0626        948     3.9458  0.000e+00
     39.851     6.9704   3.351054    33.0601        949     3.9500  0.000e+00
     39.721     6.9712   3.351004    33.0588        950     3.9542  0.000e+00
     39.600     6.9716   3.350948    33.0578        951     3.9583  0.000e+00
     39.493     6.9717   3.350873    33.0569        952     3.9625  0.000e+00
     39.401     6.9714   3.350835    33.0569        953     3.9667  0.000e+00
     39.325     6.9712   3.350829    33.0571        954     3.9708  0.000e+00
     39.270     6.9708   3.350767    33.0568        955     3.9750  0.000e+00
     39.231     6.9705   3.350723    33.0566        956     3.9792  0.000e+00
     39.200     6.9703   3.350723    33.0569        957     3.9833  0.000e+00
     39.180     6.9700   3.350723    33.0571        958     3.9875  0.000e+00
     39.180     6.9700   3.350723    33.0571        959     3.9917  0.000e+00
     39.187     6.9696   3.350723    33.0575        960     3.9958  0.000e+00
     39.191     6.9695   3.350748    33.0579        961     4.0000  0.000e+00
     39.202     6.9696   3.350767    33.0579        962     4.0042  0.000e+00
     39.200     6.9696   3.350748    33.0578        963     4.0083  0.000e+00
     39.193     6.9699   3.350748    33.0575        964     4.0125  0.000e+00
     39.167     6.9699   3.350748    33.0575        965     4.0167  0.000e+00
     39.135     6.9697   3.350723    33.0574        966     4.0208  0.000e+00
     39.091     6.9696   3.350792    33.0583        967     4.0250  0.000e+00
     39.028     6.9696   3.350804    33.0585        968     4.0292  0.000e+00
     38.959     6.9700   3.350916    33.0594        969     4.0333  0.000e+00
     38.879     6.9703   3.351296    33.0632        970     4.0375  0.000e+00
     38.802     6.9715   3.351558    33.0650        971     4.0417  0.000e+00
     38.725     6.9735   3.351776    33.0655        972     4.0458  0.000e+00
     38.646     6.9758   3.351925    33.0649        973     4.0500  0.000e+00
     38.583     6.9780   3.352012    33.0638        974     4.0542  0.000e+00
     38.518     6.9799   3.352087    33.0629        975     4.0583  0.000e+00
     38.465     6.9815   3.352243    33.0630        976     4.0625  0.000e+00
     38.424     6.9829   3.352330    33.0627        977     4.0667  0.000e+00
     38.386     6.9842   3.352436    33.0626        978     4.0708  0.000e+00
     38.351     6.9855   3.352461    33.0616        979     4.0750  0.000e+00
     38.319     6.9866   3.352473    33.0608        980     4.0792  0.000e+00
     38.284     6.9873   3.352567    33.0611        981     4.0833  0.000e+00
     38.239     6.9880   3.352573    33.0605        982     4.0875  0.000e+00
     38.190     6.9884   3.352735    33.0619        983     4.0917  0.000e+00
     38.132     6.9894   3.353352    33.0678        984     4.0958  0.000e+00
     38.066     6.9915   3.354324    33.0764        985     4.1000  0.000e+00
     37.990     6.9960   3.354878    33.0782        986     4.1042  0.000e+00
     37.912     7.0015   3.355140    33.0758        987     4.1083  0.000e+00
     37.833     7.0067   3.355476    33.0745        988     4.1125  0.000e+00
     37.764     7.0111   3.355813    33.0740        989     4.1167  0.000e+00
     37.710     7.0152   3.356355    33.0760        990     4.1208  0.000e+00
     37.659     7.0196   3.356847    33.0772        991     4.1250  0.000e+00
     37.629     7.0242   3.357128    33.0758        992     4.1292  0.000e+00
     37.613     7.0287   3.357234    33.0727        993     4.1333  0.000e+00
     37.600     7.0324   3.357377    33.0707        994     4.1375  0.000e+00
     37.597     7.0350   3.357452    33.0690        995     4.1417  0.000e+00
     37.604     7.0372   3.357539    33.0679        996     4.1458  0.000e+00
     37.615     7.0387   3.357601    33.0671        997     4.1500  0.000e+00
     37.615     7.0399   3.357583    33.0657        998     4.1542  0.000e+00
     37.615     7.0407   3.357558    33.0647        999     4.1583  0.000e+00
     37.604     7.0412   3.357539    33.0640       1000     4.1625  0.000e+00
     37.579     7.0414   3.357620    33.0648       1001     4.1667  0.000e+00
     37.541     7.0416   3.357944    33.0681       1002     4.1708  0.000e+00
     37.479     7.0427   3.358256    33.0705       1003     4.1750  0.000e+00
     37.393     7.0445   3.358543    33.0719       1004     4.1792  0.000e+00
     37.284     7.0470   3.358642    33.0707       1005     4.1833  0.000e+00
     37.170     7.0493   3.358867    33.0709       1006     4.1875  0.000e+00
     37.043     7.0517   3.358823    33.0683       1007     4.1917  0.000e+00
     36.904     7.0537   3.358972    33.0681       1008     4.1958  0.000e+00
     36.771     7.0553   3.359060    33.0675       1009     4.2000  0.000e+00
     36.632     7.0569   3.359010    33.0655       1010     4.2042  0.000e+00
     36.505     7.0581   3.359035    33.0647       1011     4.2083  0.000e+00
     36.388     7.0587   3.359047    33.0643       1012     4.2125  0.000e+00
     36.280     7.0594   3.359078    33.0641       1013     4.2167  0.000e+00
     36.188     7.0597   3.358480    33.0572       1014     4.2208  0.000e+00
     36.117     7.0598   3.359078    33.0637       1015     4.2250  0.000e+00
     36.063     7.0601   3.359072    33.0634       1016     4.2292  0.000e+00
     36.027     7.0602   3.359059    33.0631       1017     4.2333  0.000e+00
     36.007     7.0602   3.359059    33.0632       1018     4.2375  0.000e+00
     35.994     7.0604   3.359028    33.0627       1019     4.2417  0.000e+00
     36.000     7.0602   3.358997    33.0625       1020     4.2458  0.000e+00
     36.009     7.0601   3.359010    33.0628       1021     4.2500  0.000e+00
     36.029     7.0600   3.358997    33.0627       1022     4.2542  0.000e+00
     36.055     7.0598   3.358966    33.0626       1023     4.2583  0.000e+00
     36.085     7.0595   3.358997    33.0631       1024     4.2625  0.000e+00
     36.122     7.0595   3.359028    33.0635       1025     4.2667  0.000e+00
     36.154     7.0596   3.359035    33.0634       1026     4.2708  0.000e+00
     36.181     7.0597   3.359035    33.0633       1027     4.2750  0.000e+00
     36.211     7.0598   3.359047    33.0634       1028     4.2792  0.000e+00
     36.221     7.0598   3.359078    33.0636       1029     4.2833  0.000e+00
     36.211     7.0598   3.359091    33.0638       1030     4.2875  0.000e+00
     36.177     7.0601   3.359035    33.0630       1031     4.2917  0.000e+00
     36.126     7.0599   3.359047    33.0632       1032     4.2958  0.000e+00
     36.050     7.0601   3.359078    33.0635       1033     4.3000  0.000e+00
     35.960     7.0600   3.359028    33.0631       1034     4.3042  0.000e+00
     35.847     7.0600   3.359034    33.0632       1035     4.3083  0.000e+00
