HB2502/sbe091.cnv
* Sea-Bird SBE 19plus V2 Data File:
* FileName = C:\cruise\data\sbe091.hex
* Software Version Seasave V 7.26.7.121
* Temperature SN = 6128
* Conductivity SN = 6128
* System UpLoad Time = Apr 14 2025 22:14:09
* NMEA Latitude = 41 07.01 N
* NMEA Longitude = 067 50.05 W
* NMEA UTC (Time) = Apr 14 2025  22:13:24
** Ship: Henry Bigelow
** Cruise:  HB2502
** Program:  Spring Bottom Trawl
# nquan = 7
# nvalues = 1138                                  
# units = specified
# name 0 = depSM: Depth [salt water, m]
# name 1 = tv290C: Temperature [ITS-90, deg C]
# name 2 = c0S/m: Conductivity [S/m]
# name 3 = sal00: Salinity, Practical [PSU]
# name 4 = scan: Scan Count
# name 5 = timeM: Time, Elapsed [minutes]
# name 6 = flag:  0.000e+00
# span 0 =     -0.060,     44.489                 
# span 1 =     5.7430,     7.3353                 
# span 2 =   0.004886,   3.279302                 
# span 3 =     0.0349,    32.8760                 
# span 4 =         11,       1148                 
# span 5 =     0.0417,     4.7792                 
# span 6 = 0.0000e+00, 0.0000e+00                 
# interval = seconds: 0.25
# start_time = Apr 14 2025 22:13:24 [NMEA time, header]
# bad_flag = -9.990e-29
*END*
[from data line 411]
     37.652     5.7481   3.180454    32.3407        422     1.7542  0.000e+00
     37.530     5.7483   3.180411    32.3401        423     1.7583  0.000e+00
     37.425     5.7485   3.180411    32.3399        424     1.7625  0.000e+00
     37.330     5.7484   3.180491    32.3410        425     1.7667  0.000e+00
     37.263     5.7486   3.180594    32.3420        426     1.7708  0.000e+00
     37.194     5.7491   3.180594    32.3416        427     1.7750  0.000e+00
     37.136     5.7494   3.180552    32.3408        428     1.7792  0.000e+00
     37.091     5.7494   3.180430    32.3394        429     1.7833  0.000e+00
     37.062     5.7494   3.180454    32.3397        430     1.7875  0.000e+00
     37.055     5.7493   3.180411    32.3393        431     1.7917  0.000e+00
     37.081     5.7492   3.180375    32.3390        432     1.7958  0.000e+00
     37.124     5.7490   3.180375    32.3393        433     1.8000  0.000e+00
     37.167     5.7490   3.180314    32.3385        434     1.8042  0.000e+00
     37.209     5.7486   3.180375    32.3395        435     1.8083  0.000e+00
     37.230     5.7484   3.180350    32.3395        436     1.8125  0.000e+00
     37.237     5.7484   3.180271    32.3386        437     1.8167  0.000e+00
     37.223     5.7481   3.180228    32.3383        438     1.8208  0.000e+00
     37.187     5.7479   3.180271    32.3391        439     1.8250  0.000e+00
     37.107     5.7476   3.180350    32.3403        440     1.8292  0.000e+00
     36.994     5.7476   3.180491    32.3419        441     1.8333  0.000e+00
     36.847     5.7481   3.180454    32.3411        442     1.8375  0.000e+00
     36.682     5.7485   3.180472    32.3410        443     1.8417  0.000e+00
     36.505     5.7490   3.180692    32.3431        444     1.8458  0.000e+00
     36.322     5.7493   3.180716    32.3431        445     1.8500  0.000e+00
     36.145     5.7501   3.180753    32.3429        446     1.8542  0.000e+00
     35.992     5.7507   3.180716    32.3420        447     1.8583  0.000e+00
     35.864     5.7511   3.180692    32.3414        448     1.8625  0.000e+00
     35.754     5.7513   3.180832    32.3429        449     1.8667  0.000e+00
     35.672     5.7516   3.180777    32.3420        450     1.8708  0.000e+00
     35.612     5.7519   3.180795    32.3420        451     1.8750  0.000e+00
     35.570     5.7520   3.180795    32.3419        452     1.8792  0.000e+00
     35.549     5.7521   3.180655    32.3401        453     1.8833  0.000e+00
     35.548     5.7521   3.180734    32.3410        454     1.8875  0.000e+00
     35.552     5.7520   3.180795    32.3418        455     1.8917  0.000e+00
     35.569     5.7521   3.180814    32.3420        456     1.8958  0.000e+00
     35.589     5.7521   3.180832    32.3421        457     1.9000  0.000e+00
     35.599     5.7522   3.180832    32.3420        458     1.9042  0.000e+00
     35.613     5.7525   3.180814    32.3415        459     1.9083  0.000e+00
     35.615     5.7525   3.180832    32.3417        460     1.9125  0.000e+00
     35.622     5.7527   3.180795    32.3412        461     1.9167  0.000e+00
     35.617     5.7526   3.180777    32.3411        462     1.9208  0.000e+00
     35.602     5.7526   3.180814    32.3415        463     1.9250  0.000e+00
     35.575     5.7526   3.180795    32.3412        464     1.9292  0.000e+00
     35.529     5.7525   3.180795    32.3414        465     1.9333  0.000e+00
     35.466     5.7525   3.180795    32.3414        466     1.9375  0.000e+00
     35.392     5.7525   3.180752    32.3409        467     1.9417  0.000e+00
     35.302     5.7523   3.180630    32.3398        468     1.9458  0.000e+00
     35.204     5.7522   3.180716    32.3409        469     1.9500  0.000e+00
     35.100     5.7520   3.180813    32.3423        470     1.9542  0.000e+00
     34.993     5.7521   3.180734    32.3414        471     1.9583  0.000e+00
     34.888     5.7520   3.180752    32.3417        472     1.9625  0.000e+00
     34.792     5.7521   3.180630    32.3402        473     1.9667  0.000e+00
     34.693     5.7521   3.180533    32.3392        474     1.9708  0.000e+00
     34.603     5.7515   3.180471    32.3391        475     1.9750  0.000e+00
     34.516     5.7510   3.180453    32.3394        476     1.9792  0.000e+00
     34.435     5.7506   3.180514    32.3406        477     1.9833  0.000e+00
     34.367     5.7505   3.180594    32.3416        478     1.9875  0.000e+00
     34.308     5.7505   3.180575    32.3414        479     1.9917  0.000e+00
     34.252     5.7507   3.180490    32.3403        480     1.9958  0.000e+00
     34.205     5.7505   3.180490    32.3405        481     2.0000  0.000e+00
     34.167     5.7505   3.180453    32.3401        482     2.0042  0.000e+00
     34.140     5.7503   3.180551    32.3414        483     2.0083  0.000e+00
     34.118     5.7504   3.180532    32.3411        484     2.0125  0.000e+00
     34.098     5.7505   3.180575    32.3415        485     2.0167  0.000e+00
     34.078     5.7506   3.180551    32.3412        486     2.0208  0.000e+00
     34.061     5.7507   3.180575    32.3413        487     2.0250  0.000e+00
     34.048     5.7508   3.180532    32.3408        488     2.0292  0.000e+00
     34.037     5.7507   3.180209    32.3372        489     2.0333  0.000e+00
     34.032     5.7503   3.180068    32.3361        490     2.0375  0.000e+00
     34.025     5.7493   3.179989    32.3361        491     2.0417  0.000e+00
     34.019     5.7484   3.179989    32.3370        492     2.0458  0.000e+00
     34.013     5.7475   3.179928    32.3371        493     2.0500  0.000e+00
     34.004     5.7469   3.179989    32.3384        494     2.0542  0.000e+00
     33.991     5.7465   3.179965    32.3386        495     2.0583  0.000e+00
     33.978     5.7462   3.179989    32.3392        496     2.0625  0.000e+00
     33.956     5.7462   3.180026    32.3396        497     2.0667  0.000e+00
     33.924     5.7462   3.180209    32.3417        498     2.0708  0.000e+00
     33.885     5.7465   3.180130    32.3405        499     2.0750  0.000e+00
     33.825     5.7469   3.180050    32.3392        500     2.0792  0.000e+00
     33.749     5.7471   3.179989    32.3384        501     2.0833  0.000e+00
     33.661     5.7467   3.179946    32.3383        502     2.0875  0.000e+00
     33.562     5.7465   3.180007    32.3392        503     2.0917  0.000e+00
     33.452     5.7465   3.180007    32.3393        504     2.0958  0.000e+00
     33.329     5.7463   3.179928    32.3387        505     2.1000  0.000e+00
     33.199     5.7461   3.179824    32.3377        506     2.1042  0.000e+00
     33.070     5.7460   3.179849    32.3381        507     2.1083  0.000e+00
     32.943     5.7457   3.179824    32.3382        508     2.1125  0.000e+00
     32.824     5.7455   3.179867    32.3390        509     2.1167  0.000e+00
     32.727     5.7456   3.179885    32.3392        510     2.1208  0.000e+00
     32.631     5.7455   3.179909    32.3395        511     2.1250  0.000e+00
     32.559     5.7456   3.179848    32.3388        512     2.1292  0.000e+00
     32.499     5.7456   3.179867    32.3391        513     2.1333  0.000e+00
     32.470     5.7455   3.179867    32.3391        514     2.1375  0.000e+00
     32.450     5.7456   3.179824    32.3386        515     2.1417  0.000e+00
     32.451     5.7455   3.179848    32.3389        516     2.1458  0.000e+00
     32.469     5.7456   3.179909    32.3396        517     2.1500  0.000e+00
     32.495     5.7457   3.179909    32.3395        518     2.1542  0.000e+00
     32.528     5.7458   3.179928    32.3395        519     2.1583  0.000e+00
     32.557     5.7458   3.179946    32.3397        520     2.1625  0.000e+00
     32.583     5.7460   3.179824    32.3381        521     2.1667  0.000e+00
     32.597     5.7458   3.179824    32.3383        522     2.1708  0.000e+00
     32.601     5.7458   3.179824    32.3383        523     2.1750  0.000e+00
     32.585     5.7456   3.179806    32.3384        524     2.1792  0.000e+00
     32.557     5.7454   3.179726    32.3376        525     2.1833  0.000e+00
     32.503     5.7452   3.179561    32.3360        526     2.1875  0.000e+00
     32.423     5.7447   3.179561    32.3365        527     2.1917  0.000e+00
     32.326     5.7441   3.179561    32.3371        528     2.1958  0.000e+00
     32.215     5.7436   3.179506    32.3371        529     2.2000  0.000e+00
     32.095     5.7435   3.179506    32.3372        530     2.2042  0.000e+00
     31.967     5.7433   3.179525    32.3377        531     2.2083  0.000e+00
     31.832     5.7431   3.179506    32.3377        532     2.2125  0.000e+00
     31.696     5.7430   3.179647    32.3394        533     2.2167  0.000e+00
     31.556     5.7431   3.179805    32.3412        534     2.2208  0.000e+00
     31.413     5.7436   3.179866    32.3415        535     2.2250  0.000e+00
     31.279     5.7445   3.180025    32.3425        536     2.2292  0.000e+00
     31.152     5.7452   3.180007    32.3416        537     2.2333  0.000e+00
     31.033     5.7461   3.180129    32.3422        538     2.2375  0.000e+00
     30.929     5.7467   3.180086    32.3413        539     2.2417  0.000e+00
     30.840     5.7471   3.180190    32.3420        540     2.2458  0.000e+00
     30.770     5.7476   3.180208    32.3418        541     2.2500  0.000e+00
     30.725     5.7481   3.180067    32.3397        542     2.2542  0.000e+00
     30.692     5.7484   3.180287    32.3420        543     2.2583  0.000e+00
     30.672     5.7486   3.180550    32.3448        544     2.2625  0.000e+00
     30.658     5.7494   3.180550    32.3440        545     2.2667  0.000e+00
     30.655     5.7502   3.180513    32.3428        546     2.2708  0.000e+00
     30.662     5.7508   3.180531    32.3424        547     2.2750  0.000e+00
     30.670     5.7513   3.180489    32.3415        548     2.2792  0.000e+00
     30.682     5.7515   3.180251    32.3386        549     2.2833  0.000e+00
     30.695     5.7514   3.179927    32.3351        550     2.2875  0.000e+00
     30.706     5.7503   3.180147    32.3386        551     2.2917  0.000e+00
     30.710     5.7494   3.180006    32.3379        552     2.2958  0.000e+00
     30.704     5.7489   3.180049    32.3388        553     2.3000  0.000e+00
     30.686     5.7484   3.179988    32.3387        554     2.3042  0.000e+00
     30.648     5.7480   3.180067    32.3399        555     2.3083  0.000e+00
     30.580     5.7478   3.180269    32.3424        556     2.3125  0.000e+00
     30.486     5.7482   3.180269    32.3420        557     2.3167  0.000e+00
     30.370     5.7488   3.180025    32.3388        558     2.3208  0.000e+00
     30.225     5.7488   3.179927    32.3377        559     2.3250  0.000e+00
     30.050     5.7482   3.179762    32.3365        560     2.3292  0.000e+00
     29.851     5.7476   3.179848    32.3382        561     2.3333  0.000e+00
     29.648     5.7470   3.179927    32.3397        562     2.3375  0.000e+00
     29.449     5.7469   3.179683    32.3372        563     2.3417  0.000e+00
     29.245     5.7466   3.179622    32.3369        564     2.3458  0.000e+00
     29.078     5.7462   3.180006    32.3418        565     2.3500  0.000e+00
     28.933     5.7463   3.180531    32.3476        566     2.3542  0.000e+00
     28.822     5.7475   3.180329    32.3443        567     2.3583  0.000e+00
     28.732     5.7489   3.180146    32.3409        568     2.3625  0.000e+00
     28.670     5.7492   3.180006    32.3390        569     2.3667  0.000e+00
     28.627     5.7491   3.180024    32.3393        570     2.3708  0.000e+00
     28.607     5.7488   3.180390    32.3438        571     2.3750  0.000e+00
     28.599     5.7491   3.180348    32.3431        572     2.3792  0.000e+00
     28.597     5.7496   3.180268    32.3416        573     2.3833  0.000e+00
     28.599     5.7500   3.180146    32.3399        574     2.3875  0.000e+00
     28.607     5.7501   3.180085    32.3391        575     2.3917  0.000e+00
     28.610     5.7497   3.180085    32.3395        576     2.3958  0.000e+00
     28.605     5.7493   3.180024    32.3392        577     2.4000  0.000e+00
     28.586     5.7491   3.180006    32.3392        578     2.4042  0.000e+00
     28.558     5.7488   3.180006    32.3395        579     2.4083  0.000e+00
     28.502     5.7486   3.179987    32.3395        580     2.4125  0.000e+00
     28.423     5.7484   3.179865    32.3384        581     2.4167  0.000e+00
     28.323     5.7480   3.179945    32.3397        582     2.4208  0.000e+00
     28.201     5.7479   3.180024    32.3407        583     2.4250  0.000e+00
     28.074     5.7479   3.180146    32.3421        584     2.4292  0.000e+00
     27.935     5.7484   3.180006    32.3402        585     2.4333  0.000e+00
     27.802     5.7486   3.179963    32.3395        586     2.4375  0.000e+00
     27.672     5.7485   3.180067    32.3409        587     2.4417  0.000e+00
     27.556     5.7485   3.180250    32.3430        588     2.4458  0.000e+00
     27.444     5.7490   3.180488    32.3453        589     2.4500  0.000e+00
     27.343     5.7497   3.180512    32.3449        590     2.4542  0.000e+00
     27.252     5.7509   3.180488    32.3436        591     2.4583  0.000e+00
     27.184     5.7515   3.180488    32.3430        592     2.4625  0.000e+00
     27.119     5.7520   3.180549    32.3433        593     2.4667  0.000e+00
     27.063     5.7524   3.180610    32.3436        594     2.4708  0.000e+00
     27.008     5.7527   3.180610    32.3433        595     2.4750  0.000e+00
     26.947     5.7532   3.180591    32.3427        596     2.4792  0.000e+00
     26.888     5.7533   3.180591    32.3426        597     2.4833  0.000e+00
     26.827     5.7534   3.180628    32.3429        598     2.4875  0.000e+00
     26.768     5.7535   3.180713    32.3438        599     2.4917  0.000e+00
     26.703     5.7537   3.180652    32.3429        600     2.4958  0.000e+00
     26.639     5.7540   3.180548    32.3415        601     2.5000  0.000e+00
     26.570     5.7539   3.180487    32.3409        602     2.5042  0.000e+00
     26.494     5.7537   3.180609    32.3426        603     2.5083  0.000e+00
     26.431     5.7536   3.180628    32.3429        604     2.5125  0.000e+00
     26.360     5.7539   3.180652    32.3430        605     2.5167  0.000e+00
     26.290     5.7539   3.180670    32.3432        606     2.5208  0.000e+00
     26.230     5.7540   3.180609    32.3424        607     2.5250  0.000e+00
     26.181     5.7543   3.180670    32.3429        608     2.5292  0.000e+00
     26.130     5.7542   3.180750    32.3439        609     2.5333  0.000e+00
     26.101     5.7544   3.180731    32.3435        610     2.5375  0.000e+00
     26.074     5.7544   3.180774    32.3439        611     2.5417  0.000e+00
     26.057     5.7548   3.180750    32.3434        612     2.5458  0.000e+00
     26.035     5.7550   3.180609    32.3415        613     2.5500  0.000e+00
     26.017     5.7548   3.180512    32.3406        614     2.5542  0.000e+00
     26.002     5.7544   3.180548    32.3414        615     2.5583  0.000e+00
     25.984     5.7541   3.180548    32.3418        616     2.5625  0.000e+00
     25.955     5.7538   3.180487    32.3414        617     2.5667  0.000e+00
     25.924     5.7537   3.180530    32.3420        618     2.5708  0.000e+00
     25.885     5.7533   3.180206    32.3387        619     2.5750  0.000e+00
     25.836     5.7530   3.180469    32.3420        620     2.5792  0.000e+00
     25.779     5.7526   3.180511    32.3429        621     2.5833  0.000e+00
     25.712     5.7527   3.180530    32.3431        622     2.5875  0.000e+00
     25.634     5.7529   3.180487    32.3424        623     2.5917  0.000e+00
     25.541     5.7530   3.180371    32.3411        624     2.5958  0.000e+00
     25.440     5.7529   3.180371    32.3412        625     2.6000  0.000e+00
