HB2502/sbe025.cnv
* Sea-Bird SBE 19plus V2 Data File:
* FileName = C:\cruise\data\sbe025.hex
* Software Version Seasave V 7.26.7.121
* Temperature SN = 6128
* Conductivity SN = 6128
* System UpLoad Time = Mar 16 2025 08:04:59
* NMEA Latitude = 36 34.20 N
* NMEA Longitude = 075 40.19 W
* NMEA UTC (Time) = Mar 16 2025  08:03:43
** Ship: Henry Bigelow
** Cruise:  HB2502
** Program:  Spring Bottom Trawl
# nquan = 7
# nvalues = 1198                                  
# units = specified
# name 0 = depSM: Depth [salt water, m]
# name 1 = tv290C: Temperature [ITS-90, deg C]
# name 2 = c0S/m: Conductivity [S/m]
# name 3 = sal00: Salinity, Practical [PSU]
# name 4 = scan: Scan Count
# name 5 = timeM: Time, Elapsed [minutes]
# name 6 = flag:  0.000e+00
# span 0 =      0.092,     15.226                 
# span 1 =     8.3475,    12.5504                 
# span 2 =   0.006462,   3.829839                 
# span 3 =     0.0419,    34.5864                 
# span 4 =         11,       1208                 
# span 5 =     0.0417,     5.0292                 
# span 6 = 0.0000e+00, 0.0000e+00                 
# interval = seconds: 0.25
# start_time = Mar 16 2025 08:03:43 [NMEA time, header]
# bad_flag = -9.990e-29
*END*
[from data line 1026]
      4.004     8.6560   3.490533    32.9758       1037     4.3167  0.000e+00
      4.033     8.6562   3.490533    32.9756       1038     4.3208  0.000e+00
      4.059     8.6565   3.490533    32.9753       1039     4.3250  0.000e+00
      4.084     8.6568   3.490488    32.9745       1040     4.3292  0.000e+00
      4.095     8.6569   3.490488    32.9744       1041     4.3333  0.000e+00
      4.099     8.6572   3.490514    32.9744       1042     4.3375  0.000e+00
      4.095     8.6571   3.490444    32.9738       1043     4.3417  0.000e+00
      4.080     8.6566   3.490406    32.9738       1044     4.3458  0.000e+00
      4.069     8.6562   3.490387    32.9740       1045     4.3500  0.000e+00
      4.051     8.6559   3.490387    32.9743       1046     4.3542  0.000e+00
      4.044     8.6555   3.490375    32.9745       1047     4.3583  0.000e+00
      4.041     8.6553   3.490362    32.9746       1048     4.3625  0.000e+00
      4.045     8.6552   3.490425    32.9753       1049     4.3667  0.000e+00
      4.043     8.6553   3.490450    32.9756       1050     4.3708  0.000e+00
      4.045     8.6557   3.490444    32.9751       1051     4.3750  0.000e+00
      4.031     8.6559   3.490469    32.9751       1052     4.3792  0.000e+00
      4.008     8.6561   3.490469    32.9750       1053     4.3833  0.000e+00
      3.983     8.6562   3.490450    32.9747       1054     4.3875  0.000e+00
      3.952     8.6564   3.490419    32.9742       1055     4.3917  0.000e+00
      3.916     8.6564   3.490425    32.9743       1056     4.3958  0.000e+00
      3.879     8.6566   3.490406    32.9739       1057     4.4000  0.000e+00
      3.841     8.6566   3.490387    32.9737       1058     4.4042  0.000e+00
      3.805     8.6568   3.490355    32.9733       1059     4.4083  0.000e+00
      3.765     8.6566   3.490362    32.9735       1060     4.4125  0.000e+00
      3.729     8.6565   3.490362    32.9737       1061     4.4167  0.000e+00
      3.703     8.6566   3.490343    32.9733       1062     4.4208  0.000e+00
      3.667     8.6567   3.490235    32.9721       1063     4.4250  0.000e+00
      3.637     8.6564   3.490216    32.9722       1064     4.4292  0.000e+00
      3.602     8.6561   3.490191    32.9723       1065     4.4333  0.000e+00
      3.564     8.6558   3.490216    32.9729       1066     4.4375  0.000e+00
      3.522     8.6555   3.490172    32.9726       1067     4.4417  0.000e+00
      3.493     8.6555   3.490197    32.9729       1068     4.4458  0.000e+00
      3.477     8.6555   3.490216    32.9731       1069     4.4500  0.000e+00
      3.471     8.6555   3.490216    32.9731       1070     4.4542  0.000e+00
      3.489     8.6556   3.490191    32.9728       1071     4.4583  0.000e+00
      3.514     8.6555   3.490197    32.9730       1072     4.4625  0.000e+00
      3.549     8.6553   3.490128    32.9723       1073     4.4667  0.000e+00
      3.581     8.6552   3.490216    32.9734       1074     4.4708  0.000e+00
      3.612     8.6552   3.490254    32.9738       1075     4.4750  0.000e+00
      3.645     8.6552   3.490305    32.9743       1076     4.4792  0.000e+00
      3.670     8.6549   3.490235    32.9739       1077     4.4833  0.000e+00
      3.688     8.6550   3.490153    32.9729       1078     4.4875  0.000e+00
      3.703     8.6549   3.490153    32.9729       1079     4.4917  0.000e+00
      3.721     8.6546   3.490128    32.9729       1080     4.4958  0.000e+00
      3.735     8.6545   3.490128    32.9730       1081     4.5000  0.000e+00
      3.744     8.6543   3.490172    32.9737       1082     4.5042  0.000e+00
      3.748     8.6542   3.490153    32.9736       1083     4.5083  0.000e+00
      3.745     8.6541   3.490109    32.9732       1084     4.5125  0.000e+00
      3.729     8.6542   3.490064    32.9727       1085     4.5167  0.000e+00
      3.707     8.6541   3.490064    32.9727       1086     4.5208  0.000e+00
      3.678     8.6540   3.490064    32.9729       1087     4.5250  0.000e+00
      3.644     8.6536   3.490083    32.9734       1088     4.5292  0.000e+00
      3.598     8.6529   3.490128    32.9746       1089     4.5333  0.000e+00
      3.560     8.6520   3.490153    32.9757       1090     4.5375  0.000e+00
      3.534     8.6520   3.490172    32.9759       1091     4.5417  0.000e+00
      3.507     8.6519   3.490172    32.9761       1092     4.5458  0.000e+00
      3.492     8.6518   3.490109    32.9755       1093     4.5500  0.000e+00
      3.480     8.6510   3.490001    32.9751       1094     4.5542  0.000e+00
      3.471     8.6488   3.490064    32.9778       1095     4.5583  0.000e+00
      3.449     8.6471   3.490064    32.9794       1096     4.5625  0.000e+00
      3.435     8.6467   3.490109    32.9803       1097     4.5667  0.000e+00
      3.415     8.6470   3.490216    32.9811       1098     4.5708  0.000e+00
      3.393     8.6476   3.490235    32.9807       1099     4.5750  0.000e+00
      3.371     8.6483   3.490254    32.9803       1100     4.5792  0.000e+00
      3.364     8.6491   3.490374    32.9808       1101     4.5833  0.000e+00
      3.367     8.6504   3.490362    32.9795       1102     4.5875  0.000e+00
      3.380     8.6519   3.490387    32.9784       1103     4.5917  0.000e+00
      3.403     8.6531   3.490343    32.9768       1104     4.5958  0.000e+00
      3.415     8.6535   3.490305    32.9760       1105     4.6000  0.000e+00
      3.411     8.6531   3.490279    32.9761       1106     4.6042  0.000e+00
      3.391     8.6525   3.490254    32.9764       1107     4.6083  0.000e+00
      3.348     8.6522   3.490324    32.9774       1108     4.6125  0.000e+00
      3.273     8.6520   3.490286    32.9772       1109     4.6167  0.000e+00
      3.188     8.6520   3.490254    32.9770       1110     4.6208  0.000e+00
      3.107     8.6520   3.490191    32.9763       1111     4.6250  0.000e+00
      3.049     8.6517   3.490153    32.9762       1112     4.6292  0.000e+00
      3.011     8.6513   3.490108    32.9762       1113     4.6333  0.000e+00
      3.010     8.6509   3.490153    32.9770       1114     4.6375  0.000e+00
      3.030     8.6511   3.490153    32.9768       1115     4.6417  0.000e+00
      3.054     8.6520   3.490172    32.9762       1116     4.6458  0.000e+00
      3.083     8.6529   3.490191    32.9754       1117     4.6500  0.000e+00
      3.104     8.6535   3.490172    32.9747       1118     4.6542  0.000e+00
      3.110     8.6537   3.490153    32.9743       1119     4.6583  0.000e+00
      3.097     8.6537   3.490089    32.9737       1120     4.6625  0.000e+00
      3.062     8.6531   3.489982    32.9732       1121     4.6667  0.000e+00
      3.006     8.6520   3.489994    32.9743       1122     4.6708  0.000e+00
      2.937     8.6512   3.489937    32.9745       1123     4.6750  0.000e+00
      2.868     8.6503   3.490001    32.9760       1124     4.6792  0.000e+00
      2.801     8.6497   3.490001    32.9767       1125     4.6833  0.000e+00
      2.747     8.6499   3.490083    32.9773       1126     4.6875  0.000e+00
      2.705     8.6503   3.490108    32.9772       1127     4.6917  0.000e+00
      2.667     8.6512   3.490108    32.9764       1128     4.6958  0.000e+00
      2.654     8.6517   3.490089    32.9758       1129     4.7000  0.000e+00
      2.647     8.6517   3.490108    32.9759       1130     4.7042  0.000e+00
      2.691     8.6516   3.490108    32.9760       1131     4.7083  0.000e+00
      2.759     8.6515   3.490108    32.9761       1132     4.7125  0.000e+00
      2.853     8.6515   3.490127    32.9763       1133     4.7167  0.000e+00
      2.955     8.6516   3.490153    32.9764       1134     4.7208  0.000e+00
      3.044     8.6517   3.490108    32.9758       1135     4.7250  0.000e+00
      3.129     8.6517   3.490064    32.9753       1136     4.7292  0.000e+00
      3.188     8.6513   3.490045    32.9754       1137     4.7333  0.000e+00
      3.236     8.6509   3.490153    32.9769       1138     4.7375  0.000e+00
      3.261     8.6506   3.490153    32.9772       1139     4.7417  0.000e+00
      3.258     8.6502   3.490108    32.9771       1140     4.7458  0.000e+00
      3.243     8.6501   3.490127    32.9774       1141     4.7500  0.000e+00
      3.216     8.6501   3.490108    32.9771       1142     4.7542  0.000e+00
      3.176     8.6507   3.490127    32.9768       1143     4.7583  0.000e+00
      3.142     8.6513   3.490064    32.9757       1144     4.7625  0.000e+00
      3.104     8.6511   3.490001    32.9752       1145     4.7667  0.000e+00
      3.065     8.6504   3.490001    32.9759       1146     4.7708  0.000e+00
      3.026     8.6503   3.490013    32.9761       1147     4.7750  0.000e+00
      2.997     8.6498   3.489982    32.9762       1148     4.7792  0.000e+00
      2.971     8.6497   3.490045    32.9770       1149     4.7833  0.000e+00
      2.927     8.6498   3.490153    32.9780       1150     4.7875  0.000e+00
      2.864     8.6510   3.490172    32.9772       1151     4.7917  0.000e+00
      2.786     8.6520   3.490216    32.9767       1152     4.7958  0.000e+00
      2.708     8.6526   3.490235    32.9764       1153     4.8000  0.000e+00
      2.655     8.6532   3.490172    32.9752       1154     4.8042  0.000e+00
      2.622     8.6534   3.490197    32.9753       1155     4.8083  0.000e+00
      2.600     8.6537   3.490235    32.9755       1156     4.8125  0.000e+00
      2.580     8.6536   3.490190    32.9751       1157     4.8167  0.000e+00
      2.543     8.6538   3.490152    32.9745       1158     4.8208  0.000e+00
      2.504     8.6538   3.490152    32.9745       1159     4.8250  0.000e+00
      2.436     8.6539   3.490045    32.9733       1160     4.8292  0.000e+00
      2.342     8.6535   3.490064    32.9739       1161     4.8333  0.000e+00
      2.222     8.6531   3.490089    32.9746       1162     4.8375  0.000e+00
      2.085     8.6530   3.490108    32.9750       1163     4.8417  0.000e+00
      1.952     8.6529   3.490235    32.9764       1164     4.8458  0.000e+00
      1.833     8.6533   3.490216    32.9760       1165     4.8500  0.000e+00
      1.722     8.6536   3.490235    32.9759       1166     4.8542  0.000e+00
      1.617     8.6541   3.490215    32.9753       1167     4.8583  0.000e+00
      1.519     8.6541   3.490171    32.9749       1168     4.8625  0.000e+00
      1.416     8.6542   3.490152    32.9746       1169     4.8667  0.000e+00
      1.298     8.6541   3.490215    32.9754       1170     4.8708  0.000e+00
      1.144     8.6541   3.490215    32.9755       1171     4.8750  0.000e+00
      0.976     8.6542   3.490215    32.9755       1172     4.8792  0.000e+00
      0.798     8.6541   3.490215    32.9756       1173     4.8833  0.000e+00
      0.653     8.6541   3.490190    32.9754       1174     4.8875  0.000e+00
      0.587     8.6543   3.490215    32.9756       1175     4.8917  0.000e+00
      0.581     8.6544   3.490108    32.9744       1176     4.8958  0.000e+00
      0.621     8.6543   3.490108    32.9745       1177     4.9000  0.000e+00
      0.677     8.6540   3.490127    32.9749       1178     4.9042  0.000e+00
      0.748     8.6539   3.490152    32.9752       1179     4.9083  0.000e+00
      0.788     8.6539   3.490304    32.9768       1180     4.9125  0.000e+00
      0.721     8.6543   3.490728    32.9810       1181     4.9167  0.000e+00
      0.556     8.6558   3.490576    32.9780       1182     4.9208  0.000e+00
      0.371     8.6570   3.490386    32.9750       1183     4.9250  0.000e+00
      0.232     8.6571   3.490506    32.9762       1184     4.9292  0.000e+00
      0.127     8.6572   3.491152    32.9829       1185     4.9333  0.000e+00
      0.203     8.6596   3.491025    32.9793       1186     4.9375  0.000e+00
      0.341     8.6613   3.490791    32.9752       1187     4.9417  0.000e+00
      0.451     8.6617   3.490664    32.9735       1188     4.9458  0.000e+00
      0.532     8.6609   3.490468    32.9721       1189     4.9500  0.000e+00
      0.574     8.6598   3.490386    32.9723       1190     4.9542  0.000e+00
      0.591     8.6585   3.490361    32.9732       1191     4.9583  0.000e+00
      0.562     8.6575   3.490424    32.9748       1192     4.9625  0.000e+00
      0.465     8.6571   3.490462    32.9757       1193     4.9667  0.000e+00
      0.309     8.6570   3.490468    32.9759       1194     4.9708  0.000e+00
      0.173     8.6573   3.491152    32.9828       1195     4.9750  0.000e+00
      0.116     8.6593   3.491449    32.9841       1196     4.9792  0.000e+00
      0.114     8.6628   3.491430    32.9806       1197     4.9833  0.000e+00
      0.176     8.6650   3.490702    32.9709       1198     4.9875  0.000e+00
      0.250     8.6646   3.490386    32.9679       1199     4.9917  0.000e+00
      0.262     8.6618   3.490297    32.9696       1200     4.9958  0.000e+00
      0.296     8.6595   3.490531    32.9742       1201     5.0000  0.000e+00
      0.347     8.6587   3.490557    32.9751       1202     5.0042  0.000e+00
      0.363     8.6587   3.490892    32.9787       1203     5.0083  0.000e+00
      0.363     8.6597   3.491171    32.9807       1204     5.0125  0.000e+00
      0.330     8.6615   3.491000    32.9772       1205     5.0167  0.000e+00
      0.269     8.6627   3.490766    32.9736       1206     5.0208  0.000e+00
      0.224     8.6625   3.490918    32.9755       1207     5.0250  0.000e+00
      0.198     8.6624   3.490918    32.9755       1208     5.0292  0.000e+00
