HB2502/sbe066.cnv
* Sea-Bird SBE 19plus V2 Data File:
* FileName = C:\cruise\data\sbe066.hex
* Software Version Seasave V 7.26.7.121
* Temperature SN = 6128
* Conductivity SN = 6128
* System UpLoad Time = Apr 06 2025 07:44:23
* NMEA Latitude = 40 08.14 N
* NMEA Longitude = 070 22.82 W
* NMEA UTC (Time) = Apr 06 2025  07:43:30
** Ship: Henry Bigelow
** Cruise:  HB2502
** Program:  Spring Bottom Trawl
# nquan = 7
# nvalues = 3086                                  
# units = specified
# name 0 = depSM: Depth [salt water, m]
# name 1 = tv290C: Temperature [ITS-90, deg C]
# name 2 = c0S/m: Conductivity [S/m]
# name 3 = sal00: Salinity, Practical [PSU]
# name 4 = scan: Scan Count
# name 5 = timeM: Time, Elapsed [minutes]
# name 6 = flag:  0.000e+00
# span 0 =     -0.117,    114.530                 
# span 1 =     5.2970,     8.3861                 
# span 2 =   0.007979,   3.488827                 
# span 3 =     0.0553,    33.7983                 
# span 4 =         11,       3096                 
# span 5 =     0.0417,    12.8958                 
# span 6 = 0.0000e+00, 0.0000e+00                 
# interval = seconds: 0.25
# start_time = Apr 06 2025 07:43:30 [NMEA time, header]
# bad_flag = -9.990e-29
*END*
[from data line 2872]
     16.777     5.8314   3.191753    32.3982       2883    12.0083  0.000e+00
     16.678     5.8344   3.191753    32.3954       2884    12.0125  0.000e+00
     16.582     5.8370   3.191771    32.3931       2885    12.0167  0.000e+00
     16.484     5.8389   3.191789    32.3916       2886    12.0208  0.000e+00
     16.384     5.8400   3.191814    32.3909       2887    12.0250  0.000e+00
     16.285     5.8413   3.191832    32.3899       2888    12.0292  0.000e+00
     16.184     5.8420   3.191771    32.3885       2889    12.0333  0.000e+00
     16.091     5.8425   3.191771    32.3881       2890    12.0375  0.000e+00
     15.992     5.8430   3.191771    32.3877       2891    12.0417  0.000e+00
     15.892     5.8436   3.191771    32.3872       2892    12.0458  0.000e+00
     15.793     5.8438   3.191709    32.3863       2893    12.0500  0.000e+00
     15.686     5.8446   3.191551    32.3838       2894    12.0542  0.000e+00
     15.588     5.8463   3.191324    32.3796       2895    12.0583  0.000e+00
     15.489     5.8479   3.190719    32.3714       2896    12.0625  0.000e+00
     15.384     5.8500   3.189607    32.3570       2897    12.0667  0.000e+00
     15.268     5.8518   3.188739    32.3455       2898    12.0708  0.000e+00
     15.152     5.8528   3.187609    32.3320       2899    12.0750  0.000e+00
     15.034     5.8526   3.187102    32.3265       2900    12.0792  0.000e+00
     14.907     5.8520   3.186778    32.3235       2901    12.0833  0.000e+00
     14.781     5.8511   3.186558    32.3220       2902    12.0875  0.000e+00
     14.658     5.8506   3.186332    32.3200       2903    12.0917  0.000e+00
     14.544     5.8504   3.186069    32.3173       2904    12.0958  0.000e+00
     14.426     5.8509   3.186051    32.3166       2905    12.1000  0.000e+00
     14.323     5.8516   3.185850    32.3138       2906    12.1042  0.000e+00
     14.227     5.8526   3.185404    32.3079       2907    12.1083  0.000e+00
     14.138     5.8533   3.185184    32.3047       2908    12.1125  0.000e+00
     14.064     5.8538   3.185104    32.3034       2909    12.1167  0.000e+00
     14.000     5.8545   3.185184    32.3037       2910    12.1208  0.000e+00
     13.950     5.8552   3.185165    32.3028       2911    12.1250  0.000e+00
     13.904     5.8560   3.185629    32.3073       2912    12.1292  0.000e+00
     13.865     5.8586   3.185807    32.3068       2913    12.1333  0.000e+00
     13.826     5.8629   3.185849    32.3032       2914    12.1375  0.000e+00
     13.790     5.8662   3.185690    32.2983       2915    12.1417  0.000e+00
     13.743     5.8676   3.185690    32.2969       2916    12.1458  0.000e+00
     13.691     5.8682   3.185342    32.2925       2917    12.1500  0.000e+00
     13.624     5.8670   3.185080    32.2907       2918    12.1542  0.000e+00
     13.544     5.8644   3.185104    32.2935       2919    12.1583  0.000e+00
     13.452     5.8621   3.185202    32.2969       2920    12.1625  0.000e+00
     13.350     5.8610   3.185727    32.3038       2921    12.1667  0.000e+00
     13.236     5.8630   3.185910    32.3041       2922    12.1708  0.000e+00
     13.113     5.8659   3.186496    32.3079       2923    12.1750  0.000e+00
     12.985     5.8704   3.186777    32.3068       2924    12.1792  0.000e+00
     12.840     5.8758   3.187303    32.3076       2925    12.1833  0.000e+00
     12.699     5.8820   3.188072    32.3105       2926    12.1875  0.000e+00
     12.554     5.8898   3.189160    32.3152       2927    12.1917  0.000e+00
     12.409     5.9006   3.189563    32.3095       2928    12.1958  0.000e+00
     12.263     5.9118   3.189300    32.2960       2929    12.2000  0.000e+00
     12.119     5.9191   3.189446    32.2906       2930    12.2042  0.000e+00
     11.982     5.9233   3.189605    32.2885       2931    12.2083  0.000e+00
     11.853     5.9268   3.190271    32.2927       2932    12.2125  0.000e+00
     11.728     5.9315   3.190778    32.2939       2933    12.2167  0.000e+00
     11.620     5.9384   3.190515    32.2845       2934    12.2208  0.000e+00
     11.520     5.9424   3.191059    32.2868       2935    12.2250  0.000e+00
     11.427     5.9468   3.191524    32.2878       2936    12.2292  0.000e+00
     11.352     5.9521   3.191487    32.2824       2937    12.2333  0.000e+00
     11.293     5.9564   3.191291    32.2761       2938    12.2375  0.000e+00
     11.246     5.9585   3.191346    32.2748       2939    12.2417  0.000e+00
     11.202     5.9595   3.191200    32.2722       2940    12.2458  0.000e+00
     11.160     5.9595   3.191303    32.2733       2941    12.2500  0.000e+00
     11.126     5.9596   3.192373    32.2853       2942    12.2542  0.000e+00
     11.095     5.9635   3.191890    32.2762       2943    12.2583  0.000e+00
     11.052     5.9671   3.193107    32.2863       2944    12.2625  0.000e+00
     11.001     5.9718   3.192941    32.2801       2945    12.2667  0.000e+00
     10.940     5.9776   3.192477    32.2694       2946    12.2708  0.000e+00
     10.871     5.9794   3.191768    32.2597       2947    12.2750  0.000e+00
     10.786     5.9766   3.191444    32.2588       2948    12.2792  0.000e+00
     10.688     5.9720   3.191364    32.2624       2949    12.2833  0.000e+00
     10.581     5.9678   3.192354    32.2775       2950    12.2875  0.000e+00
     10.465     5.9680   3.192819    32.2826       2951    12.2917  0.000e+00
     10.334     5.9729   3.193571    32.2863       2952    12.2958  0.000e+00
     10.197     5.9796   3.193730    32.2818       2953    12.3000  0.000e+00
     10.064     5.9863   3.193730    32.2755       2954    12.3042  0.000e+00
      9.931     5.9914   3.193870    32.2723       2955    12.3083  0.000e+00
      9.793     5.9950   3.193913    32.2694       2956    12.3125  0.000e+00
      9.665     5.9976   3.193833    32.2661       2957    12.3167  0.000e+00
      9.540     5.9991   3.194017    32.2668       2958    12.3208  0.000e+00
      9.424     6.0005   3.194017    32.2655       2959    12.3250  0.000e+00
      9.317     6.0018   3.194665    32.2716       2960    12.3292  0.000e+00
      9.225     6.0047   3.194579    32.2679       2961    12.3333  0.000e+00
      9.136     6.0074   3.194622    32.2658       2962    12.3375  0.000e+00
      9.059     6.0093   3.194989    32.2682       2963    12.3417  0.000e+00
      8.981     6.0116   3.194964    32.2657       2964    12.3458  0.000e+00
      8.905     6.0139   3.193772    32.2502       2965    12.3500  0.000e+00
      8.832     6.0146   3.195086    32.2643       2966    12.3542  0.000e+00
      8.765     6.0156   3.194988    32.2623       2967    12.3583  0.000e+00
      8.689     6.0166   3.195086    32.2625       2968    12.3625  0.000e+00
      8.615     6.0175   3.195135    32.2622       2969    12.3667  0.000e+00
      8.545     6.0182   3.195049    32.2606       2970    12.3708  0.000e+00
      8.470     6.0188   3.194725    32.2565       2971    12.3750  0.000e+00
      8.383     6.0177   3.194517    32.2552       2972    12.3792  0.000e+00
      8.291     6.0158   3.194682    32.2589       2973    12.3833  0.000e+00
      8.206     6.0145   3.194762    32.2611       2974    12.3875  0.000e+00
      8.097     6.0146   3.194988    32.2636       2975    12.3917  0.000e+00
      7.990     6.0151   3.194823    32.2613       2976    12.3958  0.000e+00
      7.874     6.0157   3.195777    32.2714       2977    12.4000  0.000e+00
      7.756     6.0190   3.195814    32.2688       2978    12.4042  0.000e+00
      7.635     6.0228   3.195758    32.2646       2979    12.4083  0.000e+00
      7.507     6.0255   3.196101    32.2659       2980    12.4125  0.000e+00
      7.378     6.0282   3.196180    32.2643       2981    12.4167  0.000e+00
      7.248     6.0307   3.196199    32.2622       2982    12.4208  0.000e+00
      7.111     6.0326   3.196058    32.2589       2983    12.4250  0.000e+00
      6.959     6.0332   3.196119    32.2590       2984    12.4292  0.000e+00
      6.845     6.0336   3.196162    32.2592       2985    12.4333  0.000e+00
      6.722     6.0341   3.196162    32.2588       2986    12.4375  0.000e+00
      6.617     6.0346   3.196100    32.2577       2987    12.4417  0.000e+00
      6.488     6.0347   3.196100    32.2576       2988    12.4458  0.000e+00
      6.371     6.0347   3.196100    32.2577       2989    12.4500  0.000e+00
      6.280     6.0346   3.196119    32.2580       2990    12.4542  0.000e+00
      6.213     6.0344   3.196100    32.2580       2991    12.4583  0.000e+00
      6.145     6.0345   3.195636    32.2528       2992    12.4625  0.000e+00
      6.069     6.0330   3.195391    32.2515       2993    12.4667  0.000e+00
      6.007     6.0304   3.195917    32.2599       2994    12.4708  0.000e+00
      5.939     6.0300   3.196021    32.2615       2995    12.4750  0.000e+00
      5.870     6.0308   3.196076    32.2613       2996    12.4792  0.000e+00
      5.799     6.0321   3.196082    32.2603       2997    12.4833  0.000e+00
      5.719     6.0332   3.196082    32.2593       2998    12.4875  0.000e+00
      5.634     6.0335   3.196021    32.2583       2999    12.4917  0.000e+00
      5.549     6.0338   3.196057    32.2585       3000    12.4958  0.000e+00
      5.462     6.0338   3.196039    32.2583       3001    12.5000  0.000e+00
      5.379     6.0340   3.195996    32.2576       3002    12.5042  0.000e+00
      5.283     6.0340   3.195959    32.2573       3003    12.5083  0.000e+00
      5.183     6.0337   3.195959    32.2577       3004    12.5125  0.000e+00
      5.065     6.0335   3.196039    32.2587       3005    12.5167  0.000e+00
      4.946     6.0335   3.196039    32.2588       3006    12.5208  0.000e+00
      4.817     6.0339   3.196082    32.2590       3007    12.5250  0.000e+00
      4.681     6.0343   3.196081    32.2587       3008    12.5292  0.000e+00
      4.558     6.0345   3.196057    32.2583       3009    12.5333  0.000e+00
      4.428     6.0347   3.195837    32.2557       3010    12.5375  0.000e+00
      4.314     6.0342   3.195635    32.2540       3011    12.5417  0.000e+00
      4.201     6.0327   3.195653    32.2557       3012    12.5458  0.000e+00
      4.087     6.0313   3.195610    32.2566       3013    12.5500  0.000e+00
      3.981     6.0305   3.195733    32.2588       3014    12.5542  0.000e+00
      3.878     6.0305   3.195549    32.2568       3015    12.5583  0.000e+00
      3.782     6.0300   3.195672    32.2587       3016    12.5625  0.000e+00
      3.680     6.0297   3.195672    32.2590       3017    12.5667  0.000e+00
      3.584     6.0296   3.195610    32.2584       3018    12.5708  0.000e+00
      3.498     6.0296   3.195592    32.2583       3019    12.5750  0.000e+00
      3.398     6.0292   3.195574    32.2585       3020    12.5792  0.000e+00
      3.304     6.0292   3.195488    32.2576       3021    12.5833  0.000e+00
      3.217     6.0286   3.195598    32.2594       3022    12.5875  0.000e+00
      3.124     6.0285   3.195696    32.2607       3023    12.5917  0.000e+00
      3.043     6.0292   3.195714    32.2602       3024    12.5958  0.000e+00
      2.953     6.0298   3.195714    32.2597       3025    12.6000  0.000e+00
      2.868     6.0301   3.195714    32.2595       3026    12.6042  0.000e+00
      2.779     6.0302   3.195714    32.2594       3027    12.6083  0.000e+00
      2.697     6.0304   3.195549    32.2574       3028    12.6125  0.000e+00
      2.612     6.0302   3.195549    32.2577       3029    12.6167  0.000e+00
      2.541     6.0295   3.195610    32.2590       3030    12.6208  0.000e+00
      2.476     6.0294   3.195653    32.2597       3031    12.6250  0.000e+00
      2.425     6.0295   3.195634    32.2594       3032    12.6292  0.000e+00
      2.385     6.0297   3.195653    32.2594       3033    12.6333  0.000e+00
      2.340     6.0296   3.195610    32.2590       3034    12.6375  0.000e+00
      2.270     6.0297   3.195634    32.2592       3035    12.6417  0.000e+00
      2.195     6.0296   3.195610    32.2592       3036    12.6458  0.000e+00
      2.090     6.0295   3.195549    32.2586       3037    12.6500  0.000e+00
      1.984     6.0295   3.195573    32.2589       3038    12.6542  0.000e+00
      1.866     6.0291   3.195591    32.2595       3039    12.6583  0.000e+00
      1.734     6.0293   3.195610    32.2596       3040    12.6625  0.000e+00
      1.614     6.0295   3.195634    32.2598       3041    12.6667  0.000e+00
      1.522     6.0297   3.195732    32.2607       3042    12.6708  0.000e+00
      1.412     6.0303   3.195756    32.2605       3043    12.6750  0.000e+00
      1.340     6.0311   3.195756    32.2597       3044    12.6792  0.000e+00
      1.280     6.0317   3.195793    32.2596       3045    12.6833  0.000e+00
      1.233     6.0320   3.195732    32.2587       3046    12.6875  0.000e+00
      1.225     6.0321   3.195714    32.2584       3047    12.6917  0.000e+00
      1.231     6.0320   3.195732    32.2587       3048    12.6958  0.000e+00
      1.212     6.0317   3.195689    32.2585       3049    12.7000  0.000e+00
      1.173     6.0317   3.195714    32.2588       3050    12.7042  0.000e+00
      1.114     6.0316   3.195793    32.2598       3051    12.7083  0.000e+00
      1.029     6.0317   3.195976    32.2618       3052    12.7125  0.000e+00
      0.970     6.0325   3.195934    32.2606       3053    12.7167  0.000e+00
      0.906     6.0334   3.195915    32.2596       3054    12.7208  0.000e+00
      0.835     6.0340   3.195854    32.2583       3055    12.7250  0.000e+00
      0.773     6.0343   3.195872    32.2583       3056    12.7292  0.000e+00
      0.720     6.0341   3.195854    32.2583       3057    12.7333  0.000e+00
      0.601     6.0338   3.195915    32.2593       3058    12.7375  0.000e+00
      0.467     6.0339   3.195915    32.2593       3059    12.7417  0.000e+00
      0.333     6.0342   3.195872    32.2586       3060    12.7458  0.000e+00
      0.232     6.0340   3.195836    32.2584       3061    12.7500  0.000e+00
      0.017     6.0340   3.195591    32.2557       3062    12.7542  0.000e+00
     -0.077     6.0342   2.774143    27.5919       3063    12.7583  0.000e+00
     -0.090     6.0355   2.038269    19.6804       3064    12.7625  0.000e+00
     -0.072     6.0380   3.127842    31.4960       3065    12.7667  0.000e+00
     -0.107     6.0392   2.417596    23.7176       3066    12.7708  0.000e+00
     -0.104     6.0401   3.008845    30.1721       3067    12.7750  0.000e+00
     -0.109     6.0407   0.858308     7.7135       3068    12.7792  0.000e+00
     -0.104     6.0464   0.749531     6.6672       3069    12.7833  0.000e+00
     -0.107     6.0583   0.598630     5.2379       3070    12.7875  0.000e+00
     -0.107     6.0702   0.942329     8.5216       3071    12.7917  0.000e+00
     -0.113     6.0737   0.822301     7.3589       3072    12.7958  0.000e+00
     -0.111     6.0740   0.877369     7.8901       3073    12.8000  0.000e+00
     -0.109     6.0738   0.690529     6.1008       3074    12.8042  0.000e+00
     -0.113     6.0734   0.764636     6.8061       3075    12.8083  0.000e+00
     -0.108     6.0727   0.818466     7.3223       3076    12.8125  0.000e+00
     -0.117     6.0719   0.262582     2.1783       3077    12.8167  0.000e+00
     -0.113     6.0707   0.213112     1.7471       3078    12.8208  0.000e+00
     -0.109     6.0701   0.419100     3.5786       3079    12.8250  0.000e+00
     -0.113     6.0692   0.298404     2.4945       3080    12.8292  0.000e+00
     -0.108     6.0681   0.351105     2.9646       3081    12.8333  0.000e+00
     -0.109     6.0674   0.262723     2.1798       3082    12.8375  0.000e+00
     -0.107     6.0665   0.205296     1.6797       3083    12.8417  0.000e+00
     -0.104     6.0656   0.172183     1.3955       3084    12.8458  0.000e+00
     -0.115     6.0644   0.164325     1.3286       3085    12.8500  0.000e+00
     -0.105     6.0634   0.155067     1.2500       3086    12.8542  0.000e+00
