HB2502/sbe052.cnv
* Sea-Bird SBE 19plus V2 Data File:
* FileName = C:\cruise\data\sbe052.hex
* Software Version Seasave V 7.26.7.121
* Temperature SN = 6128
* Conductivity SN = 6128
* System UpLoad Time = Apr 02 2025 22:20:12
* NMEA Latitude = 40 10.59 N
* NMEA Longitude = 071 41.53 W
* NMEA UTC (Time) = Apr 02 2025  22:19:16
** Ship: Henry Bigelow
** Cruise:  HB2502
** Program:  Spring Bottom Trawl
# nquan = 7
# nvalues = 1510                                  
# units = specified
# name 0 = depSM: Depth [salt water, m]
# name 1 = tv290C: Temperature [ITS-90, deg C]
# name 2 = c0S/m: Conductivity [S/m]
# name 3 = sal00: Salinity, Practical [PSU]
# name 4 = scan: Scan Count
# name 5 = timeM: Time, Elapsed [minutes]
# name 6 = flag:  0.000e+00
# span 0 =      0.222,     79.184                 
# span 1 =     6.1653,     6.7314                 
# span 2 =   0.523394,   3.313709                 
# span 3 =     4.4630,    33.0466                 
# span 4 =         11,       1520                 
# span 5 =     0.0417,     6.3292                 
# span 6 = 0.0000e+00, 0.0000e+00                 
# interval = seconds: 0.25
# start_time = Apr 02 2025 22:19:16 [NMEA time, header]
# bad_flag = -9.990e-29
*END*
[from data line 616]
     74.277     6.5098   3.310112    33.0367        627     2.6083  0.000e+00
     74.414     6.5094   3.310081    33.0366        628     2.6125  0.000e+00
     74.568     6.5089   3.310081    33.0370        629     2.6167  0.000e+00
     74.733     6.5083   3.309995    33.0365        630     2.6208  0.000e+00
     74.925     6.5075   3.309908    33.0362        631     2.6250  0.000e+00
     75.135     6.5066   3.309871    33.0366        632     2.6292  0.000e+00
     75.363     6.5055   3.309834    33.0372        633     2.6333  0.000e+00
     75.598     6.5045   3.309890    33.0387        634     2.6375  0.000e+00
     75.848     6.5037   3.309952    33.0400        635     2.6417  0.000e+00
     76.108     6.5033   3.309977    33.0405        636     2.6458  0.000e+00
     76.381     6.5033   3.310014    33.0408        637     2.6500  0.000e+00
     76.651     6.5034   3.310039    33.0408        638     2.6542  0.000e+00
     76.919     6.5035   3.310033    33.0405        639     2.6583  0.000e+00
     77.184     6.5035   3.310057    33.0407        640     2.6625  0.000e+00
     77.428     6.5035   3.310039    33.0404        641     2.6667  0.000e+00
     77.660     6.5033   3.310014    33.0401        642     2.6708  0.000e+00
     77.875     6.5032   3.310014    33.0402        643     2.6750  0.000e+00
     78.064     6.5029   3.309977    33.0400        644     2.6792  0.000e+00
     78.225     6.5025   3.309934    33.0397        645     2.6833  0.000e+00
     78.353     6.5021   3.309890    33.0396        646     2.6875  0.000e+00
     78.460     6.5016   3.309847    33.0396        647     2.6917  0.000e+00
     78.562     6.5012   3.309804    33.0394        648     2.6958  0.000e+00
     78.658     6.5008   3.309736    33.0391        649     2.7000  0.000e+00
     78.618     6.5000   3.309636    33.0387        650     2.7042  0.000e+00
     78.525     6.4992   3.309556    33.0387        651     2.7083  0.000e+00
     78.401     6.4983   3.309432    33.0382        652     2.7125  0.000e+00
     78.283     6.4972   3.309469    33.0397        653     2.7167  0.000e+00
     78.205     6.4965   3.309574    33.0416        654     2.7208  0.000e+00
     78.147     6.4964   3.309717    33.0433        655     2.7250  0.000e+00
     78.102     6.4968   3.309680    33.0425        656     2.7292  0.000e+00
     78.048     6.4973   3.309618    33.0414        657     2.7333  0.000e+00
     77.997     6.4977   3.309611    33.0410        658     2.7375  0.000e+00
     77.977     6.4974   3.309593    33.0410        659     2.7417  0.000e+00
     77.971     6.4972   3.309618    33.0415        660     2.7458  0.000e+00
     77.980     6.4973   3.309611    33.0414        661     2.7500  0.000e+00
     77.984     6.4974   3.309618    33.0413        662     2.7542  0.000e+00
     78.006     6.4974   3.309636    33.0415        663     2.7583  0.000e+00
     78.049     6.4974   3.309735    33.0426        664     2.7625  0.000e+00
     78.087     6.4975   3.309680    33.0419        665     2.7667  0.000e+00
     78.138     6.4978   3.309661    33.0413        666     2.7708  0.000e+00
     78.192     6.4978   3.309636    33.0410        667     2.7750  0.000e+00
     78.255     6.4977   3.309698    33.0418        668     2.7792  0.000e+00
     78.324     6.4977   3.309698    33.0418        669     2.7833  0.000e+00
     78.400     6.4978   3.309754    33.0423        670     2.7875  0.000e+00
     78.478     6.4981   3.309804    33.0425        671     2.7917  0.000e+00
     78.556     6.4985   3.309829    33.0424        672     2.7958  0.000e+00
     78.635     6.4987   3.309847    33.0423        673     2.8000  0.000e+00
     78.722     6.4991   3.309872    33.0422        674     2.8042  0.000e+00
     78.791     6.4995   3.309785    33.0408        675     2.8083  0.000e+00
     78.859     6.4994   3.309829    33.0413        676     2.8125  0.000e+00
     78.917     6.4994   3.309897    33.0420        677     2.8167  0.000e+00
     78.953     6.4996   3.309934    33.0423        678     2.8208  0.000e+00
     78.977     6.5000   3.309872    33.0411        679     2.8250  0.000e+00
     78.987     6.5001   3.309816    33.0404        680     2.8292  0.000e+00
     78.968     6.4998   3.309699    33.0394        681     2.8333  0.000e+00
     78.938     6.4992   3.309804    33.0412        682     2.8375  0.000e+00
     78.895     6.4991   3.309853    33.0418        683     2.8417  0.000e+00
     78.835     6.4991   3.309723    33.0404        684     2.8458  0.000e+00
     78.755     6.4991   3.309661    33.0398        685     2.8500  0.000e+00
     78.664     6.4986   3.310033    33.0444        686     2.8542  0.000e+00
     78.566     6.4994   3.310058    33.0440        687     2.8583  0.000e+00
     78.461     6.5002   3.310058    33.0432        688     2.8625  0.000e+00
     78.344     6.5010   3.310033    33.0422        689     2.8667  0.000e+00
     78.217     6.5014   3.310058    33.0423        690     2.8708  0.000e+00
     78.094     6.5019   3.310225    33.0436        691     2.8750  0.000e+00
     77.966     6.5025   3.310355    33.0446        692     2.8792  0.000e+00
     77.851     6.5034   3.310399    33.0442        693     2.8833  0.000e+00
     77.748     6.5046   3.310374    33.0429        694     2.8875  0.000e+00
     77.656     6.5052   3.310213    33.0405        695     2.8917  0.000e+00
     77.579     6.5054   3.310014    33.0382        696     2.8958  0.000e+00
     77.528     6.5046   3.309977    33.0385        697     2.9000  0.000e+00
     77.495     6.5036   3.309934    33.0391        698     2.9042  0.000e+00
     77.499     6.5027   3.309896    33.0395        699     2.9083  0.000e+00
     77.534     6.5021   3.309952    33.0407        700     2.9125  0.000e+00
     77.602     6.5017   3.309977    33.0414        701     2.9167  0.000e+00
     77.693     6.5015   3.310058    33.0423        702     2.9208  0.000e+00
     77.819     6.5017   3.310101    33.0427        703     2.9250  0.000e+00
     77.962     6.5022   3.310083    33.0419        704     2.9292  0.000e+00
     78.115     6.5024   3.310076    33.0415        705     2.9333  0.000e+00
     78.283     6.5025   3.310039    33.0409        706     2.9375  0.000e+00
     78.455     6.5025   3.310058    33.0410        707     2.9417  0.000e+00
     78.623     6.5024   3.310058    33.0410        708     2.9458  0.000e+00
     78.770     6.5022   3.310058    33.0412        709     2.9500  0.000e+00
     78.906     6.5021   3.309977    33.0403        710     2.9542  0.000e+00
     79.020     6.5017   3.309996    33.0408        711     2.9583  0.000e+00
     79.106     6.5015   3.309996    33.0410        712     2.9625  0.000e+00
     79.160     6.5013   3.309934    33.0405        713     2.9667  0.000e+00
     79.184     6.5008   3.309854    33.0401        714     2.9708  0.000e+00
     79.171     6.5004   3.309680    33.0385        715     2.9750  0.000e+00
     79.134     6.4995   3.309240    33.0345        716     2.9792  0.000e+00
     79.044     6.4977   3.309054    33.0343        717     2.9833  0.000e+00
     78.897     6.4953   3.309407    33.0406        718     2.9875  0.000e+00
     78.713     6.4941   3.309451    33.0423        719     2.9917  0.000e+00
     78.511     6.4945   3.309773    33.0456        720     2.9958  0.000e+00
     78.270     6.4956   3.309872    33.0458        721     3.0000  0.000e+00
     78.029     6.4971   3.309742    33.0430        722     3.0042  0.000e+00
     77.769     6.4980   3.309766    33.0426        723     3.0083  0.000e+00
     77.481     6.4986   3.309952    33.0442        724     3.0125  0.000e+00
     77.164     6.4995   3.309890    33.0428        725     3.0167  0.000e+00
     76.826     6.5004   3.310039    33.0437        726     3.0208  0.000e+00
     76.480     6.5014   3.310355    33.0464        727     3.0250  0.000e+00
     76.135     6.5031   3.310330    33.0446        728     3.0292  0.000e+00
     75.796     6.5045   3.310100    33.0409        729     3.0333  0.000e+00
     75.483     6.5052   3.309896    33.0381        730     3.0375  0.000e+00
     75.198     6.5043   3.310162    33.0420        731     3.0417  0.000e+00
     74.937     6.5045   3.310584    33.0466        732     3.0458  0.000e+00
     74.695     6.5060   3.310515    33.0445        733     3.0500  0.000e+00
     74.483     6.5078   3.310267    33.0402        734     3.0542  0.000e+00
     74.300     6.5080   3.310143    33.0387        735     3.0583  0.000e+00
     74.157     6.5073   3.310453    33.0429        736     3.0625  0.000e+00
     74.047     6.5076   3.310652    33.0448        737     3.0667  0.000e+00
     73.960     6.5089   3.310714    33.0443        738     3.0708  0.000e+00
     73.889     6.5104   3.310596    33.0416        739     3.0750  0.000e+00
     73.822     6.5114   3.310583    33.0405        740     3.0792  0.000e+00
     73.766     6.5116   3.310608    33.0406        741     3.0833  0.000e+00
     73.708     6.5118   3.310552    33.0398        742     3.0875  0.000e+00
     73.639     6.5119   3.310416    33.0383        743     3.0917  0.000e+00
     73.551     6.5113   3.310310    33.0377        744     3.0958  0.000e+00
     73.448     6.5102   3.310273    33.0384        745     3.1000  0.000e+00
     73.320     6.5093   3.310224    33.0388        746     3.1042  0.000e+00
     73.173     6.5087   3.310186    33.0391        747     3.1083  0.000e+00
     73.002     6.5080   3.310391    33.0421        748     3.1125  0.000e+00
     72.798     6.5079   3.310416    33.0425        749     3.1167  0.000e+00
     72.578     6.5087   3.310434    33.0421        750     3.1208  0.000e+00
     72.339     6.5094   3.310539    33.0427        751     3.1250  0.000e+00
     72.081     6.5103   3.310533    33.0419        752     3.1292  0.000e+00
     71.805     6.5122   3.310266    33.0372        753     3.1333  0.000e+00
     71.508     6.5142   3.310397    33.0369        754     3.1375  0.000e+00
     71.214     6.5157   3.310272    33.0342        755     3.1417  0.000e+00
     70.896     6.5171   3.310012    33.0301        756     3.1458  0.000e+00
     70.578     6.5181   3.309380    33.0223        757     3.1500  0.000e+00
     70.258     6.5176   3.309051    33.0193        758     3.1542  0.000e+00
     69.926     6.5165   3.309045    33.0205        759     3.1583  0.000e+00
     69.593     6.5167   3.307991    33.0088        760     3.1625  0.000e+00
     69.253     6.5152   3.307786    33.0081        761     3.1667  0.000e+00
     68.929     6.5121   3.306596    32.9981        762     3.1708  0.000e+00
     68.606     6.5083   3.304954    32.9837        763     3.1750  0.000e+00
     68.273     6.5005   3.303765    32.9783        764     3.1792  0.000e+00
     67.984     6.4909   3.303164    32.9811        765     3.1833  0.000e+00
     67.697     6.4818   3.302365    32.9811        766     3.1875  0.000e+00
     67.416     6.4736   3.301987    32.9850        767     3.1917  0.000e+00
     67.159     6.4670   3.300996    32.9806        768     3.1958  0.000e+00
     66.942     6.4605   3.298749    32.9620        769     3.2000  0.000e+00
     66.739     6.4511   3.297300    32.9551        770     3.2042  0.000e+00
     66.567     6.4397   3.295939    32.9511        771     3.2083  0.000e+00
     66.420     6.4282   3.294256    32.9436        772     3.2125  0.000e+00
     66.299     6.4165   3.293754    32.9494        773     3.2167  0.000e+00
     66.185     6.4064   3.293507    32.9565        774     3.2208  0.000e+00
     66.088     6.3990   3.292975    32.9578        775     3.2250  0.000e+00
     65.992     6.3931   3.291237    32.9443        776     3.2292  0.000e+00
     65.899     6.3859   3.290000    32.9376        777     3.2333  0.000e+00
     65.807     6.3778   3.288788    32.9320        778     3.2375  0.000e+00
     65.713     6.3698   3.287366    32.9240        779     3.2417  0.000e+00
     65.606     6.3606   3.286383    32.9220        780     3.2458  0.000e+00
     65.482     6.3515   3.286463    32.9317        781     3.2500  0.000e+00
     65.348     6.3449   3.286581    32.9395        782     3.2542  0.000e+00
     65.198     6.3418   3.285604    32.9317        783     3.2583  0.000e+00
     65.043     6.3392   3.283472    32.9106        784     3.2625  0.000e+00
     64.867     6.3330   3.281803    32.8981        785     3.2667  0.000e+00
     64.674     6.3240   3.279771    32.8844        786     3.2708  0.000e+00
     64.475     6.3131   3.278171    32.8771        787     3.2750  0.000e+00
     64.267     6.3021   3.277128    32.8763        788     3.2792  0.000e+00
     64.068     6.2929   3.274084    32.8514        789     3.2833  0.000e+00
     63.858     6.2804   3.271597    32.8359        790     3.2875  0.000e+00
     63.629     6.2634   3.269857    32.8331        791     3.2917  0.000e+00
     63.394     6.2460   3.268197    32.8315        792     3.2958  0.000e+00
     63.161     6.2295   3.266594    32.8296        793     3.3000  0.000e+00
     62.914     6.2139   3.265472    32.8324        794     3.3042  0.000e+00
     62.661     6.1999   3.264818    32.8387        795     3.3083  0.000e+00
     62.382     6.1886   3.264479    32.8460        796     3.3125  0.000e+00
     62.102     6.1802   3.264331    32.8526        797     3.3167  0.000e+00
     61.824     6.1747   3.264121    32.8557        798     3.3208  0.000e+00
     61.546     6.1711   3.264053    32.8586        799     3.3250  0.000e+00
     61.274     6.1689   3.263998    32.8603        800     3.3292  0.000e+00
     60.998     6.1679   3.263936    32.8607        801     3.3333  0.000e+00
     60.741     6.1674   3.263813    32.8599        802     3.3375  0.000e+00
     60.504     6.1671   3.263751    32.8596        803     3.3417  0.000e+00
     60.292     6.1670   3.263696    32.8592        804     3.3458  0.000e+00
     60.112     6.1670   3.263603    32.8583        805     3.3500  0.000e+00
     59.948     6.1670   3.263523    32.8574        806     3.3542  0.000e+00
     59.794     6.1671   3.263313    32.8550        807     3.3583  0.000e+00
     59.674     6.1669   3.263066    32.8526        808     3.3625  0.000e+00
     59.553     6.1663   3.262888    32.8512        809     3.3667  0.000e+00
     59.451     6.1654   3.262900    32.8523        810     3.3708  0.000e+00
     59.338     6.1653   3.263171    32.8555        811     3.3750  0.000e+00
     59.223     6.1660   3.263270    32.8559        812     3.3792  0.000e+00
     59.103     6.1673   3.263436    32.8566        813     3.3833  0.000e+00
     58.975     6.1691   3.263461    32.8552        814     3.3875  0.000e+00
     58.839     6.1708   3.263541    32.8545        815     3.3917  0.000e+00
     58.684     6.1721   3.263602    32.8540        816     3.3958  0.000e+00
     58.514     6.1735   3.263750    32.8544        817     3.4000  0.000e+00
     58.331     6.1750   3.263830    32.8539        818     3.4042  0.000e+00
     58.138     6.1766   3.263874    32.8529        819     3.4083  0.000e+00
     57.928     6.1780   3.263750    32.8504        820     3.4125  0.000e+00
     57.701     6.1787   3.263750    32.8498        821     3.4167  0.000e+00
     57.471     6.1791   3.263725    32.8492        822     3.4208  0.000e+00
     57.225     6.1796   3.263725    32.8488        823     3.4250  0.000e+00
     56.975     6.1801   3.263676    32.8479        824     3.4292  0.000e+00
     56.718     6.1805   3.263707    32.8480        825     3.4333  0.000e+00
     56.458     6.1806   3.263663    32.8475        826     3.4375  0.000e+00
     56.188     6.1811   3.263663    32.8472        827     3.4417  0.000e+00
     55.927     6.1813   3.263478    32.8451        828     3.4458  0.000e+00
     55.672     6.1810   3.263373    32.8443        829     3.4500  0.000e+00
     55.430     6.1805   3.263460    32.8459        830     3.4542  0.000e+00
