HB2502/sbe089.cnv
* Sea-Bird SBE 19plus V2 Data File:
* FileName = C:\cruise\data\sbe089.hex
* Software Version Seasave V 7.26.7.121
* Temperature SN = 6128
* Conductivity SN = 6128
* System UpLoad Time = Apr 13 2025 20:56:43
* NMEA Latitude = 40 50.02 N
* NMEA Longitude = 067 36.93 W
* NMEA UTC (Time) = Apr 13 2025  20:55:57
** Ship: Henry Bigelow
** Cruise:  HB2502
** Program:  Spring Bottom Trawl
# nquan = 7
# nvalues = 1761                                  
# units = specified
# name 0 = depSM: Depth [salt water, m]
# name 1 = tv290C: Temperature [ITS-90, deg C]
# name 2 = c0S/m: Conductivity [S/m]
# name 3 = sal00: Salinity, Practical [PSU]
# name 4 = scan: Scan Count
# name 5 = timeM: Time, Elapsed [minutes]
# name 6 = flag:  0.000e+00
# span 0 =     -0.140,     68.745                 
# span 1 =     4.8350,     6.4222                 
# span 2 =   0.004982,   3.195143                 
# span 3 =     0.0360,    32.6324                 
# span 4 =         11,       1771                 
# span 5 =     0.0417,     7.3750                 
# span 6 = 0.0000e+00, 0.0000e+00                 
# interval = seconds: 0.25
# start_time = Apr 13 2025 20:55:57 [NMEA time, header]
# bad_flag = -9.990e-29
*END*
[from data line 411]
     51.363     4.8408   3.098666    32.2780        422     1.7542  0.000e+00
     51.331     4.8405   3.098636    32.2779        423     1.7583  0.000e+00
     51.311     4.8402   3.098612    32.2779        424     1.7625  0.000e+00
     51.313     4.8399   3.098690    32.2792        425     1.7667  0.000e+00
     51.354     4.8399   3.098769    32.2800        426     1.7708  0.000e+00
     51.444     4.8399   3.098829    32.2807        427     1.7750  0.000e+00
     51.573     4.8401   3.098829    32.2805        428     1.7792  0.000e+00
     51.732     4.8405   3.098811    32.2798        429     1.7833  0.000e+00
     51.916     4.8407   3.098829    32.2797        430     1.7875  0.000e+00
     52.128     4.8408   3.098811    32.2793        431     1.7917  0.000e+00
     52.354     4.8410   3.098805    32.2789        432     1.7958  0.000e+00
     52.596     4.8410   3.098890    32.2798        433     1.8000  0.000e+00
     52.840     4.8409   3.098908    32.2800        434     1.8042  0.000e+00
     53.081     4.8411   3.098908    32.2796        435     1.8083  0.000e+00
     53.314     4.8412   3.098945    32.2798        436     1.8125  0.000e+00
     53.549     4.8413   3.099017    32.2804        437     1.8167  0.000e+00
     53.785     4.8416   3.099005    32.2799        438     1.8208  0.000e+00
     54.008     4.8416   3.099023    32.2800        439     1.8250  0.000e+00
     54.210     4.8419   3.099023    32.2796        440     1.8292  0.000e+00
     54.375     4.8419   3.099023    32.2795        441     1.8333  0.000e+00
     54.499     4.8419   3.099054    32.2798        442     1.8375  0.000e+00
     54.593     4.8420   3.099024    32.2793        443     1.8417  0.000e+00
     54.678     4.8418   3.098987    32.2791        444     1.8458  0.000e+00
     54.754     4.8417   3.099005    32.2793        445     1.8500  0.000e+00
     54.814     4.8416   3.098987    32.2792        446     1.8542  0.000e+00
     54.869     4.8414   3.098975    32.2791        447     1.8583  0.000e+00
     54.918     4.8413   3.098969    32.2791        448     1.8625  0.000e+00
     54.967     4.8412   3.098987    32.2795        449     1.8667  0.000e+00
     55.018     4.8410   3.098987    32.2797        450     1.8708  0.000e+00
     55.080     4.8410   3.098987    32.2796        451     1.8750  0.000e+00
     55.144     4.8411   3.098993    32.2795        452     1.8792  0.000e+00
     55.226     4.8410   3.098987    32.2796        453     1.8833  0.000e+00
     55.331     4.8410   3.098987    32.2795        454     1.8875  0.000e+00
     55.450     4.8409   3.099024    32.2800        455     1.8917  0.000e+00
     55.587     4.8411   3.099066    32.2802        456     1.8958  0.000e+00
     55.739     4.8412   3.099096    32.2803        457     1.9000  0.000e+00
     55.912     4.8413   3.099084    32.2800        458     1.9042  0.000e+00
     56.093     4.8416   3.099103    32.2798        459     1.9083  0.000e+00
     56.282     4.8416   3.099145    32.2803        460     1.9125  0.000e+00
     56.496     4.8417   3.099163    32.2802        461     1.9167  0.000e+00
     56.709     4.8418   3.099260    32.2812        462     1.9208  0.000e+00
     56.924     4.8419   3.099357    32.2821        463     1.9250  0.000e+00
     57.136     4.8421   3.099417    32.2824        464     1.9292  0.000e+00
     57.347     4.8426   3.099435    32.2820        465     1.9333  0.000e+00
     57.542     4.8430   3.099514    32.2824        466     1.9375  0.000e+00
     57.731     4.8431   3.099496    32.2821        467     1.9417  0.000e+00
     57.897     4.8434   3.099538    32.2822        468     1.9458  0.000e+00
     58.054     4.8435   3.099617    32.2829        469     1.9500  0.000e+00
     58.200     4.8436   3.099732    32.2840        470     1.9542  0.000e+00
     58.332     4.8437   3.099695    32.2835        471     1.9583  0.000e+00
     58.453     4.8439   3.099671    32.2830        472     1.9625  0.000e+00
     58.555     4.8440   3.099653    32.2826        473     1.9667  0.000e+00
     58.654     4.8439   3.099696    32.2832        474     1.9708  0.000e+00
     58.746     4.8440   3.099714    32.2832        475     1.9750  0.000e+00
     58.835     4.8440   3.099780    32.2840        476     1.9792  0.000e+00
     58.928     4.8439   3.099768    32.2838        477     1.9833  0.000e+00
     59.007     4.8440   3.099732    32.2833        478     1.9875  0.000e+00
     59.096     4.8441   3.099847    32.2845        479     1.9917  0.000e+00
     59.183     4.8442   3.099907    32.2851        480     1.9958  0.000e+00
     59.277     4.8443   3.099925    32.2851        481     2.0000  0.000e+00
     59.368     4.8443   3.099907    32.2848        482     2.0042  0.000e+00
     59.467     4.8445   3.099968    32.2853        483     2.0083  0.000e+00
     59.574     4.8445   3.099986    32.2854        484     2.0125  0.000e+00
     59.687     4.8446   3.099968    32.2851        485     2.0167  0.000e+00
     59.805     4.8448   3.099986    32.2850        486     2.0208  0.000e+00
     59.923     4.8448   3.100028    32.2855        487     2.0250  0.000e+00
     60.048     4.8449   3.100046    32.2855        488     2.0292  0.000e+00
     60.183     4.8450   3.100004    32.2849        489     2.0333  0.000e+00
     60.328     4.8449   3.100047    32.2854        490     2.0375  0.000e+00
     60.475     4.8450   3.100010    32.2848        491     2.0417  0.000e+00
     60.621     4.8451   3.100029    32.2848        492     2.0458  0.000e+00
     60.773     4.8450   3.100047    32.2850        493     2.0500  0.000e+00
     60.924     4.8449   3.100083    32.2855        494     2.0542  0.000e+00
     61.078     4.8450   3.100083    32.2853        495     2.0583  0.000e+00
     61.234     4.8450   3.100131    32.2858        496     2.0625  0.000e+00
     61.384     4.8451   3.100144    32.2858        497     2.0667  0.000e+00
     61.534     4.8451   3.100144    32.2857        498     2.0708  0.000e+00
     61.681     4.8453   3.100162    32.2856        499     2.0750  0.000e+00
     61.826     4.8453   3.100162    32.2856        500     2.0792  0.000e+00
     61.960     4.8455   3.100156    32.2853        501     2.0833  0.000e+00
     62.095     4.8454   3.100162    32.2853        502     2.0875  0.000e+00
     62.229     4.8454   3.100162    32.2853        503     2.0917  0.000e+00
     62.357     4.8453   3.100144    32.2851        504     2.0958  0.000e+00
     62.479     4.8455   3.100162    32.2851        505     2.1000  0.000e+00
     62.598     4.8453   3.100156    32.2851        506     2.1042  0.000e+00
     62.719     4.8455   3.100180    32.2852        507     2.1083  0.000e+00
     62.831     4.8454   3.100144    32.2847        508     2.1125  0.000e+00
     62.934     4.8453   3.100162    32.2850        509     2.1167  0.000e+00
     63.039     4.8451   3.100205    32.2856        510     2.1208  0.000e+00
     63.138     4.8452   3.100217    32.2856        511     2.1250  0.000e+00
     63.237     4.8452   3.100205    32.2854        512     2.1292  0.000e+00
     63.333     4.8453   3.100223    32.2855        513     2.1333  0.000e+00
     63.432     4.8452   3.100223    32.2855        514     2.1375  0.000e+00
     63.537     4.8453   3.100241    32.2856        515     2.1417  0.000e+00
     63.644     4.8454   3.100235    32.2854        516     2.1458  0.000e+00
     63.756     4.8452   3.100259    32.2858        517     2.1500  0.000e+00
     63.871     4.8451   3.100283    32.2861        518     2.1542  0.000e+00
     64.008     4.8451   3.100283    32.2861        519     2.1583  0.000e+00
     64.141     4.8453   3.100302    32.2860        520     2.1625  0.000e+00
     64.274     4.8455   3.100338    32.2862        521     2.1667  0.000e+00
     64.413     4.8455   3.100320    32.2859        522     2.1708  0.000e+00
     64.549     4.8455   3.100302    32.2856        523     2.1750  0.000e+00
     64.679     4.8456   3.100302    32.2855        524     2.1792  0.000e+00
     64.806     4.8456   3.100284    32.2852        525     2.1833  0.000e+00
     64.926     4.8455   3.100302    32.2855        526     2.1875  0.000e+00
     65.036     4.8455   3.100302    32.2854        527     2.1917  0.000e+00
     65.132     4.8454   3.100284    32.2852        528     2.1958  0.000e+00
     65.228     4.8453   3.100302    32.2854        529     2.2000  0.000e+00
     65.316     4.8452   3.100302    32.2855        530     2.2042  0.000e+00
     65.409     4.8453   3.100302    32.2853        531     2.2083  0.000e+00
     65.499     4.8454   3.100338    32.2856        532     2.2125  0.000e+00
     65.604     4.8453   3.100362    32.2859        533     2.2167  0.000e+00
     65.709     4.8452   3.100338    32.2857        534     2.2208  0.000e+00
     65.834     4.8453   3.100405    32.2863        535     2.2250  0.000e+00
     65.958     4.8455   3.100399    32.2861        536     2.2292  0.000e+00
     66.098     4.8455   3.100399    32.2860        537     2.2333  0.000e+00
     66.242     4.8456   3.100399    32.2858        538     2.2375  0.000e+00
     66.394     4.8456   3.100417    32.2859        539     2.2417  0.000e+00
     66.557     4.8457   3.100405    32.2856        540     2.2458  0.000e+00
     66.727     4.8456   3.100441    32.2860        541     2.2500  0.000e+00
     66.902     4.8458   3.100417    32.2855        542     2.2542  0.000e+00
     67.075     4.8456   3.100460    32.2860        543     2.2583  0.000e+00
     67.237     4.8457   3.100478    32.2861        544     2.2625  0.000e+00
     67.397     4.8457   3.100466    32.2858        545     2.2667  0.000e+00
     67.527     4.8457   3.100442    32.2855        546     2.2708  0.000e+00
     67.645     4.8458   3.100496    32.2860        547     2.2750  0.000e+00
     67.752     4.8457   3.100460    32.2856        548     2.2792  0.000e+00
     67.836     4.8457   3.100460    32.2855        549     2.2833  0.000e+00
     67.914     4.8456   3.100466    32.2857        550     2.2875  0.000e+00
     67.987     4.8455   3.100478    32.2859        551     2.2917  0.000e+00
     68.056     4.8456   3.100460    32.2856        552     2.2958  0.000e+00
     68.123     4.8454   3.100460    32.2857        553     2.3000  0.000e+00
     68.190     4.8455   3.100520    32.2863        554     2.3042  0.000e+00
     68.271     4.8455   3.100484    32.2859        555     2.3083  0.000e+00
     68.351     4.8456   3.100520    32.2861        556     2.3125  0.000e+00
     68.451     4.8455   3.100496    32.2859        557     2.3167  0.000e+00
     68.567     4.8456   3.100539    32.2862        558     2.3208  0.000e+00
     68.655     4.8456   3.100557    32.2864        559     2.3250  0.000e+00
     68.714     4.8457   3.100551    32.2862        560     2.3292  0.000e+00
     68.745     4.8456   3.100521    32.2859        561     2.3333  0.000e+00
     68.736     4.8457   3.100539    32.2860        562     2.3375  0.000e+00
     68.717     4.8456   3.100539    32.2862        563     2.3417  0.000e+00
     68.711     4.8455   3.100496    32.2857        564     2.3458  0.000e+00
     68.720     4.8455   3.100551    32.2864        565     2.3500  0.000e+00
     68.722     4.8455   3.100496    32.2857        566     2.3542  0.000e+00
     68.694     4.8455   3.100460    32.2853        567     2.3583  0.000e+00
     68.651     4.8455   3.100496    32.2858        568     2.3625  0.000e+00
     68.589     4.8455   3.100496    32.2858        569     2.3667  0.000e+00
     68.529     4.8453   3.100478    32.2858        570     2.3708  0.000e+00
     68.448     4.8455   3.100478    32.2857        571     2.3750  0.000e+00
     68.355     4.8455   3.100460    32.2855        572     2.3792  0.000e+00
     68.249     4.8455   3.100466    32.2857        573     2.3833  0.000e+00
     68.132     4.8452   3.100460    32.2859        574     2.3875  0.000e+00
     68.009     4.8454   3.100442    32.2856        575     2.3917  0.000e+00
     67.883     4.8452   3.100399    32.2853        576     2.3958  0.000e+00
     67.746     4.8452   3.100399    32.2854        577     2.4000  0.000e+00
     67.621     4.8452   3.100381    32.2853        578     2.4042  0.000e+00
     67.486     4.8452   3.100339    32.2848        579     2.4083  0.000e+00
     67.343     4.8450   3.100303    32.2847        580     2.4125  0.000e+00
     67.200     4.8449   3.100321    32.2850        581     2.4167  0.000e+00
     67.053     4.8450   3.100284    32.2846        582     2.4208  0.000e+00
     66.911     4.8449   3.100260    32.2845        583     2.4250  0.000e+00
     66.779     4.8450   3.100242    32.2843        584     2.4292  0.000e+00
     66.661     4.8448   3.100242    32.2846        585     2.4333  0.000e+00
     66.556     4.8448   3.100206    32.2841        586     2.4375  0.000e+00
     66.473     4.8447   3.100242    32.2848        587     2.4417  0.000e+00
     66.407     4.8447   3.100218    32.2845        588     2.4458  0.000e+00
     66.353     4.8446   3.100206    32.2845        589     2.4500  0.000e+00
     66.309     4.8447   3.100224    32.2846        590     2.4542  0.000e+00
     66.278     4.8446   3.100224    32.2847        591     2.4583  0.000e+00
     66.242     4.8445   3.100205    32.2846        592     2.4625  0.000e+00
     66.202     4.8447   3.100218    32.2846        593     2.4667  0.000e+00
     66.149     4.8447   3.100181    32.2842        594     2.4708  0.000e+00
     66.084     4.8448   3.100163    32.2839        595     2.4750  0.000e+00
     66.009     4.8447   3.100145    32.2839        596     2.4792  0.000e+00
     65.919     4.8445   3.100127    32.2838        597     2.4833  0.000e+00
     65.811     4.8445   3.100115    32.2837        598     2.4875  0.000e+00
     65.690     4.8444   3.100127    32.2840        599     2.4917  0.000e+00
     65.547     4.8445   3.100127    32.2840        600     2.4958  0.000e+00
     65.413     4.8445   3.100127    32.2841        601     2.5000  0.000e+00
     65.259     4.8444   3.100084    32.2838        602     2.5042  0.000e+00
     65.126     4.8444   3.100072    32.2837        603     2.5083  0.000e+00
     65.000     4.8443   3.099988    32.2829        604     2.5125  0.000e+00
     64.855     4.8443   3.100048    32.2837        605     2.5167  0.000e+00
     64.725     4.8441   3.100048    32.2839        606     2.5208  0.000e+00
     64.598     4.8441   3.100006    32.2836        607     2.5250  0.000e+00
     64.482     4.8442   3.099987    32.2833        608     2.5292  0.000e+00
     64.370     4.8441   3.099909    32.2825        609     2.5333  0.000e+00
     64.251     4.8440   3.100005    32.2838        610     2.5375  0.000e+00
     64.140     4.8441   3.099951    32.2832        611     2.5417  0.000e+00
     64.024     4.8441   3.100054    32.2844        612     2.5458  0.000e+00
     63.917     4.8440   3.099969    32.2835        613     2.5500  0.000e+00
     63.796     4.8440   3.100005    32.2840        614     2.5542  0.000e+00
     63.680     4.8441   3.099969    32.2835        615     2.5583  0.000e+00
     63.550     4.8442   3.099770    32.2813        616     2.5625  0.000e+00
     63.407     4.8440   3.099739    32.2812        617     2.5667  0.000e+00
     63.258     4.8438   3.099733    32.2814        618     2.5708  0.000e+00
     63.100     4.8433   3.099794    32.2826        619     2.5750  0.000e+00
     62.944     4.8433   3.099794    32.2827        620     2.5792  0.000e+00
     62.796     4.8433   3.099733    32.2821        621     2.5833  0.000e+00
     62.657     4.8433   3.099739    32.2822        622     2.5875  0.000e+00
     62.534     4.8431   3.099733    32.2824        623     2.5917  0.000e+00
     62.413     4.8433   3.099751    32.2825        624     2.5958  0.000e+00
     62.299     4.8432   3.099715    32.2822        625     2.6000  0.000e+00
