HB2502/sbe081.cnv
* Sea-Bird SBE 19plus V2 Data File:
* FileName = C:\cruise\data\sbe081.hex
* Software Version Seasave V 7.26.7.121
* Temperature SN = 6128
* Conductivity SN = 6128
* System UpLoad Time = Apr 11 2025 18:09:36
* NMEA Latitude = 40 40.81 N
* NMEA Longitude = 068 33.13 W
* NMEA UTC (Time) = Apr 11 2025  18:08:48
** Ship: Henry Bigelow
** Cruise:  HB2502
** Program:  Spring Bottom Trawl
# nquan = 7
# nvalues = 1215                                  
# units = specified
# name 0 = depSM: Depth [salt water, m]
# name 1 = tv290C: Temperature [ITS-90, deg C]
# name 2 = c0S/m: Conductivity [S/m]
# name 3 = sal00: Salinity, Practical [PSU]
# name 4 = scan: Scan Count
# name 5 = timeM: Time, Elapsed [minutes]
# name 6 = flag:  0.000e+00
# span 0 =      0.096,     51.723                 
# span 1 =     5.3870,     7.9058                 
# span 2 =   0.003688,   3.305627                 
# span 3 =     0.0265,    33.1759                 
# span 4 =         11,       1225                 
# span 5 =     0.0417,     5.1000                 
# span 6 = 0.0000e+00, 0.0000e+00                 
# interval = seconds: 0.25
# start_time = Apr 11 2025 18:08:48 [NMEA time, header]
# bad_flag = -9.990e-29
*END*
[from data line 616]
     38.424     5.3901   3.157321    32.4234        627     2.6083  0.000e+00
     38.366     5.3898   3.157382    32.4244        628     2.6125  0.000e+00
     38.299     5.3894   3.157382    32.4248        629     2.6167  0.000e+00
     38.206     5.3892   3.157278    32.4239        630     2.6208  0.000e+00
     38.083     5.3890   3.157260    32.4239        631     2.6250  0.000e+00
     37.958     5.3888   3.157241    32.4240        632     2.6292  0.000e+00
     37.808     5.3885   3.157223    32.4242        633     2.6333  0.000e+00
     37.645     5.3883   3.157223    32.4244        634     2.6375  0.000e+00
     37.471     5.3879   3.157260    32.4253        635     2.6417  0.000e+00
     37.294     5.3880   3.157302    32.4257        636     2.6458  0.000e+00
     37.119     5.3882   3.157302    32.4257        637     2.6500  0.000e+00
     36.952     5.3882   3.157241    32.4250        638     2.6542  0.000e+00
     36.808     5.3884   3.157162    32.4240        639     2.6583  0.000e+00
     36.685     5.3881   3.157119    32.4239        640     2.6625  0.000e+00
     36.594     5.3881   3.157101    32.4238        641     2.6667  0.000e+00
     36.532     5.3878   3.157162    32.4248        642     2.6708  0.000e+00
     36.516     5.3875   3.157180    32.4252        643     2.6750  0.000e+00
     36.533     5.3875   3.157162    32.4250        644     2.6792  0.000e+00
     36.585     5.3877   3.157180    32.4250        645     2.6833  0.000e+00
     36.667     5.3876   3.157241    32.4258        646     2.6875  0.000e+00
     36.761     5.3878   3.157241    32.4255        647     2.6917  0.000e+00
     36.849     5.3880   3.157241    32.4253        648     2.6958  0.000e+00
     36.933     5.3882   3.157259    32.4252        649     2.7000  0.000e+00
     36.992     5.3882   3.157399    32.4268        650     2.7042  0.000e+00
     37.032     5.3884   3.157363    32.4262        651     2.7083  0.000e+00
     37.046     5.3888   3.157381    32.4260        652     2.7125  0.000e+00
     37.015     5.3889   3.157442    32.4266        653     2.7167  0.000e+00
     36.952     5.3893   3.157460    32.4265        654     2.7208  0.000e+00
     36.855     5.3895   3.157241    32.4238        655     2.7250  0.000e+00
     36.725     5.3895   3.157478    32.4266        656     2.7292  0.000e+00
     36.563     5.3894   3.157618    32.4284        657     2.7333  0.000e+00
     36.376     5.3900   3.157649    32.4283        658     2.7375  0.000e+00
     36.160     5.3906   3.157643    32.4277        659     2.7417  0.000e+00
     35.935     5.3912   3.157643    32.4273        660     2.7458  0.000e+00
     35.700     5.3913   3.157618    32.4269        661     2.7500  0.000e+00
     35.470     5.3916   3.157618    32.4268        662     2.7542  0.000e+00
     35.262     5.3917   3.157618    32.4268        663     2.7583  0.000e+00
     35.087     5.3919   3.157600    32.4265        664     2.7625  0.000e+00
     34.943     5.3920   3.157581    32.4262        665     2.7667  0.000e+00
     34.836     5.3920   3.157539    32.4258        666     2.7708  0.000e+00
     34.772     5.3921   3.157539    32.4258        667     2.7750  0.000e+00
     34.744     5.3919   3.157557    32.4262        668     2.7792  0.000e+00
     34.740     5.3919   3.157539    32.4259        669     2.7833  0.000e+00
     34.758     5.3919   3.157557    32.4262        670     2.7875  0.000e+00
     34.797     5.3918   3.157557    32.4263        671     2.7917  0.000e+00
     34.846     5.3918   3.157600    32.4267        672     2.7958  0.000e+00
     34.906     5.3919   3.157600    32.4265        673     2.8000  0.000e+00
     34.969     5.3919   3.157600    32.4265        674     2.8042  0.000e+00
     35.016     5.3919   3.157606    32.4266        675     2.8083  0.000e+00
     35.063     5.3920   3.157600    32.4264        676     2.8125  0.000e+00
     35.083     5.3919   3.157600    32.4265        677     2.8167  0.000e+00
     35.095     5.3919   3.157600    32.4265        678     2.8208  0.000e+00
     35.079     5.3919   3.157600    32.4265        679     2.8250  0.000e+00
     35.043     5.3920   3.157557    32.4259        680     2.8292  0.000e+00
     34.987     5.3918   3.157539    32.4259        681     2.8333  0.000e+00
     34.916     5.3918   3.157557    32.4262        682     2.8375  0.000e+00
     34.828     5.3916   3.157557    32.4265        683     2.8417  0.000e+00
     34.718     5.3914   3.157557    32.4267        684     2.8458  0.000e+00
     34.588     5.3916   3.157539    32.4264        685     2.8500  0.000e+00
     34.432     5.3914   3.157539    32.4266        686     2.8542  0.000e+00
     34.261     5.3914   3.157539    32.4267        687     2.8583  0.000e+00
     34.067     5.3913   3.157502    32.4265        688     2.8625  0.000e+00
     33.863     5.3914   3.157417    32.4255        689     2.8667  0.000e+00
     33.662     5.3914   3.157502    32.4265        690     2.8708  0.000e+00
     33.469     5.3913   3.157502    32.4267        691     2.8750  0.000e+00
     33.284     5.3913   3.157484    32.4266        692     2.8792  0.000e+00
     33.116     5.3914   3.157380    32.4255        693     2.8833  0.000e+00
     32.980     5.3913   3.157459    32.4265        694     2.8875  0.000e+00
     32.864     5.3913   3.157441    32.4263        695     2.8917  0.000e+00
     32.786     5.3912   3.157441    32.4265        696     2.8958  0.000e+00
     32.738     5.3914   3.157441    32.4263        697     2.9000  0.000e+00
     32.710     5.3913   3.157441    32.4265        698     2.9042  0.000e+00
     32.706     5.3914   3.157441    32.4264        699     2.9083  0.000e+00
     32.723     5.3914   3.157459    32.4265        700     2.9125  0.000e+00
     32.744     5.3914   3.157459    32.4265        701     2.9167  0.000e+00
     32.770     5.3914   3.157459    32.4265        702     2.9208  0.000e+00
     32.795     5.3915   3.157502    32.4269        703     2.9250  0.000e+00
     32.811     5.3915   3.157477    32.4266        704     2.9292  0.000e+00
     32.813     5.3915   3.157502    32.4269        705     2.9333  0.000e+00
     32.802     5.3917   3.157520    32.4269        706     2.9375  0.000e+00
     32.769     5.3918   3.157502    32.4266        707     2.9417  0.000e+00
     32.722     5.3918   3.157477    32.4264        708     2.9458  0.000e+00
     32.644     5.3917   3.157441    32.4261        709     2.9500  0.000e+00
     32.550     5.3916   3.157441    32.4263        710     2.9542  0.000e+00
     32.427     5.3916   3.157416    32.4261        711     2.9583  0.000e+00
     32.292     5.3915   3.157416    32.4262        712     2.9625  0.000e+00
     32.157     5.3914   3.157441    32.4266        713     2.9667  0.000e+00
     32.016     5.3914   3.157416    32.4264        714     2.9708  0.000e+00
     31.883     5.3914   3.157398    32.4263        715     2.9750  0.000e+00
     31.762     5.3913   3.157398    32.4264        716     2.9792  0.000e+00
     31.656     5.3913   3.157398    32.4264        717     2.9833  0.000e+00
     31.570     5.3913   3.157416    32.4268        718     2.9875  0.000e+00
     31.494     5.3914   3.157398    32.4265        719     2.9917  0.000e+00
     31.427     5.3914   3.157337    32.4258        720     2.9958  0.000e+00
     31.376     5.3913   3.157398    32.4266        721     3.0000  0.000e+00
     31.328     5.3913   3.157398    32.4267        722     3.0042  0.000e+00
     31.295     5.3912   3.157398    32.4267        723     3.0083  0.000e+00
     31.262     5.3913   3.157379    32.4264        724     3.0125  0.000e+00
     31.235     5.3913   3.157398    32.4267        725     3.0167  0.000e+00
     31.209     5.3913   3.157373    32.4264        726     3.0208  0.000e+00
     31.182     5.3914   3.157379    32.4264        727     3.0250  0.000e+00
     31.148     5.3913   3.157379    32.4265        728     3.0292  0.000e+00
     31.104     5.3914   3.157361    32.4263        729     3.0333  0.000e+00
     31.062     5.3914   3.157337    32.4260        730     3.0375  0.000e+00
     31.011     5.3913   3.157337    32.4261        731     3.0417  0.000e+00
     30.947     5.3912   3.157379    32.4267        732     3.0458  0.000e+00
     30.880     5.3912   3.157361    32.4266        733     3.0500  0.000e+00
     30.812     5.3911   3.157337    32.4264        734     3.0542  0.000e+00
     30.723     5.3911   3.157361    32.4268        735     3.0583  0.000e+00
     30.636     5.3911   3.157379    32.4270        736     3.0625  0.000e+00
     30.533     5.3912   3.157397    32.4272        737     3.0667  0.000e+00
     30.414     5.3914   3.157379    32.4268        738     3.0708  0.000e+00
     30.276     5.3916   3.157397    32.4269        739     3.0750  0.000e+00
     30.138     5.3918   3.157397    32.4267        740     3.0792  0.000e+00
     29.993     5.3921   3.157361    32.4261        741     3.0833  0.000e+00
     29.845     5.3920   3.157336    32.4260        742     3.0875  0.000e+00
     29.690     5.3918   3.157330    32.4262        743     3.0917  0.000e+00
     29.534     5.3917   3.157318    32.4262        744     3.0958  0.000e+00
     29.389     5.3918   3.157300    32.4260        745     3.1000  0.000e+00
     29.252     5.3918   3.157361    32.4268        746     3.1042  0.000e+00
     29.127     5.3918   3.157300    32.4262        747     3.1083  0.000e+00
     29.017     5.3917   3.157318    32.4265        748     3.1125  0.000e+00
     28.926     5.3917   3.157300    32.4264        749     3.1167  0.000e+00
     28.864     5.3917   3.157300    32.4264        750     3.1208  0.000e+00
     28.822     5.3917   3.157117    32.4243        751     3.1250  0.000e+00
     28.813     5.3917   3.157220    32.4255        752     3.1292  0.000e+00
     28.838     5.3917   3.157300    32.4264        753     3.1333  0.000e+00
     28.874     5.3915   3.157300    32.4266        754     3.1375  0.000e+00
     28.933     5.3916   3.157336    32.4268        755     3.1417  0.000e+00
     28.998     5.3917   3.157300    32.4263        756     3.1458  0.000e+00
     29.068     5.3918   3.157300    32.4262        757     3.1500  0.000e+00
     29.128     5.3918   3.157318    32.4264        758     3.1542  0.000e+00
     29.173     5.3917   3.157318    32.4265        759     3.1583  0.000e+00
     29.207     5.3916   3.157287    32.4262        760     3.1625  0.000e+00
     29.212     5.3915   3.157300    32.4264        761     3.1667  0.000e+00
     29.185     5.3916   3.157257    32.4259        762     3.1708  0.000e+00
     29.117     5.3915   3.157275    32.4262        763     3.1750  0.000e+00
     29.033     5.3913   3.157257    32.4262        764     3.1792  0.000e+00
     28.917     5.3913   3.157275    32.4265        765     3.1833  0.000e+00
     28.773     5.3912   3.157300    32.4269        766     3.1875  0.000e+00
     28.609     5.3912   3.157196    32.4258        767     3.1917  0.000e+00
     28.446     5.3913   3.157239    32.4262        768     3.1958  0.000e+00
     28.272     5.3910   3.157196    32.4262        769     3.2000  0.000e+00
     28.101     5.3910   3.157178    32.4261        770     3.2042  0.000e+00
     27.952     5.3908   3.157196    32.4265        771     3.2083  0.000e+00
     27.821     5.3907   3.157178    32.4265        772     3.2125  0.000e+00
     27.722     5.3907   3.157196    32.4267        773     3.2167  0.000e+00
     27.639     5.3908   3.157196    32.4267        774     3.2208  0.000e+00
     27.569     5.3910   3.157220    32.4268        775     3.2250  0.000e+00
     27.516     5.3911   3.157220    32.4268        776     3.2292  0.000e+00
     27.462     5.3911   3.157226    32.4268        777     3.2333  0.000e+00
     27.413     5.3912   3.157159    32.4260        778     3.2375  0.000e+00
     27.357     5.3911   3.157196    32.4265        779     3.2417  0.000e+00
     27.294     5.3912   3.157220    32.4268        780     3.2458  0.000e+00
     27.225     5.3911   3.157177    32.4264        781     3.2500  0.000e+00
     27.155     5.3911   3.157177    32.4265        782     3.2542  0.000e+00
     27.073     5.3911   3.157196    32.4266        783     3.2583  0.000e+00
     26.990     5.3911   3.157177    32.4265        784     3.2625  0.000e+00
     26.897     5.3911   3.157195    32.4268        785     3.2667  0.000e+00
     26.808     5.3912   3.157195    32.4267        786     3.2708  0.000e+00
     26.727     5.3914   3.157159    32.4261        787     3.2750  0.000e+00
     26.649     5.3914   3.157135    32.4259        788     3.2792  0.000e+00
     26.593     5.3913   3.157135    32.4260        789     3.2833  0.000e+00
     26.560     5.3913   3.157135    32.4261        790     3.2875  0.000e+00
     26.547     5.3913   3.157135    32.4261        791     3.2917  0.000e+00
     26.553     5.3911   3.157135    32.4262        792     3.2958  0.000e+00
     26.574     5.3911   3.157135    32.4262        793     3.3000  0.000e+00
     26.610     5.3911   3.157165    32.4266        794     3.3042  0.000e+00
     26.655     5.3911   3.157159    32.4265        795     3.3083  0.000e+00
     26.693     5.3910   3.157159    32.4265        796     3.3125  0.000e+00
     26.718     5.3910   3.157159    32.4266        797     3.3167  0.000e+00
     26.726     5.3910   3.157159    32.4266        798     3.3208  0.000e+00
     26.700     5.3909   3.157159    32.4266        799     3.3250  0.000e+00
     26.639     5.3909   3.157177    32.4269        800     3.3292  0.000e+00
     26.541     5.3908   3.157177    32.4270        801     3.3333  0.000e+00
     26.418     5.3911   3.157177    32.4268        802     3.3375  0.000e+00
     26.261     5.3910   3.157195    32.4272        803     3.3417  0.000e+00
     26.080     5.3910   3.157378    32.4293        804     3.3458  0.000e+00
     25.867     5.3913   3.157439    32.4298        805     3.3500  0.000e+00
     25.639     5.3920   3.157396    32.4288        806     3.3542  0.000e+00
     25.394     5.3925   3.157359    32.4280        807     3.3583  0.000e+00
     25.150     5.3929   3.157335    32.4275        808     3.3625  0.000e+00
     24.931     5.3928   3.157317    32.4275        809     3.3667  0.000e+00
     24.724     5.3929   3.157335    32.4277        810     3.3708  0.000e+00
     24.557     5.3930   3.157316    32.4274        811     3.3750  0.000e+00
     24.447     5.3931   3.157310    32.4273        812     3.3792  0.000e+00
     24.400     5.3931   3.157298    32.4273        813     3.3833  0.000e+00
     24.411     5.3932   3.157298    32.4272        814     3.3875  0.000e+00
     24.477     5.3931   3.157298    32.4272        815     3.3917  0.000e+00
     24.593     5.3932   3.157335    32.4274        816     3.3958  0.000e+00
     24.733     5.3933   3.157298    32.4268        817     3.4000  0.000e+00
     24.879     5.3935   3.157377    32.4276        818     3.4042  0.000e+00
     25.020     5.3933   3.157377    32.4276        819     3.4083  0.000e+00
     25.146     5.3934   3.157359    32.4273        820     3.4125  0.000e+00
     25.241     5.3933   3.157396    32.4277        821     3.4167  0.000e+00
     25.306     5.3933   3.157396    32.4277        822     3.4208  0.000e+00
     25.349     5.3933   3.157396    32.4276        823     3.4250  0.000e+00
     25.338     5.3933   3.157359    32.4272        824     3.4292  0.000e+00
     25.268     5.3932   3.157378    32.4276        825     3.4333  0.000e+00
     25.144     5.3935   3.157359    32.4272        826     3.4375  0.000e+00
     24.963     5.3933   3.157335    32.4272        827     3.4417  0.000e+00
     24.734     5.3932   3.157274    32.4267        828     3.4458  0.000e+00
     24.442     5.3931   3.157164    32.4257        829     3.4500  0.000e+00
     24.114     5.3926   3.157158    32.4262        830     3.4542  0.000e+00
