HB2502/sbe039.cnv
* Sea-Bird SBE 19plus V2 Data File:
* FileName = C:\cruise\data\sbe039.hex
* Software Version Seasave V 7.26.7.121
* Temperature SN = 6128
* Conductivity SN = 6128
* System UpLoad Time = Mar 21 2025 21:31:18
* NMEA Latitude = 40 21.71 N
* NMEA Longitude = 073 25.27 W
* NMEA UTC (Time) = Mar 21 2025  21:30:08
** Ship: Henry Bigelow
** Cruise:  HB2502
** Program:  Spring Bottom Trawl
# nquan = 7
# nvalues = 1476                                  
# units = specified
# name 0 = depSM: Depth [salt water, m]
# name 1 = tv290C: Temperature [ITS-90, deg C]
# name 2 = c0S/m: Conductivity [S/m]
# name 3 = sal00: Salinity, Practical [PSU]
# name 4 = scan: Scan Count
# name 5 = timeM: Time, Elapsed [minutes]
# name 6 = flag:  0.000e+00
# span 0 =     -0.161,     25.644                 
# span 1 =     5.3383,    10.5693                 
# span 2 =   0.003653,   3.436530                 
# span 3 =     0.0257,    33.1527                 
# span 4 =         11,       1486                 
# span 5 =     0.0417,     6.1875                 
# span 6 = 0.0000e+00, 0.0000e+00                 
# interval = seconds: 0.25
# start_time = Mar 21 2025 21:30:08 [NMEA time, header]
# bad_flag = -9.990e-29
*END*
[from data line 1436]
      0.081     5.3766   3.157072    32.4528       1447     6.0250  0.000e+00
      0.062     5.3761   3.157011    32.4526       1448     6.0292  0.000e+00
      0.141     5.3754   3.157029    32.4534       1449     6.0333  0.000e+00
      0.282     5.3753   3.157108    32.4544       1450     6.0375  0.000e+00
      0.428     5.3754   3.157169    32.4549       1451     6.0417  0.000e+00
      0.554     5.3758   3.157212    32.4549       1452     6.0458  0.000e+00
      0.665     5.3764   3.157291    32.4553       1453     6.0500  0.000e+00
      0.707     5.3767   3.157309    32.4551       1454     6.0542  0.000e+00
      0.617     5.3774   3.157370    32.4552       1455     6.0583  0.000e+00
      0.415     5.3779   3.157370    32.4548       1456     6.0625  0.000e+00
      0.049     5.3784   3.157029    32.4506       1457     6.0667  0.000e+00
     -0.147     5.3778   1.194375    11.2328       1458     6.0708  0.000e+00
     -0.151     5.3746   0.510911     4.5124       1459     6.0750  0.000e+00
     -0.154     5.3656   0.328533     2.8206       1460     6.0792  0.000e+00
     -0.156     5.3516   0.286761     2.4428       1461     6.0833  0.000e+00
     -0.158     5.3423   0.259708     2.2001       1462     6.0875  0.000e+00
     -0.115     5.3394   0.186549     1.5513       1463     6.0917  0.000e+00
      0.103     5.3398   0.193213     1.6098       1464     6.0958  0.000e+00
      0.190     5.3439   0.247474     2.0904       1465     6.1000  0.000e+00
      0.249     5.3505   1.074370    10.0273       1466     6.1042  0.000e+00
      0.273     5.3565   0.714288     6.4623       1467     6.1083  0.000e+00
      0.175     5.3616   1.029570     9.5738       1468     6.1125  0.000e+00
      0.007     5.3652   2.801566    28.4514       1469     6.1167  0.000e+00
     -0.145     5.3686   3.152198    32.4052       1470     6.1208  0.000e+00
     -0.156     5.3708   2.893044    29.4724       1471     6.1250  0.000e+00
     -0.153     5.3718   0.645481     5.7948       1472     6.1292  0.000e+00
     -0.159     5.3715   0.688043     6.2053       1473     6.1333  0.000e+00
     -0.121     5.3713   2.340045    23.3427       1474     6.1375  0.000e+00
     -0.027     5.3721   2.504609    25.1481       1475     6.1417  0.000e+00
     -0.001     5.3731   3.115958    31.9888       1476     6.1458  0.000e+00
     -0.004     5.3738   3.146780    32.3385       1477     6.1500  0.000e+00
     -0.019     5.3745   3.134407    32.1971       1478     6.1542  0.000e+00
     -0.099     5.3753   3.138013    32.2373       1479     6.1583  0.000e+00
     -0.156     5.3746   1.446366    13.8201       1480     6.1625  0.000e+00
     -0.156     5.3725   0.475703     4.1815       1481     6.1667  0.000e+00
     -0.158     5.3697   0.366065     3.1637       1482     6.1708  0.000e+00
     -0.155     5.3682   0.302320     2.5823       1483     6.1750  0.000e+00
     -0.159     5.3671   0.262469     2.2232       1484     6.1792  0.000e+00
     -0.161     5.3673   0.240542     2.0272       1485     6.1833  0.000e+00
     -0.161     5.3669   0.222726     1.8689       1486     6.1875  0.000e+00
