HB2502/sbe008.cnv
* Sea-Bird SBE 19plus V2 Data File:
* FileName = C:\cruise\data\sbe008.hex
* Software Version Seasave V 7.26.7.121
* Temperature SN = 6128
* Conductivity SN = 6128
* System UpLoad Time = Mar 10 2025 07:51:44
* NMEA Latitude = 38 35.18 N
* NMEA Longitude = 073 58.61 W
* NMEA UTC (Time) = Mar 10 2025  07:50:23
** Ship: Henry Bigelow
** Cruise:  HB2502
** Program:  Spring Bottom Trawl
# nquan = 7
# nvalues = 1318                                  
# units = specified
# name 0 = depSM: Depth [salt water, m]
# name 1 = tv290C: Temperature [ITS-90, deg C]
# name 2 = c0S/m: Conductivity [S/m]
# name 3 = sal00: Salinity, Practical [PSU]
# name 4 = scan: Scan Count
# name 5 = timeM: Time, Elapsed [minutes]
# name 6 = flag:  0.000e+00
# span 0 =      0.019,     46.948                 
# span 1 =     7.9604,     8.9154                 
# span 2 =   0.004179,   3.520028                 
# span 3 =     0.0294,    33.7574                 
# span 4 =         11,       1328                 
# span 5 =     0.0417,     5.5292                 
# span 6 = 0.0000e+00, 0.0000e+00                 
# interval = seconds: 0.25
# start_time = Mar 10 2025 07:50:23 [NMEA time, header]
# bad_flag = -9.990e-29
*END*
[from data line 616]
     34.113     8.1553   3.505424    33.5924        627     2.6083  0.000e+00
     34.017     8.1530   3.505018    33.5904        628     2.6125  0.000e+00
     33.928     8.1501   3.505208    33.5952        629     2.6167  0.000e+00
     33.825     8.1483   3.505424    33.5993        630     2.6208  0.000e+00
     33.725     8.1474   3.504333    33.5886        631     2.6250  0.000e+00
     33.622     8.1458   3.504821    33.5954        632     2.6292  0.000e+00
     33.520     8.1448   3.504954    33.5978        633     2.6333  0.000e+00
     33.420     8.1444   3.503604    33.5839        634     2.6375  0.000e+00
     33.323     8.1411   3.503198    33.5827        635     2.6417  0.000e+00
     33.228     8.1375   3.502171    33.5753        636     2.6458  0.000e+00
     33.138     8.1327   3.503065    33.5894        637     2.6500  0.000e+00
     33.053     8.1309   3.503217    33.5928        638     2.6542  0.000e+00
     32.968     8.1305   3.501550    33.5754        639     2.6583  0.000e+00
     32.899     8.1275   3.502102    33.5843        640     2.6625  0.000e+00
     32.830     8.1247   3.501404    33.5796        641     2.6667  0.000e+00
     32.763     8.1222   3.500948    33.5771        642     2.6708  0.000e+00
     32.700     8.1192   3.501119    33.5819        643     2.6750  0.000e+00
     32.638     8.1171   3.500181    33.5739        644     2.6792  0.000e+00
     32.575     8.1140   3.499941    33.5743        645     2.6833  0.000e+00
     32.515     8.1108   3.500264    33.5809        646     2.6875  0.000e+00
     32.447     8.1095   3.500416    33.5838        647     2.6917  0.000e+00
     32.376     8.1091   3.499643    33.5760        648     2.6958  0.000e+00
     32.298     8.1074   3.499598    33.5772        649     2.7000  0.000e+00
     32.224     8.1054   3.499782    33.5811        650     2.7042  0.000e+00
     32.144     8.1050   3.500625    33.5904        651     2.7083  0.000e+00
     32.068     8.1070   3.499706    33.5788        652     2.7125  0.000e+00
     31.991     8.1069   3.500714    33.5896        653     2.7167  0.000e+00
     31.909     8.1079   3.500593    33.5874        654     2.7208  0.000e+00
     31.833     8.1094   3.500733    33.5875        655     2.7250  0.000e+00
     31.757     8.1107   3.500777    33.5868        656     2.7292  0.000e+00
     31.692     8.1116   3.500694    33.5851        657     2.7333  0.000e+00
     31.618     8.1121   3.500523    33.5828        658     2.7375  0.000e+00
     31.551     8.1118   3.500435    33.5821        659     2.7417  0.000e+00
     31.492     8.1112   3.500219    33.5805        660     2.7458  0.000e+00
     31.426     8.1103   3.500244    33.5817        661     2.7500  0.000e+00
     31.354     8.1097   3.500156    33.5813        662     2.7542  0.000e+00
     31.288     8.1090   3.499985    33.5802        663     2.7583  0.000e+00
     31.220     8.1083   3.500029    33.5814        664     2.7625  0.000e+00
     31.155     8.1078   3.499814    33.5796        665     2.7667  0.000e+00
     31.084     8.1068   3.499813    33.5805        666     2.7708  0.000e+00
     31.021     8.1064   3.499858    33.5815        667     2.7750  0.000e+00
     30.950     8.1060   3.499870    33.5821        668     2.7792  0.000e+00
     30.879     8.1062   3.499966    33.5829        669     2.7833  0.000e+00
     30.820     8.1063   3.499389    33.5767        670     2.7875  0.000e+00
     30.754     8.1051   3.499408    33.5780        671     2.7917  0.000e+00
     30.685     8.1041   3.499427    33.5792        672     2.7958  0.000e+00
     30.617     8.1035   3.499357    33.5791        673     2.8000  0.000e+00
     30.555     8.1030   3.499623    33.5824        674     2.8042  0.000e+00
     30.490     8.1032   3.499579    33.5818        675     2.8083  0.000e+00
     30.423     8.1035   3.499408    33.5797        676     2.8125  0.000e+00
     30.354     8.1033   3.499262    33.5784        677     2.8167  0.000e+00
     30.289     8.1025   3.499199    33.5785        678     2.8208  0.000e+00
     30.220     8.1020   3.499237    33.5795        679     2.8250  0.000e+00
     30.155     8.1017   3.498191    33.5686        680     2.8292  0.000e+00
     30.087     8.1010   3.498983    33.5777        681     2.8333  0.000e+00
     30.019     8.1004   3.499085    33.5794        682     2.8375  0.000e+00
     29.954     8.1002   3.499066    33.5795        683     2.8417  0.000e+00
     29.887     8.0999   3.498831    33.5773        684     2.8458  0.000e+00
     29.818     8.0993   3.499237    33.5822        685     2.8500  0.000e+00
     29.744     8.0998   3.499769    33.5875        686     2.8542  0.000e+00
     29.668     8.1020   3.499490    33.5824        687     2.8583  0.000e+00
     29.589     8.1026   3.499325    33.5802        688     2.8625  0.000e+00
     29.514     8.1026   3.499110    33.5779        689     2.8667  0.000e+00
     29.429     8.1020   3.499065    33.5780        690     2.8708  0.000e+00
     29.349     8.1012   3.499021    33.5783        691     2.8750  0.000e+00
     29.277     8.1005   3.499021    33.5790        692     2.8792  0.000e+00
     29.203     8.1002   3.498679    33.5757        693     2.8833  0.000e+00
     29.136     8.0993   3.498299    33.5726        694     2.8875  0.000e+00
     29.073     8.0975   3.498210    33.5733        695     2.8917  0.000e+00
     29.020     8.0957   3.497893    33.5717        696     2.8958  0.000e+00
     28.979     8.0938   3.498318    33.5781        697     2.9000  0.000e+00
     28.941     8.0935   3.498552    33.5809        698     2.9042  0.000e+00
     28.901     8.0942   3.497741    33.5716        699     2.9083  0.000e+00
     28.867     8.0932   3.497310    33.5680        700     2.9125  0.000e+00
     28.827     8.0906   3.497589    33.5735        701     2.9167  0.000e+00
     28.792     8.0894   3.497868    33.5776        702     2.9208  0.000e+00
     28.751     8.0896   3.497868    33.5775        703     2.9250  0.000e+00
     28.698     8.0900   3.497912    33.5776        704     2.9292  0.000e+00
     28.651     8.0902   3.497646    33.5746        705     2.9333  0.000e+00
     28.593     8.0898   3.497399    33.5723        706     2.9375  0.000e+00
     28.529     8.0886   3.497317    33.5726        707     2.9417  0.000e+00
     28.462     8.0875   3.497165    33.5721        708     2.9458  0.000e+00
     28.401     8.0866   3.497760    33.5793        709     2.9500  0.000e+00
     28.337     8.0870   3.497317    33.5743        710     2.9542  0.000e+00
     28.276     8.0873   3.497741    33.5785        711     2.9583  0.000e+00
     28.216     8.0878   3.497931    33.5801        712     2.9625  0.000e+00
     28.166     8.0893   3.497526    33.5744        713     2.9667  0.000e+00
     28.109     8.0891   3.497602    33.5754        714     2.9708  0.000e+00
     28.060     8.0892   3.498273    33.5825        715     2.9750  0.000e+00
     28.008     8.0905   3.498298    33.5815        716     2.9792  0.000e+00
     27.953     8.0921   3.498406    33.5812        717     2.9833  0.000e+00
     27.890     8.0933   3.498678    33.5830        718     2.9875  0.000e+00
     27.821     8.0949   3.499046    33.5854        719     2.9917  0.000e+00
     27.747     8.0967   3.499217    33.5855        720     2.9958  0.000e+00
     27.679     8.0986   3.498235    33.5733        721     3.0000  0.000e+00
     27.604     8.0976   3.498533    33.5774        722     3.0042  0.000e+00
     27.534     8.0968   3.498431    33.5771        723     3.0083  0.000e+00
     27.456     8.0963   3.498444    33.5777        724     3.0125  0.000e+00
     27.386     8.0960   3.498469    33.5783        725     3.0167  0.000e+00
     27.321     8.0959   3.498336    33.5771        726     3.0208  0.000e+00
     27.259     8.0956   3.498051    33.5743        727     3.0250  0.000e+00
     27.205     8.0945   3.497975    33.5746        728     3.0292  0.000e+00
     27.160     8.0936   3.497867    33.5744        729     3.0333  0.000e+00
     27.109     8.0926   3.497867    33.5753        730     3.0375  0.000e+00
     27.068     8.0920   3.497785    33.5751        731     3.0417  0.000e+00
     27.022     8.0914   3.497557    33.5732        732     3.0458  0.000e+00
     26.990     8.0901   3.497569    33.5746        733     3.0500  0.000e+00
     26.950     8.0895   3.497722    33.5769        734     3.0542  0.000e+00
     26.908     8.0895   3.497183    33.5711        735     3.0583  0.000e+00
     26.852     8.0886   3.496835    33.5682        736     3.0625  0.000e+00
     26.801     8.0860   3.496246    33.5645        737     3.0667  0.000e+00
     26.745     8.0830   3.496157    33.5665        738     3.0708  0.000e+00
     26.684     8.0805   3.496246    33.5698        739     3.0750  0.000e+00
     26.616     8.0791   3.495688    33.5653        740     3.0792  0.000e+00
     26.557     8.0769   3.496068    33.5714        741     3.0833  0.000e+00
     26.484     8.0756   3.494770    33.5589        742     3.0875  0.000e+00
     26.423     8.0727   3.493896    33.5524        743     3.0917  0.000e+00
     26.364     8.0671   3.493985    33.5587        744     3.0958  0.000e+00
     26.300     8.0632   3.494137    33.5641        745     3.1000  0.000e+00
     26.238     8.0617   3.495004    33.5748        746     3.1042  0.000e+00
     26.178     8.0633   3.496094    33.5850        747     3.1083  0.000e+00
     26.121     8.0678   3.496353    33.5834        748     3.1125  0.000e+00
     26.057     8.0723   3.496093    33.5764        749     3.1167  0.000e+00
     26.001     8.0745   3.496119    33.5745        750     3.1208  0.000e+00
     25.937     8.0755   3.495796    33.5702        751     3.1250  0.000e+00
     25.887     8.0754   3.495371    33.5658        752     3.1292  0.000e+00
     25.836     8.0741   3.495498    33.5684        753     3.1333  0.000e+00
     25.784     8.0731   3.495758    33.5722        754     3.1375  0.000e+00
     25.730     8.0729   3.495093    33.5652        755     3.1417  0.000e+00
     25.678     8.0715   3.495029    33.5660        756     3.1458  0.000e+00
     25.624     8.0701   3.495093    33.5680        757     3.1500  0.000e+00
     25.577     8.0691   3.495124    33.5693        758     3.1542  0.000e+00
     25.524     8.0691   3.495479    33.5732        759     3.1583  0.000e+00
     25.470     8.0698   3.495409    33.5717        760     3.1625  0.000e+00
     25.423     8.0704   3.495435    33.5715        761     3.1667  0.000e+00
     25.374     8.0710   3.495713    33.5739        762     3.1708  0.000e+00
     25.320     8.0718   3.495485    33.5707        763     3.1750  0.000e+00
     25.265     8.0721   3.495074    33.5660        764     3.1792  0.000e+00
     25.209     8.0712   3.495308    33.5694        765     3.1833  0.000e+00
     25.164     8.0705   3.495542    33.5727        766     3.1875  0.000e+00
     25.116     8.0710   3.495441    33.5711        767     3.1917  0.000e+00
     25.076     8.0714   3.495200    33.5681        768     3.1958  0.000e+00
     25.034     8.0709   3.495238    33.5690        769     3.2000  0.000e+00
     24.988     8.0705   3.495156    33.5686        770     3.2042  0.000e+00
     24.947     8.0702   3.495219    33.5695        771     3.2083  0.000e+00
     24.902     8.0701   3.495453    33.5722        772     3.2125  0.000e+00
     24.858     8.0705   3.495409    33.5714        773     3.2167  0.000e+00
     24.809     8.0711   3.495200    33.5686        774     3.2208  0.000e+00
     24.754     8.0707   3.495346    33.5706        775     3.2250  0.000e+00
     24.687     8.0705   3.495371    33.5711        776     3.2292  0.000e+00
     24.624     8.0707   3.494921    33.5661        777     3.2333  0.000e+00
     24.555     8.0700   3.494085    33.5579        778     3.2375  0.000e+00
     24.486     8.0668   3.492275    33.5417        779     3.2417  0.000e+00
     24.408     8.0593   3.492230    33.5484        780     3.2458  0.000e+00
     24.339     8.0533   3.492699    33.5592        781     3.2500  0.000e+00
     24.263     8.0508   3.493148    33.5664        782     3.2542  0.000e+00
     24.192     8.0506   3.492211    33.5566        783     3.2583  0.000e+00
     24.134     8.0490   3.492072    33.5567        784     3.2625  0.000e+00
     24.084     8.0469   3.492104    33.5590        785     3.2667  0.000e+00
     24.046     8.0454   3.491958    33.5590        786     3.2708  0.000e+00
     24.008     8.0443   3.492104    33.5616        787     3.2750  0.000e+00
     23.977     8.0439   3.492211    33.5631        788     3.2792  0.000e+00
     23.958     8.0442   3.492319    33.5640        789     3.2833  0.000e+00
     23.932     8.0445   3.492230    33.5628        790     3.2875  0.000e+00
     23.916     8.0451   3.492806    33.5684        791     3.2917  0.000e+00
     23.889     8.0464   3.493598    33.5756        792     3.2958  0.000e+00
     23.860     8.0500   3.493579    33.5720        793     3.3000  0.000e+00
     23.824     8.0530   3.493066    33.5636        794     3.3042  0.000e+00
     23.781     8.0533   3.493085    33.5636        795     3.3083  0.000e+00
     23.732     8.0530   3.493490    33.5682        796     3.3125  0.000e+00
     23.676     8.0537   3.493085    33.5632        797     3.3167  0.000e+00
     23.614     8.0532   3.492338    33.5557        798     3.3208  0.000e+00
     23.554     8.0515   3.492192    33.5559        799     3.3250  0.000e+00
     23.491     8.0486   3.490059    33.5359        800     3.3292  0.000e+00
     23.433     8.0412   3.492028    33.5640        801     3.3333  0.000e+00
     23.375     8.0398   3.492509    33.5706        802     3.3375  0.000e+00
     23.317     8.0425   3.492103    33.5637        803     3.3417  0.000e+00
     23.260     8.0438   3.491850    33.5597        804     3.3458  0.000e+00
     23.212     8.0427   3.492274    33.5653        805     3.3500  0.000e+00
     23.161     8.0437   3.492566    33.5675        806     3.3542  0.000e+00
     23.121     8.0450   3.492445    33.5650        807     3.3583  0.000e+00
     23.074     8.0461   3.492553    33.5652        808     3.3625  0.000e+00
     23.034     8.0471   3.492850    33.5673        809     3.3667  0.000e+00
     22.987     8.0481   3.492433    33.5619        810     3.3708  0.000e+00
     22.943     8.0485   3.492977    33.5674        811     3.3750  0.000e+00
     22.898     8.0493   3.493002    33.5669        812     3.3792  0.000e+00
     22.844     8.0502   3.491635    33.5515        813     3.3833  0.000e+00
     22.789     8.0475   3.490793    33.5451        814     3.3875  0.000e+00
     22.734     8.0424   3.491337    33.5559        815     3.3917  0.000e+00
     22.674     8.0392   3.491382    33.5594        816     3.3958  0.000e+00
     22.605     8.0387   3.492977    33.5770        817     3.4000  0.000e+00
     22.542     8.0427   3.493528    33.5791        818     3.4042  0.000e+00
     22.477     8.0476   3.492743    33.5660        819     3.4083  0.000e+00
     22.411     8.0502   3.494598    33.5833        820     3.4125  0.000e+00
     22.349     8.0546   3.494813    33.5814        821     3.4167  0.000e+00
     22.280     8.0596   3.493768    33.5656        822     3.4208  0.000e+00
     22.226     8.0604   3.494047    33.5678        823     3.4250  0.000e+00
     22.174     8.0604   3.493553    33.5625        824     3.4292  0.000e+00
     22.121     8.0593   3.492660    33.5540        825     3.4333  0.000e+00
     22.076     8.0557   3.492768    33.5586        826     3.4375  0.000e+00
     22.031     8.0534   3.493059    33.5640        827     3.4417  0.000e+00
     21.992     8.0525   3.492337    33.5572        828     3.4458  0.000e+00
     21.952     8.0509   3.492508    33.5606        829     3.4500  0.000e+00
     21.912     8.0495   3.492787    33.5649        830     3.4542  0.000e+00
