HB2502/sbe032.cnv
* Sea-Bird SBE 19plus V2 Data File:
* FileName = C:\cruise\data\sbe032.hex
* Software Version Seasave V 7.26.7.121
* Temperature SN = 6128
* Conductivity SN = 6128
* System UpLoad Time = Mar 19 2025 14:27:22
* NMEA Latitude = 39 11.69 N
* NMEA Longitude = 073 41.91 W
* NMEA UTC (Time) = Mar 19 2025  14:26:10
** Ship: Henry Bigelow
** Cruise:  HB2502
** Program:  Spring Bottom Trawl
# nquan = 7
# nvalues = 1456                                  
# units = specified
# name 0 = depSM: Depth [salt water, m]
# name 1 = tv290C: Temperature [ITS-90, deg C]
# name 2 = c0S/m: Conductivity [S/m]
# name 3 = sal00: Salinity, Practical [PSU]
# name 4 = scan: Scan Count
# name 5 = timeM: Time, Elapsed [minutes]
# name 6 = flag:  0.000e+00
# span 0 =      0.008,     36.921                 
# span 1 =     5.3511,     9.4968                 
# span 2 =   0.004994,   3.383767                 
# span 3 =     0.0345,    33.9561                 
# span 4 =         11,       1466                 
# span 5 =     0.0417,     6.1042                 
# span 6 = 0.0000e+00, 0.0000e+00                 
# interval = seconds: 0.25
# start_time = Mar 19 2025 14:26:10 [NMEA time, header]
# bad_flag = -9.990e-29
*END*
      0.241     9.4494   0.005012     0.0346         11     0.0417  0.000e+00
      0.245     9.4507   0.005009     0.0346         12     0.0458  0.000e+00
      0.242     9.4514   0.005015     0.0346         13     0.0500  0.000e+00
      0.243     9.4519   0.005015     0.0346         14     0.0542  0.000e+00
      0.244     9.4519   0.005009     0.0346         15     0.0583  0.000e+00
      0.244     9.4529   0.005012     0.0346         16     0.0625  0.000e+00
      0.242     9.4556   0.005015     0.0346         17     0.0667  0.000e+00
      0.242     9.4584   0.005015     0.0346         18     0.0708  0.000e+00
      0.239     9.4608   0.005015     0.0346         19     0.0750  0.000e+00
      0.242     9.4625   0.005012     0.0346         20     0.0792  0.000e+00
      0.238     9.4636   0.005009     0.0346         21     0.0833  0.000e+00
      0.238     9.4662   0.005012     0.0346         22     0.0875  0.000e+00
      0.242     9.4683   0.005012     0.0346         23     0.0917  0.000e+00
      0.239     9.4709   0.005009     0.0346         24     0.0958  0.000e+00
      0.235     9.4725   0.005015     0.0346         25     0.1000  0.000e+00
      0.233     9.4729   0.005015     0.0346         26     0.1042  0.000e+00
      0.235     9.4727   0.005015     0.0346         27     0.1083  0.000e+00
      0.230     9.4736   0.005015     0.0346         28     0.1125  0.000e+00
      0.224     9.4751   0.005015     0.0346         29     0.1167  0.000e+00
      0.228     9.4769   0.005015     0.0346         30     0.1208  0.000e+00
      0.228     9.4781   0.005012     0.0346         31     0.1250  0.000e+00
      0.226     9.4791   0.005012     0.0346         32     0.1292  0.000e+00
      0.230     9.4789   0.005015     0.0346         33     0.1333  0.000e+00
      0.226     9.4781   0.005012     0.0346         34     0.1375  0.000e+00
      0.230     9.4786   0.005006     0.0346         35     0.1417  0.000e+00
      0.226     9.4805   0.005009     0.0346         36     0.1458  0.000e+00
      0.228     9.4823   0.005015     0.0346         37     0.1500  0.000e+00
      0.230     9.4830   0.005012     0.0346         38     0.1542  0.000e+00
      0.236     9.4837   0.005015     0.0346         39     0.1583  0.000e+00
      0.232     9.4833   0.005015     0.0346         40     0.1625  0.000e+00
      0.227     9.4842   0.005012     0.0346         41     0.1667  0.000e+00
      0.223     9.4858   0.005003     0.0345         42     0.1708  0.000e+00
      0.225     9.4871   0.005012     0.0346         43     0.1750  0.000e+00
      0.225     9.4881   0.005015     0.0346         44     0.1792  0.000e+00
      0.225     9.4872   0.005018     0.0346         45     0.1833  0.000e+00
      0.221     9.4873   0.005015     0.0346         46     0.1875  0.000e+00
      0.219     9.4881   0.005012     0.0346         47     0.1917  0.000e+00
      0.224     9.4891   0.005009     0.0346         48     0.1958  0.000e+00
      0.221     9.4890   0.005015     0.0346         49     0.2000  0.000e+00
      0.217     9.4873   0.005015     0.0346         50     0.2042  0.000e+00
      0.209     9.4859   0.005015     0.0346         51     0.2083  0.000e+00
      0.213     9.4857   0.005015     0.0346         52     0.2125  0.000e+00
      0.215     9.4854   0.005012     0.0346         53     0.2167  0.000e+00
      0.213     9.4851   0.005003     0.0345         54     0.2208  0.000e+00
      0.211     9.4845   0.005015     0.0346         55     0.2250  0.000e+00
      0.211     9.4835   0.005012     0.0346         56     0.2292  0.000e+00
      0.221     9.4827   0.005009     0.0346         57     0.2333  0.000e+00
      0.218     9.4828   0.005006     0.0346         58     0.2375  0.000e+00
      0.220     9.4824   0.005012     0.0346         59     0.2417  0.000e+00
      0.218     9.4831   0.005009     0.0346         60     0.2458  0.000e+00
      0.216     9.4848   0.005015     0.0346         61     0.2500  0.000e+00
      0.220     9.4859   0.005006     0.0346         62     0.2542  0.000e+00
      0.218     9.4859   0.005009     0.0346         63     0.2583  0.000e+00
      0.218     9.4861   0.005012     0.0346         64     0.2625  0.000e+00
      0.220     9.4877   0.005000     0.0345         65     0.2667  0.000e+00
      0.221     9.4897   0.005009     0.0346         66     0.2708  0.000e+00
      0.222     9.4919   0.005012     0.0346         67     0.2750  0.000e+00
      0.222     9.4941   0.005006     0.0346         68     0.2792  0.000e+00
      0.219     9.4919   0.005009     0.0346         69     0.2833  0.000e+00
      0.220     9.4920   0.005006     0.0346         70     0.2875  0.000e+00
      0.217     9.4917   0.005000     0.0345         71     0.2917  0.000e+00
      0.217     9.4910   0.005003     0.0345         72     0.2958  0.000e+00
      0.217     9.4901   0.005012     0.0346         73     0.3000  0.000e+00
      0.213     9.4889   0.005015     0.0346         74     0.3042  0.000e+00
      0.211     9.4883   0.005009     0.0346         75     0.3083  0.000e+00
      0.211     9.4872   0.005015     0.0346         76     0.3125  0.000e+00
      0.211     9.4863   0.005012     0.0346         77     0.3167  0.000e+00
      0.211     9.4859   0.005015     0.0346         78     0.3208  0.000e+00
      0.211     9.4854   0.005006     0.0346         79     0.3250  0.000e+00
      0.213     9.4849   0.005006     0.0346         80     0.3292  0.000e+00
      0.211     9.4852   0.005006     0.0346         81     0.3333  0.000e+00
      0.209     9.4856   0.005009     0.0346         82     0.3375  0.000e+00
      0.211     9.4872   0.005006     0.0346         83     0.3417  0.000e+00
      0.213     9.4875   0.005006     0.0346         84     0.3458  0.000e+00
      0.212     9.4888   0.005003     0.0345         85     0.3500  0.000e+00
      0.210     9.4897   0.005000     0.0345         86     0.3542  0.000e+00
      0.212     9.4910   0.005012     0.0346         87     0.3583  0.000e+00
      0.209     9.4922   0.005009     0.0346         88     0.3625  0.000e+00
      0.212     9.4928   0.005000     0.0345         89     0.3667  0.000e+00
      0.214     9.4935   0.005006     0.0346         90     0.3708  0.000e+00
      0.209     9.4930   0.005015     0.0346         91     0.3750  0.000e+00
      0.209     9.4930   0.005012     0.0346         92     0.3792  0.000e+00
      0.211     9.4926   0.005012     0.0346         93     0.3833  0.000e+00
      0.211     9.4921   0.005003     0.0345         94     0.3875  0.000e+00
      0.205     9.4916   0.005006     0.0346         95     0.3917  0.000e+00
      0.209     9.4916   0.005006     0.0346         96     0.3958  0.000e+00
      0.207     9.4905   0.005015     0.0346         97     0.4000  0.000e+00
      0.205     9.4903   0.005000     0.0345         98     0.4042  0.000e+00
      0.203     9.4891   0.005006     0.0346         99     0.4083  0.000e+00
      0.203     9.4888   0.005003     0.0345        100     0.4125  0.000e+00
      0.203     9.4890   0.005012     0.0346        101     0.4167  0.000e+00
      0.203     9.4899   0.005006     0.0346        102     0.4208  0.000e+00
      0.198     9.4902   0.005003     0.0345        103     0.4250  0.000e+00
      0.194     9.4900   0.004994     0.0345        104     0.4292  0.000e+00
      0.198     9.4909   0.005006     0.0346        105     0.4333  0.000e+00
      0.200     9.4911   0.004994     0.0345        106     0.4375  0.000e+00
      0.207     9.4920   0.005000     0.0345        107     0.4417  0.000e+00
      0.207     9.4929   0.004994     0.0345        108     0.4458  0.000e+00
      0.207     9.4948   0.005003     0.0345        109     0.4500  0.000e+00
      0.205     9.4958   0.005000     0.0345        110     0.4542  0.000e+00
      0.205     9.4968   0.005006     0.0346        111     0.4583  0.000e+00
      0.212     9.4952   0.005009     0.0346        112     0.4625  0.000e+00
      0.212     9.4924   0.005006     0.0346        113     0.4667  0.000e+00
      0.207     9.4919   0.005006     0.0346        114     0.4708  0.000e+00
      0.205     9.4912   0.005003     0.0345        115     0.4750  0.000e+00
      0.207     9.4914   0.005000     0.0345        116     0.4792  0.000e+00
      0.209     9.4915   0.005006     0.0346        117     0.4833  0.000e+00
      0.207     9.4915   0.005003     0.0345        118     0.4875  0.000e+00
      0.201     9.4890   0.005006     0.0346        119     0.4917  0.000e+00
      0.203     9.4880   0.005006     0.0346        120     0.4958  0.000e+00
      0.208     9.4876   0.005003     0.0345        121     0.5000  0.000e+00
      0.210     9.4872   0.005006     0.0346        122     0.5042  0.000e+00
      0.199     9.4820   0.004994     0.0345        123     0.5083  0.000e+00
      0.204     9.4686   0.005003     0.0346        124     0.5125  0.000e+00
      0.202     9.4611   0.004994     0.0345        125     0.5167  0.000e+00
      0.215     9.4552   0.005006     0.0346        126     0.5208  0.000e+00
      0.410     9.4473   0.544156     4.2927        127     0.5250  0.000e+00
      0.609     9.4325   0.823286     6.6925        128     0.5292  0.000e+00
      0.770     9.3073   1.053534     8.7581        129     0.5333  0.000e+00
      0.864     9.0931   2.175051    19.3506        130     0.5375  0.000e+00
      0.886     8.8620   2.366863    21.3637        131     0.5417  0.000e+00
      0.851     8.8214   1.329261    11.4135        132     0.5458  0.000e+00
      0.819     8.8430   1.807803    15.9265        133     0.5500  0.000e+00
      0.806     8.8339   2.450744    22.2126        134     0.5542  0.000e+00
      0.822     8.7951   3.383767    31.7345        135     0.5583  0.000e+00
      0.871     8.7401   3.006495    27.8868        136     0.5625  0.000e+00
      0.930     8.6601   1.986817    17.7438        137     0.5667  0.000e+00
      1.021     8.5413   2.986833    27.8414        138     0.5708  0.000e+00
      1.146     8.4255   3.182448    29.9612        139     0.5750  0.000e+00
      1.307     8.3373   2.956635    27.6904        140     0.5792  0.000e+00
      1.481     8.2436   2.723425    25.3613        141     0.5833  0.000e+00
      1.680     8.1684   2.846896    26.6870        142     0.5875  0.000e+00
      1.884     8.1206   3.300351    31.4642        143     0.5917  0.000e+00
      2.107     8.0834   3.333214    31.8454        144     0.5958  0.000e+00
      2.338     7.9346   3.249534    31.0924        145     0.6000  0.000e+00
      2.565     7.6267   3.365336    32.6097        146     0.6042  0.000e+00
      2.794     7.3072   3.346181    32.7037        147     0.6083  0.000e+00
      2.997     7.0026   3.208905    31.4969        148     0.6125  0.000e+00
      3.205     6.7751   2.853038    27.8449        149     0.6167  0.000e+00
      3.415     6.6427   3.047163    30.0589        150     0.6208  0.000e+00
      3.607     6.5377   3.274001    32.6449        151     0.6250  0.000e+00
      3.782     6.4049   3.258652    32.6019        152     0.6292  0.000e+00
      3.914     6.2715   3.202484    32.1055        153     0.6333  0.000e+00
      4.005     6.1599   2.915371    29.0345        154     0.6375  0.000e+00
      4.085     6.1008   3.111841    31.2579        155     0.6417  0.000e+00
      4.166     6.0769   3.185013    32.0949        156     0.6458  0.000e+00
      4.266     6.1561   3.358236    33.9561        157     0.6500  0.000e+00
      4.324     6.2960   3.329064    33.4906        158     0.6542  0.000e+00
      4.322     6.3522   3.291892    33.0215        159     0.6583  0.000e+00
      4.279     6.2696   3.254563    32.6861        160     0.6625  0.000e+00
      4.168     6.1129   3.246065    32.7422        161     0.6667  0.000e+00
      4.077     5.9557   3.248109    32.9176        162     0.6708  0.000e+00
      4.027     5.8356   3.254451    33.1064        163     0.6750  0.000e+00
      3.999     5.7535   3.257328    33.2196        164     0.6792  0.000e+00
      3.986     5.6912   3.253960    33.2430        165     0.6833  0.000e+00
      3.981     5.6408   3.254983    33.3043        166     0.6875  0.000e+00
      3.984     5.6042   3.260774    33.4064        167     0.6917  0.000e+00
      3.995     5.5838   3.280767    33.6540        168     0.6958  0.000e+00
      4.019     5.5828   3.298843    33.8607        169     0.7000  0.000e+00
      4.054     5.5827   3.299877    33.8726        170     0.7042  0.000e+00
      4.100     5.5775   3.276283    33.6093        171     0.7083  0.000e+00
      4.134     5.5672   3.260522    33.4403        172     0.7125  0.000e+00
      4.168     5.5494   3.247861    33.3140        173     0.7167  0.000e+00
      4.183     5.5358   3.240320    33.2418        174     0.7208  0.000e+00
      4.179     5.5311   3.234906    33.1848        175     0.7250  0.000e+00
      4.150     5.5264   3.229863    33.1322        176     0.7292  0.000e+00
      4.089     5.5159   3.226953    33.1094        177     0.7333  0.000e+00
      4.006     5.5027   3.222940    33.0769        178     0.7375  0.000e+00
      3.897     5.4887   3.219585    33.0526        179     0.7417  0.000e+00
      3.772     5.4753   3.218383    33.0522        180     0.7458  0.000e+00
      3.639     5.4657   3.219646    33.0761        181     0.7500  0.000e+00
      3.510     5.4600   3.221407    33.1018        182     0.7542  0.000e+00
      3.407     5.4560   3.223572    33.1305        183     0.7583  0.000e+00
      3.362     5.4543   3.231982    33.2280        184     0.7625  0.000e+00
      3.387     5.4572   3.243660    33.3582        185     0.7667  0.000e+00
      3.489     5.4630   3.242811    33.3426        186     0.7708  0.000e+00
      3.640     5.4925   3.242669    33.3116        187     0.7750  0.000e+00
      3.821     5.5422   3.244071    33.2782        188     0.7792  0.000e+00
      4.007     5.5804   3.248439    33.2900        189     0.7833  0.000e+00
      4.182     5.6067   3.250679    33.2892        190     0.7875  0.000e+00
      4.346     5.6239   3.247430    33.2352        191     0.7917  0.000e+00
      4.496     5.6358   3.244956    33.1954        192     0.7958  0.000e+00
      4.630     5.6307   3.241494    33.1611        193     0.8000  0.000e+00
      4.733     5.6143   3.237314    33.1298        194     0.8042  0.000e+00
      4.800     5.5932   3.231545    33.0851        195     0.8083  0.000e+00
      4.830     5.5684   3.225167    33.0371        196     0.8125  0.000e+00
      4.823     5.5435   3.222486    33.0311        197     0.8167  0.000e+00
      4.809     5.5197   3.220750    33.0348        198     0.8208  0.000e+00
      4.771     5.4976   3.219585    33.0433        199     0.8250  0.000e+00
      4.743     5.4789   3.218236    33.0465        200     0.8292  0.000e+00
      4.729     5.4650   3.218727    33.0658        201     0.8333  0.000e+00
      4.721     5.4551   3.220628    33.0971        202     0.8375  0.000e+00
      4.737     5.4480   3.227734    33.1851        203     0.8417  0.000e+00
      4.795     5.4482   3.243058    33.3595        204     0.8458  0.000e+00
      4.889     5.4536   3.244626    33.3720        205     0.8500  0.000e+00
      5.027     5.4886   3.242781    33.3162        206     0.8542  0.000e+00
      5.184     5.5467   3.242276    33.2526        207     0.8583  0.000e+00
      5.358     5.5935   3.243493    33.2201        208     0.8625  0.000e+00
      5.550     5.6264   3.244440    33.1983        209     0.8667  0.000e+00
      5.747     5.6480   3.243862    33.1703        210     0.8708  0.000e+00
      5.962     5.6627   3.243431    33.1509        211     0.8750  0.000e+00
      6.178     5.6806   3.248285    33.1881        212     0.8792  0.000e+00
      6.402     5.7007   3.255716    33.2523        213     0.8833  0.000e+00
      6.627     5.7308   3.256356    33.2297        214     0.8875  0.000e+00
      6.846     5.7827   3.269826    33.3306        215     0.8917  0.000e+00
