HB2502/sbe088.cnv
* Sea-Bird SBE 19plus V2 Data File:
* FileName = C:\cruise\data\sbe088.hex
* Software Version Seasave V 7.26.7.121
* Temperature SN = 6128
* Conductivity SN = 6128
* System UpLoad Time = Apr 13 2025 18:49:28
* NMEA Latitude = 40 49.24 N
* NMEA Longitude = 067 32.09 W
* NMEA UTC (Time) = Apr 13 2025  18:48:42
** Ship: Henry Bigelow
** Cruise:  HB2502
** Program:  Spring Bottom Trawl
# nquan = 7
# nvalues = 1756                                  
# units = specified
# name 0 = depSM: Depth [salt water, m]
# name 1 = tv290C: Temperature [ITS-90, deg C]
# name 2 = c0S/m: Conductivity [S/m]
# name 3 = sal00: Salinity, Practical [PSU]
# name 4 = scan: Scan Count
# name 5 = timeM: Time, Elapsed [minutes]
# name 6 = flag:  0.000e+00
# span 0 =     -0.139,     74.472                 
# span 1 =     4.8084,     8.4211                 
# span 2 =   0.007139,   3.317187                 
# span 3 =     0.0495,    33.0986                 
# span 4 =         11,       1766                 
# span 5 =     0.0417,     7.3542                 
# span 6 = 0.0000e+00, 0.0000e+00                 
# interval = seconds: 0.25
# start_time = Apr 13 2025 18:48:42 [NMEA time, header]
# bad_flag = -9.990e-29
*END*
[from data line 1026]
     44.782     4.8146   3.098398    32.3037       1037     4.3167  0.000e+00
     44.829     4.8147   3.098417    32.3038       1038     4.3208  0.000e+00
     44.865     4.8149   3.098417    32.3035       1039     4.3250  0.000e+00
     44.906     4.8149   3.098417    32.3035       1040     4.3292  0.000e+00
     44.923     4.8151   3.098417    32.3033       1041     4.3333  0.000e+00
     44.930     4.8151   3.098380    32.3029       1042     4.3375  0.000e+00
     44.910     4.8150   3.098398    32.3032       1043     4.3417  0.000e+00
     44.878     4.8149   3.098350    32.3028       1044     4.3458  0.000e+00
     44.827     4.8148   3.098338    32.3028       1045     4.3500  0.000e+00
     44.753     4.8147   3.098380    32.3034       1046     4.3542  0.000e+00
     44.665     4.8147   3.098380    32.3035       1047     4.3583  0.000e+00
     44.561     4.8148   3.098380    32.3034       1048     4.3625  0.000e+00
     44.454     4.8148   3.098392    32.3036       1049     4.3667  0.000e+00
     44.340     4.8149   3.098338    32.3029       1050     4.3708  0.000e+00
     44.219     4.8150   3.098320    32.3027       1051     4.3750  0.000e+00
     44.106     4.8148   3.098416    32.3041       1052     4.3792  0.000e+00
     43.996     4.8149   3.098670    32.3069       1053     4.3833  0.000e+00
     43.893     4.8157   3.098640    32.3058       1054     4.3875  0.000e+00
     43.808     4.8164   3.098652    32.3053       1055     4.3917  0.000e+00
     43.728     4.8172   3.098670    32.3048       1056     4.3958  0.000e+00
     43.657     4.8175   3.098610    32.3039       1057     4.4000  0.000e+00
     43.601     4.8179   3.098555    32.3028       1058     4.4042  0.000e+00
     43.550     4.8179   3.098652    32.3040       1059     4.4083  0.000e+00
     43.513     4.8180   3.098652    32.3039       1060     4.4125  0.000e+00
     43.483     4.8182   3.098573    32.3029       1061     4.4167  0.000e+00
     43.464     4.8181   3.098537    32.3025       1062     4.4208  0.000e+00
     43.451     4.8180   3.098452    32.3016       1063     4.4250  0.000e+00
     43.438     4.8179   3.098458    32.3018       1064     4.4292  0.000e+00
     43.433     4.8176   3.098416    32.3016       1065     4.4333  0.000e+00
     43.437     4.8172   3.098380    32.3016       1066     4.4375  0.000e+00
     43.443     4.8170   3.098356    32.3016       1067     4.4417  0.000e+00
     43.454     4.8165   3.098332    32.3017       1068     4.4458  0.000e+00
     43.466     4.8162   3.098356    32.3023       1069     4.4500  0.000e+00
     43.469     4.8161   3.098380    32.3027       1070     4.4542  0.000e+00
     43.459     4.8160   3.098380    32.3028       1071     4.4583  0.000e+00
     43.442     4.8160   3.098356    32.3025       1072     4.4625  0.000e+00
     43.417     4.8158   3.098350    32.3026       1073     4.4667  0.000e+00
     43.379     4.8157   3.098301    32.3022       1074     4.4708  0.000e+00
     43.313     4.8156   3.098319    32.3025       1075     4.4750  0.000e+00
     43.245     4.8157   3.098356    32.3029       1076     4.4792  0.000e+00
     43.171     4.8157   3.098495    32.3045       1077     4.4833  0.000e+00
     43.085     4.8160   3.099365    32.3143       1078     4.4875  0.000e+00
     42.995     4.8183   3.100199    32.3218       1079     4.4917  0.000e+00
     42.903     4.8231   3.099691    32.3113       1080     4.4958  0.000e+00
     42.805     4.8272   3.100332    32.3147       1081     4.5000  0.000e+00
     42.709     4.8309   3.099945    32.3067       1082     4.5042  0.000e+00
     42.620     4.8337   3.099691    32.3011       1083     4.5083  0.000e+00
     42.537     4.8345   3.100392    32.3085       1084     4.5125  0.000e+00
     42.470     4.8359   3.099963    32.3021       1085     4.5167  0.000e+00
     42.405     4.8371   3.100120    32.3028       1086     4.5208  0.000e+00
     42.347     4.8375   3.100567    32.3076       1087     4.5250  0.000e+00
     42.304     4.8389   3.100724    32.3081       1088     4.5292  0.000e+00
     42.259     4.8411   3.100664    32.3053       1089     4.5333  0.000e+00
     42.226     4.8426   3.100313    32.2998       1090     4.5375  0.000e+00
     42.189     4.8433   3.099944    32.2949       1091     4.5417  0.000e+00
     42.147     4.8424   3.099691    32.2929       1092     4.5458  0.000e+00
     42.099     4.8403   3.099546    32.2933       1093     4.5500  0.000e+00
     42.042     4.8380   3.099394    32.2938       1094     4.5542  0.000e+00
     41.975     4.8357   3.099963    32.3026       1095     4.5583  0.000e+00
     41.902     4.8348   3.100531    32.3101       1096     4.5625  0.000e+00
     41.825     4.8362   3.100585    32.3094       1097     4.5667  0.000e+00
     41.745     4.8390   3.100706    32.3081       1098     4.5708  0.000e+00
     41.672     4.8412   3.101353    32.3135       1099     4.5750  0.000e+00
     41.610     4.8443   3.101310    32.3100       1100     4.5792  0.000e+00
     41.563     4.8474   3.101510    32.3093       1101     4.5833  0.000e+00
     41.524     4.8503   3.100881    32.2993       1102     4.5875  0.000e+00
     41.486     4.8514   3.100645    32.2955       1103     4.5917  0.000e+00
     41.468     4.8505   3.100663    32.2965       1104     4.5958  0.000e+00
     41.453     4.8490   3.100627    32.2976       1105     4.6000  0.000e+00
     41.433     4.8479   3.100434    32.2965       1106     4.6042  0.000e+00
     41.426     4.8466   3.100391    32.2972       1107     4.6083  0.000e+00
     41.428     4.8455   3.100397    32.2984       1108     4.6125  0.000e+00
     41.420     4.8445   3.100313    32.2983       1109     4.6167  0.000e+00
     41.410     4.8436   3.100488    32.3012       1110     4.6208  0.000e+00
     41.388     4.8433   3.100627    32.3032       1111     4.6250  0.000e+00
     41.361     4.8436   3.101014    32.3074       1112     4.6292  0.000e+00
     41.310     4.8450   3.101667    32.3135       1113     4.6333  0.000e+00
     41.253     4.8478   3.101800    32.3124       1114     4.6375  0.000e+00
     41.182     4.8512   3.101745    32.3085       1115     4.6417  0.000e+00
     41.108     4.8543   3.101606    32.3039       1116     4.6458  0.000e+00
     41.019     4.8558   3.100978    32.2952       1117     4.6500  0.000e+00
     40.920     4.8553   3.101697    32.3041       1118     4.6542  0.000e+00
     40.814     4.8556   3.101685    32.3037       1119     4.6583  0.000e+00
     40.709     4.8563   3.100977    32.2950       1120     4.6625  0.000e+00
     40.606     4.8557   3.101056    32.2964       1121     4.6667  0.000e+00
     40.508     4.8543   3.100687    32.2936       1122     4.6708  0.000e+00
     40.411     4.8527   3.101467    32.3042       1123     4.6750  0.000e+00
     40.331     4.8520   3.101274    32.3027       1124     4.6792  0.000e+00
     40.260     4.8527   3.101467    32.3043       1125     4.6833  0.000e+00
     40.204     4.8537   3.101624    32.3051       1126     4.6875  0.000e+00
     40.162     4.8550   3.101406    32.3014       1127     4.6917  0.000e+00
     40.137     4.8559   3.101594    32.3027       1128     4.6958  0.000e+00
     40.124     4.8565   3.101545    32.3016       1129     4.7000  0.000e+00
     40.124     4.8570   3.101509    32.3007       1130     4.7042  0.000e+00
     40.138     4.8571   3.101431    32.2997       1131     4.7083  0.000e+00
     40.162     4.8571   3.101406    32.2994       1132     4.7125  0.000e+00
     40.191     4.8567   3.101346    32.2990       1133     4.7167  0.000e+00
     40.216     4.8562   3.101310    32.2991       1134     4.7208  0.000e+00
     40.239     4.8559   3.101388    32.3003       1135     4.7250  0.000e+00
     40.252     4.8556   3.101564    32.3026       1136     4.7292  0.000e+00
     40.250     4.8558   3.101431    32.3008       1137     4.7333  0.000e+00
     40.226     4.8561   3.101159    32.2974       1138     4.7375  0.000e+00
     40.174     4.8557   3.101388    32.3005       1139     4.7417  0.000e+00
     40.109     4.8553   3.102077    32.3088       1140     4.7458  0.000e+00
     40.020     4.8567   3.101799    32.3043       1141     4.7500  0.000e+00
     39.922     4.8584   3.101878    32.3037       1142     4.7542  0.000e+00
     39.812     4.8597   3.102501    32.3096       1143     4.7583  0.000e+00
     39.696     4.8618   3.102936    32.3127       1144     4.7625  0.000e+00
     39.584     4.8652   3.102996    32.3101       1145     4.7667  0.000e+00
     39.475     4.8686   3.102603    32.3024       1146     4.7708  0.000e+00
     39.379     4.8704   3.102524    32.2997       1147     4.7750  0.000e+00
     39.295     4.8709   3.102174    32.2952       1148     4.7792  0.000e+00
     39.237     4.8702   3.102464    32.2993       1149     4.7833  0.000e+00
     39.188     4.8697   3.102428    32.2994       1150     4.7875  0.000e+00
     39.156     4.8695   3.102682    32.3025       1151     4.7917  0.000e+00
     39.136     4.8698   3.102506    32.3002       1152     4.7958  0.000e+00
     39.118     4.8703   3.102524    32.2999       1153     4.8000  0.000e+00
     39.111     4.8705   3.102603    32.3007       1154     4.8042  0.000e+00
     39.101     4.8707   3.102464    32.2989       1155     4.8083  0.000e+00
     39.094     4.8705   3.102192    32.2959       1156     4.8125  0.000e+00
     39.078     4.8698   3.102131    32.2959       1157     4.8167  0.000e+00
     39.058     4.8687   3.102567    32.3021       1158     4.8208  0.000e+00
     39.022     4.8686   3.103214    32.3096       1159     4.8250  0.000e+00
     38.982     4.8707   3.103486    32.3107       1160     4.8292  0.000e+00
     38.927     4.8739   3.103425    32.3070       1161     4.8333  0.000e+00
     38.870     4.8766   3.102875    32.2980       1162     4.8375  0.000e+00
     38.813     4.8774   3.103080    32.2996       1163     4.8417  0.000e+00
     38.752     4.8775   3.103328    32.3024       1164     4.8458  0.000e+00
     38.685     4.8782   3.103389    32.3025       1165     4.8500  0.000e+00
     38.622     4.8792   3.103328    32.3008       1166     4.8542  0.000e+00
     38.557     4.8798   3.103328    32.3002       1167     4.8583  0.000e+00
     38.499     4.8805   3.103183    32.2979       1168     4.8625  0.000e+00
     38.439     4.8802   3.103364    32.3003       1169     4.8667  0.000e+00
     38.390     4.8804   3.103189    32.2981       1170     4.8708  0.000e+00
     38.329     4.8804   3.103250    32.2989       1171     4.8750  0.000e+00
     38.274     4.8802   3.103153    32.2980       1172     4.8792  0.000e+00
     38.221     4.8801   3.102959    32.2959       1173     4.8833  0.000e+00
     38.154     4.8792   3.103014    32.2974       1174     4.8875  0.000e+00
     38.076     4.8785   3.103364    32.3022       1175     4.8917  0.000e+00
     37.997     4.8788   3.103485    32.3033       1176     4.8958  0.000e+00
     37.904     4.8799   3.103624    32.3039       1177     4.9000  0.000e+00
     37.812     4.8812   3.103661    32.3031       1178     4.9042  0.000e+00
     37.715     4.8824   3.103455    32.2996       1179     4.9083  0.000e+00
     37.621     4.8830   3.103189    32.2960       1180     4.9125  0.000e+00
     37.536     4.8826   3.103074    32.2951       1181     4.9167  0.000e+00
     37.452     4.8815   3.103267    32.2985       1182     4.9208  0.000e+00
     37.378     4.8809   3.103092    32.2970       1183     4.9250  0.000e+00
     37.303     4.8802   3.103140    32.2983       1184     4.9292  0.000e+00
     37.246     4.8797   3.102953    32.2967       1185     4.9333  0.000e+00
     37.190     4.8795   3.103521    32.3034       1186     4.9375  0.000e+00
     37.146     4.8797   3.103679    32.3051       1187     4.9417  0.000e+00
     37.099     4.8812   3.103485    32.3014       1188     4.9458  0.000e+00
     37.064     4.8824   3.103533    32.3009       1189     4.9500  0.000e+00
     37.039     4.8830   3.103642    32.3016       1190     4.9542  0.000e+00
     37.004     4.8838   3.103739    32.3019       1191     4.9583  0.000e+00
     36.970     4.8845   3.103817    32.3022       1192     4.9625  0.000e+00
     36.930     4.8855   3.103878    32.3019       1193     4.9667  0.000e+00
     36.892     4.8863   3.104011    32.3026       1194     4.9708  0.000e+00
     36.836     4.8873   3.103582    32.2968       1195     4.9750  0.000e+00
     36.771     4.8876   3.103582    32.2965       1196     4.9792  0.000e+00
     36.690     4.8869   3.103624    32.2977       1197     4.9833  0.000e+00
     36.586     4.8864   3.103781    32.3001       1198     4.9875  0.000e+00
     36.478     4.8865   3.103763    32.2998       1199     4.9917  0.000e+00
     36.350     4.8868   3.103503    32.2966       1200     4.9958  0.000e+00
     36.218     4.8868   3.103642    32.2982       1201     5.0000  0.000e+00
     36.077     4.8864   3.103327    32.2951       1202     5.0042  0.000e+00
     35.934     4.8856   3.103563    32.2986       1203     5.0083  0.000e+00
     35.795     4.8850   3.103763    32.3016       1204     5.0125  0.000e+00
     35.668     4.8855   3.104071    32.3048       1205     5.0167  0.000e+00
     35.549     4.8868   3.104035    32.3031       1206     5.0208  0.000e+00
     35.445     4.8884   3.103974    32.3009       1207     5.0250  0.000e+00
     35.356     4.8894   3.104010    32.3004       1208     5.0292  0.000e+00
     35.289     4.8900   3.103992    32.2997       1209     5.0333  0.000e+00
     35.238     4.8905   3.103968    32.2989       1210     5.0375  0.000e+00
     35.193     4.8908   3.103956    32.2985       1211     5.0417  0.000e+00
     35.162     4.8909   3.103877    32.2975       1212     5.0458  0.000e+00
     35.142     4.8907   3.104010    32.2992       1213     5.0500  0.000e+00
     35.112     4.8907   3.104149    32.3008       1214     5.0542  0.000e+00
     35.092     4.8911   3.104010    32.2988       1215     5.0583  0.000e+00
     35.068     4.8914   3.103853    32.2968       1216     5.0625  0.000e+00
     35.039     4.8911   3.103835    32.2968       1217     5.0667  0.000e+00
     35.010     4.8906   3.103895    32.2981       1218     5.0708  0.000e+00
     34.970     4.8902   3.104053    32.3003       1219     5.0750  0.000e+00
     34.927     4.8905   3.103744    32.2965       1220     5.0792  0.000e+00
     34.867     4.8903   3.103799    32.2973       1221     5.0833  0.000e+00
     34.802     4.8901   3.103756    32.2971       1222     5.0875  0.000e+00
     34.726     4.8897   3.103702    32.2969       1223     5.0917  0.000e+00
     34.639     4.8891   3.103720    32.2978       1224     5.0958  0.000e+00
     34.543     4.8887   3.104095    32.3024       1225     5.1000  0.000e+00
     34.435     4.8891   3.104367    32.3053       1226     5.1042  0.000e+00
     34.313     4.8908   3.104052    32.3000       1227     5.1083  0.000e+00
     34.188     4.8919   3.104113    32.2997       1228     5.1125  0.000e+00
     34.064     4.8925   3.104167    32.2998       1229     5.1167  0.000e+00
     33.935     4.8930   3.104258    32.3005       1230     5.1208  0.000e+00
     33.820     4.8935   3.104228    32.2997       1231     5.1250  0.000e+00
     33.714     4.8940   3.103955    32.2961       1232     5.1292  0.000e+00
     33.630     4.8939   3.103913    32.2958       1233     5.1333  0.000e+00
     33.556     4.8933   3.103816    32.2952       1234     5.1375  0.000e+00
     33.502     4.8923   3.103865    32.2969       1235     5.1417  0.000e+00
     33.464     4.8916   3.103931    32.2983       1236     5.1458  0.000e+00
     33.439     4.8912   3.103738    32.2964       1237     5.1500  0.000e+00
     33.431     4.8908   3.103798    32.2975       1238     5.1542  0.000e+00
     33.429     4.8904   3.103835    32.2983       1239     5.1583  0.000e+00
     33.422     4.8900   3.103877    32.2992       1240     5.1625  0.000e+00
