HB2502/sbe034.cnv
* Sea-Bird SBE 19plus V2 Data File:
* FileName = C:\cruise\data\sbe034.hex
* Software Version Seasave V 7.26.7.121
* Temperature SN = 6128
* Conductivity SN = 6128
* System UpLoad Time = Mar 19 2025 18:57:32
* NMEA Latitude = 39 16.64 N
* NMEA Longitude = 073 08.69 W
* NMEA UTC (Time) = Mar 19 2025  18:56:20
** Ship: Henry Bigelow
** Cruise:  HB2502
** Program:  Spring Bottom Trawl
# nquan = 7
# nvalues = 1473                                  
# units = specified
# name 0 = depSM: Depth [salt water, m]
# name 1 = tv290C: Temperature [ITS-90, deg C]
# name 2 = c0S/m: Conductivity [S/m]
# name 3 = sal00: Salinity, Practical [PSU]
# name 4 = scan: Scan Count
# name 5 = timeM: Time, Elapsed [minutes]
# name 6 = flag:  0.000e+00
# span 0 =      0.005,     60.612                 
# span 1 =     5.5853,     9.6787                 
# span 2 =   0.005671,   3.515446                 
# span 3 =     0.0388,    33.5434                 
# span 4 =          1,       1473                 
# span 5 =     0.0000,     6.1333                 
# span 6 = 0.0000e+00, 0.0000e+00                 
# interval = seconds: 0.25
# start_time = Mar 19 2025 18:56:20 [NMEA time, header]
# bad_flag = -9.990e-29
*END*
[from data line 1026]
     24.753     7.0720   3.354811    33.0109       1027     4.2750  0.000e+00
     24.677     7.0727   3.354829    33.0105       1028     4.2792  0.000e+00
     24.617     7.0729   3.354829    33.0103       1029     4.2833  0.000e+00
     24.568     7.0735   3.354767    33.0091       1030     4.2875  0.000e+00
     24.536     7.0739   3.354811    33.0093       1031     4.2917  0.000e+00
     24.517     7.0743   3.354811    33.0088       1032     4.2958  0.000e+00
     24.508     7.0751   3.354829    33.0083       1033     4.3000  0.000e+00
     24.517     7.0756   3.354767    33.0071       1034     4.3042  0.000e+00
     24.522     7.0757   3.354811    33.0075       1035     4.3083  0.000e+00
     24.532     7.0761   3.354786    33.0069       1036     4.3125  0.000e+00
     24.540     7.0761   3.354829    33.0073       1037     4.3167  0.000e+00
     24.542     7.0762   3.354829    33.0072       1038     4.3208  0.000e+00
     24.551     7.0763   3.354829    33.0071       1039     4.3250  0.000e+00
     24.549     7.0760   3.354873    33.0079       1040     4.3292  0.000e+00
     24.545     7.0757   3.354829    33.0077       1041     4.3333  0.000e+00
     24.532     7.0756   3.354848    33.0080       1042     4.3375  0.000e+00
     24.521     7.0755   3.354854    33.0082       1043     4.3417  0.000e+00
     24.494     7.0755   3.354848    33.0081       1044     4.3458  0.000e+00
     24.465     7.0756   3.354811    33.0076       1045     4.3500  0.000e+00
     24.436     7.0756   3.354786    33.0073       1046     4.3542  0.000e+00
     24.394     7.0758   3.354854    33.0079       1047     4.3583  0.000e+00
     24.351     7.0759   3.354873    33.0081       1048     4.3625  0.000e+00
     24.296     7.0762   3.354848    33.0075       1049     4.3667  0.000e+00
     24.233     7.0767   3.354829    33.0069       1050     4.3708  0.000e+00
     24.166     7.0768   3.354829    33.0068       1051     4.3750  0.000e+00
     24.077     7.0772   3.354829    33.0065       1052     4.3792  0.000e+00
     23.982     7.0774   3.354848    33.0065       1053     4.3833  0.000e+00
     23.871     7.0779   3.354898    33.0066       1054     4.3875  0.000e+00
     23.759     7.0785   3.355004    33.0073       1055     4.3917  0.000e+00
     23.638     7.0793   3.355234    33.0091       1056     4.3958  0.000e+00
     23.511     7.0807   3.355365    33.0092       1057     4.4000  0.000e+00
     23.368     7.0823   3.355359    33.0077       1058     4.4042  0.000e+00
     23.243     7.0834   3.355365    33.0067       1059     4.4083  0.000e+00
     23.109     7.0842   3.355440    33.0069       1060     4.4125  0.000e+00
     22.972     7.0851   3.355452    33.0062       1061     4.4167  0.000e+00
     22.856     7.0858   3.355433    33.0054       1062     4.4208  0.000e+00
     22.740     7.0861   3.355439    33.0052       1063     4.4250  0.000e+00
     22.636     7.0864   3.355470    33.0054       1064     4.4292  0.000e+00
     22.539     7.0866   3.355439    33.0049       1065     4.4333  0.000e+00
     22.441     7.0867   3.355470    33.0052       1066     4.4375  0.000e+00
     22.357     7.0869   3.355477    33.0051       1067     4.4417  0.000e+00
     22.278     7.0871   3.355452    33.0047       1068     4.4458  0.000e+00
     22.218     7.0870   3.355433    33.0046       1069     4.4500  0.000e+00
     22.158     7.0867   3.355458    33.0051       1070     4.4542  0.000e+00
     22.111     7.0869   3.355558    33.0061       1071     4.4583  0.000e+00
     22.073     7.0872   3.355620    33.0065       1072     4.4625  0.000e+00
     22.050     7.0878   3.355601    33.0057       1073     4.4667  0.000e+00
     22.033     7.0883   3.355663    33.0059       1074     4.4708  0.000e+00
     22.029     7.0887   3.355663    33.0056       1075     4.4750  0.000e+00
     22.039     7.0890   3.355726    33.0059       1076     4.4792  0.000e+00
     22.062     7.0893   3.355707    33.0054       1077     4.4833  0.000e+00
     22.079     7.0896   3.355707    33.0051       1078     4.4875  0.000e+00
     22.099     7.0895   3.355645    33.0045       1079     4.4917  0.000e+00
     22.118     7.0896   3.355582    33.0038       1080     4.4958  0.000e+00
     22.136     7.0892   3.355558    33.0039       1081     4.5000  0.000e+00
     22.142     7.0888   3.355582    33.0045       1082     4.5042  0.000e+00
     22.147     7.0887   3.355558    33.0043       1083     4.5083  0.000e+00
     22.129     7.0884   3.355514    33.0041       1084     4.5125  0.000e+00
     22.105     7.0883   3.355582    33.0050       1085     4.5167  0.000e+00
     22.067     7.0882   3.355601    33.0053       1086     4.5208  0.000e+00
     22.012     7.0883   3.355620    33.0055       1087     4.5250  0.000e+00
     21.945     7.0886   3.355620    33.0052       1088     4.5292  0.000e+00
     21.857     7.0888   3.355645    33.0053       1089     4.5333  0.000e+00
     21.750     7.0890   3.355645    33.0052       1090     4.5375  0.000e+00
     21.622     7.0890   3.355620    33.0050       1091     4.5417  0.000e+00
     21.478     7.0891   3.355620    33.0050       1092     4.5458  0.000e+00
     21.326     7.0891   3.355601    33.0048       1093     4.5500  0.000e+00
     21.178     7.0890   3.355707    33.0061       1094     4.5542  0.000e+00
     21.022     7.0892   3.355806    33.0071       1095     4.5583  0.000e+00
     20.870     7.0899   3.355856    33.0070       1096     4.5625  0.000e+00
     20.716     7.0906   3.355825    33.0061       1097     4.5667  0.000e+00
     20.569     7.0909   3.355837    33.0060       1098     4.5708  0.000e+00
     20.441     7.0913   3.355813    33.0055       1099     4.5750  0.000e+00
     20.305     7.0915   3.355725    33.0044       1100     4.5792  0.000e+00
     20.185     7.0912   3.355663    33.0040       1101     4.5833  0.000e+00
     20.079     7.0909   3.355682    33.0046       1102     4.5875  0.000e+00
     19.977     7.0905   3.355663    33.0048       1103     4.5917  0.000e+00
     19.894     7.0902   3.355681    33.0053       1104     4.5958  0.000e+00
     19.821     7.0903   3.355837    33.0070       1105     4.6000  0.000e+00
     19.759     7.0907   3.355843    33.0067       1106     4.6042  0.000e+00
     19.707     7.0910   3.355706    33.0049       1107     4.6083  0.000e+00
     19.658     7.0911   3.355582    33.0035       1108     4.6125  0.000e+00
     19.611     7.0906   3.355557    33.0037       1109     4.6167  0.000e+00
     19.573     7.0901   3.355557    33.0042       1110     4.6208  0.000e+00
     19.537     7.0896   3.355538    33.0045       1111     4.6250  0.000e+00
     19.503     7.0895   3.355513    33.0043       1112     4.6292  0.000e+00
     19.456     7.0892   3.355619    33.0058       1113     4.6333  0.000e+00
     19.409     7.0895   3.355538    33.0047       1114     4.6375  0.000e+00
     19.359     7.0896   3.355557    33.0048       1115     4.6417  0.000e+00
     19.294     7.0895   3.355582    33.0052       1116     4.6458  0.000e+00
     19.226     7.0895   3.355538    33.0047       1117     4.6500  0.000e+00
     19.146     7.0896   3.355538    33.0047       1118     4.6542  0.000e+00
     19.062     7.0895   3.355513    33.0045       1119     4.6583  0.000e+00
     18.988     7.0893   3.355519    33.0049       1120     4.6625  0.000e+00
     18.908     7.0894   3.355538    33.0051       1121     4.6667  0.000e+00
     18.829     7.0893   3.355538    33.0051       1122     4.6708  0.000e+00
     18.753     7.0894   3.355500    33.0047       1123     4.6750  0.000e+00
     18.688     7.0896   3.355513    33.0047       1124     4.6792  0.000e+00
     18.619     7.0895   3.355475    33.0043       1125     4.6833  0.000e+00
     18.549     7.0896   3.355513    33.0047       1126     4.6875  0.000e+00
     18.488     7.0895   3.355500    33.0047       1127     4.6917  0.000e+00
     18.417     7.0895   3.355494    33.0046       1128     4.6958  0.000e+00
     18.335     7.0896   3.355494    33.0046       1129     4.7000  0.000e+00
     18.252     7.0896   3.355500    33.0047       1130     4.7042  0.000e+00
     18.149     7.0896   3.355469    33.0044       1131     4.7083  0.000e+00
     18.048     7.0896   3.355475    33.0045       1132     4.7125  0.000e+00
     17.931     7.0899   3.355494    33.0046       1133     4.7167  0.000e+00
     17.805     7.0898   3.355724    33.0072       1134     4.7208  0.000e+00
     17.662     7.0907   3.355749    33.0067       1135     4.7250  0.000e+00
     17.533     7.0920   3.355855    33.0066       1136     4.7292  0.000e+00
     17.406     7.0933   3.355843    33.0053       1137     4.7333  0.000e+00
     17.278     7.0939   3.355855    33.0050       1138     4.7375  0.000e+00
     17.151     7.0943   3.355780    33.0038       1139     4.7417  0.000e+00
     17.043     7.0943   3.355730    33.0033       1140     4.7458  0.000e+00
     16.943     7.0944   3.355556    33.0014       1141     4.7500  0.000e+00
     16.848     7.0936   3.355581    33.0025       1142     4.7542  0.000e+00
     16.766     7.0931   3.355599    33.0032       1143     4.7583  0.000e+00
     16.685     7.0927   3.355493    33.0024       1144     4.7625  0.000e+00
     16.611     7.0922   3.355618    33.0044       1145     4.7667  0.000e+00
     16.546     7.0920   3.355537    33.0036       1146     4.7708  0.000e+00
     16.484     7.0920   3.355599    33.0044       1147     4.7750  0.000e+00
     16.418     7.0920   3.355537    33.0037       1148     4.7792  0.000e+00
     16.357     7.0920   3.355618    33.0046       1149     4.7833  0.000e+00
     16.300     7.0920   3.355437    33.0027       1150     4.7875  0.000e+00
     16.236     7.0916   3.355643    33.0054       1151     4.7917  0.000e+00
     16.173     7.0919   3.355749    33.0063       1152     4.7958  0.000e+00
     16.107     7.0927   3.355743    33.0055       1153     4.8000  0.000e+00
     16.038     7.0935   3.355686    33.0041       1154     4.8042  0.000e+00
     15.975     7.0938   3.355699    33.0040       1155     4.8083  0.000e+00
     15.898     7.0939   3.355705    33.0040       1156     4.8125  0.000e+00
     15.835     7.0942   3.355580    33.0024       1157     4.8167  0.000e+00
     15.761     7.0938   3.355661    33.0037       1158     4.8208  0.000e+00
     15.690     7.0936   3.355599    33.0032       1159     4.8250  0.000e+00
     15.621     7.0936   3.355724    33.0046       1160     4.8292  0.000e+00
     15.559     7.0935   3.355730    33.0048       1161     4.8333  0.000e+00
     15.498     7.0939   3.355680    33.0039       1162     4.8375  0.000e+00
     15.443     7.0940   3.355730    33.0044       1163     4.8417  0.000e+00
     15.387     7.0943   3.355761    33.0045       1164     4.8458  0.000e+00
     15.342     7.0947   3.355773    33.0043       1165     4.8500  0.000e+00
     15.300     7.0951   3.355792    33.0041       1166     4.8542  0.000e+00
     15.258     7.0952   3.355780    33.0038       1167     4.8583  0.000e+00
     15.216     7.0955   3.355811    33.0040       1168     4.8625  0.000e+00
     15.175     7.0956   3.355805    33.0038       1169     4.8667  0.000e+00
     15.139     7.0955   3.355748    33.0033       1170     4.8708  0.000e+00
     15.103     7.0955   3.355742    33.0032       1171     4.8750  0.000e+00
     15.058     7.0953   3.355773    33.0037       1172     4.8792  0.000e+00
     15.009     7.0953   3.355761    33.0037       1173     4.8833  0.000e+00
     14.953     7.0955   3.355792    33.0038       1174     4.8875  0.000e+00
     14.891     7.0956   3.355879    33.0047       1175     4.8917  0.000e+00
     14.826     7.0959   3.355804    33.0037       1176     4.8958  0.000e+00
     14.750     7.0959   3.355792    33.0036       1177     4.9000  0.000e+00
     14.674     7.0961   3.355842    33.0039       1178     4.9042  0.000e+00
     14.591     7.0961   3.355835    33.0039       1179     4.9083  0.000e+00
     14.489     7.0962   3.355885    33.0044       1180     4.9125  0.000e+00
     14.427     7.0964   3.355835    33.0037       1181     4.9167  0.000e+00
     14.369     7.0966   3.355854    33.0038       1182     4.9208  0.000e+00
     14.351     7.0967   3.355842    33.0036       1183     4.9250  0.000e+00
     14.320     7.0966   3.355898    33.0043       1184     4.9292  0.000e+00
     14.262     7.0968   3.355885    33.0040       1185     4.9333  0.000e+00
     14.176     7.0969   3.356135    33.0066       1186     4.9375  0.000e+00
     14.051     7.0975   3.356172    33.0066       1187     4.9417  0.000e+00
     13.942     7.0985   3.356153    33.0054       1188     4.9458  0.000e+00
     13.826     7.0991   3.356240    33.0058       1189     4.9500  0.000e+00
     13.716     7.0996   3.356228    33.0053       1190     4.9542  0.000e+00
     13.607     7.1003   3.356714    33.0100       1191     4.9583  0.000e+00
     13.507     7.1019   3.356758    33.0090       1192     4.9625  0.000e+00
     13.417     7.1037   3.356757    33.0073       1193     4.9667  0.000e+00
     13.332     7.1051   3.356496    33.0031       1194     4.9708  0.000e+00
     13.255     7.1050   3.356539    33.0037       1195     4.9750  0.000e+00
     13.196     7.1049   3.357381    33.0130       1196     4.9792  0.000e+00
     13.136     7.1068   3.356882    33.0058       1197     4.9833  0.000e+00
     13.089     7.1078   3.356845    33.0044       1198     4.9875  0.000e+00
     13.050     7.1079   3.357306    33.0094       1199     4.9917  0.000e+00
     13.015     7.1093   3.357593    33.0112       1200     4.9958  0.000e+00
     12.987     7.1112   3.356944    33.0024       1201     5.0000  0.000e+00
     12.962     7.1110   3.356926    33.0023       1202     5.0042  0.000e+00
     12.944     7.1104   3.357025    33.0041       1203     5.0083  0.000e+00
     12.931     7.1098   3.356969    33.0039       1204     5.0125  0.000e+00
     12.907     7.1093   3.356907    33.0038       1205     5.0167  0.000e+00
     12.882     7.1091   3.356901    33.0039       1206     5.0208  0.000e+00
     12.858     7.1088   3.356907    33.0043       1207     5.0250  0.000e+00
     12.835     7.1085   3.356838    33.0039       1208     5.0292  0.000e+00
     12.801     7.1082   3.356732    33.0030       1209     5.0333  0.000e+00
     12.768     7.1077   3.356782    33.0041       1210     5.0375  0.000e+00
     12.732     7.1074   3.356801    33.0046       1211     5.0417  0.000e+00
     12.696     7.1071   3.356776    33.0046       1212     5.0458  0.000e+00
     12.650     7.1070   3.356820    33.0052       1213     5.0500  0.000e+00
     12.601     7.1074   3.357505    33.0123       1214     5.0542  0.000e+00
     12.544     7.1092   3.357779    33.0136       1215     5.0583  0.000e+00
     12.483     7.1121   3.357979    33.0130       1216     5.0625  0.000e+00
     12.416     7.1145   3.357835    33.0092       1217     5.0667  0.000e+00
     12.339     7.1167   3.357723    33.0058       1218     5.0708  0.000e+00
     12.249     7.1173   3.358060    33.0091       1219     5.0750  0.000e+00
     12.162     7.1180   3.358278    33.0108       1220     5.0792  0.000e+00
     12.055     7.1195   3.358558    33.0124       1221     5.0833  0.000e+00
     11.946     7.1223   3.357898    33.0026       1222     5.0875  0.000e+00
     11.820     7.1219   3.357916    33.0032       1223     5.0917  0.000e+00
     11.691     7.1210   3.358309    33.0085       1224     5.0958  0.000e+00
     11.552     7.1213   3.359606    33.0224       1225     5.1000  0.000e+00
     11.409     7.1258   3.359899    33.0214       1226     5.1042  0.000e+00
     11.264     7.1305   3.360229    33.0205       1227     5.1083  0.000e+00
     11.112     7.1355   3.360878    33.0228       1228     5.1125  0.000e+00
     10.954     7.1408   3.362487    33.0354       1229     5.1167  0.000e+00
     10.815     7.1487   3.362443    33.0274       1230     5.1208  0.000e+00
