HB2502/sbe054.cnv
* Sea-Bird SBE 19plus V2 Data File:
* FileName = C:\cruise\data\sbe054.hex
* Software Version Seasave V 7.26.7.121
* Temperature SN = 6128
* Conductivity SN = 6128
* System UpLoad Time = Apr 03 2025 04:26:57
* NMEA Latitude = 40 23.49 N
* NMEA Longitude = 071 56.37 W
* NMEA UTC (Time) = Apr 03 2025  04:26:00
** Ship: Henry Bigelow
** Cruise:  HB2502
** Program:  Spring Bottom Trawl
# nquan = 7
# nvalues = 1591                                  
# units = specified
# name 0 = depSM: Depth [salt water, m]
# name 1 = tv290C: Temperature [ITS-90, deg C]
# name 2 = c0S/m: Conductivity [S/m]
# name 3 = sal00: Salinity, Practical [PSU]
# name 4 = scan: Scan Count
# name 5 = timeM: Time, Elapsed [minutes]
# name 6 = flag:  0.000e+00
# span 0 =      0.340,     65.567                 
# span 1 =     6.2601,     7.1301                 
# span 2 =   0.006696,   3.367049                 
# span 3 =     0.0478,    33.2830                 
# span 4 =         11,       1601                 
# span 5 =     0.0417,     6.6667                 
# span 6 = 0.0000e+00, 0.0000e+00                 
# interval = seconds: 0.25
# start_time = Apr 03 2025 04:26:00 [NMEA time, header]
# bad_flag = -9.990e-29
*END*
[from data line 616]
     65.174     6.2609   3.304956    33.2257        627     2.6083  0.000e+00
     65.158     6.2611   3.304937    33.2254        628     2.6125  0.000e+00
     65.127     6.2613   3.304956    33.2254        629     2.6167  0.000e+00
     65.080     6.2612   3.304925    33.2252        630     2.6208  0.000e+00
     65.000     6.2614   3.304956    33.2254        631     2.6250  0.000e+00
     64.913     6.2613   3.304956    33.2255        632     2.6292  0.000e+00
     64.811     6.2614   3.304925    33.2251        633     2.6333  0.000e+00
     64.695     6.2615   3.304937    33.2252        634     2.6375  0.000e+00
     64.565     6.2614   3.304894    33.2249        635     2.6417  0.000e+00
     64.423     6.2614   3.304925    33.2253        636     2.6458  0.000e+00
     64.275     6.2613   3.304875    33.2249        637     2.6500  0.000e+00
     64.126     6.2612   3.304912    33.2255        638     2.6542  0.000e+00
     63.984     6.2614   3.304887    33.2251        639     2.6583  0.000e+00
     63.834     6.2614   3.304893    33.2252        640     2.6625  0.000e+00
     63.692     6.2613   3.304850    33.2249        641     2.6667  0.000e+00
     63.560     6.2614   3.304875    33.2252        642     2.6708  0.000e+00
     63.443     6.2613   3.304850    33.2250        643     2.6750  0.000e+00
     63.340     6.2613   3.304807    33.2246        644     2.6792  0.000e+00
     63.242     6.2613   3.304831    33.2250        645     2.6833  0.000e+00
     63.157     6.2614   3.304868    33.2253        646     2.6875  0.000e+00
     63.081     6.2615   3.304850    33.2251        647     2.6917  0.000e+00
     63.012     6.2616   3.304912    33.2257        648     2.6958  0.000e+00
     62.947     6.2618   3.304887    33.2252        649     2.7000  0.000e+00
     62.889     6.2619   3.304912    33.2254        650     2.7042  0.000e+00
     62.835     6.2620   3.304875    33.2250        651     2.7083  0.000e+00
     62.772     6.2622   3.304825    33.2243        652     2.7125  0.000e+00
     62.705     6.2622   3.304806    33.2241        653     2.7167  0.000e+00
     62.634     6.2619   3.304806    33.2244        654     2.7208  0.000e+00
     62.547     6.2619   3.304825    33.2247        655     2.7250  0.000e+00
     62.457     6.2618   3.304850    33.2251        656     2.7292  0.000e+00
     62.365     6.2619   3.304831    33.2248        657     2.7333  0.000e+00
     62.257     6.2617   3.304806    33.2248        658     2.7375  0.000e+00
     62.149     6.2619   3.304825    33.2249        659     2.7417  0.000e+00
     62.043     6.2618   3.304874    33.2255        660     2.7458  0.000e+00
     61.934     6.2621   3.304874    33.2253        661     2.7500  0.000e+00
     61.824     6.2623   3.304868    33.2251        662     2.7542  0.000e+00
     61.715     6.2625   3.304893    33.2252        663     2.7583  0.000e+00
     61.612     6.2626   3.304831    33.2245        664     2.7625  0.000e+00
     61.513     6.2626   3.304787    33.2240        665     2.7667  0.000e+00
     61.414     6.2624   3.304831    33.2247        666     2.7708  0.000e+00
     61.313     6.2624   3.304787    33.2244        667     2.7750  0.000e+00
     61.216     6.2623   3.304744    33.2240        668     2.7792  0.000e+00
     61.130     6.2622   3.304787    33.2246        669     2.7833  0.000e+00
     61.050     6.2622   3.304769    33.2245        670     2.7875  0.000e+00
     60.971     6.2624   3.304787    33.2245        671     2.7917  0.000e+00
     60.900     6.2622   3.304806    33.2250        672     2.7958  0.000e+00
     60.836     6.2624   3.304744    33.2241        673     2.8000  0.000e+00
     60.777     6.2623   3.304769    33.2245        674     2.8042  0.000e+00
     60.723     6.2622   3.304707    33.2240        675     2.8083  0.000e+00
     60.666     6.2620   3.304744    33.2246        676     2.8125  0.000e+00
     60.612     6.2619   3.304725    33.2245        677     2.8167  0.000e+00
     60.559     6.2620   3.304725    33.2244        678     2.8208  0.000e+00
     60.501     6.2618   3.304744    33.2248        679     2.8250  0.000e+00
     60.443     6.2619   3.304725    33.2245        680     2.8292  0.000e+00
     60.371     6.2621   3.304707    33.2242        681     2.8333  0.000e+00
     60.295     6.2619   3.304700    33.2244        682     2.8375  0.000e+00
     60.209     6.2619   3.304700    33.2244        683     2.8417  0.000e+00
     60.108     6.2618   3.304638    33.2238        684     2.8458  0.000e+00
     59.990     6.2615   3.304663    33.2245        685     2.8500  0.000e+00
     59.856     6.2617   3.304682    33.2246        686     2.8542  0.000e+00
     59.713     6.2615   3.304743    33.2255        687     2.8583  0.000e+00
     59.561     6.2620   3.304663    33.2242        688     2.8625  0.000e+00
     59.397     6.2621   3.304700    33.2246        689     2.8667  0.000e+00
     59.223     6.2620   3.304663    33.2244        690     2.8708  0.000e+00
     59.056     6.2622   3.304725    33.2250        691     2.8750  0.000e+00
     58.892     6.2623   3.304725    33.2250        692     2.8792  0.000e+00
     58.734     6.2625   3.304830    33.2260        693     2.8833  0.000e+00
     58.591     6.2632   3.304743    33.2244        694     2.8875  0.000e+00
     58.468     6.2635   3.304743    33.2241        695     2.8917  0.000e+00
     58.360     6.2637   3.304681    33.2234        696     2.8958  0.000e+00
     58.262     6.2635   3.304724    33.2240        697     2.9000  0.000e+00
     58.184     6.2634   3.304743    33.2244        698     2.9042  0.000e+00
     58.115     6.2635   3.304724    33.2242        699     2.9083  0.000e+00
     58.065     6.2636   3.304743    33.2243        700     2.9125  0.000e+00
     58.015     6.2638   3.304786    33.2246        701     2.9167  0.000e+00
     57.977     6.2640   3.304805    33.2246        702     2.9208  0.000e+00
     57.944     6.2643   3.304830    33.2246        703     2.9250  0.000e+00
     57.920     6.2647   3.304805    33.2240        704     2.9292  0.000e+00
     57.893     6.2648   3.304786    33.2237        705     2.9333  0.000e+00
     57.866     6.2651   3.304830    33.2239        706     2.9375  0.000e+00
     57.839     6.2653   3.304805    33.2234        707     2.9417  0.000e+00
     57.799     6.2651   3.304743    33.2229        708     2.9458  0.000e+00
     57.761     6.2651   3.304724    33.2228        709     2.9500  0.000e+00
     57.701     6.2649   3.304743    33.2232        710     2.9542  0.000e+00
     57.629     6.2645   3.304743    33.2236        711     2.9583  0.000e+00
     57.542     6.2644   3.304724    33.2235        712     2.9625  0.000e+00
     57.435     6.2646   3.304743    33.2236        713     2.9667  0.000e+00
     57.320     6.2642   3.304743    33.2241        714     2.9708  0.000e+00
     57.189     6.2644   3.304743    33.2240        715     2.9750  0.000e+00
     57.050     6.2647   3.304786    33.2242        716     2.9792  0.000e+00
     56.907     6.2648   3.304705    33.2232        717     2.9833  0.000e+00
     56.762     6.2649   3.304742    33.2236        718     2.9875  0.000e+00
     56.617     6.2651   3.304742    33.2236        719     2.9917  0.000e+00
     56.492     6.2651   3.304699    33.2232        720     2.9958  0.000e+00
     56.369     6.2651   3.304786    33.2242        721     3.0000  0.000e+00
     56.253     6.2653   3.304662    33.2226        722     3.0042  0.000e+00
     56.143     6.2653   3.304699    33.2231        723     3.0083  0.000e+00
     56.044     6.2651   3.304662    33.2229        724     3.0125  0.000e+00
     55.953     6.2649   3.304662    33.2232        725     3.0167  0.000e+00
     55.864     6.2651   3.304724    33.2237        726     3.0208  0.000e+00
     55.776     6.2651   3.304724    33.2238        727     3.0250  0.000e+00
     55.693     6.2652   3.304724    33.2237        728     3.0292  0.000e+00
     55.608     6.2655   3.305355    33.2305        729     3.0333  0.000e+00
     55.521     6.2677   3.305622    33.2313        730     3.0375  0.000e+00
     55.440     6.2712   3.304996    33.2210        731     3.0417  0.000e+00
     55.349     6.2723   3.305120    33.2213        732     3.0458  0.000e+00
     55.269     6.2721   3.305250    33.2231        733     3.0500  0.000e+00
     55.182     6.2723   3.305182    33.2221        734     3.0542  0.000e+00
     55.099     6.2725   3.305145    33.2215        735     3.0583  0.000e+00
     55.010     6.2726   3.305312    33.2233        736     3.0625  0.000e+00
     54.931     6.2730   3.305262    33.2224        737     3.0667  0.000e+00
     54.844     6.2735   3.305293    33.2224        738     3.0708  0.000e+00
     54.768     6.2738   3.305312    33.2223        739     3.0750  0.000e+00
     54.683     6.2742   3.305467    33.2236        740     3.0792  0.000e+00
     54.607     6.2752   3.305776    33.2262        741     3.0833  0.000e+00
     54.531     6.2767   3.305962    33.2269        742     3.0875  0.000e+00
     54.452     6.2795   3.306222    33.2270        743     3.0917  0.000e+00
     54.377     6.2826   3.305795    33.2192        744     3.0958  0.000e+00
     54.303     6.2835   3.305435    33.2144        745     3.1000  0.000e+00
     54.230     6.2820   3.305603    33.2178        746     3.1042  0.000e+00
     54.158     6.2806   3.305962    33.2232        747     3.1083  0.000e+00
     54.092     6.2811   3.306030    33.2235        748     3.1125  0.000e+00
     54.015     6.2828   3.306594    33.2282        749     3.1167  0.000e+00
     53.943     6.2859   3.306402    33.2230        750     3.1208  0.000e+00
     53.871     6.2883   3.306724    33.2244        751     3.1250  0.000e+00
     53.791     6.2904   3.306724    33.2223        752     3.1292  0.000e+00
     53.708     6.2926   3.307387    33.2276        753     3.1333  0.000e+00
     53.616     6.2961   3.308112    33.2323        754     3.1375  0.000e+00
     53.510     6.3019   3.307796    33.2232        755     3.1417  0.000e+00
     53.402     6.3058   3.307728    33.2187        756     3.1458  0.000e+00
     53.282     6.3080   3.307356    33.2124        757     3.1500  0.000e+00
     53.152     6.3081   3.308155    33.2213        758     3.1542  0.000e+00
     53.014     6.3092   3.308044    33.2190        759     3.1583  0.000e+00
     52.864     6.3114   3.307901    33.2154        760     3.1625  0.000e+00
     52.711     6.3129   3.310938    33.2478        761     3.1667  0.000e+00
     52.557     6.3218   3.312953    33.2616        762     3.1708  0.000e+00
     52.397     6.3401   3.315186    33.2687        763     3.1750  0.000e+00
     52.244     6.3639   3.317723    33.2738        764     3.1792  0.000e+00
     52.092     6.3907   3.319845    33.2713        765     3.1833  0.000e+00
     51.944     6.4201   3.320664    33.2517        766     3.1875  0.000e+00
     51.799     6.4453   3.321421    33.2357        767     3.1917  0.000e+00
     51.660     6.4649   3.324692    33.2529        768     3.1958  0.000e+00
     51.521     6.4883   3.328040    33.2673        769     3.2000  0.000e+00
     51.405     6.5199   3.330481    33.2636        770     3.2042  0.000e+00
     51.293     6.5528   3.333588    33.2661        771     3.2083  0.000e+00
     51.202     6.5897   3.338351    33.2830        772     3.2125  0.000e+00
     51.122     6.6345   3.339209    33.2489        773     3.2167  0.000e+00
     51.059     6.6744   3.341741    33.2381        774     3.2208  0.000e+00
     51.003     6.7091   3.343402    33.2227        775     3.2250  0.000e+00
     50.956     6.7409   3.344111    33.1998        776     3.2292  0.000e+00
     50.921     6.7652   3.345175    33.1880        777     3.2333  0.000e+00
     50.885     6.7849   3.346102    33.1792        778     3.2375  0.000e+00
     50.851     6.8022   3.347329    33.1760        779     3.2417  0.000e+00
     50.808     6.8182   3.347845    33.1662        780     3.2458  0.000e+00
     50.750     6.8321   3.348823    33.1635        781     3.2500  0.000e+00
     50.687     6.8448   3.349383    33.1575        782     3.2542  0.000e+00
     50.607     6.8569   3.350143    33.1541        783     3.2583  0.000e+00
     50.524     6.8669   3.351264    33.1568        784     3.2625  0.000e+00
     50.428     6.8781   3.351930    33.1533        785     3.2667  0.000e+00
     50.323     6.8890   3.352335    33.1474        786     3.2708  0.000e+00
     50.204     6.8985   3.352852    33.1439        787     3.2750  0.000e+00
     50.083     6.9071   3.354085    33.1493        788     3.2792  0.000e+00
     49.956     6.9172   3.355101    33.1507        789     3.2833  0.000e+00
     49.818     6.9292   3.355487    33.1434        790     3.2875  0.000e+00
     49.680     6.9400   3.356235    33.1413        791     3.2917  0.000e+00
     49.537     6.9504   3.356366    33.1327        792     3.2958  0.000e+00
     49.397     6.9590   3.356447    33.1254        793     3.3000  0.000e+00
     49.248     6.9650   3.356471    33.1200        794     3.3042  0.000e+00
     49.095     6.9691   3.356546    33.1169        795     3.3083  0.000e+00
     48.934     6.9716   3.356702    33.1163        796     3.3125  0.000e+00
     48.781     6.9737   3.356795    33.1153        797     3.3167  0.000e+00
     48.634     6.9756   3.356664    33.1122        798     3.3208  0.000e+00
     48.482     6.9766   3.356689    33.1115        799     3.3250  0.000e+00
     48.330     6.9769   3.356814    33.1127        800     3.3292  0.000e+00
     48.198     6.9776   3.356253    33.1059        801     3.3333  0.000e+00
     48.079     6.9768   3.355629    33.1000        802     3.3375  0.000e+00
     47.971     6.9726   3.355461    33.1022        803     3.3417  0.000e+00
     47.882     6.9681   3.355997    33.1125        804     3.3458  0.000e+00
     47.799     6.9663   3.356016    33.1144        805     3.3500  0.000e+00
     47.735     6.9670   3.355629    33.1095        806     3.3542  0.000e+00
     47.683     6.9657   3.355698    33.1116        807     3.3583  0.000e+00
     47.648     6.9645   3.355910    33.1151        808     3.3625  0.000e+00
     47.622     6.9645   3.355960    33.1157        809     3.3667  0.000e+00
     47.591     6.9650   3.355848    33.1139        810     3.3708  0.000e+00
     47.560     6.9654   3.355816    33.1133        811     3.3750  0.000e+00
     47.534     6.9648   3.355848    33.1142        812     3.3792  0.000e+00
     47.492     6.9648   3.355897    33.1147        813     3.3833  0.000e+00
     47.436     6.9651   3.355910    33.1146        814     3.3875  0.000e+00
     47.364     6.9655   3.356595    33.1218        815     3.3917  0.000e+00
     47.275     6.9685   3.358179    33.1363        816     3.3958  0.000e+00
     47.168     6.9766   3.358808    33.1354        817     3.4000  0.000e+00
     47.034     6.9875   3.359014    33.1272        818     3.4042  0.000e+00
     46.889     6.9968   3.359001    33.1182        819     3.4083  0.000e+00
     46.735     7.0031   3.359051    33.1127        820     3.4125  0.000e+00
     46.572     7.0070   3.359151    33.1101        821     3.4167  0.000e+00
     46.402     7.0099   3.359525    33.1115        822     3.4208  0.000e+00
     46.233     7.0131   3.360048    33.1143        823     3.4250  0.000e+00
     46.066     7.0176   3.360285    33.1126        824     3.4292  0.000e+00
     45.910     7.0228   3.360641    33.1116        825     3.4333  0.000e+00
     45.768     7.0275   3.361121    33.1124        826     3.4375  0.000e+00
     45.630     7.0326   3.361033    33.1066        827     3.4417  0.000e+00
     45.510     7.0368   3.362156    33.1149        828     3.4458  0.000e+00
     45.402     7.0423   3.363010    33.1190        829     3.4500  0.000e+00
     45.306     7.0511   3.363185    33.1125        830     3.4542  0.000e+00
