HB2502/sbe068.cnv
* Sea-Bird SBE 19plus V2 Data File:
* FileName = C:\cruise\data\sbe068.hex
* Software Version Seasave V 7.26.7.121
* Temperature SN = 6128
* Conductivity SN = 6128
* System UpLoad Time = Apr 07 2025 01:57:08
* NMEA Latitude = 40 14.17 N
* NMEA Longitude = 069 40.69 W
* NMEA UTC (Time) = Apr 07 2025  01:56:16
** Ship: Henry Bigelow
** Cruise:  HB2502
** Program:  Spring Bottom Trawl
# nquan = 7
# nvalues = 1678                                  
# units = specified
# name 0 = depSM: Depth [salt water, m]
# name 1 = tv290C: Temperature [ITS-90, deg C]
# name 2 = c0S/m: Conductivity [S/m]
# name 3 = sal00: Salinity, Practical [PSU]
# name 4 = scan: Scan Count
# name 5 = timeM: Time, Elapsed [minutes]
# name 6 = flag:  0.000e+00
# span 0 =     -0.013,     77.660                 
# span 1 =     5.0288,     6.7888                 
# span 2 =   0.004317,   3.247525                 
# span 3 =     0.0311,    32.7301                 
# span 4 =         11,       1688                 
# span 5 =     0.0417,     7.0292                 
# span 6 = 0.0000e+00, 0.0000e+00                 
# interval = seconds: 0.25
# start_time = Apr 07 2025 01:56:16 [NMEA time, header]
# bad_flag = -9.990e-29
*END*
[from data line 1231]
     34.456     5.4365   3.164084    32.4573       1242     5.1708  0.000e+00
     34.383     5.4393   3.164480    32.4591       1243     5.1750  0.000e+00
     34.303     5.4425   3.164742    32.4591       1244     5.1792  0.000e+00
     34.204     5.4463   3.165101    32.4596       1245     5.1833  0.000e+00
     34.110     5.4502   3.164985    32.4545       1246     5.1875  0.000e+00
     34.004     5.4530   3.165723    32.4602       1247     5.1917  0.000e+00
     33.886     5.4566   3.166405    32.4646       1248     5.1958  0.000e+00
     33.751     5.4615   3.166789    32.4642       1249     5.2000  0.000e+00
     33.613     5.4674   3.168032    32.4727       1250     5.2042  0.000e+00
     33.469     5.4752   3.168629    32.4720       1251     5.2083  0.000e+00
     33.318     5.4841   3.168793    32.4653       1252     5.2125  0.000e+00
     33.176     5.4913   3.168854    32.4591       1253     5.2167  0.000e+00
     33.029     5.4966   3.169311    32.4593       1254     5.2208  0.000e+00
     32.881     5.5012   3.169476    32.4568       1255     5.2250  0.000e+00
     32.745     5.5054   3.169866    32.4572       1256     5.2292  0.000e+00
     32.610     5.5092   3.170274    32.4582       1257     5.2333  0.000e+00
     32.483     5.5136   3.170256    32.4538       1258     5.2375  0.000e+00
     32.364     5.5172   3.170359    32.4516       1259     5.2417  0.000e+00
     32.254     5.5195   3.170554    32.4516       1260     5.2458  0.000e+00
     32.145     5.5219   3.170920    32.4534       1261     5.2500  0.000e+00
     32.046     5.5248   3.170859    32.4501       1262     5.2542  0.000e+00
     31.957     5.5272   3.172005    32.4608       1263     5.2583  0.000e+00
     31.869     5.5312   3.171499    32.4512       1264     5.2625  0.000e+00
     31.790     5.5348   3.171542    32.4482       1265     5.2667  0.000e+00
     31.708     5.5361   3.171780    32.4498       1266     5.2708  0.000e+00
     31.633     5.5380   3.172261    32.4534       1267     5.2750  0.000e+00
     31.561     5.5411   3.173170    32.4607       1268     5.2792  0.000e+00
     31.501     5.5458   3.173450    32.4594       1269     5.2833  0.000e+00
     31.443     5.5517   3.173487    32.4541       1270     5.2875  0.000e+00
     31.390     5.5559   3.173450    32.4497       1271     5.2917  0.000e+00
     31.343     5.5586   3.173450    32.4471       1272     5.2958  0.000e+00
     31.303     5.5602   3.173487    32.4460       1273     5.3000  0.000e+00
     31.259     5.5612   3.173529    32.4455       1274     5.3042  0.000e+00
     31.229     5.5621   3.173572    32.4451       1275     5.3083  0.000e+00
     31.196     5.5625   3.173468    32.4436       1276     5.3125  0.000e+00
     31.168     5.5628   3.173487    32.4436       1277     5.3167  0.000e+00
     31.131     5.5628   3.173407    32.4427       1278     5.3208  0.000e+00
     31.089     5.5626   3.173468    32.4435       1279     5.3250  0.000e+00
     31.039     5.5626   3.173468    32.4436       1280     5.3292  0.000e+00
     30.966     5.5625   3.173871    32.4483       1281     5.3333  0.000e+00
     30.887     5.5638   3.173773    32.4460       1282     5.3375  0.000e+00
     30.790     5.5650   3.173852    32.4457       1283     5.3417  0.000e+00
     30.669     5.5660   3.174456    32.4517       1284     5.3458  0.000e+00
     30.526     5.5679   3.175139    32.4576       1285     5.3500  0.000e+00
     30.370     5.5728   3.175560    32.4578       1286     5.3542  0.000e+00
     30.187     5.5783   3.175718    32.4543       1287     5.3583  0.000e+00
     30.005     5.5835   3.175657    32.4487       1288     5.3625  0.000e+00
     29.813     5.5871   3.175779    32.4467       1289     5.3667  0.000e+00
     29.619     5.5894   3.175822    32.4450       1290     5.3708  0.000e+00
     29.437     5.5912   3.175419    32.4388       1291     5.3750  0.000e+00
     29.267     5.5912   3.175437    32.4392       1292     5.3792  0.000e+00
     29.119     5.5905   3.175944    32.4457       1293     5.3833  0.000e+00
     28.982     5.5912   3.176261    32.4486       1294     5.3875  0.000e+00
     28.861     5.5940   3.176322    32.4467       1295     5.3917  0.000e+00
     28.776     5.5965   3.176285    32.4439       1296     5.3958  0.000e+00
     28.700     5.5983   3.176383    32.4433       1297     5.4000  0.000e+00
     28.638     5.5996   3.176145    32.4393       1298     5.4042  0.000e+00
     28.593     5.6000   3.176163    32.4392       1299     5.4083  0.000e+00
     28.555     5.5996   3.176224    32.4403       1300     5.4125  0.000e+00
     28.535     5.5997   3.176242    32.4404       1301     5.4167  0.000e+00
     28.510     5.5998   3.176364    32.4417       1302     5.4208  0.000e+00
     28.502     5.6002   3.176407    32.4418       1303     5.4250  0.000e+00
     28.492     5.6009   3.176425    32.4414       1304     5.4292  0.000e+00
     28.483     5.6016   3.176285    32.4391       1305     5.4333  0.000e+00
     28.473     5.6015   3.176145    32.4376       1306     5.4375  0.000e+00
     28.459     5.6009   3.176023    32.4368       1307     5.4417  0.000e+00
     28.450     5.6000   3.176084    32.4384       1308     5.4458  0.000e+00
     28.427     5.5991   3.176163    32.4401       1309     5.4500  0.000e+00
     28.389     5.5989   3.176346    32.4425       1310     5.4542  0.000e+00
     28.344     5.5991   3.176462    32.4436       1311     5.4583  0.000e+00
     28.274     5.6002   3.176645    32.4446       1312     5.4625  0.000e+00
     28.173     5.6019   3.176706    32.4437       1313     5.4667  0.000e+00
     28.062     5.6034   3.177127    32.4471       1314     5.4708  0.000e+00
     27.919     5.6056   3.177975    32.4546       1315     5.4750  0.000e+00
     27.756     5.6106   3.178115    32.4515       1316     5.4792  0.000e+00
     27.582     5.6162   3.178701    32.4528       1317     5.4833  0.000e+00
     27.397     5.6219   3.178902    32.4497       1318     5.4875  0.000e+00
     27.203     5.6272   3.179561    32.4521       1319     5.4917  0.000e+00
     27.018     5.6329   3.179823    32.4496       1320     5.4958  0.000e+00
     26.837     5.6384   3.179927    32.4456       1321     5.5000  0.000e+00
     26.671     5.6429   3.180165    32.4440       1322     5.5042  0.000e+00
     26.519     5.6465   3.180452    32.4439       1323     5.5083  0.000e+00
     26.387     5.6501   3.180427    32.4402       1324     5.5125  0.000e+00
     26.285     5.6529   3.180751    32.4412       1325     5.5167  0.000e+00
     26.200     5.6553   3.180977    32.4414       1326     5.5208  0.000e+00
     26.124     5.6582   3.181117    32.4403       1327     5.5250  0.000e+00
     26.064     5.6610   3.181178    32.4383       1328     5.5292  0.000e+00
     26.019     5.6635   3.181135    32.4355       1329     5.5333  0.000e+00
     25.977     5.6649   3.181153    32.4343       1330     5.5375  0.000e+00
     25.946     5.6657   3.181117    32.4331       1331     5.5417  0.000e+00
     25.916     5.6661   3.181117    32.4328       1332     5.5458  0.000e+00
     25.885     5.6662   3.181117    32.4328       1333     5.5500  0.000e+00
     25.857     5.6662   3.181153    32.4331       1334     5.5542  0.000e+00
     25.813     5.6664   3.181178    32.4332       1335     5.5583  0.000e+00
     25.770     5.6666   3.181257    32.4340       1336     5.5625  0.000e+00
     25.718     5.6673   3.181318    32.4341       1337     5.5667  0.000e+00
     25.661     5.6680   3.181355    32.4338       1338     5.5708  0.000e+00
     25.599     5.6686   3.181416    32.4339       1339     5.5750  0.000e+00
     25.528     5.6693   3.181416    32.4333       1340     5.5792  0.000e+00
     25.455     5.6700   3.181477    32.4333       1341     5.5833  0.000e+00
     25.357     5.6704   3.181495    32.4332       1342     5.5875  0.000e+00
     25.251     5.6712   3.181556    32.4332       1343     5.5917  0.000e+00
     25.143     5.6719   3.181538    32.4324       1344     5.5958  0.000e+00
     25.016     5.6722   3.181599    32.4328       1345     5.6000  0.000e+00
     24.877     5.6730   3.181641    32.4326       1346     5.6042  0.000e+00
     24.739     5.6737   3.181641    32.4320       1347     5.6083  0.000e+00
     24.600     5.6743   3.181678    32.4319       1348     5.6125  0.000e+00
     24.456     5.6748   3.181818    32.4330       1349     5.6167  0.000e+00
     24.328     5.6756   3.181922    32.4335       1350     5.6208  0.000e+00
     24.198     5.6768   3.181800    32.4310       1351     5.6250  0.000e+00
     24.084     5.6774   3.181897    32.4316       1352     5.6292  0.000e+00
     23.966     5.6779   3.182142    32.4340       1353     5.6333  0.000e+00
     23.861     5.6789   3.182080    32.4324       1354     5.6375  0.000e+00
     23.763     5.6799   3.182789    32.4395       1355     5.6417  0.000e+00
     23.665     5.6822   3.182947    32.4391       1356     5.6458  0.000e+00
     23.573     5.6853   3.182929    32.4359       1357     5.6500  0.000e+00
     23.483     5.6877   3.182825    32.4325       1358     5.6542  0.000e+00
     23.396     5.6891   3.182886    32.4319       1359     5.6583  0.000e+00
     23.305     5.6899   3.182764    32.4298       1360     5.6625  0.000e+00
     23.224     5.6903   3.182788    32.4297       1361     5.6667  0.000e+00
     23.146     5.6903   3.182709    32.4289       1362     5.6708  0.000e+00
     23.078     5.6900   3.182666    32.4286       1363     5.6750  0.000e+00
     23.017     5.6897   3.182587    32.4281       1364     5.6792  0.000e+00
     22.959     5.6892   3.182709    32.4300       1365     5.6833  0.000e+00
     22.903     5.6889   3.182623    32.4293       1366     5.6875  0.000e+00
     22.849     5.6888   3.182483    32.4279       1367     5.6917  0.000e+00
     22.792     5.6883   3.182483    32.4284       1368     5.6958  0.000e+00
     22.729     5.6878   3.182849    32.4330       1369     5.7000  0.000e+00
     22.661     5.6882   3.183026    32.4347       1370     5.7042  0.000e+00
     22.589     5.6895   3.183051    32.4338       1371     5.7083  0.000e+00
     22.502     5.6910   3.183515    32.4376       1372     5.7125  0.000e+00
     22.404     5.6930   3.183454    32.4350       1373     5.7167  0.000e+00
     22.300     5.6949   3.183393    32.4325       1374     5.7208  0.000e+00
     22.183     5.6961   3.183112    32.4283       1375     5.7250  0.000e+00
     22.068     5.6960   3.183130    32.4286       1376     5.7292  0.000e+00
     21.949     5.6957   3.184278    32.4420       1377     5.7333  0.000e+00
     21.829     5.6975   3.184504    32.4428       1378     5.7375  0.000e+00
     21.700     5.7016   3.184381    32.4375       1379     5.7417  0.000e+00
     21.575     5.7049   3.185145    32.4430       1380     5.7458  0.000e+00
     21.457     5.7084   3.185310    32.4416       1381     5.7500  0.000e+00
     21.337     5.7126   3.185310    32.4377       1382     5.7542  0.000e+00
     21.225     5.7156   3.184967    32.4309       1383     5.7583  0.000e+00
     21.119     5.7167   3.185004    32.4304       1384     5.7625  0.000e+00
     21.025     5.7169   3.185004    32.4302       1385     5.7667  0.000e+00
     20.935     5.7170   3.185309    32.4335       1386     5.7708  0.000e+00
     20.857     5.7178   3.184821    32.4274       1387     5.7750  0.000e+00
     20.786     5.7179   3.184644    32.4252       1388     5.7792  0.000e+00
     20.725     5.7167   3.185389    32.4349       1389     5.7833  0.000e+00
     20.667     5.7173   3.185694    32.4378       1390     5.7875  0.000e+00
     20.611     5.7193   3.185957    32.4388       1391     5.7917  0.000e+00
     20.555     5.7222   3.185853    32.4349       1392     5.7958  0.000e+00
     20.495     5.7242   3.185871    32.4332       1393     5.8000  0.000e+00
     20.435     5.7255   3.186237    32.4361       1394     5.8042  0.000e+00
     20.361     5.7273   3.186213    32.4341       1395     5.8083  0.000e+00
     20.294     5.7285   3.186274    32.4337       1396     5.8125  0.000e+00
     20.218     5.7299   3.185993    32.4292       1397     5.8167  0.000e+00
     20.124     5.7300   3.186720    32.4373       1398     5.8208  0.000e+00
     20.031     5.7315   3.187123    32.4405       1399     5.8250  0.000e+00
     19.926     5.7345   3.187123    32.4377       1400     5.8292  0.000e+00
     19.813     5.7373   3.187245    32.4364       1401     5.8333  0.000e+00
     19.692     5.7394   3.187752    32.4402       1402     5.8375  0.000e+00
     19.558     5.7420   3.187752    32.4377       1403     5.8417  0.000e+00
     19.424     5.7447   3.187874    32.4365       1404     5.8458  0.000e+00
     19.280     5.7470   3.188112    32.4371       1405     5.8500  0.000e+00
     19.137     5.7492   3.187709    32.4305       1406     5.8542  0.000e+00
     18.999     5.7499   3.187911    32.4321       1407     5.8583  0.000e+00
     18.869     5.7501   3.188357    32.4371       1408     5.8625  0.000e+00
     18.744     5.7521   3.188839    32.4406       1409     5.8667  0.000e+00
     18.636     5.7552   3.188460    32.4335       1410     5.8708  0.000e+00
     18.525     5.7571   3.188882    32.4365       1411     5.8750  0.000e+00
     18.429     5.7591   3.189144    32.4375       1412     5.8792  0.000e+00
     18.335     5.7614   3.188802    32.4315       1413     5.8833  0.000e+00
     18.252     5.7625   3.189065    32.4335       1414     5.8875  0.000e+00
     18.177     5.7631   3.188924    32.4314       1415     5.8917  0.000e+00
     18.111     5.7636   3.188820    32.4297       1416     5.8958  0.000e+00
     18.046     5.7634   3.189022    32.4322       1417     5.9000  0.000e+00
     17.983     5.7638   3.189065    32.4324       1418     5.9042  0.000e+00
     17.925     5.7643   3.189266    32.4342       1419     5.9083  0.000e+00
     17.862     5.7651   3.189364    32.4345       1420     5.9125  0.000e+00
     17.804     5.7663   3.189389    32.4337       1421     5.9167  0.000e+00
     17.752     5.7675   3.189792    32.4371       1422     5.9208  0.000e+00
     17.697     5.7692   3.189682    32.4342       1423     5.9250  0.000e+00
     17.639     5.7707   3.189828    32.4345       1424     5.9292  0.000e+00
     17.580     5.7718   3.189871    32.4339       1425     5.9333  0.000e+00
     17.515     5.7731   3.189792    32.4318       1426     5.9375  0.000e+00
     17.430     5.7738   3.189975    32.4333       1427     5.9417  0.000e+00
     17.350     5.7746   3.190213    32.4352       1428     5.9458  0.000e+00
     17.259     5.7758   3.190195    32.4339       1429     5.9500  0.000e+00
     17.153     5.7771   3.190115    32.4318       1430     5.9542  0.000e+00
     17.041     5.7774   3.190274    32.4333       1431     5.9583  0.000e+00
     16.927     5.7781   3.190580    32.4362       1432     5.9625  0.000e+00
     16.800     5.7796   3.191387    32.4438       1433     5.9667  0.000e+00
     16.672     5.7831   3.191527    32.4421       1434     5.9708  0.000e+00
     16.543     5.7868   3.192016    32.4441       1435     5.9750  0.000e+00
     16.414     5.7909   3.192260    32.4430       1436     5.9792  0.000e+00
     16.284     5.7953   3.192884    32.4458       1437     5.9833  0.000e+00
     16.163     5.8001   3.192804    32.4404       1438     5.9875  0.000e+00
     16.048     5.8041   3.192804    32.4366       1439     5.9917  0.000e+00
     15.945     5.8065   3.192963    32.4361       1440     5.9958  0.000e+00
     15.841     5.8087   3.193085    32.4354       1441     6.0000  0.000e+00
     15.752     5.8105   3.193372    32.4370       1442     6.0042  0.000e+00
     15.666     5.8127   3.193434    32.4356       1443     6.0083  0.000e+00
     15.581     5.8146   3.193409    32.4336       1444     6.0125  0.000e+00
     15.508     5.8158   3.193372    32.4321       1445     6.0167  0.000e+00
