HB2502/sbe088.cnv
* Sea-Bird SBE 19plus V2 Data File:
* FileName = C:\cruise\data\sbe088.hex
* Software Version Seasave V 7.26.7.121
* Temperature SN = 6128
* Conductivity SN = 6128
* System UpLoad Time = Apr 13 2025 18:49:28
* NMEA Latitude = 40 49.24 N
* NMEA Longitude = 067 32.09 W
* NMEA UTC (Time) = Apr 13 2025  18:48:42
** Ship: Henry Bigelow
** Cruise:  HB2502
** Program:  Spring Bottom Trawl
# nquan = 7
# nvalues = 1756                                  
# units = specified
# name 0 = depSM: Depth [salt water, m]
# name 1 = tv290C: Temperature [ITS-90, deg C]
# name 2 = c0S/m: Conductivity [S/m]
# name 3 = sal00: Salinity, Practical [PSU]
# name 4 = scan: Scan Count
# name 5 = timeM: Time, Elapsed [minutes]
# name 6 = flag:  0.000e+00
# span 0 =     -0.139,     74.472                 
# span 1 =     4.8084,     8.4211                 
# span 2 =   0.007139,   3.317187                 
# span 3 =     0.0495,    33.0986                 
# span 4 =         11,       1766                 
# span 5 =     0.0417,     7.3542                 
# span 6 = 0.0000e+00, 0.0000e+00                 
# interval = seconds: 0.25
# start_time = Apr 13 2025 18:48:42 [NMEA time, header]
# bad_flag = -9.990e-29
*END*
[from data line 1436]
     18.438     5.0732   3.116221    32.2709       1447     6.0250  0.000e+00
     18.349     5.0735   3.116246    32.2710       1448     6.0292  0.000e+00
     18.260     5.0738   3.116215    32.2703       1449     6.0333  0.000e+00
     18.163     5.0737   3.116324    32.2717       1450     6.0375  0.000e+00
     18.074     5.0742   3.116324    32.2713       1451     6.0417  0.000e+00
     17.990     5.0749   3.116245    32.2698       1452     6.0458  0.000e+00
     17.903     5.0751   3.116379    32.2711       1453     6.0500  0.000e+00
     17.824     5.0753   3.116403    32.2713       1454     6.0542  0.000e+00
     17.744     5.0757   3.116439    32.2713       1455     6.0583  0.000e+00
     17.670     5.0763   3.116482    32.2713       1456     6.0625  0.000e+00
     17.593     5.0770   3.116615    32.2722       1457     6.0667  0.000e+00
     17.520     5.0777   3.116488    32.2701       1458     6.0708  0.000e+00
     17.461     5.0781   3.116693    32.2721       1459     6.0750  0.000e+00
     17.393     5.0787   3.116675    32.2713       1460     6.0792  0.000e+00
     17.337     5.0796   3.116772    32.2715       1461     6.0833  0.000e+00
     17.286     5.0803   3.116796    32.2712       1462     6.0875  0.000e+00
     17.234     5.0813   3.116772    32.2700       1463     6.0917  0.000e+00
     17.190     5.0818   3.116736    32.2691       1464     6.0958  0.000e+00
     17.149     5.0821   3.116754    32.2691       1465     6.1000  0.000e+00
     17.107     5.0822   3.116693    32.2683       1466     6.1042  0.000e+00
     17.065     5.0821   3.116693    32.2684       1467     6.1083  0.000e+00
     17.025     5.0820   3.116796    32.2697       1468     6.1125  0.000e+00
     16.975     5.0821   3.116675    32.2683       1469     6.1167  0.000e+00
     16.922     5.0820   3.116693    32.2686       1470     6.1208  0.000e+00
     16.861     5.0817   3.116711    32.2691       1471     6.1250  0.000e+00
     16.801     5.0817   3.116639    32.2683       1472     6.1292  0.000e+00
     16.723     5.0815   3.116736    32.2696       1473     6.1333  0.000e+00
     16.639     5.0813   3.116693    32.2694       1474     6.1375  0.000e+00
     16.542     5.0812   3.116717    32.2698       1475     6.1417  0.000e+00
     16.440     5.0812   3.116754    32.2703       1476     6.1458  0.000e+00
     16.328     5.0814   3.116754    32.2702       1477     6.1500  0.000e+00
     16.214     5.0815   3.116735    32.2699       1478     6.1542  0.000e+00
     16.095     5.0817   3.116657    32.2688       1479     6.1583  0.000e+00
     15.982     5.0817   3.116596    32.2682       1480     6.1625  0.000e+00
     15.885     5.0815   3.116638    32.2690       1481     6.1667  0.000e+00
     15.798     5.0811   3.116420    32.2669       1482     6.1708  0.000e+00
     15.724     5.0805   3.116566    32.2692       1483     6.1750  0.000e+00
     15.674     5.0800   3.116535    32.2694       1484     6.1792  0.000e+00
     15.640     5.0800   3.116535    32.2693       1485     6.1833  0.000e+00
     15.616     5.0798   3.116499    32.2691       1486     6.1875  0.000e+00
     15.606     5.0796   3.116499    32.2693       1487     6.1917  0.000e+00
     15.603     5.0793   3.116420    32.2687       1488     6.1958  0.000e+00
     15.605     5.0790   3.116438    32.2692       1489     6.2000  0.000e+00
     15.612     5.0788   3.116632    32.2716       1490     6.2042  0.000e+00
     15.623     5.0792   3.116832    32.2736       1491     6.2083  0.000e+00
     15.627     5.0801   3.116971    32.2743       1492     6.2125  0.000e+00
     15.628     5.0817   3.117111    32.2743       1493     6.2167  0.000e+00
     15.608     5.0837   3.117129    32.2725       1494     6.2208  0.000e+00
     15.570     5.0853   3.117008    32.2697       1495     6.2250  0.000e+00
     15.510     5.0864   3.117044    32.2691       1496     6.2292  0.000e+00
     15.424     5.0869   3.117268    32.2712       1497     6.2333  0.000e+00
     15.312     5.0879   3.117365    32.2713       1498     6.2375  0.000e+00
     15.191     5.0896   3.117444    32.2707       1499     6.2417  0.000e+00
     15.057     5.0910   3.117480    32.2699       1500     6.2458  0.000e+00
     14.931     5.0923   3.117504    32.2689       1501     6.2500  0.000e+00
     14.803     5.0936   3.117377    32.2663       1502     6.2542  0.000e+00
     14.675     5.0941   3.117050    32.2621       1503     6.2583  0.000e+00
     14.560     5.0933   3.117244    32.2652       1504     6.2625  0.000e+00
     14.458     5.0924   3.117304    32.2667       1505     6.2667  0.000e+00
     14.375     5.0923   3.117268    32.2665       1506     6.2708  0.000e+00
     14.304     5.0921   3.117128    32.2651       1507     6.2750  0.000e+00
     14.259     5.0915   3.116989    32.2641       1508     6.2792  0.000e+00
     14.221     5.0907   3.117213    32.2674       1509     6.2833  0.000e+00
     14.203     5.0901   3.116850    32.2639       1510     6.2875  0.000e+00
     14.192     5.0894   3.117268    32.2694       1511     6.2917  0.000e+00
     14.193     5.0891   3.117401    32.2712       1512     6.2958  0.000e+00
     14.208     5.0901   3.117461    32.2709       1513     6.3000  0.000e+00
     14.215     5.0913   3.117461    32.2698       1514     6.3042  0.000e+00
     14.216     5.0925   3.117564    32.2697       1515     6.3083  0.000e+00
     14.209     5.0933   3.117698    32.2705       1516     6.3125  0.000e+00
     14.198     5.0946   3.117898    32.2715       1517     6.3167  0.000e+00
     14.173     5.0964   3.118013    32.2711       1518     6.3208  0.000e+00
     14.133     5.0982   3.118109    32.2706       1519     6.3250  0.000e+00
     14.080     5.1000   3.117934    32.2668       1520     6.3292  0.000e+00
     14.004     5.1010   3.117855    32.2650       1521     6.3333  0.000e+00
     13.910     5.1012   3.117740    32.2635       1522     6.3375  0.000e+00
     13.809     5.1009   3.117716    32.2636       1523     6.3417  0.000e+00
     13.704     5.1005   3.117716    32.2640       1524     6.3458  0.000e+00
     13.599     5.0999   3.117873    32.2665       1525     6.3500  0.000e+00
     13.494     5.1000   3.118109    32.2691       1526     6.3542  0.000e+00
     13.399     5.1006   3.117818    32.2652       1527     6.3583  0.000e+00
     13.298     5.1009   3.118024    32.2673       1528     6.3625  0.000e+00
     13.211     5.1014   3.118485    32.2722       1529     6.3667  0.000e+00
     13.133     5.1030   3.118588    32.2718       1530     6.3708  0.000e+00
     13.061     5.1049   3.118248    32.2662       1531     6.3750  0.000e+00
     13.008     5.1061   3.117976    32.2619       1532     6.3792  0.000e+00
     12.965     5.1055   3.118345    32.2668       1533     6.3833  0.000e+00
     12.925     5.1053   3.118563    32.2695       1534     6.3875  0.000e+00
     12.894     5.1064   3.118921    32.2725       1535     6.3917  0.000e+00
     12.856     5.1086   3.120120    32.2842       1536     6.3958  0.000e+00
     12.829     5.1133   3.120320    32.2819       1537     6.4000  0.000e+00
     12.796     5.1192   3.120732    32.2809       1538     6.4042  0.000e+00
     12.764     5.1249   3.120617    32.2741       1539     6.4083  0.000e+00
     12.726     5.1295   3.120574    32.2692       1540     6.4125  0.000e+00
     12.687     5.1326   3.120768    32.2684       1541     6.4167  0.000e+00
     12.649     5.1349   3.120932    32.2681       1542     6.4208  0.000e+00
     12.608     5.1370   3.120968    32.2665       1543     6.4250  0.000e+00
     12.566     5.1388   3.120932    32.2643       1544     6.4292  0.000e+00
     12.508     5.1399   3.120671    32.2604       1545     6.4333  0.000e+00
     12.447     5.1400   3.120574    32.2592       1546     6.4375  0.000e+00
     12.385     5.1395   3.120477    32.2586       1547     6.4417  0.000e+00
     12.307     5.1385   3.120435    32.2591       1548     6.4458  0.000e+00
     12.217     5.1377   3.120417    32.2597       1549     6.4500  0.000e+00
     12.133     5.1370   3.120302    32.2591       1550     6.4542  0.000e+00
     12.032     5.1362   3.120356    32.2605       1551     6.4583  0.000e+00
     11.936     5.1355   3.120338    32.2611       1552     6.4625  0.000e+00
     11.824     5.1353   3.120102    32.2586       1553     6.4667  0.000e+00
     11.727     5.1344   3.120350    32.2623       1554     6.4708  0.000e+00
     11.633     5.1342   3.120356    32.2627       1555     6.4750  0.000e+00
     11.541     5.1342   3.120241    32.2614       1556     6.4792  0.000e+00
     11.477     5.1340   3.120574    32.2654       1557     6.4833  0.000e+00
     11.407     5.1348   3.120592    32.2649       1558     6.4875  0.000e+00
     11.345     5.1357   3.120023    32.2575       1559     6.4917  0.000e+00
     11.296     5.1352   3.118102    32.2361       1560     6.4958  0.000e+00
     11.250     5.1294   3.117914    32.2396       1561     6.5000  0.000e+00
     11.211     5.1215   3.118326    32.2520       1562     6.5042  0.000e+00
     11.175     5.1158   3.117993    32.2537       1563     6.5083  0.000e+00
     11.137     5.1117   3.117600    32.2531       1564     6.5125  0.000e+00
     11.104     5.1077   3.117030    32.2505       1565     6.5167  0.000e+00
     11.075     5.1029   3.117109    32.2561       1566     6.5208  0.000e+00
     11.050     5.0988   3.119187    32.2838       1567     6.5250  0.000e+00
     11.024     5.1004   3.119611    32.2871       1568     6.5292  0.000e+00
     11.002     5.1067   3.119017    32.2742       1569     6.5333  0.000e+00
     10.964     5.1116   3.119332    32.2732       1570     6.5375  0.000e+00
     10.930     5.1146   3.119296    32.2699       1571     6.5417  0.000e+00
     10.872     5.1166   3.119429    32.2694       1572     6.5458  0.000e+00
     10.811     5.1189   3.119290    32.2657       1573     6.5500  0.000e+00
     10.738     5.1202   3.119508    32.2670       1574     6.5542  0.000e+00
     10.653     5.1213   3.119138    32.2617       1575     6.5583  0.000e+00
     10.566     5.1214   3.118878    32.2586       1576     6.5625  0.000e+00
     10.480     5.1206   3.118799    32.2586       1577     6.5667  0.000e+00
     10.399     5.1191   3.118859    32.2608       1578     6.5708  0.000e+00
     10.322     5.1180   3.118902    32.2624       1579     6.5750  0.000e+00
     10.234     5.1173   3.118999    32.2641       1580     6.5792  0.000e+00
     10.159     5.1172   3.118641    32.2602       1581     6.5833  0.000e+00
     10.089     5.1168   3.118920    32.2638       1582     6.5875  0.000e+00
     10.007     5.1165   3.118841    32.2632       1583     6.5917  0.000e+00
      9.937     5.1164   3.118938    32.2645       1584     6.5958  0.000e+00
      9.870     5.1166   3.118938    32.2643       1585     6.6000  0.000e+00
      9.797     5.1170   3.118980    32.2645       1586     6.6042  0.000e+00
      9.746     5.1173   3.118877    32.2631       1587     6.6083  0.000e+00
      9.690     5.1174   3.118859    32.2628       1588     6.6125  0.000e+00
      9.638     5.1173   3.118877    32.2631       1589     6.6167  0.000e+00
      9.600     5.1172   3.118956    32.2641       1590     6.6208  0.000e+00
      9.546     5.1173   3.118938    32.2638       1591     6.6250  0.000e+00
      9.484     5.1176   3.118798    32.2620       1592     6.6292  0.000e+00
      9.422     5.1175   3.118835    32.2625       1593     6.6333  0.000e+00
      9.351     5.1171   3.118938    32.2642       1594     6.6375  0.000e+00
      9.283     5.1171   3.118762    32.2621       1595     6.6417  0.000e+00
      9.201     5.1171   3.118701    32.2615       1596     6.6458  0.000e+00
      9.116     5.1164   3.118701    32.2622       1597     6.6500  0.000e+00
      9.033     5.1160   3.118744    32.2631       1598     6.6542  0.000e+00
      8.958     5.1156   3.118665    32.2626       1599     6.6583  0.000e+00
      8.884     5.1153   3.118604    32.2623       1600     6.6625  0.000e+00
      8.819     5.1149   3.118720    32.2641       1601     6.6667  0.000e+00
      8.754     5.1150   3.118823    32.2652       1602     6.6708  0.000e+00
      8.698     5.1153   3.118859    32.2653       1603     6.6750  0.000e+00
      8.638     5.1161   3.118665    32.2623       1604     6.6792  0.000e+00
      8.580     5.1163   3.118726    32.2628       1605     6.6833  0.000e+00
      8.527     5.1163   3.118780    32.2635       1606     6.6875  0.000e+00
      8.465     5.1164   3.118719    32.2628       1607     6.6917  0.000e+00
      8.404     5.1165   3.118744    32.2630       1608     6.6958  0.000e+00
      8.341     5.1164   3.118780    32.2635       1609     6.7000  0.000e+00
      8.279     5.1165   3.118719    32.2627       1610     6.7042  0.000e+00
      8.203     5.1165   3.118683    32.2623       1611     6.7083  0.000e+00
      8.143     5.1164   3.118683    32.2625       1612     6.7125  0.000e+00
      8.093     5.1161   3.118641    32.2623       1613     6.7167  0.000e+00
      8.049     5.1158   3.118604    32.2622       1614     6.7208  0.000e+00
      8.015     5.1155   3.118544    32.2618       1615     6.7250  0.000e+00
      7.977     5.1151   3.118562    32.2624       1616     6.7292  0.000e+00
      7.941     5.1147   3.118501    32.2622       1617     6.7333  0.000e+00
      7.895     5.1143   3.118435    32.2618       1618     6.7375  0.000e+00
      7.839     5.1139   3.118447    32.2623       1619     6.7417  0.000e+00
      7.775     5.1136   3.118544    32.2638       1620     6.7458  0.000e+00
      7.708     5.1133   3.118544    32.2641       1621     6.7500  0.000e+00
      7.625     5.1129   3.119489    32.2753       1622     6.7542  0.000e+00
      7.548     5.1151   3.118858    32.2661       1623     6.7583  0.000e+00
      7.449     5.1168   3.119016    32.2663       1624     6.7625  0.000e+00
      7.353     5.1177   3.118913    32.2643       1625     6.7667  0.000e+00
      7.271     5.1179   3.118562    32.2601       1626     6.7708  0.000e+00
      7.186     5.1173   3.119095    32.2668       1627     6.7750  0.000e+00
      7.104     5.1172   3.119034    32.2662       1628     6.7792  0.000e+00
      7.044     5.1182   3.118901    32.2638       1629     6.7833  0.000e+00
      6.992     5.1185   3.119234    32.2673       1630     6.7875  0.000e+00
      6.944     5.1195   3.118416    32.2570       1631     6.7917  0.000e+00
      6.879     5.1187   3.118246    32.2559       1632     6.7958  0.000e+00
      6.820     5.1166   3.118168    32.2571       1633     6.8000  0.000e+00
      6.744     5.1142   3.118107    32.2588       1634     6.8042  0.000e+00
      6.654     5.1122   3.118446    32.2646       1635     6.8083  0.000e+00
      6.541     5.1114   3.118149    32.2621       1636     6.8125  0.000e+00
      6.438     5.1110   3.118040    32.2612       1637     6.8167  0.000e+00
      6.333     5.1102   3.118701    32.2696       1638     6.8208  0.000e+00
      6.254     5.1106   3.118307    32.2647       1639     6.8250  0.000e+00
      6.183     5.1115   3.120379    32.2876       1640     6.8292  0.000e+00
      6.138     5.1155   3.121166    32.2928       1641     6.8333  0.000e+00
      6.114     5.1237   3.120670    32.2792       1642     6.8375  0.000e+00
      6.109     5.1308   3.121384    32.2805       1643     6.8417  0.000e+00
      6.121     5.1366   3.121578    32.2771       1644     6.8458  0.000e+00
      6.141     5.1418   3.121621    32.2726       1645     6.8500  0.000e+00
      6.162     5.1457   3.121675    32.2694       1646     6.8542  0.000e+00
      6.188     5.1489   3.121718    32.2668       1647     6.8583  0.000e+00
      6.198     5.1508   3.121657    32.2643       1648     6.8625  0.000e+00
      6.202     5.1521   3.121578    32.2621       1649     6.8667  0.000e+00
      6.204     5.1526   3.121481    32.2605       1650     6.8708  0.000e+00
      6.187     5.1524   3.121475    32.2606       1651     6.8750  0.000e+00
