HB2502/sbe073.cnv
* Sea-Bird SBE 19plus V2 Data File:
* FileName = C:\cruise\data\sbe073.hex
* Software Version Seasave V 7.26.7.121
* Temperature SN = 6128
* Conductivity SN = 6128
* System UpLoad Time = Apr 09 2025 22:54:06
* NMEA Latitude = 41 53.79 N
* NMEA Longitude = 069 51.73 W
* NMEA UTC (Time) = Apr 09 2025  22:53:16
** Ship: Henry Bigelow
** Cruise:  HB2502
** Program:  Spring Bottom Trawl
# nquan = 7
# nvalues = 1361                                  
# units = specified
# name 0 = depSM: Depth [salt water, m]
# name 1 = tv290C: Temperature [ITS-90, deg C]
# name 2 = c0S/m: Conductivity [S/m]
# name 3 = sal00: Salinity, Practical [PSU]
# name 4 = scan: Scan Count
# name 5 = timeM: Time, Elapsed [minutes]
# name 6 = flag:  0.000e+00
# span 0 =      0.112,     50.816                 
# span 1 =     4.7704,     4.9176                 
# span 2 =   0.001008,   3.115475                 
# span 3 =     0.0079,    32.4517                 
# span 4 =         11,       1371                 
# span 5 =     0.0417,     5.7083                 
# span 6 = 0.0000e+00, 0.0000e+00                 
# interval = seconds: 0.25
# start_time = Apr 09 2025 22:53:16 [NMEA time, header]
# bad_flag = -9.990e-29
*END*
[from data line 206]
     20.001     4.8470   3.107030    32.3842        217     0.9000  0.000e+00
     20.133     4.8471   3.106716    32.3804        218     0.9042  0.000e+00
     20.276     4.8471   3.106401    32.3767        219     0.9083  0.000e+00
     20.415     4.8472   3.106165    32.3738        220     0.9125  0.000e+00
     20.558     4.8474   3.105869    32.3701        221     0.9167  0.000e+00
     20.702     4.8473   3.105736    32.3686        222     0.9208  0.000e+00
     20.847     4.8473   3.105736    32.3686        223     0.9250  0.000e+00
     20.997     4.8474   3.105972    32.3712        224     0.9292  0.000e+00
     21.136     4.8474   3.106734    32.3799        225     0.9333  0.000e+00
     21.275     4.8475   3.107503    32.3886        226     0.9375  0.000e+00
     21.420     4.8472   3.107581    32.3897        227     0.9417  0.000e+00
     21.554     4.8468   3.107599    32.3902        228     0.9458  0.000e+00
     21.690     4.8464   3.107460    32.3889        229     0.9500  0.000e+00
     21.831     4.8457   3.105422    32.3661        230     0.9542  0.000e+00
     21.968     4.8442   3.108374    32.4014        231     0.9583  0.000e+00
     22.100     4.8423   3.109167    32.4124        232     0.9625  0.000e+00
     22.234     4.8408   3.109324    32.4156        233     0.9667  0.000e+00
     22.366     4.8397   3.109506    32.4187        234     0.9708  0.000e+00
     22.493     4.8393   3.109542    32.4195        235     0.9750  0.000e+00
     22.616     4.8389   3.109602    32.4205        236     0.9792  0.000e+00
     22.744     4.8386   3.109596    32.4207        237     0.9833  0.000e+00
     22.873     4.8386   3.109578    32.4204        238     0.9875  0.000e+00
     23.003     4.8384   3.109657    32.4214        239     0.9917  0.000e+00
     23.128     4.8385   3.109681    32.4215        240     0.9958  0.000e+00
     23.269     4.8384   3.109718    32.4220        241     1.0000  0.000e+00
     23.399     4.8385   3.109681    32.4214        242     1.0042  0.000e+00
     23.534     4.8386   3.109663    32.4211        243     1.0083  0.000e+00
     23.675     4.8383   3.109657    32.4212        244     1.0125  0.000e+00
     23.811     4.8380   3.109639    32.4212        245     1.0167  0.000e+00
     23.957     4.8378   3.109682    32.4218        246     1.0208  0.000e+00
     24.102     4.8376   3.109682    32.4219        247     1.0250  0.000e+00
     24.250     4.8375   3.109682    32.4219        248     1.0292  0.000e+00
     24.397     4.8378   3.109621    32.4209        249     1.0333  0.000e+00
     24.547     4.8375   3.109718    32.4222        250     1.0375  0.000e+00
     24.697     4.8375   3.109718    32.4221        251     1.0417  0.000e+00
     24.840     4.8375   3.109682    32.4217        252     1.0458  0.000e+00
     24.987     4.8373   3.109621    32.4210        253     1.0500  0.000e+00
     25.128     4.8368   3.109640    32.4217        254     1.0542  0.000e+00
     25.280     4.8365   3.109658    32.4221        255     1.0583  0.000e+00
     25.426     4.8361   3.109621    32.4220        256     1.0625  0.000e+00
     25.576     4.8359   3.109622    32.4221        257     1.0667  0.000e+00
     25.719     4.8358   3.109640    32.4223        258     1.0708  0.000e+00
     25.865     4.8356   3.109597    32.4220        259     1.0750  0.000e+00
     26.010     4.8354   3.109622    32.4225        260     1.0792  0.000e+00
     26.153     4.8352   3.109622    32.4225        261     1.0833  0.000e+00
     26.289     4.8351   3.109622    32.4226        262     1.0875  0.000e+00
     26.427     4.8352   3.109622    32.4224        263     1.0917  0.000e+00
     26.560     4.8351   3.109658    32.4228        264     1.0958  0.000e+00
     26.698     4.8351   3.109640    32.4225        265     1.1000  0.000e+00
     26.828     4.8349   3.109622    32.4225        266     1.1042  0.000e+00
     26.962     4.8347   3.109658    32.4231        267     1.1083  0.000e+00
     27.086     4.8345   3.109640    32.4229        268     1.1125  0.000e+00
     27.213     4.8343   3.109683    32.4236        269     1.1167  0.000e+00
     27.341     4.8341   3.109640    32.4232        270     1.1208  0.000e+00
     27.466     4.8340   3.109640    32.4232        271     1.1250  0.000e+00
     27.593     4.8339   3.109658    32.4235        272     1.1292  0.000e+00
     27.721     4.8337   3.109640    32.4234        273     1.1333  0.000e+00
     27.847     4.8340   3.109701    32.4238        274     1.1375  0.000e+00
     27.974     4.8341   3.109701    32.4236        275     1.1417  0.000e+00
     28.100     4.8339   3.109701    32.4237        276     1.1458  0.000e+00
     28.231     4.8339   3.109701    32.4236        277     1.1500  0.000e+00
     28.373     4.8340   3.109701    32.4235        278     1.1542  0.000e+00
     28.511     4.8340   3.109683    32.4232        279     1.1583  0.000e+00
     28.650     4.8339   3.109719    32.4236        280     1.1625  0.000e+00
     28.788     4.8340   3.109719    32.4235        281     1.1667  0.000e+00
     28.933     4.8339   3.109725    32.4236        282     1.1708  0.000e+00
     29.082     4.8342   3.109762    32.4237        283     1.1750  0.000e+00
     29.226     4.8342   3.109816    32.4242        284     1.1792  0.000e+00
     29.376     4.8341   3.109798    32.4240        285     1.1833  0.000e+00
     29.523     4.8340   3.109956    32.4258        286     1.1875  0.000e+00
     29.669     4.8342   3.109889    32.4248        287     1.1917  0.000e+00
     29.812     4.8343   3.110470    32.4313        288     1.1958  0.000e+00
     29.959     4.8357   3.111275    32.4392        289     1.2000  0.000e+00
     30.102     4.8392   3.111329    32.4363        290     1.2042  0.000e+00
     30.239     4.8420   3.111233    32.4324        291     1.2083  0.000e+00
     30.378     4.8436   3.111529    32.4341        292     1.2125  0.000e+00
     30.509     4.8453   3.111590    32.4332        293     1.2167  0.000e+00
     30.652     4.8468   3.111372    32.4291        294     1.2208  0.000e+00
     30.781     4.8470   3.111354    32.4286        295     1.2250  0.000e+00
     30.920     4.8467   3.111390    32.4292        296     1.2292  0.000e+00
     31.056     4.8467   3.111293    32.4281        297     1.2333  0.000e+00
     31.186     4.8465   3.111075    32.4257        298     1.2375  0.000e+00
     31.322     4.8458   3.111154    32.4272        299     1.2417  0.000e+00
     31.454     4.8449   3.111390    32.4307        300     1.2458  0.000e+00
     31.578     4.8453   3.111487    32.4314        301     1.2500  0.000e+00
     31.712     4.8458   3.111294    32.4286        302     1.2542  0.000e+00
     31.840     4.8458   3.111511    32.4311        303     1.2583  0.000e+00
     31.971     4.8461   3.111548    32.4312        304     1.2625  0.000e+00
     32.099     4.8465   3.111239    32.4272        305     1.2667  0.000e+00
     32.226     4.8461   3.111173    32.4266        306     1.2708  0.000e+00
     32.343     4.8453   3.111058    32.4260        307     1.2750  0.000e+00
     32.477     4.8442   3.111040    32.4269        308     1.2792  0.000e+00
     32.600     4.8434   3.110961    32.4267        309     1.2833  0.000e+00
     32.732     4.8426   3.110991    32.4277        310     1.2875  0.000e+00
     32.862     4.8422   3.111530    32.4343        311     1.2917  0.000e+00
     32.993     4.8433   3.112141    32.4402        312     1.2958  0.000e+00
     33.132     4.8463   3.111827    32.4336        313     1.3000  0.000e+00
     33.272     4.8480   3.112353    32.4379        314     1.3042  0.000e+00
     33.415     4.8501   3.112117    32.4331        315     1.3083  0.000e+00
     33.555     4.8513   3.112341    32.4344        316     1.3125  0.000e+00
     33.698     4.8525   3.112414    32.4340        317     1.3167  0.000e+00
     33.841     4.8533   3.112220    32.4310        318     1.3208  0.000e+00
     33.982     4.8533   3.111827    32.4263        319     1.3250  0.000e+00
     34.125     4.8521   3.111669    32.4256        320     1.3292  0.000e+00
     34.257     4.8504   3.112099    32.4321        321     1.3333  0.000e+00
     34.403     4.8504   3.112238    32.4337        322     1.3375  0.000e+00
     34.544     4.8510   3.112220    32.4329        323     1.3417  0.000e+00
     34.689     4.8518   3.112432    32.4344        324     1.3458  0.000e+00
     34.823     4.8527   3.112572    32.4350        325     1.3500  0.000e+00
     34.959     4.8540   3.112687    32.4350        326     1.3542  0.000e+00
     35.093     4.8550   3.112711    32.4343        327     1.3583  0.000e+00
     35.230     4.8559   3.112650    32.4327        328     1.3625  0.000e+00
     35.360     4.8564   3.112668    32.4323        329     1.3667  0.000e+00
     35.487     4.8565   3.112765    32.4333        330     1.3708  0.000e+00
     35.616     4.8568   3.112808    32.4334        331     1.3750  0.000e+00
     35.739     4.8571   3.112844    32.4334        332     1.3792  0.000e+00
     35.864     4.8574   3.112887    32.4335        333     1.3833  0.000e+00
     35.987     4.8577   3.112881    32.4332        334     1.3875  0.000e+00
     36.107     4.8581   3.112887    32.4328        335     1.3917  0.000e+00
     36.233     4.8581   3.112826    32.4320        336     1.3958  0.000e+00
     36.356     4.8582   3.112869    32.4324        337     1.4000  0.000e+00
     36.482     4.8581   3.112905    32.4328        338     1.4042  0.000e+00
     36.611     4.8583   3.112905    32.4325        339     1.4083  0.000e+00
     36.741     4.8584   3.112899    32.4323        340     1.4125  0.000e+00
     36.871     4.8584   3.112887    32.4320        341     1.4167  0.000e+00
     37.007     4.8584   3.112887    32.4320        342     1.4208  0.000e+00
     37.144     4.8583   3.112887    32.4321        343     1.4250  0.000e+00
     37.280     4.8582   3.112887    32.4321        344     1.4292  0.000e+00
     37.423     4.8582   3.112881    32.4320        345     1.4333  0.000e+00
     37.564     4.8580   3.112869    32.4320        346     1.4375  0.000e+00
     37.705     4.8578   3.112948    32.4330        347     1.4417  0.000e+00
     37.853     4.8579   3.112923    32.4325        348     1.4458  0.000e+00
     37.996     4.8580   3.113045    32.4337        349     1.4500  0.000e+00
     38.148     4.8584   3.113026    32.4331        350     1.4542  0.000e+00
     38.291     4.8587   3.113027    32.4327        351     1.4583  0.000e+00
     38.432     4.8586   3.113045    32.4329        352     1.4625  0.000e+00
     38.578     4.8587   3.113063    32.4329        353     1.4667  0.000e+00
     38.723     4.8590   3.113123    32.4333        354     1.4708  0.000e+00
     38.862     4.8591   3.113124    32.4331        355     1.4750  0.000e+00
     38.994     4.8594   3.113160    32.4332        356     1.4792  0.000e+00
     39.134     4.8595   3.113214    32.4336        357     1.4833  0.000e+00
     39.260     4.8596   3.113184    32.4331        358     1.4875  0.000e+00
     39.391     4.8596   3.113281    32.4342        359     1.4917  0.000e+00
     39.516     4.8600   3.113263    32.4335        360     1.4958  0.000e+00
     39.641     4.8601   3.113299    32.4338        361     1.5000  0.000e+00
     39.761     4.8603   3.113360    32.4342        362     1.5042  0.000e+00
     39.885     4.8607   3.113336    32.4335        363     1.5083  0.000e+00
     40.003     4.8608   3.113342    32.4334        364     1.5125  0.000e+00
     40.127     4.8607   3.113378    32.4338        365     1.5167  0.000e+00
     40.245     4.8610   3.113378    32.4335        366     1.5208  0.000e+00
     40.364     4.8609   3.113300    32.4326        367     1.5250  0.000e+00
     40.480     4.8609   3.113318    32.4328        368     1.5292  0.000e+00
     40.600     4.8609   3.113336    32.4330        369     1.5333  0.000e+00
     40.717     4.8607   3.113300    32.4327        370     1.5375  0.000e+00
     40.836     4.8606   3.113282    32.4324        371     1.5417  0.000e+00
     40.966     4.8603   3.113300    32.4329        372     1.5458  0.000e+00
     41.086     4.8602   3.113300    32.4329        373     1.5500  0.000e+00
     41.214     4.8602   3.113282    32.4327        374     1.5542  0.000e+00
     41.346     4.8601   3.113276    32.4327        375     1.5583  0.000e+00
     41.482     4.8600   3.113300    32.4330        376     1.5625  0.000e+00
     41.613     4.8601   3.113318    32.4330        377     1.5667  0.000e+00
     41.748     4.8599   3.113282    32.4327        378     1.5708  0.000e+00
     41.879     4.8598   3.113361    32.4337        379     1.5750  0.000e+00
     42.011     4.8598   3.113318    32.4331        380     1.5792  0.000e+00
     42.141     4.8598   3.113318    32.4330        381     1.5833  0.000e+00
     42.268     4.8598   3.113318    32.4329        382     1.5875  0.000e+00
     42.399     4.8597   3.113300    32.4328        383     1.5917  0.000e+00
     42.531     4.8598   3.113343    32.4331        384     1.5958  0.000e+00
     42.660     4.8599   3.113500    32.4348        385     1.6000  0.000e+00
     42.797     4.8600   3.113282    32.4321        386     1.6042  0.000e+00
     42.937     4.8599   3.113318    32.4325        387     1.6083  0.000e+00
     43.081     4.8599   3.113264    32.4318        388     1.6125  0.000e+00
     43.217     4.8596   3.113264    32.4321        389     1.6167  0.000e+00
     43.362     4.8591   3.113240    32.4321        390     1.6208  0.000e+00
     43.500     4.8590   3.113222    32.4320        391     1.6250  0.000e+00
     43.637     4.8589   3.113222    32.4320        392     1.6292  0.000e+00
     43.781     4.8588   3.113337    32.4334        393     1.6333  0.000e+00
     43.922     4.8588   3.113282    32.4327        394     1.6375  0.000e+00
     44.067     4.8588   3.113301    32.4328        395     1.6417  0.000e+00
     44.210     4.8589   3.113283    32.4325        396     1.6458  0.000e+00
     44.352     4.8588   3.113222    32.4318        397     1.6500  0.000e+00
     44.495     4.8586   3.113240    32.4321        398     1.6542  0.000e+00
     44.629     4.8584   3.113149    32.4312        399     1.6583  0.000e+00
     44.763     4.8581   3.113476    32.4352        400     1.6625  0.000e+00
     44.897     4.8584   3.113501    32.4351        401     1.6667  0.000e+00
     45.020     4.8588   3.113319    32.4326        402     1.6708  0.000e+00
     45.136     4.8582   3.113458    32.4347        403     1.6750  0.000e+00
     45.254     4.8577   3.113380    32.4342        404     1.6792  0.000e+00
     45.371     4.8570   3.113422    32.4353        405     1.6833  0.000e+00
     45.489     4.8566   3.113380    32.4351        406     1.6875  0.000e+00
     45.603     4.8560   3.113422    32.4361        407     1.6917  0.000e+00
     45.717     4.8559   3.113440    32.4364        408     1.6958  0.000e+00
     45.835     4.8558   3.113398    32.4360        409     1.7000  0.000e+00
     45.956     4.8555   3.113501    32.4374        410     1.7042  0.000e+00
     46.068     4.8555   3.113525    32.4376        411     1.7083  0.000e+00
     46.191     4.8557   3.113398    32.4359        412     1.7125  0.000e+00
     46.314     4.8553   3.113283    32.4349        413     1.7167  0.000e+00
     46.437     4.8548   3.113380    32.4365        414     1.7208  0.000e+00
     46.558     4.8543   3.113344    32.4364        415     1.7250  0.000e+00
     46.681     4.8540   3.113380    32.4371        416     1.7292  0.000e+00
     46.808     4.8539   3.113344    32.4367        417     1.7333  0.000e+00
     46.935     4.8537   3.113320    32.4366        418     1.7375  0.000e+00
     47.061     4.8533   3.113344    32.4372        419     1.7417  0.000e+00
     47.193     4.8533   3.113344    32.4371        420     1.7458  0.000e+00
