HB2502/sbe069.cnv
* Sea-Bird SBE 19plus V2 Data File:
* FileName = C:\cruise\data\sbe069.hex
* Software Version Seasave V 7.26.7.121
* Temperature SN = 6128
* Conductivity SN = 6128
* System UpLoad Time = Apr 07 2025 04:28:25
* NMEA Latitude = 40 15.01 N
* NMEA Longitude = 069 22.59 W
* NMEA UTC (Time) = Apr 07 2025  04:27:33
** Ship: Henry Bigelow
** Cruise:  HB2502
** Program:  Spring Bottom Trawl
# nquan = 7
# nvalues = 1729                                  
# units = specified
# name 0 = depSM: Depth [salt water, m]
# name 1 = tv290C: Temperature [ITS-90, deg C]
# name 2 = c0S/m: Conductivity [S/m]
# name 3 = sal00: Salinity, Practical [PSU]
# name 4 = scan: Scan Count
# name 5 = timeM: Time, Elapsed [minutes]
# name 6 = flag:  0.000e+00
# span 0 =     -0.026,     79.209                 
# span 1 =     5.2356,     6.5455                 
# span 2 =   0.012943,   3.226827                 
# span 3 =     0.0938,    32.8861                 
# span 4 =         11,       1739                 
# span 5 =     0.0417,     7.2417                 
# span 6 = 0.0000e+00, 0.0000e+00                 
# interval = seconds: 0.25
# start_time = Apr 07 2025 04:27:33 [NMEA time, header]
# bad_flag = -9.990e-29
*END*
[from data line 616]
     79.022     5.7316   3.224170    32.8289        627     2.6083  0.000e+00
     79.022     5.7320   3.224722    32.8347        628     2.6125  0.000e+00
     79.000     5.7337   3.225477    32.8417        629     2.6167  0.000e+00
     78.950     5.7365   3.225520    32.8394        630     2.6208  0.000e+00
     78.872     5.7394   3.224777    32.8282        631     2.6250  0.000e+00
     78.772     5.7405   3.224292    32.8218        632     2.6292  0.000e+00
     78.658     5.7391   3.223390    32.8130        633     2.6333  0.000e+00
     78.524     5.7362   3.221261    32.7919        634     2.6375  0.000e+00
     78.386     5.7299   3.221280    32.7982        635     2.6417  0.000e+00
     78.239     5.7233   3.218808    32.7769        636     2.6458  0.000e+00
     78.091     5.7150   3.216668    32.7609        637     2.6500  0.000e+00
     77.963     5.7027   3.216239    32.7680        638     2.6542  0.000e+00
     77.853     5.6915   3.215872    32.7748        639     2.6583  0.000e+00
     77.749     5.6832   3.215240    32.7758        640     2.6625  0.000e+00
     77.668     5.6766   3.215075    32.7804        641     2.6667  0.000e+00
     77.619     5.6717   3.214836    32.7825        642     2.6708  0.000e+00
     77.588     5.6681   3.214480    32.7820        643     2.6750  0.000e+00
     77.572     5.6652   3.214235    32.7821        644     2.6792  0.000e+00
     77.572     5.6624   3.214174    32.7841        645     2.6833  0.000e+00
     77.581     5.6606   3.214401    32.7884        646     2.6875  0.000e+00
     77.590     5.6597   3.214382    32.7891        647     2.6917  0.000e+00
     77.605     5.6592   3.214297    32.7886        648     2.6958  0.000e+00
     77.608     5.6589   3.214113    32.7868        649     2.7000  0.000e+00
     77.599     5.6583   3.213972    32.7858        650     2.7042  0.000e+00
     77.572     5.6576   3.213874    32.7854        651     2.7083  0.000e+00
     77.523     5.6568   3.213874    32.7862        652     2.7125  0.000e+00
     77.452     5.6562   3.213506    32.7826        653     2.7167  0.000e+00
     77.358     5.6557   3.213598    32.7843        654     2.7208  0.000e+00
     77.226     5.6548   3.213095    32.7795        655     2.7250  0.000e+00
     77.066     5.6534   3.212605    32.7754        656     2.7292  0.000e+00
     76.885     5.6510   3.212158    32.7728        657     2.7333  0.000e+00
     76.680     5.6484   3.211974    32.7733        658     2.7375  0.000e+00
     76.461     5.6461   3.211527    32.7706        659     2.7417  0.000e+00
     76.233     5.6438   3.210283    32.7588        660     2.7458  0.000e+00
     76.002     5.6397   3.209039    32.7489        661     2.7500  0.000e+00
     75.765     5.6334   3.207576    32.7387        662     2.7542  0.000e+00
     75.548     5.6254   3.206884    32.7387        663     2.7583  0.000e+00
     75.345     5.6177   3.206865    32.7461        664     2.7625  0.000e+00
     75.153     5.6120   3.206786    32.7508        665     2.7667  0.000e+00
     74.997     5.6084   3.206602    32.7523        666     2.7708  0.000e+00
     74.868     5.6059   3.206173    32.7499        667     2.7750  0.000e+00
     74.768     5.6033   3.205898    32.7494        668     2.7792  0.000e+00
     74.697     5.6008   3.205849    32.7513        669     2.7833  0.000e+00
     74.662     5.5988   3.205543    32.7499        670     2.7875  0.000e+00
     74.643     5.5968   3.205298    32.7490        671     2.7917  0.000e+00
     74.656     5.5948   3.205280    32.7508        672     2.7958  0.000e+00
     74.685     5.5931   3.205218    32.7517        673     2.8000  0.000e+00
     74.727     5.5918   3.205298    32.7539        674     2.8042  0.000e+00
     74.775     5.5912   3.205525    32.7570        675     2.8083  0.000e+00
     74.821     5.5912   3.205745    32.7594        676     2.8125  0.000e+00
     74.860     5.5920   3.205910    32.7605        677     2.8167  0.000e+00
     74.891     5.5932   3.206008    32.7604        678     2.8208  0.000e+00
     74.909     5.5943   3.206112    32.7605        679     2.8250  0.000e+00
     74.911     5.5954   3.206192    32.7603        680     2.8292  0.000e+00
     74.898     5.5966   3.206253    32.7599        681     2.8333  0.000e+00
     74.856     5.5972   3.206192    32.7586        682     2.8375  0.000e+00
     74.788     5.5978   3.206051    32.7565        683     2.8417  0.000e+00
     74.688     5.5979   3.205549    32.7508        684     2.8458  0.000e+00
     74.574     5.5968   3.204692    32.7422        685     2.8500  0.000e+00
     74.431     5.5937   3.203186    32.7283        686     2.8542  0.000e+00
     74.274     5.5881   3.202293    32.7237        687     2.8583  0.000e+00
     74.096     5.5811   3.201558    32.7222        688     2.8625  0.000e+00
     73.909     5.5744   3.201093    32.7236        689     2.8667  0.000e+00
     73.711     5.5687   3.200524    32.7228        690     2.8708  0.000e+00
     73.512     5.5637   3.198517    32.7050        691     2.8750  0.000e+00
     73.322     5.5572   3.196670    32.6905        692     2.8792  0.000e+00
     73.137     5.5471   3.194279    32.6733        693     2.8833  0.000e+00
     72.967     5.5346   3.193778    32.6799        694     2.8875  0.000e+00
     72.822     5.5227   3.193515    32.6885        695     2.8917  0.000e+00
     72.693     5.5137   3.193735    32.6998        696     2.8958  0.000e+00
     72.592     5.5083   3.193491    32.7024        697     2.9000  0.000e+00
     72.520     5.5047   3.193332    32.7041        698     2.9042  0.000e+00
     72.460     5.5021   3.193087    32.7039        699     2.9083  0.000e+00
     72.422     5.4997   3.192580    32.7006        700     2.9125  0.000e+00
     72.402     5.4970   3.192501    32.7023        701     2.9167  0.000e+00
     72.393     5.4945   3.192702    32.7070        702     2.9208  0.000e+00
     72.400     5.4931   3.192904    32.7106        703     2.9250  0.000e+00
     72.407     5.4929   3.193008    32.7120        704     2.9292  0.000e+00
     72.422     5.4932   3.193149    32.7133        705     2.9333  0.000e+00
     72.427     5.4940   3.193167    32.7127        706     2.9375  0.000e+00
     72.420     5.4948   3.193088    32.7111        707     2.9417  0.000e+00
     72.400     5.4951   3.193069    32.7105        708     2.9458  0.000e+00
     72.360     5.4953   3.192886    32.7083        709     2.9500  0.000e+00
     72.291     5.4949   3.192238    32.7014        710     2.9542  0.000e+00
     72.198     5.4934   3.191486    32.6943        711     2.9583  0.000e+00
     72.078     5.4900   3.191547    32.6984        712     2.9625  0.000e+00
     71.935     5.4865   3.188944    32.6723        713     2.9667  0.000e+00
     71.778     5.4802   3.186720    32.6533        714     2.9708  0.000e+00
     71.600     5.4697   3.186152    32.6572        715     2.9750  0.000e+00
     71.426     5.4591   3.186091    32.6669        716     2.9792  0.000e+00
     71.242     5.4514   3.185004    32.6621        717     2.9833  0.000e+00
     71.061     5.4461   3.184699    32.6639        718     2.9875  0.000e+00
     70.878     5.4424   3.184619    32.6667        719     2.9917  0.000e+00
     70.712     5.4402   3.184198    32.6641        720     2.9958  0.000e+00
     70.558     5.4384   3.184112    32.6650        721     3.0000  0.000e+00
     70.426     5.4370   3.183709    32.6618        722     3.0042  0.000e+00
     70.319     5.4354   3.183508    32.6611        723     3.0083  0.000e+00
     70.232     5.4339   3.183447    32.6619        724     3.0125  0.000e+00
     70.167     5.4324   3.183349    32.6623        725     3.0167  0.000e+00
     70.128     5.4310   3.183306    32.6632        726     3.0208  0.000e+00
     70.104     5.4302   3.183245    32.6633        727     3.0250  0.000e+00
     70.101     5.4296   3.183270    32.6642        728     3.0292  0.000e+00
     70.111     5.4291   3.183227    32.6642        729     3.0333  0.000e+00
     70.136     5.4287   3.183245    32.6648        730     3.0375  0.000e+00
     70.165     5.4287   3.183227    32.6645        731     3.0417  0.000e+00
     70.203     5.4285   3.183270    32.6652        732     3.0458  0.000e+00
     70.229     5.4284   3.183288    32.6655        733     3.0500  0.000e+00
     70.252     5.4287   3.183331    32.6657        734     3.0542  0.000e+00
     70.258     5.4289   3.183367    32.6659        735     3.0583  0.000e+00
     70.240     5.4289   3.183367    32.6659        736     3.0625  0.000e+00
     70.191     5.4290   3.183331    32.6654        737     3.0667  0.000e+00
     70.118     5.4291   3.183166    32.6635        738     3.0708  0.000e+00
     70.008     5.4289   3.182763    32.6592        739     3.0750  0.000e+00
     69.879     5.4279   3.181914    32.6506        740     3.0792  0.000e+00
     69.713     5.4252   3.181395    32.6473        741     3.0833  0.000e+00
     69.537     5.4216   3.180205    32.6374        742     3.0875  0.000e+00
     69.334     5.4166   3.179094    32.6297        743     3.0917  0.000e+00
     69.119     5.4101   3.178228    32.6264        744     3.0958  0.000e+00
     68.883     5.4032   3.177727    32.6275        745     3.1000  0.000e+00
     68.639     5.3970   3.177062    32.6261        746     3.1042  0.000e+00
     68.407     5.3917   3.175976    32.6190        747     3.1083  0.000e+00
     68.202     5.3860   3.175171    32.6155        748     3.1125  0.000e+00
     68.021     5.3798   3.174567    32.6147        749     3.1167  0.000e+00
     67.865     5.3739   3.173945    32.6135        750     3.1208  0.000e+00
     67.743     5.3685   3.173420    32.6128        751     3.1250  0.000e+00
     67.652     5.3633   3.173079    32.6140        752     3.1292  0.000e+00
     67.584     5.3589   3.172780    32.6149        753     3.1333  0.000e+00
     67.538     5.3554   3.172475    32.6149        754     3.1375  0.000e+00
     67.511     5.3522   3.172237    32.6153        755     3.1417  0.000e+00
     67.491     5.3497   3.172177    32.6171        756     3.1458  0.000e+00
     67.473     5.3475   3.172134    32.6187        757     3.1500  0.000e+00
     67.455     5.3460   3.172079    32.6196        758     3.1542  0.000e+00
     67.426     5.3449   3.171994    32.6197        759     3.1583  0.000e+00
     67.385     5.3441   3.171829    32.6186        760     3.1625  0.000e+00
     67.334     5.3433   3.171591    32.6168        761     3.1667  0.000e+00
     67.258     5.3421   3.171030    32.6115        762     3.1708  0.000e+00
     67.162     5.3401   3.169805    32.5996        763     3.1750  0.000e+00
     67.037     5.3364   3.169226    32.5966        764     3.1792  0.000e+00
     66.885     5.3316   3.168500    32.5931        765     3.1833  0.000e+00
     66.724     5.3270   3.167940    32.5913        766     3.1875  0.000e+00
     66.539     5.3222   3.166776    32.5828        767     3.1917  0.000e+00
     66.348     5.3163   3.166118    32.5811        768     3.1958  0.000e+00
     66.152     5.3104   3.165435    32.5792        769     3.2000  0.000e+00
     65.955     5.3046   3.164692    32.5765        770     3.2042  0.000e+00
     65.749     5.2995   3.164253    32.5766        771     3.2083  0.000e+00
     65.559     5.2950   3.163870    32.5766        772     3.2125  0.000e+00
     65.376     5.2916   3.163669    32.5777        773     3.2167  0.000e+00
     65.202     5.2887   3.163352    32.5770        774     3.2208  0.000e+00
     65.043     5.2864   3.163053    32.5760        775     3.2250  0.000e+00
     64.898     5.2844   3.162749    32.5745        776     3.2292  0.000e+00
     64.759     5.2824   3.162450    32.5731        777     3.2333  0.000e+00
     64.644     5.2804   3.162371    32.5742        778     3.2375  0.000e+00
     64.531     5.2790   3.162268    32.5744        779     3.2417  0.000e+00
     64.432     5.2776   3.162109    32.5740        780     3.2458  0.000e+00
     64.341     5.2766   3.162109    32.5751        781     3.2500  0.000e+00
     64.253     5.2757   3.162030    32.5751        782     3.2542  0.000e+00
     64.171     5.2749   3.162012    32.5757        783     3.2583  0.000e+00
     64.102     5.2746   3.161908    32.5748        784     3.2625  0.000e+00
     64.046     5.2743   3.161859    32.5747        785     3.2667  0.000e+00
     63.980     5.2740   3.161768    32.5739        786     3.2708  0.000e+00
     63.922     5.2739   3.161689    32.5731        787     3.2750  0.000e+00
     63.854     5.2738   3.161610    32.5723        788     3.2792  0.000e+00
     63.790     5.2735   3.161506    32.5714        789     3.2833  0.000e+00
     63.718     5.2735   3.161409    32.5704        790     3.2875  0.000e+00
     63.646     5.2736   3.161287    32.5690        791     3.2917  0.000e+00
     63.555     5.2737   3.161250    32.5685        792     3.2958  0.000e+00
     63.463     5.2739   3.161068    32.5663        793     3.3000  0.000e+00
     63.360     5.2741   3.160928    32.5645        794     3.3042  0.000e+00
     63.242     5.2739   3.160946    32.5650        795     3.3083  0.000e+00
     63.128     5.2738   3.160988    32.5656        796     3.3125  0.000e+00
     62.997     5.2740   3.161031    32.5659        797     3.3167  0.000e+00
     62.871     5.2746   3.161007    32.5652        798     3.3208  0.000e+00
     62.743     5.2751   3.161006    32.5647        799     3.3250  0.000e+00
     62.616     5.2758   3.161031    32.5644        800     3.3292  0.000e+00
     62.500     5.2770   3.161171    32.5649        801     3.3333  0.000e+00
     62.390     5.2785   3.161311    32.5651        802     3.3375  0.000e+00
     62.287     5.2799   3.161311    32.5638        803     3.3417  0.000e+00
     62.200     5.2813   3.161311    32.5624        804     3.3458  0.000e+00
     62.118     5.2824   3.161286    32.5611        805     3.3500  0.000e+00
     62.056     5.2831   3.161292    32.5606        806     3.3542  0.000e+00
     62.000     5.2836   3.161311    32.5603        807     3.3583  0.000e+00
     61.956     5.2840   3.161329    32.5601        808     3.3625  0.000e+00
     61.919     5.2843   3.161347    32.5601        809     3.3667  0.000e+00
     61.884     5.2846   3.161329    32.5596        810     3.3708  0.000e+00
     61.851     5.2848   3.161329    32.5595        811     3.3750  0.000e+00
     61.804     5.2849   3.161311    32.5591        812     3.3792  0.000e+00
     61.757     5.2850   3.161311    32.5591        813     3.3833  0.000e+00
     61.698     5.2850   3.161329    32.5593        814     3.3875  0.000e+00
     61.624     5.2852   3.161329    32.5592        815     3.3917  0.000e+00
     61.539     5.2855   3.161347    32.5592        816     3.3958  0.000e+00
     61.439     5.2858   3.161451    32.5601        817     3.4000  0.000e+00
     61.329     5.2860   3.161450    32.5599        818     3.4042  0.000e+00
     61.214     5.2868   3.161365    32.5583        819     3.4083  0.000e+00
     61.094     5.2872   3.161268    32.5568        820     3.4125  0.000e+00
     60.970     5.2874   3.161310    32.5571        821     3.4167  0.000e+00
     60.855     5.2876   3.161389    32.5579        822     3.4208  0.000e+00
     60.735     5.2882   3.161487    32.5585        823     3.4250  0.000e+00
     60.618     5.2889   3.161505    32.5581        824     3.4292  0.000e+00
     60.495     5.2895   3.161487    32.5573        825     3.4333  0.000e+00
     60.377     5.2900   3.161487    32.5569        826     3.4375  0.000e+00
     60.272     5.2902   3.161608    32.5582        827     3.4417  0.000e+00
     60.167     5.2907   3.161688    32.5587        828     3.4458  0.000e+00
     60.069     5.2915   3.161767    32.5588        829     3.4500  0.000e+00
     59.993     5.2924   3.161791    32.5583        830     3.4542  0.000e+00
