HB2502/sbe037.cnv
* Sea-Bird SBE 19plus V2 Data File:
* FileName = C:\cruise\data\sbe037.hex
* Software Version Seasave V 7.26.7.121
* Temperature SN = 6128
* Conductivity SN = 6128
* System UpLoad Time = Mar 20 2025 18:50:48
* NMEA Latitude = 39 39.75 N
* NMEA Longitude = 073 17.46 W
* NMEA UTC (Time) = Mar 20 2025  18:49:37
** Ship: Henry Bigelow
** Cruise:  HB2502
** Program:  Spring Bottom Trawl
# nquan = 7
# nvalues = 1404                                  
# units = specified
# name 0 = depSM: Depth [salt water, m]
# name 1 = tv290C: Temperature [ITS-90, deg C]
# name 2 = c0S/m: Conductivity [S/m]
# name 3 = sal00: Salinity, Practical [PSU]
# name 4 = scan: Scan Count
# name 5 = timeM: Time, Elapsed [minutes]
# name 6 = flag:  0.000e+00
# span 0 =     -0.119,     35.182                 
# span 1 =     5.4059,     8.8960                 
# span 2 =   0.005171,   3.490905                 
# span 3 =     0.0359,    34.2968                 
# span 4 =         11,       1414                 
# span 5 =     0.0417,     5.8875                 
# span 6 = 0.0000e+00, 0.0000e+00                 
# interval = seconds: 0.25
# start_time = Mar 20 2025 18:49:37 [NMEA time, header]
# bad_flag = -9.990e-29
*END*
[from data line 616]
     25.259     5.6835   3.251608    33.2131        627     2.6083  0.000e+00
     25.228     5.6835   3.251627    33.2134        628     2.6125  0.000e+00
     25.197     5.6834   3.251584    33.2130        629     2.6167  0.000e+00
     25.179     5.6832   3.251399    33.2111        630     2.6208  0.000e+00
     25.159     5.6830   3.251510    33.2126        631     2.6250  0.000e+00
     25.150     5.6829   3.251504    33.2127        632     2.6292  0.000e+00
     25.145     5.6827   3.251522    33.2130        633     2.6333  0.000e+00
     25.139     5.6825   3.251522    33.2132        634     2.6375  0.000e+00
     25.137     5.6825   3.251522    33.2133        635     2.6417  0.000e+00
     25.139     5.6826   3.251504    33.2129        636     2.6458  0.000e+00
     25.139     5.6825   3.251528    33.2133        637     2.6500  0.000e+00
     25.137     5.6825   3.251522    33.2133        638     2.6542  0.000e+00
     25.143     5.6826   3.251522    33.2131        639     2.6583  0.000e+00
     25.141     5.6826   3.251522    33.2131        640     2.6625  0.000e+00
     25.135     5.6827   3.251485    33.2126        641     2.6667  0.000e+00
     25.134     5.6825   3.251454    33.2124        642     2.6708  0.000e+00
     25.131     5.6824   3.251461    33.2127        643     2.6750  0.000e+00
     25.126     5.6824   3.251442    33.2125        644     2.6792  0.000e+00
     25.124     5.6822   3.251399    33.2122        645     2.6833  0.000e+00
     25.108     5.6822   3.251399    33.2122        646     2.6875  0.000e+00
     25.100     5.6819   3.251381    33.2122        647     2.6917  0.000e+00
     25.079     5.6819   3.251313    33.2115        648     2.6958  0.000e+00
     25.059     5.6816   3.251257    33.2112        649     2.7000  0.000e+00
     25.045     5.6813   3.251214    33.2109        650     2.7042  0.000e+00
     25.021     5.6808   3.251171    33.2110        651     2.7083  0.000e+00
     24.991     5.6803   3.251134    33.2110        652     2.7125  0.000e+00
     24.969     5.6801   3.251048    33.2103        653     2.7167  0.000e+00
     24.936     5.6796   3.250943    33.2097        654     2.7208  0.000e+00
     24.907     5.6790   3.250863    33.2093        655     2.7250  0.000e+00
     24.863     5.6784   3.250820    33.2095        656     2.7292  0.000e+00
     24.814     5.6777   3.250697    33.2088        657     2.7333  0.000e+00
     24.756     5.6770   3.250636    33.2088        658     2.7375  0.000e+00
     24.694     5.6762   3.250513    33.2082        659     2.7417  0.000e+00
     24.629     5.6756   3.250451    33.2082        660     2.7458  0.000e+00
     24.561     5.6748   3.250389    33.2083        661     2.7500  0.000e+00
     24.498     5.6742   3.250303    33.2080        662     2.7542  0.000e+00
     24.427     5.6735   3.250223    33.2078        663     2.7583  0.000e+00
     24.367     5.6728   3.250223    33.2085        664     2.7625  0.000e+00
     24.307     5.6723   3.250174    33.2084        665     2.7667  0.000e+00
     24.262     5.6719   3.250162    33.2087        666     2.7708  0.000e+00
     24.217     5.6716   3.250137    33.2087        667     2.7750  0.000e+00
     24.180     5.6715   3.250118    33.2087        668     2.7792  0.000e+00
     24.149     5.6712   3.250137    33.2092        669     2.7833  0.000e+00
     24.128     5.6710   3.250118    33.2092        670     2.7875  0.000e+00
     24.113     5.6710   3.250118    33.2092        671     2.7917  0.000e+00
     24.107     5.6709   3.250118    33.2093        672     2.7958  0.000e+00
     24.105     5.6708   3.250118    33.2094        673     2.8000  0.000e+00
     24.107     5.6707   3.250118    33.2095        674     2.8042  0.000e+00
     24.116     5.6708   3.250137    33.2096        675     2.8083  0.000e+00
     24.124     5.6708   3.250162    33.2099        676     2.8125  0.000e+00
     24.139     5.6709   3.250217    33.2104        677     2.8167  0.000e+00
     24.161     5.6712   3.250266    33.2107        678     2.8208  0.000e+00
     24.179     5.6715   3.250365    33.2114        679     2.8250  0.000e+00
     24.195     5.6719   3.250451    33.2121        680     2.8292  0.000e+00
     24.213     5.6725   3.250556    33.2127        681     2.8333  0.000e+00
     24.227     5.6733   3.250611    33.2125        682     2.8375  0.000e+00
     24.233     5.6739   3.250654    33.2124        683     2.8417  0.000e+00
     24.235     5.6747   3.250740    33.2126        684     2.8458  0.000e+00
     24.222     5.6750   3.250802    33.2130        685     2.8500  0.000e+00
     24.211     5.6757   3.250882    33.2131        686     2.8542  0.000e+00
     24.187     5.6764   3.250906    33.2128        687     2.8583  0.000e+00
     24.164     5.6770   3.250900    33.2122        688     2.8625  0.000e+00
     24.135     5.6773   3.250906    33.2119        689     2.8667  0.000e+00
     24.104     5.6774   3.250882    33.2115        690     2.8708  0.000e+00
     24.068     5.6776   3.250863    33.2111        691     2.8750  0.000e+00
     24.035     5.6777   3.250820    33.2106        692     2.8792  0.000e+00
     23.999     5.6776   3.250845    33.2110        693     2.8833  0.000e+00
     23.961     5.6774   3.250863    33.2114        694     2.8875  0.000e+00
     23.919     5.6773   3.250882    33.2117        695     2.8917  0.000e+00
     23.876     5.6774   3.250863    33.2114        696     2.8958  0.000e+00
     23.835     5.6774   3.250845    33.2112        697     2.9000  0.000e+00
     23.783     5.6773   3.250802    33.2109        698     2.9042  0.000e+00
     23.727     5.6773   3.250783    33.2107        699     2.9083  0.000e+00
     23.669     5.6771   3.250728    33.2103        700     2.9125  0.000e+00
     23.618     5.6767   3.250635    33.2097        701     2.9167  0.000e+00
     23.564     5.6762   3.250592    33.2097        702     2.9208  0.000e+00
     23.506     5.6757   3.250469    33.2088        703     2.9250  0.000e+00
     23.454     5.6753   3.250389    33.2083        704     2.9292  0.000e+00
     23.404     5.6744   3.250235    33.2075        705     2.9333  0.000e+00
     23.361     5.6736   3.250161    33.2075        706     2.9375  0.000e+00
     23.325     5.6727   3.250075    33.2074        707     2.9417  0.000e+00
     23.293     5.6719   3.250014    33.2076        708     2.9458  0.000e+00
     23.260     5.6711   3.249890    33.2070        709     2.9500  0.000e+00
     23.247     5.6701   3.249786    33.2068        710     2.9542  0.000e+00
     23.227     5.6695   3.249644    33.2058        711     2.9583  0.000e+00
     23.215     5.6684   3.249626    33.2066        712     2.9625  0.000e+00
     23.198     5.6675   3.249626    33.2075        713     2.9667  0.000e+00
     23.184     5.6670   3.249644    33.2083        714     2.9708  0.000e+00
     23.165     5.6666   3.249687    33.2091        715     2.9750  0.000e+00
     23.147     5.6667   3.249829    33.2106        716     2.9792  0.000e+00
     23.124     5.6672   3.249786    33.2097        717     2.9833  0.000e+00
     23.102     5.6676   3.249626    33.2074        718     2.9875  0.000e+00
     23.082     5.6673   3.249497    33.2064        719     2.9917  0.000e+00
     23.058     5.6666   3.249460    33.2066        720     2.9958  0.000e+00
     23.044     5.6659   3.249497    33.2077        721     3.0000  0.000e+00
     23.027     5.6655   3.249540    33.2086        722     3.0042  0.000e+00
     23.015     5.6654   3.249472    33.2080        723     3.0083  0.000e+00
     23.007     5.6652   3.249398    33.2073        724     3.0125  0.000e+00
     22.998     5.6650   3.249312    33.2066        725     3.0167  0.000e+00
     22.995     5.6646   3.249293    33.2068        726     3.0208  0.000e+00
     23.011     5.6640   3.249250    33.2069        727     3.0250  0.000e+00
     23.034     5.6637   3.249232    33.2070        728     3.0292  0.000e+00
     23.063     5.6633   3.249257    33.2076        729     3.0333  0.000e+00
     23.105     5.6631   3.249293    33.2082        730     3.0375  0.000e+00
     23.149     5.6631   3.249312    33.2083        731     3.0417  0.000e+00
     23.196     5.6631   3.249355    33.2088        732     3.0458  0.000e+00
     23.247     5.6633   3.249374    33.2088        733     3.0500  0.000e+00
     23.289     5.6635   3.249417    33.2091        734     3.0542  0.000e+00
     23.328     5.6637   3.249509    33.2099        735     3.0583  0.000e+00
     23.359     5.6640   3.249601    33.2106        736     3.0625  0.000e+00
     23.379     5.6646   3.249724    33.2114        737     3.0667  0.000e+00
     23.381     5.6653   3.249891    33.2126        738     3.0708  0.000e+00
     23.361     5.6664   3.249952    33.2122        739     3.0750  0.000e+00
     23.327     5.6672   3.249958    33.2115        740     3.0792  0.000e+00
     23.271     5.6679   3.249934    33.2106        741     3.0833  0.000e+00
     23.198     5.6681   3.249977    33.2109        742     3.0875  0.000e+00
     23.113     5.6686   3.249810    33.2086        743     3.0917  0.000e+00
     23.011     5.6684   3.249663    33.2071        744     3.0958  0.000e+00
     22.897     5.6678   3.249460    33.2055        745     3.1000  0.000e+00
     22.774     5.6667   3.249373    33.2057        746     3.1042  0.000e+00
     22.642     5.6656   3.249207    33.2050        747     3.1083  0.000e+00
     22.515     5.6645   3.249189    33.2059        748     3.1125  0.000e+00
     22.406     5.6635   3.249109    33.2060        749     3.1167  0.000e+00
     22.318     5.6628   3.248924    33.2047        750     3.1208  0.000e+00
     22.254     5.6618   3.248758    33.2038        751     3.1250  0.000e+00
     22.216     5.6607   3.248721    33.2045        752     3.1292  0.000e+00
     22.212     5.6597   3.248653    33.2048        753     3.1333  0.000e+00
     22.243     5.6588   3.248635    33.2053        754     3.1375  0.000e+00
     22.288     5.6581   3.248672    33.2064        755     3.1417  0.000e+00
     22.360     5.6580   3.248733    33.2072        756     3.1458  0.000e+00
     22.449     5.6580   3.248838    33.2084        757     3.1500  0.000e+00
     22.528     5.6583   3.248998    33.2099        758     3.1542  0.000e+00
     22.624     5.6590   3.249109    33.2104        759     3.1583  0.000e+00
     22.711     5.6599   3.249250    33.2111        760     3.1625  0.000e+00
     22.790     5.6609   3.249293    33.2105        761     3.1667  0.000e+00
     22.872     5.6617   3.249250    33.2092        762     3.1708  0.000e+00
     22.939     5.6621   3.249250    33.2088        763     3.1750  0.000e+00
     22.988     5.6621   3.249177    33.2079        764     3.1792  0.000e+00
     23.024     5.6620   3.249170    33.2079        765     3.1833  0.000e+00
     23.029     5.6619   3.249146    33.2077        766     3.1875  0.000e+00
     23.009     5.6615   3.249207    33.2088        767     3.1917  0.000e+00
     22.973     5.6616   3.249189    33.2085        768     3.1958  0.000e+00
     22.923     5.6615   3.249170    33.2085        769     3.2000  0.000e+00
     22.842     5.6616   3.249213    33.2089        770     3.2042  0.000e+00
     22.762     5.6616   3.249146    33.2082        771     3.2083  0.000e+00
     22.670     5.6616   3.248961    33.2061        772     3.2125  0.000e+00
     22.575     5.6614   3.248881    33.2055        773     3.2167  0.000e+00
     22.494     5.6608   3.248758    33.2047        774     3.2208  0.000e+00
     22.422     5.6600   3.248653    33.2043        775     3.2250  0.000e+00
     22.369     5.6591   3.248253    33.2007        776     3.2292  0.000e+00
     22.335     5.6583   3.248567    33.2050        777     3.2333  0.000e+00
     22.328     5.6579   3.248530    33.2051        778     3.2375  0.000e+00
     22.333     5.6573   3.248469    33.2049        779     3.2417  0.000e+00
     22.351     5.6567   3.248444    33.2052        780     3.2458  0.000e+00
     22.383     5.6564   3.248506    33.2062        781     3.2500  0.000e+00
     22.412     5.6563   3.248530    33.2066        782     3.2542  0.000e+00
     22.456     5.6563   3.248592    33.2072        783     3.2583  0.000e+00
     22.493     5.6565   3.248672    33.2079        784     3.2625  0.000e+00
     22.531     5.6570   3.248733    33.2081        785     3.2667  0.000e+00
     22.565     5.6575   3.248856    33.2090        786     3.2708  0.000e+00
     22.592     5.6582   3.248899    33.2088        787     3.2750  0.000e+00
     22.610     5.6586   3.248924    33.2087        788     3.2792  0.000e+00
     22.608     5.6592   3.248924    33.2081        789     3.2833  0.000e+00
     22.590     5.6595   3.248943    33.2080        790     3.2875  0.000e+00
     22.561     5.6597   3.248881    33.2072        791     3.2917  0.000e+00
     22.528     5.6598   3.248899    33.2072        792     3.2958  0.000e+00
     22.485     5.6597   3.248899    33.2074        793     3.3000  0.000e+00
     22.441     5.6597   3.248899    33.2074        794     3.3042  0.000e+00
     22.399     5.6597   3.248899    33.2074        795     3.3083  0.000e+00
     22.355     5.6597   3.248942    33.2079        796     3.3125  0.000e+00
     22.319     5.6598   3.248942    33.2078        797     3.3167  0.000e+00
     22.274     5.6598   3.248838    33.2067        798     3.3208  0.000e+00
     22.236     5.6597   3.248764    33.2060        799     3.3250  0.000e+00
     22.201     5.6595   3.248715    33.2056        800     3.3292  0.000e+00
     22.167     5.6589   3.248592    33.2048        801     3.3333  0.000e+00
     22.140     5.6583   3.248530    33.2047        802     3.3375  0.000e+00
     22.098     5.6577   3.248444    33.2043        803     3.3417  0.000e+00
     22.065     5.6570   3.248241    33.2027        804     3.3458  0.000e+00
     22.033     5.6566   3.248389    33.2049        805     3.3500  0.000e+00
     21.993     5.6559   3.248345    33.2050        806     3.3542  0.000e+00
     21.957     5.6557   3.248321    33.2051        807     3.3583  0.000e+00
     21.919     5.6554   3.248321    33.2053        808     3.3625  0.000e+00
     21.877     5.6550   3.248284    33.2053        809     3.3667  0.000e+00
     21.836     5.6549   3.248259    33.2052        810     3.3708  0.000e+00
     21.798     5.6548   3.248253    33.2052        811     3.3750  0.000e+00
     21.767     5.6546   3.248259    33.2055        812     3.3792  0.000e+00
     21.743     5.6546   3.248241    33.2053        813     3.3833  0.000e+00
     21.736     5.6542   3.248302    33.2064        814     3.3875  0.000e+00
     21.736     5.6545   3.248321    33.2063        815     3.3917  0.000e+00
     21.744     5.6547   3.248364    33.2066        816     3.3958  0.000e+00
     21.759     5.6550   3.248388    33.2066        817     3.4000  0.000e+00
     21.786     5.6554   3.248407    33.2064        818     3.4042  0.000e+00
     21.815     5.6555   3.248407    33.2063        819     3.4083  0.000e+00
     21.849     5.6557   3.248364    33.2056        820     3.4125  0.000e+00
     21.884     5.6556   3.248345    33.2054        821     3.4167  0.000e+00
     21.916     5.6553   3.248345    33.2057        822     3.4208  0.000e+00
     21.956     5.6554   3.248333    33.2055        823     3.4250  0.000e+00
     21.985     5.6553   3.248364    33.2059        824     3.4292  0.000e+00
     22.016     5.6552   3.248345    33.2058        825     3.4333  0.000e+00
     22.043     5.6551   3.248345    33.2058        826     3.4375  0.000e+00
     22.068     5.6551   3.248364    33.2061        827     3.4417  0.000e+00
     22.090     5.6552   3.248364    33.2060        828     3.4458  0.000e+00
     22.102     5.6552   3.248389    33.2062        829     3.4500  0.000e+00
     22.115     5.6554   3.248407    33.2062        830     3.4542  0.000e+00
