HB2502/sbe084.cnv
* Sea-Bird SBE 19plus V2 Data File:
* FileName = C:\cruise\data\sbe084.hex
* Software Version Seasave V 7.26.7.121
* Temperature SN = 6128
* Conductivity SN = 6128
* System UpLoad Time = Apr 12 2025 20:55:27
* NMEA Latitude = 40 25.45 N
* NMEA Longitude = 067 34.43 W
* NMEA UTC (Time) = Apr 12 2025  20:54:40
** Ship: Henry Bigelow
** Cruise:  HB2502
** Program:  Spring Bottom Trawl
# nquan = 7
# nvalues = 3267                                  
# units = specified
# name 0 = depSM: Depth [salt water, m]
# name 1 = tv290C: Temperature [ITS-90, deg C]
# name 2 = c0S/m: Conductivity [S/m]
# name 3 = sal00: Salinity, Practical [PSU]
# name 4 = scan: Scan Count
# name 5 = timeM: Time, Elapsed [minutes]
# name 6 = flag:  0.000e+00
# span 0 =      0.096,    152.884                 
# span 1 =     4.7430,     8.9876                 
# span 2 =   0.001394,   3.658349                 
# span 3 =     0.0116,    34.3582                 
# span 4 =         11,       3277                 
# span 5 =     0.0417,    13.6500                 
# span 6 = 0.0000e+00, 0.0000e+00                 
# interval = seconds: 0.25
# start_time = Apr 12 2025 20:54:40 [NMEA time, header]
# bad_flag = -9.990e-29
*END*
[from data line 1026]
    150.497     8.9168   3.647193    34.3021       1037     4.3167  0.000e+00
    150.728     8.9178   3.647283    34.3020       1038     4.3208  0.000e+00
    150.956     8.9187   3.647354    34.3017       1039     4.3250  0.000e+00
    151.179     8.9196   3.647553    34.3028       1040     4.3292  0.000e+00
    151.388     8.9203   3.647798    34.3046       1041     4.3333  0.000e+00
    151.582     8.9210   3.648075    34.3067       1042     4.3375  0.000e+00
    151.763     8.9218   3.648275    34.3080       1043     4.3417  0.000e+00
    151.926     8.9231   3.649242    34.3168       1044     4.3458  0.000e+00
    152.071     8.9248   3.650073    34.3238       1045     4.3500  0.000e+00
    152.190     8.9283   3.651104    34.3311       1046     4.3542  0.000e+00
    152.274     8.9326   3.652225    34.3387       1047     4.3583  0.000e+00
    152.349     8.9377   3.653082    34.3426       1048     4.3625  0.000e+00
    152.421     8.9433   3.653314    34.3396       1049     4.3667  0.000e+00
    152.492     8.9482   3.654184    34.3440       1050     4.3708  0.000e+00
    152.551     8.9525   3.655648    34.3551       1051     4.3750  0.000e+00
    152.623     8.9577   3.656389    34.3578       1052     4.3792  0.000e+00
    152.709     8.9636   3.656976    34.3582       1053     4.3833  0.000e+00
    152.765     8.9688   3.657447    34.3581       1054     4.3875  0.000e+00
    152.767     8.9736   3.657666    34.3557       1055     4.3917  0.000e+00
    152.739     8.9774   3.657782    34.3534       1056     4.3958  0.000e+00
    152.613     8.9801   3.657898    34.3519       1057     4.4000  0.000e+00
    152.540     8.9823   3.657762    34.3485       1058     4.4042  0.000e+00
    152.482     8.9838   3.657691    34.3464       1059     4.4083  0.000e+00
    152.458     8.9845   3.657556    34.3442       1060     4.4125  0.000e+00
    152.428     8.9847   3.657408    34.3425       1061     4.4167  0.000e+00
    152.393     8.9845   3.657311    34.3417       1062     4.4208  0.000e+00
    152.372     8.9839   3.656976    34.3387       1063     4.4250  0.000e+00
    152.355     8.9831   3.656615    34.3358       1064     4.4292  0.000e+00
    152.365     8.9818   3.656498    34.3358       1065     4.4333  0.000e+00
    152.393     8.9804   3.656498    34.3371       1066     4.4375  0.000e+00
    152.438     8.9792   3.656389    34.3371       1067     4.4417  0.000e+00
    152.504     8.9783   3.656550    34.3397       1068     4.4458  0.000e+00
    152.573     8.9779   3.656705    34.3416       1069     4.4500  0.000e+00
    152.647     8.9780   3.656840    34.3430       1070     4.4542  0.000e+00
    152.721     8.9781   3.657040    34.3449       1071     4.4583  0.000e+00
    152.784     8.9790   3.657427    34.3481       1072     4.4625  0.000e+00
    152.839     8.9800   3.657737    34.3503       1073     4.4667  0.000e+00
    152.878     8.9815   3.657969    34.3513       1074     4.4708  0.000e+00
    152.884     8.9830   3.658098    34.3511       1075     4.4750  0.000e+00
    152.874     8.9844   3.658233    34.3512       1076     4.4792  0.000e+00
    152.829     8.9857   3.658349    34.3511       1077     4.4833  0.000e+00
    152.741     8.9870   3.658349    34.3500       1078     4.4875  0.000e+00
    152.621     8.9876   3.657672    34.3424       1079     4.4917  0.000e+00
    152.466     8.9876   3.655950    34.3244       1080     4.4958  0.000e+00
    152.278     8.9848   3.654564    34.3128       1081     4.5000  0.000e+00
    152.059     8.9795   3.654248    34.3146       1082     4.5042  0.000e+00
    151.825     8.9745   3.652901    34.3055       1083     4.5083  0.000e+00
    151.569     8.9690   3.651374    34.2949       1084     4.5125  0.000e+00
    151.302     8.9626   3.650768    34.2949       1085     4.5167  0.000e+00
    151.044     8.9562   3.650227    34.2956       1086     4.5208  0.000e+00
    150.788     8.9506   3.649441    34.2929       1087     4.5250  0.000e+00
    150.539     8.9456   3.648835    34.2915       1088     4.5292  0.000e+00
    150.317     8.9410   3.648519    34.2926       1089     4.5333  0.000e+00
    150.134     8.9369   3.648339    34.2948       1090     4.5375  0.000e+00
    149.995     8.9339   3.648294    34.2973       1091     4.5417  0.000e+00
    149.890     8.9317   3.648249    34.2990       1092     4.5458  0.000e+00
    149.834     8.9301   3.648249    34.3006       1093     4.5500  0.000e+00
    149.825     8.9293   3.648223    34.3011       1094     4.5542  0.000e+00
    149.857     8.9286   3.648229    34.3018       1095     4.5583  0.000e+00
    149.919     8.9281   3.648249    34.3024       1096     4.5625  0.000e+00
    150.002     8.9281   3.648249    34.3025       1097     4.5667  0.000e+00
    150.093     8.9278   3.648294    34.3031       1098     4.5708  0.000e+00
    150.194     8.9280   3.648229    34.3023       1099     4.5750  0.000e+00
    150.291     8.9278   3.648229    34.3024       1100     4.5792  0.000e+00
    150.387     8.9275   3.648275    34.3031       1101     4.5833  0.000e+00
    150.475     8.9275   3.648371    34.3041       1102     4.5875  0.000e+00
    150.544     8.9275   3.648500    34.3054       1103     4.5917  0.000e+00
    150.596     8.9277   3.648610    34.3063       1104     4.5958  0.000e+00
    150.640     8.9282   3.648674    34.3065       1105     4.6000  0.000e+00
    150.656     8.9286   3.648809    34.3075       1106     4.6042  0.000e+00
    150.665     8.9290   3.648880    34.3078       1107     4.6083  0.000e+00
    150.658     8.9297   3.648900    34.3075       1108     4.6125  0.000e+00
    150.634     8.9301   3.648951    34.3075       1109     4.6167  0.000e+00
    150.587     8.9307   3.648899    34.3065       1110     4.6208  0.000e+00
    150.524     8.9309   3.648764    34.3049       1111     4.6250  0.000e+00
    150.434     8.9309   3.648674    34.3040       1112     4.6292  0.000e+00
    150.331     8.9309   3.648609    34.3034       1113     4.6333  0.000e+00
    150.204     8.9306   3.648564    34.3032       1114     4.6375  0.000e+00
    150.053     8.9304   3.648564    34.3035       1115     4.6417  0.000e+00
    149.882     8.9300   3.648500    34.3033       1116     4.6458  0.000e+00
    149.693     8.9298   3.648519    34.3038       1117     4.6500  0.000e+00
    149.494     8.9298   3.648474    34.3034       1118     4.6542  0.000e+00
    149.269     8.9300   3.648364    34.3022       1119     4.6583  0.000e+00
    149.033     8.9300   3.647913    34.2976       1120     4.6625  0.000e+00
    148.807     8.9296   3.647714    34.2960       1121     4.6667  0.000e+00
    148.590     8.9286   3.647372    34.2935       1122     4.6708  0.000e+00
    148.392     8.9271   3.647147    34.2926       1123     4.6750  0.000e+00
    148.231     8.9257   3.646857    34.2910       1124     4.6792  0.000e+00
    148.104     8.9240   3.646973    34.2940       1125     4.6833  0.000e+00
    148.023     8.9228   3.646973    34.2952       1126     4.6875  0.000e+00
    148.001     8.9222   3.646947    34.2954       1127     4.6917  0.000e+00
    148.027     8.9218   3.646947    34.2959       1128     4.6958  0.000e+00
    148.103     8.9215   3.646992    34.2966       1129     4.7000  0.000e+00
    148.199     8.9212   3.646947    34.2963       1130     4.7042  0.000e+00
    148.318     8.9212   3.646940    34.2962       1131     4.7083  0.000e+00
    148.443     8.9212   3.646973    34.2965       1132     4.7125  0.000e+00
    148.575     8.9210   3.647037    34.2973       1133     4.7167  0.000e+00
    148.700     8.9210   3.647218    34.2991       1134     4.7208  0.000e+00
    148.805     8.9213   3.647282    34.2994       1135     4.7250  0.000e+00
    148.885     8.9219   3.647282    34.2989       1136     4.7292  0.000e+00
    148.930     8.9221   3.647327    34.2991       1137     4.7333  0.000e+00
    148.942     8.9224   3.647430    34.2999       1138     4.7375  0.000e+00
    148.915     8.9227   3.647443    34.2997       1139     4.7417  0.000e+00
    148.846     8.9231   3.647372    34.2987       1140     4.7458  0.000e+00
    148.743     8.9233   3.647553    34.3004       1141     4.7500  0.000e+00
    148.598     8.9237   3.647263    34.2971       1142     4.7542  0.000e+00
    148.420     8.9238   3.647037    34.2947       1143     4.7583  0.000e+00
    148.221     8.9234   3.647262    34.2975       1144     4.7625  0.000e+00
    147.998     8.9231   3.647127    34.2965       1145     4.7667  0.000e+00
    147.767     8.9228   3.647043    34.2960       1146     4.7708  0.000e+00
    147.535     8.9225   3.647056    34.2965       1147     4.7750  0.000e+00
    147.309     8.9224   3.647037    34.2965       1148     4.7792  0.000e+00
    147.109     8.9221   3.646676    34.2931       1149     4.7833  0.000e+00
    146.919     8.9217   3.646792    34.2948       1150     4.7875  0.000e+00
    146.762     8.9212   3.646341    34.2907       1151     4.7917  0.000e+00
    146.642     8.9203   3.646495    34.2933       1152     4.7958  0.000e+00
    146.572     8.9195   3.646425    34.2932       1153     4.8000  0.000e+00
    146.534     8.9192   3.646405    34.2933       1154     4.8042  0.000e+00
    146.534     8.9189   3.646360    34.2932       1155     4.8083  0.000e+00
    146.565     8.9186   3.646322    34.2931       1156     4.8125  0.000e+00
    146.608     8.9182   3.646360    34.2938       1157     4.8167  0.000e+00
    146.665     8.9180   3.646431    34.2948       1158     4.8208  0.000e+00
    146.730     8.9180   3.646360    34.2940       1159     4.8250  0.000e+00
    146.793     8.9180   3.646450    34.2949       1160     4.8292  0.000e+00
    146.854     8.9179   3.646534    34.2958       1161     4.8333  0.000e+00
    146.909     8.9180   3.646586    34.2962       1162     4.8375  0.000e+00
    146.956     8.9184   3.646657    34.2966       1163     4.8417  0.000e+00
    146.986     8.9186   3.646631    34.2961       1164     4.8458  0.000e+00
    146.997     8.9187   3.646586    34.2955       1165     4.8500  0.000e+00
    146.988     8.9189   3.646566    34.2951       1166     4.8542  0.000e+00
    146.956     8.9190   3.646496    34.2943       1167     4.8583  0.000e+00
    146.896     8.9189   3.646425    34.2937       1168     4.8625  0.000e+00
    146.813     8.9186   3.646450    34.2943       1169     4.8667  0.000e+00
    146.703     8.9184   3.646322    34.2931       1170     4.8708  0.000e+00
    146.572     8.9184   3.646231    34.2923       1171     4.8750  0.000e+00
    146.425     8.9181   3.646025    34.2905       1172     4.8792  0.000e+00
    146.270     8.9174   3.646070    34.2917       1173     4.8833  0.000e+00
    146.110     8.9170   3.645890    34.2903       1174     4.8875  0.000e+00
    145.940     8.9164   3.645890    34.2910       1175     4.8917  0.000e+00
    145.771     8.9161   3.645916    34.2916       1176     4.8958  0.000e+00
    145.605     8.9158   3.645845    34.2912       1177     4.9000  0.000e+00
    145.449     8.9155   3.645735    34.2904       1178     4.9042  0.000e+00
    145.305     8.9151   3.645664    34.2901       1179     4.9083  0.000e+00
    145.175     8.9147   3.645709    34.2911       1180     4.9125  0.000e+00
    145.062     8.9145   3.645664    34.2909       1181     4.9167  0.000e+00
    144.964     8.9143   3.645580    34.2902       1182     4.9208  0.000e+00
    144.892     8.9140   3.645445    34.2891       1183     4.9250  0.000e+00
    144.832     8.9135   3.645374    34.2889       1184     4.9292  0.000e+00
    144.796     8.9129   3.645239    34.2881       1185     4.9333  0.000e+00
    144.776     8.9122   3.645104    34.2873       1186     4.9375  0.000e+00
    144.771     8.9116   3.645059    34.2875       1187     4.9417  0.000e+00
    144.773     8.9108   3.645084    34.2885       1188     4.9458  0.000e+00
    144.790     8.9104   3.645130    34.2894       1189     4.9500  0.000e+00
    144.816     8.9100   3.645130    34.2897       1190     4.9542  0.000e+00
    144.848     8.9100   3.645104    34.2894       1191     4.9583  0.000e+00
    144.883     8.9098   3.645059    34.2892       1192     4.9625  0.000e+00
    144.916     8.9098   3.645149    34.2900       1193     4.9667  0.000e+00
    144.947     8.9098   3.645175    34.2903       1194     4.9708  0.000e+00
    144.975     8.9099   3.645220    34.2907       1195     4.9750  0.000e+00
    144.993     8.9101   3.645239    34.2906       1196     4.9792  0.000e+00
    144.997     8.9101   3.645175    34.2900       1197     4.9833  0.000e+00
    144.978     8.9101   3.645104    34.2893       1198     4.9875  0.000e+00
    144.940     8.9101   3.645123    34.2894       1199     4.9917  0.000e+00
    144.878     8.9100   3.645149    34.2899       1200     4.9958  0.000e+00
    144.794     8.9100   3.644994    34.2883       1201     5.0000  0.000e+00
    144.690     8.9098   3.644659    34.2851       1202     5.0042  0.000e+00
    144.563     8.9091   3.644569    34.2848       1203     5.0083  0.000e+00
    144.414     8.9083   3.644543    34.2854       1204     5.0125  0.000e+00
    144.248     8.9075   3.644524    34.2861       1205     5.0167  0.000e+00
    144.065     8.9073   3.644569    34.2868       1206     5.0208  0.000e+00
    143.882     8.9070   3.644588    34.2874       1207     5.0250  0.000e+00
    143.686     8.9068   3.644569    34.2874       1208     5.0292  0.000e+00
    143.494     8.9069   3.644543    34.2872       1209     5.0333  0.000e+00
    143.323     8.9069   3.644524    34.2870       1210     5.0375  0.000e+00
    143.164     8.9068   3.644543    34.2874       1211     5.0417  0.000e+00
    143.048     8.9068   3.644614    34.2882       1212     5.0458  0.000e+00
    142.951     8.9069   3.644749    34.2895       1213     5.0500  0.000e+00
    142.880     8.9072   3.644846    34.2903       1214     5.0542  0.000e+00
    142.846     8.9077   3.644929    34.2907       1215     5.0583  0.000e+00
    142.833     8.9083   3.644884    34.2897       1216     5.0625  0.000e+00
    142.850     8.9087   3.644839    34.2889       1217     5.0667  0.000e+00
    142.862     8.9088   3.644768    34.2880       1218     5.0708  0.000e+00
    142.888     8.9086   3.644723    34.2877       1219     5.0750  0.000e+00
    142.911     8.9084   3.644749    34.2881       1220     5.0792  0.000e+00
    142.927     8.9085   3.644723    34.2878       1221     5.0833  0.000e+00
    142.935     8.9083   3.644633    34.2871       1222     5.0875  0.000e+00
    142.929     8.9081   3.644569    34.2865       1223     5.0917  0.000e+00
    142.904     8.9078   3.644588    34.2871       1224     5.0958  0.000e+00
    142.861     8.9075   3.644749    34.2890       1225     5.1000  0.000e+00
    142.803     8.9077   3.644813    34.2896       1226     5.1042  0.000e+00
    142.736     8.9078   3.644749    34.2888       1227     5.1083  0.000e+00
    142.652     8.9082   3.644768    34.2887       1228     5.1125  0.000e+00
    142.573     8.9083   3.644723    34.2881       1229     5.1167  0.000e+00
    142.491     8.9085   3.644569    34.2864       1230     5.1208  0.000e+00
    142.413     8.9081   3.644324    34.2842       1231     5.1250  0.000e+00
    142.349     8.9077   3.644143    34.2827       1232     5.1292  0.000e+00
    142.292     8.9070   3.644073    34.2827       1233     5.1333  0.000e+00
    142.241     8.9062   3.644053    34.2834       1234     5.1375  0.000e+00
    142.200     8.9056   3.644028    34.2837       1235     5.1417  0.000e+00
    142.165     8.9049   3.644008    34.2841       1236     5.1458  0.000e+00
    142.129     8.9047   3.643982    34.2841       1237     5.1500  0.000e+00
    142.097     8.9044   3.643950    34.2840       1238     5.1542  0.000e+00
    142.057     8.9042   3.643918    34.2839       1239     5.1583  0.000e+00
    142.016     8.9039   3.643757    34.2826       1240     5.1625  0.000e+00
