HB2502/sbe006.cnv
* Sea-Bird SBE 19plus V2 Data File:
* FileName = C:\cruise\data\sbe006.hex
* Software Version Seasave V 7.26.7.121
* Temperature SN = 6128
* Conductivity SN = 6128
* System UpLoad Time = Mar 09 2025 11:32:05
* NMEA Latitude = 38 45.38 N
* NMEA Longitude = 073 00.70 W
* NMEA UTC (Time) = Mar 09 2025  11:30:43
** Ship: Henry Bigelow
** Cruise:  HB2502
** Program:  Spring Bottom Trawl
# nquan = 7
# nvalues = 6281                                  
# units = specified
# name 0 = depSM: Depth [salt water, m]
# name 1 = tv290C: Temperature [ITS-90, deg C]
# name 2 = c0S/m: Conductivity [S/m]
# name 3 = sal00: Salinity, Practical [PSU]
# name 4 = scan: Scan Count
# name 5 = timeM: Time, Elapsed [minutes]
# name 6 = flag:  0.000e+00
# span 0 =     -0.023,    469.943                 
# span 1 =     5.2737,    11.8485                 
# span 2 =   0.187850,   3.967511                 
# span 3 =     1.5533,    35.2815                 
# span 4 =         11,       6291                 
# span 5 =     0.0417,    26.2083                 
# span 6 = 0.0000e+00, 0.0000e+00                 
# interval = seconds: 0.25
# start_time = Mar 09 2025 11:30:43 [NMEA time, header]
# bad_flag = -9.990e-29
*END*
[from data line 1847]
    247.519     8.7017   3.704706    35.0708       1858     7.7375  0.000e+00
    247.501     8.7021   3.704861    35.0721       1859     7.7417  0.000e+00
    247.477     8.7026   3.704933    35.0723       1860     7.7458  0.000e+00
    247.458     8.7033   3.704991    35.0723       1861     7.7500  0.000e+00
    247.449     8.7037   3.704978    35.0717       1862     7.7542  0.000e+00
    247.472     8.7043   3.704997    35.0714       1863     7.7583  0.000e+00
    247.535     8.7044   3.704907    35.0702       1864     7.7625  0.000e+00
    247.637     8.7044   3.704946    35.0706       1865     7.7667  0.000e+00
    247.789     8.7043   3.705088    35.0721       1866     7.7708  0.000e+00
    247.992     8.7047   3.705069    35.0714       1867     7.7750  0.000e+00
    248.246     8.7049   3.705088    35.0713       1868     7.7792  0.000e+00
    248.550     8.7054   3.705121    35.0710       1869     7.7833  0.000e+00
    248.893     8.7056   3.705231    35.0718       1870     7.7875  0.000e+00
    249.257     8.7059   3.705478    35.0739       1871     7.7917  0.000e+00
    249.650     8.7067   3.705536    35.0736       1872     7.7958  0.000e+00
    250.039     8.7074   3.705640    35.0738       1873     7.8000  0.000e+00
    250.424     8.7083   3.705666    35.0730       1874     7.8042  0.000e+00
    250.788     8.7090   3.705712    35.0726       1875     7.8083  0.000e+00
    251.129     8.7093   3.705751    35.0725       1876     7.8125  0.000e+00
    251.424     8.7096   3.705757    35.0722       1877     7.8167  0.000e+00
    251.673     8.7097   3.705777    35.0722       1878     7.8208  0.000e+00
    251.876     8.7097   3.705777    35.0721       1879     7.8250  0.000e+00
    252.025     8.7095   3.705667    35.0711       1880     7.8292  0.000e+00
    252.130     8.7090   3.705414    35.0689       1881     7.8333  0.000e+00
    252.197     8.7079   3.705343    35.0691       1882     7.8375  0.000e+00
    252.220     8.7065   3.705343    35.0706       1883     7.8417  0.000e+00
    252.224     8.7056   3.705323    35.0712       1884     7.8458  0.000e+00
    252.210     8.7049   3.704980    35.0683       1885     7.8500  0.000e+00
    252.202     8.7034   3.704843    35.0683       1886     7.8542  0.000e+00
    252.195     8.7019   3.704578    35.0671       1887     7.8583  0.000e+00
    252.208     8.6999   3.704293    35.0660       1888     7.8625  0.000e+00
    252.268     8.6976   3.704338    35.0687       1889     7.8667  0.000e+00
    252.363     8.6959   3.704591    35.0730       1890     7.8708  0.000e+00
    252.500     8.6956   3.705012    35.0777       1891     7.8750  0.000e+00
    252.679     8.6971   3.704954    35.0755       1892     7.8792  0.000e+00
    252.903     8.6983   3.704818    35.0728       1893     7.8833  0.000e+00
    253.167     8.6986   3.704643    35.0705       1894     7.8875  0.000e+00
    253.459     8.6980   3.704565    35.0701       1895     7.8917  0.000e+00
    253.783     8.6971   3.704501    35.0702       1896     7.8958  0.000e+00
    254.121     8.6961   3.704501    35.0711       1897     7.9000  0.000e+00
    254.466     8.6950   3.704468    35.0716       1898     7.9042  0.000e+00
    254.801     8.6942   3.704358    35.0711       1899     7.9083  0.000e+00
    255.133     8.6934   3.704222    35.0703       1900     7.9125  0.000e+00
    255.441     8.6920   3.703788    35.0669       1901     7.9167  0.000e+00
    255.720     8.6898   3.703166    35.0624       1902     7.9208  0.000e+00
    255.977     8.6863   3.702577    35.0595       1903     7.9250  0.000e+00
    256.193     8.6815   3.701987    35.0580       1904     7.9292  0.000e+00
    256.383     8.6759   3.700866    35.0516       1905     7.9333  0.000e+00
    256.535     8.6685   3.699033    35.0394       1906     7.9375  0.000e+00
    256.664     8.6581   3.698904    35.0483       1907     7.9417  0.000e+00
    256.762     8.6486   3.697990    35.0481       1908     7.9458  0.000e+00
    256.847     8.6397   3.696851    35.0447       1909     7.9500  0.000e+00
    256.909     8.6311   3.697013    35.0550       1910     7.9542  0.000e+00
    256.958     8.6249   3.696533    35.0560       1911     7.9583  0.000e+00
    257.002     8.6200   3.696210    35.0574       1912     7.9625  0.000e+00
    257.047     8.6155   3.696164    35.0614       1913     7.9667  0.000e+00
    257.098     8.6122   3.695951    35.0624       1914     7.9708  0.000e+00
    257.169     8.6098   3.696054    35.0658       1915     7.9750  0.000e+00
    257.263     8.6083   3.694915    35.0552       1916     7.9792  0.000e+00
    257.381     8.6051   3.695006    35.0593       1917     7.9833  0.000e+00
    257.532     8.6018   3.695951    35.0724       1918     7.9875  0.000e+00
    257.719     8.6022   3.695737    35.0697       1919     7.9917  0.000e+00
    257.938     8.6027   3.694572    35.0568       1920     7.9958  0.000e+00
    258.210     8.6001   3.693659    35.0496       1921     8.0000  0.000e+00
    258.517     8.5942   3.692151    35.0394       1922     8.0042  0.000e+00
    258.852     8.5856   3.691135    35.0369       1923     8.0083  0.000e+00
    259.207     8.5756   3.690268    35.0375       1924     8.0125  0.000e+00
    259.577     8.5659   3.688586    35.0292       1925     8.0167  0.000e+00
    259.941     8.5544   3.686626    35.0196       1926     8.0208  0.000e+00
    260.294     8.5410   3.685061    35.0161       1927     8.0250  0.000e+00
    260.616     8.5259   3.684382    35.0238       1928     8.0292  0.000e+00
    260.920     8.5130   3.682907    35.0208       1929     8.0333  0.000e+00
    261.162     8.5007   3.681414    35.0171       1930     8.0375  0.000e+00
    261.363     8.4875   3.680179    35.0170       1931     8.0417  0.000e+00
    261.508     8.4748   3.679255    35.0196       1932     8.0458  0.000e+00
    261.600     8.4632   3.679029    35.0287       1933     8.0500  0.000e+00
    261.647     8.4537   3.678525    35.0328       1934     8.0542  0.000e+00
    261.650     8.4469   3.678112    35.0351       1935     8.0583  0.000e+00
    261.621     8.4413   3.677465    35.0338       1936     8.0625  0.000e+00
    261.579     8.4359   3.677278    35.0372       1937     8.0667  0.000e+00
    261.541     8.4314   3.677259    35.0415       1938     8.0708  0.000e+00
    261.525     8.4284   3.677349    35.0454       1939     8.0750  0.000e+00
    261.536     8.4267   3.677116    35.0447       1940     8.0792  0.000e+00
    261.596     8.4252   3.677394    35.0491       1941     8.0833  0.000e+00
    261.705     8.4253   3.677827    35.0535       1942     8.0875  0.000e+00
    261.870     8.4266   3.678008    35.0541       1943     8.0917  0.000e+00
    262.094     8.4284   3.678009    35.0522       1944     8.0958  0.000e+00
    262.372     8.4300   3.677873    35.0490       1945     8.1000  0.000e+00
    262.701     8.4306   3.677666    35.0461       1946     8.1042  0.000e+00
    263.061     8.4302   3.677279    35.0422       1947     8.1083  0.000e+00
    263.452     8.4287   3.676762    35.0380       1948     8.1125  0.000e+00
    263.845     8.4258   3.676148    35.0342       1949     8.1167  0.000e+00
    264.233     8.4218   3.675547    35.0315       1950     8.1208  0.000e+00
    264.599     8.4171   3.674927    35.0295       1951     8.1250  0.000e+00
    264.923     8.4120   3.672550    35.0092       1952     8.1292  0.000e+00
    265.213     8.4021   3.670942    35.0017       1953     8.1333  0.000e+00
    265.445     8.3881   3.669270    34.9977       1954     8.1375  0.000e+00
    265.617     8.3733   3.668179    35.0007       1955     8.1417  0.000e+00
    265.746     8.3591   3.666810    35.0002       1956     8.1458  0.000e+00
    265.824     8.3457   3.665520    34.9998       1957     8.1500  0.000e+00
    265.860     8.3325   3.665068    35.0081       1958     8.1542  0.000e+00
    265.873     8.3219   3.664345    35.0109       1959     8.1583  0.000e+00
    265.866     8.3131   3.663920    35.0151       1960     8.1625  0.000e+00
    265.864     8.3054   3.663578    35.0192       1961     8.1667  0.000e+00
    265.873     8.2997   3.663578    35.0248       1962     8.1708  0.000e+00
    265.917     8.2961   3.663604    35.0287       1963     8.1750  0.000e+00
    265.990     8.2941   3.663649    35.0311       1964     8.1792  0.000e+00
    266.118     8.2929   3.664301    35.0391       1965     8.1833  0.000e+00
    266.289     8.2941   3.664759    35.0427       1966     8.1875  0.000e+00
    266.508     8.2971   3.664752    35.0396       1967     8.1917  0.000e+00
    266.762     8.2996   3.664481    35.0341       1968     8.1958  0.000e+00
    267.050     8.3003   3.663488    35.0226       1969     8.2000  0.000e+00
    267.354     8.2977   3.662159    35.0109       1970     8.2042  0.000e+00
    267.672     8.2913   3.660404    34.9985       1971     8.2083  0.000e+00
    267.985     8.2810   3.659282    34.9966       1972     8.2125  0.000e+00
    268.283     8.2691   3.658869    35.0039       1973     8.2167  0.000e+00
    268.567     8.2589   3.658444    35.0094       1974     8.2208  0.000e+00
    268.821     8.2510   3.657812    35.0104       1975     8.2250  0.000e+00
    269.055     8.2439   3.657071    35.0094       1976     8.2292  0.000e+00
    269.260     8.2368   3.656013    35.0051       1977     8.2333  0.000e+00
    269.439     8.2282   3.655678    35.0100       1978     8.2375  0.000e+00
    269.597     8.2207   3.655491    35.0154       1979     8.2417  0.000e+00
    269.740     8.2150   3.655337    35.0193       1980     8.2458  0.000e+00
    269.864     8.2109   3.655176    35.0216       1981     8.2500  0.000e+00
    269.989     8.2078   3.654731    35.0200       1982     8.2542  0.000e+00
    270.107     8.2046   3.654570    35.0214       1983     8.2583  0.000e+00
    270.226     8.2013   3.653313    35.0111       1984     8.2625  0.000e+00
    270.357     8.1958   3.652959    35.0127       1985     8.2667  0.000e+00
    270.482     8.1895   3.652527    35.0144       1986     8.2708  0.000e+00
    270.636     8.1837   3.652392    35.0186       1987     8.2750  0.000e+00
    270.807     8.1791   3.652321    35.0224       1988     8.2792  0.000e+00
    271.004     8.1762   3.652482    35.0269       1989     8.2833  0.000e+00
    271.216     8.1748   3.652211    35.0253       1990     8.2875  0.000e+00
    271.446     8.1736   3.652302    35.0274       1991     8.2917  0.000e+00
    271.692     8.1727   3.651567    35.0202       1992     8.2958  0.000e+00
    271.942     8.1705   3.650433    35.0103       1993     8.3000  0.000e+00
    272.187     8.1650   3.649808    35.0089       1994     8.3042  0.000e+00
    272.428     8.1584   3.649203    35.0089       1995     8.3083  0.000e+00
    272.651     8.1519   3.648527    35.0080       1996     8.3125  0.000e+00
    272.859     8.1455   3.647812    35.0067       1997     8.3167  0.000e+00
    273.048     8.1383   3.647155    35.0067       1998     8.3208  0.000e+00
    273.215     8.1314   3.646929    35.0111       1999     8.3250  0.000e+00
    273.353     8.1259   3.646549    35.0125       2000     8.3292  0.000e+00
    273.472     8.1213   3.646395    35.0154       2001     8.3333  0.000e+00
    273.565     8.1177   3.646286    35.0177       2002     8.3375  0.000e+00
    273.649     8.1149   3.646105    35.0186       2003     8.3417  0.000e+00
    273.728     8.1128   3.646060    35.0201       2004     8.3458  0.000e+00
    273.813     8.1113   3.646060    35.0216       2005     8.3500  0.000e+00
    273.902     8.1103   3.646073    35.0227       2006     8.3542  0.000e+00
    274.020     8.1097   3.646105    35.0236       2007     8.3583  0.000e+00
    274.165     8.1093   3.646196    35.0248       2008     8.3625  0.000e+00
    274.342     8.1097   3.646376    35.0263       2009     8.3667  0.000e+00
    274.554     8.1103   3.646415    35.0261       2010     8.3708  0.000e+00
    274.799     8.1112   3.646260    35.0234       2011     8.3750  0.000e+00
    275.071     8.1114   3.646125    35.0215       2012     8.3792  0.000e+00
    275.355     8.1110   3.645900    35.0195       2013     8.3833  0.000e+00
    275.661     8.1098   3.645649    35.0177       2014     8.3875  0.000e+00
    275.960     8.1082   3.645501    35.0177       2015     8.3917  0.000e+00
    276.261     8.1064   3.645366    35.0178       2016     8.3958  0.000e+00
    276.550     8.1048   3.645430    35.0200       2017     8.4000  0.000e+00
    276.822     8.1038   3.645366    35.0202       2018     8.4042  0.000e+00
    277.065     8.1031   3.645321    35.0202       2019     8.4083  0.000e+00
    277.283     8.1023   3.645186    35.0195       2020     8.4125  0.000e+00
    277.466     8.1016   3.644941    35.0176       2021     8.4167  0.000e+00
    277.629     8.1000   3.644690    35.0163       2022     8.4208  0.000e+00
    277.761     8.0981   3.644065    35.0115       2023     8.4250  0.000e+00
    277.869     8.0953   3.643480    35.0080       2024     8.4292  0.000e+00
    277.947     8.0907   3.643615    35.0139       2025     8.4333  0.000e+00
    278.016     8.0879   3.643435    35.0148       2026     8.4375  0.000e+00
    278.076     8.0861   3.642810    35.0099       2027     8.4417  0.000e+00
    278.143     8.0829   3.642450    35.0092       2028     8.4458  0.000e+00
    278.212     8.0793   3.642450    35.0127       2029     8.4500  0.000e+00
    278.303     8.0765   3.642637    35.0174       2030     8.4542  0.000e+00
    278.413     8.0754   3.642695    35.0191       2031     8.4583  0.000e+00
    278.546     8.0754   3.642901    35.0213       2032     8.4625  0.000e+00
    278.705     8.0759   3.643100    35.0229       2033     8.4667  0.000e+00
    278.891     8.0770   3.643100    35.0217       2034     8.4708  0.000e+00
    279.096     8.0778   3.642856    35.0181       2035     8.4750  0.000e+00
    279.322     8.0778   3.642566    35.0150       2036     8.4792  0.000e+00
    279.563     8.0766   3.642296    35.0131       2037     8.4833  0.000e+00
    279.818     8.0749   3.642083    35.0124       2038     8.4875  0.000e+00
    280.071     8.0727   3.641961    35.0132       2039     8.4917  0.000e+00
    280.319     8.0709   3.641961    35.0149       2040     8.4958  0.000e+00
    280.570     8.0695   3.641936    35.0158       2041     8.5000  0.000e+00
    280.813     8.0685   3.641891    35.0162       2042     8.5042  0.000e+00
    281.047     8.0679   3.641917    35.0170       2043     8.5083  0.000e+00
    281.272     8.0674   3.641981    35.0181       2044     8.5125  0.000e+00
    281.488     8.0673   3.641917    35.0174       2045     8.5167  0.000e+00
    281.702     8.0672   3.641936    35.0176       2046     8.5208  0.000e+00
    281.912     8.0668   3.641981    35.0183       2047     8.5250  0.000e+00
    282.126     8.0670   3.642026    35.0185       2048     8.5292  0.000e+00
    282.336     8.0671   3.642007    35.0182       2049     8.5333  0.000e+00
    282.548     8.0672   3.641981    35.0177       2050     8.5375  0.000e+00
    282.760     8.0672   3.641962    35.0174       2051     8.5417  0.000e+00
    282.965     8.0668   3.641937    35.0174       2052     8.5458  0.000e+00
    283.159     8.0666   3.641982    35.0180       2053     8.5500  0.000e+00
    283.347     8.0667   3.641917    35.0171       2054     8.5542  0.000e+00
    283.528     8.0663   3.641917    35.0174       2055     8.5583  0.000e+00
    283.688     8.0661   3.641892    35.0173       2056     8.5625  0.000e+00
    283.833     8.0659   3.641892    35.0174       2057     8.5667  0.000e+00
    283.964     8.0659   3.641847    35.0168       2058     8.5708  0.000e+00
    284.079     8.0656   3.641847    35.0171       2059     8.5750  0.000e+00
    284.184     8.0654   3.641918    35.0180       2060     8.5792  0.000e+00
    284.286     8.0654   3.641963    35.0184       2061     8.5833  0.000e+00
