HB2502/sbe064.cnv
* Sea-Bird SBE 19plus V2 Data File:
* FileName = C:\cruise\data\sbe064.hex
* Software Version Seasave V 7.26.7.121
* Temperature SN = 6128
* Conductivity SN = 6128
* System UpLoad Time = Apr 06 2025 00:15:50
* NMEA Latitude = 40 12.32 N
* NMEA Longitude = 070 36.01 W
* NMEA UTC (Time) = Apr 06 2025  00:14:57
** Ship: Henry Bigelow
** Cruise:  HB2502
** Program:  Spring Bottom Trawl
# nquan = 7
# nvalues = 2029                                  
# units = specified
# name 0 = depSM: Depth [salt water, m]
# name 1 = tv290C: Temperature [ITS-90, deg C]
# name 2 = c0S/m: Conductivity [S/m]
# name 3 = sal00: Salinity, Practical [PSU]
# name 4 = scan: Scan Count
# name 5 = timeM: Time, Elapsed [minutes]
# name 6 = flag:  0.000e+00
# span 0 =      0.046,    115.735                 
# span 1 =     5.1220,     8.5335                 
# span 2 =   0.161669,   3.574963                 
# span 3 =     1.2932,    33.9904                 
# span 4 =         11,       2039                 
# span 5 =     0.0417,     8.4917                 
# span 6 = 0.0000e+00, 0.0000e+00                 
# interval = seconds: 0.25
# start_time = Apr 06 2025 00:14:57 [NMEA time, header]
# bad_flag = -9.990e-29
*END*
[from data line 1847]
     28.495     6.2998   3.244335    32.5315       1858     7.7375  0.000e+00
     28.318     6.3003   3.244348    32.5312       1859     7.7417  0.000e+00
     28.143     6.3009   3.244354    32.5308       1860     7.7458  0.000e+00
     27.975     6.3010   3.244274    32.5299       1861     7.7500  0.000e+00
     27.823     6.3012   3.244292    32.5300       1862     7.7542  0.000e+00
     27.686     6.3012   3.244317    32.5303       1863     7.7583  0.000e+00
     27.572     6.3013   3.244378    32.5309       1864     7.7625  0.000e+00
     27.461     6.3018   3.244390    32.5307       1865     7.7667  0.000e+00
     27.364     6.3023   3.244397    32.5303       1866     7.7708  0.000e+00
     27.280     6.3029   3.244378    32.5296       1867     7.7750  0.000e+00
     27.184     6.3030   3.244255    32.5281       1868     7.7792  0.000e+00
     27.072     6.3029   3.244107    32.5266       1869     7.7833  0.000e+00
     26.956     6.3020   3.244169    32.5282       1870     7.7875  0.000e+00
     26.813     6.3014   3.244267    32.5300       1871     7.7917  0.000e+00
     26.632     6.3014   3.244292    32.5304       1872     7.7958  0.000e+00
     26.426     6.3011   3.244378    32.5317       1873     7.8000  0.000e+00
     26.194     6.3014   3.244335    32.5311       1874     7.8042  0.000e+00
     25.944     6.3018   3.244335    32.5308       1875     7.8083  0.000e+00
     25.669     6.3029   3.244335    32.5299       1876     7.8125  0.000e+00
     25.376     6.3039   3.244230    32.5279       1877     7.8167  0.000e+00
     25.096     6.3042   3.244248    32.5280       1878     7.8208  0.000e+00
     24.815     6.3043   3.243756    32.5225       1879     7.8250  0.000e+00
     24.544     6.3051   3.244377    32.5288       1880     7.8292  0.000e+00
     24.294     6.3063   3.244353    32.5275       1881     7.8333  0.000e+00
     24.057     6.3072   3.244396    32.5272       1882     7.8375  0.000e+00
     23.840     6.3078   3.244334    32.5261       1883     7.8417  0.000e+00
     23.644     6.3084   3.244365    32.5259       1884     7.8458  0.000e+00
     23.467     6.3088   3.244315    32.5251       1885     7.8500  0.000e+00
     23.324     6.3092   3.244291    32.5245       1886     7.8542  0.000e+00
     23.179     6.3093   3.244291    32.5245       1887     7.8583  0.000e+00
     23.045     6.3095   3.244315    32.5246       1888     7.8625  0.000e+00
     22.908     6.3101   3.244315    32.5241       1889     7.8667  0.000e+00
     22.768     6.3105   3.244346    32.5241       1890     7.8708  0.000e+00
     22.629     6.3106   3.244254    32.5231       1891     7.8750  0.000e+00
     22.462     6.3104   3.243632    32.5165       1892     7.8792  0.000e+00
     22.296     6.3097   3.244167    32.5232       1893     7.8833  0.000e+00
     22.112     6.3088   3.244106    32.5234       1894     7.8875  0.000e+00
     21.922     6.3078   3.244167    32.5252       1895     7.8917  0.000e+00
     21.734     6.3074   3.244106    32.5250       1896     7.8958  0.000e+00
     21.544     6.3082   3.243995    32.5230       1897     7.9000  0.000e+00
     21.365     6.3110   3.243983    32.5204       1898     7.9042  0.000e+00
     21.191     6.3134   3.244044    32.5188       1899     7.9083  0.000e+00
     21.028     6.3153   3.244192    32.5187       1900     7.9125  0.000e+00
     20.865     6.3148   3.244228    32.5197       1901     7.9167  0.000e+00
     20.722     6.3134   3.244191    32.5206       1902     7.9208  0.000e+00
     20.570     6.3119   3.244148    32.5217       1903     7.9250  0.000e+00
     20.434     6.3106   3.244167    32.5232       1904     7.9292  0.000e+00
     20.290     6.3098   3.244191    32.5243       1905     7.9333  0.000e+00
     20.141     6.3098   3.244148    32.5239       1906     7.9375  0.000e+00
     19.983     6.3097   3.244068    32.5232       1907     7.9417  0.000e+00
     19.836     6.3106   3.243982    32.5214       1908     7.9458  0.000e+00
     19.665     6.3127   3.243914    32.5188       1909     7.9500  0.000e+00
     19.486     6.3153   3.243920    32.5164       1910     7.9542  0.000e+00
     19.290     6.3188   3.243902    32.5130       1911     7.9583  0.000e+00
     19.082     6.3220   3.243859    32.5095       1912     7.9625  0.000e+00
     18.865     6.3239   3.243920    32.5085       1913     7.9667  0.000e+00
     18.624     6.3252   3.243920    32.5074       1914     7.9708  0.000e+00
     18.383     6.3264   3.243920    32.5064       1915     7.9750  0.000e+00
     18.143     6.3283   3.243914    32.5046       1916     7.9792  0.000e+00
     17.911     6.3306   3.243963    32.5030       1917     7.9833  0.000e+00
     17.702     6.3335   3.243963    32.5003       1918     7.9875  0.000e+00
     17.519     6.3364   3.243981    32.4979       1919     7.9917  0.000e+00
     17.351     6.3398   3.244024    32.4952       1920     7.9958  0.000e+00
     17.191     6.3436   3.244085    32.4923       1921     8.0000  0.000e+00
     17.052     6.3482   3.244073    32.4879       1922     8.0042  0.000e+00
     16.936     6.3516   3.243938    32.4832       1923     8.0083  0.000e+00
     16.817     6.3532   3.244042    32.4829       1924     8.0125  0.000e+00
     16.705     6.3539   3.244005    32.4819       1925     8.0167  0.000e+00
     16.591     6.3527   3.243981    32.4828       1926     8.0208  0.000e+00
     16.480     6.3517   3.243981    32.4838       1927     8.0250  0.000e+00
     16.359     6.3506   3.244011    32.4853       1928     8.0292  0.000e+00
     16.228     6.3503   3.244005    32.4856       1929     8.0333  0.000e+00
     16.067     6.3502   3.243980    32.4854       1930     8.0375  0.000e+00
     15.892     6.3505   3.244023    32.4857       1931     8.0417  0.000e+00
     15.682     6.3518   3.244042    32.4848       1932     8.0458  0.000e+00
     15.443     6.3546   3.244066    32.4825       1933     8.0500  0.000e+00
     15.174     6.3596   3.243962    32.4767       1934     8.0542  0.000e+00
     14.880     6.3659   3.243857    32.4697       1935     8.0583  0.000e+00
     14.577     6.3719   3.243814    32.4636       1936     8.0625  0.000e+00
     14.259     6.3769   3.243795    32.4588       1937     8.0667  0.000e+00
     13.946     6.3799   3.243629    32.4543       1938     8.0708  0.000e+00
     13.648     6.3818   3.243752    32.4539       1939     8.0750  0.000e+00
     13.360     6.3832   3.243752    32.4527       1940     8.0792  0.000e+00
     13.091     6.3841   3.243758    32.4521       1941     8.0833  0.000e+00
     12.856     6.3847   3.243752    32.4515       1942     8.0875  0.000e+00
     12.647     6.3851   3.243715    32.4509       1943     8.0917  0.000e+00
     12.477     6.3852   3.243714    32.4508       1944     8.0958  0.000e+00
     12.340     6.3853   3.243690    32.4506       1945     8.1000  0.000e+00
     12.246     6.3852   3.243690    32.4507       1946     8.1042  0.000e+00
     12.177     6.3852   3.243696    32.4508       1947     8.1083  0.000e+00
     12.133     6.3854   3.243690    32.4506       1948     8.1125  0.000e+00
     12.104     6.3852   3.243690    32.4508       1949     8.1167  0.000e+00
     12.090     6.3852   3.243690    32.4508       1950     8.1208  0.000e+00
     12.055     6.3853   3.243690    32.4507       1951     8.1250  0.000e+00
     11.993     6.3854   3.243714    32.4509       1952     8.1292  0.000e+00
     11.926     6.3854   3.243751    32.4514       1953     8.1333  0.000e+00
     11.818     6.3850   3.243794    32.4523       1954     8.1375  0.000e+00
     11.690     6.3840   3.243751    32.4528       1955     8.1417  0.000e+00
     11.530     6.3834   3.243751    32.4535       1956     8.1458  0.000e+00
     11.336     6.3832   3.243690    32.4531       1957     8.1500  0.000e+00
     11.108     6.3832   3.243689    32.4532       1958     8.1542  0.000e+00
     10.851     6.3837   3.243671    32.4526       1959     8.1583  0.000e+00
     10.585     6.3842   3.243659    32.4521       1960     8.1625  0.000e+00
     10.305     6.3846   3.243671    32.4520       1961     8.1667  0.000e+00
     10.030     6.3847   3.243671    32.4520       1962     8.1708  0.000e+00
      9.760     6.3851   3.243652    32.4516       1963     8.1750  0.000e+00
      9.498     6.3852   3.243609    32.4512       1964     8.1792  0.000e+00
      9.261     6.3853   3.243627    32.4514       1965     8.1833  0.000e+00
      9.033     6.3853   3.243578    32.4509       1966     8.1875  0.000e+00
      8.830     6.3852   3.243566    32.4510       1967     8.1917  0.000e+00
      8.646     6.3852   3.243547    32.4508       1968     8.1958  0.000e+00
      8.479     6.3850   3.243547    32.4511       1969     8.2000  0.000e+00
      8.320     6.3850   3.243547    32.4513       1970     8.2042  0.000e+00
      8.174     6.3850   3.243522    32.4511       1971     8.2083  0.000e+00
      8.025     6.3850   3.243547    32.4514       1972     8.2125  0.000e+00
      7.870     6.3849   3.243516    32.4512       1973     8.2167  0.000e+00
      7.712     6.3849   3.243504    32.4511       1974     8.2208  0.000e+00
      7.535     6.3850   3.243522    32.4514       1975     8.2250  0.000e+00
      7.351     6.3850   3.243547    32.4517       1976     8.2292  0.000e+00
      7.136     6.3848   3.243565    32.4522       1977     8.2333  0.000e+00
      6.915     6.3848   3.243522    32.4518       1978     8.2375  0.000e+00
      6.690     6.3848   3.243516    32.4519       1979     8.2417  0.000e+00
      6.468     6.3847   3.243522    32.4521       1980     8.2458  0.000e+00
      6.262     6.3846   3.243503    32.4521       1981     8.2500  0.000e+00
      6.081     6.3845   3.243485    32.4521       1982     8.2542  0.000e+00
      5.896     6.3844   3.243503    32.4525       1983     8.2583  0.000e+00
      5.723     6.3843   3.243503    32.4526       1984     8.2625  0.000e+00
      5.560     6.3842   3.243503    32.4529       1985     8.2667  0.000e+00
      5.408     6.3841   3.243497    32.4529       1986     8.2708  0.000e+00
      5.245     6.3841   3.243503    32.4531       1987     8.2750  0.000e+00
      5.064     6.3840   3.243522    32.4535       1988     8.2792  0.000e+00
      4.878     6.3838   3.243503    32.4536       1989     8.2833  0.000e+00
      4.675     6.3835   3.243485    32.4537       1990     8.2875  0.000e+00
      4.461     6.3833   3.243460    32.4537       1991     8.2917  0.000e+00
      4.189     6.3833   3.243478    32.4541       1992     8.2958  0.000e+00
      3.914     6.3831   3.243484    32.4545       1993     8.3000  0.000e+00
      3.623     6.3831   3.243460    32.4543       1994     8.3042  0.000e+00
      3.334     6.3830   3.243441    32.4544       1995     8.3083  0.000e+00
      3.072     6.3830   3.243441    32.4545       1996     8.3125  0.000e+00
      2.838     6.3828   3.243422    32.4546       1997     8.3167  0.000e+00
      2.647     6.3830   3.243422    32.4545       1998     8.3208  0.000e+00
      2.493     6.3831   3.243422    32.4545       1999     8.3250  0.000e+00
      2.357     6.3831   3.243422    32.4545       2000     8.3292  0.000e+00
      2.234     6.3830   3.243398    32.4544       2001     8.3333  0.000e+00
      2.126     6.3831   3.243422    32.4547       2002     8.3375  0.000e+00
      2.010     6.3832   3.243398    32.4544       2003     8.3417  0.000e+00
      1.905     6.3831   3.243398    32.4545       2004     8.3458  0.000e+00
      1.818     6.3831   3.243379    32.4543       2005     8.3500  0.000e+00
      1.735     6.3831   3.243397    32.4546       2006     8.3542  0.000e+00
      1.634     6.3830   3.243397    32.4548       2007     8.3583  0.000e+00
      1.514     6.3830   3.243361    32.4544       2008     8.3625  0.000e+00
      1.359     6.3829   3.243360    32.4546       2009     8.3667  0.000e+00
      1.172     6.3830   3.243379    32.4547       2010     8.3708  0.000e+00
      0.933     6.3830   3.243360    32.4547       2011     8.3750  0.000e+00
      0.546     6.3830   3.243379    32.4550       2012     8.3792  0.000e+00
      0.222     6.3833   3.243169    32.4526       2013     8.3833  0.000e+00
      0.070     6.3833   1.510387    14.0590       2014     8.3875  0.000e+00
      0.057     6.3840   0.577410     4.9914       2015     8.3917  0.000e+00
      0.058     6.3876   0.432538     3.6666       2016     8.3958  0.000e+00
      0.058     6.3935   0.358151     2.9990       2017     8.4000  0.000e+00
      0.054     6.3982   0.318049     2.6434       2018     8.4042  0.000e+00
      0.046     6.4004   0.282759     2.3334       2019     8.4083  0.000e+00
      0.053     6.4012   0.201674     1.6324       2020     8.4125  0.000e+00
      0.158     6.4008   0.161669     1.2932       2021     8.4167  0.000e+00
      0.460     6.4011   1.262721    11.5735       2022     8.4208  0.000e+00
      0.687     6.4013   1.263518    11.5813       2023     8.4250  0.000e+00
      0.864     6.3973   1.427555    13.2193       2024     8.4292  0.000e+00
      1.012     6.3925   1.840199    17.4207       2025     8.4333  0.000e+00
      1.133     6.3888   2.075963    19.8704       2026     8.4375  0.000e+00
      1.274     6.3861   2.763253    27.1892       2027     8.4417  0.000e+00
      1.394     6.3843   2.955485    29.2832       2028     8.4458  0.000e+00
      1.509     6.3833   3.044019    30.2543       2029     8.4500  0.000e+00
      1.613     6.3823   2.953758    29.2659       2030     8.4542  0.000e+00
      1.732     6.3818   2.903332    28.7155       2031     8.4583  0.000e+00
      1.842     6.3813   2.858619    28.2286       2032     8.4625  0.000e+00
      1.909     6.3809   3.083018    30.6850       2033     8.4667  0.000e+00
      1.896     6.3807   3.131624    31.2207       2034     8.4708  0.000e+00
      1.822     6.3805   3.234306    32.3562       2035     8.4750  0.000e+00
      1.716     6.3808   3.235332    32.3674       2036     8.4792  0.000e+00
      1.611     6.3811   3.236322    32.3781       2037     8.4833  0.000e+00
      1.508     6.3814   3.238608    32.4032       2038     8.4875  0.000e+00
      1.375     6.3817   3.240126    32.4199       2039     8.4917  0.000e+00
