HB2502/sbe062.cnv
* Sea-Bird SBE 19plus V2 Data File:
* FileName = C:\cruise\data\sbe062.hex
* Software Version Seasave V 7.26.7.121
* Temperature SN = 6128
* Conductivity SN = 6128
* System UpLoad Time = Apr 05 2025 19:09:59
* NMEA Latitude = 40 18.23 N
* NMEA Longitude = 070 57.89 W
* NMEA UTC (Time) = Apr 05 2025  19:09:05
** Ship: Henry Bigelow
** Cruise:  HB2502
** Program:  Spring Bottom Trawl
# nquan = 7
# nvalues = 2227                                  
# units = specified
# name 0 = depSM: Depth [salt water, m]
# name 1 = tv290C: Temperature [ITS-90, deg C]
# name 2 = c0S/m: Conductivity [S/m]
# name 3 = sal00: Salinity, Practical [PSU]
# name 4 = scan: Scan Count
# name 5 = timeM: Time, Elapsed [minutes]
# name 6 = flag:  0.000e+00
# span 0 =      0.059,    100.411                 
# span 1 =     5.0041,     7.3900                 
# span 2 =   0.004443,   3.303498                 
# span 3 =     0.0317,    33.1165                 
# span 4 =         11,       2237                 
# span 5 =     0.0417,     9.3167                 
# span 6 = 0.0000e+00, 0.0000e+00                 
# interval = seconds: 0.25
# start_time = Apr 05 2025 19:09:05 [NMEA time, header]
# bad_flag = -9.990e-29
*END*
[from data line 1436]
     53.591     5.2606   3.165852    32.6388       1447     6.0250  0.000e+00
     53.607     5.2626   3.165810    32.6364       1448     6.0292  0.000e+00
     53.627     5.2636   3.165731    32.6344       1449     6.0333  0.000e+00
     53.649     5.2637   3.165651    32.6334       1450     6.0375  0.000e+00
     53.667     5.2633   3.165529    32.6324       1451     6.0417  0.000e+00
     53.672     5.2623   3.165493    32.6330       1452     6.0458  0.000e+00
     53.661     5.2616   3.165450    32.6331       1453     6.0500  0.000e+00
     53.623     5.2606   3.165493    32.6347       1454     6.0542  0.000e+00
     53.564     5.2600   3.165633    32.6369       1455     6.0583  0.000e+00
     53.482     5.2605   3.166011    32.6408       1456     6.0625  0.000e+00
     53.377     5.2621   3.166815    32.6484       1457     6.0667  0.000e+00
     53.248     5.2665   3.167534    32.6524       1458     6.0708  0.000e+00
     53.109     5.2730   3.168582    32.6581       1459     6.0750  0.000e+00
     52.950     5.2814   3.169259    32.6577       1460     6.0792  0.000e+00
     52.791     5.2908   3.169582    32.6523       1461     6.0833  0.000e+00
     52.626     5.2989   3.169886    32.6479       1462     6.0875  0.000e+00
     52.467     5.3056   3.170246    32.6456       1463     6.0917  0.000e+00
     52.322     5.3112   3.170727    32.6457       1464     6.0958  0.000e+00
     52.194     5.3166   3.171148    32.6453       1465     6.1000  0.000e+00
     52.098     5.3220   3.171392    32.6429       1466     6.1042  0.000e+00
     52.026     5.3267   3.171532    32.6399       1467     6.1083  0.000e+00
     51.978     5.3303   3.171648    32.6378       1468     6.1125  0.000e+00
     51.964     5.3331   3.171751    32.6362       1469     6.1167  0.000e+00
     51.961     5.3353   3.171830    32.6349       1470     6.1208  0.000e+00
     51.970     5.3370   3.171849    32.6335       1471     6.1250  0.000e+00
     51.985     5.3381   3.171830    32.6322       1472     6.1292  0.000e+00
     51.997     5.3389   3.171849    32.6317       1473     6.1333  0.000e+00
     51.994     5.3393   3.171873    32.6315       1474     6.1375  0.000e+00
     51.975     5.3397   3.171910    32.6316       1475     6.1417  0.000e+00
     51.944     5.3400   3.171989    32.6322       1476     6.1458  0.000e+00
     51.883     5.3406   3.172172    32.6338       1477     6.1500  0.000e+00
     51.796     5.3414   3.172635    32.6382       1478     6.1542  0.000e+00
     51.694     5.3437   3.173038    32.6407       1479     6.1583  0.000e+00
     51.555     5.3469   3.173440    32.6421       1480     6.1625  0.000e+00
     51.399     5.3511   3.173800    32.6423       1481     6.1667  0.000e+00
     51.234     5.3553   3.174019    32.6408       1482     6.1708  0.000e+00
     51.049     5.3592   3.174141    32.6384       1483     6.1750  0.000e+00
     50.870     5.3624   3.174281    32.6371       1484     6.1792  0.000e+00
     50.689     5.3648   3.174324    32.6352       1485     6.1833  0.000e+00
     50.521     5.3667   3.174342    32.6337       1486     6.1875  0.000e+00
     50.380     5.3682   3.174379    32.6327       1487     6.1917  0.000e+00
     50.263     5.3690   3.174464    32.6329       1488     6.1958  0.000e+00
     50.188     5.3699   3.174464    32.6321       1489     6.2000  0.000e+00
     50.147     5.3707   3.174482    32.6316       1490     6.2042  0.000e+00
     50.134     5.3712   3.174464    32.6309       1491     6.2083  0.000e+00
     50.150     5.3715   3.174440    32.6303       1492     6.2125  0.000e+00
     50.180     5.3715   3.174421    32.6301       1493     6.2167  0.000e+00
     50.222     5.3716   3.174440    32.6302       1494     6.2208  0.000e+00
     50.272     5.3715   3.174403    32.6299       1495     6.2250  0.000e+00
     50.310     5.3713   3.174360    32.6296       1496     6.2292  0.000e+00
     50.342     5.3710   3.174360    32.6298       1497     6.2333  0.000e+00
     50.362     5.3707   3.174348    32.6300       1498     6.2375  0.000e+00
     50.362     5.3705   3.174342    32.6300       1499     6.2417  0.000e+00
     50.347     5.3703   3.174379    32.6307       1500     6.2458  0.000e+00
     50.310     5.3703   3.174464    32.6317       1501     6.2500  0.000e+00
     50.245     5.3706   3.174421    32.6309       1502     6.2542  0.000e+00
     50.151     5.3708   3.174403    32.6306       1503     6.2583  0.000e+00
     50.034     5.3708   3.174360    32.6301       1504     6.2625  0.000e+00
     49.900     5.3707   3.174604    32.6331       1505     6.2667  0.000e+00
     49.739     5.3711   3.174683    32.6337       1506     6.2708  0.000e+00
     49.568     5.3721   3.174805    32.6342       1507     6.2750  0.000e+00
     49.386     5.3731   3.174805    32.6333       1508     6.2792  0.000e+00
     49.201     5.3742   3.175287    32.6378       1509     6.2833  0.000e+00
     49.022     5.3760   3.175409    32.6376       1510     6.2875  0.000e+00
     48.865     5.3784   3.175446    32.6357       1511     6.2917  0.000e+00
     48.719     5.3800   3.175647    32.6365       1512     6.2958  0.000e+00
     48.600     5.3820   3.175647    32.6346       1513     6.3000  0.000e+00
     48.496     5.3834   3.175610    32.6329       1514     6.3042  0.000e+00
     48.428     5.3842   3.175647    32.6325       1515     6.3083  0.000e+00
     48.382     5.3848   3.175665    32.6322       1516     6.3125  0.000e+00
     48.363     5.3851   3.175726    32.6326       1517     6.3167  0.000e+00
     48.359     5.3855   3.175769    32.6327       1518     6.3208  0.000e+00
     48.363     5.3861   3.175769    32.6322       1519     6.3250  0.000e+00
     48.379     5.3863   3.175787    32.6321       1520     6.3292  0.000e+00
     48.397     5.3866   3.175769    32.6317       1521     6.3333  0.000e+00
     48.404     5.3866   3.175726    32.6312       1522     6.3375  0.000e+00
     48.411     5.3868   3.175769    32.6314       1523     6.3417  0.000e+00
     48.395     5.3866   3.175750    32.6314       1524     6.3458  0.000e+00
     48.365     5.3867   3.175708    32.6308       1525     6.3500  0.000e+00
     48.311     5.3864   3.175610    32.6301       1526     6.3542  0.000e+00
     48.227     5.3861   3.175567    32.6299       1527     6.3583  0.000e+00
     48.130     5.3855   3.175708    32.6322       1528     6.3625  0.000e+00
     48.003     5.3857   3.176635    32.6426       1529     6.3667  0.000e+00
     47.867     5.3887   3.176812    32.6417       1530     6.3708  0.000e+00
     47.713     5.3925   3.177800    32.6494       1531     6.3750  0.000e+00
     47.559     5.3982   3.178282    32.6494       1532     6.3792  0.000e+00
     47.406     5.4047   3.178325    32.6435       1533     6.3833  0.000e+00
     47.251     5.4099   3.178709    32.6430       1534     6.3875  0.000e+00
     47.119     5.4144   3.179875    32.6519       1535     6.3917  0.000e+00
     46.992     5.4209   3.180723    32.6553       1536     6.3958  0.000e+00
     46.891     5.4297   3.181187    32.6521       1537     6.4000  0.000e+00
     46.815     5.4381   3.181467    32.6471       1538     6.4042  0.000e+00
     46.765     5.4450   3.181565    32.6415       1539     6.4083  0.000e+00
     46.735     5.4499   3.181748    32.6388       1540     6.4125  0.000e+00
     46.716     5.4537   3.181931    32.6373       1541     6.4167  0.000e+00
     46.707     5.4568   3.182071    32.6358       1542     6.4208  0.000e+00
     46.719     5.4594   3.182133    32.6340       1543     6.4250  0.000e+00
     46.727     5.4614   3.182151    32.6323       1544     6.4292  0.000e+00
     46.740     5.4627   3.182151    32.6310       1545     6.4333  0.000e+00
     46.744     5.4637   3.182194    32.6305       1546     6.4375  0.000e+00
     46.738     5.4644   3.182291    32.6309       1547     6.4417  0.000e+00
     46.722     5.4651   3.182413    32.6316       1548     6.4458  0.000e+00
     46.683     5.4661   3.182572    32.6325       1549     6.4500  0.000e+00
     46.621     5.4675   3.183201    32.6383       1550     6.4542  0.000e+00
     46.528     5.4705   3.183665    32.6407       1551     6.4583  0.000e+00
     46.419     5.4747   3.184007    32.6405       1552     6.4625  0.000e+00
     46.286     5.4792   3.184288    32.6394       1553     6.4667  0.000e+00
     46.139     5.4836   3.184489    32.6375       1554     6.4708  0.000e+00
     45.969     5.4872   3.184629    32.6356       1555     6.4750  0.000e+00
     45.792     5.4902   3.185075    32.6379       1556     6.4792  0.000e+00
     45.598     5.4935   3.185557    32.6403       1557     6.4833  0.000e+00
     45.408     5.4978   3.187536    32.6587       1558     6.4875  0.000e+00
     45.227     5.5066   3.190652    32.6855       1559     6.4917  0.000e+00
     45.056     5.5241   3.192999    32.6952       1560     6.4958  0.000e+00
     44.909     5.5474   3.193867    32.6825       1561     6.5000  0.000e+00
     44.779     5.5687   3.194393    32.6677       1562     6.5042  0.000e+00
     44.671     5.5850   3.195022    32.6591       1563     6.5083  0.000e+00
     44.603     5.5978   3.195242    32.6492       1564     6.5125  0.000e+00
     44.560     5.6073   3.195285    32.6405       1565     6.5167  0.000e+00
     44.545     5.6133   3.195407    32.6360       1566     6.5208  0.000e+00
     44.557     5.6174   3.195487    32.6330       1567     6.5250  0.000e+00
     44.577     5.6201   3.195474    32.6303       1568     6.5292  0.000e+00
     44.605     5.6216   3.195468    32.6287       1569     6.5333  0.000e+00
     44.655     5.6226   3.195425    32.6272       1570     6.5375  0.000e+00
     44.707     5.6228   3.195389    32.6266       1571     6.5417  0.000e+00
     44.759     5.6229   3.195425    32.6269       1572     6.5458  0.000e+00
     44.802     5.6231   3.195425    32.6267       1573     6.5500  0.000e+00
     44.827     5.6230   3.195450    32.6270       1574     6.5542  0.000e+00
     44.836     5.6230   3.195450    32.6270       1575     6.5583  0.000e+00
     44.818     5.6230   3.195487    32.6274       1576     6.5625  0.000e+00
     44.762     5.6231   3.195627    32.6289       1577     6.5667  0.000e+00
     44.682     5.6237   3.195774    32.6300       1578     6.5708  0.000e+00
     44.566     5.6246   3.195951    32.6313       1579     6.5750  0.000e+00
     44.423     5.6260   3.196116    32.6319       1580     6.5792  0.000e+00
     44.262     5.6278   3.196661    32.6363       1581     6.5833  0.000e+00
     44.081     5.6309   3.197517    32.6431       1582     6.5875  0.000e+00
     43.891     5.6362   3.198079    32.6444       1583     6.5917  0.000e+00
     43.685     5.6427   3.198709    32.6453       1584     6.5958  0.000e+00
     43.491     5.6495   3.198831    32.6402       1585     6.6000  0.000e+00
     43.312     5.6552   3.198997    32.6366       1586     6.6042  0.000e+00
     43.140     5.6595   3.199137    32.6342       1587     6.6083  0.000e+00
     42.990     5.6630   3.199217    32.6317       1588     6.6125  0.000e+00
     42.864     5.6657   3.199259    32.6296       1589     6.6167  0.000e+00
     42.756     5.6674   3.199382    32.6294       1590     6.6208  0.000e+00
     42.674     5.6690   3.199461    32.6289       1591     6.6250  0.000e+00
     42.612     5.6704   3.199504    32.6280       1592     6.6292  0.000e+00
     42.572     5.6715   3.199498    32.6269       1593     6.6333  0.000e+00
     42.564     5.6722   3.199522    32.6265       1594     6.6375  0.000e+00
     42.574     5.6728   3.199541    32.6261       1595     6.6417  0.000e+00
     42.592     5.6731   3.199522    32.6256       1596     6.6458  0.000e+00
     42.621     5.6733   3.199498    32.6251       1597     6.6500  0.000e+00
     42.650     5.6734   3.199522    32.6253       1598     6.6542  0.000e+00
     42.675     5.6731   3.199498    32.6253       1599     6.6583  0.000e+00
     42.702     5.6732   3.199541    32.6257       1600     6.6625  0.000e+00
     42.722     5.6731   3.199559    32.6259       1601     6.6667  0.000e+00
     42.725     5.6733   3.199583    32.6261       1602     6.6708  0.000e+00
     42.722     5.6733   3.199620    32.6265       1603     6.6750  0.000e+00
     42.700     5.6737   3.199645    32.6264       1604     6.6792  0.000e+00
     42.666     5.6739   3.199706    32.6268       1605     6.6833  0.000e+00
     42.608     5.6743   3.199681    32.6263       1606     6.6875  0.000e+00
     42.532     5.6747   3.199742    32.6266       1607     6.6917  0.000e+00
     42.447     5.6749   3.199785    32.6269       1608     6.6958  0.000e+00
     42.338     5.6752   3.199785    32.6267       1609     6.7000  0.000e+00
     42.218     5.6756   3.199865    32.6273       1610     6.7042  0.000e+00
     42.086     5.6760   3.200330    32.6321       1611     6.7083  0.000e+00
     41.939     5.6778   3.201082    32.6390       1612     6.7125  0.000e+00
     41.780     5.6827   3.201755    32.6419       1613     6.7167  0.000e+00
     41.616     5.6889   3.202300    32.6422       1614     6.7208  0.000e+00
     41.459     5.6951   3.202563    32.6392       1615     6.7250  0.000e+00
     41.297     5.7007   3.202563    32.6339       1616     6.7292  0.000e+00
     41.134     5.7049   3.202587    32.6302       1617     6.7333  0.000e+00
     40.982     5.7073   3.202624    32.6283       1618     6.7375  0.000e+00
     40.835     5.7090   3.203358    32.6350       1619     6.7417  0.000e+00
     40.706     5.7122   3.203989    32.6391       1620     6.7458  0.000e+00
     40.582     5.7171   3.204594    32.6412       1621     6.7500  0.000e+00
     40.474     5.7231   3.204735    32.6371       1622     6.7542  0.000e+00
     40.386     5.7284   3.205041    32.6354       1623     6.7583  0.000e+00
     40.310     5.7331   3.205145    32.6321       1624     6.7625  0.000e+00
     40.254     5.7365   3.205225    32.6298       1625     6.7667  0.000e+00
     40.214     5.7390   3.205286    32.6280       1626     6.7708  0.000e+00
     40.191     5.7408   3.205286    32.6263       1627     6.7750  0.000e+00
     40.176     5.7419   3.205267    32.6250       1628     6.7792  0.000e+00
     40.172     5.7426   3.205286    32.6245       1629     6.7833  0.000e+00
     40.185     5.7432   3.205304    32.6242       1630     6.7875  0.000e+00
     40.213     5.7435   3.205286    32.6237       1631     6.7917  0.000e+00
     40.246     5.7436   3.205243    32.6231       1632     6.7958  0.000e+00
     40.275     5.7435   3.205267    32.6235       1633     6.8000  0.000e+00
     40.313     5.7434   3.205243    32.6233       1634     6.8042  0.000e+00
     40.336     5.7431   3.205225    32.6233       1635     6.8083  0.000e+00
     40.355     5.7429   3.205188    32.6231       1636     6.8125  0.000e+00
     40.361     5.7428   3.205145    32.6227       1637     6.8167  0.000e+00
     40.343     5.7424   3.205145    32.6231       1638     6.8208  0.000e+00
     40.302     5.7422   3.205102    32.6229       1639     6.8250  0.000e+00
     40.243     5.7418   3.205102    32.6232       1640     6.8292  0.000e+00
     40.150     5.7415   3.205145    32.6241       1641     6.8333  0.000e+00
     40.038     5.7415   3.205127    32.6239       1642     6.8375  0.000e+00
     39.895     5.7415   3.205102    32.6237       1643     6.8417  0.000e+00
     39.738     5.7414   3.205127    32.6242       1644     6.8458  0.000e+00
     39.554     5.7414   3.205126    32.6242       1645     6.8500  0.000e+00
     39.353     5.7413   3.205022    32.6233       1646     6.8542  0.000e+00
     39.133     5.7410   3.205634    32.6306       1647     6.8583  0.000e+00
     38.903     5.7423   3.206241    32.6363       1648     6.8625  0.000e+00
     38.680     5.7461   3.206302    32.6334       1649     6.8667  0.000e+00
     38.475     5.7497   3.206204    32.6289       1650     6.8708  0.000e+00
     38.284     5.7522   3.206283    32.6275       1651     6.8750  0.000e+00
