HB2502/sbe044.cnv
* Sea-Bird SBE 19plus V2 Data File:
* FileName = C:\cruise\data\sbe044.hex
* Software Version Seasave V 7.26.7.121
* Temperature SN = 6128
* Conductivity SN = 6128
* System UpLoad Time = Mar 23 2025 20:54:20
* NMEA Latitude = 41 10.78 N
* NMEA Longitude = 070 56.17 W
* NMEA UTC (Time) = Mar 23 2025  20:53:13
** Ship: Henry Bigelow
** Cruise:  HB2502
** Program:  Spring Bottom Trawl
# nquan = 7
# nvalues = 1167                                  
# units = specified
# name 0 = depSM: Depth [salt water, m]
# name 1 = tv290C: Temperature [ITS-90, deg C]
# name 2 = c0S/m: Conductivity [S/m]
# name 3 = sal00: Salinity, Practical [PSU]
# name 4 = scan: Scan Count
# name 5 = timeM: Time, Elapsed [minutes]
# name 6 = flag:  0.000e+00
# span 0 =      0.055,     25.219                 
# span 1 =     4.9673,     5.8671                 
# span 2 =   0.004299,   3.200340                 
# span 3 =     0.0314,    32.7674                 
# span 4 =         11,       1177                 
# span 5 =     0.0417,     4.9000                 
# span 6 = 0.0000e+00, 0.0000e+00                 
# interval = seconds: 0.25
# start_time = Mar 23 2025 20:53:13 [NMEA time, header]
# bad_flag = -9.990e-29
*END*
      0.192     5.8363   0.004398     0.0321         11     0.0417  0.000e+00
      0.180     5.8303   0.004398     0.0321         12     0.0458  0.000e+00
      0.198     5.8310   0.004398     0.0321         13     0.0500  0.000e+00
      0.190     5.8329   0.004398     0.0321         14     0.0542  0.000e+00
      0.189     5.8311   0.004401     0.0321         15     0.0583  0.000e+00
      0.189     5.8282   0.004401     0.0321         16     0.0625  0.000e+00
      0.189     5.8276   0.004401     0.0321         17     0.0667  0.000e+00
      0.186     5.8279   0.004401     0.0321         18     0.0708  0.000e+00
      0.192     5.8287   0.004401     0.0321         19     0.0750  0.000e+00
      0.189     5.8298   0.004401     0.0321         20     0.0792  0.000e+00
      0.199     5.8308   0.004401     0.0321         21     0.0833  0.000e+00
      0.192     5.8327   0.004407     0.0322         22     0.0875  0.000e+00
      0.185     5.8328   0.004401     0.0321         23     0.0917  0.000e+00
      0.185     5.8334   0.004401     0.0321         24     0.0958  0.000e+00
      0.189     5.8372   0.004401     0.0321         25     0.1000  0.000e+00
      0.187     5.8415   0.004407     0.0322         26     0.1042  0.000e+00
      0.189     5.8415   0.004401     0.0321         27     0.1083  0.000e+00
      0.185     5.8365   0.004398     0.0321         28     0.1125  0.000e+00
      0.187     5.8351   0.004398     0.0321         29     0.1167  0.000e+00
      0.187     5.8377   0.004401     0.0321         30     0.1208  0.000e+00
      0.188     5.8407   0.004407     0.0322         31     0.1250  0.000e+00
      0.188     5.8394   0.004401     0.0321         32     0.1292  0.000e+00
      0.189     5.8362   0.004401     0.0321         33     0.1333  0.000e+00
      0.190     5.8327   0.004398     0.0321         34     0.1375  0.000e+00
      0.189     5.8308   0.004401     0.0321         35     0.1417  0.000e+00
      0.187     5.8302   0.004401     0.0321         36     0.1458  0.000e+00
      0.184     5.8329   0.004401     0.0321         37     0.1500  0.000e+00
      0.185     5.8362   0.004398     0.0321         38     0.1542  0.000e+00
      0.185     5.8388   0.004401     0.0321         39     0.1583  0.000e+00
      0.183     5.8393   0.004401     0.0321         40     0.1625  0.000e+00
      0.185     5.8380   0.004398     0.0321         41     0.1667  0.000e+00
      0.181     5.8384   0.004401     0.0321         42     0.1708  0.000e+00
      0.181     5.8403   0.004401     0.0321         43     0.1750  0.000e+00
      0.181     5.8417   0.004401     0.0321         44     0.1792  0.000e+00
      0.178     5.8430   0.004386     0.0320         45     0.1833  0.000e+00
      0.182     5.8434   0.004386     0.0320         46     0.1875  0.000e+00
      0.183     5.8413   0.004398     0.0321         47     0.1917  0.000e+00
      0.181     5.8406   0.004398     0.0321         48     0.1958  0.000e+00
      0.183     5.8430   0.004392     0.0320         49     0.2000  0.000e+00
      0.177     5.8462   0.004398     0.0321         50     0.2042  0.000e+00
      0.183     5.8494   0.004398     0.0321         51     0.2083  0.000e+00
      0.187     5.8464   0.004398     0.0321         52     0.2125  0.000e+00
      0.185     5.8412   0.004398     0.0321         53     0.2167  0.000e+00
      0.181     5.8397   0.004398     0.0321         54     0.2208  0.000e+00
      0.186     5.8417   0.004398     0.0321         55     0.2250  0.000e+00
      0.182     5.8434   0.004392     0.0320         56     0.2292  0.000e+00
      0.183     5.8419   0.004392     0.0320         57     0.2333  0.000e+00
      0.181     5.8367   0.004392     0.0320         58     0.2375  0.000e+00
      0.183     5.8352   0.004398     0.0321         59     0.2417  0.000e+00
      0.180     5.8376   0.004398     0.0321         60     0.2458  0.000e+00
      0.181     5.8394   0.004398     0.0321         61     0.2500  0.000e+00
      0.182     5.8405   0.004398     0.0321         62     0.2542  0.000e+00
      0.182     5.8366   0.004392     0.0320         63     0.2583  0.000e+00
      0.181     5.8333   0.004398     0.0321         64     0.2625  0.000e+00
      0.182     5.8346   0.004392     0.0320         65     0.2667  0.000e+00
      0.180     5.8378   0.004392     0.0320         66     0.2708  0.000e+00
      0.178     5.8411   0.004392     0.0320         67     0.2750  0.000e+00
      0.176     5.8419   0.004392     0.0320         68     0.2792  0.000e+00
      0.180     5.8364   0.004392     0.0320         69     0.2833  0.000e+00
      0.179     5.8306   0.004392     0.0320         70     0.2875  0.000e+00
      0.180     5.8306   0.004386     0.0320         71     0.2917  0.000e+00
      0.177     5.8342   0.004398     0.0321         72     0.2958  0.000e+00
      0.175     5.8382   0.004392     0.0320         73     0.3000  0.000e+00
      0.177     5.8374   0.004392     0.0320         74     0.3042  0.000e+00
      0.177     5.8274   0.004386     0.0320         75     0.3083  0.000e+00
      0.175     5.8175   0.004386     0.0320         76     0.3125  0.000e+00
      0.179     5.8169   0.004386     0.0320         77     0.3167  0.000e+00
      0.173     5.8207   0.004386     0.0320         78     0.3208  0.000e+00
      0.175     5.8244   0.004392     0.0321         79     0.3250  0.000e+00
      0.180     5.8187   0.004392     0.0321         80     0.3292  0.000e+00
      0.182     5.8082   0.004392     0.0321         81     0.3333  0.000e+00
      0.177     5.8045   0.004380     0.0320         82     0.3375  0.000e+00
      0.179     5.8068   0.004392     0.0321         83     0.3417  0.000e+00
      0.175     5.8102   0.004392     0.0321         84     0.3458  0.000e+00
      0.175     5.8123   0.004392     0.0321         85     0.3500  0.000e+00
      0.173     5.8089   0.004392     0.0321         86     0.3542  0.000e+00
      0.174     5.8036   0.004386     0.0320         87     0.3583  0.000e+00
      0.168     5.8039   0.004392     0.0321         88     0.3625  0.000e+00
      0.175     5.8081   0.004386     0.0320         89     0.3667  0.000e+00
      0.174     5.8132   0.004392     0.0321         90     0.3708  0.000e+00
      0.174     5.8167   0.004392     0.0321         91     0.3750  0.000e+00
      0.179     5.8119   0.004386     0.0320         92     0.3792  0.000e+00
      0.174     5.8019   0.004383     0.0320         93     0.3833  0.000e+00
      0.172     5.8004   0.004392     0.0321         94     0.3875  0.000e+00
      0.174     5.8047   0.004386     0.0320         95     0.3917  0.000e+00
      0.174     5.8064   0.004383     0.0320         96     0.3958  0.000e+00
      0.174     5.7959   0.004386     0.0320         97     0.4000  0.000e+00
      0.173     5.7841   0.004386     0.0320         98     0.4042  0.000e+00
      0.170     5.7830   0.004386     0.0320         99     0.4083  0.000e+00
      0.172     5.7870   0.004386     0.0320        100     0.4125  0.000e+00
      0.173     5.7895   0.004386     0.0320        101     0.4167  0.000e+00
      0.173     5.7867   0.004383     0.0320        102     0.4208  0.000e+00
      0.174     5.7807   0.004380     0.0320        103     0.4250  0.000e+00
      0.174     5.7791   0.004380     0.0320        104     0.4292  0.000e+00
      0.173     5.7818   0.004377     0.0320        105     0.4333  0.000e+00
      0.172     5.7850   0.004380     0.0320        106     0.4375  0.000e+00
      0.174     5.7883   0.004380     0.0320        107     0.4417  0.000e+00
      0.170     5.7928   0.004377     0.0320        108     0.4458  0.000e+00
      0.170     5.7950   0.004380     0.0320        109     0.4500  0.000e+00
      0.173     5.7905   0.004380     0.0320        110     0.4542  0.000e+00
      0.170     5.7895   0.004383     0.0320        111     0.4583  0.000e+00
      0.171     5.7938   0.004374     0.0319        112     0.4625  0.000e+00
      0.169     5.7998   0.004374     0.0319        113     0.4667  0.000e+00
      0.177     5.8020   0.004383     0.0320        114     0.4708  0.000e+00
      0.173     5.7963   0.004380     0.0320        115     0.4750  0.000e+00
      0.173     5.7902   0.004380     0.0320        116     0.4792  0.000e+00
      0.172     5.7912   0.004371     0.0319        117     0.4833  0.000e+00
      0.174     5.7949   0.004380     0.0320        118     0.4875  0.000e+00
      0.175     5.7968   0.004374     0.0319        119     0.4917  0.000e+00
      0.170     5.7951   0.004371     0.0319        120     0.4958  0.000e+00
      0.171     5.7915   0.004374     0.0319        121     0.5000  0.000e+00
      0.167     5.7917   0.004368     0.0319        122     0.5042  0.000e+00
      0.167     5.7950   0.004371     0.0319        123     0.5083  0.000e+00
      0.171     5.7974   0.004374     0.0319        124     0.5125  0.000e+00
      0.170     5.7987   0.004380     0.0320        125     0.5167  0.000e+00
      0.167     5.7999   0.004371     0.0319        126     0.5208  0.000e+00
      0.169     5.8013   0.004368     0.0319        127     0.5250  0.000e+00
      0.173     5.8024   0.004368     0.0319        128     0.5292  0.000e+00
      0.171     5.8041   0.004371     0.0319        129     0.5333  0.000e+00
      0.170     5.8075   0.004368     0.0319        130     0.5375  0.000e+00
      0.172     5.8112   0.004368     0.0319        131     0.5417  0.000e+00
      0.171     5.8148   0.004371     0.0319        132     0.5458  0.000e+00
      0.172     5.8183   0.004362     0.0318        133     0.5500  0.000e+00
      0.174     5.8218   0.004362     0.0318        134     0.5542  0.000e+00
      0.175     5.8218   0.004362     0.0318        135     0.5583  0.000e+00
      0.174     5.8208   0.004362     0.0318        136     0.5625  0.000e+00
      0.175     5.8206   0.004368     0.0319        137     0.5667  0.000e+00
      0.180     5.8218   0.004368     0.0319        138     0.5708  0.000e+00
      0.174     5.8249   0.004362     0.0318        139     0.5750  0.000e+00
      0.165     5.8294   0.004356     0.0318        140     0.5792  0.000e+00
      0.172     5.8354   0.004356     0.0318        141     0.5833  0.000e+00
      0.176     5.8379   0.004362     0.0318        142     0.5875  0.000e+00
      0.176     5.8246   0.004368     0.0319        143     0.5917  0.000e+00
      0.176     5.8041   0.004347     0.0317        144     0.5958  0.000e+00
      0.174     5.7980   0.004338     0.0317        145     0.6000  0.000e+00
      0.168     5.8004   0.004341     0.0317        146     0.6042  0.000e+00
      0.174     5.8031   0.004341     0.0317        147     0.6083  0.000e+00
      0.172     5.7984   0.004338     0.0317        148     0.6125  0.000e+00
      0.171     5.7906   0.004341     0.0317        149     0.6167  0.000e+00
      0.173     5.7893   0.004299     0.0314        150     0.6208  0.000e+00
      0.206     5.7972   0.384496     3.2913        151     0.6250  0.000e+00
      0.359     5.8093   3.164210    32.1178        152     0.6292  0.000e+00
      0.522     5.8307   3.200340    32.5035        153     0.6333  0.000e+00
      0.697     5.8671   3.200052    32.4651        154     0.6375  0.000e+00
      0.842     5.8501   3.181284    32.2705        155     0.6417  0.000e+00
      0.972     5.7485   3.164869    32.1829        156     0.6458  0.000e+00
      1.099     5.6159   3.164547    32.3063        157     0.6500  0.000e+00
      1.242     5.5099   3.165334    32.4172        158     0.6542  0.000e+00
      1.381     5.4316   3.163794    32.4753        159     0.6583  0.000e+00
      1.527     5.3671   3.158107    32.4730        160     0.6625  0.000e+00
      1.685     5.3144   3.154395    32.4818        161     0.6667  0.000e+00
      1.819     5.2719   3.153258    32.5101        162     0.6708  0.000e+00
      1.895     5.2382   3.149013    32.4943        163     0.6750  0.000e+00
      1.924     5.2127   3.143561    32.4568        164     0.6792  0.000e+00
      1.927     5.1947   3.134549    32.3713        165     0.6833  0.000e+00
      1.935     5.1820   3.109133    32.0931        166     0.6875  0.000e+00
      1.960     5.1737   3.120728    32.2336        167     0.6917  0.000e+00
      2.028     5.1698   3.138933    32.4455        168     0.6958  0.000e+00
      2.140     5.1735   3.163876    32.7274        169     0.7000  0.000e+00
      2.298     5.1939   3.163711    32.7054        170     0.7042  0.000e+00
      2.477     5.2177   3.164296    32.6887        171     0.7083  0.000e+00
      2.661     5.2364   3.165295    32.6817        172     0.7125  0.000e+00
      2.822     5.2511   3.166215    32.6778        173     0.7167  0.000e+00
      2.954     5.2624   3.164777    32.6503        174     0.7208  0.000e+00
      3.048     5.2700   3.163473    32.6280        175     0.7250  0.000e+00
      3.121     5.2638   3.158151    32.5732        176     0.7292  0.000e+00
      3.177     5.2457   3.152778    32.5294        177     0.7333  0.000e+00
      3.220     5.2248   3.150285    32.5212        178     0.7375  0.000e+00
      3.253     5.2055   3.149689    32.5332        179     0.7417  0.000e+00
      3.289     5.1903   3.150145    32.5533        180     0.7458  0.000e+00
      3.343     5.1804   3.154178    32.6090        181     0.7500  0.000e+00
      3.427     5.1759   3.158810    32.6664        182     0.7542  0.000e+00
      3.538     5.1722   3.160113    32.6849        183     0.7583  0.000e+00
      3.652     5.1699   3.163371    32.7244        184     0.7625  0.000e+00
      3.766     5.1779   3.164455    32.7289        185     0.7667  0.000e+00
      3.882     5.1876   3.164979    32.7254        186     0.7708  0.000e+00
      3.999     5.2005   3.165119    32.7142        187     0.7750  0.000e+00
      4.115     5.2200   3.165295    32.6971        188     0.7792  0.000e+00
      4.240     5.2404   3.165216    32.6762        189     0.7833  0.000e+00
      4.362     5.2567   3.163315    32.6385        190     0.7875  0.000e+00
      4.469     5.2669   3.161232    32.6046        191     0.7917  0.000e+00
      4.566     5.2661   3.158353    32.5725        192     0.7958  0.000e+00
      4.661     5.2508   3.154458    32.5429        193     0.8000  0.000e+00
      4.762     5.2312   3.152882    32.5439        194     0.8042  0.000e+00
      4.860     5.2139   3.152962    32.5617        195     0.8083  0.000e+00
      4.976     5.2020   3.154854    32.5948        196     0.8125  0.000e+00
      5.113     5.1960   3.159394    32.6526        197     0.8167  0.000e+00
      5.252     5.1919   3.161678    32.6826        198     0.8208  0.000e+00
      5.410     5.1886   3.164839    32.7219        199     0.8250  0.000e+00
      5.571     5.1968   3.166600    32.7340        200     0.8292  0.000e+00
      5.729     5.2141   3.166862    32.7199        201     0.8333  0.000e+00
      5.877     5.2326   3.163992    32.6690        202     0.8375  0.000e+00
      6.016     5.2451   3.159553    32.6059        203     0.8417  0.000e+00
      6.153     5.2473   3.155535    32.5578        204     0.8458  0.000e+00
      6.273     5.2362   3.152341    32.5321        205     0.8500  0.000e+00
      6.370     5.2182   3.149890    32.5215        206     0.8542  0.000e+00
      6.460     5.1991   3.148140    32.5201        207     0.8583  0.000e+00
      6.542     5.1836   3.147617    32.5292        208     0.8625  0.000e+00
      6.604     5.1710   3.147660    32.5419        209     0.8667  0.000e+00
      6.660     5.1613   3.147836    32.5533        210     0.8708  0.000e+00
      6.714     5.1543   3.149271    32.5766        211     0.8750  0.000e+00
      6.776     5.1502   3.154277    32.6379        212     0.8792  0.000e+00
      6.837     5.1492   3.157295    32.6734        213     0.8833  0.000e+00
      6.912     5.1485   3.159627    32.7008        214     0.8875  0.000e+00
      6.986     5.1537   3.161393    32.7159        215     0.8917  0.000e+00
