HB2502/sbe023.cnv
* Sea-Bird SBE 19plus V2 Data File:
* FileName = C:\cruise\data\sbe023.hex
* Software Version Seasave V 7.26.7.121
* Temperature SN = 6128
* Conductivity SN = 6128
* System UpLoad Time = Mar 15 2025 23:37:04
* NMEA Latitude = 36 42.22 N
* NMEA Longitude = 075 08.79 W
* NMEA UTC (Time) = Mar 15 2025  23:35:48
** Ship: Henry Bigelow
** Cruise:  HB2502
** Program:  Spring Bottom Trawl
# nquan = 7
# nvalues = 1385                                  
# units = specified
# name 0 = depSM: Depth [salt water, m]
# name 1 = tv290C: Temperature [ITS-90, deg C]
# name 2 = c0S/m: Conductivity [S/m]
# name 3 = sal00: Salinity, Practical [PSU]
# name 4 = scan: Scan Count
# name 5 = timeM: Time, Elapsed [minutes]
# name 6 = flag:  0.000e+00
# span 0 =     -0.035,     26.883                 
# span 1 =     9.2118,    12.4557                 
# span 2 =   0.011149,   3.942683                 
# span 3 =     0.0707,    35.6374                 
# span 4 =         11,       1395                 
# span 5 =     0.0417,     5.8083                 
# span 6 = 0.0000e+00, 0.0000e+00                 
# interval = seconds: 0.25
# start_time = Mar 15 2025 23:35:48 [NMEA time, header]
# bad_flag = -9.990e-29
*END*
[from data line 1231]
      1.568     9.7859   3.664305    33.7216       1242     5.1708  0.000e+00
      1.494     9.7900   3.664757    33.7225       1243     5.1750  0.000e+00
      1.426     9.7944   3.664460    33.7153       1244     5.1792  0.000e+00
      1.365     9.7973   3.664215    33.7101       1245     5.1833  0.000e+00
      1.314     9.7980   3.664821    33.7157       1246     5.1875  0.000e+00
      1.268     9.7994   3.664325    33.7094       1247     5.1917  0.000e+00
      1.234     9.7996   3.664641    33.7125       1248     5.1958  0.000e+00
      1.194     9.7999   3.663828    33.7038       1249     5.2000  0.000e+00
      1.167     9.7983   3.663673    33.7037       1250     5.2042  0.000e+00
      1.140     9.7953   3.664486    33.7149       1251     5.2083  0.000e+00
      1.109     9.7960   3.664802    33.7175       1252     5.2125  0.000e+00
      1.080     9.7983   3.664505    33.7123       1253     5.2167  0.000e+00
      1.031     9.7994   3.664079    33.7070       1254     5.2208  0.000e+00
      0.984     9.7985   3.663634    33.7032       1255     5.2250  0.000e+00
      0.946     9.7962   3.663808    33.7072       1256     5.2292  0.000e+00
      0.921     9.7946   3.664395    33.7147       1257     5.2333  0.000e+00
      0.897     9.7952   3.664305    33.7132       1258     5.2375  0.000e+00
      0.864     9.7960   3.664124    33.7106       1259     5.2417  0.000e+00
      0.835     9.7963   3.663763    33.7067       1260     5.2458  0.000e+00
      0.814     9.7951   3.663873    33.7090       1261     5.2500  0.000e+00
      0.787     9.7940   3.662724    33.6982       1262     5.2542  0.000e+00
      0.763     9.7908   3.663873    33.7130       1263     5.2583  0.000e+00
      0.753     9.7908   3.665886    33.7336       1264     5.2625  0.000e+00
      0.730     9.7974   3.666067    33.7293       1265     5.2667  0.000e+00
      0.707     9.8049   3.665983    33.7214       1266     5.2708  0.000e+00
      0.718     9.8099   3.665841    33.7153       1267     5.2750  0.000e+00
      0.747     9.8123   3.665951    33.7141       1268     5.2792  0.000e+00
      0.759     9.8137   3.666022    33.7135       1269     5.2833  0.000e+00
      0.765     9.8148   3.665860    33.7109       1270     5.2875  0.000e+00
      0.761     9.8151   3.665589    33.7078       1271     5.2917  0.000e+00
      0.763     9.8137   3.663208    33.6848       1272     5.2958  0.000e+00
      0.741     9.8059   3.664776    33.7081       1273     5.3000  0.000e+00
      0.694     9.8020   3.665544    33.7197       1274     5.3042  0.000e+00
      0.634     9.8041   3.665634    33.7186       1275     5.3083  0.000e+00
      0.540     9.8074   3.665815    33.7175       1276     5.3125  0.000e+00
      0.461     9.8100   3.665828    33.7152       1277     5.3167  0.000e+00
      0.421     9.8119   3.665750    33.7126       1278     5.3208  0.000e+00
      0.352     9.8127   3.665679    33.7112       1279     5.3250  0.000e+00
      0.289     9.8130   3.665660    33.7107       1280     5.3292  0.000e+00
      0.254     9.8129   3.665705    33.7113       1281     5.3333  0.000e+00
      0.230     9.8129   3.665996    33.7143       1282     5.3375  0.000e+00
      0.222     9.8140   3.665854    33.7118       1283     5.3417  0.000e+00
      0.167     9.8147   3.665795    33.7106       1284     5.3458  0.000e+00
      0.138     9.8148   3.665860    33.7112       1285     5.3500  0.000e+00
      0.198     9.8148   3.665589    33.7084       1286     5.3542  0.000e+00
      0.270     9.8142   3.665344    33.7063       1287     5.3583  0.000e+00
      0.252     9.8126   3.665434    33.7088       1288     5.3625  0.000e+00
      0.148     9.8114   3.665079    33.7063       1289     5.3667  0.000e+00
      0.083     9.8098   3.664911    33.7062       1290     5.3708  0.000e+00
      0.033     9.8078   3.664892    33.7078       1291     5.3750  0.000e+00
      0.036     9.8065   3.665047    33.7106       1292     5.3792  0.000e+00
      0.036     9.8060   3.664937    33.7100       1293     5.3833  0.000e+00
     -0.020     9.8059   1.782322    15.2670       1294     5.3875  0.000e+00
     -0.024     9.8108   0.616554     4.8570       1295     5.3917  0.000e+00
     -0.019     9.8337   0.366673     2.7889       1296     5.3958  0.000e+00
     -0.018     9.8721   0.329319     2.4856       1297     5.4000  0.000e+00
     -0.022     9.8959   0.277015     2.0680       1298     5.4042  0.000e+00
     -0.024     9.9048   0.266518     1.9846       1299     5.4083  0.000e+00
     -0.027     9.9074   0.250058     1.8551       1300     5.4125  0.000e+00
     -0.033     9.9074   0.225460     1.6629       1301     5.4167  0.000e+00
     -0.018     9.9066   0.221641     1.6332       1302     5.4208  0.000e+00
     -0.008     9.9049   0.997507     8.1213       1303     5.4250  0.000e+00
     -0.027     9.8928   2.792706    24.8947       1304     5.4292  0.000e+00
     -0.029     9.8747   1.479431    12.4464       1305     5.4333  0.000e+00
     -0.026     9.8663   0.696978     5.5301       1306     5.4375  0.000e+00
     -0.017     9.8626   0.711279     5.6525       1307     5.4417  0.000e+00
     -0.024     9.8596   0.846424     6.8138       1308     5.4458  0.000e+00
     -0.027     9.8577   1.122821     9.2391       1309     5.4500  0.000e+00
     -0.035     9.8564   0.466005     3.5971       1310     5.4542  0.000e+00
     -0.027     9.8549   0.520718     4.0496       1311     5.4583  0.000e+00
     -0.025     9.8534   0.792340     6.3482       1312     5.4625  0.000e+00
     -0.022     9.8500   0.665031     5.2613       1313     5.4667  0.000e+00
     -0.025     9.8471   0.400545     3.0624       1314     5.4708  0.000e+00
     -0.029     9.8458   0.318405     2.4000       1315     5.4750  0.000e+00
     -0.027     9.8443   0.273514     2.0432       1316     5.4792  0.000e+00
     -0.029     9.8432   0.245352     1.8215       1317     5.4833  0.000e+00
     -0.022     9.8423   0.218549     1.6120       1318     5.4875  0.000e+00
     -0.027     9.8413   0.201904     1.4829       1319     5.4917  0.000e+00
     -0.031     9.8409   0.185338     1.3550       1320     5.4958  0.000e+00
     -0.026     9.8401   0.174726     1.2735       1321     5.5000  0.000e+00
     -0.019     9.8392   0.168129     1.2230       1322     5.5042  0.000e+00
     -0.022     9.8383   0.164976     1.1989       1323     5.5083  0.000e+00
     -0.026     9.8370   0.154330     1.1177       1324     5.5125  0.000e+00
     -0.032     9.8362   0.145167     1.0482       1325     5.5167  0.000e+00
     -0.034     9.8358   0.136510     0.9827       1326     5.5208  0.000e+00
     -0.027     9.8350   0.133495     0.9600       1327     5.5250  0.000e+00
     -0.029     9.8361   0.136577     0.9832       1328     5.5292  0.000e+00
     -0.026     9.8357   0.128580     0.9229       1329     5.5333  0.000e+00
     -0.031     9.8370   0.125183     0.8973       1330     5.5375  0.000e+00
     -0.032     9.8387   0.122743     0.8790       1331     5.5417  0.000e+00
     -0.028     9.8386   0.114779     0.8194       1332     5.5458  0.000e+00
     -0.032     9.8414   0.117352     0.8385       1333     5.5500  0.000e+00
     -0.030     9.8429   0.116765     0.8341       1334     5.5542  0.000e+00
     -0.034     9.8435   0.111068     0.7916       1335     5.5583  0.000e+00
     -0.031     9.8450   0.111644     0.7958       1336     5.5625  0.000e+00
     -0.032     9.8452   0.108065     0.7691       1337     5.5667  0.000e+00
     -0.029     9.8451   0.104262     0.7409       1338     5.5708  0.000e+00
     -0.033     9.8467   0.104742     0.7444       1339     5.5750  0.000e+00
     -0.029     9.8467   0.103409     0.7345       1340     5.5792  0.000e+00
     -0.033     9.8466   0.102201     0.7255       1341     5.5833  0.000e+00
     -0.033     9.8464   0.096788     0.6854       1342     5.5875  0.000e+00
     -0.031     9.8459   0.097492     0.6906       1343     5.5917  0.000e+00
     -0.031     9.8458   0.093741     0.6629       1344     5.5958  0.000e+00
     -0.030     9.8461   0.094788     0.6706       1345     5.6000  0.000e+00
     -0.026     9.8477   0.093030     0.6576       1346     5.6042  0.000e+00
     -0.031     9.8480   0.090163     0.6365       1347     5.6083  0.000e+00
     -0.030     9.8498   0.086098     0.6065       1348     5.6125  0.000e+00
     -0.029     9.8502   0.086219     0.6074       1349     5.6167  0.000e+00
     -0.027     9.8505   0.087533     0.6171       1350     5.6208  0.000e+00
     -0.027     9.8499   0.084732     0.5965       1351     5.6250  0.000e+00
     -0.027     9.8513   0.081935     0.5760       1352     5.6292  0.000e+00
     -0.031     9.8527   0.079014     0.5546       1353     5.6333  0.000e+00
     -0.031     9.8522   0.078291     0.5493       1354     5.6375  0.000e+00
     -0.027     9.8512   0.074799     0.5238       1355     5.6417  0.000e+00
     -0.026     9.8510   0.071158     0.4973       1356     5.6458  0.000e+00
     -0.031     9.8532   0.066493     0.4634       1357     5.6500  0.000e+00
     -0.022     9.8538   0.066694     0.4648       1358     5.6542  0.000e+00
     -0.026     9.8551   0.068153     0.4754       1359     5.6583  0.000e+00
     -0.026     9.8564   0.068156     0.4754       1360     5.6625  0.000e+00
     -0.026     9.8562   0.066086     0.4604       1361     5.6667  0.000e+00
     -0.026     9.8574   0.068252     0.4761       1362     5.6708  0.000e+00
     -0.024     9.8573   0.068366     0.4769       1363     5.6750  0.000e+00
     -0.026     9.8567   0.065759     0.4580       1364     5.6792  0.000e+00
     -0.026     9.8593   0.066330     0.4621       1365     5.6833  0.000e+00
     -0.030     9.8606   0.063596     0.4423       1366     5.6875  0.000e+00
     -0.028     9.8613   0.063079     0.4386       1367     5.6917  0.000e+00
     -0.028     9.8631   0.063541     0.4419       1368     5.6958  0.000e+00
     -0.026     9.8647   0.062712     0.4359       1369     5.7000  0.000e+00
     -0.028     9.8676   0.061764     0.4290       1370     5.7042  0.000e+00
     -0.030     9.8681   0.060601     0.4206       1371     5.7083  0.000e+00
     -0.030     9.8684   0.059808     0.4149       1372     5.7125  0.000e+00
     -0.028     9.8689   0.058016     0.4020       1373     5.7167  0.000e+00
     -0.030     9.8683   0.056638     0.3921       1374     5.7208  0.000e+00
     -0.024     9.8676   0.055536     0.3842       1375     5.7250  0.000e+00
     -0.027     9.8672   0.055462     0.3837       1376     5.7292  0.000e+00
     -0.022     9.8662   0.054376     0.3759       1377     5.7333  0.000e+00
     -0.026     9.8662   0.052941     0.3656       1378     5.7375  0.000e+00
     -0.027     9.8670   0.051211     0.3532       1379     5.7417  0.000e+00
     -0.029     9.8672   0.050121     0.3455       1380     5.7458  0.000e+00
     -0.022     9.8702   0.051290     0.3538       1381     5.7500  0.000e+00
     -0.022     9.8726   0.050522     0.3483       1382     5.7542  0.000e+00
     -0.028     9.8747   0.049209     0.3389       1383     5.7583  0.000e+00
     -0.028     9.8763   0.047093     0.3238       1384     5.7625  0.000e+00
     -0.030     9.8782   0.048842     0.3362       1385     5.7667  0.000e+00
     -0.023     9.8804   0.048881     0.3365       1386     5.7708  0.000e+00
     -0.021     9.8842   0.046888     0.3223       1387     5.7750  0.000e+00
     -0.026     9.8941   0.048154     0.3312       1388     5.7792  0.000e+00
     -0.021     9.8975   0.048395     0.3329       1389     5.7833  0.000e+00
     -0.021     9.9025   0.050072     0.3448       1390     5.7875  0.000e+00
     -0.021     9.9067   0.050176     0.3455       1391     5.7917  0.000e+00
     -0.022     9.9091   0.047799     0.3285       1392     5.7958  0.000e+00
     -0.024     9.9119   0.047518     0.3265       1393     5.8000  0.000e+00
     -0.024     9.9118   0.048181     0.3312       1394     5.8042  0.000e+00
     -0.019     9.9120   0.046604     0.3200       1395     5.8083  0.000e+00
