HB2502/sbe067.cnv
* Sea-Bird SBE 19plus V2 Data File:
* FileName = C:\cruise\data\sbe067.hex
* Software Version Seasave V 7.26.7.121
* Temperature SN = 6128
* Conductivity SN = 6128
* System UpLoad Time = Apr 07 2025 00:06:56
* NMEA Latitude = 40 09.48 N
* NMEA Longitude = 069 41.68 W
* NMEA UTC (Time) = Apr 07 2025  00:06:03
** Ship: Henry Bigelow
** Cruise:  HB2502
** Program:  Spring Bottom Trawl
# nquan = 7
# nvalues = 1967                                  
# units = specified
# name 0 = depSM: Depth [salt water, m]
# name 1 = tv290C: Temperature [ITS-90, deg C]
# name 2 = c0S/m: Conductivity [S/m]
# name 3 = sal00: Salinity, Practical [PSU]
# name 4 = scan: Scan Count
# name 5 = timeM: Time, Elapsed [minutes]
# name 6 = flag:  0.000e+00
# span 0 =     -0.025,     90.693                 
# span 1 =     5.2441,     6.6205                 
# span 2 =   0.007991,   3.274119                 
# span 3 =     0.0574,    33.2409                 
# span 4 =         11,       1977                 
# span 5 =     0.0417,     8.2333                 
# span 6 = 0.0000e+00, 0.0000e+00                 
# interval = seconds: 0.25
# start_time = Apr 07 2025 00:06:03 [NMEA time, header]
# bad_flag = -9.990e-29
*END*
[from data line 206]
     20.200     5.8864   3.218200    32.6408        217     0.9000  0.000e+00
     20.275     5.8951   3.220524    32.6585        218     0.9042  0.000e+00
     20.351     5.9366   3.220462    32.6177        219     0.9083  0.000e+00
     20.441     6.0003   3.220118    32.5525        220     0.9125  0.000e+00
     20.537     6.0620   3.218848    32.4790        221     0.9167  0.000e+00
     20.657     6.1128   3.199327    32.2124        222     0.9208  0.000e+00
     20.785     6.1126   3.182136    32.0210        223     0.9250  0.000e+00
     20.925     6.0154   3.181917    32.1104        224     0.9292  0.000e+00
     21.084     5.9099   3.181815    32.2094        225     0.9333  0.000e+00
     21.247     5.8314   3.181718    32.2832        226     0.9375  0.000e+00
     21.415     5.7792   3.181780    32.3338        227     0.9417  0.000e+00
     21.584     5.7462   3.181817    32.3659        228     0.9458  0.000e+00
     21.757     5.7258   3.181860    32.3858        229     0.9500  0.000e+00
     21.931     5.7134   3.181719    32.3960        230     0.9542  0.000e+00
     22.090     5.7061   3.181799    32.4039        231     0.9583  0.000e+00
     22.244     5.7013   3.181817    32.4087        232     0.9625  0.000e+00
     22.371     5.6985   3.181781    32.4109        233     0.9667  0.000e+00
     22.486     5.6965   3.181738    32.4122        234     0.9708  0.000e+00
     22.579     5.6954   3.181720    32.4131        235     0.9750  0.000e+00
     22.658     5.6945   3.181677    32.4134        236     0.9792  0.000e+00
     22.732     5.6940   3.181695    32.4141        237     0.9833  0.000e+00
     22.796     5.6934   3.181695    32.4146        238     0.9875  0.000e+00
     22.863     5.6934   3.181677    32.4144        239     0.9917  0.000e+00
     22.928     5.6931   3.181598    32.4137        240     0.9958  0.000e+00
     22.998     5.6930   3.181598    32.4137        241     1.0000  0.000e+00
     23.079     5.6927   3.181580    32.4138        242     1.0042  0.000e+00
     23.168     5.6927   3.181555    32.4135        243     1.0083  0.000e+00
     23.266     5.6924   3.181555    32.4137        244     1.0125  0.000e+00
     23.391     5.6924   3.181598    32.4142        245     1.0167  0.000e+00
     23.532     5.6926   3.181659    32.4146        246     1.0208  0.000e+00
     23.681     5.6925   3.181659    32.4146        247     1.0250  0.000e+00
     23.845     5.6925   3.181616    32.4140        248     1.0292  0.000e+00
     24.011     5.6927   3.181641    32.4140        249     1.0333  0.000e+00
     24.185     5.6929   3.181641    32.4138        250     1.0375  0.000e+00
     24.371     5.6929   3.181696    32.4143        251     1.0417  0.000e+00
     24.548     5.6931   3.181720    32.4143        252     1.0458  0.000e+00
     24.734     5.6933   3.181720    32.4140        253     1.0500  0.000e+00
     24.910     5.6933   3.181782    32.4146        254     1.0542  0.000e+00
     25.087     5.6936   3.181800    32.4145        255     1.0583  0.000e+00
     25.250     5.6937   3.181782    32.4141        256     1.0625  0.000e+00
     25.395     5.6937   3.181721    32.4133        257     1.0667  0.000e+00
     25.523     5.6936   3.181617    32.4122        258     1.0708  0.000e+00
     25.641     5.6930   3.181495    32.4113        259     1.0750  0.000e+00
     25.742     5.6921   3.181434    32.4114        260     1.0792  0.000e+00
     25.829     5.6911   3.181434    32.4124        261     1.0833  0.000e+00
     25.905     5.6901   3.181416    32.4131        262     1.0875  0.000e+00
     25.966     5.6895   3.181397    32.4134        263     1.0917  0.000e+00
     26.025     5.6890   3.181397    32.4139        264     1.0958  0.000e+00
     26.081     5.6888   3.181397    32.4141        265     1.1000  0.000e+00
     26.135     5.6887   3.181397    32.4141        266     1.1042  0.000e+00
     26.200     5.6885   3.181397    32.4143        267     1.1083  0.000e+00
     26.278     5.6883   3.181434    32.4148        268     1.1125  0.000e+00
     26.368     5.6885   3.181416    32.4144        269     1.1167  0.000e+00
     26.472     5.6885   3.181416    32.4143        270     1.1208  0.000e+00
     26.587     5.6884   3.181416    32.4144        271     1.1250  0.000e+00
     26.728     5.6887   3.181434    32.4143        272     1.1292  0.000e+00
     26.875     5.6886   3.181434    32.4142        273     1.1333  0.000e+00
     27.039     5.6887   3.181459    32.4144        274     1.1375  0.000e+00
     27.202     5.6886   3.181434    32.4141        275     1.1417  0.000e+00
     27.369     5.6887   3.181416    32.4137        276     1.1458  0.000e+00
     27.546     5.6886   3.181459    32.4142        277     1.1500  0.000e+00
     27.721     5.6885   3.181520    32.4149        278     1.1542  0.000e+00
     27.898     5.6886   3.181538    32.4149        279     1.1583  0.000e+00
     28.074     5.6888   3.181538    32.4147        280     1.1625  0.000e+00
     28.251     5.6890   3.181520    32.4142        281     1.1667  0.000e+00
     28.421     5.6889   3.181496    32.4139        282     1.1708  0.000e+00
     28.579     5.6890   3.181520    32.4140        283     1.1750  0.000e+00
     28.727     5.6888   3.181520    32.4141        284     1.1792  0.000e+00
     28.868     5.6889   3.181520    32.4139        285     1.1833  0.000e+00
     28.998     5.6888   3.181520    32.4140        286     1.1875  0.000e+00
     29.113     5.6887   3.181520    32.4140        287     1.1917  0.000e+00
     29.222     5.6886   3.181478    32.4136        288     1.1958  0.000e+00
     29.316     5.6884   3.181478    32.4137        289     1.2000  0.000e+00
     29.399     5.6883   3.181496    32.4140        290     1.2042  0.000e+00
     29.478     5.6881   3.181478    32.4140        291     1.2083  0.000e+00
     29.560     5.6880   3.181521    32.4145        292     1.2125  0.000e+00
     29.645     5.6881   3.181496    32.4141        293     1.2167  0.000e+00
     29.727     5.6881   3.181521    32.4143        294     1.2208  0.000e+00
     29.820     5.6879   3.181539    32.4146        295     1.2250  0.000e+00
     29.919     5.6881   3.181582    32.4149        296     1.2292  0.000e+00
     30.025     5.6882   3.181557    32.4145        297     1.2333  0.000e+00
     30.135     5.6882   3.181582    32.4147        298     1.2375  0.000e+00
     30.259     5.6884   3.181399    32.4124        299     1.2417  0.000e+00
     30.396     5.6884   3.181661    32.4153        300     1.2458  0.000e+00
     30.538     5.6886   3.181783    32.4164        301     1.2500  0.000e+00
     30.681     5.6891   3.181899    32.4171        302     1.2542  0.000e+00
     30.828     5.6899   3.181985    32.4172        303     1.2583  0.000e+00
     30.979     5.6907   3.182022    32.4168        304     1.2625  0.000e+00
     31.142     5.6915   3.182144    32.4173        305     1.2667  0.000e+00
     31.296     5.6921   3.182223    32.4176        306     1.2708  0.000e+00
     31.447     5.6930   3.182302    32.4176        307     1.2750  0.000e+00
     31.594     5.6937   3.182327    32.4171        308     1.2792  0.000e+00
     31.742     5.6944   3.182284    32.4158        309     1.2833  0.000e+00
     31.879     5.6947   3.182327    32.4159        310     1.2875  0.000e+00
     32.014     5.6950   3.182364    32.4160        311     1.2917  0.000e+00
     32.146     5.6952   3.182406    32.4163        312     1.2958  0.000e+00
     32.269     5.6954   3.182449    32.4165        313     1.3000  0.000e+00
     32.389     5.6957   3.182449    32.4162        314     1.3042  0.000e+00
     32.506     5.6958   3.182425    32.4157        315     1.3083  0.000e+00
     32.613     5.6960   3.182425    32.4155        316     1.3125  0.000e+00
     32.725     5.6960   3.182510    32.4164        317     1.3167  0.000e+00
     32.836     5.6961   3.182486    32.4160        318     1.3208  0.000e+00
     32.948     5.6961   3.182565    32.4168        319     1.3250  0.000e+00
     33.068     5.6962   3.182590    32.4169        320     1.3292  0.000e+00
     33.200     5.6966   3.182627    32.4169        321     1.3333  0.000e+00
     33.337     5.6969   3.182627    32.4165        322     1.3375  0.000e+00
     33.484     5.6971   3.182651    32.4165        323     1.3417  0.000e+00
     33.631     5.6973   3.182669    32.4164        324     1.3458  0.000e+00
     33.783     5.6975   3.182712    32.4167        325     1.3500  0.000e+00
     33.938     5.6975   3.182688    32.4163        326     1.3542  0.000e+00
     34.101     5.6976   3.182688    32.4162        327     1.3583  0.000e+00
     34.259     5.6977   3.182688    32.4160        328     1.3625  0.000e+00
     34.413     5.6977   3.182731    32.4164        329     1.3667  0.000e+00
     34.559     5.6978   3.182749    32.4165        330     1.3708  0.000e+00
     34.708     5.6977   3.182712    32.4161        331     1.3750  0.000e+00
     34.843     5.6975   3.182670    32.4156        332     1.3792  0.000e+00
     34.981     5.6971   3.182529    32.4144        333     1.3833  0.000e+00
     35.101     5.6963   3.182407    32.4138        334     1.3875  0.000e+00
     35.224     5.6955   3.182285    32.4131        335     1.3917  0.000e+00
     35.336     5.6941   3.182127    32.4126        336     1.3958  0.000e+00
     35.445     5.6924   3.181986    32.4125        337     1.4000  0.000e+00
     35.560     5.6910   3.181724    32.4109        338     1.4042  0.000e+00
     35.676     5.6890   3.181559    32.4109        339     1.4083  0.000e+00
     35.783     5.6868   3.181461    32.4119        340     1.4125  0.000e+00
     35.896     5.6849   3.181461    32.4136        341     1.4167  0.000e+00
     36.004     5.6835   3.181400    32.4142        342     1.4208  0.000e+00
     36.118     5.6823   3.181297    32.4142        343     1.4250  0.000e+00
     36.238     5.6814   3.181077    32.4125        344     1.4292  0.000e+00
     36.366     5.6801   3.180937    32.4121        345     1.4333  0.000e+00
     36.509     5.6785   3.180833    32.4124        346     1.4375  0.000e+00
     36.653     5.6768   3.180754    32.4131        347     1.4417  0.000e+00
     36.801     5.6753   3.180717    32.4141        348     1.4458  0.000e+00
     36.962     5.6740   3.180693    32.4149        349     1.4500  0.000e+00
     37.131     5.6729   3.180675    32.4157        350     1.4542  0.000e+00
     37.299     5.6722   3.180693    32.4165        351     1.4583  0.000e+00
     37.474     5.6717   3.180815    32.4183        352     1.4625  0.000e+00
     37.648     5.6715   3.180876    32.4191        353     1.4667  0.000e+00
     37.833     5.6716   3.180919    32.4193        354     1.4708  0.000e+00
     38.015     5.6718   3.180919    32.4191        355     1.4750  0.000e+00
     38.200     5.6717   3.180858    32.4184        356     1.4792  0.000e+00
     38.380     5.6718   3.180834    32.4180        357     1.4833  0.000e+00
     38.552     5.6714   3.180596    32.4156        358     1.4875  0.000e+00
     38.718     5.6708   3.180376    32.4136        359     1.4917  0.000e+00
     38.868     5.6691   3.180394    32.4153        360     1.4958  0.000e+00
     38.991     5.6678   3.180132    32.4136        361     1.5000  0.000e+00
     39.104     5.6661   3.179345    32.4063        362     1.5042  0.000e+00
     39.207     5.6631   3.178582    32.4005        363     1.5083  0.000e+00
     39.298     5.6578   3.177313    32.3912        364     1.5125  0.000e+00
     39.390     5.6504   3.175782    32.3810        365     1.5167  0.000e+00
     39.484     5.6397   3.174519    32.3770        366     1.5208  0.000e+00
     39.596     5.6277   3.173653    32.3787        367     1.5250  0.000e+00
     39.717     5.6159   3.173190    32.3847        368     1.5292  0.000e+00
     39.842     5.6058   3.173092    32.3933        369     1.5333  0.000e+00
     39.985     5.5984   3.173172    32.4013        370     1.5375  0.000e+00
     40.127     5.5937   3.173208    32.4062        371     1.5417  0.000e+00
     40.282     5.5913   3.173148    32.4077        372     1.5458  0.000e+00
     40.447     5.5896   3.173032    32.4079        373     1.5500  0.000e+00
     40.616     5.5884   3.172971    32.4083        374     1.5542  0.000e+00
     40.796     5.5874   3.173776    32.4183        375     1.5583  0.000e+00
     40.976     5.5881   3.174660    32.4275        376     1.5625  0.000e+00
     41.164     5.5916   3.176228    32.4418        377     1.5667  0.000e+00
     41.356     5.5982   3.176954    32.4435        378     1.5708  0.000e+00
     41.553     5.6064   3.177997    32.4474        379     1.5750  0.000e+00
     41.749     5.6153   3.178986    32.4499        380     1.5792  0.000e+00
     41.935     5.6244   3.179828    32.4505        381     1.5833  0.000e+00
     42.118     5.6335   3.179669    32.4399        382     1.5875  0.000e+00
     42.282     5.6401   3.179547    32.4320        383     1.5917  0.000e+00
     42.436     5.6432   3.178943    32.4221        384     1.5958  0.000e+00
     42.578     5.6433   3.178040    32.4118        385     1.6000  0.000e+00
     42.704     5.6401   3.177375    32.4072        386     1.6042  0.000e+00
     42.831     5.6346   3.177235    32.4110        387     1.6083  0.000e+00
     42.946     5.6293   3.176832    32.4115        388     1.6125  0.000e+00
     43.065     5.6244   3.176668    32.4142        389     1.6167  0.000e+00
     43.182     5.6203   3.176448    32.4156        390     1.6208  0.000e+00
     43.314     5.6169   3.176265    32.4168        391     1.6250  0.000e+00
     43.448     5.6137   3.176088    32.4178        392     1.6292  0.000e+00
     43.601     5.6109   3.176149    32.4211        393     1.6333  0.000e+00
     43.766     5.6089   3.176308    32.4248        394     1.6375  0.000e+00
     43.942     5.6080   3.176589    32.4287        395     1.6417  0.000e+00
     44.124     5.6083   3.176607    32.4285        396     1.6458  0.000e+00
     44.309     5.6089   3.176589    32.4276        397     1.6500  0.000e+00
     44.502     5.6093   3.176467    32.4258        398     1.6542  0.000e+00
     44.700     5.6091   3.176266    32.4236        399     1.6583  0.000e+00
     44.904     5.6083   3.176388    32.4257        400     1.6625  0.000e+00
     45.111     5.6074   3.176510    32.4278        401     1.6667  0.000e+00
     45.310     5.6072   3.176467    32.4274        402     1.6708  0.000e+00
     45.505     5.6070   3.176467    32.4275        403     1.6750  0.000e+00
     45.697     5.6067   3.176693    32.4303        404     1.6792  0.000e+00
     45.880     5.6070   3.176632    32.4292        405     1.6833  0.000e+00
     46.054     5.6073   3.176449    32.4268        406     1.6875  0.000e+00
     46.217     5.6068   3.176388    32.4265        407     1.6917  0.000e+00
     46.372     5.6060   3.176327    32.4264        408     1.6958  0.000e+00
     46.521     5.6054   3.176230    32.4259        409     1.7000  0.000e+00
     46.665     5.6043   3.176211    32.4266        410     1.7042  0.000e+00
     46.801     5.6034   3.175845    32.4233        411     1.7083  0.000e+00
     46.931     5.6018   3.175687    32.4230        412     1.7125  0.000e+00
     47.062     5.5997   3.175083    32.4181        413     1.7167  0.000e+00
     47.201     5.5966   3.175065    32.4208        414     1.7208  0.000e+00
     47.338     5.5935   3.174619    32.4188        415     1.7250  0.000e+00
     47.489     5.5904   3.174742    32.4231        416     1.7292  0.000e+00
     47.641     5.5882   3.174498    32.4223        417     1.7333  0.000e+00
     47.800     5.5863   3.174498    32.4241        418     1.7375  0.000e+00
     47.968     5.5847   3.174577    32.4264        419     1.7417  0.000e+00
     48.131     5.5839   3.174602    32.4274        420     1.7458  0.000e+00
