HB2502/sbe018.cnv
* Sea-Bird SBE 19plus V2 Data File:
* FileName = C:\cruise\data\sbe018.hex
* Software Version Seasave V 7.26.7.121
* Temperature SN = 6128
* Conductivity SN = 6128
* System UpLoad Time = Mar 13 2025 02:31:42
* NMEA Latitude = 36 10.70 N
* NMEA Longitude = 074 52.99 W
* NMEA UTC (Time) = Mar 13 2025  02:30:24
** Ship: Henry Bigelow
** Cruise:  HB2502
** Program:  Spring Bottom Trawl
# nquan = 7
# nvalues = 1709                                  
# units = specified
# name 0 = depSM: Depth [salt water, m]
# name 1 = tv290C: Temperature [ITS-90, deg C]
# name 2 = c0S/m: Conductivity [S/m]
# name 3 = sal00: Salinity, Practical [PSU]
# name 4 = scan: Scan Count
# name 5 = timeM: Time, Elapsed [minutes]
# name 6 = flag:  0.000e+00
# span 0 =     -0.088,     76.569                 
# span 1 =     7.1696,    12.5947                 
# span 2 =   0.006882,   4.033699                 
# span 3 =     0.0445,    34.8071                 
# span 4 =         11,       1719                 
# span 5 =     0.0417,     7.1583                 
# span 6 = 0.0000e+00, 0.0000e+00                 
# interval = seconds: 0.25
# start_time = Mar 13 2025 02:30:24 [NMEA time, header]
# bad_flag = -9.990e-29
*END*
[from data line 1231]
     26.414    10.5539   3.749131    33.8546       1242     5.1708  0.000e+00
     26.307    10.5547   3.743570    33.7979       1243     5.1750  0.000e+00
     26.216    10.5449   3.742919    33.8005       1244     5.1792  0.000e+00
     26.116    10.5295   3.749665    33.8827       1245     5.1833  0.000e+00
     26.020    10.5365   3.752283    33.9027       1246     5.1875  0.000e+00
     25.924    10.5526   3.753169    33.8966       1247     5.1917  0.000e+00
     25.830    10.5665   3.748993    33.8417       1248     5.1958  0.000e+00
     25.745    10.5694   3.745523    33.8042       1249     5.2000  0.000e+00
     25.656    10.5574   3.743915    33.7992       1250     5.2042  0.000e+00
     25.567    10.5448   3.741604    33.7877       1251     5.2083  0.000e+00
     25.474    10.5284   3.741487    33.8018       1252     5.2125  0.000e+00
     25.388    10.5159   3.741650    33.8150       1253     5.2167  0.000e+00
     25.297    10.5089   3.747998    33.8855       1254     5.2208  0.000e+00
     25.212    10.5183   3.744729    33.8439       1255     5.2250  0.000e+00
     25.133    10.5242   3.745237    33.8435       1256     5.2292  0.000e+00
     25.047    10.5266   3.737811    33.7667       1257     5.2333  0.000e+00
     24.974    10.5101   3.735086    33.7545       1258     5.2375  0.000e+00
     24.907    10.4819   3.727293    33.7022       1259     5.2417  0.000e+00
     24.844    10.4452   3.692136    33.3822       1260     5.2458  0.000e+00
     24.781    10.3481   3.688436    33.4342       1261     5.2500  0.000e+00
     24.725    10.2439   3.687415    33.5201       1262     5.2542  0.000e+00
     24.660    10.1693   3.697183    33.6883       1263     5.2583  0.000e+00
     24.603    10.1449   3.719996    33.9426       1264     5.2625  0.000e+00
     24.544    10.1899   3.702800    33.7261       1265     5.2667  0.000e+00
     24.476    10.2091   3.697319    33.6527       1266     5.2708  0.000e+00
     24.416    10.1868   3.714018    33.8428       1267     5.2750  0.000e+00
     24.356    10.2076   3.722495    33.9095       1268     5.2792  0.000e+00
     24.287    10.2553   3.732716    33.9684       1269     5.2833  0.000e+00
     24.217    10.3086   3.735830    33.9500       1270     5.2875  0.000e+00
     24.143    10.3576   3.715755    33.7015       1271     5.2917  0.000e+00
     24.067    10.3467   3.689231    33.4439       1272     5.2958  0.000e+00
     23.998    10.2664   3.652905    33.1509       1273     5.3000  0.000e+00
     23.926    10.1068   3.643412    33.2011       1274     5.3042  0.000e+00
     23.855     9.9469   3.634906    33.2617       1275     5.3083  0.000e+00
     23.783     9.8217   3.632920    33.3572       1276     5.3125  0.000e+00
     23.704     9.7335   3.625110    33.3592       1277     5.3167  0.000e+00
     23.628     9.6654   3.625824    33.4297       1278     5.3208  0.000e+00
     23.550     9.6172   3.605701    33.2681       1279     5.3250  0.000e+00
     23.472     9.5474   3.596921    33.2427       1280     5.3292  0.000e+00
     23.398     9.4607   3.593304    33.2860       1281     5.3333  0.000e+00
     23.317     9.3894   3.583967    33.2560       1282     5.3375  0.000e+00
     23.240     9.3238   3.575976    33.2345       1283     5.3417  0.000e+00
     23.166     9.2537   3.574136    33.2809       1284     5.3458  0.000e+00
     23.092     9.1996   3.571518    33.3043       1285     5.3500  0.000e+00
     23.015     9.1579   3.569187    33.3190       1286     5.3542  0.000e+00
     22.942     9.1260   3.562504    33.2795       1287     5.3583  0.000e+00
     22.863     9.0869   3.545935    33.1440       1288     5.3625  0.000e+00
     22.776     9.0159   3.544547    33.1957       1289     5.3667  0.000e+00
     22.693     8.9558   3.544522    33.2517       1290     5.3708  0.000e+00
     22.606     8.9169   3.542313    33.2652       1291     5.3750  0.000e+00
     22.521     8.8879   3.533150    33.1967       1292     5.3792  0.000e+00
     22.423     8.8487   3.529373    33.1939       1293     5.3833  0.000e+00
     22.331     8.8056   3.529380    33.2344       1294     5.3875  0.000e+00
     22.231     8.7772   3.527492    33.2413       1295     5.3917  0.000e+00
     22.130     8.7555   3.523247    33.2173       1296     5.3958  0.000e+00
     22.034     8.7285   3.516059    33.1673       1297     5.4000  0.000e+00
     21.929     8.6923   3.510214    33.1400       1298     5.4042  0.000e+00
     21.833     8.6480   3.509054    33.1694       1299     5.4083  0.000e+00
     21.729     8.6115   3.497410    33.0814       1300     5.4125  0.000e+00
     21.630     8.5603   3.483561    32.9837       1301     5.4167  0.000e+00
     21.522     8.4849   3.466173    32.8712       1302     5.4208  0.000e+00
     21.421     8.3874   3.462286    32.9213       1303     5.4250  0.000e+00
     21.319     8.2973   3.461379    32.9962       1304     5.4292  0.000e+00
     21.216     8.2353   3.462414    33.0654       1305     5.4333  0.000e+00
     21.120     8.1996   3.463008    33.1054       1306     5.4375  0.000e+00
     21.028     8.1818   3.462251    33.1143       1307     5.4417  0.000e+00
     20.925     8.1716   3.462371    33.1252       1308     5.4458  0.000e+00
     20.830     8.1650   3.458844    33.0940       1309     5.4500  0.000e+00
     20.740     8.1531   3.455900    33.0740       1310     5.4542  0.000e+00
     20.658     8.1343   3.452634    33.0571       1311     5.4583  0.000e+00
     20.573     8.1126   3.449415    33.0433       1312     5.4625  0.000e+00
     20.497     8.0880   3.448810    33.0601       1313     5.4667  0.000e+00
     20.434     8.0690   3.447481    33.0639       1314     5.4708  0.000e+00
     20.369     8.0536   3.447166    33.0751       1315     5.4750  0.000e+00
     20.305     8.0428   3.446801    33.0814       1316     5.4792  0.000e+00
     20.247     8.0357   3.445781    33.0773       1317     5.4833  0.000e+00
     20.194     8.0298   3.443722    33.0610       1318     5.4875  0.000e+00
     20.138     8.0211   3.440461    33.0344       1319     5.4917  0.000e+00
     20.087     8.0072   3.438296    33.0246       1320     5.4958  0.000e+00
     20.031     7.9903   3.435906    33.0150       1321     5.5000  0.000e+00
     19.960     7.9726   3.433541    33.0065       1322     5.5042  0.000e+00
     19.896     7.9534   3.431850    33.0066       1323     5.5083  0.000e+00
     19.820     7.9353   3.430398    33.0082       1324     5.5125  0.000e+00
     19.737     7.9188   3.428261    33.0010       1325     5.5167  0.000e+00
     19.650     7.9026   3.427777    33.0112       1326     5.5208  0.000e+00
     19.546     7.8892   3.423894    32.9824       1327     5.5250  0.000e+00
     19.438     7.8725   3.421357    32.9711       1328     5.5292  0.000e+00
     19.331     7.8522   3.420873    32.9851       1329     5.5333  0.000e+00
     19.212     7.8358   3.421049    33.0026       1330     5.5375  0.000e+00
     19.096     7.8259   3.421049    33.0120       1331     5.5417  0.000e+00
     18.972     7.8210   3.422450    33.0318       1332     5.5458  0.000e+00
     18.851     7.8214   3.423612    33.0439       1333     5.5500  0.000e+00
     18.739     7.8271   3.424491    33.0479       1334     5.5542  0.000e+00
     18.627     7.8352   3.424548    33.0409       1335     5.5583  0.000e+00
     18.520     7.8417   3.424943    33.0391       1336     5.5625  0.000e+00
     18.414     7.8466   3.424774    33.0326       1337     5.5667  0.000e+00
     18.320     7.8495   3.424170    33.0234       1338     5.5708  0.000e+00
     18.225     7.8496   3.424510    33.0271       1339     5.5750  0.000e+00
     18.149     7.8498   3.424861    33.0307       1340     5.5792  0.000e+00
     18.074     7.8512   3.424422    33.0247       1341     5.5833  0.000e+00
     18.011     7.8515   3.424466    33.0249       1342     5.5875  0.000e+00
     17.948     7.8515   3.424591    33.0263       1343     5.5917  0.000e+00
     17.885     7.8518   3.424641    33.0265       1344     5.5958  0.000e+00
     17.831     7.8523   3.424503    33.0246       1345     5.6000  0.000e+00
     17.778     7.8526   3.424773    33.0272       1346     5.6042  0.000e+00
     17.714     7.8532   3.424924    33.0283       1347     5.6083  0.000e+00
     17.651     7.8543   3.424484    33.0227       1348     5.6125  0.000e+00
     17.580     7.8537   3.424553    33.0239       1349     5.6167  0.000e+00
     17.511     7.8535   3.424736    33.0262       1350     5.6208  0.000e+00
     17.433     7.8538   3.424547    33.0239       1351     5.6250  0.000e+00
     17.343     7.8538   3.424289    33.0212       1352     5.6292  0.000e+00
     17.245     7.8534   3.424044    33.0190       1353     5.6333  0.000e+00
     17.140     7.8523   3.421946    32.9976       1354     5.6375  0.000e+00
     17.036     7.8445   3.413165    32.9110       1355     5.6417  0.000e+00
     16.932     7.8158   3.413021    32.9366       1356     5.6458  0.000e+00
     16.831     7.7890   3.412770    32.9593       1357     5.6500  0.000e+00
     16.714     7.7715   3.412168    32.9695       1358     5.6542  0.000e+00
     16.617     7.7589   3.411001    32.9689       1359     5.6583  0.000e+00
     16.521     7.7477   3.406712    32.9335       1360     5.6625  0.000e+00
     16.436     7.7294   3.401692    32.8970       1361     5.6667  0.000e+00
     16.356     7.7003   3.401498    32.9225       1362     5.6708  0.000e+00
     16.284     7.6763   3.402300    32.9538       1363     5.6750  0.000e+00
     16.219     7.6636   3.405183    32.9968       1364     5.6792  0.000e+00
     16.158     7.6641   3.403503    32.9784       1365     5.6833  0.000e+00
     16.103     7.6647   3.400972    32.9506       1366     5.6875  0.000e+00
     16.060     7.6565   3.401461    32.9636       1367     5.6917  0.000e+00
     16.016     7.6499   3.400884    32.9637       1368     5.6958  0.000e+00
     15.971     7.6449   3.401210    32.9720       1369     5.7000  0.000e+00
     15.932     7.6421   3.400515    32.9672       1370     5.7042  0.000e+00
     15.885     7.6389   3.400132    32.9661       1371     5.7083  0.000e+00
     15.832     7.6354   3.399732    32.9651       1372     5.7125  0.000e+00
     15.780     7.6323   3.399863    32.9695       1373     5.7167  0.000e+00
     15.722     7.6303   3.399732    32.9700       1374     5.7208  0.000e+00
     15.660     7.6285   3.398272    32.9560       1375     5.7250  0.000e+00
     15.601     7.6243   3.397621    32.9530       1376     5.7292  0.000e+00
     15.538     7.6182   3.397095    32.9532       1377     5.7333  0.000e+00
     15.469     7.6124   3.397013    32.9579       1378     5.7375  0.000e+00
     15.392     7.6084   3.396951    32.9610       1379     5.7417  0.000e+00
     15.316     7.6056   3.396788    32.9619       1380     5.7458  0.000e+00
     15.226     7.6038   3.396406    32.9596       1381     5.7500  0.000e+00
     15.139     7.6020   3.396331    32.9606       1382     5.7542  0.000e+00
     15.048     7.6004   3.396450    32.9634       1383     5.7583  0.000e+00
     14.950     7.5996   3.396393    32.9636       1384     5.7625  0.000e+00
     14.845     7.5991   3.395930    32.9591       1385     5.7667  0.000e+00
     14.751     7.5979   3.395216    32.9526       1386     5.7708  0.000e+00
     14.641     7.5947   3.392862    32.9303       1387     5.7750  0.000e+00
     14.535     7.5860   3.389339    32.9007       1388     5.7792  0.000e+00
     14.429     7.5701   3.388595    32.9077       1389     5.7833  0.000e+00
     14.333     7.5544   3.388107    32.9174       1390     5.7875  0.000e+00
     14.218     7.5426   3.387682    32.9241       1391     5.7917  0.000e+00
     14.127     7.5339   3.387675    32.9323       1392     5.7958  0.000e+00
     14.040     7.5284   3.387769    32.9385       1393     5.8000  0.000e+00
     13.953     7.5257   3.388188    32.9457       1394     5.8042  0.000e+00
     13.872     7.5253   3.389352    32.9587       1395     5.8083  0.000e+00
     13.799     7.5287   3.389752    32.9598       1396     5.8125  0.000e+00
     13.726     7.5336   3.391348    32.9724       1397     5.8167  0.000e+00
     13.665     7.5422   3.391880    32.9700       1398     5.8208  0.000e+00
     13.598     7.5502   3.392205    32.9660       1399     5.8250  0.000e+00
     13.546     7.5567   3.392086    32.9585       1400     5.8292  0.000e+00
     13.497     7.5607   3.392042    32.9543       1401     5.8333  0.000e+00
     13.444     7.5631   3.392130    32.9529       1402     5.8375  0.000e+00
     13.401     7.5645   3.391999    32.9502       1403     5.8417  0.000e+00
     13.358     7.5651   3.392086    32.9506       1404     5.8458  0.000e+00
     13.316     7.5656   3.392105    32.9504       1405     5.8500  0.000e+00
     13.273     7.5661   3.391585    32.9444       1406     5.8542  0.000e+00
     13.238     7.5651   3.390246    32.9309       1407     5.8583  0.000e+00
     13.189     7.5616   3.388526    32.9156       1408     5.8625  0.000e+00
     13.139     7.5542   3.387612    32.9129       1409     5.8667  0.000e+00
     13.091     7.5453   3.387487    32.9199       1410     5.8708  0.000e+00
     13.035     7.5386   3.387387    32.9252       1411     5.8750  0.000e+00
     12.976     7.5342   3.387425    32.9298       1412     5.8792  0.000e+00
     12.923     7.5318   3.387450    32.9324       1413     5.8833  0.000e+00
     12.863     7.5306   3.387137    32.9303       1414     5.8875  0.000e+00
     12.798     7.5288   3.385573    32.9151       1415     5.8917  0.000e+00
     12.736     7.5237   3.385473    32.9189       1416     5.8958  0.000e+00
     12.682     7.5186   3.385598    32.9251       1417     5.9000  0.000e+00
     12.619     7.5157   3.385448    32.9262       1418     5.9042  0.000e+00
     12.552     7.5138   3.385967    32.9337       1419     5.9083  0.000e+00
     12.485     7.5137   3.385686    32.9308       1420     5.9125  0.000e+00
     12.425     7.5139   3.384917    32.9223       1421     5.9167  0.000e+00
     12.353     7.5117   3.383091    32.9047       1422     5.9208  0.000e+00
     12.278     7.5046   3.382103    32.9009       1423     5.9250  0.000e+00
     12.210     7.4958   3.381190    32.8994       1424     5.9292  0.000e+00
     12.133     7.4874   3.380953    32.9048       1425     5.9333  0.000e+00
     12.057     7.4804   3.380278    32.9042       1426     5.9375  0.000e+00
     11.983     7.4745   3.380003    32.9069       1427     5.9417  0.000e+00
     11.899     7.4694   3.379653    32.9079       1428     5.9458  0.000e+00
     11.810     7.4653   3.379309    32.9081       1429     5.9500  0.000e+00
     11.738     7.4617   3.379266    32.9112       1430     5.9542  0.000e+00
     11.646     7.4588   3.378716    32.9080       1431     5.9583  0.000e+00
     11.555     7.4560   3.378228    32.9054       1432     5.9625  0.000e+00
     11.475     7.4524   3.377135    32.8971       1433     5.9667  0.000e+00
     11.399     7.4472   3.377297    32.9038       1434     5.9708  0.000e+00
     11.319     7.4432   3.377235    32.9070       1435     5.9750  0.000e+00
     11.244     7.4410   3.377279    32.9095       1436     5.9792  0.000e+00
     11.177     7.4394   3.375842    32.8956       1437     5.9833  0.000e+00
     11.114     7.4358   3.373955    32.8786       1438     5.9875  0.000e+00
     11.050     7.4274   3.372769    32.8738       1439     5.9917  0.000e+00
     10.985     7.4165   3.372575    32.8821       1440     5.9958  0.000e+00
     10.931     7.4078   3.372500    32.8896       1441     6.0000  0.000e+00
     10.870     7.4023   3.372188    32.8915       1442     6.0042  0.000e+00
     10.821     7.3983   3.371870    32.8918       1443     6.0083  0.000e+00
     10.771     7.3948   3.371520    32.8913       1444     6.0125  0.000e+00
     10.721     7.3916   3.370546    32.8839       1445     6.0167  0.000e+00
