HB2502/sbe097.cnv
* Sea-Bird SBE 19plus V2 Data File:
* FileName = C:\cruise\data\sbe097.hex
* Software Version Seasave V 7.26.7.121
* Temperature SN = 6128
* Conductivity SN = 6128
* System UpLoad Time = Apr 17 2025 21:43:20
* NMEA Latitude = 41 54.18 N
* NMEA Longitude = 070 09.85 W
* NMEA UTC (Time) = Apr 17 2025  21:42:38
** Ship: Henry Bigelow
** Cruise:  HB2502
** Program:  Spring Bottom Trawl
# nquan = 7
# nvalues = 596                                   
# units = specified
# name 0 = depSM: Depth [salt water, m]
# name 1 = tv290C: Temperature [ITS-90, deg C]
# name 2 = c0S/m: Conductivity [S/m]
# name 3 = sal00: Salinity, Practical [PSU]
# name 4 = scan: Scan Count
# name 5 = timeM: Time, Elapsed [minutes]
# name 6 = flag:  0.000e+00
# span 0 =      0.790,     17.476                 
# span 1 =     6.2420,    12.7271                 
# span 2 =   3.190049,   3.784587                 
# span 3 =    29.1647,    32.7217                 
# span 4 =         11,        606                 
# span 5 =     0.0417,     2.5208                 
# span 6 = 0.0000e+00, 0.0000e+00                 
# interval = seconds: 0.25
# start_time = Apr 17 2025 21:42:38 [NMEA time, header]
# bad_flag = -9.990e-29
*END*
[from data line 411]
     17.433     6.2502   3.191021    31.9918        422     1.7542  0.000e+00
     17.438     6.2499   3.191040    31.9923        423     1.7583  0.000e+00
     17.451     6.2495   3.191119    31.9935        424     1.7625  0.000e+00
     17.452     6.2495   3.191058    31.9928        425     1.7667  0.000e+00
     17.445     6.2496   3.191162    31.9939        426     1.7708  0.000e+00
     17.443     6.2497   3.191082    31.9928        427     1.7750  0.000e+00
     17.448     6.2500   3.191058    31.9924        428     1.7792  0.000e+00
     17.450     6.2499   3.191082    31.9927        429     1.7833  0.000e+00
     17.450     6.2499   3.191040    31.9922        430     1.7875  0.000e+00
     17.451     6.2497   3.191058    31.9926        431     1.7917  0.000e+00
     17.452     6.2499   3.191119    31.9931        432     1.7958  0.000e+00
     17.454     6.2499   3.191119    31.9931        433     1.8000  0.000e+00
     17.452     6.2501   3.191058    31.9922        434     1.8042  0.000e+00
     17.453     6.2506   3.191119    31.9925        435     1.8083  0.000e+00
     17.450     6.2506   3.191101    31.9923        436     1.8125  0.000e+00
     17.451     6.2506   3.190881    31.9898        437     1.8167  0.000e+00
     17.455     6.2505   3.190960    31.9908        438     1.8208  0.000e+00
     17.455     6.2500   3.190936    31.9910        439     1.8250  0.000e+00
     17.457     6.2496   3.191101    31.9932        440     1.8292  0.000e+00
     17.453     6.2497   3.191021    31.9922        441     1.8333  0.000e+00
     17.457     6.2497   3.191082    31.9928        442     1.8375  0.000e+00
     17.455     6.2500   3.190917    31.9908        443     1.8417  0.000e+00
     17.457     6.2499   3.190936    31.9911        444     1.8458  0.000e+00
     17.453     6.2496   3.190997    31.9920        445     1.8500  0.000e+00
     17.455     6.2495   3.191040    31.9926        446     1.8542  0.000e+00
     17.451     6.2497   3.190978    31.9917        447     1.8583  0.000e+00
     17.449     6.2499   3.191040    31.9923        448     1.8625  0.000e+00
     17.447     6.2499   3.190960    31.9913        449     1.8667  0.000e+00
     17.443     6.2499   3.190960    31.9913        450     1.8708  0.000e+00
     17.441     6.2496   3.190960    31.9916        451     1.8750  0.000e+00
     17.440     6.2495   3.190917    31.9912        452     1.8792  0.000e+00
     17.440     6.2492   3.190881    31.9911        453     1.8833  0.000e+00
     17.439     6.2491   3.190917    31.9916        454     1.8875  0.000e+00
     17.441     6.2491   3.190942    31.9919        455     1.8917  0.000e+00
     17.441     6.2490   3.190917    31.9917        456     1.8958  0.000e+00
     17.444     6.2491   3.190820    31.9905        457     1.9000  0.000e+00
     17.443     6.2491   3.190820    31.9905        458     1.9042  0.000e+00
     17.439     6.2487   3.190758    31.9902        459     1.9083  0.000e+00
     17.444     6.2482   3.190734    31.9904        460     1.9125  0.000e+00
     17.444     6.2479   3.190777    31.9912        461     1.9167  0.000e+00
     17.445     6.2479   3.190820    31.9917        462     1.9208  0.000e+00
     17.440     6.2479   3.190777    31.9912        463     1.9250  0.000e+00
     17.440     6.2479   3.190838    31.9919        464     1.9292  0.000e+00
     17.446     6.2481   3.190856    31.9919        465     1.9333  0.000e+00
     17.449     6.2483   3.190856    31.9917        466     1.9375  0.000e+00
     17.449     6.2485   3.190917    31.9922        467     1.9417  0.000e+00
     17.450     6.2489   3.190960    31.9923        468     1.9458  0.000e+00
     17.456     6.2494   3.190936    31.9916        469     1.9500  0.000e+00
     17.454     6.2497   3.190856    31.9904        470     1.9542  0.000e+00
     17.457     6.2498   3.190856    31.9903        471     1.9583  0.000e+00
     17.458     6.2498   3.190856    31.9903        472     1.9625  0.000e+00
     17.459     6.2496   3.190795    31.9898        473     1.9667  0.000e+00
     17.459     6.2495   3.190758    31.9895        474     1.9708  0.000e+00
     17.462     6.2490   3.190734    31.9897        475     1.9750  0.000e+00
     17.459     6.2487   3.190795    31.9906        476     1.9792  0.000e+00
     17.458     6.2485   3.190697    31.9898        477     1.9833  0.000e+00
     17.459     6.2481   3.190673    31.9899        478     1.9875  0.000e+00
     17.457     6.2477   3.190673    31.9902        479     1.9917  0.000e+00
     17.459     6.2478   3.190636    31.9897        480     1.9958  0.000e+00
     17.461     6.2474   3.190673    31.9905        481     2.0000  0.000e+00
     17.458     6.2472   3.190673    31.9907        482     2.0042  0.000e+00
     17.456     6.2472   3.190673    31.9907        483     2.0083  0.000e+00
     17.458     6.2471   3.190673    31.9908        484     2.0125  0.000e+00
     17.450     6.2471   3.190734    31.9914        485     2.0167  0.000e+00
     17.452     6.2474   3.190697    31.9908        486     2.0208  0.000e+00
     17.450     6.2475   3.190673    31.9904        487     2.0250  0.000e+00
     17.449     6.2475   3.190655    31.9902        488     2.0292  0.000e+00
     17.445     6.2473   3.190673    31.9906        489     2.0333  0.000e+00
     17.446     6.2473   3.190697    31.9909        490     2.0375  0.000e+00
     17.437     6.2472   3.190557    31.9894        491     2.0417  0.000e+00
     17.391     6.2471   3.190496    31.9888        492     2.0458  0.000e+00
     17.319     6.2466   3.190373    31.9880        493     2.0500  0.000e+00
     17.220     6.2458   3.190288    31.9878        494     2.0542  0.000e+00
     17.107     6.2448   3.190233    31.9882        495     2.0583  0.000e+00
     16.983     6.2442   3.190208    31.9886        496     2.0625  0.000e+00
     16.823     6.2432   3.190190    31.9894        497     2.0667  0.000e+00
     16.628     6.2427   3.190190    31.9900        498     2.0708  0.000e+00
     16.393     6.2424   3.190190    31.9904        499     2.0750  0.000e+00
     16.150     6.2420   3.190171    31.9906        500     2.0792  0.000e+00
     15.928     6.2421   3.190171    31.9907        501     2.0833  0.000e+00
     15.720     6.2420   3.190208    31.9913        502     2.0875  0.000e+00
     15.512     6.2421   3.190049    31.9895        503     2.0917  0.000e+00
     15.291     6.2423   3.190293    31.9921        504     2.0958  0.000e+00
     15.056     6.2429   3.190312    31.9919        505     2.1000  0.000e+00
     14.828     6.2435   3.190330    31.9917        506     2.1042  0.000e+00
     14.608     6.2441   3.190330    31.9912        507     2.1083  0.000e+00
     14.402     6.2447   3.190330    31.9907        508     2.1125  0.000e+00
     14.181     6.2451   3.190330    31.9905        509     2.1167  0.000e+00
     13.955     6.2454   3.190311    31.9901        510     2.1208  0.000e+00
     13.723     6.2458   3.190330    31.9900        511     2.1250  0.000e+00
     13.504     6.2462   3.190391    31.9904        512     2.1292  0.000e+00
     13.290     6.2466   3.190348    31.9897        513     2.1333  0.000e+00
     13.077     6.2474   3.190311    31.9886        514     2.1375  0.000e+00
     12.850     6.2486   3.190231    31.9867        515     2.1417  0.000e+00
     12.622     6.2495   3.190207    31.9857        516     2.1458  0.000e+00
     12.402     6.2502   3.190146    31.9844        517     2.1500  0.000e+00
     12.181     6.2511   3.190085    31.9830        518     2.1542  0.000e+00
     11.972     6.2517   3.190109    31.9828        519     2.1583  0.000e+00
     11.753     6.2521   3.190109    31.9825        520     2.1625  0.000e+00
     11.519     6.2526   3.190109    31.9822        521     2.1667  0.000e+00
     11.298     6.2532   3.190145    31.9822        522     2.1708  0.000e+00
     11.075     6.2535   3.190268    31.9833        523     2.1750  0.000e+00
     10.867     6.2543   3.190573    31.9861        524     2.1792  0.000e+00
     10.655     6.2559   3.190793    31.9871        525     2.1833  0.000e+00
     10.434     6.2581   3.190915    31.9865        526     2.1875  0.000e+00
     10.206     6.2602   3.191117    31.9869        527     2.1917  0.000e+00
      9.998     6.2626   3.191544    31.9895        528     2.1958  0.000e+00
      9.778     6.2656   3.192877    32.0016        529     2.2000  0.000e+00
      9.566     6.2711   3.193910    32.0079        530     2.2042  0.000e+00
      9.355     6.2799   3.194154    32.0025        531     2.2083  0.000e+00
      9.143     6.2884   3.194515    31.9986        532     2.2125  0.000e+00
      8.924     6.2955   3.194558    31.9925        533     2.2167  0.000e+00
      8.712     6.3010   3.194784    31.9899        534     2.2208  0.000e+00
      8.511     6.3054   3.196361    32.0033        535     2.2250  0.000e+00
      8.301     6.3119   3.198490    32.0210        536     2.2292  0.000e+00
      8.098     6.3237   3.200741    32.0349        537     2.2333  0.000e+00
      7.881     6.3403   3.202362    32.0373        538     2.2375  0.000e+00
      7.671     6.3597   3.202809    32.0241        539     2.2417  0.000e+00
      7.470     6.3773   3.203604    32.0165        540     2.2458  0.000e+00
      7.272     6.3915   3.205312    32.0221        541     2.2500  0.000e+00
      7.070     6.4060   3.206530    32.0221        542     2.2542  0.000e+00
      6.863     6.4212   3.208097    32.0252        543     2.2583  0.000e+00
      6.659     6.4372   3.209463    32.0254        544     2.2625  0.000e+00
      6.467     6.4538   3.211294    32.0302        545     2.2667  0.000e+00
      6.273     6.4713   3.212740    32.0297        546     2.2708  0.000e+00
      6.074     6.4897   3.214168    32.0283        547     2.2750  0.000e+00
      5.879     6.5080   3.215841    32.0297        548     2.2792  0.000e+00
      5.674     6.5263   3.218158    32.0382        549     2.2833  0.000e+00
      5.473     6.5457   3.219654    32.0366        550     2.2875  0.000e+00
      5.278     6.5661   3.219985    32.0212        551     2.2917  0.000e+00
      5.082     6.5829   3.221064    32.0174        552     2.2958  0.000e+00
      4.885     6.5971   3.224322    32.0401        553     2.3000  0.000e+00
      4.682     6.6151   3.227985    32.0636        554     2.3042  0.000e+00
      4.494     6.6411   3.232394    32.0878        555     2.3083  0.000e+00
      4.302     6.6757   3.235041    32.0847        556     2.3125  0.000e+00
      4.114     6.7130   3.236810    32.0692        557     2.3167  0.000e+00
      3.920     6.7472   3.237843    32.0486        558     2.3208  0.000e+00
      3.721     6.7751   3.239938    32.0456        559     2.3250  0.000e+00
      3.524     6.7990   3.244365    32.0719        560     2.3292  0.000e+00
      3.332     6.8274   3.247398    32.0786        561     2.3333  0.000e+00
      3.140     6.8607   3.249293    32.0683        562     2.3375  0.000e+00
      2.941     6.8925   3.251835    32.0665        563     2.3417  0.000e+00
      2.735     6.9229   3.254907    32.0717        564     2.3458  0.000e+00
      2.530     6.9541   3.261006    32.1093        565     2.3500  0.000e+00
      2.334     6.9929   3.272372    32.1971        566     2.3542  0.000e+00
      2.140     7.0557   3.303032    32.4724        567     2.3583  0.000e+00
      1.952     7.1843   3.314013    32.4709        568     2.3625  0.000e+00
      1.759     7.3499   3.335367    32.5468        569     2.3667  0.000e+00
      1.581     7.5267   3.351882    32.5591        570     2.3708  0.000e+00
      1.396     7.7241   3.356441    32.4237        571     2.3750  0.000e+00
      1.214     7.9009   3.357474    32.2708        572     2.3792  0.000e+00
      1.015     8.0282   3.360478    32.1855        573     2.3833  0.000e+00
      0.868     8.1165   3.357621    32.0743        574     2.3875  0.000e+00
      0.793     8.1713   3.356480    32.0121        575     2.3917  0.000e+00
      0.790     8.1981   3.355302    31.9752        576     2.3958  0.000e+00
      0.811     8.2080   3.355906    31.9726        577     2.4000  0.000e+00
      0.829     8.2103   3.356741    31.9793        578     2.4042  0.000e+00
      0.827     8.2145   3.356442    31.9723        579     2.4083  0.000e+00
      0.816     8.2166   3.355177    31.9571        580     2.4125  0.000e+00
      0.821     8.2150   3.354791    31.9545        581     2.4167  0.000e+00
      0.855     8.2103   3.355152    31.9626        582     2.4208  0.000e+00
      0.877     8.2066   3.355152    31.9659        583     2.4250  0.000e+00
      0.879     8.2053   3.356561    31.9820        584     2.4292  0.000e+00
      0.849     8.2063   3.356548    31.9810        585     2.4333  0.000e+00
      0.828     8.2093   3.357489    31.9881        586     2.4375  0.000e+00
      0.819     8.2142   3.356517    31.9734        587     2.4417  0.000e+00
      0.821     8.2169   3.355626    31.9616        588     2.4458  0.000e+00
      0.821     8.2154   3.355601    31.9627        589     2.4500  0.000e+00
      0.828     8.2126   3.356162    31.9711        590     2.4542  0.000e+00
      0.839     8.2111   3.356049    31.9713        591     2.4583  0.000e+00
      0.854     8.2109   3.356567    31.9769        592     2.4625  0.000e+00
      0.860     8.2114   3.356997    31.9810        593     2.4667  0.000e+00
      0.864     8.2138   3.357782    31.9872        594     2.4708  0.000e+00
      0.857     8.2181   3.358131    31.9869        595     2.4750  0.000e+00
      0.844     8.2230   3.358088    31.9820        596     2.4792  0.000e+00
      0.841     8.2264   3.357938    31.9773        597     2.4833  0.000e+00
      0.824     8.2285   3.357601    31.9719        598     2.4875  0.000e+00
      0.824     8.2287   3.356866    31.9639        599     2.4917  0.000e+00
      0.824     8.2267   3.355582    31.9522        600     2.4958  0.000e+00
      0.826     8.2213   3.354255    31.9431        601     2.5000  0.000e+00
      0.827     8.2128   3.354167    31.9499        602     2.5042  0.000e+00
      0.833     8.2035   3.354037    31.9570        603     2.5083  0.000e+00
      0.836     8.1961   3.355028    31.9741        604     2.5125  0.000e+00
      0.831     8.1936   3.355807    31.9847        605     2.5167  0.000e+00
      0.836     8.1956   3.356311    31.9882        606     2.5208  0.000e+00
