HB2502/sbe059.cnv
* Sea-Bird SBE 19plus V2 Data File:
* FileName = C:\cruise\data\sbe059.hex
* Software Version Seasave V 7.26.7.121
* Temperature SN = 6128
* Conductivity SN = 6128
* System UpLoad Time = Apr 04 2025 03:35:32
* NMEA Latitude = 39 53.52 N
* NMEA Longitude = 072 33.43 W
* NMEA UTC (Time) = Apr 04 2025  03:34:36
** Ship: Henry Bigelow
** Cruise:  HB2502
** Program:  Spring Bottom Trawl
# nquan = 7
# nvalues = 1536                                  
# units = specified
# name 0 = depSM: Depth [salt water, m]
# name 1 = tv290C: Temperature [ITS-90, deg C]
# name 2 = c0S/m: Conductivity [S/m]
# name 3 = sal00: Salinity, Practical [PSU]
# name 4 = scan: Scan Count
# name 5 = timeM: Time, Elapsed [minutes]
# name 6 = flag:  0.000e+00
# span 0 =     -0.040,     62.636                 
# span 1 =     6.4437,    10.7720                 
# span 2 =   0.009924,   3.670958                 
# span 3 =     0.0652,    35.0333                 
# span 4 =         11,       1546                 
# span 5 =     0.0417,     6.4375                 
# span 6 = 0.0000e+00, 0.0000e+00                 
# interval = seconds: 0.25
# start_time = Apr 04 2025 03:34:36 [NMEA time, header]
# bad_flag = -9.990e-29
*END*
[from data line 821]
     41.925     6.4946   3.314734    33.1185        832     3.4625  0.000e+00
     41.822     6.4951   3.314796    33.1187        833     3.4667  0.000e+00
     41.739     6.4957   3.314840    33.1186        834     3.4708  0.000e+00
     41.661     6.4965   3.314864    33.1182        835     3.4750  0.000e+00
     41.611     6.4972   3.314864    33.1175        836     3.4792  0.000e+00
     41.557     6.4983   3.314877    33.1166        837     3.4833  0.000e+00
     41.512     6.4990   3.314901    33.1163        838     3.4875  0.000e+00
     41.474     6.4994   3.314901    33.1159        839     3.4917  0.000e+00
     41.425     6.4997   3.314895    33.1155        840     3.4958  0.000e+00
     41.393     6.4999   3.314883    33.1152        841     3.5000  0.000e+00
     41.355     6.5001   3.314883    33.1150        842     3.5042  0.000e+00
     41.322     6.5002   3.314877    33.1148        843     3.5083  0.000e+00
     41.288     6.5004   3.314901    33.1150        844     3.5125  0.000e+00
     41.253     6.5002   3.314901    33.1152        845     3.5167  0.000e+00
     41.219     6.5002   3.314895    33.1151        846     3.5208  0.000e+00
     41.191     6.5003   3.314901    33.1151        847     3.5250  0.000e+00
     41.157     6.5004   3.314901    33.1151        848     3.5292  0.000e+00
     41.125     6.5002   3.314895    33.1151        849     3.5333  0.000e+00
     41.095     6.5003   3.314864    33.1148        850     3.5375  0.000e+00
     41.056     6.5005   3.314926    33.1152        851     3.5417  0.000e+00
     41.014     6.5005   3.314895    33.1150        852     3.5458  0.000e+00
     40.965     6.5005   3.314864    33.1146        853     3.5500  0.000e+00
     40.897     6.5004   3.314883    33.1149        854     3.5542  0.000e+00
     40.832     6.5005   3.314895    33.1150        855     3.5583  0.000e+00
     40.740     6.5004   3.314926    33.1155        856     3.5625  0.000e+00
     40.645     6.5006   3.315007    33.1162        857     3.5667  0.000e+00
     40.543     6.5018   3.314858    33.1135        858     3.5708  0.000e+00
     40.429     6.5024   3.314864    33.1131        859     3.5750  0.000e+00
     40.317     6.5024   3.314882    33.1133        860     3.5792  0.000e+00
     40.212     6.5021   3.315019    33.1152        861     3.5833  0.000e+00
     40.120     6.5026   3.314864    33.1130        862     3.5875  0.000e+00
     40.039     6.5029   3.314864    33.1128        863     3.5917  0.000e+00
     39.975     6.5025   3.314858    33.1131        864     3.5958  0.000e+00
     39.919     6.5024   3.314864    33.1133        865     3.6000  0.000e+00
     39.880     6.5024   3.314864    33.1133        866     3.6042  0.000e+00
     39.848     6.5024   3.314857    33.1132        867     3.6083  0.000e+00
     39.824     6.5024   3.314839    33.1130        868     3.6125  0.000e+00
     39.800     6.5024   3.314864    33.1134        869     3.6167  0.000e+00
     39.773     6.5027   3.314876    33.1133        870     3.6208  0.000e+00
     39.742     6.5027   3.314882    33.1133        871     3.6250  0.000e+00
     39.708     6.5026   3.314864    33.1132        872     3.6292  0.000e+00
     39.664     6.5028   3.314876    33.1131        873     3.6333  0.000e+00
     39.614     6.5029   3.314901    33.1134        874     3.6375  0.000e+00
     39.571     6.5031   3.314944    33.1137        875     3.6417  0.000e+00
     39.511     6.5036   3.314975    33.1136        876     3.6458  0.000e+00
     39.459     6.5039   3.315006    33.1136        877     3.6500  0.000e+00
     39.402     6.5046   3.314969    33.1126        878     3.6542  0.000e+00
     39.343     6.5048   3.315037    33.1131        879     3.6583  0.000e+00
     39.286     6.5055   3.315093    33.1131        880     3.6625  0.000e+00
     39.221     6.5060   3.315198    33.1138        881     3.6667  0.000e+00
     39.161     6.5068   3.315316    33.1145        882     3.6708  0.000e+00
     39.099     6.5079   3.315496    33.1153        883     3.6750  0.000e+00
     39.025     6.5096   3.315893    33.1182        884     3.6792  0.000e+00
     38.974     6.5121   3.317084    33.1290        885     3.6833  0.000e+00
     38.914     6.5176   3.319008    33.1449        886     3.6875  0.000e+00
     38.858     6.5291   3.320634    33.1518        887     3.6917  0.000e+00
     38.808     6.5433   3.322173    33.1551        888     3.6958  0.000e+00
     38.762     6.5603   3.322793    33.1455        889     3.7000  0.000e+00
     38.719     6.5752   3.323048    33.1339        890     3.7042  0.000e+00
     38.666     6.5867   3.323097    33.1233        891     3.7083  0.000e+00
     38.621     6.5946   3.323197    33.1168        892     3.7125  0.000e+00
     38.567     6.5997   3.323240    33.1123        893     3.7167  0.000e+00
     38.508     6.6032   3.323420    33.1110        894     3.7208  0.000e+00
     38.441     6.6060   3.323619    33.1105        895     3.7250  0.000e+00
     38.366     6.6086   3.323898    33.1111        896     3.7292  0.000e+00
     38.286     6.6114   3.324469    33.1148        897     3.7333  0.000e+00
     38.201     6.6152   3.324848    33.1153        898     3.7375  0.000e+00
     38.120     6.6196   3.325009    33.1128        899     3.7417  0.000e+00
     38.031     6.6237   3.324935    33.1081        900     3.7458  0.000e+00
     37.944     6.6266   3.324997    33.1061        901     3.7500  0.000e+00
     37.872     6.6282   3.325028    33.1049        902     3.7542  0.000e+00
     37.797     6.6297   3.325065    33.1039        903     3.7583  0.000e+00
     37.732     6.6306   3.325084    33.1033        904     3.7625  0.000e+00
     37.676     6.6313   3.325108    33.1028        905     3.7667  0.000e+00
     37.630     6.6320   3.325127    33.1024        906     3.7708  0.000e+00
     37.587     6.6326   3.325189    33.1025        907     3.7750  0.000e+00
     37.547     6.6333   3.325233    33.1024        908     3.7792  0.000e+00
     37.520     6.6335   3.325208    33.1018        909     3.7833  0.000e+00
     37.505     6.6343   3.325276    33.1018        910     3.7875  0.000e+00
     37.496     6.6347   3.325270    33.1014        911     3.7917  0.000e+00
     37.487     6.6349   3.325232    33.1008        912     3.7958  0.000e+00
     37.479     6.6348   3.325251    33.1011        913     3.8000  0.000e+00
     37.465     6.6349   3.325251    33.1010        914     3.8042  0.000e+00
     37.439     6.6350   3.325338    33.1019        915     3.8083  0.000e+00
     37.392     6.6352   3.325456    33.1030        916     3.8125  0.000e+00
     37.325     6.6363   3.325680    33.1045        917     3.8167  0.000e+00
     37.240     6.6379   3.325847    33.1048        918     3.8208  0.000e+00
     37.131     6.6406   3.326437    33.1088        919     3.8250  0.000e+00
     37.004     6.6445   3.327182    33.1133        920     3.8292  0.000e+00
     36.871     6.6504   3.328561    33.1229        921     3.8333  0.000e+00
     36.717     6.6600   3.332694    33.1593        922     3.8375  0.000e+00
     36.563     6.6783   3.335298    33.1703        923     3.8417  0.000e+00
     36.407     6.7040   3.336112    33.1545        924     3.8458  0.000e+00
     36.268     6.7276   3.337213    33.1439        925     3.8500  0.000e+00
     36.151     6.7474   3.338363    33.1375        926     3.8542  0.000e+00
     36.067     6.7643   3.340702    33.1469        927     3.8583  0.000e+00
     35.998     6.7832   3.341710    33.1398        928     3.8625  0.000e+00
     35.963     6.8011   3.344149    33.1493        929     3.8667  0.000e+00
     35.945     6.8199   3.345381    33.1447        930     3.8708  0.000e+00
     35.943     6.8372   3.346427    33.1395        931     3.8750  0.000e+00
     35.959     6.8533   3.346825    33.1283        932     3.8792  0.000e+00
     35.970     6.8670   3.348606    33.1346        933     3.8833  0.000e+00
     35.988     6.8798   3.348855    33.1250        934     3.8875  0.000e+00
     36.004     6.8912   3.347304    33.0970        935     3.8917  0.000e+00
     36.009     6.8956   3.345810    33.0764        936     3.8958  0.000e+00
     36.013     6.8924   3.345281    33.0736        937     3.9000  0.000e+00
     36.006     6.8862   3.345704    33.0843        938     3.9042  0.000e+00
     35.988     6.8820   3.346868    33.1011        939     3.9083  0.000e+00
     35.961     6.8823   3.348201    33.1154        940     3.9125  0.000e+00
     35.925     6.8875   3.349608    33.1259        941     3.9167  0.000e+00
     35.867     6.8964   3.351408    33.1371        942     3.9208  0.000e+00
     35.801     6.9087   3.354106    33.1548        943     3.9250  0.000e+00
     35.723     6.9258   3.357402    33.1745        944     3.9292  0.000e+00
     35.629     6.9492   3.361617    33.1982        945     3.9333  0.000e+00
     35.530     6.9785   3.368280    33.2429        946     3.9375  0.000e+00
     35.419     7.0190   3.370671    33.2301        947     3.9417  0.000e+00
     35.311     7.0602   3.371082    33.1948        948     3.9458  0.000e+00
     35.202     7.0920   3.372562    33.1805        949     3.9500  0.000e+00
     35.095     7.1159   3.373167    33.1641        950     3.9542  0.000e+00
     35.006     7.1343   3.373298    33.1479        951     3.9583  0.000e+00
     34.921     7.1468   3.373741    33.1407        952     3.9625  0.000e+00
     34.852     7.1562   3.374741    33.1426        953     3.9667  0.000e+00
     34.792     7.1651   3.375009    33.1371        954     3.9708  0.000e+00
     34.742     7.1727   3.375715    33.1375        955     3.9750  0.000e+00
     34.706     7.1798   3.376358    33.1377        956     3.9792  0.000e+00
     34.665     7.1871   3.376833    33.1358        957     3.9833  0.000e+00
     34.633     7.1939   3.377289    33.1343        958     3.9875  0.000e+00
     34.595     7.1999   3.377164    33.1272        959     3.9917  0.000e+00
     34.562     7.2045   3.376858    33.1195        960     3.9958  0.000e+00
     34.524     7.2064   3.375727    33.1054        961     4.0000  0.000e+00
     34.489     7.2056   3.375021    33.0985        962     4.0042  0.000e+00
     34.451     7.2024   3.374640    33.0975        963     4.0083  0.000e+00
     34.411     7.1986   3.374440    33.0989        964     4.0125  0.000e+00
     34.369     7.1957   3.374440    33.1017        965     4.0167  0.000e+00
     34.323     7.1935   3.374528    33.1047        966     4.0208  0.000e+00
     34.275     7.1925   3.374459    33.1051        967     4.0250  0.000e+00
     34.226     7.1921   3.373940    33.0998        968     4.0292  0.000e+00
     34.174     7.1913   3.373435    33.0951        969     4.0333  0.000e+00
     34.118     7.1895   3.373210    33.0943        970     4.0375  0.000e+00
     34.061     7.1875   3.373147    33.0956        971     4.0417  0.000e+00
     33.991     7.1861   3.373035    33.0958        972     4.0458  0.000e+00
     33.922     7.1849   3.373022    33.0969        973     4.0500  0.000e+00
     33.857     7.1846   3.373122    33.0983        974     4.0542  0.000e+00
     33.793     7.1846   3.373166    33.0987        975     4.0583  0.000e+00
     33.732     7.1853   3.373228    33.0988        976     4.0625  0.000e+00
     33.676     7.1858   3.373210    33.0981        977     4.0667  0.000e+00
     33.633     7.1865   3.373253    33.0980        978     4.0708  0.000e+00
     33.589     7.1867   3.373341    33.0987        979     4.0750  0.000e+00
     33.549     7.1872   3.373328    33.0982        980     4.0792  0.000e+00
     33.513     7.1876   3.373384    33.0984        981     4.0833  0.000e+00
     33.480     7.1881   3.373453    33.0987        982     4.0875  0.000e+00
     33.449     7.1888   3.373491    33.0984        983     4.0917  0.000e+00
     33.428     7.1891   3.373516    33.0984        984     4.0958  0.000e+00
     33.403     7.1897   3.373534    33.0981        985     4.1000  0.000e+00
     33.388     7.1901   3.373497    33.0973        986     4.1042  0.000e+00
     33.375     7.1904   3.373447    33.0965        987     4.1083  0.000e+00
     33.364     7.1905   3.373534    33.0974        988     4.1125  0.000e+00
     33.344     7.1907   3.373703    33.0990        989     4.1167  0.000e+00
     33.322     7.1915   3.373903    33.1004        990     4.1208  0.000e+00
     33.280     7.1927   3.373965    33.0999        991     4.1250  0.000e+00
     33.233     7.1941   3.374046    33.0995        992     4.1292  0.000e+00
     33.184     7.1952   3.374140    33.0995        993     4.1333  0.000e+00
     33.123     7.1965   3.374190    33.0989        994     4.1375  0.000e+00
     33.051     7.1972   3.374265    33.0990        995     4.1417  0.000e+00
     32.975     7.1982   3.374315    33.0986        996     4.1458  0.000e+00
     32.895     7.1992   3.374396    33.0986        997     4.1500  0.000e+00
     32.819     7.2001   3.374233    33.0960        998     4.1542  0.000e+00
     32.737     7.2008   3.374221    33.0952        999     4.1583  0.000e+00
     32.669     7.2010   3.373865    33.0912       1000     4.1625  0.000e+00
     32.602     7.2004   3.372928    33.0816       1001     4.1667  0.000e+00
     32.546     7.1977   3.371935    33.0734       1002     4.1708  0.000e+00
     32.504     7.1929   3.372041    33.0792       1003     4.1750  0.000e+00
     32.470     7.1879   3.371829    33.0816       1004     4.1792  0.000e+00
     32.445     7.1849   3.371736    33.0836       1005     4.1833  0.000e+00
     32.421     7.1826   3.371380    33.0819       1006     4.1875  0.000e+00
     32.403     7.1799   3.370543    33.0753       1007     4.1917  0.000e+00
     32.384     7.1766   3.369825    33.0708       1008     4.1958  0.000e+00
     32.365     7.1717   3.370137    33.0788       1009     4.2000  0.000e+00
     32.339     7.1680   3.369869    33.0794       1010     4.2042  0.000e+00
     32.309     7.1657   3.369625    33.0790       1011     4.2083  0.000e+00
     32.252     7.1634   3.368620    33.0704       1012     4.2125  0.000e+00
     32.204     7.1596   3.367578    33.0626       1013     4.2167  0.000e+00
     32.134     7.1542   3.366767    33.0590       1014     4.2208  0.000e+00
     32.060     7.1475   3.365744    33.0543       1015     4.2250  0.000e+00
     31.989     7.1399   3.365950    33.0639       1016     4.2292  0.000e+00
     31.922     7.1340   3.365694    33.0667       1017     4.2333  0.000e+00
     31.853     7.1302   3.365600    33.0695       1018     4.2375  0.000e+00
     31.793     7.1270   3.365245    33.0687       1019     4.2417  0.000e+00
     31.735     7.1244   3.365207    33.0708       1020     4.2458  0.000e+00
     31.684     7.1221   3.365563    33.0769       1021     4.2500  0.000e+00
     31.634     7.1211   3.365575    33.0779       1022     4.2542  0.000e+00
     31.591     7.1218   3.365631    33.0779       1023     4.2583  0.000e+00
     31.555     7.1220   3.365575    33.0772       1024     4.2625  0.000e+00
     31.514     7.1223   3.365606    33.0772       1025     4.2667  0.000e+00
     31.482     7.1227   3.365600    33.0768       1026     4.2708  0.000e+00
     31.453     7.1229   3.365482    33.0754       1027     4.2750  0.000e+00
     31.431     7.1226   3.365457    33.0753       1028     4.2792  0.000e+00
     31.402     7.1222   3.365513    33.0763       1029     4.2833  0.000e+00
     31.372     7.1219   3.365756    33.0793       1030     4.2875  0.000e+00
     31.338     7.1227   3.365862    33.0797       1031     4.2917  0.000e+00
     31.298     7.1236   3.365825    33.0785       1032     4.2958  0.000e+00
     31.255     7.1242   3.365800    33.0776       1033     4.3000  0.000e+00
     31.203     7.1247   3.366105    33.0805       1034     4.3042  0.000e+00
     31.156     7.1256   3.366105    33.0797       1035     4.3083  0.000e+00
