HB2502/sbe019.cnv
* Sea-Bird SBE 19plus V2 Data File:
* FileName = C:\cruise\data\sbe019.hex
* Software Version Seasave V 7.26.7.121
* Temperature SN = 6128
* Conductivity SN = 6128
* System UpLoad Time = Mar 13 2025 18:35:37
* NMEA Latitude = 35 32.14 N
* NMEA Longitude = 075 05.45 W
* NMEA UTC (Time) = Mar 13 2025  18:34:20
** Ship: Henry Bigelow
** Cruise:  HB2502
** Program:  Spring Bottom Trawl
# nquan = 7
# nvalues = 1189                                  
# units = specified
# name 0 = depSM: Depth [salt water, m]
# name 1 = tv290C: Temperature [ITS-90, deg C]
# name 2 = c0S/m: Conductivity [S/m]
# name 3 = sal00: Salinity, Practical [PSU]
# name 4 = scan: Scan Count
# name 5 = timeM: Time, Elapsed [minutes]
# name 6 = flag:  0.000e+00
# span 0 =     -0.071,     32.244                 
# span 1 =    14.8831,    18.2697                 
# span 2 =   0.006066,   4.593458                 
# span 3 =     0.0368,    36.4387                 
# span 4 =         11,       1199                 
# span 5 =     0.0417,     4.9917                 
# span 6 = 0.0000e+00, 0.0000e+00                 
# interval = seconds: 0.25
# start_time = Mar 13 2025 18:34:20 [NMEA time, header]
# bad_flag = -9.990e-29
*END*
[from data line 206]
      8.652    16.0305   4.477799    35.7499        217     0.9000  0.000e+00
      8.860    15.9413   4.476728    35.8208        218     0.9042  0.000e+00
      9.043    15.8684   4.471302    35.8381        219     0.9083  0.000e+00
      9.195    15.8068   4.467082    35.8561        220     0.9125  0.000e+00
      9.313    15.7518   4.464423    35.8821        221     0.9167  0.000e+00
      9.405    15.7040   4.464893    35.9298        222     0.9208  0.000e+00
      9.483    15.6669   4.468358    35.9950        223     0.9250  0.000e+00
      9.570    15.6455   4.471697    36.0446        224     0.9292  0.000e+00
      9.678    15.6301   4.467392    36.0198        225     0.9333  0.000e+00
      9.781    15.6070   4.461795    35.9904        226     0.9375  0.000e+00
      9.897    15.5825   4.459641    35.9932        227     0.9417  0.000e+00
     10.007    15.5589   4.458340    36.0030        228     0.9458  0.000e+00
     10.138    15.5381   4.459299    36.0306        229     0.9500  0.000e+00
     10.273    15.5227   4.462447    36.0733        230     0.9542  0.000e+00
     10.423    15.5130   4.464868    36.1041        231     0.9583  0.000e+00
     10.588    15.5070   4.466744    36.1265        232     0.9625  0.000e+00
     10.764    15.4990   4.458314    36.0574        233     0.9667  0.000e+00
     10.943    15.4884   4.452525    36.0146        234     0.9708  0.000e+00
     11.136    15.4777   4.448814    35.9907        235     0.9750  0.000e+00
     11.331    15.4696   4.445706    35.9698        236     0.9792  0.000e+00
     11.534    15.4639   4.443736    35.9571        237     0.9833  0.000e+00
     11.739    15.4581   4.441949    35.9461        238     0.9875  0.000e+00
     11.947    15.4519   4.439540    35.9298        239     0.9917  0.000e+00
     12.150    15.4449   4.437991    35.9221        240     0.9958  0.000e+00
     12.342    15.4384   4.437091    35.9198        241     1.0000  0.000e+00
     12.519    15.4332   4.436212    35.9166        242     1.0042  0.000e+00
     12.684    15.4284   4.435381    35.9133        243     1.0083  0.000e+00
     12.833    15.4237   4.434865    35.9128        244     1.0125  0.000e+00
     12.969    15.4190   4.434077    35.9100        245     1.0167  0.000e+00
     13.104    15.4157   4.433812    35.9105        246     1.0208  0.000e+00
     13.237    15.4118   4.433526    35.9114        247     1.0250  0.000e+00
     13.358    15.4066   4.433679    35.9175        248     1.0292  0.000e+00
     13.488    15.4006   4.434377    35.9293        249     1.0333  0.000e+00
     13.624    15.3949   4.435305    35.9430        250     1.0375  0.000e+00
     13.763    15.3889   4.435306    35.9484        251     1.0417  0.000e+00
     13.906    15.3840   4.434685    35.9472        252     1.0458  0.000e+00
     14.049    15.3798   4.434071    35.9454        253     1.0500  0.000e+00
     14.196    15.3765   4.433296    35.9413        254     1.0542  0.000e+00
     14.350    15.3744   4.432341    35.9345        255     1.0583  0.000e+00
     14.489    15.3731   4.431587    35.9288        256     1.0625  0.000e+00
     14.639    15.3719   4.430792    35.9226        257     1.0667  0.000e+00
     14.780    15.3703   4.429537    35.9126        258     1.0708  0.000e+00
     14.923    15.3678   4.428623    35.9065        259     1.0750  0.000e+00
     15.062    15.3650   4.427877    35.9023        260     1.0792  0.000e+00
     15.196    15.3622   4.427515    35.9014        261     1.0833  0.000e+00
     15.334    15.3593   4.426999    35.8994        262     1.0875  0.000e+00
     15.464    15.3559   4.426560    35.8984        263     1.0917  0.000e+00
     15.593    15.3526   4.426281    35.8989        264     1.0958  0.000e+00
     15.729    15.3497   4.426149    35.9003        265     1.1000  0.000e+00
     15.861    15.3469   4.426205    35.9033        266     1.1042  0.000e+00
     16.006    15.3446   4.426128    35.9046        267     1.1083  0.000e+00
     16.149    15.3428   4.425717    35.9025        268     1.1125  0.000e+00
     16.294    15.3406   4.425054    35.8985        269     1.1167  0.000e+00
     16.444    15.3371   4.424113    35.8930        270     1.1208  0.000e+00
     16.596    15.3334   4.423166    35.8877        271     1.1250  0.000e+00
     16.750    15.3280   4.421981    35.8818        272     1.1292  0.000e+00
     16.904    15.3199   4.420643    35.8770        273     1.1333  0.000e+00
     17.063    15.3106   4.418971    35.8703        274     1.1375  0.000e+00
     17.219    15.3022   4.417585    35.8653        275     1.1417  0.000e+00
     17.368    15.2935   4.416477    35.8631        276     1.1458  0.000e+00
     17.515    15.2850   4.415551    35.8624        277     1.1500  0.000e+00
     17.650    15.2764   4.414500    35.8607        278     1.1542  0.000e+00
     17.781    15.2675   4.413204    35.8570        279     1.1583  0.000e+00
     17.897    15.2580   4.412292    35.8573        280     1.1625  0.000e+00
     18.018    15.2490   4.411603    35.8593        281     1.1667  0.000e+00
     18.128    15.2410   4.411193    35.8628        282     1.1708  0.000e+00
     18.239    15.2333   4.410907    35.8672        283     1.1750  0.000e+00
     18.351    15.2265   4.410727    35.8717        284     1.1792  0.000e+00
     18.471    15.2205   4.410574    35.8758        285     1.1833  0.000e+00
     18.595    15.2159   4.410783    35.8819        286     1.1875  0.000e+00
     18.724    15.2116   4.410950    35.8873        287     1.1917  0.000e+00
     18.864    15.2081   4.410804    35.8891        288     1.1958  0.000e+00
     19.010    15.2047   4.410115    35.8859        289     1.2000  0.000e+00
     19.160    15.2017   4.408959    35.8781        290     1.2042  0.000e+00
     19.311    15.1980   4.407985    35.8725        291     1.2083  0.000e+00
     19.468    15.1936   4.406830    35.8660        292     1.2125  0.000e+00
     19.622    15.1889   4.405347    35.8566        293     1.2167  0.000e+00
     19.781    15.1839   4.403615    35.8454        294     1.2208  0.000e+00
     19.933    15.1783   4.401939    35.8351        295     1.2250  0.000e+00
     20.075    15.1723   4.400819    35.8304        296     1.2292  0.000e+00
     20.209    15.1650   4.399560    35.8256        297     1.2333  0.000e+00
     20.330    15.1561   4.398031    35.8197        298     1.2375  0.000e+00
     20.439    15.1469   4.397495    35.8232        299     1.2417  0.000e+00
     20.549    15.1394   4.397183    35.8272        300     1.2458  0.000e+00
     20.654    15.1329   4.397238    35.8336        301     1.2500  0.000e+00
     20.761    15.1271   4.397364    35.8400        302     1.2542  0.000e+00
     20.873    15.1228   4.397030    35.8409        303     1.2583  0.000e+00
     20.991    15.1194   4.396981    35.8435        304     1.2625  0.000e+00
     21.104    15.1167   4.397086    35.8469        305     1.2667  0.000e+00
     21.231    15.1145   4.396982    35.8479        306     1.2708  0.000e+00
     21.363    15.1126   4.396544    35.8456        307     1.2750  0.000e+00
     21.495    15.1108   4.395883    35.8412        308     1.2792  0.000e+00
     21.630    15.1092   4.395272    35.8369        309     1.2833  0.000e+00
     21.768    15.1076   4.394403    35.8305        310     1.2875  0.000e+00
     21.910    15.1049   4.393659    35.8261        311     1.2917  0.000e+00
     22.047    15.1019   4.393047    35.8232        312     1.2958  0.000e+00
     22.187    15.0986   4.392318    35.8195        313     1.3000  0.000e+00
     22.330    15.0937   4.390956    35.8115        314     1.3042  0.000e+00
     22.476    15.0881   4.389962    35.8074        315     1.3083  0.000e+00
     22.625    15.0819   4.389066    35.8049        316     1.3125  0.000e+00
     22.764    15.0760   4.388073    35.8012        317     1.3167  0.000e+00
     22.905    15.0689   4.387135    35.7991        318     1.3208  0.000e+00
     23.053    15.0621   4.386177    35.7965        319     1.3250  0.000e+00
     23.192    15.0547   4.385455    35.7966        320     1.3292  0.000e+00
     23.337    15.0470   4.383615    35.7868        321     1.3333  0.000e+00
     23.480    15.0388   4.371165    35.6804        322     1.3375  0.000e+00
     23.632    15.0241   4.367136    35.6570        323     1.3417  0.000e+00
     23.772    15.0040   4.366478    35.6692        324     1.3458  0.000e+00
     23.915    14.9880   4.365965    35.6791        325     1.3500  0.000e+00
     24.049    14.9764   4.365334    35.6840        326     1.3542  0.000e+00
     24.176    14.9676   4.364724    35.6864        327     1.3583  0.000e+00
     24.295    14.9606   4.364295    35.6888        328     1.3625  0.000e+00
     24.404    14.9548   4.364011    35.6915        329     1.3667  0.000e+00
     24.492    14.9501   4.363311    35.6893        330     1.3708  0.000e+00
     24.574    14.9456   4.362500    35.6859        331     1.3750  0.000e+00
     24.650    14.9404   4.360782    35.6750        332     1.3792  0.000e+00
     24.723    14.9327   4.360595    35.6803        333     1.3833  0.000e+00
     24.792    14.9257   4.360934    35.6898        334     1.3875  0.000e+00
     24.868    14.9226   4.361440    35.6972        335     1.3917  0.000e+00
     24.956    14.9222   4.361135    35.6948        336     1.3958  0.000e+00
     25.049    14.9214   4.360304    35.6879        337     1.4000  0.000e+00
     25.157    14.9192   4.360048    35.6875        338     1.4042  0.000e+00
     25.268    14.9168   4.359639    35.6858        339     1.4083  0.000e+00
     25.384    14.9144   4.359390    35.6857        340     1.4125  0.000e+00
     25.521    14.9119   4.359425    35.6883        341     1.4167  0.000e+00
     25.664    14.9104   4.359037    35.6861        342     1.4208  0.000e+00
     25.816    14.9086   4.358857    35.6859        343     1.4250  0.000e+00
     25.978    14.9069   4.358760    35.6866        344     1.4292  0.000e+00
     26.151    14.9050   4.358503    35.6859        345     1.4333  0.000e+00
     26.335    14.9035   4.358351    35.6858        346     1.4375  0.000e+00
     26.530    14.9020   4.358330    35.6868        347     1.4417  0.000e+00
     26.724    14.9009   4.358552    35.6899        348     1.4458  0.000e+00
     26.915    14.9006   4.358684    35.6912        349     1.4500  0.000e+00
     27.107    14.9008   4.358954    35.6934        350     1.4542  0.000e+00
     27.274    14.9016   4.359162    35.6945        351     1.4583  0.000e+00
     27.410    14.9028   4.359412    35.6956        352     1.4625  0.000e+00
     27.517    14.9042   4.359924    35.6990        353     1.4667  0.000e+00
     27.598    14.9062   4.360326    35.7009        354     1.4708  0.000e+00
     27.661    14.9084   4.360908    35.7042        355     1.4750  0.000e+00
     27.716    14.9110   4.361137    35.7039        356     1.4792  0.000e+00
     27.772    14.9137   4.361740    35.7069        357     1.4833  0.000e+00
     27.839    14.9166   4.363458    35.7199        358     1.4875  0.000e+00
     27.909    14.9222   4.365746    35.7357        359     1.4917  0.000e+00
     27.998    14.9318   4.369087    35.7576        360     1.4958  0.000e+00
     28.101    14.9453   4.369899    35.7526        361     1.5000  0.000e+00
     28.222    14.9572   4.369392    35.7369        362     1.5042  0.000e+00
     28.369    14.9639   4.369427    35.7310        363     1.5083  0.000e+00
     28.521    14.9678   4.370405    35.7364        364     1.5125  0.000e+00
     28.689    14.9714   4.371320    35.7414        365     1.5167  0.000e+00
     28.862    14.9764   4.372714    35.7495        366     1.5208  0.000e+00
     29.033    14.9825   4.374428    35.7595        367     1.5250  0.000e+00
     29.202    14.9902   4.377259    35.7783        368     1.5292  0.000e+00
     29.356    15.0007   4.379369    35.7879        369     1.5333  0.000e+00
     29.493    15.0123   4.382958    35.8101        370     1.5375  0.000e+00
     29.624    15.0269   4.389737    35.8586        371     1.5417  0.000e+00
     29.728    15.0508   4.394254    35.8780        372     1.5458  0.000e+00
     29.810    15.0774   4.398529    35.8925        373     1.5500  0.000e+00
     29.886    15.1057   4.408861    35.9609        374     1.5542  0.000e+00
     29.942    15.1435   4.416791    35.9985        375     1.5583  0.000e+00
     29.991    15.1876   4.426568    36.0471        376     1.5625  0.000e+00
     30.042    15.2359   4.429922    36.0332        377     1.5667  0.000e+00
     30.096    15.2788   4.438853    36.0750        378     1.5708  0.000e+00
     30.152    15.3228   4.440974    36.0538        379     1.5750  0.000e+00
     30.217    15.3595   4.442761    36.0363        380     1.5792  0.000e+00
     30.293    15.3860   4.442216    36.0070        381     1.5833  0.000e+00
     30.377    15.4020   4.443305    36.0021        382     1.5875  0.000e+00
     30.474    15.4131   4.444779    36.0052        383     1.5917  0.000e+00
     30.583    15.4223   4.444416    35.9935        384     1.5958  0.000e+00
     30.696    15.4276   4.445715    36.0004        385     1.6000  0.000e+00
     30.822    15.4323   4.447175    36.0093        386     1.6042  0.000e+00
     30.963    15.4380   4.447580    36.0076        387     1.6083  0.000e+00
     31.103    15.4434   4.447370    36.0007        388     1.6125  0.000e+00
     31.248    15.4466   4.448041    36.0038        389     1.6167  0.000e+00
     31.406    15.4491   4.448824    36.0085        390     1.6208  0.000e+00
     31.560    15.4528   4.450822    36.0232        391     1.6250  0.000e+00
     31.730    15.4588   4.452192    36.0300        392     1.6292  0.000e+00
     31.889    15.4657   4.453261    36.0333        393     1.6333  0.000e+00
     32.056    15.4726   4.453492    36.0290        394     1.6375  0.000e+00
     32.171    15.4783   4.455596    36.0428        395     1.6417  0.000e+00
     32.233    15.4851   4.456715    36.0467        396     1.6458  0.000e+00
     32.244    15.4922   4.457155    36.0442        397     1.6500  0.000e+00
     32.226    15.4985   4.457596    36.0425        398     1.6542  0.000e+00
     32.210    15.5028   4.458246    36.0443        399     1.6583  0.000e+00
     32.211    15.5068   4.458791    36.0456        400     1.6625  0.000e+00
     32.213    15.5107   4.458658    36.0408        401     1.6667  0.000e+00
     32.181    15.5135   4.459260    36.0437        402     1.6708  0.000e+00
     32.119    15.5158   4.459833    36.0468        403     1.6750  0.000e+00
     32.042    15.5184   4.460400    36.0497        404     1.6792  0.000e+00
     31.958    15.5210   4.460665    36.0497        405     1.6833  0.000e+00
     31.866    15.5235   4.460714    36.0479        406     1.6875  0.000e+00
     31.768    15.5250   4.461078    36.0499        407     1.6917  0.000e+00
     31.658    15.5265   4.461316    36.0506        408     1.6958  0.000e+00
     31.547    15.5280   4.461211    36.0484        409     1.7000  0.000e+00
     31.440    15.5288   4.461260    36.0482        410     1.7042  0.000e+00
     31.335    15.5293   4.461134    36.0466        411     1.7083  0.000e+00
     31.234    15.5294   4.460637    36.0420        412     1.7125  0.000e+00
     31.141    15.5287   4.460301    36.0397        413     1.7167  0.000e+00
     31.064    15.5274   4.460378    36.0416        414     1.7208  0.000e+00
     30.993    15.5267   4.460483    36.0432        415     1.7250  0.000e+00
     30.939    15.5263   4.460581    36.0445        416     1.7292  0.000e+00
     30.883    15.5263   4.460301    36.0420        417     1.7333  0.000e+00
     30.854    15.5260   4.458734    36.0281        418     1.7375  0.000e+00
     30.825    15.5234   4.458944    36.0324        419     1.7417  0.000e+00
     30.799    15.5210   4.459000    36.0351        420     1.7458  0.000e+00
