HB2502/sbe065.cnv
* Sea-Bird SBE 19plus V2 Data File:
* FileName = C:\cruise\data\sbe065.hex
* Software Version Seasave V 7.26.7.121
* Temperature SN = 6128
* Conductivity SN = 6128
* System UpLoad Time = Apr 06 2025 02:35:50
* NMEA Latitude = 40 09.30 N
* NMEA Longitude = 070 33.46 W
* NMEA UTC (Time) = Apr 06 2025  02:34:57
** Ship: Henry Bigelow
** Cruise:  HB2502
** Program:  Spring Bottom Trawl
# nquan = 7
# nvalues = 1590                                  
# units = specified
# name 0 = depSM: Depth [salt water, m]
# name 1 = tv290C: Temperature [ITS-90, deg C]
# name 2 = c0S/m: Conductivity [S/m]
# name 3 = sal00: Salinity, Practical [PSU]
# name 4 = scan: Scan Count
# name 5 = timeM: Time, Elapsed [minutes]
# name 6 = flag:  0.000e+00
# span 0 =      0.119,    120.891                 
# span 1 =     5.0840,     8.5285                 
# span 2 =   0.253944,   3.571853                 
# span 3 =     2.0939,    33.9298                 
# span 4 =         11,       1600                 
# span 5 =     0.0417,     6.6625                 
# span 6 = 0.0000e+00, 0.0000e+00                 
# interval = seconds: 0.25
# start_time = Apr 06 2025 02:34:57 [NMEA time, header]
# bad_flag = -9.990e-29
*END*
[from data line 1026]
    105.849     8.2414   3.533815    33.7778       1037     4.3167  0.000e+00
    105.706     8.2377   3.533879    33.7821       1038     4.3208  0.000e+00
    105.552     8.2348   3.533663    33.7827       1039     4.3250  0.000e+00
    105.386     8.2328   3.533275    33.7806       1040     4.3292  0.000e+00
    105.199     8.2305   3.533185    33.7819       1041     4.3333  0.000e+00
    104.998     8.2285   3.532600    33.7777       1042     4.3375  0.000e+00
    104.781     8.2262   3.531754    33.7710       1043     4.3417  0.000e+00
    104.540     8.2226   3.531112    33.7678       1044     4.3458  0.000e+00
    104.285     8.2183   3.530699    33.7676       1045     4.3500  0.000e+00
    104.013     8.2139   3.530635    33.7713       1046     4.3542  0.000e+00
    103.729     8.2105   3.530165    33.7697       1047     4.3583  0.000e+00
    103.431     8.2074   3.529408    33.7648       1048     4.3625  0.000e+00
    103.134     8.2040   3.528696    33.7606       1049     4.3667  0.000e+00
    102.831     8.1996   3.528257    33.7603       1050     4.3708  0.000e+00
    102.534     8.1951   3.527157    33.7531       1051     4.3750  0.000e+00
    102.261     8.1897   3.524444    33.7295       1052     4.3792  0.000e+00
    101.993     8.1806   3.522309    33.7157       1053     4.3833  0.000e+00
    101.747     8.1675   3.522074    33.7259       1054     4.3875  0.000e+00
    101.526     8.1561   3.521337    33.7290       1055     4.3917  0.000e+00
    101.328     8.1473   3.518911    33.7118       1056     4.3958  0.000e+00
    101.166     8.1368   3.516733    33.6987       1057     4.4000  0.000e+00
    101.024     8.1236   3.514480    33.6875       1058     4.4042  0.000e+00
    100.894     8.1083   3.509626    33.6506       1059     4.4083  0.000e+00
    100.773     8.0875   3.507375    33.6466       1060     4.4125  0.000e+00
    100.659     8.0640   3.506297    33.6577       1061     4.4167  0.000e+00
    100.539     8.0445   3.505384    33.6668       1062     4.4208  0.000e+00
    100.410     8.0289   3.504205    33.6692       1063     4.4250  0.000e+00
    100.263     8.0163   3.502538    33.6636       1064     4.4292  0.000e+00
    100.099     8.0040   3.501783    33.6675       1065     4.4333  0.000e+00
     99.910     7.9930   3.500326    33.6625       1066     4.4375  0.000e+00
     99.698     7.9825   3.499179    33.6604       1067     4.4417  0.000e+00
     99.463     7.9722   3.498666    33.6650       1068     4.4458  0.000e+00
     99.205     7.9635   3.496848    33.6541       1069     4.4500  0.000e+00
     98.926     7.9542   3.494796    33.6412       1070     4.4542  0.000e+00
     98.634     7.9429   3.493960    33.6432       1071     4.4583  0.000e+00
     98.334     7.9313   3.490636    33.6190       1072     4.4625  0.000e+00
     98.044     7.9177   3.484992    33.5718       1073     4.4667  0.000e+00
     97.746     7.8950   3.474314    33.4793       1074     4.4708  0.000e+00
     97.471     7.8567   3.454245    33.3012       1075     4.4750  0.000e+00
     97.199     7.7813   3.420925    33.0160       1076     4.4792  0.000e+00
     96.955     7.6466   3.399326    32.9117       1077     4.4833  0.000e+00
     96.719     7.4789   3.386733    32.9350       1078     4.4875  0.000e+00
     96.502     7.3182   3.381976    33.0366       1079     4.4917  0.000e+00
     96.314     7.1887   3.378846    33.1265       1080     4.4958  0.000e+00
     96.129     7.0951   3.376510    33.1911       1081     4.5000  0.000e+00
     95.950     7.0298   3.374768    33.2351       1082     4.5042  0.000e+00
     95.777     6.9841   3.372626    33.2558       1083     4.5083  0.000e+00
     95.605     6.9505   3.369748    33.2569       1084     4.5125  0.000e+00
     95.424     6.9223   3.367720    33.2620       1085     4.5167  0.000e+00
     95.237     6.8975   3.365355    33.2601       1086     4.5208  0.000e+00
     95.056     6.8752   3.360047    33.2235       1087     4.5250  0.000e+00
     94.878     6.8480   3.354425    33.1882       1088     4.5292  0.000e+00
     94.703     6.8127   3.355198    33.2309       1089     4.5333  0.000e+00
     94.530     6.7855   3.354986    33.2550       1090     4.5375  0.000e+00
     94.361     6.7686   3.355871    33.2812       1091     4.5417  0.000e+00
     94.200     6.7607   3.355990    33.2902       1092     4.5458  0.000e+00
     94.039     6.7590   3.355834    33.2903       1093     4.5500  0.000e+00
     93.869     6.7590   3.354363    33.2741       1094     4.5542  0.000e+00
     93.704     6.7572   3.350276    33.2310       1095     4.5583  0.000e+00
     93.527     6.7473   3.346639    33.2006       1096     4.5625  0.000e+00
     93.338     6.7306   3.343440    33.1816       1097     4.5667  0.000e+00
     93.143     6.7089   3.340827    33.1740       1098     4.5708  0.000e+00
     92.922     6.6867   3.337319    33.1569       1099     4.5750  0.000e+00
     92.693     6.6633   3.332488    33.1264       1100     4.5792  0.000e+00
     92.435     6.6361   3.328772    33.1119       1101     4.5833  0.000e+00
     92.172     6.6051   3.325312    33.1037       1102     4.5875  0.000e+00
     91.904     6.5744   3.320718    33.0828       1103     4.5917  0.000e+00
     91.615     6.5418   3.315171    33.0532       1104     4.5958  0.000e+00
     91.309     6.5052   3.308859    33.0188       1105     4.6000  0.000e+00
     90.999     6.4609   3.298082    32.9425       1106     4.6042  0.000e+00
     90.702     6.4038   3.294245    32.9552       1107     4.6083  0.000e+00
     90.393     6.3449   3.291814    32.9853       1108     4.6125  0.000e+00
     90.092     6.2968   3.288271    32.9927       1109     4.6167  0.000e+00
     89.807     6.2559   3.286392    33.0116       1110     4.6208  0.000e+00
     89.537     6.2220   3.285428    33.0339       1111     4.6250  0.000e+00
     89.287     6.1968   3.288272    33.0902       1112     4.6292  0.000e+00
     89.064     6.1857   3.288964    33.1088       1113     4.6333  0.000e+00
     88.860     6.1865   3.290053    33.1203       1114     4.6375  0.000e+00
     88.675     6.1903   3.290411    33.1207       1115     4.6417  0.000e+00
     88.523     6.1962   3.290071    33.1112       1116     4.6458  0.000e+00
     88.396     6.2001   3.289700    33.1034       1117     4.6500  0.000e+00
     88.282     6.2007   3.290887    33.1161       1118     4.6542  0.000e+00
     88.181     6.2034   3.291895    33.1248       1119     4.6583  0.000e+00
     88.076     6.2091   3.291728    33.1174       1120     4.6625  0.000e+00
     87.995     6.2141   3.291283    33.1076       1121     4.6667  0.000e+00
     87.899     6.2159   3.289192    33.0826       1122     4.6708  0.000e+00
     87.788     6.2135   3.291202    33.1074       1123     4.6750  0.000e+00
     87.667     6.2120   3.291648    33.1139       1124     4.6792  0.000e+00
     87.517     6.2152   3.294493    33.1426       1125     4.6833  0.000e+00
     87.352     6.2243   3.294667    33.1357       1126     4.6875  0.000e+00
     87.156     6.2367   3.293175    33.1072       1127     4.6917  0.000e+00
     86.935     6.2433   3.292717    33.0957       1128     4.6958  0.000e+00
     86.673     6.2458   3.291393    33.0787       1129     4.7000  0.000e+00
     86.396     6.2440   3.290008    33.0651       1130     4.7042  0.000e+00
     86.097     6.2387   3.287918    33.0471       1131     4.7083  0.000e+00
     85.788     6.2292   3.286094    33.0361       1132     4.7125  0.000e+00
     85.462     6.2164   3.284277    33.0285       1133     4.7167  0.000e+00
     85.107     6.2020   3.281978    33.0170       1134     4.7208  0.000e+00
     84.767     6.1850   3.277345    32.9820       1135     4.7250  0.000e+00
     84.428     6.1619   3.270278    32.9257       1136     4.7292  0.000e+00
     84.114     6.1271   3.262033    32.8675       1137     4.7333  0.000e+00
     83.813     6.0784   3.255964    32.8470       1138     4.7375  0.000e+00
     83.543     6.0220   3.252510    32.8631       1139     4.7417  0.000e+00
     83.301     5.9703   3.249328    32.8777       1140     4.7458  0.000e+00
     83.105     5.9255   3.247494    32.9007       1141     4.7500  0.000e+00
     82.939     5.8895   3.243742    32.8937       1142     4.7542  0.000e+00
     82.799     5.8575   3.239622    32.8786       1143     4.7583  0.000e+00
     82.682     5.8237   3.237275    32.8851       1144     4.7625  0.000e+00
     82.575     5.7922   3.234792    32.8879       1145     4.7667  0.000e+00
     82.477     5.7639   3.231236    32.8754       1146     4.7708  0.000e+00
     82.377     5.7357   3.228406    32.8710       1147     4.7750  0.000e+00
     82.271     5.7072   3.227196    32.8852       1148     4.7792  0.000e+00
     82.146     5.6822   3.226411    32.9009       1149     4.7833  0.000e+00
     82.007     5.6632   3.225644    32.9108       1150     4.7875  0.000e+00
     81.838     5.6488   3.225067    32.9184       1151     4.7917  0.000e+00
     81.665     5.6384   3.224619    32.9236       1152     4.7958  0.000e+00
     81.469     5.6302   3.224171    32.9266       1153     4.8000  0.000e+00
     81.261     5.6236   3.223269    32.9230       1154     4.8042  0.000e+00
     81.031     5.6174   3.220895    32.9022       1155     4.8083  0.000e+00
     80.797     5.6083   3.218773    32.8873       1156     4.8125  0.000e+00
     80.562     5.5957   3.217645    32.8869       1157     4.8167  0.000e+00
     80.318     5.5833   3.216811    32.8898       1158     4.8208  0.000e+00
     80.079     5.5725   3.216235    32.8939       1159     4.8250  0.000e+00
     79.834     5.5637   3.215058    32.8893       1160     4.8292  0.000e+00
     79.595     5.5556   3.212772    32.8714       1161     4.8333  0.000e+00
     79.367     5.5455   3.210083    32.8509       1162     4.8375  0.000e+00
     79.133     5.5317   3.208068    32.8416       1163     4.8417  0.000e+00
     78.900     5.5162   3.207070    32.8456       1164     4.8458  0.000e+00
     78.665     5.5022   3.206482    32.8527       1165     4.8500  0.000e+00
     78.436     5.4909   3.205888    32.8571       1166     4.8542  0.000e+00
     78.206     5.4825   3.204651    32.8514       1167     4.8583  0.000e+00
     77.980     5.4743   3.202417    32.8341       1168     4.8625  0.000e+00
     77.747     5.4638   3.199150    32.8075       1169     4.8667  0.000e+00
     77.506     5.4479   3.197871    32.8086       1170     4.8708  0.000e+00
     77.265     5.4308   3.196110    32.8054       1171     4.8750  0.000e+00
     77.026     5.4146   3.194221    32.7998       1172     4.8792  0.000e+00
     76.780     5.3990   3.190761    32.7758       1173     4.8833  0.000e+00
     76.528     5.3822   3.187957    32.7605       1174     4.8875  0.000e+00
     76.282     5.3633   3.186381    32.7611       1175     4.8917  0.000e+00
     76.045     5.3459   3.185507    32.7683       1176     4.8958  0.000e+00
     75.824     5.3319   3.184823    32.7744       1177     4.9000  0.000e+00
     75.616     5.3211   3.184402    32.7802       1178     4.9042  0.000e+00
     75.415     5.3133   3.184078    32.7843       1179     4.9083  0.000e+00
     75.223     5.3077   3.183877    32.7875       1180     4.9125  0.000e+00
     75.055     5.3045   3.183797    32.7898       1181     4.9167  0.000e+00
     74.902     5.3029   3.183694    32.7903       1182     4.9208  0.000e+00
     74.772     5.3022   3.183614    32.7902       1183     4.9250  0.000e+00
     74.657     5.3018   3.183474    32.7891       1184     4.9292  0.000e+00
     74.549     5.3015   3.183291    32.7872       1185     4.9333  0.000e+00
     74.448     5.3009   3.182686    32.7810       1186     4.9375  0.000e+00
     74.350     5.2996   3.182283    32.7777       1187     4.9417  0.000e+00
     74.252     5.2978   3.181312    32.7685       1188     4.9458  0.000e+00
     74.136     5.2949   3.179805    32.7542       1189     4.9500  0.000e+00
     73.997     5.2893   3.176119    32.7177       1190     4.9542  0.000e+00
     73.838     5.2765   3.172618    32.6903       1191     4.9583  0.000e+00
     73.664     5.2559   3.171234    32.6947       1192     4.9625  0.000e+00
     73.467     5.2348   3.170613    32.7083       1193     4.9667  0.000e+00
     73.244     5.2177   3.170393    32.7226       1194     4.9708  0.000e+00
     73.002     5.2058   3.170088    32.7310       1195     4.9750  0.000e+00
     72.739     5.1976   3.169387    32.7311       1196     4.9792  0.000e+00
     72.457     5.1911   3.167766    32.7190       1197     4.9833  0.000e+00
     72.164     5.1836   3.167340    32.7217       1198     4.9875  0.000e+00
     71.869     5.1766   3.167425    32.7297       1199     4.9917  0.000e+00
     71.570     5.1721   3.164774    32.7039       1200     4.9958  0.000e+00
     71.257     5.1654   3.162411    32.6835       1201     5.0000  0.000e+00
     70.956     5.1542   3.160273    32.6702       1202     5.0042  0.000e+00
     70.669     5.1403   3.159512    32.6752       1203     5.0083  0.000e+00
     70.395     5.1278   3.159433    32.6866       1204     5.0125  0.000e+00
     70.142     5.1192   3.159330    32.6940       1205     5.0167  0.000e+00
     69.921     5.1142   3.159634    32.7026       1206     5.0208  0.000e+00
     69.720     5.1121   3.159774    32.7064       1207     5.0250  0.000e+00
     69.543     5.1120   3.159835    32.7072       1208     5.0292  0.000e+00
     69.384     5.1130   3.159074    32.6976       1209     5.0333  0.000e+00
     69.248     5.1132   3.158033    32.6855       1210     5.0375  0.000e+00
     69.126     5.1118   3.157272    32.6782       1211     5.0417  0.000e+00
     69.024     5.1089   3.156791    32.6756       1212     5.0458  0.000e+00
     68.924     5.1054   3.156335    32.6739       1213     5.0500  0.000e+00
     68.821     5.1018   3.156231    32.6763       1214     5.0542  0.000e+00
     68.696     5.0988   3.156195    32.6788       1215     5.0583  0.000e+00
     68.555     5.0970   3.155897    32.6773       1216     5.0625  0.000e+00
     68.401     5.0954   3.155635    32.6759       1217     5.0667  0.000e+00
     68.220     5.0936   3.155617    32.6775       1218     5.0708  0.000e+00
     68.008     5.0925   3.155635    32.6789       1219     5.0750  0.000e+00
     67.770     5.0924   3.155477    32.6773       1220     5.0792  0.000e+00
     67.514     5.0925   3.154935    32.6711       1221     5.0833  0.000e+00
     67.248     5.0917   3.154558    32.6678       1222     5.0875  0.000e+00
     66.978     5.0903   3.154314    32.6665       1223     5.0917  0.000e+00
     66.709     5.0885   3.153876    32.6634       1224     5.0958  0.000e+00
     66.463     5.0864   3.153657    32.6630       1225     5.1000  0.000e+00
     66.240     5.0844   3.154040    32.6694       1226     5.1042  0.000e+00
     66.045     5.0840   3.154618    32.6766       1227     5.1083  0.000e+00
     65.867     5.0858   3.155975    32.6905       1228     5.1125  0.000e+00
     65.695     5.0911   3.158130    32.7101       1229     5.1167  0.000e+00
     65.542     5.1019   3.159109    32.7108       1230     5.1208  0.000e+00
     65.408     5.1150   3.160412    32.7130       1231     5.1250  0.000e+00
     65.270     5.1282   3.161794    32.7160       1232     5.1292  0.000e+00
     65.136     5.1419   3.164614    32.7349       1233     5.1333  0.000e+00
     64.980     5.1591   3.168361    32.7611       1234     5.1375  0.000e+00
     64.806     5.1834   3.171153    32.7692       1235     5.1417  0.000e+00
     64.620     5.2115   3.172177    32.7535       1236     5.1458  0.000e+00
     64.417     5.2370   3.172561    32.7330       1237     5.1500  0.000e+00
     64.185     5.2563   3.172859    32.7176       1238     5.1542  0.000e+00
     63.934     5.2712   3.174042    32.7168       1239     5.1583  0.000e+00
     63.668     5.2845   3.173865    32.7018       1240     5.1625  0.000e+00
