HB2502/sbe093.cnv
* Sea-Bird SBE 19plus V2 Data File:
* FileName = C:\cruise\data\sbe093.hex
* Software Version Seasave V 7.26.7.121
* Temperature SN = 6128
* Conductivity SN = 6128
* System UpLoad Time = Apr 15 2025 20:42:50
* NMEA Latitude = 42 08.63 N
* NMEA Longitude = 068 43.57 W
* NMEA UTC (Time) = Apr 15 2025  20:42:07
** Ship: Henry Bigelow
** Cruise:  HB2502
** Program:  Spring Bottom Trawl
# nquan = 7
# nvalues = 4476                                  
# units = specified
# name 0 = depSM: Depth [salt water, m]
# name 1 = tv290C: Temperature [ITS-90, deg C]
# name 2 = c0S/m: Conductivity [S/m]
# name 3 = sal00: Salinity, Practical [PSU]
# name 4 = scan: Scan Count
# name 5 = timeM: Time, Elapsed [minutes]
# name 6 = flag:  0.000e+00
# span 0 =     -0.316,    176.220                 
# span 1 =     5.3084,     8.2337                 
# span 2 =   0.007346,   3.385342                 
# span 3 =     0.0511,    33.5201                 
# span 4 =         11,       4486                 
# span 5 =     0.0417,    18.6875                 
# span 6 = 0.0000e+00, 0.0000e+00                 
# interval = seconds: 0.25
# start_time = Apr 15 2025 20:42:07 [NMEA time, header]
# bad_flag = -9.990e-29
*END*
[from data line 4308]
      7.513     5.8838   3.234043    32.8278       4319    17.9917  0.000e+00
      7.449     5.8851   3.234024    32.8263       4320    17.9958  0.000e+00
      7.395     5.8859   3.233988    32.8252       4321    18.0000  0.000e+00
      7.349     5.8861   3.234024    32.8254       4322    18.0042  0.000e+00
      7.293     5.8861   3.234129    32.8265       4323    18.0083  0.000e+00
      7.235     5.8865   3.234110    32.8260       4324    18.0125  0.000e+00
      7.179     5.8868   3.234043    32.8250       4325    18.0167  0.000e+00
      7.119     5.8870   3.234006    32.8244       4326    18.0208  0.000e+00
      7.044     5.8870   3.233797    32.8221       4327    18.0250  0.000e+00
      6.971     5.8864   3.233613    32.8207       4328    18.0292  0.000e+00
      6.896     5.8849   3.233557    32.8215       4329    18.0333  0.000e+00
      6.840     5.8838   3.233551    32.8226       4330    18.0375  0.000e+00
      6.795     5.8828   3.233656    32.8247       4331    18.0417  0.000e+00
      6.755     5.8823   3.233656    32.8252       4332    18.0458  0.000e+00
      6.717     5.8823   3.233453    32.8230       4333    18.0500  0.000e+00
      6.685     5.8821   3.233471    32.8234       4334    18.0542  0.000e+00
      6.656     5.8814   3.233244    32.8216       4335    18.0583  0.000e+00
      6.622     5.8804   3.233244    32.8225       4336    18.0625  0.000e+00
      6.591     5.8795   3.233121    32.8220       4337    18.0667  0.000e+00
      6.553     5.8784   3.233121    32.8231       4338    18.0708  0.000e+00
      6.499     5.8776   3.232955    32.8221       4339    18.0750  0.000e+00
      6.439     5.8765   3.232753    32.8209       4340    18.0792  0.000e+00
      6.372     5.8752   3.232955    32.8244       4341    18.0833  0.000e+00
      6.298     5.8743   3.233201    32.8281       4342    18.0875  0.000e+00
      6.229     5.8745   3.233262    32.8287       4343    18.0917  0.000e+00
      6.162     5.8754   3.233189    32.8270       4344    18.0958  0.000e+00
      6.110     5.8761   3.233244    32.8270       4345    18.1000  0.000e+00
      6.061     5.8766   3.233305    32.8272       4346    18.1042  0.000e+00
      6.022     5.8772   3.233183    32.8253       4347    18.1083  0.000e+00
      5.980     5.8773   3.233078    32.8239       4348    18.1125  0.000e+00
      5.947     5.8770   3.233226    32.8259       4349    18.1167  0.000e+00
      5.905     5.8771   3.233533    32.8293       4350    18.1208  0.000e+00
      5.855     5.8780   3.233496    32.8280       4351    18.1250  0.000e+00
      5.824     5.8791   3.233410    32.8260       4352    18.1292  0.000e+00
      5.777     5.8794   3.233428    32.8259       4353    18.1333  0.000e+00
      5.726     5.8796   3.233428    32.8258       4354    18.1375  0.000e+00
      5.654     5.8798   3.233576    32.8273       4355    18.1417  0.000e+00
      5.584     5.8802   3.233612    32.8273       4356    18.1458  0.000e+00
      5.502     5.8809   3.233760    32.8284       4357    18.1500  0.000e+00
      5.413     5.8818   3.233840    32.8285       4358    18.1542  0.000e+00
      5.339     5.8828   3.233790    32.8270       4359    18.1583  0.000e+00
      5.287     5.8836   3.233821    32.8265       4360    18.1625  0.000e+00
      5.245     5.8843   3.233797    32.8256       4361    18.1667  0.000e+00
      5.209     5.8845   3.233760    32.8250       4362    18.1708  0.000e+00
      5.190     5.8847   3.233821    32.8256       4363    18.1750  0.000e+00
      5.170     5.8847   3.233778    32.8251       4364    18.1792  0.000e+00
      5.135     5.8847   3.233760    32.8249       4365    18.1833  0.000e+00
      5.096     5.8846   3.233882    32.8264       4366    18.1875  0.000e+00
      5.038     5.8847   3.233944    32.8270       4367    18.1917  0.000e+00
      4.964     5.8853   3.233981    32.8269       4368    18.1958  0.000e+00
      4.873     5.8859   3.233962    32.8261       4369    18.2000  0.000e+00
      4.800     5.8863   3.233919    32.8253       4370    18.2042  0.000e+00
      4.722     5.8864   3.233981    32.8259       4371    18.2083  0.000e+00
      4.640     5.8867   3.233962    32.8255       4372    18.2125  0.000e+00
      4.575     5.8866   3.233962    32.8255       4373    18.2167  0.000e+00
      4.512     5.8869   3.233907    32.8247       4374    18.2208  0.000e+00
      4.443     5.8871   3.233901    32.8245       4375    18.2250  0.000e+00
      4.376     5.8870   3.233901    32.8246       4376    18.2292  0.000e+00
      4.303     5.8869   3.233882    32.8245       4377    18.2333  0.000e+00
      4.233     5.8867   3.233593    32.8215       4378    18.2375  0.000e+00
      4.174     5.8859   3.233796    32.8246       4379    18.2417  0.000e+00
      4.125     5.8853   3.233980    32.8273       4380    18.2458  0.000e+00
      4.081     5.8858   3.234005    32.8271       4381    18.2500  0.000e+00
      4.047     5.8863   3.233827    32.8246       4382    18.2542  0.000e+00
      4.016     5.8865   3.233698    32.8230       4383    18.2583  0.000e+00
      3.968     5.8860   3.233575    32.8221       4384    18.2625  0.000e+00
      3.933     5.8852   3.233471    32.8217       4385    18.2667  0.000e+00
      3.900     5.8842   3.233489    32.8230       4386    18.2708  0.000e+00
      3.878     5.8832   3.233391    32.8228       4387    18.2750  0.000e+00
      3.869     5.8824   3.233550    32.8254       4388    18.2792  0.000e+00
      3.862     5.8821   3.233495    32.8250       4389    18.2833  0.000e+00
      3.855     5.8821   3.233593    32.8261       4390    18.2875  0.000e+00
      3.842     5.8823   3.233778    32.8281       4391    18.2917  0.000e+00
      3.815     5.8829   3.233575    32.8252       4392    18.2958  0.000e+00
      3.781     5.8833   3.233593    32.8251       4393    18.3000  0.000e+00
      3.725     5.8833   3.233636    32.8255       4394    18.3042  0.000e+00
      3.656     5.8834   3.233612    32.8252       4395    18.3083  0.000e+00
      3.566     5.8833   3.233673    32.8260       4396    18.3125  0.000e+00
      3.450     5.8837   3.233538    32.8242       4397    18.3167  0.000e+00
      3.325     5.8836   3.234066    32.8303       4398    18.3208  0.000e+00
      3.191     5.8843   3.234146    32.8305       4399    18.3250  0.000e+00
      3.080     5.8859   3.233857    32.8259       4400    18.3292  0.000e+00
      2.994     5.8867   3.233857    32.8250       4401    18.3333  0.000e+00
      2.939     5.8869   3.233697    32.8231       4402    18.3375  0.000e+00
      2.907     5.8866   3.233716    32.8236       4403    18.3417  0.000e+00
      2.896     5.8861   3.233771    32.8247       4404    18.3458  0.000e+00
      2.883     5.8858   3.233943    32.8270       4405    18.3500  0.000e+00
      2.869     5.8861   3.233900    32.8262       4406    18.3542  0.000e+00
      2.851     5.8866   3.233919    32.8259       4407    18.3583  0.000e+00
      2.824     5.8869   3.233882    32.8253       4408    18.3625  0.000e+00
      2.784     5.8871   3.233943    32.8258       4409    18.3667  0.000e+00
      2.733     5.8871   3.233919    32.8255       4410    18.3708  0.000e+00
      2.664     5.8874   3.234005    32.8263       4411    18.3750  0.000e+00
      2.584     5.8877   3.234103    32.8271       4412    18.3792  0.000e+00
      2.496     5.8881   3.234041    32.8261       4413    18.3833  0.000e+00
      2.384     5.8888   3.234109    32.8262       4414    18.3875  0.000e+00
      2.288     5.8890   3.234084    32.8258       4415    18.3917  0.000e+00
      2.197     5.8893   3.234023    32.8248       4416    18.3958  0.000e+00
      2.123     5.8893   3.233918    32.8236       4417    18.4000  0.000e+00
      2.072     5.8891   3.233881    32.8235       4418    18.4042  0.000e+00
      2.050     5.8885   3.233851    32.8237       4419    18.4083  0.000e+00
      2.045     5.8880   3.233820    32.8239       4420    18.4125  0.000e+00
      2.058     5.8877   3.233820    32.8242       4421    18.4167  0.000e+00
      2.070     5.8873   3.233759    32.8239       4422    18.4208  0.000e+00
      2.085     5.8868   3.233777    32.8245       4423    18.4250  0.000e+00
      2.088     5.8865   3.233900    32.8262       4424    18.4292  0.000e+00
      2.083     5.8867   3.233820    32.8251       4425    18.4333  0.000e+00
      2.029     5.8869   3.233716    32.8238       4426    18.4375  0.000e+00
      1.918     5.8867   3.233691    32.8237       4427    18.4417  0.000e+00
      1.772     5.8864   3.233716    32.8244       4428    18.4458  0.000e+00
      1.652     5.8861   3.233716    32.8248       4429    18.4500  0.000e+00
      1.553     5.8858   3.233574    32.8235       4430    18.4542  0.000e+00
      1.482     5.8855   3.233470    32.8227       4431    18.4583  0.000e+00
      1.424     5.8849   3.233224    32.8205       4432    18.4625  0.000e+00
      1.382     5.8836   3.233199    32.8215       4433    18.4667  0.000e+00
      1.336     5.8822   3.233279    32.8238       4434    18.4708  0.000e+00
      1.277     5.8815   3.233470    32.8267       4435    18.4750  0.000e+00
      1.211     5.8815   3.233347    32.8253       4436    18.4792  0.000e+00
      1.135     5.8817   3.233304    32.8247       4437    18.4833  0.000e+00
      1.054     5.8817   3.233390    32.8257       4438    18.4875  0.000e+00
      0.954     5.8816   3.233592    32.8281       4439    18.4917  0.000e+00
      0.864     5.8821   3.233549    32.8271       4440    18.4958  0.000e+00
      0.802     5.8829   3.233261    32.8231       4441    18.5000  0.000e+00
      0.786     5.8828   3.233322    32.8239       4442    18.5042  0.000e+00
      0.810     5.8824   3.233322    32.8243       4443    18.5083  0.000e+00
      0.844     5.8820   3.233101    32.8223       4444    18.5125  0.000e+00
      0.844     5.8812   3.233040    32.8223       4445    18.5167  0.000e+00
      0.840     5.8802   3.233181    32.8248       4446    18.5208  0.000e+00
      0.822     5.8798   3.233390    32.8276       4447    18.5250  0.000e+00
      0.819     5.8801   3.233408    32.8276       4448    18.5292  0.000e+00
      0.800     5.8808   3.233470    32.8276       4449    18.5333  0.000e+00
      0.740     5.8814   3.233574    32.8282       4450    18.5375  0.000e+00
      0.684     5.8825   3.233574    32.8272       4451    18.5417  0.000e+00
      0.606     5.8832   3.233549    32.8262       4452    18.5458  0.000e+00
      0.516     5.8838   3.233512    32.8252       4453    18.5500  0.000e+00
      0.439     5.8840   3.233512    32.8251       4454    18.5542  0.000e+00
      0.381     5.8840   3.233592    32.8260       4455    18.5583  0.000e+00
      0.298     5.8842   3.233322    32.8228       4456    18.5625  0.000e+00
      0.182     5.8839   3.233304    32.8229       4457    18.5667  0.000e+00
      0.034     5.8832   3.233512    32.8261       4458    18.5708  0.000e+00
     -0.103     5.8830   3.233451    32.8257       4459    18.5750  0.000e+00
     -0.217     5.8833   3.233531    32.8263       4460    18.5792  0.000e+00
     -0.290     5.8836   3.234022    32.8316       4461    18.5833  0.000e+00
     -0.262     5.8850   3.233979    32.8297       4462    18.5875  0.000e+00
     -0.174     5.8869   3.233899    32.8270       4463    18.5917  0.000e+00
     -0.013     5.8880   3.233795    32.8247       4464    18.5958  0.000e+00
      0.065     5.8881   3.233537    32.8216       4465    18.6000  0.000e+00
      0.046     5.8872   3.233346    32.8203       4466    18.6042  0.000e+00
     -0.037     5.8858   3.233451    32.8229       4467    18.6083  0.000e+00
     -0.151     5.8848   3.233303    32.8223       4468    18.6125  0.000e+00
     -0.261     5.8842   2.675517    26.6320       4469    18.6167  0.000e+00
     -0.312     5.8844   0.782001     7.0113       4470    18.6208  0.000e+00
     -0.306     5.8891   0.401108     3.4335       4471    18.6250  0.000e+00
     -0.307     5.8996   0.344128     2.9165       4472    18.6292  0.000e+00
     -0.305     5.9110   0.297459     2.4977       4473    18.6333  0.000e+00
     -0.305     5.9168   0.282138     2.3612       4474    18.6375  0.000e+00
     -0.311     5.9194   0.260421     2.1691       4475    18.6417  0.000e+00
     -0.316     5.9205   0.244017     2.0247       4476    18.6458  0.000e+00
     -0.307     5.9211   0.260337     2.1682       4477    18.6500  0.000e+00
     -0.306     5.9212   0.285545     2.3911       4478    18.6542  0.000e+00
     -0.302     5.9215   0.281007     2.3509       4479    18.6583  0.000e+00
     -0.305     5.9218   0.259650     2.1621       4480    18.6625  0.000e+00
     -0.303     5.9223   0.221056     1.8238       4481    18.6667  0.000e+00
     -0.311     5.9224   0.201485     1.6538       4482    18.6708  0.000e+00
     -0.313     5.9228   0.189399     1.5494       4483    18.6750  0.000e+00
     -0.307     5.9228   0.178639     1.4568       4484    18.6792  0.000e+00
     -0.304     5.9233   0.178351     1.4543       4485    18.6833  0.000e+00
     -0.308     5.9236   0.171195     1.3929       4486    18.6875  0.000e+00
