HB2502/sbe016.cnv
* Sea-Bird SBE 19plus V2 Data File:
* FileName = C:\cruise\data\sbe016.hex
* Software Version Seasave V 7.26.7.121
* Temperature SN = 6128
* Conductivity SN = 6128
* System UpLoad Time = Mar 12 2025 10:05:03
* NMEA Latitude = 36 56.46 N
* NMEA Longitude = 074 51.17 W
* NMEA UTC (Time) = Mar 12 2025  10:03:44
** Ship: Henry Bigelow
** Cruise:  HB2502
** Program:  Spring Bottom Trawl
# nquan = 7
# nvalues = 1312                                  
# units = specified
# name 0 = depSM: Depth [salt water, m]
# name 1 = tv290C: Temperature [ITS-90, deg C]
# name 2 = c0S/m: Conductivity [S/m]
# name 3 = sal00: Salinity, Practical [PSU]
# name 4 = scan: Scan Count
# name 5 = timeM: Time, Elapsed [minutes]
# name 6 = flag:  0.000e+00
# span 0 =     -0.052,     51.868                 
# span 1 =     8.1874,    11.0773                 
# span 2 =   0.007014,   3.886963                 
# span 3 =     0.0474,    34.7401                 
# span 4 =         11,       1322                 
# span 5 =     0.0417,     5.5042                 
# span 6 = 0.0000e+00, 0.0000e+00                 
# interval = seconds: 0.25
# start_time = Mar 12 2025 10:03:44 [NMEA time, header]
# bad_flag = -9.990e-29
*END*
[from data line 821]
     23.238    10.3564   3.744014    33.9885        832     3.4625  0.000e+00
     23.180    10.3583   3.743981    33.9865        833     3.4667  0.000e+00
     23.120    10.3596   3.743734    33.9828        834     3.4708  0.000e+00
     23.059    10.3597   3.744014    33.9855        835     3.4750  0.000e+00
     22.989    10.3603   3.744066    33.9855        836     3.4792  0.000e+00
     22.920    10.3613   3.743942    33.9834        837     3.4833  0.000e+00
     22.844    10.3617   3.742504    33.9686        838     3.4875  0.000e+00
     22.770    10.3585   3.738626    33.9324        839     3.4917  0.000e+00
     22.685    10.3469   3.733566    33.8921        840     3.4958  0.000e+00
     22.604    10.3247   3.728541    33.8620        841     3.5000  0.000e+00
     22.520    10.2940   3.724176    33.8466        842     3.5042  0.000e+00
     22.424    10.2621   3.723247    33.8670        843     3.5083  0.000e+00
     22.341    10.2365   3.722949    33.8879        844     3.5125  0.000e+00
     22.252    10.2199   3.722274    33.8966        845     3.5167  0.000e+00
     22.162    10.2086   3.720371    33.8879        846     3.5208  0.000e+00
     22.077    10.1982   3.720118    33.8952        847     3.5250  0.000e+00
     22.002    10.1894   3.719365    33.8957        848     3.5292  0.000e+00
     21.927    10.1829   3.718742    33.8956        849     3.5333  0.000e+00
     21.860    10.1770   3.718515    33.8987        850     3.5375  0.000e+00
     21.798    10.1728   3.717755    33.8950        851     3.5417  0.000e+00
     21.750    10.1692   3.717392    33.8948        852     3.5458  0.000e+00
     21.704    10.1667   3.717619    33.8995        853     3.5500  0.000e+00
     21.673    10.1657   3.717664    33.9008        854     3.5542  0.000e+00
     21.650    10.1655   3.717658    33.9010        855     3.5583  0.000e+00
     21.637    10.1658   3.717684    33.9010        856     3.5625  0.000e+00
     21.631    10.1659   3.717710    33.9011        857     3.5667  0.000e+00
     21.632    10.1662   3.717723    33.9010        858     3.5708  0.000e+00
     21.635    10.1665   3.717755    33.9010        859     3.5750  0.000e+00
     21.644    10.1668   3.717801    33.9012        860     3.5792  0.000e+00
     21.653    10.1672   3.717684    33.8997        861     3.5833  0.000e+00
     21.649    10.1673   3.717768    33.9004        862     3.5875  0.000e+00
     21.638    10.1673   3.717775    33.9004        863     3.5917  0.000e+00
     21.625    10.1676   3.717872    33.9012        864     3.5958  0.000e+00
     21.592    10.1681   3.717982    33.9018        865     3.6000  0.000e+00
     21.554    10.1685   3.718190    33.9036        866     3.6042  0.000e+00
     21.496    10.1697   3.718878    33.9095        867     3.6083  0.000e+00
     21.424    10.1727   3.720436    33.9225        868     3.6125  0.000e+00
     21.335    10.1798   3.722352    33.9354        869     3.6167  0.000e+00
     21.225    10.1916   3.722968    33.9306        870     3.6208  0.000e+00
     21.113    10.2038   3.723105    33.9206        871     3.6250  0.000e+00
     20.988    10.2129   3.723059    33.9117        872     3.6292  0.000e+00
     20.860    10.2192   3.723104    33.9063        873     3.6333  0.000e+00
     20.729    10.2240   3.723104    33.9018        874     3.6375  0.000e+00
     20.612    10.2276   3.723215    33.8997        875     3.6417  0.000e+00
     20.492    10.2308   3.723201    33.8967        876     3.6458  0.000e+00
     20.395    10.2331   3.723266    33.8951        877     3.6500  0.000e+00
     20.310    10.2355   3.723260    33.8929        878     3.6542  0.000e+00
     20.239    10.2369   3.723455    33.8936        879     3.6583  0.000e+00
     20.172    10.2388   3.723701    33.8943        880     3.6625  0.000e+00
     20.117    10.2416   3.723805    33.8928        881     3.6667  0.000e+00
     20.082    10.2445   3.723682    33.8889        882     3.6708  0.000e+00
     20.051    10.2471   3.723474    33.8844        883     3.6750  0.000e+00
     20.035    10.2498   3.723565    33.8827        884     3.6792  0.000e+00
     20.019    10.2514   3.723474    33.8803        885     3.6833  0.000e+00
     20.011    10.2523   3.723682    33.8816        886     3.6875  0.000e+00
     20.006    10.2528   3.723805    33.8824        887     3.6917  0.000e+00
     20.002    10.2526   3.723519    33.8797        888     3.6958  0.000e+00
     19.997    10.2530   3.723337    33.8774        889     3.7000  0.000e+00
     19.993    10.2535   3.723149    33.8751        890     3.7042  0.000e+00
     19.997    10.2540   3.723084    33.8740        891     3.7083  0.000e+00
     19.986    10.2543   3.723104    33.8739        892     3.7125  0.000e+00
     19.975    10.2548   3.722922    33.8715        893     3.7167  0.000e+00
     19.965    10.2550   3.722928    33.8715        894     3.7208  0.000e+00
     19.941    10.2550   3.722922    33.8714        895     3.7250  0.000e+00
     19.920    10.2550   3.722922    33.8714        896     3.7292  0.000e+00
     19.885    10.2548   3.722668    33.8690        897     3.7333  0.000e+00
     19.847    10.2544   3.721909    33.8617        898     3.7375  0.000e+00
     19.802    10.2526   3.720649    33.8506        899     3.7417  0.000e+00
     19.760    10.2492   3.719863    33.8459        900     3.7458  0.000e+00
     19.706    10.2449   3.719545    33.8467        901     3.7500  0.000e+00
     19.653    10.2412   3.719383    33.8486        902     3.7542  0.000e+00
     19.595    10.2382   3.718046    33.8378        903     3.7583  0.000e+00
     19.531    10.2340   3.716858    33.8297        904     3.7625  0.000e+00
     19.455    10.2276   3.714703    33.8139        905     3.7667  0.000e+00
     19.373    10.2178   3.710759    33.7832        906     3.7708  0.000e+00
     19.286    10.2018   3.708444    33.7746        907     3.7750  0.000e+00
     19.195    10.1837   3.706570    33.7725        908     3.7792  0.000e+00
     19.103    10.1660   3.703595    33.7589        909     3.7833  0.000e+00
     18.998    10.1471   3.703148    33.7720        910     3.7875  0.000e+00
     18.900    10.1321   3.702863    33.7832        911     3.7917  0.000e+00
     18.792    10.1214   3.701179    33.7761        912     3.7958  0.000e+00
     18.686    10.1112   3.698756    33.7611        913     3.8000  0.000e+00
     18.587    10.0981   3.697324    33.7588        914     3.8042  0.000e+00
     18.500    10.0836   3.694857    33.7473        915     3.8083  0.000e+00
     18.428    10.0672   3.691692    33.7305        916     3.8125  0.000e+00
     18.361    10.0473   3.683799    33.6687        917     3.8167  0.000e+00
     18.294    10.0139   3.681355    33.6750        918     3.8208  0.000e+00
     18.245     9.9809   3.679694    33.6889        919     3.8250  0.000e+00
     18.206     9.9546   3.678718    33.7035        920     3.8292  0.000e+00
     18.170     9.9354   3.677788    33.7120        921     3.8333  0.000e+00
     18.147     9.9212   3.677497    33.7223        922     3.8375  0.000e+00
     18.132     9.9115   3.678072    33.7373        923     3.8417  0.000e+00
     18.127     9.9063   3.678990    33.7515        924     3.8458  0.000e+00
     18.123     9.9058   3.678945    33.7515        925     3.8500  0.000e+00
     18.125     9.9069   3.679242    33.7535        926     3.8542  0.000e+00
     18.130     9.9084   3.679695    33.7568        927     3.8583  0.000e+00
     18.141     9.9106   3.679889    33.7567        928     3.8625  0.000e+00
     18.152     9.9128   3.681169    33.7676        929     3.8667  0.000e+00
     18.163     9.9170   3.681621    33.7683        930     3.8708  0.000e+00
     18.176     9.9220   3.681143    33.7588        931     3.8750  0.000e+00
     18.179     9.9249   3.680600    33.7505        932     3.8792  0.000e+00
     18.186     9.9246   3.679695    33.7416        933     3.8833  0.000e+00
     18.181     9.9223   3.679623    33.7430        934     3.8875  0.000e+00
     18.168     9.9196   3.679759    33.7469        935     3.8917  0.000e+00
     18.148     9.9180   3.678240    33.7329        936     3.8958  0.000e+00
     18.121     9.9141   3.677142    33.7253        937     3.9000  0.000e+00
     18.081     9.9079   3.676386    33.7234        938     3.9042  0.000e+00
     18.023     9.9014   3.676159    33.7272        939     3.9083  0.000e+00
     17.954     9.8962   3.676114    33.7317        940     3.9125  0.000e+00
     17.864     9.8928   3.676224    33.7360        941     3.9167  0.000e+00
     17.770     9.8914   3.676605    33.7413        942     3.9208  0.000e+00
     17.654     9.8921   3.677697    33.7518        943     3.9250  0.000e+00
     17.531     9.8950   3.680419    33.7769        944     3.9292  0.000e+00
     17.401     9.9062   3.680871    33.7712        945     3.9333  0.000e+00
     17.274     9.9183   3.683076    33.7824        946     3.9375  0.000e+00
     17.142     9.9321   3.684317    33.7821        947     3.9417  0.000e+00
     17.023     9.9459   3.684912    33.7753        948     3.9458  0.000e+00
     16.925     9.9568   3.685073    33.7669        949     3.9500  0.000e+00
     16.827     9.9647   3.688321    33.7926        950     3.9542  0.000e+00
     16.743     9.9777   3.690728    33.8051        951     3.9583  0.000e+00
     16.667     9.9955   3.692741    33.8089        952     3.9625  0.000e+00
     16.614    10.0146   3.691349    33.7769        953     3.9667  0.000e+00
     16.565    10.0249   3.692462    33.7786        954     3.9708  0.000e+00
     16.527    10.0335   3.693465    33.7808        955     3.9750  0.000e+00
     16.498    10.0420   3.694611    33.7845        956     3.9792  0.000e+00
     16.471    10.0506   3.694540    33.7758        957     3.9833  0.000e+00
     16.451    10.0565   3.694876    33.7737        958     3.9875  0.000e+00
     16.433    10.0610   3.695109    33.7719        959     3.9917  0.000e+00
     16.429    10.0647   3.695194    33.7693        960     3.9958  0.000e+00
     16.426    10.0673   3.695064    33.7655        961     4.0000  0.000e+00
     16.433    10.0686   3.694811    33.7617        962     4.0042  0.000e+00
     16.441    10.0688   3.694902    33.7625        963     4.0083  0.000e+00
     16.444    10.0687   3.694844    33.7620        964     4.0125  0.000e+00
     16.462    10.0684   3.694831    33.7621        965     4.0167  0.000e+00
     16.471    10.0685   3.694766    33.7614        966     4.0208  0.000e+00
     16.488    10.0679   3.694786    33.7621        967     4.0250  0.000e+00
     16.495    10.0677   3.694546    33.7599        968     4.0292  0.000e+00
     16.488    10.0670   3.694468    33.7598        969     4.0333  0.000e+00
     16.479    10.0659   3.694378    33.7598        970     4.0375  0.000e+00
     16.458    10.0651   3.694604    33.7629        971     4.0417  0.000e+00
     16.418    10.0651   3.695543    33.7725        972     4.0458  0.000e+00
     16.364    10.0677   3.693944    33.7538        973     4.0500  0.000e+00
     16.292    10.0668   3.686501    33.6789        974     4.0542  0.000e+00
     16.198    10.0509   3.685641    33.6851        975     4.0583  0.000e+00
     16.096    10.0320   3.677075    33.6156        976     4.0625  0.000e+00
     15.984    10.0016   3.673328    33.6058        977     4.0667  0.000e+00
     15.864     9.9650   3.667064    33.5761        978     4.0708  0.000e+00
     15.740     9.9232   3.648956    33.4304        979     4.0750  0.000e+00
     15.611     9.8511   3.647520    33.4828        980     4.0792  0.000e+00
     15.486     9.7843   3.632383    33.3901        981     4.0833  0.000e+00
     15.379     9.7081   3.621015    33.3445        982     4.0875  0.000e+00
     15.276     9.6153   3.620387    33.4244        983     4.0917  0.000e+00
     15.191     9.5478   3.619610    33.4794        984     4.0958  0.000e+00
     15.111     9.5042   3.611837    33.4401        985     4.1000  0.000e+00
     15.055     9.4612   3.602802    33.3871        986     4.1042  0.000e+00
     15.001     9.4046   3.603309    33.4453        987     4.1083  0.000e+00
     14.959     9.3619   3.603066    33.4828        988     4.1125  0.000e+00
     14.928     9.3365   3.603246    33.5085        989     4.1167  0.000e+00
     14.898     9.3217   3.602355    33.5131        990     4.1208  0.000e+00
     14.876     9.3137   3.602823    33.5255        991     4.1250  0.000e+00
     14.863     9.3076   3.603310    33.5363        992     4.1292  0.000e+00
     14.848     9.3062   3.602714    33.5314        993     4.1333  0.000e+00
     14.837     9.3048   3.599836    33.5030        994     4.1375  0.000e+00
     14.828     9.2961   3.597697    33.4889        995     4.1417  0.000e+00
     14.816     9.2825   3.597498    33.4997        996     4.1458  0.000e+00
     14.794     9.2715   3.597761    33.5127        997     4.1500  0.000e+00
     14.769     9.2651   3.597428    33.5153        998     4.1542  0.000e+00
     14.731     9.2609   3.598248    33.5277        999     4.1583  0.000e+00
     14.693     9.2603   3.600260    33.5492       1000     4.1625  0.000e+00
     14.655     9.2641   3.595621    33.4975       1001     4.1667  0.000e+00
     14.600     9.2593   3.594385    33.4893       1002     4.1708  0.000e+00
     14.543     9.2489   3.593592    33.4908       1003     4.1750  0.000e+00
     14.487     9.2383   3.592887    33.4936       1004     4.1792  0.000e+00
     14.429     9.2295   3.592772    33.5006       1005     4.1833  0.000e+00
     14.370     9.2232   3.592753    33.5064       1006     4.1875  0.000e+00
     14.303     9.2201   3.592510    33.5067       1007     4.1917  0.000e+00
     14.250     9.2175   3.592375    33.5078       1008     4.1958  0.000e+00
     14.195     9.2153   3.592311    33.5093       1009     4.2000  0.000e+00
     14.149     9.2135   3.592644    33.5144       1010     4.2042  0.000e+00
     14.107     9.2136   3.592862    33.5166       1011     4.2083  0.000e+00
     14.074     9.2145   3.592772    33.5148       1012     4.2125  0.000e+00
     14.047     9.2156   3.593086    33.5171       1013     4.2167  0.000e+00
     14.021     9.2170   3.593086    33.5158       1014     4.2208  0.000e+00
     13.993     9.2183   3.592618    33.5097       1015     4.2250  0.000e+00
     13.972     9.2185   3.592292    33.5062       1016     4.2292  0.000e+00
     13.939     9.2180   3.592177    33.5055       1017     4.2333  0.000e+00
     13.906     9.2167   3.591344    33.4981       1018     4.2375  0.000e+00
     13.867     9.2142   3.589866    33.4851       1019     4.2417  0.000e+00
     13.816     9.2085   3.587664    33.4676       1020     4.2458  0.000e+00
     13.751     9.1984   3.586385    33.4639       1021     4.2500  0.000e+00
     13.677     9.1871   3.585483    33.4651       1022     4.2542  0.000e+00
     13.596     9.1773   3.584670    33.4660       1023     4.2583  0.000e+00
     13.499     9.1689   3.583551    33.4623       1024     4.2625  0.000e+00
     13.396     9.1612   3.582713    33.4609       1025     4.2667  0.000e+00
     13.286     9.1541   3.581811    33.4582       1026     4.2708  0.000e+00
     13.173     9.1474   3.581261    33.4588       1027     4.2750  0.000e+00
     13.061     9.1416   3.581134    33.4630       1028     4.2792  0.000e+00
     12.951     9.1374   3.581044    33.4660       1029     4.2833  0.000e+00
     12.857     9.1346   3.580034    33.4582       1030     4.2875  0.000e+00
     12.767     9.1310   3.578014    33.4407       1031     4.2917  0.000e+00
     12.686     9.1245   3.577752    33.4441       1032     4.2958  0.000e+00
     12.618     9.1180   3.576985    33.4423       1033     4.3000  0.000e+00
     12.568     9.1120   3.575515    33.4326       1034     4.3042  0.000e+00
     12.525     9.1046   3.575361    33.4380       1035     4.3083  0.000e+00
