HB2502/sbe021.cnv
* Sea-Bird SBE 19plus V2 Data File:
* FileName = C:\cruise\data\sbe021.hex
* Software Version Seasave V 7.26.7.121
* Temperature SN = 6128
* Conductivity SN = 6128
* System UpLoad Time = Mar 15 2025 15:53:14
* NMEA Latitude = 35 57.04 N
* NMEA Longitude = 075 29.53 W
* NMEA UTC (Time) = Mar 15 2025  15:51:58
** Ship: Henry Bigelow
** Cruise:  HB2502
** Program:  Spring Bottom Trawl
# nquan = 7
# nvalues = 1293                                  
# units = specified
# name 0 = depSM: Depth [salt water, m]
# name 1 = tv290C: Temperature [ITS-90, deg C]
# name 2 = c0S/m: Conductivity [S/m]
# name 3 = sal00: Salinity, Practical [PSU]
# name 4 = scan: Scan Count
# name 5 = timeM: Time, Elapsed [minutes]
# name 6 = flag:  0.000e+00
# span 0 =     -0.021,     19.691                 
# span 1 =     9.4902,    11.2495                 
# span 2 =   0.003805,   3.722751                 
# span 3 =     0.0265,    34.2845                 
# span 4 =         11,       1303                 
# span 5 =     0.0417,     5.4250                 
# span 6 = 0.0000e+00, 0.0000e+00                 
# interval = seconds: 0.25
# start_time = Mar 15 2025 15:51:58 [NMEA time, header]
# bad_flag = -9.990e-29
*END*
[from data line 821]
     11.160     9.4954   3.606717    33.3974        832     3.4625  0.000e+00
     11.129     9.4953   3.606711    33.3974        833     3.4667  0.000e+00
     11.096     9.4957   3.606647    33.3965        834     3.4708  0.000e+00
     11.058     9.4956   3.606628    33.3963        835     3.4750  0.000e+00
     11.024     9.4953   3.606692    33.3973        836     3.4792  0.000e+00
     10.986     9.4954   3.606737    33.3977        837     3.4833  0.000e+00
     10.953     9.4954   3.606762    33.3979        838     3.4875  0.000e+00
     10.913     9.4959   3.606762    33.3976        839     3.4917  0.000e+00
     10.874     9.4959   3.606781    33.3978        840     3.4958  0.000e+00
     10.831     9.4961   3.606781    33.3976        841     3.5000  0.000e+00
     10.784     9.4961   3.606692    33.3967        842     3.5042  0.000e+00
     10.737     9.4960   3.606628    33.3961        843     3.5083  0.000e+00
     10.698     9.4957   3.606583    33.3960        844     3.5125  0.000e+00
     10.654     9.4954   3.606518    33.3956        845     3.5167  0.000e+00
     10.615     9.4951   3.606474    33.3955        846     3.5208  0.000e+00
     10.580     9.4948   3.606448    33.3954        847     3.5250  0.000e+00
     10.540     9.4945   3.606403    33.3953        848     3.5292  0.000e+00
     10.506     9.4942   3.606358    33.3951        849     3.5333  0.000e+00
     10.462     9.4941   3.606403    33.3957        850     3.5375  0.000e+00
     10.423     9.4939   3.606429    33.3962        851     3.5417  0.000e+00
     10.377     9.4940   3.606448    33.3963        852     3.5458  0.000e+00
     10.332     9.4941   3.606429    33.3960        853     3.5500  0.000e+00
     10.287     9.4942   3.606429    33.3959        854     3.5542  0.000e+00
     10.247     9.4941   3.606429    33.3960        855     3.5583  0.000e+00
     10.201     9.4942   3.606448    33.3962        856     3.5625  0.000e+00
     10.164     9.4942   3.606493    33.3967        857     3.5667  0.000e+00
     10.119     9.4943   3.606493    33.3966        858     3.5708  0.000e+00
     10.084     9.4943   3.606480    33.3965        859     3.5750  0.000e+00
     10.053     9.4945   3.606429    33.3958        860     3.5792  0.000e+00
     10.028     9.4943   3.606384    33.3955        861     3.5833  0.000e+00
     10.005     9.4942   3.606339    33.3952        862     3.5875  0.000e+00
      9.983     9.4941   3.606403    33.3959        863     3.5917  0.000e+00
      9.972     9.4939   3.606403    33.3961        864     3.5958  0.000e+00
      9.957     9.4940   3.606403    33.3960        865     3.6000  0.000e+00
      9.948     9.4941   3.606384    33.3958        866     3.6042  0.000e+00
      9.928     9.4941   3.606384    33.3958        867     3.6083  0.000e+00
      9.906     9.4941   3.606358    33.3955        868     3.6125  0.000e+00
      9.883     9.4940   3.606384    33.3958        869     3.6167  0.000e+00
      9.846     9.4938   3.606358    33.3958        870     3.6208  0.000e+00
      9.799     9.4940   3.606358    33.3957        871     3.6250  0.000e+00
      9.743     9.4939   3.606339    33.3956        872     3.6292  0.000e+00
      9.679     9.4940   3.606339    33.3955        873     3.6333  0.000e+00
      9.611     9.4939   3.606339    33.3956        874     3.6375  0.000e+00
      9.540     9.4937   3.606358    33.3960        875     3.6417  0.000e+00
      9.475     9.4937   3.606358    33.3960        876     3.6458  0.000e+00
      9.408     9.4938   3.606358    33.3960        877     3.6500  0.000e+00
      9.345     9.4940   3.606339    33.3956        878     3.6542  0.000e+00
      9.287     9.4938   3.606358    33.3960        879     3.6583  0.000e+00
      9.241     9.4941   3.606358    33.3958        880     3.6625  0.000e+00
      9.198     9.4940   3.606313    33.3955        881     3.6667  0.000e+00
      9.160     9.4942   3.606338    33.3955        882     3.6708  0.000e+00
      9.129     9.4941   3.606358    33.3959        883     3.6750  0.000e+00
      9.100     9.4941   3.606338    33.3957        884     3.6792  0.000e+00
      9.080     9.4941   3.606306    33.3954        885     3.6833  0.000e+00
      9.066     9.4942   3.606358    33.3958        886     3.6875  0.000e+00
      9.048     9.4942   3.606338    33.3956        887     3.6917  0.000e+00
      9.026     9.4942   3.606338    33.3956        888     3.6958  0.000e+00
      9.006     9.4941   3.606338    33.3957        889     3.7000  0.000e+00
      8.981     9.4943   3.606338    33.3955        890     3.7042  0.000e+00
      8.954     9.4943   3.606358    33.3958        891     3.7083  0.000e+00
      8.929     9.4941   3.606293    33.3953        892     3.7125  0.000e+00
      8.889     9.4943   3.606293    33.3951        893     3.7167  0.000e+00
      8.851     9.4942   3.606274    33.3950        894     3.7208  0.000e+00
      8.811     9.4941   3.606249    33.3949        895     3.7250  0.000e+00
      8.769     9.4939   3.606204    33.3946        896     3.7292  0.000e+00
      8.715     9.4938   3.606204    33.3947        897     3.7333  0.000e+00
      8.661     9.4937   3.606204    33.3949        898     3.7375  0.000e+00
      8.601     9.4938   3.606204    33.3948        899     3.7417  0.000e+00
      8.540     9.4937   3.606204    33.3949        900     3.7458  0.000e+00
      8.478     9.4938   3.606229    33.3951        901     3.7500  0.000e+00
      8.407     9.4936   3.606204    33.3951        902     3.7542  0.000e+00
      8.340     9.4937   3.606229    33.3952        903     3.7583  0.000e+00
      8.275     9.4937   3.606229    33.3953        904     3.7625  0.000e+00
      8.213     9.4940   3.606248    33.3953        905     3.7667  0.000e+00
      8.157     9.4941   3.606248    33.3951        906     3.7708  0.000e+00
      8.114     9.4941   3.606229    33.3949        907     3.7750  0.000e+00
      8.076     9.4943   3.606248    33.3950        908     3.7792  0.000e+00
      8.047     9.4945   3.606248    33.3949        909     3.7833  0.000e+00
      8.019     9.4944   3.606274    33.3952        910     3.7875  0.000e+00
      8.003     9.4946   3.606248    33.3948        911     3.7917  0.000e+00
      7.987     9.4946   3.606287    33.3952        912     3.7958  0.000e+00
      7.967     9.4946   3.606274    33.3950        913     3.8000  0.000e+00
      7.949     9.4948   3.606274    33.3949        914     3.8042  0.000e+00
      7.925     9.4946   3.606274    33.3950        915     3.8083  0.000e+00
      7.905     9.4948   3.606293    33.3951        916     3.8125  0.000e+00
      7.874     9.4948   3.606274    33.3949        917     3.8167  0.000e+00
      7.833     9.4949   3.606274    33.3948        918     3.8208  0.000e+00
      7.791     9.4951   3.606274    33.3947        919     3.8250  0.000e+00
      7.747     9.4949   3.606274    33.3948        920     3.8292  0.000e+00
      7.700     9.4952   3.606274    33.3946        921     3.8333  0.000e+00
      7.663     9.4952   3.606293    33.3948        922     3.8375  0.000e+00
      7.640     9.4954   3.606312    33.3949        923     3.8417  0.000e+00
      7.624     9.4956   3.606312    33.3947        924     3.8458  0.000e+00
      7.616     9.4957   3.606312    33.3945        925     3.8500  0.000e+00
      7.601     9.4959   3.606338    33.3947        926     3.8542  0.000e+00
      7.589     9.4960   3.606338    33.3946        927     3.8583  0.000e+00
      7.571     9.4959   3.606312    33.3944        928     3.8625  0.000e+00
      7.542     9.4960   3.606312    33.3943        929     3.8667  0.000e+00
      7.505     9.4960   3.606293    33.3941        930     3.8708  0.000e+00
      7.454     9.4959   3.606312    33.3944        931     3.8750  0.000e+00
      7.393     9.4962   3.606357    33.3946        932     3.8792  0.000e+00
      7.319     9.4963   3.606357    33.3946        933     3.8833  0.000e+00
      7.228     9.4963   3.606357    33.3947        934     3.8875  0.000e+00
      7.138     9.4964   3.606357    33.3946        935     3.8917  0.000e+00
      7.042     9.4964   3.606338    33.3944        936     3.8958  0.000e+00
      6.949     9.4965   3.606293    33.3940        937     3.9000  0.000e+00
      6.875     9.4964   3.606267    33.3938        938     3.9042  0.000e+00
      6.814     9.4964   3.606273    33.3939        939     3.9083  0.000e+00
      6.756     9.4964   3.606293    33.3941        940     3.9125  0.000e+00
      6.710     9.4963   3.606293    33.3942        941     3.9167  0.000e+00
      6.683     9.4962   3.606248    33.3938        942     3.9208  0.000e+00
      6.667     9.4962   3.606273    33.3941        943     3.9250  0.000e+00
      6.662     9.4964   3.606312    33.3944        944     3.9292  0.000e+00
      6.660     9.4965   3.606312    33.3943        945     3.9333  0.000e+00
      6.653     9.4966   3.606338    33.3944        946     3.9375  0.000e+00
      6.648     9.4965   3.606338    33.3945        947     3.9417  0.000e+00
      6.642     9.4967   3.606338    33.3943        948     3.9458  0.000e+00
      6.633     9.4966   3.606338    33.3944        949     3.9500  0.000e+00
      6.626     9.4970   3.606357    33.3943        950     3.9542  0.000e+00
      6.617     9.4972   3.606312    33.3936        951     3.9583  0.000e+00
      6.597     9.4970   3.606312    33.3938        952     3.9625  0.000e+00
      6.570     9.4970   3.606312    33.3938        953     3.9667  0.000e+00
      6.529     9.4968   3.606357    33.3945        954     3.9708  0.000e+00
      6.481     9.4970   3.606402    33.3948        955     3.9750  0.000e+00
      6.423     9.4973   3.606402    33.3946        956     3.9792  0.000e+00
      6.358     9.4974   3.606780    33.3984        957     3.9833  0.000e+00
      6.291     9.4988   3.607004    33.3994        958     3.9875  0.000e+00
      6.222     9.5008   3.606780    33.3953        959     3.9917  0.000e+00
      6.158     9.5015   3.606889    33.3958        960     3.9958  0.000e+00
      6.099     9.5019   3.606581    33.3922        961     4.0000  0.000e+00
      6.046     9.5014   3.606517    33.3920        962     4.0042  0.000e+00
      6.008     9.5006   3.606472    33.3924        963     4.0083  0.000e+00
      5.977     9.5000   3.606433    33.3926        964     4.0125  0.000e+00
      5.959     9.4993   3.606427    33.3932        965     4.0167  0.000e+00
      5.935     9.4987   3.606472    33.3942        966     4.0208  0.000e+00
      5.923     9.4986   3.606671    33.3963        967     4.0250  0.000e+00
      5.923     9.4991   3.606914    33.3984        968     4.0292  0.000e+00
      5.925     9.5003   3.606979    33.3979        969     4.0333  0.000e+00
      5.934     9.5017   3.607023    33.3971        970     4.0375  0.000e+00
      5.943     9.5029   3.607004    33.3958        971     4.0417  0.000e+00
      5.941     9.5036   3.607023    33.3953        972     4.0458  0.000e+00
      5.936     9.5040   3.606978    33.3945        973     4.0500  0.000e+00
      5.932     9.5040   3.606780    33.3925        974     4.0542  0.000e+00
      5.921     9.5033   3.606581    33.3910        975     4.0583  0.000e+00
      5.896     9.5024   3.606446    33.3905        976     4.0625  0.000e+00
      5.853     9.5010   3.606427    33.3916        977     4.0667  0.000e+00
      5.802     9.4999   3.606446    33.3929        978     4.0708  0.000e+00
      5.746     9.4991   3.606555    33.3948        979     4.0750  0.000e+00
      5.686     9.4994   3.606626    33.3952        980     4.0792  0.000e+00
      5.630     9.4995   3.606645    33.3954        981     4.0833  0.000e+00
      5.592     9.5001   3.606760    33.3960        982     4.0875  0.000e+00
      5.570     9.5004   3.606760    33.3957        983     4.0917  0.000e+00
      5.550     9.5010   3.606780    33.3954        984     4.0958  0.000e+00
      5.541     9.5016   3.606824    33.3953        985     4.1000  0.000e+00
      5.526     9.5017   3.606844    33.3954        986     4.1042  0.000e+00
      5.508     9.5022   3.606933    33.3958        987     4.1083  0.000e+00
      5.481     9.5027   3.606869    33.3948        988     4.1125  0.000e+00
      5.448     9.5029   3.606844    33.3944        989     4.1167  0.000e+00
      5.392     9.5029   3.606985    33.3958        990     4.1208  0.000e+00
      5.316     9.5032   3.607376    33.3996        991     4.1250  0.000e+00
      5.233     9.5043   3.607203    33.3968        992     4.1292  0.000e+00
      5.153     9.5055   3.607530    33.3991        993     4.1333  0.000e+00
      5.090     9.5067   3.607664    33.3994        994     4.1375  0.000e+00
      5.032     9.5082   3.607709    33.3984        995     4.1417  0.000e+00
      4.999     9.5096   3.607619    33.3963        996     4.1458  0.000e+00
      4.981     9.5100   3.607645    33.3962        997     4.1500  0.000e+00
      4.968     9.5104   3.607619    33.3955        998     4.1542  0.000e+00
      4.968     9.5103   3.607510    33.3945        999     4.1583  0.000e+00
      4.981     9.5101   3.607465    33.3942       1000     4.1625  0.000e+00
      4.988     9.5100   3.607376    33.3934       1001     4.1667  0.000e+00
      4.986     9.5091   3.607267    33.3931       1002     4.1708  0.000e+00
      4.984     9.5084   3.607177    33.3928       1003     4.1750  0.000e+00
      4.981     9.5076   3.607068    33.3925       1004     4.1792  0.000e+00
      4.957     9.5067   3.606933    33.3919       1005     4.1833  0.000e+00
      4.928     9.5059   3.607068    33.3941       1006     4.1875  0.000e+00
      4.872     9.5053   3.607465    33.3988       1007     4.1917  0.000e+00
      4.814     9.5063   3.607690    33.4002       1008     4.1958  0.000e+00
      4.738     9.5079   3.607465    33.3964       1009     4.2000  0.000e+00
      4.651     9.5083   3.607247    33.3938       1010     4.2042  0.000e+00
      4.562     9.5078   3.607023    33.3920       1011     4.2083  0.000e+00
      4.488     9.5067   3.607004    33.3929       1012     4.2125  0.000e+00
      4.427     9.5058   3.607510    33.3990       1013     4.2167  0.000e+00
      4.389     9.5067   3.607645    33.3995       1014     4.2208  0.000e+00
      4.372     9.5080   3.607658    33.3984       1015     4.2250  0.000e+00
      4.374     9.5091   3.607773    33.3986       1016     4.2292  0.000e+00
      4.391     9.5102   3.607818    33.3980       1017     4.2333  0.000e+00
      4.418     9.5112   3.607889    33.3978       1018     4.2375  0.000e+00
      4.447     9.5120   3.607863    33.3968       1019     4.2417  0.000e+00
      4.481     9.5125   3.607645    33.3941       1020     4.2458  0.000e+00
      4.503     9.5120   3.607510    33.3931       1021     4.2500  0.000e+00
      4.514     9.5111   3.607600    33.3949       1022     4.2542  0.000e+00
      4.514     9.5105   3.607690    33.3964       1023     4.2583  0.000e+00
      4.503     9.5102   3.607754    33.3973       1024     4.2625  0.000e+00
      4.479     9.5107   3.607773    33.3971       1025     4.2667  0.000e+00
      4.456     9.5113   3.607709    33.3959       1026     4.2708  0.000e+00
      4.429     9.5113   3.607889    33.3977       1027     4.2750  0.000e+00
      4.396     9.5117   3.607933    33.3978       1028     4.2792  0.000e+00
      4.356     9.5124   3.607998    33.3978       1029     4.2833  0.000e+00
      4.306     9.5130   3.607978    33.3971       1030     4.2875  0.000e+00
      4.250     9.5135   3.607953    33.3964       1031     4.2917  0.000e+00
      4.184     9.5137   3.607933    33.3960       1032     4.2958  0.000e+00
      4.115     9.5137   3.607953    33.3963       1033     4.3000  0.000e+00
      4.050     9.5138   3.608062    33.3974       1034     4.3042  0.000e+00
      3.982     9.5141   3.608087    33.3973       1035     4.3083  0.000e+00
