HB2502/sbe070.cnv
* Sea-Bird SBE 19plus V2 Data File:
* FileName = C:\cruise\data\sbe070.hex
* Software Version Seasave V 7.26.7.121
* Temperature SN = 6128
* Conductivity SN = 6128
* System UpLoad Time = Apr 08 2025 03:07:31
* NMEA Latitude = 41 21.00 N
* NMEA Longitude = 069 05.53 W
* NMEA UTC (Time) = Apr 08 2025  03:06:39
** Ship: Henry Bigelow
** Cruise:  HB2502
** Program:  Spring Bottom Trawl
# nquan = 7
# nvalues = 3513                                  
# units = specified
# name 0 = depSM: Depth [salt water, m]
# name 1 = tv290C: Temperature [ITS-90, deg C]
# name 2 = c0S/m: Conductivity [S/m]
# name 3 = sal00: Salinity, Practical [PSU]
# name 4 = scan: Scan Count
# name 5 = timeM: Time, Elapsed [minutes]
# name 6 = flag:  0.000e+00
# span 0 =     -0.161,    154.564                 
# span 1 =     5.4133,     5.9608                 
# span 2 =   0.000952,   3.256110                 
# span 3 =     0.0078,    33.0575                 
# span 4 =         11,       3523                 
# span 5 =     0.0417,    14.6750                 
# span 6 = 0.0000e+00, 0.0000e+00                 
# interval = seconds: 0.25
# start_time = Apr 08 2025 03:06:39 [NMEA time, header]
# bad_flag = -9.990e-29
*END*
[from data line 206]
     18.005     5.8500   3.177805    32.2231        217     0.9000  0.000e+00
     18.098     5.8404   3.176883    32.2219        218     0.9042  0.000e+00
     18.198     5.8252   3.176542    32.2325        219     0.9083  0.000e+00
     18.317     5.8097   3.178653    32.2710        220     0.9125  0.000e+00
     18.457     5.7963   3.217483    32.7208        221     0.9167  0.000e+00
     18.616     5.8057   3.237175    32.9336        222     0.9208  0.000e+00
     18.792     5.8466   3.238324    32.9065        223     0.9250  0.000e+00
     18.982     5.8847   3.238631    32.8728        224     0.9292  0.000e+00
     19.179     5.9115   3.238840    32.8489        225     0.9333  0.000e+00
     19.368     5.9290   3.238932    32.8329        226     0.9375  0.000e+00
     19.565     5.9397   3.239005    32.8232        227     0.9417  0.000e+00
     19.756     5.9462   3.239067    32.8175        228     0.9458  0.000e+00
     19.942     5.9501   3.239067    32.8136        229     0.9500  0.000e+00
     20.111     5.9524   3.239128    32.8120        230     0.9542  0.000e+00
     20.254     5.9538   3.239165    32.8110        231     0.9583  0.000e+00
     20.359     5.9548   3.239208    32.8104        232     0.9625  0.000e+00
     20.430     5.9555   3.239184    32.8094        233     0.9667  0.000e+00
     20.475     5.9557   3.239085    32.8081        234     0.9708  0.000e+00
     20.505     5.9560   3.239165    32.8087        235     0.9750  0.000e+00
     20.524     5.9563   3.239233    32.8092        236     0.9792  0.000e+00
     20.529     5.9564   3.239251    32.8093        237     0.9833  0.000e+00
     20.540     5.9566   3.239270    32.8093        238     0.9875  0.000e+00
     20.562     5.9568   3.239294    32.8094        239     0.9917  0.000e+00
     20.596     5.9570   3.239319    32.8095        240     0.9958  0.000e+00
     20.647     5.9569   3.239313    32.8094        241     1.0000  0.000e+00
     20.734     5.9570   3.239313    32.8093        242     1.0042  0.000e+00
     20.848     5.9569   3.239313    32.8093        243     1.0083  0.000e+00
     20.991     5.9570   3.239331    32.8094        244     1.0125  0.000e+00
     21.145     5.9570   3.239331    32.8093        245     1.0167  0.000e+00
     21.324     5.9570   3.239356    32.8095        246     1.0208  0.000e+00
     21.515     5.9570   3.239344    32.8092        247     1.0250  0.000e+00
     21.713     5.9569   3.239375    32.8096        248     1.0292  0.000e+00
     21.922     5.9568   3.239356    32.8094        249     1.0333  0.000e+00
     22.132     5.9569   3.239393    32.8096        250     1.0375  0.000e+00
     22.356     5.9569   3.239436    32.8100        251     1.0417  0.000e+00
     22.577     5.9570   3.239455    32.8099        252     1.0458  0.000e+00
     22.795     5.9571   3.239479    32.8101        253     1.0500  0.000e+00
     23.000     5.9572   3.239480    32.8099        254     1.0542  0.000e+00
     23.163     5.9571   3.239498    32.8101        255     1.0583  0.000e+00
     23.282     5.9572   3.239498    32.8099        256     1.0625  0.000e+00
     23.367     5.9573   3.239517    32.8100        257     1.0667  0.000e+00
     23.429     5.9574   3.239498    32.8097        258     1.0708  0.000e+00
     23.490     5.9573   3.239498    32.8098        259     1.0750  0.000e+00
     23.538     5.9574   3.239480    32.8094        260     1.0792  0.000e+00
     23.589     5.9573   3.239498    32.8097        261     1.0833  0.000e+00
     23.649     5.9572   3.239480    32.8095        262     1.0875  0.000e+00
     23.711     5.9571   3.239455    32.8093        263     1.0917  0.000e+00
     23.779     5.9573   3.239517    32.8098        264     1.0958  0.000e+00
     23.866     5.9573   3.239517    32.8098        265     1.1000  0.000e+00
     23.968     5.9573   3.239498    32.8095        266     1.1042  0.000e+00
     24.090     5.9573   3.239535    32.8098        267     1.1083  0.000e+00
     24.238     5.9574   3.239560    32.8100        268     1.1125  0.000e+00
     24.400     5.9575   3.239517    32.8093        269     1.1167  0.000e+00
     24.575     5.9575   3.239560    32.8097        270     1.1208  0.000e+00
     24.746     5.9575   3.239517    32.8091        271     1.1250  0.000e+00
     24.925     5.9576   3.239560    32.8094        272     1.1292  0.000e+00
     25.096     5.9575   3.239560    32.8094        273     1.1333  0.000e+00
     25.261     5.9574   3.239579    32.8097        274     1.1375  0.000e+00
     25.416     5.9573   3.239560    32.8095        275     1.1417  0.000e+00
     25.547     5.9570   3.239579    32.8099        276     1.1458  0.000e+00
     25.656     5.9573   3.239603    32.8099        277     1.1500  0.000e+00
     25.749     5.9573   3.239603    32.8098        278     1.1542  0.000e+00
     25.831     5.9573   3.239579    32.8095        279     1.1583  0.000e+00
     25.910     5.9574   3.239603    32.8096        280     1.1625  0.000e+00
     25.997     5.9574   3.239616    32.8097        281     1.1667  0.000e+00
     26.099     5.9574   3.239622    32.8097        282     1.1708  0.000e+00
     26.211     5.9575   3.239640    32.8098        283     1.1750  0.000e+00
     26.336     5.9575   3.239622    32.8095        284     1.1792  0.000e+00
     26.472     5.9575   3.239640    32.8096        285     1.1833  0.000e+00
     26.619     5.9576   3.239665    32.8098        286     1.1875  0.000e+00
     26.789     5.9576   3.239696    32.8100        287     1.1917  0.000e+00
     26.970     5.9575   3.239684    32.8099        288     1.1958  0.000e+00
     27.153     5.9576   3.239684    32.8097        289     1.2000  0.000e+00
     27.346     5.9576   3.239702    32.8098        290     1.2042  0.000e+00
     27.546     5.9575   3.239727    32.8101        291     1.2083  0.000e+00
     27.742     5.9577   3.239788    32.8105        292     1.2125  0.000e+00
     27.952     5.9578   3.239831    32.8108        293     1.2167  0.000e+00
     28.133     5.9578   3.239850    32.8109        294     1.2208  0.000e+00
     28.313     5.9578   3.239850    32.8108        295     1.2250  0.000e+00
     28.465     5.9580   3.239893    32.8110        296     1.2292  0.000e+00
     28.595     5.9580   3.239869    32.8107        297     1.2333  0.000e+00
     28.703     5.9580   3.239869    32.8106        298     1.2375  0.000e+00
     28.798     5.9581   3.239832    32.8101        299     1.2417  0.000e+00
     28.877     5.9580   3.239850    32.8103        300     1.2458  0.000e+00
     28.947     5.9580   3.239850    32.8103        301     1.2500  0.000e+00
     29.014     5.9581   3.239869    32.8104        302     1.2542  0.000e+00
     29.063     5.9581   3.239869    32.8103        303     1.2583  0.000e+00
     29.115     5.9581   3.239869    32.8103        304     1.2625  0.000e+00
     29.168     5.9582   3.239869    32.8102        305     1.2667  0.000e+00
     29.216     5.9582   3.239869    32.8102        306     1.2708  0.000e+00
     29.272     5.9582   3.239893    32.8104        307     1.2750  0.000e+00
     29.337     5.9582   3.239893    32.8104        308     1.2792  0.000e+00
     29.419     5.9582   3.240016    32.8117        309     1.2833  0.000e+00
     29.514     5.9581   3.240158    32.8133        310     1.2875  0.000e+00
     29.626     5.9581   3.240201    32.8138        311     1.2917  0.000e+00
     29.747     5.9581   3.240324    32.8151        312     1.2958  0.000e+00
     29.892     5.9581   3.240367    32.8155        313     1.3000  0.000e+00
     30.053     5.9582   3.240404    32.8157        314     1.3042  0.000e+00
     30.227     5.9581   3.240441    32.8161        315     1.3083  0.000e+00
     30.409     5.9581   3.240404    32.8156        316     1.3125  0.000e+00
     30.605     5.9581   3.240429    32.8159        317     1.3167  0.000e+00
     30.807     5.9581   3.240429    32.8158        318     1.3208  0.000e+00
     31.015     5.9582   3.240386    32.8150        319     1.3250  0.000e+00
     31.221     5.9580   3.240386    32.8151        320     1.3292  0.000e+00
     31.431     5.9582   3.240478    32.8159        321     1.3333  0.000e+00
     31.640     5.9582   3.240656    32.8178        322     1.3375  0.000e+00
     31.842     5.9582   3.240657    32.8177        323     1.3417  0.000e+00
     32.045     5.9583   3.240737    32.8184        324     1.3458  0.000e+00
     32.233     5.9582   3.240718    32.8182        325     1.3500  0.000e+00
     32.409     5.9582   3.240694    32.8178        326     1.3542  0.000e+00
     32.569     5.9584   3.240755    32.8183        327     1.3583  0.000e+00
     32.706     5.9583   3.240829    32.8191        328     1.3625  0.000e+00
     32.821     5.9582   3.240817    32.8190        329     1.3667  0.000e+00
     32.906     5.9582   3.240798    32.8187        330     1.3708  0.000e+00
     32.972     5.9584   3.240817    32.8187        331     1.3750  0.000e+00
     33.014     5.9585   3.240841    32.8189        332     1.3792  0.000e+00
     33.059     5.9584   3.240841    32.8190        333     1.3833  0.000e+00
     33.093     5.9582   3.240841    32.8191        334     1.3875  0.000e+00
     33.124     5.9582   3.240811    32.8187        335     1.3917  0.000e+00
     33.156     5.9585   3.240780    32.8182        336     1.3958  0.000e+00
     33.203     5.9585   3.240780    32.8181        337     1.4000  0.000e+00
     33.256     5.9584   3.240841    32.8189        338     1.4042  0.000e+00
     33.324     5.9585   3.240940    32.8198        339     1.4083  0.000e+00
     33.405     5.9584   3.241026    32.8209        340     1.4125  0.000e+00
     33.513     5.9584   3.241044    32.8210        341     1.4167  0.000e+00
     33.630     5.9583   3.241106    32.8218        342     1.4208  0.000e+00
     33.762     5.9583   3.241167    32.8224        343     1.4250  0.000e+00
     33.909     5.9583   3.241167    32.8223        344     1.4292  0.000e+00
     34.068     5.9584   3.241211    32.8227        345     1.4333  0.000e+00
     34.233     5.9583   3.241254    32.8231        346     1.4375  0.000e+00
     34.412     5.9582   3.241254    32.8231        347     1.4417  0.000e+00
     34.598     5.9583   3.241223    32.8226        348     1.4458  0.000e+00
     34.795     5.9582   3.241291    32.8234        349     1.4500  0.000e+00
     34.991     5.9583   3.241395    32.8243        350     1.4542  0.000e+00
     35.193     5.9584   3.241414    32.8244        351     1.4583  0.000e+00
     35.399     5.9583   3.241457    32.8248        352     1.4625  0.000e+00
     35.593     5.9582   3.241475    32.8250        353     1.4667  0.000e+00
     35.786     5.9583   3.241476    32.8248        354     1.4708  0.000e+00
     35.968     5.9583   3.241476    32.8247        355     1.4750  0.000e+00
     36.151     5.9581   3.241519    32.8254        356     1.4792  0.000e+00
     36.331     5.9583   3.241519    32.8250        357     1.4833  0.000e+00
     36.506     5.9584   3.241543    32.8251        358     1.4875  0.000e+00
     36.659     5.9584   3.241562    32.8253        359     1.4917  0.000e+00
     36.804     5.9585   3.241562    32.8251        360     1.4958  0.000e+00
     36.936     5.9584   3.241574    32.8253        361     1.5000  0.000e+00
     37.045     5.9586   3.241580    32.8251        362     1.5042  0.000e+00
     37.148     5.9584   3.241580    32.8252        363     1.5083  0.000e+00
     37.233     5.9584   3.241605    32.8255        364     1.5125  0.000e+00
     37.313     5.9584   3.241605    32.8255        365     1.5167  0.000e+00
     37.378     5.9585   3.241667    32.8260        366     1.5208  0.000e+00
     37.448     5.9583   3.241704    32.8266        367     1.5250  0.000e+00
     37.513     5.9585   3.241753    32.8269        368     1.5292  0.000e+00
     37.588     5.9584   3.241765    32.8271        369     1.5333  0.000e+00
     37.660     5.9584   3.241765    32.8270        370     1.5375  0.000e+00
     37.738     5.9584   3.241765    32.8271        371     1.5417  0.000e+00
     37.834     5.9583   3.241765    32.8271        372     1.5458  0.000e+00
     37.933     5.9585   3.241765    32.8268        373     1.5500  0.000e+00
     38.043     5.9585   3.241833    32.8276        374     1.5542  0.000e+00
     38.161     5.9584   3.241827    32.8275        375     1.5583  0.000e+00
     38.286     5.9585   3.241790    32.8270        376     1.5625  0.000e+00
     38.414     5.9585   3.241827    32.8273        377     1.5667  0.000e+00
     38.543     5.9584   3.241827    32.8274        378     1.5708  0.000e+00
     38.681     5.9585   3.241827    32.8271        379     1.5750  0.000e+00
     38.813     5.9585   3.241870    32.8275        380     1.5792  0.000e+00
     38.953     5.9584   3.241907    32.8280        381     1.5833  0.000e+00
     39.087     5.9585   3.241932    32.8282        382     1.5875  0.000e+00
     39.232     5.9585   3.241932    32.8281        383     1.5917  0.000e+00
     39.377     5.9586   3.241932    32.8279        384     1.5958  0.000e+00
     39.524     5.9586   3.241950    32.8280        385     1.6000  0.000e+00
     39.674     5.9586   3.241993    32.8284        386     1.6042  0.000e+00
     39.828     5.9585   3.242049    32.8290        387     1.6083  0.000e+00
     39.993     5.9585   3.242079    32.8294        388     1.6125  0.000e+00
     40.159     5.9583   3.242079    32.8294        389     1.6167  0.000e+00
     40.335     5.9582   3.242116    32.8298        390     1.6208  0.000e+00
     40.507     5.9581   3.242141    32.8301        391     1.6250  0.000e+00
     40.676     5.9582   3.242141    32.8300        392     1.6292  0.000e+00
     40.837     5.9581   3.242178    32.8304        393     1.6333  0.000e+00
     40.998     5.9580   3.242283    32.8316        394     1.6375  0.000e+00
     41.145     5.9578   3.242264    32.8316        395     1.6417  0.000e+00
     41.289     5.9578   3.242326    32.8322        396     1.6458  0.000e+00
     41.422     5.9578   3.242326    32.8321        397     1.6500  0.000e+00
     41.542     5.9575   3.242344    32.8325        398     1.6542  0.000e+00
     41.657     5.9574   3.242363    32.8328        399     1.6583  0.000e+00
     41.766     5.9573   3.242381    32.8330        400     1.6625  0.000e+00
     41.876     5.9574   3.242387    32.8330        401     1.6667  0.000e+00
     41.982     5.9573   3.242406    32.8332        402     1.6708  0.000e+00
     42.100     5.9571   3.242406    32.8333        403     1.6750  0.000e+00
     42.219     5.9571   3.242406    32.8333        404     1.6792  0.000e+00
     42.338     5.9571   3.242406    32.8331        405     1.6833  0.000e+00
     42.465     5.9570   3.242431    32.8335        406     1.6875  0.000e+00
     42.595     5.9571   3.242437    32.8334        407     1.6917  0.000e+00
     42.735     5.9571   3.242449    32.8334        408     1.6958  0.000e+00
     42.872     5.9571   3.242449    32.8334        409     1.7000  0.000e+00
     43.021     5.9571   3.242468    32.8336        410     1.7042  0.000e+00
     43.164     5.9571   3.242449    32.8332        411     1.7083  0.000e+00
     43.308     5.9572   3.242449    32.8331        412     1.7125  0.000e+00
     43.448     5.9573   3.242456    32.8330        413     1.7167  0.000e+00
     43.577     5.9573   3.242493    32.8334        414     1.7208  0.000e+00
     43.705     5.9572   3.242511    32.8336        415     1.7250  0.000e+00
     43.813     5.9573   3.242493    32.8333        416     1.7292  0.000e+00
     43.918     5.9573   3.242493    32.8332        417     1.7333  0.000e+00
     44.017     5.9573   3.242573    32.8340        418     1.7375  0.000e+00
     44.119     5.9571   3.242591    32.8343        419     1.7417  0.000e+00
     44.231     5.9571   3.242634    32.8348        420     1.7458  0.000e+00
