HB2502/sbe076.cnv
* Sea-Bird SBE 19plus V2 Data File:
* FileName = C:\cruise\data\sbe076.hex
* Software Version Seasave V 7.26.7.121
* Temperature SN = 6128
* Conductivity SN = 6128
* System UpLoad Time = Apr 10 2025 19:31:10
* NMEA Latitude = 41 25.35 N
* NMEA Longitude = 068 20.34 W
* NMEA UTC (Time) = Apr 10 2025  19:30:21
** Ship: Henry Bigelow
** Cruise:  HB2502
** Program:  Spring Bottom Trawl
# nquan = 7
# nvalues = 1342                                  
# units = specified
# name 0 = depSM: Depth [salt water, m]
# name 1 = tv290C: Temperature [ITS-90, deg C]
# name 2 = c0S/m: Conductivity [S/m]
# name 3 = sal00: Salinity, Practical [PSU]
# name 4 = scan: Scan Count
# name 5 = timeM: Time, Elapsed [minutes]
# name 6 = flag:  0.000e+00
# span 0 =      0.179,     48.405                 
# span 1 =     5.8287,     7.4301                 
# span 2 =   0.004215,   3.310709                 
# span 3 =     0.0302,    33.0618                 
# span 4 =         11,       1352                 
# span 5 =     0.0417,     5.6292                 
# span 6 = 0.0000e+00, 0.0000e+00                 
# interval = seconds: 0.25
# start_time = Apr 10 2025 19:30:21 [NMEA time, header]
# bad_flag = -9.990e-29
*END*
[from data line 821]
     24.287     5.8435   3.213157    32.6235        832     3.4625  0.000e+00
     24.287     5.8440   3.213157    32.6230        833     3.4667  0.000e+00
     24.300     5.8443   3.213200    32.6232        834     3.4708  0.000e+00
     24.314     5.8444   3.213157    32.6226        835     3.4750  0.000e+00
     24.324     5.8446   3.212997    32.6207        836     3.4792  0.000e+00
     24.328     5.8441   3.212832    32.6192        837     3.4833  0.000e+00
     24.337     5.8434   3.212771    32.6193        838     3.4875  0.000e+00
     24.326     5.8422   3.212691    32.6195        839     3.4917  0.000e+00
     24.305     5.8412   3.212691    32.6205        840     3.4958  0.000e+00
     24.282     5.8406   3.212795    32.6222        841     3.5000  0.000e+00
     24.246     5.8404   3.212856    32.6232        842     3.5042  0.000e+00
     24.195     5.8406   3.212795    32.6223        843     3.5083  0.000e+00
     24.137     5.8407   3.212691    32.6211        844     3.5125  0.000e+00
     24.073     5.8404   3.212954    32.6244        845     3.5167  0.000e+00
     23.997     5.8408   3.213034    32.6249        846     3.5208  0.000e+00
     23.918     5.8417   3.212997    32.6236        847     3.5250  0.000e+00
     23.830     5.8423   3.212893    32.6220        848     3.5292  0.000e+00
     23.745     5.8423   3.212936    32.6224        849     3.5333  0.000e+00
     23.660     5.8424   3.212832    32.6213        850     3.5375  0.000e+00
     23.568     5.8421   3.212770    32.6209        851     3.5417  0.000e+00
     23.482     5.8417   3.212862    32.6224        852     3.5458  0.000e+00
     23.397     5.8416   3.212770    32.6215        853     3.5500  0.000e+00
     23.317     5.8414   3.212752    32.6215        854     3.5542  0.000e+00
     23.234     5.8411   3.212997    32.6245        855     3.5583  0.000e+00
     23.156     5.8416   3.212672    32.6205        856     3.5625  0.000e+00
     23.089     5.8413   3.212629    32.6203        857     3.5667  0.000e+00
     23.015     5.8406   3.212568    32.6204        858     3.5708  0.000e+00
     22.956     5.8399   3.212691    32.6225        859     3.5750  0.000e+00
     22.898     5.8397   3.212874    32.6247        860     3.5792  0.000e+00
     22.845     5.8406   3.212997    32.6252        861     3.5833  0.000e+00
     22.800     5.8416   3.212936    32.6236        862     3.5875  0.000e+00
     22.753     5.8422   3.212917    32.6228        863     3.5917  0.000e+00
     22.728     5.8425   3.212880    32.6222        864     3.5958  0.000e+00
     22.705     5.8424   3.212917    32.6226        865     3.6000  0.000e+00
     22.693     5.8426   3.212874    32.6221        866     3.6042  0.000e+00
     22.684     5.8427   3.212893    32.6221        867     3.6083  0.000e+00
     22.682     5.8425   3.212752    32.6207        868     3.6125  0.000e+00
     22.682     5.8422   3.212629    32.6197        869     3.6167  0.000e+00
     22.682     5.8413   3.212690    32.6212        870     3.6208  0.000e+00
     22.677     5.8408   3.212795    32.6228        871     3.6250  0.000e+00
     22.669     5.8408   3.212893    32.6240        872     3.6292  0.000e+00
     22.658     5.8413   3.212893    32.6235        873     3.6333  0.000e+00
     22.635     5.8419   3.212997    32.6241        874     3.6375  0.000e+00
     22.608     5.8423   3.212874    32.6224        875     3.6417  0.000e+00
     22.572     5.8424   3.212782    32.6212        876     3.6458  0.000e+00
     22.528     5.8423   3.212795    32.6215        877     3.6500  0.000e+00
     22.467     5.8419   3.212568    32.6193        878     3.6542  0.000e+00
     22.404     5.8416   3.212611    32.6202        879     3.6583  0.000e+00
     22.343     5.8410   3.212874    32.6238        880     3.6625  0.000e+00
     22.274     5.8410   3.212813    32.6231        881     3.6667  0.000e+00
     22.207     5.8415   3.212752    32.6220        882     3.6708  0.000e+00
     22.149     5.8415   3.212690    32.6213        883     3.6750  0.000e+00
     22.080     5.8413   3.212525    32.6197        884     3.6792  0.000e+00
     22.016     5.8406   3.212611    32.6213        885     3.6833  0.000e+00
     21.955     5.8401   3.212856    32.6246        886     3.6875  0.000e+00
     21.893     5.8406   3.213058    32.6264        887     3.6917  0.000e+00
     21.826     5.8421   3.213015    32.6245        888     3.6958  0.000e+00
     21.772     5.8434   3.213616    32.6301        889     3.7000  0.000e+00
     21.703     5.8453   3.213199    32.6235        890     3.7042  0.000e+00
     21.645     5.8467   3.212954    32.6195        891     3.7083  0.000e+00
     21.584     5.8461   3.213033    32.6210        892     3.7125  0.000e+00
     21.515     5.8457   3.213303    32.6244        893     3.7167  0.000e+00
     21.448     5.8460   3.213076    32.6216        894     3.7208  0.000e+00
     21.386     5.8463   3.213119    32.6218        895     3.7250  0.000e+00
     21.330     5.8460   3.213364    32.6249        896     3.7292  0.000e+00
     21.268     5.8467   3.213566    32.6266        897     3.7333  0.000e+00
     21.217     5.8480   3.213548    32.6251        898     3.7375  0.000e+00
     21.173     5.8492   3.213462    32.6230        899     3.7417  0.000e+00
     21.135     5.8498   3.213646    32.6245        900     3.7458  0.000e+00
     21.102     5.8504   3.213597    32.6234        901     3.7500  0.000e+00
     21.077     5.8509   3.213566    32.6226        902     3.7542  0.000e+00
     21.050     5.8511   3.214259    32.6302        903     3.7583  0.000e+00
     21.021     5.8530   3.214504    32.6311        904     3.7625  0.000e+00
     21.002     5.8562   3.214442    32.6273        905     3.7667  0.000e+00
     20.984     5.8585   3.214363    32.6243        906     3.7708  0.000e+00
     20.962     5.8592   3.214093    32.6205        907     3.7750  0.000e+00
     20.948     5.8591   3.214381    32.6239        908     3.7792  0.000e+00
     20.924     5.8592   3.214056    32.6201        909     3.7833  0.000e+00
     20.892     5.8585   3.214179    32.6223        910     3.7875  0.000e+00
     20.861     5.8581   3.214093    32.6216        911     3.7917  0.000e+00
     20.820     5.8580   3.214338    32.6245        912     3.7958  0.000e+00
     20.773     5.8586   3.214608    32.6270        913     3.8000  0.000e+00
     20.716     5.8599   3.213891    32.6177        914     3.8042  0.000e+00
     20.664     5.8592   3.213278    32.6116        915     3.8083  0.000e+00
     20.600     5.8564   3.212812    32.6091        916     3.8125  0.000e+00
     20.533     5.8517   3.212647    32.6117        917     3.8167  0.000e+00
     20.464     5.8477   3.212567    32.6147        918     3.8208  0.000e+00
     20.395     5.8446   3.212708    32.6194        919     3.8250  0.000e+00
     20.330     5.8430   3.212935    32.6234        920     3.8292  0.000e+00
     20.265     5.8432   3.213033    32.6244        921     3.8333  0.000e+00
     20.200     5.8441   3.213627    32.6303        922     3.8375  0.000e+00
     20.143     5.8463   3.213811    32.6302        923     3.8417  0.000e+00
     20.087     5.8489   3.213523    32.6245        924     3.8458  0.000e+00
     20.033     5.8505   3.213829    32.6264        925     3.8500  0.000e+00
     19.980     5.8520   3.213829    32.6250        926     3.8542  0.000e+00
     19.946     5.8531   3.213976    32.6257        927     3.8583  0.000e+00
     19.904     5.8540   3.213302    32.6171        928     3.8625  0.000e+00
     19.864     5.8529   3.212935    32.6141        929     3.8667  0.000e+00
     19.822     5.8500   3.212873    32.6162        930     3.8708  0.000e+00
     19.788     5.8476   3.212996    32.6200        931     3.8750  0.000e+00
     19.748     5.8463   3.212690    32.6178        932     3.8792  0.000e+00
     19.705     5.8450   3.212671    32.6189        933     3.8833  0.000e+00
     19.658     5.8435   3.212647    32.6201        934     3.8875  0.000e+00
     19.609     5.8428   3.213278    32.6279        935     3.8917  0.000e+00
     19.558     5.8440   3.213014    32.6238        936     3.8958  0.000e+00
     19.502     5.8451   3.212873    32.6211        937     3.9000  0.000e+00
     19.446     5.8449   3.212898    32.6216        938     3.9042  0.000e+00
     19.388     5.8447   3.212732    32.6200        939     3.9083  0.000e+00
     19.329     5.8440   3.212708    32.6204        940     3.9125  0.000e+00
     19.271     5.8433   3.212610    32.6200        941     3.9167  0.000e+00
     19.215     5.8426   3.212585    32.6205        942     3.9208  0.000e+00
     19.159     5.8416   3.212567    32.6213        943     3.9250  0.000e+00
     19.110     5.8413   3.212585    32.6218        944     3.9292  0.000e+00
     19.067     5.8410   3.212585    32.6221        945     3.9333  0.000e+00
     19.030     5.8408   3.212585    32.6223        946     3.9375  0.000e+00
     18.991     5.8410   3.213216    32.6292        947     3.9417  0.000e+00
     18.956     5.8426   3.213504    32.6309        948     3.9458  0.000e+00
     18.926     5.8457   3.213811    32.6314        949     3.9500  0.000e+00
     18.899     5.8489   3.213982    32.6303        950     3.9542  0.000e+00
     18.863     5.8518   3.214117    32.6290        951     3.9583  0.000e+00
     18.842     5.8542   3.213890    32.6241        952     3.9625  0.000e+00
     18.801     5.8555   3.213952    32.6236        953     3.9667  0.000e+00
     18.770     5.8560   3.214013    32.6238        954     3.9708  0.000e+00
     18.732     5.8565   3.213872    32.6218        955     3.9750  0.000e+00
     18.693     5.8563   3.213976    32.6232        956     3.9792  0.000e+00
     18.644     5.8563   3.214056    32.6241        957     3.9833  0.000e+00
     18.595     5.8565   3.213872    32.6218        958     3.9875  0.000e+00
     18.534     5.8566   3.213792    32.6208        959     3.9917  0.000e+00
     18.478     5.8560   3.213670    32.6201        960     3.9958  0.000e+00
     18.420     5.8554   3.213890    32.6232        961     4.0000  0.000e+00
     18.359     5.8551   3.213596    32.6202        962     4.0042  0.000e+00
     18.291     5.8548   3.214258    32.6279        963     4.0083  0.000e+00
     18.232     5.8559   3.213890    32.6228        964     4.0125  0.000e+00
     18.164     5.8567   3.213645    32.6193        965     4.0167  0.000e+00
     18.101     5.8558   3.213626    32.6200        966     4.0208  0.000e+00
     18.043     5.8549   3.214564    32.6315        967     4.0250  0.000e+00
     17.975     5.8568   3.214730    32.6315        968     4.0292  0.000e+00
     17.914     5.8596   3.214503    32.6263        969     4.0333  0.000e+00
     17.851     5.8614   3.214791    32.6278        970     4.0375  0.000e+00
     17.789     5.8632   3.214135    32.6187        971     4.0417  0.000e+00
     17.735     5.8627   3.214092    32.6188        972     4.0458  0.000e+00
     17.682     5.8610   3.214055    32.6200        973     4.0500  0.000e+00
     17.641     5.8602   3.214159    32.6220        974     4.0542  0.000e+00
     17.606     5.8595   3.214399    32.6254        975     4.0583  0.000e+00
     17.577     5.8600   3.214503    32.6261        976     4.0625  0.000e+00
     17.557     5.8612   3.214215    32.6217        977     4.0667  0.000e+00
     17.537     5.8613   3.214380    32.6234        978     4.0708  0.000e+00
     17.526     5.8616   3.214484    32.6243        979     4.0750  0.000e+00
     17.508     5.8621   3.214441    32.6233        980     4.0792  0.000e+00
     17.495     5.8625   3.214380    32.6223        981     4.0833  0.000e+00
     17.478     5.8625   3.214337    32.6219        982     4.0875  0.000e+00
     17.457     5.8624   3.214484    32.6236        983     4.0917  0.000e+00
     17.426     5.8625   3.214178    32.6200        984     4.0958  0.000e+00
     17.396     5.8620   3.214564    32.6249        985     4.1000  0.000e+00
     17.358     5.8622   3.214349    32.6223        986     4.1042  0.000e+00
     17.307     5.8622   3.214668    32.6259        987     4.1083  0.000e+00
     17.249     5.8627   3.214950    32.6286        988     4.1125  0.000e+00
     17.197     5.8649   3.214729    32.6241        989     4.1167  0.000e+00
     17.131     5.8664   3.216133    32.6384        990     4.1208  0.000e+00
     17.072     5.8708   3.213791    32.6079        991     4.1250  0.000e+00
     17.011     5.8693   3.212934    32.5997        992     4.1292  0.000e+00
     16.954     5.8623   3.212750    32.6044        993     4.1333  0.000e+00
     16.896     5.8554   3.212609    32.6096        994     4.1375  0.000e+00
     16.838     5.8501   3.212646    32.6151        995     4.1417  0.000e+00
     16.778     5.8468   3.212627    32.6181        996     4.1458  0.000e+00
     16.720     5.8449   3.212609    32.6197        997     4.1500  0.000e+00
     16.666     5.8436   3.212664    32.6217        998     4.1542  0.000e+00
     16.610     5.8430   3.212584    32.6213        999     4.1583  0.000e+00
     16.553     5.8426   3.212486    32.6207       1000     4.1625  0.000e+00
     16.493     5.8422   3.212548    32.6218       1001     4.1667  0.000e+00
     16.439     5.8418   3.212523    32.6219       1002     4.1708  0.000e+00
     16.379     5.8416   3.212523    32.6221       1003     4.1750  0.000e+00
     16.320     5.8416   3.212401    32.6208       1004     4.1792  0.000e+00
     16.263     5.8414   3.212523    32.6224       1005     4.1833  0.000e+00
     16.222     5.8412   3.212523    32.6226       1006     4.1875  0.000e+00
     16.171     5.8412   3.212505    32.6225       1007     4.1917  0.000e+00
     16.138     5.8412   3.212364    32.6209       1008     4.1958  0.000e+00
     16.096     5.8408   3.212382    32.6214       1009     4.2000  0.000e+00
     16.058     5.8404   3.212321    32.6212       1010     4.2042  0.000e+00
     16.027     5.8402   3.212278    32.6209       1011     4.2083  0.000e+00
     15.996     5.8397   3.212260    32.6212       1012     4.2125  0.000e+00
     15.966     5.8393   3.212241    32.6215       1013     4.2167  0.000e+00
     15.939     5.8390   3.212137    32.6206       1014     4.2208  0.000e+00
     15.911     5.8386   3.212180    32.6214       1015     4.2250  0.000e+00
     15.891     5.8382   3.212241    32.6226       1016     4.2292  0.000e+00
     15.866     5.8381   3.212382    32.6242       1017     4.2333  0.000e+00
     15.854     5.8387   3.212443    32.6243       1018     4.2375  0.000e+00
     15.838     5.8395   3.212400    32.6230       1019     4.2417  0.000e+00
     15.819     5.8399   3.212566    32.6245       1020     4.2458  0.000e+00
     15.796     5.8407   3.212566    32.6238       1021     4.2500  0.000e+00
     15.774     5.8413   3.212688    32.6246       1022     4.2542  0.000e+00
     15.747     5.8419   3.212878    32.6261       1023     4.2583  0.000e+00
     15.716     5.8432   3.212854    32.6247       1024     4.2625  0.000e+00
     15.664     5.8441   3.212995    32.6254       1025     4.2667  0.000e+00
     15.612     5.8449   3.213013    32.6249       1026     4.2708  0.000e+00
     15.548     5.8460   3.212854    32.6220       1027     4.2750  0.000e+00
     15.474     5.8463   3.212872    32.6219       1028     4.2792  0.000e+00
     15.402     5.8460   3.213013    32.6239       1029     4.2833  0.000e+00
     15.322     5.8465   3.213828    32.6326       1030     4.2875  0.000e+00
     15.233     5.8494   3.213583    32.6271       1031     4.2917  0.000e+00
     15.149     5.8520   3.213889    32.6281       1032     4.2958  0.000e+00
     15.065     5.8543   3.215728    32.6466       1033     4.3000  0.000e+00
     14.986     5.8610   3.215397    32.6364       1034     4.3042  0.000e+00
     14.906     5.8674   3.214796    32.6235       1035     4.3083  0.000e+00
