HB2502/sbe060.cnv
* Sea-Bird SBE 19plus V2 Data File:
* FileName = C:\cruise\data\sbe060.hex
* Software Version Seasave V 7.26.7.121
* Temperature SN = 6128
* Conductivity SN = 6128
* System UpLoad Time = Apr 05 2025 01:35:12
* NMEA Latitude = 39 49.02 N
* NMEA Longitude = 071 51.11 W
* NMEA UTC (Time) = Apr 05 2025  01:34:17
** Ship: Henry Bigelow
** Cruise:  HB2502
** Program:  Spring Bottom Trawl
# nquan = 7
# nvalues = 4087                                  
# units = specified
# name 0 = depSM: Depth [salt water, m]
# name 1 = tv290C: Temperature [ITS-90, deg C]
# name 2 = c0S/m: Conductivity [S/m]
# name 3 = sal00: Salinity, Practical [PSU]
# name 4 = scan: Scan Count
# name 5 = timeM: Time, Elapsed [minutes]
# name 6 = flag:  0.000e+00
# span 0 =     -0.031,    176.709                 
# span 1 =     4.9622,    10.6729                 
# span 2 =   0.004018,   3.857792                 
# span 3 =     0.0282,    35.0288                 
# span 4 =         11,       4097                 
# span 5 =     0.0417,    17.0667                 
# span 6 = 0.0000e+00, 0.0000e+00                 
# interval = seconds: 0.25
# start_time = Apr 05 2025 01:34:17 [NMEA time, header]
# bad_flag = -9.990e-29
*END*
[from data line 3077]
     58.547     5.0319   3.151623    32.6970       3088    12.8625  0.000e+00
     58.514     5.0313   3.151599    32.6974       3089    12.8667  0.000e+00
     58.471     5.0314   3.152542    32.7082       3090    12.8708  0.000e+00
     58.408     5.0338   3.153618    32.7182       3091    12.8750  0.000e+00
     58.330     5.0392   3.153120    32.7072       3092    12.8792  0.000e+00
     58.244     5.0436   3.151222    32.6811       3093    12.8833  0.000e+00
     58.140     5.0426   3.152481    32.6966       3094    12.8875  0.000e+00
     58.034     5.0420   3.154853    32.7245       3095    12.8917  0.000e+00
     57.911     5.0485   3.156229    32.7340       3096    12.8958  0.000e+00
     57.789     5.0597   3.156289    32.7238       3097    12.9000  0.000e+00
     57.670     5.0720   3.156368    32.7127       3098    12.9042  0.000e+00
     57.558     5.0814   3.156453    32.7045       3099    12.9083  0.000e+00
     57.448     5.0880   3.156648    32.7003       3100    12.9125  0.000e+00
     57.345     5.0933   3.156532    32.6938       3101    12.9167  0.000e+00
     57.250     5.0970   3.156392    32.6887       3102    12.9208  0.000e+00
     57.174     5.0993   3.156112    32.6832       3103    12.9250  0.000e+00
     57.110     5.1002   3.156009    32.6812       3104    12.9292  0.000e+00
     57.054     5.1005   3.155954    32.6803       3105    12.9333  0.000e+00
     57.006     5.1004   3.155869    32.6795       3106    12.9375  0.000e+00
     56.972     5.1002   3.155753    32.6784       3107    12.9417  0.000e+00
     56.941     5.0997   3.155674    32.6779       3108    12.9458  0.000e+00
     56.908     5.0991   3.155631    32.6781       3109    12.9500  0.000e+00
     56.880     5.0988   3.155571    32.6777       3110    12.9542  0.000e+00
     56.847     5.0985   3.155510    32.6773       3111    12.9583  0.000e+00
     56.800     5.0980   3.155491    32.6776       3112    12.9625  0.000e+00
     56.754     5.0977   3.155315    32.6758       3113    12.9667  0.000e+00
     56.701     5.0970   3.155035    32.6733       3114    12.9708  0.000e+00
     56.638     5.0961   3.154773    32.6713       3115    12.9750  0.000e+00
     56.573     5.0945   3.154591    32.6708       3116    12.9792  0.000e+00
     56.515     5.0928   3.154335    32.6696       3117    12.9833  0.000e+00
     56.459     5.0912   3.154256    32.6702       3118    12.9875  0.000e+00
     56.401     5.0899   3.154177    32.6707       3119    12.9917  0.000e+00
     56.351     5.0886   3.154013    32.6701       3120    12.9958  0.000e+00
     56.297     5.0875   3.153836    32.6691       3121    13.0000  0.000e+00
     56.252     5.0862   3.153654    32.6683       3122    13.0042  0.000e+00
     56.217     5.0850   3.153496    32.6677       3123    13.0083  0.000e+00
     56.185     5.0837   3.153374    32.6676       3124    13.0125  0.000e+00
     56.152     5.0824   3.153234    32.6672       3125    13.0167  0.000e+00
     56.125     5.0812   3.153094    32.6669       3126    13.0208  0.000e+00
     56.096     5.0803   3.152979    32.6665       3127    13.0250  0.000e+00
     56.072     5.0793   3.152875    32.6663       3128    13.0292  0.000e+00
     56.036     5.0782   3.152760    32.6660       3129    13.0333  0.000e+00
     56.001     5.0775   3.152656    32.6655       3130    13.0375  0.000e+00
     55.958     5.0766   3.152516    32.6648       3131    13.0417  0.000e+00
     55.904     5.0758   3.152376    32.6640       3132    13.0458  0.000e+00
     55.836     5.0750   3.152261    32.6636       3133    13.0500  0.000e+00
     55.765     5.0742   3.152157    32.6632       3134    13.0542  0.000e+00
     55.684     5.0734   3.151957    32.6617       3135    13.0583  0.000e+00
     55.601     5.0724   3.151640    32.6591       3136    13.0625  0.000e+00
     55.512     5.0707   3.151221    32.6560       3137    13.0667  0.000e+00
     55.422     5.0683   3.150643    32.6517       3138    13.0708  0.000e+00
     55.322     5.0649   3.150108    32.6490       3139    13.0750  0.000e+00
     55.237     5.0607   3.148174    32.6310       3140    13.0792  0.000e+00
     55.152     5.0543   3.149341    32.6506       3141    13.0833  0.000e+00
     55.076     5.0504   3.148192    32.6413       3142    13.0875  0.000e+00
     55.002     5.0476   3.146897    32.6292       3143    13.0917  0.000e+00
     54.929     5.0423   3.146916    32.6347       3144    13.0958  0.000e+00
     54.872     5.0376   3.146916    32.6393       3145    13.1000  0.000e+00
     54.821     5.0341   3.146861    32.6421       3146    13.1042  0.000e+00
     54.772     5.0315   3.146818    32.6442       3147    13.1083  0.000e+00
     54.720     5.0301   3.146600    32.6431       3148    13.1125  0.000e+00
     54.686     5.0289   3.146539    32.6436       3149    13.1167  0.000e+00
     54.648     5.0279   3.146660    32.6460       3150    13.1208  0.000e+00
     54.610     5.0273   3.146837    32.6486       3151    13.1250  0.000e+00
     54.572     5.0271   3.146758    32.6479       3152    13.1292  0.000e+00
     54.531     5.0270   3.146837    32.6490       3153    13.1333  0.000e+00
     54.490     5.0271   3.146897    32.6496       3154    13.1375  0.000e+00
     54.448     5.0270   3.146837    32.6490       3155    13.1417  0.000e+00
     54.398     5.0273   3.146697    32.6471       3156    13.1458  0.000e+00
     54.343     5.0270   3.146758    32.6481       3157    13.1500  0.000e+00
     54.285     5.0266   3.146958    32.6509       3158    13.1542  0.000e+00
     54.216     5.0266   3.147037    32.6518       3159    13.1583  0.000e+00
     54.153     5.0273   3.146958    32.6502       3160    13.1625  0.000e+00
     54.084     5.0275   3.146861    32.6490       3161    13.1667  0.000e+00
     54.014     5.0273   3.146241    32.6421       3162    13.1708  0.000e+00
     53.955     5.0259   3.145147    32.6309       3163    13.1750  0.000e+00
     53.894     5.0228   3.143852    32.6191       3164    13.1792  0.000e+00
     53.835     5.0178   3.143585    32.6210       3165    13.1833  0.000e+00
     53.782     5.0125   3.144071    32.6318       3166    13.1875  0.000e+00
     53.733     5.0100   3.144892    32.6437       3167    13.1917  0.000e+00
     53.697     5.0111   3.145007    32.6439       3168    13.1958  0.000e+00
     53.645     5.0138   3.145025    32.6415       3169    13.2000  0.000e+00
     53.600     5.0167   3.145208    32.6408       3170    13.2042  0.000e+00
     53.551     5.0197   3.145208    32.6379       3171    13.2083  0.000e+00
     53.507     5.0223   3.145286    32.6363       3172    13.2125  0.000e+00
     53.456     5.0246   3.145286    32.6340       3173    13.2167  0.000e+00
     53.397     5.0264   3.145268    32.6321       3174    13.2208  0.000e+00
     53.343     5.0274   3.145268    32.6311       3175    13.2250  0.000e+00
     53.277     5.0283   3.145219    32.6297       3176    13.2292  0.000e+00
     53.211     5.0286   3.145189    32.6292       3177    13.2333  0.000e+00
     53.140     5.0288   3.145110    32.6280       3178    13.2375  0.000e+00
     53.063     5.0286   3.145067    32.6278       3179    13.2417  0.000e+00
     52.983     5.0287   3.144970    32.6267       3180    13.2458  0.000e+00
     52.907     5.0282   3.144928    32.6267       3181    13.2500  0.000e+00
     52.831     5.0279   3.144891    32.6266       3182    13.2542  0.000e+00
     52.741     5.0274   3.144648    32.6244       3183    13.2583  0.000e+00
     52.662     5.0271   3.144672    32.6249       3184    13.2625  0.000e+00
     52.576     5.0265   3.144289    32.6212       3185    13.2667  0.000e+00
     52.493     5.0260   3.144235    32.6211       3186    13.2708  0.000e+00
     52.416     5.0254   3.144174    32.6210       3187    13.2750  0.000e+00
     52.351     5.0250   3.144016    32.6197       3188    13.2792  0.000e+00
     52.286     5.0244   3.143931    32.6193       3189    13.2833  0.000e+00
     52.226     5.0237   3.143712    32.6175       3190    13.2875  0.000e+00
     52.182     5.0231   3.143518    32.6159       3191    13.2917  0.000e+00
     52.139     5.0222   3.143396    32.6153       3192    13.2958  0.000e+00
     52.108     5.0214   3.143299    32.6151       3193    13.3000  0.000e+00
     52.085     5.0207   3.143256    32.6153       3194    13.3042  0.000e+00
     52.061     5.0201   3.143196    32.6152       3195    13.3083  0.000e+00
     52.040     5.0196   3.143220    32.6159       3196    13.3125  0.000e+00
     52.021     5.0194   3.143220    32.6161       3197    13.3167  0.000e+00
     51.991     5.0190   3.143183    32.6161       3198    13.3208  0.000e+00
     51.965     5.0189   3.143117    32.6154       3199    13.3250  0.000e+00
     51.938     5.0188   3.143001    32.6143       3200    13.3292  0.000e+00
     51.898     5.0185   3.142758    32.6117       3201    13.3333  0.000e+00
     51.847     5.0180   3.142600    32.6105       3202    13.3375  0.000e+00
     51.789     5.0172   3.142485    32.6099       3203    13.3417  0.000e+00
     51.735     5.0166   3.142363    32.6092       3204    13.3458  0.000e+00
     51.658     5.0156   3.142242    32.6088       3205    13.3500  0.000e+00
     51.568     5.0149   3.142223    32.6093       3206    13.3542  0.000e+00
     51.476     5.0142   3.142126    32.6089       3207    13.3583  0.000e+00
     51.378     5.0138   3.142053    32.6085       3208    13.3625  0.000e+00
     51.266     5.0132   3.142047    32.6091       3209    13.3667  0.000e+00
     51.159     5.0128   3.141907    32.6079       3210    13.3708  0.000e+00
     51.051     5.0122   3.141233    32.6008       3211    13.3750  0.000e+00
     50.945     5.0109   3.140656    32.5955       3212    13.3792  0.000e+00
     50.843     5.0087   3.140358    32.5943       3213    13.3833  0.000e+00
     50.742     5.0062   3.139842    32.5909       3214    13.3875  0.000e+00
     50.657     5.0036   3.139344    32.5878       3215    13.3917  0.000e+00
     50.575     5.0007   3.138846    32.5849       3216    13.3958  0.000e+00
     50.504     4.9977   3.138075    32.5790       3217    13.4000  0.000e+00
     50.444     4.9943   3.136982    32.5698       3218    13.4042  0.000e+00
     50.391     4.9898   3.136150    32.5646       3219    13.4083  0.000e+00
     50.349     4.9841   3.136429    32.5734       3220    13.4125  0.000e+00
     50.319     4.9802   3.136648    32.5798       3221    13.4167  0.000e+00
     50.291     4.9782   3.136484    32.5799       3222    13.4208  0.000e+00
     50.273     4.9772   3.136484    32.5809       3223    13.4250  0.000e+00
     50.255     4.9763   3.136448    32.5814       3224    13.4292  0.000e+00
     50.232     4.9758   3.136484    32.5823       3225    13.4333  0.000e+00
     50.207     4.9756   3.135992    32.5769       3226    13.4375  0.000e+00
     50.180     4.9747   3.135264    32.5694       3227    13.4417  0.000e+00
     50.147     4.9728   3.135513    32.5741       3228    13.4458  0.000e+00
     50.102     4.9710   3.134663    32.5661       3229    13.4500  0.000e+00
     50.046     4.9690   3.134402    32.5651       3230    13.4542  0.000e+00
     49.982     4.9668   3.134445    32.5678       3231    13.4583  0.000e+00
     49.908     4.9651   3.134208    32.5667       3232    13.4625  0.000e+00
     49.826     4.9637   3.134445    32.5709       3233    13.4667  0.000e+00
     49.737     4.9630   3.134445    32.5716       3234    13.4708  0.000e+00
     49.633     4.9627   3.134463    32.5722       3235    13.4750  0.000e+00
     49.528     4.9627   3.134238    32.5696       3236    13.4792  0.000e+00
     49.421     4.9624   3.133910    32.5662       3237    13.4833  0.000e+00
     49.313     4.9623   3.133492    32.5615       3238    13.4875  0.000e+00
     49.208     4.9622   3.133674    32.5638       3239    13.4917  0.000e+00
     49.099     4.9624   3.133868    32.5659       3240    13.4958  0.000e+00
     49.001     4.9638   3.134129    32.5676       3241    13.5000  0.000e+00
     48.911     4.9659   3.134444    32.5692       3242    13.5042  0.000e+00
     48.826     4.9687   3.133613    32.5569       3243    13.5083  0.000e+00
     48.748     4.9695   3.133880    32.5593       3244    13.5125  0.000e+00
     48.692     4.9685   3.133516    32.5560       3245    13.5167  0.000e+00
     48.640     4.9659   3.133394    32.5572       3246    13.5208  0.000e+00
     48.600     4.9638   3.133552    32.5612       3247    13.5250  0.000e+00
     48.563     4.9628   3.133849    32.5655       3248    13.5292  0.000e+00
     48.531     4.9639   3.133728    32.5631       3249    13.5333  0.000e+00
     48.507     4.9651   3.133910    32.5640       3250    13.5375  0.000e+00
     48.494     4.9658   3.134699    32.5724       3251    13.5417  0.000e+00
     48.480     4.9688   3.135355    32.5770       3252    13.5458  0.000e+00
     48.466     4.9732   3.135015    32.5688       3253    13.5500  0.000e+00
     48.447     4.9758   3.134189    32.5568       3254    13.5542  0.000e+00
     48.425     4.9750   3.133691    32.5518       3255    13.5583  0.000e+00
     48.398     4.9723   3.133552    32.5529       3256    13.5625  0.000e+00
     48.361     4.9695   3.133552    32.5557       3257    13.5667  0.000e+00
     48.324     4.9682   3.133315    32.5543       3258    13.5708  0.000e+00
     48.273     4.9675   3.133297    32.5547       3259    13.5750  0.000e+00
     48.212     4.9672   3.133333    32.5554       3260    13.5792  0.000e+00
     48.136     4.9671   3.133048    32.5524       3261    13.5833  0.000e+00
     48.052     4.9673   3.134662    32.5707       3262    13.5875  0.000e+00
     47.955     4.9694   3.133849    32.5594       3263    13.5917  0.000e+00
     47.857     4.9737   3.139362    32.6186       3264    13.5958  0.000e+00
     47.750     4.9874   3.147175    32.6952       3265    13.6000  0.000e+00
     47.651     5.0251   3.149169    32.6811       3266    13.6042  0.000e+00
     47.547     5.0655   3.149005    32.6396       3267    13.6083  0.000e+00
     47.445     5.0962   3.149126    32.6111       3268    13.6125  0.000e+00
     47.353     5.1148   3.149983    32.6028       3269    13.6167  0.000e+00
     47.257     5.1312   3.149089    32.5765       3270    13.6208  0.000e+00
     47.178     5.1405   3.149843    32.5762       3271    13.6250  0.000e+00
     47.109     5.1467   3.150177    32.5740       3272    13.6292  0.000e+00
     47.046     5.1500   3.149484    32.5629       3273    13.6333  0.000e+00
     46.987     5.1519   3.151041    32.5789       3274    13.6375  0.000e+00
     46.936     5.1556   3.150341    32.5673       3275    13.6417  0.000e+00
     46.883     5.1579   3.150025    32.5614       3276    13.6458  0.000e+00
     46.841     5.1583   3.151375    32.5766       3277    13.6500  0.000e+00
     46.798     5.1610   3.152014    32.5812       3278    13.6542  0.000e+00
     46.755     5.1662   3.152415    32.5808       3279    13.6583  0.000e+00
     46.715     5.1717   3.152354    32.5747       3280    13.6625  0.000e+00
     46.667     5.1762   3.153413    32.5824       3281    13.6667  0.000e+00
     46.623     5.1809   3.152153    32.5635       3282    13.6708  0.000e+00
     46.571     5.1831   3.152573    32.5662       3283    13.6750  0.000e+00
     46.525     5.1839   3.154009    32.5818       3284    13.6792  0.000e+00
     46.476     5.1864   3.154173    32.5813       3285    13.6833  0.000e+00
     46.424     5.1914   3.154514    32.5804       3286    13.6875  0.000e+00
     46.373     5.1956   3.159066    32.6283       3287    13.6917  0.000e+00
     46.326     5.2085   3.161106    32.6391       3288    13.6958  0.000e+00
     46.270     5.2320   3.162908    32.6368       3289    13.7000  0.000e+00
     46.224     5.2524   3.168257    32.6779       3290    13.7042  0.000e+00
     46.161     5.2792   3.168013    32.6490       3291    13.7083  0.000e+00
     46.106     5.3079   3.168494    32.6265       3292    13.7125  0.000e+00
