HB2502/sbe101.cnv
* Sea-Bird SBE 19plus V2 Data File:
* FileName = C:\cruise\data\sbe101.hex
* Software Version Seasave V 7.26.7.121
* Temperature SN = 6128
* Conductivity SN = 6128
* System UpLoad Time = Apr 18 2025 03:28:35
* NMEA Latitude = 42 00.63 N
* NMEA Longitude = 070 15.56 W
* NMEA UTC (Time) = Apr 18 2025  03:27:54
** Ship: Henry Bigelow
** Cruise:  HB2502
** Program:  Spring Bottom Trawl
# nquan = 7
# nvalues = 674                                   
# units = specified
# name 0 = depSM: Depth [salt water, m]
# name 1 = tv290C: Temperature [ITS-90, deg C]
# name 2 = c0S/m: Conductivity [S/m]
# name 3 = sal00: Salinity, Practical [PSU]
# name 4 = scan: Scan Count
# name 5 = timeM: Time, Elapsed [minutes]
# name 6 = flag:  0.000e+00
# span 0 =      0.487,     41.417                 
# span 1 =     5.6438,     7.5853                 
# span 2 =   3.144320,   3.303368                 
# span 3 =    31.6123,    32.5911                 
# span 4 =         11,        684                 
# span 5 =     0.0417,     2.8458                 
# span 6 = 0.0000e+00, 0.0000e+00                 
# interval = seconds: 0.25
# start_time = Apr 18 2025 03:27:54 [NMEA time, header]
# bad_flag = -9.990e-29
*END*
[from data line 206]
      8.522     5.9317   3.163042    31.9846        217     0.9000  0.000e+00
      8.714     5.9037   3.158566    31.9609        218     0.9042  0.000e+00
      8.911     5.8754   3.155426    31.9524        219     0.9083  0.000e+00
      9.101     5.8441   3.155031    31.9774        220     0.9125  0.000e+00
      9.278     5.8165   3.154952    32.0026        221     0.9167  0.000e+00
      9.457     5.7968   3.154289    32.0139        222     0.9208  0.000e+00
      9.645     5.7820   3.153815    32.0224        223     0.9250  0.000e+00
      9.842     5.7707   3.151577    32.0079        224     0.9292  0.000e+00
     10.035     5.7574   3.150859    32.0124        225     0.9333  0.000e+00
     10.227     5.7434   3.150920    32.0263        226     0.9375  0.000e+00
     10.412     5.7327   3.151084    32.0382        227     0.9417  0.000e+00
     10.598     5.7257   3.150641    32.0398        228     0.9458  0.000e+00
     10.795     5.7209   3.149765    32.0343        229     0.9500  0.000e+00
     10.994     5.7153   3.149188    32.0331        230     0.9542  0.000e+00
     11.185     5.7088   3.149048    32.0376        231     0.9583  0.000e+00
     11.371     5.7029   3.148872    32.0412        232     0.9625  0.000e+00
     11.556     5.6982   3.148890    32.0457        233     0.9667  0.000e+00
     11.749     5.6949   3.148750    32.0472        234     0.9708  0.000e+00
     11.937     5.6926   3.148513    32.0466        235     0.9750  0.000e+00
     12.129     5.6906   3.148392    32.0471        236     0.9792  0.000e+00
     12.314     5.6886   3.148252    32.0473        237     0.9833  0.000e+00
     12.499     5.6869   3.147954    32.0455        238     0.9875  0.000e+00
     12.688     5.6846   3.147614    32.0437        239     0.9917  0.000e+00
     12.873     5.6822   3.147577    32.0456        240     0.9958  0.000e+00
     13.064     5.6798   3.147437    32.0461        241     1.0000  0.000e+00
     13.245     5.6780   3.147316    32.0464        242     1.0042  0.000e+00
     13.431     5.6760   3.147377    32.0489        243     1.0083  0.000e+00
     13.610     5.6749   3.147347    32.0495        244     1.0125  0.000e+00
     13.803     5.6740   3.147219    32.0488        245     1.0167  0.000e+00
     13.991     5.6731   3.147176    32.0491        246     1.0208  0.000e+00
     14.177     5.6724   3.147097    32.0488        247     1.0250  0.000e+00
     14.361     5.6712   3.147098    32.0498        248     1.0292  0.000e+00
     14.545     5.6703   3.147079    32.0504        249     1.0333  0.000e+00
     14.733     5.6696   3.147019    32.0503        250     1.0375  0.000e+00
     14.927     5.6689   3.147116    32.0520        251     1.0417  0.000e+00
     15.113     5.6684   3.147140    32.0526        252     1.0458  0.000e+00
     15.298     5.6685   3.147238    32.0536        253     1.0500  0.000e+00
     15.484     5.6687   3.147098    32.0516        254     1.0542  0.000e+00
     15.670     5.6685   3.147256    32.0535        255     1.0583  0.000e+00
     15.868     5.6685   3.147262    32.0536        256     1.0625  0.000e+00
     16.060     5.6686   3.147341    32.0543        257     1.0667  0.000e+00
     16.254     5.6689   3.147341    32.0539        258     1.0708  0.000e+00
     16.440     5.6690   3.147420    32.0546        259     1.0750  0.000e+00
     16.629     5.6692   3.147597    32.0562        260     1.0792  0.000e+00
     16.822     5.6697   3.147676    32.0566        261     1.0833  0.000e+00
     17.022     5.6703   3.147718    32.0564        262     1.0875  0.000e+00
     17.212     5.6710   3.147755    32.0560        263     1.0917  0.000e+00
     17.397     5.6714   3.147719    32.0551        264     1.0958  0.000e+00
     17.583     5.6717   3.147858    32.0564        265     1.1000  0.000e+00
     17.773     5.6719   3.147938    32.0570        266     1.1042  0.000e+00
     17.970     5.6724   3.148138    32.0587        267     1.1083  0.000e+00
     18.160     5.6731   3.148126    32.0578        268     1.1125  0.000e+00
     18.348     5.6737   3.148175    32.0576        269     1.1167  0.000e+00
     18.531     5.6742   3.148236    32.0578        270     1.1208  0.000e+00
     18.719     5.6745   3.148315    32.0583        271     1.1250  0.000e+00
     18.909     5.6749   3.148412    32.0589        272     1.1292  0.000e+00
     19.100     5.6750   3.148613    32.0609        273     1.1333  0.000e+00
     19.281     5.6759   3.148771    32.0619        274     1.1375  0.000e+00
     19.466     5.6768   3.148734    32.0605        275     1.1417  0.000e+00
     19.644     5.6777   3.148911    32.0615        276     1.1458  0.000e+00
     19.832     5.6785   3.149032    32.0620        277     1.1500  0.000e+00
     20.017     5.6793   3.149172    32.0627        278     1.1542  0.000e+00
     20.199     5.6802   3.149233    32.0624        279     1.1583  0.000e+00
     20.384     5.6812   3.149282    32.0620        280     1.1625  0.000e+00
     20.568     5.6818   3.149373    32.0623        281     1.1667  0.000e+00
     20.758     5.6825   3.149452    32.0625        282     1.1708  0.000e+00
     20.952     5.6830   3.149550    32.0630        283     1.1750  0.000e+00
     21.143     5.6838   3.149550    32.0622        284     1.1792  0.000e+00
     21.337     5.6843   3.149550    32.0616        285     1.1833  0.000e+00
     21.526     5.6845   3.149732    32.0634        286     1.1875  0.000e+00
     21.724     5.6850   3.149708    32.0625        287     1.1917  0.000e+00
     21.919     5.6854   3.149769    32.0627        288     1.1958  0.000e+00
     22.111     5.6857   3.149769    32.0624        289     1.2000  0.000e+00
     22.301     5.6857   3.149848    32.0631        290     1.2042  0.000e+00
     22.491     5.6858   3.149848    32.0629        291     1.2083  0.000e+00
     22.686     5.6861   3.149970    32.0640        292     1.2125  0.000e+00
     22.882     5.6866   3.150122    32.0651        293     1.2167  0.000e+00
     23.068     5.6871   3.150170    32.0651        294     1.2208  0.000e+00
     23.258     5.6876   3.150347    32.0665        295     1.2250  0.000e+00
     23.448     5.6884   3.150548    32.0679        296     1.2292  0.000e+00
     23.644     5.6893   3.150627    32.0679        297     1.2333  0.000e+00
     23.838     5.6905   3.150748    32.0680        298     1.2375  0.000e+00
     24.022     5.6915   3.150828    32.0678        299     1.2417  0.000e+00
     24.212     5.6924   3.150846    32.0670        300     1.2458  0.000e+00
     24.395     5.6932   3.150968    32.0676        301     1.2500  0.000e+00
     24.579     5.6938   3.151089    32.0683        302     1.2542  0.000e+00
     24.767     5.6944   3.151223    32.0692        303     1.2583  0.000e+00
     24.954     5.6951   3.151327    32.0695        304     1.2625  0.000e+00
     25.138     5.6961   3.151406    32.0694        305     1.2667  0.000e+00
     25.324     5.6970   3.151625    32.0709        306     1.2708  0.000e+00
     25.505     5.6979   3.151704    32.0708        307     1.2750  0.000e+00
     25.692     5.6990   3.151905    32.0720        308     1.2792  0.000e+00
     25.885     5.7000   3.152166    32.0739        309     1.2833  0.000e+00
     26.069     5.7015   3.152263    32.0735        310     1.2875  0.000e+00
     26.259     5.7030   3.152343    32.0728        311     1.2917  0.000e+00
     26.439     5.7044   3.152580    32.0740        312     1.2958  0.000e+00
     26.623     5.7059   3.152762    32.0747        313     1.3000  0.000e+00
     26.819     5.7073   3.152981    32.0757        314     1.3042  0.000e+00
     27.001     5.7090   3.153000    32.0742        315     1.3083  0.000e+00
     27.188     5.7103   3.153201    32.0751        316     1.3125  0.000e+00
     27.374     5.7117   3.153298    32.0748        317     1.3167  0.000e+00
     27.564     5.7129   3.153401    32.0747        318     1.3208  0.000e+00
     27.753     5.7141   3.153578    32.0755        319     1.3250  0.000e+00
     27.944     5.7154   3.153700    32.0755        320     1.3292  0.000e+00
     28.129     5.7165   3.153706    32.0744        321     1.3333  0.000e+00
     28.317     5.7175   3.153840    32.0749        322     1.3375  0.000e+00
     28.509     5.7183   3.153937    32.0752        323     1.3417  0.000e+00
     28.706     5.7191   3.153998    32.0749        324     1.3458  0.000e+00
     28.897     5.7199   3.154101    32.0753        325     1.3500  0.000e+00
     29.090     5.7206   3.154260    32.0763        326     1.3542  0.000e+00
     29.276     5.7214   3.154296    32.0759        327     1.3583  0.000e+00
     29.463     5.7222   3.154381    32.0759        328     1.3625  0.000e+00
     29.658     5.7229   3.154479    32.0763        329     1.3667  0.000e+00
     29.849     5.7237   3.154637    32.0772        330     1.3708  0.000e+00
     30.040     5.7246   3.154795    32.0781        331     1.3750  0.000e+00
     30.228     5.7254   3.154960    32.0790        332     1.3792  0.000e+00
     30.418     5.7265   3.155160    32.0802        333     1.3833  0.000e+00
     30.610     5.7279   3.155337    32.0807        334     1.3875  0.000e+00
     30.802     5.7292   3.155477    32.0809        335     1.3917  0.000e+00
     30.990     5.7307   3.155666    32.0816        336     1.3958  0.000e+00
     31.184     5.7320   3.155818    32.0819        337     1.4000  0.000e+00
     31.366     5.7334   3.155836    32.0807        338     1.4042  0.000e+00
     31.552     5.7349   3.156055    32.0817        339     1.4083  0.000e+00
     31.746     5.7362   3.156354    32.0837        340     1.4125  0.000e+00
     31.938     5.7375   3.156676    32.0860        341     1.4167  0.000e+00
     32.120     5.7395   3.156974    32.0873        342     1.4208  0.000e+00
     32.303     5.7418   3.157054    32.0859        343     1.4250  0.000e+00
     32.491     5.7438   3.157273    32.0864        344     1.4292  0.000e+00
     32.683     5.7458   3.157394    32.0858        345     1.4333  0.000e+00
     32.878     5.7476   3.157614    32.0864        346     1.4375  0.000e+00
     33.059     5.7493   3.157973    32.0888        347     1.4417  0.000e+00
     33.246     5.7512   3.158155    32.0890        348     1.4458  0.000e+00
     33.438     5.7533   3.158375    32.0893        349     1.4500  0.000e+00
     33.626     5.7554   3.158515    32.0888        350     1.4542  0.000e+00
     33.824     5.7573   3.158734    32.0894        351     1.4583  0.000e+00
     34.012     5.7592   3.158856    32.0888        352     1.4625  0.000e+00
     34.202     5.7609   3.159038    32.0892        353     1.4667  0.000e+00
     34.388     5.7625   3.159172    32.0891        354     1.4708  0.000e+00
     34.574     5.7643   3.159355    32.0894        355     1.4750  0.000e+00
     34.770     5.7657   3.159592    32.0905        356     1.4792  0.000e+00
     34.957     5.7674   3.159556    32.0885        357     1.4833  0.000e+00
     35.143     5.7687   3.159818    32.0901        358     1.4875  0.000e+00
     35.322     5.7699   3.160013    32.0910        359     1.4917  0.000e+00
     35.506     5.7712   3.160074    32.0904        360     1.4958  0.000e+00
     35.698     5.7728   3.160293    32.0913        361     1.5000  0.000e+00
     35.886     5.7740   3.160476    32.0920        362     1.5042  0.000e+00
     36.071     5.7755   3.160597    32.0920        363     1.5083  0.000e+00
     36.254     5.7768   3.160756    32.0923        364     1.5125  0.000e+00
     36.442     5.7783   3.160975    32.0934        365     1.5167  0.000e+00
     36.632     5.7797   3.161133    32.0937        366     1.5208  0.000e+00
     36.826     5.7812   3.161298    32.0940        367     1.5250  0.000e+00
     37.015     5.7829   3.161395    32.0934        368     1.5292  0.000e+00
     37.197     5.7843   3.161578    32.0940        369     1.5333  0.000e+00
     37.387     5.7854   3.161895    32.0964        370     1.5375  0.000e+00
     37.573     5.7869   3.162218    32.0986        371     1.5417  0.000e+00
     37.766     5.7883   3.162419    32.0994        372     1.5458  0.000e+00
     37.955     5.7901   3.162863    32.1026        373     1.5500  0.000e+00
     38.139     5.7916   3.163418    32.1073        374     1.5542  0.000e+00
     38.324     5.7936   3.163801    32.1096        375     1.5583  0.000e+00
     38.516     5.7960   3.163996    32.1094        376     1.5625  0.000e+00
     38.707     5.7981   3.164740    32.1157        377     1.5667  0.000e+00
     38.904     5.8007   3.164740    32.1131        378     1.5708  0.000e+00
     39.098     5.8030   3.165063    32.1145        379     1.5750  0.000e+00
     39.286     5.8051   3.165379    32.1160        380     1.5792  0.000e+00
     39.478     5.8070   3.165940    32.1203        381     1.5833  0.000e+00
     39.671     5.8095   3.166342    32.1224        382     1.5875  0.000e+00
     39.864     5.8120   3.166586    32.1226        383     1.5917  0.000e+00
     40.054     5.8145   3.166702    32.1214        384     1.5958  0.000e+00
     40.245     5.8166   3.166805    32.1205        385     1.6000  0.000e+00
     40.436     5.8181   3.167025    32.1214        386     1.6042  0.000e+00
     40.630     5.8195   3.167323    32.1234        387     1.6083  0.000e+00
     40.820     5.8208   3.167445    32.1235        388     1.6125  0.000e+00
     41.006     5.8220   3.167525    32.1231        389     1.6167  0.000e+00
     41.198     5.8230   3.167610    32.1230        390     1.6208  0.000e+00
     41.369     5.8237   3.167689    32.1231        391     1.6250  0.000e+00
     41.417     5.8240   3.167708    32.1231        392     1.6292  0.000e+00
     41.412     5.8242   3.167610    32.1217        393     1.6333  0.000e+00
     41.370     5.8242   3.167506    32.1206        394     1.6375  0.000e+00
     41.348     5.8230   3.167445    32.1211        395     1.6417  0.000e+00
     41.359     5.8217   3.167409    32.1219        396     1.6458  0.000e+00
     41.381     5.8204   3.167385    32.1229        397     1.6500  0.000e+00
     41.387     5.8192   3.167409    32.1243        398     1.6542  0.000e+00
     41.372     5.8185   3.167348    32.1243        399     1.6583  0.000e+00
     41.356     5.8178   3.167287    32.1242        400     1.6625  0.000e+00
     41.360     5.8170   3.167269    32.1248        401     1.6667  0.000e+00
     41.371     5.8164   3.167348    32.1262        402     1.6708  0.000e+00
     41.375     5.8159   3.167366    32.1269        403     1.6750  0.000e+00
     41.368     5.8159   3.167305    32.1262        404     1.6792  0.000e+00
     41.365     5.8157   3.167287    32.1262        405     1.6833  0.000e+00
     41.372     5.8156   3.167446    32.1282        406     1.6875  0.000e+00
     41.371     5.8158   3.167525    32.1288        407     1.6917  0.000e+00
     41.373     5.8165   3.167549    32.1284        408     1.6958  0.000e+00
     41.377     5.8171   3.167506    32.1274        409     1.7000  0.000e+00
     41.372     5.8178   3.167488    32.1265        410     1.7042  0.000e+00
     41.372     5.8181   3.167366    32.1248        411     1.7083  0.000e+00
     41.375     5.8177   3.167348    32.1250        412     1.7125  0.000e+00
     41.374     5.8173   3.167446    32.1265        413     1.7167  0.000e+00
     41.370     5.8172   3.167464    32.1268        414     1.7208  0.000e+00
     41.372     5.8173   3.167427    32.1263        415     1.7250  0.000e+00
     41.375     5.8173   3.167324    32.1252        416     1.7292  0.000e+00
     41.374     5.8169   3.167305    32.1253        417     1.7333  0.000e+00
     41.375     5.8165   3.167385    32.1266        418     1.7375  0.000e+00
     41.377     5.8163   3.167446    32.1274        419     1.7417  0.000e+00
     41.378     5.8164   3.167506    32.1281        420     1.7458  0.000e+00
