HB2502/sbe148.cnv
* Sea-Bird SBE 19plus V2 Data File:
* FileName = C:\cruise\data\sbe148.hex
* Software Version Seasave V 7.26.7.121
* Temperature SN = 6128
* Conductivity SN = 6128
* System UpLoad Time = May 08 2025 19:54:25
* NMEA Latitude = 42 11.88 N
* NMEA Longitude = 067 58.56 W
* NMEA UTC (Time) = May 08 2025  19:53:06
** Ship: Henry Bigelow
** Cruise:  HB2502
** Program:  Spring Bottom Trawl
# nquan = 7
# nvalues = 4727                                  
# units = specified
# name 0 = depSM: Depth [salt water, m]
# name 1 = tv290C: Temperature [ITS-90, deg C]
# name 2 = c0S/m: Conductivity [S/m]
# name 3 = sal00: Salinity, Practical [PSU]
# name 4 = scan: Scan Count
# name 5 = timeM: Time, Elapsed [minutes]
# name 6 = flag:  0.000e+00
# span 0 =     -0.128,    200.223                 
# span 1 =     5.5907,    11.5656                 
# span 2 =   0.007865,   3.673699                 
# span 3 =     0.0513,    34.6229                 
# span 4 =         11,       4737                 
# span 5 =     0.0417,    19.7333                 
# span 6 = 0.0000e+00, 0.0000e+00                 
# interval = seconds: 0.25
# start_time = May 08 2025 19:53:06 [NMEA time, header]
# bad_flag = -9.990e-29
*END*
[from data line 2667]
    106.187     5.6219   3.230158    32.9902       2678    11.1542  0.000e+00
    106.129     5.6218   3.230096    32.9895       2679    11.1583  0.000e+00
    106.072     5.6218   3.230060    32.9892       2680    11.1625  0.000e+00
    106.011     5.6217   3.230078    32.9896       2681    11.1667  0.000e+00
    105.957     5.6217   3.230035    32.9891       2682    11.1708  0.000e+00
    105.908     5.6215   3.230017    32.9890       2683    11.1750  0.000e+00
    105.852     5.6214   3.230078    32.9899       2684    11.1792  0.000e+00
    105.805     5.6214   3.230035    32.9894       2685    11.1833  0.000e+00
    105.765     5.6215   3.229974    32.9887       2686    11.1875  0.000e+00
    105.720     5.6215   3.229931    32.9882       2687    11.1917  0.000e+00
    105.676     5.6212   3.229906    32.9883       2688    11.1958  0.000e+00
    105.636     5.6211   3.229789    32.9870       2689    11.2000  0.000e+00
    105.600     5.6208   3.229808    32.9875       2690    11.2042  0.000e+00
    105.560     5.6206   3.229808    32.9878       2691    11.2083  0.000e+00
    105.507     5.6205   3.229728    32.9870       2692    11.2125  0.000e+00
    105.458     5.6201   3.229623    32.9862       2693    11.2167  0.000e+00
    105.391     5.6199   3.229544    32.9855       2694    11.2208  0.000e+00
    105.328     5.6194   3.229525    32.9858       2695    11.2250  0.000e+00
    105.253     5.6191   3.229544    32.9864       2696    11.2292  0.000e+00
    105.170     5.6190   3.229556    32.9866       2697    11.2333  0.000e+00
    105.092     5.6187   3.229544    32.9869       2698    11.2375  0.000e+00
    104.999     5.6185   3.229501    32.9866       2699    11.2417  0.000e+00
    104.909     5.6184   3.229359    32.9852       2700    11.2458  0.000e+00
    104.811     5.6182   3.229316    32.9850       2701    11.2500  0.000e+00
    104.724     5.6179   3.229316    32.9853       2702    11.2542  0.000e+00
    104.639     5.6176   3.229298    32.9854       2703    11.2583  0.000e+00
    104.559     5.6173   3.229255    32.9852       2704    11.2625  0.000e+00
    104.481     5.6173   3.229304    32.9858       2705    11.2667  0.000e+00
    104.414     5.6176   3.229298    32.9855       2706    11.2708  0.000e+00
    104.356     5.6178   3.229298    32.9854       2707    11.2750  0.000e+00
    104.314     5.6178   3.229279    32.9852       2708    11.2792  0.000e+00
    104.280     5.6177   3.229255    32.9850       2709    11.2833  0.000e+00
    104.257     5.6177   3.229255    32.9850       2710    11.2875  0.000e+00
    104.237     5.6176   3.229236    32.9849       2711    11.2917  0.000e+00
    104.228     5.6175   3.229236    32.9850       2712    11.2958  0.000e+00
    104.227     5.6173   3.229187    32.9846       2713    11.3000  0.000e+00
    104.231     5.6173   3.229193    32.9847       2714    11.3042  0.000e+00
    104.233     5.6172   3.229218    32.9851       2715    11.3083  0.000e+00
    104.236     5.6173   3.229193    32.9847       2716    11.3125  0.000e+00
    104.227     5.6172   3.229175    32.9846       2717    11.3167  0.000e+00
    104.210     5.6171   3.229193    32.9849       2718    11.3208  0.000e+00
    104.189     5.6171   3.229193    32.9850       2719    11.3250  0.000e+00
    104.160     5.6170   3.229175    32.9848       2720    11.3292  0.000e+00
    104.123     5.6171   3.229187    32.9849       2721    11.3333  0.000e+00
    104.067     5.6169   3.229156    32.9848       2722    11.3375  0.000e+00
    104.000     5.6167   3.229175    32.9852       2723    11.3417  0.000e+00
    103.925     5.6168   3.229193    32.9853       2724    11.3458  0.000e+00
    103.829     5.6170   3.229132    32.9845       2725    11.3500  0.000e+00
    103.736     5.6169   3.229113    32.9844       2726    11.3542  0.000e+00
    103.627     5.6169   3.229113    32.9845       2727    11.3583  0.000e+00
    103.513     5.6167   3.229113    32.9847       2728    11.3625  0.000e+00
    103.391     5.6166   3.229113    32.9849       2729    11.3667  0.000e+00
    103.266     5.6167   3.229144    32.9852       2730    11.3708  0.000e+00
    103.154     5.6167   3.229132    32.9851       2731    11.3750  0.000e+00
    103.042     5.6168   3.229132    32.9851       2732    11.3792  0.000e+00
    102.938     5.6171   3.229132    32.9848       2733    11.3833  0.000e+00
    102.850     5.6172   3.229070    32.9841       2734    11.3875  0.000e+00
    102.772     5.6175   3.229095    32.9841       2735    11.3917  0.000e+00
    102.712     5.6174   3.229131    32.9847       2736    11.3958  0.000e+00
    102.658     5.6175   3.229131    32.9846       2737    11.4000  0.000e+00
    102.626     5.6177   3.229107    32.9842       2738    11.4042  0.000e+00
    102.600     5.6176   3.229113    32.9844       2739    11.4083  0.000e+00
    102.577     5.6177   3.229095    32.9841       2740    11.4125  0.000e+00
    102.564     5.6175   3.229095    32.9842       2741    11.4167  0.000e+00
    102.549     5.6173   3.229095    32.9844       2742    11.4208  0.000e+00
    102.532     5.6175   3.229095    32.9842       2743    11.4250  0.000e+00
    102.523     5.6173   3.229070    32.9842       2744    11.4292  0.000e+00
    102.509     5.6172   3.229113    32.9847       2745    11.4333  0.000e+00
    102.487     5.6173   3.229088    32.9844       2746    11.4375  0.000e+00
    102.469     5.6172   3.229095    32.9846       2747    11.4417  0.000e+00
    102.439     5.6173   3.229070    32.9842       2748    11.4458  0.000e+00
    102.409     5.6172   3.229070    32.9843       2749    11.4500  0.000e+00
    102.371     5.6172   3.229113    32.9848       2750    11.4542  0.000e+00
    102.320     5.6174   3.229070    32.9842       2751    11.4583  0.000e+00
    102.270     5.6174   3.229070    32.9841       2752    11.4625  0.000e+00
    102.213     5.6174   3.229052    32.9840       2753    11.4667  0.000e+00
    102.142     5.6173   3.229070    32.9844       2754    11.4708  0.000e+00
    102.068     5.6173   3.229070    32.9843       2755    11.4750  0.000e+00
    101.990     5.6173   3.229008    32.9837       2756    11.4792  0.000e+00
    101.903     5.6173   3.229033    32.9840       2757    11.4833  0.000e+00
    101.812     5.6172   3.228990    32.9837       2758    11.4875  0.000e+00
    101.717     5.6173   3.229033    32.9842       2759    11.4917  0.000e+00
    101.616     5.6171   3.228947    32.9834       2760    11.4958  0.000e+00
    101.509     5.6171   3.228886    32.9828       2761    11.5000  0.000e+00
    101.417     5.6172   3.228867    32.9825       2762    11.5042  0.000e+00
    101.314     5.6171   3.228910    32.9831       2763    11.5083  0.000e+00
    101.221     5.6172   3.228842    32.9823       2764    11.5125  0.000e+00
    101.134     5.6170   3.228842    32.9826       2765    11.5167  0.000e+00
    101.056     5.6169   3.228824    32.9825       2766    11.5208  0.000e+00
    100.978     5.6167   3.228806    32.9825       2767    11.5250  0.000e+00
    100.909     5.6168   3.228781    32.9822       2768    11.5292  0.000e+00
    100.842     5.6166   3.228763    32.9822       2769    11.5333  0.000e+00
    100.788     5.6165   3.228824    32.9831       2770    11.5375  0.000e+00
    100.738     5.6166   3.228775    32.9824       2771    11.5417  0.000e+00
    100.697     5.6166   3.228720    32.9818       2772    11.5458  0.000e+00
    100.656     5.6164   3.228683    32.9816       2773    11.5500  0.000e+00
    100.633     5.6161   3.228658    32.9816       2774    11.5542  0.000e+00
    100.605     5.6161   3.228658    32.9816       2775    11.5583  0.000e+00
    100.579     5.6162   3.228719    32.9822       2776    11.5625  0.000e+00
    100.559     5.6161   3.228683    32.9819       2777    11.5667  0.000e+00
    100.545     5.6163   3.228701    32.9820       2778    11.5708  0.000e+00
    100.529     5.6162   3.228701    32.9821       2779    11.5750  0.000e+00
    100.519     5.6162   3.228713    32.9822       2780    11.5792  0.000e+00
    100.510     5.6162   3.228744    32.9825       2781    11.5833  0.000e+00
    100.490     5.6163   3.228744    32.9825       2782    11.5875  0.000e+00
    100.479     5.6164   3.228762    32.9826       2783    11.5917  0.000e+00
    100.455     5.6165   3.228744    32.9823       2784    11.5958  0.000e+00
    100.435     5.6165   3.228719    32.9821       2785    11.6000  0.000e+00
    100.404     5.6165   3.228658    32.9813       2786    11.6042  0.000e+00
    100.375     5.6164   3.228640    32.9812       2787    11.6083  0.000e+00
    100.337     5.6160   3.228560    32.9807       2788    11.6125  0.000e+00
    100.283     5.6162   3.228474    32.9796       2789    11.6167  0.000e+00
    100.225     5.6157   3.228394    32.9792       2790    11.6208  0.000e+00
    100.158     5.6153   3.228228    32.9778       2791    11.6250  0.000e+00
    100.073     5.6148   3.228087    32.9767       2792    11.6292  0.000e+00
     99.985     5.6139   3.227921    32.9758       2793    11.6333  0.000e+00
     99.881     5.6132   3.227860    32.9758       2794    11.6375  0.000e+00
     99.765     5.6126   3.227841    32.9763       2795    11.6417  0.000e+00
     99.645     5.6118   3.227798    32.9766       2796    11.6458  0.000e+00
     99.531     5.6115   3.227719    32.9760       2797    11.6500  0.000e+00
     99.411     5.6112   3.227676    32.9759       2798    11.6542  0.000e+00
     99.287     5.6109   3.227534    32.9746       2799    11.6583  0.000e+00
     99.172     5.6105   3.227510    32.9749       2800    11.6625  0.000e+00
     99.057     5.6101   3.227448    32.9746       2801    11.6667  0.000e+00
     98.959     5.6097   3.227411    32.9746       2802    11.6708  0.000e+00
     98.871     5.6095   3.227368    32.9744       2803    11.6750  0.000e+00
     98.793     5.6091   3.227325    32.9743       2804    11.6792  0.000e+00
     98.733     5.6088   3.227313    32.9745       2805    11.6833  0.000e+00
     98.682     5.6087   3.227325    32.9748       2806    11.6875  0.000e+00
     98.647     5.6086   3.227307    32.9747       2807    11.6917  0.000e+00
     98.617     5.6084   3.227325    32.9751       2808    11.6958  0.000e+00
     98.606     5.6084   3.227289    32.9747       2809    11.7000  0.000e+00
     98.599     5.6082   3.227264    32.9746       2810    11.7042  0.000e+00
     98.597     5.6083   3.227264    32.9745       2811    11.7083  0.000e+00
     98.607     5.6083   3.227264    32.9745       2812    11.7125  0.000e+00
     98.617     5.6083   3.227264    32.9745       2813    11.7167  0.000e+00
     98.633     5.6081   3.227233    32.9743       2814    11.7208  0.000e+00
     98.644     5.6083   3.227289    32.9748       2815    11.7250  0.000e+00
     98.655     5.6083   3.227289    32.9747       2816    11.7292  0.000e+00
     98.656     5.6084   3.227307    32.9749       2817    11.7333  0.000e+00
     98.651     5.6083   3.227289    32.9748       2818    11.7375  0.000e+00
     98.635     5.6083   3.227289    32.9747       2819    11.7417  0.000e+00
     98.615     5.6085   3.227307    32.9748       2820    11.7458  0.000e+00
     98.572     5.6083   3.227307    32.9750       2821    11.7500  0.000e+00
     98.526     5.6083   3.227276    32.9746       2822    11.7542  0.000e+00
     98.475     5.6082   3.227246    32.9744       2823    11.7583  0.000e+00
     98.417     5.6083   3.227227    32.9742       2824    11.7625  0.000e+00
     98.357     5.6081   3.227104    32.9730       2825    11.7667  0.000e+00
     98.291     5.6080   3.227000    32.9719       2826    11.7708  0.000e+00
     98.227     5.6077   3.227000    32.9723       2827    11.7750  0.000e+00
     98.155     5.6075   3.226939    32.9718       2828    11.7792  0.000e+00
     98.084     5.6070   3.226859    32.9715       2829    11.7833  0.000e+00
     98.011     5.6066   3.226834    32.9716       2830    11.7875  0.000e+00
     97.941     5.6063   3.226810    32.9716       2831    11.7917  0.000e+00
     97.868     5.6060   3.226816    32.9720       2832    11.7958  0.000e+00
     97.796     5.6059   3.226797    32.9720       2833    11.8000  0.000e+00
     97.719     5.6058   3.226816    32.9723       2834    11.8042  0.000e+00
     97.647     5.6058   3.226773    32.9718       2835    11.8083  0.000e+00
     97.572     5.6059   3.226773    32.9718       2836    11.8125  0.000e+00
     97.495     5.6059   3.226754    32.9717       2837    11.8167  0.000e+00
     97.416     5.6056   3.226797    32.9724       2838    11.8208  0.000e+00
     97.341     5.6061   3.226828    32.9723       2839    11.8250  0.000e+00
     97.264     5.6061   3.226816    32.9723       2840    11.8292  0.000e+00
     97.188     5.6062   3.226797    32.9719       2841    11.8333  0.000e+00
     97.108     5.6065   3.226773    32.9714       2842    11.8375  0.000e+00
     97.031     5.6065   3.226772    32.9715       2843    11.8417  0.000e+00
     96.953     5.6065   3.226797    32.9718       2844    11.8458  0.000e+00
     96.879     5.6065   3.226754    32.9714       2845    11.8500  0.000e+00
     96.802     5.6065   3.226736    32.9712       2846    11.8542  0.000e+00
     96.728     5.6064   3.226711    32.9710       2847    11.8583  0.000e+00
     96.665     5.6064   3.226729    32.9713       2848    11.8625  0.000e+00
     96.601     5.6064   3.226693    32.9709       2849    11.8667  0.000e+00
     96.552     5.6062   3.226674    32.9709       2850    11.8708  0.000e+00
     96.507     5.6063   3.226711    32.9712       2851    11.8750  0.000e+00
     96.466     5.6064   3.226711    32.9712       2852    11.8792  0.000e+00
     96.439     5.6065   3.226674    32.9707       2853    11.8833  0.000e+00
     96.422     5.6065   3.226674    32.9707       2854    11.8875  0.000e+00
     96.412     5.6065   3.226692    32.9709       2855    11.8917  0.000e+00
     96.401     5.6066   3.226674    32.9706       2856    11.8958  0.000e+00
     96.390     5.6065   3.226692    32.9709       2857    11.9000  0.000e+00
     96.381     5.6065   3.226692    32.9709       2858    11.9042  0.000e+00
     96.374     5.6065   3.226692    32.9709       2859    11.9083  0.000e+00
     96.361     5.6064   3.226692    32.9710       2860    11.9125  0.000e+00
     96.337     5.6065   3.226692    32.9709       2861    11.9167  0.000e+00
     96.313     5.6066   3.226674    32.9706       2862    11.9208  0.000e+00
     96.284     5.6066   3.226711    32.9711       2863    11.9250  0.000e+00
     96.239     5.6065   3.226674    32.9707       2864    11.9292  0.000e+00
     96.197     5.6065   3.226649    32.9705       2865    11.9333  0.000e+00
     96.143     5.6066   3.226613    32.9700       2866    11.9375  0.000e+00
     96.083     5.6063   3.226570    32.9699       2867    11.9417  0.000e+00
     96.023     5.6064   3.226570    32.9698       2868    11.9458  0.000e+00
     95.956     5.6062   3.226588    32.9702       2869    11.9500  0.000e+00
     95.894     5.6061   3.226527    32.9697       2870    11.9542  0.000e+00
     95.827     5.6060   3.226527    32.9698       2871    11.9583  0.000e+00
     95.766     5.6060   3.226551    32.9701       2872    11.9625  0.000e+00
     95.706     5.6061   3.226508    32.9695       2873    11.9667  0.000e+00
     95.651     5.6059   3.226496    32.9696       2874    11.9708  0.000e+00
     95.591     5.6060   3.226490    32.9695       2875    11.9750  0.000e+00
     95.536     5.6059   3.226465    32.9693       2876    11.9792  0.000e+00
     95.482     5.6060   3.226465    32.9693       2877    11.9833  0.000e+00
     95.430     5.6058   3.226447    32.9693       2878    11.9875  0.000e+00
     95.371     5.6059   3.226447    32.9692       2879    11.9917  0.000e+00
     95.316     5.6059   3.226447    32.9692       2880    11.9958  0.000e+00
     95.258     5.6058   3.226428    32.9691       2881    12.0000  0.000e+00
