HB2502/sbe140.cnv
* Sea-Bird SBE 19plus V2 Data File:
* FileName = C:\cruise\data\sbe140.hex
* Software Version Seasave V 7.26.7.121
* Temperature SN = 6128
* Conductivity SN = 6128
* System UpLoad Time = May 07 2025 03:42:31
* NMEA Latitude = 42 35.12 N
* NMEA Longitude = 066 50.82 W
* NMEA UTC (Time) = May 07 2025  03:41:10
** Ship: Henry Bigelow
** Cruise:  HB2502
** Program:  Spring Bottom Trawl
# nquan = 7
# nvalues = 4222                                  
# units = specified
# name 0 = depSM: Depth [salt water, m]
# name 1 = tv290C: Temperature [ITS-90, deg C]
# name 2 = c0S/m: Conductivity [S/m]
# name 3 = sal00: Salinity, Practical [PSU]
# name 4 = scan: Scan Count
# name 5 = timeM: Time, Elapsed [minutes]
# name 6 = flag:  0.000e+00
# span 0 =     -0.074,    205.118                 
# span 1 =     5.0526,     9.4805                 
# span 2 =   0.005608,   3.712984                 
# span 3 =     0.0385,    35.0046                 
# span 4 =         11,       4232                 
# span 5 =     0.0417,    17.6292                 
# span 6 = 0.0000e+00, 0.0000e+00                 
# interval = seconds: 0.25
# start_time = May 07 2025 03:41:10 [NMEA time, header]
# bad_flag = -9.990e-29
*END*
[from data line 1847]
    170.505     8.8852   3.707075    34.9514       1858     7.7375  0.000e+00
    170.424     8.8836   3.707327    34.9557       1859     7.7417  0.000e+00
    170.337     8.8829   3.706523    34.9480       1860     7.7458  0.000e+00
    170.234     8.8815   3.704786    34.9311       1861     7.7500  0.000e+00
    170.121     8.8765   3.705220    34.9407       1862     7.7542  0.000e+00
    169.998     8.8719   3.705383    34.9470       1863     7.7583  0.000e+00
    169.863     8.8694   3.705940    34.9554       1864     7.7625  0.000e+00
    169.720     8.8693   3.703555    34.9305       1865     7.7667  0.000e+00
    169.566     8.8664   3.702181    34.9189       1866     7.7708  0.000e+00
    169.409     8.8590   3.701610    34.9203       1867     7.7750  0.000e+00
    169.242     8.8514   3.702634    34.9386       1868     7.7792  0.000e+00
    169.073     8.8470   3.703004    34.9469       1869     7.7833  0.000e+00
    168.903     8.8456   3.701267    34.9302       1870     7.7875  0.000e+00
    168.738     8.8435   3.699945    34.9184       1871     7.7917  0.000e+00
    168.568     8.8376   3.699719    34.9219       1872     7.7958  0.000e+00
    168.407     8.8316   3.699395    34.9244       1873     7.8000  0.000e+00
    168.255     8.8268   3.697024    34.9043       1874     7.8042  0.000e+00
    168.104     8.8211   3.694628    34.8848       1875     7.8083  0.000e+00
    167.963     8.8131   3.690297    34.8471       1876     7.8125  0.000e+00
    167.831     8.8002   3.688596    34.8420       1877     7.8167  0.000e+00
    167.712     8.7856   3.687049    34.8402       1878     7.8208  0.000e+00
    167.598     8.7711   3.685846    34.8418       1879     7.8250  0.000e+00
    167.491     8.7585   3.685491    34.8504       1880     7.8292  0.000e+00
    167.395     8.7484   3.685484    34.8604       1881     7.8333  0.000e+00
    167.311     8.7417   3.685277    34.8648       1882     7.8375  0.000e+00
    167.232     8.7374   3.684753    34.8636       1883     7.8417  0.000e+00
    167.159     8.7337   3.684391    34.8635       1884     7.8458  0.000e+00
    167.092     8.7304   3.684107    34.8637       1885     7.8500  0.000e+00
    167.029     8.7278   3.683939    34.8645       1886     7.8542  0.000e+00
    166.971     8.7257   3.683958    34.8668       1887     7.8583  0.000e+00
    166.909     8.7244   3.683958    34.8682       1888     7.8625  0.000e+00
    166.848     8.7240   3.684061    34.8696       1889     7.8667  0.000e+00
    166.781     8.7239   3.684074    34.8699       1890     7.8708  0.000e+00
    166.716     8.7242   3.684230    34.8713       1891     7.8750  0.000e+00
    166.645     8.7249   3.684391    34.8724       1892     7.8792  0.000e+00
    166.567     8.7260   3.684411    34.8715       1893     7.8833  0.000e+00
    166.490     8.7268   3.684799    34.8748       1894     7.8875  0.000e+00
    166.403     8.7283   3.685297    34.8787       1895     7.8917  0.000e+00
    166.309     8.7308   3.685549    34.8789       1896     7.8958  0.000e+00
    166.204     8.7337   3.685710    34.8778       1897     7.9000  0.000e+00
    166.086     8.7363   3.685859    34.8769       1898     7.9042  0.000e+00
    165.957     8.7388   3.685458    34.8702       1899     7.9083  0.000e+00
    165.818     8.7399   3.684869    34.8630       1900     7.9125  0.000e+00
    165.653     8.7390   3.683434    34.8489       1901     7.9167  0.000e+00
    165.492     8.7356   3.681054    34.8272       1902     7.9208  0.000e+00
    165.309     8.7277   3.679554    34.8192       1903     7.9250  0.000e+00
    165.125     8.7165   3.677221    34.8058       1904     7.9292  0.000e+00
    164.927     8.7030   3.675864    34.8048       1905     7.9333  0.000e+00
    164.734     8.6891   3.670993    34.7672       1906     7.9375  0.000e+00
    164.551     8.6704   3.668850    34.7630       1907     7.9417  0.000e+00
    164.368     8.6486   3.668734    34.7832       1908     7.9458  0.000e+00
    164.207     8.6313   3.668779    34.8009       1909     7.9500  0.000e+00
    164.070     8.6199   3.668805    34.8124       1910     7.9542  0.000e+00
    163.962     8.6130   3.668850    34.8197       1911     7.9583  0.000e+00
    163.872     8.6092   3.668824    34.8232       1912     7.9625  0.000e+00
    163.805     8.6070   3.668915    34.8264       1913     7.9667  0.000e+00
    163.771     8.6057   3.669050    34.8291       1914     7.9708  0.000e+00
    163.746     8.6055   3.669167    34.8305       1915     7.9750  0.000e+00
    163.733     8.6059   3.669212    34.8307       1916     7.9792  0.000e+00
    163.729     8.6065   3.669212    34.8301       1917     7.9833  0.000e+00
    163.715     8.6070   3.669192    34.8294       1918     7.9875  0.000e+00
    163.700     8.6073   3.669186    34.8290       1919     7.9917  0.000e+00
    163.679     8.6076   3.669186    34.8287       1920     7.9958  0.000e+00
    163.635     8.6077   3.669167    34.8284       1921     8.0000  0.000e+00
    163.581     8.6078   3.669095    34.8276       1922     8.0042  0.000e+00
    163.510     8.6079   3.668960    34.8261       1923     8.0083  0.000e+00
    163.418     8.6073   3.668501    34.8219       1924     8.0125  0.000e+00
    163.309     8.6064   3.667901    34.8165       1925     8.0167  0.000e+00
    163.190     8.6041   3.667604    34.8157       1926     8.0208  0.000e+00
    163.053     8.6014   3.667585    34.8182       1927     8.0250  0.000e+00
    162.908     8.5993   3.667649    34.8210       1928     8.0292  0.000e+00
    162.756     8.5983   3.667191    34.8173       1929     8.0333  0.000e+00
    162.604     8.5972   3.660770    34.7505       1930     8.0375  0.000e+00
    162.449     8.5863   3.657300    34.7246       1931     8.0417  0.000e+00
    162.301     8.5656   3.651472    34.6834       1932     8.0458  0.000e+00
    162.168     8.5382   3.646486    34.6575       1933     8.0500  0.000e+00
    162.035     8.5058   3.640634    34.6275       1934     8.0542  0.000e+00
    161.907     8.4672   3.638710    34.6450       1935     8.0583  0.000e+00
    161.783     8.4329   3.637964    34.6709       1936     8.0625  0.000e+00
    161.657     8.4067   3.637436    34.6911       1937     8.0667  0.000e+00
    161.541     8.3875   3.631467    34.6466       1938     8.0708  0.000e+00
    161.427     8.3664   3.628163    34.6324       1939     8.0750  0.000e+00
    161.304     8.3395   3.618385    34.5549       1940     8.0792  0.000e+00
    161.186     8.3026   3.614790    34.5530       1941     8.0833  0.000e+00
    161.067     8.2614   3.612371    34.5678       1942     8.0875  0.000e+00
    160.942     8.2254   3.613565    34.6159       1943     8.0917  0.000e+00
    160.812     8.2015   3.612173    34.6247       1944     8.0958  0.000e+00
    160.684     8.1859   3.610505    34.6224       1945     8.1000  0.000e+00
    160.558     8.1724   3.609729    34.6275       1946     8.1042  0.000e+00
    160.431     8.1609   3.609998    34.6417       1947     8.1083  0.000e+00
    160.306     8.1521   3.609665    34.6470       1948     8.1125  0.000e+00
    160.191     8.1471   3.609197    34.6469       1949     8.1167  0.000e+00
    160.075     8.1429   3.608113    34.6395       1950     8.1208  0.000e+00
    159.977     8.1376   3.604637    34.6077       1951     8.1250  0.000e+00
    159.884     8.1270   3.603708    34.6082       1952     8.1292  0.000e+00
    159.805     8.1147   3.602868    34.6114       1953     8.1333  0.000e+00
    159.732     8.1040   3.603176    34.6253       1954     8.1375  0.000e+00
    159.671     8.0970   3.603105    34.6315       1955     8.1417  0.000e+00
    159.617     8.0929   3.603105    34.6356       1956     8.1458  0.000e+00
    159.570     8.0902   3.602625    34.6332       1957     8.1500  0.000e+00
    159.530     8.0879   3.601894    34.6276       1958     8.1542  0.000e+00
    159.495     8.0849   3.601362    34.6249       1959     8.1583  0.000e+00
    159.457     8.0813   3.600631    34.6207       1960     8.1625  0.000e+00
    159.423     8.0771   3.599856    34.6166       1961     8.1667  0.000e+00
    159.364     8.0725   3.599369    34.6158       1962     8.1708  0.000e+00
    159.298     8.0677   3.598773    34.6143       1963     8.1750  0.000e+00
    159.215     8.0630   3.598447    34.6155       1964     8.1792  0.000e+00
    159.116     8.0587   3.598088    34.6159       1965     8.1833  0.000e+00
    158.996     8.0548   3.597915    34.6180       1966     8.1875  0.000e+00
    158.859     8.0516   3.597716    34.6190       1967     8.1917  0.000e+00
    158.703     8.0493   3.597383    34.6179       1968     8.1958  0.000e+00
    158.530     8.0468   3.596698    34.6130       1969     8.2000  0.000e+00
    158.347     8.0439   3.595570    34.6039       1970     8.2042  0.000e+00
    158.160     8.0391   3.587376    34.5210       1971     8.2083  0.000e+00
    157.981     8.0221   3.579438    34.4528       1972     8.2125  0.000e+00
    157.811     7.9906   3.566469    34.3449       1973     8.2167  0.000e+00
    157.641     7.9428   3.560726    34.3303       1974     8.2208  0.000e+00
    157.490     7.8877   3.560076    34.3776       1975     8.2250  0.000e+00
    157.348     7.8434   3.558392    34.4032       1976     8.2292  0.000e+00
    157.217     7.8103   3.555899    34.4090       1977     8.2333  0.000e+00
    157.103     7.7837   3.554605    34.4213       1978     8.2375  0.000e+00
    157.004     7.7620   3.553776    34.4339       1979     8.2417  0.000e+00
    156.910     7.7452   3.553496    34.4475       1980     8.2458  0.000e+00
    156.828     7.7333   3.553407    34.4584       1981     8.2500  0.000e+00
    156.754     7.7254   3.553235    34.4643       1982     8.2542  0.000e+00
    156.692     7.7206   3.553056    34.4672       1983     8.2583  0.000e+00
    156.638     7.7173   3.552795    34.4677       1984     8.2625  0.000e+00
    156.586     7.7149   3.552534    34.4672       1985     8.2667  0.000e+00
    156.538     7.7125   3.552081    34.4647       1986     8.2708  0.000e+00
    156.495     7.7100   3.551386    34.4597       1987     8.2750  0.000e+00
    156.444     7.7070   3.550539    34.4535       1988     8.2792  0.000e+00
    156.388     7.7027   3.549558    34.4472       1989     8.2833  0.000e+00
    156.326     7.6973   3.548818    34.4446       1990     8.2875  0.000e+00
    156.253     7.6915   3.548060    34.4422       1991     8.2917  0.000e+00
    156.158     7.6856   3.547493    34.4420       1992     8.2958  0.000e+00
    156.057     7.6797   3.546774    34.4401       1993     8.3000  0.000e+00
    155.938     7.6742   3.546366    34.4411       1994     8.3042  0.000e+00
    155.804     7.6690   3.546060    34.4430       1995     8.3083  0.000e+00
    155.661     7.6647   3.545321    34.4394       1996     8.3125  0.000e+00
    155.501     7.6604   3.543978    34.4292       1997     8.3167  0.000e+00
    155.337     7.6546   3.541030    34.4032       1998     8.3208  0.000e+00
    155.174     7.6445   3.538732    34.3883       1999     8.3250  0.000e+00
    155.011     7.6312   3.537039    34.3834       2000     8.3292  0.000e+00
    154.859     7.6164   3.535697    34.3835       2001     8.3333  0.000e+00
    154.725     7.6031   3.533922    34.3775       2002     8.3375  0.000e+00
    154.604     7.5903   3.533490    34.3856       2003     8.3417  0.000e+00
    154.504     7.5799   3.533057    34.3912       2004     8.3458  0.000e+00
    154.431     7.5725   3.533102    34.3990       2005     8.3500  0.000e+00
    154.385     7.5678   3.532987    34.4024       2006     8.3542  0.000e+00
    154.347     7.5651   3.532930    34.4045       2007     8.3583  0.000e+00
    154.329     7.5635   3.533019    34.4071       2008     8.3625  0.000e+00
    154.316     7.5631   3.533038    34.4077       2009     8.3667  0.000e+00
    154.298     7.5628   3.533038    34.4080       2010     8.3708  0.000e+00
    154.283     7.5629   3.532841    34.4058       2011     8.3750  0.000e+00
    154.249     7.5628   3.532587    34.4031       2012     8.3792  0.000e+00
    154.207     7.5621   3.532148    34.3990       2013     8.3833  0.000e+00
    154.162     7.5609   3.531569    34.3940       2014     8.3875  0.000e+00
    154.099     7.5587   3.531264    34.3930       2015     8.3917  0.000e+00
    154.030     7.5562   3.530831    34.3907       2016     8.3958  0.000e+00
    153.949     7.5534   3.530335    34.3882       2017     8.4000  0.000e+00
    153.862     7.5507   3.529515    34.3820       2018     8.4042  0.000e+00
    153.760     7.5480   3.528975    34.3789       2019     8.4083  0.000e+00
    153.647     7.5447   3.528168    34.3734       2020     8.4125  0.000e+00
    153.524     7.5414   3.527684    34.3715       2021     8.4167  0.000e+00
    153.391     7.5379   3.527379    34.3717       2022     8.4208  0.000e+00
    153.257     7.5352   3.527100    34.3715       2023     8.4250  0.000e+00
    153.114     7.5329   3.526362    34.3658       2024     8.4292  0.000e+00
    152.969     7.5306   3.525676    34.3607       2025     8.4333  0.000e+00
    152.826     7.5277   3.524831    34.3545       2026     8.4375  0.000e+00
    152.690     7.5244   3.524272    34.3518       2027     8.4417  0.000e+00
    152.560     7.5210   3.523884    34.3510       2028     8.4458  0.000e+00
    152.437     7.5181   3.523414    34.3488       2029     8.4500  0.000e+00
    152.324     7.5154   3.523261    34.3499       2030     8.4542  0.000e+00
    152.223     7.5133   3.523064    34.3499       2031     8.4583  0.000e+00
    152.147     7.5119   3.522721    34.3476       2032     8.4625  0.000e+00
    152.084     7.5108   3.522581    34.3472       2033     8.4667  0.000e+00
    152.028     7.5096   3.522181    34.3440       2034     8.4708  0.000e+00
    151.988     7.5085   3.521857    34.3417       2035     8.4750  0.000e+00
    151.957     7.5068   3.521622    34.3408       2036     8.4792  0.000e+00
    151.931     7.5052   3.521514    34.3413       2037     8.4833  0.000e+00
    151.910     7.5038   3.521470    34.3421       2038     8.4875  0.000e+00
    151.888     7.5029   3.521425    34.3425       2039     8.4917  0.000e+00
    151.872     7.5025   3.521343    34.3421       2040     8.4958  0.000e+00
    151.854     7.5019   3.521190    34.3410       2041     8.5000  0.000e+00
    151.838     7.5012   3.521152    34.3413       2042     8.5042  0.000e+00
    151.816     7.5008   3.521152    34.3417       2043     8.5083  0.000e+00
    151.792     7.5005   3.521000    34.3404       2044     8.5125  0.000e+00
    151.755     7.5003   3.520974    34.3403       2045     8.5167  0.000e+00
    151.709     7.5000   3.520847    34.3392       2046     8.5208  0.000e+00
    151.653     7.4997   3.520739    34.3384       2047     8.5250  0.000e+00
    151.582     7.4995   3.520460    34.3356       2048     8.5292  0.000e+00
    151.490     7.4987   3.519793    34.3292       2049     8.5333  0.000e+00
    151.394     7.4973   3.519253    34.3248       2050     8.5375  0.000e+00
    151.278     7.4949   3.518593    34.3200       2051     8.5417  0.000e+00
    151.155     7.4921   3.518307    34.3197       2052     8.5458  0.000e+00
    151.015     7.4891   3.518136    34.3209       2053     8.5500  0.000e+00
    150.867     7.4868   3.517812    34.3198       2054     8.5542  0.000e+00
    150.711     7.4846   3.517621    34.3200       2055     8.5583  0.000e+00
    150.546     7.4826   3.517437    34.3200       2056     8.5625  0.000e+00
    150.380     7.4810   3.516802    34.3148       2057     8.5667  0.000e+00
    150.204     7.4792   3.515666    34.3043       2058     8.5708  0.000e+00
    150.029     7.4756   3.514783    34.2984       2059     8.5750  0.000e+00
    149.855     7.4704   3.514720    34.3029       2060     8.5792  0.000e+00
    149.688     7.4659   3.514441    34.3044       2061     8.5833  0.000e+00
