HB2502/sbe105.cnv
* Sea-Bird SBE 19plus V2 Data File:
* FileName = C:\cruise\data\sbe105.hex
* Software Version Seasave V 7.26.7.121
* Temperature SN = 6128
* Conductivity SN = 6128
* System UpLoad Time = Apr 18 2025 12:31:34
* NMEA Latitude = 42 15.84 N
* NMEA Longitude = 070 18.32 W
* NMEA UTC (Time) = Apr 18 2025  12:30:54
** Ship: Henry Bigelow
** Cruise:  HB2502
** Program:  Spring Bottom Trawl
# nquan = 7
# nvalues = 670                                   
# units = specified
# name 0 = depSM: Depth [salt water, m]
# name 1 = tv290C: Temperature [ITS-90, deg C]
# name 2 = c0S/m: Conductivity [S/m]
# name 3 = sal00: Salinity, Practical [PSU]
# name 4 = scan: Scan Count
# name 5 = timeM: Time, Elapsed [minutes]
# name 6 = flag:  0.000e+00
# span 0 =      0.208,     30.446                 
# span 1 =     4.6103,     5.6340                 
# span 2 =   0.219897,   3.100707                 
# span 3 =     1.8570,    32.4162                 
# span 4 =         11,        680                 
# span 5 =     0.0417,     2.8292                 
# span 6 = 0.0000e+00, 0.0000e+00                 
# interval = seconds: 0.25
# start_time = Apr 18 2025 12:30:54 [NMEA time, header]
# bad_flag = -9.990e-29
*END*
      8.303     5.2217   3.064411    31.5423         11     0.0417  0.000e+00
      8.487     5.2142   3.063888    31.5434         12     0.0458  0.000e+00
      8.673     5.2067   3.064447    31.5568         13     0.0500  0.000e+00
      8.865     5.1993   3.064893    31.5687         14     0.0542  0.000e+00
      9.064     5.1915   3.064718    31.5740         15     0.0583  0.000e+00
      9.265     5.1839   3.064508    31.5787         16     0.0625  0.000e+00
      9.457     5.1769   3.064237    31.5821         17     0.0667  0.000e+00
      9.653     5.1699   3.064719    31.5941         18     0.0708  0.000e+00
      9.846     5.1629   3.064893    31.6027         19     0.0750  0.000e+00
     10.046     5.1564   3.065182    31.6120         20     0.0792  0.000e+00
     10.243     5.1505   3.065104    31.6166         21     0.0833  0.000e+00
     10.438     5.1452   3.065146    31.6220         22     0.0875  0.000e+00
     10.625     5.1402   3.065790    31.6340         23     0.0917  0.000e+00
     10.810     5.1359   3.066844    31.6500         24     0.0958  0.000e+00
     10.997     5.1322   3.067175    31.6572         25     0.1000  0.000e+00
     11.086     5.1296   3.066862    31.6560         26     0.1042  0.000e+00
     11.105     5.1297   3.069059    31.6810         27     0.1083  0.000e+00
     11.064     5.1324   3.071974    31.7117         28     0.1125  0.000e+00
     11.019     5.1359   3.073739    31.7286         29     0.1167  0.000e+00
     11.002     5.1374   3.074251    31.7330         30     0.1208  0.000e+00
     11.019     5.1385   3.075462    31.7458         31     0.1250  0.000e+00
     11.033     5.1408   3.072998    31.7154         32     0.1292  0.000e+00
     11.028     5.1509   3.076914    31.7505         33     0.1333  0.000e+00
     11.006     5.1621   3.076257    31.7324         34     0.1375  0.000e+00
     10.994     5.1720   3.080157    31.7675         35     0.1417  0.000e+00
     11.003     5.1826   3.080277    31.7587         36     0.1458  0.000e+00
     11.024     5.1991   3.080235    31.7427         37     0.1500  0.000e+00
     11.032     5.2221   3.080048    31.7187         38     0.1542  0.000e+00
     11.034     5.2447   3.080506    31.7024         39     0.1583  0.000e+00
     11.034     5.2632   3.081753    31.6991         40     0.1625  0.000e+00
     11.046     5.2767   3.081458    31.6829         41     0.1667  0.000e+00
     11.057     5.2864   3.081132    31.6700         42     0.1708  0.000e+00
     11.065     5.2924   3.081361    31.6670         43     0.1750  0.000e+00
     11.062     5.2973   3.081904    31.6685         44     0.1792  0.000e+00
     11.065     5.3012   3.082531    31.6720         45     0.1833  0.000e+00
     11.071     5.3038   3.083249    31.6776         46     0.1875  0.000e+00
     11.066     5.3055   3.084202    31.6868         47     0.1917  0.000e+00
     11.060     5.3076   3.085426    31.6988         48     0.1958  0.000e+00
     11.055     5.3096   3.086615    31.7104         49     0.2000  0.000e+00
     11.043     5.3119   3.087580    31.7191         50     0.2042  0.000e+00
     11.032     5.3146   3.088425    31.7262         51     0.2083  0.000e+00
     11.029     5.3176   3.089204    31.7322         52     0.2125  0.000e+00
     11.029     5.3208   3.089868    31.7368         53     0.2167  0.000e+00
     11.023     5.3237   3.090236    31.7382         54     0.2208  0.000e+00
     11.024     5.3276   3.090417    31.7365         55     0.2250  0.000e+00
     11.028     5.3348   3.090531    31.7310         56     0.2292  0.000e+00
     11.025     5.3483   3.090845    31.7218         57     0.2333  0.000e+00
     11.032     5.3657   3.091485    31.7125         58     0.2375  0.000e+00
     11.035     5.3824   3.092191    31.7048         59     0.2417  0.000e+00
     11.037     5.3965   3.092988    31.7004         60     0.2458  0.000e+00
     11.042     5.4082   3.093809    31.6987         61     0.2500  0.000e+00
     11.043     5.4181   3.094510    31.6973         62     0.2542  0.000e+00
     11.043     5.4270   3.095078    31.6953         63     0.2583  0.000e+00
     11.048     5.4351   3.095567    31.6932         64     0.2625  0.000e+00
     11.049     5.4428   3.095959    31.6903         65     0.2667  0.000e+00
     11.047     5.4502   3.096310    31.6873         66     0.2708  0.000e+00
     11.044     5.4573   3.096563    31.6835         67     0.2750  0.000e+00
     11.041     5.4639   3.096829    31.6803         68     0.2792  0.000e+00
     11.034     5.4700   3.097071    31.6773         69     0.2833  0.000e+00
     11.023     5.4755   3.097264    31.6743         70     0.2875  0.000e+00
     11.018     5.4803   3.097403    31.6713         71     0.2917  0.000e+00
     11.010     5.4851   3.097499    31.6679         72     0.2958  0.000e+00
     11.001     5.4894   3.097572    31.6647         73     0.3000  0.000e+00
     10.997     5.4938   3.097542    31.6601         74     0.3042  0.000e+00
     10.995     5.4983   3.097366    31.6539         75     0.3083  0.000e+00
     10.989     5.5033   3.097113    31.6463         76     0.3125  0.000e+00
     10.991     5.5089   3.096835    31.6380         77     0.3167  0.000e+00
     10.995     5.5149   3.096683    31.6305         78     0.3208  0.000e+00
     11.005     5.5220   3.096702    31.6241         79     0.3250  0.000e+00
     11.014     5.5289   3.096853    31.6193         80     0.3292  0.000e+00
     11.017     5.5351   3.097052    31.6157         81     0.3333  0.000e+00
     11.024     5.5403   3.097324    31.6139         82     0.3375  0.000e+00
     11.035     5.5446   3.097559    31.6125         83     0.3417  0.000e+00
     11.042     5.5486   3.097813    31.6116         84     0.3458  0.000e+00
     11.052     5.5523   3.098006    31.6103         85     0.3500  0.000e+00
     11.055     5.5559   3.098188    31.6089         86     0.3542  0.000e+00
     11.060     5.5595   3.098333    31.6072         87     0.3583  0.000e+00
     11.058     5.5628   3.098496    31.6059         88     0.3625  0.000e+00
     11.059     5.5661   3.098635    31.6044         89     0.3667  0.000e+00
     11.062     5.5687   3.098792    31.6037         90     0.3708  0.000e+00
     11.057     5.5712   3.098888    31.6024         91     0.3750  0.000e+00
     11.052     5.5735   3.099015    31.6017         92     0.3792  0.000e+00
     11.046     5.5753   3.099124    31.6012         93     0.3833  0.000e+00
     11.040     5.5773   3.099203    31.6003         94     0.3875  0.000e+00
     11.036     5.5789   3.099299    31.5998         95     0.3917  0.000e+00
     11.033     5.5806   3.099335    31.5987         96     0.3958  0.000e+00
     11.029     5.5821   3.099366    31.5976         97     0.4000  0.000e+00
     11.027     5.5836   3.099414    31.5967         98     0.4042  0.000e+00
     11.024     5.5851   3.099456    31.5958         99     0.4083  0.000e+00
     11.021     5.5866   3.099474    31.5946        100     0.4125  0.000e+00
     11.015     5.5881   3.099517    31.5937        101     0.4167  0.000e+00
     11.013     5.5894   3.099529    31.5926        102     0.4208  0.000e+00
     11.011     5.5906   3.099553    31.5918        103     0.4250  0.000e+00
     11.001     5.5918   3.099553    31.5906        104     0.4292  0.000e+00
     10.997     5.5933   3.099517    31.5888        105     0.4333  0.000e+00
     10.999     5.5944   3.099474    31.5872        106     0.4375  0.000e+00
     10.996     5.5959   3.099408    31.5851        107     0.4417  0.000e+00
     10.992     5.5972   3.099335    31.5831        108     0.4458  0.000e+00
     10.994     5.5985   3.099281    31.5813        109     0.4500  0.000e+00
     10.997     5.6003   3.099220    31.5789        110     0.4542  0.000e+00
     10.996     5.6022   3.099160    31.5764        111     0.4583  0.000e+00
     11.000     5.6041   3.099160    31.5746        112     0.4625  0.000e+00
     11.005     5.6060   3.099202    31.5733        113     0.4667  0.000e+00
     11.012     5.6079   3.099238    31.5719        114     0.4708  0.000e+00
     11.016     5.6099   3.099335    31.5712        115     0.4750  0.000e+00
     11.024     5.6118   3.099438    31.5706        116     0.4792  0.000e+00
     11.026     5.6135   3.099571    31.5704        117     0.4833  0.000e+00
     11.038     5.6154   3.099710    31.5702        118     0.4875  0.000e+00
     11.043     5.6169   3.099806    31.5699        119     0.4917  0.000e+00
     11.053     5.6182   3.099927    31.5700        120     0.4958  0.000e+00
     11.063     5.6193   3.100024    31.5701        121     0.5000  0.000e+00
     11.065     5.6205   3.100109    31.5699        122     0.5042  0.000e+00
     11.061     5.6214   3.100181    31.5699        123     0.5083  0.000e+00
     11.070     5.6220   3.100296    31.5706        124     0.5125  0.000e+00
     11.062     5.6227   3.100393    31.5710        125     0.5167  0.000e+00
     11.062     5.6231   3.100526    31.5721        126     0.5208  0.000e+00
     11.051     5.6235   3.100568    31.5723        127     0.5250  0.000e+00
     11.046     5.6238   3.100647    31.5728        128     0.5292  0.000e+00
     11.035     5.6241   3.100671    31.5729        129     0.5333  0.000e+00
     11.028     5.6242   3.100647    31.5725        130     0.5375  0.000e+00
     11.013     5.6245   3.100646    31.5722        131     0.5417  0.000e+00
     11.002     5.6246   3.100610    31.5717        132     0.5458  0.000e+00
     10.999     5.6247   3.100610    31.5717        133     0.5500  0.000e+00
     10.992     5.6247   3.100671    31.5723        134     0.5542  0.000e+00
     10.988     5.6248   3.100707    31.5727        135     0.5583  0.000e+00
     10.982     5.6250   3.100707    31.5725        136     0.5625  0.000e+00
     10.975     5.6250   3.100646    31.5717        137     0.5667  0.000e+00
     10.975     5.6250   3.100435    31.5694        138     0.5708  0.000e+00
     10.976     5.6252   3.100199    31.5665        139     0.5750  0.000e+00
     10.978     5.6252   3.099867    31.5629        140     0.5792  0.000e+00
     10.985     5.6251   3.099613    31.5600        141     0.5833  0.000e+00
     10.992     5.6252   3.099534    31.5591        142     0.5875  0.000e+00
     11.001     5.6254   3.099534    31.5589        143     0.5917  0.000e+00
     11.008     5.6259   3.099571    31.5588        144     0.5958  0.000e+00
     11.018     5.6267   3.099673    31.5592        145     0.6000  0.000e+00
     11.027     5.6280   3.099740    31.5587        146     0.6042  0.000e+00
     11.040     5.6291   3.099849    31.5589        147     0.6083  0.000e+00
     11.049     5.6302   3.099885    31.5583        148     0.6125  0.000e+00
     11.060     5.6313   3.099927    31.5577        149     0.6167  0.000e+00
     11.067     5.6320   3.099927    31.5570        150     0.6208  0.000e+00
     11.076     5.6326   3.099963    31.5569        151     0.6250  0.000e+00
     11.080     5.6333   3.100006    31.5567        152     0.6292  0.000e+00
     11.082     5.6335   3.100042    31.5569        153     0.6333  0.000e+00
     11.082     5.6338   3.100060    31.5568        154     0.6375  0.000e+00
     11.080     5.6340   3.100060    31.5567        155     0.6417  0.000e+00
     11.076     5.6338   3.100006    31.5563        156     0.6458  0.000e+00
     11.069     5.6338   3.099945    31.5555        157     0.6500  0.000e+00
     11.066     5.6338   3.099613    31.5519        158     0.6542  0.000e+00
     11.053     5.6305   3.079181    31.3250        159     0.6583  0.000e+00
     11.044     5.5649   3.075301    31.3424        160     0.6625  0.000e+00
     11.033     5.4381   3.075188    31.4597        161     0.6667  0.000e+00
     11.024     5.3281   3.074996    31.5610        162     0.6708  0.000e+00
     11.013     5.2502   3.075539    31.6407        163     0.6750  0.000e+00
     10.996     5.2013   3.075684    31.6887        164     0.6792  0.000e+00
     10.993     5.1728   3.075871    31.7179        165     0.6833  0.000e+00
     10.984     5.1578   3.075733    31.7305        166     0.6875  0.000e+00
     10.978     5.1495   3.075600    31.7369        167     0.6917  0.000e+00
     10.971     5.1428   3.075968    31.7475        168     0.6958  0.000e+00
     10.968     5.1398   3.075811    31.7485        169     0.7000  0.000e+00
     10.970     5.1389   3.076022    31.7518        170     0.7042  0.000e+00
     10.973     5.1395   3.075968    31.7506        171     0.7083  0.000e+00
     10.975     5.1399   3.076173    31.7526        172     0.7125  0.000e+00
     10.981     5.1409   3.076221    31.7521        173     0.7167  0.000e+00
     10.980     5.1428   3.076143    31.7495        174     0.7208  0.000e+00
     10.992     5.1442   3.076118    31.7479        175     0.7250  0.000e+00
     10.999     5.1454   3.076257    31.7483        176     0.7292  0.000e+00
     11.012     5.1465   3.076197    31.7466        177     0.7333  0.000e+00
     11.015     5.1473   3.076275    31.7467        178     0.7375  0.000e+00
     11.026     5.1481   3.076275    31.7460        179     0.7417  0.000e+00
     11.029     5.1488   3.076275    31.7453        180     0.7458  0.000e+00
     11.039     5.1498   3.076275    31.7443        181     0.7500  0.000e+00
     11.040     5.1511   3.076317    31.7435        182     0.7542  0.000e+00
     11.046     5.1523   3.076359    31.7429        183     0.7583  0.000e+00
     11.056     5.1533   3.076353    31.7418        184     0.7625  0.000e+00
     11.016     5.1542   3.076468    31.7423        185     0.7667  0.000e+00
     10.949     5.1555   3.074805    31.7222        186     0.7708  0.000e+00
     10.873     5.1570   3.073636    31.7075        187     0.7750  0.000e+00
     10.763     5.1557   3.068547    31.6507        188     0.7792  0.000e+00
     10.652     5.1475   3.065165    31.6199        189     0.7833  0.000e+00
     10.529     5.1332   3.061825    31.5954        190     0.7875  0.000e+00
     10.366     5.1186   3.057442    31.5593        191     0.7917  0.000e+00
     10.157     5.1078   3.054346    31.5343        192     0.7958  0.000e+00
      9.928     5.1071   3.051306    31.5004        193     0.8000  0.000e+00
      9.693     5.1184   3.050639    31.4822        194     0.8042  0.000e+00
      9.465     5.1313   3.050615    31.4699        195     0.8083  0.000e+00
      9.255     5.1385   3.051594    31.4744        196     0.8125  0.000e+00
      9.044     5.1301   3.050476    31.4697        197     0.8167  0.000e+00
      8.803     5.1246   3.050596    31.4763        198     0.8208  0.000e+00
      8.568     5.1301   3.050656    31.4719        199     0.8250  0.000e+00
      8.332     5.1404   3.050494    31.4605        200     0.8292  0.000e+00
      8.119     5.1507   3.051269    31.4597        201     0.8333  0.000e+00
      7.900     5.1614   3.051689    31.4545        202     0.8375  0.000e+00
      7.670     5.1747   3.051695    31.4422        203     0.8417  0.000e+00
      7.437     5.1863   3.051232    31.4261        204     0.8458  0.000e+00
      7.214     5.1932   3.051094    31.4182        205     0.8500  0.000e+00
      7.004     5.1968   3.050577    31.4090        206     0.8542  0.000e+00
      6.803     5.1956   3.052169    31.4283        207     0.8583  0.000e+00
      6.587     5.1965   3.052499    31.4314        208     0.8625  0.000e+00
      6.370     5.2066   3.052686    31.4241        209     0.8667  0.000e+00
      6.156     5.2170   3.052613    31.4136        210     0.8708  0.000e+00
      5.949     5.2233   3.052595    31.4076        211     0.8750  0.000e+00
      5.755     5.2243   3.052607    31.4069        212     0.8792  0.000e+00
      5.545     5.2243   3.052673    31.4077        213     0.8833  0.000e+00
      5.337     5.2248   3.052727    31.4079        214     0.8875  0.000e+00
      5.126     5.2275   3.052967    31.4083        215     0.8917  0.000e+00
