HB2502/sbe153.cnv
* Sea-Bird SBE 19plus V2 Data File:
* FileName = C:\cruise\data\sbe153.hex
* Software Version Seasave V 7.26.7.121
* Temperature SN = 6128
* Conductivity SN = 6128
* System UpLoad Time = May 10 2025 14:12:47
* NMEA Latitude = 43 11.13 N
* NMEA Longitude = 067 18.84 W
* NMEA UTC (Time) = May 10 2025  14:11:29
** Ship: Henry Bigelow
** Cruise:  HB2502
** Program:  Spring Bottom Trawl
# nquan = 7
# nvalues = 4727                                  
# units = specified
# name 0 = depSM: Depth [salt water, m]
# name 1 = tv290C: Temperature [ITS-90, deg C]
# name 2 = c0S/m: Conductivity [S/m]
# name 3 = sal00: Salinity, Practical [PSU]
# name 4 = scan: Scan Count
# name 5 = timeM: Time, Elapsed [minutes]
# name 6 = flag:  0.000e+00
# span 0 =     -0.212,    201.232                 
# span 1 =     5.4583,     7.6135                 
# span 2 =   0.007436,   3.494318                 
# span 3 =     0.0523,    34.1673                 
# span 4 =         11,       4737                 
# span 5 =     0.0417,    19.7333                 
# span 6 = 0.0000e+00, 0.0000e+00                 
# interval = seconds: 0.25
# start_time = May 10 2025 14:11:29 [NMEA time, header]
# bad_flag = -9.990e-29
*END*
[from data line 4513]
     13.150     7.0281   3.277876    32.2190       4524    18.8458  0.000e+00
     13.125     7.0277   3.277882    32.2195       4525    18.8500  0.000e+00
     13.103     7.0275   3.277981    32.2208       4526    18.8542  0.000e+00
     13.088     7.0275   3.277956    32.2204       4527    18.8583  0.000e+00
     13.076     7.0278   3.277981    32.2205       4528    18.8625  0.000e+00
     13.063     7.0278   3.277981    32.2205       4529    18.8667  0.000e+00
     13.049     7.0280   3.277851    32.2189       4530    18.8708  0.000e+00
     13.034     7.0278   3.277789    32.2184       4531    18.8750  0.000e+00
     13.005     7.0271   3.277771    32.2188       4532    18.8792  0.000e+00
     12.971     7.0266   3.278024    32.2221       4533    18.8833  0.000e+00
     12.936     7.0266   3.278086    32.2228       4534    18.8875  0.000e+00
     12.889     7.0275   3.278191    32.2231       4535    18.8917  0.000e+00
     12.833     7.0286   3.278147    32.2216       4536    18.8958  0.000e+00
     12.769     7.0295   3.277863    32.2178       4537    18.9000  0.000e+00
     12.693     7.0299   3.277999    32.2189       4538    18.9042  0.000e+00
     12.615     7.0298   3.278042    32.2195       4539    18.9083  0.000e+00
     12.535     7.0297   3.278190    32.2212       4540    18.9125  0.000e+00
     12.454     7.0300   3.278289    32.2220       4541    18.9167  0.000e+00
     12.367     7.0307   3.278221    32.2207       4542    18.9208  0.000e+00
     12.288     7.0316   3.278437    32.2222       4543    18.9250  0.000e+00
     12.213     7.0326   3.279024    32.2278       4544    18.9292  0.000e+00
     12.147     7.0352   3.278938    32.2244       4545    18.9333  0.000e+00
     12.089     7.0382   3.279154    32.2240       4546    18.9375  0.000e+00
     12.027     7.0407   3.279129    32.2214       4547    18.9417  0.000e+00
     11.978     7.0423   3.279129    32.2199       4548    18.9458  0.000e+00
     11.936     7.0434   3.279147    32.2192       4549    18.9500  0.000e+00
     11.895     7.0439   3.279135    32.2185       4550    18.9542  0.000e+00
     11.860     7.0444   3.279166    32.2184       4551    18.9583  0.000e+00
     11.835     7.0448   3.279166    32.2180       4552    18.9625  0.000e+00
     11.817     7.0451   3.279191    32.2181       4553    18.9667  0.000e+00
     11.799     7.0454   3.279135    32.2172       4554    18.9708  0.000e+00
     11.785     7.0452   3.279209    32.2182       4555    18.9750  0.000e+00
     11.759     7.0452   3.279228    32.2184       4556    18.9792  0.000e+00
     11.727     7.0456   3.279252    32.2183       4557    18.9833  0.000e+00
     11.687     7.0456   3.279487    32.2208       4558    18.9875  0.000e+00
     11.638     7.0466   3.279419    32.2192       4559    18.9917  0.000e+00
     11.580     7.0475   3.279296    32.2171       4560    18.9958  0.000e+00
     11.511     7.0477   3.279228    32.2162       4561    19.0000  0.000e+00
     11.438     7.0474   3.279685    32.2215       4562    19.0042  0.000e+00
     11.363     7.0481   3.281340    32.2389       4563    19.0083  0.000e+00
     11.278     7.0544   3.282675    32.2476       4564    19.0125  0.000e+00
     11.171     7.0656   3.284287    32.2547       4565    19.0167  0.000e+00
     11.060     7.0802   3.285839    32.2580       4566    19.0208  0.000e+00
     10.948     7.0980   3.286710    32.2508       4567    19.0250  0.000e+00
     10.827     7.1154   3.287755    32.2459       4568    19.0292  0.000e+00
     10.713     7.1318   3.288719    32.2412       4569    19.0333  0.000e+00
     10.603     7.1470   3.288904    32.2291       4570    19.0375  0.000e+00
     10.496     7.1594   3.288428    32.2124       4571    19.0417  0.000e+00
     10.404     7.1668   3.288026    32.2011       4572    19.0458  0.000e+00
     10.315     7.1689   3.288224    32.2013       4573    19.0500  0.000e+00
     10.248     7.1695   3.288885    32.2080       4574    19.0542  0.000e+00
     10.192     7.1720   3.288570    32.2023       4575    19.0583  0.000e+00
     10.149     7.1747   3.288885    32.2032       4576    19.0625  0.000e+00
     10.107     7.1761   3.289139    32.2046       4577    19.0667  0.000e+00
     10.080     7.1786   3.289324    32.2043       4578    19.0708  0.000e+00
     10.049     7.1813   3.289182    32.2003       4579    19.0750  0.000e+00
     10.026     7.1830   3.289182    32.1987       4580    19.0792  0.000e+00
      9.990     7.1839   3.289200    32.1980       4581    19.0833  0.000e+00
      9.953     7.1842   3.289095    32.1967       4582    19.0875  0.000e+00
      9.906     7.1843   3.289306    32.1989       4583    19.0917  0.000e+00
      9.848     7.1846   3.289287    32.1984       4584    19.0958  0.000e+00
      9.775     7.1850   3.289417    32.1995       4585    19.1000  0.000e+00
      9.699     7.1858   3.289578    32.2005       4586    19.1042  0.000e+00
      9.602     7.1868   3.289701    32.2010       4587    19.1083  0.000e+00
      9.500     7.1880   3.289936    32.2025       4588    19.1125  0.000e+00
      9.381     7.1901   3.290140    32.2028       4589    19.1167  0.000e+00
      9.253     7.1931   3.290103    32.1997       4590    19.1208  0.000e+00
      9.108     7.1961   3.290078    32.1966       4591    19.1250  0.000e+00
      8.963     7.1978   3.289497    32.1888       4592    19.1292  0.000e+00
      8.818     7.1975   3.289262    32.1866       4593    19.1333  0.000e+00
      8.697     7.1960   3.289491    32.1906       4594    19.1375  0.000e+00
      8.585     7.1945   3.289429    32.1914       4595    19.1417  0.000e+00
      8.503     7.1934   3.289540    32.1936       4596    19.1458  0.000e+00
      8.436     7.1935   3.289410    32.1921       4597    19.1500  0.000e+00
      8.387     7.1937   3.289410    32.1920       4598    19.1542  0.000e+00
      8.353     7.1935   3.289416    32.1923       4599    19.1583  0.000e+00
      8.340     7.1935   3.289472    32.1928       4600    19.1625  0.000e+00
      8.326     7.1937   3.289218    32.1899       4601    19.1667  0.000e+00
      8.313     7.1931   3.288489    32.1825       4602    19.1708  0.000e+00
      8.300     7.1900   3.288520    32.1858       4603    19.1750  0.000e+00
      8.273     7.1863   3.288804    32.1924       4604    19.1792  0.000e+00
      8.241     7.1847   3.288779    32.1936       4605    19.1833  0.000e+00
      8.200     7.1847   3.289893    32.2057       4606    19.1875  0.000e+00
      8.145     7.1882   3.287926    32.1811       4607    19.1917  0.000e+00
      8.075     7.1875   3.287314    32.1752       4608    19.1958  0.000e+00
      7.993     7.1810   3.286962    32.1774       4609    19.2000  0.000e+00
      7.908     7.1731   3.288637    32.2031       4610    19.2042  0.000e+00
      7.814     7.1726   3.289855    32.2168       4611    19.2083  0.000e+00
      7.707     7.1791   3.289892    32.2111       4612    19.2125  0.000e+00
      7.610     7.1866   3.289973    32.2050       4613    19.2167  0.000e+00
      7.501     7.1925   3.290072    32.2007       4614    19.2208  0.000e+00
      7.396     7.1973   3.290140    32.1970       4615    19.2250  0.000e+00
      7.288     7.2011   3.290183    32.1940       4616    19.2292  0.000e+00
      7.183     7.2037   3.290164    32.1914       4617    19.2333  0.000e+00
      7.087     7.2053   3.289935    32.1874       4618    19.2375  0.000e+00
      6.979     7.2068   3.289935    32.1861       4619    19.2417  0.000e+00
      6.867     7.2077   3.289997    32.1860       4620    19.2458  0.000e+00
      6.736     7.2083   3.289997    32.1855       4621    19.2500  0.000e+00
      6.622     7.2084   3.289972    32.1852       4622    19.2542  0.000e+00
      6.490     7.2086   3.290059    32.1860       4623    19.2583  0.000e+00
      6.365     7.2085   3.290139    32.1870       4624    19.2625  0.000e+00
      6.246     7.2084   3.290195    32.1878       4625    19.2667  0.000e+00
      6.153     7.2084   3.290207    32.1879       4626    19.2708  0.000e+00
      6.072     7.2081   3.290102    32.1872       4627    19.2750  0.000e+00
      6.003     7.2081   3.290059    32.1867       4628    19.2792  0.000e+00
      5.956     7.2081   3.290052    32.1866       4629    19.2833  0.000e+00
      5.911     7.2080   3.290139    32.1877       4630    19.2875  0.000e+00
      5.869     7.2083   3.290102    32.1871       4631    19.2917  0.000e+00
      5.841     7.2080   3.290164    32.1880       4632    19.2958  0.000e+00
      5.808     7.2080   3.290232    32.1888       4633    19.3000  0.000e+00
      5.781     7.2080   3.290207    32.1885       4634    19.3042  0.000e+00
      5.756     7.2079   3.290207    32.1886       4635    19.3083  0.000e+00
      5.750     7.2079   3.290096    32.1874       4636    19.3125  0.000e+00
      5.745     7.2080   3.289997    32.1862       4637    19.3167  0.000e+00
      5.750     7.2082   3.289953    32.1856       4638    19.3208  0.000e+00
      5.773     7.2084   3.290059    32.1866       4639    19.3250  0.000e+00
      5.790     7.2084   3.290034    32.1862       4640    19.3292  0.000e+00
      5.813     7.2084   3.290182    32.1878       4641    19.3333  0.000e+00
      5.833     7.2084   3.290312    32.1893       4642    19.3375  0.000e+00
      5.842     7.2081   3.290244    32.1888       4643    19.3417  0.000e+00
      5.830     7.2077   3.290195    32.1887       4644    19.3458  0.000e+00
      5.794     7.2067   3.290287    32.1906       4645    19.3500  0.000e+00
      5.698     7.2060   3.290225    32.1907       4646    19.3542  0.000e+00
      5.569     7.2053   3.289854    32.1873       4647    19.3583  0.000e+00
      5.394     7.2037   3.289848    32.1888       4648    19.3625  0.000e+00
      5.211     7.2016   3.290058    32.1932       4649    19.3667  0.000e+00
      5.005     7.2006   3.290207    32.1957       4650    19.3708  0.000e+00
      4.808     7.2016   3.290170    32.1945       4651    19.3750  0.000e+00
      4.607     7.2030   3.290163    32.1932       4652    19.3792  0.000e+00
      4.412     7.2040   3.290015    32.1908       4653    19.3833  0.000e+00
      4.229     7.2047   3.289891    32.1889       4654    19.3875  0.000e+00
      4.050     7.2057   3.290070    32.1900       4655    19.3917  0.000e+00
      3.922     7.2064   3.289829    32.1868       4656    19.3958  0.000e+00
      3.806     7.2064   3.289532    32.1837       4657    19.4000  0.000e+00
      3.723     7.2069   3.289514    32.1830       4658    19.4042  0.000e+00
      3.679     7.2072   3.289532    32.1829       4659    19.4083  0.000e+00
      3.663     7.2076   3.289532    32.1826       4660    19.4125  0.000e+00
      3.666     7.2080   3.289452    32.1813       4661    19.4167  0.000e+00
      3.694     7.2083   3.289477    32.1813       4662    19.4208  0.000e+00
      3.719     7.2084   3.289489    32.1813       4663    19.4250  0.000e+00
      3.733     7.2088   3.289384    32.1798       4664    19.4292  0.000e+00
      3.722     7.2094   3.289452    32.1800       4665    19.4333  0.000e+00
      3.713     7.2100   3.289415    32.1790       4666    19.4375  0.000e+00
      3.684     7.2108   3.289347    32.1775       4667    19.4417  0.000e+00
      3.645     7.2111   3.289198    32.1757       4668    19.4458  0.000e+00
      3.616     7.2112   3.289013    32.1736       4669    19.4500  0.000e+00
      3.586     7.2105   3.289000    32.1741       4670    19.4542  0.000e+00
      3.568     7.2099   3.288988    32.1746       4671    19.4583  0.000e+00
      3.542     7.2095   3.289136    32.1766       4672    19.4625  0.000e+00
      3.521     7.2096   3.289235    32.1776       4673    19.4667  0.000e+00
      3.490     7.2099   3.289136    32.1763       4674    19.4708  0.000e+00
      3.456     7.2100   3.289050    32.1752       4675    19.4750  0.000e+00
      3.402     7.2096   3.289050    32.1756       4676    19.4792  0.000e+00
      3.320     7.2091   3.289037    32.1760       4677    19.4833  0.000e+00
      3.241     7.2087   3.289013    32.1761       4678    19.4875  0.000e+00
      3.163     7.2085   3.289031    32.1766       4679    19.4917  0.000e+00
      3.076     7.2083   3.289050    32.1770       4680    19.4958  0.000e+00
      2.977     7.2085   3.289037    32.1767       4681    19.5000  0.000e+00
      2.856     7.2086   3.288969    32.1759       4682    19.5042  0.000e+00
      2.709     7.2085   3.288944    32.1758       4683    19.5083  0.000e+00
      2.542     7.2083   3.289000    32.1767       4684    19.5125  0.000e+00
      2.384     7.2080   3.289012    32.1772       4685    19.5167  0.000e+00
      2.244     7.2076   3.289012    32.1776       4686    19.5208  0.000e+00
      2.128     7.2073   3.289093    32.1788       4687    19.5250  0.000e+00
      2.049     7.2071   3.289000    32.1781       4688    19.5292  0.000e+00
      2.003     7.2068   3.288907    32.1773       4689    19.5333  0.000e+00
      1.998     7.2067   3.288882    32.1772       4690    19.5375  0.000e+00
      2.008     7.2067   3.288839    32.1767       4691    19.5417  0.000e+00
      2.014     7.2068   3.288697    32.1751       4692    19.5458  0.000e+00
      2.007     7.2065   3.288697    32.1753       4693    19.5500  0.000e+00
      1.979     7.2063   3.288821    32.1769       4694    19.5542  0.000e+00
      1.918     7.2063   3.288802    32.1767       4695    19.5583  0.000e+00
      1.772     7.2062   3.288777    32.1766       4696    19.5625  0.000e+00
      1.555     7.2060   3.288802    32.1772       4697    19.5667  0.000e+00
      1.342     7.2060   3.288734    32.1765       4698    19.5708  0.000e+00
      1.172     7.2058   3.288820    32.1777       4699    19.5750  0.000e+00
      1.086     7.2057   3.288987    32.1797       4700    19.5792  0.000e+00
      1.047     7.2060   3.289012    32.1797       4701    19.5833  0.000e+00
      1.020     7.2062   3.288969    32.1790       4702    19.5875  0.000e+00
      0.997     7.2062   3.289000    32.1794       4703    19.5917  0.000e+00
      0.986     7.2064   3.288969    32.1789       4704    19.5958  0.000e+00
      0.973     7.2068   3.288969    32.1785       4705    19.6000  0.000e+00
      0.933     7.2069   3.288863    32.1773       4706    19.6042  0.000e+00
      0.844     7.2070   3.288857    32.1772       4707    19.6083  0.000e+00
      0.739     7.2072   3.288882    32.1773       4708    19.6125  0.000e+00
      0.687     7.2075   3.288863    32.1768       4709    19.6167  0.000e+00
      0.707     7.2077   3.288900    32.1770       4710    19.6208  0.000e+00
      0.737     7.2075   3.288944    32.1777       4711    19.6250  0.000e+00
      0.761     7.2076   3.288969    32.1778       4712    19.6292  0.000e+00
      0.752     7.2075   3.288944    32.1777       4713    19.6333  0.000e+00
      0.692     7.2069   3.288820    32.1769       4714    19.6375  0.000e+00
      0.618     7.2064   3.288820    32.1774       4715    19.6417  0.000e+00
      0.527     7.2064   3.288777    32.1770       4716    19.6458  0.000e+00
      0.388     7.2072   3.288801    32.1765       4717    19.6500  0.000e+00
      0.225     7.2079   3.288740    32.1753       4718    19.6542  0.000e+00
      0.118     7.2081   3.288733    32.1751       4719    19.6583  0.000e+00
      0.037     7.2081   3.288696    32.1747       4720    19.6625  0.000e+00
     -0.001     7.2083   3.288882    32.1766       4721    19.6667  0.000e+00
     -0.030     7.2082   3.288838    32.1762       4722    19.6708  0.000e+00
     -0.153     7.2079   3.288671    32.1748       4723    19.6750  0.000e+00
     -0.202     7.2079   3.277493    32.0536       4724    19.6792  0.000e+00
     -0.187     7.2087   3.259511    31.8580       4725    19.6833  0.000e+00
     -0.200     7.2095   2.609872    24.9296       4726    19.6875  0.000e+00
     -0.205     7.2104   0.711912     6.0980       4727    19.6917  0.000e+00
