HB2502/sbe145.cnv
* Sea-Bird SBE 19plus V2 Data File:
* FileName = C:\cruise\data\sbe145.hex
* Software Version Seasave V 7.26.7.121
* Temperature SN = 6128
* Conductivity SN = 6128
* System UpLoad Time = May 08 2025 00:27:29
* NMEA Latitude = 42 06.46 N
* NMEA Longitude = 067 17.55 W
* NMEA UTC (Time) = May 08 2025  00:26:09
** Ship: Henry Bigelow
** Cruise:  HB2502
** Program:  Spring Bottom Trawl
# nquan = 7
# nvalues = 1466                                  
# units = specified
# name 0 = depSM: Depth [salt water, m]
# name 1 = tv290C: Temperature [ITS-90, deg C]
# name 2 = c0S/m: Conductivity [S/m]
# name 3 = sal00: Salinity, Practical [PSU]
# name 4 = scan: Scan Count
# name 5 = timeM: Time, Elapsed [minutes]
# name 6 = flag:  0.000e+00
# span 0 =     -0.024,     60.461                 
# span 1 =     7.5508,     9.7765                 
# span 2 =   0.007271,   3.558868                 
# span 3 =     0.0491,    33.4626                 
# span 4 =         11,       1476                 
# span 5 =     0.0417,     6.1458                 
# span 6 = 0.0000e+00, 0.0000e+00                 
# interval = seconds: 0.25
# start_time = May 08 2025 00:26:09 [NMEA time, header]
# bad_flag = -9.990e-29
*END*
[from data line 1026]
     26.447     7.6600   3.382600    32.7527       1037     4.3167  0.000e+00
     26.362     7.6604   3.382719    32.7535       1038     4.3208  0.000e+00
     26.270     7.6611   3.382681    32.7525       1039     4.3250  0.000e+00
     26.167     7.6615   3.382887    32.7544       1040     4.3292  0.000e+00
     26.056     7.6625   3.383031    32.7551       1041     4.3333  0.000e+00
     25.927     7.6639   3.382969    32.7532       1042     4.3375  0.000e+00
     25.801     7.6650   3.383075    32.7534       1043     4.3417  0.000e+00
     25.668     7.6658   3.383562    32.7579       1044     4.3458  0.000e+00
     25.529     7.6680   3.384131    32.7620       1045     4.3500  0.000e+00
     25.400     7.6717   3.383831    32.7553       1046     4.3542  0.000e+00
     25.276     7.6746   3.384219    32.7568       1047     4.3583  0.000e+00
     25.154     7.6771   3.384425    32.7567       1048     4.3625  0.000e+00
     25.048     7.6801   3.384412    32.7538       1049     4.3667  0.000e+00
     24.942     7.6823   3.384444    32.7522       1050     4.3708  0.000e+00
     24.846     7.6839   3.384456    32.7508       1051     4.3750  0.000e+00
     24.745     7.6853   3.384469    32.7497       1052     4.3792  0.000e+00
     24.664     7.6860   3.384500    32.7494       1053     4.3833  0.000e+00
     24.577     7.6866   3.384425    32.7481       1054     4.3875  0.000e+00
     24.498     7.6867   3.384437    32.7481       1055     4.3917  0.000e+00
     24.415     7.6867   3.384425    32.7480       1056     4.3958  0.000e+00
     24.324     7.6868   3.384243    32.7461       1057     4.4000  0.000e+00
     24.241     7.6863   3.384200    32.7461       1058     4.4042  0.000e+00
     24.149     7.6854   3.384350    32.7486       1059     4.4083  0.000e+00
     24.045     7.6853   3.384506    32.7504       1060     4.4125  0.000e+00
     23.950     7.6858   3.384525    32.7502       1061     4.4167  0.000e+00
     23.850     7.6867   3.384650    32.7508       1062     4.4208  0.000e+00
     23.743     7.6877   3.384675    32.7502       1063     4.4250  0.000e+00
     23.640     7.6887   3.384675    32.7492       1064     4.4292  0.000e+00
     23.537     7.6893   3.384631    32.7482       1065     4.4333  0.000e+00
     23.436     7.6897   3.384443    32.7459       1066     4.4375  0.000e+00
     23.338     7.6892   3.384437    32.7463       1067     4.4417  0.000e+00
     23.239     7.6886   3.384387    32.7464       1068     4.4458  0.000e+00
     23.148     7.6881   3.384368    32.7467       1069     4.4500  0.000e+00
     23.059     7.6877   3.384324    32.7467       1070     4.4542  0.000e+00
     22.966     7.6871   3.384305    32.7471       1071     4.4583  0.000e+00
     22.883     7.6867   3.384324    32.7477       1072     4.4625  0.000e+00
     22.795     7.6865   3.384324    32.7480       1073     4.4667  0.000e+00
     22.704     7.6861   3.384324    32.7483       1074     4.4708  0.000e+00
     22.614     7.6863   3.384499    32.7501       1075     4.4750  0.000e+00
     22.516     7.6868   3.384530    32.7500       1076     4.4792  0.000e+00
     22.413     7.6874   3.384543    32.7497       1077     4.4833  0.000e+00
     22.306     7.6880   3.384549    32.7492       1078     4.4875  0.000e+00
     22.196     7.6885   3.384587    32.7492       1079     4.4917  0.000e+00
     22.082     7.6890   3.384218    32.7448       1080     4.4958  0.000e+00
     21.961     7.6885   3.384042    32.7434       1081     4.5000  0.000e+00
     21.845     7.6868   3.383949    32.7440       1082     4.5042  0.000e+00
     21.731     7.6853   3.384305    32.7494       1083     4.5083  0.000e+00
     21.620     7.6847   3.384343    32.7503       1084     4.5125  0.000e+00
     21.510     7.6856   3.384824    32.7547       1085     4.5167  0.000e+00
     21.403     7.6875   3.384486    32.7494       1086     4.5208  0.000e+00
     21.303     7.6886   3.383830    32.7414       1087     4.5250  0.000e+00
     21.198     7.6873   3.384011    32.7446       1088     4.5292  0.000e+00
     21.104     7.6857   3.384067    32.7467       1089     4.5333  0.000e+00
     21.012     7.6849   3.384299    32.7500       1090     4.5375  0.000e+00
     20.925     7.6850   3.384692    32.7542       1091     4.5417  0.000e+00
     20.832     7.6868   3.385043    32.7563       1092     4.5458  0.000e+00
     20.748     7.6897   3.384674    32.7497       1093     4.5500  0.000e+00
     20.661     7.6915   3.384630    32.7475       1094     4.5542  0.000e+00
     20.580     7.6920   3.384674    32.7476       1095     4.5583  0.000e+00
     20.503     7.6922   3.384530    32.7459       1096     4.5625  0.000e+00
     20.431     7.6919   3.384736    32.7484       1097     4.5667  0.000e+00
     20.353     7.6919   3.385061    32.7519       1098     4.5708  0.000e+00
     20.290     7.6933   3.385061    32.7507       1099     4.5750  0.000e+00
     20.219     7.6950   3.385042    32.7489       1100     4.5792  0.000e+00
     20.148     7.6960   3.385192    32.7496       1101     4.5833  0.000e+00
     20.067     7.6969   3.385142    32.7482       1102     4.5875  0.000e+00
     19.982     7.6978   3.385086    32.7468       1103     4.5917  0.000e+00
     19.888     7.6982   3.384998    32.7456       1104     4.5958  0.000e+00
     19.790     7.6981   3.384842    32.7440       1105     4.6000  0.000e+00
     19.684     7.6976   3.384586    32.7418       1106     4.6042  0.000e+00
     19.564     7.6961   3.384604    32.7435       1107     4.6083  0.000e+00
     19.438     7.6946   3.384567    32.7445       1108     4.6125  0.000e+00
     19.309     7.6934   3.384498    32.7450       1109     4.6167  0.000e+00
     19.177     7.6925   3.384467    32.7456       1110     4.6208  0.000e+00
     19.039     7.6917   3.384435    32.7461       1111     4.6250  0.000e+00
     18.896     7.6909   3.384442    32.7469       1112     4.6292  0.000e+00
     18.760     7.6907   3.384435    32.7471       1113     4.6333  0.000e+00
     18.619     7.6903   3.384529    32.7485       1114     4.6375  0.000e+00
     18.483     7.6904   3.384560    32.7488       1115     4.6417  0.000e+00
     18.348     7.6909   3.384404    32.7468       1116     4.6458  0.000e+00
     18.217     7.6912   3.384498    32.7476       1117     4.6500  0.000e+00
     18.103     7.6910   3.384585    32.7488       1118     4.6542  0.000e+00
     17.991     7.6914   3.384523    32.7478       1119     4.6583  0.000e+00
     17.888     7.6915   3.385367    32.7568       1120     4.6625  0.000e+00
     17.788     7.6940   3.386574    32.7674       1121     4.6667  0.000e+00
     17.707     7.7007   3.386643    32.7619       1122     4.6708  0.000e+00
     17.636     7.7080   3.386574    32.7543       1123     4.6750  0.000e+00
     17.565     7.7133   3.386436    32.7479       1124     4.6792  0.000e+00
     17.507     7.7161   3.386511    32.7461       1125     4.6833  0.000e+00
     17.455     7.7175   3.386436    32.7440       1126     4.6875  0.000e+00
     17.399     7.7181   3.386098    32.7398       1127     4.6917  0.000e+00
     17.345     7.7176   3.386236    32.7418       1128     4.6958  0.000e+00
     17.281     7.7167   3.385648    32.7363       1129     4.7000  0.000e+00
     17.218     7.7148   3.386192    32.7440       1130     4.7042  0.000e+00
     17.148     7.7138   3.386317    32.7463       1131     4.7083  0.000e+00
     17.060     7.7145   3.386254    32.7450       1132     4.7125  0.000e+00
     16.959     7.7155   3.386211    32.7437       1133     4.7167  0.000e+00
     16.845     7.7158   3.386173    32.7430       1134     4.7208  0.000e+00
     16.720     7.7157   3.386173    32.7432       1135     4.7250  0.000e+00
     16.591     7.7157   3.386123    32.7427       1136     4.7292  0.000e+00
     16.454     7.7156   3.386110    32.7427       1137     4.7333  0.000e+00
     16.316     7.7154   3.386229    32.7443       1138     4.7375  0.000e+00
     16.188     7.7155   3.386129    32.7431       1139     4.7417  0.000e+00
     16.063     7.7157   3.386317    32.7450       1140     4.7458  0.000e+00
     15.936     7.7163   3.386561    32.7472       1141     4.7500  0.000e+00
     15.830     7.7177   3.386467    32.7449       1142     4.7542  0.000e+00
     15.732     7.7189   3.386273    32.7417       1143     4.7583  0.000e+00
     15.634     7.7190   3.386185    32.7408       1144     4.7625  0.000e+00
     15.557     7.7183   3.386235    32.7420       1145     4.7667  0.000e+00
     15.473     7.7178   3.386229    32.7424       1146     4.7708  0.000e+00
     15.401     7.7174   3.386191    32.7424       1147     4.7750  0.000e+00
     15.327     7.7172   3.386248    32.7433       1148     4.7792  0.000e+00
     15.257     7.7171   3.386379    32.7448       1149     4.7833  0.000e+00
     15.191     7.7177   3.386598    32.7466       1150     4.7875  0.000e+00
     15.111     7.7189   3.386873    32.7484       1151     4.7917  0.000e+00
     15.035     7.7211   3.387073    32.7486       1152     4.7958  0.000e+00
     14.950     7.7240   3.386873    32.7437       1153     4.8000  0.000e+00
     14.854     7.7256   3.386854    32.7420       1154     4.8042  0.000e+00
     14.749     7.7267   3.387323    32.7461       1155     4.8083  0.000e+00
     14.646     7.7283   3.387179    32.7431       1156     4.8125  0.000e+00
     14.534     7.7299   3.387279    32.7428       1157     4.8167  0.000e+00
     14.417     7.7309   3.387160    32.7405       1158     4.8208  0.000e+00
     14.287     7.7315   3.387135    32.7398       1159     4.8250  0.000e+00
     14.161     7.7315   3.387073    32.7392       1160     4.8292  0.000e+00
     14.031     7.7312   3.386991    32.7386       1161     4.8333  0.000e+00
     13.904     7.7306   3.386966    32.7390       1162     4.8375  0.000e+00
     13.779     7.7301   3.387035    32.7403       1163     4.8417  0.000e+00
     13.657     7.7298   3.387098    32.7413       1164     4.8458  0.000e+00
     13.552     7.7299   3.387035    32.7406       1165     4.8500  0.000e+00
     13.449     7.7301   3.387029    32.7404       1166     4.8542  0.000e+00
     13.348     7.7302   3.387054    32.7406       1167     4.8583  0.000e+00
     13.256     7.7305   3.387054    32.7404       1168     4.8625  0.000e+00
     13.167     7.7305   3.386991    32.7398       1169     4.8667  0.000e+00
     13.086     7.7303   3.386835    32.7382       1170     4.8708  0.000e+00
     13.010     7.7296   3.387179    32.7426       1171     4.8750  0.000e+00
     12.936     7.7297   3.387379    32.7447       1172     4.8792  0.000e+00
     12.880     7.7313   3.387366    32.7432       1173     4.8833  0.000e+00
     12.816     7.7327   3.387397    32.7422       1174     4.8875  0.000e+00
     12.760     7.7338   3.387404    32.7412       1175     4.8917  0.000e+00
     12.704     7.7347   3.386616    32.7320       1176     4.8958  0.000e+00
     12.637     7.7353   3.387366    32.7395       1177     4.9000  0.000e+00
     12.572     7.7353   3.387397    32.7399       1178     4.9042  0.000e+00
     12.503     7.7356   3.387366    32.7393       1179     4.9083  0.000e+00
     12.423     7.7356   3.387310    32.7387       1180     4.9125  0.000e+00
     12.343     7.7354   3.387322    32.7391       1181     4.9167  0.000e+00
     12.253     7.7353   3.387178    32.7376       1182     4.9208  0.000e+00
     12.159     7.7350   3.387216    32.7384       1183     4.9250  0.000e+00
     12.059     7.7345   3.387178    32.7385       1184     4.9292  0.000e+00
     11.958     7.7342   3.387447    32.7417       1185     4.9333  0.000e+00
     11.852     7.7344   3.387441    32.7415       1186     4.9375  0.000e+00
     11.751     7.7355   3.387422    32.7403       1187     4.9417  0.000e+00
     11.640     7.7360   3.387278    32.7383       1188     4.9458  0.000e+00
     11.533     7.7361   3.387378    32.7394       1189     4.9500  0.000e+00
     11.430     7.7360   3.387403    32.7398       1190     4.9542  0.000e+00
     11.325     7.7362   3.387353    32.7391       1191     4.9583  0.000e+00
     11.234     7.7364   3.387528    32.7409       1192     4.9625  0.000e+00
     11.136     7.7367   3.387441    32.7396       1193     4.9667  0.000e+00
     11.037     7.7372   3.387447    32.7393       1194     4.9708  0.000e+00
     10.949     7.7373   3.387422    32.7390       1195     4.9750  0.000e+00
     10.867     7.7374   3.387322    32.7378       1196     4.9792  0.000e+00
     10.782     7.7373   3.387290    32.7376       1197     4.9833  0.000e+00
     10.699     7.7367   3.387134    32.7366       1198     4.9875  0.000e+00
     10.632     7.7359   3.387053    32.7365       1199     4.9917  0.000e+00
     10.560     7.7346   3.387034    32.7375       1200     4.9958  0.000e+00
     10.501     7.7338   3.387009    32.7380       1201     5.0000  0.000e+00
     10.441     7.7328   3.386990    32.7388       1202     5.0042  0.000e+00
     10.379     7.7323   3.387265    32.7423       1203     5.0083  0.000e+00
     10.322     7.7326   3.387134    32.7406       1204     5.0125  0.000e+00
     10.255     7.7332   3.387053    32.7392       1205     5.0167  0.000e+00
     10.188     7.7334   3.386927    32.7377       1206     5.0208  0.000e+00
     10.110     7.7326   3.386746    32.7366       1207     5.0250  0.000e+00
     10.027     7.7315   3.387134    32.7418       1208     5.0292  0.000e+00
      9.931     7.7312   3.387134    32.7422       1209     5.0333  0.000e+00
      9.829     7.7320   3.387278    32.7429       1210     5.0375  0.000e+00
      9.709     7.7331   3.386965    32.7386       1211     5.0417  0.000e+00
      9.587     7.7333   3.386909    32.7379       1212     5.0458  0.000e+00
      9.460     7.7326   3.386940    32.7390       1213     5.0500  0.000e+00
      9.334     7.7320   3.387240    32.7428       1214     5.0542  0.000e+00
      9.201     7.7326   3.387571    32.7459       1215     5.0583  0.000e+00
      9.078     7.7346   3.387628    32.7446       1216     5.0625  0.000e+00
      8.960     7.7369   3.387634    32.7426       1217     5.0667  0.000e+00
      8.853     7.7388   3.387565    32.7401       1218     5.0708  0.000e+00
      8.759     7.7401   3.387440    32.7376       1219     5.0750  0.000e+00
      8.689     7.7401   3.387590    32.7392       1220     5.0792  0.000e+00
      8.625     7.7402   3.387615    32.7394       1221     5.0833  0.000e+00
      8.571     7.7408   3.387653    32.7393       1222     5.0875  0.000e+00
      8.533     7.7412   3.387546    32.7378       1223     5.0917  0.000e+00
      8.499     7.7413   3.387565    32.7379       1224     5.0958  0.000e+00
      8.475     7.7412   3.387377    32.7361       1225     5.1000  0.000e+00
      8.455     7.7406   3.387365    32.7365       1226     5.1042  0.000e+00
      8.436     7.7397   3.387290    32.7365       1227     5.1083  0.000e+00
      8.414     7.7389   3.387096    32.7351       1228     5.1125  0.000e+00
      8.386     7.7378   3.387265    32.7380       1229     5.1167  0.000e+00
      8.350     7.7370   3.387383    32.7401       1230     5.1208  0.000e+00
      8.301     7.7370   3.387377    32.7400       1231     5.1250  0.000e+00
      8.248     7.7374   3.386827    32.7338       1232     5.1292  0.000e+00
      8.180     7.7360   3.387246    32.7397       1233     5.1333  0.000e+00
      8.113     7.7352   3.387177    32.7397       1234     5.1375  0.000e+00
      8.038     7.7355   3.387246    32.7402       1235     5.1417  0.000e+00
      7.953     7.7355   3.387277    32.7406       1236     5.1458  0.000e+00
      7.867     7.7359   3.386927    32.7365       1237     5.1500  0.000e+00
      7.770     7.7355   3.386727    32.7348       1238     5.1542  0.000e+00
      7.678     7.7338   3.387071    32.7401       1239     5.1583  0.000e+00
      7.580     7.7330   3.387352    32.7439       1240     5.1625  0.000e+00
