HB2502/sbe123.cnv
* Sea-Bird SBE 19plus V2 Data File:
* FileName = C:\cruise\data\sbe123.hex
* Software Version Seasave V 7.26.7.121
* Temperature SN = 6128
* Conductivity SN = 6128
* System UpLoad Time = Apr 20 2025 08:06:01
* NMEA Latitude = 42 54.81 N
* NMEA Longitude = 070 04.66 W
* NMEA UTC (Time) = Apr 20 2025  08:05:22
** Ship: Henry Bigelow
** Cruise:  HB2502
** Program:  Spring Bottom Trawl
# nquan = 7
# nvalues = 1695                                  
# units = specified
# name 0 = depSM: Depth [salt water, m]
# name 1 = tv290C: Temperature [ITS-90, deg C]
# name 2 = c0S/m: Conductivity [S/m]
# name 3 = sal00: Salinity, Practical [PSU]
# name 4 = scan: Scan Count
# name 5 = timeM: Time, Elapsed [minutes]
# name 6 = flag:  0.000e+00
# span 0 =      0.091,     66.409                 
# span 1 =     4.5177,    10.1514                 
# span 2 =   0.011885,   3.496796                 
# span 3 =     0.0790,    33.2555                 
# span 4 =         11,       1705                 
# span 5 =     0.0417,     7.1000                 
# span 6 = 0.0000e+00, 0.0000e+00                 
# interval = seconds: 0.25
# start_time = Apr 20 2025 08:05:22 [NMEA time, header]
# bad_flag = -9.990e-29
*END*
[from data line 1436]
     14.229     5.2754   3.138990    32.3377       1447     6.0250  0.000e+00
     14.184     5.2832   3.139190    32.3324       1448     6.0292  0.000e+00
     14.135     5.2907   3.139269    32.3262       1449     6.0333  0.000e+00
     14.080     5.2975   3.139208    32.3189       1450     6.0375  0.000e+00
     14.046     5.3014   3.139251    32.3157       1451     6.0417  0.000e+00
     14.004     5.3041   3.139312    32.3137       1452     6.0458  0.000e+00
     13.968     5.3062   3.139391    32.3126       1453     6.0500  0.000e+00
     13.937     5.3085   3.139409    32.3106       1454     6.0542  0.000e+00
     13.910     5.3105   3.139530    32.3101       1455     6.0583  0.000e+00
     13.879     5.3125   3.139627    32.3093       1456     6.0625  0.000e+00
     13.853     5.3145   3.139609    32.3071       1457     6.0667  0.000e+00
     13.831     5.3163   3.139670    32.3061       1458     6.0708  0.000e+00
     13.804     5.3177   3.139706    32.3052       1459     6.0750  0.000e+00
     13.779     5.3190   3.139749    32.3044       1460     6.0792  0.000e+00
     13.748     5.3202   3.139785    32.3037       1461     6.0833  0.000e+00
     13.721     5.3215   3.139828    32.3029       1462     6.0875  0.000e+00
     13.681     5.3226   3.139828    32.3020       1463     6.0917  0.000e+00
     13.630     5.3236   3.139967    32.3026       1464     6.0958  0.000e+00
     13.569     5.3250   3.140004    32.3017       1465     6.1000  0.000e+00
     13.502     5.3269   3.140046    32.3003       1466     6.1042  0.000e+00
     13.433     5.3289   3.140101    32.2990       1467     6.1083  0.000e+00
     13.349     5.3307   3.140149    32.2979       1468     6.1125  0.000e+00
     13.266     5.3321   3.140204    32.2972       1469     6.1167  0.000e+00
     13.172     5.3336   3.140240    32.2963       1470     6.1208  0.000e+00
     13.070     5.3352   3.140441    32.2971       1471     6.1250  0.000e+00
     12.967     5.3374   3.140520    32.2959       1472     6.1292  0.000e+00
     12.858     5.3401   3.140678    32.2951       1473     6.1333  0.000e+00
     12.759     5.3433   3.140835    32.2939       1474     6.1375  0.000e+00
     12.668     5.3472   3.140878    32.2907       1475     6.1417  0.000e+00
     12.587     5.3514   3.140896    32.2868       1476     6.1458  0.000e+00
     12.521     5.3546   3.140938    32.2843       1477     6.1500  0.000e+00
     12.467     5.3570   3.140926    32.2819       1478     6.1542  0.000e+00
     12.440     5.3583   3.140914    32.2805       1479     6.1583  0.000e+00
     12.429     5.3588   3.140957    32.2805       1480     6.1625  0.000e+00
     12.427     5.3593   3.140938    32.2798       1481     6.1667  0.000e+00
     12.440     5.3594   3.140938    32.2797       1482     6.1708  0.000e+00
     12.472     5.3598   3.140938    32.2793       1483     6.1750  0.000e+00
     12.505     5.3600   3.140914    32.2788       1484     6.1792  0.000e+00
     12.548     5.3597   3.140896    32.2789       1485     6.1833  0.000e+00
     12.586     5.3597   3.140896    32.2789       1486     6.1875  0.000e+00
     12.616     5.3592   3.140835    32.2786       1487     6.1917  0.000e+00
     12.647     5.3585   3.140781    32.2787       1488     6.1958  0.000e+00
     12.654     5.3572   3.140817    32.2803       1489     6.2000  0.000e+00
     12.641     5.3562   3.140878    32.2820       1490     6.2042  0.000e+00
     12.584     5.3561   3.140695    32.2800       1491     6.2083  0.000e+00
     12.505     5.3551   3.140756    32.2817       1492     6.2125  0.000e+00
     12.406     5.3542   3.140835    32.2836       1493     6.2167  0.000e+00
     12.280     5.3543   3.140957    32.2849       1494     6.2208  0.000e+00
     12.142     5.3557   3.140957    32.2836       1495     6.2250  0.000e+00
     11.986     5.3575   3.140914    32.2815       1496     6.2292  0.000e+00
     11.843     5.3593   3.140877    32.2794       1497     6.2333  0.000e+00
     11.704     5.3616   3.140902    32.2775       1498     6.2375  0.000e+00
     11.584     5.3638   3.140877    32.2752       1499     6.2417  0.000e+00
     11.479     5.3659   3.140877    32.2732       1500     6.2458  0.000e+00
     11.395     5.3679   3.140895    32.2715       1501     6.2500  0.000e+00
     11.332     5.3692   3.140859    32.2699       1502     6.2542  0.000e+00
     11.310     5.3700   3.140659    32.2669       1503     6.2583  0.000e+00
     11.296     5.3708   3.140458    32.2639       1504     6.2625  0.000e+00
     11.301     5.3716   3.140537    32.2639       1505     6.2667  0.000e+00
     11.326     5.3725   3.140640    32.2642       1506     6.2708  0.000e+00
     11.364     5.3729   3.140695    32.2645       1507     6.2750  0.000e+00
     11.399     5.3729   3.140756    32.2651       1508     6.2792  0.000e+00
     11.424     5.3726   3.140677    32.2645       1509     6.2833  0.000e+00
     11.434     5.3724   3.140737    32.2654       1510     6.2875  0.000e+00
     11.437     5.3722   3.140561    32.2636       1511     6.2917  0.000e+00
     11.424     5.3722   3.140440    32.2622       1512     6.2958  0.000e+00
     11.394     5.3727   3.140379    32.2611       1513     6.3000  0.000e+00
     11.347     5.3733   3.140100    32.2573       1514     6.3042  0.000e+00
     11.281     5.3744   3.140063    32.2559       1515     6.3083  0.000e+00
     11.197     5.3757   3.139966    32.2536       1516     6.3125  0.000e+00
     11.114     5.3768   3.139905    32.2518       1517     6.3167  0.000e+00
     11.016     5.3777   3.139917    32.2512       1518     6.3208  0.000e+00
     10.923     5.3783   3.140045    32.2521       1519     6.3250  0.000e+00
     10.833     5.3786   3.139984    32.2511       1520     6.3292  0.000e+00
     10.737     5.3787   3.139942    32.2506       1521     6.3333  0.000e+00
     10.658     5.3791   3.140002    32.2510       1522     6.3375  0.000e+00
     10.580     5.3791   3.140081    32.2519       1523     6.3417  0.000e+00
     10.506     5.3785   3.140045    32.2521       1524     6.3458  0.000e+00
     10.446     5.3783   3.140002    32.2519       1525     6.3500  0.000e+00
     10.384     5.3784   3.140263    32.2548       1526     6.3542  0.000e+00
     10.344     5.3779   3.140142    32.2539       1527     6.3583  0.000e+00
     10.304     5.3775   3.140063    32.2534       1528     6.3625  0.000e+00
     10.270     5.3774   3.139881    32.2514       1529     6.3667  0.000e+00
     10.244     5.3777   3.139941    32.2518       1530     6.3708  0.000e+00
     10.217     5.3783   3.139966    32.2515       1531     6.3750  0.000e+00
     10.197     5.3784   3.139966    32.2514       1532     6.3792  0.000e+00
     10.172     5.3785   3.140081    32.2527       1533     6.3833  0.000e+00
     10.150     5.3784   3.140099    32.2530       1534     6.3875  0.000e+00
     10.126     5.3781   3.139425    32.2456       1535     6.3917  0.000e+00
     10.097     5.3780   3.140142    32.2538       1536     6.3958  0.000e+00
     10.074     5.3780   3.140124    32.2537       1537     6.4000  0.000e+00
     10.046     5.3775   3.140190    32.2550       1538     6.4042  0.000e+00
     10.002     5.3774   3.140160    32.2547       1539     6.4083  0.000e+00
      9.954     5.3773   3.140063    32.2538       1540     6.4125  0.000e+00
      9.893     5.3774   3.140020    32.2531       1541     6.4167  0.000e+00
      9.817     5.3777   3.140099    32.2539       1542     6.4208  0.000e+00
      9.739     5.3780   3.139966    32.2520       1543     6.4250  0.000e+00
      9.659     5.3783   3.139965    32.2518       1544     6.4292  0.000e+00
      9.576     5.3786   3.139880    32.2506       1545     6.4333  0.000e+00
      9.507     5.3789   3.139923    32.2508       1546     6.4375  0.000e+00
      9.435     5.3792   3.139941    32.2508       1547     6.4417  0.000e+00
      9.372     5.3793   3.139899    32.2502       1548     6.4458  0.000e+00
      9.308     5.3794   3.139880    32.2499       1549     6.4500  0.000e+00
      9.256     5.3795   3.139880    32.2499       1550     6.4542  0.000e+00
      9.203     5.3796   3.139880    32.2499       1551     6.4583  0.000e+00
      9.152     5.3797   3.139941    32.2505       1552     6.4625  0.000e+00
      9.083     5.3795   3.139965    32.2509       1553     6.4667  0.000e+00
      9.022     5.3793   3.139923    32.2506       1554     6.4708  0.000e+00
      8.947     5.3793   3.139880    32.2502       1555     6.4750  0.000e+00
      8.875     5.3793   3.139826    32.2497       1556     6.4792  0.000e+00
      8.795     5.3795   3.139801    32.2492       1557     6.4833  0.000e+00
      8.714     5.3795   3.139813    32.2494       1558     6.4875  0.000e+00
      8.633     5.3797   3.139825    32.2494       1559     6.4917  0.000e+00
      8.560     5.3798   3.139783    32.2489       1560     6.4958  0.000e+00
      8.491     5.3798   3.139801    32.2491       1561     6.5000  0.000e+00
      8.444     5.3798   3.139783    32.2489       1562     6.5042  0.000e+00
      8.394     5.3799   3.139825    32.2493       1563     6.5083  0.000e+00
      8.361     5.3799   3.139801    32.2491       1564     6.5125  0.000e+00
      8.332     5.3798   3.139825    32.2495       1565     6.5167  0.000e+00
      8.313     5.3797   3.139783    32.2491       1566     6.5208  0.000e+00
      8.303     5.3796   3.139789    32.2493       1567     6.5250  0.000e+00
      8.294     5.3797   3.139783    32.2490       1568     6.5292  0.000e+00
      8.292     5.3796   3.139783    32.2492       1569     6.5333  0.000e+00
      8.276     5.3797   3.139783    32.2491       1570     6.5375  0.000e+00
      8.261     5.3796   3.139765    32.2490       1571     6.5417  0.000e+00
      8.241     5.3796   3.139722    32.2485       1572     6.5458  0.000e+00
      8.207     5.3797   3.139704    32.2482       1573     6.5500  0.000e+00
      8.166     5.3797   3.139704    32.2482       1574     6.5542  0.000e+00
      8.107     5.3797   3.139722    32.2485       1575     6.5583  0.000e+00
      8.030     5.3797   3.139765    32.2490       1576     6.5625  0.000e+00
      7.939     5.3797   3.139728    32.2487       1577     6.5667  0.000e+00
      7.830     5.3796   3.139746    32.2490       1578     6.5708  0.000e+00
      7.703     5.3797   3.139704    32.2485       1579     6.5750  0.000e+00
      7.566     5.3796   3.139643    32.2479       1580     6.5792  0.000e+00
      7.426     5.3797   3.139625    32.2477       1581     6.5833  0.000e+00
      7.292     5.3796   3.139643    32.2481       1582     6.5875  0.000e+00
      7.180     5.3798   3.139661    32.2481       1583     6.5917  0.000e+00
      7.079     5.3798   3.139685    32.2484       1584     6.5958  0.000e+00
      7.006     5.3797   3.139448    32.2459       1585     6.6000  0.000e+00
      6.959     5.3797   3.139363    32.2449       1586     6.6042  0.000e+00
      6.935     5.3801   3.139181    32.2425       1587     6.6083  0.000e+00
      6.935     5.3806   3.139187    32.2421       1588     6.6125  0.000e+00
      6.946     5.3811   3.139145    32.2412       1589     6.6167  0.000e+00
      6.965     5.3814   3.139169    32.2411       1590     6.6208  0.000e+00
      6.990     5.3817   3.139187    32.2410       1591     6.6250  0.000e+00
      7.017     5.3818   3.139127    32.2402       1592     6.6292  0.000e+00
      7.032     5.3818   3.139169    32.2407       1593     6.6333  0.000e+00
      7.035     5.3820   3.139187    32.2407       1594     6.6375  0.000e+00
      7.021     5.3821   3.139187    32.2406       1595     6.6417  0.000e+00
      6.984     5.3821   3.139139    32.2401       1596     6.6458  0.000e+00
      6.924     5.3826   3.139503    32.2437       1597     6.6500  0.000e+00
      6.844     5.3857   3.139345    32.2390       1598     6.6542  0.000e+00
      6.739     5.3891   3.139145    32.2335       1599     6.6583  0.000e+00
      6.621     5.3898   3.139230    32.2339       1600     6.6625  0.000e+00
      6.498     5.3901   3.139248    32.2339       1601     6.6667  0.000e+00
      6.366     5.3914   3.139144    32.2315       1602     6.6708  0.000e+00
      6.234     5.3918   3.139922    32.2400       1603     6.6750  0.000e+00
      6.087     5.3961   3.140815    32.2461       1604     6.6792  0.000e+00
      5.957     5.4106   3.141191    32.2365       1605     6.6833  0.000e+00
      5.837     5.4297   3.141069    32.2168       1606     6.6875  0.000e+00
      5.737     5.4451   3.140614    32.1969       1607     6.6917  0.000e+00
      5.664     5.4513   3.141191    32.1976       1608     6.6958  0.000e+00
      5.608     5.4561   3.141348    32.1948       1609     6.7000  0.000e+00
      5.566     5.4641   3.141093    32.1842       1610     6.7042  0.000e+00
      5.537     5.4685   3.141391    32.1834       1611     6.7083  0.000e+00
      5.516     5.4724   3.141451    32.1803       1612     6.7125  0.000e+00
      5.502     5.4767   3.141330    32.1748       1613     6.7167  0.000e+00
      5.493     5.4794   3.141312    32.1720       1614     6.7208  0.000e+00
      5.492     5.4797   3.141348    32.1722       1615     6.7250  0.000e+00
      5.484     5.4798   3.141275    32.1713       1616     6.7292  0.000e+00
      5.472     5.4800   3.141111    32.1692       1617     6.7333  0.000e+00
      5.460     5.4784   3.140692    32.1660       1618     6.7375  0.000e+00
      5.437     5.4718   3.140358    32.1685       1619     6.7417  0.000e+00
      5.413     5.4618   3.140656    32.1815       1620     6.7458  0.000e+00
      5.379     5.4547   3.140140    32.1825       1621     6.7500  0.000e+00
      5.324     5.4480   3.139939    32.1867       1622     6.7542  0.000e+00
      5.252     5.4390   3.140996    32.2073       1623     6.7583  0.000e+00
      5.149     5.4408   3.141215    32.2081       1624     6.7625  0.000e+00
      5.021     5.4498   3.141591    32.2039       1625     6.7667  0.000e+00
      4.883     5.4612   3.141403    32.1908       1626     6.7708  0.000e+00
      4.763     5.4708   3.141646    32.1844       1627     6.7750  0.000e+00
      4.639     5.4776   3.141688    32.1785       1628     6.7792  0.000e+00
      4.536     5.4839   3.141730    32.1730       1629     6.7833  0.000e+00
      4.460     5.4890   3.141706    32.1678       1630     6.7875  0.000e+00
      4.396     5.4923   3.141846    32.1663       1631     6.7917  0.000e+00
      4.349     5.4952   3.141906    32.1642       1632     6.7958  0.000e+00
      4.313     5.4983   3.141767    32.1597       1633     6.8000  0.000e+00
      4.278     5.4994   3.141767    32.1586       1634     6.8042  0.000e+00
      4.249     5.4994   3.141906    32.1602       1635     6.8083  0.000e+00
      4.211     5.5001   3.141846    32.1588       1636     6.8125  0.000e+00
      4.178     5.5011   3.141846    32.1579       1637     6.8167  0.000e+00
      4.143     5.5011   3.141748    32.1568       1638     6.8208  0.000e+00
      4.109     5.5005   3.141730    32.1573       1639     6.8250  0.000e+00
      4.072     5.4985   3.141329    32.1547       1640     6.8292  0.000e+00
      4.023     5.4935   3.140910    32.1548       1641     6.8333  0.000e+00
      3.958     5.4832   3.140935    32.1649       1642     6.8375  0.000e+00
      3.884     5.4737   3.141269    32.1778       1643     6.8417  0.000e+00
      3.811     5.4711   3.141372    32.1815       1644     6.8458  0.000e+00
      3.728     5.4733   3.141269    32.1783       1645     6.8500  0.000e+00
      3.635     5.4762   3.141256    32.1754       1646     6.8542  0.000e+00
      3.546     5.4787   3.141329    32.1739       1647     6.8583  0.000e+00
      3.458     5.4803   3.141451    32.1738       1648     6.8625  0.000e+00
      3.382     5.4828   3.141451    32.1714       1649     6.8667  0.000e+00
      3.308     5.4858   3.141311    32.1670       1650     6.8708  0.000e+00
      3.244     5.4868   3.141311    32.1661       1651     6.8750  0.000e+00
