HB2502/sbe160.cnv
* Sea-Bird SBE 19plus V2 Data File:
* FileName = C:\cruise\data\sbe160.hex
* Software Version Seasave V 7.26.7.121
* Temperature SN = 6128
* Conductivity SN = 6128
* System UpLoad Time = May 13 2025 20:05:40
* NMEA Latitude = 42 59.24 N
* NMEA Longitude = 068 25.08 W
* NMEA UTC (Time) = May 13 2025  20:04:26
** Ship: Henry Bigelow
** Cruise:  HB2502
** Program:  Spring Bottom Trawl
# nquan = 7
# nvalues = 4831                                  
# units = specified
# name 0 = depSM: Depth [salt water, m]
# name 1 = tv290C: Temperature [ITS-90, deg C]
# name 2 = c0S/m: Conductivity [S/m]
# name 3 = sal00: Salinity, Practical [PSU]
# name 4 = scan: Scan Count
# name 5 = timeM: Time, Elapsed [minutes]
# name 6 = flag:  0.000e+00
# span 0 =     -0.110,    188.953                 
# span 1 =     5.4915,    14.0890                 
# span 2 =   0.010278,   3.786624                 
# span 3 =     0.0633,    33.9286                 
# span 4 =         11,       4841                 
# span 5 =     0.0417,    20.1667                 
# span 6 = 0.0000e+00, 0.0000e+00                 
# interval = seconds: 0.25
# start_time = May 13 2025 20:04:26 [NMEA time, header]
# bad_flag = -9.990e-29
*END*
[from data line 2052]
    140.791     6.8906   3.423637    33.8846       2063     8.5917  0.000e+00
    140.762     6.8907   3.423619    33.8843       2064     8.5958  0.000e+00
    140.721     6.8904   3.423575    33.8841       2065     8.6000  0.000e+00
    140.671     6.8904   3.423681    33.8853       2066     8.6042  0.000e+00
    140.614     6.8903   3.423725    33.8860       2067     8.6083  0.000e+00
    140.558     6.8904   3.423637    33.8848       2068     8.6125  0.000e+00
    140.496     6.8905   3.423600    33.8844       2069     8.6167  0.000e+00
    140.430     6.8903   3.423574    33.8843       2070     8.6208  0.000e+00
    140.354     6.8903   3.423618    33.8849       2071     8.6250  0.000e+00
    140.281     6.8904   3.423593    33.8846       2072     8.6292  0.000e+00
    140.210     6.8902   3.423599    33.8848       2073     8.6333  0.000e+00
    140.141     6.8903   3.423599    33.8847       2074     8.6375  0.000e+00
    140.066     6.8903   3.423505    33.8838       2075     8.6417  0.000e+00
    139.992     6.8902   3.423430    33.8831       2076     8.6458  0.000e+00
    139.908     6.8899   3.423380    33.8829       2077     8.6500  0.000e+00
    139.819     6.8896   3.423160    33.8808       2078     8.6542  0.000e+00
    139.741     6.8889   3.423178    33.8818       2079     8.6583  0.000e+00
    139.666     6.8885   3.423072    33.8810       2080     8.6625  0.000e+00
    139.584     6.8881   3.422701    33.8773       2081     8.6667  0.000e+00
    139.506     6.8872   3.422651    33.8777       2082     8.6708  0.000e+00
    139.422     6.8862   3.422638    33.8786       2083     8.6750  0.000e+00
    139.340     6.8857   3.422531    33.8779       2084     8.6792  0.000e+00
    139.248     6.8849   3.422387    33.8772       2085     8.6833  0.000e+00
    139.155     6.8844   3.422261    33.8764       2086     8.6875  0.000e+00
    139.063     6.8837   3.422211    33.8765       2087     8.6917  0.000e+00
    138.961     6.8831   3.422305    33.8782       2088     8.6958  0.000e+00
    138.871     6.8828   3.422261    33.8780       2089     8.7000  0.000e+00
    138.768     6.8826   3.422324    33.8790       2090     8.7042  0.000e+00
    138.670     6.8825   3.422286    33.8787       2091     8.7083  0.000e+00
    138.576     6.8827   3.421778    33.8730       2092     8.7125  0.000e+00
    138.476     6.8819   3.421639    33.8723       2093     8.7167  0.000e+00
    138.386     6.8806   3.421533    33.8724       2094     8.7208  0.000e+00
    138.295     6.8796   3.421401    33.8720       2095     8.7250  0.000e+00
    138.211     6.8789   3.421325    33.8720       2096     8.7292  0.000e+00
    138.130     6.8780   3.421338    33.8730       2097     8.7333  0.000e+00
    138.054     6.8774   3.421281    33.8730       2098     8.7375  0.000e+00
    137.978     6.8772   3.421005    33.8702       2099     8.7417  0.000e+00
    137.904     6.8766   3.420138    33.8613       2100     8.7458  0.000e+00
    137.832     6.8757   3.420308    33.8641       2101     8.7500  0.000e+00
    137.761     6.8741   3.420220    33.8647       2102     8.7542  0.000e+00
    137.685     6.8727   3.420283    33.8669       2103     8.7583  0.000e+00
    137.612     6.8716   3.420396    33.8692       2104     8.7625  0.000e+00
    137.532     6.8712   3.420515    33.8709       2105     8.7667  0.000e+00
    137.454     6.8715   3.420433    33.8699       2106     8.7708  0.000e+00
    137.369     6.8714   3.420440    33.8700       2107     8.7750  0.000e+00
    137.282     6.8715   3.420515    33.8708       2108     8.7792  0.000e+00
    137.195     6.8715   3.419849    33.8636       2109     8.7833  0.000e+00
    137.108     6.8707   3.419680    33.8625       2110     8.7875  0.000e+00
    137.010     6.8694   3.419429    33.8611       2111     8.7917  0.000e+00
    136.921     6.8681   3.419033    33.8580       2112     8.7958  0.000e+00
    136.822     6.8664   3.418995    33.8593       2113     8.8000  0.000e+00
    136.732     6.8648   3.418945    33.8604       2114     8.8042  0.000e+00
    136.634     6.8637   3.418870    33.8606       2115     8.8083  0.000e+00
    136.552     6.8630   3.418788    33.8606       2116     8.8125  0.000e+00
    136.467     6.8622   3.418794    33.8615       2117     8.8167  0.000e+00
    136.385     6.8618   3.418763    33.8615       2118     8.8208  0.000e+00
    136.307     6.8615   3.418575    33.8597       2119     8.8250  0.000e+00
    136.237     6.8610   3.418581    33.8603       2120     8.8292  0.000e+00
    136.161     6.8606   3.418443    33.8593       2121     8.8333  0.000e+00
    136.096     6.8601   3.418160    33.8567       2122     8.8375  0.000e+00
    136.026     6.8592   3.417953    33.8553       2123     8.8417  0.000e+00
    135.966     6.8582   3.418003    33.8569       2124     8.8458  0.000e+00
    135.893     6.8575   3.418079    33.8584       2125     8.8500  0.000e+00
    135.820     6.8572   3.418028    33.8583       2126     8.8542  0.000e+00
    135.752     6.8570   3.417890    33.8569       2127     8.8583  0.000e+00
    135.677     6.8567   3.417746    33.8557       2128     8.8625  0.000e+00
    135.606     6.8561   3.417721    33.8560       2129     8.8667  0.000e+00
    135.525     6.8556   3.417620    33.8554       2130     8.8708  0.000e+00
    135.450     6.8552   3.417413    33.8536       2131     8.8750  0.000e+00
    135.375     6.8546   3.417187    33.8518       2132     8.8792  0.000e+00
    135.293     6.8537   3.417174    33.8525       2133     8.8833  0.000e+00
    135.214     6.8529   3.417080    33.8524       2134     8.8875  0.000e+00
    135.138     6.8524   3.416955    33.8515       2135     8.8917  0.000e+00
    135.057     6.8517   3.416892    33.8515       2136     8.8958  0.000e+00
    134.975     6.8511   3.416792    33.8510       2137     8.9000  0.000e+00
    134.892     6.8504   3.416716    33.8510       2138     8.9042  0.000e+00
    134.805     6.8499   3.416559    33.8497       2139     8.9083  0.000e+00
    134.718     6.8492   3.416478    33.8496       2140     8.9125  0.000e+00
    134.630     6.8486   3.416321    33.8485       2141     8.9167  0.000e+00
    134.541     6.8479   3.416189    33.8478       2142     8.9208  0.000e+00
    134.449     6.8472   3.416189    33.8485       2143     8.9250  0.000e+00
    134.356     6.8466   3.416038    33.8475       2144     8.9292  0.000e+00
    134.267     6.8458   3.415643    33.8439       2145     8.9333  0.000e+00
    134.175     6.8448   3.415894    33.8478       2146     8.9375  0.000e+00
    134.081     6.8441   3.416126    33.8511       2147     8.9417  0.000e+00
    133.994     6.8443   3.415774    33.8470       2148     8.9458  0.000e+00
    133.901     6.8442   3.415687    33.8462       2149     8.9500  0.000e+00
    133.821     6.8437   3.415925    33.8494       2150     8.9542  0.000e+00
    133.736     6.8436   3.415812    33.8482       2151     8.9583  0.000e+00
    133.658     6.8435   3.415925    33.8496       2152     8.9625  0.000e+00
    133.578     6.8435   3.415730    33.8475       2153     8.9667  0.000e+00
    133.502     6.8436   3.415435    33.8443       2154     8.9708  0.000e+00
    133.427     6.8428   3.415492    33.8456       2155     8.9750  0.000e+00
    133.352     6.8422   3.415479    33.8462       2156     8.9792  0.000e+00
    133.281     6.8419   3.415511    33.8469       2157     8.9833  0.000e+00
    133.214     6.8415   3.415398    33.8460       2158     8.9875  0.000e+00
    133.145     6.8412   3.415435    33.8468       2159     8.9917  0.000e+00
    133.080     6.8411   3.415316    33.8456       2160     8.9958  0.000e+00
    133.011     6.8409   3.415354    33.8462       2161     9.0000  0.000e+00
    132.947     6.8406   3.415291    33.8458       2162     9.0042  0.000e+00
    132.881     6.8405   3.415479    33.8481       2163     9.0083  0.000e+00
    132.820     6.8407   3.415316    33.8461       2164     9.0125  0.000e+00
    132.746     6.8408   3.415165    33.8444       2165     9.0167  0.000e+00
    132.677     6.8403   3.415128    33.8445       2166     9.0208  0.000e+00
    132.605     6.8398   3.415008    33.8437       2167     9.0250  0.000e+00
    132.526     6.8393   3.415065    33.8449       2168     9.0292  0.000e+00
    132.446     6.8392   3.415184    33.8463       2169     9.0333  0.000e+00
    132.363     6.8393   3.415065    33.8449       2170     9.0375  0.000e+00
    132.282     6.8392   3.414920    33.8435       2171     9.0417  0.000e+00
    132.200     6.8388   3.414858    33.8432       2172     9.0458  0.000e+00
    132.104     6.8383   3.414795    33.8431       2173     9.0500  0.000e+00
    132.016     6.8379   3.414789    33.8435       2174     9.0542  0.000e+00
    131.925     6.8375   3.414770    33.8437       2175     9.0583  0.000e+00
    131.835     6.8374   3.414807    33.8443       2176     9.0625  0.000e+00
    131.746     6.8374   3.414650    33.8426       2177     9.0667  0.000e+00
    131.657     6.8370   3.414650    33.8430       2178     9.0708  0.000e+00
    131.572     6.8367   3.414613    33.8429       2179     9.0750  0.000e+00
    131.492     6.8363   3.414318    33.8401       2180     9.0792  0.000e+00
    131.407     6.8357   3.414243    33.8400       2181     9.0833  0.000e+00
    131.329     6.8349   3.414230    33.8406       2182     9.0875  0.000e+00
    131.250     6.8344   3.414217    33.8411       2183     9.0917  0.000e+00
    131.174     6.8340   3.414274    33.8421       2184     9.0958  0.000e+00
    131.102     6.8338   3.414255    33.8421       2185     9.1000  0.000e+00
    131.024     6.8338   3.414217    33.8417       2186     9.1042  0.000e+00
    130.948     6.8336   3.414104    33.8407       2187     9.1083  0.000e+00
    130.875     6.8332   3.414111    33.8412       2188     9.1125  0.000e+00
    130.801     6.8331   3.414104    33.8413       2189     9.1167  0.000e+00
    130.722     6.8330   3.414004    33.8403       2190     9.1208  0.000e+00
    130.642     6.8328   3.414085    33.8414       2191     9.1250  0.000e+00
    130.565     6.8328   3.414085    33.8414       2192     9.1292  0.000e+00
    130.491     6.8327   3.413960    33.8402       2193     9.1333  0.000e+00
    130.414     6.8326   3.413922    33.8400       2194     9.1375  0.000e+00
    130.334     6.8323   3.413715    33.8380       2195     9.1417  0.000e+00
    130.253     6.8317   3.412881    33.8295       2196     9.1458  0.000e+00
    130.180     6.8300   3.412605    33.8281       2197     9.1500  0.000e+00
    130.106     6.8277   3.412510    33.8294       2198     9.1542  0.000e+00
    130.031     6.8258   3.412404    33.8301       2199     9.1583  0.000e+00
    129.959     6.8242   3.412297    33.8305       2200     9.1625  0.000e+00
    129.886     6.8230   3.412197    33.8306       2201     9.1667  0.000e+00
    129.816     6.8221   3.412140    33.8309       2202     9.1708  0.000e+00
    129.747     6.8214   3.412071    33.8309       2203     9.1750  0.000e+00
    129.676     6.8208   3.412096    33.8318       2204     9.1792  0.000e+00
    129.608     6.8205   3.412027    33.8314       2205     9.1833  0.000e+00
    129.534     6.8201   3.411990    33.8314       2206     9.1875  0.000e+00
    129.469     6.8198   3.411902    33.8308       2207     9.1917  0.000e+00
    129.393     6.8194   3.411927    33.8315       2208     9.1958  0.000e+00
    129.318     6.8190   3.411814    33.8307       2209     9.2000  0.000e+00
    129.242     6.8187   3.411739    33.8301       2210     9.2042  0.000e+00
    129.159     6.8184   3.411663    33.8296       2211     9.2083  0.000e+00
    129.081     6.8179   3.411387    33.8272       2212     9.2125  0.000e+00
    129.001     6.8171   3.411055    33.8243       2213     9.2167  0.000e+00
    128.922     6.8161   3.410829    33.8229       2214     9.2208  0.000e+00
    128.841     6.8149   3.410766    33.8234       2215     9.2250  0.000e+00
    128.749     6.8137   3.410616    33.8230       2216     9.2292  0.000e+00
    128.668     6.8126   3.410559    33.8235       2217     9.2333  0.000e+00
    128.584     6.8118   3.410396    33.8225       2218     9.2375  0.000e+00
    128.505     6.8109   3.410246    33.8218       2219     9.2417  0.000e+00
    128.422     6.8101   3.410101    33.8210       2220     9.2458  0.000e+00
    128.343     6.8092   3.410070    33.8216       2221     9.2500  0.000e+00
    128.269     6.8086   3.410039    33.8219       2222     9.2542  0.000e+00
    128.200     6.8080   3.409982    33.8218       2223     9.2583  0.000e+00
    128.129     6.8075   3.409894    33.8215       2224     9.2625  0.000e+00
    128.066     6.8070   3.409236    33.8147       2225     9.2667  0.000e+00
    128.002     6.8054   3.408483    33.8080       2226     9.2708  0.000e+00
    127.946     6.8027   3.407844    33.8036       2227     9.2750  0.000e+00
    127.884     6.7996   3.407505    33.8031       2228     9.2792  0.000e+00
    127.833     6.7963   3.407242    33.8034       2229     9.2833  0.000e+00
    127.773     6.7938   3.407098    33.8043       2230     9.2875  0.000e+00
    127.719     6.7915   3.406721    33.8025       2231     9.2917  0.000e+00
    127.662     6.7897   3.406138    33.7979       2232     9.2958  0.000e+00
    127.598     6.7871   3.405787    33.7965       2233     9.3000  0.000e+00
    127.535     6.7848   3.405374    33.7943       2234     9.3042  0.000e+00
    127.466     6.7824   3.405392    33.7969       2235     9.3083  0.000e+00
    127.402     6.7804   3.405223    33.7970       2236     9.3125  0.000e+00
    127.330     6.7788   3.405311    33.7996       2237     9.3167  0.000e+00
    127.255     6.7780   3.405229    33.7995       2238     9.3208  0.000e+00
    127.175     6.7776   3.405204    33.7997       2239     9.3250  0.000e+00
    127.092     6.7772   3.405104    33.7990       2240     9.3292  0.000e+00
    127.009     6.7765   3.404615    33.7944       2241     9.3333  0.000e+00
    126.922     6.7755   3.404051    33.7892       2242     9.3375  0.000e+00
    126.838     6.7736   3.403957    33.7901       2243     9.3417  0.000e+00
    126.748     6.7717   3.403512    33.7871       2244     9.3458  0.000e+00
    126.662     6.7699   3.403418    33.7878       2245     9.3500  0.000e+00
    126.569     6.7681   3.403430    33.7898       2246     9.3542  0.000e+00
    126.486     6.7669   3.403261    33.7891       2247     9.3583  0.000e+00
    126.399     6.7658   3.403067    33.7881       2248     9.3625  0.000e+00
    126.310     6.7648   3.402478    33.7827       2249     9.3667  0.000e+00
    126.230     6.7632   3.402346    33.7829       2250     9.3708  0.000e+00
    126.151     6.7616   3.402146    33.7822       2251     9.3750  0.000e+00
    126.077     6.7598   3.402045    33.7829       2252     9.3792  0.000e+00
    126.010     6.7585   3.401939    33.7830       2253     9.3833  0.000e+00
    125.948     6.7577   3.401914    33.7836       2254     9.3875  0.000e+00
    125.885     6.7567   3.401920    33.7847       2255     9.3917  0.000e+00
    125.830     6.7564   3.402064    33.7866       2256     9.3958  0.000e+00
    125.779     6.7563   3.401939    33.7853       2257     9.4000  0.000e+00
    125.721     6.7562   3.401713    33.7830       2258     9.4042  0.000e+00
    125.670     6.7558   3.401914    33.7856       2259     9.4083  0.000e+00
    125.614     6.7554   3.401920    33.7861       2260     9.4125  0.000e+00
    125.556     6.7556   3.401757    33.7841       2261     9.4167  0.000e+00
    125.498     6.7553   3.401813    33.7851       2262     9.4208  0.000e+00
    125.436     6.7552   3.401826    33.7853       2263     9.4250  0.000e+00
    125.374     6.7553   3.401876    33.7858       2264     9.4292  0.000e+00
    125.308     6.7552   3.401889    33.7860       2265     9.4333  0.000e+00
    125.237     6.7554   3.401544    33.7822       2266     9.4375  0.000e+00
