HB2502/sbe138.cnv
* Sea-Bird SBE 19plus V2 Data File:
* FileName = C:\cruise\data\sbe138.hex
* Software Version Seasave V 7.26.7.121
* Temperature SN = 6128
* Conductivity SN = 6128
* System UpLoad Time = May 06 2025 05:00:54
* NMEA Latitude = 42 02.22 N
* NMEA Longitude = 066 43.38 W
* NMEA UTC (Time) = May 06 2025  04:59:32
** Ship: Henry Bigelow
** Cruise:  HB2502
** Program:  Spring Bottom Trawl
# nquan = 7
# nvalues = 1411                                  
# units = specified
# name 0 = depSM: Depth [salt water, m]
# name 1 = tv290C: Temperature [ITS-90, deg C]
# name 2 = c0S/m: Conductivity [S/m]
# name 3 = sal00: Salinity, Practical [PSU]
# name 4 = scan: Scan Count
# name 5 = timeM: Time, Elapsed [minutes]
# name 6 = flag:  0.000e+00
# span 0 =      0.167,     62.476                 
# span 1 =     7.0089,     8.1904                 
# span 2 =   0.010278,   3.380626                 
# span 3 =     0.0714,    33.0660                 
# span 4 =         11,       1421                 
# span 5 =     0.0417,     5.9167                 
# span 6 = 0.0000e+00, 0.0000e+00                 
# interval = seconds: 0.25
# start_time = May 06 2025 04:59:32 [NMEA time, header]
# bad_flag = -9.990e-29
*END*
[from data line 1231]
     10.448     7.0288   3.329232    32.7798       1242     5.1708  0.000e+00
     10.359     7.0289   3.329207    32.7795       1243     5.1750  0.000e+00
     10.285     7.0287   3.329232    32.7799       1244     5.1792  0.000e+00
     10.218     7.0286   3.329251    32.7803       1245     5.1833  0.000e+00
     10.162     7.0286   3.329251    32.7804       1246     5.1875  0.000e+00
     10.115     7.0286   3.329232    32.7801       1247     5.1917  0.000e+00
     10.069     7.0287   3.329207    32.7798       1248     5.1958  0.000e+00
     10.037     7.0286   3.329232    32.7802       1249     5.2000  0.000e+00
     10.001     7.0288   3.329251    32.7802       1250     5.2042  0.000e+00
      9.975     7.0289   3.329251    32.7801       1251     5.2083  0.000e+00
      9.955     7.0290   3.329251    32.7800       1252     5.2125  0.000e+00
      9.929     7.0292   3.329251    32.7799       1253     5.2167  0.000e+00
      9.897     7.0292   3.329294    32.7803       1254     5.2208  0.000e+00
      9.861     7.0292   3.329232    32.7797       1255     5.2250  0.000e+00
      9.819     7.0292   3.329207    32.7795       1256     5.2292  0.000e+00
      9.770     7.0292   3.329207    32.7794       1257     5.2333  0.000e+00
      9.720     7.0289   3.329151    32.7792       1258     5.2375  0.000e+00
      9.660     7.0288   3.329189    32.7797       1259     5.2417  0.000e+00
      9.586     7.0287   3.329232    32.7803       1260     5.2458  0.000e+00
      9.499     7.0286   3.329170    32.7798       1261     5.2500  0.000e+00
      9.406     7.0287   3.329232    32.7804       1262     5.2542  0.000e+00
      9.318     7.0288   3.329170    32.7797       1263     5.2583  0.000e+00
      9.224     7.0288   3.329188    32.7799       1264     5.2625  0.000e+00
      9.119     7.0288   3.329232    32.7804       1265     5.2667  0.000e+00
      9.014     7.0290   3.329170    32.7797       1266     5.2708  0.000e+00
      8.911     7.0290   3.329188    32.7799       1267     5.2750  0.000e+00
      8.813     7.0291   3.329145    32.7794       1268     5.2792  0.000e+00
      8.710     7.0288   3.329089    32.7790       1269     5.2833  0.000e+00
      8.609     7.0286   3.329058    32.7790       1270     5.2875  0.000e+00
      8.499     7.0282   3.329083    32.7797       1271     5.2917  0.000e+00
      8.392     7.0280   3.329045    32.7795       1272     5.2958  0.000e+00
      8.292     7.0279   3.329058    32.7798       1273     5.3000  0.000e+00
      8.207     7.0279   3.329045    32.7797       1274     5.3042  0.000e+00
      8.137     7.0276   3.329039    32.7799       1275     5.3083  0.000e+00
      8.093     7.0276   3.329039    32.7799       1276     5.3125  0.000e+00
      8.067     7.0275   3.329045    32.7801       1277     5.3167  0.000e+00
      8.066     7.0277   3.329082    32.7804       1278     5.3208  0.000e+00
      8.080     7.0278   3.329058    32.7800       1279     5.3250  0.000e+00
      8.113     7.0278   3.329045    32.7798       1280     5.3292  0.000e+00
      8.150     7.0279   3.329058    32.7799       1281     5.3333  0.000e+00
      8.189     7.0278   3.329082    32.7802       1282     5.3375  0.000e+00
      8.217     7.0279   3.329089    32.7801       1283     5.3417  0.000e+00
      8.221     7.0280   3.329101    32.7802       1284     5.3458  0.000e+00
      8.217     7.0282   3.329089    32.7799       1285     5.3500  0.000e+00
      8.184     7.0282   3.329120    32.7803       1286     5.3542  0.000e+00
      8.117     7.0282   3.329082    32.7798       1287     5.3583  0.000e+00
      8.026     7.0282   3.329045    32.7795       1288     5.3625  0.000e+00
      7.908     7.0280   3.329058    32.7798       1289     5.3667  0.000e+00
      7.775     7.0280   3.329082    32.7802       1290     5.3708  0.000e+00
      7.628     7.0279   3.329169    32.7813       1291     5.3750  0.000e+00
      7.474     7.0283   3.329206    32.7815       1292     5.3792  0.000e+00
      7.312     7.0288   3.329126    32.7801       1293     5.3833  0.000e+00
      7.141     7.0290   3.329144    32.7802       1294     5.3875  0.000e+00
      6.988     7.0292   3.329039    32.7789       1295     5.3917  0.000e+00
      6.845     7.0293   3.329150    32.7802       1296     5.3958  0.000e+00
      6.723     7.0292   3.329082    32.7796       1297     5.4000  0.000e+00
      6.615     7.0292   3.329038    32.7791       1298     5.4042  0.000e+00
      6.522     7.0291   3.329045    32.7794       1299     5.4083  0.000e+00
      6.460     7.0289   3.329038    32.7795       1300     5.4125  0.000e+00
      6.414     7.0288   3.329038    32.7796       1301     5.4167  0.000e+00
      6.396     7.0287   3.329026    32.7796       1302     5.4208  0.000e+00
      6.392     7.0286   3.329014    32.7795       1303     5.4250  0.000e+00
      6.396     7.0286   3.329026    32.7797       1304     5.4292  0.000e+00
      6.410     7.0286   3.329038    32.7799       1305     5.4333  0.000e+00
      6.435     7.0284   3.328995    32.7795       1306     5.4375  0.000e+00
      6.462     7.0284   3.328989    32.7795       1307     5.4417  0.000e+00
      6.488     7.0283   3.328976    32.7794       1308     5.4458  0.000e+00
      6.509     7.0282   3.328976    32.7795       1309     5.4500  0.000e+00
      6.518     7.0281   3.328889    32.7786       1310     5.4542  0.000e+00
      6.514     7.0276   3.328864    32.7788       1311     5.4583  0.000e+00
      6.502     7.0272   3.328784    32.7783       1312     5.4625  0.000e+00
      6.469     7.0269   3.328697    32.7777       1313     5.4667  0.000e+00
      6.411     7.0261   3.328635    32.7778       1314     5.4708  0.000e+00
      6.342     7.0254   3.328622    32.7783       1315     5.4750  0.000e+00
      6.255     7.0247   3.328610    32.7789       1316     5.4792  0.000e+00
      6.146     7.0243   3.328678    32.7801       1317     5.4833  0.000e+00
      6.036     7.0239   3.328647    32.7802       1318     5.4875  0.000e+00
      5.922     7.0240   3.328653    32.7802       1319     5.4917  0.000e+00
      5.808     7.0238   3.328610    32.7800       1320     5.4958  0.000e+00
      5.703     7.0238   3.328647    32.7804       1321     5.5000  0.000e+00
      5.582     7.0238   3.328609    32.7801       1322     5.5042  0.000e+00
      5.455     7.0239   3.328522    32.7791       1323     5.5083  0.000e+00
      5.328     7.0237   3.328572    32.7799       1324     5.5125  0.000e+00
      5.194     7.0235   3.328572    32.7801       1325     5.5167  0.000e+00
      5.059     7.0236   3.328541    32.7798       1326     5.5208  0.000e+00
      4.930     7.0235   3.328547    32.7800       1327     5.5250  0.000e+00
      4.809     7.0236   3.328547    32.7800       1328     5.5292  0.000e+00
      4.698     7.0237   3.328522    32.7797       1329     5.5333  0.000e+00
      4.617     7.0237   3.328547    32.7800       1330     5.5375  0.000e+00
      4.557     7.0236   3.328572    32.7804       1331     5.5417  0.000e+00
      4.514     7.0236   3.328566    32.7803       1332     5.5458  0.000e+00
      4.494     7.0236   3.328572    32.7804       1333     5.5500  0.000e+00
      4.494     7.0236   3.328603    32.7807       1334     5.5542  0.000e+00
      4.516     7.0238   3.328591    32.7804       1335     5.5583  0.000e+00
      4.539     7.0238   3.328591    32.7804       1336     5.5625  0.000e+00
      4.566     7.0239   3.328584    32.7802       1337     5.5667  0.000e+00
      4.597     7.0239   3.328609    32.7804       1338     5.5708  0.000e+00
      4.632     7.0239   3.328591    32.7803       1339     5.5750  0.000e+00
      4.653     7.0239   3.328603    32.7803       1340     5.5792  0.000e+00
      4.647     7.0239   3.328634    32.7807       1341     5.5833  0.000e+00
      4.633     7.0242   3.328646    32.7806       1342     5.5875  0.000e+00
      4.591     7.0243   3.328653    32.7805       1343     5.5917  0.000e+00
      4.544     7.0245   3.328721    32.7811       1344     5.5958  0.000e+00
      4.466     7.0248   3.328727    32.7810       1345     5.6000  0.000e+00
      4.363     7.0250   3.328721    32.7808       1346     5.6042  0.000e+00
      4.238     7.0252   3.328758    32.7810       1347     5.6083  0.000e+00
      4.092     7.0254   3.328684    32.7801       1348     5.6125  0.000e+00
      3.900     7.0254   3.328721    32.7806       1349     5.6167  0.000e+00
      3.714     7.0255   3.328634    32.7796       1350     5.6208  0.000e+00
      3.524     7.0254   3.328646    32.7799       1351     5.6250  0.000e+00
      3.366     7.0254   3.328441    32.7778       1352     5.6292  0.000e+00
      3.254     7.0251   3.328565    32.7795       1353     5.6333  0.000e+00
      3.202     7.0249   3.328571    32.7798       1354     5.6375  0.000e+00
      3.174     7.0247   3.328571    32.7800       1355     5.6417  0.000e+00
      3.165     7.0245   3.328565    32.7801       1356     5.6458  0.000e+00
      3.163     7.0245   3.328590    32.7804       1357     5.6500  0.000e+00
      3.179     7.0246   3.328652    32.7809       1358     5.6542  0.000e+00
      3.181     7.0249   3.328665    32.7808       1359     5.6583  0.000e+00
      3.163     7.0251   3.328677    32.7807       1360     5.6625  0.000e+00
      3.141     7.0254   3.328739    32.7812       1361     5.6667  0.000e+00
      3.098     7.0257   3.328683    32.7803       1362     5.6708  0.000e+00
      3.031     7.0258   3.328677    32.7802       1363     5.6750  0.000e+00
      2.947     7.0258   3.328702    32.7805       1364     5.6792  0.000e+00
      2.845     7.0259   3.328950    32.7831       1365     5.6833  0.000e+00
      2.735     7.0267   3.328758    32.7803       1366     5.6875  0.000e+00
      2.627     7.0273   3.328745    32.7797       1367     5.6917  0.000e+00
      2.511     7.0271   3.328782    32.7803       1368     5.6958  0.000e+00
      2.418     7.0272   3.328782    32.7803       1369     5.7000  0.000e+00
      2.362     7.0273   3.328782    32.7802       1370     5.7042  0.000e+00
      2.346     7.0274   3.328844    32.7808       1371     5.7083  0.000e+00
      2.338     7.0276   3.328844    32.7806       1372     5.7125  0.000e+00
      2.319     7.0279   3.328863    32.7805       1373     5.7167  0.000e+00
      2.306     7.0282   3.328888    32.7806       1374     5.7208  0.000e+00
      2.302     7.0283   3.328863    32.7802       1375     5.7250  0.000e+00
      2.286     7.0284   3.328844    32.7799       1376     5.7292  0.000e+00
      2.264     7.0287   3.328844    32.7796       1377     5.7333  0.000e+00
      2.220     7.0286   3.328907    32.7804       1378     5.7375  0.000e+00
      2.131     7.0287   3.329205    32.7836       1379     5.7417  0.000e+00
      1.997     7.0293   3.329627    32.7877       1380     5.7458  0.000e+00
      1.831     7.0316   3.329652    32.7858       1381     5.7500  0.000e+00
      1.682     7.0337   3.329503    32.7823       1382     5.7542  0.000e+00
      1.563     7.0352   3.329851    32.7848       1383     5.7583  0.000e+00
      1.483     7.0366   3.329776    32.7826       1384     5.7625  0.000e+00
      1.445     7.0381   3.329776    32.7813       1385     5.7667  0.000e+00
      1.431     7.0390   3.329733    32.7799       1386     5.7708  0.000e+00
      1.422     7.0394   3.329714    32.7793       1387     5.7750  0.000e+00
      1.390     7.0396   3.329757    32.7796       1388     5.7792  0.000e+00
      1.346     7.0398   3.329795    32.7799       1389     5.7833  0.000e+00
      1.300     7.0399   3.329776    32.7795       1390     5.7875  0.000e+00
      1.269     7.0402   3.329770    32.7793       1391     5.7917  0.000e+00
      1.210     7.0403   3.329670    32.7781       1392     5.7958  0.000e+00
      1.128     7.0402   3.329627    32.7777       1393     5.8000  0.000e+00
      1.056     7.0398   3.329633    32.7783       1394     5.8042  0.000e+00
      0.987     7.0395   3.329670    32.7789       1395     5.8083  0.000e+00
      0.897     7.0393   3.329670    32.7792       1396     5.8125  0.000e+00
      0.786     7.0392   3.329652    32.7791       1397     5.8167  0.000e+00
      0.694     7.0391   3.329652    32.7793       1398     5.8208  0.000e+00
      0.653     7.0390   3.329670    32.7796       1399     5.8250  0.000e+00
      0.588     7.0390   3.329832    32.7814       1400     5.8292  0.000e+00
      0.508     7.0394   3.329776    32.7804       1401     5.8333  0.000e+00
      0.402     7.0399   3.329751    32.7797       1402     5.8375  0.000e+00
      0.286     7.0402   3.329801    32.7800       1403     5.8417  0.000e+00
      0.212     7.0403   3.329757    32.7795       1404     5.8458  0.000e+00
      0.176     7.0406   3.286874    32.3115       1405     5.8500  0.000e+00
      0.177     7.0409   1.445879    13.1543       1406     5.8542  0.000e+00
      0.177     7.0426   0.540432     4.5621       1407     5.8583  0.000e+00
      0.176     7.0470   1.443117    13.1248       1408     5.8625  0.000e+00
      0.177     7.0512   0.662000     5.6668       1409     5.8667  0.000e+00
      0.177     7.0536   0.548379     4.6323       1410     5.8708  0.000e+00
      0.179     7.0558   0.399190     3.3015       1411     5.8750  0.000e+00
      0.175     7.0569   0.294272     2.3882       1412     5.8792  0.000e+00
      0.217     7.0574   0.247693     1.9899       1413     5.8833  0.000e+00
      0.305     7.0581   0.406413     3.3649       1414     5.8875  0.000e+00
      0.280     7.0578   1.085367     9.6413       1415     5.8917  0.000e+00
      0.182     7.0560   0.603463     5.1313       1416     5.8958  0.000e+00
      0.177     7.0536   2.553023    24.4436       1417     5.9000  0.000e+00
      0.175     7.0512   0.845533     7.3690       1418     5.9042  0.000e+00
      0.168     7.0505   0.624741     5.3260       1419     5.9083  0.000e+00
      0.167     7.0497   0.605196     5.1480       1420     5.9125  0.000e+00
      0.173     7.0494   0.514747     4.3300       1421     5.9167  0.000e+00
