HB2502/sbe121.cnv
* Sea-Bird SBE 19plus V2 Data File:
* FileName = C:\cruise\data\sbe121.hex
* Software Version Seasave V 7.26.7.121
* Temperature SN = 6128
* Conductivity SN = 6128
* System UpLoad Time = Apr 20 2025 03:12:43
* NMEA Latitude = 42 58.51 N
* NMEA Longitude = 070 09.67 W
* NMEA UTC (Time) = Apr 20 2025  03:12:04
** Ship: Henry Bigelow
** Cruise:  HB2502
** Program:  Spring Bottom Trawl
# nquan = 7
# nvalues = 3560                                  
# units = specified
# name 0 = depSM: Depth [salt water, m]
# name 1 = tv290C: Temperature [ITS-90, deg C]
# name 2 = c0S/m: Conductivity [S/m]
# name 3 = sal00: Salinity, Practical [PSU]
# name 4 = scan: Scan Count
# name 5 = timeM: Time, Elapsed [minutes]
# name 6 = flag:  0.000e+00
# span 0 =     -0.215,    151.878                 
# span 1 =     4.3303,    11.9841                 
# span 2 =   0.010263,   3.657512                 
# span 3 =     0.0658,    35.0734                 
# span 4 =         11,       3570                 
# span 5 =     0.0417,    14.8708                 
# span 6 = 0.0000e+00, 0.0000e+00                 
# interval = seconds: 0.25
# start_time = Apr 20 2025 03:12:04 [NMEA time, header]
# bad_flag = -9.990e-29
*END*
[from data line 2462]
     72.522     4.8567   3.146625    32.8048       2473    10.3000  0.000e+00
     72.430     4.8556   3.146589    32.8055       2474    10.3042  0.000e+00
     72.359     4.8548   3.146528    32.8057       2475    10.3083  0.000e+00
     72.293     4.8540   3.146528    32.8065       2476    10.3125  0.000e+00
     72.235     4.8536   3.146424    32.8057       2477    10.3167  0.000e+00
     72.183     4.8530   3.146212    32.8038       2478    10.3208  0.000e+00
     72.139     4.8522   3.146108    32.8034       2479    10.3250  0.000e+00
     72.103     4.8513   3.146048    32.8037       2480    10.3292  0.000e+00
     72.065     4.8504   3.146048    32.8046       2481    10.3333  0.000e+00
     72.034     4.8499   3.146090    32.8056       2482    10.3375  0.000e+00
     72.009     4.8495   3.146127    32.8065       2483    10.3417  0.000e+00
     71.975     4.8493   3.146108    32.8064       2484    10.3458  0.000e+00
     71.935     4.8493   3.146108    32.8065       2485    10.3500  0.000e+00
     71.903     4.8494   3.146048    32.8057       2486    10.3542  0.000e+00
     71.866     4.8494   3.146047    32.8057       2487    10.3583  0.000e+00
     71.816     4.8493   3.146047    32.8058       2488    10.3625  0.000e+00
     71.770     4.8492   3.145968    32.8050       2489    10.3667  0.000e+00
     71.714     4.8490   3.145968    32.8052       2490    10.3708  0.000e+00
     71.656     4.8488   3.145908    32.8048       2491    10.3750  0.000e+00
     71.591     4.8486   3.145871    32.8046       2492    10.3792  0.000e+00
     71.522     4.8483   3.145810    32.8042       2493    10.3833  0.000e+00
     71.439     4.8478   3.145689    32.8034       2494    10.3875  0.000e+00
     71.352     4.8472   3.145610    32.8031       2495    10.3917  0.000e+00
     71.256     4.8465   3.145452    32.8020       2496    10.3958  0.000e+00
     71.162     4.8456   3.145415    32.8025       2497    10.4000  0.000e+00
     71.071     4.8447   3.145251    32.8016       2498    10.4042  0.000e+00
     70.971     4.8436   3.145014    32.8000       2499    10.4083  0.000e+00
     70.879     4.8422   3.144181    32.7917       2500    10.4125  0.000e+00
     70.794     4.8397   3.143720    32.7890       2501    10.4167  0.000e+00
     70.703     4.8359   3.143343    32.7884       2502    10.4208  0.000e+00
     70.622     4.8318   3.143203    32.7909       2503    10.4250  0.000e+00
     70.555     4.8281   3.143106    32.7934       2504    10.4292  0.000e+00
     70.493     4.8251   3.143124    32.7966       2505    10.4333  0.000e+00
     70.426     4.8232   3.143167    32.7990       2506    10.4375  0.000e+00
     70.370     4.8220   3.143167    32.8003       2507    10.4417  0.000e+00
     70.323     4.8215   3.143106    32.8001       2508    10.4458  0.000e+00
     70.272     4.8210   3.143148    32.8010       2509    10.4500  0.000e+00
     70.218     4.8209   3.143130    32.8010       2510    10.4542  0.000e+00
     70.162     4.8208   3.143124    32.8011       2511    10.4583  0.000e+00
     70.111     4.8207   3.143063    32.8005       2512    10.4625  0.000e+00
     70.069     4.8206   3.142966    32.7995       2513    10.4667  0.000e+00
     70.013     4.8201   3.143027    32.8007       2514    10.4708  0.000e+00
     69.962     4.8197   3.143185    32.8029       2515    10.4750  0.000e+00
     69.904     4.8200   3.142766    32.7979       2516    10.4792  0.000e+00
     69.844     4.8196   3.142249    32.7922       2517    10.4833  0.000e+00
     69.784     4.8178   3.142194    32.7935       2518    10.4875  0.000e+00
     69.717     4.8155   3.142492    32.7992       2519    10.4917  0.000e+00
     69.653     4.8146   3.142589    32.8013       2520    10.4958  0.000e+00
     69.584     4.8144   3.142796    32.8039       2521    10.5000  0.000e+00
     69.515     4.8149   3.142905    32.8047       2522    10.5042  0.000e+00
     69.442     4.8159   3.142948    32.8042       2523    10.5083  0.000e+00
     69.376     4.8167   3.142887    32.8028       2524    10.5125  0.000e+00
     69.310     4.8174   3.142905    32.8023       2525    10.5167  0.000e+00
     69.247     4.8179   3.142929    32.8021       2526    10.5208  0.000e+00
     69.189     4.8183   3.143008    32.8027       2527    10.5250  0.000e+00
     69.129     4.8186   3.143008    32.8024       2528    10.5292  0.000e+00
     69.068     4.8188   3.142510    32.7964       2529    10.5333  0.000e+00
     69.008     4.8186   3.141890    32.7896       2530    10.5375  0.000e+00
     68.948     4.8164   3.141599    32.7883       2531    10.5417  0.000e+00
     68.883     4.8132   3.141435    32.7897       2532    10.5458  0.000e+00
     68.809     4.8101   3.141398    32.7923       2533    10.5500  0.000e+00
     68.735     4.8079   3.141593    32.7968       2534    10.5542  0.000e+00
     68.653     4.8066   3.141435    32.7963       2535    10.5583  0.000e+00
     68.566     4.8059   3.140603    32.7875       2536    10.5625  0.000e+00
     68.472     4.8037   3.140044    32.7832       2537    10.5667  0.000e+00
     68.376     4.8003   3.138896    32.7734       2538    10.5708  0.000e+00
     68.282     4.7946   3.137706    32.7652       2539    10.5750  0.000e+00
     68.186     4.7869   3.137329    32.7685       2540    10.5792  0.000e+00
     68.101     4.7791   3.137135    32.7741       2541    10.5833  0.000e+00
     68.025     4.7726   3.136097    32.7685       2542    10.5875  0.000e+00
     67.958     4.7663   3.135781    32.7711       2543    10.5917  0.000e+00
     67.907     4.7600   3.135660    32.7759       2544    10.5958  0.000e+00
     67.852     4.7552   3.135599    32.7800       2545    10.6000  0.000e+00
     67.817     4.7519   3.135581    32.7831       2546    10.6042  0.000e+00
     67.788     4.7494   3.135545    32.7851       2547    10.6083  0.000e+00
     67.758     4.7479   3.135484    32.7860       2548    10.6125  0.000e+00
     67.732     4.7468   3.135442    32.7865       2549    10.6167  0.000e+00
     67.714     4.7460   3.135314    32.7859       2550    10.6208  0.000e+00
     67.682     4.7451   3.135144    32.7848       2551    10.6250  0.000e+00
     67.635     4.7442   3.134907    32.7830       2552    10.6292  0.000e+00
     67.587     4.7430   3.134671    32.7814       2553    10.6333  0.000e+00
     67.523     4.7412   3.134434    32.7805       2554    10.6375  0.000e+00
     67.443     4.7395   3.134015    32.7774       2555    10.6417  0.000e+00
     67.349     4.7370   3.133857    32.7781       2556    10.6458  0.000e+00
     67.255     4.7346   3.133821    32.7801       2557    10.6500  0.000e+00
     67.148     4.7326   3.133596    32.7796       2558    10.6542  0.000e+00
     67.039     4.7308   3.133524    32.7805       2559    10.6583  0.000e+00
     66.933     4.7291   3.133718    32.7844       2560    10.6625  0.000e+00
     66.833     4.7284   3.133657    32.7845       2561    10.6667  0.000e+00
     66.739     4.7280   3.133481    32.7830       2562    10.6708  0.000e+00
     66.649     4.7275   3.133323    32.7817       2563    10.6750  0.000e+00
     66.580     4.7268   3.133341    32.7826       2564    10.6792  0.000e+00
     66.515     4.7259   3.133341    32.7835       2565    10.6833  0.000e+00
     66.462     4.7254   3.133123    32.7815       2566    10.6875  0.000e+00
     66.417     4.7247   3.133074    32.7817       2567    10.6917  0.000e+00
     66.379     4.7238   3.132929    32.7809       2568    10.6958  0.000e+00
     66.343     4.7229   3.132826    32.7806       2569    10.7000  0.000e+00
     66.305     4.7217   3.132710    32.7804       2570    10.7042  0.000e+00
     66.267     4.7209   3.132449    32.7783       2571    10.7083  0.000e+00
     66.225     4.7196   3.132255    32.7773       2572    10.7125  0.000e+00
     66.185     4.7179   3.131776    32.7734       2573    10.7167  0.000e+00
     66.138     4.7158   3.131460    32.7719       2574    10.7208  0.000e+00
     66.080     4.7130   3.131193    32.7716       2575    10.7250  0.000e+00
     66.024     4.7101   3.130471    32.7661       2576    10.7292  0.000e+00
     65.957     4.7066   3.130035    32.7646       2577    10.7333  0.000e+00
     65.886     4.7025   3.129343    32.7607       2578    10.7375  0.000e+00
     65.817     4.6975   3.128809    32.7594       2579    10.7417  0.000e+00
     65.743     4.6923   3.128476    32.7608       2580    10.7458  0.000e+00
     65.670     4.6873   3.128354    32.7643       2581    10.7500  0.000e+00
     65.600     4.6832   3.128076    32.7651       2582    10.7542  0.000e+00
     65.533     4.6798   3.126917    32.7552       2583    10.7583  0.000e+00
     65.459     4.6753   3.126341    32.7529       2584    10.7625  0.000e+00
     65.386     4.6695   3.125686    32.7512       2585    10.7667  0.000e+00
     65.318     4.6633   3.125195    32.7516       2586    10.7708  0.000e+00
     65.242     4.6572   3.124935    32.7546       2587    10.7750  0.000e+00
     65.171     4.6521   3.124741    32.7574       2588    10.7792  0.000e+00
     65.097     4.6478   3.124559    32.7597       2589    10.7833  0.000e+00
     65.025     4.6444   3.124201    32.7589       2590    10.7875  0.000e+00
     64.955     4.6414   3.123613    32.7550       2591    10.7917  0.000e+00
     64.881     4.6377   3.123419    32.7565       2592    10.7958  0.000e+00
     64.809     4.6340   3.123122    32.7568       2593    10.8000  0.000e+00
     64.734     4.6308   3.122886    32.7573       2594    10.8042  0.000e+00
     64.669     4.6278   3.122528    32.7561       2595    10.8083  0.000e+00
     64.606     4.6249   3.122213    32.7554       2596    10.8125  0.000e+00
     64.546     4.6218   3.121934    32.7552       2597    10.8167  0.000e+00
     64.495     4.6190   3.121819    32.7566       2598    10.8208  0.000e+00
     64.444     4.6162   3.121601    32.7569       2599    10.8250  0.000e+00
     64.395     4.6140   3.121522    32.7582       2600    10.8292  0.000e+00
     64.346     4.6118   3.121347    32.7583       2601    10.8333  0.000e+00
     64.298     4.6101   3.121147    32.7578       2602    10.8375  0.000e+00
     64.241     4.6084   3.121032    32.7581       2603    10.8417  0.000e+00
     64.178     4.6067   3.121019    32.7597       2604    10.8458  0.000e+00
     64.110     4.6055   3.121050    32.7613       2605    10.8500  0.000e+00
     64.035     4.6048   3.121110    32.7627       2606    10.8542  0.000e+00
     63.962     4.6044   3.121068    32.7626       2607    10.8583  0.000e+00
     63.879     4.6041   3.120928    32.7613       2608    10.8625  0.000e+00
     63.792     4.6037   3.120419    32.7559       2609    10.8667  0.000e+00
     63.718     4.6025   3.120207    32.7547       2610    10.8708  0.000e+00
     63.638     4.6006   3.120080    32.7551       2611    10.8750  0.000e+00
     63.558     4.5985   3.119886    32.7550       2612    10.8792  0.000e+00
     63.476     4.5965   3.119632    32.7540       2613    10.8833  0.000e+00
     63.409     4.5944   3.119396    32.7534       2614    10.8875  0.000e+00
     63.346     4.5924   3.119274    32.7540       2615    10.8917  0.000e+00
     63.278     4.5905   3.119135    32.7543       2616    10.8958  0.000e+00
     63.227     4.5886   3.119081    32.7555       2617    10.9000  0.000e+00
     63.165     4.5870   3.119020    32.7565       2618    10.9042  0.000e+00
     63.114     4.5859   3.118566    32.7523       2619    10.9083  0.000e+00
     63.058     4.5845   3.118111    32.7485       2620    10.9125  0.000e+00
     63.009     4.5819   3.118329    32.7536       2621    10.9167  0.000e+00
     62.953     4.5798   3.118190    32.7541       2622    10.9208  0.000e+00
     62.891     4.5784   3.118396    32.7578       2623    10.9250  0.000e+00
     62.829     4.5777   3.118287    32.7573       2624    10.9292  0.000e+00
     62.771     4.5772   3.118287    32.7578       2625    10.9333  0.000e+00
     62.706     4.5771   3.117814    32.7525       2626    10.9375  0.000e+00
     62.645     4.5762   3.117657    32.7516       2627    10.9417  0.000e+00
     62.587     4.5743   3.117166    32.7478       2628    10.9458  0.000e+00
     62.520     4.5721   3.116276    32.7396       2629    10.9500  0.000e+00
     62.463     4.5680   3.114332    32.7211       2630    10.9542  0.000e+00
     62.407     4.5604   3.113327    32.7171       2631    10.9583  0.000e+00
     62.345     4.5504   3.112740    32.7201       2632    10.9625  0.000e+00
     62.294     4.5410   3.112250    32.7237       2633    10.9667  0.000e+00
     62.227     4.5328   3.111445    32.7225       2634    10.9708  0.000e+00
     62.160     4.5251   3.110919    32.7240       2635    10.9750  0.000e+00
     62.095     4.5180   3.109829    32.7184       2636    10.9792  0.000e+00
     62.022     4.5101   3.109103    32.7179       2637    10.9833  0.000e+00
     61.946     4.5021   3.108849    32.7229       2638    10.9875  0.000e+00
     61.864     4.4951   3.108831    32.7296       2639    10.9917  0.000e+00
     61.785     4.4900   3.108734    32.7335       2640    10.9958  0.000e+00
     61.710     4.4864   3.108680    32.7365       2641    11.0000  0.000e+00
     61.627     4.4838   3.108517    32.7373       2642    11.0042  0.000e+00
     61.547     4.4819   3.108577    32.7399       2643    11.0083  0.000e+00
     61.477     4.4806   3.107440    32.7280       2644    11.0125  0.000e+00
     61.401     4.4780   3.107065    32.7262       2645    11.0167  0.000e+00
     61.339     4.4739   3.106671    32.7257       2646    11.0208  0.000e+00
     61.279     4.4694   3.106635    32.7298       2647    11.0250  0.000e+00
     61.223     4.4657   3.106436    32.7312       2648    11.0292  0.000e+00
     61.174     4.4626   3.105595    32.7245       2649    11.0333  0.000e+00
     61.127     4.4592   3.104748    32.7179       2650    11.0375  0.000e+00
     61.087     4.4541   3.104125    32.7158       2651    11.0417  0.000e+00
     61.036     4.4482   3.103817    32.7181       2652    11.0458  0.000e+00
     60.992     4.4428   3.103418    32.7188       2653    11.0500  0.000e+00
     60.938     4.4377   3.103182    32.7211       2654    11.0542  0.000e+00
     60.886     4.4334   3.103043    32.7237       2655    11.0583  0.000e+00
     60.821     4.4299   3.102928    32.7259       2656    11.0625  0.000e+00
     60.750     4.4274   3.102904    32.7282       2657    11.0667  0.000e+00
     60.670     4.4253   3.103200    32.7338       2658    11.0708  0.000e+00
     60.585     4.4245   3.103418    32.7372       2659    11.0750  0.000e+00
     60.493     4.4249   3.103339    32.7359       2660    11.0792  0.000e+00
     60.399     4.4256   3.103321    32.7350       2661    11.0833  0.000e+00
     60.302     4.4258   3.103176    32.7331       2662    11.0875  0.000e+00
     60.206     4.4258   3.103200    32.7335       2663    11.0917  0.000e+00
     60.107     4.4255   3.103146    32.7333       2664    11.0958  0.000e+00
     60.022     4.4254   3.103122    32.7331       2665    11.1000  0.000e+00
     59.936     4.4249   3.103043    32.7327       2666    11.1042  0.000e+00
     59.868     4.4248   3.102825    32.7303       2667    11.1083  0.000e+00
     59.812     4.4241   3.102807    32.7308       2668    11.1125  0.000e+00
     59.775     4.4234   3.102807    32.7316       2669    11.1167  0.000e+00
     59.746     4.4227   3.102771    32.7318       2670    11.1208  0.000e+00
     59.737     4.4220   3.102692    32.7316       2671    11.1250  0.000e+00
     59.728     4.4215   3.102511    32.7300       2672    11.1292  0.000e+00
     59.725     4.4208   3.102342    32.7287       2673    11.1333  0.000e+00
     59.715     4.4198   3.102166    32.7277       2674    11.1375  0.000e+00
     59.700     4.4184   3.101985    32.7269       2675    11.1417  0.000e+00
     59.671     4.4169   3.102045    32.7292       2676    11.1458  0.000e+00
