HB2502/sbe147.cnv
* Sea-Bird SBE 19plus V2 Data File:
* FileName = C:\cruise\data\sbe147.hex
* Software Version Seasave V 7.26.7.121
* Temperature SN = 6128
* Conductivity SN = 6128
* System UpLoad Time = May 08 2025 10:00:28
* NMEA Latitude = 41 55.50 N
* NMEA Longitude = 067 32.34 W
* NMEA UTC (Time) = May 08 2025  09:59:08
** Ship: Henry Bigelow
** Cruise:  HB2502
** Program:  Spring Bottom Trawl
# nquan = 7
# nvalues = 1058                                  
# units = specified
# name 0 = depSM: Depth [salt water, m]
# name 1 = tv290C: Temperature [ITS-90, deg C]
# name 2 = c0S/m: Conductivity [S/m]
# name 3 = sal00: Salinity, Practical [PSU]
# name 4 = scan: Scan Count
# name 5 = timeM: Time, Elapsed [minutes]
# name 6 = flag:  0.000e+00
# span 0 =      0.203,     39.784                 
# span 1 =     7.8595,     9.2632                 
# span 2 =   0.012240,   3.449101                 
# span 3 =     0.0831,    33.0109                 
# span 4 =         11,       1068                 
# span 5 =     0.0417,     4.4458                 
# span 6 = 0.0000e+00, 0.0000e+00                 
# interval = seconds: 0.25
# start_time = May 08 2025 09:59:08 [NMEA time, header]
# bad_flag = -9.990e-29
*END*
[from data line 821]
     10.141     7.8611   3.398581    32.7426        832     3.4625  0.000e+00
     10.099     7.8612   3.398575    32.7425        833     3.4667  0.000e+00
     10.063     7.8611   3.398581    32.7427        834     3.4708  0.000e+00
     10.037     7.8610   3.398662    32.7436        835     3.4750  0.000e+00
     10.009     7.8611   3.398706    32.7440        836     3.4792  0.000e+00
      9.987     7.8617   3.398725    32.7437        837     3.4833  0.000e+00
      9.966     7.8620   3.398725    32.7434        838     3.4875  0.000e+00
      9.936     7.8625   3.398725    32.7429        839     3.4917  0.000e+00
      9.898     7.8627   3.398725    32.7428        840     3.4958  0.000e+00
      9.846     7.8628   3.398769    32.7432        841     3.5000  0.000e+00
      9.791     7.8630   3.398750    32.7428        842     3.5042  0.000e+00
      9.719     7.8630   3.398706    32.7423        843     3.5083  0.000e+00
      9.636     7.8630   3.398706    32.7424        844     3.5125  0.000e+00
      9.551     7.8630   3.398725    32.7426        845     3.5167  0.000e+00
      9.475     7.8628   3.398706    32.7426        846     3.5208  0.000e+00
      9.408     7.8629   3.398706    32.7426        847     3.5250  0.000e+00
      9.352     7.8628   3.398581    32.7413        848     3.5292  0.000e+00
      9.311     7.8626   3.398599    32.7418        849     3.5333  0.000e+00
      9.262     7.8621   3.398581    32.7421        850     3.5375  0.000e+00
      9.212     7.8619   3.398574    32.7422        851     3.5417  0.000e+00
      9.166     7.8618   3.398581    32.7424        852     3.5458  0.000e+00
      9.134     7.8617   3.398574    32.7425        853     3.5500  0.000e+00
      9.096     7.8617   3.398562    32.7424        854     3.5542  0.000e+00
      9.063     7.8616   3.398530    32.7421        855     3.5583  0.000e+00
      9.040     7.8614   3.398537    32.7424        856     3.5625  0.000e+00
      9.027     7.8612   3.398512    32.7423        857     3.5667  0.000e+00
      9.022     7.8612   3.398518    32.7424        858     3.5708  0.000e+00
      9.027     7.8610   3.398530    32.7427        859     3.5750  0.000e+00
      9.024     7.8610   3.398499    32.7424        860     3.5792  0.000e+00
      9.025     7.8610   3.398518    32.7426        861     3.5833  0.000e+00
      9.025     7.8609   3.398530    32.7428        862     3.5875  0.000e+00
      9.031     7.8609   3.398537    32.7429        863     3.5917  0.000e+00
      9.038     7.8610   3.398574    32.7432        864     3.5958  0.000e+00
      9.040     7.8609   3.398581    32.7433        865     3.6000  0.000e+00
      9.047     7.8610   3.398574    32.7431        866     3.6042  0.000e+00
      9.034     7.8612   3.398581    32.7431        867     3.6083  0.000e+00
      9.010     7.8612   3.398599    32.7432        868     3.6125  0.000e+00
      8.963     7.8614   3.398599    32.7430        869     3.6167  0.000e+00
      8.887     7.8615   3.398574    32.7428        870     3.6208  0.000e+00
      8.793     7.8617   3.398599    32.7429        871     3.6250  0.000e+00
      8.679     7.8618   3.398618    32.7430        872     3.6292  0.000e+00
      8.543     7.8619   3.398580    32.7427        873     3.6333  0.000e+00
      8.404     7.8620   3.398599    32.7428        874     3.6375  0.000e+00
      8.261     7.8618   3.398555    32.7426        875     3.6417  0.000e+00
      8.120     7.8619   3.398518    32.7422        876     3.6458  0.000e+00
      7.988     7.8617   3.398511    32.7423        877     3.6500  0.000e+00
      7.888     7.8615   3.398499    32.7424        878     3.6542  0.000e+00
      7.804     7.8614   3.398511    32.7427        879     3.6583  0.000e+00
      7.758     7.8612   3.398499    32.7427        880     3.6625  0.000e+00
      7.742     7.8612   3.398511    32.7429        881     3.6667  0.000e+00
      7.756     7.8612   3.398517    32.7430        882     3.6708  0.000e+00
      7.797     7.8613   3.398486    32.7425        883     3.6750  0.000e+00
      7.859     7.8613   3.398518    32.7428        884     3.6792  0.000e+00
      7.923     7.8613   3.398511    32.7427        885     3.6833  0.000e+00
      7.994     7.8613   3.398518    32.7427        886     3.6875  0.000e+00
      8.063     7.8612   3.398474    32.7424        887     3.6917  0.000e+00
      8.128     7.8613   3.398530    32.7429        888     3.6958  0.000e+00
      8.180     7.8614   3.398518    32.7426        889     3.7000  0.000e+00
      8.227     7.8612   3.398530    32.7429        890     3.7042  0.000e+00
      8.227     7.8613   3.398499    32.7425        891     3.7083  0.000e+00
      8.207     7.8612   3.398511    32.7427        892     3.7125  0.000e+00
      8.161     7.8611   3.398474    32.7424        893     3.7167  0.000e+00
      8.075     7.8610   3.398511    32.7429        894     3.7208  0.000e+00
      7.970     7.8609   3.398474    32.7427        895     3.7250  0.000e+00
      7.848     7.8610   3.398467    32.7426        896     3.7292  0.000e+00
      7.713     7.8609   3.398474    32.7428        897     3.7333  0.000e+00
      7.567     7.8609   3.398442    32.7426        898     3.7375  0.000e+00
      7.418     7.8609   3.398455    32.7427        899     3.7417  0.000e+00
      7.286     7.8609   3.398423    32.7424        900     3.7458  0.000e+00
      7.175     7.8609   3.398392    32.7422        901     3.7500  0.000e+00
      7.087     7.8607   3.398392    32.7424        902     3.7542  0.000e+00
      7.022     7.8605   3.398354    32.7422        903     3.7583  0.000e+00
      6.980     7.8605   3.398373    32.7424        904     3.7625  0.000e+00
      6.955     7.8605   3.398379    32.7425        905     3.7667  0.000e+00
      6.951     7.8603   3.398392    32.7429        906     3.7708  0.000e+00
      6.972     7.8603   3.398398    32.7429        907     3.7750  0.000e+00
      7.007     7.8603   3.398411    32.7430        908     3.7792  0.000e+00
      7.048     7.8605   3.398398    32.7427        909     3.7833  0.000e+00
      7.092     7.8605   3.398373    32.7424        910     3.7875  0.000e+00
      7.132     7.8603   3.398423    32.7431        911     3.7917  0.000e+00
      7.177     7.8603   3.398411    32.7429        912     3.7958  0.000e+00
      7.216     7.8606   3.398467    32.7433        913     3.8000  0.000e+00
      7.247     7.8606   3.398473    32.7433        914     3.8042  0.000e+00
      7.261     7.8608   3.398473    32.7431        915     3.8083  0.000e+00
      7.272     7.8610   3.398467    32.7428        916     3.8125  0.000e+00
      7.249     7.8612   3.398499    32.7430        917     3.8167  0.000e+00
      7.218     7.8612   3.398467    32.7427        918     3.8208  0.000e+00
      7.169     7.8613   3.398436    32.7423        919     3.8250  0.000e+00
      7.099     7.8613   3.398379    32.7417        920     3.8292  0.000e+00
      7.014     7.8611   3.398411    32.7423        921     3.8333  0.000e+00
      6.911     7.8608   3.398398    32.7425        922     3.8375  0.000e+00
      6.788     7.8606   3.398373    32.7425        923     3.8417  0.000e+00
      6.670     7.8607   3.398354    32.7422        924     3.8458  0.000e+00
      6.544     7.8606   3.398373    32.7426        925     3.8500  0.000e+00
      6.426     7.8604   3.398379    32.7429        926     3.8542  0.000e+00
      6.330     7.8605   3.398354    32.7426        927     3.8583  0.000e+00
      6.250     7.8605   3.398354    32.7426        928     3.8625  0.000e+00
      6.192     7.8604   3.398379    32.7430        929     3.8667  0.000e+00
      6.153     7.8607   3.398410    32.7431        930     3.8708  0.000e+00
      6.134     7.8607   3.398398    32.7429        931     3.8750  0.000e+00
      6.116     7.8609   3.398392    32.7427        932     3.8792  0.000e+00
      6.118     7.8608   3.398398    32.7428        933     3.8833  0.000e+00
      6.123     7.8607   3.398392    32.7429        934     3.8875  0.000e+00
      6.142     7.8606   3.398379    32.7428        935     3.8917  0.000e+00
      6.154     7.8607   3.398373    32.7426        936     3.8958  0.000e+00
      6.156     7.8606   3.398379    32.7428        937     3.9000  0.000e+00
      6.159     7.8606   3.398373    32.7427        938     3.9042  0.000e+00
      6.167     7.8606   3.398398    32.7430        939     3.9083  0.000e+00
      6.171     7.8607   3.398436    32.7433        940     3.9125  0.000e+00
      6.171     7.8608   3.398410    32.7429        941     3.9167  0.000e+00
      6.162     7.8607   3.398379    32.7427        942     3.9208  0.000e+00
      6.150     7.8608   3.398410    32.7429        943     3.9250  0.000e+00
      6.137     7.8609   3.398379    32.7426        944     3.9292  0.000e+00
      6.108     7.8610   3.398410    32.7427        945     3.9333  0.000e+00
      6.075     7.8609   3.398398    32.7427        946     3.9375  0.000e+00
      6.025     7.8610   3.398436    32.7431        947     3.9417  0.000e+00
      5.967     7.8610   3.398398    32.7427        948     3.9458  0.000e+00
      5.885     7.8611   3.398392    32.7426        949     3.9500  0.000e+00
      5.800     7.8612   3.398379    32.7424        950     3.9542  0.000e+00
      5.695     7.8612   3.398410    32.7428        951     3.9583  0.000e+00
      5.578     7.8612   3.398398    32.7427        952     3.9625  0.000e+00
      5.449     7.8610   3.398410    32.7431        953     3.9667  0.000e+00
      5.328     7.8613   3.398391    32.7427        954     3.9708  0.000e+00
      5.209     7.8614   3.398423    32.7429        955     3.9750  0.000e+00
      5.102     7.8614   3.398410    32.7429        956     3.9792  0.000e+00
      5.001     7.8615   3.398423    32.7430        957     3.9833  0.000e+00
      4.919     7.8617   3.398410    32.7426        958     3.9875  0.000e+00
      4.851     7.8618   3.398398    32.7425        959     3.9917  0.000e+00
      4.801     7.8617   3.398410    32.7428        960     3.9958  0.000e+00
      4.765     7.8619   3.398423    32.7427        961     4.0000  0.000e+00
      4.756     7.8619   3.398435    32.7429        962     4.0042  0.000e+00
      4.776     7.8620   3.398423    32.7426        963     4.0083  0.000e+00
      4.814     7.8619   3.398435    32.7428        964     4.0125  0.000e+00
      4.867     7.8620   3.398441    32.7427        965     4.0167  0.000e+00
      4.926     7.8620   3.398410    32.7424        966     4.0208  0.000e+00
      4.981     7.8621   3.398435    32.7426        967     4.0250  0.000e+00
      5.036     7.8620   3.398466    32.7430        968     4.0292  0.000e+00
      5.091     7.8620   3.398454    32.7428        969     4.0333  0.000e+00
      5.123     7.8621   3.398441    32.7425        970     4.0375  0.000e+00
      5.115     7.8620   3.398410    32.7423        971     4.0417  0.000e+00
      5.079     7.8619   3.398398    32.7423        972     4.0458  0.000e+00
      5.014     7.8620   3.398391    32.7422        973     4.0500  0.000e+00
      4.916     7.8618   3.398398    32.7425        974     4.0542  0.000e+00
      4.806     7.8617   3.398410    32.7427        975     4.0583  0.000e+00
      4.690     7.8619   3.398397    32.7425        976     4.0625  0.000e+00
      4.551     7.8617   3.398372    32.7424        977     4.0667  0.000e+00
      4.410     7.8619   3.398354    32.7422        978     4.0708  0.000e+00
      4.273     7.8616   3.398328    32.7422        979     4.0750  0.000e+00
      4.135     7.8615   3.398353    32.7426        980     4.0792  0.000e+00
      4.021     7.8613   3.398353    32.7428        981     4.0833  0.000e+00
      3.945     7.8613   3.398372    32.7431        982     4.0875  0.000e+00
      3.926     7.8616   3.398353    32.7427        983     4.0917  0.000e+00
      3.947     7.8615   3.398328    32.7424        984     4.0958  0.000e+00
      3.991     7.8617   3.398353    32.7425        985     4.1000  0.000e+00
      4.029     7.8615   3.398372    32.7429        986     4.1042  0.000e+00
      4.075     7.8614   3.398353    32.7427        987     4.1083  0.000e+00
      4.106     7.8614   3.398328    32.7424        988     4.1125  0.000e+00
      4.108     7.8614   3.398353    32.7427        989     4.1167  0.000e+00
      4.086     7.8614   3.398372    32.7429        990     4.1208  0.000e+00
      4.043     7.8613   3.398353    32.7428        991     4.1250  0.000e+00
      3.958     7.8616   3.398372    32.7429        992     4.1292  0.000e+00
      3.844     7.8615   3.398378    32.7430        993     4.1333  0.000e+00
      3.712     7.8617   3.398353    32.7427        994     4.1375  0.000e+00
      3.580     7.8614   3.398353    32.7429        995     4.1417  0.000e+00
      3.451     7.8617   3.398353    32.7428        996     4.1458  0.000e+00
      3.346     7.8616   3.398353    32.7429        997     4.1500  0.000e+00
      3.250     7.8616   3.398334    32.7428        998     4.1542  0.000e+00
      3.179     7.8618   3.398328    32.7425        999     4.1583  0.000e+00
      3.165     7.8617   3.398309    32.7424       1000     4.1625  0.000e+00
      3.208     7.8617   3.398328    32.7426       1001     4.1667  0.000e+00
      3.280     7.8617   3.396293    32.7208       1002     4.1708  0.000e+00
      3.364     7.8618   3.398353    32.7427       1003     4.1750  0.000e+00
      3.436     7.8619   3.398353    32.7426       1004     4.1792  0.000e+00
      3.497     7.8620   3.398353    32.7424       1005     4.1833  0.000e+00
      3.570     7.8619   3.398353    32.7425       1006     4.1875  0.000e+00
      3.622     7.8619   3.398372    32.7427       1007     4.1917  0.000e+00
      3.629     7.8620   3.398328    32.7422       1008     4.1958  0.000e+00
      3.569     7.8619   3.398309    32.7420       1009     4.2000  0.000e+00
      3.457     7.8619   3.398309    32.7421       1010     4.2042  0.000e+00
      3.320     7.8617   3.398309    32.7423       1011     4.2083  0.000e+00
      3.179     7.8617   3.398309    32.7424       1012     4.2125  0.000e+00
      3.036     7.8614   3.398309    32.7427       1013     4.2167  0.000e+00
      2.915     7.8616   3.398309    32.7426       1014     4.2208  0.000e+00
      2.813     7.8616   3.398309    32.7427       1015     4.2250  0.000e+00
      2.721     7.8617   3.398309    32.7427       1016     4.2292  0.000e+00
      2.651     7.8617   3.398290    32.7424       1017     4.2333  0.000e+00
      2.591     7.8617   3.398290    32.7425       1018     4.2375  0.000e+00
      2.544     7.8617   3.398309    32.7427       1019     4.2417  0.000e+00
      2.500     7.8618   3.398309    32.7426       1020     4.2458  0.000e+00
      2.467     7.8619   3.398309    32.7426       1021     4.2500  0.000e+00
      2.437     7.8619   3.398290    32.7424       1022     4.2542  0.000e+00
      2.397     7.8619   3.398265    32.7422       1023     4.2583  0.000e+00
      2.373     7.8616   3.398290    32.7427       1024     4.2625  0.000e+00
      2.364     7.8616   3.398265    32.7424       1025     4.2667  0.000e+00
      2.377     7.8617   3.398246    32.7421       1026     4.2708  0.000e+00
      2.409     7.8616   3.398246    32.7422       1027     4.2750  0.000e+00
      2.444     7.8616   3.398271    32.7425       1028     4.2792  0.000e+00
      2.475     7.8614   3.398265    32.7425       1029     4.2833  0.000e+00
      2.489     7.8614   3.398246    32.7424       1030     4.2875  0.000e+00
      2.463     7.8614   3.398265    32.7425       1031     4.2917  0.000e+00
      2.393     7.8612   3.398246    32.7426       1032     4.2958  0.000e+00
      2.284     7.8613   3.398203    32.7421       1033     4.3000  0.000e+00
      2.164     7.8612   3.398228    32.7425       1034     4.3042  0.000e+00
      2.052     7.8610   3.398202    32.7425       1035     4.3083  0.000e+00
