HB2502/sbe110.cnv
* Sea-Bird SBE 19plus V2 Data File:
* FileName = C:\cruise\data\sbe110.hex
* Software Version Seasave V 7.26.7.121
* Temperature SN = 6128
* Conductivity SN = 6128
* System UpLoad Time = Apr 19 2025 00:50:20
* NMEA Latitude = 42 37.46 N
* NMEA Longitude = 070 17.99 W
* NMEA UTC (Time) = Apr 19 2025  00:49:40
** Ship: Henry Bigelow
** Cruise:  HB2502
** Program:  Spring Bottom Trawl
# nquan = 7
# nvalues = 1510                                  
# units = specified
# name 0 = depSM: Depth [salt water, m]
# name 1 = tv290C: Temperature [ITS-90, deg C]
# name 2 = c0S/m: Conductivity [S/m]
# name 3 = sal00: Salinity, Practical [PSU]
# name 4 = scan: Scan Count
# name 5 = timeM: Time, Elapsed [minutes]
# name 6 = flag:  0.000e+00
# span 0 =      0.044,    107.022                 
# span 1 =     4.6694,     6.7396                 
# span 2 =   0.362800,   3.226760                 
# span 3 =     3.1327,    32.7886                 
# span 4 =         11,       1520                 
# span 5 =     0.0417,     6.3292                 
# span 6 = 0.0000e+00, 0.0000e+00                 
# interval = seconds: 0.25
# start_time = Apr 19 2025 00:49:40 [NMEA time, header]
# bad_flag = -9.990e-29
*END*
[from data line 821]
     97.729     4.6807   3.131033    32.7854        832     3.4625  0.000e+00
     97.904     4.6803   3.131033    32.7858        833     3.4667  0.000e+00
     98.072     4.6801   3.131094    32.7866        834     3.4708  0.000e+00
     98.243     4.6799   3.131033    32.7860        835     3.4750  0.000e+00
     98.404     4.6797   3.131058    32.7864        836     3.4792  0.000e+00
     98.557     4.6797   3.131094    32.7868        837     3.4833  0.000e+00
     98.715     4.6795   3.131094    32.7868        838     3.4875  0.000e+00
     98.867     4.6795   3.131100    32.7869        839     3.4917  0.000e+00
     99.022     4.6795   3.131058    32.7863        840     3.4958  0.000e+00
     99.167     4.6793   3.131076    32.7866        841     3.5000  0.000e+00
     99.324     4.6794   3.131076    32.7865        842     3.5042  0.000e+00
     99.490     4.6792   3.131076    32.7865        843     3.5083  0.000e+00
     99.653     4.6790   3.131058    32.7865        844     3.5125  0.000e+00
     99.814     4.6790   3.131095    32.7868        845     3.5167  0.000e+00
     99.976     4.6789   3.131076    32.7866        846     3.5208  0.000e+00
    100.147     4.6788   3.131077    32.7866        847     3.5250  0.000e+00
    100.324     4.6788   3.131113    32.7869        848     3.5292  0.000e+00
    100.497     4.6788   3.131174    32.7875        849     3.5333  0.000e+00
    100.672     4.6790   3.131174    32.7873        850     3.5375  0.000e+00
    100.846     4.6792   3.131216    32.7875        851     3.5417  0.000e+00
    101.033     4.6793   3.131192    32.7870        852     3.5458  0.000e+00
    101.216     4.6795   3.131235    32.7872        853     3.5500  0.000e+00
    101.403     4.6795   3.131235    32.7871        854     3.5542  0.000e+00
    101.592     4.6798   3.131204    32.7864        855     3.5583  0.000e+00
    101.789     4.6797   3.131235    32.7867        856     3.5625  0.000e+00
    101.988     4.6798   3.131253    32.7867        857     3.5667  0.000e+00
    102.189     4.6798   3.131192    32.7859        858     3.5708  0.000e+00
    102.386     4.6797   3.131192    32.7859        859     3.5750  0.000e+00
    102.585     4.6793   3.131217    32.7865        860     3.5792  0.000e+00
    102.769     4.6791   3.131217    32.7865        861     3.5833  0.000e+00
    102.952     4.6791   3.131138    32.7855        862     3.5875  0.000e+00
    103.120     4.6788   3.131102    32.7853        863     3.5917  0.000e+00
    103.281     4.6783   3.131096    32.7857        864     3.5958  0.000e+00
    103.437     4.6780   3.131096    32.7860        865     3.6000  0.000e+00
    103.579     4.6777   3.131096    32.7862        866     3.6042  0.000e+00
    103.723     4.6774   3.131078    32.7862        867     3.6083  0.000e+00
    103.869     4.6771   3.131078    32.7864        868     3.6125  0.000e+00
    104.017     4.6770   3.131114    32.7868        869     3.6167  0.000e+00
    104.171     4.6769   3.131078    32.7864        870     3.6208  0.000e+00
    104.330     4.6768   3.131078    32.7865        871     3.6250  0.000e+00
    104.498     4.6767   3.131114    32.7869        872     3.6292  0.000e+00
    104.672     4.6765   3.131139    32.7872        873     3.6333  0.000e+00
    104.862     4.6765   3.131139    32.7871        874     3.6375  0.000e+00
    105.054     4.6768   3.131157    32.7870        875     3.6417  0.000e+00
    105.247     4.6768   3.131175    32.7872        876     3.6458  0.000e+00
    105.430     4.6768   3.131175    32.7870        877     3.6500  0.000e+00
    105.605     4.6769   3.131193    32.7870        878     3.6542  0.000e+00
    105.773     4.6770   3.131187    32.7868        879     3.6583  0.000e+00
    105.932     4.6769   3.131218    32.7871        880     3.6625  0.000e+00
    106.080     4.6769   3.131194    32.7868        881     3.6667  0.000e+00
    106.223     4.6769   3.131175    32.7866        882     3.6708  0.000e+00
    106.351     4.6769   3.131194    32.7867        883     3.6750  0.000e+00
    106.481     4.6766   3.131176    32.7867        884     3.6792  0.000e+00
    106.617     4.6765   3.131139    32.7863        885     3.6833  0.000e+00
    106.762     4.6765   3.131194    32.7869        886     3.6875  0.000e+00
    106.905     4.6763   3.131188    32.7869        887     3.6917  0.000e+00
    106.903     4.6763   3.131176    32.7868        888     3.6958  0.000e+00
    106.894     4.6762   3.131176    32.7869        889     3.7000  0.000e+00
    106.883     4.6762   3.131139    32.7864        890     3.7042  0.000e+00
    106.894     4.6761   3.131139    32.7865        891     3.7083  0.000e+00
    106.926     4.6760   3.131139    32.7866        892     3.7125  0.000e+00
    106.962     4.6759   3.131097    32.7862        893     3.7167  0.000e+00
    106.987     4.6759   3.131157    32.7869        894     3.7208  0.000e+00
    107.002     4.6759   3.131164    32.7870        895     3.7250  0.000e+00
    107.019     4.6758   3.131115    32.7865        896     3.7292  0.000e+00
    107.022     4.6757   3.131115    32.7866        897     3.7333  0.000e+00
    107.010     4.6755   3.131139    32.7871        898     3.7375  0.000e+00
    106.981     4.6756   3.131097    32.7865        899     3.7417  0.000e+00
    106.943     4.6755   3.131115    32.7868        900     3.7458  0.000e+00
    106.894     4.6754   3.131097    32.7867        901     3.7500  0.000e+00
    106.834     4.6753   3.131139    32.7874        902     3.7542  0.000e+00
    106.763     4.6754   3.131121    32.7871        903     3.7583  0.000e+00
    106.705     4.6755   3.131115    32.7869        904     3.7625  0.000e+00
    106.640     4.6755   3.131115    32.7870        905     3.7667  0.000e+00
    106.589     4.6755   3.116627    32.6191        906     3.7708  0.000e+00
    106.545     4.6755   3.131115    32.7870        907     3.7750  0.000e+00
    106.517     4.6756   3.131097    32.7868        908     3.7792  0.000e+00
    106.499     4.6757   3.130824    32.7835        909     3.7833  0.000e+00
    106.499     4.6755   3.131115    32.7870        910     3.7875  0.000e+00
    106.505     4.6756   3.131145    32.7873        911     3.7917  0.000e+00
    106.516     4.6757   3.131157    32.7874        912     3.7958  0.000e+00
    106.542     4.6757   3.131139    32.7871        913     3.8000  0.000e+00
    106.563     4.6758   3.131176    32.7874        914     3.8042  0.000e+00
    106.578     4.6760   3.131157    32.7870        915     3.8083  0.000e+00
    106.586     4.6761   3.131157    32.7870        916     3.8125  0.000e+00
    106.592     4.6762   3.131139    32.7866        917     3.8167  0.000e+00
    106.590     4.6762   3.131097    32.7861        918     3.8208  0.000e+00
    106.576     4.6761   3.131103    32.7863        919     3.8250  0.000e+00
    106.550     4.6760   3.131078    32.7862        920     3.8292  0.000e+00
    106.523     4.6757   3.131097    32.7866        921     3.8333  0.000e+00
    106.483     4.6756   3.131097    32.7867        922     3.8375  0.000e+00
    106.439     4.6755   3.131078    32.7866        923     3.8417  0.000e+00
    106.383     4.6755   3.131000    32.7858        924     3.8458  0.000e+00
    106.325     4.6753   3.131018    32.7863        925     3.8500  0.000e+00
    106.260     4.6751   3.131036    32.7867        926     3.8542  0.000e+00
    106.203     4.6749   3.131060    32.7872        927     3.8583  0.000e+00
    106.149     4.6750   3.131018    32.7866        928     3.8625  0.000e+00
    106.107     4.6749   3.131018    32.7867        929     3.8667  0.000e+00
    106.078     4.6748   3.131018    32.7868        930     3.8708  0.000e+00
    106.065     4.6748   3.131018    32.7868        931     3.8750  0.000e+00
    106.058     4.6747   3.131036    32.7871        932     3.8792  0.000e+00
    106.064     4.6749   3.131036    32.7870        933     3.8833  0.000e+00
    106.073     4.6749   3.131060    32.7872        934     3.8875  0.000e+00
    106.082     4.6749   3.131042    32.7870        935     3.8917  0.000e+00
    106.080     4.6749   3.131060    32.7872        936     3.8958  0.000e+00
    106.073     4.6750   3.131018    32.7866        937     3.9000  0.000e+00
    105.989     4.6750   3.130999    32.7864        938     3.9042  0.000e+00
    105.899     4.6749   3.130999    32.7866        939     3.9083  0.000e+00
    105.792     4.6750   3.131060    32.7873        940     3.9125  0.000e+00
    105.665     4.6749   3.130981    32.7865        941     3.9167  0.000e+00
    105.526     4.6749   3.131018    32.7870        942     3.9208  0.000e+00
    105.345     4.6750   3.130999    32.7868        943     3.9250  0.000e+00
    105.137     4.6751   3.130999    32.7868        944     3.9292  0.000e+00
    104.888     4.6749   3.130999    32.7871        945     3.9333  0.000e+00
    104.645     4.6750   3.130981    32.7869        946     3.9375  0.000e+00
    104.411     4.6749   3.130999    32.7873        947     3.9417  0.000e+00
    104.180     4.6750   3.130956    32.7869        948     3.9458  0.000e+00
    103.934     4.6751   3.130981    32.7872        949     3.9500  0.000e+00
    103.707     4.6753   3.130938    32.7866        950     3.9542  0.000e+00
    103.452     4.6752   3.130932    32.7868        951     3.9583  0.000e+00
    103.217     4.6752   3.130980    32.7875        952     3.9625  0.000e+00
    102.976     4.6753   3.131059    32.7885        953     3.9667  0.000e+00
    102.721     4.6756   3.131096    32.7886        954     3.9708  0.000e+00
    102.467     4.6763   3.131138    32.7886        955     3.9750  0.000e+00
    102.206     4.6769   3.131138    32.7882        956     3.9792  0.000e+00
    101.949     4.6774   3.131077    32.7871        957     3.9833  0.000e+00
    101.684     4.6778   3.131095    32.7871        958     3.9875  0.000e+00
    101.417     4.6779   3.131041    32.7865        959     3.9917  0.000e+00
    101.155     4.6779   3.131034    32.7865        960     3.9958  0.000e+00
    100.903     4.6778   3.130980    32.7861        961     4.0000  0.000e+00
    100.658     4.6777   3.130955    32.7861        962     4.0042  0.000e+00
    100.430     4.6775   3.130998    32.7868        963     4.0083  0.000e+00
    100.200     4.6774   3.130998    32.7871        964     4.0125  0.000e+00
     99.979     4.6774   3.131016    32.7874        965     4.0167  0.000e+00
     99.761     4.6776   3.130937    32.7864        966     4.0208  0.000e+00
     99.549     4.6777   3.130997    32.7871        967     4.0250  0.000e+00
     99.328     4.6778   3.131016    32.7873        968     4.0292  0.000e+00
     99.110     4.6780   3.131058    32.7877        969     4.0333  0.000e+00
     98.883     4.6783   3.131034    32.7872        970     4.0375  0.000e+00
     98.650     4.6787   3.131015    32.7868        971     4.0417  0.000e+00
     98.423     4.6789   3.131015    32.7867        972     4.0458  0.000e+00
     98.185     4.6790   3.131076    32.7874        973     4.0500  0.000e+00
     97.937     4.6793   3.131155    32.7881        974     4.0542  0.000e+00
     97.690     4.6797   3.131118    32.7874        975     4.0583  0.000e+00
     97.451     4.6801   3.131155    32.7876        976     4.0625  0.000e+00
     97.212     4.6805   3.131136    32.7871        977     4.0667  0.000e+00
     96.975     4.6810   3.131136    32.7868        978     4.0708  0.000e+00
     96.743     4.6812   3.131112    32.7864        979     4.0750  0.000e+00
     96.517     4.6814   3.131136    32.7865        980     4.0792  0.000e+00
     96.294     4.6814   3.131154    32.7869        981     4.0833  0.000e+00
     96.075     4.6817   3.131136    32.7865        982     4.0875  0.000e+00
     95.850     4.6819   3.131142    32.7865        983     4.0917  0.000e+00
     95.623     4.6820   3.131136    32.7865        984     4.0958  0.000e+00
     95.386     4.6823   3.131136    32.7863        985     4.1000  0.000e+00
     95.147     4.6824   3.131136    32.7862        986     4.1042  0.000e+00
     94.897     4.6825   3.131190    32.7870        987     4.1083  0.000e+00
     94.645     4.6827   3.131233    32.7874        988     4.1125  0.000e+00
     94.388     4.6832   3.131190    32.7865        989     4.1167  0.000e+00
     94.122     4.6836   3.131232    32.7868        990     4.1208  0.000e+00
     93.862     4.6839   3.131190    32.7861        991     4.1250  0.000e+00
     93.606     4.6842   3.131226    32.7863        992     4.1292  0.000e+00
     93.359     4.6845   3.131153    32.7854        993     4.1333  0.000e+00
     93.119     4.6847   3.131171    32.7855        994     4.1375  0.000e+00
     92.896     4.6849   3.131092    32.7845        995     4.1417  0.000e+00
     92.688     4.6847   3.131056    32.7844        996     4.1458  0.000e+00
     92.493     4.6846   3.131074    32.7847        997     4.1500  0.000e+00
     92.315     4.6844   3.131056    32.7848        998     4.1542  0.000e+00
     92.138     4.6843   3.131032    32.7847        999     4.1583  0.000e+00
     91.971     4.6842   3.131013    32.7847       1000     4.1625  0.000e+00
     91.800     4.6843   3.131013    32.7847       1001     4.1667  0.000e+00
     91.629     4.6843   3.130995    32.7846       1002     4.1708  0.000e+00
     91.453     4.6842   3.130995    32.7848       1003     4.1750  0.000e+00
     91.260     4.6841   3.130995    32.7849       1004     4.1792  0.000e+00
     91.032     4.6842   3.130916    32.7841       1005     4.1833  0.000e+00
     90.802     4.6841   3.130934    32.7845       1006     4.1875  0.000e+00
     90.551     4.6840   3.130952    32.7849       1007     4.1917  0.000e+00
     90.289     4.6840   3.131013    32.7857       1008     4.1958  0.000e+00
     90.006     4.6840   3.130934    32.7850       1009     4.2000  0.000e+00
     89.717     4.6841   3.130934    32.7851       1010     4.2042  0.000e+00
     89.426     4.6843   3.130952    32.7852       1011     4.2083  0.000e+00
     89.153     4.6844   3.130934    32.7850       1012     4.2125  0.000e+00
     88.888     4.6846   3.130934    32.7850       1013     4.2167  0.000e+00
     88.635     4.6847   3.130873    32.7843       1014     4.2208  0.000e+00
     88.401     4.6846   3.130873    32.7845       1015     4.2250  0.000e+00
     88.183     4.6846   3.130824    32.7841       1016     4.2292  0.000e+00
     87.980     4.6844   3.130776    32.7838       1017     4.2333  0.000e+00
     87.790     4.6843   3.130775    32.7840       1018     4.2375  0.000e+00
     87.612     4.6840   3.130757    32.7841       1019     4.2417  0.000e+00
     87.434     4.6839   3.130757    32.7844       1020     4.2458  0.000e+00
     87.264     4.6839   3.130757    32.7845       1021     4.2500  0.000e+00
     87.092     4.6838   3.130715    32.7841       1022     4.2542  0.000e+00
     86.926     4.6838   3.130733    32.7845       1023     4.2583  0.000e+00
     86.749     4.6839   3.130696    32.7840       1024     4.2625  0.000e+00
     86.566     4.6839   3.130696    32.7841       1025     4.2667  0.000e+00
     86.365     4.6838   3.130678    32.7841       1026     4.2708  0.000e+00
     86.163     4.6838   3.130678    32.7842       1027     4.2750  0.000e+00
     85.945     4.6837   3.130654    32.7842       1028     4.2792  0.000e+00
     85.709     4.6836   3.130678    32.7846       1029     4.2833  0.000e+00
     85.462     4.6837   3.130653    32.7844       1030     4.2875  0.000e+00
     85.198     4.6835   3.130635    32.7845       1031     4.2917  0.000e+00
     84.935     4.6837   3.130617    32.7843       1032     4.2958  0.000e+00
     84.673     4.6836   3.130617    32.7845       1033     4.3000  0.000e+00
     84.405     4.6836   3.130617    32.7846       1034     4.3042  0.000e+00
     84.143     4.6835   3.130574    32.7844       1035     4.3083  0.000e+00
