HB2502/sbe121.cnv
* Sea-Bird SBE 19plus V2 Data File:
* FileName = C:\cruise\data\sbe121.hex
* Software Version Seasave V 7.26.7.121
* Temperature SN = 6128
* Conductivity SN = 6128
* System UpLoad Time = Apr 20 2025 03:12:43
* NMEA Latitude = 42 58.51 N
* NMEA Longitude = 070 09.67 W
* NMEA UTC (Time) = Apr 20 2025  03:12:04
** Ship: Henry Bigelow
** Cruise:  HB2502
** Program:  Spring Bottom Trawl
# nquan = 7
# nvalues = 3560                                  
# units = specified
# name 0 = depSM: Depth [salt water, m]
# name 1 = tv290C: Temperature [ITS-90, deg C]
# name 2 = c0S/m: Conductivity [S/m]
# name 3 = sal00: Salinity, Practical [PSU]
# name 4 = scan: Scan Count
# name 5 = timeM: Time, Elapsed [minutes]
# name 6 = flag:  0.000e+00
# span 0 =     -0.215,    151.878                 
# span 1 =     4.3303,    11.9841                 
# span 2 =   0.010263,   3.657512                 
# span 3 =     0.0658,    35.0734                 
# span 4 =         11,       3570                 
# span 5 =     0.0417,    14.8708                 
# span 6 = 0.0000e+00, 0.0000e+00                 
# interval = seconds: 0.25
# start_time = Apr 20 2025 03:12:04 [NMEA time, header]
# bad_flag = -9.990e-29
*END*
[from data line 1026]
    149.085     5.0243   3.174998    32.9272       1037     4.3167  0.000e+00
    149.246     5.0243   3.175016    32.9273       1038     4.3208  0.000e+00
    149.414     5.0245   3.175041    32.9272       1039     4.3250  0.000e+00
    149.580     5.0248   3.175059    32.9271       1040     4.3292  0.000e+00
    149.752     5.0250   3.175041    32.9266       1041     4.3333  0.000e+00
    149.925     5.0251   3.175078    32.9268       1042     4.3375  0.000e+00
    150.104     5.0253   3.175059    32.9263       1043     4.3417  0.000e+00
    150.290     5.0255   3.175120    32.9268       1044     4.3458  0.000e+00
    150.473     5.0255   3.175102    32.9265       1045     4.3500  0.000e+00
    150.667     5.0254   3.175139    32.9268       1046     4.3542  0.000e+00
    150.852     5.0257   3.175139    32.9265       1047     4.3583  0.000e+00
    151.042     5.0258   3.175157    32.9265       1048     4.3625  0.000e+00
    151.226     5.0257   3.175157    32.9265       1049     4.3667  0.000e+00
    151.412     5.0258   3.175157    32.9263       1050     4.3708  0.000e+00
    151.591     5.0258   3.175157    32.9262       1051     4.3750  0.000e+00
    151.764     5.0259   3.175182    32.9263       1052     4.3792  0.000e+00
    151.844     5.0257   3.175103    32.9256       1053     4.3833  0.000e+00
    151.878     5.0257   3.175121    32.9258       1054     4.3875  0.000e+00
    151.822     5.0254   3.175103    32.9258       1055     4.3917  0.000e+00
    151.710     5.0253   3.175103    32.9260       1056     4.3958  0.000e+00
    151.655     5.0251   3.175103    32.9263       1057     4.4000  0.000e+00
    151.591     5.0250   3.175078    32.9261       1058     4.4042  0.000e+00
    151.515     5.0248   3.175060    32.9261       1059     4.4083  0.000e+00
    151.430     5.0247   3.175078    32.9265       1060     4.4125  0.000e+00
    151.323     5.0246   3.175078    32.9267       1061     4.4167  0.000e+00
    151.211     5.0246   3.175121    32.9272       1062     4.4208  0.000e+00
    151.099     5.0247   3.175102    32.9269       1063     4.4250  0.000e+00
    150.997     5.0248   3.175078    32.9265       1064     4.4292  0.000e+00
    150.898     5.0251   3.175102    32.9267       1065     4.4333  0.000e+00
    150.806     5.0251   3.175078    32.9264       1066     4.4375  0.000e+00
    150.717     5.0250   3.175041    32.9262       1067     4.4417  0.000e+00
    150.630     5.0250   3.175060    32.9264       1068     4.4458  0.000e+00
    150.540     5.0248   3.175102    32.9271       1069     4.4500  0.000e+00
    150.467     5.0248   3.175102    32.9271       1070     4.4542  0.000e+00
    150.390     5.0252   3.175102    32.9268       1071     4.4583  0.000e+00
    150.317     5.0251   3.175102    32.9269       1072     4.4625  0.000e+00
    150.239     5.0252   3.175078    32.9266       1073     4.4667  0.000e+00
    150.168     5.0253   3.175059    32.9263       1074     4.4708  0.000e+00
    150.090     5.0253   3.175059    32.9264       1075     4.4750  0.000e+00
    150.007     5.0253   3.175041    32.9262       1076     4.4792  0.000e+00
    149.919     5.0252   3.175017    32.9260       1077     4.4833  0.000e+00
    149.833     5.0250   3.174980    32.9259       1078     4.4875  0.000e+00
    149.755     5.0249   3.175017    32.9264       1079     4.4917  0.000e+00
    149.666     5.0248   3.174980    32.9261       1080     4.4958  0.000e+00
    149.590     5.0247   3.174980    32.9262       1081     4.5000  0.000e+00
    149.514     5.0247   3.174980    32.9263       1082     4.5042  0.000e+00
    149.445     5.0246   3.174980    32.9264       1083     4.5083  0.000e+00
    149.376     5.0247   3.174962    32.9261       1084     4.5125  0.000e+00
    149.306     5.0247   3.174998    32.9266       1085     4.5167  0.000e+00
    149.235     5.0248   3.174998    32.9265       1086     4.5208  0.000e+00
    149.162     5.0247   3.174980    32.9265       1087     4.5250  0.000e+00
    149.077     5.0248   3.174937    32.9260       1088     4.5292  0.000e+00
    148.987     5.0247   3.174919    32.9259       1089     4.5333  0.000e+00
    148.896     5.0245   3.174937    32.9264       1090     4.5375  0.000e+00
    148.786     5.0246   3.174937    32.9263       1091     4.5417  0.000e+00
    148.681     5.0246   3.174919    32.9262       1092     4.5458  0.000e+00
    148.558     5.0245   3.174900    32.9261       1093     4.5500  0.000e+00
    148.429     5.0243   3.174900    32.9263       1094     4.5542  0.000e+00
    148.297     5.0243   3.174858    32.9259       1095     4.5583  0.000e+00
    148.166     5.0242   3.174876    32.9263       1096     4.5625  0.000e+00
    148.028     5.0240   3.174815    32.9259       1097     4.5667  0.000e+00
    147.892     5.0240   3.174796    32.9257       1098     4.5708  0.000e+00
    147.762     5.0239   3.174839    32.9264       1099     4.5750  0.000e+00
    147.640     5.0237   3.174839    32.9267       1100     4.5792  0.000e+00
    147.527     5.0238   3.174857    32.9268       1101     4.5833  0.000e+00
    147.431     5.0239   3.174979    32.9281       1102     4.5875  0.000e+00
    147.345     5.0242   3.175040    32.9286       1103     4.5917  0.000e+00
    147.277     5.0250   3.175040    32.9279       1104     4.5958  0.000e+00
    147.228     5.0253   3.175059    32.9278       1105     4.6000  0.000e+00
    147.190     5.0259   3.175040    32.9270       1106     4.6042  0.000e+00
    147.168     5.0261   3.175040    32.9268       1107     4.6083  0.000e+00
    147.150     5.0262   3.174997    32.9262       1108     4.6125  0.000e+00
    147.135     5.0264   3.174979    32.9259       1109     4.6167  0.000e+00
    147.123     5.0262   3.174961    32.9258       1110     4.6208  0.000e+00
    147.105     5.0260   3.174936    32.9257       1111     4.6250  0.000e+00
    147.082     5.0259   3.174979    32.9263       1112     4.6292  0.000e+00
    147.049     5.0259   3.174997    32.9266       1113     4.6333  0.000e+00
    147.005     5.0258   3.174997    32.9267       1114     4.6375  0.000e+00
    146.947     5.0260   3.174918    32.9256       1115     4.6417  0.000e+00
    146.867     5.0260   3.174900    32.9255       1116     4.6458  0.000e+00
    146.780     5.0256   3.174936    32.9263       1117     4.6500  0.000e+00
    146.666     5.0255   3.175016    32.9273       1118     4.6542  0.000e+00
    146.544     5.0257   3.175278    32.9303       1119     4.6583  0.000e+00
    146.402     5.0265   3.175180    32.9285       1120     4.6625  0.000e+00
    146.252     5.0274   3.175137    32.9271       1121     4.6667  0.000e+00
    146.097     5.0279   3.175241    32.9279       1122     4.6708  0.000e+00
    145.939     5.0282   3.175259    32.9279       1123     4.6750  0.000e+00
    145.784     5.0288   3.175302    32.9278       1124     4.6792  0.000e+00
    145.640     5.0292   3.175241    32.9268       1125     4.6833  0.000e+00
    145.511     5.0296   3.175259    32.9267       1126     4.6875  0.000e+00
    145.405     5.0299   3.175198    32.9258       1127     4.6917  0.000e+00
    145.320     5.0298   3.175216    32.9261       1128     4.6958  0.000e+00
    145.259     5.0297   3.175277    32.9269       1129     4.7000  0.000e+00
    145.224     5.0300   3.175357    32.9276       1130     4.7042  0.000e+00
    145.210     5.0303   3.175357    32.9273       1131     4.7083  0.000e+00
    145.203     5.0308   3.175357    32.9269       1132     4.7125  0.000e+00
    145.212     5.0312   3.175381    32.9267       1133     4.7167  0.000e+00
    145.213     5.0314   3.175381    32.9265       1134     4.7208  0.000e+00
    145.219     5.0315   3.175381    32.9264       1135     4.7250  0.000e+00
    145.211     5.0316   3.175338    32.9258       1136     4.7292  0.000e+00
    145.201     5.0316   3.175320    32.9256       1137     4.7333  0.000e+00
    145.166     5.0314   3.175357    32.9262       1138     4.7375  0.000e+00
    145.118     5.0315   3.175338    32.9259       1139     4.7417  0.000e+00
    145.057     5.0315   3.175277    32.9253       1140     4.7458  0.000e+00
    144.984     5.0314   3.175198    32.9245       1141     4.7500  0.000e+00
    144.891     5.0310   3.175015    32.9229       1142     4.7542  0.000e+00
    144.795     5.0301   3.175180    32.9257       1143     4.7583  0.000e+00
    144.680     5.0296   3.175137    32.9258       1144     4.7625  0.000e+00
    144.567     5.0294   3.175058    32.9251       1145     4.7667  0.000e+00
    144.451     5.0291   3.174856    32.9231       1146     4.7708  0.000e+00
    144.335     5.0285   3.174777    32.9229       1147     4.7750  0.000e+00
    144.220     5.0274   3.174777    32.9240       1148     4.7792  0.000e+00
    144.118     5.0265   3.174759    32.9248       1149     4.7833  0.000e+00
    144.022     5.0258   3.174795    32.9259       1150     4.7875  0.000e+00
    143.938     5.0252   3.174838    32.9270       1151     4.7917  0.000e+00
    143.865     5.0253   3.174814    32.9267       1152     4.7958  0.000e+00
    143.814     5.0254   3.174838    32.9269       1153     4.8000  0.000e+00
    143.761     5.0257   3.174917    32.9276       1154     4.8042  0.000e+00
    143.724     5.0259   3.174960    32.9279       1155     4.8083  0.000e+00
    143.688     5.0264   3.174960    32.9274       1156     4.8125  0.000e+00
    143.652     5.0267   3.174899    32.9264       1157     4.8167  0.000e+00
    143.616     5.0268   3.174899    32.9263       1158     4.8208  0.000e+00
    143.580     5.0268   3.174899    32.9263       1159     4.8250  0.000e+00
    143.542     5.0267   3.174899    32.9264       1160     4.8292  0.000e+00
    143.503     5.0267   3.174874    32.9262       1161     4.8333  0.000e+00
    143.457     5.0266   3.174899    32.9266       1162     4.8375  0.000e+00
    143.414     5.0266   3.174935    32.9271       1163     4.8417  0.000e+00
    143.361     5.0267   3.174917    32.9267       1164     4.8458  0.000e+00
    143.303     5.0269   3.174978    32.9273       1165     4.8500  0.000e+00
    143.233     5.0271   3.174996    32.9273       1166     4.8542  0.000e+00
    143.175     5.0275   3.175039    32.9275       1167     4.8583  0.000e+00
    143.115     5.0276   3.175039    32.9273       1168     4.8625  0.000e+00
    143.053     5.0280   3.175015    32.9267       1169     4.8667  0.000e+00
    143.000     5.0283   3.175057    32.9269       1170     4.8708  0.000e+00
    142.937     5.0284   3.174996    32.9262       1171     4.8750  0.000e+00
    142.870     5.0285   3.174996    32.9261       1172     4.8792  0.000e+00
    142.804     5.0286   3.174960    32.9257       1173     4.8833  0.000e+00
    142.739     5.0283   3.174960    32.9259       1174     4.8875  0.000e+00
    142.665     5.0283   3.174959    32.9260       1175     4.8917  0.000e+00
    142.589     5.0282   3.174959    32.9261       1176     4.8958  0.000e+00
    142.509     5.0283   3.174978    32.9263       1177     4.9000  0.000e+00
    142.429     5.0283   3.174959    32.9261       1178     4.9042  0.000e+00
    142.338     5.0281   3.174874    32.9254       1179     4.9083  0.000e+00
    142.261     5.0281   3.174837    32.9250       1180     4.9125  0.000e+00
    142.181     5.0277   3.174776    32.9247       1181     4.9167  0.000e+00
    142.107     5.0272   3.174776    32.9253       1182     4.9208  0.000e+00
    142.034     5.0268   3.174764    32.9256       1183     4.9250  0.000e+00
    141.960     5.0266   3.174697    32.9250       1184     4.9292  0.000e+00
    141.889     5.0262   3.174697    32.9254       1185     4.9333  0.000e+00
    141.822     5.0259   3.174734    32.9262       1186     4.9375  0.000e+00
    141.760     5.0259   3.174673    32.9256       1187     4.9417  0.000e+00
    141.701     5.0257   3.174654    32.9256       1188     4.9458  0.000e+00
    141.647     5.0255   3.174654    32.9257       1189     4.9500  0.000e+00
    141.593     5.0253   3.174654    32.9260       1190     4.9542  0.000e+00
    141.543     5.0252   3.174654    32.9262       1191     4.9583  0.000e+00
    141.488     5.0252   3.174636    32.9260       1192     4.9625  0.000e+00
    141.440     5.0252   3.174654    32.9262       1193     4.9667  0.000e+00
    141.394     5.0252   3.174654    32.9262       1194     4.9708  0.000e+00
    141.351     5.0250   3.174654    32.9265       1195     4.9750  0.000e+00
    141.308     5.0252   3.174697    32.9268       1196     4.9792  0.000e+00
    141.260     5.0253   3.174715    32.9269       1197     4.9833  0.000e+00
    141.219     5.0253   3.174697    32.9267       1198     4.9875  0.000e+00
    141.181     5.0255   3.174733    32.9269       1199     4.9917  0.000e+00
    141.130     5.0257   3.174758    32.9271       1200     4.9958  0.000e+00
    141.079     5.0259   3.174813    32.9275       1201     5.0000  0.000e+00
    141.019     5.0262   3.174898    32.9282       1202     5.0042  0.000e+00
    140.958     5.0268   3.174916    32.9279       1203     5.0083  0.000e+00
    140.889     5.0272   3.174959    32.9280       1204     5.0125  0.000e+00
    140.806     5.0276   3.174898    32.9269       1205     5.0167  0.000e+00
    140.726     5.0281   3.174898    32.9265       1206     5.0208  0.000e+00
    140.638     5.0281   3.174898    32.9265       1207     5.0250  0.000e+00
    140.546     5.0282   3.174898    32.9265       1208     5.0292  0.000e+00
    140.459     5.0285   3.174959    32.9269       1209     5.0333  0.000e+00
    140.369     5.0285   3.174977    32.9272       1210     5.0375  0.000e+00
    140.287     5.0288   3.174995    32.9272       1211     5.0417  0.000e+00
    140.218     5.0291   3.174977    32.9267       1212     5.0458  0.000e+00
    140.153     5.0293   3.174959    32.9263       1213     5.0500  0.000e+00
    140.095     5.0294   3.174934    32.9259       1214     5.0542  0.000e+00
    140.047     5.0294   3.174959    32.9262       1215     5.0583  0.000e+00
    139.995     5.0293   3.174995    32.9268       1216     5.0625  0.000e+00
    139.957     5.0294   3.175014    32.9270       1217     5.0667  0.000e+00
    139.918     5.0296   3.175038    32.9270       1218     5.0708  0.000e+00
    139.876     5.0298   3.175056    32.9271       1219     5.0750  0.000e+00
    139.820     5.0302   3.175196    32.9283       1220     5.0792  0.000e+00
    139.774     5.0305   3.175239    32.9285       1221     5.0833  0.000e+00
    139.720     5.0314   3.175300    32.9284       1222     5.0875  0.000e+00
    139.660     5.0320   3.175416    32.9291       1223     5.0917  0.000e+00
    139.587     5.0329   3.175379    32.9279       1224     5.0958  0.000e+00
    139.508     5.0337   3.175416    32.9276       1225     5.1000  0.000e+00
    139.427     5.0341   3.175355    32.9264       1226     5.1042  0.000e+00
    139.343     5.0345   3.175300    32.9255       1227     5.1083  0.000e+00
    139.258     5.0344   3.175276    32.9253       1228     5.1125  0.000e+00
    139.175     5.0343   3.175257    32.9253       1229     5.1167  0.000e+00
    139.093     5.0340   3.175239    32.9254       1230     5.1208  0.000e+00
    139.023     5.0336   3.175257    32.9260       1231     5.1250  0.000e+00
    138.957     5.0337   3.175318    32.9267       1232     5.1292  0.000e+00
    138.897     5.0339   3.175300    32.9263       1233     5.1333  0.000e+00
    138.850     5.0339   3.175239    32.9257       1234     5.1375  0.000e+00
    138.801     5.0340   3.175178    32.9248       1235     5.1417  0.000e+00
    138.761     5.0337   3.175099    32.9243       1236     5.1458  0.000e+00
    138.731     5.0333   3.175074    32.9244       1237     5.1500  0.000e+00
    138.693     5.0327   3.174977    32.9239       1238     5.1542  0.000e+00
    138.664     5.0321   3.174916    32.9238       1239     5.1583  0.000e+00
    138.622     5.0314   3.174916    32.9245       1240     5.1625  0.000e+00
