HB2502/sbe154.cnv
* Sea-Bird SBE 19plus V2 Data File:
* FileName = C:\cruise\data\sbe154.hex
* Software Version Seasave V 7.26.7.121
* Temperature SN = 6128
* Conductivity SN = 6128
* System UpLoad Time = May 10 2025 21:36:28
* NMEA Latitude = 43 02.75 N
* NMEA Longitude = 066 49.48 W
* NMEA UTC (Time) = May 10 2025  21:35:11
** Ship: Henry Bigelow
** Cruise:  HB2502
** Program:  Spring Bottom Trawl
# nquan = 7
# nvalues = 2724                                  
# units = specified
# name 0 = depSM: Depth [salt water, m]
# name 1 = tv290C: Temperature [ITS-90, deg C]
# name 2 = c0S/m: Conductivity [S/m]
# name 3 = sal00: Salinity, Practical [PSU]
# name 4 = scan: Scan Count
# name 5 = timeM: Time, Elapsed [minutes]
# name 6 = flag:  0.000e+00
# span 0 =     -0.194,    131.174                 
# span 1 =     6.3804,     8.7886                 
# span 2 =   0.007205,   3.496063                 
# span 3 =     0.0496,    33.8686                 
# span 4 =         11,       2734                 
# span 5 =     0.0417,    11.3875                 
# span 6 = 0.0000e+00, 0.0000e+00                 
# interval = seconds: 0.25
# start_time = May 10 2025 21:35:11 [NMEA time, header]
# bad_flag = -9.990e-29
*END*
[from data line 2257]
     21.663     6.7780   3.264460    32.3031       2268     9.4458  0.000e+00
     21.598     6.7971   3.265348    32.2949       2269     9.4500  0.000e+00
     21.526     6.8166   3.265730    32.2808       2270     9.4542  0.000e+00
     21.453     6.8327   3.265951    32.2681       2271     9.4583  0.000e+00
     21.374     6.8448   3.266180    32.2592       2272     9.4625  0.000e+00
     21.296     6.8541   3.266531    32.2544       2273     9.4667  0.000e+00
     21.220     6.8615   3.266784    32.2503       2274     9.4708  0.000e+00
     21.148     6.8684   3.267505    32.2517       2275     9.4750  0.000e+00
     21.077     6.8756   3.267844    32.2486       2276     9.4792  0.000e+00
     21.008     6.8836   3.268214    32.2452       2277     9.4833  0.000e+00
     20.938     6.8910   3.267758    32.2333       2278     9.4875  0.000e+00
     20.863     6.8976   3.269417    32.2453       2279     9.4917  0.000e+00
     20.793     6.9044   3.270565    32.2515       2280     9.4958  0.000e+00
     20.708     6.9185   3.268276    32.2134       2281     9.5000  0.000e+00
     20.621     6.9223   3.268134    32.2082       2282     9.5042  0.000e+00
     20.540     6.9177   3.268528    32.2169       2283     9.5083  0.000e+00
     20.452     6.9150   3.270052    32.2361       2284     9.5125  0.000e+00
     20.369     6.9190   3.271107    32.2439       2285     9.5167  0.000e+00
     20.290     6.9311   3.271255    32.2343       2286     9.5208  0.000e+00
     20.212     6.9426   3.271045    32.2212       2287     9.5250  0.000e+00
     20.136     6.9498   3.270428    32.2078       2288     9.5292  0.000e+00
     20.062     6.9513   3.270693    32.2093       2289     9.5333  0.000e+00
     19.991     6.9521   3.271150    32.2136       2290     9.5375  0.000e+00
     19.919     6.9533   3.270502    32.2054       2291     9.5417  0.000e+00
     19.852     6.9542   3.271064    32.2107       2292     9.5458  0.000e+00
     19.788     6.9551   3.272520    32.2258       2293     9.5500  0.000e+00
     19.725     6.9627   3.272606    32.2197       2294     9.5542  0.000e+00
     19.671     6.9721   3.272983    32.2150       2295     9.5583  0.000e+00
     19.613     6.9803   3.273396    32.2119       2296     9.5625  0.000e+00
     19.557     6.9889   3.273235    32.2021       2297     9.5667  0.000e+00
     19.512     6.9942   3.273044    32.1950       2298     9.5708  0.000e+00
     19.463     6.9964   3.273167    32.1944       2299     9.5750  0.000e+00
     19.419     6.9975   3.273982    32.2022       2300     9.5792  0.000e+00
     19.383     7.0018   3.273488    32.1929       2301     9.5833  0.000e+00
     19.343     7.0049   3.274581    32.2018       2302     9.5875  0.000e+00
     19.309     7.0101   3.274729    32.1986       2303     9.5917  0.000e+00
     19.280     7.0171   3.275334    32.1987       2304     9.5958  0.000e+00
     19.240     7.0253   3.275439    32.1922       2305     9.6000  0.000e+00
     19.182     7.0327   3.275488    32.1859       2306     9.6042  0.000e+00
     19.121     7.0377   3.275500    32.1814       2307     9.6083  0.000e+00
     19.047     7.0410   3.274562    32.1681       2308     9.6125  0.000e+00
     18.956     7.0398   3.274333    32.1668       2309     9.6167  0.000e+00
     18.855     7.0329   3.274932    32.1798       2310     9.6208  0.000e+00
     18.757     7.0313   3.274580    32.1775       2311     9.6250  0.000e+00
     18.647     7.0312   3.274414    32.1758       2312     9.6292  0.000e+00
     18.537     7.0296   3.274457    32.1778       2313     9.6333  0.000e+00
     18.437     7.0276   3.274519    32.1804       2314     9.6375  0.000e+00
     18.329     7.0269   3.274543    32.1814       2315     9.6417  0.000e+00
     18.233     7.0269   3.274395    32.1799       2316     9.6458  0.000e+00
     18.131     7.0267   3.274747    32.1839       2317     9.6500  0.000e+00
     18.050     7.0265   3.275370    32.1909       2318     9.6542  0.000e+00
     17.981     7.0297   3.274648    32.1801       2319     9.6583  0.000e+00
     17.912     7.0326   3.275518    32.1869       2320     9.6625  0.000e+00
     17.850     7.0347   3.275290    32.1825       2321     9.6667  0.000e+00
     17.803     7.0381   3.274957    32.1757       2322     9.6708  0.000e+00
     17.761     7.0377   3.274759    32.1739       2323     9.6750  0.000e+00
     17.723     7.0353   3.274710    32.1756       2324     9.6792  0.000e+00
     17.687     7.0328   3.275228    32.1836       2325     9.6833  0.000e+00
     17.661     7.0333   3.275333    32.1843       2326     9.6875  0.000e+00
     17.638     7.0363   3.275333    32.1815       2327     9.6917  0.000e+00
     17.616     7.0377   3.275648    32.1837       2328     9.6958  0.000e+00
     17.598     7.0414   3.275938    32.1834       2329     9.7000  0.000e+00
     17.569     7.0456   3.276024    32.1804       2330     9.7042  0.000e+00
     17.547     7.0498   3.276185    32.1782       2331     9.7083  0.000e+00
     17.520     7.0539   3.275913    32.1714       2332     9.7125  0.000e+00
     17.484     7.0557   3.275833    32.1689       2333     9.7167  0.000e+00
     17.440     7.0553   3.275771    32.1686       2334     9.7208  0.000e+00
     17.393     7.0542   3.275685    32.1687       2335     9.7250  0.000e+00
     17.333     7.0528   3.275456    32.1676       2336     9.7292  0.000e+00
     17.266     7.0501   3.275438    32.1699       2337     9.7333  0.000e+00
     17.196     7.0476   3.275290    32.1707       2338     9.7375  0.000e+00
     17.103     7.0459   3.275561    32.1753       2339     9.7417  0.000e+00
     17.010     7.0449   3.275271    32.1731       2340     9.7458  0.000e+00
     16.907     7.0440   3.275333    32.1746       2341     9.7500  0.000e+00
     16.785     7.0429   3.275685    32.1796       2342     9.7542  0.000e+00
     16.654     7.0439   3.275814    32.1801       2343     9.7583  0.000e+00
     16.515     7.0465   3.275864    32.1783       2344     9.7625  0.000e+00
     16.372     7.0493   3.275876    32.1759       2345     9.7667  0.000e+00
     16.217     7.0523   3.275789    32.1723       2346     9.7708  0.000e+00
     16.072     7.0546   3.275789    32.1701       2347     9.7750  0.000e+00
     15.931     7.0562   3.275765    32.1685       2348     9.7792  0.000e+00
     15.804     7.0573   3.275727    32.1670       2349     9.7833  0.000e+00
     15.688     7.0586   3.275480    32.1632       2350     9.7875  0.000e+00
     15.594     7.0597   3.275709    32.1648       2351     9.7917  0.000e+00
     15.527     7.0605   3.275727    32.1642       2352     9.7958  0.000e+00
     15.472     7.0610   3.275727    32.1638       2353     9.8000  0.000e+00
     15.427     7.0613   3.275789    32.1642       2354     9.8042  0.000e+00
     15.407     7.0609   3.275814    32.1648       2355     9.8083  0.000e+00
     15.398     7.0603   3.275783    32.1650       2356     9.8125  0.000e+00
     15.402     7.0599   3.275770    32.1653       2357     9.8167  0.000e+00
     15.422     7.0599   3.275832    32.1659       2358     9.8208  0.000e+00
     15.440     7.0602   3.275913    32.1666       2359     9.8250  0.000e+00
     15.451     7.0603   3.275980    32.1672       2360     9.8292  0.000e+00
     15.462     7.0605   3.275980    32.1670       2361     9.8333  0.000e+00
     15.465     7.0603   3.275999    32.1673       2362     9.8375  0.000e+00
     15.454     7.0603   3.275999    32.1674       2363     9.8417  0.000e+00
     15.434     7.0605   3.276017    32.1674       2364     9.8458  0.000e+00
     15.400     7.0606   3.276024    32.1674       2365     9.8500  0.000e+00
     15.351     7.0605   3.276042    32.1678       2366     9.8542  0.000e+00
     15.284     7.0604   3.276061    32.1680       2367     9.8583  0.000e+00
     15.205     7.0601   3.276079    32.1686       2368     9.8625  0.000e+00
     15.118     7.0598   3.276079    32.1689       2369     9.8667  0.000e+00
     15.020     7.0596   3.276104    32.1694       2370     9.8708  0.000e+00
     14.908     7.0594   3.276017    32.1687       2371     9.8750  0.000e+00
     14.792     7.0589   3.275956    32.1686       2372     9.8792  0.000e+00
     14.671     7.0585   3.275684    32.1660       2373     9.8833  0.000e+00
     14.555     7.0587   3.275684    32.1658       2374     9.8875  0.000e+00
     14.417     7.0591   3.275770    32.1665       2375     9.8917  0.000e+00
     14.285     7.0598   3.275622    32.1643       2376     9.8958  0.000e+00
     14.173     7.0601   3.275375    32.1614       2377     9.9000  0.000e+00
     14.059     7.0603   3.275332    32.1608       2378     9.9042  0.000e+00
     13.951     7.0603   3.275350    32.1611       2379     9.9083  0.000e+00
     13.859     7.0601   3.275437    32.1622       2380     9.9125  0.000e+00
     13.772     7.0599   3.275437    32.1624       2381     9.9167  0.000e+00
     13.696     7.0599   3.275430    32.1624       2382     9.9208  0.000e+00
     13.623     7.0599   3.275480    32.1630       2383     9.9250  0.000e+00
     13.560     7.0598   3.275455    32.1628       2384     9.9292  0.000e+00
     13.486     7.0599   3.275455    32.1627       2385     9.9333  0.000e+00
     13.414     7.0598   3.275504    32.1635       2386     9.9375  0.000e+00
     13.350     7.0597   3.275245    32.1607       2387     9.9417  0.000e+00
     13.285     7.0595   3.275208    32.1606       2388     9.9458  0.000e+00
     13.232     7.0591   3.275455    32.1636       2389     9.9500  0.000e+00
     13.182     7.0590   3.275350    32.1626       2390     9.9542  0.000e+00
     13.138     7.0590   3.275541    32.1647       2391     9.9583  0.000e+00
     13.103     7.0592   3.275517    32.1643       2392     9.9625  0.000e+00
     13.067     7.0592   3.275350    32.1625       2393     9.9667  0.000e+00
     13.029     7.0591   3.275350    32.1626       2394     9.9708  0.000e+00
     12.989     7.0590   3.275412    32.1634       2395     9.9750  0.000e+00
     12.942     7.0589   3.275313    32.1624       2396     9.9792  0.000e+00
     12.893     7.0585   3.275412    32.1639       2397     9.9833  0.000e+00
     12.855     7.0579   3.275375    32.1640       2398     9.9875  0.000e+00
     12.812     7.0579   3.275189    32.1621       2399     9.9917  0.000e+00
     12.772     7.0581   3.275016    32.1601       2400     9.9958  0.000e+00
     12.726     7.0585   3.274955    32.1590       2401    10.0000  0.000e+00
     12.674     7.0588   3.274998    32.1592       2402    10.0042  0.000e+00
     12.614     7.0591   3.275010    32.1591       2403    10.0083  0.000e+00
     12.542     7.0592   3.274831    32.1571       2404    10.0125  0.000e+00
     12.453     7.0590   3.274603    32.1549       2405    10.0167  0.000e+00
     12.352     7.0582   3.274850    32.1583       2406    10.0208  0.000e+00
     12.225     7.0575   3.275232    32.1632       2407    10.0250  0.000e+00
     12.080     7.0572   3.275183    32.1630       2408    10.0292  0.000e+00
     11.936     7.0570   3.275269    32.1642       2409    10.0333  0.000e+00
     11.794     7.0577   3.275245    32.1634       2410    10.0375  0.000e+00
     11.680     7.0583   3.275269    32.1631       2411    10.0417  0.000e+00
     11.579     7.0584   3.275121    32.1614       2412    10.0458  0.000e+00
     11.506     7.0583   3.275121    32.1615       2413    10.0500  0.000e+00
     11.454     7.0582   3.275078    32.1612       2414    10.0542  0.000e+00
     11.411     7.0579   3.275102    32.1618       2415    10.0583  0.000e+00
     11.378     7.0577   3.275072    32.1616       2416    10.0625  0.000e+00
     11.352     7.0577   3.275059    32.1615       2417    10.0667  0.000e+00
     11.336     7.0576   3.274998    32.1610       2418    10.0708  0.000e+00
     11.323     7.0576   3.274954    32.1605       2419    10.0750  0.000e+00
     11.316     7.0574   3.275053    32.1618       2420    10.0792  0.000e+00
     11.312     7.0573   3.275244    32.1640       2421    10.0833  0.000e+00
     11.298     7.0579   3.275269    32.1636       2422    10.0875  0.000e+00
     11.271     7.0588   3.275269    32.1628       2423    10.0917  0.000e+00
     11.224     7.0594   3.275251    32.1621       2424    10.0958  0.000e+00
     11.153     7.0599   3.275244    32.1615       2425    10.1000  0.000e+00
     11.068     7.0603   3.275226    32.1610       2426    10.1042  0.000e+00
     10.973     7.0603   3.275244    32.1613       2427    10.1083  0.000e+00
     10.863     7.0603   3.275078    32.1595       2428    10.1125  0.000e+00
     10.739     7.0599   3.274794    32.1569       2429    10.1167  0.000e+00
     10.638     7.0585   3.274812    32.1584       2430    10.1208  0.000e+00
     10.535     7.0572   3.274874    32.1604       2431    10.1250  0.000e+00
     10.444     7.0560   3.274979    32.1627       2432    10.1292  0.000e+00
     10.372     7.0556   3.275028    32.1636       2433    10.1333  0.000e+00
     10.305     7.0557   3.275077    32.1641       2434    10.1375  0.000e+00
     10.251     7.0558   3.275040    32.1636       2435    10.1417  0.000e+00
     10.200     7.0558   3.274997    32.1632       2436    10.1458  0.000e+00
     10.158     7.0556   3.274911    32.1625       2437    10.1500  0.000e+00
     10.113     7.0553   3.274874    32.1623       2438    10.1542  0.000e+00
     10.071     7.0550   3.274744    32.1612       2439    10.1583  0.000e+00
     10.030     7.0546   3.274830    32.1625       2440    10.1625  0.000e+00
      9.999     7.0542   3.274756    32.1621       2441    10.1667  0.000e+00
      9.961     7.0541   3.274744    32.1621       2442    10.1708  0.000e+00
      9.932     7.0541   3.274787    32.1626       2443    10.1750  0.000e+00
      9.906     7.0541   3.274664    32.1613       2444    10.1792  0.000e+00
      9.886     7.0546   3.274682    32.1610       2445    10.1833  0.000e+00
      9.875     7.0551   3.274713    32.1609       2446    10.1875  0.000e+00
      9.863     7.0550   3.274744    32.1613       2447    10.1917  0.000e+00
      9.848     7.0548   3.274744    32.1616       2448    10.1958  0.000e+00
      9.836     7.0544   3.274787    32.1624       2449    10.2000  0.000e+00
      9.819     7.0544   3.274695    32.1614       2450    10.2042  0.000e+00
      9.787     7.0542   3.274744    32.1621       2451    10.2083  0.000e+00
      9.740     7.0549   3.274911    32.1633       2452    10.2125  0.000e+00
      9.684     7.0558   3.275059    32.1641       2453    10.2167  0.000e+00
      9.608     7.0572   3.275188    32.1643       2454    10.2208  0.000e+00
      9.522     7.0586   3.275145    32.1625       2455    10.2250  0.000e+00
      9.435     7.0596   3.275077    32.1609       2456    10.2292  0.000e+00
      9.341     7.0600   3.275102    32.1608       2457    10.2333  0.000e+00
      9.241     7.0601   3.275188    32.1617       2458    10.2375  0.000e+00
      9.158     7.0605   3.275207    32.1615       2459    10.2417  0.000e+00
      9.076     7.0610   3.275225    32.1614       2460    10.2458  0.000e+00
      9.002     7.0613   3.275268    32.1616       2461    10.2500  0.000e+00
      8.927     7.0615   3.275268    32.1614       2462    10.2542  0.000e+00
      8.867     7.0618   3.275207    32.1605       2463    10.2583  0.000e+00
      8.809     7.0619   3.275207    32.1604       2464    10.2625  0.000e+00
      8.762     7.0619   3.275225    32.1607       2465    10.2667  0.000e+00
      8.730     7.0619   3.275207    32.1605       2466    10.2708  0.000e+00
      8.693     7.0617   3.275188    32.1604       2467    10.2750  0.000e+00
      8.673     7.0618   3.275182    32.1603       2468    10.2792  0.000e+00
      8.662     7.0619   3.275349    32.1620       2469    10.2833  0.000e+00
      8.655     7.0625   3.275435    32.1624       2470    10.2875  0.000e+00
      8.649     7.0631   3.275404    32.1615       2471    10.2917  0.000e+00
