HB2502/sbe162.cnv
* Sea-Bird SBE 19plus V2 Data File:
* FileName = C:\cruise\data\sbe162.hex
* Software Version Seasave V 7.26.7.121
* Temperature SN = 6128
* Conductivity SN = 6128
* System UpLoad Time = May 14 2025 06:00:00
* NMEA Latitude = 43 14.32 N
* NMEA Longitude = 068 39.39 W
* NMEA UTC (Time) = May 14 2025  05:58:46
** Ship: Henry Bigelow
** Cruise:  HB2502
** Program:  Spring Bottom Trawl
# nquan = 7
# nvalues = 2505                                  
# units = specified
# name 0 = depSM: Depth [salt water, m]
# name 1 = tv290C: Temperature [ITS-90, deg C]
# name 2 = c0S/m: Conductivity [S/m]
# name 3 = sal00: Salinity, Practical [PSU]
# name 4 = scan: Scan Count
# name 5 = timeM: Time, Elapsed [minutes]
# name 6 = flag:  0.000e+00
# span 0 =      0.343,    167.909                 
# span 1 =     5.2107,     7.9976                 
# span 2 =   3.113784,   3.392139                 
# span 3 =    32.0294,    33.6632                 
# span 4 =         11,       2515                 
# span 5 =     0.0417,    10.4750                 
# span 6 = 0.0000e+00, 0.0000e+00                 
# interval = seconds: 0.25
# start_time = May 14 2025 05:58:46 [NMEA time, header]
# bad_flag = -9.990e-29
*END*
[from data line 411]
     39.879     5.2907   3.165750    32.6152        422     1.7542  0.000e+00
     40.091     5.2888   3.165507    32.6142        423     1.7583  0.000e+00
     40.308     5.2874   3.165288    32.6129        424     1.7625  0.000e+00
     40.530     5.2849   3.165105    32.6131        425     1.7667  0.000e+00
     40.749     5.2819   3.164746    32.6118        426     1.7708  0.000e+00
     40.966     5.2773   3.165044    32.6196        427     1.7750  0.000e+00
     41.182     5.2730   3.165044    32.6238        428     1.7792  0.000e+00
     41.392     5.2698   3.165105    32.6274        429     1.7833  0.000e+00
     41.598     5.2675   3.165166    32.6302        430     1.7875  0.000e+00
     41.798     5.2661   3.165045    32.6301        431     1.7917  0.000e+00
     41.997     5.2645   3.164886    32.6298        432     1.7958  0.000e+00
     42.183     5.2617   3.164746    32.6308        433     1.8000  0.000e+00
     42.366     5.2589   3.164624    32.6321        434     1.8042  0.000e+00
     42.543     5.2557   3.164606    32.6349        435     1.8083  0.000e+00
     42.728     5.2528   3.164448    32.6358        436     1.8125  0.000e+00
     42.909     5.2503   3.164564    32.6395        437     1.8167  0.000e+00
     43.090     5.2480   3.164466    32.6405        438     1.8208  0.000e+00
     43.274     5.2454   3.164466    32.6430        439     1.8250  0.000e+00
     43.463     5.2431   3.164485    32.6453        440     1.8292  0.000e+00
     43.656     5.2415   3.164564    32.6477        441     1.8333  0.000e+00
     43.850     5.2396   3.164747    32.6516        442     1.8375  0.000e+00
     44.045     5.2381   3.164948    32.6553        443     1.8417  0.000e+00
     44.241     5.2381   3.165046    32.6562        444     1.8458  0.000e+00
     44.431     5.2384   3.165027    32.6557        445     1.8500  0.000e+00
     44.622     5.2387   3.165210    32.6573        446     1.8542  0.000e+00
     44.823     5.2386   3.165326    32.6587        447     1.8583  0.000e+00
     45.017     5.2380   3.165289    32.6588        448     1.8625  0.000e+00
     45.214     5.2376   3.165466    32.6611        449     1.8667  0.000e+00
     45.407     5.2374   3.165771    32.6646        450     1.8708  0.000e+00
     45.598     5.2370   3.165893    32.6663        451     1.8750  0.000e+00
     45.795     5.2370   3.166313    32.6710        452     1.8792  0.000e+00
     45.985     5.2375   3.166673    32.6745        453     1.8833  0.000e+00
     46.180     5.2388   3.166795    32.6745        454     1.8875  0.000e+00
     46.369     5.2401   3.167033    32.6759        455     1.8917  0.000e+00
     46.555     5.2414   3.167093    32.6753        456     1.8958  0.000e+00
     46.747     5.2426   3.167313    32.6765        457     1.9000  0.000e+00
     46.942     5.2428   3.167356    32.6767        458     1.9042  0.000e+00
     47.127     5.2429   3.167557    32.6788        459     1.9083  0.000e+00
     47.316     5.2433   3.167654    32.6794        460     1.9125  0.000e+00
     47.503     5.2437   3.167819    32.6808        461     1.9167  0.000e+00
     47.695     5.2441   3.167837    32.6806        462     1.9208  0.000e+00
     47.891     5.2442   3.167917    32.6812        463     1.9250  0.000e+00
     48.081     5.2443   3.167996    32.6819        464     1.9292  0.000e+00
     48.269     5.2444   3.168014    32.6820        465     1.9333  0.000e+00
     48.461     5.2445   3.167978    32.6814        466     1.9375  0.000e+00
     48.652     5.2440   3.168039    32.6824        467     1.9417  0.000e+00
     48.840     5.2432   3.168039    32.6831        468     1.9458  0.000e+00
     49.030     5.2424   3.168057    32.6840        469     1.9500  0.000e+00
     49.225     5.2421   3.168118    32.6849        470     1.9542  0.000e+00
     49.414     5.2416   3.168319    32.6876        471     1.9583  0.000e+00
     49.611     5.2417   3.168478    32.6892        472     1.9625  0.000e+00
     49.811     5.2421   3.168582    32.6899        473     1.9667  0.000e+00
     50.002     5.2422   3.168697    32.6910        474     1.9708  0.000e+00
     50.197     5.2425   3.168838    32.6923        475     1.9750  0.000e+00
     50.392     5.2429   3.168862    32.6921        476     1.9792  0.000e+00
     50.591     5.2435   3.169100    32.6941        477     1.9833  0.000e+00
     50.789     5.2440   3.169520    32.6983        478     1.9875  0.000e+00
     50.981     5.2446   3.169661    32.6992        479     1.9917  0.000e+00
     51.174     5.2451   3.169740    32.6995        480     1.9958  0.000e+00
     51.367     5.2458   3.169905    32.7006        481     2.0000  0.000e+00
     51.563     5.2464   3.170283    32.7043        482     2.0042  0.000e+00
     51.759     5.2475   3.170606    32.7068        483     2.0083  0.000e+00
     51.953     5.2484   3.170545    32.7051        484     2.0125  0.000e+00
     52.141     5.2494   3.171008    32.7094        485     2.0167  0.000e+00
     52.331     5.2502   3.171088    32.7094        486     2.0208  0.000e+00
     52.526     5.2511   3.171649    32.7148        487     2.0250  0.000e+00
     52.716     5.2526   3.172917    32.7278        488     2.0292  0.000e+00
     52.911     5.2547   3.173539    32.7327        489     2.0333  0.000e+00
     53.103     5.2573   3.174186    32.7374        490     2.0375  0.000e+00
     53.289     5.2604   3.174765    32.7409        491     2.0417  0.000e+00
     53.479     5.2634   3.175448    32.7457        492     2.0458  0.000e+00
     53.674     5.2667   3.175650    32.7447        493     2.0500  0.000e+00
     53.868     5.2695   3.176656    32.7533        494     2.0542  0.000e+00
     54.063     5.2724   3.177602    32.7611        495     2.0583  0.000e+00
     54.255     5.2760   3.178163    32.7639        496     2.0625  0.000e+00
     54.449     5.2798   3.178652    32.7657        497     2.0667  0.000e+00
     54.652     5.2831   3.178450    32.7600        498     2.0708  0.000e+00
     54.859     5.2852   3.179115    32.7655        499     2.0750  0.000e+00
     55.059     5.2871   3.180788    32.7827        500     2.0792  0.000e+00
     55.260     5.2903   3.180904    32.7807        501     2.0833  0.000e+00
     55.460     5.2938   3.182277    32.7929        502     2.0875  0.000e+00
     55.662     5.2975   3.182015    32.7861        503     2.0917  0.000e+00
     55.868     5.3005   3.181874    32.7815        504     2.0958  0.000e+00
     56.069     5.3025   3.182619    32.7880        505     2.1000  0.000e+00
     56.271     5.3043   3.183547    32.7967        506     2.1042  0.000e+00
     56.466     5.3067   3.183670    32.7956        507     2.1083  0.000e+00
     56.655     5.3092   3.184012    32.7969        508     2.1125  0.000e+00
     56.847     5.3112   3.184494    32.8004        509     2.1167  0.000e+00
     57.035     5.3130   3.185563    32.8108        510     2.1208  0.000e+00
     57.216     5.3157   3.185850    32.8113        511     2.1250  0.000e+00
     57.393     5.3186   3.185764    32.8074        512     2.1292  0.000e+00
     57.573     5.3206   3.185587    32.8033        513     2.1333  0.000e+00
     57.747     5.3217   3.186009    32.8070        514     2.1375  0.000e+00
     57.922     5.3225   3.186229    32.8086        515     2.1417  0.000e+00
     58.094     5.3235   3.186375    32.8092        516     2.1458  0.000e+00
     58.263     5.3242   3.186656    32.8116        517     2.1500  0.000e+00
     58.442     5.3251   3.186614    32.8102        518     2.1542  0.000e+00
     58.624     5.3258   3.186858    32.8122        519     2.1583  0.000e+00
     58.811     5.3265   3.187280    32.8162        520     2.1625  0.000e+00
     58.997     5.3276   3.187805    32.8210        521     2.1667  0.000e+00
     59.198     5.3295   3.188331    32.8251        522     2.1708  0.000e+00
     59.396     5.3316   3.188477    32.8246        523     2.1750  0.000e+00
     59.602     5.3336   3.188618    32.8241        524     2.1792  0.000e+00
     59.816     5.3355   3.188856    32.8249        525     2.1833  0.000e+00
     60.029     5.3369   3.188960    32.8246        526     2.1875  0.000e+00
     60.247     5.3385   3.189082    32.8243        527     2.1917  0.000e+00
     60.463     5.3396   3.189284    32.8254        528     2.1958  0.000e+00
     60.688     5.3408   3.189547    32.8271        529     2.2000  0.000e+00
     60.907     5.3421   3.189730    32.8278        530     2.2042  0.000e+00
     61.118     5.3435   3.189828    32.8275        531     2.2083  0.000e+00
     61.325     5.3445   3.189932    32.8275        532     2.2125  0.000e+00
     61.531     5.3454   3.190054    32.8279        533     2.2167  0.000e+00
     61.731     5.3460   3.190170    32.8286        534     2.2208  0.000e+00
     61.925     5.3467   3.190317    32.8295        535     2.2250  0.000e+00
     62.111     5.3473   3.190476    32.8306        536     2.2292  0.000e+00
     62.290     5.3479   3.190635    32.8317        537     2.2333  0.000e+00
     62.456     5.3483   3.190739    32.8324        538     2.2375  0.000e+00
     62.634     5.3487   3.190941    32.8342        539     2.2417  0.000e+00
     62.801     5.3492   3.191002    32.8344        540     2.2458  0.000e+00
     62.974     5.3494   3.191020    32.8343        541     2.2500  0.000e+00
     63.138     5.3498   3.191167    32.8355        542     2.2542  0.000e+00
     63.303     5.3504   3.191283    32.8362        543     2.2583  0.000e+00
     63.479     5.3506   3.191283    32.8358        544     2.2625  0.000e+00
     63.658     5.3510   3.191894    32.8423        545     2.2667  0.000e+00
     63.836     5.3521   3.192176    32.8444        546     2.2708  0.000e+00
     64.020     5.3538   3.192072    32.8415        547     2.2750  0.000e+00
     64.198     5.3553   3.192157    32.8409        548     2.2792  0.000e+00
     64.387     5.3568   3.192371    32.8418        549     2.2833  0.000e+00
     64.586     5.3580   3.192928    32.8468        550     2.2875  0.000e+00
     64.785     5.3592   3.193349    32.8504        551     2.2917  0.000e+00
     64.984     5.3605   3.193453    32.8502        552     2.2958  0.000e+00
     65.182     5.3618   3.193570    32.8501        553     2.3000  0.000e+00
     65.394     5.3628   3.193655    32.8500        554     2.3042  0.000e+00
     65.609     5.3638   3.194163    32.8547        555     2.3083  0.000e+00
     65.822     5.3648   3.194383    32.8561        556     2.3125  0.000e+00
     66.041     5.3659   3.195013    32.8621        557     2.3167  0.000e+00
     66.257     5.3666   3.195013    32.8613        558     2.3208  0.000e+00
     66.472     5.3675   3.195111    32.8614        559     2.3250  0.000e+00
     66.690     5.3681   3.195661    32.8670        560     2.3292  0.000e+00
     66.909     5.3688   3.195802    32.8678        561     2.3333  0.000e+00
     67.119     5.3699   3.196163    32.8707        562     2.3375  0.000e+00
     67.324     5.3709   3.196108    32.8690        563     2.3417  0.000e+00
     67.522     5.3715   3.196469    32.8724        564     2.3458  0.000e+00
     67.716     5.3721   3.196854    32.8762        565     2.3500  0.000e+00
     67.904     5.3726   3.197056    32.8778        566     2.3542  0.000e+00
     68.086     5.3731   3.197258    32.8796        567     2.3583  0.000e+00
     68.261     5.3735   3.197423    32.8810        568     2.3625  0.000e+00
     68.433     5.3740   3.197606    32.8825        569     2.3667  0.000e+00
     68.603     5.3740   3.198029    32.8872        570     2.3708  0.000e+00
     68.779     5.3742   3.198561    32.8930        571     2.3750  0.000e+00
     68.947     5.3745   3.199533    32.9037        572     2.3792  0.000e+00
     69.120     5.3752   3.200445    32.9133        573     2.3833  0.000e+00
     69.291     5.3768   3.200402    32.9111        574     2.3875  0.000e+00
     69.470     5.3788   3.200629    32.9117        575     2.3917  0.000e+00
     69.651     5.3810   3.202048    32.9256        576     2.3958  0.000e+00
     69.841     5.3838   3.202985    32.9334        577     2.4000  0.000e+00
     70.027     5.3872   3.204650    32.9490        578     2.4042  0.000e+00
     70.217     5.3922   3.205342    32.9518        579     2.4083  0.000e+00
     70.417     5.3975   3.205746    32.9512        580     2.4125  0.000e+00
     70.618     5.4024   3.207417    32.9652        581     2.4167  0.000e+00
     70.826     5.4083   3.208311    32.9695        582     2.4208  0.000e+00
     71.031     5.4150   3.208373    32.9635        583     2.4250  0.000e+00
     71.232     5.4205   3.209022    32.9654        584     2.4292  0.000e+00
     71.435     5.4250   3.210731    32.9803        585     2.4333  0.000e+00
     71.639     5.4306   3.211527    32.9838        586     2.4375  0.000e+00
     71.849     5.4370   3.212771    32.9916        587     2.4417  0.000e+00
     72.052     5.4436   3.212606    32.9831        588     2.4458  0.000e+00
     72.246     5.4487   3.212833    32.9805        589     2.4500  0.000e+00
     72.452     5.4520   3.213911    32.9894        590     2.4542  0.000e+00
     72.657     5.4560   3.214542    32.9927        591     2.4583  0.000e+00
     72.863     5.4601   3.214218    32.9847        592     2.4625  0.000e+00
     73.077     5.4635   3.215119    32.9916        593     2.4667  0.000e+00
     73.276     5.4662   3.216014    32.9990        594     2.4708  0.000e+00
     73.475     5.4700   3.216179    32.9970        595     2.4750  0.000e+00
     73.681     5.4734   3.216179    32.9936        596     2.4792  0.000e+00
     73.889     5.4760   3.216486    32.9945        597     2.4833  0.000e+00
     74.091     5.4778   3.216547    32.9933        598     2.4875  0.000e+00
     74.286     5.4794   3.217093    32.9978        599     2.4917  0.000e+00
     74.469     5.4815   3.217240    32.9973        600     2.4958  0.000e+00
     74.654     5.4834   3.217185    32.9947        601     2.5000  0.000e+00
     74.841     5.4846   3.217093    32.9924        602     2.5042  0.000e+00
     75.012     5.4853   3.217338    32.9944        603     2.5083  0.000e+00
     75.174     5.4860   3.217461    32.9950        604     2.5125  0.000e+00
     75.335     5.4869   3.217608    32.9958        605     2.5167  0.000e+00
     75.496     5.4876   3.217810    32.9973        606     2.5208  0.000e+00
     75.658     5.4887   3.217994    32.9982        607     2.5250  0.000e+00
     75.819     5.4899   3.218160    32.9989        608     2.5292  0.000e+00
     75.989     5.4909   3.218178    32.9979        609     2.5333  0.000e+00
     76.157     5.4918   3.218283    32.9982        610     2.5375  0.000e+00
     76.336     5.4927   3.218589    33.0007        611     2.5417  0.000e+00
     76.532     5.4939   3.219123    33.0055        612     2.5458  0.000e+00
     76.728     5.4960   3.219571    33.0084        613     2.5500  0.000e+00
     76.938     5.4988   3.219509    33.0049        614     2.5542  0.000e+00
     77.150     5.5012   3.219791    33.0055        615     2.5583  0.000e+00
     77.373     5.5034   3.220018    33.0059        616     2.5625  0.000e+00
     77.597     5.5052   3.220301    33.0073        617     2.5667  0.000e+00
     77.826     5.5072   3.220546    33.0079        618     2.5708  0.000e+00
     78.047     5.5091   3.220754    33.0083        619     2.5750  0.000e+00
     78.268     5.5111   3.221061    33.0097        620     2.5792  0.000e+00
     78.485     5.5131   3.221613    33.0140        621     2.5833  0.000e+00
     78.703     5.5156   3.221748    33.0129        622     2.5875  0.000e+00
     78.909     5.5182   3.221981    33.0129        623     2.5917  0.000e+00
     79.108     5.5203   3.222141    33.0125        624     2.5958  0.000e+00
     79.300     5.5224   3.222448    33.0139        625     2.6000  0.000e+00
