HB2502/sbe149.cnv
* Sea-Bird SBE 19plus V2 Data File:
* FileName = C:\cruise\data\sbe149.hex
* Software Version Seasave V 7.26.7.121
* Temperature SN = 6128
* Conductivity SN = 6128
* System UpLoad Time = May 08 2025 20:22:33
* NMEA Latitude = 42 12.38 N
* NMEA Longitude = 067 58.87 W
* NMEA UTC (Time) = May 08 2025  20:21:13
** Ship: Henry Bigelow
** Cruise:  HB2502
** Program:  Spring Bottom Trawl
# nquan = 7
# nvalues = 2867                                  
# units = specified
# name 0 = depSM: Depth [salt water, m]
# name 1 = tv290C: Temperature [ITS-90, deg C]
# name 2 = c0S/m: Conductivity [S/m]
# name 3 = sal00: Salinity, Practical [PSU]
# name 4 = scan: Scan Count
# name 5 = timeM: Time, Elapsed [minutes]
# name 6 = flag:  0.000e+00
# span 0 =     -0.086,    216.533                 
# span 1 =     5.5706,     9.1902                 
# span 2 =   0.187405,   3.592810                 
# span 3 =     1.3975,    34.8416                 
# span 4 =         11,       2877                 
# span 5 =     0.0417,    11.9833                 
# span 6 = 0.0000e+00, 0.0000e+00                 
# interval = seconds: 0.25
# start_time = May 08 2025 20:21:13 [NMEA time, header]
# bad_flag = -9.990e-29
*END*
      0.855     8.9620   3.494156    32.7313         11     0.0417  0.000e+00
      0.987     8.9416   3.495777    32.7670         12     0.0458  0.000e+00
      1.148     8.9375   3.495695    32.7698         13     0.0500  0.000e+00
      1.311     8.9385   3.495961    32.7716         14     0.0542  0.000e+00
      1.456     8.9397   3.493599    32.7459         15     0.0583  0.000e+00
      1.554     8.9363   3.490934    32.7212         16     0.0625  0.000e+00
      1.608     8.9235   3.490959    32.7332         17     0.0667  0.000e+00
      1.624     8.9107   3.489630    32.7311         18     0.0708  0.000e+00
      1.606     8.8990   3.489529    32.7409         19     0.0750  0.000e+00
      1.534     8.8882   3.486656    32.7210         20     0.0792  0.000e+00
      1.423     8.8753   3.484632    32.7118         21     0.0833  0.000e+00
      1.286     8.8571   3.488295    32.7669         22     0.0875  0.000e+00
      1.119     8.8504   3.494411    32.8370         23     0.0917  0.000e+00
      0.940     8.8651   3.498515    32.8663         24     0.0958  0.000e+00
      0.795     8.8953   3.504440    32.9002         25     0.1000  0.000e+00
      0.716     8.9362   3.510293    32.9233         26     0.1042  0.000e+00
      0.725     8.9876   3.511536    32.8887         27     0.1083  0.000e+00
      0.821     9.0341   3.502296    32.7495         28     0.1125  0.000e+00
      0.962     9.0476   3.497379    32.6861         29     0.1167  0.000e+00
      1.072     9.0285   3.498342    32.7136         30     0.1208  0.000e+00
      1.130     9.0080   3.498488    32.7339         31     0.1250  0.000e+00
      1.150     8.9946   3.497291    32.7338         32     0.1292  0.000e+00
      1.152     8.9831   3.498919    32.7613         33     0.1333  0.000e+00
      1.143     8.9771   3.496037    32.7369         34     0.1375  0.000e+00
      1.136     8.9700   3.494029    32.7225         35     0.1417  0.000e+00
      1.140     8.9573   3.492301    32.7163         36     0.1458  0.000e+00
      1.147     8.9414   3.491700    32.7246         37     0.1500  0.000e+00
      1.150     8.9261   3.492814    32.7503         38     0.1542  0.000e+00
      1.210     8.9172   3.493561    32.7663         39     0.1583  0.000e+00
      1.353     8.9151   3.493087    32.7632         40     0.1625  0.000e+00
      1.560     8.9134   3.488934    32.7214         41     0.1667  0.000e+00
      1.793     8.9023   3.485334    32.6941         42     0.1708  0.000e+00
      2.017     8.8812   3.483399    32.6932         43     0.1750  0.000e+00
      2.221     8.8556   3.481382    32.6957         44     0.1792  0.000e+00
      2.372     8.8295   3.477052    32.6745         45     0.1833  0.000e+00
      2.502     8.8004   3.473716    32.6665         46     0.1875  0.000e+00
      2.644     8.7663   3.472383    32.6839         47     0.1917  0.000e+00
      2.816     8.7350   3.472232    32.7112         48     0.1958  0.000e+00
      3.010     8.7110   3.472870    32.7400         49     0.2000  0.000e+00
      3.215     8.6968   3.472340    32.7475         50     0.2042  0.000e+00
      3.411     8.6876   3.471197    32.7439         51     0.2083  0.000e+00
      3.613     8.6788   3.469782    32.7372         52     0.2125  0.000e+00
      3.836     8.6685   3.466354    32.7107         53     0.2167  0.000e+00
      4.099     8.6515   3.463988    32.7015         54     0.2208  0.000e+00
      4.359     8.6289   3.462152    32.7030         55     0.2250  0.000e+00
      4.606     8.6062   3.460524    32.7069         56     0.2292  0.000e+00
      4.819     8.5837   3.458330    32.7046         57     0.2333  0.000e+00
      5.018     8.5613   3.455820    32.6988         58     0.2375  0.000e+00
      5.224     8.5369   3.454831    32.7110         59     0.2417  0.000e+00
      5.430     8.5145   3.453760    32.7204         60     0.2458  0.000e+00
      5.620     8.4963   3.453495    32.7344         61     0.2500  0.000e+00
      5.777     8.4816   3.453023    32.7430         62     0.2542  0.000e+00
      5.931     8.4708   3.452185    32.7441         63     0.2583  0.000e+00
      6.076     8.4613   3.451548    32.7462         64     0.2625  0.000e+00
      6.234     8.4524   3.450395    32.7422         65     0.2667  0.000e+00
      6.409     8.4430   3.449973    32.7464         66     0.2708  0.000e+00
      6.574     8.4340   3.449866    32.7536         67     0.2750  0.000e+00
      6.739     8.4273   3.449533    32.7562         68     0.2792  0.000e+00
      6.910     8.4220   3.449489    32.7606         69     0.2833  0.000e+00
      7.102     8.4178   3.449249    32.7619         70     0.2875  0.000e+00
      7.324     8.4146   3.448922    32.7613         71     0.2917  0.000e+00
      7.561     8.4115   3.448506    32.7598         72     0.2958  0.000e+00
      7.811     8.4084   3.448185    32.7592         73     0.3000  0.000e+00
      8.059     8.4045   3.448166    32.7624         74     0.3042  0.000e+00
      8.312     8.4015   3.448040    32.7638         75     0.3083  0.000e+00
      8.573     8.3990   3.447984    32.7654         76     0.3125  0.000e+00
      8.841     8.3973   3.447726    32.7642         77     0.3167  0.000e+00
      9.099     8.3955   3.447556    32.7639         78     0.3208  0.000e+00
      9.337     8.3935   3.447568    32.7658         79     0.3250  0.000e+00
      9.557     8.3920   3.447493    32.7663         80     0.3292  0.000e+00
      9.759     8.3909   3.447392    32.7661         81     0.3333  0.000e+00
      9.949     8.3899   3.446901    32.7619         82     0.3375  0.000e+00
     10.128     8.3879   3.446699    32.7615         83     0.3417  0.000e+00
     10.291     8.3851   3.446259    32.7593         84     0.3458  0.000e+00
     10.438     8.3820   3.445024    32.7491         85     0.3500  0.000e+00
     10.581     8.3765   3.443085    32.7337         86     0.3542  0.000e+00
     10.722     8.3672   3.441914    32.7299         87     0.3583  0.000e+00
     10.872     8.3537   3.442620    32.7499         88     0.3625  0.000e+00
     11.035     8.3441   3.441430    32.7462         89     0.3667  0.000e+00
     11.208     8.3360   3.439177    32.7299         90     0.3708  0.000e+00
     11.386     8.3238   3.436635    32.7143         91     0.3750  0.000e+00
     11.583     8.3051   3.431302    32.6752         92     0.3792  0.000e+00
     11.800     8.2752   3.428807    32.6765         93     0.3833  0.000e+00
     12.030     8.2422   3.423416    32.6500         94     0.3875  0.000e+00
     12.270     8.2020   3.420183    32.6530         95     0.3917  0.000e+00
     12.507     8.1577   3.419066    32.6823         96     0.3958  0.000e+00
     12.748     8.1200   3.416568    32.6908         97     0.4000  0.000e+00
     12.985     8.0873   3.412069    32.6735         98     0.4042  0.000e+00
     13.218     8.0535   3.410508    32.6883         99     0.4083  0.000e+00
     13.448     8.0191   3.410125    32.7163        100     0.4125  0.000e+00
     13.670     7.9929   3.409097    32.7297        101     0.4167  0.000e+00
     13.880     7.9736   3.407875    32.7347        102     0.4208  0.000e+00
     14.083     7.9566   3.407229    32.7436        103     0.4250  0.000e+00
     14.271     7.9422   3.403938    32.7219        104     0.4292  0.000e+00
     14.456     7.9244   3.402754    32.7258        105     0.4333  0.000e+00
     14.637     7.9044   3.401664    32.7328        106     0.4375  0.000e+00
     14.803     7.8864   3.400775    32.7402        107     0.4417  0.000e+00
     14.970     7.8701   3.399967    32.7467        108     0.4458  0.000e+00
     15.130     7.8565   3.399579    32.7553        109     0.4500  0.000e+00
     15.284     7.8456   3.398977    32.7589        110     0.4542  0.000e+00
     15.437     7.8364   3.397337    32.7500        111     0.4583  0.000e+00
     15.596     7.8256   3.396122    32.7470        112     0.4625  0.000e+00
     15.761     7.8133   3.395621    32.7531        113     0.4667  0.000e+00
     15.925     7.8015   3.394019    32.7471        114     0.4708  0.000e+00
     16.105     7.7884   3.392617    32.7442        115     0.4750  0.000e+00
     16.297     7.7746   3.391365    32.7437        116     0.4792  0.000e+00
     16.501     7.7599   3.389813    32.7408        117     0.4833  0.000e+00
     16.720     7.7445   3.388156    32.7374        118     0.4875  0.000e+00
     16.954     7.7278   3.386398    32.7341        119     0.4917  0.000e+00
     17.192     7.7097   3.386186    32.7487        120     0.4958  0.000e+00
     17.436     7.6940   3.384610    32.7464        121     0.5000  0.000e+00
     17.691     7.6799   3.384279    32.7560        122     0.5042  0.000e+00
     17.950     7.6675   3.383460    32.7589        123     0.5083  0.000e+00
     18.207     7.6568   3.382072    32.7538        124     0.5125  0.000e+00
     18.457     7.6451   3.381260    32.7561        125     0.5167  0.000e+00
     18.695     7.6333   3.379697    32.7502        126     0.5208  0.000e+00
     18.931     7.6204   3.378691    32.7514        127     0.5250  0.000e+00
     19.153     7.6072   3.378167    32.7582        128     0.5292  0.000e+00
     19.365     7.5956   3.377298    32.7597        129     0.5333  0.000e+00
     19.563     7.5849   3.375705    32.7525        130     0.5375  0.000e+00
     19.742     7.5722   3.374300    32.7493        131     0.5417  0.000e+00
     19.919     7.5578   3.373176    32.7506        132     0.5458  0.000e+00
     20.086     7.5435   3.372577    32.7576        133     0.5500  0.000e+00
     20.252     7.5308   3.370623    32.7484        134     0.5542  0.000e+00
     20.419     7.5169   3.370011    32.7549        135     0.5583  0.000e+00
     20.578     7.5030   3.370086    32.7687        136     0.5625  0.000e+00
     20.744     7.4935   3.369562    32.7720        137     0.5667  0.000e+00
     20.914     7.4863   3.369063    32.7733        138     0.5708  0.000e+00
     21.094     7.4795   3.368657    32.7752        139     0.5750  0.000e+00
     21.277     7.4734   3.367902    32.7728        140     0.5792  0.000e+00
     21.464     7.4673   3.367496    32.7741        141     0.5833  0.000e+00
     21.655     7.4609   3.366592    32.7703        142     0.5875  0.000e+00
     21.856     7.4540   3.365837    32.7685        143     0.5917  0.000e+00
     22.061     7.4461   3.365038    32.7673        144     0.5958  0.000e+00
     22.267     7.4378   3.364439    32.7686        145     0.6000  0.000e+00
     22.482     7.4296   3.363067    32.7614        146     0.6042  0.000e+00
     22.696     7.4198   3.362980    32.7696        147     0.6083  0.000e+00
     22.913     7.4110   3.362057    32.7678        148     0.6125  0.000e+00
     23.123     7.4024   3.361633    32.7713        149     0.6167  0.000e+00
     23.329     7.3944   3.361328    32.7754        150     0.6208  0.000e+00
     23.529     7.3878   3.360979    32.7778        151     0.6250  0.000e+00
     23.726     7.3821   3.360255    32.7753        152     0.6292  0.000e+00
     23.907     7.3763   3.359713    32.7748        153     0.6333  0.000e+00
     24.079     7.3704   3.359183    32.7746        154     0.6375  0.000e+00
     24.247     7.3638   3.359221    32.7811        155     0.6417  0.000e+00
     24.414     7.3584   3.357943    32.7723        156     0.6458  0.000e+00
     24.571     7.3524   3.357550    32.7737        157     0.6500  0.000e+00
     24.736     7.3454   3.356721    32.7713        158     0.6542  0.000e+00
     24.906     7.3378   3.356609    32.7772        159     0.6583  0.000e+00
     25.081     7.3311   3.356391    32.7811        160     0.6625  0.000e+00
     25.265     7.3263   3.356092    32.7823        161     0.6667  0.000e+00
     25.471     7.3219   3.356030    32.7857        162     0.6708  0.000e+00
     25.690     7.3186   3.355793    32.7862        163     0.6750  0.000e+00
     25.934     7.3157   3.355581    32.7865        164     0.6792  0.000e+00
     26.186     7.3133   3.354647    32.7785        165     0.6833  0.000e+00
     26.445     7.3094   3.354142    32.7767        166     0.6875  0.000e+00
     26.721     7.3037   3.353849    32.7787        167     0.6917  0.000e+00
     27.000     7.2986   3.353544    32.7801        168     0.6958  0.000e+00
     27.273     7.2935   3.353482    32.7841        169     0.7000  0.000e+00
     27.541     7.2900   3.353438    32.7868        170     0.7042  0.000e+00
     27.792     7.2873   3.353264    32.7874        171     0.7083  0.000e+00
     28.029     7.2851   3.353096    32.7875        172     0.7125  0.000e+00
     28.250     7.2832   3.352922    32.7874        173     0.7167  0.000e+00
     28.454     7.2812   3.352591    32.7856        174     0.7208  0.000e+00
     28.641     7.2787   3.352473    32.7866        175     0.7250  0.000e+00
     28.807     7.2765   3.352511    32.7890        176     0.7292  0.000e+00
     28.957     7.2750   3.352261    32.7876        177     0.7333  0.000e+00
     29.107     7.2733   3.352112    32.7876        178     0.7375  0.000e+00
     29.259     7.2716   3.351794    32.7856        179     0.7417  0.000e+00
     29.402     7.2694   3.351172    32.7809        180     0.7458  0.000e+00
     29.548     7.2659   3.350680    32.7788        181     0.7500  0.000e+00
     29.699     7.2618   3.350611    32.7819        182     0.7542  0.000e+00
     29.865     7.2576   3.350013    32.7793        183     0.7583  0.000e+00
     30.036     7.2534   3.349154    32.7738        184     0.7625  0.000e+00
     30.211     7.2480   3.349353    32.7811        185     0.7667  0.000e+00
     30.390     7.2431   3.348911    32.7808        186     0.7708  0.000e+00
     30.575     7.2392   3.348494    32.7799        187     0.7750  0.000e+00
     30.759     7.2350   3.347591    32.7740        188     0.7792  0.000e+00
     30.946     7.2296   3.347044    32.7732        189     0.7833  0.000e+00
     31.127     7.2231   3.345568    32.7632        190     0.7875  0.000e+00
     31.311     7.2145   3.343657    32.7505        191     0.7917  0.000e+00
     31.492     7.2019   3.342818    32.7532        192     0.7958  0.000e+00
     31.671     7.1881   3.341729    32.7544        193     0.8000  0.000e+00
     31.861     7.1747   3.341132    32.7605        194     0.8042  0.000e+00
     32.053     7.1628   3.339471    32.7536        195     0.8083  0.000e+00
     32.250     7.1505   3.337742    32.7464        196     0.8125  0.000e+00
     32.457     7.1352   3.336038    32.7422        197     0.8167  0.000e+00
     32.667     7.1187   3.334546    32.7416        198     0.8208  0.000e+00
     32.904     7.1020   3.333253    32.7433        199     0.8250  0.000e+00
     33.138     7.0844   3.332613    32.7529        200     0.8292  0.000e+00
     33.384     7.0695   3.330811    32.7473        201     0.8333  0.000e+00
     33.639     7.0548   3.329898    32.7512        202     0.8375  0.000e+00
     33.905     7.0400   3.327774    32.7419        203     0.8417  0.000e+00
     34.173     7.0239   3.326618    32.7445        204     0.8458  0.000e+00
     34.444     7.0066   3.325712    32.7509        205     0.8500  0.000e+00
     34.719     6.9913   3.324588    32.7530        206     0.8542  0.000e+00
     34.978     6.9774   3.324744    32.7679        207     0.8583  0.000e+00
     35.240     6.9661   3.322999    32.7594        208     0.8625  0.000e+00
     35.472     6.9551   3.322167    32.7607        209     0.8667  0.000e+00
     35.691     6.9426   3.320057    32.7494        210     0.8708  0.000e+00
     35.888     6.9280   3.318406    32.7452        211     0.8750  0.000e+00
     36.064     6.9109   3.317805    32.7548        212     0.8792  0.000e+00
     36.216     6.8950   3.317116    32.7624        213     0.8833  0.000e+00
     36.347     6.8814   3.316062    32.7637        214     0.8875  0.000e+00
     36.461     6.8683   3.315150    32.7661        215     0.8917  0.000e+00
