HB2502/sbe133.cnv
* Sea-Bird SBE 19plus V2 Data File:
* FileName = C:\cruise\data\sbe133.hex
* Software Version Seasave V 7.26.7.121
* Temperature SN = 6128
* Conductivity SN = 6128
* System UpLoad Time = May 05 2025 12:20:36
* NMEA Latitude = 41 33.07 N
* NMEA Longitude = 066 22.09 W
* NMEA UTC (Time) = May 05 2025  12:19:13
** Ship: Henry Bigelow
** Cruise:  HB2502
** Program:  Spring Bottom Trawl
# nquan = 7
# nvalues = 2362                                  
# units = specified
# name 0 = depSM: Depth [salt water, m]
# name 1 = tv290C: Temperature [ITS-90, deg C]
# name 2 = c0S/m: Conductivity [S/m]
# name 3 = sal00: Salinity, Practical [PSU]
# name 4 = scan: Scan Count
# name 5 = timeM: Time, Elapsed [minutes]
# name 6 = flag:  0.000e+00
# span 0 =     -0.044,     81.384                 
# span 1 =     6.4254,    12.0792                 
# span 2 =   0.005842,   3.693488                 
# span 3 =     0.0385,    34.8159                 
# span 4 =         11,       2372                 
# span 5 =     0.0417,     9.8792                 
# span 6 = 0.0000e+00, 0.0000e+00                 
# interval = seconds: 0.25
# start_time = May 05 2025 12:19:13 [NMEA time, header]
# bad_flag = -9.990e-29
*END*
[from data line 206]
     12.823    10.5041   3.601219    32.4219        217     0.9000  0.000e+00
     12.949    10.5054   3.610696    32.5155        218     0.9042  0.000e+00
     13.072    10.5056   3.618134    32.5897        219     0.9083  0.000e+00
     13.195    10.5004   3.628915    32.7024        220     0.9125  0.000e+00
     13.325    10.4805   3.636999    32.8013        221     0.9167  0.000e+00
     13.442    10.4575   3.641659    32.8687        222     0.9208  0.000e+00
     13.566    10.4628   3.643584    32.8832        223     0.9250  0.000e+00
     13.678    10.4849   3.643822    32.8656        224     0.9292  0.000e+00
     13.800    10.5142   3.643004    32.8309        225     0.9333  0.000e+00
     13.910    10.5475   3.641613    32.7870        226     0.9375  0.000e+00
     14.028    10.5749   3.641902    32.7651        227     0.9417  0.000e+00
     14.138    10.5960   3.641722    32.7443        228     0.9458  0.000e+00
     14.245    10.6152   3.640557    32.7154        229     0.9500  0.000e+00
     14.353    10.6334   3.643048    32.7240        230     0.9542  0.000e+00
     14.464    10.6489   3.646635    32.7458        231     0.9583  0.000e+00
     14.577    10.6675   3.648625    32.7489        232     0.9625  0.000e+00
     14.690    10.6885   3.647845    32.7223        233     0.9667  0.000e+00
     14.813    10.7253   3.647574    32.6866        234     0.9708  0.000e+00
     14.930    10.7664   3.647980    32.6538        235     0.9750  0.000e+00
     15.055    10.7947   3.647844    32.6272        236     0.9792  0.000e+00
     15.180    10.8216   3.647013    32.5949        237     0.9833  0.000e+00
     15.312    10.8530   3.646027    32.5571        238     0.9875  0.000e+00
     15.448    10.8773   3.645035    32.5256        239     0.9917  0.000e+00
     15.580    10.8922   3.644327    32.5053        240     0.9958  0.000e+00
     15.721    10.9004   3.641140    32.4663        241     1.0000  0.000e+00
     15.853    10.9035   3.633618    32.3890        242     1.0042  0.000e+00
     15.985    10.9016   3.625897    32.3141        243     1.0083  0.000e+00
     16.096    10.8940   3.622871    32.2907        244     1.0125  0.000e+00
     16.210    10.8809   3.620796    32.2818        245     1.0167  0.000e+00
     16.319    10.8578   3.623963    32.3334        246     1.0208  0.000e+00
     16.421    10.8108   3.629960    32.4345        247     1.0250  0.000e+00
     16.525    10.7691   3.637872    32.5501        248     1.0292  0.000e+00
     16.633    10.7195   3.643382    32.6492        249     1.0333  0.000e+00
     16.746    10.6934   3.646210    32.7007        250     1.0375  0.000e+00
     16.869    10.7060   3.647285    32.7001        251     1.0417  0.000e+00
     16.996    10.7385   3.649527    32.6933        252     1.0458  0.000e+00
     17.126    10.7752   3.649752    32.6627        253     1.0500  0.000e+00
     17.267    10.8062   3.648495    32.6225        254     1.0542  0.000e+00
     17.409    10.8323   3.647239    32.5867        255     1.0583  0.000e+00
     17.560    10.8606   3.645983    32.5490        256     1.0625  0.000e+00
     17.703    10.8843   3.641018    32.4786        257     1.0667  0.000e+00
     17.837    10.8981   3.632217    32.3790        258     1.0708  0.000e+00
     17.975    10.9033   3.628841    32.3410        259     1.0750  0.000e+00
     18.103    10.8987   3.627459    32.3312        260     1.0792  0.000e+00
     18.228    10.8873   3.626592    32.3327        261     1.0833  0.000e+00
     18.346    10.8762   3.628199    32.3583        262     1.0875  0.000e+00
     18.462    10.8695   3.632301    32.4049        263     1.0917  0.000e+00
     18.570    10.8642   3.637376    32.4599        264     1.0958  0.000e+00
     18.677    10.8475   3.638811    32.4889        265     1.1000  0.000e+00
     18.780    10.8275   3.638631    32.5049        266     1.1042  0.000e+00
     18.890    10.8169   3.637074    32.4987        267     1.1083  0.000e+00
     19.004    10.8170   3.635119    32.4792        268     1.1125  0.000e+00
     19.118    10.8174   3.632642    32.4542        269     1.1167  0.000e+00
     19.229    10.8144   3.629466    32.4252        270     1.1208  0.000e+00
     19.352    10.8107   3.627461    32.4085        271     1.1250  0.000e+00
     19.471    10.8028   3.626702    32.4079        272     1.1292  0.000e+00
     19.585    10.7844   3.626439    32.4215        273     1.1333  0.000e+00
     19.705    10.7606   3.625431    32.4326        274     1.1375  0.000e+00
     19.825    10.7402   3.623137    32.4278        275     1.1417  0.000e+00
     19.945    10.7241   3.620292    32.4137        276     1.1458  0.000e+00
     20.068    10.7112   3.617512    32.3974        277     1.1500  0.000e+00
     20.191    10.6967   3.614578    32.3810        278     1.1542  0.000e+00
     20.319    10.6618   3.438915    30.6674        279     1.1583  0.000e+00
     20.453    10.2524   3.291138    29.5402        280     1.1625  0.000e+00
     20.580     9.2200   3.282562    30.3115        281     1.1667  0.000e+00
     20.716     8.2691   3.279786    31.1068        282     1.1708  0.000e+00
     20.853     7.5944   3.278416    31.6981        283     1.1750  0.000e+00
     20.991     7.1589   3.277729    32.0917        284     1.1792  0.000e+00
     21.139     6.8906   3.276879    32.3333        285     1.1833  0.000e+00
     21.285     6.7284   3.276523    32.4826        286     1.1875  0.000e+00
     21.434     6.6307   3.276215    32.5719        287     1.1917  0.000e+00
     21.584     6.5720   3.276086    32.6264        288     1.1958  0.000e+00
     21.730     6.5372   3.275574    32.6540        289     1.2000  0.000e+00
     21.860     6.5156   3.275112    32.6694        290     1.2042  0.000e+00
     21.982     6.5016   3.274630    32.6774        291     1.2083  0.000e+00
     22.092     6.4918   3.274359    32.6837        292     1.2125  0.000e+00
     22.190     6.4848   3.274266    32.6894        293     1.2167  0.000e+00
     22.285     6.4798   3.274007    32.6912        294     1.2208  0.000e+00
     22.376     6.4765   3.274007    32.6943        295     1.2250  0.000e+00
     22.467     6.4746   3.273674    32.6924        296     1.2292  0.000e+00
     22.550     6.4731   3.273421    32.6910        297     1.2333  0.000e+00
     22.635     6.4713   3.273242    32.6908        298     1.2375  0.000e+00
     22.731     6.4697   3.273236    32.6922        299     1.2417  0.000e+00
     22.836     6.4683   3.273051    32.6914        300     1.2458  0.000e+00
     22.941     6.4672   3.272989    32.6917        301     1.2500  0.000e+00
     23.053     6.4665   3.272903    32.6914        302     1.2542  0.000e+00
     23.162     6.4661   3.272989    32.6927        303     1.2583  0.000e+00
     23.288     6.4660   3.272921    32.6920        304     1.2625  0.000e+00
     23.419     6.4664   3.272508    32.6870        305     1.2667  0.000e+00
     23.554     6.4657   3.272384    32.6862        306     1.2708  0.000e+00
     23.688     6.4645   3.272094    32.6841        307     1.2750  0.000e+00
     23.826     6.4632   3.271613    32.6800        308     1.2792  0.000e+00
     23.961     6.4606   3.271298    32.6789        309     1.2833  0.000e+00
     24.099     6.4575   3.271070    32.6792        310     1.2875  0.000e+00
     24.238     6.4543   3.270867    32.6800        311     1.2917  0.000e+00
     24.383     6.4517   3.270990    32.6837        312     1.2958  0.000e+00
     24.528     6.4503   3.271070    32.6859        313     1.3000  0.000e+00
     24.666     6.4499   3.271095    32.6865        314     1.3042  0.000e+00
     24.799     6.4502   3.270848    32.6834        315     1.3083  0.000e+00
     24.935     6.4498   3.270929    32.6847        316     1.3125  0.000e+00
     25.062     6.4495   3.270867    32.6842        317     1.3167  0.000e+00
     25.192     6.4494   3.270824    32.6837        318     1.3208  0.000e+00
     25.312     6.4494   3.270762    32.6830        319     1.3250  0.000e+00
     25.438     6.4492   3.270768    32.6832        320     1.3292  0.000e+00
     25.563     6.4491   3.270929    32.6850        321     1.3333  0.000e+00
     25.684     6.4493   3.270824    32.6836        322     1.3375  0.000e+00
     25.802     6.4496   3.270676    32.6816        323     1.3417  0.000e+00
     25.921     6.4495   3.270491    32.6796        324     1.3458  0.000e+00
     26.033     6.4487   3.270300    32.6782        325     1.3500  0.000e+00
     26.149     6.4474   3.270263    32.6789        326     1.3542  0.000e+00
     26.256     6.4463   3.270343    32.6809        327     1.3583  0.000e+00
     26.366     6.4457   3.270448    32.6825        328     1.3625  0.000e+00
     26.466     6.4457   3.270516    32.6833        329     1.3667  0.000e+00
     26.560     6.4461   3.270466    32.6822        330     1.3708  0.000e+00
     26.665     6.4466   3.270429    32.6813        331     1.3750  0.000e+00
     26.770     6.4466   3.270466    32.6817        332     1.3792  0.000e+00
     26.882     6.4468   3.270436    32.6811        333     1.3833  0.000e+00
     26.992     6.4468   3.270343    32.6800        334     1.3875  0.000e+00
     27.115     6.4469   3.270263    32.6790        335     1.3917  0.000e+00
     27.256     6.4464   3.270281    32.6796        336     1.3958  0.000e+00
     27.399     6.4460   3.270325    32.6804        337     1.4000  0.000e+00
     27.548     6.4459   3.270275    32.6799        338     1.4042  0.000e+00
     27.696     6.4458   3.270201    32.6791        339     1.4083  0.000e+00
     27.844     6.4457   3.270097    32.6779        340     1.4125  0.000e+00
     27.997     6.4451   3.270097    32.6785        341     1.4167  0.000e+00
     28.149     6.4445   3.270097    32.6789        342     1.4208  0.000e+00
     28.300     6.4442   3.270202    32.6803        343     1.4250  0.000e+00
     28.447     6.4442   3.270239    32.6806        344     1.4292  0.000e+00
     28.577     6.4445   3.270430    32.6825        345     1.4333  0.000e+00
     28.699     6.4453   3.270535    32.6828        346     1.4375  0.000e+00
     28.807     6.4465   3.270294    32.6789        347     1.4417  0.000e+00
     28.894     6.4470   3.270159    32.6768        348     1.4458  0.000e+00
     28.988     6.4466   3.270072    32.6763        349     1.4500  0.000e+00
     29.061     6.4460   3.270011    32.6761        350     1.4542  0.000e+00
     29.138     6.4452   3.269961    32.6762        351     1.4583  0.000e+00
     29.225     6.4444   3.269949    32.6769        352     1.4625  0.000e+00
     29.311     6.4440   3.270072    32.6786        353     1.4667  0.000e+00
     29.401     6.4439   3.270072    32.6786        354     1.4708  0.000e+00
     29.505     6.4440   3.270035    32.6781        355     1.4750  0.000e+00
     29.612     6.4441   3.269980    32.6773        356     1.4792  0.000e+00
     29.728     6.4441   3.269844    32.6758        357     1.4833  0.000e+00
     29.862     6.4436   3.269844    32.6762        358     1.4875  0.000e+00
     30.014     6.4431   3.269931    32.6775        359     1.4917  0.000e+00
     30.169     6.4432   3.270159    32.6799        360     1.4958  0.000e+00
     30.327     6.4438   3.270116    32.6788        361     1.5000  0.000e+00
     30.482     6.4445   3.270097    32.6778        362     1.5042  0.000e+00
     30.645     6.4449   3.270264    32.6792        363     1.5083  0.000e+00
     30.804     6.4452   3.270011    32.6760        364     1.5125  0.000e+00
     30.964     6.4454   3.269962    32.6752        365     1.5167  0.000e+00
     31.110     6.4449   3.269888    32.6748        366     1.5208  0.000e+00
     31.255     6.4444   3.269931    32.6757        367     1.5250  0.000e+00
     31.385     6.4439   3.269845    32.6751        368     1.5292  0.000e+00
     31.503     6.4435   3.269845    32.6755        369     1.5333  0.000e+00
     31.617     6.4433   3.269808    32.6752        370     1.5375  0.000e+00
     31.726     6.4428   3.269808    32.6756        371     1.5417  0.000e+00
     31.825     6.4426   3.269826    32.6760        372     1.5458  0.000e+00
     31.925     6.4422   3.269808    32.6761        373     1.5500  0.000e+00
     32.021     6.4423   3.269802    32.6759        374     1.5542  0.000e+00
     32.109     6.4419   3.269765    32.6758        375     1.5583  0.000e+00
     32.200     6.4418   3.269765    32.6759        376     1.5625  0.000e+00
     32.296     6.4416   3.269722    32.6756        377     1.5667  0.000e+00
     32.383     6.4414   3.269703    32.6755        378     1.5708  0.000e+00
     32.477     6.4409   3.269722    32.6761        379     1.5750  0.000e+00
     32.569     6.4408   3.269722    32.6761        380     1.5792  0.000e+00
     32.681     6.4407   3.269740    32.6765        381     1.5833  0.000e+00
     32.797     6.4406   3.269765    32.6767        382     1.5875  0.000e+00
     32.922     6.4406   3.269747    32.6765        383     1.5917  0.000e+00
     33.054     6.4408   3.269679    32.6754        384     1.5958  0.000e+00
     33.197     6.4405   3.269660    32.6754        385     1.6000  0.000e+00
     33.351     6.4405   3.269827    32.6772        386     1.6042  0.000e+00
     33.503     6.4408   3.269821    32.6768        387     1.6083  0.000e+00
     33.660     6.4410   3.269704    32.6752        388     1.6125  0.000e+00
     33.821     6.4411   3.269617    32.6741        389     1.6167  0.000e+00
     33.987     6.4407   3.269556    32.6737        390     1.6208  0.000e+00
     34.151     6.4402   3.269537    32.6740        391     1.6250  0.000e+00
     34.311     6.4393   3.269587    32.6752        392     1.6292  0.000e+00
     34.469     6.4390   3.269722    32.6769        393     1.6333  0.000e+00
     34.621     6.4391   3.269889    32.6787        394     1.6375  0.000e+00
     34.758     6.4398   3.269932    32.6784        395     1.6417  0.000e+00
     34.878     6.4407   3.269846    32.6765        396     1.6458  0.000e+00
     34.989     6.4413   3.269766    32.6750        397     1.6500  0.000e+00
     35.092     6.4416   3.269704    32.6740        398     1.6542  0.000e+00
     35.188     6.4412   3.269642    32.6737        399     1.6583  0.000e+00
     35.282     6.4406   3.269642    32.6742        400     1.6625  0.000e+00
     35.373     6.4403   3.269649    32.6745        401     1.6667  0.000e+00
     35.472     6.4398   3.269784    32.6764        402     1.6708  0.000e+00
     35.563     6.4400   3.269766    32.6760        403     1.6750  0.000e+00
     35.655     6.4402   3.269741    32.6754        404     1.6792  0.000e+00
     35.760     6.4402   3.269747    32.6755        405     1.6833  0.000e+00
     35.862     6.4403   3.269785    32.6757        406     1.6875  0.000e+00
     35.979     6.4404   3.269741    32.6751        407     1.6917  0.000e+00
     36.098     6.4403   3.269741    32.6752        408     1.6958  0.000e+00
     36.223     6.4403   3.269661    32.6742        409     1.7000  0.000e+00
     36.357     6.4399   3.269649    32.6743        410     1.7042  0.000e+00
     36.502     6.4396   3.269785    32.6761        411     1.7083  0.000e+00
     36.645     6.4398   3.269908    32.6772        412     1.7125  0.000e+00
     36.791     6.4402   3.270038    32.6782        413     1.7167  0.000e+00
     36.939     6.4410   3.269884    32.6756        414     1.7208  0.000e+00
     37.088     6.4414   3.269766    32.6738        415     1.7250  0.000e+00
     37.240     6.4413   3.269723    32.6735        416     1.7292  0.000e+00
     37.377     6.4407   3.269705    32.6738        417     1.7333  0.000e+00
     37.518     6.4402   3.269810    32.6753        418     1.7375  0.000e+00
     37.645     6.4401   3.269822    32.6755        419     1.7417  0.000e+00
     37.761     6.4403   3.269908    32.6762        420     1.7458  0.000e+00
