HB2502/sbe134.cnv
* Sea-Bird SBE 19plus V2 Data File:
* FileName = C:\cruise\data\sbe134.hex
* Software Version Seasave V 7.26.7.121
* Temperature SN = 6128
* Conductivity SN = 6128
* System UpLoad Time = May 05 2025 17:57:37
* NMEA Latitude = 41 42.43 N
* NMEA Longitude = 066 52.62 W
* NMEA UTC (Time) = May 05 2025  17:56:15
** Ship: Henry Bigelow
** Cruise:  HB2502
** Program:  Spring Bottom Trawl
# nquan = 7
# nvalues = 1419                                  
# units = specified
# name 0 = depSM: Depth [salt water, m]
# name 1 = tv290C: Temperature [ITS-90, deg C]
# name 2 = c0S/m: Conductivity [S/m]
# name 3 = sal00: Salinity, Practical [PSU]
# name 4 = scan: Scan Count
# name 5 = timeM: Time, Elapsed [minutes]
# name 6 = flag:  0.000e+00
# span 0 =      0.035,     58.282                 
# span 1 =     7.4398,    11.1612                 
# span 2 =   0.007052,   3.567562                 
# span 3 =     0.0466,    34.1747                 
# span 4 =         11,       1429                 
# span 5 =     0.0417,     5.9500                 
# span 6 = 0.0000e+00, 0.0000e+00                 
# interval = seconds: 0.25
# start_time = May 05 2025 17:56:15 [NMEA time, header]
# bad_flag = -9.990e-29
*END*
[from data line 411]
     46.626     7.4503   3.356808    32.6628        422     1.7542  0.000e+00
     46.751     7.4505   3.356765    32.6621        423     1.7583  0.000e+00
     46.873     7.4504   3.356765    32.6621        424     1.7625  0.000e+00
     47.007     7.4504   3.356765    32.6621        425     1.7667  0.000e+00
     47.143     7.4502   3.356740    32.6618        426     1.7708  0.000e+00
     47.282     7.4501   3.356746    32.6620        427     1.7750  0.000e+00
     47.432     7.4499   3.356740    32.6620        428     1.7792  0.000e+00
     47.591     7.4498   3.356740    32.6620        429     1.7833  0.000e+00
     47.762     7.4497   3.356746    32.6621        430     1.7875  0.000e+00
     47.939     7.4497   3.356827    32.6629        431     1.7917  0.000e+00
     48.122     7.4498   3.356827    32.6628        432     1.7958  0.000e+00
     48.321     7.4501   3.356871    32.6628        433     1.8000  0.000e+00
     48.524     7.4502   3.356846    32.6624        434     1.8042  0.000e+00
     48.726     7.4502   3.356890    32.6628        435     1.8083  0.000e+00
     48.922     7.4501   3.356909    32.6629        436     1.8125  0.000e+00
     49.121     7.4501   3.356853    32.6622        437     1.8167  0.000e+00
     49.307     7.4500   3.356871    32.6625        438     1.8208  0.000e+00
     49.477     7.4500   3.356890    32.6626        439     1.8250  0.000e+00
     49.643     7.4500   3.356915    32.6628        440     1.8292  0.000e+00
     49.790     7.4500   3.356890    32.6624        441     1.8333  0.000e+00
     49.916     7.4500   3.356977    32.6634        442     1.8375  0.000e+00
     50.029     7.4500   3.356990    32.6634        443     1.8417  0.000e+00
     50.131     7.4501   3.357021    32.6636        444     1.8458  0.000e+00
     50.229     7.4504   3.357084    32.6639        445     1.8500  0.000e+00
     50.328     7.4508   3.357071    32.6634        446     1.8542  0.000e+00
     50.435     7.4509   3.357040    32.6629        447     1.8583  0.000e+00
     50.549     7.4510   3.356990    32.6622        448     1.8625  0.000e+00
     50.671     7.4509   3.356959    32.6619        449     1.8667  0.000e+00
     50.807     7.4506   3.356972    32.6623        450     1.8708  0.000e+00
     50.949     7.4504   3.357003    32.6627        451     1.8750  0.000e+00
     51.106     7.4502   3.357065    32.6635        452     1.8792  0.000e+00
     51.272     7.4501   3.357071    32.6636        453     1.8833  0.000e+00
     51.449     7.4504   3.357040    32.6629        454     1.8875  0.000e+00
     51.648     7.4504   3.357034    32.6627        455     1.8917  0.000e+00
     51.845     7.4504   3.357022    32.6626        456     1.8958  0.000e+00
     52.059     7.4502   3.357053    32.6629        457     1.9000  0.000e+00
     52.276     7.4501   3.357065    32.6630        458     1.9042  0.000e+00
     52.493     7.4501   3.357115    32.6635        459     1.9083  0.000e+00
     52.704     7.4501   3.357128    32.6636        460     1.9125  0.000e+00
     52.922     7.4502   3.357109    32.6631        461     1.9167  0.000e+00
     53.128     7.4504   3.357153    32.6633        462     1.9208  0.000e+00
     53.322     7.4504   3.357234    32.6642        463     1.9250  0.000e+00
     53.504     7.4508   3.357340    32.6648        464     1.9292  0.000e+00
     53.666     7.4512   3.357346    32.6644        465     1.9333  0.000e+00
     53.819     7.4518   3.357259    32.6628        466     1.9375  0.000e+00
     53.950     7.4519   3.357278    32.6629        467     1.9417  0.000e+00
     54.072     7.4519   3.357365    32.6638        468     1.9458  0.000e+00
     54.179     7.4517   3.357378    32.6640        469     1.9500  0.000e+00
     54.273     7.4521   3.357390    32.6637        470     1.9542  0.000e+00
     54.368     7.4523   3.357315    32.6627        471     1.9583  0.000e+00
     54.460     7.4522   3.357259    32.6621        472     1.9625  0.000e+00
     54.553     7.4519   3.357235    32.6621        473     1.9667  0.000e+00
     54.652     7.4515   3.357197    32.6621        474     1.9708  0.000e+00
     54.761     7.4511   3.357197    32.6624        475     1.9750  0.000e+00
     54.875     7.4509   3.357278    32.6634        476     1.9792  0.000e+00
     55.005     7.4508   3.357347    32.6641        477     1.9833  0.000e+00
     55.141     7.4510   3.357440    32.6649        478     1.9875  0.000e+00
     55.293     7.4516   3.357428    32.6642        479     1.9917  0.000e+00
     55.467     7.4519   3.357422    32.6637        480     1.9958  0.000e+00
     55.649     7.4521   3.357428    32.6635        481     2.0000  0.000e+00
     55.834     7.4523   3.357297    32.6619        482     2.0042  0.000e+00
     56.037     7.4519   3.357216    32.6613        483     2.0083  0.000e+00
     56.234     7.4515   3.357260    32.6620        484     2.0125  0.000e+00
     56.445     7.4512   3.357260    32.6622        485     2.0167  0.000e+00
     56.657     7.4509   3.357260    32.6624        486     2.0208  0.000e+00
     56.861     7.4505   3.357235    32.6624        487     2.0250  0.000e+00
     57.064     7.4504   3.357235    32.6624        488     2.0292  0.000e+00
     57.276     7.4500   3.357260    32.6629        489     2.0333  0.000e+00
     57.484     7.4500   3.357260    32.6628        490     2.0375  0.000e+00
     57.681     7.4498   3.357260    32.6629        491     2.0417  0.000e+00
     57.871     7.4500   3.357279    32.6628        492     2.0458  0.000e+00
     58.058     7.4497   3.357323    32.6635        493     2.0500  0.000e+00
     58.191     7.4498   3.357342    32.6636        494     2.0542  0.000e+00
     58.282     7.4499   3.357304    32.6630        495     2.0583  0.000e+00
     58.282     7.4501   3.357298    32.6627        496     2.0625  0.000e+00
     58.166     7.4501   3.357236    32.6621        497     2.0667  0.000e+00
     58.045     7.4498   3.357236    32.6625        498     2.0708  0.000e+00
     57.949     7.4496   3.357217    32.6625        499     2.0750  0.000e+00
     57.853     7.4494   3.357217    32.6627        500     2.0792  0.000e+00
     57.752     7.4495   3.357179    32.6623        501     2.0833  0.000e+00
     57.629     7.4491   3.357155    32.6624        502     2.0875  0.000e+00
     57.504     7.4489   3.357154    32.6627        503     2.0917  0.000e+00
     57.375     7.4486   3.357173    32.6632        504     2.0958  0.000e+00
     57.283     7.4488   3.357098    32.6623        505     2.1000  0.000e+00
     57.207     7.4487   3.357154    32.6630        506     2.1042  0.000e+00
     57.156     7.4488   3.357179    32.6632        507     2.1083  0.000e+00
     57.127     7.4487   3.357198    32.6635        508     2.1125  0.000e+00
     57.113     7.4490   3.357217    32.6635        509     2.1167  0.000e+00
     57.116     7.4490   3.357235    32.6637        510     2.1208  0.000e+00
     57.118     7.4491   3.357260    32.6638        511     2.1250  0.000e+00
     57.116     7.4494   3.357136    32.6622        512     2.1292  0.000e+00
     57.119     7.4496   3.357279    32.6635        513     2.1333  0.000e+00
     57.136     7.4497   3.357260    32.6633        514     2.1375  0.000e+00
     57.143     7.4498   3.357279    32.6634        515     2.1417  0.000e+00
     57.145     7.4499   3.357260    32.6631        516     2.1458  0.000e+00
     57.136     7.4499   3.357260    32.6631        517     2.1500  0.000e+00
     57.113     7.4499   3.357217    32.6626        518     2.1542  0.000e+00
     57.076     7.4498   3.357217    32.6627        519     2.1583  0.000e+00
     57.022     7.4497   3.357198    32.6626        520     2.1625  0.000e+00
     56.962     7.4495   3.357154    32.6624        521     2.1667  0.000e+00
     56.888     7.4494   3.357111    32.6621        522     2.1708  0.000e+00
     56.801     7.4492   3.357098    32.6621        523     2.1750  0.000e+00
     56.717     7.4489   3.357086    32.6623        524     2.1792  0.000e+00
     56.619     7.4489   3.356980    32.6613        525     2.1833  0.000e+00
     56.520     7.4487   3.356849    32.6601        526     2.1875  0.000e+00
     56.413     7.4482   3.356830    32.6604        527     2.1917  0.000e+00
     56.312     7.4479   3.356911    32.6616        528     2.1958  0.000e+00
     56.208     7.4474   3.356892    32.6619        529     2.2000  0.000e+00
     56.108     7.4475   3.356830    32.6611        530     2.2042  0.000e+00
     56.014     7.4473   3.356811    32.6612        531     2.2083  0.000e+00
     55.926     7.4472   3.356786    32.6610        532     2.2125  0.000e+00
     55.847     7.4470   3.356767    32.6611        533     2.2167  0.000e+00
     55.777     7.4470   3.356743    32.6609        534     2.2208  0.000e+00
     55.719     7.4468   3.356767    32.6613        535     2.2250  0.000e+00
     55.661     7.4468   3.356724    32.6609        536     2.2292  0.000e+00
     55.618     7.4466   3.356749    32.6614        537     2.2333  0.000e+00
     55.568     7.4467   3.356742    32.6612        538     2.2375  0.000e+00
     55.530     7.4467   3.356742    32.6612        539     2.2417  0.000e+00
     55.490     7.4467   3.356749    32.6614        540     2.2458  0.000e+00
     55.449     7.4468   3.356742    32.6612        541     2.2500  0.000e+00
     55.404     7.4468   3.356730    32.6611        542     2.2542  0.000e+00
     55.361     7.4467   3.356742    32.6613        543     2.2583  0.000e+00
     55.314     7.4467   3.356749    32.6614        544     2.2625  0.000e+00
     55.258     7.4467   3.356767    32.6616        545     2.2667  0.000e+00
     55.195     7.4466   3.356749    32.6616        546     2.2708  0.000e+00
     55.124     7.4467   3.356786    32.6619        547     2.2750  0.000e+00
     55.045     7.4467   3.356811    32.6622        548     2.2792  0.000e+00
     54.958     7.4468   3.356873    32.6628        549     2.2833  0.000e+00
     54.870     7.4470   3.356873    32.6627        550     2.2875  0.000e+00
     54.769     7.4471   3.356848    32.6623        551     2.2917  0.000e+00
     54.664     7.4471   3.356854    32.6625        552     2.2958  0.000e+00
     54.547     7.4472   3.356848    32.6624        553     2.3000  0.000e+00
     54.433     7.4471   3.356811    32.6621        554     2.3042  0.000e+00
     54.317     7.4471   3.356767    32.6617        555     2.3083  0.000e+00
     54.196     7.4469   3.356667    32.6609        556     2.3125  0.000e+00
     54.089     7.4469   3.356698    32.6613        557     2.3167  0.000e+00
     53.981     7.4468   3.356686    32.6612        558     2.3208  0.000e+00
     53.883     7.4468   3.356698    32.6615        559     2.3250  0.000e+00
     53.794     7.4466   3.356667    32.6613        560     2.3292  0.000e+00
     53.710     7.4467   3.356661    32.6613        561     2.3333  0.000e+00
     53.636     7.4464   3.356648    32.6614        562     2.3375  0.000e+00
     53.578     7.4463   3.356636    32.6614        563     2.3417  0.000e+00
     53.533     7.4464   3.356636    32.6613        564     2.3458  0.000e+00
     53.502     7.4464   3.356667    32.6617        565     2.3500  0.000e+00
     53.475     7.4463   3.356661    32.6617        566     2.3542  0.000e+00
     53.454     7.4464   3.356686    32.6619        567     2.3583  0.000e+00
     53.426     7.4464   3.356661    32.6616        568     2.3625  0.000e+00
     53.408     7.4464   3.356667    32.6617        569     2.3667  0.000e+00
     53.367     7.4466   3.356679    32.6617        570     2.3708  0.000e+00
     53.321     7.4467   3.356723    32.6621        571     2.3750  0.000e+00
     53.271     7.4467   3.356704    32.6619        572     2.3792  0.000e+00
     53.198     7.4467   3.356661    32.6615        573     2.3833  0.000e+00
     53.115     7.4466   3.356667    32.6617        574     2.3875  0.000e+00
     53.013     7.4467   3.356661    32.6616        575     2.3917  0.000e+00
     52.905     7.4467   3.356667    32.6617        576     2.3958  0.000e+00
     52.795     7.4465   3.356661    32.6618        577     2.4000  0.000e+00
     52.669     7.4464   3.356679    32.6622        578     2.4042  0.000e+00
     52.546     7.4464   3.356667    32.6621        579     2.4083  0.000e+00
     52.420     7.4466   3.356635    32.6617        580     2.4125  0.000e+00
     52.309     7.4466   3.356623    32.6616        581     2.4167  0.000e+00
     52.202     7.4465   3.356635    32.6619        582     2.4208  0.000e+00
     52.105     7.4466   3.356586    32.6613        583     2.4250  0.000e+00
     52.017     7.4466   3.356592    32.6614        584     2.4292  0.000e+00
     51.950     7.4466   3.356567    32.6612        585     2.4333  0.000e+00
     51.891     7.4466   3.356617    32.6617        586     2.4375  0.000e+00
     51.849     7.4464   3.356617    32.6619        587     2.4417  0.000e+00
     51.807     7.4464   3.356604    32.6618        588     2.4458  0.000e+00
     51.782     7.4464   3.356617    32.6620        589     2.4500  0.000e+00
     51.752     7.4466   3.356604    32.6617        590     2.4542  0.000e+00
     51.730     7.4466   3.356592    32.6615        591     2.4583  0.000e+00
     51.701     7.4465   3.356604    32.6618        592     2.4625  0.000e+00
     51.668     7.4465   3.356635    32.6621        593     2.4667  0.000e+00
     51.630     7.4466   3.356635    32.6621        594     2.4708  0.000e+00
     51.576     7.4466   3.356648    32.6622        595     2.4750  0.000e+00
     51.517     7.4468   3.356616    32.6617        596     2.4792  0.000e+00
     51.448     7.4466   3.356604    32.6618        597     2.4833  0.000e+00
     51.362     7.4467   3.356616    32.6619        598     2.4875  0.000e+00
     51.268     7.4467   3.356585    32.6615        599     2.4917  0.000e+00
     51.167     7.4465   3.356573    32.6617        600     2.4958  0.000e+00
     51.062     7.4465   3.356573    32.6617        601     2.5000  0.000e+00
     50.947     7.4464   3.356542    32.6615        602     2.5042  0.000e+00
     50.837     7.4464   3.356529    32.6615        603     2.5083  0.000e+00
     50.721     7.4463   3.356541    32.6618        604     2.5125  0.000e+00
     50.612     7.4464   3.356529    32.6616        605     2.5167  0.000e+00
     50.511     7.4463   3.356523    32.6617        606     2.5208  0.000e+00
     50.410     7.4462   3.356529    32.6618        607     2.5250  0.000e+00
     50.319     7.4463   3.356604    32.6626        608     2.5292  0.000e+00
     50.232     7.4465   3.356591    32.6623        609     2.5333  0.000e+00
     50.166     7.4466   3.356591    32.6623        610     2.5375  0.000e+00
     50.104     7.4466   3.356585    32.6622        611     2.5417  0.000e+00
     50.070     7.4467   3.356529    32.6615        612     2.5458  0.000e+00
     50.045     7.4467   3.356541    32.6616        613     2.5500  0.000e+00
     50.028     7.4467   3.356547    32.6617        614     2.5542  0.000e+00
     50.022     7.4468   3.356585    32.6621        615     2.5583  0.000e+00
     50.026     7.4469   3.356591    32.6620        616     2.5625  0.000e+00
     50.030     7.4468   3.356591    32.6621        617     2.5667  0.000e+00
     50.035     7.4470   3.356622    32.6623        618     2.5708  0.000e+00
     50.035     7.4470   3.356591    32.6620        619     2.5750  0.000e+00
     50.026     7.4471   3.356622    32.6622        620     2.5792  0.000e+00
     50.003     7.4471   3.356635    32.6623        621     2.5833  0.000e+00
     49.961     7.4473   3.356604    32.6618        622     2.5875  0.000e+00
     49.903     7.4474   3.356616    32.6619        623     2.5917  0.000e+00
     49.827     7.4472   3.356603    32.6620        624     2.5958  0.000e+00
     49.726     7.4471   3.356616    32.6622        625     2.6000  0.000e+00
