HB2502/sbe107.cnv
* Sea-Bird SBE 19plus V2 Data File:
* FileName = C:\cruise\data\sbe107.hex
* Software Version Seasave V 7.26.7.121
* Temperature SN = 6128
* Conductivity SN = 6128
* System UpLoad Time = Apr 18 2025 17:28:59
* NMEA Latitude = 42 21.32 N
* NMEA Longitude = 070 47.82 W
* NMEA UTC (Time) = Apr 18 2025  17:28:19
** Ship: Henry Bigelow
** Cruise:  HB2502
** Program:  Spring Bottom Trawl
# nquan = 7
# nvalues = 603                                   
# units = specified
# name 0 = depSM: Depth [salt water, m]
# name 1 = tv290C: Temperature [ITS-90, deg C]
# name 2 = c0S/m: Conductivity [S/m]
# name 3 = sal00: Salinity, Practical [PSU]
# name 4 = scan: Scan Count
# name 5 = timeM: Time, Elapsed [minutes]
# name 6 = flag:  0.000e+00
# span 0 =      0.455,     22.721                 
# span 1 =     5.1089,     7.9972                 
# span 2 =   3.065893,   3.276339                 
# span 3 =    30.7477,    31.7112                 
# span 4 =         11,        613                 
# span 5 =     0.0417,     2.5500                 
# span 6 = 0.0000e+00, 0.0000e+00                 
# interval = seconds: 0.25
# start_time = Apr 18 2025 17:28:19 [NMEA time, header]
# bad_flag = -9.990e-29
*END*
[from data line 206]
      0.600     6.4830   3.137966    31.1975        217     0.9000  0.000e+00
      0.629     6.4849   3.138281    31.1993        218     0.9042  0.000e+00
      0.707     6.4871   3.138221    31.1966        219     0.9083  0.000e+00
      0.767     6.4890   3.138160    31.1941        220     0.9125  0.000e+00
      0.788     6.4902   3.138221    31.1937        221     0.9167  0.000e+00
      0.766     6.4906   3.138142    31.1924        222     0.9208  0.000e+00
      0.716     6.4911   3.137850    31.1888        223     0.9250  0.000e+00
      0.662     6.4910   3.137862    31.1891        224     0.9292  0.000e+00
      0.625     6.4904   3.138482    31.1964        225     0.9333  0.000e+00
      0.624     6.4913   3.138640    31.1973        226     0.9375  0.000e+00
      0.654     6.4934   3.138439    31.1932        227     0.9417  0.000e+00
      0.707     6.4945   3.138300    31.1906        228     0.9458  0.000e+00
      0.754     6.4947   3.138378    31.1913        229     0.9500  0.000e+00
      0.783     6.4945   3.138318    31.1908        230     0.9542  0.000e+00
      0.783     6.4945   3.137783    31.1849        231     0.9583  0.000e+00
      0.752     6.4938   3.137978    31.1877        232     0.9625  0.000e+00
      0.720     6.4925   3.138457    31.1942        233     0.9667  0.000e+00
      0.707     6.4930   3.138755    31.1971        234     0.9708  0.000e+00
      0.709     6.4941   3.138597    31.1943        235     0.9750  0.000e+00
      0.723     6.4955   3.138597    31.1930        236     0.9792  0.000e+00
      0.754     6.4962   3.138597    31.1923        237     0.9833  0.000e+00
      0.783     6.4969   3.138500    31.1906        238     0.9875  0.000e+00
      0.816     6.4969   3.138421    31.1898        239     0.9917  0.000e+00
      0.820     6.4965   3.138123    31.1868        240     0.9958  0.000e+00
      0.820     6.4957   3.137601    31.1819        241     1.0000  0.000e+00
      0.798     6.4937   3.137346    31.1809        242     1.0042  0.000e+00
      0.767     6.4903   3.136654    31.1764        243     1.0083  0.000e+00
      0.724     6.4855   3.136199    31.1758        244     1.0125  0.000e+00
      0.677     6.4800   3.135070    31.1684        245     1.0167  0.000e+00
      0.639     6.4727   3.135725    31.1823        246     1.0208  0.000e+00
      0.642     6.4667   3.135744    31.1880        247     1.0250  0.000e+00
      0.693     6.4644   3.136120    31.1942        248     1.0292  0.000e+00
      0.736     6.4637   3.136697    31.2011        249     1.0333  0.000e+00
      0.760     6.4655   3.136697    31.1995        250     1.0375  0.000e+00
      0.749     6.4681   3.135926    31.1886        251     1.0417  0.000e+00
      0.722     6.4681   3.135185    31.1805        252     1.0458  0.000e+00
      0.702     6.4651   3.135586    31.1877        253     1.0500  0.000e+00
      0.700     6.4617   3.135446    31.1892        254     1.0542  0.000e+00
      0.707     6.4599   3.135106    31.1871        255     1.0583  0.000e+00
      0.713     6.4573   3.134912    31.1874        256     1.0625  0.000e+00
      0.713     6.4549   3.134135    31.1811        257     1.0667  0.000e+00
      0.714     6.4515   3.134196    31.1848        258     1.0708  0.000e+00
      0.743     6.4475   3.134542    31.1923        259     1.0750  0.000e+00
      0.781     6.4454   3.134651    31.1954        260     1.0792  0.000e+00
      0.796     6.4452   3.134870    31.1980        261     1.0833  0.000e+00
      0.790     6.4463   3.134712    31.1952        262     1.0875  0.000e+00
      0.756     6.4473   3.134852    31.1959        263     1.0917  0.000e+00
      0.734     6.4478   3.135149    31.1987        264     1.0958  0.000e+00
      0.736     6.4489   3.135544    31.2020        265     1.1000  0.000e+00
      0.732     6.4513   3.135167    31.1957        266     1.1042  0.000e+00
      0.722     6.4529   3.135562    31.1985        267     1.1083  0.000e+00
      0.696     6.4536   3.136114    31.2040        268     1.1125  0.000e+00
      0.674     6.4557   3.135962    31.2004        269     1.1167  0.000e+00
      0.667     6.4585   3.136733    31.2064        270     1.1208  0.000e+00
      0.684     6.4619   3.137073    31.2070        271     1.1250  0.000e+00
      0.720     6.4661   3.137110    31.2035        272     1.1292  0.000e+00
      0.765     6.4702   3.137170    31.2005        273     1.1333  0.000e+00
      0.792     6.4735   3.136496    31.1900        274     1.1375  0.000e+00
      0.794     6.4743   3.136636    31.1908        275     1.1417  0.000e+00
      0.753     6.4734   3.137091    31.1967        276     1.1458  0.000e+00
      0.694     6.4739   3.136636    31.1912        277     1.1500  0.000e+00
      0.644     6.4744   3.138063    31.2064        278     1.1542  0.000e+00
      0.624     6.4774   3.138561    31.2092        279     1.1583  0.000e+00
      0.652     6.4828   3.138458    31.2031        280     1.1625  0.000e+00
      0.724     6.4868   3.137468    31.1885        281     1.1667  0.000e+00
      0.775     6.4877   3.137589    31.1890        282     1.1708  0.000e+00
      0.782     6.4864   3.137589    31.1902        283     1.1750  0.000e+00
      0.756     6.4854   3.136915    31.1837        284     1.1792  0.000e+00
      0.718     6.4834   3.136138    31.1770        285     1.1833  0.000e+00
      0.699     6.4795   3.135610    31.1748        286     1.1875  0.000e+00
      0.706     6.4736   3.135525    31.1792        287     1.1917  0.000e+00
      0.720     6.4682   3.136217    31.1918        288     1.1958  0.000e+00
      0.740     6.4665   3.136478    31.1962        289     1.2000  0.000e+00
      0.758     6.4665   3.136418    31.1955        290     1.2042  0.000e+00
      0.767     6.4670   3.136399    31.1949        291     1.2083  0.000e+00
      0.757     6.4678   3.136339    31.1935        292     1.2125  0.000e+00
      0.739     6.4682   3.137529    31.2062        293     1.2167  0.000e+00
      0.724     6.4709   3.137346    31.2017        294     1.2208  0.000e+00
      0.717     6.4746   3.137492    31.2000        295     1.2250  0.000e+00
      0.722     6.4765   3.136041    31.1822        296     1.2292  0.000e+00
      0.747     6.4754   3.136952    31.1932        297     1.2333  0.000e+00
      0.763     6.4745   3.137292    31.1978        298     1.2375  0.000e+00
      0.763     6.4753   3.137547    31.1999        299     1.2417  0.000e+00
      0.753     6.4773   3.138105    31.2042        300     1.2458  0.000e+00
      0.743     6.4803   3.138263    31.2032        301     1.2500  0.000e+00
      0.720     6.4839   3.138239    31.1997        302     1.2542  0.000e+00
      0.682     6.4867   3.137152    31.1852        303     1.2583  0.000e+00
      0.649     6.4871   3.136715    31.1800        304     1.2625  0.000e+00
      0.622     6.4841   3.137012    31.1860        305     1.2667  0.000e+00
      0.727     6.4812   3.136654    31.1847        306     1.2708  0.000e+00
      0.906     6.4791   3.136733    31.1874        307     1.2750  0.000e+00
      1.139     6.4764   3.136102    31.1828        308     1.2792  0.000e+00
      1.390     6.4737   3.136138    31.1856        309     1.2833  0.000e+00
      1.609     6.4714   3.136296    31.1893        310     1.2875  0.000e+00
      1.778     6.4690   3.136041    31.1886        311     1.2917  0.000e+00
      1.913     6.4671   3.134852    31.1772        312     1.2958  0.000e+00
      2.058     6.4626   3.133784    31.1695        313     1.3000  0.000e+00
      2.244     6.4548   3.132497    31.1624        314     1.3042  0.000e+00
      2.465     6.4445   3.133110    31.1785        315     1.3083  0.000e+00
      2.673     6.4363   3.134057    31.1962        316     1.3125  0.000e+00
      2.852     6.4332   3.133960    31.1980        317     1.3167  0.000e+00
      3.024     6.4329   3.133208    31.1898        318     1.3208  0.000e+00
      3.210     6.4313   3.132000    31.1780        319     1.3250  0.000e+00
      3.428     6.4258   3.130793    31.1695        320     1.3292  0.000e+00
      3.647     6.4167   3.129289    31.1612        321     1.3333  0.000e+00
      3.842     6.4053   3.125856    31.1337        322     1.3375  0.000e+00
      4.010     6.3858   3.122632    31.1159        323     1.3417  0.000e+00
      4.164     6.3600   3.120462    31.1155        324     1.3458  0.000e+00
      4.332     6.3284   3.120245    31.1419        325     1.3500  0.000e+00
      4.531     6.3015   3.121093    31.1758        326     1.3542  0.000e+00
      4.746     6.2844   3.119573    31.1745        327     1.3583  0.000e+00
      4.940     6.2716   3.120027    31.1912        328     1.3625  0.000e+00
      5.121     6.2622   3.119858    31.1978        329     1.3667  0.000e+00
      5.287     6.2563   3.119713    31.2016        330     1.3708  0.000e+00
      5.473     6.2519   3.119616    31.2045        331     1.3750  0.000e+00
      5.678     6.2489   3.119101    31.2015        332     1.3792  0.000e+00
      5.891     6.2456   3.118865    31.2017        333     1.3833  0.000e+00
      6.081     6.2421   3.119101    31.2075        334     1.3875  0.000e+00
      6.253     6.2397   3.120131    31.2210        335     1.3917  0.000e+00
      6.423     6.2405   3.119574    31.2140        336     1.3958  0.000e+00
      6.608     6.2422   3.120386    31.2213        337     1.4000  0.000e+00
      6.807     6.2447   3.118078    31.1934        338     1.4042  0.000e+00
      7.008     6.2426   3.116757    31.1807        339     1.4083  0.000e+00
      7.192     6.2346   3.111859    31.1337        340     1.4125  0.000e+00
      7.362     6.2169   3.105476    31.0792        341     1.4167  0.000e+00
      7.535     6.1791   3.101154    31.0658        342     1.4208  0.000e+00
      7.715     6.1255   3.093723    31.0323        343     1.4250  0.000e+00
      7.916     6.0641   3.093234    31.0830        344     1.4292  0.000e+00
      8.108     6.0023   3.093174    31.1390        345     1.4333  0.000e+00
      8.287     5.9578   3.088665    31.1296        346     1.4375  0.000e+00
      8.459     5.9167   3.084545    31.1214        347     1.4417  0.000e+00
      8.633     5.8709   3.084913    31.1676        348     1.4458  0.000e+00
      8.824     5.8326   3.084081    31.1936        349     1.4500  0.000e+00
      9.022     5.8051   3.083858    31.2164        350     1.4542  0.000e+00
      9.212     5.7849   3.082912    31.2244        351     1.4583  0.000e+00
      9.386     5.7672   3.080578    31.2146        352     1.4625  0.000e+00
      9.561     5.7439   3.080018    31.2298        353     1.4667  0.000e+00
      9.747     5.7180   3.079813    31.2514        354     1.4708  0.000e+00
      9.944     5.6956   3.079530    31.2690        355     1.4750  0.000e+00
     10.143     5.6745   3.079277    31.2856        356     1.4792  0.000e+00
     10.342     5.6540   3.078229    31.2928        357     1.4833  0.000e+00
     10.528     5.6344   3.075842    31.2841        358     1.4875  0.000e+00
     10.716     5.6047   3.073228    31.2822        359     1.4917  0.000e+00
     10.908     5.5616   3.073481    31.3250        360     1.4958  0.000e+00
     11.110     5.5241   3.073656    31.3619        361     1.5000  0.000e+00
     11.317     5.4980   3.073265    31.3817        362     1.5042  0.000e+00
     11.501     5.4774   3.073133    31.3994        363     1.5083  0.000e+00
     11.687     5.4578   3.072260    31.4078        364     1.5125  0.000e+00
     11.872     5.4368   3.071447    31.4182        365     1.5167  0.000e+00
     12.058     5.4130   3.071586    31.4420        366     1.5208  0.000e+00
     12.246     5.3937   3.071857    31.4631        367     1.5250  0.000e+00
     12.429     5.3763   3.071683    31.4773        368     1.5292  0.000e+00
     12.610     5.3593   3.071526    31.4915        369     1.5333  0.000e+00
     12.782     5.3436   3.071466    31.5055        370     1.5375  0.000e+00
     12.957     5.3282   3.071352    31.5186        371     1.5417  0.000e+00
     13.140     5.3129   3.071238    31.5316        372     1.5458  0.000e+00
     13.319     5.2980   3.071286    31.5461        373     1.5500  0.000e+00
     13.495     5.2850   3.070461    31.5489        374     1.5542  0.000e+00
     13.674     5.2745   3.071178    31.5669        375     1.5583  0.000e+00
     13.851     5.2664   3.070955    31.5719        376     1.5625  0.000e+00
     14.036     5.2570   3.070558    31.5761        377     1.5667  0.000e+00
     14.222     5.2454   3.070269    31.5837        378     1.5708  0.000e+00
     14.405     5.2336   3.069824    31.5897        379     1.5750  0.000e+00
     14.593     5.2224   3.069836    31.6003        380     1.5792  0.000e+00
     14.785     5.2130   3.069668    31.6072        381     1.5833  0.000e+00
     14.978     5.2053   3.070155    31.6199        382     1.5875  0.000e+00
     15.168     5.1996   3.070246    31.6262        383     1.5917  0.000e+00
     15.358     5.1962   3.070463    31.6319        384     1.5958  0.000e+00
     15.557     5.1940   3.070908    31.6389        385     1.6000  0.000e+00
     15.751     5.1934   3.071161    31.6423        386     1.6042  0.000e+00
     15.942     5.1935   3.070939    31.6396        387     1.6083  0.000e+00
     16.139     5.1923   3.070776    31.6388        388     1.6125  0.000e+00
     16.332     5.1901   3.070463    31.6372        389     1.6167  0.000e+00
     16.528     5.1872   3.070174    31.6365        390     1.6208  0.000e+00
     16.719     5.1840   3.069548    31.6323        391     1.6250  0.000e+00
     16.909     5.1793   3.069362    31.6346        392     1.6292  0.000e+00
     17.103     5.1733   3.069223    31.6386        393     1.6333  0.000e+00
     17.287     5.1673   3.069386    31.6460        394     1.6375  0.000e+00
     17.474     5.1629   3.069458    31.6509        395     1.6417  0.000e+00
     17.662     5.1595   3.069518    31.6547        396     1.6458  0.000e+00
     17.847     5.1571   3.069555    31.6574        397     1.6500  0.000e+00
     18.025     5.1545   3.069489    31.6590        398     1.6542  0.000e+00
     18.204     5.1521   3.069458    31.6609        399     1.6583  0.000e+00
     18.387     5.1491   3.069398    31.6629        400     1.6625  0.000e+00
     18.559     5.1462   3.069242    31.6638        401     1.6667  0.000e+00
     18.734     5.1433   3.069423    31.6685        402     1.6708  0.000e+00
     18.916     5.1409   3.069302    31.6693        403     1.6750  0.000e+00
     19.091     5.1388   3.069170    31.6697        404     1.6792  0.000e+00
     19.270     5.1365   3.069140    31.6715        405     1.6833  0.000e+00
     19.446     5.1338   3.069152    31.6740        406     1.6875  0.000e+00
     19.627     5.1316   3.069050    31.6749        407     1.6917  0.000e+00
     19.815     5.1298   3.069092    31.6770        408     1.6958  0.000e+00
     19.998     5.1282   3.069080    31.6783        409     1.7000  0.000e+00
     20.188     5.1269   3.069152    31.6802        410     1.7042  0.000e+00
     20.378     5.1259   3.069188    31.6815        411     1.7083  0.000e+00
     20.568     5.1250   3.069267    31.6831        412     1.7125  0.000e+00
     20.759     5.1240   3.069363    31.6852        413     1.7167  0.000e+00
     20.956     5.1232   3.069556    31.6880        414     1.7208  0.000e+00
     21.151     5.1231   3.069652    31.6891        415     1.7250  0.000e+00
     21.347     5.1231   3.069815    31.6908        416     1.7292  0.000e+00
     21.535     5.1233   3.070098    31.6938        417     1.7333  0.000e+00
     21.734     5.1239   3.070194    31.6942        418     1.7375  0.000e+00
     21.933     5.1245   3.070182    31.6934        419     1.7417  0.000e+00
     22.125     5.1246   3.070195    31.6934        420     1.7458  0.000e+00
