HB2502/sbe159.cnv
* Sea-Bird SBE 19plus V2 Data File:
* FileName = C:\cruise\data\sbe159.hex
* Software Version Seasave V 7.26.7.121
* Temperature SN = 6128
* Conductivity SN = 6128
* System UpLoad Time = May 13 2025 11:55:02
* NMEA Latitude = 43 34.16 N
* NMEA Longitude = 068 14.20 W
* NMEA UTC (Time) = May 13 2025  11:53:48
** Ship: Henry Bigelow
** Cruise:  HB2502
** Program:  Spring Bottom Trawl
# nquan = 7
# nvalues = 3976                                  
# units = specified
# name 0 = depSM: Depth [salt water, m]
# name 1 = tv290C: Temperature [ITS-90, deg C]
# name 2 = c0S/m: Conductivity [S/m]
# name 3 = sal00: Salinity, Practical [PSU]
# name 4 = scan: Scan Count
# name 5 = timeM: Time, Elapsed [minutes]
# name 6 = flag:  0.000e+00
# span 0 =      0.041,    174.657                 
# span 1 =     4.8840,    10.8112                 
# span 2 =   0.005716,   3.448361                 
# span 3 =     0.0384,    33.8238                 
# span 4 =         11,       3986                 
# span 5 =     0.0417,    16.6042                 
# span 6 = 0.0000e+00, 0.0000e+00                 
# interval = seconds: 0.25
# start_time = May 13 2025 11:53:48 [NMEA time, header]
# bad_flag = -9.990e-29
*END*
[from data line 206]
     16.092     8.4319   3.401364    32.2405        217     0.9000  0.000e+00
     16.230     8.4271   3.400663    32.2375        218     0.9042  0.000e+00
     16.367     8.3892   3.399009    32.2547        219     0.9083  0.000e+00
     16.500     8.3139   3.396549    32.2977        220     0.9125  0.000e+00
     16.629     8.2269   3.395091    32.3624        221     0.9167  0.000e+00
     16.747     8.1412   3.395618    32.4470        222     0.9208  0.000e+00
     16.848     8.0685   3.397735    32.5368        223     0.9250  0.000e+00
     16.940     8.0293   3.399358    32.5905        224     0.9292  0.000e+00
     17.040     8.0168   3.401043    32.6200        225     0.9333  0.000e+00
     17.135     8.0177   3.403337    32.6435        226     0.9375  0.000e+00
     17.233     8.0264   3.403888    32.6413        227     0.9417  0.000e+00
     17.336     8.0276   3.403500    32.6359        228     0.9458  0.000e+00
     17.443     8.0160   3.403519    32.6469        229     0.9500  0.000e+00
     17.561     8.0367   3.402879    32.6208        230     0.9542  0.000e+00
     17.687     8.0930   3.402929    32.5688        231     0.9583  0.000e+00
     17.816     8.1609   3.403191    32.5085        232     0.9625  0.000e+00
     17.953     8.2219   3.403579    32.4562        233     0.9667  0.000e+00
     18.101     8.2703   3.404162    32.4175        234     0.9708  0.000e+00
     18.251     8.3042   3.404431    32.3891        235     0.9750  0.000e+00
     18.409     8.3264   3.403534    32.3591        236     0.9792  0.000e+00
     18.560     8.3426   3.401510    32.3228        237     0.9833  0.000e+00
     18.708     8.3522   3.398985    32.2873        238     0.9875  0.000e+00
     18.851     8.3273   3.396863    32.2877        239     0.9917  0.000e+00
     18.993     8.2396   3.393251    32.3301        240     0.9958  0.000e+00
     19.124     8.1338   3.385613    32.3467        241     1.0000  0.000e+00
     19.242     8.0228   3.379237    32.3815        242     1.0042  0.000e+00
     19.365     7.9280   3.373153    32.4045        243     1.0083  0.000e+00
     19.469     7.8498   3.368521    32.4276        244     1.0125  0.000e+00
     19.570     7.7791   3.367692    32.4844        245     1.0167  0.000e+00
     19.673     7.7242   3.366501    32.5229        246     1.0208  0.000e+00
     19.776     7.6870   3.321465    32.0749        247     1.0250  0.000e+00
     19.879     7.6119   3.315118    32.0760        248     1.0292  0.000e+00
     19.989     7.5095   3.314146    32.1602        249     1.0333  0.000e+00
     20.097     7.4290   3.313557    32.2286        250     1.0375  0.000e+00
     20.215     7.3743   3.313056    32.2740        251     1.0417  0.000e+00
     20.339     7.3386   3.312436    32.3005        252     1.0458  0.000e+00
     20.466     7.3146   3.311971    32.3178        253     1.0500  0.000e+00
     20.601     7.2979   3.311351    32.3267        254     1.0542  0.000e+00
     20.746     7.2851   3.310794    32.3325        255     1.0583  0.000e+00
     20.893     7.2751   3.309882    32.3320        256     1.0625  0.000e+00
     21.052     7.2652   3.308804    32.3294        257     1.0667  0.000e+00
     21.205     7.2545   3.307019    32.3201        258     1.0708  0.000e+00
     21.361     7.2414   3.305669    32.3176        259     1.0750  0.000e+00
     21.516     7.2261   3.304603    32.3203        260     1.0792  0.000e+00
     21.671     7.2111   3.303587    32.3232        261     1.0833  0.000e+00
     21.815     7.1974   3.302745    32.3268        262     1.0875  0.000e+00
     21.958     7.1845   3.301049    32.3205        263     1.0917  0.000e+00
     22.092     7.1703   3.299191    32.3135        264     1.0958  0.000e+00
     22.214     7.1534   3.297235    32.3080        265     1.1000  0.000e+00
     22.327     7.1339   3.294865    32.3005        266     1.1042  0.000e+00
     22.437     7.1116   3.293424    32.3056        267     1.1083  0.000e+00
     22.548     7.0894   3.291636    32.3069        268     1.1125  0.000e+00
     22.647     7.0683   3.288952    32.2975        269     1.1167  0.000e+00
     22.752     7.0448   3.285546    32.2824        270     1.1208  0.000e+00
     22.868     7.0154   3.283006    32.2822        271     1.1250  0.000e+00
     22.984     6.9843   3.279775    32.2761        272     1.1292  0.000e+00
     23.109     6.9513   3.277003    32.2767        273     1.1333  0.000e+00
     23.237     6.9173   3.273960    32.2753        274     1.1375  0.000e+00
     23.377     6.8824   3.272170    32.2885        275     1.1417  0.000e+00
     23.523     6.8503   3.271276    32.3088        276     1.1458  0.000e+00
     23.682     6.8240   3.270110    32.3207        277     1.1500  0.000e+00
     23.839     6.8029   3.269777    32.3369        278     1.1542  0.000e+00
     24.005     6.7867   3.267606    32.3283        279     1.1583  0.000e+00
     24.176     6.7702   3.264128    32.3056        280     1.1625  0.000e+00
     24.343     6.7467   3.258797    32.2692        281     1.1667  0.000e+00
     24.514     6.7096   3.250834    32.2166        282     1.1708  0.000e+00
     24.680     6.6544   3.246188    32.2174        283     1.1750  0.000e+00
     24.845     6.5923   3.241570    32.2250        284     1.1792  0.000e+00
     24.997     6.5308   3.236721    32.2295        285     1.1833  0.000e+00
     25.140     6.4703   3.232918    32.2445        286     1.1875  0.000e+00
     25.270     6.4138   3.229038    32.2550        287     1.1917  0.000e+00
     25.395     6.3612   3.225969    32.2707        288     1.1958  0.000e+00
     25.512     6.3130   3.223552    32.2895        289     1.2000  0.000e+00
     25.625     6.2711   3.222117    32.3134        290     1.2042  0.000e+00
     25.735     6.2368   3.221872    32.3432        291     1.2083  0.000e+00
     25.846     6.2124   3.220976    32.3564        292     1.2125  0.000e+00
     25.967     6.1944   3.219547    32.3576        293     1.2167  0.000e+00
     26.085     6.1777   3.214815    32.3207        294     1.2208  0.000e+00
     26.211     6.1515   3.209043    32.2812        295     1.2250  0.000e+00
     26.345     6.1091   3.206496    32.2932        296     1.2292  0.000e+00
     26.497     6.0627   3.204691    32.3172        297     1.2333  0.000e+00
     26.649     6.0232   3.203859    32.3455        298     1.2375  0.000e+00
     26.812     5.9927   3.203657    32.3723        299     1.2417  0.000e+00
     26.976     5.9712   3.202598    32.3810        300     1.2458  0.000e+00
     27.152     5.9544   3.202556    32.3964        301     1.2500  0.000e+00
     27.336     5.9428   3.202091    32.4022        302     1.2542  0.000e+00
     27.514     5.9339   3.201705    32.4063        303     1.2583  0.000e+00
     27.690     5.9265   3.201565    32.4118        304     1.2625  0.000e+00
     27.856     5.9208   3.201706    32.4188        305     1.2667  0.000e+00
     28.018     5.9167   3.201926    32.4251        306     1.2708  0.000e+00
     28.168     5.9151   3.201969    32.4270        307     1.2750  0.000e+00
     28.305     5.9150   3.201687    32.4239        308     1.2792  0.000e+00
     28.426     5.9137   3.201259    32.4203        309     1.2833  0.000e+00
     28.541     5.9109   3.201259    32.4229        310     1.2875  0.000e+00
     28.652     5.9080   3.200996    32.4227        311     1.2917  0.000e+00
     28.758     5.9047   3.200807    32.4237        312     1.2958  0.000e+00
     28.867     5.9017   3.200305    32.4208        313     1.3000  0.000e+00
     28.988     5.8977   3.199962    32.4208        314     1.3042  0.000e+00
     29.108     5.8930   3.199736    32.4227        315     1.3083  0.000e+00
     29.249     5.8886   3.199394    32.4230        316     1.3125  0.000e+00
     29.386     5.8843   3.198867    32.4212        317     1.3167  0.000e+00
     29.534     5.8793   3.197730    32.4131        318     1.3208  0.000e+00
     29.686     5.8722   3.197241    32.4144        319     1.3250  0.000e+00
     29.851     5.8643   3.195663    32.4041        320     1.3292  0.000e+00
     30.026     5.8534   3.194122    32.3972        321     1.3333  0.000e+00
     30.199     5.8389   3.192869    32.3970        322     1.3375  0.000e+00
     30.373     5.8217   3.192118    32.4049        323     1.3417  0.000e+00
     30.552     5.8041   3.191653    32.4165        324     1.3458  0.000e+00
     30.728     5.7885   3.191207    32.4264        325     1.3500  0.000e+00
     30.893     5.7752   3.190945    32.4361        326     1.3542  0.000e+00
     31.047     5.7640   3.190444    32.4411        327     1.3583  0.000e+00
     31.186     5.7541   3.189595    32.4411        328     1.3625  0.000e+00
     31.313     5.7427   3.188947    32.4447        329     1.3667  0.000e+00
     31.427     5.7313   3.188220    32.4474        330     1.3708  0.000e+00
     31.537     5.7198   3.187939    32.4553        331     1.3750  0.000e+00
     31.649     5.7099   3.187652    32.4615        332     1.3792  0.000e+00
     31.755     5.7018   3.187292    32.4652        333     1.3833  0.000e+00
     31.867     5.6951   3.186925    32.4674        334     1.3875  0.000e+00
     31.989     5.6888   3.186504    32.4687        335     1.3917  0.000e+00
     32.112     5.6821   3.186162    32.4713        336     1.3958  0.000e+00
     32.238     5.6750   3.185637    32.4721        337     1.4000  0.000e+00
     32.373     5.6670   3.185234    32.4752        338     1.4042  0.000e+00
     32.514     5.6579   3.185008    32.4814        339     1.4083  0.000e+00
     32.662     5.6490   3.184911    32.4888        340     1.4125  0.000e+00
     32.821     5.6420   3.184746    32.4936        341     1.4167  0.000e+00
     32.987     5.6367   3.184483    32.4957        342     1.4208  0.000e+00
     33.161     5.6312   3.184203    32.4977        343     1.4250  0.000e+00
     33.337     5.6254   3.184081    32.5019        344     1.4292  0.000e+00
     33.516     5.6201   3.183818    32.5039        345     1.4333  0.000e+00
     33.684     5.6150   3.183861    32.5093        346     1.4375  0.000e+00
     33.856     5.6106   3.183843    32.5132        347     1.4417  0.000e+00
     34.017     5.6076   3.183757    32.5151        348     1.4458  0.000e+00
     34.168     5.6046   3.183696    32.5172        349     1.4500  0.000e+00
     34.309     5.6017   3.183660    32.5196        350     1.4542  0.000e+00
     34.438     5.5990   3.183556    32.5209        351     1.4583  0.000e+00
     34.557     5.5967   3.183275    32.5198        352     1.4625  0.000e+00
     34.678     5.5937   3.183031    32.5200        353     1.4667  0.000e+00
     34.792     5.5902   3.182933    32.5221        354     1.4708  0.000e+00
     34.905     5.5870   3.182811    32.5238        355     1.4750  0.000e+00
     35.013     5.5841   3.182769    32.5261        356     1.4792  0.000e+00
     35.127     5.5819   3.182671    32.5271        357     1.4833  0.000e+00
     35.244     5.5796   3.182567    32.5281        358     1.4875  0.000e+00
     35.355     5.5778   3.182512    32.5291        359     1.4917  0.000e+00
     35.482     5.5756   3.182488    32.5309        360     1.4958  0.000e+00
     35.614     5.5739   3.182531    32.5330        361     1.5000  0.000e+00
     35.755     5.5725   3.182714    32.5363        362     1.5042  0.000e+00
     35.903     5.5717   3.182769    32.5377        363     1.5083  0.000e+00
     36.063     5.5713   3.182855    32.5389        364     1.5125  0.000e+00
     36.219     5.5712   3.182812    32.5385        365     1.5167  0.000e+00
     36.377     5.5711   3.182891    32.5394        366     1.5208  0.000e+00
     36.547     5.5708   3.182971    32.5405        367     1.5250  0.000e+00
     36.712     5.5707   3.183117    32.5422        368     1.5292  0.000e+00
     36.873     5.5704   3.183197    32.5433        369     1.5333  0.000e+00
     37.028     5.5701   3.183282    32.5445        370     1.5375  0.000e+00
     37.177     5.5704   3.183417    32.5456        371     1.5417  0.000e+00
     37.333     5.5706   3.183417    32.5454        372     1.5458  0.000e+00
     37.473     5.5703   3.183417    32.5456        373     1.5500  0.000e+00
     37.605     5.5696   3.183478    32.5469        374     1.5542  0.000e+00
     37.735     5.5686   3.183557    32.5487        375     1.5583  0.000e+00
     37.860     5.5674   3.183759    32.5521        376     1.5625  0.000e+00
     37.988     5.5663   3.183820    32.5538        377     1.5667  0.000e+00
     38.109     5.5649   3.183722    32.5539        378     1.5708  0.000e+00
     38.227     5.5630   3.183435    32.5525        379     1.5750  0.000e+00
     38.350     5.5598   3.183179    32.5526        380     1.5792  0.000e+00
     38.471     5.5552   3.183197    32.5572        381     1.5833  0.000e+00
     38.596     5.5501   3.183155    32.5616        382     1.5875  0.000e+00
     38.729     5.5445   3.182856    32.5636        383     1.5917  0.000e+00
     38.864     5.5381   3.182569    32.5664        384     1.5958  0.000e+00
     39.002     5.5319   3.182392    32.5704        385     1.6000  0.000e+00
     39.143     5.5262   3.182191    32.5736        386     1.6042  0.000e+00
     39.301     5.5214   3.182105    32.5772        387     1.6083  0.000e+00
     39.454     5.5172   3.182008    32.5801        388     1.6125  0.000e+00
     39.606     5.5134   3.182026    32.5838        389     1.6167  0.000e+00
     39.763     5.5100   3.181928    32.5860        390     1.6208  0.000e+00
     39.913     5.5070   3.181849    32.5880        391     1.6250  0.000e+00
     40.065     5.5043   3.181648    32.5881        392     1.6292  0.000e+00
     40.201     5.5017   3.181666    32.5909        393     1.6333  0.000e+00
     40.327     5.4998   3.181746    32.5935        394     1.6375  0.000e+00
     40.455     5.4987   3.181685    32.5939        395     1.6417  0.000e+00
     40.582     5.4976   3.181605    32.5940        396     1.6458  0.000e+00
     40.701     5.4959   3.181440    32.5937        397     1.6500  0.000e+00
     40.822     5.4939   3.181361    32.5947        398     1.6542  0.000e+00
     40.940     5.4917   3.181264    32.5956        399     1.6583  0.000e+00
     41.068     5.4894   3.181282    32.5980        400     1.6625  0.000e+00
     41.195     5.4872   3.181239    32.5996        401     1.6667  0.000e+00
     41.326     5.4852   3.181282    32.6019        402     1.6708  0.000e+00
     41.455     5.4835   3.181343    32.6042        403     1.6750  0.000e+00
     41.592     5.4817   3.181465    32.6073        404     1.6792  0.000e+00
     41.730     5.4800   3.181325    32.6073        405     1.6833  0.000e+00
     41.865     5.4743   3.180257    32.6006        406     1.6875  0.000e+00
     42.016     5.4621   3.179689    32.6060        407     1.6917  0.000e+00
     42.160     5.4479   3.179830    32.6213        408     1.6958  0.000e+00
     42.306     5.4362   3.180276    32.6377        409     1.7000  0.000e+00
     42.455     5.4291   3.180435    32.6463        410     1.7042  0.000e+00
     42.594     5.4253   3.180618    32.6520        411     1.7083  0.000e+00
     42.739     5.4233   3.180758    32.6555        412     1.7125  0.000e+00
     42.873     5.4221   3.181039    32.6597        413     1.7167  0.000e+00
     43.009     5.4221   3.181100    32.6604        414     1.7208  0.000e+00
     43.139     5.4226   3.181063    32.6594        415     1.7250  0.000e+00
     43.274     5.4229   3.181186    32.6605        416     1.7292  0.000e+00
     43.402     5.4228   3.181186    32.6605        417     1.7333  0.000e+00
     43.534     5.4229   3.181241    32.6610        418     1.7375  0.000e+00
     43.666     5.4233   3.181265    32.6608        419     1.7417  0.000e+00
     43.798     5.4234   3.181387    32.6620        420     1.7458  0.000e+00
