HB2502/sbe146.cnv
* Sea-Bird SBE 19plus V2 Data File:
* FileName = C:\cruise\data\sbe146.hex
* Software Version Seasave V 7.26.7.121
* Temperature SN = 6128
* Conductivity SN = 6128
* System UpLoad Time = May 08 2025 06:50:45
* NMEA Latitude = 41 48.73 N
* NMEA Longitude = 067 26.43 W
* NMEA UTC (Time) = May 08 2025  06:49:26
** Ship: Henry Bigelow
** Cruise:  HB2502
** Program:  Spring Bottom Trawl
# nquan = 7
# nvalues = 1511                                  
# units = specified
# name 0 = depSM: Depth [salt water, m]
# name 1 = tv290C: Temperature [ITS-90, deg C]
# name 2 = c0S/m: Conductivity [S/m]
# name 3 = sal00: Salinity, Practical [PSU]
# name 4 = scan: Scan Count
# name 5 = timeM: Time, Elapsed [minutes]
# name 6 = flag:  0.000e+00
# span 0 =     -0.018,     39.754                 
# span 1 =     7.9597,     9.8567                 
# span 2 =   0.007082,   3.575413                 
# span 3 =     0.0478,    32.8744                 
# span 4 =         11,       1521                 
# span 5 =     0.0417,     6.3333                 
# span 6 = 0.0000e+00, 0.0000e+00                 
# interval = seconds: 0.25
# start_time = May 08 2025 06:49:26 [NMEA time, header]
# bad_flag = -9.990e-29
*END*
[from data line 1436]
      1.483     7.9675   3.405607    32.7220       1447     6.0250  0.000e+00
      1.461     7.9672   3.405476    32.7209       1448     6.0292  0.000e+00
      1.443     7.9666   3.405488    32.7215       1449     6.0333  0.000e+00
      1.426     7.9663   3.405388    32.7208       1450     6.0375  0.000e+00
      1.417     7.9658   3.405338    32.7208       1451     6.0417  0.000e+00
      1.434     7.9648   3.405319    32.7215       1452     6.0458  0.000e+00
      1.467     7.9643   3.405463    32.7235       1453     6.0500  0.000e+00
      1.494     7.9645   3.405363    32.7222       1454     6.0542  0.000e+00
      1.535     7.9641   3.405275    32.7216       1455     6.0583  0.000e+00
      1.578     7.9637   3.405275    32.7219       1456     6.0625  0.000e+00
      1.647     7.9633   3.405275    32.7223       1457     6.0667  0.000e+00
      1.726     7.9631   3.405338    32.7231       1458     6.0708  0.000e+00
      1.754     7.9630   3.405388    32.7238       1459     6.0750  0.000e+00
      1.788     7.9631   3.405382    32.7235       1460     6.0792  0.000e+00
      1.815     7.9634   3.405432    32.7238       1461     6.0833  0.000e+00
      1.806     7.9635   3.405426    32.7236       1462     6.0875  0.000e+00
      1.772     7.9639   3.405338    32.7224       1463     6.0917  0.000e+00
      1.705     7.9637   3.405257    32.7217       1464     6.0958  0.000e+00
      1.629     7.9633   3.405219    32.7217       1465     6.1000  0.000e+00
      1.573     7.9628   3.405275    32.7228       1466     6.1042  0.000e+00
      1.519     7.9624   3.405275    32.7232       1467     6.1083  0.000e+00
      1.479     7.9625   3.405300    32.7234       1468     6.1125  0.000e+00
      1.439     7.9624   3.405275    32.7232       1469     6.1167  0.000e+00
      1.404     7.9625   3.405300    32.7234       1470     6.1208  0.000e+00
      1.383     7.9625   3.405338    32.7239       1471     6.1250  0.000e+00
      1.359     7.9628   3.405401    32.7243       1472     6.1292  0.000e+00
      1.325     7.9631   3.405388    32.7238       1473     6.1333  0.000e+00
      1.282     7.9635   3.405194    32.7214       1474     6.1375  0.000e+00
      1.203     7.9634   3.405150    32.7211       1475     6.1417  0.000e+00
      1.108     7.9627   3.405194    32.7223       1476     6.1458  0.000e+00
      0.971     7.9621   3.405150    32.7224       1477     6.1500  0.000e+00
      0.797     7.9619   3.405300    32.7243       1478     6.1542  0.000e+00
      0.667     7.9621   3.405407    32.7253       1479     6.1583  0.000e+00
      0.574     7.9624   3.405444    32.7254       1480     6.1625  0.000e+00
      0.509     7.9632   3.405444    32.7247       1481     6.1667  0.000e+00
      0.458     7.9640   3.405381    32.7233       1482     6.1708  0.000e+00
      0.408     7.9641   3.405388    32.7234       1483     6.1750  0.000e+00
      0.391     7.9641   3.405463    32.7241       1484     6.1792  0.000e+00
      0.398     7.9644   3.405193    32.7210       1485     6.1833  0.000e+00
      0.415     7.9641   3.405218    32.7216       1486     6.1875  0.000e+00
      0.449     7.9634   3.405237    32.7224       1487     6.1917  0.000e+00
      0.510     7.9627   3.405219    32.7228       1488     6.1958  0.000e+00
      0.584     7.9624   3.405275    32.7236       1489     6.2000  0.000e+00
      0.654     7.9625   3.405237    32.7231       1490     6.2042  0.000e+00
      0.694     7.9625   3.405300    32.7238       1491     6.2083  0.000e+00
      0.705     7.9624   3.405212    32.7229       1492     6.2125  0.000e+00
      0.712     7.9624   3.405031    32.7209       1493     6.2167  0.000e+00
      0.713     7.9617   3.404974    32.7210       1494     6.2208  0.000e+00
      0.703     7.9608   3.404886    32.7209       1495     6.2250  0.000e+00
      0.673     7.9600   3.405168    32.7247       1496     6.2292  0.000e+00
      0.661     7.9597   3.405219    32.7255       1497     6.2333  0.000e+00
      0.643     7.9604   3.405212    32.7248       1498     6.2375  0.000e+00
      0.617     7.9610   3.405300    32.7252       1499     6.2417  0.000e+00
      0.586     7.9615   3.405256    32.7243       1500     6.2458  0.000e+00
      0.543     7.9619   3.405237    32.7237       1501     6.2500  0.000e+00
      0.489     7.9620   3.405319    32.7245       1502     6.2542  0.000e+00
      0.420     7.9623   3.405300    32.7241       1503     6.2583  0.000e+00
      0.339     7.9624   3.405381    32.7249       1504     6.2625  0.000e+00
      0.288     7.9628   3.405407    32.7248       1505     6.2667  0.000e+00
      0.199     7.9633   3.405588    32.7264       1506     6.2708  0.000e+00
      0.140     7.9640   3.405670    32.7265       1507     6.2750  0.000e+00
      0.047     7.9654   3.030444    28.7580       1508     6.2792  0.000e+00
     -0.016     7.9663   0.740976     6.2288       1509     6.2833  0.000e+00
     -0.018     7.9727   0.435235     3.5258       1510     6.2875  0.000e+00
     -0.014     7.9898   0.361958     2.8964       1511     6.2917  0.000e+00
     -0.014     8.0063   0.306034     2.4227       1512     6.2958  0.000e+00
     -0.018     8.0143   0.280546     2.2089       1513     6.3000  0.000e+00
     -0.014     8.0170   0.267530     2.1004       1514     6.3042  0.000e+00
     -0.015     8.0177   0.255239     1.9984       1515     6.3083  0.000e+00
     -0.015     8.0167   0.235490     1.8354       1516     6.3125  0.000e+00
     -0.017     8.0163   0.431672     3.4907       1517     6.3167  0.000e+00
     -0.013     8.0152   0.586225     4.8394       1518     6.3208  0.000e+00
     -0.013     8.0143   0.554559     4.5606       1519     6.3250  0.000e+00
      0.014     8.0128   1.084886     9.3758       1520     6.3292  0.000e+00
      0.088     8.0090   1.950971    17.7193       1521     6.3333  0.000e+00
