HB2502/sbe152.cnv
* Sea-Bird SBE 19plus V2 Data File:
* FileName = C:\cruise\data\sbe152.hex
* Software Version Seasave V 7.26.7.121
* Temperature SN = 6128
* Conductivity SN = 6128
* System UpLoad Time = May 10 2025 08:26:44
* NMEA Latitude = 43 12.98 N
* NMEA Longitude = 067 42.06 W
* NMEA UTC (Time) = May 10 2025  08:25:27
** Ship: Henry Bigelow
** Cruise:  HB2502
** Program:  Spring Bottom Trawl
# nquan = 7
# nvalues = 3682                                  
# units = specified
# name 0 = depSM: Depth [salt water, m]
# name 1 = tv290C: Temperature [ITS-90, deg C]
# name 2 = c0S/m: Conductivity [S/m]
# name 3 = sal00: Salinity, Practical [PSU]
# name 4 = scan: Scan Count
# name 5 = timeM: Time, Elapsed [minutes]
# name 6 = flag:  0.000e+00
# span 0 =      0.125,    210.322                 
# span 1 =     4.9522,     7.3004                 
# span 2 =   0.452836,   3.467463                 
# span 3 =     3.7526,    34.0683                 
# span 4 =         11,       3692                 
# span 5 =     0.0417,    15.3792                 
# span 6 = 0.0000e+00, 0.0000e+00                 
# interval = seconds: 0.25
# start_time = May 10 2025 08:25:27 [NMEA time, header]
# bad_flag = -9.990e-29
*END*
[from data line 2257]
    176.480     7.0369   3.447274    33.9822       2268     9.4458  0.000e+00
    176.601     7.0372   3.447419    33.9835       2269     9.4500  0.000e+00
    176.729     7.0377   3.447482    33.9836       2270     9.4542  0.000e+00
    176.872     7.0382   3.447501    33.9833       2271     9.4583  0.000e+00
    177.019     7.0386   3.447545    33.9832       2272     9.4625  0.000e+00
    177.163     7.0389   3.447570    33.9832       2273     9.4667  0.000e+00
    177.294     7.0392   3.447608    33.9832       2274     9.4708  0.000e+00
    177.415     7.0394   3.447671    33.9836       2275     9.4750  0.000e+00
    177.518     7.0395   3.447684    33.9837       2276     9.4792  0.000e+00
    177.618     7.0397   3.447715    33.9837       2277     9.4833  0.000e+00
    177.712     7.0398   3.447715    33.9836       2278     9.4875  0.000e+00
    177.762     7.0401   3.447747    33.9837       2279     9.4917  0.000e+00
    177.802     7.0402   3.447797    33.9840       2280     9.4958  0.000e+00
    177.825     7.0403   3.447923    33.9853       2281     9.5000  0.000e+00
    177.847     7.0406   3.448011    33.9860       2282     9.5042  0.000e+00
    177.877     7.0412   3.448068    33.9860       2283     9.5083  0.000e+00
    177.872     7.0418   3.448080    33.9856       2284     9.5125  0.000e+00
    177.832     7.0420   3.448112    33.9857       2285     9.5167  0.000e+00
    177.776     7.0423   3.448093    33.9853       2286     9.5208  0.000e+00
    177.713     7.0425   3.448080    33.9850       2287     9.5250  0.000e+00
    177.645     7.0426   3.448093    33.9850       2288     9.5292  0.000e+00
    177.565     7.0427   3.448068    33.9847       2289     9.5333  0.000e+00
    177.487     7.0428   3.448055    33.9845       2290     9.5375  0.000e+00
    177.423     7.0428   3.448049    33.9845       2291     9.5417  0.000e+00
    177.351     7.0427   3.448005    33.9841       2292     9.5458  0.000e+00
    177.277     7.0426   3.447923    33.9834       2293     9.5500  0.000e+00
    177.215     7.0425   3.447860    33.9828       2294     9.5542  0.000e+00
    177.159     7.0422   3.447816    33.9826       2295     9.5583  0.000e+00
    177.124     7.0419   3.447790    33.9826       2296     9.5625  0.000e+00
    177.095     7.0414   3.447753    33.9827       2297     9.5667  0.000e+00
    177.072     7.0412   3.447734    33.9828       2298     9.5708  0.000e+00
    177.062     7.0412   3.447727    33.9827       2299     9.5750  0.000e+00
    177.052     7.0409   3.447715    33.9829       2300     9.5792  0.000e+00
    177.059     7.0408   3.447734    33.9832       2301     9.5833  0.000e+00
    177.048     7.0407   3.447746    33.9834       2302     9.5875  0.000e+00
    177.062     7.0406   3.447753    33.9835       2303     9.5917  0.000e+00
    177.062     7.0408   3.447734    33.9832       2304     9.5958  0.000e+00
    177.050     7.0407   3.447727    33.9832       2305     9.6000  0.000e+00
    177.029     7.0406   3.447715    33.9831       2306     9.6042  0.000e+00
    177.002     7.0405   3.447715    33.9833       2307     9.6083  0.000e+00
    176.957     7.0406   3.447746    33.9836       2308     9.6125  0.000e+00
    176.953     7.0406   3.447753    33.9836       2309     9.6167  0.000e+00
    176.939     7.0407   3.447734    33.9833       2310     9.6208  0.000e+00
    176.925     7.0406   3.447771    33.9839       2311     9.6250  0.000e+00
    176.934     7.0407   3.447753    33.9835       2312     9.6292  0.000e+00
    176.963     7.0407   3.447778    33.9837       2313     9.6333  0.000e+00
    176.955     7.0409   3.447771    33.9836       2314     9.6375  0.000e+00
    177.095     7.0407   3.447797    33.9839       2315     9.6417  0.000e+00
    177.152     7.0408   3.447860    33.9845       2316     9.6458  0.000e+00
    177.227     7.0409   3.447860    33.9843       2317     9.6500  0.000e+00
    177.371     7.0411   3.447923    33.9847       2318     9.6542  0.000e+00
    177.538     7.0415   3.447967    33.9848       2319     9.6583  0.000e+00
    177.716     7.0415   3.447986    33.9849       2320     9.6625  0.000e+00
    177.880     7.0419   3.448030    33.9849       2321     9.6667  0.000e+00
    178.041     7.0421   3.448081    33.9852       2322     9.6708  0.000e+00
    178.217     7.0423   3.448093    33.9850       2323     9.6750  0.000e+00
    178.370     7.0425   3.448131    33.9852       2324     9.6792  0.000e+00
    178.483     7.0427   3.448188    33.9856       2325     9.6833  0.000e+00
    178.517     7.0428   3.448257    33.9862       2326     9.6875  0.000e+00
    178.521     7.0430   3.448320    33.9867       2327     9.6917  0.000e+00
    178.492     7.0435   3.448389    33.9869       2328     9.6958  0.000e+00
    178.425     7.0438   3.448427    33.9871       2329     9.7000  0.000e+00
    178.314     7.0442   3.448389    33.9864       2330     9.7042  0.000e+00
    178.177     7.0443   3.448370    33.9861       2331     9.7083  0.000e+00
    178.004     7.0446   3.448301    33.9852       2332     9.7125  0.000e+00
    177.828     7.0445   3.448282    33.9851       2333     9.7167  0.000e+00
    177.641     7.0444   3.448232    33.9847       2334     9.7208  0.000e+00
    177.461     7.0443   3.448156    33.9842       2335     9.7250  0.000e+00
    177.293     7.0440   3.448112    33.9840       2336     9.7292  0.000e+00
    177.149     7.0438   3.448036    33.9835       2337     9.7333  0.000e+00
    177.028     7.0434   3.447986    33.9834       2338     9.7375  0.000e+00
    176.947     7.0431   3.447986    33.9837       2339     9.7417  0.000e+00
    176.896     7.0429   3.447967    33.9838       2340     9.7458  0.000e+00
    176.875     7.0426   3.447942    33.9838       2341     9.7500  0.000e+00
    176.881     7.0423   3.447942    33.9840       2342     9.7542  0.000e+00
    176.914     7.0423   3.447992    33.9845       2343     9.7583  0.000e+00
    176.970     7.0423   3.447986    33.9845       2344     9.7625  0.000e+00
    177.047     7.0423   3.448030    33.9849       2345     9.7667  0.000e+00
    177.135     7.0425   3.448080    33.9853       2346     9.7708  0.000e+00
    177.222     7.0426   3.448093    33.9853       2347     9.7750  0.000e+00
    177.325     7.0427   3.448068    33.9848       2348     9.7792  0.000e+00
    177.426     7.0428   3.448080    33.9848       2349     9.7833  0.000e+00
    177.513     7.0427   3.448112    33.9852       2350     9.7875  0.000e+00
    177.607     7.0429   3.448156    33.9854       2351     9.7917  0.000e+00
    177.692     7.0430   3.448187    33.9857       2352     9.7958  0.000e+00
    177.780     7.0432   3.448219    33.9858       2353     9.8000  0.000e+00
    177.864     7.0434   3.448282    33.9862       2354     9.8042  0.000e+00
    177.954     7.0436   3.448301    33.9862       2355     9.8083  0.000e+00
    178.050     7.0438   3.448320    33.9862       2356     9.8125  0.000e+00
    178.151     7.0440   3.448320    33.9859       2357     9.8167  0.000e+00
    178.265     7.0441   3.448345    33.9860       2358     9.8208  0.000e+00
    178.379     7.0442   3.448389    33.9863       2359     9.8250  0.000e+00
    178.498     7.0444   3.448427    33.9865       2360     9.8292  0.000e+00
    178.616     7.0445   3.448503    33.9872       2361     9.8333  0.000e+00
    178.706     7.0448   3.448553    33.9873       2362     9.8375  0.000e+00
    178.771     7.0451   3.448654    33.9881       2363     9.8417  0.000e+00
    178.814     7.0455   3.448723    33.9885       2364     9.8458  0.000e+00
    178.823     7.0459   3.448805    33.9890       2365     9.8500  0.000e+00
    178.798     7.0464   3.448874    33.9893       2366     9.8542  0.000e+00
    178.740     7.0468   3.448912    33.9893       2367     9.8583  0.000e+00
    178.645     7.0474   3.448931    33.9890       2368     9.8625  0.000e+00
    178.526     7.0476   3.448963    33.9892       2369     9.8667  0.000e+00
    178.377     7.0479   3.448931    33.9887       2370     9.8708  0.000e+00
    178.211     7.0482   3.448868    33.9877       2371     9.8750  0.000e+00
    178.048     7.0480   3.448742    33.9866       2372     9.8792  0.000e+00
    177.886     7.0480   3.448597    33.9851       2373     9.8833  0.000e+00
    177.734     7.0475   3.448471    33.9843       2374     9.8875  0.000e+00
    177.613     7.0470   3.448433    33.9845       2375     9.8917  0.000e+00
    177.527     7.0464   3.448408    33.9848       2376     9.8958  0.000e+00
    177.474     7.0458   3.448408    33.9854       2377     9.9000  0.000e+00
    177.471     7.0456   3.448389    33.9854       2378     9.9042  0.000e+00
    177.507     7.0454   3.448427    33.9860       2379     9.9083  0.000e+00
    177.583     7.0452   3.448452    33.9864       2380     9.9125  0.000e+00
    177.688     7.0452   3.448477    33.9867       2381     9.9167  0.000e+00
    177.813     7.0453   3.448578    33.9876       2382     9.9208  0.000e+00
    177.950     7.0455   3.448597    33.9875       2383     9.9250  0.000e+00
    178.093     7.0459   3.448591    33.9870       2384     9.9292  0.000e+00
    178.240     7.0460   3.448641    33.9874       2385     9.9333  0.000e+00
    178.365     7.0460   3.448723    33.9882       2386     9.9375  0.000e+00
    178.461     7.0465   3.448786    33.9884       2387     9.9417  0.000e+00
    178.529     7.0467   3.448805    33.9884       2388     9.9458  0.000e+00
    178.566     7.0470   3.448849    33.9886       2389     9.9500  0.000e+00
    178.573     7.0473   3.448944    33.9893       2390     9.9542  0.000e+00
    178.557     7.0475   3.448994    33.9897       2391     9.9583  0.000e+00
    178.513     7.0478   3.448994    33.9894       2392     9.9625  0.000e+00
    178.461     7.0483   3.448988    33.9888       2393     9.9667  0.000e+00
    178.407     7.0485   3.448975    33.9885       2394     9.9708  0.000e+00
    178.362     7.0487   3.448931    33.9879       2395     9.9750  0.000e+00
    178.326     7.0486   3.448918    33.9878       2396     9.9792  0.000e+00
    178.318     7.0485   3.448912    33.9878       2397     9.9833  0.000e+00
    178.335     7.0485   3.448912    33.9879       2398     9.9875  0.000e+00
    178.376     7.0483   3.448944    33.9884       2399     9.9917  0.000e+00
    178.434     7.0483   3.448931    33.9882       2400     9.9958  0.000e+00
    178.508     7.0484   3.448931    33.9881       2401    10.0000  0.000e+00
    178.606     7.0483   3.448944    33.9882       2402    10.0042  0.000e+00
    178.703     7.0485   3.449019    33.9888       2403    10.0083  0.000e+00
    178.818     7.0485   3.449038    33.9890       2404    10.0125  0.000e+00
    178.936     7.0486   3.449051    33.9890       2405    10.0167  0.000e+00
    179.045     7.0488   3.449082    33.9891       2406    10.0208  0.000e+00
    179.127     7.0491   3.449095    33.9889       2407    10.0250  0.000e+00
    179.202     7.0491   3.449145    33.9894       2408    10.0292  0.000e+00
    179.271     7.0493   3.449164    33.9894       2409    10.0333  0.000e+00
    179.309     7.0493   3.449183    33.9895       2410    10.0375  0.000e+00
    179.340     7.0495   3.449209    33.9897       2411    10.0417  0.000e+00
    179.345     7.0496   3.449272    33.9902       2412    10.0458  0.000e+00
    179.338     7.0497   3.449278    33.9901       2413    10.0500  0.000e+00
    179.316     7.0499   3.449227    33.9894       2414    10.0542  0.000e+00
    179.269     7.0501   3.449227    33.9893       2415    10.0583  0.000e+00
    179.219     7.0500   3.449208    33.9892       2416    10.0625  0.000e+00
    179.158     7.0500   3.449208    33.9892       2417    10.0667  0.000e+00
    179.088     7.0501   3.449183    33.9888       2418    10.0708  0.000e+00
    179.014     7.0500   3.449183    33.9890       2419    10.0750  0.000e+00
    178.944     7.0500   3.449183    33.9891       2420    10.0792  0.000e+00
    178.869     7.0500   3.449183    33.9890       2421    10.0833  0.000e+00
    178.799     7.0499   3.449183    33.9892       2422    10.0875  0.000e+00
    178.730     7.0498   3.449145    33.9889       2423    10.0917  0.000e+00
    178.670     7.0497   3.449164    33.9892       2424    10.0958  0.000e+00
    178.623     7.0498   3.449164    33.9892       2425    10.1000  0.000e+00
    178.574     7.0499   3.449145    33.9889       2426    10.1042  0.000e+00
    178.540     7.0497   3.449145    33.9891       2427    10.1083  0.000e+00
    178.507     7.0497   3.449120    33.9889       2428    10.1125  0.000e+00
    178.493     7.0497   3.449120    33.9888       2429    10.1167  0.000e+00
    178.496     7.0497   3.449120    33.9889       2430    10.1208  0.000e+00
    178.519     7.0496   3.449120    33.9889       2431    10.1250  0.000e+00
    178.559     7.0496   3.449120    33.9889       2432    10.1292  0.000e+00
    178.613     7.0495   3.449145    33.9893       2433    10.1333  0.000e+00
    178.697     7.0496   3.449139    33.9891       2434    10.1375  0.000e+00
    178.785     7.0496   3.449183    33.9895       2435    10.1417  0.000e+00
    178.892     7.0496   3.449164    33.9892       2436    10.1458  0.000e+00
    178.997     7.0497   3.449208    33.9895       2437    10.1500  0.000e+00
    179.111     7.0499   3.449208    33.9894       2438    10.1542  0.000e+00
    179.227     7.0499   3.449246    33.9897       2439    10.1583  0.000e+00
    179.337     7.0499   3.449253    33.9897       2440    10.1625  0.000e+00
    179.442     7.0500   3.449290    33.9899       2441    10.1667  0.000e+00
    179.551     7.0501   3.449335    33.9903       2442    10.1708  0.000e+00
    179.650     7.0503   3.449429    33.9911       2443    10.1750  0.000e+00
    179.731     7.0505   3.449543    33.9921       2444    10.1792  0.000e+00
    179.806     7.0509   3.449624    33.9926       2445    10.1833  0.000e+00
    179.867     7.0515   3.449851    33.9945       2446    10.1875  0.000e+00
    179.911     7.0521   3.449984    33.9953       2447    10.1917  0.000e+00
    179.938     7.0531   3.450129    33.9958       2448    10.1958  0.000e+00
    179.958     7.0540   3.450469    33.9987       2449    10.2000  0.000e+00
    179.964     7.0551   3.450784    34.0010       2450    10.2042  0.000e+00
    179.951     7.0568   3.450740    33.9989       2451    10.2083  0.000e+00
    179.938     7.0579   3.450601    33.9962       2452    10.2125  0.000e+00
    179.909     7.0586   3.450576    33.9953       2453    10.2167  0.000e+00
    179.887     7.0589   3.450488    33.9941       2454    10.2208  0.000e+00
    179.866     7.0589   3.450380    33.9929       2455    10.2250  0.000e+00
    179.842     7.0587   3.450343    33.9927       2456    10.2292  0.000e+00
    179.824     7.0583   3.450343    33.9931       2457    10.2333  0.000e+00
    179.829     7.0580   3.450469    33.9948       2458    10.2375  0.000e+00
    179.833     7.0581   3.450450    33.9945       2459    10.2417  0.000e+00
    179.837     7.0582   3.450513    33.9951       2460    10.2458  0.000e+00
    179.853     7.0585   3.450494    33.9946       2461    10.2500  0.000e+00
    179.864     7.0584   3.450551    33.9953       2462    10.2542  0.000e+00
    179.880     7.0585   3.450803    33.9979       2463    10.2583  0.000e+00
    179.889     7.0590   3.451004    33.9997       2464    10.2625  0.000e+00
    179.896     7.0598   3.450992    33.9987       2465    10.2667  0.000e+00
    179.902     7.0606   3.450891    33.9968       2466    10.2708  0.000e+00
    179.911     7.0610   3.450714    33.9945       2467    10.2750  0.000e+00
    179.903     7.0609   3.450595    33.9933       2468    10.2792  0.000e+00
    179.900     7.0604   3.450532    33.9931       2469    10.2833  0.000e+00
    179.905     7.0600   3.450513    33.9933       2470    10.2875  0.000e+00
    179.914     7.0597   3.450639    33.9950       2471    10.2917  0.000e+00
