HB2502/sbe164.cnv
* Sea-Bird SBE 19plus V2 Data File:
* FileName = C:\cruise\data\sbe164.hex
* Software Version Seasave V 7.26.7.121
* Temperature SN = 6128
* Conductivity SN = 6128
* System UpLoad Time = May 15 2025 02:43:30
* NMEA Latitude = 43 12.66 N
* NMEA Longitude = 069 42.95 W
* NMEA UTC (Time) = May 15 2025  02:42:17
** Ship: Henry Bigelow
** Cruise:  HB2502
** Program:  Spring Bottom Trawl
# nquan = 7
# nvalues = 1956                                  
# units = specified
# name 0 = depSM: Depth [salt water, m]
# name 1 = tv290C: Temperature [ITS-90, deg C]
# name 2 = c0S/m: Conductivity [S/m]
# name 3 = sal00: Salinity, Practical [PSU]
# name 4 = scan: Scan Count
# name 5 = timeM: Time, Elapsed [minutes]
# name 6 = flag:  0.000e+00
# span 0 =     -0.070,     85.517                 
# span 1 =     4.7649,    11.1885                 
# span 2 =   0.007130,   3.599528                 
# span 3 =     0.0470,    33.2603                 
# span 4 =         11,       1966                 
# span 5 =     0.0417,     8.1875                 
# span 6 = 0.0000e+00, 0.0000e+00                 
# interval = seconds: 0.25
# start_time = May 15 2025 02:42:17 [NMEA time, header]
# bad_flag = -9.990e-29
*END*
      0.196    11.1417   0.007175     0.0473         11     0.0417  0.000e+00
      0.198    11.1417   0.007169     0.0473         12     0.0458  0.000e+00
      0.198    11.1420   0.007175     0.0473         13     0.0500  0.000e+00
      0.196    11.1413   0.007175     0.0473         14     0.0542  0.000e+00
      0.193    11.1425   0.007175     0.0473         15     0.0583  0.000e+00
      0.194    11.1429   0.007163     0.0472         16     0.0625  0.000e+00
      0.189    11.1418   0.007163     0.0473         17     0.0667  0.000e+00
      0.190    11.1422   0.007163     0.0472         18     0.0708  0.000e+00
      0.192    11.1422   0.007169     0.0473         19     0.0750  0.000e+00
      0.188    11.1427   0.007169     0.0473         20     0.0792  0.000e+00
      0.192    11.1428   0.007163     0.0472         21     0.0833  0.000e+00
      0.192    11.1433   0.007163     0.0472         22     0.0875  0.000e+00
      0.188    11.1427   0.007169     0.0473         23     0.0917  0.000e+00
      0.188    11.1434   0.007175     0.0473         24     0.0958  0.000e+00
      0.184    11.1433   0.007184     0.0474         25     0.1000  0.000e+00
      0.184    11.1431   0.007190     0.0474         26     0.1042  0.000e+00
      0.186    11.1433   0.007196     0.0475         27     0.1083  0.000e+00
      0.189    11.1430   0.007196     0.0475         28     0.1125  0.000e+00
      0.191    11.1431   0.007202     0.0475         29     0.1167  0.000e+00
      0.185    11.1434   0.007196     0.0475         30     0.1208  0.000e+00
      0.184    11.1437   0.007196     0.0475         31     0.1250  0.000e+00
      0.188    11.1437   0.007196     0.0475         32     0.1292  0.000e+00
      0.189    11.1438   0.007196     0.0475         33     0.1333  0.000e+00
      0.183    11.1434   0.007190     0.0474         34     0.1375  0.000e+00
      0.186    11.1433   0.007184     0.0474         35     0.1417  0.000e+00
      0.190    11.1435   0.007190     0.0474         36     0.1458  0.000e+00
      0.191    11.1439   0.007190     0.0474         37     0.1500  0.000e+00
      0.188    11.1440   0.007184     0.0474         38     0.1542  0.000e+00
      0.184    11.1437   0.007196     0.0475         39     0.1583  0.000e+00
      0.182    11.1435   0.007196     0.0475         40     0.1625  0.000e+00
      0.184    11.1440   0.007190     0.0474         41     0.1667  0.000e+00
      0.182    11.1440   0.007190     0.0474         42     0.1708  0.000e+00
      0.179    11.1442   0.007184     0.0474         43     0.1750  0.000e+00
      0.179    11.1444   0.007178     0.0473         44     0.1792  0.000e+00
      0.181    11.1450   0.007178     0.0473         45     0.1833  0.000e+00
      0.179    11.1447   0.007178     0.0473         46     0.1875  0.000e+00
      0.177    11.1445   0.007175     0.0473         47     0.1917  0.000e+00
      0.179    11.1442   0.007178     0.0473         48     0.1958  0.000e+00
      0.180    11.1446   0.007178     0.0473         49     0.2000  0.000e+00
      0.177    11.1450   0.007178     0.0473         50     0.2042  0.000e+00
      0.180    11.1451   0.007178     0.0473         51     0.2083  0.000e+00
      0.177    11.1448   0.007178     0.0473         52     0.2125  0.000e+00
      0.179    11.1449   0.007175     0.0473         53     0.2167  0.000e+00
      0.179    11.1448   0.007175     0.0473         54     0.2208  0.000e+00
      0.180    11.1454   0.007175     0.0473         55     0.2250  0.000e+00
      0.180    11.1456   0.007175     0.0473         56     0.2292  0.000e+00
      0.175    11.1453   0.007175     0.0473         57     0.2333  0.000e+00
      0.174    11.1450   0.007169     0.0473         58     0.2375  0.000e+00
      0.177    11.1459   0.007169     0.0473         59     0.2417  0.000e+00
      0.177    11.1451   0.007169     0.0473         60     0.2458  0.000e+00
      0.177    11.1453   0.007169     0.0473         61     0.2500  0.000e+00
      0.173    11.1453   0.007169     0.0473         62     0.2542  0.000e+00
      0.171    11.1458   0.007163     0.0472         63     0.2583  0.000e+00
      0.173    11.1458   0.007169     0.0473         64     0.2625  0.000e+00
      0.173    11.1462   0.007169     0.0473         65     0.2667  0.000e+00
      0.173    11.1465   0.007163     0.0472         66     0.2708  0.000e+00
      0.173    11.1457   0.007163     0.0472         67     0.2750  0.000e+00
      0.170    11.1462   0.007163     0.0472         68     0.2792  0.000e+00
      0.177    11.1462   0.007160     0.0472         69     0.2833  0.000e+00
      0.173    11.1459   0.007157     0.0472         70     0.2875  0.000e+00
      0.171    11.1466   0.007163     0.0472         71     0.2917  0.000e+00
      0.171    11.1466   0.007160     0.0472         72     0.2958  0.000e+00
      0.170    11.1464   0.007163     0.0472         73     0.3000  0.000e+00
      0.174    11.1461   0.007163     0.0472         74     0.3042  0.000e+00
      0.170    11.1466   0.007160     0.0472         75     0.3083  0.000e+00
      0.170    11.1464   0.007157     0.0472         76     0.3125  0.000e+00
      0.171    11.1469   0.007160     0.0472         77     0.3167  0.000e+00
      0.170    11.1467   0.007157     0.0472         78     0.3208  0.000e+00
      0.172    11.1466   0.007163     0.0472         79     0.3250  0.000e+00
      0.170    11.1468   0.007160     0.0472         80     0.3292  0.000e+00
      0.172    11.1467   0.007163     0.0472         81     0.3333  0.000e+00
      0.171    11.1466   0.007157     0.0472         82     0.3375  0.000e+00
      0.171    11.1469   0.007154     0.0472         83     0.3417  0.000e+00
      0.171    11.1468   0.007163     0.0472         84     0.3458  0.000e+00
      0.168    11.1468   0.007151     0.0472         85     0.3500  0.000e+00
      0.168    11.1464   0.007154     0.0472         86     0.3542  0.000e+00
      0.173    11.1473   0.007157     0.0472         87     0.3583  0.000e+00
      0.173    11.1468   0.007151     0.0472         88     0.3625  0.000e+00
      0.167    11.1466   0.007154     0.0472         89     0.3667  0.000e+00
      0.173    11.1468   0.007151     0.0472         90     0.3708  0.000e+00
      0.167    11.1473   0.007151     0.0472         91     0.3750  0.000e+00
      0.169    11.1468   0.007148     0.0472         92     0.3792  0.000e+00
      0.164    11.1468   0.007151     0.0472         93     0.3833  0.000e+00
      0.170    11.1471   0.007145     0.0471         94     0.3875  0.000e+00
      0.166    11.1475   0.007148     0.0472         95     0.3917  0.000e+00
      0.166    11.1472   0.007151     0.0472         96     0.3958  0.000e+00
      0.166    11.1466   0.007151     0.0472         97     0.4000  0.000e+00
      0.166    11.1465   0.007148     0.0472         98     0.4042  0.000e+00
      0.167    11.1466   0.007145     0.0471         99     0.4083  0.000e+00
      0.164    11.1475   0.007151     0.0472        100     0.4125  0.000e+00
      0.164    11.1473   0.007148     0.0472        101     0.4167  0.000e+00
      0.164    11.1471   0.007139     0.0471        102     0.4208  0.000e+00
      0.167    11.1471   0.007145     0.0471        103     0.4250  0.000e+00
      0.169    11.1467   0.007145     0.0471        104     0.4292  0.000e+00
      0.169    11.1468   0.007139     0.0471        105     0.4333  0.000e+00
      0.164    11.1468   0.007133     0.0471        106     0.4375  0.000e+00
      0.164    11.1467   0.007139     0.0471        107     0.4417  0.000e+00
      0.169    11.1466   0.007139     0.0471        108     0.4458  0.000e+00
      0.166    11.1462   0.007139     0.0471        109     0.4500  0.000e+00
      0.166    11.1463   0.007139     0.0471        110     0.4542  0.000e+00
      0.166    11.1464   0.007133     0.0471        111     0.4583  0.000e+00
      0.170    11.1464   0.007139     0.0471        112     0.4625  0.000e+00
      0.171    11.1464   0.007145     0.0471        113     0.4667  0.000e+00
      0.166    11.1462   0.007139     0.0471        114     0.4708  0.000e+00
      0.164    11.1463   0.007139     0.0471        115     0.4750  0.000e+00
      0.164    11.1467   0.007133     0.0471        116     0.4792  0.000e+00
      0.168    11.1461   0.007139     0.0471        117     0.4833  0.000e+00
      0.170    11.1459   0.007139     0.0471        118     0.4875  0.000e+00
      0.168    11.1462   0.007133     0.0471        119     0.4917  0.000e+00
      0.168    11.1466   0.007139     0.0471        120     0.4958  0.000e+00
      0.168    11.1468   0.007130     0.0470        121     0.5000  0.000e+00
      0.171    11.1462   0.007133     0.0471        122     0.5042  0.000e+00
      0.171    11.1460   0.007133     0.0471        123     0.5083  0.000e+00
      0.174    11.1460   0.007139     0.0471        124     0.5125  0.000e+00
      0.163    11.1463   0.007145     0.0471        125     0.5167  0.000e+00
      0.163    11.1453   0.007133     0.0471        126     0.5208  0.000e+00
      0.164    11.1450   0.007145     0.0471        127     0.5250  0.000e+00
      0.168    11.1454   0.007157     0.0472        128     0.5292  0.000e+00
      0.167    11.1450   0.007151     0.0472        129     0.5333  0.000e+00
      0.170    11.1464   0.015991     0.1039        130     0.5375  0.000e+00
      0.195    11.1495   0.722701     5.5513        131     0.5417  0.000e+00
      0.291    11.1543   1.772850    14.6289        132     0.5458  0.000e+00
      0.481    11.1711   1.964388    16.3513        133     0.5500  0.000e+00
      0.721    11.1885   2.188397    18.3888        134     0.5542  0.000e+00
      0.962    11.1858   2.231521    18.7867        135     0.5583  0.000e+00
      1.188    11.1549   2.078210    17.3953        136     0.5625  0.000e+00
      1.369    11.1090   2.344312    19.8696        137     0.5667  0.000e+00
      1.521    11.0506   3.096661    27.0265        138     0.5708  0.000e+00
      1.635    11.0006   2.785101    24.0771        139     0.5750  0.000e+00
      1.743    10.9545   3.568616    31.7074        140     0.5792  0.000e+00
      1.870    10.9134   3.582426    31.8795        141     0.5833  0.000e+00
      2.022    10.8731   3.581308    31.9034        142     0.5875  0.000e+00
      2.203    10.8258   3.580803    31.9396        143     0.5917  0.000e+00
      2.391    10.7754   3.579640    31.9720        144     0.5958  0.000e+00
      2.571    10.7240   3.581617    32.0365        145     0.6000  0.000e+00
      2.739    10.6797   3.594563    32.2041        146     0.6042  0.000e+00
      2.882    10.6556   3.599528    32.2749        147     0.6083  0.000e+00
      3.010    10.6366   3.597831    32.2747        148     0.6125  0.000e+00
      3.119    10.5287   3.562978    32.0220        149     0.6167  0.000e+00
      3.229    10.3286   3.537523    31.9431        150     0.6208  0.000e+00
      3.341    10.1140   3.528449    32.0412        151     0.6250  0.000e+00
      3.462     9.9308   3.529157    32.2111        152     0.6292  0.000e+00
      3.583     9.7855   3.540928    32.4610        153     0.6333  0.000e+00
      3.708     9.6919   3.554135    32.6804        154     0.6375  0.000e+00
      3.835     9.6319   3.557471    32.7692        155     0.6417  0.000e+00
      3.978     9.5886   3.546591    32.6971        156     0.6458  0.000e+00
      4.118     9.5512   3.538722    32.6506        157     0.6500  0.000e+00
      4.256     9.5133   3.527694    32.5718        158     0.6542  0.000e+00
      4.399     9.4675   3.516482    32.4983        159     0.6583  0.000e+00
      4.533     9.4151   3.509020    32.4691        160     0.6625  0.000e+00
      4.670     9.3681   3.504411    32.4643        161     0.6667  0.000e+00
      4.815     9.3304   3.502040    32.4741        162     0.6708  0.000e+00
      4.957     9.2974   3.500583    32.4890        163     0.6750  0.000e+00
      5.098     9.2681   3.497739    32.4862        164     0.6792  0.000e+00
      5.238     9.2420   3.494515    32.4767        165     0.6833  0.000e+00
      5.373     9.2202   3.491274    32.4630        166     0.6875  0.000e+00
      5.511     9.2014   3.488166    32.4480        167     0.6917  0.000e+00
      5.658     9.1842   3.486287    32.4441        168     0.6958  0.000e+00
      5.804     9.1694   3.485927    32.4538        169     0.7000  0.000e+00
      5.954     9.1565   3.486332    32.4696        170     0.7042  0.000e+00
      6.106     9.1445   3.485522    32.4722        171     0.7083  0.000e+00
      6.267     9.1327   3.484814    32.4755        172     0.7125  0.000e+00
      6.423     9.1217   3.483695    32.4739        173     0.7167  0.000e+00
      6.573     9.1114   3.482379    32.4696        174     0.7208  0.000e+00
      6.719     9.1020   3.480122    32.4547        175     0.7250  0.000e+00
      6.855     9.0930   3.477878    32.4396        176     0.7292  0.000e+00
      6.987     9.0843   3.475919    32.4272        177     0.7333  0.000e+00
      7.117     9.0748   3.473885    32.4147        178     0.7375  0.000e+00
      7.250     9.0634   3.472994    32.4158        179     0.7417  0.000e+00
      7.373     9.0497   3.472186    32.4199        180     0.7458  0.000e+00
      7.509     9.0342   3.471618    32.4280        181     0.7500  0.000e+00
      7.642     9.0179   3.470771    32.4340        182     0.7542  0.000e+00
      7.782     8.9982   3.469603    32.4398        183     0.7583  0.000e+00
      7.917     8.9771   3.468486    32.4474        184     0.7625  0.000e+00
      8.062     8.9599   3.467703    32.4549        185     0.7667  0.000e+00
      8.207     8.9438   3.466965    32.4619        186     0.7708  0.000e+00
      8.346     8.9288   3.465040    32.4555        187     0.7750  0.000e+00
      8.491     8.9069   3.462466    32.4487        188     0.7792  0.000e+00
      8.645     8.8743   3.459110    32.4435        189     0.7833  0.000e+00
      8.793     8.8384   3.453738    32.4203        190     0.7875  0.000e+00
      8.942     8.7996   3.449384    32.4103        191     0.7917  0.000e+00
      9.099     8.7611   3.445788    32.4079        192     0.7958  0.000e+00
      9.254     8.7192   3.443673    32.4242        193     0.8000  0.000e+00
      9.415     8.6748   3.441911    32.4463        194     0.8042  0.000e+00
      9.573     8.6344   3.439664    32.4598        195     0.8083  0.000e+00
      9.730     8.5968   3.436965    32.4661        196     0.8125  0.000e+00
      9.882     8.5621   3.432154    32.4474        197     0.8167  0.000e+00
     10.032     8.5265   3.428873    32.4456        198     0.8208  0.000e+00
     10.178     8.4933   3.427792    32.4647        199     0.8250  0.000e+00
     10.327     8.4666   3.428377    32.4954        200     0.8292  0.000e+00
     10.473     8.4430   3.429616    32.5302        201     0.8333  0.000e+00
     10.618     8.4225   3.431741    32.5714        202     0.8375  0.000e+00
     10.763     8.4075   3.433974    32.6088        203     0.8417  0.000e+00
     10.905     8.3966   3.436043    32.6406        204     0.8458  0.000e+00
     11.048     8.3881   3.438516    32.6745        205     0.8500  0.000e+00
     11.189     8.3790   3.437258    32.6697        206     0.8542  0.000e+00
     11.333     8.3659   3.431302    32.6189        207     0.8583  0.000e+00
     11.474     8.3487   3.425897    32.5776        208     0.8625  0.000e+00
     11.615     8.3319   3.421914    32.5511        209     0.8667  0.000e+00
     11.756     8.3108   3.418938    32.5391        210     0.8708  0.000e+00
     11.899     8.2834   3.416371    32.5373        211     0.8750  0.000e+00
     12.040     8.2567   3.416296    32.5612        212     0.8792  0.000e+00
     12.179     8.2362   3.420477    32.6244        213     0.8833  0.000e+00
     12.333     8.2249   3.435762    32.7968        214     0.8875  0.000e+00
     12.482     8.2289   3.451175    32.9564        215     0.8917  0.000e+00
