HB2502/sbe129.cnv
* Sea-Bird SBE 19plus V2 Data File:
* FileName = C:\cruise\data\sbe129.hex
* Software Version Seasave V 7.26.7.121
* Temperature SN = 6128
* Conductivity SN = 6128
* System UpLoad Time = May 04 2025 01:10:02
* NMEA Latitude = 40 53.88 N
* NMEA Longitude = 066 35.52 W
* NMEA UTC (Time) = May 04 2025  01:08:37
** Ship: Henry Bigelow
** Cruise:  HB2502
** Program:  Spring Bottom Trawl
# nquan = 7
# nvalues = 4285                                  
# units = specified
# name 0 = depSM: Depth [salt water, m]
# name 1 = tv290C: Temperature [ITS-90, deg C]
# name 2 = c0S/m: Conductivity [S/m]
# name 3 = sal00: Salinity, Practical [PSU]
# name 4 = scan: Scan Count
# name 5 = timeM: Time, Elapsed [minutes]
# name 6 = flag:  0.000e+00
# span 0 =     -0.080,    186.386                 
# span 1 =    13.0182,    17.7759                 
# span 2 =   0.008105,   4.657068                 
# span 3 =     0.0502,    36.0138                 
# span 4 =         11,       4295                 
# span 5 =     0.0417,    17.8917                 
# span 6 = 0.0000e+00, 0.0000e+00                 
# interval = seconds: 0.25
# start_time = May 04 2025 01:08:37 [NMEA time, header]
# bad_flag = -9.990e-29
*END*
[from data line 1231]
    164.909    14.9987   4.383321    35.7695       1242     5.1708  0.000e+00
    165.052    14.9977   4.383217    35.7694       1243     5.1750  0.000e+00
    165.205    14.9964   4.383245    35.7708       1244     5.1792  0.000e+00
    165.352    14.9952   4.383293    35.7723       1245     5.1833  0.000e+00
    165.513    14.9945   4.383300    35.7730       1246     5.1875  0.000e+00
    165.675    14.9940   4.383321    35.7736       1247     5.1917  0.000e+00
    165.846    14.9935   4.383294    35.7736       1248     5.1958  0.000e+00
    166.015    14.9934   4.383349    35.7742       1249     5.2000  0.000e+00
    166.190    14.9932   4.383370    35.7745       1250     5.2042  0.000e+00
    166.361    14.9930   4.383273    35.7737       1251     5.2083  0.000e+00
    166.534    14.9928   4.382822    35.7697       1252     5.2125  0.000e+00
    166.698    14.9914   4.382384    35.7669       1253     5.2167  0.000e+00
    166.857    14.9891   4.381899    35.7645       1254     5.2208  0.000e+00
    167.014    14.9862   4.381746    35.7657       1255     5.2250  0.000e+00
    167.173    14.9829   4.381621    35.7675       1256     5.2292  0.000e+00
    167.329    14.9804   4.381142    35.7653       1257     5.2333  0.000e+00
    167.492    14.9776   4.380726    35.7641       1258     5.2375  0.000e+00
    167.646    14.9744   4.380552    35.7654       1259     5.2417  0.000e+00
    167.811    14.9714   4.380219    35.7650       1260     5.2458  0.000e+00
    167.974    14.9685   4.379914    35.7647       1261     5.2500  0.000e+00
    168.138    14.9658   4.379782    35.7660       1262     5.2542  0.000e+00
    168.302    14.9629   4.379560    35.7666       1263     5.2583  0.000e+00
    168.469    14.9604   4.379276    35.7662       1264     5.2625  0.000e+00
    168.626    14.9578   4.379151    35.7673       1265     5.2667  0.000e+00
    168.781    14.9555   4.379047    35.7684       1266     5.2708  0.000e+00
    168.928    14.9534   4.379040    35.7702       1267     5.2750  0.000e+00
    169.071    14.9518   4.378894    35.7703       1268     5.2792  0.000e+00
    169.212    14.9504   4.378617    35.7689       1269     5.2833  0.000e+00
    169.342    14.9488   4.378006    35.7648       1270     5.2875  0.000e+00
    169.461    14.9461   4.377777    35.7652       1271     5.2917  0.000e+00
    169.587    14.9426   4.377201    35.7630       1272     5.2958  0.000e+00
    169.706    14.9388   4.376889    35.7636       1273     5.3000  0.000e+00
    169.830    14.9345   4.376001    35.7593       1274     5.3042  0.000e+00
    169.951    14.9292   4.374377    35.7493       1275     5.3083  0.000e+00
    170.074    14.9210   4.372747    35.7418       1276     5.3125  0.000e+00
    170.198    14.9092   4.372255    35.7481       1277     5.3167  0.000e+00
    170.330    14.8973   4.371991    35.7565       1278     5.3208  0.000e+00
    170.464    14.8876   4.371888    35.7645       1279     5.3250  0.000e+00
    170.600    14.8805   4.371638    35.7686       1280     5.3292  0.000e+00
    170.748    14.8752   4.371638    35.7734       1281     5.3333  0.000e+00
    170.898    14.8716   4.371749    35.7776       1282     5.3375  0.000e+00
    171.059    14.8698   4.372374    35.7850       1283     5.3417  0.000e+00
    171.233    14.8699   4.371992    35.7813       1284     5.3458  0.000e+00
    171.409    14.8703   4.371763    35.7788       1285     5.3500  0.000e+00
    171.605    14.8697   4.371708    35.7787       1286     5.3542  0.000e+00
    171.798    14.8685   4.371458    35.7775       1287     5.3583  0.000e+00
    171.999    14.8672   4.371334    35.7775       1288     5.3625  0.000e+00
    172.210    14.8655   4.371153    35.7772       1289     5.3667  0.000e+00
    172.410    14.8635   4.370848    35.7762       1290     5.3708  0.000e+00
    172.602    14.8614   4.370502    35.7749       1291     5.3750  0.000e+00
    172.789    14.8585   4.370086    35.7736       1292     5.3792  0.000e+00
    172.953    14.8549   4.369885    35.7751       1293     5.3833  0.000e+00
    173.102    14.8509   4.369711    35.7771       1294     5.3875  0.000e+00
    173.229    14.8475   4.369351    35.7768       1295     5.3917  0.000e+00
    173.347    14.8445   4.368963    35.7760       1296     5.3958  0.000e+00
    173.449    14.8408   4.368262    35.7729       1297     5.4000  0.000e+00
    173.543    14.8363   4.367223    35.7675       1298     5.4042  0.000e+00
    173.631    14.8302   4.367022    35.7712       1299     5.4083  0.000e+00
    173.726    14.8238   4.366814    35.7751       1300     5.4125  0.000e+00
    173.818    14.8188   4.366842    35.7800       1301     5.4167  0.000e+00
    173.922    14.8151   4.366973    35.7845       1302     5.4208  0.000e+00
    174.040    14.8130   4.366918    35.7858       1303     5.4250  0.000e+00
    174.158    14.8117   4.366897    35.7868       1304     5.4292  0.000e+00
    174.294    14.8109   4.366759    35.7862       1305     5.4333  0.000e+00
    174.437    14.8100   4.366440    35.7840       1306     5.4375  0.000e+00
    174.596    14.8087   4.366010    35.7813       1307     5.4417  0.000e+00
    174.763    14.8061   4.365955    35.7830       1308     5.4458  0.000e+00
    174.957    14.8034   4.366017    35.7860       1309     5.4500  0.000e+00
    175.147    14.8018   4.365906    35.7864       1310     5.4542  0.000e+00
    175.350    14.8006   4.365754    35.7860       1311     5.4583  0.000e+00
    175.552    14.7992   4.365477    35.7847       1312     5.4625  0.000e+00
    175.760    14.7978   4.364867    35.7802       1313     5.4667  0.000e+00
    175.965    14.7949   4.364583    35.7802       1314     5.4708  0.000e+00
    176.159    14.7914   4.364465    35.7823       1315     5.4750  0.000e+00
    176.334    14.7882   4.363855    35.7796       1316     5.4792  0.000e+00
    176.498    14.7846   4.363329    35.7779       1317     5.4833  0.000e+00
    176.638    14.7800   4.363072    35.7798       1318     5.4875  0.000e+00
    176.755    14.7754   4.363176    35.7849       1319     5.4917  0.000e+00
    176.848    14.7725   4.363253    35.7883       1320     5.4958  0.000e+00
    176.938    14.7706   4.362795    35.7858       1321     5.5000  0.000e+00
    177.019    14.7685   4.362220    35.7823       1322     5.5042  0.000e+00
    177.101    14.7657   4.361957    35.7825       1323     5.5083  0.000e+00
    177.184    14.7622   4.361985    35.7860       1324     5.5125  0.000e+00
    177.284    14.7593   4.361936    35.7882       1325     5.5167  0.000e+00
    177.400    14.7571   4.361756    35.7885       1326     5.5208  0.000e+00
    177.525    14.7554   4.361749    35.7899       1327     5.5250  0.000e+00
    177.664    14.7540   4.361784    35.7914       1328     5.5292  0.000e+00
    177.823    14.7529   4.361757    35.7921       1329     5.5333  0.000e+00
    177.995    14.7522   4.361784    35.7929       1330     5.5375  0.000e+00
    178.180    14.7521   4.361771    35.7928       1331     5.5417  0.000e+00
    178.366    14.7517   4.361708    35.7925       1332     5.5458  0.000e+00
    178.555    14.7516   4.361604    35.7916       1333     5.5500  0.000e+00
    178.741    14.7509   4.361431    35.7906       1334     5.5542  0.000e+00
    178.920    14.7501   4.361140    35.7886       1335     5.5583  0.000e+00
    179.097    14.7487   4.360822    35.7869       1336     5.5625  0.000e+00
    179.264    14.7464   4.360365    35.7848       1337     5.5667  0.000e+00
    179.436    14.7431   4.360164    35.7858       1338     5.5708  0.000e+00
    179.588    14.7399   4.360088    35.7880       1339     5.5750  0.000e+00
    179.740    14.7370   4.359894    35.7888       1340     5.5792  0.000e+00
    179.883    14.7348   4.359582    35.7879       1341     5.5833  0.000e+00
    180.028    14.7324   4.359333    35.7878       1342     5.5875  0.000e+00
    180.171    14.7297   4.359153    35.7886       1343     5.5917  0.000e+00
    180.298    14.7272   4.358910    35.7886       1344     5.5958  0.000e+00
    180.437    14.7249   4.358543    35.7872       1345     5.6000  0.000e+00
    180.578    14.7222   4.358342    35.7879       1346     5.6042  0.000e+00
    180.710    14.7193   4.357968    35.7870       1347     5.6083  0.000e+00
    180.845    14.7164   4.357962    35.7895       1348     5.6125  0.000e+00
    180.979    14.7138   4.357989    35.7921       1349     5.6167  0.000e+00
    181.114    14.7120   4.357969    35.7935       1350     5.6208  0.000e+00
    181.248    14.7109   4.357865    35.7935       1351     5.6250  0.000e+00
    181.373    14.7101   4.357879    35.7944       1352     5.6292  0.000e+00
    181.504    14.7093   4.357865    35.7949       1353     5.6333  0.000e+00
    181.638    14.7089   4.357713    35.7938       1354     5.6375  0.000e+00
    181.767    14.7083   4.357256    35.7901       1355     5.6417  0.000e+00
    181.897    14.7066   4.356875    35.7881       1356     5.6458  0.000e+00
    182.032    14.7043   4.356625    35.7879       1357     5.6500  0.000e+00
    182.172    14.7012   4.356148    35.7863       1358     5.6542  0.000e+00
    182.319    14.6981   4.355614    35.7842       1359     5.6583  0.000e+00
    182.469    14.6941   4.355261    35.7846       1360     5.6625  0.000e+00
    182.630    14.6897   4.354631    35.7827       1361     5.6667  0.000e+00
    182.795    14.6850   4.354126    35.7823       1362     5.6708  0.000e+00
    182.965    14.6799   4.353267    35.7791       1363     5.6750  0.000e+00
    183.140    14.6735   4.352354    35.7764       1364     5.6792  0.000e+00
    183.323    14.6659   4.351675    35.7771       1365     5.6833  0.000e+00
    183.499    14.6580   4.351198    35.7800       1366     5.6875  0.000e+00
    183.682    14.6504   4.350596    35.7813       1367     5.6917  0.000e+00
    183.870    14.6433   4.349758    35.7801       1368     5.6958  0.000e+00
    184.057    14.6361   4.349108    35.7806       1369     5.7000  0.000e+00
    184.240    14.6288   4.348804    35.7845       1370     5.7042  0.000e+00
    184.407    14.6220   4.348402    35.7869       1371     5.7083  0.000e+00
    184.571    14.6165   4.348652    35.7942       1372     5.7125  0.000e+00
    184.722    14.6125   4.348327    35.7949       1373     5.7167  0.000e+00
    184.857    14.6099   4.347469    35.7893       1374     5.7208  0.000e+00
    184.980    14.6062   4.345476    35.7743       1375     5.7250  0.000e+00
    185.100    14.5985   4.344300    35.7705       1376     5.7292  0.000e+00
    185.210    14.5879   4.343491    35.7728       1377     5.7333  0.000e+00
    185.318    14.5769   4.341603    35.7655       1378     5.7375  0.000e+00
    185.422    14.5651   4.337475    35.7381       1379     5.7417  0.000e+00
    185.532    14.5471   4.333583    35.7188       1380     5.7458  0.000e+00
    185.648    14.5217   4.331179    35.7199       1381     5.7500  0.000e+00
    185.763    14.4943   4.329597    35.7306       1382     5.7542  0.000e+00
    185.892    14.4690   4.328299    35.7418       1383     5.7583  0.000e+00
    186.026    14.4477   4.326566    35.7453       1384     5.7625  0.000e+00
    186.160    14.4288   4.322057    35.7210       1385     5.7667  0.000e+00
    186.306    14.4074   4.300025    35.5367       1386     5.7708  0.000e+00
    186.364    14.3515   4.277847    35.3827       1387     5.7750  0.000e+00
    186.386    14.2463   4.268697    35.3942       1388     5.7792  0.000e+00
    186.333    14.1266   4.256714    35.3926       1389     5.7833  0.000e+00
    186.270    14.0110   4.261759    35.5462       1390     5.7875  0.000e+00
    186.248    13.9250   4.266504    35.6702       1391     5.7917  0.000e+00
    186.224    13.8835   4.272961    35.7693       1392     5.7958  0.000e+00
    186.212    13.8735   4.276019    35.8072       1393     5.8000  0.000e+00
    186.178    13.8870   4.278596    35.8188       1394     5.8042  0.000e+00
    186.123    13.9065   4.275963    35.7760       1395     5.8083  0.000e+00
    186.081    13.9192   4.280995    35.8113       1396     5.8125  0.000e+00
    186.036    13.9336   4.297662    35.9540       1397     5.8167  0.000e+00
    185.987    13.9816   4.306108    35.9883       1398     5.8208  0.000e+00
    185.940    14.0473   4.315410    36.0138       1399     5.8250  0.000e+00
    185.889    14.1210   4.320750    35.9948       1400     5.8292  0.000e+00
    185.836    14.1921   4.322861    35.9481       1401     5.8333  0.000e+00
    185.783    14.2508   4.324911    35.9125       1402     5.8375  0.000e+00
    185.727    14.2956   4.327666    35.8966       1403     5.8417  0.000e+00
    185.674    14.3313   4.332584    35.9091       1404     5.8458  0.000e+00
    185.623    14.3673   4.335694    35.9045       1405     5.8500  0.000e+00
    185.564    14.4037   4.338839    35.8999       1406     5.8542  0.000e+00
    185.505    14.4380   4.342400    35.9011       1407     5.8583  0.000e+00
    185.435    14.4718   4.345429    35.8979       1408     5.8625  0.000e+00
    185.355    14.5055   4.347823    35.8889       1409     5.8667  0.000e+00
    185.266    14.5375   4.348577    35.8662       1410     5.8708  0.000e+00
    185.169    14.5633   4.348604    35.8426       1411     5.8750  0.000e+00
    185.058    14.5817   4.349130    35.8306       1412     5.8792  0.000e+00
    184.944    14.5940   4.349988    35.8272       1413     5.8833  0.000e+00
    184.818    14.6044   4.350521    35.8225       1414     5.8875  0.000e+00
    184.695    14.6132   4.351372    35.8223       1415     5.8917  0.000e+00
    184.552    14.6217   4.352362    35.8237       1416     5.8958  0.000e+00
    184.412    14.6304   4.354529    35.8357       1417     5.9000  0.000e+00
    184.261    14.6430   4.355443    35.8326       1418     5.9042  0.000e+00
    184.110    14.6561   4.356454    35.8298       1419     5.9083  0.000e+00
    183.954    14.6688   4.356883    35.8222       1420     5.9125  0.000e+00
    183.802    14.6797   4.357160    35.8148       1421     5.9167  0.000e+00
    183.659    14.6879   4.357104    35.8068       1422     5.9208  0.000e+00
    183.528    14.6934   4.357776    35.8079       1423     5.9250  0.000e+00
    183.414    14.6983   4.358192    35.8073       1424     5.9292  0.000e+00
    183.303    14.7029   4.358344    35.8045       1425     5.9333  0.000e+00
    183.224    14.7072   4.358371    35.8008       1426     5.9375  0.000e+00
    183.148    14.7099   4.358489    35.7994       1427     5.9417  0.000e+00
    183.090    14.7121   4.358600    35.7985       1428     5.9458  0.000e+00
    183.040    14.7136   4.358725    35.7982       1429     5.9500  0.000e+00
    182.993    14.7152   4.358773    35.7972       1430     5.9542  0.000e+00
    182.947    14.7165   4.358912    35.7973       1431     5.9583  0.000e+00
    182.896    14.7175   4.359050    35.7977       1432     5.9625  0.000e+00
    182.840    14.7187   4.359154    35.7976       1433     5.9667  0.000e+00
    182.779    14.7198   4.359182    35.7968       1434     5.9708  0.000e+00
    182.709    14.7209   4.359202    35.7960       1435     5.9750  0.000e+00
    182.632    14.7216   4.359279    35.7961       1436     5.9792  0.000e+00
    182.552    14.7224   4.359355    35.7962       1437     5.9833  0.000e+00
    182.458    14.7231   4.359535    35.7972       1438     5.9875  0.000e+00
    182.356    14.7237   4.359680    35.7980       1439     5.9917  0.000e+00
    182.257    14.7249   4.359937    35.7993       1440     5.9958  0.000e+00
    182.149    14.7268   4.360117    35.7993       1441     6.0000  0.000e+00
    182.031    14.7285   4.360193    35.7984       1442     6.0042  0.000e+00
    181.908    14.7302   4.360269    35.7976       1443     6.0083  0.000e+00
    181.772    14.7317   4.360532    35.7987       1444     6.0125  0.000e+00
    181.634    14.7332   4.360269    35.7950       1445     6.0167  0.000e+00
