HB2502/sbe113.cnv
* Sea-Bird SBE 19plus V2 Data File:
* FileName = C:\cruise\data\sbe113.hex
* Software Version Seasave V 7.26.7.121
* Temperature SN = 6128
* Conductivity SN = 6128
* System UpLoad Time = Apr 19 2025 09:36:25
* NMEA Latitude = 42 47.60 N
* NMEA Longitude = 070 40.19 W
* NMEA UTC (Time) = Apr 19 2025  09:35:45
** Ship: Henry Bigelow
** Cruise:  HB2502
** Program:  Spring Bottom Trawl
# nquan = 7
# nvalues = 1109                                  
# units = specified
# name 0 = depSM: Depth [salt water, m]
# name 1 = tv290C: Temperature [ITS-90, deg C]
# name 2 = c0S/m: Conductivity [S/m]
# name 3 = sal00: Salinity, Practical [PSU]
# name 4 = scan: Scan Count
# name 5 = timeM: Time, Elapsed [minutes]
# name 6 = flag:  0.000e+00
# span 0 =      0.618,     56.847                 
# span 1 =     3.9149,     7.7832                 
# span 2 =   2.450382,   3.090693                 
# span 3 =    22.9270,    32.5810                 
# span 4 =         11,       1119                 
# span 5 =     0.0417,     4.6583                 
# span 6 = 0.0000e+00, 0.0000e+00                 
# interval = seconds: 0.25
# start_time = Apr 19 2025 09:35:45 [NMEA time, header]
# bad_flag = -9.990e-29
*END*
[from data line 411]
      0.993     6.4543   2.735048    26.8303        422     1.7542  0.000e+00
      0.987     6.4402   2.726440    26.7485        423     1.7583  0.000e+00
      0.994     6.4382   2.716083    26.6381        424     1.7625  0.000e+00
      1.012     6.4508   2.712237    26.5869        425     1.7667  0.000e+00
      1.069     6.4716   2.721219    26.6675        426     1.7708  0.000e+00
      1.200     6.4821   2.730040    26.7543        427     1.7750  0.000e+00
      1.378     6.4759   2.749867    26.9731        428     1.7792  0.000e+00
      1.597     6.4514   2.779195    27.3096        429     1.7833  0.000e+00
      1.794     6.3999   2.797335    27.5474        430     1.7875  0.000e+00
      1.957     6.3310   2.799475    27.6263        431     1.7917  0.000e+00
      2.076     6.2681   2.812519    27.8195        432     1.7958  0.000e+00
      2.188     6.2130   2.824827    27.9989        433     1.8000  0.000e+00
      2.340     6.1601   2.825364    28.0483        434     1.8042  0.000e+00
      2.534     6.1131   2.869402    28.5700        435     1.8083  0.000e+00
      2.745     6.0527   2.929075    29.2780        436     1.8125  0.000e+00
      2.942     5.9343   2.940358    29.5055        437     1.8167  0.000e+00
      3.134     5.7999   2.939625    29.6148        438     1.8208  0.000e+00
      3.317     5.6950   2.940112    29.7123        439     1.8250  0.000e+00
      3.534     5.6235   2.960818    30.0070        440     1.8292  0.000e+00
      3.780     5.5610   2.973027    30.1995        441     1.8333  0.000e+00
      4.013     5.4913   2.970922    30.2385        442     1.8375  0.000e+00
      4.235     5.4349   2.970483    30.2843        443     1.8417  0.000e+00
      4.426     5.3980   2.971803    30.3325        444     1.8458  0.000e+00
      4.610     5.3737   2.975670    30.3979        445     1.8500  0.000e+00
      4.814     5.3523   2.976224    30.4235        446     1.8542  0.000e+00
      5.028     5.3315   2.979521    30.4796        447     1.8583  0.000e+00
      5.234     5.3113   2.981117    30.5159        448     1.8625  0.000e+00
      5.418     5.2924   2.983756    30.5629        449     1.8667  0.000e+00
      5.577     5.2730   2.984560    30.5896        450     1.8708  0.000e+00
      5.744     5.2544   2.984447    30.6053        451     1.8750  0.000e+00
      5.927     5.2406   2.984346    30.6167        452     1.8792  0.000e+00
      6.129     5.2312   2.985067    30.6334        453     1.8833  0.000e+00
      6.318     5.2247   2.986658    30.6573        454     1.8875  0.000e+00
      6.492     5.2143   2.987171    30.6725        455     1.8917  0.000e+00
      6.657     5.1981   2.987177    30.6874        456     1.8958  0.000e+00
      6.832     5.1789   2.986998    30.7030        457     1.9000  0.000e+00
      7.035     5.1634   2.986623    30.7129        458     1.9042  0.000e+00
      7.238     5.1495   2.985479    30.7126        459     1.9083  0.000e+00
      7.437     5.1285   2.985354    30.7303        460     1.9125  0.000e+00
      7.620     5.1073   2.985557    30.7521        461     1.9167  0.000e+00
      7.788     5.0943   2.985218    30.7601        462     1.9208  0.000e+00
      7.972     5.0861   2.985182    30.7672        463     1.9250  0.000e+00
      8.162     5.0799   2.984724    30.7676        464     1.9292  0.000e+00
      8.360     5.0747   2.982669    30.7489        465     1.9333  0.000e+00
      8.541     5.0596   2.982961    30.7660        466     1.9375  0.000e+00
      8.713     5.0445   2.983027    30.7807        467     1.9417  0.000e+00
      8.879     5.0332   2.983616    30.7977        468     1.9458  0.000e+00
      9.056     5.0282   2.983009    30.7954        469     1.9500  0.000e+00
      9.243     5.0245   2.981520    30.7817        470     1.9542  0.000e+00
      9.435     5.0145   2.980722    30.7818        471     1.9583  0.000e+00
      9.618     4.9988   2.981104    30.8006        472     1.9625  0.000e+00
      9.808     4.9844   2.981306    30.8161        473     1.9667  0.000e+00
      9.985     4.9755   2.981318    30.8244        474     1.9708  0.000e+00
     10.184     4.9709   2.981027    30.8252        475     1.9750  0.000e+00
     10.395     4.9662   2.980158    30.8196        476     1.9792  0.000e+00
     10.611     4.9573   2.980354    30.8300        477     1.9833  0.000e+00
     10.826     4.9469   2.980372    30.8396        478     1.9875  0.000e+00
     11.034     4.9395   2.980575    30.8488        479     1.9917  0.000e+00
     11.250     4.9351   2.980593    30.8529        480     1.9958  0.000e+00
     11.468     4.9331   2.980242    30.8506        481     2.0000  0.000e+00
     11.700     4.9302   2.980158    30.8523        482     2.0042  0.000e+00
     11.920     4.9249   2.980224    30.8578        483     2.0083  0.000e+00
     12.136     4.9203   2.980057    30.8601        484     2.0125  0.000e+00
     12.340     4.9160   2.980111    30.8646        485     2.0167  0.000e+00
     12.528     4.9123   2.979980    30.8664        486     2.0208  0.000e+00
     12.724     4.9092   2.979808    30.8673        487     2.0250  0.000e+00
     12.912     4.9057   2.979879    30.8712        488     2.0292  0.000e+00
     13.081     4.9023   2.979284    30.8675        489     2.0333  0.000e+00
     13.236     4.8972   2.979034    30.8692        490     2.0375  0.000e+00
     13.388     4.8897   2.979022    30.8760        491     2.0417  0.000e+00
     13.537     4.8831   2.978915    30.8809        492     2.0458  0.000e+00
     13.685     4.8777   2.978689    30.8833        493     2.0500  0.000e+00
     13.838     4.8723   2.978481    30.8858        494     2.0542  0.000e+00
     13.986     4.8664   2.978517    30.8916        495     2.0583  0.000e+00
     14.137     4.8606   2.977886    30.8897        496     2.0625  0.000e+00
     14.294     4.8503   2.977213    30.8915        497     2.0667  0.000e+00
     14.469     4.8341   2.977255    30.9069        498     2.0708  0.000e+00
     14.657     4.8150   2.976952    30.9211        499     2.0750  0.000e+00
     14.859     4.7962   2.976446    30.9328        500     2.0792  0.000e+00
     15.061     4.7723   2.975382    30.9427        501     2.0833  0.000e+00
     15.269     4.7433   2.975025    30.9656        502     2.0875  0.000e+00
     15.497     4.7090   2.974823    30.9953        503     2.0917  0.000e+00
     15.725     4.6786   2.974282    31.0174        504     2.0958  0.000e+00
     15.967     4.6494   2.972843    31.0280        505     2.1000  0.000e+00
     16.193     4.6164   2.971642    31.0450        506     2.1042  0.000e+00
     16.416     4.5778   2.971404    31.0783        507     2.1083  0.000e+00
     16.636     4.5420   2.970085    31.0966        508     2.1125  0.000e+00
     16.854     4.5091   2.969651    31.1225        509     2.1167  0.000e+00
     17.066     4.4786   2.969954    31.1547        510     2.1208  0.000e+00
     17.264     4.4557   2.969420    31.1700        511     2.1250  0.000e+00
     17.446     4.4389   2.969563    31.1874        512     2.1292  0.000e+00
     17.621     4.4256   2.969081    31.1943        513     2.1333  0.000e+00
     17.790     4.4152   2.968612    31.1986        514     2.1375  0.000e+00
     17.956     4.4023   2.968374    31.2080        515     2.1417  0.000e+00
     18.108     4.3846   2.968018    31.2205        516     2.1458  0.000e+00
     18.258     4.3656   2.968119    31.2397        517     2.1500  0.000e+00
     18.405     4.3484   2.968464    31.2599        518     2.1542  0.000e+00
     18.551     4.3380   2.968476    31.2698        519     2.1583  0.000e+00
     18.706     4.3304   2.969059    31.2838        520     2.1625  0.000e+00
     18.867     4.3225   2.971229    31.3165        521     2.1667  0.000e+00
     19.036     4.3126   2.973686    31.3544        522     2.1708  0.000e+00
     19.216     4.3017   2.975310    31.3836        523     2.1750  0.000e+00
     19.405     4.2916   2.975863    31.3996        524     2.1792  0.000e+00
     19.605     4.2842   2.976209    31.4105        525     2.1833  0.000e+00
     19.821     4.2807   2.976572    31.4180        526     2.1875  0.000e+00
     20.040     4.2791   2.977328    31.4283        527     2.1917  0.000e+00
     20.268     4.2769   2.979018    31.4500        528     2.1958  0.000e+00
     20.496     4.2730   2.980096    31.4661        529     2.2000  0.000e+00
     20.727     4.2682   2.980423    31.4745        530     2.2042  0.000e+00
     20.961     4.2644   2.981674    31.4926        531     2.2083  0.000e+00
     21.193     4.2603   2.982061    31.5009        532     2.2125  0.000e+00
     21.409     4.2562   2.982085    31.5050        533     2.2167  0.000e+00
     21.620     4.2533   2.982377    31.5111        534     2.2208  0.000e+00
     21.830     4.2505   2.983020    31.5211        535     2.2250  0.000e+00
     22.020     4.2468   2.983646    31.5319        536     2.2292  0.000e+00
     22.199     4.2413   2.983735    31.5382        537     2.2333  0.000e+00
     22.370     4.2364   2.983765    31.5431        538     2.2375  0.000e+00
     22.533     4.2327   2.983938    31.5486        539     2.2417  0.000e+00
     22.694     4.2303   2.984557    31.5581        540     2.2458  0.000e+00
     22.848     4.2286   2.985213    31.5673        541     2.2500  0.000e+00
     23.002     4.2258   2.984974    31.5671        542     2.2542  0.000e+00
     23.155     4.2229   2.984986    31.5700        543     2.2583  0.000e+00
     23.310     4.2200   2.986118    31.5859        544     2.2625  0.000e+00
     23.478     4.2170   2.986810    31.5968        545     2.2667  0.000e+00
     23.652     4.2136   2.988020    31.6140        546     2.2708  0.000e+00
     23.836     4.2099   2.988890    31.6278        547     2.2750  0.000e+00
     24.019     4.2061   2.989349    31.6366        548     2.2792  0.000e+00
     24.216     4.2031   2.990171    31.6490        549     2.2833  0.000e+00
     24.423     4.1990   2.990714    31.6592        550     2.2875  0.000e+00
     24.630     4.1948   2.990756    31.6637        551     2.2917  0.000e+00
     24.844     4.1912   2.991126    31.6714        552     2.2958  0.000e+00
     25.049     4.1864   2.991394    31.6790        553     2.3000  0.000e+00
     25.258     4.1837   2.991692    31.6851        554     2.3042  0.000e+00
     25.466     4.1819   2.991967    31.6899        555     2.3083  0.000e+00
     25.675     4.1774   2.992295    31.6980        556     2.3125  0.000e+00
     25.878     4.1695   2.992366    31.7063        557     2.3167  0.000e+00
     26.070     4.1625   2.992557    31.7152        558     2.3208  0.000e+00
     26.258     4.1578   2.992700    31.7213        559     2.3250  0.000e+00
     26.441     4.1538   2.993160    31.7305        560     2.3292  0.000e+00
     26.629     4.1502   2.994037    31.7441        561     2.3333  0.000e+00
     26.805     4.1475   2.993667    31.7424        562     2.3375  0.000e+00
     26.983     4.1459   2.993917    31.7467        563     2.3417  0.000e+00
     27.152     4.1445   2.994496    31.7547        564     2.3458  0.000e+00
     27.324     4.1416   2.994711    31.7600        565     2.3500  0.000e+00
     27.504     4.1383   2.995230    31.7691        566     2.3542  0.000e+00
     27.685     4.1360   2.996083    31.7813        567     2.3583  0.000e+00
     27.864     4.1342   2.997342    31.7977        568     2.3625  0.000e+00
     28.052     4.1313   2.998810    31.8177        569     2.3667  0.000e+00
     28.240     4.1274   2.998744    31.8206        570     2.3708  0.000e+00
     28.438     4.1241   2.999091    31.8277        571     2.3750  0.000e+00
     28.646     4.1214   2.999801    31.8385        572     2.3792  0.000e+00
     28.853     4.1173   3.000225    31.8474        573     2.3833  0.000e+00
     29.066     4.1141   3.000875    31.8581        574     2.3875  0.000e+00
     29.278     4.1116   3.000732    31.8587        575     2.3917  0.000e+00
     29.486     4.1090   3.000858    31.8625        576     2.3958  0.000e+00
     29.697     4.1056   3.000959    31.8669        577     2.4000  0.000e+00
     29.907     4.1012   3.000906    31.8705        578     2.4042  0.000e+00
     30.113     4.0954   3.000040    31.8658        579     2.4083  0.000e+00
     30.308     4.0871   3.000237    31.8762        580     2.4125  0.000e+00
     30.504     4.0786   2.999790    31.8790        581     2.4167  0.000e+00
     30.692     4.0702   2.999605    31.8850        582     2.4208  0.000e+00
     30.875     4.0626   2.999545    31.8916        583     2.4250  0.000e+00
     31.047     4.0567   2.999319    31.8945        584     2.4292  0.000e+00
     31.213     4.0512   2.999546    31.9025        585     2.4333  0.000e+00
     31.378     4.0464   2.999546    31.9070        586     2.4375  0.000e+00
     31.539     4.0421   2.999605    31.9118        587     2.4417  0.000e+00
     31.698     4.0382   2.999623    31.9158        588     2.4458  0.000e+00
     31.856     4.0340   2.999624    31.9198        589     2.4500  0.000e+00
     32.019     4.0300   2.999642    31.9238        590     2.4542  0.000e+00
     32.183     4.0263   2.999403    31.9246        591     2.4583  0.000e+00
     32.357     4.0222   2.999093    31.9248        592     2.4625  0.000e+00
     32.542     4.0159   2.998436    31.9231        593     2.4667  0.000e+00
     32.726     4.0075   2.998108    31.9273        594     2.4708  0.000e+00
     32.921     3.9985   2.997565    31.9296        595     2.4750  0.000e+00
     33.119     3.9897   2.997452    31.9368        596     2.4792  0.000e+00
     33.329     3.9814   2.997870    31.9497        597     2.4833  0.000e+00
     33.546     3.9747   2.998168    31.9596        598     2.4875  0.000e+00
     33.765     3.9699   2.999434    31.9791        599     2.4917  0.000e+00
     33.984     3.9670   3.001254    32.0033        600     2.4958  0.000e+00
     34.203     3.9671   3.000908    31.9990        601     2.5000  0.000e+00
     34.422     3.9690   3.002329    32.0138        602     2.5042  0.000e+00
     34.635     3.9715   3.003207    32.0216        603     2.5083  0.000e+00
     34.847     3.9760   3.004306    32.0300        604     2.5125  0.000e+00
     35.046     3.9814   3.004324    32.0248        605     2.5167  0.000e+00
     35.232     3.9862   3.004533    32.0225        606     2.5208  0.000e+00
     35.413     3.9899   3.004825    32.0222        607     2.5250  0.000e+00
     35.586     3.9929   3.004849    32.0195        608     2.5292  0.000e+00
     35.764     3.9949   3.005064    32.0199        609     2.5333  0.000e+00
     35.932     3.9967   3.005076    32.0183        610     2.5375  0.000e+00
     36.090     3.9980   3.005464    32.0215        611     2.5417  0.000e+00
     36.249     3.9991   3.005793    32.0242        612     2.5458  0.000e+00
     36.415     4.0004   3.006175    32.0274        613     2.5500  0.000e+00
     36.591     4.0018   3.006522    32.0299        614     2.5542  0.000e+00
     36.765     4.0036   3.006946    32.0331        615     2.5583  0.000e+00
     36.952     4.0055   3.007179    32.0339        616     2.5625  0.000e+00
     37.139     4.0072   3.007424    32.0351        617     2.5667  0.000e+00
     37.335     4.0080   3.007537    32.0355        618     2.5708  0.000e+00
     37.537     4.0083   3.007782    32.0380        619     2.5750  0.000e+00
     37.751     4.0088   3.008117    32.0413        620     2.5792  0.000e+00
     37.964     4.0097   3.008535    32.0452        621     2.5833  0.000e+00
     38.179     4.0106   3.008763    32.0470        622     2.5875  0.000e+00
     38.392     4.0115   3.009055    32.0493        623     2.5917  0.000e+00
     38.600     4.0123   3.009826    32.0575        624     2.5958  0.000e+00
     38.805     4.0136   3.009934    32.0575        625     2.6000  0.000e+00
