HB2502/sbe119.cnv
* Sea-Bird SBE 19plus V2 Data File:
* FileName = C:\cruise\data\sbe119.hex
* Software Version Seasave V 7.26.7.121
* Temperature SN = 6128
* Conductivity SN = 6128
* System UpLoad Time = Apr 19 2025 22:46:05
* NMEA Latitude = 43 01.59 N
* NMEA Longitude = 070 22.80 W
* NMEA UTC (Time) = Apr 19 2025  22:45:25
** Ship: Henry Bigelow
** Cruise:  HB2502
** Program:  Spring Bottom Trawl
# nquan = 7
# nvalues = 3085                                  
# units = specified
# name 0 = depSM: Depth [salt water, m]
# name 1 = tv290C: Temperature [ITS-90, deg C]
# name 2 = c0S/m: Conductivity [S/m]
# name 3 = sal00: Salinity, Practical [PSU]
# name 4 = scan: Scan Count
# name 5 = timeM: Time, Elapsed [minutes]
# name 6 = flag:  0.000e+00
# span 0 =     -0.275,    112.483                 
# span 1 =     3.6092,    12.8123                 
# span 2 =   0.005914,   3.377180                 
# span 3 =     0.0385,    33.5069                 
# span 4 =         11,       3095                 
# span 5 =     0.0417,    12.8917                 
# span 6 = 0.0000e+00, 0.0000e+00                 
# interval = seconds: 0.25
# start_time = Apr 19 2025 22:45:25 [NMEA time, header]
# bad_flag = -9.990e-29
*END*
[from data line 1847]
     65.851     3.7297   3.026636    32.5214       1858     7.7375  0.000e+00
     65.819     3.7296   3.026660    32.5217       1859     7.7417  0.000e+00
     65.772     3.7297   3.026654    32.5216       1860     7.7458  0.000e+00
     65.728     3.7298   3.026618    32.5211       1861     7.7500  0.000e+00
     65.692     3.7299   3.026636    32.5213       1862     7.7542  0.000e+00
     65.653     3.7297   3.026636    32.5215       1863     7.7583  0.000e+00
     65.617     3.7298   3.026636    32.5214       1864     7.7625  0.000e+00
     65.572     3.7299   3.026654    32.5215       1865     7.7667  0.000e+00
     65.531     3.7300   3.026636    32.5212       1866     7.7708  0.000e+00
     65.489     3.7299   3.026636    32.5214       1867     7.7750  0.000e+00
     65.440     3.7300   3.026654    32.5216       1868     7.7792  0.000e+00
     65.384     3.7302   3.026678    32.5216       1869     7.7833  0.000e+00
     65.319     3.7303   3.026677    32.5216       1870     7.7875  0.000e+00
     65.251     3.7304   3.026695    32.5217       1871     7.7917  0.000e+00
     65.172     3.7306   3.026677    32.5213       1872     7.7958  0.000e+00
     65.086     3.7308   3.026713    32.5216       1873     7.8000  0.000e+00
     65.007     3.7310   3.026731    32.5217       1874     7.8042  0.000e+00
     64.921     3.7310   3.026761    32.5220       1875     7.8083  0.000e+00
     64.837     3.7314   3.026695    32.5209       1876     7.8125  0.000e+00
     64.760     3.7317   3.026635    32.5199       1877     7.8167  0.000e+00
     64.693     3.7317   3.026617    32.5198       1878     7.8208  0.000e+00
     64.617     3.7317   3.026599    32.5196       1879     7.8250  0.000e+00
     64.558     3.7317   3.026617    32.5199       1880     7.8292  0.000e+00
     64.495     3.7317   3.026581    32.5195       1881     7.8333  0.000e+00
     64.442     3.7315   3.026557    32.5194       1882     7.8375  0.000e+00
     64.392     3.7315   3.026504    32.5188       1883     7.8417  0.000e+00
     64.348     3.7314   3.026468    32.5185       1884     7.8458  0.000e+00
     64.304     3.7310   3.026480    32.5190       1885     7.8500  0.000e+00
     64.259     3.7308   3.026444    32.5188       1886     7.8542  0.000e+00
     64.217     3.7308   3.026408    32.5184       1887     7.8583  0.000e+00
     64.178     3.7308   3.026396    32.5183       1888     7.8625  0.000e+00
     64.138     3.7305   3.026354    32.5182       1889     7.8667  0.000e+00
     64.100     3.7304   3.026294    32.5176       1890     7.8708  0.000e+00
     64.056     3.7302   3.026180    32.5165       1891     7.8750  0.000e+00
     64.010     3.7298   3.025970    32.5143       1892     7.8792  0.000e+00
     63.956     3.7290   3.025833    32.5135       1893     7.8833  0.000e+00
     63.898     3.7281   3.025611    32.5118       1894     7.8875  0.000e+00
     63.838     3.7269   3.025575    32.5126       1895     7.8917  0.000e+00
     63.771     3.7255   3.025324    32.5111       1896     7.8958  0.000e+00
     63.704     3.7242   3.025132    32.5101       1897     7.9000  0.000e+00
     63.623     3.7226   3.025108    32.5115       1898     7.9042  0.000e+00
     63.558     3.7212   3.024845    32.5098       1899     7.9083  0.000e+00
     63.478     3.7197   3.024767    32.5104       1900     7.9125  0.000e+00
     63.402     3.7187   3.024294    32.5059       1901     7.9167  0.000e+00
     63.324     3.7166   3.023324    32.4964       1902     7.9208  0.000e+00
     63.246     3.7129   3.023522    32.5025       1903     7.9250  0.000e+00
     63.172     3.7095   3.022414    32.4928       1904     7.9292  0.000e+00
     63.101     3.7048   3.022079    32.4935       1905     7.9333  0.000e+00
     63.033     3.6997   3.021367    32.4902       1906     7.9375  0.000e+00
     62.962     3.6945   3.020529    32.4854       1907     7.9417  0.000e+00
     62.889     3.6884   3.020451    32.4906       1908     7.9458  0.000e+00
     62.821     3.6832   3.019979    32.4902       1909     7.9500  0.000e+00
     62.757     3.6785   3.019572    32.4901       1910     7.9542  0.000e+00
     62.688     3.6739   3.018459    32.4815       1911     7.9583  0.000e+00
     62.621     3.6683   3.017968    32.4813       1912     7.9625  0.000e+00
     62.558     3.6619   3.017968    32.4877       1913     7.9667  0.000e+00
     62.487     3.6565   3.017795    32.4910       1914     7.9708  0.000e+00
     62.428     3.6527   3.017586    32.4924       1915     7.9750  0.000e+00
     62.369     3.6501   3.017586    32.4950       1916     7.9792  0.000e+00
     62.309     3.6477   3.016808    32.4882       1917     7.9833  0.000e+00
     62.259     3.6446   3.016748    32.4905       1918     7.9875  0.000e+00
     62.202     3.6415   3.015935    32.4840       1919     7.9917  0.000e+00
     62.157     3.6379   3.015684    32.4846       1920     7.9958  0.000e+00
     62.106     3.6337   3.015672    32.4887       1921     8.0000  0.000e+00
     62.059     3.6303   3.015522    32.4903       1922     8.0042  0.000e+00
     62.008     3.6280   3.015367    32.4908       1923     8.0083  0.000e+00
     61.960     3.6258   3.015175    32.4908       1924     8.0125  0.000e+00
     61.906     3.6239   3.015367    32.4950       1925     8.0167  0.000e+00
     61.849     3.6224   3.015462    32.4976       1926     8.0208  0.000e+00
     61.784     3.6222   3.015301    32.4959       1927     8.0250  0.000e+00
     61.719     3.6219   3.014799    32.4903       1928     8.0292  0.000e+00
     61.641     3.6205   3.014876    32.4927       1929     8.0333  0.000e+00
     61.561     3.6190   3.014984    32.4954       1930     8.0375  0.000e+00
     61.483     3.6184   3.014422    32.4894       1931     8.0417  0.000e+00
     61.391     3.6168   3.014224    32.4887       1932     8.0458  0.000e+00
     61.309     3.6149   3.014189    32.4903       1933     8.0500  0.000e+00
     61.226     3.6132   3.014003    32.4897       1934     8.0542  0.000e+00
     61.144     3.6116   3.013985    32.4912       1935     8.0583  0.000e+00
     61.066     3.6104   3.014003    32.4926       1936     8.0625  0.000e+00
     60.995     3.6096   3.014105    32.4947       1937     8.0667  0.000e+00
     60.932     3.6092   3.014153    32.4956       1938     8.0708  0.000e+00
     60.876     3.6095   3.014183    32.4958       1939     8.0750  0.000e+00
     60.821     3.6100   3.014171    32.4951       1940     8.0792  0.000e+00
     60.768     3.6104   3.014284    32.4962       1941     8.0833  0.000e+00
     60.723     3.6108   3.014398    32.4971       1942     8.0875  0.000e+00
     60.672     3.6118   3.014535    32.4978       1943     8.0917  0.000e+00
     60.619     3.6129   3.014523    32.4965       1944     8.0958  0.000e+00
     60.567     3.6138   3.014685    32.4976       1945     8.1000  0.000e+00
     60.512     3.6149   3.014721    32.4970       1946     8.1042  0.000e+00
     60.455     3.6159   3.014703    32.4957       1947     8.1083  0.000e+00
     60.392     3.6166   3.014876    32.4972       1948     8.1125  0.000e+00
     60.328     3.6174   3.014882    32.4965       1949     8.1167  0.000e+00
     60.259     3.6183   3.015289    32.5005       1950     8.1208  0.000e+00
     60.189     3.6198   3.015300    32.4992       1951     8.1250  0.000e+00
     60.120     3.6215   3.015540    32.5004       1952     8.1292  0.000e+00
     60.051     3.6233   3.015665    32.5001       1953     8.1333  0.000e+00
     59.983     3.6252   3.015725    32.4989       1954     8.1375  0.000e+00
     59.913     3.6268   3.015862    32.4990       1955     8.1417  0.000e+00
     59.845     3.6283   3.015964    32.4987       1956     8.1458  0.000e+00
     59.774     3.6297   3.016066    32.4986       1957     8.1500  0.000e+00
     59.702     3.6312   3.016287    32.4998       1958     8.1542  0.000e+00
     59.635     3.6327   3.016640    32.5025       1959     8.1583  0.000e+00
     59.568     3.6350   3.017035    32.5050       1960     8.1625  0.000e+00
     59.495     3.6377   3.017328    32.5059       1961     8.1667  0.000e+00
     59.430     3.6410   3.017645    32.5063       1962     8.1708  0.000e+00
     59.354     3.6445   3.018129    32.5087       1963     8.1750  0.000e+00
     59.285     3.6483   3.018727    32.5120       1964     8.1792  0.000e+00
     59.198     3.6527   3.019008    32.5110       1965     8.1833  0.000e+00
     59.116     3.6576   3.019308    32.5097       1966     8.1875  0.000e+00
     59.037     3.6622   3.019601    32.5087       1967     8.1917  0.000e+00
     58.951     3.6664   3.019810    32.5070       1968     8.1958  0.000e+00
     58.864     3.6701   3.019960    32.5051       1969     8.2000  0.000e+00
     58.775     3.6736   3.020073    32.5031       1970     8.2042  0.000e+00
     58.699     3.6760   3.020223    32.5025       1971     8.2083  0.000e+00
     58.623     3.6783   3.020336    32.5016       1972     8.2125  0.000e+00
     58.551     3.6802   3.020432    32.5009       1973     8.2167  0.000e+00
     58.478     3.6819   3.020528    32.5003       1974     8.2208  0.000e+00
     58.418     3.6833   3.020612    32.4999       1975     8.2250  0.000e+00
     58.362     3.6850   3.020641    32.4986       1976     8.2292  0.000e+00
     58.312     3.6860   3.020641    32.4977       1977     8.2333  0.000e+00
     58.260     3.6869   3.020611    32.4965       1978     8.2375  0.000e+00
     58.207     3.6875   3.020570    32.4954       1979     8.2417  0.000e+00
     58.156     3.6875   3.020510    32.4947       1980     8.2458  0.000e+00
     58.105     3.6875   3.020528    32.4949       1981     8.2500  0.000e+00
     58.060     3.6876   3.020546    32.4950       1982     8.2542  0.000e+00
     58.006     3.6878   3.020593    32.4955       1983     8.2583  0.000e+00
     57.940     3.6880   3.020683    32.4964       1984     8.2625  0.000e+00
     57.880     3.6887   3.020713    32.4961       1985     8.2667  0.000e+00
     57.816     3.6894   3.020773    32.4961       1986     8.2708  0.000e+00
     57.749     3.6903   3.020911    32.4969       1987     8.2750  0.000e+00
     57.678     3.6913   3.020815    32.4948       1988     8.2792  0.000e+00
     57.604     3.6922   3.020641    32.4919       1989     8.2833  0.000e+00
     57.521     3.6924   3.020551    32.4906       1990     8.2875  0.000e+00
     57.446     3.6922   3.020527    32.4905       1991     8.2917  0.000e+00
     57.354     3.6921   3.020833    32.4944       1992     8.2958  0.000e+00
     57.272     3.6924   3.021311    32.4998       1993     8.3000  0.000e+00
     57.189     3.6944   3.021706    32.5025       1994     8.3042  0.000e+00
     57.097     3.6976   3.021976    32.5026       1995     8.3083  0.000e+00
     57.008     3.7011   3.022161    32.5013       1996     8.3125  0.000e+00
     56.919     3.7047   3.022275    32.4992       1997     8.3167  0.000e+00
     56.833     3.7078   3.022400    32.4976       1998     8.3208  0.000e+00
     56.754     3.7105   3.022526    32.4965       1999     8.3250  0.000e+00
     56.674     3.7130   3.022640    32.4954       2000     8.3292  0.000e+00
     56.598     3.7149   3.022694    32.4941       2001     8.3333  0.000e+00
     56.534     3.7167   3.022753    32.4931       2002     8.3375  0.000e+00
     56.471     3.7182   3.022819    32.4924       2003     8.3417  0.000e+00
     56.417     3.7195   3.022885    32.4920       2004     8.3458  0.000e+00
     56.364     3.7204   3.022939    32.4917       2005     8.3500  0.000e+00
     56.311     3.7215   3.022999    32.4914       2006     8.3542  0.000e+00
     56.257     3.7224   3.023035    32.4909       2007     8.3583  0.000e+00
     56.197     3.7232   3.023118    32.4912       2008     8.3625  0.000e+00
     56.128     3.7241   3.023226    32.4915       2009     8.3667  0.000e+00
     56.055     3.7251   3.023364    32.4923       2010     8.3708  0.000e+00
     55.975     3.7262   3.023567    32.4936       2011     8.3750  0.000e+00
     55.890     3.7277   3.023777    32.4947       2012     8.3792  0.000e+00
     55.807     3.7296   3.024022    32.4957       2013     8.3833  0.000e+00
     55.721     3.7317   3.024220    32.4960       2014     8.3875  0.000e+00
     55.636     3.7341   3.024447    32.4964       2015     8.3917  0.000e+00
     55.551     3.7366   3.024597    32.4957       2016     8.3958  0.000e+00
     55.476     3.7390   3.024692    32.4945       2017     8.4000  0.000e+00
     55.402     3.7414   3.024806    32.4935       2018     8.4042  0.000e+00
     55.322     3.7435   3.024920    32.4928       2019     8.4083  0.000e+00
     55.244     3.7451   3.024926    32.4912       2020     8.4125  0.000e+00
     55.171     3.7467   3.024423    32.4837       2021     8.4167  0.000e+00
     55.095     3.7470   3.023686    32.4748       2022     8.4208  0.000e+00
     55.021     3.7451   3.023100    32.4697       2023     8.4250  0.000e+00
     54.945     3.7417   3.022639    32.4677       2024     8.4292  0.000e+00
     54.875     3.7375   3.022316    32.4681       2025     8.4333  0.000e+00
     54.806     3.7334   3.021556    32.4632       2026     8.4375  0.000e+00
     54.735     3.7290   3.021232    32.4638       2027     8.4417  0.000e+00
     54.679     3.7247   3.021113    32.4666       2028     8.4458  0.000e+00
     54.612     3.7212   3.021155    32.4706       2029     8.4500  0.000e+00
     54.546     3.7190   3.021352    32.4752       2030     8.4542  0.000e+00
     54.483     3.7180   3.021514    32.4781       2031     8.4583  0.000e+00
     54.423     3.7183   3.021651    32.4795       2032     8.4625  0.000e+00
     54.361     3.7196   3.021651    32.4783       2033     8.4667  0.000e+00
     54.287     3.7208   3.021651    32.4771       2034     8.4708  0.000e+00
     54.216     3.7218   3.021274    32.4716       2035     8.4750  0.000e+00
     54.134     3.7220   3.020718    32.4649       2036     8.4792  0.000e+00
     54.060     3.7205   3.020568    32.4646       2037     8.4833  0.000e+00
     53.982     3.7183   3.020311    32.4638       2038     8.4875  0.000e+00
     53.909     3.7163   3.020035    32.4626       2039     8.4917  0.000e+00
     53.833     3.7139   3.019988    32.4644       2040     8.4958  0.000e+00
     53.760     3.7119   3.019712    32.4632       2041     8.5000  0.000e+00
     53.692     3.7102   3.019748    32.4654       2042     8.5042  0.000e+00
     53.626     3.7090   3.019766    32.4668       2043     8.5083  0.000e+00
     53.561     3.7088   3.019898    32.4686       2044     8.5125  0.000e+00
     53.494     3.7091   3.020329    32.4735       2045     8.5167  0.000e+00
     53.434     3.7106   3.020867    32.4784       2046     8.5208  0.000e+00
     53.367     3.7134   3.021442    32.4825       2047     8.5250  0.000e+00
     53.298     3.7175   3.021837    32.4831       2048     8.5292  0.000e+00
     53.229     3.7222   3.022297    32.4840       2049     8.5333  0.000e+00
     53.151     3.7274   3.022519    32.4815       2050     8.5375  0.000e+00
     53.068     3.7321   3.022656    32.4784       2051     8.5417  0.000e+00
     52.979     3.7359   3.022734    32.4756       2052     8.5458  0.000e+00
     52.890     3.7390   3.022800    32.4734       2053     8.5500  0.000e+00
     52.798     3.7413   3.022944    32.4729       2054     8.5542  0.000e+00
     52.707     3.7431   3.023057    32.4724       2055     8.5583  0.000e+00
     52.616     3.7450   3.023363    32.4742       2056     8.5625  0.000e+00
     52.529     3.7471   3.023644    32.4755       2057     8.5667  0.000e+00
     52.438     3.7497   3.023799    32.4748       2058     8.5708  0.000e+00
     52.355     3.7527   3.024045    32.4748       2059     8.5750  0.000e+00
     52.273     3.7553   3.024260    32.4748       2060     8.5792  0.000e+00
     52.203     3.7581   3.024446    32.4742       2061     8.5833  0.000e+00
