HB2502/sbe125.cnv
* Sea-Bird SBE 19plus V2 Data File:
* FileName = C:\cruise\data\sbe125.hex
* Software Version Seasave V 7.26.7.121
* Temperature SN = 6128
* Conductivity SN = 6128
* System UpLoad Time = Apr 30 2025 18:47:11
* NMEA Latitude = 41 12.23 N
* NMEA Longitude = 067 11.64 W
* NMEA UTC (Time) = Apr 30 2025  18:45:43
** Ship: Henry Bigelow
** Cruise:  HB2502
** Program:  Spring Bottom Trawl
# nquan = 7
# nvalues = 1269                                  
# units = specified
# name 0 = depSM: Depth [salt water, m]
# name 1 = tv290C: Temperature [ITS-90, deg C]
# name 2 = c0S/m: Conductivity [S/m]
# name 3 = sal00: Salinity, Practical [PSU]
# name 4 = scan: Scan Count
# name 5 = timeM: Time, Elapsed [minutes]
# name 6 = flag:  0.000e+00
# span 0 =     -0.022,     55.497                 
# span 1 =     7.1186,     9.7814                 
# span 2 =   0.009741,   3.541281                 
# span 3 =     0.0654,    33.6678                 
# span 4 =         11,       1279                 
# span 5 =     0.0417,     5.3250                 
# span 6 = 0.0000e+00, 0.0000e+00                 
# interval = seconds: 0.25
# start_time = Apr 30 2025 18:45:43 [NMEA time, header]
# bad_flag = -9.990e-29
*END*
[from data line 1231]
      0.293     7.2187   3.312952    32.4279       1242     5.1708  0.000e+00
      0.269     7.2193   3.312877    32.4265       1243     5.1750  0.000e+00
      0.147     7.2198   3.313150    32.4291       1244     5.1792  0.000e+00
      0.002     7.2214   1.788891    16.4902       1245     5.1833  0.000e+00
     -0.022     7.2281   0.632260     5.3671       1246     5.1875  0.000e+00
     -0.014     7.2448   0.364996     2.9853       1247     5.1917  0.000e+00
     -0.018     7.2694   0.315351     2.5542       1248     5.1958  0.000e+00
     -0.022     7.2905   0.273931     2.1988       1249     5.2000  0.000e+00
     -0.018     7.3049   0.262628     2.1020       1250     5.2042  0.000e+00
     -0.016     7.3180   0.244678     1.9496       1251     5.2083  0.000e+00
     -0.018     7.3306   0.225082     1.7844       1252     5.2125  0.000e+00
     -0.016     7.3396   0.206586     1.6295       1253     5.2167  0.000e+00
     -0.014     7.3491   0.192678     1.5137       1254     5.2208  0.000e+00
     -0.012     7.3578   0.184403     1.4449       1255     5.2250  0.000e+00
     -0.008     7.3710   0.181063     1.4168       1256     5.2292  0.000e+00
     -0.005     7.3939   0.185700     1.4541       1257     5.2333  0.000e+00
      0.001     7.4205   0.251652     2.0025       1258     5.2375  0.000e+00
     -0.005     7.4409   0.273028     2.1817       1259     5.2417  0.000e+00
     -0.005     7.4536   0.235945     1.8689       1260     5.2458  0.000e+00
     -0.004     7.4620   0.197500     1.5486       1261     5.2500  0.000e+00
     -0.002     7.4653   0.174468     1.3588       1262     5.2542  0.000e+00
      0.002     7.4660   0.164498     1.2772       1263     5.2583  0.000e+00
     -0.000     7.4655   0.147168     1.1362       1264     5.2625  0.000e+00
     -0.005     7.4634   0.138526     1.0663       1265     5.2667  0.000e+00
     -0.004     7.4602   0.126914     0.9728       1266     5.2708  0.000e+00
     -0.004     7.4571   0.125304     0.9599       1267     5.2750  0.000e+00
     -0.004     7.4542   0.120003     0.9175       1268     5.2792  0.000e+00
     -0.008     7.4510   0.112867     0.8605       1269     5.2833  0.000e+00
     -0.004     7.4484   0.102817     0.7805       1270     5.2875  0.000e+00
     -0.004     7.4466   0.092328     0.6975       1271     5.2917  0.000e+00
     -0.003     7.4454   0.086640     0.6527       1272     5.2958  0.000e+00
     -0.006     7.4442   0.087291     0.6578       1273     5.3000  0.000e+00
     -0.004     7.4426   0.092253     0.6970       1274     5.3042  0.000e+00
     -0.008     7.4395   0.093673     0.7082       1275     5.3083  0.000e+00
     -0.007     7.4366   0.091760     0.6932       1276     5.3125  0.000e+00
     -0.004     7.4339   0.083781     0.6304       1277     5.3167  0.000e+00
     -0.002     7.4330   0.076441     0.5729       1278     5.3208  0.000e+00
     -0.007     7.4324   0.076810     0.5758       1279     5.3250  0.000e+00
