HB2502/sbe132.cnv
* Sea-Bird SBE 19plus V2 Data File:
* FileName = C:\cruise\data\sbe132.hex
* Software Version Seasave V 7.26.7.121
* Temperature SN = 6128
* Conductivity SN = 6128
* System UpLoad Time = May 04 2025 10:37:08
* NMEA Latitude = 41 12.06 N
* NMEA Longitude = 066 22.17 W
* NMEA UTC (Time) = May 04 2025  10:35:44
** Ship: Henry Bigelow
** Cruise:  HB2502
** Program:  Spring Bottom Trawl
# nquan = 7
# nvalues = 1945                                  
# units = specified
# name 0 = depSM: Depth [salt water, m]
# name 1 = tv290C: Temperature [ITS-90, deg C]
# name 2 = c0S/m: Conductivity [S/m]
# name 3 = sal00: Salinity, Practical [PSU]
# name 4 = scan: Scan Count
# name 5 = timeM: Time, Elapsed [minutes]
# name 6 = flag:  0.000e+00
# span 0 =     -0.096,     97.646                 
# span 1 =     6.0083,    11.4455                 
# span 2 =   0.007097,   3.674470                 
# span 3 =     0.0466,    33.8254                 
# span 4 =         11,       1955                 
# span 5 =     0.0417,     8.1417                 
# span 6 = 0.0000e+00, 0.0000e+00                 
# interval = seconds: 0.25
# start_time = May 04 2025 10:35:44 [NMEA time, header]
# bad_flag = -9.990e-29
*END*
[from data line 411]
     59.087     6.6300   3.322619    33.0661        422     1.7542  0.000e+00
     59.251     6.6302   3.322650    33.0662        423     1.7583  0.000e+00
     59.401     6.6307   3.322700    33.0662        424     1.7625  0.000e+00
     59.551     6.6310   3.322861    33.0676        425     1.7667  0.000e+00
     59.696     6.6313   3.322799    33.0665        426     1.7708  0.000e+00
     59.860     6.6318   3.322762    33.0655        427     1.7750  0.000e+00
     60.032     6.6320   3.322799    33.0658        428     1.7792  0.000e+00
     60.217     6.6320   3.322973    33.0676        429     1.7833  0.000e+00
     60.405     6.6324   3.323166    33.0692        430     1.7875  0.000e+00
     60.602     6.6330   3.323203    33.0690        431     1.7917  0.000e+00
     60.816     6.6341   3.323222    33.0680        432     1.7958  0.000e+00
     61.029     6.6347   3.323383    33.0691        433     1.8000  0.000e+00
     61.245     6.6354   3.323501    33.0695        434     1.8042  0.000e+00
     61.462     6.6362   3.323588    33.0697        435     1.8083  0.000e+00
     61.675     6.6371   3.323588    33.0687        436     1.8125  0.000e+00
     61.879     6.6376   3.323626    33.0685        437     1.8167  0.000e+00
     62.068     6.6380   3.323731    33.0692        438     1.8208  0.000e+00
     62.236     6.6384   3.323787    33.0693        439     1.8250  0.000e+00
     62.403     6.6392   3.323775    33.0684        440     1.8292  0.000e+00
     62.556     6.6393   3.323707    33.0675        441     1.8333  0.000e+00
     62.705     6.6394   3.323694    33.0671        442     1.8375  0.000e+00
     62.853     6.6392   3.323651    33.0668        443     1.8417  0.000e+00
     63.014     6.6390   3.323570    33.0660        444     1.8458  0.000e+00
     63.170     6.6385   3.323440    33.0650        445     1.8500  0.000e+00
     63.320     6.6379   3.323353    33.0645        446     1.8542  0.000e+00
     63.481     6.6370   3.323446    33.0663        447     1.8583  0.000e+00
     63.649     6.6365   3.323477    33.0671        448     1.8625  0.000e+00
     63.819     6.6362   3.323459    33.0670        449     1.8667  0.000e+00
     63.998     6.6362   3.323626    33.0688        450     1.8708  0.000e+00
     64.174     6.6365   3.323732    33.0697        451     1.8750  0.000e+00
     64.360     6.6371   3.323800    33.0697        452     1.8792  0.000e+00
     64.548     6.6377   3.323813    33.0692        453     1.8833  0.000e+00
     64.740     6.6384   3.323838    33.0687        454     1.8875  0.000e+00
     64.939     6.6388   3.323869    33.0685        455     1.8917  0.000e+00
     65.134     6.6391   3.323950    33.0690        456     1.8958  0.000e+00
     65.340     6.6393   3.323968    33.0689        457     1.9000  0.000e+00
     65.542     6.6397   3.323993    33.0688        458     1.9042  0.000e+00
     65.749     6.6399   3.324055    33.0692        459     1.9083  0.000e+00
     65.946     6.6402   3.324093    33.0692        460     1.9125  0.000e+00
     66.136     6.6406   3.324111    33.0689        461     1.9167  0.000e+00
     66.325     6.6410   3.324161    33.0690        462     1.9208  0.000e+00
     66.502     6.6412   3.324180    33.0689        463     1.9250  0.000e+00
     66.664     6.6415   3.324174    33.0685        464     1.9292  0.000e+00
     66.815     6.6416   3.324180    33.0684        465     1.9333  0.000e+00
     66.958     6.6416   3.324242    33.0689        466     1.9375  0.000e+00
     67.090     6.6419   3.324155    33.0677        467     1.9417  0.000e+00
     67.222     6.6419   3.324161    33.0676        468     1.9458  0.000e+00
     67.349     6.6417   3.324137    33.0675        469     1.9500  0.000e+00
     67.491     6.6416   3.324093    33.0670        470     1.9542  0.000e+00
     67.644     6.6415   3.324075    33.0669        471     1.9583  0.000e+00
     67.799     6.6412   3.323932    33.0655        472     1.9625  0.000e+00
     67.973     6.6410   3.324093    33.0674        473     1.9667  0.000e+00
     68.158     6.6410   3.324162    33.0681        474     1.9708  0.000e+00
     68.355     6.6410   3.324255    33.0690        475     1.9750  0.000e+00
     68.559     6.6414   3.324286    33.0689        476     1.9792  0.000e+00
     68.780     6.6418   3.324224    33.0677        477     1.9833  0.000e+00
     69.004     6.6420   3.324255    33.0678        478     1.9875  0.000e+00
     69.221     6.6420   3.324311    33.0682        479     1.9917  0.000e+00
     69.447     6.6420   3.324373    33.0688        480     1.9958  0.000e+00
     69.662     6.6422   3.324336    33.0681        481     2.0000  0.000e+00
     69.874     6.6425   3.324349    33.0679        482     2.0042  0.000e+00
     70.075     6.6425   3.324349    33.0677        483     2.0083  0.000e+00
     70.261     6.6427   3.324398    33.0681        484     2.0125  0.000e+00
     70.437     6.6426   3.324417    33.0682        485     2.0167  0.000e+00
     70.605     6.6429   3.324398    33.0676        486     2.0208  0.000e+00
     70.755     6.6430   3.324374    33.0672        487     2.0250  0.000e+00
     70.900     6.6428   3.324330    33.0669        488     2.0292  0.000e+00
     71.046     6.6425   3.324274    33.0664        489     2.0333  0.000e+00
     71.188     6.6422   3.324243    33.0663        490     2.0375  0.000e+00
     71.329     6.6421   3.324225    33.0662        491     2.0417  0.000e+00
     71.483     6.6416   3.324237    33.0667        492     2.0458  0.000e+00
     71.646     6.6412   3.324268    33.0674        493     2.0500  0.000e+00
     71.821     6.6412   3.324312    33.0677        494     2.0542  0.000e+00
     71.998     6.6413   3.324355    33.0681        495     2.0583  0.000e+00
     72.192     6.6415   3.324418    33.0685        496     2.0625  0.000e+00
     72.390     6.6418   3.324436    33.0683        497     2.0667  0.000e+00
     72.592     6.6420   3.324436    33.0679        498     2.0708  0.000e+00
     72.797     6.6423   3.324480    33.0681        499     2.0750  0.000e+00
     73.003     6.6426   3.324499    33.0679        500     2.0792  0.000e+00
     73.204     6.6428   3.324499    33.0676        501     2.0833  0.000e+00
     73.390     6.6428   3.324499    33.0675        502     2.0875  0.000e+00
     73.568     6.6429   3.324499    33.0673        503     2.0917  0.000e+00
     73.739     6.6428   3.324480    33.0672        504     2.0958  0.000e+00
     73.896     6.6428   3.324542    33.0677        505     2.1000  0.000e+00
     74.054     6.6429   3.324561    33.0678        506     2.1042  0.000e+00
     74.193     6.6430   3.324524    33.0671        507     2.1083  0.000e+00
     74.325     6.6430   3.324542    33.0673        508     2.1125  0.000e+00
     74.460     6.6429   3.324418    33.0660        509     2.1167  0.000e+00
     74.586     6.6428   3.324543    33.0674        510     2.1208  0.000e+00
     74.715     6.6427   3.324543    33.0674        511     2.1250  0.000e+00
     74.853     6.6426   3.324561    33.0677        512     2.1292  0.000e+00
     75.000     6.6425   3.324543    33.0675        513     2.1333  0.000e+00
     75.155     6.6424   3.324561    33.0677        514     2.1375  0.000e+00
     75.320     6.6424   3.324586    33.0679        515     2.1417  0.000e+00
     75.497     6.6425   3.324692    33.0689        516     2.1458  0.000e+00
     75.689     6.6425   3.324742    33.0693        517     2.1500  0.000e+00
     75.891     6.6428   3.324754    33.0691        518     2.1542  0.000e+00
     76.114     6.6433   3.324754    33.0685        519     2.1583  0.000e+00
     76.347     6.6436   3.324760    33.0682        520     2.1625  0.000e+00
     76.576     6.6437   3.324779    33.0682        521     2.1667  0.000e+00
     76.810     6.6439   3.324779    33.0679        522     2.1708  0.000e+00
     77.031     6.6439   3.324823    33.0682        523     2.1750  0.000e+00
     77.257     6.6440   3.324860    33.0684        524     2.1792  0.000e+00
     77.463     6.6442   3.324860    33.0682        525     2.1833  0.000e+00
     77.662     6.6442   3.324823    33.0677        526     2.1875  0.000e+00
     77.842     6.6442   3.324823    33.0676        527     2.1917  0.000e+00
     78.014     6.6441   3.324798    33.0673        528     2.1958  0.000e+00
     78.162     6.6439   3.324736    33.0667        529     2.2000  0.000e+00
     78.306     6.6437   3.324755    33.0670        530     2.2042  0.000e+00
     78.437     6.6433   3.324718    33.0669        531     2.2083  0.000e+00
     78.556     6.6431   3.324755    33.0675        532     2.2125  0.000e+00
     78.679     6.6428   3.324780    33.0681        533     2.2167  0.000e+00
     78.795     6.6427   3.324780    33.0681        534     2.2208  0.000e+00
     78.914     6.6427   3.324736    33.0675        535     2.2250  0.000e+00
     79.030     6.6429   3.324799    33.0680        536     2.2292  0.000e+00
     79.160     6.6427   3.324823    33.0684        537     2.2333  0.000e+00
     79.296     6.6428   3.324929    33.0694        538     2.2375  0.000e+00
     79.444     6.6429   3.324948    33.0694        539     2.2417  0.000e+00
     79.598     6.6432   3.324923    33.0688        540     2.2458  0.000e+00
     79.766     6.6434   3.324966    33.0690        541     2.2500  0.000e+00
     79.940     6.6436   3.325041    33.0695        542     2.2542  0.000e+00
     80.125     6.6439   3.325078    33.0696        543     2.2583  0.000e+00
     80.322     6.6442   3.325141    33.0698        544     2.2625  0.000e+00
     80.525     6.6446   3.325184    33.0699        545     2.2667  0.000e+00
     80.727     6.6450   3.325265    33.0703        546     2.2708  0.000e+00
     80.942     6.6454   3.325308    33.0702        547     2.2750  0.000e+00
     81.152     6.6461   3.325308    33.0694        548     2.2792  0.000e+00
     81.359     6.6464   3.325327    33.0693        549     2.2833  0.000e+00
     81.567     6.6466   3.325396    33.0697        550     2.2875  0.000e+00
     81.762     6.6469   3.325408    33.0695        551     2.2917  0.000e+00
     81.960     6.6473   3.325396    33.0689        552     2.2958  0.000e+00
     82.144     6.6474   3.325439    33.0692        553     2.3000  0.000e+00
     82.332     6.6474   3.325445    33.0691        554     2.3042  0.000e+00
     82.513     6.6476   3.325501    33.0695        555     2.3083  0.000e+00
     82.690     6.6479   3.325526    33.0693        556     2.3125  0.000e+00
     82.868     6.6482   3.325564    33.0694        557     2.3167  0.000e+00
     83.038     6.6485   3.325582    33.0692        558     2.3208  0.000e+00
     83.197     6.6488   3.325545    33.0685        559     2.3250  0.000e+00
     83.358     6.6489   3.325520    33.0680        560     2.3292  0.000e+00
     83.501     6.6488   3.325415    33.0668        561     2.3333  0.000e+00
     83.647     6.6484   3.325365    33.0666        562     2.3375  0.000e+00
     83.770     6.6479   3.325328    33.0667        563     2.3417  0.000e+00
     83.903     6.6474   3.325160    33.0652        564     2.3458  0.000e+00
     84.024     6.6468   3.325167    33.0658        565     2.3500  0.000e+00
     84.154     6.6463   3.325117    33.0657        566     2.3542  0.000e+00
     84.283     6.6455   3.325160    33.0669        567     2.3583  0.000e+00
     84.424     6.6452   3.325167    33.0671        568     2.3625  0.000e+00
     84.569     6.6451   3.325204    33.0676        569     2.3667  0.000e+00
     84.730     6.6449   3.325248    33.0682        570     2.3708  0.000e+00
     84.902     6.6451   3.325223    33.0677        571     2.3750  0.000e+00
     85.084     6.6452   3.325161    33.0668        572     2.3792  0.000e+00
     85.283     6.6451   3.325248    33.0677        573     2.3833  0.000e+00
     85.491     6.6450   3.325328    33.0686        574     2.3875  0.000e+00
     85.712     6.6454   3.325478    33.0698        575     2.3917  0.000e+00
     85.940     6.6457   3.325770    33.0725        576     2.3958  0.000e+00
     86.173     6.6468   3.326627    33.0809        577     2.4000  0.000e+00
     86.407     6.6495   3.327409    33.0868        578     2.4042  0.000e+00
     86.636     6.6536   3.328410    33.0937        579     2.4083  0.000e+00
     86.859     6.6590   3.328385    33.0881        580     2.4125  0.000e+00
     87.079     6.6640   3.329180    33.0919        581     2.4167  0.000e+00
     87.287     6.6691   3.329745    33.0932        582     2.4208  0.000e+00
     87.477     6.6741   3.330149    33.0927        583     2.4250  0.000e+00
     87.658     6.6789   3.330715    33.0943        584     2.4292  0.000e+00
     87.822     6.6834   3.330852    33.0913        585     2.4333  0.000e+00
     87.967     6.6877   3.331150    33.0904        586     2.4375  0.000e+00
     88.110     6.6909   3.331237    33.0882        587     2.4417  0.000e+00
     88.220     6.6936   3.331193    33.0850        588     2.4458  0.000e+00
     88.332     6.6952   3.331299    33.0846        589     2.4500  0.000e+00
     88.428     6.6964   3.331256    33.0829        590     2.4542  0.000e+00
     88.524     6.6973   3.331212    33.0815        591     2.4583  0.000e+00
     88.623     6.6975   3.331380    33.0831        592     2.4625  0.000e+00
     88.724     6.6979   3.331933    33.0888        593     2.4667  0.000e+00
     88.836     6.6993   3.331852    33.0865        594     2.4708  0.000e+00
     88.961     6.7008   3.331883    33.0853        595     2.4750  0.000e+00
     89.102     6.7017   3.332151    33.0873        596     2.4792  0.000e+00
     89.255     6.7029   3.333400    33.0999        597     2.4833  0.000e+00
     89.428     6.7059   3.334190    33.1056        598     2.4875  0.000e+00
     89.614     6.7113   3.335868    33.1188        599     2.4917  0.000e+00
     89.828     6.7188   3.336266    33.1158        600     2.4958  0.000e+00
     90.069     6.7265   3.335533    33.1001        601     2.5000  0.000e+00
     90.344     6.7310   3.336086    33.1017        602     2.5042  0.000e+00
     90.626     6.7339   3.336472    33.1031        603     2.5083  0.000e+00
     90.890     6.7371   3.338406    33.1211        604     2.5125  0.000e+00
     91.129     6.7427   3.339084    33.1231        605     2.5167  0.000e+00
     91.346     6.7500   3.340216    33.1284        606     2.5208  0.000e+00
     91.552     6.7578   3.340875    33.1280        607     2.5250  0.000e+00
     91.733     6.7658   3.341448    33.1265        608     2.5292  0.000e+00
     91.899     6.7729   3.342947    33.1360        609     2.5333  0.000e+00
     92.082     6.7804   3.344149    33.1419        610     2.5375  0.000e+00
     92.253     6.7901   3.348475    33.1800        611     2.5417  0.000e+00
     92.383     6.8050   3.352262    33.2072        612     2.5458  0.000e+00
     92.477     6.8268   3.353228    33.1967        613     2.5500  0.000e+00
     92.551     6.8478   3.353807    33.1828        614     2.5542  0.000e+00
     92.645     6.8648   3.354118    33.1697        615     2.5583  0.000e+00
     92.761     6.8769   3.354536    33.1625        616     2.5625  0.000e+00
     92.893     6.8858   3.355016    33.1592        617     2.5667  0.000e+00
     93.036     6.8923   3.355433    33.1574        618     2.5708  0.000e+00
     93.185     6.8978   3.355714    33.1551        619     2.5750  0.000e+00
     93.352     6.9023   3.355626    33.1497        620     2.5792  0.000e+00
     93.534     6.9056   3.356461    33.1556        621     2.5833  0.000e+00
     93.730     6.9092   3.357584    33.1644        622     2.5875  0.000e+00
     93.945     6.9141   3.359142    33.1765        623     2.5917  0.000e+00
     94.166     6.9207   3.359928    33.1787        624     2.5958  0.000e+00
     94.388     6.9291   3.361375    33.1864        625     2.6000  0.000e+00
