HB2502/sbe156.cnv
* Sea-Bird SBE 19plus V2 Data File:
* FileName = C:\cruise\data\sbe156.hex
* Software Version Seasave V 7.26.7.121
* Temperature SN = 6128
* Conductivity SN = 6128
* System UpLoad Time = May 11 2025 23:51:58
* NMEA Latitude = 44 21.01 N
* NMEA Longitude = 066 58.86 W
* NMEA UTC (Time) = May 11 2025  23:50:42
** Ship: Henry Bigelow
** Cruise:  HB2502
** Program:  Spring Bottom Trawl
# nquan = 7
# nvalues = 2724                                  
# units = specified
# name 0 = depSM: Depth [salt water, m]
# name 1 = tv290C: Temperature [ITS-90, deg C]
# name 2 = c0S/m: Conductivity [S/m]
# name 3 = sal00: Salinity, Practical [PSU]
# name 4 = scan: Scan Count
# name 5 = timeM: Time, Elapsed [minutes]
# name 6 = flag:  0.000e+00
# span 0 =     -0.065,    125.171                 
# span 1 =     5.4572,     9.1733                 
# span 2 =   0.006246,   3.380115                 
# span 3 =     0.0429,    33.1607                 
# span 4 =         11,       2734                 
# span 5 =     0.0417,    11.3875                 
# span 6 = 0.0000e+00, 0.0000e+00                 
# interval = seconds: 0.25
# start_time = May 11 2025 23:50:42 [NMEA time, header]
# bad_flag = -9.990e-29
*END*
[from data line 2667]
      1.015     6.2445   3.188994    31.9825       2678    11.1542  0.000e+00
      0.944     6.2442   3.189012    31.9831       2679    11.1583  0.000e+00
      0.958     6.2439   3.189012    31.9833       2680    11.1625  0.000e+00
      1.042     6.2438   3.188994    31.9832       2681    11.1667  0.000e+00
      1.134     6.2436   3.189012    31.9835       2682    11.1708  0.000e+00
      1.243     6.2435   3.188951    31.9829       2683    11.1750  0.000e+00
      1.345     6.2434   3.188975    31.9832       2684    11.1792  0.000e+00
      1.429     6.2432   3.188975    31.9834       2685    11.1833  0.000e+00
      1.472     6.2432   3.188994    31.9835       2686    11.1875  0.000e+00
      1.498     6.2431   3.188951    31.9832       2687    11.1917  0.000e+00
      1.504     6.2432   3.188951    31.9831       2688    11.1958  0.000e+00
      1.463     6.2430   3.188951    31.9833       2689    11.2000  0.000e+00
      1.332     6.2427   3.188951    31.9836       2690    11.2042  0.000e+00
      1.136     6.2428   3.188914    31.9832       2691    11.2083  0.000e+00
      0.944     6.2427   3.188932    31.9835       2692    11.2125  0.000e+00
      0.765     6.2427   3.188932    31.9837       2693    11.2167  0.000e+00
      0.566     6.2426   3.188871    31.9831       2694    11.2208  0.000e+00
      0.365     6.2426   3.189012    31.9848       2695    11.2250  0.000e+00
      0.125     6.2428   3.189054    31.9852       2696    11.2292  0.000e+00
     -0.038     6.2432   2.214683    21.4176       2697    11.2333  0.000e+00
     -0.060     6.2431   0.630964     5.5112       2698    11.2375  0.000e+00
     -0.064     6.2402   0.350020     2.9399       2699    11.2417  0.000e+00
     -0.064     6.2334   0.277581     2.2993       2700    11.2458  0.000e+00
     -0.062     6.2272   0.194012     1.5751       2701    11.2500  0.000e+00
      0.055     6.2247   0.184365     1.4927       2702    11.2542  0.000e+00
      0.230     6.2249   0.762079     6.7514       2703    11.2583  0.000e+00
      0.366     6.2269   1.054343     9.5738       2704    11.2625  0.000e+00
      0.466     6.2303   0.847195     7.5637       2705    11.2667  0.000e+00
      0.487     6.2337   0.381907     3.2260       2706    11.2708  0.000e+00
      0.453     6.2365   1.524506    14.2629       2707    11.2750  0.000e+00
      0.365     6.2384   3.108620    31.0976       2708    11.2792  0.000e+00
      0.206     6.2399   2.941214    29.2515       2709    11.2833  0.000e+00
      0.038     6.2413   3.183881    31.9292       2710    11.2875  0.000e+00
     -0.050     6.2426   2.955723    29.4086       2711    11.2917  0.000e+00
     -0.061     6.2430   0.649216     5.6821       2712    11.2958  0.000e+00
     -0.061     6.2423   0.383678     3.2411       2713    11.3000  0.000e+00
     -0.059     6.2412   0.314483     2.6240       2714    11.3042  0.000e+00
     -0.055     6.2405   0.328243     2.7461       2715    11.3083  0.000e+00
     -0.061     6.2398   0.322066     2.6913       2716    11.3125  0.000e+00
     -0.061     6.2394   0.276189     2.2867       2717    11.3167  0.000e+00
     -0.063     6.2392   0.236842     1.9436       2718    11.3208  0.000e+00
     -0.065     6.2387   0.251446     2.0705       2719    11.3250  0.000e+00
     -0.061     6.2385   0.260109     2.1461       2720    11.3292  0.000e+00
     -0.056     6.2382   0.266000     2.1976       2721    11.3333  0.000e+00
     -0.058     6.2379   0.253085     2.0849       2722    11.3375  0.000e+00
     -0.058     6.2374   0.217165     1.7735       2723    11.3417  0.000e+00
     -0.057     6.2373   0.209046     1.7036       2724    11.3458  0.000e+00
     -0.060     6.2368   0.195007     1.5831       2725    11.3500  0.000e+00
     -0.053     6.2366   0.178127     1.4391       2726    11.3542  0.000e+00
     -0.055     6.2360   0.158480     1.2725       2727    11.3583  0.000e+00
     -0.052     6.2351   0.154127     1.2358       2728    11.3625  0.000e+00
     -0.052     6.2332   0.162515     1.3067       2729    11.3667  0.000e+00
     -0.043     6.2313   0.162602     1.3076       2730    11.3708  0.000e+00
     -0.051     6.2303   0.146463     1.1715       2731    11.3750  0.000e+00
     -0.065     6.2302   0.119633     0.9473       2732    11.3792  0.000e+00
     -0.054     6.2299   0.110818     0.8743       2733    11.3833  0.000e+00
     -0.047     6.2290   0.122323     0.9697       2734    11.3875  0.000e+00
