HB2502/sbe151.cnv
* Sea-Bird SBE 19plus V2 Data File:
* FileName = C:\cruise\data\sbe151.hex
* Software Version Seasave V 7.26.7.121
* Temperature SN = 6128
* Conductivity SN = 6128
* System UpLoad Time = May 10 2025 05:27:40
* NMEA Latitude = 43 10.40 N
* NMEA Longitude = 067 49.36 W
* NMEA UTC (Time) = May 10 2025  05:26:22
** Ship: Henry Bigelow
** Cruise:  HB2502
** Program:  Spring Bottom Trawl
# nquan = 7
# nvalues = 5319                                  
# units = specified
# name 0 = depSM: Depth [salt water, m]
# name 1 = tv290C: Temperature [ITS-90, deg C]
# name 2 = c0S/m: Conductivity [S/m]
# name 3 = sal00: Salinity, Practical [PSU]
# name 4 = scan: Scan Count
# name 5 = timeM: Time, Elapsed [minutes]
# name 6 = flag:  0.000e+00
# span 0 =     -0.105,    196.318                 
# span 1 =     4.9865,     7.2861                 
# span 2 =   0.007853,   3.483375                 
# span 3 =     0.0556,    34.1418                 
# span 4 =         11,       5329                 
# span 5 =     0.0417,    22.2000                 
# span 6 = 0.0000e+00, 0.0000e+00                 
# interval = seconds: 0.25
# start_time = May 10 2025 05:26:22 [NMEA time, header]
# bad_flag = -9.990e-29
*END*
[from data line 4718]
     38.064     5.9116   3.186461    32.2516       4729    19.7000  0.000e+00
     37.964     5.9207   3.186442    32.2428       4730    19.7042  0.000e+00
     37.879     5.9281   3.186644    32.2381       4731    19.7083  0.000e+00
     37.805     5.9345   3.186845    32.2342       4732    19.7125  0.000e+00
     37.758     5.9400   3.186845    32.2290       4733    19.7167  0.000e+00
     37.730     5.9440   3.187206    32.2293       4734    19.7208  0.000e+00
     37.723     5.9476   3.187896    32.2335       4735    19.7250  0.000e+00
     37.732     5.9524   3.188018    32.2303       4736    19.7292  0.000e+00
     37.768     5.9570   3.187774    32.2232       4737    19.7333  0.000e+00
     37.823     5.9597   3.187651    32.2193       4738    19.7375  0.000e+00
     37.881     5.9606   3.187370    32.2152       4739    19.7417  0.000e+00
     37.959     5.9602   3.187187    32.2135       4740    19.7458  0.000e+00
     38.040     5.9587   3.187004    32.2128       4741    19.7500  0.000e+00
     38.127     5.9568   3.186845    32.2128       4742    19.7542  0.000e+00
     38.216     5.9546   3.186741    32.2138       4743    19.7583  0.000e+00
     38.297     5.9522   3.186766    32.2163       4744    19.7625  0.000e+00
     38.366     5.9499   3.186827    32.2191       4745    19.7667  0.000e+00
     38.422     5.9476   3.187004    32.2232       4746    19.7708  0.000e+00
     38.459     5.9459   3.187206    32.2271       4747    19.7750  0.000e+00
     38.481     5.9443   3.187090    32.2273       4748    19.7792  0.000e+00
     38.480     5.9423   3.187389    32.2325       4749    19.7833  0.000e+00
     38.465     5.9410   3.187554    32.2357       4750    19.7875  0.000e+00
     38.408     5.9405   3.187554    32.2362       4751    19.7917  0.000e+00
     38.319     5.9406   3.187634    32.2370       4752    19.7958  0.000e+00
     38.210     5.9410   3.187352    32.2335       4753    19.8000  0.000e+00
     38.067     5.9420   3.186968    32.2283       4754    19.8042  0.000e+00
     37.906     5.9432   3.187694    32.2354       4755    19.8083  0.000e+00
     37.730     5.9468   3.190322    32.2614       4756    19.8125  0.000e+00
     37.515     5.9590   3.192100    32.2698       4757    19.8167  0.000e+00
     37.316     5.9767   3.193824    32.2723       4758    19.8208  0.000e+00
     37.113     5.9974   3.195988    32.2770       4759    19.8250  0.000e+00
     36.911     6.0198   3.196960    32.2665       4760    19.8292  0.000e+00
     36.744     6.0410   3.197749    32.2553       4761    19.8333  0.000e+00
     36.589     6.0592   3.199798    32.2610       4762    19.8375  0.000e+00
     36.452     6.0772   3.200936    32.2566       4763    19.8417  0.000e+00
     36.331     6.0960   3.201480    32.2448       4764    19.8458  0.000e+00
     36.239     6.1116   3.201908    32.2348       4765    19.8500  0.000e+00
     36.175     6.1236   3.202012    32.2246       4766    19.8542  0.000e+00
     36.128     6.1326   3.202134    32.2174       4767    19.8583  0.000e+00
     36.104     6.1385   3.202385    32.2146       4768    19.8625  0.000e+00
     36.104     6.1432   3.202661    32.2133       4769    19.8667  0.000e+00
     36.119     6.1469   3.202459    32.2074       4770    19.8708  0.000e+00
     36.148     6.1494   3.202354    32.2040       4771    19.8750  0.000e+00
     36.187     6.1502   3.202257    32.2021       4772    19.8792  0.000e+00
     36.232     6.1503   3.202134    32.2006       4773    19.8833  0.000e+00
     36.276     6.1498   3.202134    32.2011       4774    19.8875  0.000e+00
     36.318     6.1489   3.202091    32.2014       4775    19.8917  0.000e+00
     36.358     6.1482   3.202049    32.2016       4776    19.8958  0.000e+00
     36.401     6.1476   3.202012    32.2018       4777    19.9000  0.000e+00
     36.437     6.1470   3.201969    32.2018       4778    19.9042  0.000e+00
     36.465     6.1464   3.201828    32.2008       4779    19.9083  0.000e+00
     36.486     6.1454   3.201626    32.1994       4780    19.9125  0.000e+00
     36.499     6.1442   3.201216    32.1961       4781    19.9167  0.000e+00
     36.484     6.1419   3.200831    32.1939       4782    19.9208  0.000e+00
     36.466     6.1385   3.200855    32.1974       4783    19.9250  0.000e+00
     36.435     6.1354   3.201663    32.2094       4784    19.9292  0.000e+00
     36.388     6.1357   3.201969    32.2125       4785    19.9333  0.000e+00
     36.328     6.1381   3.201749    32.2079       4786    19.9375  0.000e+00
     36.239     6.1399   3.201883    32.2077       4787    19.9417  0.000e+00
     36.131     6.1412   3.202599    32.2145       4788    19.9458  0.000e+00
     36.004     6.1438   3.204142    32.2292       4789    19.9500  0.000e+00
     35.862     6.1505   3.205911    32.2427       4790    19.9542  0.000e+00
     35.699     6.1627   3.206260    32.2350       4791    19.9583  0.000e+00
     35.521     6.1751   3.206682    32.2280       4792    19.9625  0.000e+00
     35.326     6.1852   3.206988    32.2220       4793    19.9667  0.000e+00
     35.116     6.1934   3.207355    32.2184       4794    19.9708  0.000e+00
     34.923     6.2001   3.207723    32.2162       4795    19.9750  0.000e+00
     34.742     6.2063   3.208065    32.2142       4796    19.9792  0.000e+00
     34.572     6.2120   3.208537    32.2141       4797    19.9833  0.000e+00
     34.416     6.2179   3.208880    32.2125       4798    19.9875  0.000e+00
     34.291     6.2234   3.209265    32.2116       4799    19.9917  0.000e+00
     34.177     6.2287   3.209553    32.2099       4800    19.9958  0.000e+00
     34.094     6.2336   3.209651    32.2063       4801    20.0000  0.000e+00
     34.028     6.2376   3.209725    32.2034       4802    20.0042  0.000e+00
     33.997     6.2407   3.209755    32.2008       4803    20.0083  0.000e+00
     33.977     6.2429   3.209774    32.1989       4804    20.0125  0.000e+00
     33.987     6.2442   3.209798    32.1979       4805    20.0167  0.000e+00
     34.002     6.2451   3.209798    32.1971       4806    20.0208  0.000e+00
     34.039     6.2458   3.209774    32.1961       4807    20.0250  0.000e+00
     34.081     6.2461   3.209774    32.1959       4808    20.0292  0.000e+00
     34.130     6.2462   3.209737    32.1953       4809    20.0333  0.000e+00
     34.186     6.2461   3.209651    32.1944       4810    20.0375  0.000e+00
     34.237     6.2456   3.209553    32.1938       4811    20.0417  0.000e+00
     34.278     6.2450   3.209431    32.1929       4812    20.0458  0.000e+00
     34.301     6.2439   3.209351    32.1931       4813    20.0500  0.000e+00
     34.307     6.2426   3.209265    32.1934       4814    20.0542  0.000e+00
     34.283     6.2413   3.209327    32.1953       4815    20.0583  0.000e+00
     34.232     6.2404   3.209474    32.1978       4816    20.0625  0.000e+00
     34.153     6.2405   3.209755    32.2009       4817    20.0667  0.000e+00
     34.058     6.2415   3.209939    32.2021       4818    20.0708  0.000e+00
     33.929     6.2433   3.210466    32.2062       4819    20.0750  0.000e+00
     33.784     6.2463   3.210919    32.2085       4820    20.0792  0.000e+00
     33.626     6.2503   3.211832    32.2149       4821    20.0833  0.000e+00
     33.447     6.2561   3.212953    32.2219       4822    20.0875  0.000e+00
     33.242     6.2640   3.213118    32.2164       4823    20.0917  0.000e+00
     33.047     6.2716   3.213302    32.2113       4824    20.0958  0.000e+00
     32.862     6.2773   3.213627    32.2097       4825    20.1000  0.000e+00
     32.681     6.2824   3.214031    32.2094       4826    20.1042  0.000e+00
     32.501     6.2874   3.214215    32.2068       4827    20.1083  0.000e+00
     32.350     6.2917   3.215048    32.2121       4828    20.1125  0.000e+00
     32.206     6.2969   3.216624    32.2247       4829    20.1167  0.000e+00
     32.090     6.3058   3.217543    32.2265       4830    20.1208  0.000e+00
     32.005     6.3170   3.218052    32.2216       4831    20.1250  0.000e+00
     31.930     6.3275   3.218462    32.2163       4832    20.1292  0.000e+00
     31.885     6.3362   3.218873    32.2126       4833    20.1333  0.000e+00
     31.858     6.3438   3.219217    32.2092       4834    20.1375  0.000e+00
     31.848     6.3501   3.219443    32.2058       4835    20.1417  0.000e+00
     31.847     6.3551   3.219302    32.1995       4836    20.1458  0.000e+00
     31.853     6.3583   3.218910    32.1921       4837    20.1500  0.000e+00
     31.863     6.3589   3.218566    32.1877       4838    20.1542  0.000e+00
     31.872     6.3577   3.218517    32.1883       4839    20.1583  0.000e+00
     31.867     6.3562   3.218707    32.1919       4840    20.1625  0.000e+00
     31.852     6.3553   3.218996    32.1959       4841    20.1667  0.000e+00
     31.834     6.3558   3.219216    32.1979       4842    20.1708  0.000e+00
     31.805     6.3570   3.219382    32.1986       4843    20.1750  0.000e+00
     31.761     6.3588   3.219609    32.1995       4844    20.1792  0.000e+00
     31.714     6.3609   3.220057    32.2024       4845    20.1833  0.000e+00
     31.652     6.3639   3.219995    32.1990       4846    20.1875  0.000e+00
     31.585     6.3664   3.220093    32.1977       4847    20.1917  0.000e+00
     31.514     6.3683   3.220240    32.1976       4848    20.1958  0.000e+00
     31.438     6.3700   3.220596    32.1999       4849    20.2000  0.000e+00
     31.353     6.3724   3.220547    32.1972       4850    20.2042  0.000e+00
     31.282     6.3741   3.220749    32.1979       4851    20.2083  0.000e+00
     31.206     6.3757   3.220811    32.1970       4852    20.2125  0.000e+00
     31.134     6.3775   3.220829    32.1956       4853    20.2167  0.000e+00
     31.065     6.3787   3.220749    32.1936       4854    20.2208  0.000e+00
     30.994     6.3795   3.221467    32.2008       4855    20.2250  0.000e+00
     30.924     6.3812   3.221872    32.2038       4856    20.2292  0.000e+00
     30.862     6.3848   3.221853    32.2002       4857    20.2333  0.000e+00
     30.801     6.3879   3.221810    32.1968       4858    20.2375  0.000e+00
     30.736     6.3898   3.221859    32.1956       4859    20.2417  0.000e+00
     30.661     6.3911   3.221933    32.1952       4860    20.2458  0.000e+00
     30.580     6.3922   3.221933    32.1942       4861    20.2500  0.000e+00
     30.502     6.3928   3.222325    32.1980       4862    20.2542  0.000e+00
     30.408     6.3943   3.222546    32.1991       4863    20.2583  0.000e+00
     30.308     6.3965   3.222571    32.1973       4864    20.2625  0.000e+00
     30.200     6.3983   3.222607    32.1961       4865    20.2667  0.000e+00
     30.073     6.3999   3.222669    32.1953       4866    20.2708  0.000e+00
     29.961     6.4009   3.222755    32.1954       4867    20.2750  0.000e+00
     29.847     6.4020   3.222877    32.1957       4868    20.2792  0.000e+00
     29.730     6.4030   3.222926    32.1954       4869    20.2833  0.000e+00
     29.625     6.4045   3.223693    32.2025       4870    20.2875  0.000e+00
     29.529     6.4070   3.224000    32.2036       4871    20.2917  0.000e+00
     29.450     6.4107   3.224104    32.2013       4872    20.2958  0.000e+00
     29.387     6.4141   3.224288    32.2001       4873    20.3000  0.000e+00
     29.340     6.4170   3.224515    32.1999       4874    20.3042  0.000e+00
     29.307     6.4197   3.224761    32.2001       4875    20.3083  0.000e+00
     29.300     6.4223   3.225129    32.2017       4876    20.3125  0.000e+00
     29.314     6.4254   3.225288    32.2006       4877    20.3167  0.000e+00
     29.341     6.4283   3.225184    32.1966       4878    20.3208  0.000e+00
     29.383     6.4303   3.225208    32.1950       4879    20.3250  0.000e+00
     29.428     6.4314   3.224902    32.1906       4880    20.3292  0.000e+00
     29.481     6.4313   3.224349    32.1845       4881    20.3333  0.000e+00
     29.522     6.4296   3.223981    32.1821       4882    20.3375  0.000e+00
     29.558     6.4265   3.223779    32.1827       4883    20.3417  0.000e+00
     29.580     6.4232   3.223552    32.1833       4884    20.3458  0.000e+00
     29.579     6.4199   3.223349    32.1842       4885    20.3500  0.000e+00
     29.556     6.4169   3.223349    32.1870       4886    20.3542  0.000e+00
     29.496     6.4145   3.223742    32.1936       4887    20.3583  0.000e+00
     29.409     6.4141   3.224736    32.2050       4888    20.3625  0.000e+00
     29.297     6.4169   3.226215    32.2189       4889    20.3667  0.000e+00
     29.168     6.4239   3.227504    32.2265       4890    20.3708  0.000e+00
     29.023     6.4341   3.228529    32.2284       4891    20.3750  0.000e+00
     28.869     6.4461   3.231869    32.2540       4892    20.3792  0.000e+00
     28.686     6.4634   3.233491    32.2556       4893    20.3833  0.000e+00
     28.495     6.4846   3.234744    32.2496       4894    20.3875  0.000e+00
     28.309     6.5046   3.236427    32.2494       4895    20.3917  0.000e+00
     28.145     6.5236   3.238756    32.2571       4896    20.3958  0.000e+00
     27.993     6.5438   3.240133    32.2533       4897    20.4000  0.000e+00
     27.852     6.5643   3.240747    32.2408       4898    20.4042  0.000e+00
     27.741     6.5819   3.241282    32.2302       4899    20.4083  0.000e+00
     27.649     6.5953   3.241571    32.2208       4900    20.4125  0.000e+00
     27.591     6.6055   3.241878    32.2146       4901    20.4167  0.000e+00
     27.554     6.6132   3.242013    32.2089       4902    20.4208  0.000e+00
     27.549     6.6185   3.242044    32.2042       4903    20.4250  0.000e+00
     27.562     6.6222   3.242069    32.2010       4904    20.4292  0.000e+00
     27.596     6.6246   3.242069    32.1987       4905    20.4333  0.000e+00
     27.628     6.6261   3.241964    32.1961       4906    20.4375  0.000e+00
     27.667     6.6267   3.241921    32.1951       4907    20.4417  0.000e+00
     27.693     6.6268   3.241816    32.1938       4908    20.4458  0.000e+00
     27.715     6.6263   3.241724    32.1933       4909    20.4500  0.000e+00
     27.733     6.6257   3.241657    32.1931       4910    20.4542  0.000e+00
     27.740     6.6247   3.241755    32.1951       4911    20.4583  0.000e+00
     27.731     6.6242   3.241798    32.1961       4912    20.4625  0.000e+00
     27.704     6.6242   3.241878    32.1969       4913    20.4667  0.000e+00
     27.666     6.6244   3.242069    32.1989       4914    20.4708  0.000e+00
     27.615     6.6252   3.242290    32.2006       4915    20.4750  0.000e+00
     27.550     6.6266   3.242376    32.2003       4916    20.4792  0.000e+00
     27.487     6.6280   3.242456    32.1998       4917    20.4833  0.000e+00
     27.419     6.6293   3.242603    32.2003       4918    20.4875  0.000e+00
     27.354     6.6308   3.242622    32.1991       4919    20.4917  0.000e+00
     27.284     6.6318   3.242788    32.2000       4920    20.4958  0.000e+00
     27.229     6.6330   3.242868    32.1998       4921    20.5000  0.000e+00
     27.173     6.6343   3.242898    32.1989       4922    20.5042  0.000e+00
     27.109     6.6352   3.242991    32.1991       4923    20.5083  0.000e+00
     27.059     6.6360   3.242991    32.1984       4924    20.5125  0.000e+00
     26.995     6.6367   3.243034    32.1982       4925    20.5167  0.000e+00
     26.946     6.6374   3.243138    32.1988       4926    20.5208  0.000e+00
     26.882     6.6382   3.243200    32.1987       4927    20.5250  0.000e+00
     26.820     6.6388   3.243366    32.2000       4928    20.5292  0.000e+00
     26.751     6.6397   3.243630    32.2021       4929    20.5333  0.000e+00
     26.679     6.6414   3.243716    32.2015       4930    20.5375  0.000e+00
     26.590     6.6429   3.243815    32.2012       4931    20.5417  0.000e+00
     26.485     6.6445   3.243919    32.2009       4932    20.5458  0.000e+00
     26.374     6.6459   3.244005    32.2006       4933    20.5500  0.000e+00
