HB2502/sbe122.cnv
* Sea-Bird SBE 19plus V2 Data File:
* FileName = C:\cruise\data\sbe122.hex
* Software Version Seasave V 7.26.7.121
* Temperature SN = 6128
* Conductivity SN = 6128
* System UpLoad Time = Apr 20 2025 05:52:02
* NMEA Latitude = 42 59.62 N
* NMEA Longitude = 070 03.79 W
* NMEA UTC (Time) = Apr 20 2025  05:51:23
** Ship: Henry Bigelow
** Cruise:  HB2502
** Program:  Spring Bottom Trawl
# nquan = 7
# nvalues = 2123                                  
# units = specified
# name 0 = depSM: Depth [salt water, m]
# name 1 = tv290C: Temperature [ITS-90, deg C]
# name 2 = c0S/m: Conductivity [S/m]
# name 3 = sal00: Salinity, Practical [PSU]
# name 4 = scan: Scan Count
# name 5 = timeM: Time, Elapsed [minutes]
# name 6 = flag:  0.000e+00
# span 0 =      0.186,    100.955                 
# span 1 =     4.5569,     7.2388                 
# span 2 =   2.304818,   3.338310                 
# span 3 =    22.1603,    33.6112                 
# span 4 =         11,       2133                 
# span 5 =     0.0417,     8.8833                 
# span 6 = 0.0000e+00, 0.0000e+00                 
# interval = seconds: 0.25
# start_time = Apr 20 2025 05:51:23 [NMEA time, header]
# bad_flag = -9.990e-29
*END*
[from data line 1231]
     89.245     4.7143   3.133846    32.7892       1242     5.1708  0.000e+00
     89.124     4.7148   3.133846    32.7887       1243     5.1750  0.000e+00
     89.015     4.7155   3.133791    32.7875       1244     5.1792  0.000e+00
     88.931     4.7158   3.133725    32.7864       1245     5.1833  0.000e+00
     88.864     4.7160   3.133688    32.7858       1246     5.1875  0.000e+00
     88.814     4.7161   3.133112    32.7791       1247     5.1917  0.000e+00
     88.765     4.7151   3.132717    32.7756       1248     5.1958  0.000e+00
     88.716     4.7127   3.132693    32.7776       1249     5.2000  0.000e+00
     88.660     4.7106   3.133409    32.7881       1250     5.2042  0.000e+00
     88.593     4.7101   3.133366    32.7881       1251     5.2083  0.000e+00
     88.503     4.7104   3.133530    32.7897       1252     5.2125  0.000e+00
     88.395     4.7114   3.133645    32.7901       1253     5.2167  0.000e+00
     88.269     4.7127   3.133208    32.7839       1254     5.2208  0.000e+00
     88.111     4.7130   3.132674    32.7775       1255     5.2250  0.000e+00
     87.928     4.7117   3.132753    32.7798       1256     5.2292  0.000e+00
     87.715     4.7102   3.132693    32.7806       1257     5.2333  0.000e+00
     87.485     4.7091   3.132717    32.7821       1258     5.2375  0.000e+00
     87.244     4.7082   3.132577    32.7815       1259     5.2417  0.000e+00
     86.986     4.7076   3.132419    32.7804       1260     5.2458  0.000e+00
     86.728     4.7068   3.131976    32.7762       1261     5.2500  0.000e+00
     86.472     4.7054   3.131861    32.7764       1262     5.2542  0.000e+00
     86.242     4.7038   3.131806    32.7775       1263     5.2583  0.000e+00
     86.025     4.7021   3.131703    32.7781       1264     5.2625  0.000e+00
     85.867     4.7010   3.131764    32.7800       1265     5.2667  0.000e+00
     85.820     4.7001   3.131806    32.7814       1266     5.2708  0.000e+00
     85.866     4.6995   3.131885    32.7828       1267     5.2750  0.000e+00
     85.962     4.6996   3.132025    32.7843       1268     5.2792  0.000e+00
     86.064     4.6999   3.132140    32.7853       1269     5.2833  0.000e+00
     86.174     4.7008   3.132201    32.7851       1270     5.2875  0.000e+00
     86.279     4.7016   3.132140    32.7835       1271     5.2917  0.000e+00
     86.416     4.7021   3.132140    32.7829       1272     5.2958  0.000e+00
     86.562     4.7024   3.132122    32.7823       1273     5.3000  0.000e+00
     86.687     4.7025   3.132140    32.7824       1274     5.3042  0.000e+00
     86.776     4.7025   3.132043    32.7812       1275     5.3083  0.000e+00
     86.828     4.7024   3.131903    32.7797       1276     5.3125  0.000e+00
     86.861     4.7020   3.131843    32.7794       1277     5.3167  0.000e+00
     86.866     4.7013   3.131934    32.7811       1278     5.3208  0.000e+00
     86.831     4.7009   3.131904    32.7811       1279     5.3250  0.000e+00
     86.773     4.7006   3.132183    32.7847       1280     5.3292  0.000e+00
     86.679     4.7008   3.132340    32.7864       1281     5.3333  0.000e+00
     86.577     4.7015   3.132893    32.7921       1282     5.3375  0.000e+00
     86.468     4.7032   3.132716    32.7885       1283     5.3417  0.000e+00
     86.366     4.7050   3.133366    32.7943       1284     5.3458  0.000e+00
     86.267     4.7068   3.132516    32.7827       1285     5.3500  0.000e+00
     86.186     4.7077   3.132540    32.7821       1286     5.3542  0.000e+00
     86.134     4.7072   3.132122    32.7778       1287     5.3583  0.000e+00
     86.108     4.7062   3.132025    32.7777       1288     5.3625  0.000e+00
     86.104     4.7047   3.132079    32.7798       1289     5.3667  0.000e+00
     86.122     4.7036   3.132261    32.7830       1290     5.3708  0.000e+00
     86.159     4.7032   3.132498    32.7861       1291     5.3750  0.000e+00
     86.210     4.7035   3.132777    32.7891       1292     5.3792  0.000e+00
     86.272     4.7048   3.132911    32.7893       1293     5.3833  0.000e+00
     86.330     4.7061   3.132977    32.7887       1294     5.3875  0.000e+00
     86.380     4.7076   3.133068    32.7883       1295     5.3917  0.000e+00
     86.425     4.7088   3.133172    32.7882       1296     5.3958  0.000e+00
     86.450     4.7099   3.133172    32.7872       1297     5.4000  0.000e+00
     86.453     4.7107   3.132753    32.7815       1298     5.4042  0.000e+00
     86.444     4.7107   3.132340    32.7767       1299     5.4083  0.000e+00
     86.419     4.7095   3.132043    32.7744       1300     5.4125  0.000e+00
     86.379     4.7073   3.131940    32.7755       1301     5.4167  0.000e+00
     86.329     4.7052   3.131867    32.7768       1302     5.4208  0.000e+00
     86.280     4.7033   3.131940    32.7795       1303     5.4250  0.000e+00
     86.226     4.7020   3.132000    32.7815       1304     5.4292  0.000e+00
     86.192     4.7016   3.131964    32.7815       1305     5.4333  0.000e+00
     86.161     4.7013   3.131964    32.7818       1306     5.4375  0.000e+00
     86.147     4.7012   3.132025    32.7826       1307     5.4417  0.000e+00
     86.145     4.7011   3.132061    32.7831       1308     5.4458  0.000e+00
     86.153     4.7012   3.132043    32.7828       1309     5.4500  0.000e+00
     86.175     4.7013   3.132182    32.7843       1310     5.4542  0.000e+00
     86.212     4.7017   3.132225    32.7844       1311     5.4583  0.000e+00
     86.245     4.7023   3.132237    32.7839       1312     5.4625  0.000e+00
     86.279     4.7026   3.132237    32.7836       1313     5.4667  0.000e+00
     86.316     4.7031   3.132219    32.7829       1314     5.4708  0.000e+00
     86.350     4.7032   3.132280    32.7835       1315     5.4750  0.000e+00
     86.371     4.7035   3.132261    32.7830       1316     5.4792  0.000e+00
     86.378     4.7037   3.132201    32.7821       1317     5.4833  0.000e+00
     86.374     4.7034   3.132043    32.7805       1318     5.4875  0.000e+00
     86.356     4.7031   3.131952    32.7798       1319     5.4917  0.000e+00
     86.338     4.7025   3.131824    32.7789       1320     5.4958  0.000e+00
     86.307     4.7016   3.131806    32.7796       1321     5.5000  0.000e+00
     86.269     4.7010   3.131782    32.7800       1322     5.5042  0.000e+00
     86.229     4.7003   3.131982    32.7830       1323     5.5083  0.000e+00
     86.193     4.7001   3.132061    32.7841       1324     5.5125  0.000e+00
     86.160     4.7003   3.131782    32.7807       1325     5.5167  0.000e+00
     86.128     4.7003   3.131667    32.7794       1326     5.5208  0.000e+00
     86.103     4.6999   3.131636    32.7794       1327     5.5250  0.000e+00
     86.083     4.6992   3.131624    32.7800       1328     5.5292  0.000e+00
     86.078     4.6988   3.131624    32.7804       1329     5.5333  0.000e+00
     86.077     4.6984   3.131685    32.7815       1330     5.5375  0.000e+00
     86.088     4.6983   3.131843    32.7834       1331     5.5417  0.000e+00
     86.101     4.6985   3.131940    32.7844       1332     5.5458  0.000e+00
     86.124     4.6992   3.131940    32.7836       1333     5.5500  0.000e+00
     86.151     4.6996   3.131940    32.7832       1334     5.5542  0.000e+00
     86.187     4.7002   3.131976    32.7830       1335     5.5583  0.000e+00
     86.223     4.7005   3.131964    32.7825       1336     5.5625  0.000e+00
     86.252     4.7008   3.131964    32.7822       1337     5.5667  0.000e+00
     86.280     4.7009   3.131940    32.7818       1338     5.5708  0.000e+00
     86.308     4.7011   3.131922    32.7815       1339     5.5750  0.000e+00
     86.320     4.7010   3.131885    32.7811       1340     5.5792  0.000e+00
     86.320     4.7009   3.131861    32.7809       1341     5.5833  0.000e+00
     86.317     4.7006   3.131940    32.7821       1342     5.5875  0.000e+00
     86.296     4.7007   3.131994    32.7827       1343     5.5917  0.000e+00
     86.267     4.7006   3.132025    32.7831       1344     5.5958  0.000e+00
     86.223     4.7010   3.131843    32.7807       1345     5.6000  0.000e+00
     86.180     4.7008   3.131588    32.7780       1346     5.6042  0.000e+00
     86.134     4.7002   3.131624    32.7790       1347     5.6083  0.000e+00
     86.078     4.6994   3.131648    32.7801       1348     5.6125  0.000e+00
     86.036     4.6987   3.131545    32.7796       1349     5.6167  0.000e+00
     85.998     4.6984   3.131527    32.7797       1350     5.6208  0.000e+00
     85.970     4.6978   3.131576    32.7809       1351     5.6250  0.000e+00
     85.962     4.6976   3.131545    32.7807       1352     5.6292  0.000e+00
     85.963     4.6973   3.131588    32.7815       1353     5.6333  0.000e+00
     85.978     4.6973   3.131685    32.7826       1354     5.6375  0.000e+00
     86.009     4.6975   3.131806    32.7838       1355     5.6417  0.000e+00
     86.037     4.6981   3.131764    32.7827       1356     5.6458  0.000e+00
     86.073     4.6986   3.131764    32.7822       1357     5.6500  0.000e+00
     86.105     4.6988   3.131806    32.7824       1358     5.6542  0.000e+00
     86.134     4.6991   3.131764    32.7817       1359     5.6583  0.000e+00
     86.161     4.6994   3.131788    32.7816       1360     5.6625  0.000e+00
     86.176     4.6994   3.131727    32.7809       1361     5.6667  0.000e+00
     86.178     4.6995   3.131746    32.7810       1362     5.6708  0.000e+00
     86.174     4.6995   3.131782    32.7815       1363     5.6750  0.000e+00
     86.163     4.6994   3.131782    32.7815       1364     5.6792  0.000e+00
     86.150     4.6994   3.131746    32.7811       1365     5.6833  0.000e+00
     86.132     4.6993   3.131764    32.7815       1366     5.6875  0.000e+00
     86.106     4.6992   3.131782    32.7818       1367     5.6917  0.000e+00
     86.090     4.6991   3.131703    32.7810       1368     5.6958  0.000e+00
     86.073     4.6990   3.131685    32.7809       1369     5.7000  0.000e+00
     86.069     4.6989   3.131648    32.7806       1370     5.7042  0.000e+00
     86.066     4.6986   3.131648    32.7808       1371     5.7083  0.000e+00
     86.073     4.6983   3.131648    32.7812       1372     5.7125  0.000e+00
     86.086     4.6982   3.131727    32.7822       1373     5.7167  0.000e+00
     86.109     4.6983   3.131806    32.7830       1374     5.7208  0.000e+00
     86.130     4.6986   3.131843    32.7831       1375     5.7250  0.000e+00
     86.160     4.6991   3.131867    32.7829       1376     5.7292  0.000e+00
     86.193     4.6996   3.131940    32.7832       1377     5.7333  0.000e+00
     86.223     4.6999   3.132000    32.7836       1378     5.7375  0.000e+00
     86.250     4.7006   3.132000    32.7829       1379     5.7417  0.000e+00
     86.276     4.7009   3.132000    32.7825       1380     5.7458  0.000e+00
     86.291     4.7012   3.132025    32.7826       1381     5.7500  0.000e+00
     86.311     4.7016   3.132043    32.7824       1382     5.7542  0.000e+00
     86.307     4.7015   3.132043    32.7824       1383     5.7583  0.000e+00
     86.302     4.7016   3.131976    32.7816       1384     5.7625  0.000e+00
     86.291     4.7014   3.131843    32.7802       1385     5.7667  0.000e+00
     86.268     4.7013   3.131703    32.7787       1386     5.7708  0.000e+00
     86.235     4.7007   3.131746    32.7798       1387     5.7750  0.000e+00
     86.200     4.6999   3.131667    32.7798       1388     5.7792  0.000e+00
     86.164     4.6994   3.131588    32.7793       1389     5.7833  0.000e+00
     86.124     4.6988   3.131564    32.7796       1390     5.7875  0.000e+00
     86.083     4.6983   3.131588    32.7804       1391     5.7917  0.000e+00
     86.050     4.6980   3.131515    32.7799       1392     5.7958  0.000e+00
     86.028     4.6976   3.131509    32.7802       1393     5.8000  0.000e+00
     86.007     4.6974   3.131545    32.7809       1394     5.8042  0.000e+00
     86.001     4.6971   3.131588    32.7816       1395     5.8083  0.000e+00
     86.008     4.6972   3.131606    32.7817       1396     5.8125  0.000e+00
     86.029     4.6973   3.131782    32.7837       1397     5.8167  0.000e+00
     86.067     4.6978   3.131764    32.7830       1398     5.8208  0.000e+00
     86.111     4.6983   3.131861    32.7836       1399     5.8250  0.000e+00
     86.165     4.6988   3.131994    32.7846       1400     5.8292  0.000e+00
     86.220     4.6996   3.132043    32.7844       1401     5.8333  0.000e+00
     86.280     4.7005   3.132079    32.7839       1402     5.8375  0.000e+00
     86.326     4.7011   3.132079    32.7833       1403     5.8417  0.000e+00
     86.369     4.7017   3.132104    32.7830       1404     5.8458  0.000e+00
     86.397     4.7020   3.132061    32.7821       1405     5.8500  0.000e+00
     86.413     4.7021   3.131982    32.7811       1406     5.8542  0.000e+00
     86.402     4.7020   3.131922    32.7805       1407     5.8583  0.000e+00
     86.383     4.7019   3.131764    32.7788       1408     5.8625  0.000e+00
     86.349     4.7012   3.131679    32.7785       1409     5.8667  0.000e+00
     86.308     4.7003   3.131667    32.7793       1410     5.8708  0.000e+00
     86.255     4.6996   3.131667    32.7800       1411     5.8750  0.000e+00
     86.210     4.6991   3.131430    32.7778       1412     5.8792  0.000e+00
     86.170     4.6982   3.131667    32.7814       1413     5.8833  0.000e+00
     86.132     4.6977   3.131764    32.7830       1414     5.8875  0.000e+00
     86.109     4.6979   3.131703    32.7822       1415     5.8917  0.000e+00
     86.093     4.6981   3.131727    32.7823       1416     5.8958  0.000e+00
     86.093     4.6981   3.131636    32.7812       1417     5.9000  0.000e+00
     86.109     4.6983   3.131648    32.7812       1418     5.9042  0.000e+00
     86.156     4.6983   3.131685    32.7815       1419     5.9083  0.000e+00
     86.197     4.6983   3.131782    32.7827       1420     5.9125  0.000e+00
     86.242     4.6986   3.131824    32.7828       1421     5.9167  0.000e+00
     86.306     4.6989   3.131843    32.7827       1422     5.9208  0.000e+00
     86.357     4.6994   3.131885    32.7826       1423     5.9250  0.000e+00
     86.415     4.6999   3.131903    32.7824       1424     5.9292  0.000e+00
     86.466     4.7002   3.131867    32.7816       1425     5.9333  0.000e+00
     86.507     4.7004   3.131843    32.7811       1426     5.9375  0.000e+00
     86.525     4.7004   3.131843    32.7811       1427     5.9417  0.000e+00
     86.518     4.7003   3.131885    32.7817       1428     5.9458  0.000e+00
     86.499     4.7003   3.132025    32.7833       1429     5.9500  0.000e+00
     86.463     4.7006   3.132061    32.7835       1430     5.9542  0.000e+00
     86.397     4.7009   3.132061    32.7832       1431     5.9583  0.000e+00
     86.321     4.7011   3.131903    32.7812       1432     5.9625  0.000e+00
     86.245     4.7011   3.131934    32.7816       1433     5.9667  0.000e+00
     86.168     4.7010   3.131940    32.7818       1434     5.9708  0.000e+00
     86.073     4.7008   3.132043    32.7832       1435     5.9750  0.000e+00
     86.005     4.7011   3.132079    32.7834       1436     5.9792  0.000e+00
     85.945     4.7012   3.131982    32.7822       1437     5.9833  0.000e+00
     85.900     4.7012   3.132025    32.7827       1438     5.9875  0.000e+00
     85.883     4.7013   3.132043    32.7828       1439     5.9917  0.000e+00
     85.901     4.7014   3.132122    32.7836       1440     5.9958  0.000e+00
     85.934     4.7016   3.132097    32.7832       1441     6.0000  0.000e+00
     86.002     4.7019   3.132182    32.7838       1442     6.0042  0.000e+00
     86.098     4.7023   3.132219    32.7838       1443     6.0083  0.000e+00
     86.210     4.7027   3.132280    32.7841       1444     6.0125  0.000e+00
     86.345     4.7034   3.132298    32.7835       1445     6.0167  0.000e+00
