HB2502/sbe158.cnv
* Sea-Bird SBE 19plus V2 Data File:
* FileName = C:\cruise\data\sbe158.hex
* Software Version Seasave V 7.26.7.121
* Temperature SN = 6128
* Conductivity SN = 6128
* System UpLoad Time = May 12 2025 20:42:25
* NMEA Latitude = 43 49.56 N
* NMEA Longitude = 069 02.15 W
* NMEA UTC (Time) = May 12 2025  20:41:10
** Ship: Henry Bigelow
** Cruise:  HB2502
** Program:  Spring Bottom Trawl
# nquan = 7
# nvalues = 1243                                  
# units = specified
# name 0 = depSM: Depth [salt water, m]
# name 1 = tv290C: Temperature [ITS-90, deg C]
# name 2 = c0S/m: Conductivity [S/m]
# name 3 = sal00: Salinity, Practical [PSU]
# name 4 = scan: Scan Count
# name 5 = timeM: Time, Elapsed [minutes]
# name 6 = flag:  0.000e+00
# span 0 =      0.135,     65.646                 
# span 1 =     5.2349,     7.2281                 
# span 2 =   3.102136,   3.175919                 
# span 3 =    30.9209,    31.9604                 
# span 4 =         11,       1253                 
# span 5 =     0.0417,     5.2167                 
# span 6 = 0.0000e+00, 0.0000e+00                 
# interval = seconds: 0.25
# start_time = May 12 2025 20:41:10 [NMEA time, header]
# bad_flag = -9.990e-29
*END*
[from data line 821]
     53.200     5.6877   3.132715    31.8532        832     3.4625  0.000e+00
     53.209     5.6876   3.132666    31.8527        833     3.4667  0.000e+00
     53.220     5.6872   3.132696    31.8534        834     3.4708  0.000e+00
     53.220     5.6872   3.132672    31.8532        835     3.4750  0.000e+00
     53.226     5.6870   3.132672    31.8534        836     3.4792  0.000e+00
     53.230     5.6866   3.132672    31.8537        837     3.4833  0.000e+00
     53.230     5.6867   3.132654    31.8535        838     3.4875  0.000e+00
     53.237     5.6866   3.132672    31.8537        839     3.4917  0.000e+00
     53.243     5.6866   3.132672    31.8537        840     3.4958  0.000e+00
     53.246     5.6866   3.132666    31.8536        841     3.5000  0.000e+00
     53.249     5.6865   3.132672    31.8538        842     3.5042  0.000e+00
     53.237     5.6864   3.132672    31.8540        843     3.5083  0.000e+00
     53.213     5.6866   3.132733    31.8545        844     3.5125  0.000e+00
     53.186     5.6866   3.132794    31.8551        845     3.5167  0.000e+00
     53.170     5.6869   3.132836    31.8553        846     3.5208  0.000e+00
     53.150     5.6876   3.132872    31.8551        847     3.5250  0.000e+00
     53.121     5.6881   3.132891    31.8549        848     3.5292  0.000e+00
     53.094     5.6887   3.132933    31.8548        849     3.5333  0.000e+00
     53.071     5.6892   3.132933    31.8543        850     3.5375  0.000e+00
     53.050     5.6897   3.132951    31.8540        851     3.5417  0.000e+00
     53.031     5.6900   3.132951    31.8538        852     3.5458  0.000e+00
     53.011     5.6901   3.132951    31.8537        853     3.5500  0.000e+00
     52.997     5.6904   3.132969    31.8537        854     3.5542  0.000e+00
     52.977     5.6905   3.132951    31.8534        855     3.5583  0.000e+00
     52.960     5.6906   3.132969    31.8534        856     3.5625  0.000e+00
     52.944     5.6907   3.132994    31.8536        857     3.5667  0.000e+00
     52.930     5.6907   3.132975    31.8534        858     3.5708  0.000e+00
     52.920     5.6909   3.132994    31.8535        859     3.5750  0.000e+00
     52.908     5.6909   3.132994    31.8535        860     3.5792  0.000e+00
     52.903     5.6910   3.133012    31.8536        861     3.5833  0.000e+00
     52.897     5.6911   3.133012    31.8535        862     3.5875  0.000e+00
     52.892     5.6911   3.133030    31.8537        863     3.5917  0.000e+00
     52.884     5.6912   3.133030    31.8536        864     3.5958  0.000e+00
     52.878     5.6914   3.133048    31.8537        865     3.6000  0.000e+00
     52.871     5.6916   3.133085    31.8538        866     3.6042  0.000e+00
     52.862     5.6917   3.133091    31.8538        867     3.6083  0.000e+00
     52.857     5.6920   3.133091    31.8536        868     3.6125  0.000e+00
     52.844     5.6922   3.133091    31.8533        869     3.6167  0.000e+00
     52.839     5.6923   3.133133    31.8537        870     3.6208  0.000e+00
     52.826     5.6924   3.133151    31.8538        871     3.6250  0.000e+00
     52.818     5.6927   3.133212    31.8543        872     3.6292  0.000e+00
     52.813     5.6929   3.133267    31.8547        873     3.6333  0.000e+00
     52.808     5.6935   3.133267    31.8541        874     3.6375  0.000e+00
     52.808     5.6943   3.133291    31.8536        875     3.6417  0.000e+00
     52.811     5.6947   3.133291    31.8533        876     3.6458  0.000e+00
     52.814     5.6952   3.133309    31.8530        877     3.6500  0.000e+00
     52.823     5.6957   3.133327    31.8527        878     3.6542  0.000e+00
     52.827     5.6960   3.133346    31.8527        879     3.6583  0.000e+00
     52.832     5.6962   3.133370    31.8528        880     3.6625  0.000e+00
     52.834     5.6963   3.133370    31.8526        881     3.6667  0.000e+00
     52.840     5.6966   3.133406    31.8528        882     3.6708  0.000e+00
     52.842     5.6969   3.133394    31.8523        883     3.6750  0.000e+00
     52.838     5.6969   3.133430    31.8527        884     3.6792  0.000e+00
     52.834     5.6971   3.133430    31.8526        885     3.6833  0.000e+00
     52.820     5.6973   3.133430    31.8524        886     3.6875  0.000e+00
     52.811     5.6976   3.133430    31.8521        887     3.6917  0.000e+00
     52.796     5.6976   3.133449    31.8523        888     3.6958  0.000e+00
     52.773     5.6977   3.133467    31.8524        889     3.7000  0.000e+00
     52.760     5.6980   3.133509    31.8526        890     3.7042  0.000e+00
     52.747     5.6982   3.133497    31.8523        891     3.7083  0.000e+00
     52.743     5.6985   3.133546    31.8526        892     3.7125  0.000e+00
     52.745     5.6990   3.133546    31.8521        893     3.7167  0.000e+00
     52.733     5.6993   3.133564    31.8520        894     3.7208  0.000e+00
     52.725     5.6994   3.133564    31.8519        895     3.7250  0.000e+00
     52.718     5.6998   3.133588    31.8519        896     3.7292  0.000e+00
     52.708     5.6998   3.133606    31.8520        897     3.7333  0.000e+00
     52.690     5.7001   3.133606    31.8518        898     3.7375  0.000e+00
     52.659     5.7004   3.133625    31.8517        899     3.7417  0.000e+00
     52.624     5.7004   3.133625    31.8517        900     3.7458  0.000e+00
     52.587     5.7005   3.133643    31.8519        901     3.7500  0.000e+00
     52.564     5.7007   3.133685    31.8522        902     3.7542  0.000e+00
     52.534     5.7010   3.133667    31.8517        903     3.7583  0.000e+00
     52.513     5.7012   3.133685    31.8517        904     3.7625  0.000e+00
     52.506     5.7013   3.133667    31.8514        905     3.7667  0.000e+00
     52.509     5.7015   3.133685    31.8514        906     3.7708  0.000e+00
     52.523     5.7016   3.133667    31.8511        907     3.7750  0.000e+00
     52.541     5.7019   3.133685    31.8511        908     3.7792  0.000e+00
     52.563     5.7019   3.133703    31.8512        909     3.7833  0.000e+00
     52.601     5.7020   3.133703    31.8511        910     3.7875  0.000e+00
     52.625     5.7020   3.133703    31.8511        911     3.7917  0.000e+00
     52.648     5.7018   3.133685    31.8511        912     3.7958  0.000e+00
     52.664     5.7018   3.133703    31.8513        913     3.8000  0.000e+00
     52.675     5.7017   3.133685    31.8512        914     3.8042  0.000e+00
     52.687     5.7018   3.133667    31.8509        915     3.8083  0.000e+00
     52.700     5.7016   3.133667    31.8510        916     3.8125  0.000e+00
     52.704     5.7015   3.133667    31.8511        917     3.8167  0.000e+00
     52.713     5.7013   3.133643    31.8510        918     3.8208  0.000e+00
     52.722     5.7012   3.133643    31.8511        919     3.8250  0.000e+00
     52.733     5.7011   3.133643    31.8512        920     3.8292  0.000e+00
     52.750     5.7012   3.133625    31.8509        921     3.8333  0.000e+00
     52.772     5.7009   3.133625    31.8511        922     3.8375  0.000e+00
     52.792     5.7010   3.133606    31.8509        923     3.8417  0.000e+00
     52.813     5.7009   3.133625    31.8512        924     3.8458  0.000e+00
     52.824     5.7007   3.133582    31.8509        925     3.8500  0.000e+00
     52.824     5.7006   3.133588    31.8511        926     3.8542  0.000e+00
     52.812     5.7004   3.133588    31.8512        927     3.8583  0.000e+00
     52.789     5.7003   3.133588    31.8513        928     3.8625  0.000e+00
     52.762     5.7002   3.133606    31.8516        929     3.8667  0.000e+00
     52.717     5.7006   3.133643    31.8517        930     3.8708  0.000e+00
     52.668     5.7005   3.133643    31.8518        931     3.8750  0.000e+00
     52.621     5.7008   3.133703    31.8523        932     3.8792  0.000e+00
     52.570     5.7011   3.133722    31.8522        933     3.8833  0.000e+00
     52.528     5.7014   3.133752    31.8522        934     3.8875  0.000e+00
     52.508     5.7019   3.133703    31.8513        935     3.8917  0.000e+00
     52.505     5.7021   3.133764    31.8517        936     3.8958  0.000e+00
     52.525     5.7026   3.133764    31.8513        937     3.9000  0.000e+00
     52.563     5.7027   3.133782    31.8513        938     3.9042  0.000e+00
     52.610     5.7028   3.133782    31.8512        939     3.9083  0.000e+00
     52.671     5.7030   3.133807    31.8513        940     3.9125  0.000e+00
     52.734     5.7030   3.133807    31.8512        941     3.9167  0.000e+00
     52.797     5.7032   3.133813    31.8511        942     3.9208  0.000e+00
     52.846     5.7032   3.133807    31.8510        943     3.9250  0.000e+00
     52.886     5.7031   3.133746    31.8504        944     3.9292  0.000e+00
     52.913     5.7031   3.133722    31.8502        945     3.9333  0.000e+00
     52.927     5.7027   3.133667    31.8499        946     3.9375  0.000e+00
     52.934     5.7023   3.133643    31.8500        947     3.9417  0.000e+00
     52.934     5.7019   3.133588    31.8498        948     3.9458  0.000e+00
     52.923     5.7013   3.133546    31.8498        949     3.9500  0.000e+00
     52.912     5.7007   3.133564    31.8506        950     3.9542  0.000e+00
     52.912     5.7003   3.133564    31.8510        951     3.9583  0.000e+00
     52.912     5.7001   3.133606    31.8517        952     3.9625  0.000e+00
     52.921     5.7001   3.133606    31.8516        953     3.9667  0.000e+00
     52.930     5.7001   3.133625    31.8518        954     3.9708  0.000e+00
     52.950     5.7003   3.133606    31.8515        955     3.9750  0.000e+00
     52.964     5.7002   3.133588    31.8513        956     3.9792  0.000e+00
     52.986     5.7002   3.133546    31.8509        957     3.9833  0.000e+00
     53.004     5.7000   3.133546    31.8511        958     3.9875  0.000e+00
     53.017     5.6998   3.133522    31.8509        959     3.9917  0.000e+00
     53.027     5.6997   3.133485    31.8506        960     3.9958  0.000e+00
     53.042     5.6994   3.133449    31.8505        961     4.0000  0.000e+00
     53.056     5.6989   3.133467    31.8511        962     4.0042  0.000e+00
     53.044     5.6986   3.133406    31.8507        963     4.0083  0.000e+00
     52.993     5.6984   3.133388    31.8508        964     4.0125  0.000e+00
     52.940     5.6979   3.133370    31.8511        965     4.0167  0.000e+00
     52.829     5.6975   3.133485    31.8528        966     4.0208  0.000e+00
     52.659     5.6976   3.133606    31.8542        967     4.0250  0.000e+00
     52.463     5.6984   3.133685    31.8544        968     4.0292  0.000e+00
     52.246     5.6995   3.133722    31.8539        969     4.0333  0.000e+00
     52.033     5.7007   3.133746    31.8531        970     4.0375  0.000e+00
     51.818     5.7015   3.133782    31.8529        971     4.0417  0.000e+00
     51.593     5.7022   3.133746    31.8519        972     4.0458  0.000e+00
     51.372     5.7028   3.133764    31.8516        973     4.0500  0.000e+00
     51.157     5.7032   3.133764    31.8514        974     4.0542  0.000e+00
     50.934     5.7036   3.133764    31.8511        975     4.0583  0.000e+00
     50.710     5.7040   3.133751    31.8507        976     4.0625  0.000e+00
     50.475     5.7041   3.133721    31.8503        977     4.0667  0.000e+00
     50.243     5.7045   3.133721    31.8501        978     4.0708  0.000e+00
     50.017     5.7048   3.133763    31.8504        979     4.0750  0.000e+00
     49.787     5.7054   3.133903    31.8515        980     4.0792  0.000e+00
     49.566     5.7068   3.134061    31.8521        981     4.0833  0.000e+00
     49.336     5.7087   3.134097    31.8508        982     4.0875  0.000e+00
     49.119     5.7108   3.134376    31.8521        983     4.0917  0.000e+00
     48.913     5.7131   3.134516    31.8516        984     4.0958  0.000e+00
     48.708     5.7158   3.134691    31.8511        985     4.1000  0.000e+00
     48.502     5.7185   3.135110    31.8533        986     4.1042  0.000e+00
     48.291     5.7223   3.135486    31.8541        987     4.1083  0.000e+00
     48.088     5.7271   3.135608    31.8510        988     4.1125  0.000e+00
     47.893     5.7314   3.135747    31.8486        989     4.1167  0.000e+00
     47.690     5.7349   3.135863    31.8467        990     4.1208  0.000e+00
     47.478     5.7377   3.136020    31.8459        991     4.1250  0.000e+00
     47.265     5.7406   3.136239    31.8457        992     4.1292  0.000e+00
     47.057     5.7435   3.136257    31.8433        993     4.1333  0.000e+00
     46.839     5.7462   3.136281    31.8412        994     4.1375  0.000e+00
     46.626     5.7479   3.136396    31.8410        995     4.1417  0.000e+00
     46.413     5.7496   3.136475    31.8403        996     4.1458  0.000e+00
     46.192     5.7512   3.136639    31.8408        997     4.1500  0.000e+00
     45.971     5.7529   3.136718    31.8402        998     4.1542  0.000e+00
     45.747     5.7547   3.136736    31.8388        999     4.1583  0.000e+00
     45.527     5.7560   3.136894    31.8394       1000     4.1625  0.000e+00
     45.313     5.7576   3.136991    31.8391       1001     4.1667  0.000e+00
     45.098     5.7593   3.137149    31.8394       1002     4.1708  0.000e+00
     44.881     5.7611   3.137246    31.8388       1003     4.1750  0.000e+00
     44.673     5.7628   3.137349    31.8385       1004     4.1792  0.000e+00
     44.457     5.7649   3.137488    31.8383       1005     4.1833  0.000e+00
     44.251     5.7673   3.138041    31.8423       1006     4.1875  0.000e+00
     44.046     5.7715   3.138284    31.8412       1007     4.1917  0.000e+00
     43.838     5.7767   3.138362    31.8372       1008     4.1958  0.000e+00
     43.630     5.7813   3.138459    31.8341       1009     4.2000  0.000e+00
     43.417     5.7848   3.138599    31.8324       1010     4.2042  0.000e+00
     43.212     5.7880   3.138660    31.8302       1011     4.2083  0.000e+00
     43.010     5.7906   3.138836    31.8298       1012     4.2125  0.000e+00
     42.794     5.7934   3.139097    31.8302       1013     4.2167  0.000e+00
     42.577     5.7968   3.139273    31.8291       1014     4.2208  0.000e+00
     42.369     5.8007   3.139455    31.8276       1015     4.2250  0.000e+00
     42.157     5.8044   3.139910    31.8293       1016     4.2292  0.000e+00
     41.951     5.8081   3.140323    31.8305       1017     4.2333  0.000e+00
     41.741     5.8127   3.140426    31.8274       1018     4.2375  0.000e+00
     41.530     5.8169   3.140463    31.8240       1019     4.2417  0.000e+00
     41.332     5.8198   3.140463    31.8214       1020     4.2458  0.000e+00
     41.142     5.8219   3.140541    31.8204       1021     4.2500  0.000e+00
     40.954     5.8234   3.140657    31.8203       1022     4.2542  0.000e+00
     40.767     5.8247   3.140784    31.8206       1023     4.2583  0.000e+00
     40.572     5.8263   3.140942    31.8210       1024     4.2625  0.000e+00
     40.389     5.8282   3.141082    31.8208       1025     4.2667  0.000e+00
     40.208     5.8308   3.141221    31.8200       1026     4.2708  0.000e+00
     40.029     5.8334   3.141240    31.8179       1027     4.2750  0.000e+00
     39.839     5.8366   3.141318    31.8159       1028     4.2792  0.000e+00
     39.654     5.8403   3.141318    31.8124       1029     4.2833  0.000e+00
     39.461     5.8434   3.141257    31.8089       1030     4.2875  0.000e+00
     39.270     5.8455   3.141160    31.8059       1031     4.2917  0.000e+00
     39.071     5.8477   3.141178    31.8042       1032     4.2958  0.000e+00
     38.865     5.8491   3.141057    31.8016       1033     4.3000  0.000e+00
     38.650     5.8502   3.141002    31.8001       1034     4.3042  0.000e+00
     38.433     5.8507   3.141002    31.7997       1035     4.3083  0.000e+00
