HB2502/sbe130.cnv
* Sea-Bird SBE 19plus V2 Data File:
* FileName = C:\cruise\data\sbe130.hex
* Software Version Seasave V 7.26.7.121
* Temperature SN = 6128
* Conductivity SN = 6128
* System UpLoad Time = May 04 2025 05:42:38
* NMEA Latitude = 41 00.70 N
* NMEA Longitude = 066 28.50 W
* NMEA UTC (Time) = May 04 2025  05:41:14
** Ship: Henry Bigelow
** Cruise:  HB2502
** Program:  Spring Bottom Trawl
# nquan = 7
# nvalues = 3788                                  
# units = specified
# name 0 = depSM: Depth [salt water, m]
# name 1 = tv290C: Temperature [ITS-90, deg C]
# name 2 = c0S/m: Conductivity [S/m]
# name 3 = sal00: Salinity, Practical [PSU]
# name 4 = scan: Scan Count
# name 5 = timeM: Time, Elapsed [minutes]
# name 6 = flag:  0.000e+00
# span 0 =     -0.061,    144.451                 
# span 1 =     7.5725,    18.6241                 
# span 2 =   0.009873,   4.785903                 
# span 3 =     0.0618,    36.1313                 
# span 4 =         11,       3798                 
# span 5 =     0.0417,    15.8208                 
# span 6 = 0.0000e+00, 0.0000e+00                 
# interval = seconds: 0.25
# start_time = May 04 2025 05:41:14 [NMEA time, header]
# bad_flag = -9.990e-29
*END*
[from data line 3283]
     27.673    15.7759   4.379899    35.0932       3294    13.7208  0.000e+00
     27.639    15.7778   4.376005    35.0566       3295    13.7250  0.000e+00
     27.617    15.7776   4.374430    35.0426       3296    13.7292  0.000e+00
     27.596    15.7715   4.370899    35.0164       3297    13.7333  0.000e+00
     27.583    15.7613   4.374458    35.0573       3298    13.7375  0.000e+00
     27.581    15.7546   4.374312    35.0620       3299    13.7417  0.000e+00
     27.574    15.7541   4.375367    35.0719       3300    13.7458  0.000e+00
     27.569    15.7559   4.376436    35.0799       3301    13.7500  0.000e+00
     27.553    15.7590   4.375471    35.0685       3302    13.7542  0.000e+00
     27.533    15.7620   4.375499    35.0661       3303    13.7583  0.000e+00
     27.497    15.7621   4.374791    35.0596       3304    13.7625  0.000e+00
     27.459    15.7601   4.370622    35.0240       3305    13.7667  0.000e+00
     27.399    15.7529   4.369076    35.0166       3306    13.7708  0.000e+00
     27.340    15.7419   4.366975    35.0075       3307    13.7750  0.000e+00
     27.260    15.7286   4.375242    35.0936       3308    13.7792  0.000e+00
     27.171    15.7283   4.365963    35.0106       3309    13.7833  0.000e+00
     27.070    15.7244   4.364264    34.9988       3310    13.7875  0.000e+00
     26.965    15.7120   4.365734    35.0230       3311    13.7917  0.000e+00
     26.868    15.7028   4.363454    35.0108       3312    13.7958  0.000e+00
     26.770    15.6940   4.363024    35.0148       3313    13.8000  0.000e+00
     26.684    15.6858   4.371892    35.1018       3314    13.8042  0.000e+00
     26.616    15.6948   4.373362    35.1071       3315    13.8083  0.000e+00
     26.562    15.7096   4.369610    35.0601       3316    13.8125  0.000e+00
     26.526    15.7174   4.369076    35.0484       3317    13.8167  0.000e+00
     26.491    15.7174   4.368937    35.0472       3318    13.8208  0.000e+00
     26.462    15.7164   4.358340    34.9530       3319    13.8250  0.000e+00
     26.435    15.7020   4.366316    35.0374       3320    13.8292  0.000e+00
     26.402    15.6916   4.364743    35.0326       3321    13.8333  0.000e+00
     26.382    15.6888   4.363260    35.0217       3322    13.8375  0.000e+00
     26.348    15.6849   4.361375    35.0082       3323    13.8417  0.000e+00
     26.312    15.6782   4.358901    34.9920       3324    13.8458  0.000e+00
     26.266    15.6679   4.353368    34.9514       3325    13.8500  0.000e+00
     26.222    15.6496   4.351769    34.9533       3326    13.8542  0.000e+00
     26.173    15.6284   4.356775    35.0171       3327    13.8583  0.000e+00
     26.118    15.6193   4.360191    35.0560       3328    13.8625  0.000e+00
     26.077    15.6251   4.360010    35.0493       3329    13.8667  0.000e+00
     26.030    15.6343   4.355418    34.9997       3330    13.8708  0.000e+00
     26.001    15.6335   4.352883    34.9777       3331    13.8750  0.000e+00
     25.978    15.6243   4.353846    34.9946       3332    13.8792  0.000e+00
     25.953    15.6155   4.348066    34.9504       3333    13.8833  0.000e+00
     25.925    15.6024   4.348917    34.9696       3334    13.8875  0.000e+00
     25.904    15.5900   4.347817    34.9707       3335    13.8917  0.000e+00
     25.875    15.5804   4.348046    34.9813       3336    13.8958  0.000e+00
     25.845    15.5733   4.346558    34.9743       3337    13.9000  0.000e+00
     25.799    15.5672   4.353064    35.0384       3338    13.9042  0.000e+00
     25.756    15.5710   4.354151    35.0447       3339    13.9083  0.000e+00
     25.696    15.5819   4.352025    35.0159       3340    13.9125  0.000e+00
     25.633    15.5881   4.345194    34.9490       3341    13.9167  0.000e+00
     25.566    15.5780   4.353833    35.0357       3342    13.9208  0.000e+00
     25.490    15.5783   4.353666    35.0340       3343    13.9250  0.000e+00
     25.423    15.5865   4.354525    35.0345       3344    13.9292  0.000e+00
     25.352    15.5949   4.356041    35.0407       3345    13.9333  0.000e+00
     25.278    15.6029   4.352614    35.0027       3346    13.9375  0.000e+00
     25.213    15.6052   4.346606    34.9467       3347    13.9417  0.000e+00
     25.152    15.5934   4.332976    34.8345       3348    13.9458  0.000e+00
     25.086    15.5592   4.329190    34.8307       3349    13.9500  0.000e+00
     25.027    15.5148   4.324591    34.8286       3350    13.9542  0.000e+00
     24.966    15.4757   4.342173    35.0220       3351    13.9583  0.000e+00
     24.904    15.4703   4.335888    34.9701       3352    13.9625  0.000e+00
     24.845    15.4761   4.341820    35.0185       3353    13.9667  0.000e+00
     24.783    15.4809   4.350261    35.0905       3354    13.9708  0.000e+00
     24.724    15.5068   4.352358    35.0862       3355    13.9750  0.000e+00
     24.670    15.5357   4.350994    35.0482       3356    13.9792  0.000e+00
     24.619    15.5554   4.339550    34.9276       3357    13.9833  0.000e+00
     24.572    15.5511   4.348447    35.0116       3358    13.9875  0.000e+00
     24.527    15.5492   4.348419    35.0131       3359    13.9917  0.000e+00
     24.491    15.5538   4.346807    34.9944       3360    13.9958  0.000e+00
     24.466    15.5559   4.344932    34.9757       3361    14.0000  0.000e+00
     24.437    15.5530   4.346225    34.9899       3362    14.0042  0.000e+00
     24.421    15.5505   4.347789    35.0062       3363    14.0083  0.000e+00
     24.409    15.5526   4.346910    34.9965       3364    14.0125  0.000e+00
     24.394    15.5543   4.347436    34.9997       3365    14.0167  0.000e+00
     24.375    15.5553   4.347236    34.9970       3366    14.0208  0.000e+00
     24.349    15.5561   4.343430    34.9620       3367    14.0250  0.000e+00
     24.316    15.5515   4.343029    34.9625       3368    14.0292  0.000e+00
     24.284    15.5433   4.341646    34.9574       3369    14.0333  0.000e+00
     24.232    15.5352   4.344641    34.9916       3370    14.0375  0.000e+00
     24.181    15.5328   4.338728    34.9404       3371    14.0417  0.000e+00
     24.118    15.5261   4.336571    34.9269       3372    14.0458  0.000e+00
     24.047    15.5125   4.334103    34.9168       3373    14.0500  0.000e+00
     23.971    15.4974   4.332873    34.9191       3374    14.0542  0.000e+00
     23.895    15.4815   4.329999    34.9074       3375    14.0583  0.000e+00
     23.811    15.4669   4.329067    34.9120       3376    14.0625  0.000e+00
     23.724    15.4541   4.329267    34.9252       3377    14.0667  0.000e+00
     23.646    15.4409   4.332529    34.9664       3378    14.0708  0.000e+00
     23.566    15.4396   4.328376    34.9301       3379    14.0750  0.000e+00
     23.490    15.4375   4.327036    34.9199       3380    14.0792  0.000e+00
     23.431    15.4301   4.325724    34.9146       3381    14.0833  0.000e+00
     23.369    15.4211   4.330318    34.9642       3382    14.0875  0.000e+00
     23.311    15.4194   4.323080    34.9004       3383    14.0917  0.000e+00
     23.259    15.4133   4.318276    34.8624       3384    14.0958  0.000e+00
     23.207    15.3963   4.317386    34.8695       3385    14.1000  0.000e+00
     23.165    15.3786   4.316551    34.8777       3386    14.1042  0.000e+00
     23.122    15.3624   4.316752    34.8939       3387    14.1083  0.000e+00
     23.084    15.3519   4.317414    34.9093       3388    14.1125  0.000e+00
     23.040    15.3450   4.302066    34.7765       3389    14.1167  0.000e+00
     23.006    15.3188   4.304402    34.8210       3390    14.1208  0.000e+00
     22.973    15.2906   4.304554    34.8474       3391    14.1250  0.000e+00
     22.941    15.2718   4.304554    34.8642       3392    14.1292  0.000e+00
     22.912    15.2642   4.304844    34.8735       3393    14.1333  0.000e+00
     22.878    15.2578   4.308690    34.9141       3394    14.1375  0.000e+00
     22.845    15.2567   4.314152    34.9647       3395    14.1417  0.000e+00
     22.813    15.2723   4.311193    34.9239       3396    14.1458  0.000e+00
     22.782    15.2846   4.309690    34.8993       3397    14.1500  0.000e+00
     22.749    15.2870   4.301371    34.8218       3398    14.1542  0.000e+00
     22.719    15.2746   4.302783    34.8457       3399    14.1583  0.000e+00
     22.690    15.2586   4.301392    34.8473       3400    14.1625  0.000e+00
     22.654    15.2461   4.302039    34.8643       3401    14.1667  0.000e+00
     22.617    15.2390   4.295179    34.8084       3402    14.1708  0.000e+00
     22.579    15.2245   4.295731    34.8263       3403    14.1750  0.000e+00
     22.536    15.2087   4.295338    34.8369       3404    14.1792  0.000e+00
     22.484    15.1977   4.296495    34.8572       3405    14.1833  0.000e+00
     22.439    15.1911   4.294340    34.8436       3406    14.1875  0.000e+00
     22.384    15.1864   4.292867    34.8343       3407    14.1917  0.000e+00
     22.316    15.1790   4.292674    34.8392       3408    14.1958  0.000e+00
     22.254    15.1719   4.298038    34.8943       3409    14.2000  0.000e+00
     22.186    15.1726   4.291669    34.8359       3410    14.2042  0.000e+00
     22.117    15.1734   4.286329    34.7867       3411    14.2083  0.000e+00
     22.054    15.1577   4.282767    34.7683       3412    14.2125  0.000e+00
     21.985    15.1355   4.274875    34.7164       3413    14.2167  0.000e+00
     21.924    15.1047   4.261704    34.6241       3414    14.2208  0.000e+00
     21.865    15.0566   4.267828    34.7225       3415    14.2250  0.000e+00
     21.807    15.0181   4.272609    34.8003       3416    14.2292  0.000e+00
     21.750    15.0116   4.290949    34.9734       3417    14.2333  0.000e+00
     21.702    15.0342   4.290639    34.9503       3418    14.2375  0.000e+00
     21.659    15.0736   4.292400    34.9311       3419    14.2417  0.000e+00
     21.613    15.1000   4.261079    34.6227       3420    14.2458  0.000e+00
     21.574    15.0765   4.259261    34.6270       3421    14.2500  0.000e+00
     21.530    15.0204   4.266503    34.7427       3422    14.2542  0.000e+00
     21.481    14.9910   4.270487    34.8053       3423    14.2583  0.000e+00
     21.438    14.9859   4.267973    34.7869       3424    14.2625  0.000e+00
     21.394    14.9830   4.265707    34.7689       3425    14.2667  0.000e+00
     21.346    14.9773   4.262172    34.7417       3426    14.2708  0.000e+00
     21.293    14.9637   4.260072    34.7348       3427    14.2750  0.000e+00
     21.238    14.9481   4.262790    34.7734       3428    14.2792  0.000e+00
     21.185    14.9401   4.258700    34.7433       3429    14.2833  0.000e+00
     21.134    14.9297   4.250107    34.6742       3430    14.2875  0.000e+00
     21.090    14.9075   4.247091    34.6664       3431    14.2917  0.000e+00
     21.042    14.8797   4.248127    34.7007       3432    14.2958  0.000e+00
     21.002    14.8548   4.240289    34.6512       3433    14.3000  0.000e+00
     20.965    14.8309   4.250670    34.7675       3434    14.3042  0.000e+00
     20.920    14.8186   4.241296    34.6927       3435    14.3083  0.000e+00
     20.886    14.8096   4.244406    34.7292       3436    14.3125  0.000e+00
     20.846    14.7990   4.248100    34.7725       3437    14.3167  0.000e+00
     20.805    14.8039   4.261845    34.8940       3438    14.3208  0.000e+00
     20.757    14.8323   4.250876    34.7681       3439    14.3250  0.000e+00
     20.718    14.8559   4.253858    34.7744       3440    14.3292  0.000e+00
     20.674    14.8586   4.261988    34.8463       3441    14.3333  0.000e+00
     20.627    14.8735   4.259950    34.8144       3442    14.3375  0.000e+00
     20.582    14.8881   4.247948    34.6917       3443    14.3417  0.000e+00
     20.539    14.8889   4.259682    34.7982       3444    14.3458  0.000e+00
     20.488    14.8897   4.268516    34.8783       3445    14.3500  0.000e+00
     20.443    14.9071   4.268839    34.8656       3446    14.3542  0.000e+00
     20.400    14.9341   4.259571    34.7569       3447    14.3583  0.000e+00
     20.351    14.9350   4.248708    34.6570       3448    14.3625  0.000e+00
     20.301    14.9071   4.237569    34.5802       3449    14.3667  0.000e+00
     20.248    14.8648   4.232600    34.5724       3450    14.3708  0.000e+00
     20.188    14.8145   4.232478    34.6160       3451    14.3750  0.000e+00
     20.131    14.7740   4.221466    34.5513       3452    14.3792  0.000e+00
     20.060    14.7298   4.225562    34.6281       3453    14.3833  0.000e+00
     19.990    14.6950   4.233992    34.7365       3454    14.3875  0.000e+00
     19.913    14.6881   4.235909    34.7604       3455    14.3917  0.000e+00
     19.831    14.7038   4.228258    34.6761       3456    14.3958  0.000e+00
     19.755    14.7012   4.218460    34.5886       3457    14.4000  0.000e+00
     19.672    14.6735   4.213336    34.5664       3458    14.4042  0.000e+00
     19.600    14.6369   4.218283    34.6445       3459    14.4083  0.000e+00
     19.529    14.6165   4.231994    34.7887       3460    14.4125  0.000e+00
     19.462    14.6276   4.225488    34.7190       3461    14.4167  0.000e+00
     19.403    14.6481   4.218610    34.6375       3462    14.4208  0.000e+00
     19.345    14.6396   4.218604    34.6451       3463    14.4250  0.000e+00
     19.296    14.6277   4.221844    34.6855       3464    14.4292  0.000e+00
     19.247    14.6217   4.217921    34.6548       3465    14.4333  0.000e+00
     19.209    14.6175   4.215789    34.6390       3466    14.4375  0.000e+00
     19.172    14.6071   4.218242    34.6709       3467    14.4417  0.000e+00
     19.135    14.6005   4.205982    34.5641       3468    14.4458  0.000e+00
     19.105    14.5827   4.193860    34.4686       3469    14.4500  0.000e+00
     19.077    14.5353   4.188483    34.4614       3470    14.4542  0.000e+00
     19.047    14.4843   4.193282    34.5510       3471    14.4583  0.000e+00
     19.027    14.4467   4.203841    34.6820       3472    14.4625  0.000e+00
     19.018    14.4487   4.206947    34.7088       3473    14.4667  0.000e+00
     19.000    14.4645   4.211979    34.7411       3474    14.4708  0.000e+00
     18.974    14.4884   4.212231    34.7219       3475    14.4750  0.000e+00
     18.951    14.5124   4.205171    34.6354       3476    14.4792  0.000e+00
     18.917    14.5207   4.209335    34.6664       3477    14.4833  0.000e+00
     18.878    14.5184   4.211084    34.6846       3478    14.4875  0.000e+00
     18.823    14.5255   4.213508    34.7005       3479    14.4917  0.000e+00
     18.758    14.5340   4.181678    34.4001       3480    14.4958  0.000e+00
     18.689    14.4979   4.173776    34.3594       3481    14.5000  0.000e+00
     18.604    14.4269   4.191143    34.5827       3482    14.5042  0.000e+00
     18.523    14.3950   4.196467    34.6605       3483    14.5083  0.000e+00
     18.438    14.3945   4.184186    34.5476       3484    14.5125  0.000e+00
     18.347    14.3897   4.155491    34.2872       3485    14.5167  0.000e+00
     18.251    14.3251   4.156816    34.3568       3486    14.5208  0.000e+00
     18.165    14.2536   4.146430    34.3245       3487    14.5250  0.000e+00
     18.065    14.1906   4.111788    34.0600       3488    14.5292  0.000e+00
     17.971    14.0784   4.091645    33.9725       3489    14.5333  0.000e+00
     17.892    13.9373   4.090399    34.0858       3490    14.5375  0.000e+00
     17.818    13.8165   4.091750    34.2060       3491    14.5417  0.000e+00
     17.740    13.7396   4.140162    34.7281       3492    14.5458  0.000e+00
     17.675    13.7639   4.157048    34.8644       3493    14.5500  0.000e+00
     17.610    13.8657   4.146340    34.6717       3494    14.5542  0.000e+00
     17.556    13.9459   4.138050    34.5221       3495    14.5583  0.000e+00
     17.507    13.9765   4.135514    34.4710       3496    14.5625  0.000e+00
     17.456    13.9781   4.125291    34.3744       3497    14.5667  0.000e+00
