HB2502/sbe115.cnv
* Sea-Bird SBE 19plus V2 Data File:
* FileName = C:\cruise\data\sbe115.hex
* Software Version Seasave V 7.26.7.121
* Temperature SN = 6128
* Conductivity SN = 6128
* System UpLoad Time = Apr 19 2025 13:17:26
* NMEA Latitude = 42 52.74 N
* NMEA Longitude = 070 42.08 W
* NMEA UTC (Time) = Apr 19 2025  13:16:47
** Ship: Henry Bigelow
** Cruise:  HB2502
** Program:  Spring Bottom Trawl
# nquan = 7
# nvalues = 977                                   
# units = specified
# name 0 = depSM: Depth [salt water, m]
# name 1 = tv290C: Temperature [ITS-90, deg C]
# name 2 = c0S/m: Conductivity [S/m]
# name 3 = sal00: Salinity, Practical [PSU]
# name 4 = scan: Scan Count
# name 5 = timeM: Time, Elapsed [minutes]
# name 6 = flag:  0.000e+00
# span 0 =     -0.039,     43.800                 
# span 1 =     4.1464,     7.1672                 
# span 2 =   0.328209,   3.108752                 
# span 3 =     2.7591,    32.4414                 
# span 4 =         11,        987                 
# span 5 =     0.0417,     4.1083                 
# span 6 = 0.0000e+00, 0.0000e+00                 
# interval = seconds: 0.25
# start_time = Apr 19 2025 13:16:47 [NMEA time, header]
# bad_flag = -9.990e-29
*END*
[from data line 411]
      9.147     4.9756   2.999071    31.0275        422     1.7542  0.000e+00
      9.359     4.9738   2.998963    31.0278        423     1.7583  0.000e+00
      9.583     4.9721   2.999387    31.0342        424     1.7625  0.000e+00
      9.800     4.9704   2.999566    31.0377        425     1.7667  0.000e+00
     10.021     4.9692   2.999924    31.0428        426     1.7708  0.000e+00
     10.249     4.9682   3.000307    31.0480        427     1.7750  0.000e+00
     10.480     4.9663   3.000510    31.0520        428     1.7792  0.000e+00
     10.712     4.9636   3.000044    31.0491        429     1.7833  0.000e+00
     10.931     4.9593   3.000420    31.0573        430     1.7875  0.000e+00
     11.135     4.9561   3.000522    31.0613        431     1.7917  0.000e+00
     11.332     4.9548   3.000343    31.0603        432     1.7958  0.000e+00
     11.522     4.9540   3.000247    31.0599        433     1.8000  0.000e+00
     11.710     4.9527   3.000039    31.0587        434     1.8042  0.000e+00
     11.889     4.9502   2.999609    31.0560        435     1.8083  0.000e+00
     12.057     4.9465   2.999227    31.0550        436     1.8125  0.000e+00
     12.220     4.9417   2.999305    31.0604        437     1.8167  0.000e+00
     12.381     4.9368   2.998953    31.0607        438     1.8208  0.000e+00
     12.554     4.9328   2.997932    31.0528        439     1.8250  0.000e+00
     12.728     4.9262   2.997103    31.0493        440     1.8292  0.000e+00
     12.900     4.9177   2.996745    31.0531        441     1.8333  0.000e+00
     13.079     4.9091   2.996644    31.0599        442     1.8375  0.000e+00
     13.267     4.9021   2.995988    31.0588        443     1.8417  0.000e+00
     13.468     4.8957   2.994974    31.0531        444     1.8458  0.000e+00
     13.685     4.8876   2.994187    31.0516        445     1.8500  0.000e+00
     13.898     4.8780   2.992851    31.0451        446     1.8542  0.000e+00
     14.117     4.8667   2.990198    31.0251        447     1.8583  0.000e+00
     14.334     4.8505   2.987796    31.0126        448     1.8625  0.000e+00
     14.555     4.8284   2.987326    31.0278        449     1.8667  0.000e+00
     14.776     4.8062   2.986271    31.0363        450     1.8708  0.000e+00
     14.991     4.7865   2.984174    31.0305        451     1.8750  0.000e+00
     15.194     4.7672   2.980256    31.0034        452     1.8792  0.000e+00
     15.391     4.7382   2.981328    31.0428        453     1.8833  0.000e+00
     15.584     4.7127   2.979233    31.0425        454     1.8875  0.000e+00
     15.771     4.6907   2.975906    31.0247        455     1.8917  0.000e+00
     15.954     4.6635   2.975204    31.0420        456     1.8958  0.000e+00
     16.127     4.6364   2.972504    31.0362        457     1.9000  0.000e+00
     16.297     4.6084   2.970203    31.0358        458     1.9042  0.000e+00
     16.475     4.5762   2.969823    31.0615        459     1.9083  0.000e+00
     16.646     4.5486   2.969710    31.0861        460     1.9125  0.000e+00
     16.832     4.5282   2.967528    31.0800        461     1.9167  0.000e+00
     17.008     4.5087   2.967529    31.0982        462     1.9208  0.000e+00
     17.194     4.4915   2.966822    31.1062        463     1.9250  0.000e+00
     17.383     4.4770   2.966548    31.1166        464     1.9292  0.000e+00
     17.581     4.4650   2.966269    31.1246        465     1.9333  0.000e+00
     17.794     4.4545   2.964867    31.1180        466     1.9375  0.000e+00
     18.004     4.4428   2.963542    31.1136        467     1.9417  0.000e+00
     18.210     4.4249   2.963732    31.1326        468     1.9458  0.000e+00
     18.412     4.4086   2.962503    31.1337        469     1.9500  0.000e+00
     18.618     4.3919   2.962058    31.1442        470     1.9542  0.000e+00
     18.830     4.3737   2.961464    31.1544        471     1.9583  0.000e+00
     19.027     4.3560   2.961060    31.1664        472     1.9625  0.000e+00
     19.226     4.3384   2.960579    31.1773        473     1.9667  0.000e+00
     19.411     4.3222   2.959618    31.1813        474     1.9708  0.000e+00
     19.588     4.3051   2.959535    31.1964        475     1.9750  0.000e+00
     19.765     4.2885   2.959933    31.2168        476     1.9792  0.000e+00
     19.942     4.2780   2.959832    31.2255        477     1.9833  0.000e+00
     20.121     4.2720   2.959226    31.2240        478     1.9875  0.000e+00
     20.296     4.2654   2.958567    31.2225        479     1.9917  0.000e+00
     20.476     4.2558   2.958407    31.2296        480     1.9958  0.000e+00
     20.659     4.2456   2.958366    31.2387        481     2.0000  0.000e+00
     20.856     4.2378   2.957992    31.2417        482     2.0042  0.000e+00
     21.055     4.2299   2.958111    31.2506        483     2.0083  0.000e+00
     21.259     4.2223   2.958610    31.2635        484     2.0125  0.000e+00
     21.467     4.2177   2.958895    31.2711        485     2.0167  0.000e+00
     21.688     4.2159   2.959037    31.2743        486     2.0208  0.000e+00
     21.901     4.2152   2.959091    31.2756        487     2.0250  0.000e+00
     22.109     4.2136   2.959091    31.2769        488     2.0292  0.000e+00
     22.311     4.2114   2.959168    31.2799        489     2.0333  0.000e+00
     22.512     4.2096   2.959293    31.2829        490     2.0375  0.000e+00
     22.704     4.2084   2.959109    31.2818        491     2.0417  0.000e+00
     22.885     4.2066   2.959151    31.2839        492     2.0458  0.000e+00
     23.066     4.2045   2.959222    31.2866        493     2.0500  0.000e+00
     23.232     4.2027   2.959228    31.2884        494     2.0542  0.000e+00
     23.398     4.2009   2.959335    31.2912        495     2.0583  0.000e+00
     23.568     4.1992   2.959365    31.2931        496     2.0625  0.000e+00
     23.736     4.1976   2.959388    31.2948        497     2.0667  0.000e+00
     23.908     4.1968   2.959721    31.2994        498     2.0708  0.000e+00
     24.085     4.1965   2.959781    31.3003        499     2.0750  0.000e+00
     24.283     4.1961   2.959929    31.3023        500     2.0792  0.000e+00
     24.487     4.1951   2.960173    31.3060        501     2.0833  0.000e+00
     24.707     4.1939   2.960410    31.3098        502     2.0875  0.000e+00
     24.929     4.1935   2.960624    31.3125        503     2.0917  0.000e+00
     25.158     4.1938   2.960856    31.3149        504     2.0958  0.000e+00
     25.397     4.1949   2.960856    31.3137        505     2.1000  0.000e+00
     25.638     4.1960   2.960933    31.3134        506     2.1042  0.000e+00
     25.877     4.1963   2.961171    31.3158        507     2.1083  0.000e+00
     26.106     4.1962   2.961230    31.3165        508     2.1125  0.000e+00
     26.319     4.1963   2.961248    31.3165        509     2.1167  0.000e+00
     26.522     4.1959   2.961272    31.3171        510     2.1208  0.000e+00
     26.714     4.1958   2.961189    31.3161        511     2.1250  0.000e+00
     26.898     4.1953   2.961171    31.3162        512     2.1292  0.000e+00
     27.067     4.1949   2.961153    31.3163        513     2.1333  0.000e+00
     27.217     4.1944   2.960957    31.3144        514     2.1375  0.000e+00
     27.359     4.1932   2.960934    31.3153        515     2.1417  0.000e+00
     27.502     4.1908   2.960797    31.3159        516     2.1458  0.000e+00
     27.645     4.1882   2.960720    31.3173        517     2.1500  0.000e+00
     27.788     4.1847   2.960560    31.3188        518     2.1542  0.000e+00
     27.934     4.1807   2.960429    31.3210        519     2.1583  0.000e+00
     28.088     4.1769   2.961023    31.3315        520     2.1625  0.000e+00
     28.252     4.1738   2.961385    31.3386        521     2.1667  0.000e+00
     28.440     4.1721   2.961878    31.3459        522     2.1708  0.000e+00
     28.643     4.1717   2.962704    31.3558        523     2.1750  0.000e+00
     28.857     4.1715   2.963500    31.3652        524     2.1792  0.000e+00
     29.083     4.1715   2.963958    31.3704        525     2.1833  0.000e+00
     29.323     4.1708   2.964802    31.3808        526     2.1875  0.000e+00
     29.578     4.1705   2.966234    31.3977        527     2.1917  0.000e+00
     29.835     4.1709   2.967969    31.4175        528     2.1958  0.000e+00
     30.085     4.1729   2.969289    31.4309        529     2.2000  0.000e+00
     30.331     4.1763   2.969973    31.4355        530     2.2042  0.000e+00
     30.555     4.1798   2.970294    31.4358        531     2.2083  0.000e+00
     30.779     4.1831   2.970722    31.4375        532     2.2125  0.000e+00
     30.984     4.1859   2.970705    31.4346        533     2.2167  0.000e+00
     31.170     4.1881   2.971805    31.4453        534     2.2208  0.000e+00
     31.338     4.1898   2.973429    31.4624        535     2.2250  0.000e+00
     31.483     4.1916   2.975588    31.4859        536     2.2292  0.000e+00
     31.624     4.1935   2.976570    31.4955        537     2.2333  0.000e+00
     31.751     4.1954   2.976850    31.4969        538     2.2375  0.000e+00
     31.881     4.1971   2.977576    31.5037        539     2.2417  0.000e+00
     32.006     4.1986   2.977862    31.5056        540     2.2458  0.000e+00
     32.138     4.1998   2.977987    31.5058        541     2.2500  0.000e+00
     32.286     4.2008   2.979004    31.5166        542     2.2542  0.000e+00
     32.456     4.2016   2.979296    31.5192        543     2.2583  0.000e+00
     32.629     4.2023   2.979320    31.5187        544     2.2625  0.000e+00
     32.834     4.2030   2.980029    31.5262        545     2.2667  0.000e+00
     33.051     4.2042   2.981160    31.5382        546     2.2708  0.000e+00
     33.288     4.2054   2.982160    31.5486        547     2.2750  0.000e+00
     33.535     4.2066   2.983411    31.5619        548     2.2792  0.000e+00
     33.792     4.2080   2.985496    31.5848        549     2.2833  0.000e+00
     34.058     4.2099   2.987665    31.6083        550     2.2875  0.000e+00
     34.325     4.2126   2.990866    31.6429        551     2.2917  0.000e+00
     34.587     4.2166   2.992523    31.6583        552     2.2958  0.000e+00
     34.838     4.2209   2.995231    31.6856        553     2.3000  0.000e+00
     35.077     4.2257   2.996639    31.6974        554     2.3042  0.000e+00
     35.298     4.2306   2.998775    31.7176        555     2.3083  0.000e+00
     35.499     4.2351   2.999223    31.7183        556     2.3125  0.000e+00
     35.682     4.2391   3.003318    31.7622        557     2.3167  0.000e+00
     35.837     4.2432   3.007911    31.8119        558     2.3208  0.000e+00
     35.982     4.2486   3.007911    31.8066        559     2.3250  0.000e+00
     36.099     4.2534   3.010791    31.8355        560     2.3292  0.000e+00
     36.213     4.2583   3.013972    31.8679        561     2.3333  0.000e+00
     36.320     4.2637   3.018463    31.9151        562     2.3375  0.000e+00
     36.427     4.2694   3.020498    31.9333        563     2.3417  0.000e+00
     36.542     4.2748   3.019851    31.9204        564     2.3458  0.000e+00
     36.673     4.2789   3.022203    31.9438        565     2.3500  0.000e+00
     36.816     4.2817   3.023257    31.9534        566     2.3542  0.000e+00
     36.988     4.2843   3.021904    31.9350        567     2.3583  0.000e+00
     37.187     4.2860   3.027005    31.9928        568     2.3625  0.000e+00
     37.408     4.2884   3.029958    32.0249        569     2.3667  0.000e+00
     37.652     4.2925   3.032080    32.0456        570     2.3708  0.000e+00
     37.911     4.2976   3.037097    32.0990        571     2.3750  0.000e+00
     38.178     4.3049   3.041254    32.1403        572     2.3792  0.000e+00
     38.455     4.3144   3.045245    32.1776        573     2.3833  0.000e+00
     38.737     4.3250   3.047616    32.1948        574     2.3875  0.000e+00
     39.012     4.3362   3.051190    32.2254        575     2.3917  0.000e+00
     39.267     4.3478   3.052439    32.2286        576     2.3958  0.000e+00
     39.509     4.3586   3.054885    32.2464        577     2.4000  0.000e+00
     39.726     4.3684   3.055847    32.2479        578     2.4042  0.000e+00
     39.923     4.3771   3.057812    32.2622        579     2.4083  0.000e+00
     40.104     4.3848   3.061974    32.3032        580     2.4125  0.000e+00
     40.260     4.3931   3.063809    32.3163        581     2.4167  0.000e+00
     40.399     4.4023   3.064928    32.3203        582     2.4208  0.000e+00
     40.529     4.4107   3.066709    32.3328        583     2.4250  0.000e+00
     40.652     4.4182   3.068624    32.3477        584     2.4292  0.000e+00
     40.769     4.4253   3.068912    32.3441        585     2.4333  0.000e+00
     40.885     4.4310   3.069792    32.3486        586     2.4375  0.000e+00
     41.017     4.4357   3.071038    32.3585        587     2.4417  0.000e+00
     41.159     4.4396   3.071851    32.3640        588     2.4458  0.000e+00
     41.313     4.4435   3.072297    32.3654        589     2.4500  0.000e+00
     41.490     4.4465   3.072146    32.3606        590     2.4542  0.000e+00
     41.680     4.4491   3.073363    32.3720        591     2.4583  0.000e+00
     41.892     4.4515   3.074490    32.3828        592     2.4625  0.000e+00
     42.123     4.4535   3.074972    32.3863        593     2.4667  0.000e+00
     42.367     4.4558   3.074839    32.3824        594     2.4708  0.000e+00
     42.622     4.4576   3.075809    32.3918        595     2.4750  0.000e+00
     42.875     4.4586   3.076930    32.4038        596     2.4792  0.000e+00
     43.130     4.4592   3.077418    32.4087        597     2.4833  0.000e+00
     43.397     4.4598   3.077786    32.4123        598     2.4875  0.000e+00
     43.560     4.4605   3.078274    32.4172        599     2.4917  0.000e+00
     43.638     4.4609   3.079028    32.4255        600     2.4958  0.000e+00
     43.631     4.4606   3.079221    32.4281        601     2.5000  0.000e+00
     43.593     4.4603   3.079287    32.4292        602     2.5042  0.000e+00
     43.591     4.4598   3.079595    32.4332        603     2.5083  0.000e+00
     43.596     4.4592   3.079649    32.4344        604     2.5125  0.000e+00
     43.593     4.4584   3.079631    32.4351        605     2.5167  0.000e+00
     43.558     4.4578   3.079715    32.4366        606     2.5208  0.000e+00
     43.493     4.4571   3.079806    32.4383        607     2.5250  0.000e+00
     43.432     4.4569   3.079902    32.4397        608     2.5292  0.000e+00
     43.397     4.4568   3.079938    32.4402        609     2.5333  0.000e+00
     43.368     4.4571   3.079884    32.4393        610     2.5375  0.000e+00
     43.335     4.4573   3.079613    32.4360        611     2.5417  0.000e+00
     43.301     4.4577   3.079359    32.4327        612     2.5458  0.000e+00
     43.274     4.4578   3.079323    32.4322        613     2.5500  0.000e+00
     43.268     4.4577   3.079359    32.4327        614     2.5542  0.000e+00
     43.288     4.4577   3.079498    32.4343        615     2.5583  0.000e+00
     43.306     4.4580   3.079498    32.4340        616     2.5625  0.000e+00
     43.322     4.4582   3.079528    32.4342        617     2.5667  0.000e+00
     43.351     4.4586   3.079570    32.4343        618     2.5708  0.000e+00
     43.382     4.4588   3.079649    32.4349        619     2.5750  0.000e+00
     43.419     4.4592   3.079745    32.4356        620     2.5792  0.000e+00
     43.454     4.4599   3.079757    32.4351        621     2.5833  0.000e+00
     43.482     4.4604   3.079769    32.4347        622     2.5875  0.000e+00
     43.504     4.4605   3.079824    32.4353        623     2.5917  0.000e+00
     43.522     4.4605   3.079806    32.4350        624     2.5958  0.000e+00
     43.531     4.4607   3.079818    32.4350        625     2.6000  0.000e+00
