HB2502/sbe141.cnv
* Sea-Bird SBE 19plus V2 Data File:
* FileName = C:\cruise\data\sbe141.hex
* Software Version Seasave V 7.26.7.121
* Temperature SN = 6128
* Conductivity SN = 6128
* System UpLoad Time = May 07 2025 13:02:30
* NMEA Latitude = 42 26.80 N
* NMEA Longitude = 066 50.09 W
* NMEA UTC (Time) = May 07 2025  13:01:10
** Ship: Henry Bigelow
** Cruise:  HB2502
** Program:  Spring Bottom Trawl
# nquan = 7
# nvalues = 4393                                  
# units = specified
# name 0 = depSM: Depth [salt water, m]
# name 1 = tv290C: Temperature [ITS-90, deg C]
# name 2 = c0S/m: Conductivity [S/m]
# name 3 = sal00: Salinity, Practical [PSU]
# name 4 = scan: Scan Count
# name 5 = timeM: Time, Elapsed [minutes]
# name 6 = flag:  0.000e+00
# span 0 =     -0.123,    201.306                 
# span 1 =     5.2405,    11.0854                 
# span 2 =   0.006873,   3.716672                 
# span 3 =     0.0455,    35.0678                 
# span 4 =         11,       4403                 
# span 5 =     0.0417,    18.3417                 
# span 6 = 0.0000e+00, 0.0000e+00                 
# interval = seconds: 0.25
# start_time = May 07 2025 13:01:10 [NMEA time, header]
# bad_flag = -9.990e-29
*END*
[from data line 616]
     90.696     5.8320   3.272579    33.2707        627     2.6083  0.000e+00
     90.766     5.8442   3.272974    33.2631        628     2.6125  0.000e+00
     90.830     5.8557   3.273807    33.2612        629     2.6167  0.000e+00
     90.884     5.8651   3.273720    33.2510        630     2.6208  0.000e+00
     90.938     5.8718   3.274449    33.2525        631     2.6250  0.000e+00
     90.998     5.8772   3.275412    33.2580        632     2.6292  0.000e+00
     91.073     5.8829   3.276307    33.2624        633     2.6333  0.000e+00
     91.160     5.8888   3.276931    33.2636        634     2.6375  0.000e+00
     91.263     5.8945   3.277721    33.2669        635     2.6417  0.000e+00
     91.383     5.9000   3.278246    33.2673        636     2.6458  0.000e+00
     91.521     5.9053   3.279185    33.2726        637     2.6500  0.000e+00
     91.679     5.9107   3.279487    33.2706        638     2.6542  0.000e+00
     91.852     5.9156   3.280105    33.2726        639     2.6583  0.000e+00
     92.041     5.9200   3.279833    33.2652        640     2.6625  0.000e+00
     92.247     5.9231   3.279938    33.2632        641     2.6667  0.000e+00
     92.466     5.9248   3.280142    33.2637        642     2.6708  0.000e+00
     92.697     5.9261   3.280711    33.2687        643     2.6750  0.000e+00
     92.936     5.9276   3.281168    33.2722        644     2.6792  0.000e+00
     93.167     5.9300   3.281458    33.2730        645     2.6833  0.000e+00
     93.396     5.9323   3.282064    33.2775        646     2.6875  0.000e+00
     93.620     5.9352   3.282632    33.2808        647     2.6917  0.000e+00
     93.854     5.9383   3.283739    33.2901        648     2.6958  0.000e+00
     94.067     5.9423   3.284406    33.2936        649     2.7000  0.000e+00
     94.264     5.9472   3.284684    33.2919        650     2.7042  0.000e+00
     94.440     5.9515   3.285389    33.2955        651     2.7083  0.000e+00
     94.589     5.9557   3.285933    33.2974        652     2.7125  0.000e+00
     94.716     5.9600   3.288678    33.3239        653     2.7167  0.000e+00
     94.822     5.9677   3.291349    33.3463        654     2.7208  0.000e+00
     94.916     5.9791   3.291584    33.3377        655     2.7250  0.000e+00
     94.996     5.9896   3.291962    33.3315        656     2.7292  0.000e+00
     95.085     5.9979   3.295717    33.3654        657     2.7333  0.000e+00
     95.175     6.0086   3.297667    33.3768        658     2.7375  0.000e+00
     95.271     6.0223   3.300700    33.3972        659     2.7417  0.000e+00
     95.381     6.0376   3.302886    33.4066        660     2.7458  0.000e+00
     95.506     6.0542   3.303661    33.3989        661     2.7500  0.000e+00
     95.641     6.0688   3.304336    33.3920        662     2.7542  0.000e+00
     95.787     6.0800   3.305284    33.3915        663     2.7583  0.000e+00
     95.944     6.0895   3.305959    33.3897        664     2.7625  0.000e+00
     96.112     6.0974   3.306169    33.3842        665     2.7667  0.000e+00
     96.297     6.1039   3.306064    33.3766        666     2.7708  0.000e+00
     96.485     6.1081   3.305457    33.3655        667     2.7750  0.000e+00
     96.677     6.1095   3.305519    33.3648        668     2.7792  0.000e+00
     96.874     6.1097   3.306715    33.3779        669     2.7833  0.000e+00
     97.072     6.1116   3.307961    33.3899        670     2.7875  0.000e+00
     97.263     6.1156   3.308723    33.3943        671     2.7917  0.000e+00
     97.446     6.1214   3.310322    33.4065        672     2.7958  0.000e+00
     97.618     6.1282   3.311060    33.4079        673     2.8000  0.000e+00
     97.774     6.1353   3.312288    33.4146        674     2.8042  0.000e+00
     97.917     6.1426   3.313150    33.4170        675     2.8083  0.000e+00
     98.062     6.1502   3.314886    33.4288        676     2.8125  0.000e+00
     98.196     6.1581   3.316003    33.4335        677     2.8167  0.000e+00
     98.325     6.1675   3.316195    33.4263        678     2.8208  0.000e+00
     98.457     6.1746   3.317485    33.4337        679     2.8250  0.000e+00
     98.585     6.1815   3.319719    33.4519        680     2.8292  0.000e+00
     98.720     6.1910   3.320489    33.4510        681     2.8333  0.000e+00
     98.861     6.2006   3.321041    33.4476        682     2.8375  0.000e+00
     99.000     6.2089   3.321550    33.4451        683     2.8417  0.000e+00
     99.145     6.2156   3.322202    33.4458        684     2.8458  0.000e+00
     99.304     6.2215   3.322922    33.4479        685     2.8500  0.000e+00
     99.465     6.2273   3.324151    33.4559        686     2.8542  0.000e+00
     99.630     6.2335   3.325151    33.4608        687     2.8583  0.000e+00
     99.804     6.2404   3.326039    33.4639        688     2.8625  0.000e+00
     99.976     6.2474   3.326275    33.4596        689     2.8667  0.000e+00
    100.158     6.2531   3.326250    33.4535        690     2.8708  0.000e+00
    100.343     6.2568   3.326623    33.4540        691     2.8750  0.000e+00
    100.533     6.2598   3.327592    33.4618        692     2.8792  0.000e+00
    100.709     6.2631   3.328648    33.4702        693     2.8833  0.000e+00
    100.886     6.2678   3.328605    33.4650        694     2.8875  0.000e+00
    101.058     6.2720   3.329798    33.4741        695     2.8917  0.000e+00
    101.217     6.2766   3.330481    33.4771        696     2.8958  0.000e+00
    101.371     6.2821   3.331942    33.4879        697     2.9000  0.000e+00
    101.513     6.2883   3.332899    33.4924        698     2.9042  0.000e+00
    101.649     6.2947   3.333931    33.4976        699     2.9083  0.000e+00
    101.775     6.3019   3.334366    33.4952        700     2.9125  0.000e+00
    101.892     6.3083   3.336368    33.5112        701     2.9167  0.000e+00
    102.006     6.3163   3.341294    33.5582        702     2.9208  0.000e+00
    102.118     6.3298   3.345321    33.5898        703     2.9250  0.000e+00
    102.228     6.3504   3.351566    33.6389        704     2.9292  0.000e+00
    102.341     6.3781   3.356258    33.6638        705     2.9333  0.000e+00
    102.457     6.4093   3.357960    33.6518        706     2.9375  0.000e+00
    102.585     6.4372   3.360029    33.6473        707     2.9417  0.000e+00
    102.710     6.4611   3.361451    33.6394        708     2.9458  0.000e+00
    102.845     6.4812   3.362318    33.6292        709     2.9500  0.000e+00
    102.987     6.4968   3.361407    33.6037        710     2.9542  0.000e+00
    103.143     6.5064   3.361382    33.5938        711     2.9583  0.000e+00
    103.300     6.5117   3.361706    33.5921        712     2.9625  0.000e+00
    103.474     6.5150   3.362299    33.5954        713     2.9667  0.000e+00
    103.651     6.5179   3.362910    33.5993        714     2.9708  0.000e+00
    103.837     6.5211   3.363016    33.5972        715     2.9750  0.000e+00
    104.022     6.5239   3.364046    33.6057        716     2.9792  0.000e+00
    104.216     6.5271   3.364002    33.6020        717     2.9833  0.000e+00
    104.403     6.5303   3.365038    33.6103        718     2.9875  0.000e+00
    104.590     6.5340   3.365811    33.6152        719     2.9917  0.000e+00
    104.764     6.5382   3.366242    33.6157        720     2.9958  0.000e+00
    104.934     6.5426   3.365811    33.6065        721     3.0000  0.000e+00
    105.095     6.5454   3.366223    33.6082        722     3.0042  0.000e+00
    105.254     6.5473   3.367490    33.6204        723     3.0083  0.000e+00
    105.397     6.5505   3.368283    33.6259        724     3.0125  0.000e+00
    105.537     6.5549   3.369125    33.6308        725     3.0167  0.000e+00
    105.659     6.5601   3.370374    33.6395        726     3.0208  0.000e+00
    105.779     6.5661   3.371104    33.6416        727     3.0250  0.000e+00
    105.890     6.5726   3.371966    33.6447        728     3.0292  0.000e+00
    105.986     6.5789   3.372634    33.6459        729     3.0333  0.000e+00
    106.088     6.5849   3.373109    33.6452        730     3.0375  0.000e+00
    106.184     6.5904   3.373358    33.6425        731     3.0417  0.000e+00
    106.278     6.5947   3.373652    33.6415        732     3.0458  0.000e+00
    106.376     6.5983   3.373871    33.6403        733     3.0500  0.000e+00
    106.488     6.6011   3.373908    33.6379        734     3.0542  0.000e+00
    106.609     6.6033   3.373977    33.6364        735     3.0583  0.000e+00
    106.736     6.6048   3.374014    33.6353        736     3.0625  0.000e+00
    106.879     6.6059   3.374077    33.6349        737     3.0667  0.000e+00
    107.031     6.6066   3.374295    33.6365        738     3.0708  0.000e+00
    107.194     6.6075   3.374920    33.6424        739     3.0750  0.000e+00
    107.366     6.6090   3.375657    33.6490        740     3.0792  0.000e+00
    107.542     6.6118   3.377213    33.6634        741     3.0833  0.000e+00
    107.728     6.6167   3.377513    33.6619        742     3.0875  0.000e+00
    107.912     6.6219   3.378381    33.6662        743     3.0917  0.000e+00
    108.093     6.6268   3.379306    33.6715        744     3.0958  0.000e+00
    108.265     6.6331   3.380762    33.6813        745     3.1000  0.000e+00
    108.437     6.6403   3.381813    33.6858        746     3.1042  0.000e+00
    108.593     6.6475   3.383845    33.7011        747     3.1083  0.000e+00
    108.739     6.6563   3.385558    33.7114        748     3.1125  0.000e+00
    108.880     6.6673   3.385983    33.7052        749     3.1167  0.000e+00
    109.012     6.6769   3.388004    33.7179        750     3.1208  0.000e+00
    109.129     6.6865   3.389180    33.7214        751     3.1250  0.000e+00
    109.254     6.6973   3.391170    33.7327        752     3.1292  0.000e+00
    109.361     6.7086   3.392352    33.7346        753     3.1333  0.000e+00
    109.471     6.7195   3.393861    33.7405        754     3.1375  0.000e+00
    109.574     6.7301   3.394931    33.7418        755     3.1417  0.000e+00
    109.682     6.7404   3.396947    33.7539        756     3.1458  0.000e+00
    109.796     6.7506   3.397242    33.7471        757     3.1500  0.000e+00
    109.911     6.7599   3.397317    33.7387        758     3.1542  0.000e+00
    110.039     6.7666   3.397511    33.7341        759     3.1583  0.000e+00
    110.172     6.7711   3.397555    33.7301        760     3.1625  0.000e+00
    110.318     6.7741   3.397799    33.7298        761     3.1667  0.000e+00
    110.473     6.7764   3.398231    33.7323        762     3.1708  0.000e+00
    110.640     6.7784   3.398883    33.7374        763     3.1750  0.000e+00
    110.811     6.7811   3.399284    33.7391        764     3.1792  0.000e+00
    110.996     6.7838   3.400255    33.7470        765     3.1833  0.000e+00
    111.180     6.7875   3.400856    33.7499        766     3.1875  0.000e+00
    111.377     6.7921   3.400950    33.7463        767     3.1917  0.000e+00
    111.558     6.7957   3.400938    33.7425        768     3.1958  0.000e+00
    111.731     6.7983   3.401364    33.7447        769     3.2000  0.000e+00
    111.904     6.8001   3.403338    33.7645        770     3.2042  0.000e+00
    112.059     6.8047   3.404434    33.7720        771     3.2083  0.000e+00
    112.196     6.8116   3.405243    33.7740        772     3.2125  0.000e+00
    112.319     6.8186   3.405989    33.7753        773     3.2167  0.000e+00
    112.437     6.8255   3.406202    33.7708        774     3.2208  0.000e+00
    112.542     6.8313   3.406697    33.7705        775     3.2250  0.000e+00
    112.641     6.8358   3.406591    33.7649        776     3.2292  0.000e+00
    112.746     6.8392   3.407355    33.7699        777     3.2333  0.000e+00
    112.855     6.8418   3.407594    33.7699        778     3.2375  0.000e+00
    112.971     6.8446   3.408309    33.7750        779     3.2417  0.000e+00
    113.096     6.8477   3.408666    33.7758        780     3.2458  0.000e+00
    113.227     6.8511   3.408998    33.7760        781     3.2500  0.000e+00
    113.371     6.8541   3.409431    33.7778        782     3.2542  0.000e+00
    113.526     6.8573   3.409864    33.7793        783     3.2583  0.000e+00
    113.696     6.8605   3.409782    33.7752        784     3.2625  0.000e+00
    113.865     6.8630   3.409977    33.7748        785     3.2667  0.000e+00
    114.050     6.8647   3.410071    33.7740        786     3.2708  0.000e+00
    114.232     6.8660   3.410171    33.7738        787     3.2750  0.000e+00
    114.424     6.8672   3.411093    33.7827        788     3.2792  0.000e+00
    114.608     6.8690   3.411570    33.7860        789     3.2833  0.000e+00
    114.795     6.8718   3.412354    33.7918        790     3.2875  0.000e+00
    114.977     6.8754   3.414080    33.8072        791     3.2917  0.000e+00
    115.141     6.8809   3.414783    33.8095        792     3.2958  0.000e+00
    115.289     6.8873   3.413728    33.7915        793     3.3000  0.000e+00
    115.428     6.8907   3.415900    33.8119        794     3.3042  0.000e+00
    115.560     6.8950   3.417280    33.8228        795     3.3083  0.000e+00
    115.683     6.9020   3.418027    33.8241        796     3.3125  0.000e+00
    115.807     6.9091   3.419026    33.8280        797     3.3167  0.000e+00
    115.928     6.9160   3.419151    33.8225        798     3.3208  0.000e+00
    116.057     6.9219   3.420890    33.8357        799     3.3250  0.000e+00
    116.190     6.9281   3.422027    33.8421        800     3.3292  0.000e+00
    116.326     6.9346   3.423566    33.8525        801     3.3333  0.000e+00
    116.464     6.9419   3.423937    33.8493        802     3.3375  0.000e+00
    116.613     6.9486   3.425903    33.8643        803     3.3417  0.000e+00
    116.761     6.9563   3.427870    33.8782        804     3.3458  0.000e+00
    116.906     6.9662   3.429347    33.8846        805     3.3500  0.000e+00
    117.059     6.9771   3.431245    33.8947        806     3.3542  0.000e+00
    117.211     6.9880   3.433408    33.9076        807     3.3583  0.000e+00
    117.359     6.9990   3.434257    33.9060        808     3.3625  0.000e+00
    117.510     7.0088   3.434666    33.9007        809     3.3667  0.000e+00
    117.660     7.0165   3.435075    33.8975        810     3.3708  0.000e+00
    117.803     7.0220   3.436452    33.9072        811     3.3750  0.000e+00
    117.946     7.0271   3.437063    33.9088        812     3.3792  0.000e+00
    118.085     7.0317   3.437314    33.9070        813     3.3833  0.000e+00
    118.219     7.0354   3.437251    33.9026        814     3.3875  0.000e+00
    118.348     7.0377   3.437660    33.9047        815     3.3917  0.000e+00
    118.475     7.0394   3.438107    33.9079        816     3.3958  0.000e+00
    118.602     7.0411   3.438233    33.9075        817     3.4000  0.000e+00
    118.727     7.0428   3.438478    33.9085        818     3.4042  0.000e+00
    118.856     7.0442   3.439215    33.9151        819     3.4083  0.000e+00
    118.993     7.0460   3.439731    33.9189        820     3.4125  0.000e+00
    119.139     7.0484   3.440562    33.9255        821     3.4167  0.000e+00
    119.287     7.0512   3.440518    33.9222        822     3.4208  0.000e+00
    119.442     7.0537   3.440574    33.9203        823     3.4250  0.000e+00
    119.615     7.0556   3.440536    33.9180        824     3.4292  0.000e+00
    119.787     7.0566   3.440788    33.9197        825     3.4333  0.000e+00
    119.967     7.0575   3.441059    33.9216        826     3.4375  0.000e+00
    120.159     7.0584   3.441355    33.9239        827     3.4417  0.000e+00
    120.359     7.0594   3.441525    33.9247        828     3.4458  0.000e+00
    120.551     7.0607   3.441676    33.9250        829     3.4500  0.000e+00
    120.748     7.0618   3.441859    33.9258        830     3.4542  0.000e+00
