HB2502/sbe116.cnv
* Sea-Bird SBE 19plus V2 Data File:
* FileName = C:\cruise\data\sbe116.hex
* Software Version Seasave V 7.26.7.121
* Temperature SN = 6128
* Conductivity SN = 6128
* System UpLoad Time = Apr 19 2025 14:54:06
* NMEA Latitude = 42 52.05 N
* NMEA Longitude = 070 45.50 W
* NMEA UTC (Time) = Apr 19 2025  14:53:26
** Ship: Henry Bigelow
** Cruise:  HB2502
** Program:  Spring Bottom Trawl
# nquan = 7
# nvalues = 1238                                  
# units = specified
# name 0 = depSM: Depth [salt water, m]
# name 1 = tv290C: Temperature [ITS-90, deg C]
# name 2 = c0S/m: Conductivity [S/m]
# name 3 = sal00: Salinity, Practical [PSU]
# name 4 = scan: Scan Count
# name 5 = timeM: Time, Elapsed [minutes]
# name 6 = flag:  0.000e+00
# span 0 =      0.027,     27.515                 
# span 1 =     4.1744,    14.5401                 
# span 2 =   0.015467,   3.321508                 
# span 3 =     0.0933,    33.5934                 
# span 4 =         11,       1248                 
# span 5 =     0.0417,     5.1958                 
# span 6 = 0.0000e+00, 0.0000e+00                 
# interval = seconds: 0.25
# start_time = Apr 19 2025 14:53:26 [NMEA time, header]
# bad_flag = -9.990e-29
*END*
[from data line 616]
     21.057     4.1974   2.978311    31.5175        627     2.6083  0.000e+00
     21.055     4.1971   2.978436    31.5192        628     2.6125  0.000e+00
     21.060     4.1972   2.978466    31.5195        629     2.6167  0.000e+00
     21.076     4.1972   2.978472    31.5195        630     2.6208  0.000e+00
     21.089     4.1974   2.978507    31.5197        631     2.6250  0.000e+00
     21.106     4.1978   2.978507    31.5194        632     2.6292  0.000e+00
     21.116     4.1980   2.978466    31.5186        633     2.6333  0.000e+00
     21.124     4.1980   2.978454    31.5185        634     2.6375  0.000e+00
     21.113     4.1981   2.978448    31.5184        635     2.6417  0.000e+00
     21.099     4.1982   2.978376    31.5174        636     2.6458  0.000e+00
     21.059     4.1980   2.978430    31.5182        637     2.6500  0.000e+00
     21.012     4.1978   2.978418    31.5184        638     2.6542  0.000e+00
     20.954     4.1978   2.978370    31.5178        639     2.6583  0.000e+00
     20.883     4.1975   2.978436    31.5190        640     2.6625  0.000e+00
     20.816     4.1972   2.978269    31.5172        641     2.6667  0.000e+00
     20.756     4.1971   2.977948    31.5137        642     2.6708  0.000e+00
     20.697     4.1970   2.977757    31.5115        643     2.6750  0.000e+00
     20.646     4.1969   2.977555    31.5093        644     2.6792  0.000e+00
     20.612     4.1972   2.977501    31.5084        645     2.6833  0.000e+00
     20.574     4.1974   2.977483    31.5081        646     2.6875  0.000e+00
     20.560     4.1977   2.977501    31.5079        647     2.6917  0.000e+00
     20.553     4.1978   2.977519    31.5081        648     2.6958  0.000e+00
     20.549     4.1980   2.977638    31.5093        649     2.7000  0.000e+00
     20.549     4.1982   2.977704    31.5099        650     2.7042  0.000e+00
     20.549     4.1986   2.977757    31.5101        651     2.7083  0.000e+00
     20.551     4.1985   2.977781    31.5105        652     2.7125  0.000e+00
     20.544     4.1986   2.977817    31.5108        653     2.7167  0.000e+00
     20.537     4.1984   2.977817    31.5110        654     2.7208  0.000e+00
     20.518     4.1985   2.977638    31.5088        655     2.7250  0.000e+00
     20.482     4.1985   2.977561    31.5080        656     2.7292  0.000e+00
     20.442     4.1985   2.977442    31.5065        657     2.7333  0.000e+00
     20.384     4.1985   2.977340    31.5054        658     2.7375  0.000e+00
     20.326     4.1986   2.977352    31.5055        659     2.7417  0.000e+00
     20.258     4.1986   2.977424    31.5063        660     2.7458  0.000e+00
     20.189     4.1986   2.977352    31.5055        661     2.7500  0.000e+00
     20.118     4.1985   2.976989    31.5014        662     2.7542  0.000e+00
     20.067     4.1988   2.976882    31.4999        663     2.7583  0.000e+00
     20.014     4.1990   2.976787    31.4987        664     2.7625  0.000e+00
     19.972     4.1992   2.976638    31.4967        665     2.7667  0.000e+00
     19.936     4.1995   2.976454    31.4943        666     2.7708  0.000e+00
     19.910     4.1997   2.976436    31.4939        667     2.7750  0.000e+00
     19.890     4.1999   2.976335    31.4925        668     2.7792  0.000e+00
     19.883     4.2005   2.976245    31.4910        669     2.7833  0.000e+00
     19.874     4.2007   2.976180    31.4900        670     2.7875  0.000e+00
     19.872     4.2010   2.976132    31.4892        671     2.7917  0.000e+00
     19.876     4.2014   2.976198    31.4895        672     2.7958  0.000e+00
     19.872     4.2017   2.976210    31.4894        673     2.8000  0.000e+00
     19.863     4.2019   2.976156    31.4886        674     2.8042  0.000e+00
     19.852     4.2021   2.975853    31.4848        675     2.8083  0.000e+00
     19.832     4.2024   2.975644    31.4821        676     2.8125  0.000e+00
     19.797     4.2029   2.975555    31.4806        677     2.8167  0.000e+00
     19.759     4.2031   2.975430    31.4790        678     2.8208  0.000e+00
     19.708     4.2038   2.975293    31.4768        679     2.8250  0.000e+00
     19.654     4.2040   2.975115    31.4745        680     2.8292  0.000e+00
     19.597     4.2040   2.974960    31.4727        681     2.8333  0.000e+00
     19.538     4.2042   2.974835    31.4711        682     2.8375  0.000e+00
     19.480     4.2042   2.974752    31.4701        683     2.8417  0.000e+00
     19.426     4.2042   2.974680    31.4693        684     2.8458  0.000e+00
     19.374     4.2039   2.974579    31.4684        685     2.8500  0.000e+00
     19.327     4.2038   2.974418    31.4667        686     2.8542  0.000e+00
     19.287     4.2039   2.974085    31.4628        687     2.8583  0.000e+00
     19.249     4.2038   2.973633    31.4576        688     2.8625  0.000e+00
     19.222     4.2037   2.973282    31.4536        689     2.8667  0.000e+00
     19.193     4.2036   2.973032    31.4508        690     2.8708  0.000e+00
     19.173     4.2034   2.972925    31.4497        691     2.8750  0.000e+00
     19.149     4.2032   2.972884    31.4494        692     2.8792  0.000e+00
     19.122     4.2030   2.972848    31.4492        693     2.8833  0.000e+00
     19.099     4.2029   2.972830    31.4491        694     2.8875  0.000e+00
     19.070     4.2028   2.972788    31.4487        695     2.8917  0.000e+00
     19.036     4.2027   2.972753    31.4484        696     2.8958  0.000e+00
     18.999     4.2024   2.972729    31.4484        697     2.9000  0.000e+00
     18.952     4.2024   2.972681    31.4479        698     2.9042  0.000e+00
     18.907     4.2022   2.972550    31.4466        699     2.9083  0.000e+00
     18.862     4.2018   2.972271    31.4437        700     2.9125  0.000e+00
     18.806     4.2014   2.971962    31.4406        701     2.9167  0.000e+00
     18.759     4.2010   2.971557    31.4363        702     2.9208  0.000e+00
     18.717     4.2007   2.971409    31.4348        703     2.9250  0.000e+00
     18.681     4.2002   2.971230    31.4332        704     2.9292  0.000e+00
     18.650     4.1996   2.971076    31.4320        705     2.9333  0.000e+00
     18.628     4.1992   2.970939    31.4308        706     2.9375  0.000e+00
     18.611     4.1988   2.970832    31.4300        707     2.9417  0.000e+00
     18.589     4.1984   2.970737    31.4292        708     2.9458  0.000e+00
     18.571     4.1980   2.970630    31.4284        709     2.9500  0.000e+00
     18.558     4.1976   2.970540    31.4277        710     2.9542  0.000e+00
     18.539     4.1973   2.970517    31.4277        711     2.9583  0.000e+00
     18.524     4.1971   2.970445    31.4271        712     2.9625  0.000e+00
     18.497     4.1969   2.970368    31.4264        713     2.9667  0.000e+00
     18.460     4.1966   2.970249    31.4253        714     2.9708  0.000e+00
     18.422     4.1964   2.970106    31.4239        715     2.9750  0.000e+00
     18.369     4.1962   2.969934    31.4221        716     2.9792  0.000e+00
     18.315     4.1960   2.969749    31.4201        717     2.9833  0.000e+00
     18.253     4.1957   2.969559    31.4182        718     2.9875  0.000e+00
     18.190     4.1956   2.969321    31.4156        719     2.9917  0.000e+00
     18.121     4.1953   2.969137    31.4138        720     2.9958  0.000e+00
     18.056     4.1953   2.968887    31.4109        721     3.0000  0.000e+00
     17.992     4.1950   2.968727    31.4092        722     3.0042  0.000e+00
     17.938     4.1947   2.968655    31.4087        723     3.0083  0.000e+00
     17.885     4.1945   2.968560    31.4079        724     3.0125  0.000e+00
     17.847     4.1944   2.968554    31.4079        725     3.0167  0.000e+00
     17.817     4.1942   2.968429    31.4067        726     3.0208  0.000e+00
     17.797     4.1940   2.968281    31.4051        727     3.0250  0.000e+00
     17.782     4.1942   2.968221    31.4042        728     3.0292  0.000e+00
     17.773     4.1945   2.968221    31.4040        729     3.0333  0.000e+00
     17.764     4.1946   2.968239    31.4041        730     3.0375  0.000e+00
     17.762     4.1948   2.968239    31.4039        731     3.0417  0.000e+00
     17.757     4.1951   2.968239    31.4036        732     3.0458  0.000e+00
     17.747     4.1955   2.968168    31.4024        733     3.0500  0.000e+00
     17.740     4.1957   2.968102    31.4015        734     3.0542  0.000e+00
     17.716     4.1956   2.968019    31.4006        735     3.0583  0.000e+00
     17.689     4.1956   2.967942    31.3997        736     3.0625  0.000e+00
     17.653     4.1955   2.967871    31.3990        737     3.0667  0.000e+00
     17.600     4.1955   2.967829    31.3985        738     3.0708  0.000e+00
     17.546     4.1953   2.967758    31.3979        739     3.0750  0.000e+00
     17.483     4.1951   2.967609    31.3963        740     3.0792  0.000e+00
     17.419     4.1949   2.967514    31.3955        741     3.0833  0.000e+00
     17.346     4.1947   2.967353    31.3939        742     3.0875  0.000e+00
     17.283     4.1943   2.967181    31.3923        743     3.0917  0.000e+00
     17.218     4.1939   2.966979    31.3903        744     3.0958  0.000e+00
     17.162     4.1937   2.966824    31.3887        745     3.1000  0.000e+00
     17.111     4.1933   2.966711    31.3878        746     3.1042  0.000e+00
     17.062     4.1929   2.966587    31.3867        747     3.1083  0.000e+00
     17.024     4.1927   2.966492    31.3859        748     3.1125  0.000e+00
     16.996     4.1921   2.966373    31.3850        749     3.1167  0.000e+00
     16.979     4.1918   2.966266    31.3841        750     3.1208  0.000e+00
     16.963     4.1912   2.966117    31.3829        751     3.1250  0.000e+00
     16.954     4.1908   2.965986    31.3818        752     3.1292  0.000e+00
     16.939     4.1907   2.965980    31.3818        753     3.1333  0.000e+00
     16.930     4.1904   2.965873    31.3809        754     3.1375  0.000e+00
     16.915     4.1901   2.965784    31.3801        755     3.1417  0.000e+00
     16.897     4.1900   2.965725    31.3795        756     3.1458  0.000e+00
     16.881     4.1896   2.965671    31.3793        757     3.1500  0.000e+00
     16.857     4.1894   2.965588    31.3786        758     3.1542  0.000e+00
     16.832     4.1891   2.965463    31.3774        759     3.1583  0.000e+00
     16.798     4.1889   2.965309    31.3758        760     3.1625  0.000e+00
     16.761     4.1885   2.965166    31.3745        761     3.1667  0.000e+00
     16.711     4.1881   2.965053    31.3736        762     3.1708  0.000e+00
     16.658     4.1876   2.964964    31.3730        763     3.1750  0.000e+00
     16.601     4.1873   2.964839    31.3719        764     3.1792  0.000e+00
     16.545     4.1872   2.964352    31.3664        765     3.1833  0.000e+00
     16.491     4.1868   2.963306    31.3546        766     3.1875  0.000e+00
     16.437     4.1856   2.962677    31.3483        767     3.1917  0.000e+00
     16.387     4.1838   2.962249    31.3451        768     3.1958  0.000e+00
     16.336     4.1816   2.961994    31.3442        769     3.2000  0.000e+00
     16.300     4.1797   2.961875    31.3447        770     3.2042  0.000e+00
     16.265     4.1780   2.961815    31.3456        771     3.2083  0.000e+00
     16.241     4.1769   2.961786    31.3464        772     3.2125  0.000e+00
     16.221     4.1758   2.961798    31.3475        773     3.2167  0.000e+00
     16.203     4.1754   2.961786    31.3478        774     3.2208  0.000e+00
     16.192     4.1750   2.961780    31.3481        775     3.2250  0.000e+00
     16.175     4.1747   2.961798    31.3486        776     3.2292  0.000e+00
     16.159     4.1744   2.961786    31.3488        777     3.2333  0.000e+00
     16.130     4.1745   2.961756    31.3484        778     3.2375  0.000e+00
     16.104     4.1744   2.961744    31.3483        779     3.2417  0.000e+00
     16.068     4.1745   2.961738    31.3482        780     3.2458  0.000e+00
     16.037     4.1745   2.961857    31.3496        781     3.2500  0.000e+00
     15.990     4.1750   2.961976    31.3505        782     3.2542  0.000e+00
     15.939     4.1762   2.961988    31.3495        783     3.2583  0.000e+00
     15.883     4.1777   2.962130    31.3498        784     3.2625  0.000e+00
     15.829     4.1797   2.962403    31.3511        785     3.2667  0.000e+00
     15.776     4.1828   2.962694    31.3516        786     3.2708  0.000e+00
     15.726     4.1862   2.962974    31.3516        787     3.2750  0.000e+00
     15.684     4.1903   2.963235    31.3508        788     3.2792  0.000e+00
     15.640     4.1947   2.963348    31.3479        789     3.2833  0.000e+00
     15.609     4.1988   2.963419    31.3449        790     3.2875  0.000e+00
     15.589     4.2024   2.963443    31.3416        791     3.2917  0.000e+00
     15.573     4.2055   2.963455    31.3389        792     3.2958  0.000e+00
     15.567     4.2076   2.963502    31.3374        793     3.3000  0.000e+00
     15.550     4.2093   2.963472    31.3355        794     3.3042  0.000e+00
     15.542     4.2105   2.963443    31.3340        795     3.3083  0.000e+00
     15.531     4.2111   2.963425    31.3332        796     3.3125  0.000e+00
     15.509     4.2116   2.963342    31.3317        797     3.3167  0.000e+00
     15.495     4.2116   2.963288    31.3311        798     3.3208  0.000e+00
     15.465     4.2116   2.963217    31.3303        799     3.3250  0.000e+00
     15.427     4.2114   2.963128    31.3295        800     3.3292  0.000e+00
     15.382     4.2114   2.963009    31.3281        801     3.3333  0.000e+00
     15.331     4.2109   2.962932    31.3277        802     3.3375  0.000e+00
     15.270     4.2104   2.962860    31.3274        803     3.3417  0.000e+00
     15.210     4.2102   2.962777    31.3267        804     3.3458  0.000e+00
     15.138     4.2101   2.962641    31.3252        805     3.3500  0.000e+00
     15.078     4.2096   2.962510    31.3242        806     3.3542  0.000e+00
     15.011     4.2092   2.962308    31.3222        807     3.3583  0.000e+00
     14.957     4.2087   2.962136    31.3207        808     3.3625  0.000e+00
     14.904     4.2082   2.961975    31.3193        809     3.3667  0.000e+00
     14.857     4.2075   2.961874    31.3188        810     3.3708  0.000e+00
     14.816     4.2071   2.961856    31.3191        811     3.3750  0.000e+00
     14.787     4.2070   2.961839    31.3190        812     3.3792  0.000e+00
     14.765     4.2069   2.961833    31.3191        813     3.3833  0.000e+00
     14.741     4.2070   2.961833    31.3189        814     3.3875  0.000e+00
     14.726     4.2072   2.961821    31.3186        815     3.3917  0.000e+00
     14.720     4.2075   2.961833    31.3184        816     3.3958  0.000e+00
     14.713     4.2078   2.961821    31.3180        817     3.4000  0.000e+00
     14.704     4.2082   2.961815    31.3176        818     3.4042  0.000e+00
     14.684     4.2084   2.961761    31.3168        819     3.4083  0.000e+00
     14.669     4.2085   2.961738    31.3164        820     3.4125  0.000e+00
     14.646     4.2086   2.961708    31.3160        821     3.4167  0.000e+00
     14.616     4.2085   2.961678    31.3157        822     3.4208  0.000e+00
     14.584     4.2086   2.961696    31.3159        823     3.4250  0.000e+00
     14.546     4.2089   2.961672    31.3154        824     3.4292  0.000e+00
     14.500     4.2093   2.961696    31.3152        825     3.4333  0.000e+00
     14.462     4.2103   2.961821    31.3158        826     3.4375  0.000e+00
     14.414     4.2116   2.961892    31.3154        827     3.4417  0.000e+00
     14.380     4.2133   2.961951    31.3145        828     3.4458  0.000e+00
     14.343     4.2153   2.962028    31.3135        829     3.4500  0.000e+00
     14.314     4.2168   2.962040    31.3122        830     3.4542  0.000e+00
