HB2502/sbe112.cnv
* Sea-Bird SBE 19plus V2 Data File:
* FileName = C:\cruise\data\sbe112.hex
* Software Version Seasave V 7.26.7.121
* Temperature SN = 6128
* Conductivity SN = 6128
* System UpLoad Time = Apr 19 2025 07:25:59
* NMEA Latitude = 42 44.96 N
* NMEA Longitude = 070 33.43 W
* NMEA UTC (Time) = Apr 19 2025  07:25:19
** Ship: Henry Bigelow
** Cruise:  HB2502
** Program:  Spring Bottom Trawl
# nquan = 7
# nvalues = 1511                                  
# units = specified
# name 0 = depSM: Depth [salt water, m]
# name 1 = tv290C: Temperature [ITS-90, deg C]
# name 2 = c0S/m: Conductivity [S/m]
# name 3 = sal00: Salinity, Practical [PSU]
# name 4 = scan: Scan Count
# name 5 = timeM: Time, Elapsed [minutes]
# name 6 = flag:  0.000e+00
# span 0 =     -0.001,     85.696                 
# span 1 =     4.1412,     7.0011                 
# span 2 =   0.186244,   3.151914                 
# span 3 =     1.5526,    32.7747                 
# span 4 =         11,       1521                 
# span 5 =     0.0417,     6.3333                 
# span 6 = 0.0000e+00, 0.0000e+00                 
# interval = seconds: 0.25
# start_time = Apr 19 2025 07:25:19 [NMEA time, header]
# bad_flag = -9.990e-29
*END*
[from data line 1436]
      1.486     5.2435   3.010084    30.9080       1447     6.0250  0.000e+00
      1.515     5.2422   3.009809    30.9060       1448     6.0292  0.000e+00
      1.522     5.2417   3.010084    30.9096       1449     6.0333  0.000e+00
      1.501     5.2415   3.010891    30.9190       1450     6.0375  0.000e+00
      1.455     5.2424   3.010861    30.9178       1451     6.0417  0.000e+00
      1.431     5.2429   3.010897    30.9178       1452     6.0458  0.000e+00
      1.408     5.2433   3.011053    30.9192       1453     6.0500  0.000e+00
      1.388     5.2440   3.011393    30.9224       1454     6.0542  0.000e+00
      1.345     5.2449   3.011752    30.9257       1455     6.0583  0.000e+00
      1.303     5.2469   3.011124    30.9167       1456     6.0625  0.000e+00
      1.266     5.2479   3.010831    30.9125       1457     6.0667  0.000e+00
      1.265     5.2469   3.010921    30.9145       1458     6.0708  0.000e+00
      1.274     5.2456   3.010694    30.9131       1459     6.0750  0.000e+00
      1.284     5.2441   3.010592    30.9133       1460     6.0792  0.000e+00
      1.284     5.2426   3.010521    30.9139       1461     6.0833  0.000e+00
      1.279     5.2411   3.010533    30.9154       1462     6.0875  0.000e+00
      1.276     5.2399   3.010652    30.9178       1463     6.0917  0.000e+00
      1.269     5.2393   3.011190    30.9246       1464     6.0958  0.000e+00
      1.261     5.2394   3.011638    30.9295       1465     6.1000  0.000e+00
      1.241     5.2407   3.011220    30.9236       1466     6.1042  0.000e+00
      1.228     5.2416   3.011387    30.9247       1467     6.1083  0.000e+00
      1.228     5.2427   3.011788    30.9282       1468     6.1125  0.000e+00
      1.255     5.2457   3.011949    30.9272       1469     6.1167  0.000e+00
      1.300     5.2495   3.011901    30.9231       1470     6.1208  0.000e+00
      1.354     5.2526   3.011447    30.9151       1471     6.1250  0.000e+00
      1.413     5.2534   3.011393    30.9137       1472     6.1292  0.000e+00
      1.464     5.2524   3.011447    30.9152       1473     6.1333  0.000e+00
      1.507     5.2512   3.011608    30.9181       1474     6.1375  0.000e+00
      1.531     5.2502   3.011806    30.9213       1475     6.1417  0.000e+00
      1.540     5.2499   3.011812    30.9216       1476     6.1458  0.000e+00
      1.525     5.2503   3.010353    30.9047       1477     6.1500  0.000e+00
      1.502     5.2493   3.009074    30.8912       1478     6.1542  0.000e+00
      1.461     5.2462   3.008686    30.8897       1479     6.1583  0.000e+00
      1.421     5.2423   3.009445    30.9018       1480     6.1625  0.000e+00
      1.381     5.2395   3.009391    30.9038       1481     6.1667  0.000e+00
      1.338     5.2381   3.009218    30.9032       1482     6.1708  0.000e+00
      1.305     5.2371   3.009373    30.9059       1483     6.1750  0.000e+00
      1.273     5.2368   3.009385    30.9063       1484     6.1792  0.000e+00
      1.249     5.2371   3.009433    30.9066       1485     6.1833  0.000e+00
      1.228     5.2375   3.009045    30.9018       1486     6.1875  0.000e+00
      1.224     5.2376   3.008782    30.8988       1487     6.1917  0.000e+00
      1.235     5.2370   3.008812    30.8997       1488     6.1958  0.000e+00
      1.255     5.2361   3.009104    30.9038       1489     6.2000  0.000e+00
      1.286     5.2358   3.009092    30.9039       1490     6.2042  0.000e+00
      1.317     5.2355   3.009045    30.9036       1491     6.2083  0.000e+00
      1.331     5.2354   3.009110    30.9045       1492     6.2125  0.000e+00
      1.325     5.2352   3.009254    30.9063       1493     6.2167  0.000e+00
      1.296     5.2355   3.008172    30.8938       1494     6.2208  0.000e+00
      1.247     5.2356   3.008393    30.8962       1495     6.2250  0.000e+00
      1.185     5.2358   3.009027    30.9032       1496     6.2292  0.000e+00
      1.118     5.2367   3.008752    30.8993       1497     6.2333  0.000e+00
      1.048     5.2376   3.008495    30.8956       1498     6.2375  0.000e+00
      0.946     5.2376   3.008752    30.8985       1499     6.2417  0.000e+00
      0.821     5.2374   3.009009    30.9018       1500     6.2458  0.000e+00
      0.677     5.2372   3.008315    30.8941       1501     6.2500  0.000e+00
      0.536     5.2369   3.005430    30.8617       1502     6.2542  0.000e+00
      0.420     5.2345   3.004869    30.8576       1503     6.2583  0.000e+00
      0.322     5.2310   3.004743    30.8595       1504     6.2625  0.000e+00
      0.255     5.2281   3.004773    30.8625       1505     6.2667  0.000e+00
      0.184     5.2261   3.004719    30.8638       1506     6.2708  0.000e+00
      0.082     5.2249   3.004755    30.8653       1507     6.2750  0.000e+00
      0.009     5.2246   0.873149     8.0499       1508     6.2792  0.000e+00
      0.003     5.2258   0.481159     4.2513       1509     6.2833  0.000e+00
      0.007     5.2332   0.357770     3.1002       1510     6.2875  0.000e+00
      0.007     5.2459   0.373280     3.2420       1511     6.2917  0.000e+00
      0.007     5.2556   0.336335     2.9013       1512     6.2958  0.000e+00
      0.009     5.2601   0.310465     2.6647       1513     6.3000  0.000e+00
      0.002     5.2618   0.287434     2.4554       1514     6.3042  0.000e+00
      0.003     5.2618   0.274212     2.3359       1515     6.3083  0.000e+00
      0.003     5.2610   0.255626     2.1687       1516     6.3125  0.000e+00
      0.005     5.2601   0.232317     1.9602       1517     6.3167  0.000e+00
     -0.001     5.2590   0.217722     1.8304       1518     6.3208  0.000e+00
      0.003     5.2573   0.204569     1.7140       1519     6.3250  0.000e+00
      0.004     5.2560   0.192203     1.6049       1520     6.3292  0.000e+00
      0.004     5.2547   0.186244     1.5526       1521     6.3333  0.000e+00
