HB2502/sbe144.cnv
* Sea-Bird SBE 19plus V2 Data File:
* FileName = C:\cruise\data\sbe144.hex
* Software Version Seasave V 7.26.7.121
* Temperature SN = 6128
* Conductivity SN = 6128
* System UpLoad Time = May 07 2025 21:35:37
* NMEA Latitude = 42 05.98 N
* NMEA Longitude = 067 07.92 W
* NMEA UTC (Time) = May 07 2025  21:34:16
** Ship: Henry Bigelow
** Cruise:  HB2502
** Program:  Spring Bottom Trawl
# nquan = 7
# nvalues = 1225                                  
# units = specified
# name 0 = depSM: Depth [salt water, m]
# name 1 = tv290C: Temperature [ITS-90, deg C]
# name 2 = c0S/m: Conductivity [S/m]
# name 3 = sal00: Salinity, Practical [PSU]
# name 4 = scan: Scan Count
# name 5 = timeM: Time, Elapsed [minutes]
# name 6 = flag:  0.000e+00
# span 0 =     -0.010,     48.440                 
# span 1 =     7.4464,    10.2244                 
# span 2 =   0.007133,   3.536490                 
# span 3 =     0.0478,    33.1137                 
# span 4 =         11,       1235                 
# span 5 =     0.0417,     5.1417                 
# span 6 = 0.0000e+00, 0.0000e+00                 
# interval = seconds: 0.25
# start_time = May 07 2025 21:34:16 [NMEA time, header]
# bad_flag = -9.990e-29
*END*
[from data line 1026]
      9.167     7.4672   3.365957    32.7634       1037     4.3167  0.000e+00
      9.056     7.4678   3.366007    32.7634       1038     4.3208  0.000e+00
      8.928     7.4678   3.366182    32.7653       1039     4.3250  0.000e+00
      8.803     7.4685   3.366544    32.7687       1040     4.3292  0.000e+00
      8.676     7.4707   3.366506    32.7663       1041     4.3333  0.000e+00
      8.558     7.4727   3.366606    32.7655       1042     4.3375  0.000e+00
      8.461     7.4744   3.366300    32.7606       1043     4.3417  0.000e+00
      8.367     7.4750   3.366069    32.7576       1044     4.3458  0.000e+00
      8.282     7.4742   3.366026    32.7580       1045     4.3500  0.000e+00
      8.204     7.4727   3.366119    32.7604       1046     4.3542  0.000e+00
      8.130     7.4716   3.366219    32.7626       1047     4.3583  0.000e+00
      8.061     7.4713   3.366119    32.7618       1048     4.3625  0.000e+00
      8.005     7.4713   3.366025    32.7608       1049     4.3667  0.000e+00
      7.952     7.4707   3.365957    32.7607       1050     4.3708  0.000e+00
      7.903     7.4698   3.366113    32.7632       1051     4.3750  0.000e+00
      7.853     7.4696   3.365869    32.7608       1052     4.3792  0.000e+00
      7.811     7.4688   3.365664    32.7594       1053     4.3833  0.000e+00
      7.771     7.4675   3.365464    32.7584       1054     4.3875  0.000e+00
      7.734     7.4656   3.365514    32.7608       1055     4.3917  0.000e+00
      7.697     7.4638   3.365832    32.7660       1056     4.3958  0.000e+00
      7.659     7.4636   3.365876    32.7666       1057     4.4000  0.000e+00
      7.621     7.4643   3.365857    32.7658       1058     4.4042  0.000e+00
      7.574     7.4651   3.365994    32.7666       1059     4.4083  0.000e+00
      7.527     7.4659   3.365919    32.7650       1060     4.4125  0.000e+00
      7.475     7.4666   3.365894    32.7641       1061     4.4167  0.000e+00
      7.428     7.4666   3.365982    32.7651       1062     4.4208  0.000e+00
      7.364     7.4669   3.365769    32.7625       1063     4.4250  0.000e+00
      7.301     7.4668   3.365595    32.7607       1064     4.4292  0.000e+00
      7.230     7.4659   3.365932    32.7653       1065     4.4333  0.000e+00
      7.159     7.4655   3.365876    32.7651       1066     4.4375  0.000e+00
      7.086     7.4659   3.365751    32.7634       1067     4.4417  0.000e+00
      7.007     7.4660   3.366025    32.7663       1068     4.4458  0.000e+00
      6.927     7.4667   3.366156    32.7671       1069     4.4500  0.000e+00
      6.839     7.4676   3.366119    32.7659       1070     4.4542  0.000e+00
      6.763     7.4686   3.365769    32.7612       1071     4.4583  0.000e+00
      6.691     7.4686   3.365869    32.7623       1072     4.4625  0.000e+00
      6.615     7.4681   3.365938    32.7636       1073     4.4667  0.000e+00
      6.537     7.4681   3.366119    32.7656       1074     4.4708  0.000e+00
      6.461     7.4687   3.366393    32.7680       1075     4.4750  0.000e+00
      6.381     7.4704   3.366443    32.7670       1076     4.4792  0.000e+00
      6.293     7.4719   3.366649    32.7678       1077     4.4833  0.000e+00
      6.197     7.4737   3.365975    32.7589       1078     4.4875  0.000e+00
      6.103     7.4738   3.365594    32.7547       1079     4.4917  0.000e+00
      6.005     7.4712   3.365682    32.7582       1080     4.4958  0.000e+00
      5.902     7.4687   3.365320    32.7567       1081     4.5000  0.000e+00
      5.813     7.4662   3.365189    32.7577       1082     4.5042  0.000e+00
      5.727     7.4634   3.365158    32.7599       1083     4.5083  0.000e+00
      5.645     7.4614   3.365207    32.7625       1084     4.5125  0.000e+00
      5.569     7.4602   3.365195    32.7635       1085     4.5167  0.000e+00
      5.509     7.4592   3.365276    32.7653       1086     4.5208  0.000e+00
      5.450     7.4590   3.365220    32.7649       1087     4.5250  0.000e+00
      5.398     7.4589   3.365145    32.7642       1088     4.5292  0.000e+00
      5.357     7.4587   3.365139    32.7644       1089     4.5333  0.000e+00
      5.330     7.4582   3.365207    32.7656       1090     4.5375  0.000e+00
      5.317     7.4581   3.365239    32.7661       1091     4.5417  0.000e+00
      5.322     7.4583   3.365320    32.7667       1092     4.5458  0.000e+00
      5.324     7.4585   3.365357    32.7669       1093     4.5500  0.000e+00
      5.329     7.4592   3.365501    32.7679       1094     4.5542  0.000e+00
      5.320     7.4599   3.365619    32.7684       1095     4.5583  0.000e+00
      5.292     7.4613   3.365607    32.7670       1096     4.5625  0.000e+00
      5.248     7.4623   3.365856    32.7688       1097     4.5667  0.000e+00
      5.181     7.4636   3.366037    32.7695       1098     4.5708  0.000e+00
      5.097     7.4652   3.365769    32.7652       1099     4.5750  0.000e+00
      5.003     7.4665   3.366686    32.7739       1100     4.5792  0.000e+00
      4.889     7.4692   3.365900    32.7630       1101     4.5833  0.000e+00
      4.752     7.4699   3.366792    32.7720       1102     4.5875  0.000e+00
      4.614     7.4718   3.365900    32.7606       1103     4.5917  0.000e+00
      4.467     7.4728   3.366368    32.7648       1104     4.5958  0.000e+00
      4.323     7.4724   3.366380    32.7653       1105     4.6000  0.000e+00
      4.183     7.4737   3.366630    32.7669       1106     4.6042  0.000e+00
      4.065     7.4750   3.366973    32.7694       1107     4.6083  0.000e+00
      3.980     7.4773   3.366779    32.7652       1108     4.6125  0.000e+00
      3.921     7.4795   3.366299    32.7580       1109     4.6167  0.000e+00
      3.898     7.4790   3.366174    32.7571       1110     4.6208  0.000e+00
      3.892     7.4775   3.366118    32.7579       1111     4.6250  0.000e+00
      3.904     7.4760   3.365918    32.7571       1112     4.6292  0.000e+00
      3.928     7.4743   3.365787    32.7574       1113     4.6333  0.000e+00
      3.951     7.4724   3.365787    32.7591       1114     4.6375  0.000e+00
      3.973     7.4708   3.365993    32.7629       1115     4.6417  0.000e+00
      3.991     7.4701   3.366112    32.7647       1116     4.6458  0.000e+00
      3.994     7.4707   3.366005    32.7631       1117     4.6500  0.000e+00
      3.980     7.4710   3.366155    32.7644       1118     4.6542  0.000e+00
      3.946     7.4716   3.366349    32.7659       1119     4.6583  0.000e+00
      3.896     7.4726   3.366155    32.7630       1120     4.6625  0.000e+00
      3.838     7.4734   3.367079    32.7722       1121     4.6667  0.000e+00
      3.766     7.4757   3.366854    32.7676       1122     4.6708  0.000e+00
      3.704     7.4782   3.366542    32.7619       1123     4.6750  0.000e+00
      3.643     7.4788   3.367303    32.7696       1124     4.6792  0.000e+00
      3.582     7.4808   3.367465    32.7695       1125     4.6833  0.000e+00
      3.526     7.4834   3.367728    32.7699       1126     4.6875  0.000e+00
      3.456     7.4862   3.367509    32.7649       1127     4.6917  0.000e+00
      3.386     7.4881   3.366997    32.7576       1128     4.6958  0.000e+00
      3.303     7.4880   3.366910    32.7568       1129     4.7000  0.000e+00
      3.214     7.4866   3.367184    32.7611       1130     4.7042  0.000e+00
      3.119     7.4861   3.367546    32.7656       1131     4.7083  0.000e+00
      3.005     7.4869   3.367790    32.7675       1132     4.7125  0.000e+00
      2.904     7.4887   3.368632    32.7750       1133     4.7167  0.000e+00
      2.811     7.4929   3.370586    32.7921       1134     4.7208  0.000e+00
      2.723     7.5020   3.369406    32.7708       1135     4.7250  0.000e+00
      2.661     7.5086   3.369575    32.7665       1136     4.7292  0.000e+00
      2.622     7.5115   3.369568    32.7637       1137     4.7333  0.000e+00
      2.607     7.5133   3.368651    32.7520       1138     4.7375  0.000e+00
      2.609     7.5119   3.368345    32.7501       1139     4.7417  0.000e+00
      2.625     7.5087   3.368351    32.7532       1140     4.7458  0.000e+00
      2.661     7.5059   3.369856    32.7720       1141     4.7500  0.000e+00
      2.698     7.5068   3.370892    32.7823       1142     4.7542  0.000e+00
      2.722     7.5130   3.371604    32.7841       1143     4.7583  0.000e+00
      2.742     7.5216   3.370448    32.7635       1144     4.7625  0.000e+00
      2.750     7.5260   3.368158    32.7347       1145     4.7667  0.000e+00
      2.729     7.5213   3.367278    32.7296       1146     4.7708  0.000e+00
      2.675     7.5116   3.367034    32.7362       1147     4.7750  0.000e+00
      2.595     7.5023   3.366972    32.7443       1148     4.7792  0.000e+00
      2.500     7.4954   3.366885    32.7500       1149     4.7833  0.000e+00
      2.407     7.4907   3.366872    32.7543       1150     4.7875  0.000e+00
      2.329     7.4875   3.366691    32.7554       1151     4.7917  0.000e+00
      2.270     7.4852   3.366747    32.7582       1152     4.7958  0.000e+00
      2.241     7.4833   3.366866    32.7612       1153     4.8000  0.000e+00
      2.217     7.4825   3.366747    32.7607       1154     4.8042  0.000e+00
      2.214     7.4821   3.367034    32.7642       1155     4.8083  0.000e+00
      2.210     7.4825   3.366885    32.7622       1156     4.8125  0.000e+00
      2.208     7.4828   3.367034    32.7636       1157     4.8167  0.000e+00
      2.209     7.4831   3.367122    32.7642       1158     4.8208  0.000e+00
      2.188     7.4838   3.367097    32.7634       1159     4.8250  0.000e+00
      2.144     7.4845   3.366885    32.7604       1160     4.8292  0.000e+00
      2.094     7.4843   3.366685    32.7584       1161     4.8333  0.000e+00
      2.031     7.4834   3.366067    32.7527       1162     4.8375  0.000e+00
      1.965     7.4808   3.366379    32.7585       1163     4.8417  0.000e+00
      1.901     7.4790   3.366304    32.7594       1164     4.8458  0.000e+00
      1.856     7.4781   3.365849    32.7554       1165     4.8500  0.000e+00
      1.800     7.4761   3.365874    32.7576       1166     4.8542  0.000e+00
      1.755     7.4741   3.365811    32.7589       1167     4.8583  0.000e+00
      1.706     7.4728   3.366173    32.7639       1168     4.8625  0.000e+00
      1.650     7.4727   3.365917    32.7613       1169     4.8667  0.000e+00
      1.572     7.4726   3.365955    32.7619       1170     4.8708  0.000e+00
      1.501     7.4725   3.365899    32.7614       1171     4.8750  0.000e+00
      1.460     7.4720   3.366011    32.7631       1172     4.8792  0.000e+00
      1.461     7.4720   3.366111    32.7641       1173     4.8833  0.000e+00
      1.490     7.4725   3.366179    32.7644       1174     4.8875  0.000e+00
      1.544     7.4732   3.366260    32.7646       1175     4.8917  0.000e+00
      1.602     7.4739   3.366261    32.7639       1176     4.8958  0.000e+00
      1.647     7.4744   3.366198    32.7628       1177     4.9000  0.000e+00
      1.674     7.4748   3.366198    32.7624       1178     4.9042  0.000e+00
      1.678     7.4750   3.366261    32.7628       1179     4.9083  0.000e+00
      1.651     7.4749   3.366036    32.7606       1180     4.9125  0.000e+00
      1.605     7.4743   3.366023    32.7610       1181     4.9167  0.000e+00
      1.531     7.4740   3.365980    32.7608       1182     4.9208  0.000e+00
      1.446     7.4734   3.366298    32.7649       1183     4.9250  0.000e+00
      1.347     7.4736   3.366329    32.7651       1184     4.9292  0.000e+00
      1.247     7.4745   3.366154    32.7624       1185     4.9333  0.000e+00
      1.178     7.4746   3.365898    32.7596       1186     4.9375  0.000e+00
      1.149     7.4738   3.365955    32.7610       1187     4.9417  0.000e+00
      1.146     7.4731   3.366023    32.7624       1188     4.9458  0.000e+00
      1.162     7.4728   3.365992    32.7623       1189     4.9500  0.000e+00
      1.197     7.4727   3.366005    32.7625       1190     4.9542  0.000e+00
      1.244     7.4727   3.365992    32.7624       1191     4.9583  0.000e+00
      1.278     7.4724   3.366048    32.7632       1192     4.9625  0.000e+00
      1.299     7.4726   3.366092    32.7635       1193     4.9667  0.000e+00
      1.305     7.4726   3.366054    32.7631       1194     4.9708  0.000e+00
      1.287     7.4728   3.365830    32.7604       1195     4.9750  0.000e+00
      1.225     7.4722   3.366092    32.7639       1196     4.9792  0.000e+00
      1.115     7.4720   3.366111    32.7643       1197     4.9833  0.000e+00
      0.925     7.4727   3.366036    32.7629       1198     4.9875  0.000e+00
      0.684     7.4730   3.365898    32.7613       1199     4.9917  0.000e+00
      0.518     7.4728   3.366073    32.7635       1200     4.9958  0.000e+00
      0.413     7.4725   3.366023    32.7633       1201     5.0000  0.000e+00
      0.306     7.4728   3.365892    32.7616       1202     5.0042  0.000e+00
      0.214     7.4727   3.365873    32.7616       1203     5.0083  0.000e+00
      0.189     7.4724   3.365911    32.7623       1204     5.0125  0.000e+00
      0.217     7.4720   3.366048    32.7641       1205     5.0167  0.000e+00
      0.257     7.4722   3.366154    32.7650       1206     5.0208  0.000e+00
      0.304     7.4727   3.366135    32.7643       1207     5.0250  0.000e+00
      0.368     7.4731   3.366110    32.7636       1208     5.0292  0.000e+00
      0.431     7.4734   3.366117    32.7634       1209     5.0333  0.000e+00
      0.503     7.4734   3.366110    32.7633       1210     5.0375  0.000e+00
      0.575     7.4735   3.366054    32.7626       1211     5.0417  0.000e+00
      0.637     7.4735   3.366023    32.7622       1212     5.0458  0.000e+00
      0.675     7.4734   3.366011    32.7622       1213     5.0500  0.000e+00
      0.673     7.4732   3.365811    32.7602       1214     5.0542  0.000e+00
      0.640     7.4727   3.366710    32.7704       1215     5.0583  0.000e+00
      0.580     7.4738   3.367015    32.7726       1216     5.0625  0.000e+00
      0.502     7.4772   3.367209    32.7716       1217     5.0667  0.000e+00
      0.483     7.4807   3.366953    32.7655       1218     5.0708  0.000e+00
      0.521     7.4828   3.366971    32.7637       1219     5.0750  0.000e+00
      0.534     7.4840   3.366971    32.7625       1220     5.0792  0.000e+00
      0.505     7.4844   3.366928    32.7618       1221     5.0833  0.000e+00
      0.422     7.4848   3.366953    32.7616       1222     5.0875  0.000e+00
      0.277     7.4849   3.367165    32.7639       1223     5.0917  0.000e+00
      0.089     7.4856   3.338922    32.4587       1224     5.0958  0.000e+00
     -0.005     7.4876   0.787088     6.7376       1225     5.1000  0.000e+00
     -0.005     7.4949   0.461496     3.8046       1226     5.1042  0.000e+00
     -0.007     7.5173   0.353899     2.8664       1227     5.1083  0.000e+00
     -0.008     7.5473   0.304225     2.4392       1228     5.1125  0.000e+00
     -0.008     7.5640   0.279054     2.2249       1229     5.1167  0.000e+00
     -0.004     7.5700   0.259190     2.0572       1230     5.1208  0.000e+00
     -0.010     7.5726   0.240879     1.9037       1231     5.1250  0.000e+00
     -0.006     7.5724   0.230236     1.8150       1232     5.1292  0.000e+00
     -0.006     7.5720   0.222048     1.7469       1233     5.1333  0.000e+00
     -0.005     7.5702   0.200016     1.5646       1234     5.1375  0.000e+00
     -0.009     7.5693   0.183325     1.4273       1235     5.1417  0.000e+00
