HB2502/sbe114.cnv
* Sea-Bird SBE 19plus V2 Data File:
* FileName = C:\cruise\data\sbe114.hex
* Software Version Seasave V 7.26.7.121
* Temperature SN = 6128
* Conductivity SN = 6128
* System UpLoad Time = Apr 19 2025 11:38:50
* NMEA Latitude = 42 48.45 N
* NMEA Longitude = 070 42.02 W
* NMEA UTC (Time) = Apr 19 2025  11:38:10
** Ship: Henry Bigelow
** Cruise:  HB2502
** Program:  Spring Bottom Trawl
# nquan = 7
# nvalues = 1014                                  
# units = specified
# name 0 = depSM: Depth [salt water, m]
# name 1 = tv290C: Temperature [ITS-90, deg C]
# name 2 = c0S/m: Conductivity [S/m]
# name 3 = sal00: Salinity, Practical [PSU]
# name 4 = scan: Scan Count
# name 5 = timeM: Time, Elapsed [minutes]
# name 6 = flag:  0.000e+00
# span 0 =      0.556,     36.861                 
# span 1 =     3.9212,     8.3635                 
# span 2 =   2.836152,   3.032903                 
# span 3 =    28.0861,    31.8646                 
# span 4 =         11,       1024                 
# span 5 =     0.0417,     4.2625                 
# span 6 = 0.0000e+00, 0.0000e+00                 
# interval = seconds: 0.25
# start_time = Apr 19 2025 11:38:10 [NMEA time, header]
# bad_flag = -9.990e-29
*END*
[from data line 616]
     27.517     4.1892   2.976378    31.4995        627     2.6083  0.000e+00
     27.731     4.1880   2.976605    31.5031        628     2.6125  0.000e+00
     27.939     4.1867   2.976873    31.5074        629     2.6167  0.000e+00
     28.131     4.1855   2.977200    31.5123        630     2.6208  0.000e+00
     28.319     4.1838   2.977343    31.5156        631     2.6250  0.000e+00
     28.492     4.1817   2.977575    31.5202        632     2.6292  0.000e+00
     28.660     4.1801   2.977914    31.5255        633     2.6333  0.000e+00
     28.829     4.1786   2.977950    31.5274        634     2.6375  0.000e+00
     28.988     4.1768   2.977974    31.5293        635     2.6417  0.000e+00
     29.146     4.1740   2.977974    31.5319        636     2.6458  0.000e+00
     29.303     4.1694   2.977766    31.5338        637     2.6500  0.000e+00
     29.473     4.1643   2.977052    31.5303        638     2.6542  0.000e+00
     29.639     4.1578   2.976266    31.5272        639     2.6583  0.000e+00
     29.814     4.1498   2.975945    31.5310        640     2.6625  0.000e+00
     29.997     4.1407   2.975094    31.5297        641     2.6667  0.000e+00
     30.189     4.1300   2.974172    31.5291        642     2.6708  0.000e+00
     30.386     4.1167   2.973750    31.5368        643     2.6750  0.000e+00
     30.590     4.1016   2.973917    31.5532        644     2.6792  0.000e+00
     30.798     4.0873   2.974363    31.5721        645     2.6833  0.000e+00
     31.008     4.0762   2.974054    31.5791        646     2.6875  0.000e+00
     31.221     4.0665   2.973900    31.5864        647     2.6917  0.000e+00
     31.438     4.0581   2.973799    31.5933        648     2.6958  0.000e+00
     31.653     4.0502   2.973876    31.6017        649     2.7000  0.000e+00
     31.855     4.0419   2.973954    31.6105        650     2.7042  0.000e+00
     32.055     4.0337   2.973841    31.6170        651     2.7083  0.000e+00
     32.252     4.0261   2.973918    31.6252        652     2.7125  0.000e+00
     32.452     4.0193   2.974251    31.6355        653     2.7167  0.000e+00
     32.638     4.0134   2.974960    31.6495        654     2.7208  0.000e+00
     32.821     4.0083   2.975132    31.6563        655     2.7250  0.000e+00
     33.002     4.0037   2.974805    31.6568        656     2.7292  0.000e+00
     33.176     3.9995   2.975037    31.6635        657     2.7333  0.000e+00
     33.356     3.9958   2.976085    31.6793        658     2.7375  0.000e+00
     33.541     3.9924   2.976269    31.6846        659     2.7417  0.000e+00
     33.727     3.9893   2.977686    31.7043        660     2.7458  0.000e+00
     33.913     3.9862   2.978257    31.7139        661     2.7500  0.000e+00
     34.105     3.9831   2.978590    31.7207        662     2.7542  0.000e+00
     34.313     3.9802   2.979186    31.7304        663     2.7583  0.000e+00
     34.515     3.9779   2.979430    31.7354        664     2.7625  0.000e+00
     34.727     3.9760   2.980293    31.7473        665     2.7667  0.000e+00
     34.944     3.9745   2.980966    31.7566        666     2.7708  0.000e+00
     35.154     3.9729   2.981139    31.7601        667     2.7750  0.000e+00
     35.363     3.9714   2.981359    31.7640        668     2.7792  0.000e+00
     35.573     3.9704   2.982008    31.7725        669     2.7833  0.000e+00
     35.781     3.9698   2.982259    31.7759        670     2.7875  0.000e+00
     35.986     3.9694   2.982979    31.7847        671     2.7917  0.000e+00
     36.176     3.9693   2.983700    31.7932        672     2.7958  0.000e+00
     36.357     3.9692   2.983635    31.7924        673     2.8000  0.000e+00
     36.538     3.9692   2.983873    31.7951        674     2.8042  0.000e+00
     36.710     3.9690   2.984284    31.8000        675     2.8083  0.000e+00
     36.755     3.9688   2.985952    31.8198        676     2.8125  0.000e+00
     36.724     3.9680   2.986244    31.8241        677     2.8167  0.000e+00
     36.650     3.9664   2.986381    31.8273        678     2.8208  0.000e+00
     36.579     3.9637   2.986321    31.8292        679     2.8250  0.000e+00
     36.567     3.9613   2.986441    31.8330        680     2.8292  0.000e+00
     36.567     3.9589   2.986524    31.8363        681     2.8333  0.000e+00
     36.562     3.9571   2.986625    31.8393        682     2.8375  0.000e+00
     36.545     3.9553   2.986602    31.8408        683     2.8417  0.000e+00
     36.524     3.9535   2.986590    31.8424        684     2.8458  0.000e+00
     36.538     3.9521   2.986625    31.8442        685     2.8500  0.000e+00
     36.581     3.9508   2.985434    31.8314        686     2.8542  0.000e+00
     36.626     3.9495   2.986441    31.8445        687     2.8583  0.000e+00
     36.660     3.9467   2.986798    31.8514        688     2.8625  0.000e+00
     36.694     3.9439   2.986816    31.8543        689     2.8667  0.000e+00
     36.732     3.9417   2.986840    31.8567        690     2.8708  0.000e+00
     36.775     3.9401   2.986888    31.8588        691     2.8750  0.000e+00
     36.816     3.9391   2.986900    31.8599        692     2.8792  0.000e+00
     36.837     3.9388   2.986816    31.8592        693     2.8833  0.000e+00
     36.848     3.9384   2.986739    31.8587        694     2.8875  0.000e+00
     36.850     3.9376   2.986667    31.8586        695     2.8917  0.000e+00
     36.846     3.9367   2.986703    31.8599        696     2.8958  0.000e+00
     36.823     3.9356   2.986667    31.8605        697     2.9000  0.000e+00
     36.794     3.9349   2.986560    31.8600        698     2.9042  0.000e+00
     36.763     3.9344   2.986554    31.8604        699     2.9083  0.000e+00
     36.723     3.9338   2.986500    31.8604        700     2.9125  0.000e+00
     36.681     3.9333   2.986512    31.8611        701     2.9167  0.000e+00
     36.638     3.9328   2.986483    31.8612        702     2.9208  0.000e+00
     36.600     3.9326   2.986441    31.8609        703     2.9250  0.000e+00
     36.569     3.9323   2.986465    31.8615        704     2.9292  0.000e+00
     36.545     3.9323   2.986477    31.8617        705     2.9333  0.000e+00
     36.525     3.9323   2.986423    31.8610        706     2.9375  0.000e+00
     36.521     3.9324   2.986494    31.8617        707     2.9417  0.000e+00
     36.529     3.9327   2.986542    31.8621        708     2.9458  0.000e+00
     36.547     3.9329   2.986554    31.8620        709     2.9500  0.000e+00
     36.568     3.9333   2.986721    31.8636        710     2.9542  0.000e+00
     36.605     3.9339   2.986852    31.8645        711     2.9583  0.000e+00
     36.641     3.9348   2.986935    31.8646        712     2.9625  0.000e+00
     36.682     3.9360   2.986983    31.8640        713     2.9667  0.000e+00
     36.723     3.9367   2.987078    31.8644        714     2.9708  0.000e+00
     36.770     3.9377   2.987114    31.8638        715     2.9750  0.000e+00
     36.803     3.9384   2.987233    31.8645        716     2.9792  0.000e+00
     36.830     3.9392   2.987263    31.8640        717     2.9833  0.000e+00
     36.850     3.9400   2.986935    31.8595        718     2.9875  0.000e+00
     36.861     3.9399   2.986781    31.8577        719     2.9917  0.000e+00
     36.857     3.9390   2.986781    31.8585        720     2.9958  0.000e+00
     36.848     3.9378   2.986608    31.8577        721     3.0000  0.000e+00
     36.833     3.9367   2.986542    31.8580        722     3.0042  0.000e+00
     36.807     3.9356   2.986512    31.8587        723     3.0083  0.000e+00
     36.774     3.9346   2.986483    31.8594        724     3.0125  0.000e+00
     36.740     3.9338   2.986441    31.8597        725     3.0167  0.000e+00
     36.700     3.9331   2.986441    31.8604        726     3.0208  0.000e+00
     36.669     3.9326   2.986423    31.8607        727     3.0250  0.000e+00
     36.629     3.9323   2.986405    31.8608        728     3.0292  0.000e+00
     36.598     3.9322   2.986405    31.8609        729     3.0333  0.000e+00
     36.576     3.9321   2.986405    31.8610        730     3.0375  0.000e+00
     36.562     3.9320   2.986441    31.8615        731     3.0417  0.000e+00
     36.549     3.9320   2.986423    31.8613        732     3.0458  0.000e+00
     36.553     3.9321   2.986423    31.8612        733     3.0500  0.000e+00
     36.554     3.9322   2.986483    31.8618        734     3.0542  0.000e+00
     36.570     3.9322   2.986477    31.8618        735     3.0583  0.000e+00
     36.588     3.9324   2.986620    31.8632        736     3.0625  0.000e+00
     36.606     3.9329   2.986649    31.8631        737     3.0667  0.000e+00
     36.633     3.9335   2.986721    31.8633        738     3.0708  0.000e+00
     36.655     3.9340   2.986816    31.8639        739     3.0750  0.000e+00
     36.678     3.9351   2.986858    31.8634        740     3.0792  0.000e+00
     36.702     3.9358   2.986870    31.8628        741     3.0833  0.000e+00
     36.723     3.9365   2.986852    31.8619        742     3.0875  0.000e+00
     36.741     3.9369   2.986798    31.8609        743     3.0917  0.000e+00
     36.754     3.9369   2.986685    31.8595        744     3.0958  0.000e+00
     36.765     3.9368   2.986602    31.8586        745     3.1000  0.000e+00
     36.771     3.9361   2.986590    31.8591        746     3.1042  0.000e+00
     36.773     3.9355   2.986560    31.8594        747     3.1083  0.000e+00
     36.769     3.9347   2.986512    31.8596        748     3.1125  0.000e+00
     36.759     3.9344   2.986524    31.8600        749     3.1167  0.000e+00
     36.754     3.9339   2.986441    31.8596        750     3.1208  0.000e+00
     36.737     3.9335   2.986441    31.8599        751     3.1250  0.000e+00
     36.724     3.9332   2.986423    31.8600        752     3.1292  0.000e+00
     36.708     3.9329   2.986405    31.8601        753     3.1333  0.000e+00
     36.699     3.9326   2.986346    31.8597        754     3.1375  0.000e+00
     36.682     3.9323   2.986363    31.8603        755     3.1417  0.000e+00
     36.673     3.9321   2.986381    31.8606        756     3.1458  0.000e+00
     36.657     3.9321   2.986363    31.8605        757     3.1500  0.000e+00
     36.656     3.9319   2.986363    31.8607        758     3.1542  0.000e+00
     36.652     3.9320   2.986381    31.8607        759     3.1583  0.000e+00
     36.654     3.9321   2.986381    31.8607        760     3.1625  0.000e+00
     36.656     3.9321   2.986423    31.8611        761     3.1667  0.000e+00
     36.660     3.9322   2.986441    31.8612        762     3.1708  0.000e+00
     36.668     3.9326   2.986381    31.8602        763     3.1750  0.000e+00
     36.677     3.9328   2.986459    31.8609        764     3.1792  0.000e+00
     36.686     3.9328   2.986524    31.8617        765     3.1833  0.000e+00
     36.693     3.9332   2.986536    31.8614        766     3.1875  0.000e+00
     36.696     3.9332   2.986584    31.8619        767     3.1917  0.000e+00
     36.704     3.9335   2.986590    31.8618        768     3.1958  0.000e+00
     36.706     3.9340   2.986602    31.8614        769     3.2000  0.000e+00
     36.702     3.9342   2.986536    31.8605        770     3.2042  0.000e+00
     36.701     3.9342   2.986500    31.8600        771     3.2083  0.000e+00
     36.699     3.9340   2.986441    31.8595        772     3.2125  0.000e+00
     36.695     3.9339   2.986483    31.8601        773     3.2167  0.000e+00
     36.686     3.9335   2.986554    31.8613        774     3.2208  0.000e+00
     36.687     3.9334   2.986524    31.8610        775     3.2250  0.000e+00
     36.687     3.9337   2.986626    31.8620        776     3.2292  0.000e+00
     36.677     3.9340   2.986661    31.8622        777     3.2333  0.000e+00
     36.678     3.9345   2.986721    31.8624        778     3.2375  0.000e+00
     36.679     3.9351   2.986643    31.8608        779     3.2417  0.000e+00
     36.687     3.9355   2.986608    31.8600        780     3.2458  0.000e+00
     36.681     3.9356   2.986602    31.8599        781     3.2500  0.000e+00
     36.685     3.9355   2.986649    31.8605        782     3.2542  0.000e+00
     36.684     3.9355   2.986542    31.8592        783     3.2583  0.000e+00
     36.680     3.9352   2.986572    31.8599        784     3.2625  0.000e+00
     36.683     3.9350   2.986465    31.8589        785     3.2667  0.000e+00
     36.676     3.9348   2.986495    31.8594        786     3.2708  0.000e+00
     36.672     3.9345   2.986441    31.8590        787     3.2750  0.000e+00
     36.664     3.9342   2.986405    31.8589        788     3.2792  0.000e+00
     36.662     3.9338   2.986405    31.8593        789     3.2833  0.000e+00
     36.658     3.9335   2.986477    31.8604        790     3.2875  0.000e+00
     36.649     3.9334   2.986423    31.8599        791     3.2917  0.000e+00
     36.649     3.9334   2.986512    31.8610        792     3.2958  0.000e+00
     36.643     3.9337   2.986542    31.8610        793     3.3000  0.000e+00
     36.643     3.9340   2.986512    31.8604        794     3.3042  0.000e+00
     36.650     3.9343   2.986560    31.8606        795     3.3083  0.000e+00
     36.652     3.9344   2.986590    31.8609        796     3.3125  0.000e+00
     36.655     3.9346   2.986661    31.8615        797     3.3167  0.000e+00
     36.669     3.9350   2.986739    31.8621        798     3.3208  0.000e+00
     36.678     3.9354   2.986685    31.8610        799     3.3250  0.000e+00
     36.694     3.9357   2.986763    31.8616        800     3.3292  0.000e+00
     36.705     3.9361   2.986781    31.8614        801     3.3333  0.000e+00
     36.726     3.9364   2.986739    31.8607        802     3.3375  0.000e+00
     36.737     3.9367   2.986834    31.8615        803     3.3417  0.000e+00
     36.748     3.9370   2.986858    31.8615        804     3.3458  0.000e+00
     36.759     3.9371   2.986834    31.8611        805     3.3500  0.000e+00
     36.768     3.9376   2.986781    31.8600        806     3.3542  0.000e+00
     36.779     3.9376   2.986703    31.8590        807     3.3583  0.000e+00
     36.775     3.9374   2.986584    31.8578        808     3.3625  0.000e+00
     36.773     3.9367   2.986512    31.8577        809     3.3667  0.000e+00
     36.767     3.9359   2.986542    31.8588        810     3.3708  0.000e+00
     36.764     3.9354   2.986459    31.8583        811     3.3750  0.000e+00
     36.748     3.9348   2.986405    31.8582        812     3.3792  0.000e+00
     36.730     3.9343   2.986381    31.8585        813     3.3833  0.000e+00
     36.713     3.9338   2.986363    31.8588        814     3.3875  0.000e+00
     36.693     3.9332   2.986310    31.8587        815     3.3917  0.000e+00
     36.677     3.9328   2.986304    31.8591        816     3.3958  0.000e+00
     36.657     3.9326   2.986274    31.8590        817     3.4000  0.000e+00
     36.634     3.9322   2.986262    31.8591        818     3.4042  0.000e+00
     36.620     3.9321   2.986250    31.8592        819     3.4083  0.000e+00
     36.607     3.9319   2.986209    31.8588        820     3.4125  0.000e+00
     36.594     3.9319   2.986197    31.8588        821     3.4167  0.000e+00
     36.581     3.9317   2.986167    31.8586        822     3.4208  0.000e+00
     36.577     3.9315   2.986197    31.8591        823     3.4250  0.000e+00
     36.574     3.9314   2.986167    31.8589        824     3.4292  0.000e+00
     36.573     3.9314   2.986179    31.8591        825     3.4333  0.000e+00
     36.581     3.9314   2.986185    31.8591        826     3.4375  0.000e+00
     36.590     3.9315   2.986292    31.8602        827     3.4417  0.000e+00
     36.599     3.9317   2.986304    31.8602        828     3.4458  0.000e+00
     36.613     3.9321   2.986310    31.8599        829     3.4500  0.000e+00
     36.629     3.9323   2.986304    31.8596        830     3.4542  0.000e+00
