HB2502/sbe136.cnv
* Sea-Bird SBE 19plus V2 Data File:
* FileName = C:\cruise\data\sbe136.hex
* Software Version Seasave V 7.26.7.121
* Temperature SN = 6128
* Conductivity SN = 6128
* System UpLoad Time = May 06 2025 00:27:05
* NMEA Latitude = 41 56.23 N
* NMEA Longitude = 066 21.52 W
* NMEA UTC (Time) = May 06 2025  00:25:43
** Ship: Henry Bigelow
** Cruise:  HB2502
** Program:  Spring Bottom Trawl
# nquan = 7
# nvalues = 1346                                  
# units = specified
# name 0 = depSM: Depth [salt water, m]
# name 1 = tv290C: Temperature [ITS-90, deg C]
# name 2 = c0S/m: Conductivity [S/m]
# name 3 = sal00: Salinity, Practical [PSU]
# name 4 = scan: Scan Count
# name 5 = timeM: Time, Elapsed [minutes]
# name 6 = flag:  0.000e+00
# span 0 =      0.175,     82.665                 
# span 1 =     6.7775,     6.8775                 
# span 2 =   0.168731,   3.315301                 
# span 3 =     1.3342,    32.8015                 
# span 4 =         11,       1356                 
# span 5 =     0.0417,     5.6458                 
# span 6 = 0.0000e+00, 0.0000e+00                 
# interval = seconds: 0.25
# start_time = May 06 2025 00:25:43 [NMEA time, header]
# bad_flag = -9.990e-29
*END*
[from data line 616]
     81.155     6.7811   3.312077    32.7941        627     2.6083  0.000e+00
     81.183     6.7811   3.312102    32.7943        628     2.6125  0.000e+00
     81.198     6.7810   3.312102    32.7944        629     2.6167  0.000e+00
     81.229     6.7812   3.312120    32.7945        630     2.6208  0.000e+00
     81.257     6.7812   3.312127    32.7945        631     2.6250  0.000e+00
     81.288     6.7811   3.312102    32.7943        632     2.6292  0.000e+00
     81.317     6.7812   3.312120    32.7944        633     2.6333  0.000e+00
     81.351     6.7811   3.312102    32.7943        634     2.6375  0.000e+00
     81.388     6.7812   3.312145    32.7947        635     2.6417  0.000e+00
     81.416     6.7812   3.312083    32.7940        636     2.6458  0.000e+00
     81.431     6.7811   3.312120    32.7944        637     2.6500  0.000e+00
     81.439     6.7812   3.312127    32.7944        638     2.6542  0.000e+00
     81.454     6.7811   3.312102    32.7943        639     2.6583  0.000e+00
     81.459     6.7810   3.312077    32.7940        640     2.6625  0.000e+00
     81.464     6.7811   3.312102    32.7943        641     2.6667  0.000e+00
     81.462     6.7812   3.312127    32.7944        642     2.6708  0.000e+00
     81.465     6.7810   3.312120    32.7945        643     2.6750  0.000e+00
     81.460     6.7808   3.312102    32.7945        644     2.6792  0.000e+00
     81.470     6.7810   3.312145    32.7948        645     2.6833  0.000e+00
     81.486     6.7810   3.312120    32.7946        646     2.6875  0.000e+00
     81.511     6.7810   3.312127    32.7946        647     2.6917  0.000e+00
     81.550     6.7810   3.312145    32.7948        648     2.6958  0.000e+00
     81.597     6.7812   3.312120    32.7943        649     2.7000  0.000e+00
     81.633     6.7812   3.312145    32.7946        650     2.7042  0.000e+00
     81.705     6.7812   3.312170    32.7948        651     2.7083  0.000e+00
     81.756     6.7815   3.312158    32.7944        652     2.7125  0.000e+00
     81.800     6.7813   3.312102    32.7939        653     2.7167  0.000e+00
     81.833     6.7813   3.312145    32.7943        654     2.7208  0.000e+00
     81.856     6.7814   3.312121    32.7940        655     2.7250  0.000e+00
     81.859     6.7814   3.312083    32.7936        656     2.7292  0.000e+00
     81.850     6.7813   3.312145    32.7943        657     2.7333  0.000e+00
     81.823     6.7811   3.312121    32.7943        658     2.7375  0.000e+00
     81.792     6.7811   3.312145    32.7945        659     2.7417  0.000e+00
     81.769     6.7811   3.312102    32.7941        660     2.7458  0.000e+00
     81.738     6.7810   3.312121    32.7944        661     2.7500  0.000e+00
     81.713     6.7810   3.312102    32.7943        662     2.7542  0.000e+00
     81.704     6.7810   3.312102    32.7943        663     2.7583  0.000e+00
     81.702     6.7808   3.312139    32.7948        664     2.7625  0.000e+00
     81.707     6.7808   3.312145    32.7948        665     2.7667  0.000e+00
     81.719     6.7810   3.312127    32.7945        666     2.7708  0.000e+00
     81.726     6.7809   3.312121    32.7945        667     2.7750  0.000e+00
     81.739     6.7808   3.312102    32.7943        668     2.7792  0.000e+00
     81.739     6.7809   3.312127    32.7946        669     2.7833  0.000e+00
     81.733     6.7810   3.312139    32.7946        670     2.7875  0.000e+00
     81.719     6.7809   3.312102    32.7943        671     2.7917  0.000e+00
     81.699     6.7810   3.312127    32.7945        672     2.7958  0.000e+00
     81.672     6.7809   3.312096    32.7943        673     2.8000  0.000e+00
     81.643     6.7810   3.312083    32.7940        674     2.8042  0.000e+00
     81.620     6.7809   3.312102    32.7944        675     2.8083  0.000e+00
     81.601     6.7808   3.312120    32.7946        676     2.8125  0.000e+00
     81.596     6.7810   3.312065    32.7939        677     2.8167  0.000e+00
     81.604     6.7807   3.312102    32.7945        678     2.8208  0.000e+00
     81.628     6.7809   3.312139    32.7948        679     2.8250  0.000e+00
     81.659     6.7810   3.312170    32.7950        680     2.8292  0.000e+00
     81.700     6.7811   3.312145    32.7946        681     2.8333  0.000e+00
     81.746     6.7812   3.312170    32.7948        682     2.8375  0.000e+00
     81.796     6.7812   3.312139    32.7944        683     2.8417  0.000e+00
     81.845     6.7812   3.312170    32.7947        684     2.8458  0.000e+00
     81.889     6.7812   3.312145    32.7944        685     2.8500  0.000e+00
     81.931     6.7812   3.312176    32.7947        686     2.8542  0.000e+00
     81.962     6.7813   3.312170    32.7946        687     2.8583  0.000e+00
     81.985     6.7814   3.312145    32.7942        688     2.8625  0.000e+00
     82.007     6.7814   3.312139    32.7941        689     2.8667  0.000e+00
     82.027     6.7814   3.312127    32.7939        690     2.8708  0.000e+00
     82.052     6.7812   3.312170    32.7946        691     2.8750  0.000e+00
     82.086     6.7812   3.312139    32.7942        692     2.8792  0.000e+00
     82.123     6.7811   3.312145    32.7944        693     2.8833  0.000e+00
     82.172     6.7811   3.312145    32.7944        694     2.8875  0.000e+00
     82.219     6.7811   3.312139    32.7943        695     2.8917  0.000e+00
     82.268     6.7811   3.312127    32.7941        696     2.8958  0.000e+00
     82.306     6.7810   3.312189    32.7949        697     2.9000  0.000e+00
     82.334     6.7812   3.312158    32.7944        698     2.9042  0.000e+00
     82.355     6.7811   3.312146    32.7943        699     2.9083  0.000e+00
     82.364     6.7812   3.312170    32.7945        700     2.9125  0.000e+00
     82.352     6.7811   3.312158    32.7944        701     2.9167  0.000e+00
     82.338     6.7810   3.312146    32.7944        702     2.9208  0.000e+00
     82.305     6.7810   3.312127    32.7942        703     2.9250  0.000e+00
     82.270     6.7810   3.312139    32.7944        704     2.9292  0.000e+00
     82.230     6.7810   3.312127    32.7942        705     2.9333  0.000e+00
     82.183     6.7810   3.312127    32.7943        706     2.9375  0.000e+00
     82.142     6.7809   3.312121    32.7943        707     2.9417  0.000e+00
     82.109     6.7809   3.312145    32.7946        708     2.9458  0.000e+00
     82.075     6.7809   3.312145    32.7946        709     2.9500  0.000e+00
     82.046     6.7809   3.312121    32.7944        710     2.9542  0.000e+00
     82.023     6.7809   3.312145    32.7946        711     2.9583  0.000e+00
     82.009     6.7807   3.312145    32.7948        712     2.9625  0.000e+00
     82.003     6.7807   3.312139    32.7947        713     2.9667  0.000e+00
     81.991     6.7809   3.312145    32.7946        714     2.9708  0.000e+00
     81.987     6.7809   3.312127    32.7944        715     2.9750  0.000e+00
     81.985     6.7808   3.312121    32.7944        716     2.9792  0.000e+00
     81.986     6.7810   3.312102    32.7941        717     2.9833  0.000e+00
     81.992     6.7808   3.312127    32.7945        718     2.9875  0.000e+00
     82.002     6.7809   3.312121    32.7944        719     2.9917  0.000e+00
     82.014     6.7811   3.312102    32.7939        720     2.9958  0.000e+00
     82.032     6.7810   3.312145    32.7946        721     3.0000  0.000e+00
     82.052     6.7810   3.312139    32.7945        722     3.0042  0.000e+00
     82.083     6.7811   3.312170    32.7947        723     3.0083  0.000e+00
     82.117     6.7813   3.312145    32.7942        724     3.0125  0.000e+00
     82.157     6.7813   3.312158    32.7943        725     3.0167  0.000e+00
     82.201     6.7812   3.312170    32.7945        726     3.0208  0.000e+00
     82.252     6.7812   3.312170    32.7945        727     3.0250  0.000e+00
     82.300     6.7813   3.312158    32.7943        728     3.0292  0.000e+00
     82.347     6.7813   3.312189    32.7946        729     3.0333  0.000e+00
     82.386     6.7814   3.312208    32.7947        730     3.0375  0.000e+00
     82.419     6.7812   3.312189    32.7946        731     3.0417  0.000e+00
     82.444     6.7814   3.312158    32.7941        732     3.0458  0.000e+00
     82.462     6.7812   3.312170    32.7944        733     3.0500  0.000e+00
     82.473     6.7814   3.312146    32.7940        734     3.0542  0.000e+00
     82.479     6.7811   3.312158    32.7944        735     3.0583  0.000e+00
     82.480     6.7811   3.312146    32.7942        736     3.0625  0.000e+00
     82.477     6.7811   3.312146    32.7942        737     3.0667  0.000e+00
     82.473     6.7811   3.312139    32.7942        738     3.0708  0.000e+00
     82.458     6.7810   3.312127    32.7941        739     3.0750  0.000e+00
     82.453     6.7810   3.312146    32.7944        740     3.0792  0.000e+00
     82.439     6.7810   3.312158    32.7945        741     3.0833  0.000e+00
     82.413     6.7810   3.312146    32.7943        742     3.0875  0.000e+00
     82.384     6.7810   3.312127    32.7942        743     3.0917  0.000e+00
     82.349     6.7809   3.312139    32.7944        744     3.0958  0.000e+00
     82.308     6.7809   3.312127    32.7943        745     3.1000  0.000e+00
     82.259     6.7809   3.312102    32.7940        746     3.1042  0.000e+00
     82.210     6.7809   3.312139    32.7945        747     3.1083  0.000e+00
     82.167     6.7809   3.312127    32.7944        748     3.1125  0.000e+00
     82.124     6.7808   3.312102    32.7942        749     3.1167  0.000e+00
     82.093     6.7809   3.312121    32.7943        750     3.1208  0.000e+00
     82.075     6.7810   3.312102    32.7940        751     3.1250  0.000e+00
     82.079     6.7808   3.312127    32.7945        752     3.1292  0.000e+00
     82.100     6.7807   3.312121    32.7945        753     3.1333  0.000e+00
     82.136     6.7808   3.312102    32.7942        754     3.1375  0.000e+00
     82.187     6.7809   3.312189    32.7950        755     3.1417  0.000e+00
     82.247     6.7811   3.312158    32.7945        756     3.1458  0.000e+00
     82.320     6.7811   3.312189    32.7948        757     3.1500  0.000e+00
     82.387     6.7813   3.312189    32.7946        758     3.1542  0.000e+00
     82.459     6.7812   3.312220    32.7950        759     3.1583  0.000e+00
     82.522     6.7813   3.312208    32.7947        760     3.1625  0.000e+00
     82.572     6.7813   3.312170    32.7943        761     3.1667  0.000e+00
     82.614     6.7814   3.312177    32.7943        762     3.1708  0.000e+00
     82.635     6.7814   3.312170    32.7941        763     3.1750  0.000e+00
     82.648     6.7814   3.312170    32.7942        764     3.1792  0.000e+00
     82.649     6.7814   3.312177    32.7942        765     3.1833  0.000e+00
     82.640     6.7811   3.312170    32.7944        766     3.1875  0.000e+00
     82.620     6.7811   3.312170    32.7945        767     3.1917  0.000e+00
     82.602     6.7810   3.312158    32.7944        768     3.1958  0.000e+00
     82.577     6.7810   3.312127    32.7941        769     3.2000  0.000e+00
     82.555     6.7810   3.311811    32.7906        770     3.2042  0.000e+00
     82.526     6.7808   3.312139    32.7944        771     3.2083  0.000e+00
     82.497     6.7809   3.312146    32.7944        772     3.2125  0.000e+00
     82.467     6.7808   3.312127    32.7943        773     3.2167  0.000e+00
     82.436     6.7808   3.312158    32.7946        774     3.2208  0.000e+00
     82.398     6.7810   3.312146    32.7944        775     3.2250  0.000e+00
     82.362     6.7809   3.312127    32.7943        776     3.2292  0.000e+00
     82.323     6.7807   3.312127    32.7944        777     3.2333  0.000e+00
     82.292     6.7808   3.312121    32.7943        778     3.2375  0.000e+00
     82.271     6.7807   3.312102    32.7942        779     3.2417  0.000e+00
     82.260     6.7809   3.312127    32.7943        780     3.2458  0.000e+00
     82.259     6.7809   3.312139    32.7945        781     3.2500  0.000e+00
     82.269     6.7807   3.312170    32.7950        782     3.2542  0.000e+00
     82.294     6.7808   3.312170    32.7948        783     3.2583  0.000e+00
     82.341     6.7810   3.312201    32.7950        784     3.2625  0.000e+00
     82.392     6.7810   3.312170    32.7946        785     3.2667  0.000e+00
     82.452     6.7812   3.312170    32.7944        786     3.2708  0.000e+00
     82.506     6.7811   3.312177    32.7945        787     3.2750  0.000e+00
     82.559     6.7812   3.312208    32.7947        788     3.2792  0.000e+00
     82.602     6.7813   3.312170    32.7943        789     3.2833  0.000e+00
     82.631     6.7813   3.312177    32.7943        790     3.2875  0.000e+00
     82.662     6.7814   3.312170    32.7942        791     3.2917  0.000e+00
     82.665     6.7814   3.312146    32.7938        792     3.2958  0.000e+00
     82.658     6.7812   3.312177    32.7944        793     3.3000  0.000e+00
     82.644     6.7811   3.312146    32.7942        794     3.3042  0.000e+00
     82.629     6.7811   3.312146    32.7942        795     3.3083  0.000e+00
     82.602     6.7811   3.312139    32.7941        796     3.3125  0.000e+00
     82.581     6.7810   3.312146    32.7943        797     3.3167  0.000e+00
     82.555     6.7810   3.312146    32.7943        798     3.3208  0.000e+00
     82.526     6.7808   3.312096    32.7939        799     3.3250  0.000e+00
     82.493     6.7809   3.312146    32.7944        800     3.3292  0.000e+00
     82.457     6.7809   3.312102    32.7939        801     3.3333  0.000e+00
     82.413     6.7808   3.312121    32.7942        802     3.3375  0.000e+00
     82.371     6.7808   3.312127    32.7944        803     3.3417  0.000e+00
     82.324     6.7809   3.312127    32.7943        804     3.3458  0.000e+00
     82.282     6.7809   3.312121    32.7942        805     3.3500  0.000e+00
     82.239     6.7807   3.312127    32.7945        806     3.3542  0.000e+00
     82.208     6.7808   3.312127    32.7944        807     3.3583  0.000e+00
     82.187     6.7808   3.312139    32.7945        808     3.3625  0.000e+00
     82.177     6.7808   3.312127    32.7944        809     3.3667  0.000e+00
     82.189     6.7808   3.312127    32.7944        810     3.3708  0.000e+00
     82.207     6.7808   3.312139    32.7945        811     3.3750  0.000e+00
     82.237     6.7807   3.312170    32.7950        812     3.3792  0.000e+00
     82.271     6.7808   3.312170    32.7949        813     3.3833  0.000e+00
     82.304     6.7810   3.312158    32.7945        814     3.3875  0.000e+00
     82.336     6.7811   3.312146    32.7943        815     3.3917  0.000e+00
     82.366     6.7811   3.312146    32.7943        816     3.3958  0.000e+00
     82.384     6.7811   3.312139    32.7942        817     3.4000  0.000e+00
     82.386     6.7810   3.312146    32.7944        818     3.4042  0.000e+00
     82.379     6.7810   3.312146    32.7944        819     3.4083  0.000e+00
     82.354     6.7810   3.312139    32.7943        820     3.4125  0.000e+00
     82.318     6.7809   3.312146    32.7945        821     3.4167  0.000e+00
     82.276     6.7810   3.312127    32.7943        822     3.4208  0.000e+00
     82.224     6.7809   3.312102    32.7941        823     3.4250  0.000e+00
     82.171     6.7808   3.312121    32.7944        824     3.4292  0.000e+00
     82.115     6.7808   3.312127    32.7944        825     3.4333  0.000e+00
     82.061     6.7808   3.312102    32.7942        826     3.4375  0.000e+00
     82.014     6.7808   3.312096    32.7942        827     3.4417  0.000e+00
     81.970     6.7808   3.312102    32.7943        828     3.4458  0.000e+00
     81.937     6.7807   3.312083    32.7942        829     3.4500  0.000e+00
     81.903     6.7808   3.312096    32.7942        830     3.4542  0.000e+00
