HB2502/sbe117.cnv
* Sea-Bird SBE 19plus V2 Data File:
* FileName = C:\cruise\data\sbe117.hex
* Software Version Seasave V 7.26.7.121
* Temperature SN = 6128
* Conductivity SN = 6128
* System UpLoad Time = Apr 19 2025 17:13:20
* NMEA Latitude = 42 52.46 N
* NMEA Longitude = 070 28.12 W
* NMEA UTC (Time) = Apr 19 2025  17:12:41
** Ship: Henry Bigelow
** Cruise:  HB2502
** Program:  Spring Bottom Trawl
# nquan = 7
# nvalues = 1494                                  
# units = specified
# name 0 = depSM: Depth [salt water, m]
# name 1 = tv290C: Temperature [ITS-90, deg C]
# name 2 = c0S/m: Conductivity [S/m]
# name 3 = sal00: Salinity, Practical [PSU]
# name 4 = scan: Scan Count
# name 5 = timeM: Time, Elapsed [minutes]
# name 6 = flag:  0.000e+00
# span 0 =     -0.017,    106.295                 
# span 1 =     3.8962,     7.6929                 
# span 2 =   0.582665,   3.206187                 
# span 3 =     5.2040,    32.7275                 
# span 4 =         11,       1504                 
# span 5 =     0.0417,     6.2625                 
# span 6 = 0.0000e+00, 0.0000e+00                 
# interval = seconds: 0.25
# start_time = Apr 19 2025 17:12:41 [NMEA time, header]
# bad_flag = -9.990e-29
*END*
[from data line 821]
     94.011     4.4250   3.101717    32.6995        832     3.4625  0.000e+00
     94.191     4.4302   3.102642    32.7051        833     3.4667  0.000e+00
     94.366     4.4356   3.103410    32.7086        834     3.4708  0.000e+00
     94.540     4.4416   3.104523    32.7155        835     3.4750  0.000e+00
     94.714     4.4483   3.105508    32.7203        836     3.4792  0.000e+00
     94.890     4.4557   3.106186    32.7208        837     3.4833  0.000e+00
     95.070     4.4631   3.106409    32.7160        838     3.4875  0.000e+00
     95.245     4.4694   3.106803    32.7143        839     3.4917  0.000e+00
     95.428     4.4747   3.107408    32.7159        840     3.4958  0.000e+00
     95.621     4.4795   3.107898    32.7168        841     3.5000  0.000e+00
     95.820     4.4844   3.108412    32.7178        842     3.5042  0.000e+00
     96.026     4.4889   3.108775    32.7175        843     3.5083  0.000e+00
     96.228     4.4932   3.109035    32.7162        844     3.5125  0.000e+00
     96.443     4.4968   3.109192    32.7143        845     3.5167  0.000e+00
     96.662     4.5002   3.109707    32.7168        846     3.5208  0.000e+00
     96.884     4.5033   3.110179    32.7191        847     3.5250  0.000e+00
     97.111     4.5067   3.110808    32.7230        848     3.5292  0.000e+00
     97.328     4.5106   3.111062    32.7220        849     3.5333  0.000e+00
     97.543     4.5145   3.111474    32.7228        850     3.5375  0.000e+00
     97.753     4.5181   3.111589    32.7205        851     3.5417  0.000e+00
     97.961     4.5213   3.112007    32.7220        852     3.5458  0.000e+00
     98.153     4.5243   3.112243    32.7218        853     3.5500  0.000e+00
     98.335     4.5271   3.112321    32.7198        854     3.5542  0.000e+00
     98.511     4.5294   3.112594    32.7205        855     3.5583  0.000e+00
     98.684     4.5315   3.112891    32.7219        856     3.5625  0.000e+00
     98.847     4.5335   3.113127    32.7225        857     3.5667  0.000e+00
     99.005     4.5355   3.113381    32.7235        858     3.5708  0.000e+00
     99.156     4.5379   3.113617    32.7238        859     3.5750  0.000e+00
     99.310     4.5403   3.113793    32.7233        860     3.5792  0.000e+00
     99.473     4.5421   3.113853    32.7222        861     3.5833  0.000e+00
     99.648     4.5438   3.113853    32.7204        862     3.5875  0.000e+00
     99.831     4.5451   3.113968    32.7204        863     3.5917  0.000e+00
    100.026     4.5460   3.114029    32.7201        864     3.5958  0.000e+00
    100.234     4.5467   3.114047    32.7195        865     3.6000  0.000e+00
    100.458     4.5474   3.114065    32.7189        866     3.6042  0.000e+00
    100.707     4.5479   3.114126    32.7189        867     3.6083  0.000e+00
    100.961     4.5481   3.114247    32.7201        868     3.6125  0.000e+00
    101.219     4.5488   3.114362    32.7206        869     3.6167  0.000e+00
    101.474     4.5493   3.114465    32.7212        870     3.6208  0.000e+00
    101.727     4.5499   3.114465    32.7205        871     3.6250  0.000e+00
    101.966     4.5505   3.114520    32.7203        872     3.6292  0.000e+00
    102.199     4.5510   3.114581    32.7204        873     3.6333  0.000e+00
    102.405     4.5513   3.114581    32.7200        874     3.6375  0.000e+00
    102.586     4.5517   3.114659    32.7205        875     3.6417  0.000e+00
    102.750     4.5521   3.114756    32.7211        876     3.6458  0.000e+00
    102.899     4.5526   3.114877    32.7220        877     3.6500  0.000e+00
    103.032     4.5530   3.114914    32.7219        878     3.6542  0.000e+00
    103.157     4.5538   3.115017    32.7222        879     3.6583  0.000e+00
    103.276     4.5545   3.115114    32.7226        880     3.6625  0.000e+00
    103.390     4.5552   3.115174    32.7226        881     3.6667  0.000e+00
    103.518     4.5560   3.115211    32.7222        882     3.6708  0.000e+00
    103.666     4.5565   3.115271    32.7223        883     3.6750  0.000e+00
    103.825     4.5570   3.115271    32.7217        884     3.6792  0.000e+00
    104.001     4.5576   3.115350    32.7219        885     3.6833  0.000e+00
    104.203     4.5580   3.115368    32.7217        886     3.6875  0.000e+00
    104.424     4.5582   3.115465    32.7225        887     3.6917  0.000e+00
    104.665     4.5587   3.115701    32.7246        888     3.6958  0.000e+00
    104.921     4.5593   3.115883    32.7259        889     3.7000  0.000e+00
    105.185     4.5604   3.115974    32.7258        890     3.7042  0.000e+00
    105.451     4.5616   3.115998    32.7247        891     3.7083  0.000e+00
    105.719     4.5627   3.116095    32.7247        892     3.7125  0.000e+00
    105.983     4.5633   3.116174    32.7248        893     3.7167  0.000e+00
    106.077     4.5640   3.116295    32.7255        894     3.7208  0.000e+00
    106.115     4.5645   3.116313    32.7252        895     3.7250  0.000e+00
    106.094     4.5650   3.116307    32.7246        896     3.7292  0.000e+00
    106.100     4.5656   3.116356    32.7247        897     3.7333  0.000e+00
    106.114     4.5659   3.116392    32.7248        898     3.7375  0.000e+00
    106.105     4.5661   3.116410    32.7247        899     3.7417  0.000e+00
    106.056     4.5665   3.116453    32.7249        900     3.7458  0.000e+00
    105.981     4.5668   3.116471    32.7249        901     3.7500  0.000e+00
    105.916     4.5670   3.116392    32.7238        902     3.7542  0.000e+00
    105.865     4.5670   3.116374    32.7236        903     3.7583  0.000e+00
    105.805     4.5670   3.116392    32.7238        904     3.7625  0.000e+00
    105.738     4.5669   3.116392    32.7239        905     3.7667  0.000e+00
    105.680     4.5669   3.116392    32.7240        906     3.7708  0.000e+00
    105.642     4.5669   3.116434    32.7245        907     3.7750  0.000e+00
    105.620     4.5670   3.116434    32.7244        908     3.7792  0.000e+00
    105.623     4.5671   3.116477    32.7248        909     3.7833  0.000e+00
    105.630     4.5671   3.116531    32.7254        910     3.7875  0.000e+00
    105.651     4.5674   3.116531    32.7252        911     3.7917  0.000e+00
    105.691     4.5676   3.116531    32.7249        912     3.7958  0.000e+00
    105.736     4.5679   3.116531    32.7246        913     3.8000  0.000e+00
    105.789     4.5679   3.116568    32.7249        914     3.8042  0.000e+00
    105.843     4.5682   3.116580    32.7248        915     3.8083  0.000e+00
    105.899     4.5684   3.116592    32.7247        916     3.8125  0.000e+00
    105.951     4.5687   3.116628    32.7248        917     3.8167  0.000e+00
    106.006     4.5688   3.116628    32.7247        918     3.8208  0.000e+00
    106.049     4.5688   3.116628    32.7247        919     3.8250  0.000e+00
    106.083     4.5690   3.116628    32.7244        920     3.8292  0.000e+00
    106.114     4.5691   3.116580    32.7238        921     3.8333  0.000e+00
    106.130     4.5689   3.116550    32.7236        922     3.8375  0.000e+00
    106.126     4.5688   3.116568    32.7239        923     3.8417  0.000e+00
    106.121     4.5685   3.116550    32.7240        924     3.8458  0.000e+00
    106.101     4.5684   3.116592    32.7246        925     3.8500  0.000e+00
    106.069     4.5682   3.116531    32.7241        926     3.8542  0.000e+00
    106.028     4.5683   3.116537    32.7241        927     3.8583  0.000e+00
    105.975     4.5679   3.116568    32.7248        928     3.8625  0.000e+00
    105.924     4.5680   3.116610    32.7253        929     3.8667  0.000e+00
    105.869     4.5682   3.116489    32.7238        930     3.8708  0.000e+00
    105.820     4.5679   3.116392    32.7229        931     3.8750  0.000e+00
    105.771     4.5677   3.116392    32.7231        932     3.8792  0.000e+00
    105.733     4.5675   3.116434    32.7239        933     3.8833  0.000e+00
    105.707     4.5672   3.116410    32.7239        934     3.8875  0.000e+00
    105.692     4.5670   3.116410    32.7240        935     3.8917  0.000e+00
    105.690     4.5671   3.116434    32.7243        936     3.8958  0.000e+00
    105.702     4.5669   3.116489    32.7251        937     3.9000  0.000e+00
    105.737     4.5669   3.116531    32.7255        938     3.9042  0.000e+00
    105.776     4.5674   3.116549    32.7253        939     3.9083  0.000e+00
    105.832     4.5676   3.116707    32.7269        940     3.9125  0.000e+00
    105.894     4.5681   3.116804    32.7275        941     3.9167  0.000e+00
    105.964     4.5691   3.116864    32.7272        942     3.9208  0.000e+00
    106.029     4.5697   3.116846    32.7263        943     3.9250  0.000e+00
    106.096     4.5705   3.116846    32.7254        944     3.9292  0.000e+00
    106.152     4.5709   3.116865    32.7253        945     3.9333  0.000e+00
    106.195     4.5712   3.116810    32.7243        946     3.9375  0.000e+00
    106.226     4.5712   3.116725    32.7233        947     3.9417  0.000e+00
    106.233     4.5712   3.116671    32.7227        948     3.9458  0.000e+00
    106.220     4.5708   3.116749    32.7240        949     3.9500  0.000e+00
    106.200     4.5702   3.116804    32.7252        950     3.9542  0.000e+00
    106.155     4.5701   3.116725    32.7244        951     3.9583  0.000e+00
    106.093     4.5700   3.116683    32.7241        952     3.9625  0.000e+00
    106.026     4.5698   3.116646    32.7239        953     3.9667  0.000e+00
    105.945     4.5695   3.116550    32.7231        954     3.9708  0.000e+00
    105.867     4.5692   3.116513    32.7230        955     3.9750  0.000e+00
    105.791     4.5686   3.116513    32.7237        956     3.9792  0.000e+00
    105.727     4.5684   3.116489    32.7236        957     3.9833  0.000e+00
    105.676     4.5681   3.116562    32.7248        958     3.9875  0.000e+00
    105.652     4.5679   3.116549    32.7248        959     3.9917  0.000e+00
    105.654     4.5680   3.116592    32.7252        960     3.9958  0.000e+00
    105.680     4.5682   3.116610    32.7252        961     4.0000  0.000e+00
    105.725     4.5682   3.116725    32.7265        962     4.0042  0.000e+00
    105.799     4.5687   3.116804    32.7269        963     4.0083  0.000e+00
    105.880     4.5693   3.116907    32.7275        964     4.0125  0.000e+00
    105.977     4.5700   3.116889    32.7266        965     4.0167  0.000e+00
    106.071     4.5707   3.116925    32.7262        966     4.0208  0.000e+00
    106.159     4.5713   3.116986    32.7263        967     4.0250  0.000e+00
    106.230     4.5715   3.116961    32.7258        968     4.0292  0.000e+00
    106.295     4.5719   3.116961    32.7253        969     4.0333  0.000e+00
    106.269     4.5721   3.116804    32.7233        970     4.0375  0.000e+00
    106.213     4.5718   3.116598    32.7212        971     4.0417  0.000e+00
    106.088     4.5711   3.116531    32.7213        972     4.0458  0.000e+00
    105.938     4.5701   3.116628    32.7235        973     4.0500  0.000e+00
    105.739     4.5693   3.116592    32.7239        974     4.0542  0.000e+00
    105.481     4.5688   3.116452    32.7229        975     4.0583  0.000e+00
    105.166     4.5686   3.116374    32.7224        976     4.0625  0.000e+00
    104.827     4.5679   3.116307    32.7225        977     4.0667  0.000e+00
    104.516     4.5674   3.115804    32.7173        978     4.0708  0.000e+00
    104.249     4.5663   3.115859    32.7191        979     4.0750  0.000e+00
    103.988     4.5651   3.115962    32.7216        980     4.0792  0.000e+00
    103.726     4.5643   3.115961    32.7226        981     4.0833  0.000e+00
    103.478     4.5641   3.116137    32.7249        982     4.0875  0.000e+00
    103.272     4.5642   3.115973    32.7230        983     4.0917  0.000e+00
    103.090     4.5642   3.115979    32.7232        984     4.0958  0.000e+00
    102.933     4.5643   3.115858    32.7218        985     4.1000  0.000e+00
    102.768     4.5642   3.115507    32.7179        986     4.1042  0.000e+00
    102.612     4.5634   3.115271    32.7160        987     4.1083  0.000e+00
    102.469     4.5619   3.115350    32.7185        988     4.1125  0.000e+00
    102.333     4.5607   3.115186    32.7178        989     4.1167  0.000e+00
    102.182     4.5596   3.115016    32.7170        990     4.1208  0.000e+00
    102.007     4.5583   3.114956    32.7176        991     4.1250  0.000e+00
    101.816     4.5572   3.114913    32.7184        992     4.1292  0.000e+00
    101.610     4.5564   3.114913    32.7193        993     4.1333  0.000e+00
    101.393     4.5558   3.114937    32.7202        994     4.1375  0.000e+00
    101.152     4.5554   3.114877    32.7201        995     4.1417  0.000e+00
    100.889     4.5551   3.114834    32.7200        996     4.1458  0.000e+00
    100.599     4.5548   3.114895    32.7211        997     4.1500  0.000e+00
    100.313     4.5548   3.114858    32.7208        998     4.1542  0.000e+00
    100.020     4.5547   3.114640    32.7186        999     4.1583  0.000e+00
     99.732     4.5544   3.114580    32.7183       1000     4.1625  0.000e+00
     99.442     4.5538   3.114519    32.7184       1001     4.1667  0.000e+00
     99.169     4.5533   3.114543    32.7193       1002     4.1708  0.000e+00
     98.916     4.5530   3.114543    32.7197       1003     4.1750  0.000e+00
     98.690     4.5526   3.114543    32.7202       1004     4.1792  0.000e+00
     98.479     4.5526   3.114204    32.7164       1005     4.1833  0.000e+00
     98.289     4.5523   3.114125    32.7159       1006     4.1875  0.000e+00
     98.112     4.5513   3.114107    32.7167       1007     4.1917  0.000e+00
     97.969     4.5504   3.114071    32.7172       1008     4.1958  0.000e+00
     97.830     4.5499   3.114186    32.7192       1009     4.2000  0.000e+00
     97.699     4.5495   3.114186    32.7196       1010     4.2042  0.000e+00
     97.556     4.5496   3.114186    32.7196       1011     4.2083  0.000e+00
     97.408     4.5497   3.114107    32.7187       1012     4.2125  0.000e+00
     97.256     4.5495   3.114107    32.7190       1013     4.2167  0.000e+00
     97.096     4.5495   3.114089    32.7188       1014     4.2208  0.000e+00
     96.919     4.5493   3.114107    32.7193       1015     4.2250  0.000e+00
     96.721     4.5492   3.114088    32.7193       1016     4.2292  0.000e+00
     96.498     4.5492   3.113992    32.7183       1017     4.2333  0.000e+00
     96.276     4.5493   3.113967    32.7181       1018     4.2375  0.000e+00
     96.045     4.5488   3.112654    32.7033       1019     4.2417  0.000e+00
     95.799     4.5470   3.112260    32.7006       1020     4.2458  0.000e+00
     95.547     4.5431   3.112339    32.7056       1021     4.2500  0.000e+00
     95.290     4.5399   3.111963    32.7045       1022     4.2542  0.000e+00
     95.037     4.5375   3.111727    32.7043       1023     4.2583  0.000e+00
     94.792     4.5349   3.111806    32.7079       1024     4.2625  0.000e+00
     94.553     4.5329   3.111654    32.7082       1025     4.2667  0.000e+00
     94.320     4.5316   3.111352    32.7061       1026     4.2708  0.000e+00
     94.081     4.5300   3.110389    32.6966       1027     4.2750  0.000e+00
     93.865     4.5271   3.109881    32.6937       1028     4.2792  0.000e+00
     93.672     4.5229   3.108429    32.6810       1029     4.2833  0.000e+00
     93.469     4.5173   3.107582    32.6768       1030     4.2875  0.000e+00
     93.277     4.5097   3.107346    32.6817       1031     4.2917  0.000e+00
     93.081     4.5028   3.107013    32.6847       1032     4.2958  0.000e+00
     92.899     4.4971   3.106802    32.6880       1033     4.3000  0.000e+00
     92.725     4.4926   3.106487    32.6888       1034     4.3042  0.000e+00
     92.540     4.4888   3.106112    32.6883       1035     4.3083  0.000e+00
