HB2502/sbe139.cnv
* Sea-Bird SBE 19plus V2 Data File:
* FileName = C:\cruise\data\sbe139.hex
* Software Version Seasave V 7.26.7.121
* Temperature SN = 6128
* Conductivity SN = 6128
* System UpLoad Time = May 06 2025 17:47:52
* NMEA Latitude = 42 25.93 N
* NMEA Longitude = 065 55.97 W
* NMEA UTC (Time) = May 06 2025  17:46:30
** Ship: Henry Bigelow
** Cruise:  HB2502
** Program:  Spring Bottom Trawl
# nquan = 7
# nvalues = 3696                                  
# units = specified
# name 0 = depSM: Depth [salt water, m]
# name 1 = tv290C: Temperature [ITS-90, deg C]
# name 2 = c0S/m: Conductivity [S/m]
# name 3 = sal00: Salinity, Practical [PSU]
# name 4 = scan: Scan Count
# name 5 = timeM: Time, Elapsed [minutes]
# name 6 = flag:  0.000e+00
# span 0 =     -0.023,    189.517                 
# span 1 =     5.5190,    11.4631                 
# span 2 =   0.008321,   3.961021                 
# span 3 =     0.0562,    35.1795                 
# span 4 =         11,       3706                 
# span 5 =     0.0417,    15.4375                 
# span 6 = 0.0000e+00, 0.0000e+00                 
# interval = seconds: 0.25
# start_time = May 06 2025 17:46:30 [NMEA time, header]
# bad_flag = -9.990e-29
*END*
[from data line 1026]
    154.750    11.4090   3.956714    35.0647       1037     4.3167  0.000e+00
    154.976    11.4144   3.957087    35.0631       1038     4.3208  0.000e+00
    155.206    11.4195   3.957440    35.0617       1039     4.3250  0.000e+00
    155.440    11.4239   3.957593    35.0589       1040     4.3292  0.000e+00
    155.675    11.4274   3.957254    35.0521       1041     4.3333  0.000e+00
    155.908    11.4289   3.956974    35.0479       1042     4.3375  0.000e+00
    156.136    11.4288   3.956734    35.0455       1043     4.3417  0.000e+00
    156.363    11.4276   3.956615    35.0453       1044     4.3458  0.000e+00
    156.585    11.4261   3.956522    35.0458       1045     4.3500  0.000e+00
    156.795    11.4248   3.956409    35.0458       1046     4.3542  0.000e+00
    157.001    11.4235   3.956362    35.0465       1047     4.3583  0.000e+00
    157.200    11.4224   3.956262    35.0464       1048     4.3625  0.000e+00
    157.385    11.4214   3.955956    35.0442       1049     4.3667  0.000e+00
    157.559    11.4199   3.955444    35.0405       1050     4.3708  0.000e+00
    157.732    11.4179   3.955444    35.0423       1051     4.3750  0.000e+00
    157.895    11.4158   3.954945    35.0393       1052     4.3792  0.000e+00
    158.061    11.4137   3.953720    35.0291       1053     4.3833  0.000e+00
    158.226    11.4099   3.953694    35.0324       1054     4.3875  0.000e+00
    158.400    11.4052   3.952569    35.0257       1055     4.3917  0.000e+00
    158.580    11.4006   3.951206    35.0164       1056     4.3958  0.000e+00
    158.763    11.3935   3.950501    35.0161       1057     4.4000  0.000e+00
    158.956    11.3859   3.949257    35.0109       1058     4.4042  0.000e+00
    159.161    11.3779   3.947847    35.0044       1059     4.4083  0.000e+00
    159.366    11.3687   3.946065    34.9954       1060     4.4125  0.000e+00
    159.587    11.3584   3.945640    35.0008       1061     4.4167  0.000e+00
    159.806    11.3477   3.944563    35.0003       1062     4.4208  0.000e+00
    160.031    11.3383   3.941558    34.9793       1063     4.4250  0.000e+00
    160.250    11.3264   3.938581    34.9610       1064     4.4292  0.000e+00
    160.469    11.3094   3.937366    34.9650       1065     4.4333  0.000e+00
    160.672    11.2930   3.935114    34.9580       1066     4.4375  0.000e+00
    160.870    11.2756   3.931774    34.9413       1067     4.4417  0.000e+00
    161.049    11.2559   3.928714    34.9296       1068     4.4458  0.000e+00
    161.226    11.2343   3.926823    34.9312       1069     4.4500  0.000e+00
    161.391    11.2126   3.925748    34.9410       1070     4.4542  0.000e+00
    161.543    11.1938   3.925231    34.9536       1071     4.4583  0.000e+00
    161.690    11.1791   3.924654    34.9618       1072     4.4625  0.000e+00
    161.833    11.1686   3.923765    34.9628       1073     4.4667  0.000e+00
    161.972    11.1595   3.923135    34.9652       1074     4.4708  0.000e+00
    162.123    11.1516   3.922392    34.9652       1075     4.4750  0.000e+00
    162.280    11.1444   3.922393    34.9720       1076     4.4792  0.000e+00
    162.450    11.1386   3.921159    34.9652       1077     4.4833  0.000e+00
    162.629    11.1328   3.920993    34.9689       1078     4.4875  0.000e+00
    162.816    11.1270   3.921411    34.9785       1079     4.4917  0.000e+00
    163.015    11.1238   3.921411    34.9814       1080     4.4958  0.000e+00
    163.234    11.1221   3.921272    34.9816       1081     4.5000  0.000e+00
    163.464    11.1206   3.921133    34.9815       1082     4.5042  0.000e+00
    163.694    11.1193   3.920994    34.9813       1083     4.5083  0.000e+00
    163.938    11.1177   3.920291    34.9756       1084     4.5125  0.000e+00
    164.184    11.1153   3.920159    34.9765       1085     4.5167  0.000e+00
    164.428    11.1128   3.919595    34.9732       1086     4.5208  0.000e+00
    164.665    11.1095   3.918925    34.9695       1087     4.5250  0.000e+00
    164.891    11.1056   3.918435    34.9683       1088     4.5292  0.000e+00
    165.110    11.1013   3.917387    34.9618       1089     4.5333  0.000e+00
    165.322    11.0960   3.916831    34.9612       1090     4.5375  0.000e+00
    165.523    11.0898   3.916785    34.9665       1091     4.5417  0.000e+00
    165.706    11.0852   3.916062    34.9637       1092     4.5458  0.000e+00
    165.877    11.0809   3.915379    34.9609       1093     4.5500  0.000e+00
    166.041    11.0758   3.914737    34.9592       1094     4.5542  0.000e+00
    166.195    11.0702   3.914571    34.9628       1095     4.5583  0.000e+00
    166.352    11.0655   3.914041    34.9620       1096     4.5625  0.000e+00
    166.504    11.0612   3.914087    34.9665       1097     4.5667  0.000e+00
    166.663    11.0576   3.913200    34.9610       1098     4.5708  0.000e+00
    166.833    11.0536   3.911828    34.9509       1099     4.5750  0.000e+00
    167.015    11.0476   3.911179    34.9501       1100     4.5792  0.000e+00
    167.204    11.0403   3.911060    34.9558       1101     4.5833  0.000e+00
    167.394    11.0343   3.911067    34.9615       1102     4.5875  0.000e+00
    167.596    11.0301   3.910835    34.9630       1103     4.5917  0.000e+00
    167.811    11.0269   3.910371    34.9614       1104     4.5958  0.000e+00
    168.036    11.0238   3.909841    34.9590       1105     4.6000  0.000e+00
    168.260    11.0201   3.909113    34.9551       1106     4.6042  0.000e+00
    168.490    11.0148   3.908908    34.9580       1107     4.6083  0.000e+00
    168.729    11.0093   3.908742    34.9615       1108     4.6125  0.000e+00
    168.963    11.0045   3.908378    34.9623       1109     4.6167  0.000e+00
    169.189    10.9997   3.908073    34.9637       1110     4.6208  0.000e+00
    169.410    10.9936   3.907842    34.9671       1111     4.6250  0.000e+00
    169.618    10.9868   3.907378    34.9688       1112     4.6292  0.000e+00
    169.824    10.9787   3.907114    34.9739       1113     4.6333  0.000e+00
    170.014    10.9693   3.906889    34.9805       1114     4.6375  0.000e+00
    170.184    10.9597   3.906657    34.9872       1115     4.6417  0.000e+00
    170.340    10.9495   3.906425    34.9945       1116     4.6458  0.000e+00
    170.481    10.9401   3.906161    35.0008       1117     4.6500  0.000e+00
    170.618    10.9304   3.906101    35.0094       1118     4.6542  0.000e+00
    170.740    10.9211   3.905916    35.0164       1119     4.6583  0.000e+00
    170.852    10.9129   3.905843    35.0234       1120     4.6625  0.000e+00
    170.977    10.9042   3.905704    35.0303       1121     4.6667  0.000e+00
    171.102    10.8944   3.905592    35.0385       1122     4.6708  0.000e+00
    171.232    10.8835   3.905500    35.0479       1123     4.6750  0.000e+00
    171.382    10.8729   3.905387    35.0568       1124     4.6792  0.000e+00
    171.540    10.8636   3.905407    35.0659       1125     4.6833  0.000e+00
    171.719    10.8570   3.905361    35.0717       1126     4.6875  0.000e+00
    171.918    10.8537   3.905335    35.0745       1127     4.6917  0.000e+00
    172.128    10.8515   3.905288    35.0760       1128     4.6958  0.000e+00
    172.380    10.8489   3.905196    35.0774       1129     4.7000  0.000e+00
    172.658    10.8455   3.905057    35.0792       1130     4.7042  0.000e+00
    172.972    10.8407   3.904898    35.0821       1131     4.7083  0.000e+00
    173.276    10.8354   3.904634    35.0844       1132     4.7125  0.000e+00
    173.581    10.8294   3.904157    35.0852       1133     4.7167  0.000e+00
    173.856    10.8229   3.904065    35.0904       1134     4.7208  0.000e+00
    174.157    10.8167   3.903760    35.0931       1135     4.7250  0.000e+00
    174.461    10.8114   3.903317    35.0936       1136     4.7292  0.000e+00
    174.762    10.8060   3.902490    35.0903       1137     4.7333  0.000e+00
    175.028    10.7992   3.901259    35.0843       1138     4.7375  0.000e+00
    175.245    10.7905   3.899697    35.0770       1139     4.7417  0.000e+00
    175.418    10.7781   3.899313    35.0849       1140     4.7458  0.000e+00
    175.565    10.7665   3.899433    35.0972       1141     4.7500  0.000e+00
    175.690    10.7579   3.898487    35.0958       1142     4.7542  0.000e+00
    175.798    10.7504   3.898116    35.0992       1143     4.7583  0.000e+00
    175.959    10.7434   3.898460    35.1094       1144     4.7625  0.000e+00
    176.108    10.7387   3.897534    35.1045       1145     4.7667  0.000e+00
    176.215    10.7344   3.895821    35.0913       1146     4.7708  0.000e+00
    176.276    10.7265   3.894234    35.0829       1147     4.7750  0.000e+00
    176.362    10.7145   3.892865    35.0807       1148     4.7792  0.000e+00
    176.497    10.7000   3.891133    35.0771       1149     4.7833  0.000e+00
    176.644    10.6846   3.890016    35.0805       1150     4.7875  0.000e+00
    176.805    10.6689   3.891179    35.1073       1151     4.7917  0.000e+00
    176.982    10.6592   3.890902    35.1137       1152     4.7958  0.000e+00
    177.154    10.6541   3.890043    35.1099       1153     4.8000  0.000e+00
    177.366    10.6494   3.888919    35.1030       1154     4.8042  0.000e+00
    177.585    10.6424   3.887881    35.0991       1155     4.8083  0.000e+00
    177.822    10.6336   3.887399    35.1027       1156     4.8125  0.000e+00
    178.083    10.6250   3.886045    35.0972       1157     4.8167  0.000e+00
    178.364    10.6154   3.884056    35.0862       1158     4.8208  0.000e+00
    178.639    10.6028   3.884036    35.0980       1159     4.8250  0.000e+00
    178.920    10.5908   3.882610    35.0950       1160     4.8292  0.000e+00
    179.200    10.5801   3.879935    35.0782       1161     4.8333  0.000e+00
    179.477    10.5648   3.878628    35.0796       1162     4.8375  0.000e+00
    179.745    10.5477   3.877275    35.0823       1163     4.8417  0.000e+00
    180.003    10.5315   3.876100    35.0858       1164     4.8458  0.000e+00
    180.251    10.5161   3.875664    35.0961       1165     4.8500  0.000e+00
    180.485    10.5030   3.875295    35.1050       1166     4.8542  0.000e+00
    180.695    10.4929   3.874536    35.1070       1167     4.8583  0.000e+00
    180.892    10.4839   3.872814    35.0980       1168     4.8625  0.000e+00
    181.075    10.4736   3.872141    35.1011       1169     4.8667  0.000e+00
    181.249    10.4630   3.871600    35.1058       1170     4.8708  0.000e+00
    181.426    10.4527   3.870657    35.1061       1171     4.8750  0.000e+00
    181.621    10.4433   3.869173    35.1000       1172     4.8792  0.000e+00
    181.802    10.4327   3.868546    35.1038       1173     4.8833  0.000e+00
    181.951    10.4226   3.868850    35.1166       1174     4.8875  0.000e+00
    182.101    10.4154   3.868646    35.1214       1175     4.8917  0.000e+00
    182.255    10.4108   3.867498    35.1141       1176     4.8958  0.000e+00
    182.421    10.4056   3.866759    35.1116       1177     4.9000  0.000e+00
    182.592    10.3989   3.864992    35.1001       1178     4.9042  0.000e+00
    182.765    10.3897   3.864518    35.1041       1179     4.9083  0.000e+00
    182.945    10.3801   3.863760    35.1055       1180     4.9125  0.000e+00
    183.131    10.3707   3.862250    35.0993       1181     4.9167  0.000e+00
    183.321    10.3601   3.860603    35.0927       1182     4.9208  0.000e+00
    183.529    10.3478   3.860807    35.1065       1183     4.9250  0.000e+00
    183.735    10.3377   3.860214    35.1101       1184     4.9292  0.000e+00
    183.954    10.3299   3.858844    35.1037       1185     4.9333  0.000e+00
    184.175    10.3206   3.857810    35.1021       1186     4.9375  0.000e+00
    184.410    10.3107   3.857428    35.1077       1187     4.9417  0.000e+00
    184.644    10.3019   3.856835    35.1100       1188     4.9458  0.000e+00
    184.879    10.2938   3.856684    35.1162       1189     4.9500  0.000e+00
    185.118    10.2872   3.855445    35.1099       1190     4.9542  0.000e+00
    185.354    10.2800   3.855004    35.1123       1191     4.9583  0.000e+00
    185.593    10.2725   3.854300    35.1122       1192     4.9625  0.000e+00
    185.821    10.2650   3.853892    35.1153       1193     4.9667  0.000e+00
    186.058    10.2579   3.853016    35.1131       1194     4.9708  0.000e+00
    186.280    10.2506   3.852041    35.1101       1195     4.9750  0.000e+00
    186.503    10.2413   3.851791    35.1165       1196     4.9792  0.000e+00
    186.722    10.2334   3.851219    35.1182       1197     4.9833  0.000e+00
    186.928    10.2259   3.851818    35.1315       1198     4.9875  0.000e+00
    187.133    10.2210   3.851054    35.1283       1199     4.9917  0.000e+00
    187.329    10.2174   3.850291    35.1240       1200     4.9958  0.000e+00
    187.523    10.2119   3.849995    35.1262       1201     5.0000  0.000e+00
    187.707    10.2063   3.849593    35.1275       1202     5.0042  0.000e+00
    187.885    10.2005   3.849330    35.1303       1203     5.0083  0.000e+00
    188.051    10.1956   3.849166    35.1333       1204     5.0125  0.000e+00
    188.219    10.1914   3.848988    35.1355       1205     5.0167  0.000e+00
    188.388    10.1879   3.848876    35.1377       1206     5.0208  0.000e+00
    188.551    10.1850   3.848330    35.1349       1207     5.0250  0.000e+00
    188.715    10.1821   3.848054    35.1348       1208     5.0292  0.000e+00
    188.881    10.1780   3.847823    35.1363       1209     5.0333  0.000e+00
    189.068    10.1739   3.847488    35.1368       1210     5.0375  0.000e+00
    189.164    10.1700   3.847442    35.1401       1211     5.0417  0.000e+00
    189.247    10.1667   3.846916    35.1379       1212     5.0458  0.000e+00
    189.271    10.1635   3.846600    35.1377       1213     5.0500  0.000e+00
    189.228    10.1593   3.845389    35.1295       1214     5.0542  0.000e+00
    189.276    10.1530   3.845554    35.1372       1215     5.0583  0.000e+00
    189.321    10.1468   3.845665    35.1444       1216     5.0625  0.000e+00
    189.391    10.1432   3.845337    35.1445       1217     5.0667  0.000e+00
    189.418    10.1402   3.845054    35.1445       1218     5.0708  0.000e+00
    189.437    10.1372   3.845027    35.1471       1219     5.0750  0.000e+00
    189.472    10.1346   3.844666    35.1460       1220     5.0792  0.000e+00
    189.505    10.1321   3.844389    35.1456       1221     5.0833  0.000e+00
    189.517    10.1289   3.844310    35.1479       1222     5.0875  0.000e+00
    189.511    10.1262   3.844258    35.1499       1223     5.0917  0.000e+00
    189.486    10.1243   3.844238    35.1516       1224     5.0958  0.000e+00
    189.461    10.1227   3.844185    35.1526       1225     5.1000  0.000e+00
    189.427    10.1218   3.844258    35.1542       1226     5.1042  0.000e+00
    189.380    10.1213   3.844218    35.1543       1227     5.1083  0.000e+00
    189.320    10.1211   3.844212    35.1545       1228     5.1125  0.000e+00
    189.255    10.1210   3.844238    35.1549       1229     5.1167  0.000e+00
    189.184    10.1210   3.844212    35.1546       1230     5.1208  0.000e+00
    189.124    10.1209   3.844258    35.1553       1231     5.1250  0.000e+00
    189.052    10.1211   3.844218    35.1547       1232     5.1292  0.000e+00
    188.989    10.1211   3.844093    35.1534       1233     5.1333  0.000e+00
    188.927    10.1210   3.844100    35.1536       1234     5.1375  0.000e+00
    188.867    10.1206   3.844297    35.1560       1235     5.1417  0.000e+00
    188.816    10.1207   3.844277    35.1557       1236     5.1458  0.000e+00
    188.768    10.1212   3.844238    35.1549       1237     5.1500  0.000e+00
    188.717    10.1216   3.844231    35.1545       1238     5.1542  0.000e+00
    188.663    10.1217   3.844264    35.1547       1239     5.1583  0.000e+00
    188.610    10.1218   3.844297    35.1550       1240     5.1625  0.000e+00
