HB2502/sbe131.cnv
* Sea-Bird SBE 19plus V2 Data File:
* FileName = C:\cruise\data\sbe131.hex
* Software Version Seasave V 7.26.7.121
* Temperature SN = 6128
* Conductivity SN = 6128
* System UpLoad Time = May 04 2025 08:22:18
* NMEA Latitude = 41 08.53 N
* NMEA Longitude = 066 23.03 W
* NMEA UTC (Time) = May 04 2025  08:20:54
** Ship: Henry Bigelow
** Cruise:  HB2502
** Program:  Spring Bottom Trawl
# nquan = 7
# nvalues = 2132                                  
# units = specified
# name 0 = depSM: Depth [salt water, m]
# name 1 = tv290C: Temperature [ITS-90, deg C]
# name 2 = c0S/m: Conductivity [S/m]
# name 3 = sal00: Salinity, Practical [PSU]
# name 4 = scan: Scan Count
# name 5 = timeM: Time, Elapsed [minutes]
# name 6 = flag:  0.000e+00
# span 0 =     -0.067,    118.739                 
# span 1 =     6.2597,    11.2716                 
# span 2 =   0.256735,   3.891871                 
# span 3 =     2.0654,    34.5969                 
# span 4 =         11,       2142                 
# span 5 =     0.0417,     8.9208                 
# span 6 = 0.0000e+00, 0.0000e+00                 
# interval = seconds: 0.25
# start_time = May 04 2025 08:20:54 [NMEA time, header]
# bad_flag = -9.990e-29
*END*
[from data line 1231]
    117.985    11.2668   3.890760    34.5621       1242     5.1708  0.000e+00
    118.008    11.2667   3.890780    34.5624       1243     5.1750  0.000e+00
    118.024    11.2666   3.890832    34.5630       1244     5.1792  0.000e+00
    118.037    11.2666   3.890852    34.5631       1245     5.1833  0.000e+00
    118.046    11.2668   3.890945    34.5639       1246     5.1875  0.000e+00
    118.051    11.2668   3.891084    34.5653       1247     5.1917  0.000e+00
    118.037    11.2674   3.891150    34.5654       1248     5.1958  0.000e+00
    118.022    11.2679   3.891196    34.5653       1249     5.2000  0.000e+00
    118.000    11.2686   3.891130    34.5640       1250     5.2042  0.000e+00
    117.968    11.2690   3.891123    34.5636       1251     5.2083  0.000e+00
    117.939    11.2692   3.891222    34.5645       1252     5.2125  0.000e+00
    117.892    11.2695   3.891335    34.5653       1253     5.2167  0.000e+00
    117.837    11.2700   3.891441    34.5659       1254     5.2208  0.000e+00
    117.797    11.2706   3.891474    34.5657       1255     5.2250  0.000e+00
    117.759    11.2712   3.891361    34.5641       1256     5.2292  0.000e+00
    117.725    11.2716   3.891057    34.5606       1257     5.2333  0.000e+00
    117.700    11.2710   3.890641    34.5571       1258     5.2375  0.000e+00
    117.678    11.2698   3.890138    34.5533       1259     5.2417  0.000e+00
    117.678    11.2675   3.889768    34.5517       1260     5.2458  0.000e+00
    117.684    11.2652   3.889332    34.5496       1261     5.2500  0.000e+00
    117.709    11.2621   3.889418    34.5533       1262     5.2542  0.000e+00
    117.747    11.2600   3.889259    34.5537       1263     5.2583  0.000e+00
    117.798    11.2583   3.889352    34.5562       1264     5.2625  0.000e+00
    117.867    11.2571   3.889431    34.5581       1265     5.2667  0.000e+00
    117.919    11.2570   3.889583    34.5597       1266     5.2708  0.000e+00
    117.991    11.2571   3.889444    34.5581       1267     5.2750  0.000e+00
    118.063    11.2571   3.889550    34.5592       1268     5.2792  0.000e+00
    118.134    11.2570   3.889649    34.5602       1269     5.2833  0.000e+00
    118.183    11.2574   3.889722    34.5606       1270     5.2875  0.000e+00
    118.205    11.2576   3.889669    34.5598       1271     5.2917  0.000e+00
    118.219    11.2580   3.889537    34.5581       1272     5.2958  0.000e+00
    118.206    11.2580   3.889814    34.5609       1273     5.3000  0.000e+00
    118.159    11.2580   3.889814    34.5609       1274     5.3042  0.000e+00
    118.099    11.2584   3.889041    34.5529       1275     5.3083  0.000e+00
    118.025    11.2578   3.888915    34.5523       1276     5.3125  0.000e+00
    117.932    11.2563   3.889378    34.5582       1277     5.3167  0.000e+00
    117.827    11.2558   3.888651    34.5516       1278     5.3208  0.000e+00
    117.726    11.2547   3.886979    34.5361       1279     5.3250  0.000e+00
    117.643    11.2509   3.887118    34.5411       1280     5.3292  0.000e+00
    117.570    11.2466   3.886523    34.5392       1281     5.3333  0.000e+00
    117.523    11.2429   3.885849    34.5361       1282     5.3375  0.000e+00
    117.505    11.2388   3.884580    34.5273       1283     5.3417  0.000e+00
    117.506    11.2334   3.884785    34.5344       1284     5.3458  0.000e+00
    117.539    11.2288   3.884997    34.5408       1285     5.3500  0.000e+00
    117.604    11.2259   3.885406    34.5475       1286     5.3542  0.000e+00
    117.695    11.2251   3.886609    34.5601       1287     5.3583  0.000e+00
    117.803    11.2268   3.887224    34.5646       1288     5.3625  0.000e+00
    117.919    11.2304   3.887415    34.5631       1289     5.3667  0.000e+00
    118.047    11.2341   3.887739    34.5628       1290     5.3708  0.000e+00
    118.160    11.2371   3.888004    34.5625       1291     5.3750  0.000e+00
    118.283    11.2400   3.888129    34.5611       1292     5.3792  0.000e+00
    118.375    11.2422   3.888242    34.5600       1293     5.3833  0.000e+00
    118.426    11.2440   3.888797    34.5638       1294     5.3875  0.000e+00
    118.457    11.2462   3.889557    34.5693       1295     5.3917  0.000e+00
    118.449    11.2491   3.890000    34.5709       1296     5.3958  0.000e+00
    118.408    11.2528   3.890390    34.5713       1297     5.4000  0.000e+00
    118.332    11.2564   3.890905    34.5731       1298     5.4042  0.000e+00
    118.232    11.2602   3.890185    34.5625       1299     5.4083  0.000e+00
    118.109    11.2621   3.889907    34.5580       1300     5.4125  0.000e+00
    117.991    11.2621   3.889887    34.5579       1301     5.4167  0.000e+00
    117.848    11.2617   3.889583    34.5553       1302     5.4208  0.000e+00
    117.704    11.2609   3.888750    34.5478       1303     5.4250  0.000e+00
    117.615    11.2585   3.888796    34.5505       1304     5.4292  0.000e+00
    117.544    11.2563   3.889305    34.5577       1305     5.4333  0.000e+00
    117.497    11.2555   3.889722    34.5626       1306     5.4375  0.000e+00
    117.488    11.2560   3.890112    34.5660       1307     5.4417  0.000e+00
    117.502    11.2576   3.890204    34.5655       1308     5.4458  0.000e+00
    117.555    11.2594   3.890065    34.5624       1309     5.4500  0.000e+00
    117.629    11.2605   3.890092    34.5616       1310     5.4542  0.000e+00
    117.725    11.2611   3.890132    34.5613       1311     5.4583  0.000e+00
    117.839    11.2615   3.890066    34.5602       1312     5.4625  0.000e+00
    117.938    11.2615   3.890046    34.5600       1313     5.4667  0.000e+00
    118.058    11.2615   3.890138    34.5609       1314     5.4708  0.000e+00
    118.181    11.2615   3.890251    34.5620       1315     5.4750  0.000e+00
    118.293    11.2617   3.890436    34.5635       1316     5.4792  0.000e+00
    118.382    11.2622   3.890687    34.5655       1317     5.4833  0.000e+00
    118.440    11.2635   3.890350    34.5609       1318     5.4875  0.000e+00
    118.482    11.2639   3.890416    34.5612       1319     5.4917  0.000e+00
    118.483    11.2640   3.890648    34.5633       1320     5.4958  0.000e+00
    118.449    11.2642   3.890667    34.5634       1321     5.5000  0.000e+00
    118.382    11.2651   3.890826    34.5642       1322     5.5042  0.000e+00
    118.285    11.2656   3.890462    34.5601       1323     5.5083  0.000e+00
    118.136    11.2659   3.890509    34.5604       1324     5.5125  0.000e+00
    118.001    11.2656   3.890568    34.5613       1325     5.5167  0.000e+00
    117.836    11.2656   3.890158    34.5573       1326     5.5208  0.000e+00
    117.670    11.2650   3.889953    34.5559       1327     5.5250  0.000e+00
    117.511    11.2637   3.890012    34.5578       1328     5.5292  0.000e+00
    117.378    11.2628   3.889927    34.5578       1329     5.5333  0.000e+00
    117.272    11.2622   3.889768    34.5569       1330     5.5375  0.000e+00
    117.212    11.2613   3.889649    34.5566       1331     5.5417  0.000e+00
    117.179    11.2606   3.889768    34.5584       1332     5.5458  0.000e+00
    117.199    11.2600   3.890158    34.5628       1333     5.5500  0.000e+00
    117.269    11.2604   3.890065    34.5616       1334     5.5542  0.000e+00
    117.372    11.2610   3.890303    34.5633       1335     5.5583  0.000e+00
    117.519    11.2616   3.890370    34.5633       1336     5.5625  0.000e+00
    117.689    11.2623   3.890297    34.5619       1337     5.5667  0.000e+00
    117.895    11.2627   3.890323    34.5617       1338     5.5708  0.000e+00
    118.058    11.2629   3.890416    34.5623       1339     5.5750  0.000e+00
    118.241    11.2633   3.890370    34.5614       1340     5.5792  0.000e+00
    118.413    11.2634   3.890343    34.5610       1341     5.5833  0.000e+00
    118.565    11.2635   3.890304    34.5604       1342     5.5875  0.000e+00
    118.670    11.2635   3.890185    34.5592       1343     5.5917  0.000e+00
    118.730    11.2630   3.890112    34.5589       1344     5.5958  0.000e+00
    118.739    11.2626   3.890013    34.5583       1345     5.6000  0.000e+00
    118.702    11.2620   3.890000    34.5587       1346     5.6042  0.000e+00
    118.617    11.2618   3.889953    34.5585       1347     5.6083  0.000e+00
    118.496    11.2615   3.889914    34.5585       1348     5.6125  0.000e+00
    118.336    11.2611   3.889927    34.5590       1349     5.6167  0.000e+00
    118.139    11.2608   3.889510    34.5553       1350     5.6208  0.000e+00
    117.965    11.2599   3.888889    34.5500       1351     5.6250  0.000e+00
    117.759    11.2582   3.888677    34.5496       1352     5.6292  0.000e+00
    117.558    11.2563   3.889629    34.5610       1353     5.6333  0.000e+00
    117.384    11.2556   3.889722    34.5626       1354     5.6375  0.000e+00
    117.261    11.2567   3.889695    34.5614       1355     5.6417  0.000e+00
    117.168    11.2575   3.889464    34.5583       1356     5.6458  0.000e+00
    117.130    11.2579   3.889054    34.5539       1357     5.6500  0.000e+00
    117.132    11.2570   3.888532    34.5495       1358     5.6542  0.000e+00
    117.176    11.2553   3.888016    34.5460       1359     5.6583  0.000e+00
    117.264    11.2525   3.888036    34.5488       1360     5.6625  0.000e+00
    117.385    11.2501   3.888129    34.5519       1361     5.6667  0.000e+00
    117.536    11.2486   3.888076    34.5527       1362     5.6708  0.000e+00
    117.706    11.2479   3.888129    34.5539       1363     5.6750  0.000e+00
    117.890    11.2473   3.888241    34.5555       1364     5.6792  0.000e+00
    118.029    11.2473   3.888096    34.5540       1365     5.6833  0.000e+00
    118.170    11.2471   3.888017    34.5533       1366     5.6875  0.000e+00
    118.311    11.2467   3.887878    34.5522       1367     5.6917  0.000e+00
    118.429    11.2461   3.888004    34.5540       1368     5.6958  0.000e+00
    118.505    11.2455   3.888380    34.5583       1369     5.7000  0.000e+00
    118.545    11.2460   3.889418    34.5681       1370     5.7042  0.000e+00
    118.552    11.2482   3.889398    34.5658       1371     5.7083  0.000e+00
    118.519    11.2512   3.889960    34.5686       1372     5.7125  0.000e+00
    118.456    11.2542   3.890092    34.5671       1373     5.7167  0.000e+00
    118.371    11.2567   3.889834    34.5623       1374     5.7208  0.000e+00
    118.257    11.2583   3.889405    34.5565       1375     5.7250  0.000e+00
    118.121    11.2585   3.889418    34.5565       1376     5.7292  0.000e+00
    117.998    11.2580   3.888889    34.5518       1377     5.7333  0.000e+00
    117.867    11.2569   3.888558    34.5496       1378     5.7375  0.000e+00
    117.732    11.2549   3.887878    34.5448       1379     5.7417  0.000e+00
    117.631    11.2522   3.887878    34.5474       1380     5.7458  0.000e+00
    117.553    11.2497   3.887693    34.5480       1381     5.7500  0.000e+00
    117.506    11.2475   3.887441    34.5475       1382     5.7542  0.000e+00
    117.482    11.2455   3.887322    34.5482       1383     5.7583  0.000e+00
    117.482    11.2440   3.887322    34.5496       1384     5.7625  0.000e+00
    117.508    11.2427   3.888142    34.5590       1385     5.7667  0.000e+00
    117.556    11.2431   3.888684    34.5639       1386     5.7708  0.000e+00
    117.622    11.2449   3.888935    34.5647       1387     5.7750  0.000e+00
    117.696    11.2474   3.889087    34.5638       1388     5.7792  0.000e+00
    117.774    11.2495   3.889193    34.5629       1389     5.7833  0.000e+00
    117.859    11.2515   3.889101    34.5601       1390     5.7875  0.000e+00
    117.918    11.2525   3.889074    34.5588       1391     5.7917  0.000e+00
    117.975    11.2531   3.889259    34.5601       1392     5.7958  0.000e+00
    118.022    11.2537   3.889305    34.5599       1393     5.8000  0.000e+00
    118.067    11.2544   3.889557    34.5618       1394     5.8042  0.000e+00
    118.085    11.2552   3.889722    34.5627       1395     5.8083  0.000e+00
    118.085    11.2562   3.889649    34.5610       1396     5.8125  0.000e+00
    118.067    11.2571   3.889695    34.5606       1397     5.8167  0.000e+00
    118.043    11.2575   3.889867    34.5619       1398     5.8208  0.000e+00
    117.990    11.2585   3.889742    34.5598       1399     5.8250  0.000e+00
    117.951    11.2588   3.889352    34.5557       1400     5.8292  0.000e+00
    117.898    11.2585   3.889305    34.5555       1401     5.8333  0.000e+00
    117.847    11.2577   3.889213    34.5554       1402     5.8375  0.000e+00
    117.809    11.2569   3.889213    34.5561       1403     5.8417  0.000e+00
    117.795    11.2563   3.889213    34.5567       1404     5.8458  0.000e+00
    117.782    11.2559   3.888486    34.5498       1405     5.8500  0.000e+00
    117.786    11.2545   3.887508    34.5415       1406     5.8542  0.000e+00
    117.796    11.2514   3.887118    34.5405       1407     5.8583  0.000e+00
    117.812    11.2474   3.887805    34.5511       1408     5.8625  0.000e+00
    117.841    11.2454   3.888083    34.5557       1409     5.8667  0.000e+00
    117.878    11.2450   3.887944    34.5547       1410     5.8708  0.000e+00
    117.903    11.2452   3.887759    34.5526       1411     5.8750  0.000e+00
    117.935    11.2450   3.887832    34.5535       1412     5.8792  0.000e+00
    117.972    11.2447   3.887647    34.5519       1413     5.8833  0.000e+00
    118.009    11.2444   3.887785    34.5536       1414     5.8875  0.000e+00
    118.042    11.2442   3.887858    34.5545       1415     5.8917  0.000e+00
    118.059    11.2440   3.887785    34.5539       1416     5.8958  0.000e+00
    118.077    11.2441   3.887851    34.5545       1417     5.9000  0.000e+00
    118.081    11.2442   3.888023    34.5561       1418     5.9042  0.000e+00
    118.075    11.2447   3.887990    34.5553       1419     5.9083  0.000e+00
    118.060    11.2452   3.888109    34.5560       1420     5.9125  0.000e+00
    118.039    11.2455   3.888241    34.5571       1421     5.9167  0.000e+00
    118.013    11.2461   3.887951    34.5536       1422     5.9208  0.000e+00
    117.992    11.2462   3.887435    34.5485       1423     5.9250  0.000e+00
    117.958    11.2451   3.886979    34.5449       1424     5.9292  0.000e+00
    117.923    11.2434   3.887151    34.5483       1425     5.9333  0.000e+00
    117.868    11.2417   3.887851    34.5569       1426     5.9375  0.000e+00
    117.821    11.2417   3.886906    34.5475       1427     5.9417  0.000e+00
    117.779    11.2413   3.885796    34.5369       1428     5.9458  0.000e+00
    117.734    11.2383   3.885248    34.5342       1429     5.9500  0.000e+00
    117.691    11.2344   3.885248    34.5380       1430     5.9542  0.000e+00
    117.655    11.2306   3.885050    34.5395       1431     5.9583  0.000e+00
    117.614    11.2278   3.885089    34.5426       1432     5.9625  0.000e+00
    117.571    11.2262   3.884534    34.5386       1433     5.9667  0.000e+00
    117.548    11.2241   3.884303    34.5383       1434     5.9708  0.000e+00
    117.534    11.2222   3.883814    34.5353       1435     5.9750  0.000e+00
    117.530    11.2196   3.884257    34.5420       1436     5.9792  0.000e+00
    117.539    11.2182   3.885360    34.5543       1437     5.9833  0.000e+00
    117.563    11.2192   3.886523    34.5649       1438     5.9875  0.000e+00
    117.601    11.2227   3.886517    34.5615       1439     5.9917  0.000e+00
    117.644    11.2268   3.886034    34.5529       1440     5.9958  0.000e+00
    117.695    11.2291   3.886814    34.5585       1441     6.0000  0.000e+00
    117.747    11.2310   3.887554    34.5640       1442     6.0042  0.000e+00
    117.810    11.2342   3.887832    34.5637       1443     6.0083  0.000e+00
    117.879    11.2374   3.887858    34.5610       1444     6.0125  0.000e+00
    117.912    11.2400   3.888268    34.5626       1445     6.0167  0.000e+00
