HB2502/sbe163.cnv
* Sea-Bird SBE 19plus V2 Data File:
* FileName = C:\cruise\data\sbe163.hex
* Software Version Seasave V 7.26.7.121
* Temperature SN = 6128
* Conductivity SN = 6128
* System UpLoad Time = May 14 2025 11:53:29
* NMEA Latitude = 43 24.75 N
* NMEA Longitude = 068 57.32 W
* NMEA UTC (Time) = May 14 2025  11:52:16
** Ship: Henry Bigelow
** Cruise:  HB2502
** Program:  Spring Bottom Trawl
# nquan = 7
# nvalues = 2926                                  
# units = specified
# name 0 = depSM: Depth [salt water, m]
# name 1 = tv290C: Temperature [ITS-90, deg C]
# name 2 = c0S/m: Conductivity [S/m]
# name 3 = sal00: Salinity, Practical [PSU]
# name 4 = scan: Scan Count
# name 5 = timeM: Time, Elapsed [minutes]
# name 6 = flag:  0.000e+00
# span 0 =     -0.026,    114.547                 
# span 1 =     5.2971,    10.3426                 
# span 2 =   0.008828,   3.557857                 
# span 3 =     0.0587,    33.5013                 
# span 4 =         11,       2936                 
# span 5 =     0.0417,    12.2292                 
# span 6 = 0.0000e+00, 0.0000e+00                 
# interval = seconds: 0.25
# start_time = May 14 2025 11:52:16 [NMEA time, header]
# bad_flag = -9.990e-29
*END*
[from data line 1642]
     55.744     5.4372   3.179859    32.6252       1653     6.8833  0.000e+00
     55.688     5.4370   3.179718    32.6238       1654     6.8875  0.000e+00
     55.637     5.4369   3.179755    32.6244       1655     6.8917  0.000e+00
     55.581     5.4372   3.179572    32.6220       1656     6.8958  0.000e+00
     55.529     5.4372   3.179212    32.6180       1657     6.9000  0.000e+00
     55.476     5.4365   3.179151    32.6179       1658     6.9042  0.000e+00
     55.423     5.4357   3.179151    32.6188       1659     6.9083  0.000e+00
     55.371     5.4350   3.179291    32.6211       1660     6.9125  0.000e+00
     55.315     5.4346   3.179193    32.6204       1661     6.9167  0.000e+00
     55.252     5.4346   3.179151    32.6199       1662     6.9208  0.000e+00
     55.191     5.4344   3.179151    32.6201       1663     6.9250  0.000e+00
     55.131     5.4341   3.179230    32.6213       1664     6.9292  0.000e+00
     55.060     5.4343   3.179193    32.6209       1665     6.9333  0.000e+00
     54.993     5.4343   3.179114    32.6200       1666     6.9375  0.000e+00
     54.924     5.4340   3.179132    32.6205       1667     6.9417  0.000e+00
     54.851     5.4338   3.179150    32.6210       1668     6.9458  0.000e+00
     54.780     5.4338   3.178363    32.6120       1669     6.9500  0.000e+00
     54.707     5.4325   3.178266    32.6122       1670     6.9542  0.000e+00
     54.631     5.4307   3.178247    32.6138       1671     6.9583  0.000e+00
     54.558     5.4291   3.177863    32.6110       1672     6.9625  0.000e+00
     54.487     5.4276   3.177564    32.6091       1673     6.9667  0.000e+00
     54.416     5.4262   3.177198    32.6063       1674     6.9708  0.000e+00
     54.343     5.4247   3.176697    32.6021       1675     6.9750  0.000e+00
     54.269     5.4229   3.176215    32.5985       1676     6.9792  0.000e+00
     54.198     5.4206   3.176612    32.6052       1677     6.9833  0.000e+00
     54.126     5.4192   3.176014    32.5998       1678     6.9875  0.000e+00
     54.052     5.4174   3.174001    32.5788       1679     6.9917  0.000e+00
     53.985     5.4128   3.174343    32.5871       1680     6.9958  0.000e+00
     53.911     5.4076   3.174239    32.5911       1681     7.0000  0.000e+00
     53.850     5.4044   3.172855    32.5785       1682     7.0042  0.000e+00
     53.775     5.4002   3.172111    32.5740       1683     7.0083  0.000e+00
     53.721     5.3948   3.172013    32.5783       1684     7.0125  0.000e+00
     53.663     5.3899   3.171830    32.5810       1685     7.0167  0.000e+00
     53.602     5.3861   3.171367    32.5794       1686     7.0208  0.000e+00
     53.544     5.3832   3.171331    32.5818       1687     7.0250  0.000e+00
     53.483     5.3808   3.169983    32.5689       1688     7.0292  0.000e+00
     53.426     5.3781   3.169642    32.5677       1689     7.0333  0.000e+00
     53.365     5.3755   3.169361    32.5670       1690     7.0375  0.000e+00
     53.305     5.3739   3.169099    32.5656       1691     7.0417  0.000e+00
     53.243     5.3732   3.168880    32.5639       1692     7.0458  0.000e+00
     53.178     5.3730   3.168862    32.5638       1693     7.0500  0.000e+00
     53.113     5.3735   3.168679    32.5613       1694     7.0542  0.000e+00
     53.046     5.3737   3.168581    32.5601       1695     7.0583  0.000e+00
     52.980     5.3740   3.168459    32.5584       1696     7.0625  0.000e+00
     52.917     5.3740   3.168276    32.5563       1697     7.0667  0.000e+00
     52.852     5.3736   3.167935    32.5529       1698     7.0708  0.000e+00
     52.789     5.3729   3.167655    32.5504       1699     7.0750  0.000e+00
     52.718     5.3722   3.167417    32.5484       1700     7.0792  0.000e+00
     52.651     5.3714   3.167252    32.5474       1701     7.0833  0.000e+00
     52.587     5.3707   3.167216    32.5477       1702     7.0875  0.000e+00
     52.528     5.3705   3.166972    32.5451       1703     7.0917  0.000e+00
     52.459     5.3705   3.166710    32.5421       1704     7.0958  0.000e+00
     52.396     5.3703   3.166454    32.5394       1705     7.1000  0.000e+00
     52.330     5.3702   3.166253    32.5373       1706     7.1042  0.000e+00
     52.261     5.3697   3.166034    32.5354       1707     7.1083  0.000e+00
     52.198     5.3692   3.165973    32.5351       1708     7.1125  0.000e+00
     52.125     5.3688   3.165808    32.5338       1709     7.1167  0.000e+00
     52.053     5.3682   3.165833    32.5346       1710     7.1208  0.000e+00
     51.985     5.3679   3.165668    32.5331       1711     7.1250  0.000e+00
     51.915     5.3675   3.165412    32.5306       1712     7.1292  0.000e+00
     51.842     5.3669   3.165449    32.5316       1713     7.1333  0.000e+00
     51.772     5.3665   3.165430    32.5318       1714     7.1375  0.000e+00
     51.705     5.3662   3.165491    32.5329       1715     7.1417  0.000e+00
     51.636     5.3661   3.165449    32.5325       1716     7.1458  0.000e+00
     51.569     5.3660   3.165290    32.5308       1717     7.1500  0.000e+00
     51.495     5.3659   3.165028    32.5279       1718     7.1542  0.000e+00
     51.442     5.3658   3.165046    32.5283       1719     7.1583  0.000e+00
     51.379     5.3657   3.165010    32.5280       1720     7.1625  0.000e+00
     51.321     5.3654   3.164967    32.5278       1721     7.1667  0.000e+00
     51.265     5.3654   3.164967    32.5278       1722     7.1708  0.000e+00
     51.209     5.3656   3.164943    32.5274       1723     7.1750  0.000e+00
     51.155     5.3663   3.164992    32.5273       1724     7.1792  0.000e+00
     51.102     5.3665   3.164991    32.5272       1725     7.1833  0.000e+00
     51.053     5.3667   3.164991    32.5270       1726     7.1875  0.000e+00
     51.003     5.3664   3.164906    32.5263       1727     7.1917  0.000e+00
     50.948     5.3665   3.164949    32.5267       1728     7.1958  0.000e+00
     50.895     5.3669   3.164930    32.5262       1729     7.2000  0.000e+00
     50.847     5.3672   3.164870    32.5252       1730     7.2042  0.000e+00
     50.798     5.3675   3.164705    32.5231       1731     7.2083  0.000e+00
     50.744     5.3675   3.164705    32.5231       1732     7.2125  0.000e+00
     50.688     5.3680   3.164327    32.5183       1733     7.2167  0.000e+00
     50.627     5.3688   3.164108    32.5152       1734     7.2208  0.000e+00
     50.569     5.3689   3.163767    32.5111       1735     7.2250  0.000e+00
     50.512     5.3697   3.163724    32.5100       1736     7.2292  0.000e+00
     50.441     5.3701   3.163645    32.5087       1737     7.2333  0.000e+00
     50.375     5.3703   3.163164    32.5031       1738     7.2375  0.000e+00
     50.305     5.3698   3.162664    32.4979       1739     7.2417  0.000e+00
     50.231     5.3683   3.162603    32.4987       1740     7.2458  0.000e+00
     50.156     5.3670   3.162646    32.5005       1741     7.2500  0.000e+00
     50.079     5.3662   3.162323    32.4976       1742     7.2542  0.000e+00
     50.003     5.3652   3.161665    32.4911       1743     7.2583  0.000e+00
     49.928     5.3630   3.160624    32.4814       1744     7.2625  0.000e+00
     49.851     5.3592   3.160143    32.4797       1745     7.2667  0.000e+00
     49.777     5.3549   3.159997    32.4822       1746     7.2708  0.000e+00
     49.709     5.3512   3.160362    32.4900       1747     7.2750  0.000e+00
     49.642     5.3499   3.160204    32.4895       1748     7.2792  0.000e+00
     49.581     5.3511   3.160003    32.4861       1749     7.2833  0.000e+00
     49.520     5.3531   3.160021    32.4844       1750     7.2875  0.000e+00
     49.465     5.3546   3.160046    32.4832       1751     7.2917  0.000e+00
     49.421     5.3560   3.159985    32.4812       1752     7.2958  0.000e+00
     49.370     5.3571   3.160021    32.4805       1753     7.3000  0.000e+00
     49.323     5.3577   3.159942    32.4791       1754     7.3042  0.000e+00
     49.288     5.3581   3.159942    32.4788       1755     7.3083  0.000e+00
     49.239     5.3585   3.160064    32.4798       1756     7.3125  0.000e+00
     49.195     5.3598   3.160904    32.4881       1757     7.3167  0.000e+00
     49.155     5.3643   3.161221    32.4874       1758     7.3208  0.000e+00
     49.102     5.3715   3.161464    32.4832       1759     7.3250  0.000e+00
     49.046     5.3795   3.161123    32.4716       1760     7.3292  0.000e+00
     48.993     5.3861   3.160940    32.4632       1761     7.3333  0.000e+00
     48.931     5.3906   3.160185    32.4502       1762     7.3375  0.000e+00
     48.870     5.3927   3.160203    32.4484       1763     7.3417  0.000e+00
     48.804     5.3932   3.160002    32.4457       1764     7.3458  0.000e+00
     48.735     5.3934   3.159022    32.4344       1765     7.3500  0.000e+00
     48.659     5.3913   3.158121    32.4262       1766     7.3542  0.000e+00
     48.579     5.3873   3.157805    32.4266       1767     7.3583  0.000e+00
     48.507     5.3828   3.157342    32.4256       1768     7.3625  0.000e+00
     48.433     5.3783   3.157324    32.4299       1769     7.3667  0.000e+00
     48.353     5.3745   3.156527    32.4245       1770     7.3708  0.000e+00
     48.271     5.3708   3.156186    32.4243       1771     7.3750  0.000e+00
     48.198     5.3665   3.155906    32.4253       1772     7.3792  0.000e+00
     48.121     5.3626   3.155407    32.4234       1773     7.3833  0.000e+00
     48.049     5.3586   3.155328    32.4264       1774     7.3875  0.000e+00
     47.974     5.3554   3.155443    32.4309       1775     7.3917  0.000e+00
     47.909     5.3533   3.155310    32.4313       1776     7.3958  0.000e+00
     47.836     5.3524   3.155486    32.4343       1777     7.4000  0.000e+00
     47.777     5.3518   3.155364    32.4335       1778     7.4042  0.000e+00
     47.715     5.3514   3.155328    32.4335       1779     7.4083  0.000e+00
     47.656     5.3510   3.155364    32.4343       1780     7.4125  0.000e+00
     47.600     5.3506   3.154050    32.4198       1781     7.4167  0.000e+00
     47.547     5.3483   3.153125    32.4115       1782     7.4208  0.000e+00
     47.491     5.3428   3.153271    32.4186       1783     7.4250  0.000e+00
     47.436     5.3378   3.153350    32.4243       1784     7.4292  0.000e+00
     47.387     5.3351   3.153673    32.4307       1785     7.4333  0.000e+00
     47.332     5.3343   3.153551    32.4300       1786     7.4375  0.000e+00
     47.274     5.3337   3.153448    32.4295       1787     7.4417  0.000e+00
     47.220     5.3336   3.153533    32.4306       1788     7.4458  0.000e+00
     47.164     5.3331   3.153131    32.4265       1789     7.4500  0.000e+00
     47.104     5.3323   3.152633    32.4216       1790     7.4542  0.000e+00
     47.046     5.3302   3.153253    32.4308       1791     7.4583  0.000e+00
     46.986     5.3287   3.151556    32.4129       1792     7.4625  0.000e+00
     46.927     5.3256   3.151714    32.4177       1793     7.4667  0.000e+00
     46.863     5.3217   3.152134    32.4263       1794     7.4708  0.000e+00
     46.796     5.3201   3.152176    32.4284       1795     7.4750  0.000e+00
     46.739     5.3195   3.151757    32.4242       1796     7.4792  0.000e+00
     46.674     5.3189   3.151477    32.4217       1797     7.4833  0.000e+00
     46.609     5.3170   3.151179    32.4202       1798     7.4875  0.000e+00
     46.544     5.3150   3.151574    32.4266       1799     7.4917  0.000e+00
     46.474     5.3139   3.151732    32.4295       1800     7.4958  0.000e+00
     46.412     5.3142   3.151538    32.4270       1801     7.5000  0.000e+00
     46.339     5.3145   3.151538    32.4267       1802     7.5042  0.000e+00
     46.270     5.3143   3.150023    32.4098       1803     7.5083  0.000e+00
     46.197     5.3111   3.150875    32.4226       1804     7.5125  0.000e+00
     46.125     5.3085   3.150218    32.4176       1805     7.5167  0.000e+00
     46.052     5.3074   3.149719    32.4131       1806     7.5208  0.000e+00
     45.984     5.3043   3.149604    32.4148       1807     7.5250  0.000e+00
     45.911     5.3015   3.148923    32.4098       1808     7.5292  0.000e+00
     45.842     5.2989   3.148558    32.4082       1809     7.5333  0.000e+00
     45.781     5.2971   3.148625    32.4107       1810     7.5375  0.000e+00
     45.719     5.2971   3.148783    32.4126       1811     7.5417  0.000e+00
     45.655     5.2993   3.149026    32.4133       1812     7.5458  0.000e+00
     45.594     5.3022   3.149421    32.4149       1813     7.5500  0.000e+00
     45.532     5.3066   3.149920    32.4164       1814     7.5542  0.000e+00
     45.474     5.3122   3.150242    32.4147       1815     7.5583  0.000e+00
     45.417     5.3185   3.150497    32.4115       1816     7.5625  0.000e+00
     45.367     5.3242   3.150619    32.4074       1817     7.5667  0.000e+00
     45.309     5.3286   3.150978    32.4072       1818     7.5708  0.000e+00
     45.260     5.3329   3.151434    32.4084       1819     7.5750  0.000e+00
     45.202     5.3377   3.151835    32.4083       1820     7.5792  0.000e+00
     45.144     5.3431   3.152395    32.4095       1821     7.5833  0.000e+00
     45.089     5.3488   3.152674    32.4071       1822     7.5875  0.000e+00
     45.036     5.3549   3.152826    32.4030       1823     7.5917  0.000e+00
     44.980     5.3599   3.153392    32.4047       1824     7.5958  0.000e+00
     44.922     5.3650   3.154128    32.4081       1825     7.6000  0.000e+00
     44.862     5.3713   3.154566    32.4071       1826     7.6042  0.000e+00
     44.804     5.3781   3.155108    32.4066       1827     7.6083  0.000e+00
     44.737     5.3848   3.155886    32.4090       1828     7.6125  0.000e+00
     44.673     5.3925   3.157164    32.4162       1829     7.6167  0.000e+00
     44.606     5.4023   3.158181    32.4183       1830     7.6208  0.000e+00
     44.539     5.4144   3.159703    32.4239       1831     7.6250  0.000e+00
     44.467     5.4282   3.160963    32.4249       1832     7.6292  0.000e+00
     44.402     5.4438   3.162120    32.4230       1833     7.6333  0.000e+00
     44.331     5.4594   3.166408    32.4566       1834     7.6375  0.000e+00
     44.257     5.4835   3.168455    32.4566       1835     7.6417  0.000e+00
     44.188     5.5136   3.169497    32.4394       1836     7.6458  0.000e+00
     44.111     5.5403   3.170399    32.4238       1837     7.6500  0.000e+00
     44.057     5.5625   3.170899    32.4082       1838     7.6542  0.000e+00
     43.991     5.5793   3.171265    32.3961       1839     7.6583  0.000e+00
     43.931     5.5916   3.171484    32.3868       1840     7.6625  0.000e+00
     43.888     5.6005   3.171642    32.3800       1841     7.6667  0.000e+00
     43.830     5.6071   3.171868    32.3762       1842     7.6708  0.000e+00
     43.781     5.6121   3.172606    32.3798       1843     7.6750  0.000e+00
     43.733     5.6176   3.173270    32.3820       1844     7.6792  0.000e+00
     43.686     5.6245   3.173673    32.3800       1845     7.6833  0.000e+00
     43.644     5.6311   3.174014    32.3775       1846     7.6875  0.000e+00
     43.605     5.6372   3.174337    32.3753       1847     7.6917  0.000e+00
     43.563     5.6426   3.174575    32.3728       1848     7.6958  0.000e+00
     43.521     5.6472   3.174856    32.3716       1849     7.7000  0.000e+00
     43.476     5.6514   3.175020    32.3694       1850     7.7042  0.000e+00
     43.429     5.6551   3.175161    32.3675       1851     7.7083  0.000e+00
     43.380     5.6580   3.175221    32.3654       1852     7.7125  0.000e+00
     43.340     5.6602   3.175282    32.3640       1853     7.7167  0.000e+00
     43.284     5.6622   3.175380    32.3632       1854     7.7208  0.000e+00
     43.233     5.6637   3.175624    32.3645       1855     7.7250  0.000e+00
     43.181     5.6656   3.175947    32.3664       1856     7.7292  0.000e+00
