HB2502/sbe157.cnv
* Sea-Bird SBE 19plus V2 Data File:
* FileName = C:\cruise\data\sbe157.hex
* Software Version Seasave V 7.26.7.121
* Temperature SN = 6128
* Conductivity SN = 6128
* System UpLoad Time = May 12 2025 17:39:45
* NMEA Latitude = 43 55.71 N
* NMEA Longitude = 068 48.27 W
* NMEA UTC (Time) = May 12 2025  17:38:30
** Ship: Henry Bigelow
** Cruise:  HB2502
** Program:  Spring Bottom Trawl
# nquan = 7
# nvalues = 2299                                  
# units = specified
# name 0 = depSM: Depth [salt water, m]
# name 1 = tv290C: Temperature [ITS-90, deg C]
# name 2 = c0S/m: Conductivity [S/m]
# name 3 = sal00: Salinity, Practical [PSU]
# name 4 = scan: Scan Count
# name 5 = timeM: Time, Elapsed [minutes]
# name 6 = flag:  0.000e+00
# span 0 =     -0.033,     83.554                 
# span 1 =     5.3200,    11.3072                 
# span 2 =   0.005728,   3.585941                 
# span 3 =     0.0382,    33.2726                 
# span 4 =         11,       2309                 
# span 5 =     0.0417,     9.6167                 
# span 6 = 0.0000e+00, 0.0000e+00                 
# interval = seconds: 0.25
# start_time = May 12 2025 17:38:30 [NMEA time, header]
# bad_flag = -9.990e-29
*END*
[from data line 1847]
     27.526     5.4665   3.117855    31.9077       1858     7.7375  0.000e+00
     27.453     5.4640   3.117916    31.9108       1859     7.7417  0.000e+00
     27.388     5.4625   3.117916    31.9122       1860     7.7458  0.000e+00
     27.319     5.4618   3.117898    31.9128       1861     7.7500  0.000e+00
     27.241     5.4614   3.117758    31.9116       1862     7.7542  0.000e+00
     27.172     5.4611   3.117795    31.9123       1863     7.7583  0.000e+00
     27.106     5.4610   3.118104    31.9160       1864     7.7625  0.000e+00
     27.033     5.4617   3.118667    31.9217       1865     7.7667  0.000e+00
     26.963     5.4642   3.118940    31.9225       1866     7.7708  0.000e+00
     26.903     5.4675   3.119036    31.9204       1867     7.7750  0.000e+00
     26.841     5.4707   3.118903    31.9159       1868     7.7792  0.000e+00
     26.780     5.4728   3.119000    31.9151       1869     7.7833  0.000e+00
     26.722     5.4743   3.118982    31.9134       1870     7.7875  0.000e+00
     26.661     5.4753   3.118958    31.9122       1871     7.7917  0.000e+00
     26.593     5.4760   3.118879    31.9108       1872     7.7958  0.000e+00
     26.532     5.4759   3.118012    31.9010       1873     7.8000  0.000e+00
     26.457     5.4747   3.117758    31.8993       1874     7.8042  0.000e+00
     26.385     5.4724   3.117504    31.8987       1875     7.8083  0.000e+00
     26.316     5.4700   3.117679    31.9030       1876     7.8125  0.000e+00
     26.247     5.4686   3.117770    31.9054       1877     7.8167  0.000e+00
     26.174     5.4681   3.117855    31.9068       1878     7.8208  0.000e+00
     26.098     5.4681   3.117873    31.9071       1879     7.8250  0.000e+00
     26.022     5.4682   3.117540    31.9033       1880     7.8292  0.000e+00
     25.941     5.4679   3.117164    31.8993       1881     7.8333  0.000e+00
     25.859     5.4666   3.117007    31.8989       1882     7.8375  0.000e+00
     25.775     5.4648   3.116922    31.8996       1883     7.8417  0.000e+00
     25.686     5.4631   3.116928    31.9013       1884     7.8458  0.000e+00
     25.586     5.4622   3.116734    31.9001       1885     7.8500  0.000e+00
     25.486     5.4612   3.116752    31.9013       1886     7.8542  0.000e+00
     25.395     5.4604   3.116674    31.9012       1887     7.8583  0.000e+00
     25.309     5.4599   3.116692    31.9019       1888     7.8625  0.000e+00
     25.224     5.4595   3.116607    31.9013       1889     7.8667  0.000e+00
     25.142     5.4591   3.116298    31.8983       1890     7.8708  0.000e+00
     25.066     5.4583   3.116244    31.8984       1891     7.8750  0.000e+00
     24.995     5.4575   3.116104    31.8977       1892     7.8792  0.000e+00
     24.928     5.4568   3.115983    31.8971       1893     7.8833  0.000e+00
     24.861     5.4561   3.115947    31.8973       1894     7.8875  0.000e+00
     24.796     5.4557   3.115838    31.8965       1895     7.8917  0.000e+00
     24.739     5.4555   3.115808    31.8963       1896     7.8958  0.000e+00
     24.679     5.4555   3.115789    31.8962       1897     7.9000  0.000e+00
     24.621     5.4554   3.115771    31.8961       1898     7.9042  0.000e+00
     24.561     5.4552   3.115789    31.8965       1899     7.9083  0.000e+00
     24.511     5.4555   3.115771    31.8960       1900     7.9125  0.000e+00
     24.462     5.4556   3.115747    31.8957       1901     7.9167  0.000e+00
     24.415     5.4558   3.115692    31.8949       1902     7.9208  0.000e+00
     24.357     5.4560   3.115650    31.8943       1903     7.9250  0.000e+00
     24.302     5.4561   3.115650    31.8943       1904     7.9292  0.000e+00
     24.242     5.4563   3.115632    31.8938       1905     7.9333  0.000e+00
     24.182     5.4564   3.115614    31.8935       1906     7.9375  0.000e+00
     24.119     5.4569   3.115571    31.8927       1907     7.9417  0.000e+00
     24.046     5.4570   3.115571    31.8926       1908     7.9458  0.000e+00
     23.971     5.4573   3.115553    31.8921       1909     7.9500  0.000e+00
     23.893     5.4576   3.115632    31.8928       1910     7.9542  0.000e+00
     23.822     5.4585   3.115747    31.8933       1911     7.9583  0.000e+00
     23.741     5.4605   3.115747    31.8914       1912     7.9625  0.000e+00
     23.662     5.4629   3.115807    31.8899       1913     7.9667  0.000e+00
     23.579     5.4663   3.116049    31.8894       1914     7.9708  0.000e+00
     23.485     5.4704   3.116637    31.8922       1915     7.9750  0.000e+00
     23.397     5.4750   3.116752    31.8892       1916     7.9792  0.000e+00
     23.299     5.4791   3.116794    31.8858       1917     7.9833  0.000e+00
     23.206     5.4823   3.116794    31.8828       1918     7.9875  0.000e+00
     23.107     5.4842   3.116691    31.8799       1919     7.9917  0.000e+00
     23.009     5.4852   3.116709    31.8792       1920     7.9958  0.000e+00
     22.922     5.4855   3.116794    31.8799       1921     8.0000  0.000e+00
     22.834     5.4860   3.116927    31.8810       1922     8.0042  0.000e+00
     22.755     5.4872   3.116969    31.8803       1923     8.0083  0.000e+00
     22.675     5.4887   3.116951    31.8788       1924     8.0125  0.000e+00
     22.597     5.4898   3.116891    31.8771       1925     8.0167  0.000e+00
     22.531     5.4908   3.116878    31.8761       1926     8.0208  0.000e+00
     22.464     5.4911   3.116715    31.8739       1927     8.0250  0.000e+00
     22.410     5.4915   3.116715    31.8736       1928     8.0292  0.000e+00
     22.351     5.4916   3.116636    31.8726       1929     8.0333  0.000e+00
     22.288     5.4917   3.116715    31.8734       1930     8.0375  0.000e+00
     22.238     5.4925   3.116769    31.8734       1931     8.0417  0.000e+00
     22.175     5.4941   3.116794    31.8721       1932     8.0458  0.000e+00
     22.117     5.4955   3.116794    31.8709       1933     8.0500  0.000e+00
     22.066     5.4965   3.116830    31.8703       1934     8.0542  0.000e+00
     22.001     5.4973   3.116951    31.8710       1935     8.0583  0.000e+00
     21.943     5.4984   3.116987    31.8704       1936     8.0625  0.000e+00
     21.880     5.4995   3.117187    31.8716       1937     8.0667  0.000e+00
     21.806     5.5016   3.117460    31.8727       1938     8.0708  0.000e+00
     21.737     5.5055   3.117544    31.8700       1939     8.0750  0.000e+00
     21.660     5.5092   3.117581    31.8670       1940     8.0792  0.000e+00
     21.581     5.5121   3.117599    31.8644       1941     8.0833  0.000e+00
     21.501     5.5145   3.117774    31.8642       1942     8.0875  0.000e+00
     21.419     5.5177   3.117974    31.8634       1943     8.0917  0.000e+00
     21.323     5.5213   3.118247    31.8632       1944     8.0958  0.000e+00
     21.233     5.5259   3.118356    31.8601       1945     8.1000  0.000e+00
     21.147     5.5307   3.118525    31.8575       1946     8.1042  0.000e+00
     21.054     5.5352   3.118798    31.8563       1947     8.1083  0.000e+00
     20.963     5.5402   3.118979    31.8537       1948     8.1125  0.000e+00
     20.876     5.5451   3.119113    31.8506       1949     8.1167  0.000e+00
     20.793     5.5496   3.119137    31.8467       1950     8.1208  0.000e+00
     20.709     5.5537   3.119312    31.8448       1951     8.1250  0.000e+00
     20.628     5.5575   3.119682    31.8454       1952     8.1292  0.000e+00
     20.549     5.5617   3.120433    31.8499       1953     8.1333  0.000e+00
     20.483     5.5681   3.121754    31.8588       1954     8.1375  0.000e+00
     20.414     5.5793   3.122524    31.8570       1955     8.1417  0.000e+00
     20.343     5.5925   3.122917    31.8489       1956     8.1458  0.000e+00
     20.276     5.6038   3.123099    31.8403       1957     8.1500  0.000e+00
     20.207     5.6129   3.123329    31.8343       1958     8.1542  0.000e+00
     20.143     5.6201   3.123553    31.8301       1959     8.1583  0.000e+00
     20.081     5.6258   3.123650    31.8258       1960     8.1625  0.000e+00
     20.012     5.6301   3.123632    31.8216       1961     8.1667  0.000e+00
     19.950     5.6329   3.123608    31.8187       1962     8.1708  0.000e+00
     19.884     5.6346   3.123687    31.8180       1963     8.1750  0.000e+00
     19.814     5.6359   3.123711    31.8171       1964     8.1792  0.000e+00
     19.744     5.6370   3.123765    31.8167       1965     8.1833  0.000e+00
     19.674     5.6376   3.124062    31.8195       1966     8.1875  0.000e+00
     19.601     5.6391   3.124141    31.8189       1967     8.1917  0.000e+00
     19.521     5.6414   3.124105    31.8165       1968     8.1958  0.000e+00
     19.441     5.6427   3.124377    31.8183       1969     8.2000  0.000e+00
     19.359     5.6443   3.124517    31.8184       1970     8.2042  0.000e+00
     19.284     5.6464   3.124796    31.8197       1971     8.2083  0.000e+00
     19.203     5.6491   3.125099    31.8205       1972     8.2125  0.000e+00
     19.114     5.6523   3.125662    31.8239       1973     8.2167  0.000e+00
     19.046     5.6572   3.125705    31.8198       1974     8.2208  0.000e+00
     18.968     5.6612   3.125784    31.8169       1975     8.2250  0.000e+00
     18.891     5.6644   3.125644    31.8124       1976     8.2292  0.000e+00
     18.815     5.6660   3.125565    31.8100       1977     8.2333  0.000e+00
     18.739     5.6664   3.125838    31.8127       1978     8.2375  0.000e+00
     18.670     5.6671   3.126135    31.8154       1979     8.2417  0.000e+00
     18.600     5.6694   3.126220    31.8143       1980     8.2458  0.000e+00
     18.531     5.6718   3.126353    31.8135       1981     8.2500  0.000e+00
     18.465     5.6739   3.126511    31.8134       1982     8.2542  0.000e+00
     18.398     5.6760   3.126572    31.8121       1983     8.2583  0.000e+00
     18.343     5.6778   3.126693    31.8118       1984     8.2625  0.000e+00
     18.274     5.6799   3.128548    31.8308       1985     8.2667  0.000e+00
     18.209     5.6870   3.128985    31.8290       1986     8.2708  0.000e+00
     18.140     5.6969   3.129604    31.8266       1987     8.2750  0.000e+00
     18.071     5.7067   3.130052    31.8224       1988     8.2792  0.000e+00
     18.004     5.7163   3.130544    31.8189       1989     8.2833  0.000e+00
     17.939     5.7247   3.130428    31.8098       1990     8.2875  0.000e+00
     17.863     5.7307   3.131217    31.8129       1991     8.2917  0.000e+00
     17.784     5.7379   3.131751    31.8122       1992     8.2958  0.000e+00
     17.714     5.7467   3.131890    31.8055       1993     8.3000  0.000e+00
     17.640     5.7547   3.131933    31.7985       1994     8.3042  0.000e+00
     17.565     5.7606   3.131963    31.7933       1995     8.3083  0.000e+00
     17.491     5.7646   3.132824    31.7992       1996     8.3125  0.000e+00
     17.414     5.7712   3.133455    31.8001       1997     8.3167  0.000e+00
     17.331     5.7807   3.133631    31.7932       1998     8.3208  0.000e+00
     17.257     5.7885   3.133674    31.7863       1999     8.3250  0.000e+00
     17.181     5.7942   3.133577    31.7800       2000     8.3292  0.000e+00
     17.105     5.7976   3.133692    31.7780       2001     8.3333  0.000e+00
     17.034     5.7995   3.133734    31.7768       2002     8.3375  0.000e+00
     16.962     5.8012   3.133813    31.7761       2003     8.3417  0.000e+00
     16.890     5.8026   3.133843    31.7751       2004     8.3458  0.000e+00
     16.825     5.8037   3.133910    31.7749       2005     8.3500  0.000e+00
     16.762     5.8049   3.134007    31.7749       2006     8.3542  0.000e+00
     16.693     5.8059   3.134068    31.7746       2007     8.3583  0.000e+00
     16.632     5.8070   3.134207    31.7752       2008     8.3625  0.000e+00
     16.570     5.8083   3.134250    31.7745       2009     8.3667  0.000e+00
     16.509     5.8098   3.134268    31.7733       2010     8.3708  0.000e+00
     16.443     5.8109   3.134286    31.7725       2011     8.3750  0.000e+00
     16.387     5.8115   3.134389    31.7732       2012     8.3792  0.000e+00
     16.318     5.8123   3.134426    31.7729       2013     8.3833  0.000e+00
     16.263     5.8132   3.134426    31.7720       2014     8.3875  0.000e+00
     16.198     5.8136   3.134408    31.7715       2015     8.3917  0.000e+00
     16.140     5.8139   3.134486    31.7721       2016     8.3958  0.000e+00
     16.078     5.8142   3.134681    31.7740       2017     8.4000  0.000e+00
     16.019     5.8152   3.134899    31.7756       2018     8.4042  0.000e+00
     15.950     5.8172   3.135118    31.7762       2019     8.4083  0.000e+00
     15.896     5.8200   3.135221    31.7747       2020     8.4125  0.000e+00
     15.830     5.8230   3.135263    31.7724       2021     8.4167  0.000e+00
     15.766     5.8252   3.135318    31.7709       2022     8.4208  0.000e+00
     15.705     5.8271   3.135142    31.7672       2023     8.4250  0.000e+00
     15.649     5.8277   3.135239    31.7678       2024     8.4292  0.000e+00
     15.584     5.8283   3.135275    31.7677       2025     8.4333  0.000e+00
     15.526     5.8290   3.135239    31.7667       2026     8.4375  0.000e+00
     15.464     5.8294   3.135299    31.7670       2027     8.4417  0.000e+00
     15.407     5.8298   3.135257    31.7661       2028     8.4458  0.000e+00
     15.344     5.8298   3.135196    31.7655       2029     8.4500  0.000e+00
     15.277     5.8302   3.135287    31.7661       2030     8.4542  0.000e+00
     15.216     5.8303   3.135002    31.7629       2031     8.4583  0.000e+00
     15.143     5.8305   3.134802    31.7605       2032     8.4625  0.000e+00
     15.075     5.8308   3.134468    31.7565       2033     8.4667  0.000e+00
     15.007     5.8307   3.134547    31.7575       2034     8.4708  0.000e+00
     14.935     5.8315   3.135317    31.7654       2035     8.4750  0.000e+00
     14.857     5.8353   3.135651    31.7657       2036     8.4792  0.000e+00
     14.789     5.8405   3.136228    31.7673       2037     8.4833  0.000e+00
     14.711     5.8465   3.136410    31.7637       2038     8.4875  0.000e+00
     14.644     5.8521   3.136434    31.7588       2039     8.4917  0.000e+00
     14.569     5.8560   3.136568    31.7566       2040     8.4958  0.000e+00
     14.488     5.8591   3.136786    31.7562       2041     8.5000  0.000e+00
     14.417     5.8618   3.136980    31.7558       2042     8.5042  0.000e+00
     14.350     5.8645   3.137084    31.7545       2043     8.5083  0.000e+00
     14.286     5.8669   3.137436    31.7562       2044     8.5125  0.000e+00
     14.217     5.8698   3.138012    31.7600       2045     8.5167  0.000e+00
     14.145     5.8741   3.138091    31.7568       2046     8.5208  0.000e+00
     14.080     5.8783   3.138116    31.7532       2047     8.5250  0.000e+00
     14.011     5.8814   3.138261    31.7520       2048     8.5292  0.000e+00
     13.947     5.8839   3.138389    31.7511       2049     8.5333  0.000e+00
     13.882     5.8861   3.138686    31.7523       2050     8.5375  0.000e+00
     13.813     5.8892   3.138747    31.7502       2051     8.5417  0.000e+00
     13.747     5.8919   3.138729    31.7475       2052     8.5458  0.000e+00
     13.686     5.8943   3.138886    31.7470       2053     8.5500  0.000e+00
     13.624     5.8965   3.139063    31.7469       2054     8.5542  0.000e+00
     13.560     5.8989   3.139087    31.7450       2055     8.5583  0.000e+00
     13.504     5.9018   3.138868    31.7399       2056     8.5625  0.000e+00
     13.441     5.9024   3.139706    31.7486       2057     8.5667  0.000e+00
     13.374     5.9050   3.139560    31.7446       2058     8.5708  0.000e+00
     13.307     5.9080   3.139226    31.7382       2059     8.5750  0.000e+00
     13.243     5.9086   3.139682    31.7427       2060     8.5792  0.000e+00
     13.178     5.9098   3.141012    31.7565       2061     8.5833  0.000e+00
