HB2502/sbe150.cnv
* Sea-Bird SBE 19plus V2 Data File:
* FileName = C:\cruise\data\sbe150.hex
* Software Version Seasave V 7.26.7.121
* Temperature SN = 6128
* Conductivity SN = 6128
* System UpLoad Time = May 10 2025 01:51:55
* NMEA Latitude = 42 54.01 N
* NMEA Longitude = 068 02.52 W
* NMEA UTC (Time) = May 10 2025  01:50:37
** Ship: Henry Bigelow
** Cruise:  HB2502
** Program:  Spring Bottom Trawl
# nquan = 7
# nvalues = 3474                                  
# units = specified
# name 0 = depSM: Depth [salt water, m]
# name 1 = tv290C: Temperature [ITS-90, deg C]
# name 2 = c0S/m: Conductivity [S/m]
# name 3 = sal00: Salinity, Practical [PSU]
# name 4 = scan: Scan Count
# name 5 = timeM: Time, Elapsed [minutes]
# name 6 = flag:  0.000e+00
# span 0 =     -0.052,    168.001                 
# span 1 =     5.2479,     7.8756                 
# span 2 =   0.004539,   3.506764                 
# span 3 =     0.0322,    34.2775                 
# span 4 =         11,       3484                 
# span 5 =     0.0417,    14.5125                 
# span 6 = 0.0000e+00, 0.0000e+00                 
# interval = seconds: 0.25
# start_time = May 10 2025 01:50:37 [NMEA time, header]
# bad_flag = -9.990e-29
*END*
[from data line 2257]
     83.411     5.6989   3.246567    33.1116       2268     9.4458  0.000e+00
     83.201     5.6989   3.246235    33.1080       2269     9.4500  0.000e+00
     82.993     5.6986   3.245866    33.1042       2270     9.4542  0.000e+00
     82.794     5.6980   3.245509    33.1008       2271     9.4583  0.000e+00
     82.601     5.6969   3.244857    33.0947       2272     9.4625  0.000e+00
     82.419     5.6946   3.244297    33.0907       2273     9.4667  0.000e+00
     82.264     5.6916   3.243368    33.0832       2274     9.4708  0.000e+00
     82.128     5.6875   3.242956    33.0826       2275     9.4750  0.000e+00
     82.017     5.6831   3.242526    33.0821       2276     9.4792  0.000e+00
     81.927     5.6790   3.242483    33.0857       2277     9.4833  0.000e+00
     81.864     5.6759   3.242040    33.0839       2278     9.4875  0.000e+00
     81.831     5.6730   3.241807    33.0840       2279     9.4917  0.000e+00
     81.829     5.6706   3.241720    33.0854       2280     9.4958  0.000e+00
     81.845     5.6685   3.241720    33.0875       2281     9.5000  0.000e+00
     81.885     5.6672   3.241764    33.0892       2282     9.5042  0.000e+00
     81.945     5.6663   3.241868    33.0912       2283     9.5083  0.000e+00
     82.019     5.6662   3.242280    33.0960       2284     9.5125  0.000e+00
     82.098     5.6667   3.242606    33.0991       2285     9.5167  0.000e+00
     82.176     5.6681   3.242877    33.1007       2286     9.5208  0.000e+00
     82.247     5.6697   3.242938    33.0998       2287     9.5250  0.000e+00
     82.301     5.6712   3.243000    33.0991       2288     9.5292  0.000e+00
     82.332     5.6724   3.243018    33.0981       2289     9.5333  0.000e+00
     82.347     5.6734   3.243043    33.0974       2290     9.5375  0.000e+00
     82.337     5.6741   3.243018    33.0965       2291     9.5417  0.000e+00
     82.294     5.6744   3.242981    33.0957       2292     9.5458  0.000e+00
     82.210     5.6746   3.242938    33.0951       2293     9.5500  0.000e+00
     82.098     5.6745   3.242815    33.0938       2294     9.5542  0.000e+00
     81.955     5.6744   3.242483    33.0903       2295     9.5583  0.000e+00
     81.787     5.6736   3.241659    33.0818       2296     9.5625  0.000e+00
     81.599     5.6714   3.241493    33.0822       2297     9.5667  0.000e+00
     81.393     5.6688   3.240589    33.0746       2298     9.5708  0.000e+00
     81.181     5.6655   3.238616    33.0557       2299     9.5750  0.000e+00
     80.963     5.6594   3.237872    33.0533       2300     9.5792  0.000e+00
     80.743     5.6521   3.237743    33.0592       2301     9.5833  0.000e+00
     80.525     5.6460   3.237737    33.0652       2302     9.5875  0.000e+00
     80.320     5.6419   3.237730    33.0692       2303     9.5917  0.000e+00
     80.125     5.6393   3.237583    33.0702       2304     9.5958  0.000e+00
     79.937     5.6376   3.237460    33.0706       2305     9.6000  0.000e+00
     79.770     5.6364   3.237380    33.0710       2306     9.6042  0.000e+00
     79.616     5.6351   3.237319    33.0716       2307     9.6083  0.000e+00
     79.488     5.6342   3.237319    33.0726       2308     9.6125  0.000e+00
     79.374     5.6337   3.237300    33.0728       2309     9.6167  0.000e+00
     79.282     5.6332   3.237257    33.0729       2310     9.6208  0.000e+00
     79.199     5.6330   3.237232    33.0729       2311     9.6250  0.000e+00
     79.130     5.6327   3.237214    33.0730       2312     9.6292  0.000e+00
     79.077     5.6326   3.237239    33.0734       2313     9.6333  0.000e+00
     79.045     5.6325   3.237239    33.0735       2314     9.6375  0.000e+00
     79.019     5.6323   3.237239    33.0737       2315     9.6417  0.000e+00
     79.007     5.6323   3.237239    33.0737       2316     9.6458  0.000e+00
     79.005     5.6324   3.237214    33.0734       2317     9.6500  0.000e+00
     79.010     5.6324   3.237232    33.0735       2318     9.6542  0.000e+00
     79.023     5.6324   3.237214    33.0734       2319     9.6583  0.000e+00
     79.043     5.6324   3.237239    33.0736       2320     9.6625  0.000e+00
     79.065     5.6324   3.237257    33.0738       2321     9.6667  0.000e+00
     79.090     5.6325   3.237257    33.0737       2322     9.6708  0.000e+00
     79.108     5.6325   3.237257    33.0737       2323     9.6750  0.000e+00
     79.119     5.6326   3.237275    33.0738       2324     9.6792  0.000e+00
     79.134     5.6326   3.237269    33.0737       2325     9.6833  0.000e+00
     79.130     5.6327   3.237257    33.0735       2326     9.6875  0.000e+00
     79.118     5.6327   3.237257    33.0735       2327     9.6917  0.000e+00
     79.090     5.6327   3.237214    33.0730       2328     9.6958  0.000e+00
     79.049     5.6326   3.237134    33.0722       2329     9.7000  0.000e+00
     78.989     5.6323   3.237109    33.0723       2330     9.7042  0.000e+00
     78.922     5.6321   3.237073    33.0720       2331     9.7083  0.000e+00
     78.833     5.6320   3.237054    33.0720       2332     9.7125  0.000e+00
     78.729     5.6317   3.237048    33.0723       2333     9.7167  0.000e+00
     78.607     5.6314   3.237029    33.0724       2334     9.7208  0.000e+00
     78.473     5.6313   3.236968    33.0719       2335     9.7250  0.000e+00
     78.316     5.6312   3.236968    33.0721       2336     9.7292  0.000e+00
     78.135     5.6309   3.236925    33.0720       2337     9.7333  0.000e+00
     77.928     5.6308   3.236888    33.0718       2338     9.7375  0.000e+00
     77.717     5.6306   3.236765    33.0707       2339     9.7417  0.000e+00
     77.489     5.6303   3.236783    33.0713       2340     9.7458  0.000e+00
     77.254     5.6300   3.236476    33.0682       2341     9.7500  0.000e+00
     77.011     5.6294   3.236205    33.0659       2342     9.7542  0.000e+00
     76.788     5.6285   3.236230    33.0672       2343     9.7583  0.000e+00
     76.571     5.6274   3.236187    33.0678       2344     9.7625  0.000e+00
     76.370     5.6266   3.236144    33.0682       2345     9.7667  0.000e+00
     76.197     5.6261   3.236144    33.0688       2346     9.7708  0.000e+00
     76.050     5.6260   3.236175    33.0694       2347     9.7750  0.000e+00
     75.931     5.6258   3.236205    33.0700       2348     9.7792  0.000e+00
     75.840     5.6257   3.236205    33.0701       2349     9.7833  0.000e+00
     75.773     5.6259   3.236187    33.0697       2350     9.7875  0.000e+00
     75.742     5.6261   3.236205    33.0698       2351     9.7917  0.000e+00
     75.722     5.6260   3.236187    33.0697       2352     9.7958  0.000e+00
     75.728     5.6260   3.236187    33.0697       2353     9.8000  0.000e+00
     75.757     5.6260   3.236199    33.0698       2354     9.8042  0.000e+00
     75.789     5.6260   3.236205    33.0698       2355     9.8083  0.000e+00
     75.838     5.6260   3.236230    33.0701       2356     9.8125  0.000e+00
     75.890     5.6261   3.236230    33.0700       2357     9.8167  0.000e+00
     75.952     5.6261   3.236205    33.0697       2358     9.8208  0.000e+00
     76.017     5.6263   3.236248    33.0699       2359     9.8250  0.000e+00
     76.071     5.6261   3.236230    33.0698       2360     9.8292  0.000e+00
     76.111     5.6262   3.236218    33.0696       2361     9.8333  0.000e+00
     76.143     5.6263   3.236230    33.0696       2362     9.8375  0.000e+00
     76.157     5.6262   3.236205    33.0694       2363     9.8417  0.000e+00
     76.146     5.6262   3.236205    33.0695       2364     9.8458  0.000e+00
     76.121     5.6262   3.236168    33.0690       2365     9.8500  0.000e+00
     76.074     5.6261   3.236144    33.0689       2366     9.8542  0.000e+00
     75.998     5.6259   3.236187    33.0696       2367     9.8583  0.000e+00
     75.904     5.6259   3.236217    33.0700       2368     9.8625  0.000e+00
     75.794     5.6260   3.236168    33.0694       2369     9.8667  0.000e+00
     75.664     5.6261   3.236144    33.0691       2370     9.8708  0.000e+00
     75.530     5.6260   3.236125    33.0690       2371     9.8750  0.000e+00
     75.383     5.6259   3.236045    33.0683       2372     9.8792  0.000e+00
     75.235     5.6258   3.235978    33.0678       2373     9.8833  0.000e+00
     75.084     5.6255   3.235978    33.0681       2374     9.8875  0.000e+00
     74.932     5.6252   3.235867    33.0673       2375     9.8917  0.000e+00
     74.781     5.6249   3.235775    33.0666       2376     9.8958  0.000e+00
     74.629     5.6244   3.235756    33.0669       2377     9.9000  0.000e+00
     74.478     5.6241   3.235756    33.0673       2378     9.9042  0.000e+00
     74.332     5.6238   3.235732    33.0674       2379     9.9083  0.000e+00
     74.189     5.6235   3.235732    33.0677       2380     9.9125  0.000e+00
     74.046     5.6232   3.235731    33.0681       2381     9.9167  0.000e+00
     73.912     5.6232   3.235713    33.0679       2382     9.9208  0.000e+00
     73.769     5.6232   3.235707    33.0680       2383     9.9250  0.000e+00
     73.638     5.6231   3.235694    33.0680       2384     9.9292  0.000e+00
     73.517     5.6231   3.235694    33.0680       2385     9.9333  0.000e+00
     73.408     5.6230   3.235670    33.0679       2386     9.9375  0.000e+00
     73.302     5.6233   3.235651    33.0675       2387     9.9417  0.000e+00
     73.211     5.6231   3.235633    33.0675       2388     9.9458  0.000e+00
     73.132     5.6232   3.235633    33.0675       2389     9.9500  0.000e+00
     73.063     5.6229   3.235590    33.0673       2390     9.9542  0.000e+00
     73.005     5.6230   3.235608    33.0675       2391     9.9583  0.000e+00
     72.962     5.6227   3.235590    33.0675       2392     9.9625  0.000e+00
     72.921     5.6229   3.235590    33.0674       2393     9.9667  0.000e+00
     72.890     5.6227   3.235547    33.0671       2394     9.9708  0.000e+00
     72.865     5.6226   3.235547    33.0672       2395     9.9750  0.000e+00
     72.843     5.6225   3.235510    33.0669       2396     9.9792  0.000e+00
     72.825     5.6223   3.235534    33.0674       2397     9.9833  0.000e+00
     72.800     5.6221   3.235547    33.0677       2398     9.9875  0.000e+00
     72.773     5.6222   3.235528    33.0674       2399     9.9917  0.000e+00
     72.744     5.6222   3.235528    33.0674       2400     9.9958  0.000e+00
     72.702     5.6223   3.235547    33.0676       2401    10.0000  0.000e+00
     72.659     5.6222   3.235510    33.0673       2402    10.0042  0.000e+00
     72.607     5.6222   3.235485    33.0670       2403    10.0083  0.000e+00
     72.551     5.6220   3.235485    33.0672       2404    10.0125  0.000e+00
     72.491     5.6220   3.235473    33.0672       2405    10.0167  0.000e+00
     72.435     5.6220   3.235448    33.0669       2406    10.0208  0.000e+00
     72.362     5.6220   3.235448    33.0669       2407    10.0250  0.000e+00
     72.299     5.6218   3.235405    33.0667       2408    10.0292  0.000e+00
     72.230     5.6217   3.235405    33.0668       2409    10.0333  0.000e+00
     72.158     5.6215   3.235405    33.0670       2410    10.0375  0.000e+00
     72.072     5.6214   3.235381    33.0669       2411    10.0417  0.000e+00
     71.998     5.6213   3.235338    33.0665       2412    10.0458  0.000e+00
     71.911     5.6213   3.235159    33.0646       2413    10.0500  0.000e+00
     71.815     5.6209   3.235301    33.0666       2414    10.0542  0.000e+00
     71.710     5.6207   3.235344    33.0674       2415    10.0583  0.000e+00
     71.598     5.6208   3.235362    33.0675       2416    10.0625  0.000e+00
     71.475     5.6209   3.235319    33.0669       2417    10.0667  0.000e+00
     71.337     5.6211   3.235301    33.0666       2418    10.0708  0.000e+00
     71.195     5.6210   3.234944    33.0628       2419    10.0750  0.000e+00
     71.038     5.6202   3.234950    33.0637       2420    10.0792  0.000e+00
     70.881     5.6196   3.234790    33.0626       2421    10.0833  0.000e+00
     70.718     5.6188   3.233556    33.0495       2422    10.0875  0.000e+00
     70.553     5.6162   3.232696    33.0423       2423    10.0917  0.000e+00
     70.398     5.6120   3.229576    33.0112       2424    10.0958  0.000e+00
     70.238     5.6032   3.227973    33.0017       2425    10.1000  0.000e+00
     70.092     5.5916   3.227728    33.0104       2426    10.1042  0.000e+00
     69.953     5.5813   3.224598    32.9851       2427    10.1083  0.000e+00
     69.823     5.5700   3.221917    32.9658       2428    10.1125  0.000e+00
     69.709     5.5553   3.221119    32.9713       2429    10.1167  0.000e+00
     69.606     5.5418   3.219954    32.9713       2430    10.1208  0.000e+00
     69.515     5.5295   3.218194    32.9636       2431    10.1250  0.000e+00
     69.434     5.5179   3.217685    32.9692       2432    10.1292  0.000e+00
     69.376     5.5077   3.216913    32.9704       2433    10.1333  0.000e+00
     69.325     5.4997   3.216729    32.9763       2434    10.1375  0.000e+00
     69.290     5.4936   3.216521    32.9799       2435    10.1417  0.000e+00
     69.273     5.4891   3.216564    32.9847       2436    10.1458  0.000e+00
     69.266     5.4864   3.216968    32.9921       2437    10.1500  0.000e+00
     69.264     5.4854   3.217569    32.9998       2438    10.1542  0.000e+00
     69.266     5.4860   3.217827    33.0022       2439    10.1583  0.000e+00
     69.273     5.4875   3.217827    33.0007       2440    10.1625  0.000e+00
     69.284     5.4889   3.216319    32.9821       2441    10.1667  0.000e+00
     69.287     5.4876   3.214014    32.9572       2442    10.1708  0.000e+00
     69.283     5.4820   3.212237    32.9426       2443    10.1750  0.000e+00
     69.274     5.4727   3.211238    32.9404       2444    10.1792  0.000e+00
     69.254     5.4631   3.210816    32.9450       2445    10.1833  0.000e+00
     69.218     5.4547   3.210405    32.9486       2446    10.1875  0.000e+00
     69.167     5.4482   3.210693    32.9583       2447    10.1917  0.000e+00
     69.095     5.4437   3.209793    32.9525       2448    10.1958  0.000e+00
     69.005     5.4398   3.209817    32.9566       2449    10.2000  0.000e+00
     68.900     5.4368   3.207208    32.9300       2450    10.2042  0.000e+00
     68.773     5.4308   3.205457    32.9159       2451    10.2083  0.000e+00
     68.624     5.4220   3.205665    32.9271       2452    10.2125  0.000e+00
     68.470     5.4140   3.208047    32.9621       2453    10.2167  0.000e+00
     68.304     5.4113   3.206804    32.9507       2454    10.2208  0.000e+00
     68.130     5.4113   3.204263    32.9219       2455    10.2250  0.000e+00
     67.943     5.4073   3.204386    32.9273       2456    10.2292  0.000e+00
     67.770     5.4019   3.204465    32.9335       2457    10.2333  0.000e+00
     67.592     5.3981   3.202660    32.9168       2458    10.2375  0.000e+00
     67.422     5.3937   3.201497    32.9080       2459    10.2417  0.000e+00
     67.268     5.3870   3.200971    32.9086       2460    10.2458  0.000e+00
     67.116     5.3801   3.200995    32.9158       2461    10.2500  0.000e+00
     66.992     5.3749   3.200873    32.9195       2462    10.2542  0.000e+00
     66.884     5.3717   3.200830    32.9223       2463    10.2583  0.000e+00
     66.793     5.3695   3.200665    32.9226       2464    10.2625  0.000e+00
     66.715     5.3678   3.200769    32.9255       2465    10.2667  0.000e+00
     66.659     5.3669   3.200812    32.9269       2466    10.2708  0.000e+00
     66.614     5.3666   3.200812    32.9272       2467    10.2750  0.000e+00
     66.576     5.3662   3.201136    32.9313       2468    10.2792  0.000e+00
     66.549     5.3667   3.201613    32.9362       2469    10.2833  0.000e+00
     66.522     5.3681   3.202048    32.9398       2470    10.2875  0.000e+00
     66.495     5.3703   3.203125    32.9500       2471    10.2917  0.000e+00
