HB2502/sbe109.cnv
* Sea-Bird SBE 19plus V2 Data File:
* FileName = C:\cruise\data\sbe109.hex
* Software Version Seasave V 7.26.7.121
* Temperature SN = 6128
* Conductivity SN = 6128
* System UpLoad Time = Apr 18 2025 21:58:48
* NMEA Latitude = 42 31.49 N
* NMEA Longitude = 070 39.66 W
* NMEA UTC (Time) = Apr 18 2025  21:58:07
** Ship: Henry Bigelow
** Cruise:  HB2502
** Program:  Spring Bottom Trawl
# nquan = 7
# nvalues = 1063                                  
# units = specified
# name 0 = depSM: Depth [salt water, m]
# name 1 = tv290C: Temperature [ITS-90, deg C]
# name 2 = c0S/m: Conductivity [S/m]
# name 3 = sal00: Salinity, Practical [PSU]
# name 4 = scan: Scan Count
# name 5 = timeM: Time, Elapsed [minutes]
# name 6 = flag:  0.000e+00
# span 0 =      0.308,     49.625                 
# span 1 =     4.3972,     7.6150                 
# span 2 =   3.033073,   3.234131                 
# span 3 =    30.6480,    32.5173                 
# span 4 =         11,       1073                 
# span 5 =     0.0417,     4.4667                 
# span 6 = 0.0000e+00, 0.0000e+00                 
# interval = seconds: 0.25
# start_time = Apr 18 2025 21:58:07 [NMEA time, header]
# bad_flag = -9.990e-29
*END*
[from data line 206]
     15.937     5.3388   3.036859    31.1162        217     0.9000  0.000e+00
     16.141     5.3240   3.036817    31.1294        218     0.9042  0.000e+00
     16.340     5.3138   3.036739    31.1378        219     0.9083  0.000e+00
     16.543     5.3060   3.036679    31.1444        220     0.9125  0.000e+00
     16.747     5.3005   3.036817    31.1510        221     0.9167  0.000e+00
     16.952     5.2963   3.037123    31.1582        222     0.9208  0.000e+00
     17.152     5.2934   3.037669    31.1670        223     0.9250  0.000e+00
     17.352     5.2922   3.038119    31.1731        224     0.9292  0.000e+00
     17.546     5.2924   3.038455    31.1766        225     0.9333  0.000e+00
     17.728     5.2937   3.038479    31.1756        226     0.9375  0.000e+00
     17.920     5.2949   3.038689    31.1768        227     0.9417  0.000e+00
     18.106     5.2964   3.039589    31.1855        228     0.9458  0.000e+00
     18.289     5.2988   3.040722    31.1961        229     0.9500  0.000e+00
     18.464     5.3036   3.041142    31.1962        230     0.9542  0.000e+00
     18.648     5.3088   3.041808    31.1988        231     0.9583  0.000e+00
     18.820     5.3143   3.043669    31.2147        232     0.9625  0.000e+00
     18.999     5.3221   3.044665    31.2187        233     0.9667  0.000e+00
     19.186     5.3311   3.044887    31.2127        234     0.9708  0.000e+00
     19.368     5.3389   3.045547    31.2128        235     0.9750  0.000e+00
     19.554     5.3452   3.046202    31.2143        236     0.9792  0.000e+00
     19.744     5.3508   3.046544    31.2129        237     0.9833  0.000e+00
     19.936     5.3555   3.046448    31.2073        238     0.9875  0.000e+00
     20.121     5.3583   3.046316    31.2031        239     0.9917  0.000e+00
     20.313     5.3592   3.045733    31.1956        240     0.9958  0.000e+00
     20.507     5.3568   3.044935    31.1887        241     1.0000  0.000e+00
     20.700     5.3510   3.044323    31.1870        242     1.0042  0.000e+00
     20.893     5.3434   3.041509    31.1622        243     1.0083  0.000e+00
     21.074     5.3292   3.038425    31.1404        244     1.0125  0.000e+00
     21.264     5.3059   3.037082    31.1467        245     1.0167  0.000e+00
     21.456     5.2781   3.036801    31.1693        246     1.0208  0.000e+00
     21.650     5.2534   3.036897    31.1933        247     1.0250  0.000e+00
     21.843     5.2344   3.036442    31.2057        248     1.0292  0.000e+00
     22.035     5.2181   3.036760    31.2246        249     1.0333  0.000e+00
     22.234     5.2025   3.037545    31.2480        250     1.0375  0.000e+00
     22.441     5.1898   3.038115    31.2662        251     1.0417  0.000e+00
     22.644     5.1809   3.038481    31.2786        252     1.0458  0.000e+00
     22.857     5.1746   3.039609    31.2972        253     1.0500  0.000e+00
     23.060     5.1706   3.040701    31.3133        254     1.0542  0.000e+00
     23.265     5.1689   3.041505    31.3240        255     1.0583  0.000e+00
     23.472     5.1683   3.042003    31.3301        256     1.0625  0.000e+00
     23.669     5.1693   3.042987    31.3403        257     1.0667  0.000e+00
     23.862     5.1706   3.044266    31.3535        258     1.0708  0.000e+00
     24.041     5.1709   3.044650    31.3575        259     1.0750  0.000e+00
     24.213     5.1708   3.045676    31.3692        260     1.0792  0.000e+00
     24.389     5.1687   3.046259    31.3777        261     1.0833  0.000e+00
     24.562     5.1648   3.046607    31.3852        262     1.0875  0.000e+00
     24.738     5.1596   3.047430    31.3994        263     1.0917  0.000e+00
     24.908     5.1518   3.047490    31.4073        264     1.0958  0.000e+00
     25.077     5.1439   3.047118    31.4105        265     1.1000  0.000e+00
     25.255     5.1331   3.044363    31.3891        266     1.1042  0.000e+00
     25.428     5.1141   3.043216    31.3939        267     1.1083  0.000e+00
     25.614     5.0901   3.041411    31.3957        268     1.1125  0.000e+00
     25.801     5.0636   3.041489    31.4216        269     1.1167  0.000e+00
     25.985     5.0416   3.040343    31.4291        270     1.1208  0.000e+00
     26.174     5.0204   3.039696    31.4415        271     1.1250  0.000e+00
     26.370     4.9994   3.039708    31.4615        272     1.1292  0.000e+00
     26.571     4.9807   3.040014    31.4826        273     1.1333  0.000e+00
     26.771     4.9646   3.040500    31.5032        274     1.1375  0.000e+00
     26.971     4.9523   3.041088    31.5215        275     1.1417  0.000e+00
     27.183     4.9438   3.042907    31.5503        276     1.1458  0.000e+00
     27.387     4.9377   3.043189    31.5592        277     1.1500  0.000e+00
     27.593     4.9335   3.043315    31.5646        278     1.1542  0.000e+00
     27.805     4.9312   3.044041    31.5749        279     1.1583  0.000e+00
     28.016     4.9304   3.044629    31.5823        280     1.1625  0.000e+00
     28.222     4.9298   3.045170    31.5890        281     1.1667  0.000e+00
     28.418     4.9293   3.045362    31.5916        282     1.1708  0.000e+00
     28.620     4.9286   3.045740    31.5965        283     1.1750  0.000e+00
     28.824     4.9282   3.046052    31.6004        284     1.1792  0.000e+00
     29.014     4.9278   3.046401    31.6046        285     1.1833  0.000e+00
     29.208     4.9278   3.046635    31.6073        286     1.1875  0.000e+00
     29.396     4.9272   3.046839    31.6100        287     1.1917  0.000e+00
     29.571     4.9260   3.047145    31.6147        288     1.1958  0.000e+00
     29.749     4.9227   3.047344    31.6199        289     1.2000  0.000e+00
     29.919     4.9175   3.047512    31.6267        290     1.2042  0.000e+00
     30.085     4.9124   3.047650    31.6331        291     1.2083  0.000e+00
     30.247     4.9073   3.047728    31.6388        292     1.2125  0.000e+00
     30.410     4.9029   3.047764    31.6432        293     1.2167  0.000e+00
     30.576     4.8992   3.047938    31.6487        294     1.2208  0.000e+00
     30.741     4.8961   3.047993    31.6522        295     1.2250  0.000e+00
     30.909     4.8938   3.048089    31.6554        296     1.2292  0.000e+00
     31.093     4.8916   3.048185    31.6585        297     1.2333  0.000e+00
     31.282     4.8896   3.048215    31.6606        298     1.2375  0.000e+00
     31.477     4.8877   3.048281    31.6631        299     1.2417  0.000e+00
     31.681     4.8863   3.048491    31.6668        300     1.2458  0.000e+00
     31.889     4.8848   3.048702    31.6705        301     1.2500  0.000e+00
     32.102     4.8837   3.048666    31.6711        302     1.2542  0.000e+00
     32.321     4.8826   3.048702    31.6724        303     1.2583  0.000e+00
     32.528     4.8810   3.048804    31.6750        304     1.2625  0.000e+00
     32.738     4.8796   3.049086    31.6795        305     1.2667  0.000e+00
     32.941     4.8782   3.049609    31.6867        306     1.2708  0.000e+00
     33.140     4.8767   3.050120    31.6939        307     1.2750  0.000e+00
     33.331     4.8749   3.050834    31.7038        308     1.2792  0.000e+00
     33.530     4.8726   3.052048    31.7198        309     1.2833  0.000e+00
     33.713     4.8701   3.052192    31.7238        310     1.2875  0.000e+00
     33.903     4.8679   3.053027    31.7354        311     1.2917  0.000e+00
     34.091     4.8662   3.054013    31.7483        312     1.2958  0.000e+00
     34.284     4.8644   3.054746    31.7583        313     1.3000  0.000e+00
     34.478     4.8626   3.055029    31.7632        314     1.3042  0.000e+00
     34.673     4.8610   3.055684    31.7721        315     1.3083  0.000e+00
     34.863     4.8601   3.056417    31.7813        316     1.3125  0.000e+00
     35.052     4.8594   3.056995    31.7885        317     1.3167  0.000e+00
     35.249     4.8586   3.057440    31.7943        318     1.3208  0.000e+00
     35.435     4.8581   3.057921    31.8002        319     1.3250  0.000e+00
     35.618     4.8575   3.058516    31.8075        320     1.3292  0.000e+00
     35.797     4.8569   3.058997    31.8136        321     1.3333  0.000e+00
     35.976     4.8564   3.059610    31.8210        322     1.3375  0.000e+00
     36.155     4.8559   3.059520    31.8204        323     1.3417  0.000e+00
     36.334     4.8553   3.060080    31.8273        324     1.3458  0.000e+00
     36.524     4.8549   3.060675    31.8344        325     1.3500  0.000e+00
     36.712     4.8544   3.060892    31.8373        326     1.3542  0.000e+00
     36.904     4.8543   3.061138    31.8401        327     1.3583  0.000e+00
     37.103     4.8543   3.061451    31.8436        328     1.3625  0.000e+00
     37.301     4.8542   3.061541    31.8446        329     1.3667  0.000e+00
     37.508     4.8544   3.061758    31.8469        330     1.3708  0.000e+00
     37.707     4.8544   3.061908    31.8484        331     1.3750  0.000e+00
     37.904     4.8549   3.062173    31.8510        332     1.3792  0.000e+00
     38.104     4.8550   3.062257    31.8517        333     1.3833  0.000e+00
     38.301     4.8556   3.062492    31.8538        334     1.3875  0.000e+00
     38.489     4.8556   3.062606    31.8550        335     1.3917  0.000e+00
     38.679     4.8556   3.062727    31.8562        336     1.3958  0.000e+00
     38.854     4.8560   3.062877    31.8575        337     1.4000  0.000e+00
     39.034     4.8565   3.062992    31.8582        338     1.4042  0.000e+00
     39.209     4.8573   3.063094    31.8586        339     1.4083  0.000e+00
     39.395     4.8576   3.063281    31.8603        340     1.4125  0.000e+00
     39.580     4.8581   3.063377    31.8609        341     1.4167  0.000e+00
     39.771     4.8587   3.063401    31.8605        342     1.4208  0.000e+00
     39.961     4.8594   3.063473    31.8606        343     1.4250  0.000e+00
     40.153     4.8598   3.063473    31.8600        344     1.4292  0.000e+00
     40.348     4.8601   3.063281    31.8575        345     1.4333  0.000e+00
     40.544     4.8602   3.063642    31.8614        346     1.4375  0.000e+00
     40.739     4.8605   3.063708    31.8618        347     1.4417  0.000e+00
     40.936     4.8607   3.063865    31.8633        348     1.4458  0.000e+00
     41.129     4.8612   3.063907    31.8632        349     1.4500  0.000e+00
     41.327     4.8618   3.064190    31.8658        350     1.4542  0.000e+00
     41.513     4.8626   3.064304    31.8663        351     1.4583  0.000e+00
     41.699     4.8637   3.064346    31.8656        352     1.4625  0.000e+00
     41.893     4.8645   3.064563    31.8672        353     1.4667  0.000e+00
     42.081     4.8649   3.064828    31.8698        354     1.4708  0.000e+00
     42.273     4.8653   3.065405    31.8759        355     1.4750  0.000e+00
     42.459     4.8656   3.065929    31.8816        356     1.4792  0.000e+00
     42.645     4.8649   3.066663    31.8906        357     1.4833  0.000e+00
     42.828     4.8632   3.067632    31.9033        358     1.4875  0.000e+00
     43.011     4.8599   3.069330    31.9259        359     1.4917  0.000e+00
     43.196     4.8533   3.069764    31.9371        360     1.4958  0.000e+00
     43.375     4.8458   3.070071    31.9478        361     1.5000  0.000e+00
     43.557     4.8391   3.070186    31.9554        362     1.5042  0.000e+00
     43.736     4.8331   3.070463    31.9644        363     1.5083  0.000e+00
     43.922     4.8280   3.071077    31.9762        364     1.5125  0.000e+00
     44.112     4.8224   3.071523    31.9867        365     1.5167  0.000e+00
     44.307     4.8150   3.072547    32.0055        366     1.5208  0.000e+00
     44.500     4.8061   3.073505    32.0250        367     1.5250  0.000e+00
     44.702     4.7935   3.074059    32.0435        368     1.5292  0.000e+00
     44.901     4.7803   3.075668    32.0746        369     1.5333  0.000e+00
     45.105     4.7634   3.076289    32.0981        370     1.5375  0.000e+00
     45.309     4.7459   3.076783    32.1206        371     1.5417  0.000e+00
     45.514     4.7298   3.077260    32.1416        372     1.5458  0.000e+00
     45.711     4.7143   3.077670    32.1613        373     1.5500  0.000e+00
     45.909     4.7002   3.078056    32.1794        374     1.5542  0.000e+00
     46.102     4.6864   3.078484    32.1976        375     1.5583  0.000e+00
     46.295     4.6732   3.079009    32.2164        376     1.5625  0.000e+00
     46.477     4.6597   3.079376    32.2337        377     1.5667  0.000e+00
     46.653     4.6467   3.079630    32.2492        378     1.5708  0.000e+00
     46.839     4.6354   3.080504    32.2703        379     1.5750  0.000e+00
     47.016     4.6221   3.080679    32.2851        380     1.5792  0.000e+00
     47.206     4.6084   3.080408    32.2953        381     1.5833  0.000e+00
     47.398     4.5979   3.081005    32.3124        382     1.5875  0.000e+00
     47.589     4.5890   3.081168    32.3229        383     1.5917  0.000e+00
     47.778     4.5812   3.081361    32.3327        384     1.5958  0.000e+00
     47.975     4.5738   3.081476    32.3411        385     1.6000  0.000e+00
     48.167     4.5673   3.081765    32.3507        386     1.6042  0.000e+00
     48.361     4.5587   3.081826    32.3598        387     1.6083  0.000e+00
     48.541     4.5499   3.081965    32.3699        388     1.6125  0.000e+00
     48.717     4.5413   3.082001    32.3787        389     1.6167  0.000e+00
     48.892     4.5303   3.082218    32.3918        390     1.6208  0.000e+00
     49.071     4.5164   3.082297    32.4063        391     1.6250  0.000e+00
     49.253     4.5019   3.082297    32.4205        392     1.6292  0.000e+00
     49.454     4.4898   3.082273    32.4319        393     1.6333  0.000e+00
     49.558     4.4796   3.082303    32.4422        394     1.6375  0.000e+00
     49.591     4.4695   3.082237    32.4514        395     1.6417  0.000e+00
     49.575     4.4596   3.082352    32.4625        396     1.6458  0.000e+00
     49.556     4.4501   3.082394    32.4723        397     1.6500  0.000e+00
     49.566     4.4418   3.082412    32.4807        398     1.6542  0.000e+00
     49.589     4.4351   3.082449    32.4877        399     1.6583  0.000e+00
     49.617     4.4301   3.082352    32.4915        400     1.6625  0.000e+00
     49.616     4.4260   3.082220    32.4940        401     1.6667  0.000e+00
     49.613     4.4224   3.082141    32.4967        402     1.6708  0.000e+00
     49.614     4.4185   3.081381    32.4916        403     1.6750  0.000e+00
     49.623     4.4149   3.082027    32.5026        404     1.6792  0.000e+00
     49.625     4.4122   3.082027    32.5054        405     1.6833  0.000e+00
     49.614     4.4098   3.081906    32.5062        406     1.6875  0.000e+00
     49.609     4.4076   3.081930    32.5088        407     1.6917  0.000e+00
     49.602     4.4055   3.081888    32.5104        408     1.6958  0.000e+00
     49.597     4.4034   3.081792    32.5112        409     1.7000  0.000e+00
     49.592     4.4022   3.081852    32.5132        410     1.7042  0.000e+00
     49.588     4.4013   3.081852    32.5141        411     1.7083  0.000e+00
     49.584     4.4005   3.081731    32.5134        412     1.7125  0.000e+00
     49.577     4.3997   3.081749    32.5144        413     1.7167  0.000e+00
     49.580     4.3993   3.081731    32.5146        414     1.7208  0.000e+00
     49.575     4.3987   3.081689    32.5147        415     1.7250  0.000e+00
     49.568     4.3982   3.081713    32.5155        416     1.7292  0.000e+00
     49.559     4.3976   3.081713    32.5161        417     1.7333  0.000e+00
     49.544     4.3973   3.081695    32.5162        418     1.7375  0.000e+00
     49.535     4.3972   3.081725    32.5166        419     1.7417  0.000e+00
     49.526     4.3973   3.081792    32.5173        420     1.7458  0.000e+00
