HB2502/sbe161.cnv
* Sea-Bird SBE 19plus V2 Data File:
* FileName = C:\cruise\data\sbe161.hex
* Software Version Seasave V 7.26.7.121
* Temperature SN = 6128
* Conductivity SN = 6128
* System UpLoad Time = May 14 2025 01:43:52
* NMEA Latitude = 42 45.07 N
* NMEA Longitude = 068 33.32 W
* NMEA UTC (Time) = May 14 2025  01:42:38
** Ship: Henry Bigelow
** Cruise:  HB2502
** Program:  Spring Bottom Trawl
# nquan = 7
# nvalues = 3942                                  
# units = specified
# name 0 = depSM: Depth [salt water, m]
# name 1 = tv290C: Temperature [ITS-90, deg C]
# name 2 = c0S/m: Conductivity [S/m]
# name 3 = sal00: Salinity, Practical [PSU]
# name 4 = scan: Scan Count
# name 5 = timeM: Time, Elapsed [minutes]
# name 6 = flag:  0.000e+00
# span 0 =     -0.009,    165.720                 
# span 1 =     4.9543,     9.7537                 
# span 2 =   0.006744,   3.535252                 
# span 3 =     0.0457,    34.0191                 
# span 4 =         11,       3952                 
# span 5 =     0.0417,    16.4625                 
# span 6 = 0.0000e+00, 0.0000e+00                 
# interval = seconds: 0.25
# start_time = May 14 2025 01:42:38 [NMEA time, header]
# bad_flag = -9.990e-29
*END*
[from data line 2667]
     58.205     4.9687   3.147580    32.7128       2678    11.1542  0.000e+00
     58.111     4.9685   3.147556    32.7128       2679    11.1583  0.000e+00
     58.011     4.9684   3.147556    32.7130       2680    11.1625  0.000e+00
     57.913     4.9684   3.147519    32.7126       2681    11.1667  0.000e+00
     57.813     4.9682   3.147495    32.7125       2682    11.1708  0.000e+00
     57.715     4.9681   3.147495    32.7127       2683    11.1750  0.000e+00
     57.618     4.9679   3.147458    32.7125       2684    11.1792  0.000e+00
     57.522     4.9679   3.147416    32.7121       2685    11.1833  0.000e+00
     57.435     4.9678   3.147397    32.7120       2686    11.1875  0.000e+00
     57.349     4.9677   3.147361    32.7117       2687    11.1917  0.000e+00
     57.263     4.9676   3.147337    32.7116       2688    11.1958  0.000e+00
     57.179     4.9674   3.147318    32.7116       2689    11.2000  0.000e+00
     57.098     4.9673   3.147276    32.7112       2690    11.2042  0.000e+00
     57.016     4.9671   3.147239    32.7111       2691    11.2083  0.000e+00
     56.938     4.9669   3.147154    32.7103       2692    11.2125  0.000e+00
     56.863     4.9667   3.147002    32.7088       2693    11.2167  0.000e+00
     56.785     4.9663   3.147057    32.7099       2694    11.2208  0.000e+00
     56.704     4.9660   3.146899    32.7085       2695    11.2250  0.000e+00
     56.626     4.9658   3.146862    32.7082       2696    11.2292  0.000e+00
     56.552     4.9653   3.146783    32.7079       2697    11.2333  0.000e+00
     56.478     4.9650   3.146899    32.7095       2698    11.2375  0.000e+00
     56.402     4.9648   3.146899    32.7098       2699    11.2417  0.000e+00
     56.327     4.9648   3.146838    32.7090       2700    11.2458  0.000e+00
     56.260     4.9647   3.146838    32.7092       2701    11.2500  0.000e+00
     56.185     4.9647   3.146801    32.7089       2702    11.2542  0.000e+00
     56.118     4.9647   3.146801    32.7089       2703    11.2583  0.000e+00
     56.052     4.9645   3.146759    32.7086       2704    11.2625  0.000e+00
     55.981     4.9644   3.146722    32.7083       2705    11.2667  0.000e+00
     55.916     4.9643   3.146722    32.7085       2706    11.2708  0.000e+00
     55.847     4.9642   3.146661    32.7079       2707    11.2750  0.000e+00
     55.782     4.9641   3.146564    32.7069       2708    11.2792  0.000e+00
     55.707     4.9638   3.146601    32.7077       2709    11.2833  0.000e+00
     55.635     4.9635   3.146382    32.7054       2710    11.2875  0.000e+00
     55.563     4.9632   3.146400    32.7060       2711    11.2917  0.000e+00
     55.487     4.9628   3.146424    32.7067       2712    11.2958  0.000e+00
     55.408     4.9627   3.146303    32.7055       2713    11.3000  0.000e+00
     55.323     4.9625   3.146339    32.7061       2714    11.3042  0.000e+00
     55.254     4.9621   3.146303    32.7061       2715    11.3083  0.000e+00
     55.171     4.9621   3.146211    32.7051       2716    11.3125  0.000e+00
     55.095     4.9620   3.146120    32.7042       2717    11.3167  0.000e+00
     55.019     4.9618   3.146023    32.7033       2718    11.3208  0.000e+00
     54.941     4.9614   3.145962    32.7030       2719    11.3250  0.000e+00
     54.865     4.9610   3.145986    32.7037       2720    11.3292  0.000e+00
     54.794     4.9607   3.146084    32.7052       2721    11.3333  0.000e+00
     54.721     4.9607   3.146005    32.7043       2722    11.3375  0.000e+00
     54.645     4.9606   3.146041    32.7049       2723    11.3417  0.000e+00
     54.580     4.9607   3.145926    32.7034       2724    11.3458  0.000e+00
     54.510     4.9605   3.145926    32.7037       2725    11.3500  0.000e+00
     54.436     4.9604   3.145847    32.7029       2726    11.3542  0.000e+00
     54.365     4.9603   3.145792    32.7024       2727    11.3583  0.000e+00
     54.284     4.9602   3.145786    32.7026       2728    11.3625  0.000e+00
     54.209     4.9599   3.145822    32.7033       2729    11.3667  0.000e+00
     54.132     4.9598   3.145786    32.7030       2730    11.3708  0.000e+00
     54.052     4.9598   3.145445    32.6991       2731    11.3750  0.000e+00
     53.971     4.9596   3.145269    32.6974       2732    11.3792  0.000e+00
     53.895     4.9590   3.144831    32.6929       2733    11.3833  0.000e+00
     53.821     4.9582   3.144692    32.6922       2734    11.3875  0.000e+00
     53.743     4.9572   3.144892    32.6955       2735    11.3917  0.000e+00
     53.672     4.9565   3.144910    32.6964       2736    11.3958  0.000e+00
     53.602     4.9562   3.144673    32.6940       2737    11.4000  0.000e+00
     53.529     4.9560   3.144552    32.6929       2738    11.4042  0.000e+00
     53.467     4.9555   3.144406    32.6916       2739    11.4083  0.000e+00
     53.396     4.9551   3.144272    32.6906       2740    11.4125  0.000e+00
     53.340     4.9546   3.144193    32.6902       2741    11.4167  0.000e+00
     53.279     4.9544   3.144072    32.6890       2742    11.4208  0.000e+00
     53.215     4.9543   3.144053    32.6889       2743    11.4250  0.000e+00
     53.144     4.9546   3.144035    32.6885       2744    11.4292  0.000e+00
     53.081     4.9553   3.144035    32.6878       2745    11.4333  0.000e+00
     53.015     4.9560   3.144035    32.6872       2746    11.4375  0.000e+00
     52.946     4.9568   3.144035    32.6864       2747    11.4417  0.000e+00
     52.874     4.9575   3.143993    32.6852       2748    11.4458  0.000e+00
     52.796     4.9583   3.143932    32.6838       2749    11.4500  0.000e+00
     52.718     4.9588   3.143877    32.6828       2750    11.4542  0.000e+00
     52.634     4.9597   3.143737    32.6802       2751    11.4583  0.000e+00
     52.559     4.9606   3.143755    32.6797       2752    11.4625  0.000e+00
     52.482     4.9615   3.143798    32.6793       2753    11.4667  0.000e+00
     52.408     4.9625   3.143956    32.6802       2754    11.4708  0.000e+00
     52.339     4.9642   3.143992    32.6790       2755    11.4750  0.000e+00
     52.274     4.9664   3.144630    32.6842       2756    11.4792  0.000e+00
     52.216     4.9697   3.144867    32.6837       2757    11.4833  0.000e+00
     52.160     4.9740   3.144928    32.6802       2758    11.4875  0.000e+00
     52.107     4.9775   3.145007    32.6776       2759    11.4917  0.000e+00
     52.057     4.9800   3.144910    32.6741       2760    11.4958  0.000e+00
     52.011     4.9816   3.145055    32.6743       2761    11.5000  0.000e+00
     51.957     4.9826   3.145444    32.6778       2762    11.5042  0.000e+00
     51.910     4.9845   3.145548    32.6771       2763    11.5083  0.000e+00
     51.861     4.9868   3.145487    32.6742       2764    11.5125  0.000e+00
     51.805     4.9883   3.145444    32.6722       2765    11.5167  0.000e+00
     51.744     4.9889   3.145463    32.6720       2766    11.5208  0.000e+00
     51.680     4.9892   3.145487    32.6719       2767    11.5250  0.000e+00
     51.615     4.9894   3.145627    32.6734       2768    11.5292  0.000e+00
     51.544     4.9903   3.145724    32.6737       2769    11.5333  0.000e+00
     51.481     4.9915   3.145961    32.6752       2770    11.5375  0.000e+00
     51.410     4.9931   3.146003    32.6742       2771    11.5417  0.000e+00
     51.338     4.9949   3.145979    32.6721       2772    11.5458  0.000e+00
     51.269     4.9966   3.146021    32.6710       2773    11.5500  0.000e+00
     51.198     4.9979   3.146040    32.6700       2774    11.5542  0.000e+00
     51.138     4.9990   3.146040    32.6689       2775    11.5583  0.000e+00
     51.074     4.9998   3.146119    32.6691       2776    11.5625  0.000e+00
     51.017     5.0007   3.146179    32.6689       2777    11.5667  0.000e+00
     50.960     5.0017   3.146222    32.6685       2778    11.5708  0.000e+00
     50.910     5.0024   3.146258    32.6682       2779    11.5750  0.000e+00
     50.855     5.0035   3.146459    32.6695       2780    11.5792  0.000e+00
     50.796     5.0049   3.146520    32.6688       2781    11.5833  0.000e+00
     50.741     5.0064   3.146641    32.6688       2782    11.5875  0.000e+00
     50.684     5.0079   3.146781    32.6690       2783    11.5917  0.000e+00
     50.614     5.0096   3.146963    32.6694       2784    11.5958  0.000e+00
     50.549     5.0116   3.147018    32.6681       2785    11.6000  0.000e+00
     50.477     5.0136   3.148015    32.6777       2786    11.6042  0.000e+00
     50.406     5.0176   3.150064    32.6973       2787    11.6083  0.000e+00
     50.338     5.0283   3.151499    32.7033       2788    11.6125  0.000e+00
     50.268     5.0432   3.152217    32.6970       2789    11.6167  0.000e+00
     50.192     5.0562   3.153397    32.6979       2790    11.6208  0.000e+00
     50.118     5.0708   3.154632    32.6977       2791    11.6250  0.000e+00
     50.050     5.0862   3.155587    32.6936       2792    11.6292  0.000e+00
     49.980     5.1010   3.156268    32.6870       2793    11.6333  0.000e+00
     49.918     5.1144   3.156828    32.6803       2794    11.6375  0.000e+00
     49.842     5.1261   3.157065    32.6716       2795    11.6417  0.000e+00
     49.786     5.1353   3.157047    32.6624       2796    11.6458  0.000e+00
     49.721     5.1419   3.157004    32.6556       2797    11.6500  0.000e+00
     49.659     5.1461   3.157065    32.6521       2798    11.6542  0.000e+00
     49.599     5.1491   3.157089    32.6495       2799    11.6583  0.000e+00
     49.543     5.1512   3.156986    32.6463       2800    11.6625  0.000e+00
     49.484     5.1528   3.157004    32.6450       2801    11.6667  0.000e+00
     49.420     5.1543   3.157065    32.6443       2802    11.6708  0.000e+00
     49.359     5.1560   3.157186    32.6440       2803    11.6750  0.000e+00
     49.293     5.1576   3.157247    32.6432       2804    11.6792  0.000e+00
     49.230     5.1594   3.157746    32.6471       2805    11.6833  0.000e+00
     49.161     5.1621   3.157789    32.6450       2806    11.6875  0.000e+00
     49.097     5.1649   3.157509    32.6391       2807    11.6917  0.000e+00
     49.032     5.1664   3.157606    32.6388       2808    11.6958  0.000e+00
     48.969     5.1674   3.157886    32.6411       2809    11.7000  0.000e+00
     48.909     5.1687   3.158148    32.6428       2810    11.7042  0.000e+00
     48.848     5.1710   3.158586    32.6456       2811    11.7083  0.000e+00
     48.799     5.1737   3.158507    32.6421       2812    11.7125  0.000e+00
     48.748     5.1762   3.158525    32.6399       2813    11.7167  0.000e+00
     48.706     5.1776   3.158507    32.6384       2814    11.7208  0.000e+00
     48.665     5.1783   3.158464    32.6372       2815    11.7250  0.000e+00
     48.621     5.1788   3.159365    32.6470       2816    11.7292  0.000e+00
     48.583     5.1814   3.159828    32.6498       2817    11.7333  0.000e+00
     48.543     5.1858   3.159688    32.6439       2818    11.7375  0.000e+00
     48.498     5.1887   3.159584    32.6399       2819    11.7417  0.000e+00
     48.449     5.1907   3.160084    32.6437       2820    11.7458  0.000e+00
     48.400     5.1927   3.160102    32.6420       2821    11.7500  0.000e+00
     48.353     5.1950   3.160303    32.6420       2822    11.7542  0.000e+00
     48.293     5.1973   3.160644    32.6438       2823    11.7583  0.000e+00
     48.238     5.2000   3.160662    32.6413       2824    11.7625  0.000e+00
     48.182     5.2024   3.160723    32.6397       2825    11.7667  0.000e+00
     48.116     5.2046   3.160887    32.6395       2826    11.7708  0.000e+00
     48.049     5.2069   3.161222    32.6411       2827    11.7750  0.000e+00
     47.984     5.2100   3.161563    32.6420       2828    11.7792  0.000e+00
     47.905     5.2139   3.161605    32.6387       2829    11.7833  0.000e+00
     47.830     5.2170   3.161904    32.6391       2830    11.7875  0.000e+00
     47.767     5.2204   3.163268    32.6514       2831    11.7917  0.000e+00
     47.689     5.2283   3.163469    32.6461       2832    11.7958  0.000e+00
     47.619     5.2365   3.163627    32.6399       2833    11.8000  0.000e+00
     47.548     5.2440   3.163627    32.6327       2834    11.8042  0.000e+00
     47.477     5.2485   3.163828    32.6305       2835    11.8083  0.000e+00
     47.414     5.2522   3.163779    32.6264       2836    11.8125  0.000e+00
     47.358     5.2549   3.163907    32.6252       2837    11.8167  0.000e+00
     47.292     5.2573   3.164407    32.6286       2838    11.8208  0.000e+00
     47.238     5.2602   3.164449    32.6263       2839    11.8250  0.000e+00
     47.179     5.2634   3.165491    32.6352       2840    11.8292  0.000e+00
     47.121     5.2697   3.165491    32.6290       2841    11.8333  0.000e+00
     47.072     5.2755   3.165588    32.6245       2842    11.8375  0.000e+00
     47.012     5.2795   3.165308    32.6174       2843    11.8417  0.000e+00
     46.965     5.2813   3.165509    32.6180       2844    11.8458  0.000e+00
     46.904     5.2827   3.165929    32.6215       2845    11.8500  0.000e+00
     46.850     5.2851   3.166210    32.6224       2846    11.8542  0.000e+00
     46.803     5.2883   3.166472    32.6222       2847    11.8583  0.000e+00
     46.745     5.2920   3.166374    32.6176       2848    11.8625  0.000e+00
     46.696     5.2943   3.166673    32.6187       2849    11.8667  0.000e+00
     46.647     5.2969   3.166733    32.6170       2850    11.8708  0.000e+00
     46.600     5.2991   3.166569    32.6129       2851    11.8750  0.000e+00
     46.560     5.3002   3.166654    32.6129       2852    11.8792  0.000e+00
     46.519     5.3003   3.166593    32.6120       2853    11.8833  0.000e+00
     46.475     5.3006   3.166514    32.6109       2854    11.8875  0.000e+00
     46.443     5.3004   3.166551    32.6115       2855    11.8917  0.000e+00
     46.401     5.3006   3.167014    32.6167       2856    11.8958  0.000e+00
     46.369     5.3018   3.166471    32.6094       2857    11.9000  0.000e+00
     46.336     5.3016   3.167050    32.6161       2858    11.9042  0.000e+00
     46.301     5.3022   3.167093    32.6161       2859    11.9083  0.000e+00
     46.258     5.3037   3.167074    32.6144       2860    11.9125  0.000e+00
     46.215     5.3049   3.167154    32.6141       2861    11.9167  0.000e+00
     46.166     5.3064   3.167854    32.6207       2862    11.9208  0.000e+00
     46.119     5.3091   3.167434    32.6133       2863    11.9250  0.000e+00
     46.063     5.3114   3.167501    32.6118       2864    11.9292  0.000e+00
     46.008     5.3119   3.167696    32.6136       2865    11.9333  0.000e+00
     45.952     5.3129   3.167873    32.6147       2866    11.9375  0.000e+00
     45.898     5.3143   3.167434    32.6083       2867    11.9417  0.000e+00
     45.842     5.3146   3.167671    32.6108       2868    11.9458  0.000e+00
     45.787     5.3144   3.167775    32.6122       2869    11.9500  0.000e+00
     45.737     5.3152   3.167757    32.6112       2870    11.9542  0.000e+00
     45.684     5.3157   3.167836    32.6117       2871    11.9583  0.000e+00
     45.637     5.3163   3.168013    32.6131       2872    11.9625  0.000e+00
     45.584     5.3177   3.169079    32.6240       2873    11.9667  0.000e+00
     45.537     5.3222   3.168957    32.6182       2874    11.9708  0.000e+00
     45.492     5.3267   3.168598    32.6097       2875    11.9750  0.000e+00
     45.446     5.3288   3.168518    32.6068       2876    11.9792  0.000e+00
     45.398     5.3288   3.169116    32.6136       2877    11.9833  0.000e+00
     45.351     5.3306   3.169640    32.6179       2878    11.9875  0.000e+00
     45.304     5.3342   3.169859    32.6169       2879    11.9917  0.000e+00
     45.261     5.3385   3.170243    32.6171       2880    11.9958  0.000e+00
     45.216     5.3434   3.169920    32.6087       2881    12.0000  0.000e+00
