HB2502/sbe124.cnv
* Sea-Bird SBE 19plus V2 Data File:
* FileName = C:\cruise\data\sbe124.hex
* Software Version Seasave V 7.26.7.121
* Temperature SN = 6128
* Conductivity SN = 6128
* System UpLoad Time = Apr 30 2025 16:52:21
* NMEA Latitude = 41 06.70 N
* NMEA Longitude = 067 12.92 W
* NMEA UTC (Time) = Apr 30 2025  16:50:53
** Ship: Henry Bigelow
** Cruise:  HB2502
** Program:  Spring Bottom Trawl
# nquan = 7
# nvalues = 1367                                  
# units = specified
# name 0 = depSM: Depth [salt water, m]
# name 1 = tv290C: Temperature [ITS-90, deg C]
# name 2 = c0S/m: Conductivity [S/m]
# name 3 = sal00: Salinity, Practical [PSU]
# name 4 = scan: Scan Count
# name 5 = timeM: Time, Elapsed [minutes]
# name 6 = flag:  0.000e+00
# span 0 =     -0.076,     55.789                 
# span 1 =     5.8543,    10.2944                 
# span 2 =   0.006810,   3.312073                 
# span 3 =     0.0457,    32.5369                 
# span 4 =         11,       1377                 
# span 5 =     0.0417,     5.7333                 
# span 6 = 0.0000e+00, 0.0000e+00                 
# interval = seconds: 0.25
# start_time = Apr 30 2025 16:50:53 [NMEA time, header]
# bad_flag = -9.990e-29
*END*
      0.117    10.2944   0.006822     0.0458         11     0.0417  0.000e+00
      0.118    10.2923   0.006816     0.0457         12     0.0458  0.000e+00
      0.115    10.2869   0.006819     0.0457         13     0.0500  0.000e+00
      0.118    10.2853   0.006822     0.0458         14     0.0542  0.000e+00
      0.121    10.2854   0.006822     0.0458         15     0.0583  0.000e+00
      0.114    10.2864   0.006819     0.0457         16     0.0625  0.000e+00
      0.121    10.2849   0.006822     0.0458         17     0.0667  0.000e+00
      0.120    10.2797   0.006816     0.0457         18     0.0708  0.000e+00
      0.120    10.2762   0.006825     0.0458         19     0.0750  0.000e+00
      0.120    10.2771   0.006822     0.0458         20     0.0792  0.000e+00
      0.121    10.2785   0.006819     0.0458         21     0.0833  0.000e+00
      0.123    10.2785   0.006828     0.0458         22     0.0875  0.000e+00
      0.124    10.2757   0.006828     0.0458         23     0.0917  0.000e+00
      0.124    10.2741   0.006825     0.0458         24     0.0958  0.000e+00
      0.125    10.2741   0.006828     0.0458         25     0.1000  0.000e+00
      0.126    10.2758   0.006828     0.0458         26     0.1042  0.000e+00
      0.123    10.2757   0.006825     0.0458         27     0.1083  0.000e+00
      0.119    10.2756   0.006822     0.0458         28     0.1125  0.000e+00
      0.121    10.2749   0.006828     0.0458         29     0.1167  0.000e+00
      0.116    10.2759   0.006819     0.0458         30     0.1208  0.000e+00
      0.116    10.2764   0.006822     0.0458         31     0.1250  0.000e+00
      0.110    10.2764   0.006822     0.0458         32     0.1292  0.000e+00
      0.110    10.2769   0.006819     0.0458         33     0.1333  0.000e+00
      0.112    10.2775   0.006810     0.0457         34     0.1375  0.000e+00
      0.110    10.2788   0.006816     0.0457         35     0.1417  0.000e+00
      0.108    10.2785   0.006819     0.0458         36     0.1458  0.000e+00
      0.104    10.2782   0.006822     0.0458         37     0.1500  0.000e+00
      0.104    10.2785   0.006828     0.0458         38     0.1542  0.000e+00
      0.108    10.2791   0.006819     0.0458         39     0.1583  0.000e+00
      0.110    10.2812   0.006816     0.0457         40     0.1625  0.000e+00
      0.112    10.2818   0.006816     0.0457         41     0.1667  0.000e+00
      0.109    10.2808   0.006819     0.0458         42     0.1708  0.000e+00
      0.109    10.2783   0.006822     0.0458         43     0.1750  0.000e+00
      0.111    10.2770   0.006822     0.0458         44     0.1792  0.000e+00
      0.107    10.2783   0.006825     0.0458         45     0.1833  0.000e+00
      0.115    10.2793   0.006822     0.0458         46     0.1875  0.000e+00
      0.111    10.2758   0.006810     0.0457         47     0.1917  0.000e+00
      0.115    10.2676   0.006819     0.0458         48     0.1958  0.000e+00
      0.120    10.2590   0.006828     0.0458         49     0.2000  0.000e+00
      0.119    10.2569   0.006828     0.0458         50     0.2042  0.000e+00
      0.117    10.2575   0.006819     0.0458         51     0.2083  0.000e+00
      0.118    10.2595   0.006822     0.0458         52     0.2125  0.000e+00
      0.124    10.2611   0.006831     0.0458         53     0.2167  0.000e+00
      0.117    10.2606   0.006840     0.0459         54     0.2208  0.000e+00
      0.205    10.2594   0.006843     0.0459         55     0.2250  0.000e+00
      0.397    10.2603   0.385561     2.9076         56     0.2292  0.000e+00
      0.623    10.2633   1.929373    16.4353         57     0.2333  0.000e+00
      0.906    10.2537   2.047974    17.5450         58     0.2375  0.000e+00
      1.219    10.1175   2.682409    23.6675         59     0.2417  0.000e+00
      1.558     9.6296   3.053433    27.6698         60     0.2458  0.000e+00
      1.658     9.0698   3.035325    27.9217         61     0.2500  0.000e+00
      1.807     8.6055   2.955090    27.4648         62     0.2542  0.000e+00
      1.911     8.1154   3.133767    29.7152         63     0.2583  0.000e+00
      1.857     7.7561   3.277259    31.5476         64     0.2625  0.000e+00
      1.774     7.4651   3.275200    31.7907         65     0.2667  0.000e+00
      1.627     7.2381   3.030015    29.3603         66     0.2708  0.000e+00
      1.552     7.0849   2.647769    25.4186         67     0.2750  0.000e+00
      1.564     6.9877   3.096642    30.2937         68     0.2792  0.000e+00
      1.642     6.9781   3.237895    31.8355         69     0.2833  0.000e+00
      1.742     7.0317   3.149214    30.8235         70     0.2875  0.000e+00
      1.818     7.0993   3.206539    31.3835         71     0.2917  0.000e+00
      1.894     7.1610   3.286632    32.1954         72     0.2958  0.000e+00
      1.970     7.1981   3.289804    32.1952         73     0.3000  0.000e+00
      2.037     7.1900   3.117061    30.3359         74     0.3042  0.000e+00
      2.113     7.1487   3.157450    30.8078         75     0.3083  0.000e+00
      2.190     7.1227   3.247475    31.8058         76     0.3125  0.000e+00
      2.290     7.1007   3.312073    32.5284         77     0.3167  0.000e+00
      2.436     7.1244   3.303582    32.4136         78     0.3208  0.000e+00
      2.648     7.2330   3.292723    32.1939         79     0.3250  0.000e+00
      2.910     7.4046   3.277245    31.8677         80     0.3292  0.000e+00
      3.218     7.5962   3.268744    31.6011         81     0.3333  0.000e+00
      3.554     7.8258   3.261244    31.3134         82     0.3375  0.000e+00
      3.888     8.0105   3.257317    31.1067         83     0.3417  0.000e+00
      4.211     8.1228   3.268387    31.1237         84     0.3458  0.000e+00
      4.526     8.2183   3.293419    31.3025         85     0.3500  0.000e+00
      4.795     8.2705   3.295540    31.2782         86     0.3542  0.000e+00
      4.997     8.2350   3.284594    31.1945         87     0.3583  0.000e+00
      5.187     8.0144   3.280556    31.3485         88     0.3625  0.000e+00
      5.353     7.7569   3.277409    31.5469         89     0.3667  0.000e+00
      5.469     7.5221   3.273071    31.7139         90     0.3708  0.000e+00
      5.519     7.3103   3.272061    31.8974         91     0.3750  0.000e+00
      5.648     7.1352   3.254462    31.8684         92     0.3792  0.000e+00
      5.843     7.0461   3.269374    32.1131         93     0.3833  0.000e+00
      5.898     7.1009   3.274409    32.1167         94     0.3875  0.000e+00
      5.878     7.1709   3.272846    32.0347         95     0.3917  0.000e+00
      5.829     7.1551   3.268620    32.0035         96     0.3958  0.000e+00
      5.787     7.0885   3.274872    32.1334         97     0.4000  0.000e+00
      5.792     7.0295   3.283989    32.2878         98     0.4042  0.000e+00
      5.830     7.0357   3.286184    32.3059         99     0.4083  0.000e+00
      5.866     7.1766   3.287227    32.1855        100     0.4125  0.000e+00
      5.906     7.3478   3.289680    32.0528        101     0.4167  0.000e+00
      5.942     7.4777   3.290872    31.9458        102     0.4208  0.000e+00
      6.000     7.5645   3.291020    31.8675        103     0.4250  0.000e+00
      6.099     7.6235   3.286548    31.7655        104     0.4292  0.000e+00
      6.249     7.6683   3.285386    31.7121        105     0.4333  0.000e+00
      6.443     7.7401   3.282771    31.6189        106     0.4375  0.000e+00
      6.667     7.8114   3.280286    31.5276        107     0.4417  0.000e+00
      6.917     7.8685   3.278032    31.4520        108     0.4458  0.000e+00
      7.179     7.9097   3.277136    31.4053        109     0.4500  0.000e+00
      7.433     7.9436   3.277197    31.3754        110     0.4542  0.000e+00
      7.679     7.9738   3.281910    31.3982        111     0.4583  0.000e+00
      7.921     7.9949   3.290187    31.4669        112     0.4625  0.000e+00
      8.153     7.9931   3.289884    31.4651        113     0.4667  0.000e+00
      8.331     7.9581   3.282936    31.4229        114     0.4708  0.000e+00
      8.472     7.7999   3.272970    31.4593        115     0.4750  0.000e+00
      8.590     7.5782   3.273719    31.6683        116     0.4792  0.000e+00
      8.773     7.3921   3.277370    31.8779        117     0.4833  0.000e+00
      8.929     7.2565   3.279873    32.0300        118     0.4875  0.000e+00
      8.999     7.2026   3.278453    32.0646        119     0.4917  0.000e+00
      8.987     7.1496   3.270262    32.0249        120     0.4958  0.000e+00
      8.920     7.0508   3.265470    32.0647        121     0.5000  0.000e+00
      8.859     6.9401   3.266427    32.1786        122     0.5042  0.000e+00
      8.852     6.8466   3.276209    32.3733        123     0.5083  0.000e+00
      8.904     6.7812   3.282331    32.5022        124     0.5125  0.000e+00
      8.976     6.7891   3.284370    32.5171        125     0.5167  0.000e+00
      9.061     6.9140   3.284097    32.3960        126     0.5208  0.000e+00
      9.164     7.0666   3.284120    32.2529        127     0.5250  0.000e+00
      9.300     7.1982   3.284292    32.1318        128     0.5292  0.000e+00
      9.459     7.3066   3.284241    32.0306        129     0.5333  0.000e+00
      9.642     7.4005   3.282714    31.9273        130     0.5375  0.000e+00
      9.849     7.4750   3.281897    31.8499        131     0.5417  0.000e+00
     10.066     7.5439   3.280914    31.7761        132     0.5458  0.000e+00
     10.288     7.6115   3.280623    31.7111        133     0.5500  0.000e+00
     10.509     7.6758   3.278807    31.6330        134     0.5542  0.000e+00
     10.713     7.7673   3.274033    31.4991        135     0.5583  0.000e+00
     10.902     7.9180   3.270217    31.3227        136     0.5625  0.000e+00
     11.086     8.0799   3.245012    30.9121        137     0.5667  0.000e+00
     11.276     8.1950   3.201028    30.3487        138     0.5708  0.000e+00
     11.460     8.3116   3.263651    30.9040        139     0.5750  0.000e+00
     11.623     8.4240   3.262571    30.7942        140     0.5792  0.000e+00
     11.759     8.5770   3.261053    30.6450        141     0.5833  0.000e+00
     11.866     8.7307   3.263080    30.5332        142     0.5875  0.000e+00
     11.949     8.8651   3.269708    30.4861        143     0.5917  0.000e+00
     12.019     8.9652   3.274311    30.4476        144     0.5958  0.000e+00
     12.090     9.0531   3.279941    30.4304        145     0.6000  0.000e+00
     12.152     9.1238   3.282461    30.3958        146     0.6042  0.000e+00
     12.202     9.1744   3.281942    30.3475        147     0.6083  0.000e+00
     12.247     9.2081   3.276123    30.2593        148     0.6125  0.000e+00
     12.303     9.2246   3.269976    30.1824        149     0.6167  0.000e+00
     12.377     9.2301   3.267397    30.1514        150     0.6208  0.000e+00
     12.475     9.2317   3.268421    30.1604        151     0.6250  0.000e+00
     12.589     9.2230   3.274222    30.2271        152     0.6292  0.000e+00
     12.738     9.2009   3.279458    30.2993        153     0.6333  0.000e+00
     12.893     9.1794   3.284136    30.3653        154     0.6375  0.000e+00
     13.052     9.1630   3.285842    30.3967        155     0.6417  0.000e+00
     13.217     9.1581   3.282986    30.3716        156     0.6458  0.000e+00
     13.380     9.1480   3.273099    30.2788        157     0.6500  0.000e+00
     13.545     9.1318   3.268959    30.2501        158     0.6542  0.000e+00
     13.706     9.1186   3.266548    30.2365        159     0.6583  0.000e+00
     13.860     9.1112   3.263539    30.2118        160     0.6625  0.000e+00
     14.017     9.1080   3.262602    30.2048        161     0.6667  0.000e+00
     14.165     9.0824   3.262399    30.2244        162     0.6708  0.000e+00
     14.308     8.9610   3.262628    30.3300        163     0.6750  0.000e+00
     14.444     8.7801   3.262649    30.4851        164     0.6792  0.000e+00
     14.572     8.5541   3.263255    30.6866        165     0.6833  0.000e+00
     14.701     8.3086   3.262943    30.8978        166     0.6875  0.000e+00
     14.831     8.0948   3.262200    31.0785        167     0.6917  0.000e+00
     14.959     7.8941   3.261703    31.2519        168     0.6958  0.000e+00
     15.086     7.7014   3.260435    31.4115        169     0.7000  0.000e+00
     15.218     7.5355   3.260110    31.5582        170     0.7042  0.000e+00
     15.356     7.3880   3.262294    31.7161        171     0.7083  0.000e+00
     15.506     7.2629   3.262665    31.8349        172     0.7125  0.000e+00
     15.663     7.1614   3.262876    31.9308        173     0.7167  0.000e+00
     15.839     7.0776   3.264856    32.0299        174     0.7208  0.000e+00
     16.022     7.0122   3.262982    32.0703        175     0.7250  0.000e+00
     16.208     6.9541   3.264746    32.1437        176     0.7292  0.000e+00
     16.391     6.9017   3.265055    32.1960        177     0.7333  0.000e+00
     16.570     6.8556   3.263397    32.2209        178     0.7375  0.000e+00
     16.738     6.8115   3.262097    32.2480        179     0.7417  0.000e+00
     16.896     6.7760   3.261616    32.2761        180     0.7458  0.000e+00
     17.026     6.7485   3.263731    32.3252        181     0.7500  0.000e+00
     17.127     6.7300   3.263731    32.3426        182     0.7542  0.000e+00
     17.205     6.7152   3.263417    32.3530        183     0.7583  0.000e+00
     17.265     6.7005   3.264681    32.3808        184     0.7625  0.000e+00
     17.312     6.6862   3.265557    32.4039        185     0.7667  0.000e+00
     17.341     6.6812   3.267161    32.4262        186     0.7708  0.000e+00
     17.377     6.6900   3.269276    32.4412        187     0.7750  0.000e+00
     17.413     6.6954   3.270905    32.4539        188     0.7792  0.000e+00
     17.460     6.6969   3.273546    32.4816        189     0.7833  0.000e+00
     17.514     6.6974   3.272670    32.4714        190     0.7875  0.000e+00
     17.579     6.7226   3.273417    32.4558        191     0.7917  0.000e+00
     17.672     6.8924   3.270669    32.2654        192     0.7958  0.000e+00
     17.784     7.1904   3.272677    32.0092        193     0.8000  0.000e+00
     17.931     7.4703   3.276409    31.7914        194     0.8042  0.000e+00
     18.097     7.6704   3.278994    31.6364        195     0.8083  0.000e+00
     18.280     7.8031   3.279975    31.5265        196     0.8125  0.000e+00
     18.477     7.8618   3.281012    31.4845        197     0.8167  0.000e+00
     18.704     7.8927   3.282044    31.4675        198     0.8208  0.000e+00
     18.930     7.9050   3.281500    31.4506        199     0.8250  0.000e+00
     19.152     7.9205   3.278745    31.4073        200     0.8292  0.000e+00
     19.373     7.9326   3.277677    31.3850        201     0.8333  0.000e+00
     19.567     7.9232   3.272929    31.3430        202     0.8375  0.000e+00
     19.766     7.7619   3.261915    31.3707        203     0.8417  0.000e+00
     19.985     7.5312   3.258497    31.5426        204     0.8458  0.000e+00
     20.186     7.3190   3.255062    31.6991        205     0.8500  0.000e+00
     20.358     7.1334   3.258810    31.9104        206     0.8542  0.000e+00
     20.489     7.0068   3.266677    32.1135        207     0.8583  0.000e+00
     20.591     6.9243   3.270756    32.2350        208     0.8625  0.000e+00
     20.657     6.8647   3.272484    32.3099        209     0.8667  0.000e+00
     20.715     6.8681   3.273589    32.3188        210     0.8708  0.000e+00
     20.777     6.8799   3.273169    32.3030        211     0.8750  0.000e+00
     20.843     6.8760   3.276046    32.3381        212     0.8792  0.000e+00
     20.923     6.8837   3.278967    32.3627        213     0.8833  0.000e+00
     21.026     6.9637   3.280485    32.3041        214     0.8875  0.000e+00
     21.150     7.1697   3.281027    32.1174        215     0.8917  0.000e+00
