HB2502/sbe120.cnv
* Sea-Bird SBE 19plus V2 Data File:
* FileName = C:\cruise\data\sbe120.hex
* Software Version Seasave V 7.26.7.121
* Temperature SN = 6128
* Conductivity SN = 6128
* System UpLoad Time = Apr 20 2025 01:18:48
* NMEA Latitude = 43 04.18 N
* NMEA Longitude = 070 12.54 W
* NMEA UTC (Time) = Apr 20 2025  01:18:09
** Ship: Henry Bigelow
** Cruise:  HB2502
** Program:  Spring Bottom Trawl
# nquan = 7
# nvalues = 1967                                  
# units = specified
# name 0 = depSM: Depth [salt water, m]
# name 1 = tv290C: Temperature [ITS-90, deg C]
# name 2 = c0S/m: Conductivity [S/m]
# name 3 = sal00: Salinity, Practical [PSU]
# name 4 = scan: Scan Count
# name 5 = timeM: Time, Elapsed [minutes]
# name 6 = flag:  0.000e+00
# span 0 =     -0.146,    168.934                 
# span 1 =     4.1799,     7.6027                 
# span 2 =   0.153130,   3.261570                 
# span 3 =     1.2444,    32.9469                 
# span 4 =         11,       1977                 
# span 5 =     0.0417,     8.2333                 
# span 6 = 0.0000e+00, 0.0000e+00                 
# interval = seconds: 0.25
# start_time = Apr 20 2025 01:18:09 [NMEA time, header]
# bad_flag = -9.990e-29
*END*
[from data line 1026]
    165.922     4.8686   3.161304    32.9148       1037     4.3167  0.000e+00
    166.146     4.8690   3.161383    32.9152       1038     4.3208  0.000e+00
    166.369     4.8695   3.161444    32.9153       1039     4.3250  0.000e+00
    166.583     4.8701   3.161505    32.9153       1040     4.3292  0.000e+00
    166.800     4.8706   3.161505    32.9147       1041     4.3333  0.000e+00
    167.022     4.8710   3.161603    32.9153       1042     4.3375  0.000e+00
    167.238     4.8713   3.161645    32.9154       1043     4.3417  0.000e+00
    167.445     4.8717   3.161664    32.9151       1044     4.3458  0.000e+00
    167.643     4.8721   3.161725    32.9153       1045     4.3500  0.000e+00
    167.832     4.8725   3.161786    32.9155       1046     4.3542  0.000e+00
    168.017     4.8728   3.161865    32.9160       1047     4.3583  0.000e+00
    168.194     4.8734   3.161968    32.9165       1048     4.3625  0.000e+00
    168.366     4.8740   3.162005    32.9163       1049     4.3667  0.000e+00
    168.527     4.8745   3.162066    32.9164       1050     4.3708  0.000e+00
    168.677     4.8750   3.162163    32.9169       1051     4.3750  0.000e+00
    168.657     4.8756   3.162249    32.9174       1052     4.3792  0.000e+00
    168.619     4.8763   3.162224    32.9165       1053     4.3833  0.000e+00
    168.563     4.8767   3.162249    32.9163       1054     4.3875  0.000e+00
    168.520     4.8772   3.162224    32.9156       1055     4.3917  0.000e+00
    168.536     4.8775   3.162206    32.9150       1056     4.3958  0.000e+00
    168.537     4.8777   3.162249    32.9154       1057     4.4000  0.000e+00
    168.501     4.8776   3.162206    32.9150       1058     4.4042  0.000e+00
    168.492     4.8778   3.162224    32.9150       1059     4.4083  0.000e+00
    168.506     4.8778   3.162285    32.9157       1060     4.4125  0.000e+00
    168.512     4.8779   3.162303    32.9158       1061     4.4167  0.000e+00
    168.523     4.8781   3.162328    32.9159       1062     4.4208  0.000e+00
    168.519     4.8783   3.162340    32.9158       1063     4.4250  0.000e+00
    168.524     4.8785   3.162328    32.9155       1064     4.4292  0.000e+00
    168.546     4.8786   3.162303    32.9151       1065     4.4333  0.000e+00
    168.567     4.8787   3.162346    32.9155       1066     4.4375  0.000e+00
    168.573     4.8789   3.162346    32.9153       1067     4.4417  0.000e+00
    168.580     4.8789   3.162328    32.9151       1068     4.4458  0.000e+00
    168.598     4.8789   3.162303    32.9148       1069     4.4500  0.000e+00
    168.611     4.8789   3.162328    32.9150       1070     4.4542  0.000e+00
    168.626     4.8788   3.162364    32.9156       1071     4.4583  0.000e+00
    168.642     4.8789   3.162328    32.9151       1072     4.4625  0.000e+00
    168.658     4.8789   3.162328    32.9150       1073     4.4667  0.000e+00
    168.682     4.8788   3.162346    32.9153       1074     4.4708  0.000e+00
    168.690     4.8789   3.162328    32.9150       1075     4.4750  0.000e+00
    168.705     4.8788   3.162328    32.9151       1076     4.4792  0.000e+00
    168.711     4.8789   3.162328    32.9150       1077     4.4833  0.000e+00
    168.711     4.8788   3.162249    32.9142       1078     4.4875  0.000e+00
    168.704     4.8788   3.162249    32.9142       1079     4.4917  0.000e+00
    168.680     4.8785   3.162206    32.9140       1080     4.4958  0.000e+00
    168.651     4.8782   3.162206    32.9143       1081     4.5000  0.000e+00
    168.613     4.8781   3.162188    32.9142       1082     4.5042  0.000e+00
    168.562     4.8777   3.162224    32.9151       1083     4.5083  0.000e+00
    168.510     4.8776   3.162249    32.9155       1084     4.5125  0.000e+00
    168.450     4.8779   3.162255    32.9153       1085     4.5167  0.000e+00
    168.385     4.8778   3.162224    32.9151       1086     4.5208  0.000e+00
    168.325     4.8777   3.162163    32.9145       1087     4.5250  0.000e+00
    168.270     4.8778   3.162188    32.9147       1088     4.5292  0.000e+00
    168.225     4.8776   3.162163    32.9146       1089     4.5333  0.000e+00
    168.191     4.8775   3.162145    32.9145       1090     4.5375  0.000e+00
    168.180     4.8774   3.162145    32.9146       1091     4.5417  0.000e+00
    168.185     4.8773   3.162163    32.9150       1092     4.5458  0.000e+00
    168.219     4.8773   3.162249    32.9159       1093     4.5500  0.000e+00
    168.270     4.8773   3.162303    32.9165       1094     4.5542  0.000e+00
    168.331     4.8776   3.162285    32.9160       1095     4.5583  0.000e+00
    168.414     4.8781   3.162303    32.9157       1096     4.5625  0.000e+00
    168.506     4.8784   3.162328    32.9156       1097     4.5667  0.000e+00
    168.597     4.8786   3.162303    32.9151       1098     4.5708  0.000e+00
    168.691     4.8788   3.162303    32.9148       1099     4.5750  0.000e+00
    168.776     4.8788   3.162304    32.9148       1100     4.5792  0.000e+00
    168.851     4.8788   3.162304    32.9147       1101     4.5833  0.000e+00
    168.902     4.8788   3.162328    32.9150       1102     4.5875  0.000e+00
    168.934     4.8787   3.162285    32.9146       1103     4.5917  0.000e+00
    168.934     4.8787   3.162304    32.9148       1104     4.5958  0.000e+00
    168.909     4.8787   3.162304    32.9148       1105     4.6000  0.000e+00
    168.865     4.8786   3.162237    32.9142       1106     4.6042  0.000e+00
    168.789     4.8785   3.162188    32.9138       1107     4.6083  0.000e+00
    168.702     4.8781   3.162206    32.9144       1108     4.6125  0.000e+00
    168.593     4.8780   3.162188    32.9144       1109     4.6167  0.000e+00
    168.481     4.8776   3.162206    32.9150       1110     4.6208  0.000e+00
    168.360     4.8777   3.162163    32.9145       1111     4.6250  0.000e+00
    168.239     4.8776   3.162163    32.9146       1112     4.6292  0.000e+00
    168.128     4.8775   3.162188    32.9151       1113     4.6333  0.000e+00
    168.037     4.8774   3.162163    32.9149       1114     4.6375  0.000e+00
    167.963     4.8772   3.162163    32.9151       1115     4.6417  0.000e+00
    167.914     4.8773   3.162163    32.9151       1116     4.6458  0.000e+00
    167.892     4.8773   3.162145    32.9149       1117     4.6500  0.000e+00
    167.898     4.8773   3.162206    32.9156       1118     4.6542  0.000e+00
    167.930     4.8774   3.162267    32.9162       1119     4.6583  0.000e+00
    167.988     4.8777   3.162303    32.9163       1120     4.6625  0.000e+00
    168.067     4.8782   3.162328    32.9160       1121     4.6667  0.000e+00
    168.166     4.8785   3.162364    32.9161       1122     4.6708  0.000e+00
    168.271     4.8787   3.162346    32.9157       1123     4.6750  0.000e+00
    168.380     4.8792   3.162346    32.9151       1124     4.6792  0.000e+00
    168.492     4.8790   3.162364    32.9154       1125     4.6833  0.000e+00
    168.595     4.8792   3.162407    32.9157       1126     4.6875  0.000e+00
    168.680     4.8793   3.162407    32.9156       1127     4.6917  0.000e+00
    168.750     4.8795   3.162383    32.9150       1128     4.6958  0.000e+00
    168.794     4.8795   3.162346    32.9146       1129     4.7000  0.000e+00
    168.810     4.8794   3.162304    32.9142       1130     4.7042  0.000e+00
    168.800     4.8794   3.162249    32.9136       1131     4.7083  0.000e+00
    168.766     4.8790   3.162224    32.9137       1132     4.7125  0.000e+00
    168.705     4.8785   3.162206    32.9140       1133     4.7167  0.000e+00
    168.613     4.8781   3.162188    32.9142       1134     4.7208  0.000e+00
    168.445     4.8779   3.162188    32.9145       1135     4.7250  0.000e+00
    168.249     4.8778   3.162163    32.9145       1136     4.7292  0.000e+00
    168.012     4.8777   3.162145    32.9145       1137     4.7333  0.000e+00
    167.766     4.8774   3.162163    32.9151       1138     4.7375  0.000e+00
    167.499     4.8773   3.162127    32.9149       1139     4.7417  0.000e+00
    167.195     4.8773   3.162126    32.9150       1140     4.7458  0.000e+00
    166.893     4.8775   3.162126    32.9150       1141     4.7500  0.000e+00
    166.627     4.8775   3.162108    32.9149       1142     4.7542  0.000e+00
    166.429     4.8774   3.162084    32.9148       1143     4.7583  0.000e+00
    166.254     4.8774   3.162084    32.9149       1144     4.7625  0.000e+00
    166.085     4.8774   3.162047    32.9146       1145     4.7667  0.000e+00
    165.917     4.8773   3.162083    32.9152       1146     4.7708  0.000e+00
    165.792     4.8773   3.161943    32.9136       1147     4.7750  0.000e+00
    165.678     4.8771   3.161803    32.9123       1148     4.7792  0.000e+00
    165.557     4.8765   3.161681    32.9115       1149     4.7833  0.000e+00
    165.410     4.8758   3.161645    32.9119       1150     4.7875  0.000e+00
    165.251     4.8751   3.161645    32.9127       1151     4.7917  0.000e+00
    165.087     4.8744   3.161626    32.9132       1152     4.7958  0.000e+00
    164.896     4.8741   3.161565    32.9129       1153     4.8000  0.000e+00
    164.680     4.8735   3.161505    32.9129       1154     4.8042  0.000e+00
    164.412     4.8732   3.161523    32.9136       1155     4.8083  0.000e+00
    164.143     4.8728   3.161425    32.9129       1156     4.8125  0.000e+00
    163.855     4.8725   3.161303    32.9120       1157     4.8167  0.000e+00
    163.562     4.8721   3.161163    32.9109       1158     4.8208  0.000e+00
    163.243     4.8714   3.161023    32.9102       1159     4.8250  0.000e+00
    162.915     4.8704   3.160822    32.9090       1160     4.8292  0.000e+00
    162.609     4.8694   3.160743    32.9092       1161     4.8333  0.000e+00
    162.320     4.8683   3.160584    32.9086       1162     4.8375  0.000e+00
    162.037     4.8671   3.160462    32.9085       1163     4.8417  0.000e+00
    161.779     4.8658   3.160420    32.9095       1164     4.8458  0.000e+00
    161.538     4.8647   3.160341    32.9098       1165     4.8500  0.000e+00
    161.330     4.8639   3.160304    32.9102       1166     4.8542  0.000e+00
    161.155     4.8632   3.160304    32.9110       1167     4.8583  0.000e+00
    160.984     4.8628   3.160243    32.9108       1168     4.8625  0.000e+00
    160.827     4.8623   3.160200    32.9109       1169     4.8667  0.000e+00
    160.684     4.8620   3.160164    32.9108       1170     4.8708  0.000e+00
    160.553     4.8618   3.160060    32.9099       1171     4.8750  0.000e+00
    160.425     4.8613   3.159999    32.9097       1172     4.8792  0.000e+00
    160.289     4.8609   3.159999    32.9103       1173     4.8833  0.000e+00
    160.133     4.8603   3.159902    32.9098       1174     4.8875  0.000e+00
    159.968     4.8599   3.159841    32.9095       1175     4.8917  0.000e+00
    159.789     4.8593   3.159701    32.9086       1176     4.8958  0.000e+00
    159.588     4.8587   3.159622    32.9084       1177     4.9000  0.000e+00
    159.347     4.8579   3.159622    32.9094       1178     4.9042  0.000e+00
    159.106     4.8573   3.159542    32.9092       1179     4.9083  0.000e+00
    158.846     4.8566   3.159524    32.9097       1180     4.9125  0.000e+00
    158.563     4.8562   3.159183    32.9063       1181     4.9167  0.000e+00
    158.266     4.8553   3.158745    32.9023       1182     4.9208  0.000e+00
    157.981     4.8537   3.158142    32.8971       1183     4.9250  0.000e+00
    157.699     4.8509   3.157661    32.8945       1184     4.9292  0.000e+00
    157.436     4.8472   3.157521    32.8967       1185     4.9333  0.000e+00
    157.179     4.8437   3.157344    32.8982       1186     4.9375  0.000e+00
    156.924     4.8410   3.157283    32.9003       1187     4.9417  0.000e+00
    156.698     4.8388   3.157356    32.9035       1188     4.9458  0.000e+00
    156.487     4.8374   3.157442    32.9059       1189     4.9500  0.000e+00
    156.293     4.8368   3.157563    32.9080       1190     4.9542  0.000e+00
    156.111     4.8370   3.157600    32.9084       1191     4.9583  0.000e+00
    155.926     4.8374   3.157703    32.9092       1192     4.9625  0.000e+00
    155.761     4.8380   3.157703    32.9087       1193     4.9667  0.000e+00
    155.600     4.8386   3.157660    32.9077       1194     4.9708  0.000e+00
    155.438     4.8391   3.157825    32.9092       1195     4.9750  0.000e+00
    155.276     4.8395   3.158044    32.9114       1196     4.9792  0.000e+00
    155.105     4.8405   3.158159    32.9118       1197     4.9833  0.000e+00
    154.933     4.8420   3.158299    32.9120       1198     4.9875  0.000e+00
    154.748     4.8435   3.158324    32.9110       1199     4.9917  0.000e+00
    154.551     4.8448   3.158323    32.9097       1200     4.9958  0.000e+00
    154.335     4.8456   3.158403    32.9100       1201     5.0000  0.000e+00
    154.118     4.8467   3.158500    32.9101       1202     5.0042  0.000e+00
    153.877     4.8474   3.158561    32.9103       1203     5.0083  0.000e+00
    153.634     4.8483   3.158883    32.9132       1204     5.0125  0.000e+00
    153.383     4.8497   3.159303    32.9168       1205     5.0167  0.000e+00
    153.108     4.8517   3.159547    32.9178       1206     5.0208  0.000e+00
    152.840     4.8546   3.159559    32.9152       1207     5.0250  0.000e+00
    152.568     4.8569   3.159419    32.9114       1208     5.0292  0.000e+00
    152.309     4.8584   3.159418    32.9101       1209     5.0333  0.000e+00
    152.058     4.8593   3.159558    32.9110       1210     5.0375  0.000e+00
    151.804     4.8599   3.159583    32.9107       1211     5.0417  0.000e+00
    151.566     4.8607   3.159522    32.9094       1212     5.0458  0.000e+00
    151.338     4.8611   3.159302    32.9065       1213     5.0500  0.000e+00
    151.128     4.8611   3.159278    32.9064       1214     5.0542  0.000e+00
    150.932     4.8605   3.159479    32.9094       1215     5.0583  0.000e+00
    150.748     4.8604   3.159540    32.9103       1216     5.0625  0.000e+00
    150.576     4.8611   3.159582    32.9102       1217     5.0667  0.000e+00
    150.409     4.8614   3.159582    32.9100       1218     5.0708  0.000e+00
    150.245     4.8619   3.159558    32.9093       1219     5.0750  0.000e+00
    150.085     4.8622   3.159582    32.9093       1220     5.0792  0.000e+00
    149.913     4.8626   3.159558    32.9088       1221     5.0833  0.000e+00
    149.736     4.8626   3.159539    32.9087       1222     5.0875  0.000e+00
    149.544     4.8625   3.159497    32.9083       1223     5.0917  0.000e+00
    149.330     4.8626   3.159521    32.9086       1224     5.0958  0.000e+00
    149.100     4.8624   3.159527    32.9090       1225     5.1000  0.000e+00
    148.857     4.8626   3.159557    32.9093       1226     5.1042  0.000e+00
    148.608     4.8628   3.159557    32.9092       1227     5.1083  0.000e+00
    148.345     4.8630   3.159521    32.9087       1228     5.1125  0.000e+00
    148.073     4.8630   3.159478    32.9083       1229     5.1167  0.000e+00
    147.804     4.8630   3.159460    32.9082       1230     5.1208  0.000e+00
    147.543     4.8630   3.159478    32.9086       1231     5.1250  0.000e+00
    147.293     4.8630   3.159441    32.9083       1232     5.1292  0.000e+00
    147.059     4.8630   3.159478    32.9089       1233     5.1333  0.000e+00
    146.846     4.8630   3.159459    32.9087       1234     5.1375  0.000e+00
    146.637     4.8630   3.159478    32.9090       1235     5.1417  0.000e+00
    146.469     4.8631   3.159459    32.9089       1236     5.1458  0.000e+00
    146.308     4.8632   3.159441    32.9087       1237     5.1500  0.000e+00
    146.155     4.8632   3.159417    32.9085       1238     5.1542  0.000e+00
    146.012     4.8633   3.159416    32.9084       1239     5.1583  0.000e+00
    145.871     4.8633   3.159416    32.9085       1240     5.1625  0.000e+00
