HB2502/sbe135.cnv
* Sea-Bird SBE 19plus V2 Data File:
* FileName = C:\cruise\data\sbe135.hex
* Software Version Seasave V 7.26.7.121
* Temperature SN = 6128
* Conductivity SN = 6128
* System UpLoad Time = May 05 2025 20:45:21
* NMEA Latitude = 41 47.34 N
* NMEA Longitude = 066 33.42 W
* NMEA UTC (Time) = May 05 2025  20:43:59
** Ship: Henry Bigelow
** Cruise:  HB2502
** Program:  Spring Bottom Trawl
# nquan = 7
# nvalues = 1906                                  
# units = specified
# name 0 = depSM: Depth [salt water, m]
# name 1 = tv290C: Temperature [ITS-90, deg C]
# name 2 = c0S/m: Conductivity [S/m]
# name 3 = sal00: Salinity, Practical [PSU]
# name 4 = scan: Scan Count
# name 5 = timeM: Time, Elapsed [minutes]
# name 6 = flag:  0.000e+00
# span 0 =      0.036,     70.972                 
# span 1 =     6.9169,     9.8339                 
# span 2 =   0.006480,   3.500576                 
# span 3 =     0.0439,    33.8044                 
# span 4 =         11,       1916                 
# span 5 =     0.0417,     7.9792                 
# span 6 = 0.0000e+00, 0.0000e+00                 
# interval = seconds: 0.25
# start_time = May 05 2025 20:43:59 [NMEA time, header]
# bad_flag = -9.990e-29
*END*
[from data line 206]
      8.745     7.9822   3.472628    33.4202        217     0.9000  0.000e+00
      8.879     8.0977   3.471995    33.3033        218     0.9042  0.000e+00
      9.022     8.2080   3.472347    33.2023        219     0.9083  0.000e+00
      9.165     8.2999   3.472902    33.1214        220     0.9125  0.000e+00
      9.306     8.3795   3.473451    33.0523        221     0.9167  0.000e+00
      9.451     8.4427   3.474089    32.9996        222     0.9208  0.000e+00
      9.583     8.4899   3.474638    32.9612        223     0.9250  0.000e+00
      9.715     8.5236   3.474890    32.9323        224     0.9292  0.000e+00
      9.844     8.5500   3.474113    32.8994        225     0.9333  0.000e+00
      9.961     8.5740   3.473955    32.8754        226     0.9375  0.000e+00
     10.061     8.5981   3.474656    32.8602        227     0.9417  0.000e+00
     10.149     8.6170   3.472261    32.8174        228     0.9458  0.000e+00
     10.234     8.6265   3.471257    32.7981        229     0.9500  0.000e+00
     10.319     8.6295   3.472217    32.8053        230     0.9542  0.000e+00
     10.399     8.6110   3.474213    32.8435        231     0.9583  0.000e+00
     10.488     8.5854   3.474176    32.8668        232     0.9625  0.000e+00
     10.585     8.5736   3.471946    32.8543        233     0.9667  0.000e+00
     10.688     8.5818   3.470146    32.8277        234     0.9708  0.000e+00
     10.799     8.6091   3.469994    32.8007        235     0.9750  0.000e+00
     10.918     8.6311   3.470032    32.7806        236     0.9792  0.000e+00
     11.045     8.6424   3.470164    32.7714        237     0.9833  0.000e+00
     11.182     8.6505   3.470272    32.7650        238     0.9875  0.000e+00
     11.323     8.6571   3.470253    32.7587        239     0.9917  0.000e+00
     11.474     8.6634   3.470505    32.7554        240     0.9958  0.000e+00
     11.622     8.6693   3.470695    32.7518        241     1.0000  0.000e+00
     11.775     8.6749   3.470739    32.7470        242     1.0042  0.000e+00
     11.940     8.6800   3.470985    32.7448        243     1.0083  0.000e+00
     12.105     8.6844   3.471307    32.7441        244     1.0125  0.000e+00
     12.264     8.6879   3.471244    32.7401        245     1.0167  0.000e+00
     12.418     8.6906   3.471257    32.7377        246     1.0208  0.000e+00
     12.575     8.6928   3.471200    32.7350        247     1.0250  0.000e+00
     12.725     8.6944   3.471478    32.7363        248     1.0292  0.000e+00
     12.874     8.6955   3.471756    32.7381        249     1.0333  0.000e+00
     13.022     8.6962   3.471611    32.7359        250     1.0375  0.000e+00
     13.162     8.6965   3.471244    32.7317        251     1.0417  0.000e+00
     13.296     8.6967   3.471036    32.7293        252     1.0458  0.000e+00
     13.430     8.6966   3.471099    32.7300        253     1.0500  0.000e+00
     13.553     8.6966   3.471396    32.7330        254     1.0542  0.000e+00
     13.679     8.6967   3.472198    32.7413        255     1.0583  0.000e+00
     13.795     8.6967   3.472963    32.7492        256     1.0625  0.000e+00
     13.908     8.6969   3.472773    32.7470        257     1.0667  0.000e+00
     14.020     8.6965   3.471687    32.7360        258     1.0708  0.000e+00
     14.125     8.6959   3.470480    32.7238        259     1.0750  0.000e+00
     14.224     8.6934   3.469426    32.7150        260     1.0792  0.000e+00
     14.327     8.6637   3.468940    32.7374        261     1.0833  0.000e+00
     14.430     8.5838   3.469212    32.8143        262     1.0875  0.000e+00
     14.539     8.5036   3.470274    32.9001        263     1.0917  0.000e+00
     14.651     8.4548   3.470010    32.9429        264     1.0958  0.000e+00
     14.765     8.4252   3.468621    32.9559        265     1.1000  0.000e+00
     14.889     8.4265   3.467566    32.9434        266     1.1042  0.000e+00
     15.009     8.4638   3.467074    32.9033        267     1.1083  0.000e+00
     15.138     8.5133   3.467054    32.8569        268     1.1125  0.000e+00
     15.279     8.5547   3.467332    32.8212        269     1.1167  0.000e+00
     15.420     8.5829   3.467862    32.8005        270     1.1208  0.000e+00
     15.566     8.5973   3.468158    32.7902        271     1.1250  0.000e+00
     15.713     8.6025   3.468158    32.7853        272     1.1292  0.000e+00
     15.868     8.6056   3.467925    32.7798        273     1.1333  0.000e+00
     16.022     8.6081   3.467514    32.7732        274     1.1375  0.000e+00
     16.174     8.6106   3.467016    32.7656        275     1.1417  0.000e+00
     16.326     8.6125   3.466593    32.7593        276     1.1458  0.000e+00
     16.471     8.6128   3.466157    32.7544        277     1.1500  0.000e+00
     16.615     8.5954   3.465955    32.7683        278     1.1542  0.000e+00
     16.757     8.5492   3.466126    32.8129        279     1.1583  0.000e+00
     16.898     8.5097   3.466594    32.8546        280     1.1625  0.000e+00
     17.032     8.4863   3.466916    32.8797        281     1.1667  0.000e+00
     17.164     8.4746   3.466910    32.8906        282     1.1708  0.000e+00
     17.285     8.4655   3.466531    32.8950        283     1.1750  0.000e+00
     17.404     8.4495   3.465957    32.9038        284     1.1792  0.000e+00
     17.518     8.4163   3.465472    32.9297        285     1.1833  0.000e+00
     17.630     8.3570   3.465283    32.9831        286     1.1875  0.000e+00
     17.739     8.2779   3.465606    33.0608        287     1.1917  0.000e+00
     17.855     8.2116   3.466131    33.1288        288     1.1958  0.000e+00
     17.966     8.1770   3.466112    33.1612        289     1.2000  0.000e+00
     18.090     8.1601   3.465689    33.1727        290     1.2042  0.000e+00
     18.206     8.1768   3.465273    33.1524        291     1.2083  0.000e+00
     18.335     8.2301   3.464881    33.0978        292     1.2125  0.000e+00
     18.463     8.2987   3.464880    33.0332        293     1.2167  0.000e+00
     18.599     8.3720   3.464961    32.9653        294     1.2208  0.000e+00
     18.738     8.4382   3.464986    32.9035        295     1.2250  0.000e+00
     18.887     8.4916   3.464689    32.8504        296     1.2292  0.000e+00
     19.041     8.5328   3.464177    32.8067        297     1.2333  0.000e+00
     19.198     8.5640   3.463741    32.7730        298     1.2375  0.000e+00
     19.361     8.5867   3.463463    32.7489        299     1.2417  0.000e+00
     19.515     8.6028   3.463526    32.7347        300     1.2458  0.000e+00
     19.671     8.6141   3.463709    32.7260        301     1.2500  0.000e+00
     19.822     8.6219   3.463678    32.7184        302     1.2542  0.000e+00
     19.969     8.6273   3.463381    32.7102        303     1.2583  0.000e+00
     20.110     8.6298   3.463003    32.7038        304     1.2625  0.000e+00
     20.247     8.6301   3.462662    32.7000        305     1.2667  0.000e+00
     20.384     8.6268   3.462555    32.7018        306     1.2708  0.000e+00
     20.520     8.6114   3.462511    32.7155        307     1.2750  0.000e+00
     20.649     8.5904   3.462454    32.7343        308     1.2792  0.000e+00
     20.788     8.5750   3.462177    32.7457        309     1.2833  0.000e+00
     20.927     8.5668   3.461672    32.7479        310     1.2875  0.000e+00
     21.070     8.5652   3.460890    32.7411        311     1.2917  0.000e+00
     21.217     8.5686   3.460297    32.7317        312     1.2958  0.000e+00
     21.367     8.5746   3.459937    32.7222        313     1.3000  0.000e+00
     21.508     8.5819   3.459755    32.7135        314     1.3042  0.000e+00
     21.660     8.5837   3.363148    31.6997        315     1.3083  0.000e+00
     21.808     8.4019   3.325438    31.4675        316     1.3125  0.000e+00
     21.960     7.9990   3.323623    31.8113        317     1.3167  0.000e+00
     22.107     7.6438   3.322938    32.1294        318     1.3208  0.000e+00
     22.253     7.3946   3.322121    32.3520        319     1.3250  0.000e+00
     22.391     7.2334   3.321533    32.4967        320     1.3292  0.000e+00
     22.528     7.1325   3.320994    32.5858        321     1.3333  0.000e+00
     22.661     7.0696   3.320287    32.6376        322     1.3375  0.000e+00
     22.784     7.0299   3.319946    32.6714        323     1.3417  0.000e+00
     22.907     7.0044   3.319568    32.6915        324     1.3458  0.000e+00
     23.023     6.9874   3.319227    32.7039        325     1.3500  0.000e+00
     23.140     6.9760   3.319022    32.7124        326     1.3542  0.000e+00
     23.260     6.9682   3.318824    32.7176        327     1.3583  0.000e+00
     23.380     6.9626   3.318892    32.7236        328     1.3625  0.000e+00
     23.505     6.9589   3.318824    32.7263        329     1.3667  0.000e+00
     23.645     6.9568   3.318595    32.7257        330     1.3708  0.000e+00
     23.779     6.9552   3.318235    32.7233        331     1.3750  0.000e+00
     23.924     6.9530   3.317980    32.7225        332     1.3792  0.000e+00
     24.071     6.9505   3.318024    32.7253        333     1.3833  0.000e+00
     24.228     6.9485   3.318024    32.7271        334     1.3875  0.000e+00
     24.389     6.9472   3.317881    32.7267        335     1.3917  0.000e+00
     24.554     6.9464   3.317813    32.7266        336     1.3958  0.000e+00
     24.719     6.9458   3.317894    32.7280        337     1.4000  0.000e+00
     24.885     6.9457   3.317900    32.7281        338     1.4042  0.000e+00
     25.048     6.9457   3.317789    32.7268        339     1.4083  0.000e+00
     25.207     6.9456   3.317621    32.7250        340     1.4125  0.000e+00
     25.364     6.9451   3.317540    32.7245        341     1.4167  0.000e+00
     25.518     6.9443   3.317385    32.7235        342     1.4208  0.000e+00
     25.665     6.9435   3.317385    32.7242        343     1.4250  0.000e+00
     25.808     6.9426   3.317460    32.7257        344     1.4292  0.000e+00
     25.953     6.9424   3.317534    32.7268        345     1.4333  0.000e+00
     26.092     6.9424   3.317410    32.7253        346     1.4375  0.000e+00
     26.228     6.9422   3.317516    32.7265        347     1.4417  0.000e+00
     26.365     6.9423   3.317473    32.7259        348     1.4458  0.000e+00
     26.503     6.9422   3.317386    32.7250        349     1.4500  0.000e+00
     26.635     6.9422   3.317479    32.7260        350     1.4542  0.000e+00
     26.774     6.9421   3.317535    32.7266        351     1.4583  0.000e+00
     26.903     6.9426   3.317491    32.7256        352     1.4625  0.000e+00
     27.035     6.9430   3.317541    32.7257        353     1.4667  0.000e+00
     27.167     6.9432   3.317640    32.7266        354     1.4708  0.000e+00
     27.297     6.9437   3.317535    32.7248        355     1.4750  0.000e+00
     27.429     6.9439   3.317901    32.7286        356     1.4792  0.000e+00
     27.563     6.9449   3.318280    32.7318        357     1.4833  0.000e+00
     27.699     6.9467   3.318615    32.7336        358     1.4875  0.000e+00
     27.829     6.9495   3.318627    32.7311        359     1.4917  0.000e+00
     27.969     6.9520   3.318615    32.7284        360     1.4958  0.000e+00
     28.108     6.9538   3.318640    32.7269        361     1.5000  0.000e+00
     28.252     6.9550   3.318683    32.7262        362     1.5042  0.000e+00
     28.397     6.9558   3.318702    32.7256        363     1.5083  0.000e+00
     28.538     6.9563   3.318677    32.7247        364     1.5125  0.000e+00
     28.692     6.9568   3.318807    32.7256        365     1.5167  0.000e+00
     28.842     6.9572   3.318807    32.7252        366     1.5208  0.000e+00
     28.990     6.9575   3.318708    32.7238        367     1.5250  0.000e+00
     29.139     6.9580   3.318423    32.7201        368     1.5292  0.000e+00
     29.285     6.9572   3.318361    32.7200        369     1.5333  0.000e+00
     29.423     6.9562   3.318261    32.7199        370     1.5375  0.000e+00
     29.564     6.9550   3.318175    32.7200        371     1.5417  0.000e+00
     29.707     6.9538   3.318026    32.7195        372     1.5458  0.000e+00
     29.841     6.9524   3.317902    32.7194        373     1.5500  0.000e+00
     29.982     6.9511   3.317747    32.7189        374     1.5542  0.000e+00
     30.123     6.9494   3.317412    32.7167        375     1.5583  0.000e+00
     30.270     6.9473   3.317337    32.7178        376     1.5625  0.000e+00
     30.423     6.9453   3.317306    32.7193        377     1.5667  0.000e+00
     30.575     6.9437   3.317244    32.7201        378     1.5708  0.000e+00
     30.736     6.9425   3.317058    32.7191        379     1.5750  0.000e+00
     30.901     6.9415   3.317033    32.7198        380     1.5792  0.000e+00
     31.056     6.9404   3.316947    32.7198        381     1.5833  0.000e+00
     31.219     6.9392   3.316941    32.7208        382     1.5875  0.000e+00
     31.375     6.9384   3.316860    32.7205        383     1.5917  0.000e+00
     31.537     6.9377   3.316903    32.7216        384     1.5958  0.000e+00
     31.685     6.9370   3.316897    32.7222        385     1.6000  0.000e+00
     31.823     6.9366   3.317071    32.7244        386     1.6042  0.000e+00
     31.961     6.9370   3.317201    32.7253        387     1.6083  0.000e+00
     32.080     6.9377   3.317201    32.7246        388     1.6125  0.000e+00
     32.196     6.9382   3.317245    32.7245        389     1.6167  0.000e+00
     32.315     6.9388   3.317388    32.7255        390     1.6208  0.000e+00
     32.439     6.9395   3.317543    32.7264        391     1.6250  0.000e+00
     32.552     6.9405   3.317667    32.7268        392     1.6292  0.000e+00
     32.676     6.9419   3.317748    32.7263        393     1.6333  0.000e+00
     32.806     6.9431   3.317599    32.7235        394     1.6375  0.000e+00
     32.931     6.9438   3.317388    32.7204        395     1.6417  0.000e+00
     33.071     6.9432   3.317158    32.7185        396     1.6458  0.000e+00
     33.210     6.9421   3.316817    32.7156        397     1.6500  0.000e+00
     33.348     6.9400   3.316588    32.7151        398     1.6542  0.000e+00
     33.491     6.9376   3.316420    32.7155        399     1.6583  0.000e+00
     33.636     6.9350   3.316439    32.7180        400     1.6625  0.000e+00
     33.788     6.9330   3.316420    32.7197        401     1.6667  0.000e+00
     33.934     6.9316   3.316420    32.7210        402     1.6708  0.000e+00
     34.079     6.9309   3.316538    32.7228        403     1.6750  0.000e+00
     34.220     6.9308   3.316607    32.7236        404     1.6792  0.000e+00
     34.364     6.9308   3.316675    32.7243        405     1.6833  0.000e+00
     34.507     6.9315   3.316656    32.7234        406     1.6875  0.000e+00
     34.653     6.9319   3.316737    32.7238        407     1.6917  0.000e+00
     34.798     6.9324   3.316843    32.7244        408     1.6958  0.000e+00
     34.946     6.9329   3.316836    32.7238        409     1.7000  0.000e+00
     35.093     6.9334   3.316737    32.7221        410     1.7042  0.000e+00
     35.243     6.9335   3.316818    32.7229        411     1.7083  0.000e+00
     35.386     6.9335   3.316781    32.7224        412     1.7125  0.000e+00
     35.532     6.9337   3.316781    32.7222        413     1.7167  0.000e+00
     35.677     6.9336   3.316712    32.7215        414     1.7208  0.000e+00
     35.824     6.9333   3.316619    32.7206        415     1.7250  0.000e+00
     35.974     6.9329   3.316737    32.7222        416     1.7292  0.000e+00
     36.124     6.9327   3.316905    32.7242        417     1.7333  0.000e+00
     36.274     6.9331   3.316998    32.7247        418     1.7375  0.000e+00
     36.421     6.9338   3.316992    32.7239        419     1.7417  0.000e+00
     36.572     6.9346   3.316992    32.7231        420     1.7458  0.000e+00
