HB2502/sbe128.cnv
* Sea-Bird SBE 19plus V2 Data File:
* FileName = C:\cruise\data\sbe128.hex
* Software Version Seasave V 7.26.7.121
* Temperature SN = 6128
* Conductivity SN = 6128
* System UpLoad Time = May 03 2025 21:42:25
* NMEA Latitude = 41 08.50 N
* NMEA Longitude = 066 55.33 W
* NMEA UTC (Time) = May 03 2025  21:41:00
** Ship: Henry Bigelow
** Cruise:  HB2502
** Program:  Spring Bottom Trawl
# nquan = 7
# nvalues = 2090                                  
# units = specified
# name 0 = depSM: Depth [salt water, m]
# name 1 = tv290C: Temperature [ITS-90, deg C]
# name 2 = c0S/m: Conductivity [S/m]
# name 3 = sal00: Salinity, Practical [PSU]
# name 4 = scan: Scan Count
# name 5 = timeM: Time, Elapsed [minutes]
# name 6 = flag:  0.000e+00
# span 0 =     -0.151,     65.645                 
# span 1 =     6.1155,    15.0528                 
# span 2 =   0.007766,   3.959682                 
# span 3 =     0.0478,    34.3608                 
# span 4 =         11,       2100                 
# span 5 =     0.0417,     8.7458                 
# span 6 = 0.0000e+00, 0.0000e+00                 
# interval = seconds: 0.25
# start_time = May 03 2025 21:41:00 [NMEA time, header]
# bad_flag = -9.990e-29
*END*
[from data line 1847]
     13.327     6.7345   3.270410    32.4134       1858     7.7375  0.000e+00
     13.294     6.7371   3.270089    32.4075       1859     7.7417  0.000e+00
     13.278     6.7378   3.269898    32.4047       1860     7.7458  0.000e+00
     13.265     6.7368   3.269466    32.4010       1861     7.7500  0.000e+00
     13.256     6.7351   3.269182    32.3994       1862     7.7542  0.000e+00
     13.243     6.7324   3.269089    32.4010       1863     7.7583  0.000e+00
     13.223     6.7298   3.268941    32.4019       1864     7.7625  0.000e+00
     13.197     6.7272   3.268775    32.4024       1865     7.7667  0.000e+00
     13.163     6.7251   3.268738    32.4041       1866     7.7708  0.000e+00
     13.114     6.7231   3.268726    32.4058       1867     7.7750  0.000e+00
     13.065     6.7217   3.269361    32.4142       1868     7.7792  0.000e+00
     13.001     6.7218   3.269669    32.4175       1869     7.7833  0.000e+00
     12.930     6.7241   3.269361    32.4119       1870     7.7875  0.000e+00
     12.849     6.7260   3.269120    32.4076       1871     7.7917  0.000e+00
     12.745     6.7260   3.269799    32.4151       1872     7.7958  0.000e+00
     12.635     6.7269   3.270336    32.4202       1873     7.8000  0.000e+00
     12.508     6.7301   3.269651    32.4097       1874     7.8042  0.000e+00
     12.377     6.7317   3.270545    32.4181       1875     7.8083  0.000e+00
     12.247     6.7341   3.270366    32.4139       1876     7.8125  0.000e+00
     12.118     6.7368   3.270132    32.4088       1877     7.8167  0.000e+00
     11.995     6.7380   3.270958    32.4169       1878     7.8208  0.000e+00
     11.884     6.7401   3.270193    32.4065       1879     7.8250  0.000e+00
     11.788     6.7412   3.270446    32.4083       1880     7.8292  0.000e+00
     11.716     6.7413   3.271125    32.4157       1881     7.8333  0.000e+00
     11.665     6.7427   3.271045    32.4135       1882     7.8375  0.000e+00
     11.632     6.7455   3.271001    32.4104       1883     7.8417  0.000e+00
     11.625     6.7468   3.271063    32.4099       1884     7.8458  0.000e+00
     11.635     6.7478   3.271156    32.4099       1885     7.8500  0.000e+00
     11.661     6.7488   3.271273    32.4103       1886     7.8542  0.000e+00
     11.695     6.7498   3.271254    32.4091       1887     7.8583  0.000e+00
     11.733     6.7506   3.271230    32.4080       1888     7.8625  0.000e+00
     11.770     6.7512   3.271298    32.4081       1889     7.8667  0.000e+00
     11.799     6.7517   3.271378    32.4085       1890     7.8708  0.000e+00
     11.808     6.7521   3.271458    32.4090       1891     7.8750  0.000e+00
     11.780     6.7530   3.271686    32.4108       1892     7.8792  0.000e+00
     11.712     6.7541   3.272087    32.4142       1893     7.8833  0.000e+00
     11.625     6.7562   3.272415    32.4158       1894     7.8875  0.000e+00
     11.516     6.7592   3.272248    32.4112       1895     7.8917  0.000e+00
     11.389     6.7616   3.273334    32.4209       1896     7.8958  0.000e+00
     11.246     6.7651   3.274815    32.4339       1897     7.9000  0.000e+00
     11.086     6.7735   3.275291    32.4313       1898     7.9042  0.000e+00
     10.914     6.7832   3.276519    32.4356       1899     7.9083  0.000e+00
     10.753     6.7933   3.277853    32.4408       1900     7.9125  0.000e+00
     10.595     6.8058   3.277686    32.4272       1901     7.9167  0.000e+00
     10.463     6.8165   3.277568    32.4159       1902     7.9208  0.000e+00
     10.373     6.8233   3.280527    32.4420       1903     7.9250  0.000e+00
     10.309     6.8344   3.280842    32.4350       1904     7.9292  0.000e+00
     10.280     6.8475   3.279606    32.4090       1905     7.9333  0.000e+00
     10.285     6.8552   3.279371    32.3991       1906     7.9375  0.000e+00
     10.309     6.8571   3.278982    32.3932       1907     7.9417  0.000e+00
     10.344     6.8563   3.278710    32.3909       1908     7.9458  0.000e+00
     10.384     6.8538   3.278772    32.3939       1909     7.9500  0.000e+00
     10.417     6.8520   3.279093    32.3991       1910     7.9542  0.000e+00
     10.438     6.8510   3.279483    32.4043       1911     7.9583  0.000e+00
     10.453     6.8522   3.279964    32.4084       1912     7.9625  0.000e+00
     10.443     6.8548   3.280360    32.4103       1913     7.9667  0.000e+00
     10.398     6.8587   3.281157    32.4154       1914     7.9708  0.000e+00
     10.322     6.8641   3.281675    32.4160       1915     7.9750  0.000e+00
     10.220     6.8705   3.281552    32.4087       1916     7.9792  0.000e+00
     10.095     6.8760   3.283782    32.4280       1917     7.9833  0.000e+00
      9.970     6.8837   3.284592    32.4296       1918     7.9875  0.000e+00
      9.836     6.8966   3.285377    32.4260       1919     7.9917  0.000e+00
      9.693     6.9069   3.285438    32.4170       1920     7.9958  0.000e+00
      9.554     6.9161   3.286396    32.4190       1921     8.0000  0.000e+00
      9.436     6.9244   3.284072    32.3858       1922     8.0042  0.000e+00
      9.323     6.9265   3.283744    32.3802       1923     8.0083  0.000e+00
      9.238     6.9232   3.284913    32.3962       1924     8.0125  0.000e+00
      9.173     6.9217   3.288195    32.4335       1925     8.0167  0.000e+00
      9.122     6.9313   3.288288    32.4255       1926     8.0208  0.000e+00
      9.097     6.9440   3.288114    32.4117       1927     8.0250  0.000e+00
      9.082     6.9529   3.288263    32.4049       1928     8.0292  0.000e+00
      9.077     6.9587   3.288281    32.3996       1929     8.0333  0.000e+00
      9.084     6.9628   3.288090    32.3936       1930     8.0375  0.000e+00
      9.096     6.9647   3.287756    32.3882       1931     8.0417  0.000e+00
      9.105     6.9649   3.287632    32.3867       1932     8.0458  0.000e+00
      9.108     6.9638   3.287508    32.3864       1933     8.0500  0.000e+00
      9.106     6.9622   3.287886    32.3919       1934     8.0542  0.000e+00
      9.092     6.9617   3.288343    32.3974       1935     8.0583  0.000e+00
      9.061     6.9632   3.288405    32.3968       1936     8.0625  0.000e+00
      9.026     6.9651   3.288269    32.3935       1937     8.0667  0.000e+00
      8.979     6.9666   3.288281    32.3922       1938     8.0708  0.000e+00
      8.915     6.9670   3.288195    32.3909       1939     8.0750  0.000e+00
      8.852     6.9672   3.288324    32.3921       1940     8.0792  0.000e+00
      8.777     6.9678   3.289258    32.4019       1941     8.0833  0.000e+00
      8.693     6.9701   3.289870    32.4064       1942     8.0875  0.000e+00
      8.598     6.9753   3.289938    32.4023       1943     8.0917  0.000e+00
      8.489     6.9797   3.289839    32.3971       1944     8.0958  0.000e+00
      8.363     6.9831   3.289957    32.3953       1945     8.1000  0.000e+00
      8.242     6.9853   3.290229    32.3962       1946     8.1042  0.000e+00
      8.112     6.9876   3.290414    32.3962       1947     8.1083  0.000e+00
      7.976     6.9901   3.290414    32.3939       1948     8.1125  0.000e+00
      7.836     6.9917   3.290624    32.3947       1949     8.1167  0.000e+00
      7.717     6.9937   3.290352    32.3899       1950     8.1208  0.000e+00
      7.612     6.9947   3.290500    32.3906       1951     8.1250  0.000e+00
      7.508     6.9952   3.290216    32.3872       1952     8.1292  0.000e+00
      7.432     6.9950   3.289666    32.3813       1953     8.1333  0.000e+00
      7.370     6.9928   3.289455    32.3811       1954     8.1375  0.000e+00
      7.340     6.9897   3.289678    32.3865       1955     8.1417  0.000e+00
      7.328     6.9882   3.289956    32.3909       1956     8.1458  0.000e+00
      7.337     6.9877   3.289913    32.3909       1957     8.1500  0.000e+00
      7.355     6.9882   3.289913    32.3905       1958     8.1542  0.000e+00
      7.379     6.9884   3.289820    32.3893       1959     8.1583  0.000e+00
      7.398     6.9887   3.290000    32.3910       1960     8.1625  0.000e+00
      7.409     6.9888   3.290315    32.3943       1961     8.1667  0.000e+00
      7.402     6.9900   3.290500    32.3952       1962     8.1708  0.000e+00
      7.382     6.9916   3.290612    32.3949       1963     8.1750  0.000e+00
      7.338     6.9935   3.290667    32.3938       1964     8.1792  0.000e+00
      7.271     6.9950   3.290834    32.3941       1965     8.1833  0.000e+00
      7.180     6.9967   3.290791    32.3921       1966     8.1875  0.000e+00
      7.079     6.9981   3.291607    32.3998       1967     8.1917  0.000e+00
      6.963     7.0007   3.292554    32.4077       1968     8.1958  0.000e+00
      6.840     7.0058   3.292659    32.4041       1969     8.2000  0.000e+00
      6.708     7.0115   3.291929    32.3909       1970     8.2042  0.000e+00
      6.583     7.0142   3.291545    32.3842       1971     8.2083  0.000e+00
      6.477     7.0137   3.292597    32.3962       1972     8.2125  0.000e+00
      6.378     7.0146   3.292782    32.3974       1973     8.2167  0.000e+00
      6.293     7.0176   3.293283    32.4001       1974     8.2208  0.000e+00
      6.219     7.0212   3.293395    32.3979       1975     8.2250  0.000e+00
      6.153     7.0250   3.292931    32.3894       1976     8.2292  0.000e+00
      6.102     7.0266   3.292900    32.3875       1977     8.2333  0.000e+00
      6.062     7.0269   3.292949    32.3878       1978     8.2375  0.000e+00
      6.028     7.0266   3.292473    32.3829       1979     8.2417  0.000e+00
      5.995     7.0256   3.292572    32.3849       1980     8.2458  0.000e+00
      5.952     7.0240   3.293079    32.3920       1981     8.2500  0.000e+00
      5.904     7.0241   3.293605    32.3976       1982     8.2542  0.000e+00
      5.844     7.0265   3.293704    32.3965       1983     8.2583  0.000e+00
      5.776     7.0294   3.293859    32.3955       1984     8.2625  0.000e+00
      5.687     7.0323   3.293877    32.3930       1985     8.2667  0.000e+00
      5.607     7.0345   3.293642    32.3884       1986     8.2708  0.000e+00
      5.506     7.0355   3.293537    32.3864       1987     8.2750  0.000e+00
      5.399     7.0353   3.293481    32.3860       1988     8.2792  0.000e+00
      5.310     7.0349   3.293475    32.3864       1989     8.2833  0.000e+00
      5.233     7.0344   3.293413    32.3862       1990     8.2875  0.000e+00
      5.168     7.0340   3.293413    32.3866       1991     8.2917  0.000e+00
      5.120     7.0336   3.293462    32.3875       1992     8.2958  0.000e+00
      5.077     7.0333   3.293431    32.3875       1993     8.3000  0.000e+00
      5.037     7.0332   3.293413    32.3874       1994     8.3042  0.000e+00
      4.999     7.0332   3.293382    32.3871       1995     8.3083  0.000e+00
      4.955     7.0330   3.293326    32.3867       1996     8.3125  0.000e+00
      4.908     7.0327   3.293351    32.3872       1997     8.3167  0.000e+00
      4.848     7.0324   3.293369    32.3878       1998     8.3208  0.000e+00
      4.767     7.0322   3.293320    32.3875       1999     8.3250  0.000e+00
      4.667     7.0322   3.293351    32.3878       2000     8.3292  0.000e+00
      4.551     7.0320   3.293227    32.3867       2001     8.3333  0.000e+00
      4.433     7.0318   3.293419    32.3891       2002     8.3375  0.000e+00
      4.323     7.0319   3.293184    32.3865       2003     8.3417  0.000e+00
      4.217     7.0318   3.293227    32.3871       2004     8.3458  0.000e+00
      4.116     7.0315   3.293140    32.3865       2005     8.3500  0.000e+00
      4.030     7.0310   3.293320    32.3890       2006     8.3542  0.000e+00
      3.956     7.0311   3.293245    32.3881       2007     8.3583  0.000e+00
      3.884     7.0311   3.293351    32.3892       2008     8.3625  0.000e+00
      3.802     7.0315   3.293184    32.3871       2009     8.3667  0.000e+00
      3.719     7.0315   3.293369    32.3891       2010     8.3708  0.000e+00
      3.630     7.0316   3.293351    32.3889       2011     8.3750  0.000e+00
      3.539     7.0317   3.293394    32.3893       2012     8.3792  0.000e+00
      3.459     7.0321   3.293320    32.3881       2013     8.3833  0.000e+00
      3.381     7.0323   3.293245    32.3873       2014     8.3875  0.000e+00
      3.305     7.0320   3.293140    32.3864       2015     8.3917  0.000e+00
      3.239     7.0316   3.293140    32.3868       2016     8.3958  0.000e+00
      3.192     7.0312   3.293103    32.3868       2017     8.4000  0.000e+00
      3.159     7.0307   3.293121    32.3875       2018     8.4042  0.000e+00
      3.131     7.0304   3.293016    32.3866       2019     8.4083  0.000e+00
      3.096     7.0301   3.292979    32.3865       2020     8.4125  0.000e+00
      3.058     7.0296   3.293035    32.3876       2021     8.4167  0.000e+00
      3.007     7.0293   3.293183    32.3895       2022     8.4208  0.000e+00
      2.947     7.0295   3.293121    32.3887       2023     8.4250  0.000e+00
      2.877     7.0298   3.293220    32.3896       2024     8.4292  0.000e+00
      2.770     7.0300   3.293183    32.3890       2025     8.4333  0.000e+00
      2.675     7.0303   3.293158    32.3885       2026     8.4375  0.000e+00
      2.589     7.0306   3.293158    32.3882       2027     8.4417  0.000e+00
      2.507     7.0305   3.293053    32.3872       2028     8.4458  0.000e+00
      2.442     7.0303   3.292948    32.3863       2029     8.4500  0.000e+00
      2.393     7.0298   3.293016    32.3876       2030     8.4542  0.000e+00
      2.357     7.0292   3.293183    32.3900       2031     8.4583  0.000e+00
      2.324     7.0294   3.293183    32.3898       2032     8.4625  0.000e+00
      2.298     7.0299   3.293096    32.3883       2033     8.4667  0.000e+00
      2.246     7.0300   3.293035    32.3876       2034     8.4708  0.000e+00
      2.186     7.0299   3.293220    32.3897       2035     8.4750  0.000e+00
      2.093     7.0301   3.292991    32.3871       2036     8.4792  0.000e+00
      1.972     7.0301   3.292948    32.3867       2037     8.4833  0.000e+00
      1.841     7.0296   3.292898    32.3867       2038     8.4875  0.000e+00
      1.689     7.0291   3.292911    32.3874       2039     8.4917  0.000e+00
      1.548     7.0286   3.293053    32.3895       2040     8.4958  0.000e+00
      1.403     7.0287   3.292911    32.3879       2041     8.5000  0.000e+00
      1.258     7.0286   3.292861    32.3875       2042     8.5042  0.000e+00
      1.110     7.0283   3.292824    32.3874       2043     8.5083  0.000e+00
      0.974     7.0279   3.292700    32.3866       2044     8.5125  0.000e+00
      0.874     7.0273   3.292700    32.3872       2045     8.5167  0.000e+00
      0.849     7.0269   3.292743    32.3881       2046     8.5208  0.000e+00
      0.854     7.0266   3.292700    32.3878       2047     8.5250  0.000e+00
      0.866     7.0263   3.292762    32.3888       2048     8.5292  0.000e+00
      0.886     7.0265   3.292842    32.3895       2049     8.5333  0.000e+00
      0.890     7.0266   3.292824    32.3892       2050     8.5375  0.000e+00
      0.887     7.0269   3.292886    32.3896       2051     8.5417  0.000e+00
      0.878     7.0272   3.292799    32.3884       2052     8.5458  0.000e+00
      0.833     7.0274   3.292743    32.3876       2053     8.5500  0.000e+00
      0.756     7.0274   3.292700    32.3872       2054     8.5542  0.000e+00
      0.702     7.0270   3.292972    32.3905       2055     8.5583  0.000e+00
      0.663     7.0273   3.293121    32.3919       2056     8.5625  0.000e+00
      0.638     7.0282   3.292613    32.3855       2057     8.5667  0.000e+00
      0.629     7.0278   3.292638    32.3862       2058     8.5708  0.000e+00
      0.627     7.0270   3.292743    32.3881       2059     8.5750  0.000e+00
      0.645     7.0263   3.292842    32.3897       2060     8.5792  0.000e+00
      0.621     7.0267   3.292910    32.3902       2061     8.5833  0.000e+00
