HB2502/sbe127.cnv
* Sea-Bird SBE 19plus V2 Data File:
* FileName = C:\cruise\data\sbe127.hex
* Software Version Seasave V 7.26.7.121
* Temperature SN = 6128
* Conductivity SN = 6128
* System UpLoad Time = May 03 2025 13:42:04
* NMEA Latitude = 41 32.29 N
* NMEA Longitude = 067 12.37 W
* NMEA UTC (Time) = May 03 2025  13:40:39
** Ship: Henry Bigelow
** Cruise:  HB2502
** Program:  Spring Bottom Trawl
# nquan = 7
# nvalues = 1443                                  
# units = specified
# name 0 = depSM: Depth [salt water, m]
# name 1 = tv290C: Temperature [ITS-90, deg C]
# name 2 = c0S/m: Conductivity [S/m]
# name 3 = sal00: Salinity, Practical [PSU]
# name 4 = scan: Scan Count
# name 5 = timeM: Time, Elapsed [minutes]
# name 6 = flag:  0.000e+00
# span 0 =     -0.062,     49.317                 
# span 1 =     7.5527,    13.2781                 
# span 2 =   0.012207,   3.753816                 
# span 3 =     0.0761,    33.7484                 
# span 4 =         11,       1453                 
# span 5 =     0.0417,     6.0500                 
# span 6 = 0.0000e+00, 0.0000e+00                 
# interval = seconds: 0.25
# start_time = May 03 2025 13:40:39 [NMEA time, header]
# bad_flag = -9.990e-29
*END*
[from data line 1026]
     15.203     7.5658   3.361872    32.6236       1037     4.3167  0.000e+00
     15.220     7.5630   3.361991    32.6275       1038     4.3208  0.000e+00
     15.234     7.5614   3.362097    32.6301       1039     4.3250  0.000e+00
     15.254     7.5609   3.362309    32.6328       1040     4.3292  0.000e+00
     15.261     7.5611   3.360625    32.6146       1041     4.3333  0.000e+00
     15.253     7.5619   3.362221    32.6310       1042     4.3375  0.000e+00
     15.228     7.5623   3.362072    32.6291       1043     4.3417  0.000e+00
     15.191     7.5621   3.361891    32.6273       1044     4.3458  0.000e+00
     15.149     7.5610   3.361860    32.6280       1045     4.3500  0.000e+00
     15.086     7.5601   3.361972    32.6301       1046     4.3542  0.000e+00
     15.015     7.5596   3.361903    32.6298       1047     4.3583  0.000e+00
     14.952     7.5595   3.362383    32.6352       1048     4.3625  0.000e+00
     14.883     7.5601   3.362290    32.6336       1049     4.3667  0.000e+00
     14.818     7.5610   3.362464    32.6346       1050     4.3708  0.000e+00
     14.752     7.5624   3.362502    32.6338       1051     4.3750  0.000e+00
     14.685     7.5633   3.362446    32.6324       1052     4.3792  0.000e+00
     14.625     7.5639   3.362483    32.6322       1053     4.3833  0.000e+00
     14.565     7.5643   3.362502    32.6320       1054     4.3875  0.000e+00
     14.527     7.5649   3.362645    32.6331       1055     4.3917  0.000e+00
     14.489     7.5656   3.362483    32.6307       1056     4.3958  0.000e+00
     14.460     7.5660   3.362421    32.6296       1057     4.4000  0.000e+00
     14.440     7.5658   3.362483    32.6305       1058     4.4042  0.000e+00
     14.424     7.5657   3.362626    32.6322       1059     4.4083  0.000e+00
     14.409     7.5660   3.362720    32.6329       1060     4.4125  0.000e+00
     14.398     7.5668   3.362302    32.6277       1061     4.4167  0.000e+00
     14.386     7.5665   3.361990    32.6246       1062     4.4208  0.000e+00
     14.365     7.5648   3.362009    32.6264       1063     4.4250  0.000e+00
     14.340     7.5631   3.361996    32.6279       1064     4.4292  0.000e+00
     14.303     7.5618   3.362028    32.6295       1065     4.4333  0.000e+00
     14.267     7.5610   3.362177    32.6318       1066     4.4375  0.000e+00
     14.227     7.5609   3.362202    32.6322       1067     4.4417  0.000e+00
     14.191     7.5612   3.362034    32.6302       1068     4.4458  0.000e+00
     14.154     7.5613   3.362377    32.6338       1069     4.4500  0.000e+00
     14.122     7.5616   3.362870    32.6388       1070     4.4542  0.000e+00
     14.089     7.5638   3.362502    32.6328       1071     4.4583  0.000e+00
     14.054     7.5652   3.362570    32.6323       1072     4.4625  0.000e+00
     14.016     7.5661   3.362895    32.6349       1073     4.4667  0.000e+00
     13.970     7.5671   3.363231    32.6376       1074     4.4708  0.000e+00
     13.921     7.5690   3.363649    32.6403       1075     4.4750  0.000e+00
     13.883     7.5720   3.363450    32.6354       1076     4.4792  0.000e+00
     13.840     7.5738   3.362975    32.6286       1077     4.4833  0.000e+00
     13.801     7.5742   3.362844    32.6269       1078     4.4875  0.000e+00
     13.757     7.5728   3.362564    32.6251       1079     4.4917  0.000e+00
     13.715     7.5713   3.362246    32.6232       1080     4.4958  0.000e+00
     13.668     7.5689   3.362177    32.6247       1081     4.5000  0.000e+00
     13.624     7.5665   3.362221    32.6275       1082     4.5042  0.000e+00
     13.568     7.5652   3.362183    32.6283       1083     4.5083  0.000e+00
     13.507     7.5641   3.362096    32.6285       1084     4.5125  0.000e+00
     13.435     7.5632   3.362826    32.6372       1085     4.5167  0.000e+00
     13.361     7.5638   3.362832    32.6367       1086     4.5208  0.000e+00
     13.274     7.5656   3.362414    32.6305       1087     4.5250  0.000e+00
     13.187     7.5664   3.362358    32.6292       1088     4.5292  0.000e+00
     13.100     7.5661   3.362221    32.6281       1089     4.5333  0.000e+00
     13.030     7.5652   3.362196    32.6287       1090     4.5375  0.000e+00
     12.966     7.5645   3.362376    32.6313       1091     4.5417  0.000e+00
     12.920     7.5641   3.362695    32.6352       1092     4.5458  0.000e+00
     12.888     7.5650   3.363119    32.6389       1093     4.5500  0.000e+00
     12.862     7.5669   3.362888    32.6346       1094     4.5542  0.000e+00
     12.858     7.5690   3.363137    32.6353       1095     4.5583  0.000e+00
     12.865     7.5703   3.363125    32.6340       1096     4.5625  0.000e+00
     12.876     7.5712   3.363119    32.6331       1097     4.5667  0.000e+00
     12.899     7.5716   3.363187    32.6334       1098     4.5708  0.000e+00
     12.918     7.5722   3.363137    32.6323       1099     4.5750  0.000e+00
     12.940     7.5724   3.363063    32.6312       1100     4.5792  0.000e+00
     12.943     7.5724   3.362975    32.6304       1101     4.5833  0.000e+00
     12.938     7.5720   3.362782    32.6286       1102     4.5875  0.000e+00
     12.921     7.5713   3.362738    32.6288       1103     4.5917  0.000e+00
     12.899     7.5704   3.362807    32.6304       1104     4.5958  0.000e+00
     12.861     7.5699   3.362844    32.6313       1105     4.6000  0.000e+00
     12.806     7.5698   3.362607    32.6289       1106     4.6042  0.000e+00
     12.752     7.5693   3.362738    32.6308       1107     4.6083  0.000e+00
     12.680     7.5687   3.362869    32.6328       1108     4.6125  0.000e+00
     12.596     7.5687   3.363106    32.6354       1109     4.6167  0.000e+00
     12.496     7.5695   3.362931    32.6328       1110     4.6208  0.000e+00
     12.406     7.5704   3.362888    32.6316       1111     4.6250  0.000e+00
     12.321     7.5704   3.362807    32.6307       1112     4.6292  0.000e+00
     12.245     7.5701   3.362931    32.6323       1113     4.6333  0.000e+00
     12.187     7.5702   3.363081    32.6339       1114     4.6375  0.000e+00
     12.138     7.5706   3.363237    32.6352       1115     4.6417  0.000e+00
     12.116     7.5714   3.363256    32.6347       1116     4.6458  0.000e+00
     12.105     7.5724   3.363199    32.6332       1117     4.6500  0.000e+00
     12.107     7.5733   3.363106    32.6313       1118     4.6542  0.000e+00
     12.116     7.5730   3.362931    32.6297       1119     4.6583  0.000e+00
     12.135     7.5726   3.362869    32.6294       1120     4.6625  0.000e+00
     12.137     7.5717   3.362950    32.6311       1121     4.6667  0.000e+00
     12.148     7.5714   3.362825    32.6300       1122     4.6708  0.000e+00
     12.131     7.5711   3.362376    32.6255       1123     4.6750  0.000e+00
     12.122     7.5695   3.362114    32.6242       1124     4.6792  0.000e+00
     12.098     7.5671   3.362308    32.6285       1125     4.6833  0.000e+00
     12.069     7.5657   3.361908    32.6255       1126     4.6875  0.000e+00
     12.021     7.5639   3.361902    32.6272       1127     4.6917  0.000e+00
     11.966     7.5624   3.362033    32.6301       1128     4.6958  0.000e+00
     11.903     7.5618   3.362289    32.6334       1129     4.7000  0.000e+00
     11.830     7.5620   3.362133    32.6315       1130     4.7042  0.000e+00
     11.752     7.5624   3.361877    32.6284       1131     4.7083  0.000e+00
     11.682     7.5620   3.362077    32.6310       1132     4.7125  0.000e+00
     11.616     7.5617   3.362289    32.6336       1133     4.7167  0.000e+00
     11.569     7.5622   3.362501    32.6355       1134     4.7208  0.000e+00
     11.537     7.5630   3.362258    32.6321       1135     4.7250  0.000e+00
     11.522     7.5639   3.362457    32.6334       1136     4.7292  0.000e+00
     11.525     7.5645   3.362420    32.6324       1137     4.7333  0.000e+00
     11.532     7.5651   3.362675    32.6346       1138     4.7375  0.000e+00
     11.537     7.5661   3.362931    32.6365       1139     4.7417  0.000e+00
     11.541     7.5675   3.362887    32.6347       1140     4.7458  0.000e+00
     11.545     7.5688   3.362831    32.6328       1141     4.7500  0.000e+00
     11.541     7.5693   3.362800    32.6320       1142     4.7542  0.000e+00
     11.532     7.5693   3.362632    32.6302       1143     4.7583  0.000e+00
     11.510     7.5689   3.362607    32.6303       1144     4.7625  0.000e+00
     11.472     7.5684   3.362588    32.6306       1145     4.7667  0.000e+00
     11.425     7.5679   3.362582    32.6310       1146     4.7708  0.000e+00
     11.367     7.5675   3.362588    32.6315       1147     4.7750  0.000e+00
     11.294     7.5673   3.362544    32.6312       1148     4.7792  0.000e+00
     11.207     7.5669   3.362544    32.6316       1149     4.7833  0.000e+00
     11.105     7.5669   3.362544    32.6317       1150     4.7875  0.000e+00
     11.006     7.5669   3.362544    32.6318       1151     4.7917  0.000e+00
     10.900     7.5669   3.362525    32.6316       1152     4.7958  0.000e+00
     10.807     7.5668   3.362544    32.6319       1153     4.8000  0.000e+00
     10.742     7.5668   3.362500    32.6315       1154     4.8042  0.000e+00
     10.682     7.5669   3.362463    32.6310       1155     4.8083  0.000e+00
     10.646     7.5669   3.362482    32.6313       1156     4.8125  0.000e+00
     10.635     7.5669   3.362482    32.6313       1157     4.8167  0.000e+00
     10.625     7.5667   3.362413    32.6308       1158     4.8208  0.000e+00
     10.636     7.5665   3.362482    32.6317       1159     4.8250  0.000e+00
     10.649     7.5664   3.362607    32.6331       1160     4.8292  0.000e+00
     10.663     7.5667   3.362669    32.6335       1161     4.8333  0.000e+00
     10.675     7.5674   3.362588    32.6319       1162     4.8375  0.000e+00
     10.679     7.5676   3.362525    32.6310       1163     4.8417  0.000e+00
     10.693     7.5676   3.362463    32.6304       1164     4.8458  0.000e+00
     10.688     7.5673   3.362413    32.6301       1165     4.8500  0.000e+00
     10.669     7.5669   3.362419    32.6306       1166     4.8542  0.000e+00
     10.645     7.5665   3.362956    32.6368       1167     4.8583  0.000e+00
     10.613     7.5675   3.363074    32.6371       1168     4.8625  0.000e+00
     10.569     7.5691   3.362912    32.6339       1169     4.8667  0.000e+00
     10.511     7.5702   3.363074    32.6346       1170     4.8708  0.000e+00
     10.457     7.5712   3.363018    32.6331       1171     4.8750  0.000e+00
     10.390     7.5720   3.363074    32.6330       1172     4.8792  0.000e+00
     10.317     7.5724   3.362569    32.6272       1173     4.8833  0.000e+00
     10.252     7.5716   3.362694    32.6294       1174     4.8875  0.000e+00
     10.182     7.5704   3.362525    32.6287       1175     4.8917  0.000e+00
     10.116     7.5695   3.362376    32.6279       1176     4.8958  0.000e+00
     10.062     7.5682   3.362157    32.6268       1177     4.9000  0.000e+00
     10.011     7.5667   3.362139    32.6281       1178     4.9042  0.000e+00
      9.957     7.5653   3.362176    32.6298       1179     4.9083  0.000e+00
      9.913     7.5643   3.362114    32.6301       1180     4.9125  0.000e+00
      9.871     7.5636   3.362114    32.6307       1181     4.9167  0.000e+00
      9.841     7.5633   3.362394    32.6341       1182     4.9208  0.000e+00
      9.810     7.5637   3.362737    32.6374       1183     4.9250  0.000e+00
      9.786     7.5650   3.362806    32.6369       1184     4.9292  0.000e+00
      9.764     7.5669   3.362887    32.6361       1185     4.9333  0.000e+00
      9.737     7.5684   3.363074    32.6367       1186     4.9375  0.000e+00
      9.704     7.5700   3.363230    32.6369       1187     4.9417  0.000e+00
      9.671     7.5716   3.363074    32.6337       1188     4.9458  0.000e+00
      9.637     7.5724   3.362843    32.6305       1189     4.9500  0.000e+00
      9.595     7.5723   3.362687    32.6289       1190     4.9542  0.000e+00
      9.560     7.5714   3.362481    32.6276       1191     4.9583  0.000e+00
      9.527     7.5702   3.362644    32.6304       1192     4.9625  0.000e+00
      9.506     7.5692   3.362718    32.6322       1193     4.9667  0.000e+00
      9.491     7.5691   3.362887    32.6341       1194     4.9708  0.000e+00
      9.475     7.5697   3.362893    32.6337       1195     4.9750  0.000e+00
      9.462     7.5703   3.362824    32.6323       1196     4.9792  0.000e+00
      9.447     7.5708   3.362581    32.6292       1197     4.9833  0.000e+00
      9.412     7.5702   3.362569    32.6297       1198     4.9875  0.000e+00
      9.385     7.5694   3.362562    32.6304       1199     4.9917  0.000e+00
      9.338     7.5687   3.362481    32.6302       1200     4.9958  0.000e+00
      9.285     7.5681   3.362668    32.6328       1201     5.0000  0.000e+00
      9.216     7.5679   3.363061    32.6372       1202     5.0042  0.000e+00
      9.137     7.5691   3.363018    32.6357       1203     5.0083  0.000e+00
      9.049     7.5704   3.362806    32.6322       1204     5.0125  0.000e+00
      8.957     7.5711   3.362587    32.6293       1205     5.0167  0.000e+00
      8.858     7.5709   3.362893    32.6328       1206     5.0208  0.000e+00
      8.780     7.5709   3.363018    32.6342       1207     5.0250  0.000e+00
      8.717     7.5714   3.362805    32.6315       1208     5.0292  0.000e+00
      8.675     7.5719   3.362649    32.6294       1209     5.0333  0.000e+00
      8.642     7.5716   3.362687    32.6300       1210     5.0375  0.000e+00
      8.626     7.5709   3.362718    32.6310       1211     5.0417  0.000e+00
      8.622     7.5706   3.362668    32.6307       1212     5.0458  0.000e+00
      8.626     7.5704   3.362649    32.6307       1213     5.0500  0.000e+00
      8.638     7.5702   3.362674    32.6312       1214     5.0542  0.000e+00
      8.643     7.5701   3.362768    32.6323       1215     5.0583  0.000e+00
      8.636     7.5705   3.362737    32.6316       1216     5.0625  0.000e+00
      8.618     7.5707   3.362562    32.6295       1217     5.0667  0.000e+00
      8.581     7.5702   3.362500    32.6294       1218     5.0708  0.000e+00
      8.529     7.5696   3.362668    32.6317       1219     5.0750  0.000e+00
      8.460     7.5696   3.362693    32.6320       1220     5.0792  0.000e+00
      8.393     7.5698   3.362706    32.6320       1221     5.0833  0.000e+00
      8.322     7.5700   3.362762    32.6325       1222     5.0875  0.000e+00
      8.260     7.5704   3.362674    32.6312       1223     5.0917  0.000e+00
      8.206     7.5705   3.362687    32.6313       1224     5.0958  0.000e+00
      8.161     7.5705   3.362737    32.6318       1225     5.1000  0.000e+00
      8.117     7.5705   3.362974    32.6344       1226     5.1042  0.000e+00
      8.088     7.5711   3.363254    32.6369       1227     5.1083  0.000e+00
      8.064     7.5728   3.363666    32.6397       1228     5.1125  0.000e+00
      8.042     7.5753   3.363535    32.6360       1229     5.1167  0.000e+00
      8.020     7.5772   3.363117    32.6296       1230     5.1208  0.000e+00
      8.007     7.5776   3.362824    32.6262       1231     5.1250  0.000e+00
      7.983     7.5763   3.362687    32.6260       1232     5.1292  0.000e+00
      7.958     7.5745   3.362761    32.6285       1233     5.1333  0.000e+00
      7.928     7.5730   3.362843    32.6307       1234     5.1375  0.000e+00
      7.895     7.5724   3.362768    32.6305       1235     5.1417  0.000e+00
      7.855     7.5722   3.362674    32.6297       1236     5.1458  0.000e+00
      7.813     7.5720   3.362911    32.6324       1237     5.1500  0.000e+00
      7.767     7.5720   3.362955    32.6329       1238     5.1542  0.000e+00
      7.715     7.5725   3.362892    32.6318       1239     5.1583  0.000e+00
      7.651     7.5728   3.362911    32.6317       1240     5.1625  0.000e+00
