HB2502/sbe155.cnv
* Sea-Bird SBE 19plus V2 Data File:
* FileName = C:\cruise\data\sbe155.hex
* Software Version Seasave V 7.26.7.121
* Temperature SN = 6128
* Conductivity SN = 6128
* System UpLoad Time = May 11 2025 15:08:28
* NMEA Latitude = 43 57.85 N
* NMEA Longitude = 066 45.52 W
* NMEA UTC (Time) = May 11 2025  15:07:12
** Ship: Henry Bigelow
** Cruise:  HB2502
** Program:  Spring Bottom Trawl
# nquan = 7
# nvalues = 2579                                  
# units = specified
# name 0 = depSM: Depth [salt water, m]
# name 1 = tv290C: Temperature [ITS-90, deg C]
# name 2 = c0S/m: Conductivity [S/m]
# name 3 = sal00: Salinity, Practical [PSU]
# name 4 = scan: Scan Count
# name 5 = timeM: Time, Elapsed [minutes]
# name 6 = flag:  0.000e+00
# span 0 =     -0.075,     97.246                 
# span 1 =     5.5086,    11.1958                 
# span 2 =   0.005392,   3.529705                 
# span 3 =     0.0362,    33.3872                 
# span 4 =         11,       2589                 
# span 5 =     0.0417,    10.7833                 
# span 6 = 0.0000e+00, 0.0000e+00                 
# interval = seconds: 0.25
# start_time = May 11 2025 15:07:12 [NMEA time, header]
# bad_flag = -9.990e-29
*END*
[from data line 616]
     69.172     5.6351   3.198919    32.6424        627     2.6083  0.000e+00
     69.292     5.6354   3.198858    32.6413        628     2.6125  0.000e+00
     69.395     5.6355   3.198821    32.6408        629     2.6167  0.000e+00
     69.489     5.6354   3.198778    32.6403        630     2.6208  0.000e+00
     69.577     5.6355   3.198840    32.6409        631     2.6250  0.000e+00
     69.660     5.6354   3.198901    32.6416        632     2.6292  0.000e+00
     69.736     5.6355   3.199103    32.6438        633     2.6333  0.000e+00
     69.807     5.6356   3.199347    32.6464        634     2.6375  0.000e+00
     69.866     5.6360   3.199445    32.6471        635     2.6417  0.000e+00
     69.929     5.6364   3.199366    32.6458        636     2.6458  0.000e+00
     69.988     5.6365   3.199225    32.6441        637     2.6500  0.000e+00
     70.045     5.6364   3.199262    32.6446        638     2.6542  0.000e+00
     70.102     5.6362   3.199305    32.6452        639     2.6583  0.000e+00
     70.169     5.6361   3.199225    32.6444        640     2.6625  0.000e+00
     70.230     5.6360   3.198883    32.6406        641     2.6667  0.000e+00
     70.294     5.6358   3.198901    32.6409        642     2.6708  0.000e+00
     70.361     5.6356   3.198883    32.6409        643     2.6750  0.000e+00
     70.425     5.6355   3.198919    32.6413        644     2.6792  0.000e+00
     70.499     5.6354   3.198840    32.6406        645     2.6833  0.000e+00
     70.573     5.6353   3.198718    32.6392        646     2.6875  0.000e+00
     70.655     5.6352   3.198699    32.6391        647     2.6917  0.000e+00
     70.748     5.6349   3.199164    32.6446        648     2.6958  0.000e+00
     70.836     5.6350   3.199427    32.6474        649     2.7000  0.000e+00
     70.935     5.6355   3.200076    32.6542        650     2.7042  0.000e+00
     71.046     5.6364   3.200786    32.6613        651     2.7083  0.000e+00
     71.152     5.6381   3.201049    32.6626        652     2.7125  0.000e+00
     71.270     5.6398   3.201398    32.6648        653     2.7167  0.000e+00
     71.395     5.6415   3.201520    32.6645        654     2.7208  0.000e+00
     71.516     5.6429   3.201520    32.6631        655     2.7250  0.000e+00
     71.653     5.6439   3.201355    32.6601        656     2.7292  0.000e+00
     71.778     5.6444   3.201379    32.6599        657     2.7333  0.000e+00
     71.900     5.6446   3.200939    32.6547        658     2.7375  0.000e+00
     72.021     5.6443   3.200890    32.6543        659     2.7417  0.000e+00
     72.137     5.6439   3.200933    32.6551        660     2.7458  0.000e+00
     72.249     5.6432   3.201337    32.6603        661     2.7500  0.000e+00
     72.356     5.6434   3.200829    32.6543        662     2.7542  0.000e+00
     72.459     5.6430   3.200749    32.6537        663     2.7583  0.000e+00
     72.553     5.6426   3.200664    32.6531        664     2.7625  0.000e+00
     72.645     5.6420   3.200725    32.6543        665     2.7667  0.000e+00
     72.735     5.6417   3.200627    32.6535        666     2.7708  0.000e+00
     72.821     5.6416   3.200627    32.6536        667     2.7750  0.000e+00
     72.929     5.6415   3.200707    32.6545        668     2.7792  0.000e+00
     73.024     5.6413   3.200768    32.6553        669     2.7833  0.000e+00
     73.131     5.6413   3.200890    32.6566        670     2.7875  0.000e+00
     73.236     5.6415   3.201049    32.6582        671     2.7917  0.000e+00
     73.339     5.6418   3.201135    32.6589        672     2.7958  0.000e+00
     73.429     5.6422   3.201215    32.6594        673     2.8000  0.000e+00
     73.514     5.6426   3.201337    32.6603        674     2.8042  0.000e+00
     73.589     5.6429   3.201845    32.6657        675     2.8083  0.000e+00
     73.669     5.6436   3.202127    32.6682        676     2.8125  0.000e+00
     73.741     5.6446   3.202475    32.6711        677     2.8167  0.000e+00
     73.802     5.6456   3.202965    32.6756        678     2.8208  0.000e+00
     73.869     5.6468   3.203247    32.6776        679     2.8250  0.000e+00
     73.945     5.6481   3.203369    32.6777        680     2.8292  0.000e+00
     74.023     5.6492   3.203387    32.6768        681     2.8333  0.000e+00
     74.105     5.6500   3.203449    32.6767        682     2.8375  0.000e+00
     74.193     5.6502   3.203228    32.6739        683     2.8417  0.000e+00
     74.291     5.6507   3.203045    32.6713        684     2.8458  0.000e+00
     74.390     5.6504   3.203063    32.6718        685     2.8500  0.000e+00
     74.487     5.6503   3.203228    32.6737        686     2.8542  0.000e+00
     74.592     5.6504   3.203467    32.6763        687     2.8583  0.000e+00
     74.688     5.6507   3.203834    32.6800        688     2.8625  0.000e+00
     74.785     5.6515   3.203957    32.6807        689     2.8667  0.000e+00
     74.889     5.6519   3.204061    32.6813        690     2.8708  0.000e+00
     74.986     5.6523   3.204202    32.6825        691     2.8750  0.000e+00
     75.082     5.6526   3.204324    32.6835        692     2.8792  0.000e+00
     75.181     5.6533   3.204404    32.6837        693     2.8833  0.000e+00
     75.278     5.6535   3.204447    32.6839        694     2.8875  0.000e+00
     75.384     5.6537   3.204508    32.6844        695     2.8917  0.000e+00
     75.482     5.6541   3.204526    32.6841        696     2.8958  0.000e+00
     75.582     5.6544   3.204483    32.6834        697     2.9000  0.000e+00
     75.693     5.6547   3.204465    32.6828        698     2.9042  0.000e+00
     75.803     5.6547   3.204465    32.6828        699     2.9083  0.000e+00
     75.917     5.6547   3.204508    32.6831        700     2.9125  0.000e+00
     76.032     5.6548   3.204508    32.6830        701     2.9167  0.000e+00
     76.148     5.6548   3.204545    32.6833        702     2.9208  0.000e+00
     76.270     5.6550   3.204631    32.6841        703     2.9250  0.000e+00
     76.389     5.6550   3.204649    32.6843        704     2.9292  0.000e+00
     76.517     5.6550   3.204649    32.6842        705     2.9333  0.000e+00
     76.651     5.6548   3.204649    32.6843        706     2.9375  0.000e+00
     76.783     5.6551   3.204631    32.6838        707     2.9417  0.000e+00
     76.915     5.6550   3.204710    32.6847        708     2.9458  0.000e+00
     77.047     5.6551   3.204710    32.6845        709     2.9500  0.000e+00
     77.178     5.6551   3.204729    32.6846        710     2.9542  0.000e+00
     77.292     5.6552   3.204772    32.6850        711     2.9583  0.000e+00
     77.398     5.6551   3.204778    32.6851        712     2.9625  0.000e+00
     77.496     5.6556   3.204809    32.6850        713     2.9667  0.000e+00
     77.579     5.6558   3.204809    32.6846        714     2.9708  0.000e+00
     77.664     5.6558   3.204809    32.6846        715     2.9750  0.000e+00
     77.743     5.6556   3.204772    32.6844        716     2.9792  0.000e+00
     77.817     5.6554   3.204692    32.6836        717     2.9833  0.000e+00
     77.890     5.6553   3.204668    32.6834        718     2.9875  0.000e+00
     77.960     5.6551   3.204729    32.6843        719     2.9917  0.000e+00
     78.024     5.6551   3.204747    32.6845        720     2.9958  0.000e+00
     78.090     5.6548   3.204729    32.6844        721     3.0000  0.000e+00
     78.166     5.6548   3.204692    32.6840        722     3.0042  0.000e+00
     78.239     5.6546   3.204729    32.6846        723     3.0083  0.000e+00
     78.313     5.6546   3.204748    32.6848        724     3.0125  0.000e+00
     78.400     5.6543   3.204748    32.6850        725     3.0167  0.000e+00
     78.487     5.6544   3.204772    32.6852        726     3.0208  0.000e+00
     78.582     5.6544   3.204833    32.6859        727     3.0250  0.000e+00
     78.685     5.6542   3.204870    32.6863        728     3.0292  0.000e+00
     78.797     5.6545   3.204895    32.6863        729     3.0333  0.000e+00
     78.907     5.6546   3.204931    32.6865        730     3.0375  0.000e+00
     79.028     5.6546   3.204931    32.6865        731     3.0417  0.000e+00
     79.150     5.6549   3.204931    32.6862        732     3.0458  0.000e+00
     79.269     5.6548   3.204956    32.6865        733     3.0500  0.000e+00
     79.383     5.6549   3.204956    32.6863        734     3.0542  0.000e+00
     79.490     5.6546   3.204956    32.6865        735     3.0583  0.000e+00
     79.598     5.6547   3.205017    32.6871        736     3.0625  0.000e+00
     79.710     5.6543   3.205036    32.6876        737     3.0667  0.000e+00
     79.827     5.6542   3.205054    32.6878        738     3.0708  0.000e+00
     79.948     5.6539   3.205097    32.6886        739     3.0750  0.000e+00
     80.079     5.6534   3.205097    32.6890        740     3.0792  0.000e+00
     80.208     5.6530   3.205079    32.6892        741     3.0833  0.000e+00
     80.346     5.6528   3.205116    32.6897        742     3.0875  0.000e+00
     80.483     5.6528   3.205177    32.6903        743     3.0917  0.000e+00
     80.617     5.6530   3.205201    32.6903        744     3.0958  0.000e+00
     80.756     5.6529   3.205165    32.6899        745     3.1000  0.000e+00
     80.894     5.6529   3.205177    32.6900        746     3.1042  0.000e+00
     81.031     5.6529   3.205177    32.6900        747     3.1083  0.000e+00
     81.168     5.6525   3.205177    32.6902        748     3.1125  0.000e+00
     81.300     5.6525   3.205220    32.6907        749     3.1167  0.000e+00
     81.422     5.6525   3.205177    32.6901        750     3.1208  0.000e+00
     81.537     5.6525   3.205177    32.6901        751     3.1250  0.000e+00
     81.644     5.6523   3.205159    32.6900        752     3.1292  0.000e+00
     81.738     5.6520   3.205159    32.6903        753     3.1333  0.000e+00
     81.823     5.6519   3.205159    32.6903        754     3.1375  0.000e+00
     81.900     5.6519   3.205159    32.6902        755     3.1417  0.000e+00
     81.965     5.6515   3.205116    32.6901        756     3.1458  0.000e+00
     82.036     5.6515   3.205159    32.6906        757     3.1500  0.000e+00
     82.095     5.6512   3.205159    32.6908        758     3.1542  0.000e+00
     82.160     5.6513   3.205159    32.6907        759     3.1583  0.000e+00
     82.221     5.6512   3.205159    32.6908        760     3.1625  0.000e+00
     82.294     5.6510   3.205177    32.6912        761     3.1667  0.000e+00
     82.373     5.6511   3.205165    32.6909        762     3.1708  0.000e+00
     82.457     5.6509   3.205177    32.6912        763     3.1750  0.000e+00
     82.551     5.6509   3.205159    32.6910        764     3.1792  0.000e+00
     82.639     5.6510   3.205141    32.6906        765     3.1833  0.000e+00
     82.739     5.6509   3.205141    32.6906        766     3.1875  0.000e+00
     82.844     5.6507   3.205098    32.6903        767     3.1917  0.000e+00
     82.952     5.6508   3.205055    32.6896        768     3.1958  0.000e+00
     83.065     5.6507   3.205080    32.6899        769     3.2000  0.000e+00
     83.184     5.6507   3.205080    32.6899        770     3.2042  0.000e+00
     83.311     5.6505   3.205080    32.6901        771     3.2083  0.000e+00
     83.434     5.6506   3.205098    32.6900        772     3.2125  0.000e+00
     83.569     5.6506   3.205159    32.6907        773     3.2167  0.000e+00
     83.708     5.6509   3.205141    32.6902        774     3.2208  0.000e+00
     83.846     5.6508   3.205159    32.6904        775     3.2250  0.000e+00
     83.983     5.6511   3.205160    32.6900        776     3.2292  0.000e+00
     84.124     5.6510   3.205160    32.6900        777     3.2333  0.000e+00
     84.256     5.6509   3.205166    32.6902        778     3.2375  0.000e+00
     84.391     5.6506   3.205178    32.6905        779     3.2417  0.000e+00
     84.512     5.6506   3.205160    32.6902        780     3.2458  0.000e+00
     84.639     5.6505   3.205117    32.6898        781     3.2500  0.000e+00
     84.748     5.6504   3.205099    32.6897        782     3.2542  0.000e+00
     84.852     5.6503   3.205117    32.6899        783     3.2583  0.000e+00
     84.947     5.6501   3.205160    32.6905        784     3.2625  0.000e+00
     85.039     5.6501   3.205178    32.6906        785     3.2667  0.000e+00
     85.122     5.6500   3.205203    32.6910        786     3.2708  0.000e+00
     85.200     5.6500   3.205178    32.6907        787     3.2750  0.000e+00
     85.274     5.6499   3.205160    32.6905        788     3.2792  0.000e+00
     85.361     5.6500   3.205203    32.6909        789     3.2833  0.000e+00
     85.444     5.6501   3.205282    32.6916        790     3.2875  0.000e+00
     85.535     5.6502   3.205319    32.6919        791     3.2917  0.000e+00
     85.632     5.6503   3.205319    32.6918        792     3.2958  0.000e+00
     85.736     5.6505   3.205319    32.6915        793     3.3000  0.000e+00
     85.845     5.6505   3.205301    32.6912        794     3.3042  0.000e+00
     85.973     5.6507   3.205319    32.6912        795     3.3083  0.000e+00
     86.093     5.6505   3.205283    32.6909        796     3.3125  0.000e+00
     86.228     5.6504   3.205221    32.6903        797     3.3167  0.000e+00
     86.365     5.6501   3.205344    32.6918        798     3.3208  0.000e+00
     86.508     5.6501   3.205405    32.6925        799     3.3250  0.000e+00
     86.642     5.6501   3.205626    32.6949        800     3.3292  0.000e+00
     86.784     5.6502   3.205687    32.6955        801     3.3333  0.000e+00
     86.916     5.6505   3.205503    32.6931        802     3.3375  0.000e+00
     87.046     5.6505   3.205503    32.6930        803     3.3417  0.000e+00
     87.173     5.6507   3.205442    32.6920        804     3.3458  0.000e+00
     87.287     5.6507   3.205565    32.6933        805     3.3500  0.000e+00
     87.388     5.6507   3.205712    32.6950        806     3.3542  0.000e+00
     87.483     5.6506   3.205730    32.6952        807     3.3583  0.000e+00
     87.562     5.6506   3.205871    32.6967        808     3.3625  0.000e+00
     87.638     5.6505   3.205932    32.6975        809     3.3667  0.000e+00
     87.708     5.6505   3.206012    32.6984        810     3.3708  0.000e+00
     87.775     5.6503   3.206079    32.6993        811     3.3750  0.000e+00
     87.842     5.6503   3.206097    32.6995        812     3.3792  0.000e+00
     87.909     5.6501   3.206134    32.7001        813     3.3833  0.000e+00
     87.978     5.6502   3.206116    32.6997        814     3.3875  0.000e+00
     88.045     5.6503   3.206159    32.7001        815     3.3917  0.000e+00
     88.124     5.6504   3.206177    32.7001        816     3.3958  0.000e+00
     88.201     5.6505   3.206196    32.7002        817     3.4000  0.000e+00
     88.294     5.6505   3.206196    32.7001        818     3.4042  0.000e+00
     88.388     5.6505   3.206238    32.7006        819     3.4083  0.000e+00
     88.493     5.6507   3.206220    32.7002        820     3.4125  0.000e+00
     88.608     5.6506   3.206220    32.7002        821     3.4167  0.000e+00
     88.730     5.6506   3.206196    32.6998        822     3.4208  0.000e+00
     88.856     5.6507   3.206159    32.6993        823     3.4250  0.000e+00
     88.989     5.6506   3.206159    32.6993        824     3.4292  0.000e+00
     89.127     5.6505   3.206177    32.6996        825     3.4333  0.000e+00
     89.270     5.6504   3.206190    32.6997        826     3.4375  0.000e+00
     89.415     5.6504   3.206159    32.6993        827     3.4417  0.000e+00
     89.568     5.6504   3.206159    32.6993        828     3.4458  0.000e+00
     89.718     5.6504   3.206178    32.6993        829     3.4500  0.000e+00
     89.877     5.6504   3.206221    32.6998        830     3.4542  0.000e+00
