HB2502/sbe106.cnv
* Sea-Bird SBE 19plus V2 Data File:
* FileName = C:\cruise\data\sbe106.hex
* Software Version Seasave V 7.26.7.121
* Temperature SN = 6128
* Conductivity SN = 6128
* System UpLoad Time = Apr 18 2025 15:16:04
* NMEA Latitude = 42 16.14 N
* NMEA Longitude = 070 39.14 W
* NMEA UTC (Time) = Apr 18 2025  15:15:24
** Ship: Henry Bigelow
** Cruise:  HB2502
** Program:  Spring Bottom Trawl
# nquan = 7
# nvalues = 747                                   
# units = specified
# name 0 = depSM: Depth [salt water, m]
# name 1 = tv290C: Temperature [ITS-90, deg C]
# name 2 = c0S/m: Conductivity [S/m]
# name 3 = sal00: Salinity, Practical [PSU]
# name 4 = scan: Scan Count
# name 5 = timeM: Time, Elapsed [minutes]
# name 6 = flag:  0.000e+00
# span 0 =      0.484,     31.051                 
# span 1 =     4.9851,     8.1826                 
# span 2 =   3.050175,   3.312000                 
# span 3 =    29.7442,    32.2047                 
# span 4 =         11,        757                 
# span 5 =     0.0417,     3.1500                 
# span 6 = 0.0000e+00, 0.0000e+00                 
# interval = seconds: 0.25
# start_time = Apr 18 2025 15:15:24 [NMEA time, header]
# bad_flag = -9.990e-29
*END*
      5.215     8.1826   3.312000    31.5300         11     0.0417  0.000e+00
      5.416     8.1145   3.303046    31.4965         12     0.0458  0.000e+00
      5.604     7.9565   3.284696    31.4442         13     0.0500  0.000e+00
      5.792     7.7487   3.261079    31.3799         14     0.0542  0.000e+00
      5.980     7.5465   3.248917    31.4324         15     0.0583  0.000e+00
      6.168     7.3664   3.232510    31.4193         16     0.0625  0.000e+00
      6.352     7.2042   3.195012    31.1617         17     0.0667  0.000e+00
      6.546     7.0315   3.173628    31.0861         18     0.0708  0.000e+00
      6.729     6.8624   3.156474    31.0524         19     0.0750  0.000e+00
      6.912     6.7065   3.150629    31.1298         20     0.0792  0.000e+00
      7.093     6.5630   3.141283    31.1579         21     0.0833  0.000e+00
      7.279     6.4370   3.133306    31.1852         22     0.0875  0.000e+00
      7.467     6.3308   3.129624    31.2418         23     0.0917  0.000e+00
      7.650     6.2428   3.128679    31.3121         24     0.0958  0.000e+00
      7.831     6.1719   3.129699    31.3887         25     0.1000  0.000e+00
      8.013     6.1180   3.130342    31.4457         26     0.1042  0.000e+00
      8.192     6.0795   3.130956    31.4881         27     0.1083  0.000e+00
      8.369     6.0532   3.132066    31.5248         28     0.1125  0.000e+00
      8.550     6.0347   3.133766    31.5609         29     0.1167  0.000e+00
      8.731     6.0204   3.135113    31.5892         30     0.1208  0.000e+00
      8.912     6.0093   3.136048    31.6099         31     0.1250  0.000e+00
      9.095     6.0007   3.136443    31.6222         32     0.1292  0.000e+00
      9.282     5.9936   3.136880    31.6337         33     0.1333  0.000e+00
      9.468     5.9868   3.133069    31.5974         34     0.1375  0.000e+00
      9.654     5.9788   3.126784    31.5347         35     0.1417  0.000e+00
      9.850     5.9698   3.121238    31.4810         36     0.1458  0.000e+00
     10.040     5.9601   3.118657    31.4611         37     0.1500  0.000e+00
     10.239     5.9525   3.116882    31.4484         38     0.1542  0.000e+00
     10.440     5.9452   3.116628    31.4522         39     0.1583  0.000e+00
     10.636     5.9373   3.115708    31.4491         40     0.1625  0.000e+00
     10.838     5.9281   3.114242    31.4412         41     0.1667  0.000e+00
     11.038     5.9172   3.113062    31.4381         42     0.1708  0.000e+00
     11.215     5.9066   3.105837    31.3671         43     0.1750  0.000e+00
     11.266     5.8952   3.100958    31.3232         44     0.1792  0.000e+00
     11.270     5.8776   3.097773    31.3039         45     0.1833  0.000e+00
     11.237     5.8506   3.098602    31.3382         46     0.1875  0.000e+00
     11.216     5.8208   3.112573    31.5224         47     0.1917  0.000e+00
     11.232     5.7973   3.150944    31.9749         48     0.1958  0.000e+00
     11.250     5.7806   3.163988    32.1374         49     0.2000  0.000e+00
     11.248     5.7810   3.170009    32.2047         50     0.2042  0.000e+00
     11.227     5.8079   3.171069    32.1910         51     0.2083  0.000e+00
     11.203     5.8659   3.169782    32.1212         52     0.2125  0.000e+00
     11.199     5.9427   3.168136    32.0299         53     0.2167  0.000e+00
     11.197     6.0439   3.163949    31.8876         54     0.2208  0.000e+00
     11.195     6.1579   3.160342    31.7405         55     0.2250  0.000e+00
     11.185     6.2535   3.157541    31.6203         56     0.2292  0.000e+00
     11.170     6.3187   3.157023    31.5540         57     0.2333  0.000e+00
     11.163     6.3597   3.160980    31.5597         58     0.2375  0.000e+00
     11.157     6.3874   3.169960    31.6333         59     0.2417  0.000e+00
     11.152     6.4215   3.179914    31.7116         60     0.2458  0.000e+00
     11.145     6.4744   3.186752    31.7378         61     0.2500  0.000e+00
     11.143     6.5524   3.192489    31.7285         62     0.2542  0.000e+00
     11.143     6.6384   3.197086    31.6992         63     0.2583  0.000e+00
     11.136     6.7103   3.200738    31.6728         64     0.2625  0.000e+00
     11.140     6.7727   3.204268    31.6538         65     0.2667  0.000e+00
     11.142     6.8304   3.206790    31.6281         66     0.2708  0.000e+00
     11.146     6.8811   3.207561    31.5899         67     0.2750  0.000e+00
     11.150     6.9317   3.207505    31.5428         68     0.2792  0.000e+00
     11.151     6.9832   3.207480    31.4953         69     0.2833  0.000e+00
     11.160     7.0292   3.207951    31.4584         70     0.2875  0.000e+00
     11.166     7.0646   3.208582    31.4330         71     0.2917  0.000e+00
     11.171     7.0915   3.209213    31.4152         72     0.2958  0.000e+00
     11.180     7.1137   3.209696    31.4002         73     0.3000  0.000e+00
     11.186     7.1319   3.210211    31.3893         74     0.3042  0.000e+00
     11.191     7.1470   3.210909    31.3831         75     0.3083  0.000e+00
     11.194     7.1600   3.211632    31.3791         76     0.3125  0.000e+00
     11.194     7.1711   3.212305    31.3763         77     0.3167  0.000e+00
     11.202     7.1804   3.212900    31.3742         78     0.3208  0.000e+00
     11.198     7.1877   3.213365    31.3727         79     0.3250  0.000e+00
     11.202     7.1935   3.213751    31.3716         80     0.3292  0.000e+00
     11.200     7.1977   3.214058    31.3710         81     0.3333  0.000e+00
     11.202     7.2016   3.214260    31.3697         82     0.3375  0.000e+00
     11.196     7.2047   3.214425    31.3687         83     0.3417  0.000e+00
     11.202     7.2078   3.214591    31.3677         84     0.3458  0.000e+00
     11.200     7.2111   3.214793    31.3668         85     0.3500  0.000e+00
     11.194     7.2143   3.215038    31.3666         86     0.3542  0.000e+00
     11.191     7.2175   3.215400    31.3676         87     0.3583  0.000e+00
     11.194     7.2207   3.215712    31.3681         88     0.3625  0.000e+00
     11.196     7.2241   3.215958    31.3677         89     0.3667  0.000e+00
     11.193     7.2277   3.216239    31.3674         90     0.3708  0.000e+00
     11.197     7.2314   3.216528    31.3672         91     0.3750  0.000e+00
     11.197     7.2352   3.216834    31.3670         92     0.3792  0.000e+00
     11.199     7.2392   3.217141    31.3667         93     0.3833  0.000e+00
     11.199     7.2437   3.217423    31.3657         94     0.3875  0.000e+00
     11.199     7.2485   3.217790    31.3653         95     0.3917  0.000e+00
     11.206     7.2538   3.218201    31.3649         96     0.3958  0.000e+00
     11.204     7.2594   3.218551    31.3636         97     0.4000  0.000e+00
     11.202     7.2654   3.218814    31.3610         98     0.4042  0.000e+00
     11.195     7.2715   3.219016    31.3576         99     0.4083  0.000e+00
     11.195     7.2777   3.218955    31.3514        100     0.4125  0.000e+00
     11.187     7.2842   3.218814    31.3439        101     0.4167  0.000e+00
     11.189     7.2910   3.218710    31.3367        102     0.4208  0.000e+00
     11.180     7.2982   3.218526    31.3282        103     0.4250  0.000e+00
     11.166     7.3053   3.218403    31.3204        104     0.4292  0.000e+00
     11.160     7.3117   3.218427    31.3149        105     0.4333  0.000e+00
     11.159     7.3168   3.218507    31.3112        106     0.4375  0.000e+00
     11.157     7.3200   3.218752    31.3109        107     0.4417  0.000e+00
     11.146     7.3218   3.219163    31.3137        108     0.4458  0.000e+00
     11.146     7.3230   3.219825    31.3198        109     0.4500  0.000e+00
     11.149     7.3244   3.220549    31.3263        110     0.4542  0.000e+00
     11.142     7.3263   3.221346    31.3331        111     0.4583  0.000e+00
     11.141     7.3291   3.222187    31.3396        112     0.4625  0.000e+00
     11.142     7.3333   3.222984    31.3444        113     0.4667  0.000e+00
     11.142     7.3381   3.223825    31.3491        114     0.4708  0.000e+00
     11.152     7.3435   3.224500    31.3515        115     0.4750  0.000e+00
     11.154     7.3492   3.224948    31.3512        116     0.4792  0.000e+00
     11.157     7.3542   3.225334    31.3508        117     0.4833  0.000e+00
     11.163     7.3591   3.225807    31.3515        118     0.4875  0.000e+00
     11.168     7.3635   3.226322    31.3530        119     0.4917  0.000e+00
     11.177     7.3681   3.226875    31.3548        120     0.4958  0.000e+00
     11.184     7.3723   3.227568    31.3584        121     0.5000  0.000e+00
     11.186     7.3765   3.228225    31.3617        122     0.5042  0.000e+00
     11.192     7.3804   3.228759    31.3639        123     0.5083  0.000e+00
     11.194     7.3842   3.229232    31.3656        124     0.5125  0.000e+00
     11.201     7.3883   3.229619    31.3660        125     0.5167  0.000e+00
     11.201     7.3926   3.229938    31.3656        126     0.5208  0.000e+00
     11.201     7.3973   3.230214    31.3643        127     0.5250  0.000e+00
     11.201     7.4021   3.230441    31.3623        128     0.5292  0.000e+00
     11.200     7.4065   3.230582    31.3599        129     0.5333  0.000e+00
     11.196     7.4110   3.230687    31.3570        130     0.5375  0.000e+00
     11.199     7.4150   3.230828    31.3548        131     0.5417  0.000e+00
     11.194     7.4188   3.231037    31.3536        132     0.5458  0.000e+00
     11.185     7.4222   3.231239    31.3527        133     0.5500  0.000e+00
     11.183     7.4254   3.231534    31.3530        134     0.5542  0.000e+00
     11.178     7.4287   3.231749    31.3523        135     0.5583  0.000e+00
     11.174     7.4317   3.232019    31.3526        136     0.5625  0.000e+00
     11.172     7.4353   3.232388    31.3533        137     0.5667  0.000e+00
     11.169     7.4394   3.232799    31.3540        138     0.5708  0.000e+00
     11.161     7.4437   3.233211    31.3545        139     0.5750  0.000e+00
     11.160     7.4486   3.233598    31.3542        140     0.5792  0.000e+00
     11.154     7.4534   3.233868    31.3528        141     0.5833  0.000e+00
     11.149     7.4584   3.233991    31.3496        142     0.5875  0.000e+00
     11.151     7.4640   3.233929    31.3439        143     0.5917  0.000e+00
     11.149     7.4700   3.233763    31.3367        144     0.5958  0.000e+00
     11.149     7.4754   3.233702    31.3311        145     0.6000  0.000e+00
     11.149     7.4796   3.233438    31.3245        146     0.6042  0.000e+00
     11.156     7.4822   3.233106    31.3186        147     0.6083  0.000e+00
     11.154     7.4836   3.232614    31.3120        148     0.6125  0.000e+00
     11.154     7.4843   3.232184    31.3068        149     0.6167  0.000e+00
     11.160     7.4842   3.231865    31.3035        150     0.6208  0.000e+00
     11.171     7.4829   3.231466    31.3004        151     0.6250  0.000e+00
     11.174     7.4808   3.231134    31.2987        152     0.6292  0.000e+00
     11.178     7.4780   3.230723    31.2968        153     0.6333  0.000e+00
     11.182     7.4748   3.230170    31.2938        154     0.6375  0.000e+00
     11.180     7.4715   3.229556    31.2902        155     0.6417  0.000e+00
     11.187     7.4681   3.228777    31.2849        156     0.6458  0.000e+00
     11.184     7.4649   3.227813    31.2774        157     0.6500  0.000e+00
     11.182     7.4614   3.225149    31.2520        158     0.6542  0.000e+00
     11.183     7.4556   3.143505    30.3826        159     0.6583  0.000e+00
     11.183     7.2985   3.071097    29.7442        160     0.6625  0.000e+00
     11.178     6.8457   3.065768    30.0796        161     0.6667  0.000e+00
     11.177     6.3869   3.064376    30.4703        162     0.6708  0.000e+00
     11.169     6.0414   3.063645    30.7735        163     0.6750  0.000e+00
     11.164     5.8062   3.063552    30.9872        164     0.6792  0.000e+00
     11.159     5.6550   3.063691    31.1281        165     0.6833  0.000e+00
     11.159     5.5627   3.063728    31.2140        166     0.6875  0.000e+00
     11.160     5.5074   3.064385    31.2728        167     0.6917  0.000e+00
     11.159     5.4768   3.063753    31.2942        168     0.6958  0.000e+00
     11.153     5.4599   3.063922    31.3119        169     0.7000  0.000e+00
     11.157     5.4494   3.063344    31.3152        170     0.7042  0.000e+00
     11.153     5.4423   3.063459    31.3231        171     0.7083  0.000e+00
     11.153     5.4372   3.063754    31.3311        172     0.7125  0.000e+00
     11.156     5.4351   3.064283    31.3391        173     0.7167  0.000e+00
     11.156     5.4365   3.063694    31.3312        174     0.7208  0.000e+00
     11.162     5.4384   3.062111    31.3114        175     0.7250  0.000e+00
     11.160     5.4339   3.061756    31.3116        176     0.7292  0.000e+00
     11.166     5.4252   3.061702    31.3192        177     0.7333  0.000e+00
     11.166     5.4179   3.061666    31.3256        178     0.7375  0.000e+00
     11.169     5.4128   3.061510    31.3286        179     0.7417  0.000e+00
     11.168     5.4091   3.061612    31.3332        180     0.7458  0.000e+00
     11.175     5.4063   3.061167    31.3307        181     0.7500  0.000e+00
     11.173     5.4037   3.061107    31.3325        182     0.7542  0.000e+00
     11.170     5.4009   3.061185    31.3360        183     0.7583  0.000e+00
     11.172     5.3992   3.061438    31.3405        184     0.7625  0.000e+00
     11.166     5.3990   3.061456    31.3408        185     0.7667  0.000e+00
     11.165     5.4001   3.061288    31.3379        186     0.7708  0.000e+00
     11.161     5.4009   3.061047    31.3345        187     0.7750  0.000e+00
     11.161     5.4009   3.061667    31.3415        188     0.7792  0.000e+00
     11.156     5.4020   3.063983    31.3667        189     0.7833  0.000e+00
     11.154     5.4120   3.063363    31.3503        190     0.7875  0.000e+00
     11.156     5.4243   3.063983    31.3458        191     0.7917  0.000e+00
     11.149     5.4337   3.065685    31.3563        192     0.7958  0.000e+00
     11.145     5.4470   3.066708    31.3554        193     0.8000  0.000e+00
     11.150     5.4630   3.067521    31.3497        194     0.8042  0.000e+00
     11.149     5.4799   3.068526    31.3452        195     0.8083  0.000e+00
     11.151     5.4980   3.069278    31.3368        196     0.8125  0.000e+00
     11.152     5.5161   3.069441    31.3218        197     0.8167  0.000e+00
     11.147     5.5306   3.069934    31.3138        198     0.8208  0.000e+00
     11.153     5.5419   3.070326    31.3077        199     0.8250  0.000e+00
     11.154     5.5520   3.070548    31.3008        200     0.8292  0.000e+00
     11.156     5.5610   3.070596    31.2930        201     0.8333  0.000e+00
     11.154     5.5679   3.070422    31.2846        202     0.8375  0.000e+00
     11.158     5.5721   3.069085    31.2656        203     0.8417  0.000e+00
     11.162     5.5698   3.068934    31.2660        204     0.8458  0.000e+00
     11.163     5.5643   3.068447    31.2657        205     0.8500  0.000e+00
     11.168     5.5580   3.068405    31.2710        206     0.8542  0.000e+00
     11.172     5.5523   3.068874    31.2817        207     0.8583  0.000e+00
     11.176     5.5494   3.069157    31.2875        208     0.8625  0.000e+00
     11.180     5.5497   3.068194    31.2764        209     0.8667  0.000e+00
     11.180     5.5485   3.066786    31.2616        210     0.8708  0.000e+00
     11.183     5.5410   3.066912    31.2701        211     0.8750  0.000e+00
     11.178     5.5318   3.066202    31.2706        212     0.8792  0.000e+00
     11.178     5.5229   3.064752    31.2626        213     0.8833  0.000e+00
     11.175     5.5098   3.063248    31.2578        214     0.8875  0.000e+00
     11.166     5.4928   3.062935    31.2701        215     0.8917  0.000e+00
