HB2502/sbe108.cnv
* Sea-Bird SBE 19plus V2 Data File:
* FileName = C:\cruise\data\sbe108.hex
* Software Version Seasave V 7.26.7.121
* Temperature SN = 6128
* Conductivity SN = 6128
* System UpLoad Time = Apr 18 2025 19:48:29
* NMEA Latitude = 42 28.29 N
* NMEA Longitude = 070 45.57 W
* NMEA UTC (Time) = Apr 18 2025  19:47:48
** Ship: Henry Bigelow
** Cruise:  HB2502
** Program:  Spring Bottom Trawl
# nquan = 7
# nvalues = 655                                   
# units = specified
# name 0 = depSM: Depth [salt water, m]
# name 1 = tv290C: Temperature [ITS-90, deg C]
# name 2 = c0S/m: Conductivity [S/m]
# name 3 = sal00: Salinity, Practical [PSU]
# name 4 = scan: Scan Count
# name 5 = timeM: Time, Elapsed [minutes]
# name 6 = flag:  0.000e+00
# span 0 =      0.243,     41.692                 
# span 1 =     4.8005,    12.5220                 
# span 2 =   3.034508,   3.652472                 
# span 3 =    29.5401,    32.5829                 
# span 4 =         11,        665                 
# span 5 =     0.0417,     2.7667                 
# span 6 = 0.0000e+00, 0.0000e+00                 
# interval = seconds: 0.25
# start_time = Apr 18 2025 19:47:48 [NMEA time, header]
# bad_flag = -9.990e-29
*END*
      3.776    12.4578   3.652221    31.2423         11     0.0417  0.000e+00
      3.790    12.4715   3.652472    31.2333         12     0.0458  0.000e+00
      3.804    12.4854   3.651828    31.2156         13     0.0500  0.000e+00
      3.806    12.4977   3.651099    31.1985         14     0.0542  0.000e+00
      3.817    12.5078   3.650558    31.1850         15     0.0583  0.000e+00
      3.816    12.5150   3.649933    31.1731         16     0.0625  0.000e+00
      3.816    12.5193   3.649102    31.1616         17     0.0667  0.000e+00
      3.816    12.5215   3.648225    31.1515         18     0.0708  0.000e+00
      3.818    12.5220   3.647304    31.1423         19     0.0750  0.000e+00
      3.817    12.5212   3.646461    31.1349         20     0.0792  0.000e+00
      3.814    12.5179   3.646068    31.1339         21     0.0833  0.000e+00
      3.815    12.5117   3.646048    31.1389         22     0.0875  0.000e+00
      3.813    12.5045   3.645913    31.1436         23     0.0917  0.000e+00
      3.802    12.4995   3.645372    31.1426         24     0.0958  0.000e+00
      3.794    12.4952   3.644522    31.1381         25     0.1000  0.000e+00
      3.785    12.4902   3.643511    31.1326         26     0.1042  0.000e+00
      3.775    12.4860   3.642192    31.1236         27     0.1083  0.000e+00
      3.757    12.4834   3.640183    31.1067         28     0.1125  0.000e+00
      3.744    12.4821   3.637757    31.0847         29     0.1167  0.000e+00
      3.741    12.4824   3.635763    31.0656         30     0.1208  0.000e+00
      3.733    12.4807   3.634020    31.0504         31     0.1250  0.000e+00
      3.732    12.4686   3.633711    31.0574         32     0.1292  0.000e+00
      3.735    12.4405   3.634046    31.0839         33     0.1333  0.000e+00
      3.744    12.4056   3.634426    31.1164         34     0.1375  0.000e+00
      3.752    12.3770   3.634362    31.1395         35     0.1417  0.000e+00
      3.754    12.3568   3.633957    31.1524         36     0.1458  0.000e+00
      3.752    12.3480   3.633442    31.1548         37     0.1500  0.000e+00
      3.753    12.3455   3.632027    31.1434         38     0.1542  0.000e+00
      3.751    12.3452   3.628845    31.1133         39     0.1583  0.000e+00
      3.748    12.3449   3.623826    31.0658         40     0.1625  0.000e+00
      3.748    12.3440   3.617333    31.0046         41     0.1667  0.000e+00
      3.751    12.3430   3.607919    30.9158         42     0.1708  0.000e+00
      3.756    12.3413   3.603046    30.8708         43     0.1750  0.000e+00
      3.763    12.3281   3.605309    30.9032         44     0.1792  0.000e+00
      3.776    12.2535   3.607497    30.9857         45     0.1833  0.000e+00
      3.791    12.1426   3.605972    31.0630         46     0.1875  0.000e+00
      3.802    12.0797   3.604556    31.1018         47     0.1917  0.000e+00
      3.812    12.0467   3.603473    31.1189         48     0.1958  0.000e+00
      3.825    12.0149   3.602454    31.1357         49     0.2000  0.000e+00
      3.827    11.9859   3.601371    31.1494         50     0.2042  0.000e+00
      3.825    11.9652   3.600353    31.1570         51     0.2083  0.000e+00
      3.818    11.9532   3.599186    31.1558         52     0.2125  0.000e+00
      3.811    11.9460   3.597835    31.1488         53     0.2167  0.000e+00
      3.800    11.9409   3.596246    31.1377         54     0.2208  0.000e+00
      3.793    11.9369   3.593486    31.1146         55     0.2250  0.000e+00
      3.782    11.9331   3.588269    31.0675         56     0.2292  0.000e+00
      3.775    11.9267   3.580657    30.9997         57     0.2333  0.000e+00
      3.768    11.9144   3.571077    30.9178         58     0.2375  0.000e+00
      3.765    11.8954   3.561176    30.8384         59     0.2417  0.000e+00
      3.759    11.8693   3.553587    30.7870         60     0.2458  0.000e+00
      3.755    11.8169   3.550547    30.8010         61     0.2500  0.000e+00
      3.754    11.7217   3.550587    30.8804         62     0.2542  0.000e+00
      3.751    11.6128   3.551659    30.9815         63     0.2583  0.000e+00
      3.747    11.5169   3.552437    31.0693         64     0.2625  0.000e+00
      3.736    11.4345   3.552400    31.1382         65     0.2667  0.000e+00
      3.725    11.3675   3.551700    31.1879         66     0.2708  0.000e+00
      3.716    11.3186   3.550591    31.2184         67     0.2750  0.000e+00
      3.709    11.2883   3.548922    31.2277         68     0.2792  0.000e+00
      3.703    11.2734   3.543731    31.1896         69     0.2833  0.000e+00
      3.702    11.2572   3.529339    31.0627         70     0.2875  0.000e+00
      3.707    11.2329   3.511207    30.9059         71     0.2917  0.000e+00
      3.722    11.2007   3.501011    30.8332         72     0.2958  0.000e+00
      3.729    11.1008   3.496837    30.8761         73     0.3000  0.000e+00
      3.746    10.9564   3.495907    30.9885         74     0.3042  0.000e+00
      3.760    10.8326   3.499197    31.1257         75     0.3083  0.000e+00
      3.776    10.7464   3.507914    31.2854         76     0.3125  0.000e+00
      3.749    10.6991   3.521040    31.4561         77     0.3167  0.000e+00
      3.698    10.6756   3.523835    31.5042         78     0.3208  0.000e+00
      3.616    10.6581   3.508536    31.3674         79     0.3250  0.000e+00
      3.509    10.4316   3.399953    30.4809         80     0.3292  0.000e+00
      3.395     9.9002   3.284965    29.7740         81     0.3333  0.000e+00
      3.243     9.2467   3.208471    29.5401         82     0.3375  0.000e+00
      3.059     8.5915   3.166101    29.6504         83     0.3417  0.000e+00
      2.827     7.9713   3.146493    29.9714         84     0.3458  0.000e+00
      2.576     7.4359   3.137774    30.3424         85     0.3500  0.000e+00
      2.335     7.0055   3.130368    30.6426         86     0.3542  0.000e+00
      2.115     6.6768   3.127090    30.9016         87     0.3583  0.000e+00
      1.900     6.4371   3.122249    31.0659         88     0.3625  0.000e+00
      1.655     6.2640   3.119554    31.1944         89     0.3667  0.000e+00
      1.404     6.1454   3.121270    31.3227         90     0.3708  0.000e+00
      1.153     6.0736   3.123501    31.4141         91     0.3750  0.000e+00
      0.921     6.0364   3.125435    31.4702         92     0.3792  0.000e+00
      0.693     6.0208   3.124174    31.4708         93     0.3833  0.000e+00
      0.438     6.0152   3.157443    31.8472         94     0.3875  0.000e+00
      0.282     6.0151   3.223222    32.5829         95     0.3917  0.000e+00
      0.243     6.0332   3.207750    32.3924         96     0.3958  0.000e+00
      0.333     6.2113   3.181805    31.9343         97     0.4000  0.000e+00
      0.407     6.4499   3.187110    31.7697         98     0.4042  0.000e+00
      0.384     6.6036   3.195243    31.7164         99     0.4083  0.000e+00
      0.333     6.7067   3.197223    31.6427        100     0.4125  0.000e+00
      0.317     6.7873   3.207602    31.6818        101     0.4167  0.000e+00
      0.359     6.8410   3.208783    31.6452        102     0.4208  0.000e+00
      0.435     6.8953   3.215038    31.6634        103     0.4250  0.000e+00
      0.505     6.9662   3.221181    31.6650        104     0.4292  0.000e+00
      0.548     7.0290   3.219445    31.5884        105     0.4333  0.000e+00
      0.545     7.0788   3.213179    31.4748        106     0.4375  0.000e+00
      0.507     7.1043   3.210306    31.4204        107     0.4417  0.000e+00
      0.480     7.0591   3.218249    31.5478        108     0.4458  0.000e+00
      0.478     6.9666   3.234754    31.8125        109     0.4500  0.000e+00
      0.481     6.8773   3.242057    31.9749        110     0.4542  0.000e+00
      0.496     6.8571   3.244032    32.0154        111     0.4583  0.000e+00
      0.514     6.9441   3.244117    31.9353        112     0.4625  0.000e+00
      0.534     7.0599   3.243864    31.8253        113     0.4667  0.000e+00
      0.558     7.1682   3.245074    31.7387        114     0.4708  0.000e+00
      0.566     7.2593   3.246297    31.6682        115     0.4750  0.000e+00
      0.541     7.3271   3.239458    31.5325        116     0.4792  0.000e+00
      0.498     7.3768   3.236722    31.4578        117     0.4833  0.000e+00
      0.451     7.4128   3.237914    31.4380        118     0.4875  0.000e+00
      0.429     7.4299   3.239555    31.4401        119     0.4917  0.000e+00
      0.400     7.4088   3.240441    31.4688        120     0.4958  0.000e+00
      0.362     7.3489   3.242391    31.5443        121     0.5000  0.000e+00
      0.311     7.2657   3.251953    31.7236        122     0.5042  0.000e+00
      0.300     7.2091   3.252945    31.7864        123     0.5083  0.000e+00
      0.373     7.2315   3.253339    31.7700        124     0.5125  0.000e+00
      0.440     7.3453   3.254477    31.6778        125     0.5167  0.000e+00
      0.454     7.4621   3.252758    31.5528        126     0.5208  0.000e+00
      0.424     7.5451   3.248540    31.4321        127     0.5250  0.000e+00
      0.398     7.5958   3.250072    31.4027        128     0.5292  0.000e+00
      0.380     7.6217   3.257141    31.4550        129     0.5333  0.000e+00
      0.378     7.6321   3.259587    31.4718        130     0.5375  0.000e+00
      0.408     7.6436   3.262305    31.4904        131     0.5417  0.000e+00
      0.429     7.6755   3.263975    31.4794        132     0.5458  0.000e+00
      0.434     7.7101   3.264024    31.4486        133     0.5500  0.000e+00
      0.416     7.7379   3.263568    31.4187        134     0.5542  0.000e+00
      0.404     7.7564   3.266768    31.4361        135     0.5583  0.000e+00
      0.405     7.7681   3.266619    31.4239        136     0.5625  0.000e+00
      0.445     7.7839   3.266323    31.4066        137     0.5667  0.000e+00
      0.507     7.8183   3.268661    31.4004        138     0.5708  0.000e+00
      0.552     7.8563   3.269635    31.3767        139     0.5750  0.000e+00
      0.568     7.8888   3.267161    31.3212        140     0.5792  0.000e+00
      0.557     7.9089   3.263819    31.2677        141     0.5833  0.000e+00
      0.519     7.9181   3.262758    31.2482        142     0.5875  0.000e+00
      0.485     7.9124   3.263757    31.2639        143     0.5917  0.000e+00
      0.459     7.8881   3.267494    31.3253        144     0.5958  0.000e+00
      0.445     7.8668   3.270696    31.3786        145     0.6000  0.000e+00
      0.436     7.8408   3.271795    31.4136        146     0.6042  0.000e+00
      0.416     7.8153   3.273424    31.4539        147     0.6083  0.000e+00
      0.405     7.8214   3.274362    31.4584        148     0.6125  0.000e+00
      0.411     7.8528   3.275091    31.4379        149     0.6167  0.000e+00
      0.418     7.8944   3.275454    31.4043        150     0.6208  0.000e+00
      0.398     7.9331   3.272047    31.3334        151     0.6250  0.000e+00
      0.356     7.9592   3.171306    30.2445        152     0.6292  0.000e+00
      0.342     7.7939   3.107345    29.7108        153     0.6333  0.000e+00
      0.361     7.3518   3.102095    30.0348        154     0.6375  0.000e+00
      0.381     6.9210   3.100068    30.3902        155     0.6417  0.000e+00
      0.444     6.5969   3.098893    30.6658        156     0.6458  0.000e+00
      0.593     6.3737   3.097977    30.8568        157     0.6500  0.000e+00
      0.793     6.2262   3.097332    30.9837        158     0.6542  0.000e+00
      1.025     6.1316   3.097254    31.0691        159     0.6583  0.000e+00
      1.251     6.0723   3.095086    31.0992        160     0.6625  0.000e+00
      1.461     6.0319   3.093426    31.1177        161     0.6667  0.000e+00
      1.649     6.0015   3.091536    31.1246        162     0.6708  0.000e+00
      1.850     5.9756   3.090824    31.1403        163     0.6750  0.000e+00
      2.072     5.9543   3.089997    31.1506        164     0.6792  0.000e+00
      2.313     5.9372   3.088748    31.1524        165     0.6833  0.000e+00
      2.532     5.9227   3.087952    31.1567        166     0.6875  0.000e+00
      2.713     5.9108   3.087427    31.1617        167     0.6917  0.000e+00
      2.877     5.9006   3.086425    31.1599        168     0.6958  0.000e+00
      3.053     5.8908   3.085285    31.1562        169     0.7000  0.000e+00
      3.254     5.8805   3.084254    31.1540        170     0.7042  0.000e+00
      3.455     5.8698   3.083512    31.1554        171     0.7083  0.000e+00
      3.643     5.8592   3.083651    31.1667        172     0.7125  0.000e+00
      3.817     5.8513   3.083494    31.1722        173     0.7167  0.000e+00
      3.982     5.8460   3.083199    31.1737        174     0.7208  0.000e+00
      4.153     5.8419   3.083573    31.1815        175     0.7250  0.000e+00
      4.352     5.8395   3.084019    31.1887        176     0.7292  0.000e+00
      4.553     5.8397   3.084273    31.1912        177     0.7333  0.000e+00
      4.740     5.8411   3.084056    31.1875        178     0.7375  0.000e+00
      4.910     5.8425   3.083766    31.1828        179     0.7417  0.000e+00
      5.082     5.8428   3.083628    31.1809        180     0.7458  0.000e+00
      5.268     5.8421   3.083591    31.1811        181     0.7500  0.000e+00
      5.467     5.8413   3.083103    31.1763        182     0.7542  0.000e+00
      5.670     5.8399   3.082349    31.1690        183     0.7583  0.000e+00
      5.860     5.8365   3.078255    31.1263        184     0.7625  0.000e+00
      6.041     5.8236   3.074291    31.0938        185     0.7667  0.000e+00
      6.225     5.7995   3.071791    31.0879        186     0.7708  0.000e+00
      6.426     5.7652   3.068540    31.0830        187     0.7750  0.000e+00
      6.641     5.7284   3.066542    31.0944        188     0.7792  0.000e+00
      6.842     5.6880   3.065098    31.1155        189     0.7833  0.000e+00
      7.034     5.6482   3.065622    31.1581        190     0.7875  0.000e+00
      7.213     5.6189   3.064623    31.1738        191     0.7917  0.000e+00
      7.403     5.5970   3.063595    31.1825        192     0.7958  0.000e+00
      7.605     5.5782   3.062319    31.1855        193     0.8000  0.000e+00
      7.810     5.5563   3.061466    31.1961        194     0.8042  0.000e+00
      8.007     5.5324   3.060973    31.2126        195     0.8083  0.000e+00
      8.197     5.5122   3.060660    31.2278        196     0.8125  0.000e+00
      8.390     5.4957   3.059079    31.2251        197     0.8167  0.000e+00
      8.596     5.4789   3.058778    31.2373        198     0.8208  0.000e+00
      8.812     5.4619   3.057540    31.2391        199     0.8250  0.000e+00
      9.021     5.4436   3.057137    31.2515        200     0.8292  0.000e+00
      9.224     5.4272   3.057276    31.2682        201     0.8333  0.000e+00
      9.410     5.4154   3.056362    31.2688        202     0.8375  0.000e+00
      9.602     5.4044   3.055671    31.2711        203     0.8417  0.000e+00
      9.797     5.3927   3.055551    31.2805        204     0.8458  0.000e+00
      9.994     5.3828   3.054866    31.2820        205     0.8500  0.000e+00
     10.179     5.3737   3.054440    31.2855        206     0.8542  0.000e+00
     10.349     5.3648   3.054127    31.2902        207     0.8583  0.000e+00
     10.524     5.3561   3.054001    31.2968        208     0.8625  0.000e+00
     10.702     5.3491   3.053286    31.2952        209     0.8667  0.000e+00
     10.888     5.3415   3.053130    31.3004        210     0.8708  0.000e+00
     11.076     5.3344   3.052692    31.3020        211     0.8750  0.000e+00
     11.253     5.3270   3.052097    31.3021        212     0.8792  0.000e+00
     11.434     5.3185   3.052343    31.3128        213     0.8833  0.000e+00
     11.621     5.3118   3.052079    31.3159        214     0.8875  0.000e+00
     11.813     5.3071   3.051713    31.3161        215     0.8917  0.000e+00
