HB2502/sbe103.cnv
* Sea-Bird SBE 19plus V2 Data File:
* FileName = C:\cruise\data\sbe103.hex
* Software Version Seasave V 7.26.7.121
* Temperature SN = 6128
* Conductivity SN = 6128
* System UpLoad Time = Apr 18 2025 06:59:52
* NMEA Latitude = 42 05.60 N
* NMEA Longitude = 070 16.00 W
* NMEA UTC (Time) = Apr 18 2025  06:59:11
** Ship: Henry Bigelow
** Cruise:  HB2502
** Program:  Spring Bottom Trawl
# nquan = 7
# nvalues = 1115                                  
# units = specified
# name 0 = depSM: Depth [salt water, m]
# name 1 = tv290C: Temperature [ITS-90, deg C]
# name 2 = c0S/m: Conductivity [S/m]
# name 3 = sal00: Salinity, Practical [PSU]
# name 4 = scan: Scan Count
# name 5 = timeM: Time, Elapsed [minutes]
# name 6 = flag:  0.000e+00
# span 0 =      0.217,     57.034                 
# span 1 =     5.7464,     6.2868                 
# span 2 =   0.023047,   3.200495                 
# span 3 =     0.1723,    32.1766                 
# span 4 =         11,       1125                 
# span 5 =     0.0417,     4.6833                 
# span 6 = 0.0000e+00, 0.0000e+00                 
# interval = seconds: 0.25
# start_time = Apr 18 2025 06:59:11 [NMEA time, header]
# bad_flag = -9.990e-29
*END*
[from data line 1026]
     15.103     6.0967   3.186330    32.0855       1037     4.3167  0.000e+00
     14.892     6.0974   3.185865    32.0798       1038     4.3208  0.000e+00
     14.671     6.0964   3.185926    32.0815       1039     4.3250  0.000e+00
     14.457     6.0949   3.186128    32.0853       1040     4.3292  0.000e+00
     14.233     6.0944   3.186049    32.0850       1041     4.3333  0.000e+00
     14.010     6.0944   3.186048    32.0850       1042     4.3375  0.000e+00
     13.793     6.0943   3.186091    32.0857       1043     4.3417  0.000e+00
     13.571     6.0945   3.186250    32.0874       1044     4.3458  0.000e+00
     13.355     6.0952   3.186653    32.0914       1045     4.3500  0.000e+00
     13.144     6.0968   3.186836    32.0921       1046     4.3542  0.000e+00
     12.921     6.0993   3.186836    32.0897       1047     4.3583  0.000e+00
     12.714     6.1015   3.186897    32.0885       1048     4.3625  0.000e+00
     12.507     6.1031   3.186976    32.0879       1049     4.3667  0.000e+00
     12.303     6.1045   3.187056    32.0876       1050     4.3708  0.000e+00
     12.102     6.1060   3.187196    32.0879       1051     4.3750  0.000e+00
     11.901     6.1072   3.187422    32.0893       1052     4.3792  0.000e+00
     11.706     6.1088   3.187343    32.0870       1053     4.3833  0.000e+00
     11.514     6.1102   3.187239    32.0846       1054     4.3875  0.000e+00
     11.324     6.1108   3.187159    32.0832       1055     4.3917  0.000e+00
     11.129     6.1111   3.187037    32.0817       1056     4.3958  0.000e+00
     10.935     6.1106   3.186933    32.0811       1057     4.4000  0.000e+00
     10.735     6.1097   3.186835    32.0809       1058     4.4042  0.000e+00
     10.540     6.1088   3.186817    32.0817       1059     4.4083  0.000e+00
     10.344     6.1080   3.186976    32.0843       1060     4.4125  0.000e+00
     10.145     6.1077   3.187605    32.0917       1061     4.4167  0.000e+00
      9.944     6.1089   3.187806    32.0929       1062     4.4208  0.000e+00
      9.734     6.1117   3.187098    32.0825       1063     4.4250  0.000e+00
      9.528     6.1127   3.186914    32.0796       1064     4.4292  0.000e+00
      9.322     6.1119   3.187055    32.0820       1065     4.4333  0.000e+00
      9.127     6.1109   3.187055    32.0831       1066     4.4375  0.000e+00
      8.926     6.1102   3.186975    32.0829       1067     4.4417  0.000e+00
      8.718     6.1100   3.187140    32.0851       1068     4.4458  0.000e+00
      8.510     6.1101   3.187036    32.0839       1069     4.4500  0.000e+00
      8.306     6.1103   3.187018    32.0836       1070     4.4542  0.000e+00
      8.099     6.1102   3.187421    32.0883       1071     4.4583  0.000e+00
      7.888     6.1106   3.188734    32.1027       1072     4.4625  0.000e+00
      7.676     6.1144   3.188795    32.0998       1073     4.4667  0.000e+00
      7.459     6.1202   3.188954    32.0962       1074     4.4708  0.000e+00
      7.244     6.1254   3.188716    32.0888       1075     4.4750  0.000e+00
      7.023     6.1288   3.188508    32.0833       1076     4.4792  0.000e+00
      6.803     6.1300   3.188007    32.0767       1077     4.4833  0.000e+00
      6.584     6.1290   3.187866    32.0763       1078     4.4875  0.000e+00
      6.359     6.1271   3.188410    32.0841       1079     4.4917  0.000e+00
      6.146     6.1265   3.189925    32.1017       1080     4.4958  0.000e+00
      5.940     6.1304   3.190371    32.1032       1081     4.5000  0.000e+00
      5.734     6.1375   3.190554    32.0986       1082     4.5042  0.000e+00
      5.538     6.1443   3.190695    32.0938       1083     4.5083  0.000e+00
      5.336     6.1495   3.190731    32.0894       1084     4.5125  0.000e+00
      5.137     6.1537   3.190731    32.0855       1085     4.5167  0.000e+00
      4.934     6.1564   3.190774    32.0835       1086     4.5208  0.000e+00
      4.739     6.1579   3.190774    32.0822       1087     4.5250  0.000e+00
      4.539     6.1591   3.190792    32.0814       1088     4.5292  0.000e+00
      4.335     6.1599   3.190755    32.0803       1089     4.5333  0.000e+00
      4.134     6.1604   3.190774    32.0801       1090     4.5375  0.000e+00
      3.930     6.1608   3.190731    32.0793       1091     4.5417  0.000e+00
      3.721     6.1610   3.190712    32.0790       1092     4.5458  0.000e+00
      3.510     6.1612   3.190590    32.0776       1093     4.5500  0.000e+00
      3.298     6.1611   3.190608    32.0780       1094     4.5542  0.000e+00
      3.084     6.1606   3.190608    32.0786       1095     4.5583  0.000e+00
      2.867     6.1604   3.190492    32.0776       1096     4.5625  0.000e+00
      2.667     6.1599   3.190449    32.0777       1097     4.5667  0.000e+00
      2.476     6.1594   3.190345    32.0771       1098     4.5708  0.000e+00
      2.297     6.1587   3.190168    32.0759       1099     4.5750  0.000e+00
      2.118     6.1578   3.190535    32.0809       1100     4.5792  0.000e+00
      1.935     6.1578   3.190694    32.0828       1101     4.5833  0.000e+00
      1.744     6.1585   3.190693    32.0822       1102     4.5875  0.000e+00
      1.545     6.1595   3.190632    32.0807       1103     4.5917  0.000e+00
      1.317     6.1601   3.190651    32.0803       1104     4.5958  0.000e+00
      1.091     6.1609   3.190632    32.0796       1105     4.6000  0.000e+00
      0.837     6.1613   3.190406    32.0768       1106     4.6042  0.000e+00
      0.557     6.1610   3.189520    32.0673       1107     4.6083  0.000e+00
      0.306     6.1592   3.189092    32.0644       1108     4.6125  0.000e+00
      0.217     6.1554   3.188915    32.0661       1109     4.6167  0.000e+00
      0.246     6.1513   3.189355    32.0748       1110     4.6208  0.000e+00
      0.359     6.1492   3.189740    32.0811       1111     4.6250  0.000e+00
      0.453     6.1495   3.188811    32.0703       1112     4.6292  0.000e+00
      0.502     6.1505   3.189923    32.0818       1113     4.6333  0.000e+00
      0.516     6.1515   3.189819    32.0797       1114     4.6375  0.000e+00
      0.518     6.1520   3.189801    32.0789       1115     4.6417  0.000e+00
      0.527     6.1524   3.189862    32.0793       1116     4.6458  0.000e+00
      0.528     6.1527   3.189880    32.0792       1117     4.6500  0.000e+00
      0.484     6.1530   3.189880    32.0789       1118     4.6542  0.000e+00
      0.406     6.1534   3.190106    32.0811       1119     4.6583  0.000e+00
      0.323     6.1543   3.189941    32.0785       1120     4.6625  0.000e+00
      0.292     6.1548   3.189740    32.0758       1121     4.6667  0.000e+00
      0.331     6.1545   3.189862    32.0774       1122     4.6708  0.000e+00
      0.411     6.1542   3.189862    32.0777       1123     4.6750  0.000e+00
      0.486     6.1542   3.189941    32.0785       1124     4.6792  0.000e+00
      0.541     6.1543   3.189862    32.0774       1125     4.6833  0.000e+00
