HB2502/sbe118.cnv
* Sea-Bird SBE 19plus V2 Data File:
* FileName = C:\cruise\data\sbe118.hex
* Software Version Seasave V 7.26.7.121
* Temperature SN = 6128
* Conductivity SN = 6128
* System UpLoad Time = Apr 19 2025 20:25:50
* NMEA Latitude = 42 57.27 N
* NMEA Longitude = 070 23.88 W
* NMEA UTC (Time) = Apr 19 2025  20:25:11
** Ship: Henry Bigelow
** Cruise:  HB2502
** Program:  Spring Bottom Trawl
# nquan = 7
# nvalues = 1757                                  
# units = specified
# name 0 = depSM: Depth [salt water, m]
# name 1 = tv290C: Temperature [ITS-90, deg C]
# name 2 = c0S/m: Conductivity [S/m]
# name 3 = sal00: Salinity, Practical [PSU]
# name 4 = scan: Scan Count
# name 5 = timeM: Time, Elapsed [minutes]
# name 6 = flag:  0.000e+00
# span 0 =      0.154,    116.786                 
# span 1 =     3.6986,     8.0200                 
# span 2 =   3.015316,   3.329120                 
# span 3 =    30.0943,    33.3082                 
# span 4 =         11,       1767                 
# span 5 =     0.0417,     7.3583                 
# span 6 = 0.0000e+00, 0.0000e+00                 
# interval = seconds: 0.25
# start_time = Apr 19 2025 20:25:11 [NMEA time, header]
# bad_flag = -9.990e-29
*END*
[from data line 616]
     81.609     3.8267   3.038782    32.5605        627     2.6083  0.000e+00
     81.775     3.8263   3.038632    32.5590        628     2.6125  0.000e+00
     81.953     3.8260   3.038530    32.5581        629     2.6167  0.000e+00
     82.149     3.8253   3.038416    32.5573        630     2.6208  0.000e+00
     82.350     3.8246   3.038308    32.5567        631     2.6250  0.000e+00
     82.552     3.8233   3.038380    32.5587        632     2.6292  0.000e+00
     82.758     3.8225   3.038345    32.5589        633     2.6333  0.000e+00
     82.981     3.8218   3.038249    32.5584        634     2.6375  0.000e+00
     83.210     3.8212   3.038207    32.5584        635     2.6417  0.000e+00
     83.442     3.8202   3.038189    32.5590        636     2.6458  0.000e+00
     83.670     3.8196   3.038189    32.5595        637     2.6500  0.000e+00
     83.894     3.8189   3.038093    32.5590        638     2.6542  0.000e+00
     84.111     3.8183   3.038063    32.5591        639     2.6583  0.000e+00
     84.335     3.8178   3.038171    32.5608        640     2.6625  0.000e+00
     84.549     3.8173   3.038171    32.5611        641     2.6667  0.000e+00
     84.753     3.8173   3.038087    32.5600        642     2.6708  0.000e+00
     84.950     3.8168   3.037883    32.5580        643     2.6750  0.000e+00
     85.131     3.8162   3.037788    32.5573        644     2.6792  0.000e+00
     85.319     3.8151   3.037722    32.5576        645     2.6833  0.000e+00
     85.491     3.8139   3.037788    32.5595        646     2.6875  0.000e+00
     85.652     3.8130   3.037692    32.5591        647     2.6917  0.000e+00
     85.805     3.8123   3.037584    32.5585        648     2.6958  0.000e+00
     85.954     3.8115   3.037542    32.5587        649     2.7000  0.000e+00
     86.109     3.8105   3.037542    32.5596        650     2.7042  0.000e+00
     86.263     3.8099   3.037614    32.5610        651     2.7083  0.000e+00
     86.420     3.8095   3.037614    32.5613        652     2.7125  0.000e+00
     86.581     3.8093   3.037602    32.5613        653     2.7167  0.000e+00
     86.753     3.8092   3.037578    32.5610        654     2.7208  0.000e+00
     86.943     3.8092   3.037920    32.5649        655     2.7250  0.000e+00
     87.143     3.8096   3.038088    32.5665        656     2.7292  0.000e+00
     87.359     3.8110   3.037962    32.5635        657     2.7333  0.000e+00
     87.583     3.8120   3.037866    32.5612        658     2.7375  0.000e+00
     87.821     3.8123   3.037866    32.5608        659     2.7417  0.000e+00
     88.072     3.8121   3.037866    32.5609        660     2.7458  0.000e+00
     88.329     3.8118   3.037579    32.5576        661     2.7500  0.000e+00
     88.588     3.8112   3.037261    32.5543        662     2.7542  0.000e+00
     88.834     3.8096   3.036757    32.5498        663     2.7583  0.000e+00
     89.071     3.8068   3.036511    32.5495        664     2.7625  0.000e+00
     89.295     3.8037   3.035894    32.5452        665     2.7667  0.000e+00
     89.508     3.7994   3.035570    32.5456        666     2.7708  0.000e+00
     89.696     3.7950   3.034983    32.5429        667     2.7750  0.000e+00
     89.868     3.7900   3.034731    32.5448        668     2.7792  0.000e+00
     90.022     3.7852   3.034503    32.5468        669     2.7833  0.000e+00
     90.166     3.7807   3.034438    32.5504        670     2.7875  0.000e+00
     90.307     3.7770   3.034426    32.5538        671     2.7917  0.000e+00
     90.432     3.7744   3.034438    32.5566        672     2.7958  0.000e+00
     90.567     3.7726   3.034252    32.5561        673     2.8000  0.000e+00
     90.709     3.7712   3.034234    32.5572        674     2.8042  0.000e+00
     90.870     3.7698   3.034276    32.5590        675     2.8083  0.000e+00
     91.049     3.7689   3.034768    32.5656        676     2.8125  0.000e+00
     91.241     3.7691   3.034714    32.5647        677     2.8167  0.000e+00
     91.447     3.7705   3.034294    32.5583        678     2.8208  0.000e+00
     91.671     3.7704   3.034234    32.5575        679     2.8250  0.000e+00
     91.912     3.7695   3.034043    32.5560        680     2.8292  0.000e+00
     92.163     3.7681   3.033629    32.5524        681     2.8333  0.000e+00
     92.411     3.7660   3.033377    32.5513        682     2.8375  0.000e+00
     92.648     3.7633   3.032964    32.5490        683     2.8417  0.000e+00
     92.878     3.7599   3.032958    32.5522        684     2.8458  0.000e+00
     93.102     3.7570   3.032575    32.5504        685     2.8500  0.000e+00
     93.313     3.7539   3.032521    32.5528        686     2.8542  0.000e+00
     93.509     3.7513   3.032287    32.5524        687     2.8583  0.000e+00
     93.688     3.7488   3.031604    32.5467        688     2.8625  0.000e+00
     93.850     3.7455   3.031616    32.5501        689     2.8667  0.000e+00
     94.013     3.7420   3.031580    32.5531        690     2.8708  0.000e+00
     94.178     3.7394   3.031556    32.5553        691     2.8750  0.000e+00
     94.341     3.7377   3.031490    32.5562        692     2.8792  0.000e+00
     94.496     3.7362   3.031466    32.5573        693     2.8833  0.000e+00
     94.659     3.7352   3.031317    32.5564        694     2.8875  0.000e+00
     94.825     3.7343   3.031125    32.5550        695     2.8917  0.000e+00
     95.002     3.7331   3.031089    32.5556        696     2.8958  0.000e+00
     95.185     3.7318   3.031095    32.5569        697     2.9000  0.000e+00
     95.375     3.7307   3.030916    32.5558        698     2.9042  0.000e+00
     95.577     3.7296   3.031035    32.5582        699     2.9083  0.000e+00
     95.783     3.7288   3.031012    32.5586        700     2.9125  0.000e+00
     96.006     3.7283   3.031012    32.5589        701     2.9167  0.000e+00
     96.234     3.7282   3.030934    32.5580        702     2.9208  0.000e+00
     96.463     3.7279   3.030802    32.5566        703     2.9250  0.000e+00
     96.695     3.7273   3.030766    32.5567        704     2.9292  0.000e+00
     96.926     3.7265   3.030610    32.5555        705     2.9333  0.000e+00
     97.158     3.7254   3.030365    32.5536        706     2.9375  0.000e+00
     97.385     3.7239   3.030029    32.5510        707     2.9417  0.000e+00
     97.602     3.7217   3.029808    32.5504        708     2.9458  0.000e+00
     97.803     3.7191   3.030000    32.5552        709     2.9500  0.000e+00
     97.995     3.7173   3.029664    32.5529        710     2.9542  0.000e+00
     98.175     3.7156   3.029580    32.5534        711     2.9583  0.000e+00
     98.347     3.7137   3.029527    32.5546        712     2.9625  0.000e+00
     98.502     3.7122   3.029335    32.5538        713     2.9667  0.000e+00
     98.654     3.7107   3.029239    32.5541        714     2.9708  0.000e+00
     98.801     3.7091   3.029143    32.5544        715     2.9750  0.000e+00
     98.952     3.7077   3.029107    32.5553        716     2.9792  0.000e+00
     99.110     3.7063   3.029293    32.5588        717     2.9833  0.000e+00
     99.267     3.7057   3.029425    32.5610        718     2.9875  0.000e+00
     99.430     3.7056   3.029563    32.5626        719     2.9917  0.000e+00
     99.596     3.7063   3.029623    32.5625        720     2.9958  0.000e+00
     99.779     3.7072   3.029623    32.5616        721     3.0000  0.000e+00
     99.976     3.7078   3.029677    32.5615        722     3.0042  0.000e+00
    100.173     3.7082   3.029767    32.5621        723     3.0083  0.000e+00
    100.385     3.7086   3.029809    32.5621        724     3.0125  0.000e+00
    100.611     3.7093   3.029785    32.5609        725     3.0167  0.000e+00
    100.849     3.7098   3.029851    32.5611        726     3.0208  0.000e+00
    101.088     3.7101   3.029869    32.5609        727     3.0250  0.000e+00
    101.336     3.7104   3.029905    32.5609        728     3.0292  0.000e+00
    101.578     3.7104   3.029851    32.5601        729     3.0333  0.000e+00
    101.822     3.7104   3.029983    32.5615        730     3.0375  0.000e+00
    102.072     3.7105   3.029785    32.5590        731     3.0417  0.000e+00
    102.320     3.7103   3.029851    32.5598        732     3.0458  0.000e+00
    102.553     3.7097   3.030091    32.5632        733     3.0500  0.000e+00
    102.770     3.7099   3.030097    32.5629        734     3.0542  0.000e+00
    102.962     3.7104   3.030079    32.5621        735     3.0583  0.000e+00
    103.148     3.7105   3.030049    32.5615        736     3.0625  0.000e+00
    103.314     3.7107   3.029947    32.5600        737     3.0667  0.000e+00
    103.472     3.7103   3.029929    32.5602        738     3.0708  0.000e+00
    103.600     3.7098   3.029906    32.5603        739     3.0750  0.000e+00
    103.712     3.7092   3.029906    32.5608        740     3.0792  0.000e+00
    103.822     3.7086   3.029930    32.5617        741     3.0833  0.000e+00
    103.943     3.7083   3.030139    32.5644        742     3.0875  0.000e+00
    104.059     3.7083   3.031661    32.5824        743     3.0917  0.000e+00
    104.192     3.7110   3.031074    32.5726        744     3.0958  0.000e+00
    104.341     3.7144   3.031434    32.5735        745     3.1000  0.000e+00
    104.520     3.7168   3.033591    32.5966        746     3.1042  0.000e+00
    104.724     3.7222   3.035510    32.6139        747     3.1083  0.000e+00
    104.958     3.7326   3.038160    32.6348        748     3.1125  0.000e+00
    105.214     3.7480   3.045936    32.7117        749     3.1167  0.000e+00
    105.489     3.7751   3.049887    32.7313        750     3.1208  0.000e+00
    105.782     3.8133   3.052867    32.7282        751     3.1250  0.000e+00
    106.088     3.8513   3.054597    32.7105        752     3.1292  0.000e+00
    106.390     3.8853   3.055535    32.6875        753     3.1333  0.000e+00
    106.672     3.9123   3.056159    32.6678        754     3.1375  0.000e+00
    106.936     3.9322   3.056526    32.6521        755     3.1417  0.000e+00
    107.175     3.9469   3.058011    32.6549        756     3.1458  0.000e+00
    107.387     3.9594   3.059105    32.6552        757     3.1500  0.000e+00
    107.573     3.9711   3.059803    32.6517        758     3.1542  0.000e+00
    107.725     3.9826   3.060248    32.6454        759     3.1583  0.000e+00
    107.846     3.9920   3.061306    32.6485        760     3.1625  0.000e+00
    107.951     4.0008   3.061499    32.6419        761     3.1667  0.000e+00
    108.045     4.0085   3.061715    32.6367        762     3.1708  0.000e+00
    108.132     4.0144   3.062287    32.6376        763     3.1750  0.000e+00
    108.218     4.0194   3.062617    32.6364        764     3.1792  0.000e+00
    108.310     4.0239   3.062575    32.6314        765     3.1833  0.000e+00
    108.431     4.0273   3.063141    32.6347        766     3.1875  0.000e+00
    108.570     4.0305   3.063658    32.6375        767     3.1917  0.000e+00
    108.740     4.0346   3.063213    32.6281        768     3.1958  0.000e+00
    108.941     4.0371   3.063797    32.6323        769     3.2000  0.000e+00
    109.169     4.0397   3.065843    32.6538        770     3.2042  0.000e+00
    109.428     4.0456   3.068046    32.6737        771     3.2083  0.000e+00
    109.719     4.0553   3.070057    32.6876        772     3.2125  0.000e+00
    110.015     4.0694   3.071953    32.6957        773     3.2167  0.000e+00
    110.318     4.0864   3.073158    32.6928        774     3.2208  0.000e+00
    110.609     4.1025   3.074688    32.6946        775     3.2250  0.000e+00
    110.898     4.1175   3.076213    32.6975        776     3.2292  0.000e+00
    111.169     4.1320   3.076899    32.6910        777     3.2333  0.000e+00
    111.422     4.1455   3.078394    32.6950        778     3.2375  0.000e+00
    111.636     4.1576   3.080257    32.7047        779     3.2417  0.000e+00
    111.822     4.1712   3.081583    32.7066        780     3.2458  0.000e+00
    111.979     4.1852   3.084183    32.7232        781     3.2500  0.000e+00
    112.118     4.2011   3.085003    32.7169        782     3.2542  0.000e+00
    112.243     4.2174   3.087452    32.7293        783     3.2583  0.000e+00
    112.355     4.2334   3.088961    32.7310        784     3.2625  0.000e+00
    112.458     4.2504   3.089094    32.7157        785     3.2667  0.000e+00
    112.574     4.2644   3.089287    32.7040        786     3.2708  0.000e+00
    112.701     4.2747   3.089462    32.6957        787     3.2750  0.000e+00
    112.853     4.2817   3.090711    32.7034        788     3.2792  0.000e+00
    113.024     4.2877   3.090772    32.6980        789     3.2833  0.000e+00
    113.207     4.2937   3.090355    32.6871        790     3.2875  0.000e+00
    113.409     4.2970   3.093676    32.7225        791     3.2917  0.000e+00
    113.630     4.3045   3.095530    32.7367        792     3.2958  0.000e+00
    113.863     4.3168   3.097282    32.7449        793     3.3000  0.000e+00
    114.100     4.3316   3.098231    32.7411        794     3.3042  0.000e+00
    114.337     4.3459   3.098853    32.7340        795     3.3083  0.000e+00
    114.567     4.3584   3.099246    32.7262        796     3.3125  0.000e+00
    114.802     4.3679   3.099439    32.7188        797     3.3167  0.000e+00
    115.028     4.3755   3.099759    32.7149        798     3.3208  0.000e+00
    115.245     4.3810   3.100201    32.7146        799     3.3250  0.000e+00
    115.451     4.3855   3.100436    32.7127        800     3.3292  0.000e+00
    115.658     4.3897   3.100672    32.7112        801     3.3333  0.000e+00
    115.864     4.3931   3.100968    32.7112        802     3.3375  0.000e+00
    116.007     4.3960   3.101724    32.7170        803     3.3417  0.000e+00
    116.056     4.3993   3.102824    32.7266        804     3.3458  0.000e+00
    116.014     4.4047   3.102981    32.7231        805     3.3500  0.000e+00
    115.974     4.4102   3.102945    32.7172        806     3.3542  0.000e+00
    115.986     4.4143   3.104511    32.7314        807     3.3583  0.000e+00
    116.021     4.4193   3.104953    32.7316        808     3.3625  0.000e+00
    116.022     4.4254   3.106041    32.7383        809     3.3667  0.000e+00
    116.000     4.4321   3.106785    32.7403        810     3.3708  0.000e+00
    115.973     4.4396   3.106888    32.7341        811     3.3750  0.000e+00
    115.971     4.4461   3.106960    32.7284        812     3.3792  0.000e+00
    115.969     4.4506   3.106924    32.7236        813     3.3833  0.000e+00
    115.951     4.4536   3.107105    32.7227        814     3.3875  0.000e+00
    115.913     4.4558   3.107039    32.7199        815     3.3917  0.000e+00
    115.893     4.4571   3.106906    32.7170        816     3.3958  0.000e+00
    115.884     4.4577   3.106809    32.7153        817     3.4000  0.000e+00
    115.875     4.4576   3.106785    32.7151        818     3.4042  0.000e+00
    115.859     4.4576   3.106815    32.7155        819     3.4083  0.000e+00
    115.849     4.4574   3.107220    32.7204        820     3.4125  0.000e+00
    115.855     4.4579   3.107432    32.7224        821     3.4167  0.000e+00
    115.856     4.4591   3.107650    32.7237        822     3.4208  0.000e+00
    115.859     4.4605   3.107589    32.7216        823     3.4250  0.000e+00
    115.859     4.4621   3.107414    32.7180        824     3.4292  0.000e+00
    115.864     4.4627   3.107256    32.7156        825     3.4333  0.000e+00
    115.871     4.4626   3.107063    32.7134        826     3.4375  0.000e+00
    115.880     4.4617   3.106984    32.7133        827     3.4417  0.000e+00
    115.885     4.4607   3.107063    32.7152        828     3.4458  0.000e+00
    115.894     4.4600   3.107196    32.7175        829     3.4500  0.000e+00
    115.914     4.4598   3.107166    32.7173        830     3.4542  0.000e+00
