HB2502/sbe142.cnv
* Sea-Bird SBE 19plus V2 Data File:
* FileName = C:\cruise\data\sbe142.hex
* Software Version Seasave V 7.26.7.121
* Temperature SN = 6128
* Conductivity SN = 6128
* System UpLoad Time = May 07 2025 17:01:31
* NMEA Latitude = 42 11.12 N
* NMEA Longitude = 066 57.98 W
* NMEA UTC (Time) = May 07 2025  17:00:10
** Ship: Henry Bigelow
** Cruise:  HB2502
** Program:  Spring Bottom Trawl
# nquan = 7
# nvalues = 3593                                  
# units = specified
# name 0 = depSM: Depth [salt water, m]
# name 1 = tv290C: Temperature [ITS-90, deg C]
# name 2 = c0S/m: Conductivity [S/m]
# name 3 = sal00: Salinity, Practical [PSU]
# name 4 = scan: Scan Count
# name 5 = timeM: Time, Elapsed [minutes]
# name 6 = flag:  0.000e+00
# span 0 =     -0.114,    168.739                 
# span 1 =     5.2658,    10.6354                 
# span 2 =   0.013139,   3.564539                 
# span 3 =     0.0864,    33.9224                 
# span 4 =         11,       3603                 
# span 5 =     0.0417,    15.0083                 
# span 6 = 0.0000e+00, 0.0000e+00                 
# interval = seconds: 0.25
# start_time = May 07 2025 17:00:10 [NMEA time, header]
# bad_flag = -9.990e-29
*END*
[from data line 1436]
    150.826     6.7686   3.408592    33.8342       1447     6.0250  0.000e+00
    150.752     6.7684   3.408178    33.8299       1448     6.0292  0.000e+00
    150.672     6.7679   3.407764    33.8258       1449     6.0333  0.000e+00
    150.590     6.7666   3.407720    33.8267       1450     6.0375  0.000e+00
    150.499     6.7651   3.407638    33.8273       1451     6.0417  0.000e+00
    150.396     6.7639   3.407695    33.8291       1452     6.0458  0.000e+00
    150.299     6.7633   3.407601    33.8288       1453     6.0500  0.000e+00
    150.190     6.7628   3.407632    33.8296       1454     6.0542  0.000e+00
    150.083     6.7626   3.407663    33.8302       1455     6.0583  0.000e+00
    149.977     6.7627   3.407563    33.8291       1456     6.0625  0.000e+00
    149.870     6.7624   3.405713    33.8090       1457     6.0667  0.000e+00
    149.768     6.7602   3.405400    33.8079       1458     6.0708  0.000e+00
    149.669     6.7553   3.402899    33.7851       1459     6.0750  0.000e+00
    149.578     6.7480   3.401076    33.7722       1460     6.0792  0.000e+00
    149.488     6.7381   3.400612    33.7769       1461     6.0833  0.000e+00
    149.399     6.7288   3.400293    33.7826       1462     6.0875  0.000e+00
    149.327     6.7217   3.400287    33.7896       1463     6.0917  0.000e+00
    149.251     6.7169   3.400086    33.7921       1464     6.0958  0.000e+00
    149.177     6.7135   3.399942    33.7939       1465     6.1000  0.000e+00
    149.105     6.7111   3.399854    33.7953       1466     6.1042  0.000e+00
    149.039     6.7093   3.399873    33.7974       1467     6.1083  0.000e+00
    148.968     6.7082   3.399710    33.7967       1468     6.1125  0.000e+00
    148.897     6.7073   3.399034    33.7901       1469     6.1167  0.000e+00
    148.815     6.7056   3.398219    33.7828       1470     6.1208  0.000e+00
    148.739     6.7027   3.397524    33.7781       1471     6.1250  0.000e+00
    148.666     6.6988   3.396892    33.7749       1472     6.1292  0.000e+00
    148.592     6.6948   3.396554    33.7752       1473     6.1333  0.000e+00
    148.515     6.6908   3.396028    33.7734       1474     6.1375  0.000e+00
    148.446     6.6870   3.395107    33.7670       1475     6.1417  0.000e+00
    148.379     6.6825   3.393091    33.7492       1476     6.1458  0.000e+00
    148.310     6.6757   3.391251    33.7356       1477     6.1500  0.000e+00
    148.255     6.6670   3.389818    33.7284       1478     6.1542  0.000e+00
    148.198     6.6571   3.388367    33.7221       1479     6.1583  0.000e+00
    148.145     6.6469   3.386109    33.7072       1480     6.1625  0.000e+00
    148.095     6.6359   3.385878    33.7155       1481     6.1667  0.000e+00
    148.046     6.6261   3.385940    33.7258       1482     6.1708  0.000e+00
    147.998     6.6195   3.386228    33.7355       1483     6.1750  0.000e+00
    147.952     6.6157   3.386303    33.7402       1484     6.1792  0.000e+00
    147.905     6.6136   3.385753    33.7361       1485     6.1833  0.000e+00
    147.858     6.6118   3.384208    33.7209       1486     6.1875  0.000e+00
    147.806     6.6081   3.383101    33.7123       1487     6.1917  0.000e+00
    147.750     6.6026   3.382063    33.7063       1488     6.1958  0.000e+00
    147.682     6.5966   3.380920    33.6995       1489     6.2000  0.000e+00
    147.609     6.5901   3.380332    33.6995       1490     6.2042  0.000e+00
    147.520     6.5842   3.379832    33.6998       1491     6.2083  0.000e+00
    147.417     6.5790   3.379795    33.7046       1492     6.2125  0.000e+00
    147.306     6.5752   3.378357    33.6924       1493     6.2167  0.000e+00
    147.185     6.5707   3.374852    33.6581       1494     6.2208  0.000e+00
    147.053     6.5626   3.373497    33.6511       1495     6.2250  0.000e+00
    146.918     6.5531   3.371936    33.6432       1496     6.2292  0.000e+00
    146.780     6.5430   3.371099    33.6439       1497     6.2333  0.000e+00
    146.642     6.5345   3.370818    33.6493       1498     6.2375  0.000e+00
    146.509     6.5277   3.370325    33.6506       1499     6.2417  0.000e+00
    146.382     6.5225   3.368022    33.6303       1500     6.2458  0.000e+00
    146.259     6.5162   3.367423    33.6298       1501     6.2500  0.000e+00
    146.146     6.5096   3.367092    33.6327       1502     6.2542  0.000e+00
    146.036     6.5044   3.366880    33.6356       1503     6.2583  0.000e+00
    145.946     6.5003   3.366561    33.6361       1504     6.2625  0.000e+00
    145.863     6.4971   3.366212    33.6354       1505     6.2667  0.000e+00
    145.787     6.4945   3.365582    33.6310       1506     6.2708  0.000e+00
    145.719     6.4917   3.363804    33.6141       1507     6.2750  0.000e+00
    145.661     6.4878   3.362968    33.6087       1508     6.2792  0.000e+00
    145.607     6.4826   3.361914    33.6021       1509     6.2833  0.000e+00
    145.552     6.4773   3.362088    33.6093       1510     6.2875  0.000e+00
    145.503     6.4731   3.362213    33.6149       1511     6.2917  0.000e+00
    145.452     6.4706   3.362438    33.6198       1512     6.2958  0.000e+00
    145.398     6.4693   3.362750    33.6246       1513     6.3000  0.000e+00
    145.338     6.4694   3.362774    33.6248       1514     6.3042  0.000e+00
    145.274     6.4694   3.362824    33.6254       1515     6.3083  0.000e+00
    145.205     6.4700   3.361078    33.6054       1516     6.3125  0.000e+00
    145.127     6.4682   3.359051    33.5848       1517     6.3167  0.000e+00
    145.041     6.4631   3.357081    33.5679       1518     6.3208  0.000e+00
    144.952     6.4557   3.356221    33.5657       1519     6.3250  0.000e+00
    144.859     6.4479   3.356009    33.5710       1520     6.3292  0.000e+00
    144.762     6.4417   3.355953    33.5766       1521     6.3333  0.000e+00
    144.659     6.4377   3.355710    33.5778       1522     6.3375  0.000e+00
    144.554     6.4347   3.355629    33.5800       1523     6.3417  0.000e+00
    144.454     6.4325   3.355523    33.5810       1524     6.3458  0.000e+00
    144.354     6.4310   3.355349    33.5806       1525     6.3500  0.000e+00
    144.254     6.4298   3.355324    33.5816       1526     6.3542  0.000e+00
    144.159     6.4287   3.355324    33.5827       1527     6.3583  0.000e+00
    144.058     6.4280   3.354912    33.5789       1528     6.3625  0.000e+00
    143.958     6.4270   3.354813    33.5788       1529     6.3667  0.000e+00
    143.860     6.4258   3.354856    33.5805       1530     6.3708  0.000e+00
    143.759     6.4251   3.354794    33.5805       1531     6.3750  0.000e+00
    143.657     6.4247   3.354769    33.5808       1532     6.3792  0.000e+00
    143.558     6.4241   3.354651    33.5800       1533     6.3833  0.000e+00
    143.453     6.4238   3.354619    33.5800       1534     6.3875  0.000e+00
    143.350     6.4233   3.354489    33.5791       1535     6.3917  0.000e+00
    143.249     6.4230   3.354532    33.5800       1536     6.3958  0.000e+00
    143.151     6.4224   3.354488    33.5801       1537     6.4000  0.000e+00
    143.064     6.4224   3.354345    33.5786       1538     6.4042  0.000e+00
    142.977     6.4222   3.354488    33.5804       1539     6.4083  0.000e+00
    142.903     6.4220   3.354407    33.5797       1540     6.4125  0.000e+00
    142.833     6.4220   3.354364    33.5793       1541     6.4167  0.000e+00
    142.768     6.4216   3.354301    33.5790       1542     6.4208  0.000e+00
    142.723     6.4216   3.354258    33.5786       1543     6.4250  0.000e+00
    142.671     6.4210   3.354146    33.5779       1544     6.4292  0.000e+00
    142.627     6.4207   3.354058    33.5773       1545     6.4333  0.000e+00
    142.582     6.4202   3.353952    33.5766       1546     6.4375  0.000e+00
    142.535     6.4196   3.353915    33.5768       1547     6.4417  0.000e+00
    142.479     6.4189   3.353871    33.5770       1548     6.4458  0.000e+00
    142.426     6.4186   3.353859    33.5773       1549     6.4500  0.000e+00
    142.367     6.4182   3.353784    33.5768       1550     6.4542  0.000e+00
    142.296     6.4179   3.353803    33.5774       1551     6.4583  0.000e+00
    142.209     6.4177   3.353797    33.5776       1552     6.4625  0.000e+00
    142.115     6.4173   3.353722    33.5771       1553     6.4667  0.000e+00
    142.007     6.4170   3.353715    33.5774       1554     6.4708  0.000e+00
    141.892     6.4169   3.353828    33.5788       1555     6.4750  0.000e+00
    141.767     6.4169   3.353796    33.5785       1556     6.4792  0.000e+00
    141.631     6.4170   3.353803    33.5785       1557     6.4833  0.000e+00
    141.492     6.4171   3.353697    33.5773       1558     6.4875  0.000e+00
    141.354     6.4170   3.353572    33.5761       1559     6.4917  0.000e+00
    141.223     6.4168   3.353547    33.5761       1560     6.4958  0.000e+00
    141.095     6.4164   3.353204    33.5727       1561     6.5000  0.000e+00
    140.984     6.4162   3.352967    33.5704       1562     6.5042  0.000e+00
    140.879     6.4148   3.352718    33.5691       1563     6.5083  0.000e+00
    140.788     6.4137   3.352905    33.5723       1564     6.5125  0.000e+00
    140.719     6.4129   3.352668    33.5705       1565     6.5167  0.000e+00
    140.655     6.4121   3.352780    33.5725       1566     6.5208  0.000e+00
    140.604     6.4116   3.352544    33.5704       1567     6.5250  0.000e+00
    140.559     6.4112   3.352108    33.5660       1568     6.5292  0.000e+00
    140.517     6.4100   3.351834    33.5641       1569     6.5333  0.000e+00
    140.471     6.4088   3.351497    33.5615       1570     6.5375  0.000e+00
    140.425     6.4073   3.351323    33.5612       1571     6.5417  0.000e+00
    140.376     6.4058   3.351086    33.5600       1572     6.5458  0.000e+00
    140.318     6.4042   3.350806    33.5585       1573     6.5500  0.000e+00
    140.256     6.4027   3.350762    33.5595       1574     6.5542  0.000e+00
    140.191     6.4016   3.350806    33.5611       1575     6.5583  0.000e+00
    140.117     6.4006   3.350357    33.5571       1576     6.5625  0.000e+00
    140.029     6.3996   3.349934    33.5535       1577     6.5667  0.000e+00
    139.947     6.3982   3.349523    33.5504       1578     6.5708  0.000e+00
    139.854     6.3963   3.349099    33.5475       1579     6.5750  0.000e+00
    139.762     6.3941   3.348956    33.5481       1580     6.5792  0.000e+00
    139.664     6.3923   3.348862    33.5489       1581     6.5833  0.000e+00
    139.570     6.3907   3.348831    33.5502       1582     6.5875  0.000e+00
    139.477     6.3897   3.348862    33.5516       1583     6.5917  0.000e+00
    139.389     6.3891   3.348968    33.5534       1584     6.5958  0.000e+00
    139.308     6.3888   3.349217    33.5565       1585     6.6000  0.000e+00
    139.223     6.3889   3.349180    33.5560       1586     6.6042  0.000e+00
    139.150     6.3895   3.348694    33.5500       1587     6.6083  0.000e+00
    139.087     6.3889   3.348152    33.5446       1588     6.6125  0.000e+00
    139.025     6.3878   3.347698    33.5407       1589     6.6167  0.000e+00
    138.961     6.3856   3.347449    33.5401       1590     6.6208  0.000e+00
    138.903     6.3837   3.347299    33.5404       1591     6.6250  0.000e+00
    138.847     6.3817   3.347330    33.5427       1592     6.6292  0.000e+00
    138.787     6.3804   3.347324    33.5440       1593     6.6333  0.000e+00
    138.713     6.3797   3.347187    33.5431       1594     6.6375  0.000e+00
    138.641     6.3791   3.347343    33.5455       1595     6.6417  0.000e+00
    138.557     6.3786   3.347492    33.5477       1596     6.6458  0.000e+00
    138.465     6.3788   3.347517    33.5478       1597     6.6500  0.000e+00
    138.369     6.3793   3.347430    33.5464       1598     6.6542  0.000e+00
    138.261     6.3793   3.348021    33.5530       1599     6.6583  0.000e+00
    138.153     6.3799   3.347430    33.5459       1600     6.6625  0.000e+00
    138.044     6.3804   3.348090    33.5528       1601     6.6667  0.000e+00
    137.934     6.3808   3.347716    33.5483       1602     6.6708  0.000e+00
    137.832     6.3813   3.347150    33.5416       1603     6.6750  0.000e+00
    137.733     6.3805   3.347025    33.5410       1604     6.6792  0.000e+00
    137.646     6.3794   3.346763    33.5393       1605     6.6833  0.000e+00
    137.562     6.3781   3.346639    33.5391       1606     6.6875  0.000e+00
    137.490     6.3767   3.346639    33.5406       1607     6.6917  0.000e+00
    137.418     6.3759   3.346683    33.5420       1608     6.6958  0.000e+00
    137.360     6.3754   3.346907    33.5449       1609     6.7000  0.000e+00
    137.306     6.3754   3.346851    33.5443       1610     6.7042  0.000e+00
    137.259     6.3756   3.347006    33.5459       1611     6.7083  0.000e+00
    137.207     6.3760   3.346956    33.5450       1612     6.7125  0.000e+00
    137.163     6.3762   3.347062    33.5459       1613     6.7167  0.000e+00
    137.116     6.3766   3.347131    33.5464       1614     6.7208  0.000e+00
    137.066     6.3768   3.347342    33.5485       1615     6.7250  0.000e+00
    137.002     6.3775   3.347554    33.5502       1616     6.7292  0.000e+00
    136.939     6.3786   3.347772    33.5516       1617     6.7333  0.000e+00
    136.859     6.3797   3.348002    33.5531       1618     6.7375  0.000e+00
    136.768     6.3809   3.347921    33.5511       1619     6.7417  0.000e+00
    136.668     6.3818   3.347579    33.5465       1620     6.7458  0.000e+00
    136.563     6.3819   3.346863    33.5384       1621     6.7500  0.000e+00
    136.450     6.3808   3.346551    33.5361       1622     6.7542  0.000e+00
    136.331     6.3787   3.346489    33.5376       1623     6.7583  0.000e+00
    136.210     6.3770   3.345786    33.5314       1624     6.7625  0.000e+00
    136.085     6.3749   3.346209    33.5383       1625     6.7667  0.000e+00
    135.956     6.3733   3.346719    33.5456       1626     6.7708  0.000e+00
    135.828     6.3737   3.347043    33.5488       1627     6.7750  0.000e+00
    135.707     6.3749   3.347149    33.5489       1628     6.7792  0.000e+00
    135.593     6.3762   3.347105    33.5472       1629     6.7833  0.000e+00
    135.491     6.3772   3.346937    33.5444       1630     6.7875  0.000e+00
    135.400     6.3776   3.346539    33.5397       1631     6.7917  0.000e+00
    135.315     6.3773   3.346420    33.5387       1632     6.7958  0.000e+00
    135.239     6.3764   3.346252    33.5378       1633     6.8000  0.000e+00
    135.181     6.3753   3.346059    33.5367       1634     6.8042  0.000e+00
    135.119     6.3742   3.346084    33.5380       1635     6.8083  0.000e+00
    135.062     6.3732   3.346009    33.5382       1636     6.8125  0.000e+00
    135.016     6.3726   3.345823    33.5368       1637     6.8167  0.000e+00
    134.962     6.3718   3.345648    33.5357       1638     6.8208  0.000e+00
    134.916     6.3710   3.345567    33.5356       1639     6.8250  0.000e+00
    134.880     6.3702   3.345673    33.5376       1640     6.8292  0.000e+00
    134.830     6.3696   3.345848    33.5401       1641     6.8333  0.000e+00
    134.777     6.3696   3.345891    33.5406       1642     6.8375  0.000e+00
    134.725     6.3699   3.345910    33.5405       1643     6.8417  0.000e+00
    134.665     6.3703   3.345785    33.5388       1644     6.8458  0.000e+00
    134.603     6.3704   3.345742    33.5382       1645     6.8500  0.000e+00
    134.530     6.3704   3.345648    33.5372       1646     6.8542  0.000e+00
    134.451     6.3703   3.345486    33.5356       1647     6.8583  0.000e+00
    134.366     6.3698   3.345461    33.5359       1648     6.8625  0.000e+00
    134.288     6.3689   3.345418    33.5362       1649     6.8667  0.000e+00
    134.195     6.3685   3.345262    33.5349       1650     6.8708  0.000e+00
    134.106     6.3682   3.345225    33.5350       1651     6.8750  0.000e+00
