HB2502/sbe135.cnv
* Sea-Bird SBE 19plus V2 Data File:
* FileName = C:\cruise\data\sbe135.hex
* Software Version Seasave V 7.26.7.121
* Temperature SN = 6128
* Conductivity SN = 6128
* System UpLoad Time = May 05 2025 20:45:21
* NMEA Latitude = 41 47.34 N
* NMEA Longitude = 066 33.42 W
* NMEA UTC (Time) = May 05 2025  20:43:59
** Ship: Henry Bigelow
** Cruise:  HB2502
** Program:  Spring Bottom Trawl
# nquan = 7
# nvalues = 1906                                  
# units = specified
# name 0 = depSM: Depth [salt water, m]
# name 1 = tv290C: Temperature [ITS-90, deg C]
# name 2 = c0S/m: Conductivity [S/m]
# name 3 = sal00: Salinity, Practical [PSU]
# name 4 = scan: Scan Count
# name 5 = timeM: Time, Elapsed [minutes]
# name 6 = flag:  0.000e+00
# span 0 =      0.036,     70.972                 
# span 1 =     6.9169,     9.8339                 
# span 2 =   0.006480,   3.500576                 
# span 3 =     0.0439,    33.8044                 
# span 4 =         11,       1916                 
# span 5 =     0.0417,     7.9792                 
# span 6 = 0.0000e+00, 0.0000e+00                 
# interval = seconds: 0.25
# start_time = May 05 2025 20:43:59 [NMEA time, header]
# bad_flag = -9.990e-29
*END*
[from data line 821]
     57.942     6.9178   3.316323    32.7215        832     3.4625  0.000e+00
     57.849     6.9180   3.316360    32.7218        833     3.4667  0.000e+00
     57.770     6.9180   3.316341    32.7216        834     3.4708  0.000e+00
     57.703     6.9177   3.316366    32.7221        835     3.4750  0.000e+00
     57.650     6.9180   3.316323    32.7215        836     3.4792  0.000e+00
     57.601     6.9180   3.316341    32.7216        837     3.4833  0.000e+00
     57.560     6.9181   3.316341    32.7216        838     3.4875  0.000e+00
     57.524     6.9181   3.316323    32.7214        839     3.4917  0.000e+00
     57.491     6.9180   3.316341    32.7217        840     3.4958  0.000e+00
     57.469     6.9181   3.316223    32.7204        841     3.5000  0.000e+00
     57.441     6.9181   3.316323    32.7215        842     3.5042  0.000e+00
     57.408     6.9180   3.316323    32.7216        843     3.5083  0.000e+00
     57.377     6.9179   3.316323    32.7217        844     3.5125  0.000e+00
     57.335     6.9180   3.316323    32.7216        845     3.5167  0.000e+00
     57.280     6.9177   3.316341    32.7221        846     3.5208  0.000e+00
     57.219     6.9180   3.316285    32.7212        847     3.5250  0.000e+00
     57.159     6.9179   3.316322    32.7218        848     3.5292  0.000e+00
     57.088     6.9178   3.316279    32.7214        849     3.5333  0.000e+00
     57.021     6.9178   3.316304    32.7217        850     3.5375  0.000e+00
     56.943     6.9179   3.316298    32.7216        851     3.5417  0.000e+00
     56.869     6.9180   3.316236    32.7209        852     3.5458  0.000e+00
     56.798     6.9178   3.316304    32.7218        853     3.5500  0.000e+00
     56.727     6.9181   3.316254    32.7211        854     3.5542  0.000e+00
     56.650     6.9179   3.316217    32.7209        855     3.5583  0.000e+00
     56.577     6.9179   3.316304    32.7218        856     3.5625  0.000e+00
     56.510     6.9180   3.316254    32.7213        857     3.5667  0.000e+00
     56.440     6.9180   3.316279    32.7215        858     3.5708  0.000e+00
     56.373     6.9179   3.316285    32.7217        859     3.5750  0.000e+00
     56.306     6.9177   3.316254    32.7216        860     3.5792  0.000e+00
     56.236     6.9180   3.316235    32.7212        861     3.5833  0.000e+00
     56.164     6.9177   3.316260    32.7217        862     3.5875  0.000e+00
     56.088     6.9180   3.316279    32.7217        863     3.5917  0.000e+00
     56.010     6.9178   3.316254    32.7216        864     3.5958  0.000e+00
     55.933     6.9179   3.316260    32.7217        865     3.6000  0.000e+00
     55.850     6.9181   3.316297    32.7219        866     3.6042  0.000e+00
     55.767     6.9181   3.316217    32.7211        867     3.6083  0.000e+00
     55.683     6.9184   3.316241    32.7211        868     3.6125  0.000e+00
     55.596     6.9186   3.316297    32.7216        869     3.6167  0.000e+00
     55.511     6.9185   3.316279    32.7215        870     3.6208  0.000e+00
     55.424     6.9186   3.316260    32.7213        871     3.6250  0.000e+00
     55.346     6.9185   3.316254    32.7213        872     3.6292  0.000e+00
     55.269     6.9187   3.316254    32.7212        873     3.6333  0.000e+00
     55.201     6.9185   3.316260    32.7214        874     3.6375  0.000e+00
     55.138     6.9185   3.316235    32.7212        875     3.6417  0.000e+00
     55.086     6.9185   3.316235    32.7213        876     3.6458  0.000e+00
     55.048     6.9185   3.316241    32.7213        877     3.6500  0.000e+00
     55.024     6.9183   3.316235    32.7214        878     3.6542  0.000e+00
     55.007     6.9184   3.316254    32.7216        879     3.6583  0.000e+00
     55.001     6.9185   3.316223    32.7211        880     3.6625  0.000e+00
     54.996     6.9186   3.316254    32.7213        881     3.6667  0.000e+00
     54.981     6.9188   3.316254    32.7212        882     3.6708  0.000e+00
     54.978     6.9187   3.316285    32.7216        883     3.6750  0.000e+00
     54.959     6.9189   3.316254    32.7211        884     3.6792  0.000e+00
     54.945     6.9189   3.316235    32.7210        885     3.6833  0.000e+00
     54.921     6.9187   3.316179    32.7205        886     3.6875  0.000e+00
     54.886     6.9185   3.316216    32.7212        887     3.6917  0.000e+00
     54.831     6.9182   3.316216    32.7214        888     3.6958  0.000e+00
     54.759     6.9183   3.316222    32.7214        889     3.7000  0.000e+00
     54.662     6.9182   3.316235    32.7217        890     3.7042  0.000e+00
     54.556     6.9183   3.316235    32.7217        891     3.7083  0.000e+00
     54.431     6.9185   3.316204    32.7212        892     3.7125  0.000e+00
     54.307     6.9187   3.316278    32.7218        893     3.7167  0.000e+00
     54.180     6.9190   3.316216    32.7210        894     3.7208  0.000e+00
     54.056     6.9190   3.316241    32.7213        895     3.7250  0.000e+00
     53.926     6.9191   3.316191    32.7207        896     3.7292  0.000e+00
     53.813     6.9191   3.316191    32.7207        897     3.7333  0.000e+00
     53.719     6.9190   3.316203    32.7211        898     3.7375  0.000e+00
     53.635     6.9191   3.316172    32.7207        899     3.7417  0.000e+00
     53.574     6.9187   3.316216    32.7215        900     3.7458  0.000e+00
     53.521     6.9188   3.316179    32.7211        901     3.7500  0.000e+00
     53.494     6.9187   3.316172    32.7211        902     3.7542  0.000e+00
     53.474     6.9187   3.316110    32.7204        903     3.7583  0.000e+00
     53.461     6.9185   3.316123    32.7208        904     3.7625  0.000e+00
     53.455     6.9182   3.316110    32.7210        905     3.7667  0.000e+00
     53.455     6.9180   3.316104    32.7210        906     3.7708  0.000e+00
     53.444     6.9179   3.316110    32.7212        907     3.7750  0.000e+00
     53.435     6.9177   3.316148    32.7219        908     3.7792  0.000e+00
     53.412     6.9177   3.316123    32.7215        909     3.7833  0.000e+00
     53.379     6.9178   3.316110    32.7214        910     3.7875  0.000e+00
     53.332     6.9176   3.316042    32.7208        911     3.7917  0.000e+00
     53.265     6.9177   3.316079    32.7212        912     3.7958  0.000e+00
     53.184     6.9175   3.316110    32.7217        913     3.8000  0.000e+00
     53.084     6.9175   3.316085    32.7215        914     3.8042  0.000e+00
     52.980     6.9176   3.316079    32.7214        915     3.8083  0.000e+00
     52.860     6.9176   3.316110    32.7218        916     3.8125  0.000e+00
     52.733     6.9176   3.316110    32.7218        917     3.8167  0.000e+00
     52.612     6.9174   3.316079    32.7217        918     3.8208  0.000e+00
     52.495     6.9176   3.316023    32.7210        919     3.8250  0.000e+00
     52.386     6.9173   3.316042    32.7215        920     3.8292  0.000e+00
     52.287     6.9174   3.316023    32.7213        921     3.8333  0.000e+00
     52.193     6.9174   3.316042    32.7216        922     3.8375  0.000e+00
     52.110     6.9173   3.316023    32.7215        923     3.8417  0.000e+00
     52.032     6.9173   3.316023    32.7215        924     3.8458  0.000e+00
     51.956     6.9173   3.316023    32.7216        925     3.8500  0.000e+00
     51.891     6.9172   3.316023    32.7217        926     3.8542  0.000e+00
     51.828     6.9172   3.316023    32.7217        927     3.8583  0.000e+00
     51.759     6.9171   3.316023    32.7218        928     3.8625  0.000e+00
     51.692     6.9171   3.316042    32.7221        929     3.8667  0.000e+00
     51.618     6.9172   3.315998    32.7216        930     3.8708  0.000e+00
     51.551     6.9172   3.316023    32.7219        931     3.8750  0.000e+00
     51.479     6.9171   3.315979    32.7215        932     3.8792  0.000e+00
     51.414     6.9171   3.316023    32.7220        933     3.8833  0.000e+00
     51.343     6.9171   3.316004    32.7218        934     3.8875  0.000e+00
     51.274     6.9172   3.316004    32.7218        935     3.8917  0.000e+00
     51.218     6.9172   3.315961    32.7213        936     3.8958  0.000e+00
     51.162     6.9171   3.315979    32.7216        937     3.9000  0.000e+00
     51.105     6.9172   3.315706    32.7186        938     3.9042  0.000e+00
     51.056     6.9172   3.315961    32.7214        939     3.9083  0.000e+00
     51.020     6.9171   3.315979    32.7217        940     3.9125  0.000e+00
     50.978     6.9172   3.315979    32.7216        941     3.9167  0.000e+00
     50.928     6.9170   3.315979    32.7218        942     3.9208  0.000e+00
     50.880     6.9172   3.315961    32.7215        943     3.9250  0.000e+00
     50.825     6.9171   3.316004    32.7221        944     3.9292  0.000e+00
     50.763     6.9170   3.315979    32.7219        945     3.9333  0.000e+00
     50.687     6.9170   3.315979    32.7220        946     3.9375  0.000e+00
     50.602     6.9172   3.315961    32.7217        947     3.9417  0.000e+00
     50.504     6.9172   3.315942    32.7214        948     3.9458  0.000e+00
     50.408     6.9172   3.315936    32.7214        949     3.9500  0.000e+00
     50.300     6.9171   3.315917    32.7214        950     3.9542  0.000e+00
     50.195     6.9171   3.315917    32.7214        951     3.9583  0.000e+00
     50.078     6.9170   3.315917    32.7216        952     3.9625  0.000e+00
     49.963     6.9170   3.315917    32.7216        953     3.9667  0.000e+00
     49.854     6.9169   3.315917    32.7218        954     3.9708  0.000e+00
     49.745     6.9172   3.315917    32.7215        955     3.9750  0.000e+00
     49.642     6.9170   3.315892    32.7215        956     3.9792  0.000e+00
     49.537     6.9172   3.315898    32.7215        957     3.9833  0.000e+00
     49.441     6.9173   3.315873    32.7212        958     3.9875  0.000e+00
     49.356     6.9172   3.315892    32.7215        959     3.9917  0.000e+00
     49.278     6.9172   3.315898    32.7216        960     3.9958  0.000e+00
     49.201     6.9173   3.315892    32.7215        961     4.0000  0.000e+00
     49.125     6.9173   3.315892    32.7215        962     4.0042  0.000e+00
     49.070     6.9170   3.315879    32.7216        963     4.0083  0.000e+00
     49.010     6.9173   3.315873    32.7214        964     4.0125  0.000e+00
     48.959     6.9172   3.315855    32.7212        965     4.0167  0.000e+00
     48.925     6.9172   3.315861    32.7214        966     4.0208  0.000e+00
     48.882     6.9172   3.315873    32.7215        967     4.0250  0.000e+00
     48.853     6.9172   3.315873    32.7215        968     4.0292  0.000e+00
     48.825     6.9170   3.315836    32.7213        969     4.0333  0.000e+00
     48.802     6.9170   3.315855    32.7215        970     4.0375  0.000e+00
     48.778     6.9169   3.315830    32.7213        971     4.0417  0.000e+00
     48.758     6.9170   3.315836    32.7213        972     4.0458  0.000e+00
     48.735     6.9170   3.315873    32.7217        973     4.0500  0.000e+00
     48.702     6.9169   3.315855    32.7216        974     4.0542  0.000e+00
     48.668     6.9171   3.315879    32.7218        975     4.0583  0.000e+00
     48.621     6.9170   3.315892    32.7220        976     4.0625  0.000e+00
     48.560     6.9173   3.315892    32.7218        977     4.0667  0.000e+00
     48.496     6.9172   3.315898    32.7219        978     4.0708  0.000e+00
     48.412     6.9174   3.315892    32.7217        979     4.0750  0.000e+00
     48.329     6.9175   3.315854    32.7213        980     4.0792  0.000e+00
     48.234     6.9176   3.315898    32.7217        981     4.0833  0.000e+00
     48.132     6.9174   3.315892    32.7219        982     4.0875  0.000e+00
     48.021     6.9174   3.315916    32.7221        983     4.0917  0.000e+00
     47.913     6.9176   3.315879    32.7217        984     4.0958  0.000e+00
     47.803     6.9176   3.315854    32.7215        985     4.1000  0.000e+00
     47.685     6.9176   3.315854    32.7215        986     4.1042  0.000e+00
     47.575     6.9177   3.315860    32.7215        987     4.1083  0.000e+00
     47.461     6.9176   3.315829    32.7213        988     4.1125  0.000e+00
     47.354     6.9177   3.315854    32.7215        989     4.1167  0.000e+00
     47.256     6.9177   3.315817    32.7212        990     4.1208  0.000e+00
     47.155     6.9174   3.315829    32.7216        991     4.1250  0.000e+00
     47.059     6.9176   3.315829    32.7215        992     4.1292  0.000e+00
     46.972     6.9175   3.315817    32.7215        993     4.1333  0.000e+00
     46.905     6.9174   3.315811    32.7215        994     4.1375  0.000e+00
     46.840     6.9173   3.315829    32.7219        995     4.1417  0.000e+00
     46.788     6.9175   3.315817    32.7216        996     4.1458  0.000e+00
     46.749     6.9174   3.315829    32.7219        997     4.1500  0.000e+00
     46.707     6.9176   3.315786    32.7212        998     4.1542  0.000e+00
     46.675     6.9175   3.315779    32.7212        999     4.1583  0.000e+00
     46.646     6.9173   3.315767    32.7213       1000     4.1625  0.000e+00
     46.616     6.9173   3.315810    32.7218       1001     4.1667  0.000e+00
     46.583     6.9173   3.315779    32.7215       1002     4.1708  0.000e+00
     46.552     6.9172   3.315786    32.7217       1003     4.1750  0.000e+00
     46.522     6.9172   3.315810    32.7219       1004     4.1792  0.000e+00
     46.487     6.9173   3.315817    32.7220       1005     4.1833  0.000e+00
     46.453     6.9173   3.315786    32.7216       1006     4.1875  0.000e+00
     46.397     6.9174   3.315786    32.7215       1007     4.1917  0.000e+00
     46.336     6.9173   3.315798    32.7218       1008     4.1958  0.000e+00
     46.267     6.9176   3.315810    32.7217       1009     4.2000  0.000e+00
     46.175     6.9174   3.315785    32.7216       1010     4.2042  0.000e+00
     46.080     6.9175   3.315754    32.7213       1011     4.2083  0.000e+00
     45.972     6.9174   3.315748    32.7213       1012     4.2125  0.000e+00
     45.856     6.9172   3.315767    32.7218       1013     4.2167  0.000e+00
     45.731     6.9172   3.315779    32.7220       1014     4.2208  0.000e+00
     45.602     6.9173   3.315767    32.7218       1015     4.2250  0.000e+00
     45.481     6.9174   3.315767    32.7217       1016     4.2292  0.000e+00
     45.361     6.9174   3.315736    32.7215       1017     4.2333  0.000e+00
     45.247     6.9174   3.315723    32.7214       1018     4.2375  0.000e+00
     45.150     6.9172   3.315723    32.7216       1019     4.2417  0.000e+00
     45.059     6.9173   3.315717    32.7216       1020     4.2458  0.000e+00
     44.987     6.9173   3.315704    32.7214       1021     4.2500  0.000e+00
     44.926     6.9174   3.315766    32.7220       1022     4.2542  0.000e+00
     44.889     6.9175   3.315754    32.7218       1023     4.2583  0.000e+00
     44.856     6.9174   3.315723    32.7216       1024     4.2625  0.000e+00
     44.841     6.9175   3.315723    32.7215       1025     4.2667  0.000e+00
     44.824     6.9173   3.315680    32.7212       1026     4.2708  0.000e+00
     44.812     6.9174   3.315748    32.7218       1027     4.2750  0.000e+00
     44.796     6.9173   3.315723    32.7217       1028     4.2792  0.000e+00
     44.769     6.9175   3.315735    32.7217       1029     4.2833  0.000e+00
     44.735     6.9173   3.315723    32.7218       1030     4.2875  0.000e+00
     44.677     6.9171   3.315748    32.7222       1031     4.2917  0.000e+00
     44.604     6.9174   3.315735    32.7219       1032     4.2958  0.000e+00
     44.519     6.9174   3.315723    32.7218       1033     4.3000  0.000e+00
     44.417     6.9176   3.315679    32.7212       1034     4.3042  0.000e+00
     44.299     6.9176   3.315735    32.7218       1035     4.3083  0.000e+00
