HB2502/sbe143.cnv
* Sea-Bird SBE 19plus V2 Data File:
* FileName = C:\cruise\data\sbe143.hex
* Software Version Seasave V 7.26.7.121
* Temperature SN = 6128
* Conductivity SN = 6128
* System UpLoad Time = May 07 2025 19:09:33
* NMEA Latitude = 42 08.34 N
* NMEA Longitude = 066 55.54 W
* NMEA UTC (Time) = May 07 2025  19:08:13
** Ship: Henry Bigelow
** Cruise:  HB2502
** Program:  Spring Bottom Trawl
# nquan = 7
# nvalues = 1088                                  
# units = specified
# name 0 = depSM: Depth [salt water, m]
# name 1 = tv290C: Temperature [ITS-90, deg C]
# name 2 = c0S/m: Conductivity [S/m]
# name 3 = sal00: Salinity, Practical [PSU]
# name 4 = scan: Scan Count
# name 5 = timeM: Time, Elapsed [minutes]
# name 6 = flag:  0.000e+00
# span 0 =      0.117,     71.083                 
# span 1 =     6.2921,     7.8653                 
# span 2 =   0.842201,   3.399217                 
# span 3 =     7.1778,    33.0917                 
# span 4 =         11,       1098                 
# span 5 =     0.0417,     4.5708                 
# span 6 = 0.0000e+00, 0.0000e+00                 
# interval = seconds: 0.25
# start_time = May 07 2025 19:08:13 [NMEA time, header]
# bad_flag = -9.990e-29
*END*
[from data line 411]
     69.927     6.3395   3.281854    32.8899        422     1.7542  0.000e+00
     69.884     6.3400   3.281867    32.8896        423     1.7583  0.000e+00
     69.851     6.3400   3.281867    32.8896        424     1.7625  0.000e+00
     69.832     6.3401   3.281928    32.8902        425     1.7667  0.000e+00
     69.843     6.3404   3.282033    32.8911        426     1.7708  0.000e+00
     69.867     6.3407   3.282139    32.8919        427     1.7750  0.000e+00
     69.903     6.3415   3.282120    32.8909        428     1.7792  0.000e+00
     69.934     6.3422   3.282244    32.8916        429     1.7833  0.000e+00
     69.968     6.3431   3.282355    32.8920        430     1.7875  0.000e+00
     70.013     6.3440   3.282386    32.8914        431     1.7917  0.000e+00
     70.054     6.3448   3.282287    32.8895        432     1.7958  0.000e+00
     70.084     6.3454   3.282244    32.8885        433     1.8000  0.000e+00
     70.098     6.3456   3.282176    32.8875        434     1.8042  0.000e+00
     70.107     6.3453   3.282095    32.8869        435     1.8083  0.000e+00
     70.106     6.3450   3.282052    32.8867        436     1.8125  0.000e+00
     70.095     6.3445   3.282015    32.8868        437     1.8167  0.000e+00
     70.080     6.3438   3.281978    32.8871        438     1.8208  0.000e+00
     70.049     6.3431   3.281848    32.8863        439     1.8250  0.000e+00
     70.019     6.3424   3.281823    32.8868        440     1.8292  0.000e+00
     69.983     6.3415   3.281805    32.8875        441     1.8333  0.000e+00
     69.952     6.3407   3.281799    32.8882        442     1.8375  0.000e+00
     69.921     6.3403   3.281762    32.8881        443     1.8417  0.000e+00
     69.892     6.3399   3.281718    32.8880        444     1.8458  0.000e+00
     69.859     6.3396   3.281762    32.8888        445     1.8500  0.000e+00
     69.832     6.3395   3.281817    32.8896        446     1.8542  0.000e+00
     69.812     6.3393   3.281823    32.8898        447     1.8583  0.000e+00
     69.796     6.3393   3.281823    32.8899        448     1.8625  0.000e+00
     69.774     6.3395   3.281867    32.8901        449     1.8667  0.000e+00
     69.764     6.3397   3.281873    32.8900        450     1.8708  0.000e+00
     69.762     6.3400   3.281910    32.8902        451     1.8750  0.000e+00
     69.765     6.3402   3.281928    32.8901        452     1.8792  0.000e+00
     69.780     6.3406   3.282077    32.8914        453     1.8833  0.000e+00
     69.800     6.3411   3.282213    32.8924        454     1.8875  0.000e+00
     69.833     6.3421   3.282262    32.8920        455     1.8917  0.000e+00
     69.869     6.3430   3.282367    32.8923        456     1.8958  0.000e+00
     69.923     6.3438   3.282367    32.8915        457     1.9000  0.000e+00
     69.976     6.3448   3.282429    32.8912        458     1.9042  0.000e+00
     70.021     6.3455   3.282410    32.8902        459     1.9083  0.000e+00
     70.059     6.3459   3.282367    32.8894        460     1.9125  0.000e+00
     70.093     6.3462   3.282262    32.8879        461     1.9167  0.000e+00
     70.114     6.3461   3.282114    32.8864        462     1.9208  0.000e+00
     70.125     6.3455   3.281885    32.8843        463     1.9250  0.000e+00
     70.116     6.3446   3.281638    32.8825        464     1.9292  0.000e+00
     70.101     6.3434   3.281471    32.8819        465     1.9333  0.000e+00
     70.071     6.3420   3.281459    32.8830        466     1.9375  0.000e+00
     70.032     6.3407   3.281490    32.8847        467     1.9417  0.000e+00
     69.994     6.3398   3.281490    32.8856        468     1.9458  0.000e+00
     69.952     6.3390   3.281508    32.8865        469     1.9500  0.000e+00
     69.913     6.3387   3.281521    32.8870        470     1.9542  0.000e+00
     69.884     6.3382   3.281508    32.8873        471     1.9583  0.000e+00
     69.861     6.3381   3.281533    32.8878        472     1.9625  0.000e+00
     69.856     6.3380   3.281471    32.8871        473     1.9667  0.000e+00
     69.868     6.3380   3.281496    32.8874        474     1.9708  0.000e+00
     69.882     6.3379   3.281533    32.8879        475     1.9750  0.000e+00
     69.905     6.3381   3.281595    32.8884        476     1.9792  0.000e+00
     69.928     6.3385   3.281657    32.8887        477     1.9833  0.000e+00
     69.953     6.3390   3.281638    32.8880        478     1.9875  0.000e+00
     69.973     6.3395   3.281657    32.8878        479     1.9917  0.000e+00
     69.997     6.3396   3.281638    32.8874        480     1.9958  0.000e+00
     70.016     6.3400   3.281638    32.8870        481     2.0000  0.000e+00
     70.028     6.3400   3.281620    32.8868        482     2.0042  0.000e+00
     70.035     6.3400   3.281657    32.8872        483     2.0083  0.000e+00
     70.047     6.3401   3.281613    32.8866        484     2.0125  0.000e+00
     70.063     6.3401   3.281595    32.8864        485     2.0167  0.000e+00
     70.080     6.3400   3.281620    32.8868        486     2.0208  0.000e+00
     70.089     6.3398   3.281595    32.8866        487     2.0250  0.000e+00
     70.104     6.3399   3.281638    32.8871        488     2.0292  0.000e+00
     70.133     6.3398   3.281638    32.8871        489     2.0333  0.000e+00
     70.191     6.3400   3.281675    32.8873        490     2.0375  0.000e+00
     70.237     6.3402   3.281719    32.8876        491     2.0417  0.000e+00
     70.273     6.3404   3.281700    32.8872        492     2.0458  0.000e+00
     70.351     6.3407   3.281700    32.8868        493     2.0500  0.000e+00
     70.425     6.3409   3.281854    32.8883        494     2.0542  0.000e+00
     70.476     6.3411   3.281947    32.8892        495     2.0583  0.000e+00
     70.511     6.3421   3.281805    32.8866        496     2.0625  0.000e+00
     70.561     6.3422   3.281657    32.8848        497     2.0667  0.000e+00
     70.592     6.3420   3.281478    32.8830        498     2.0708  0.000e+00
     70.573     6.3411   3.281243    32.8812        499     2.0750  0.000e+00
     70.525     6.3400   3.281243    32.8824        500     2.0792  0.000e+00
     70.479     6.3388   3.281070    32.8816        501     2.0833  0.000e+00
     70.420     6.3377   3.281064    32.8827        502     2.0875  0.000e+00
     70.341     6.3369   3.281070    32.8835        503     2.0917  0.000e+00
     70.262     6.3362   3.281051    32.8841        504     2.0958  0.000e+00
     70.194     6.3358   3.281008    32.8839        505     2.1000  0.000e+00
     70.121     6.3355   3.280983    32.8840        506     2.1042  0.000e+00
     70.079     6.3354   3.281033    32.8846        507     2.1083  0.000e+00
     70.042     6.3354   3.281051    32.8849        508     2.1125  0.000e+00
     70.033     6.3353   3.281070    32.8852        509     2.1167  0.000e+00
     70.058     6.3354   3.281144    32.8859        510     2.1208  0.000e+00
     70.101     6.3357   3.281243    32.8868        511     2.1250  0.000e+00
     70.166     6.3359   3.281261    32.8867        512     2.1292  0.000e+00
     70.241     6.3366   3.281410    32.8876        513     2.1333  0.000e+00
     70.328     6.3372   3.281441    32.8873        514     2.1375  0.000e+00
     70.423     6.3381   3.281447    32.8865        515     2.1417  0.000e+00
     70.503     6.3384   3.281447    32.8862        516     2.1458  0.000e+00
     70.575     6.3388   3.281509    32.8865        517     2.1500  0.000e+00
     70.622     6.3392   3.281459    32.8855        518     2.1542  0.000e+00
     70.653     6.3393   3.281366    32.8844        519     2.1583  0.000e+00
     70.649     6.3389   3.281305    32.8840        520     2.1625  0.000e+00
     70.633     6.3384   3.281261    32.8841        521     2.1667  0.000e+00
     70.591     6.3379   3.281360    32.8857        522     2.1708  0.000e+00
     70.538     6.3374   3.281428    32.8869        523     2.1750  0.000e+00
     70.475     6.3373   3.281447    32.8873        524     2.1792  0.000e+00
     70.408     6.3374   3.281428    32.8870        525     2.1833  0.000e+00
     70.339     6.3374   3.281422    32.8870        526     2.1875  0.000e+00
     70.280     6.3375   3.281410    32.8867        527     2.1917  0.000e+00
     70.237     6.3376   3.281428    32.8869        528     2.1958  0.000e+00
     70.209     6.3375   3.281471    32.8875        529     2.2000  0.000e+00
     70.198     6.3375   3.281440    32.8871        530     2.2042  0.000e+00
     70.210     6.3376   3.281552    32.8882        531     2.2083  0.000e+00
     70.241     6.3380   3.281613    32.8886        532     2.2125  0.000e+00
     70.295     6.3384   3.281638    32.8884        533     2.2167  0.000e+00
     70.361     6.3390   3.281620    32.8876        534     2.2208  0.000e+00
     70.430     6.3393   3.281657    32.8877        535     2.2250  0.000e+00
     70.506     6.3395   3.281700    32.8880        536     2.2292  0.000e+00
     70.571     6.3397   3.281700    32.8877        537     2.2333  0.000e+00
     70.629     6.3398   3.281657    32.8871        538     2.2375  0.000e+00
     70.668     6.3397   3.281638    32.8869        539     2.2417  0.000e+00
     70.682     6.3396   3.281533    32.8859        540     2.2458  0.000e+00
     70.669     6.3392   3.281410    32.8849        541     2.2500  0.000e+00
     70.633     6.3382   3.281342    32.8852        542     2.2542  0.000e+00
     70.566     6.3372   3.281280    32.8855        543     2.2583  0.000e+00
     70.484     6.3353   3.281243    32.8869        544     2.2625  0.000e+00
     70.383     6.3340   3.281243    32.8882        545     2.2667  0.000e+00
     70.270     6.3333   3.281261    32.8891        546     2.2708  0.000e+00
     70.153     6.3331   3.281385    32.8908        547     2.2750  0.000e+00
     70.035     6.3333   3.281410    32.8909        548     2.2792  0.000e+00
     69.930     6.3339   3.281366    32.8899        549     2.2833  0.000e+00
     69.845     6.3346   3.281379    32.8894        550     2.2875  0.000e+00
     69.789     6.3352   3.281366    32.8887        551     2.2917  0.000e+00
     69.759     6.3357   3.281342    32.8880        552     2.2958  0.000e+00
     69.778     6.3359   3.281409    32.8885        553     2.3000  0.000e+00
     69.823     6.3361   3.281595    32.8904        554     2.3042  0.000e+00
     69.899     6.3367   3.281681    32.8908        555     2.3083  0.000e+00
     70.004     6.3375   3.281762    32.8908        556     2.3125  0.000e+00
     70.138     6.3380   3.281718    32.8898        557     2.3167  0.000e+00
     70.288     6.3386   3.281675    32.8887        558     2.3208  0.000e+00
     70.447     6.3387   3.281682    32.8885        559     2.3250  0.000e+00
     70.610     6.3384   3.281719    32.8892        560     2.3292  0.000e+00
     70.756     6.3380   3.281657    32.8888        561     2.3333  0.000e+00
     70.883     6.3378   3.281638    32.8887        562     2.3375  0.000e+00
     70.986     6.3373   3.281638    32.8892        563     2.3417  0.000e+00
     71.053     6.3368   3.281638    32.8896        564     2.3458  0.000e+00
     71.083     6.3366   3.281490    32.8882        565     2.3500  0.000e+00
     71.073     6.3357   3.281459    32.8886        566     2.3542  0.000e+00
     71.026     6.3348   3.281385    32.8887        567     2.3583  0.000e+00
     70.947     6.3338   3.281323    32.8890        568     2.3625  0.000e+00
     70.839     6.3328   3.281305    32.8899        569     2.3667  0.000e+00
     70.713     6.3322   3.281360    32.8911        570     2.3708  0.000e+00
     70.561     6.3324   3.281385    32.8913        571     2.3750  0.000e+00
     70.420     6.3335   3.281410    32.8905        572     2.3792  0.000e+00
     70.266     6.3343   3.281342    32.8891        573     2.3833  0.000e+00
     70.134     6.3349   3.281379    32.8889        574     2.3875  0.000e+00
     70.017     6.3352   3.281385    32.8889        575     2.3917  0.000e+00
     69.926     6.3354   3.281410    32.8889        576     2.3958  0.000e+00
     69.866     6.3355   3.281471    32.8896        577     2.4000  0.000e+00
     69.845     6.3358   3.281477    32.8894        578     2.4042  0.000e+00
     69.853     6.3357   3.281552    32.8903        579     2.4083  0.000e+00
     69.883     6.3358   3.281638    32.8911        580     2.4125  0.000e+00
     69.947     6.3364   3.281700    32.8912        581     2.4167  0.000e+00
     70.033     6.3372   3.281774    32.8912        582     2.4208  0.000e+00
     70.127     6.3379   3.281824    32.8910        583     2.4250  0.000e+00
     70.230     6.3384   3.281780    32.8900        584     2.4292  0.000e+00
     70.331     6.3390   3.281743    32.8890        585     2.4333  0.000e+00
     70.433     6.3391   3.281737    32.8887        586     2.4375  0.000e+00
     70.516     6.3391   3.281743    32.8888        587     2.4417  0.000e+00
     70.584     6.3390   3.281780    32.8893        588     2.4458  0.000e+00
     70.625     6.3390   3.281700    32.8883        589     2.4500  0.000e+00
     70.650     6.3388   3.281620    32.8877        590     2.4542  0.000e+00
     70.649     6.3385   3.281614    32.8879        591     2.4583  0.000e+00
     70.632     6.3381   3.281552    32.8876        592     2.4625  0.000e+00
     70.593     6.3377   3.281552    32.8880        593     2.4667  0.000e+00
     70.542     6.3372   3.281496    32.8879        594     2.4708  0.000e+00
     70.481     6.3361   3.281490    32.8889        595     2.4750  0.000e+00
     70.414     6.3351   3.281471    32.8897        596     2.4792  0.000e+00
     70.345     6.3343   3.281509    32.8909        597     2.4833  0.000e+00
     70.281     6.3339   3.281478    32.8910        598     2.4875  0.000e+00
     70.229     6.3340   3.281490    32.8911        599     2.4917  0.000e+00
     70.189     6.3344   3.281490    32.8907        600     2.4958  0.000e+00
     70.160     6.3348   3.281471    32.8901        601     2.5000  0.000e+00
     70.154     6.3347   3.281539    32.8909        602     2.5042  0.000e+00
     70.167     6.3348   3.281595    32.8914        603     2.5083  0.000e+00
     70.193     6.3353   3.281657    32.8917        604     2.5125  0.000e+00
     70.231     6.3357   3.281719    32.8919        605     2.5167  0.000e+00
     70.277     6.3362   3.281737    32.8916        606     2.5208  0.000e+00
     70.339     6.3366   3.281824    32.8922        607     2.5250  0.000e+00
     70.398     6.3371   3.281867    32.8922        608     2.5292  0.000e+00
     70.458     6.3376   3.281867    32.8916        609     2.5333  0.000e+00
     70.508     6.3379   3.281873    32.8914        610     2.5375  0.000e+00
     70.548     6.3382   3.281848    32.8908        611     2.5417  0.000e+00
     70.571     6.3382   3.281867    32.8910        612     2.5458  0.000e+00
     70.588     6.3384   3.281805    32.8901        613     2.5500  0.000e+00
     70.577     6.3382   3.281675    32.8889        614     2.5542  0.000e+00
     70.559     6.3378   3.281577    32.8882        615     2.5583  0.000e+00
     70.530     6.3368   3.281533    32.8886        616     2.5625  0.000e+00
     70.496     6.3356   3.281490    32.8894        617     2.5667  0.000e+00
     70.452     6.3347   3.281459    32.8900        618     2.5708  0.000e+00
     70.405     6.3339   3.281471    32.8908        619     2.5750  0.000e+00
     70.362     6.3340   3.281447    32.8905        620     2.5792  0.000e+00
     70.324     6.3339   3.281447    32.8906        621     2.5833  0.000e+00
     70.297     6.3339   3.281459    32.8907        622     2.5875  0.000e+00
     70.272     6.3342   3.281447    32.8903        623     2.5917  0.000e+00
     70.260     6.3347   3.281447    32.8899        624     2.5958  0.000e+00
     70.254     6.3351   3.281490    32.8900        625     2.6000  0.000e+00
