HB2502/sbe111.cnv
* Sea-Bird SBE 19plus V2 Data File:
* FileName = C:\cruise\data\sbe111.hex
* Software Version Seasave V 7.26.7.121
* Temperature SN = 6128
* Conductivity SN = 6128
* System UpLoad Time = Apr 19 2025 03:40:42
* NMEA Latitude = 42 40.63 N
* NMEA Longitude = 070 26.43 W
* NMEA UTC (Time) = Apr 19 2025  03:40:03
** Ship: Henry Bigelow
** Cruise:  HB2502
** Program:  Spring Bottom Trawl
# nquan = 7
# nvalues = 1196                                  
# units = specified
# name 0 = depSM: Depth [salt water, m]
# name 1 = tv290C: Temperature [ITS-90, deg C]
# name 2 = c0S/m: Conductivity [S/m]
# name 3 = sal00: Salinity, Practical [PSU]
# name 4 = scan: Scan Count
# name 5 = timeM: Time, Elapsed [minutes]
# name 6 = flag:  0.000e+00
# span 0 =      0.061,     40.791                 
# span 1 =     4.3503,     9.1000                 
# span 2 =   0.016027,   3.207670                 
# span 3 =     0.1094,    32.6379                 
# span 4 =         11,       1206                 
# span 5 =     0.0417,     5.0208                 
# span 6 = 0.0000e+00, 0.0000e+00                 
# interval = seconds: 0.25
# start_time = Apr 19 2025 03:40:03 [NMEA time, header]
# bad_flag = -9.990e-29
*END*
      0.251     9.1000   0.016470     0.1124         11     0.0417  0.000e+00
      0.249     9.0994   0.016470     0.1125         12     0.0458  0.000e+00
      0.247     9.0994   0.016443     0.1123         13     0.0500  0.000e+00
      0.249     9.0992   0.016413     0.1121         14     0.0542  0.000e+00
      0.248     9.0992   0.016368     0.1117         15     0.0583  0.000e+00
      0.246     9.0988   0.016319     0.1114         16     0.0625  0.000e+00
      0.246     9.0991   0.016274     0.1111         17     0.0667  0.000e+00
      0.244     9.0989   0.016238     0.1108         18     0.0708  0.000e+00
      0.244     9.0986   0.016199     0.1106         19     0.0750  0.000e+00
      0.241     9.0986   0.016187     0.1105         20     0.0792  0.000e+00
      0.239     9.0984   0.016166     0.1103         21     0.0833  0.000e+00
      0.241     9.0983   0.016154     0.1103         22     0.0875  0.000e+00
      0.238     9.0983   0.016145     0.1102         23     0.0917  0.000e+00
      0.241     9.0979   0.016148     0.1102         24     0.0958  0.000e+00
      0.237     9.0977   0.016154     0.1103         25     0.1000  0.000e+00
      0.233     9.0979   0.016172     0.1104         26     0.1042  0.000e+00
      0.238     9.0975   0.016193     0.1105         27     0.1083  0.000e+00
      0.239     9.0973   0.016229     0.1108         28     0.1125  0.000e+00
      0.233     9.0973   0.016256     0.1110         29     0.1167  0.000e+00
      0.235     9.0971   0.016262     0.1110         30     0.1208  0.000e+00
      0.235     9.0969   0.016253     0.1110         31     0.1250  0.000e+00
      0.233     9.0966   0.016229     0.1108         32     0.1292  0.000e+00
      0.235     9.0963   0.016199     0.1106         33     0.1333  0.000e+00
      0.237     9.0962   0.016160     0.1103         34     0.1375  0.000e+00
      0.237     9.0958   0.016124     0.1101         35     0.1417  0.000e+00
      0.235     9.0960   0.016085     0.1098         36     0.1458  0.000e+00
      0.232     9.0961   0.016054     0.1096         37     0.1500  0.000e+00
      0.232     9.0955   0.016048     0.1095         38     0.1542  0.000e+00
      0.234     9.0954   0.016033     0.1094         39     0.1583  0.000e+00
      0.232     9.0951   0.016030     0.1094         40     0.1625  0.000e+00
      0.236     9.0950   0.016027     0.1094         41     0.1667  0.000e+00
      0.236     9.0949   0.016048     0.1095         42     0.1708  0.000e+00
      0.227     9.0946   0.016073     0.1097         43     0.1750  0.000e+00
      0.230     9.0943   0.016106     0.1099         44     0.1792  0.000e+00
      0.230     9.0944   0.016160     0.1103         45     0.1833  0.000e+00
      0.232     9.0942   0.016238     0.1109         46     0.1875  0.000e+00
      0.230     9.0938   0.016292     0.1112         47     0.1917  0.000e+00
      0.223     9.0938   0.016262     0.1110         48     0.1958  0.000e+00
      0.228     9.0936   0.016268     0.1111         49     0.2000  0.000e+00
      0.224     9.0929   0.016268     0.1111         50     0.2042  0.000e+00
      0.228     9.0931   0.016265     0.1110         51     0.2083  0.000e+00
      0.230     9.0928   0.016247     0.1109         52     0.2125  0.000e+00
      0.221     9.0926   0.016205     0.1106         53     0.2167  0.000e+00
      0.225     9.0924   0.016166     0.1104         54     0.2208  0.000e+00
      0.227     9.0922   0.016154     0.1103         55     0.2250  0.000e+00
      0.230     9.0919   0.016154     0.1103         56     0.2292  0.000e+00
      0.230     9.0919   0.016142     0.1102         57     0.2333  0.000e+00
      0.228     9.0914   0.016136     0.1102         58     0.2375  0.000e+00
      0.225     9.0912   0.016094     0.1099         59     0.2417  0.000e+00
      0.224     9.0911   0.016066     0.1097         60     0.2458  0.000e+00
      0.226     9.0909   0.016073     0.1097         61     0.2500  0.000e+00
      0.228     9.0903   0.016085     0.1098         62     0.2542  0.000e+00
      0.232     9.0905   0.016106     0.1100         63     0.2583  0.000e+00
      0.225     9.0903   0.016130     0.1101         64     0.2625  0.000e+00
      0.225     9.0899   0.016154     0.1103         65     0.2667  0.000e+00
      0.225     9.0899   0.016181     0.1105         66     0.2708  0.000e+00
      0.229     9.0897   0.016223     0.1108         67     0.2750  0.000e+00
      0.227     9.0894   0.016280     0.1112         68     0.2792  0.000e+00
      0.223     9.0891   0.016356     0.1117         69     0.2833  0.000e+00
      0.225     9.0893   0.016380     0.1119         70     0.2875  0.000e+00
      0.310     9.0901   0.016325     0.1115         71     0.2917  0.000e+00
      0.609     9.0953   0.016425     0.1121         72     0.2958  0.000e+00
      0.897     9.0945   1.016413     8.4760         73     0.3000  0.000e+00
      1.162     8.8303   1.607917    14.0261         74     0.3042  0.000e+00
      1.396     8.3244   1.732962    15.4346         75     0.3083  0.000e+00
      1.566     8.0163   1.671373    14.9696         76     0.3125  0.000e+00
      1.686     7.8709   2.118565    19.4632         77     0.3167  0.000e+00
      1.782     7.7803   2.018633    18.5108         78     0.3208  0.000e+00
      1.883     7.7124   2.363022    22.0327         79     0.3250  0.000e+00
      1.999     7.6517   3.098708    29.7399         80     0.3292  0.000e+00
      2.143     7.5886   3.110016    29.9141         81     0.3333  0.000e+00
      2.317     7.5175   3.139960    30.2946         82     0.3375  0.000e+00
      2.529     7.4434   3.136287    30.3200         83     0.3417  0.000e+00
      2.760     7.3647   3.057964    29.5508         84     0.3458  0.000e+00
      3.008     7.2837   3.010238    29.1097         85     0.3500  0.000e+00
      3.253     7.2008   2.968248    28.7304         86     0.3542  0.000e+00
      3.499     7.1358   2.980498    28.9156         87     0.3583  0.000e+00
      3.736     7.0996   3.047452    29.6648         88     0.3625  0.000e+00
      3.971     7.0770   3.096352    30.2111         89     0.3667  0.000e+00
      4.185     7.0607   3.030227    29.5127         90     0.3708  0.000e+00
      4.380     7.0505   3.067635    29.9243         91     0.3750  0.000e+00
      4.570     7.0444   3.142668    30.7401         92     0.3792  0.000e+00
      4.745     7.0402   3.142249    30.7392         93     0.3833  0.000e+00
      4.920     7.0374   3.082259    30.0932         94     0.3875  0.000e+00
      5.094     7.0369   3.022706    29.4517         95     0.3917  0.000e+00
      5.268     7.0241   3.035226    29.5974         96     0.3958  0.000e+00
      5.428     6.9814   3.031103    29.5896         97     0.4000  0.000e+00
      5.589     6.9018   2.939165    28.6664         98     0.4042  0.000e+00
      5.748     6.8101   2.872677    28.0266         99     0.4083  0.000e+00
      5.916     6.7333   2.879022    28.1577        100     0.4125  0.000e+00
      6.086     6.6817   2.912444    28.5613        101     0.4167  0.000e+00
      6.257     6.6483   2.972892    29.2446        102     0.4208  0.000e+00
      6.429     6.6207   2.931769    28.8216        103     0.4250  0.000e+00
      6.610     6.5912   2.933769    28.8681        104     0.4292  0.000e+00
      6.803     6.5546   2.939145    28.9574        105     0.4333  0.000e+00
      7.002     6.5087   2.940028    29.0058        106     0.4375  0.000e+00
      7.207     6.4619   2.945012    29.0998        107     0.4417  0.000e+00
      7.419     6.4218   3.016520    29.9160        108     0.4458  0.000e+00
      7.620     6.3918   3.148067    31.3892        109     0.4500  0.000e+00
      7.822     6.3648   3.207670    32.0731        110     0.4542  0.000e+00
      8.023     6.3266   3.192271    31.9384        111     0.4583  0.000e+00
      8.220     6.2855   3.166328    31.6893        112     0.4625  0.000e+00
      8.419     6.2580   3.144385    31.4716        113     0.4667  0.000e+00
      8.603     6.2216   3.125714    31.2984        114     0.4708  0.000e+00
      8.776     6.1759   3.112254    31.1911        115     0.4750  0.000e+00
      8.957     6.1300   3.106161    31.1657        116     0.4792  0.000e+00
      9.138     6.0875   3.103700    31.1773        117     0.4833  0.000e+00
      9.313     6.0500   3.102915    31.2029        118     0.4875  0.000e+00
      9.494     6.0158   3.101488    31.2185        119     0.4917  0.000e+00
      9.675     5.9839   3.101096    31.2435        120     0.4958  0.000e+00
      9.856     5.9543   3.101525    31.2755        121     0.5000  0.000e+00
     10.050     5.9278   3.105444    31.3437        122     0.5042  0.000e+00
     10.246     5.9069   3.122911    31.5582        123     0.5083  0.000e+00
     10.457     5.8971   3.138114    31.7373        124     0.5125  0.000e+00
     10.668     5.8969   3.141965    31.7804        125     0.5167  0.000e+00
     10.882     5.8966   3.139876    31.7573        126     0.5208  0.000e+00
     11.102     5.8929   3.126646    31.6126        127     0.5250  0.000e+00
     11.321     5.8858   3.120924    31.5551        128     0.5292  0.000e+00
     11.548     5.8765   3.109770    31.4389        129     0.5333  0.000e+00
     11.719     5.8621   3.077606    31.0927        130     0.5375  0.000e+00
     11.785     5.8468   3.065736    30.9740        131     0.5417  0.000e+00
     11.767     5.8233   3.061915    30.9530        132     0.5458  0.000e+00
     11.713     5.7859   3.062078    30.9891        133     0.5500  0.000e+00
     11.677     5.7443   3.066218    31.0737        134     0.5542  0.000e+00
     11.655     5.7058   3.071095    31.1640        135     0.5583  0.000e+00
     11.648     5.6768   3.074818    31.2326        136     0.5625  0.000e+00
     11.599     5.6547   3.066243    31.1568        137     0.5667  0.000e+00
     11.525     5.6368   3.063884    31.1469        138     0.5708  0.000e+00
     11.454     5.6220   3.065702    31.1811        139     0.5750  0.000e+00
     11.404     5.6094   3.077175    31.3219        140     0.5792  0.000e+00
     11.396     5.6009   3.100296    31.5902        141     0.5833  0.000e+00
     11.387     5.5961   3.110711    31.7122        142     0.5875  0.000e+00
     11.383     5.5914   3.110554    31.7149        143     0.5917  0.000e+00
     11.385     5.5880   3.116511    31.7853        144     0.5958  0.000e+00
     11.414     5.5926   3.122884    31.8528        145     0.6000  0.000e+00
     11.471     5.6330   3.121890    31.8034        146     0.6042  0.000e+00
     11.533     5.7290   3.121041    31.7032        147     0.6083  0.000e+00
     11.594     5.8293   3.121985    31.6197        148     0.6125  0.000e+00
     11.642     5.9082   3.124081    31.5694        149     0.6167  0.000e+00
     11.693     5.9703   3.126172    31.5347        150     0.6208  0.000e+00
     11.731     6.0232   3.124553    31.4675        151     0.6250  0.000e+00
     11.759     6.0635   3.118469    31.3623        152     0.6292  0.000e+00
     11.770     6.0967   3.113732    31.2791        153     0.6333  0.000e+00
     11.762     6.1219   3.109211    31.2056        154     0.6375  0.000e+00
     11.746     6.1174   3.101210    31.1209        155     0.6417  0.000e+00
     11.717     6.0731   3.088846    31.0242        156     0.6458  0.000e+00
     11.671     6.0077   3.079877    30.9844        157     0.6500  0.000e+00
     11.624     5.9394   3.075219    30.9951        158     0.6542  0.000e+00
     11.568     5.8733   3.072719    31.0278        159     0.6583  0.000e+00
     11.514     5.8132   3.071774    31.0726        160     0.6625  0.000e+00
     11.457     5.7615   3.072323    31.1264        161     0.6667  0.000e+00
     11.416     5.7199   3.074275    31.1867        162     0.6708  0.000e+00
     11.381     5.6900   3.084548    31.3298        163     0.6750  0.000e+00
     11.365     5.6734   3.104310    31.5674        164     0.6792  0.000e+00
     11.367     5.6641   3.108883    31.6276        165     0.6833  0.000e+00
     11.383     5.6575   3.116492    31.7194        166     0.6875  0.000e+00
     11.421     5.6778   3.119308    31.7321        167     0.6917  0.000e+00
     11.462     5.7340   3.119956    31.6864        168     0.6958  0.000e+00
     11.522     5.8122   3.120137    31.6150        169     0.7000  0.000e+00
     11.585     5.8953   3.120548    31.5419        170     0.7042  0.000e+00
     11.647     5.9681   3.121238    31.4818        171     0.7083  0.000e+00
     11.704     6.0257   3.121965    31.4363        172     0.7125  0.000e+00
     11.753     6.0705   3.117863    31.3491        173     0.7167  0.000e+00
     11.787     6.1087   3.110252    31.2293        174     0.7208  0.000e+00
     11.810     6.1406   3.105581    31.1481        175     0.7250  0.000e+00
     11.811     6.1545   3.103386    31.1110        176     0.7292  0.000e+00
     11.796     6.1296   3.096490    31.0573        177     0.7333  0.000e+00
     11.766     6.0723   3.086390    30.9977        178     0.7375  0.000e+00
     11.724     6.0003   3.077219    30.9616        179     0.7417  0.000e+00
     11.666     5.9272   3.071406    30.9638        180     0.7458  0.000e+00
     11.606     5.8588   3.068462    30.9936        181     0.7500  0.000e+00
     11.544     5.7979   3.067168    31.0351        182     0.7542  0.000e+00
     11.482     5.7453   3.066916    31.0808        183     0.7583  0.000e+00
     11.432     5.7029   3.067765    31.1295        184     0.7625  0.000e+00
     11.388     5.6717   3.072529    31.2118        185     0.7667  0.000e+00
     11.369     5.6511   3.089261    31.4190        186     0.7708  0.000e+00
     11.368     5.6398   3.100084    31.5514        187     0.7750  0.000e+00
     11.382     5.6315   3.109355    31.6635        188     0.7792  0.000e+00
     11.418     5.6460   3.115687    31.7212        189     0.7833  0.000e+00
     11.476     5.6973   3.117612    31.6945        190     0.7875  0.000e+00
     11.539     5.7796   3.117769    31.6190        191     0.7917  0.000e+00
     11.610     5.8733   3.117689    31.5305        192     0.7958  0.000e+00
     11.684     5.9543   3.117943    31.4578        193     0.8000  0.000e+00
     11.753     6.0167   3.116900    31.3882        194     0.8042  0.000e+00
     11.812     6.0625   3.110452    31.2741        195     0.8083  0.000e+00
     11.856     6.0983   3.102298    31.1505        196     0.8125  0.000e+00
     11.876     6.1244   3.098690    31.0865        197     0.8167  0.000e+00
     11.880     6.1276   3.095089    31.0436        198     0.8208  0.000e+00
     11.859     6.0844   3.081468    30.9320        199     0.8250  0.000e+00
     11.820     6.0139   3.070315    30.8723        200     0.8292  0.000e+00
     11.756     5.9358   3.064441    30.8782        201     0.8333  0.000e+00
     11.678     5.8586   3.061121    30.9118        202     0.8375  0.000e+00
     11.587     5.7876   3.059371    30.9573        203     0.8417  0.000e+00
     11.489     5.7266   3.058326    31.0017        204     0.8458  0.000e+00
     11.397     5.6791   3.058134    31.0433        205     0.8500  0.000e+00
     11.313     5.6438   3.058982    31.0854        206     0.8542  0.000e+00
     11.261     5.6184   3.063650    31.1614        207     0.8583  0.000e+00
     11.221     5.6020   3.082100    31.3843        208     0.8625  0.000e+00
     11.215     5.5926   3.094079    31.5280        209     0.8667  0.000e+00
     11.240     5.5897   3.107020    31.6766        210     0.8708  0.000e+00
     11.285     5.6200   3.110935    31.6923        211     0.8750  0.000e+00
     11.361     5.6922   3.110904    31.6240        212     0.8792  0.000e+00
     11.449     5.7917   3.110080    31.5215        213     0.8833  0.000e+00
     11.546     5.8854   3.109310    31.4255        214     0.8875  0.000e+00
     11.645     5.9609   3.108801    31.3497        215     0.8917  0.000e+00
