HB2502/sbe100.cnv
* Sea-Bird SBE 19plus V2 Data File:
* FileName = C:\cruise\data\sbe100.hex
* Software Version Seasave V 7.26.7.121
* Temperature SN = 6128
* Conductivity SN = 6128
* System UpLoad Time = Apr 18 2025 01:57:46
* NMEA Latitude = 41 58.01 N
* NMEA Longitude = 070 16.76 W
* NMEA UTC (Time) = Apr 18 2025  01:57:05
** Ship: Henry Bigelow
** Cruise:  HB2502
** Program:  Spring Bottom Trawl
# nquan = 7
# nvalues = 685                                   
# units = specified
# name 0 = depSM: Depth [salt water, m]
# name 1 = tv290C: Temperature [ITS-90, deg C]
# name 2 = c0S/m: Conductivity [S/m]
# name 3 = sal00: Salinity, Practical [PSU]
# name 4 = scan: Scan Count
# name 5 = timeM: Time, Elapsed [minutes]
# name 6 = flag:  0.000e+00
# span 0 =      0.269,     33.780                 
# span 1 =     5.4730,     6.7639                 
# span 2 =   3.123909,   3.261055                 
# span 3 =    31.7457,    32.9867                 
# span 4 =         11,        695                 
# span 5 =     0.0417,     2.8917                 
# span 6 = 0.0000e+00, 0.0000e+00                 
# interval = seconds: 0.25
# start_time = Apr 18 2025 01:57:05 [NMEA time, header]
# bad_flag = -9.990e-29
*END*
[from data line 616]
      9.419     5.5195   3.130209    32.0060        627     2.6083  0.000e+00
      9.229     5.5276   3.132503    32.0244        628     2.6125  0.000e+00
      9.038     5.5399   3.134111    32.0309        629     2.6167  0.000e+00
      8.835     5.5557   3.134390    32.0191        630     2.6208  0.000e+00
      8.628     5.5702   3.134189    32.0032        631     2.6250  0.000e+00
      8.426     5.5805   3.134189    31.9934        632     2.6292  0.000e+00
      8.225     5.5872   3.134128    31.9864        633     2.6333  0.000e+00
      8.017     5.5917   3.134189    31.9830        634     2.6375  0.000e+00
      7.805     5.5947   3.137497    32.0176        635     2.6417  0.000e+00
      7.589     5.6023   3.140558    32.0450        636     2.6458  0.000e+00
      7.379     5.6192   3.142921    32.0557        637     2.6500  0.000e+00
      7.174     5.6417   3.150403    32.1188        638     2.6542  0.000e+00
      6.969     5.6758   3.157229    32.1633        639     2.6583  0.000e+00
      6.772     5.7275   3.164670    32.1979        640     2.6625  0.000e+00
      6.568     5.7929   3.169867    32.1940        641     2.6667  0.000e+00
      6.366     5.8633   3.169824    32.1265        642     2.6708  0.000e+00
      6.166     5.9214   3.168458    32.0562        643     2.6750  0.000e+00
      5.965     5.9580   3.167896    32.0153        644     2.6792  0.000e+00
      5.761     5.9778   3.169463    32.0142        645     2.6833  0.000e+00
      5.556     5.9924   3.170925    32.0168        646     2.6875  0.000e+00
      5.344     6.0059   3.171328    32.0087        647     2.6917  0.000e+00
      5.133     6.0186   3.171309    31.9966        648     2.6958  0.000e+00
      4.913     6.0280   3.171370    31.9885        649     2.7000  0.000e+00
      4.714     6.0342   3.171248    31.9814        650     2.7042  0.000e+00
      4.516     6.0378   3.171284    31.9785        651     2.7083  0.000e+00
      4.304     6.0397   3.171248    31.9763        652     2.7125  0.000e+00
      4.096     6.0409   3.171370    31.9767        653     2.7167  0.000e+00
      3.888     6.0419   3.171546    31.9778        654     2.7208  0.000e+00
      3.686     6.0431   3.171205    31.9730        655     2.7250  0.000e+00
      3.485     6.0433   3.170101    31.9605        656     2.7292  0.000e+00
      3.297     6.0408   3.170004    31.9619        657     2.7333  0.000e+00
      3.110     6.0367   3.170845    31.9753        658     2.7375  0.000e+00
      2.933     6.0353   3.170967    31.9781        659     2.7417  0.000e+00
      2.758     6.0359   3.170802    31.9758        660     2.7458  0.000e+00
      2.588     6.0364   3.170985    31.9774        661     2.7500  0.000e+00
      2.402     6.0371   3.171168    31.9788        662     2.7542  0.000e+00
      2.203     6.0382   3.170741    31.9731        663     2.7583  0.000e+00
      1.960     6.0386   3.170845    31.9741        664     2.7625  0.000e+00
      1.696     6.0385   3.170966    31.9757        665     2.7667  0.000e+00
      1.437     6.0385   3.170966    31.9757        666     2.7708  0.000e+00
      1.182     6.0391   3.170564    31.9708        667     2.7750  0.000e+00
      0.938     6.0385   3.170485    31.9706        668     2.7792  0.000e+00
      0.734     6.0374   3.170460    31.9715        669     2.7833  0.000e+00
      0.588     6.0361   3.170503    31.9732        670     2.7875  0.000e+00
      0.537     6.0355   3.170503    31.9738        671     2.7917  0.000e+00
      0.580     6.0352   3.170424    31.9732        672     2.7958  0.000e+00
      0.653     6.0348   3.170442    31.9738        673     2.8000  0.000e+00
      0.678     6.0343   3.170503    31.9749        674     2.8042  0.000e+00
      0.639     6.0340   3.170600    31.9763        675     2.8083  0.000e+00
      0.517     6.0342   3.170503    31.9751        676     2.8125  0.000e+00
      0.370     6.0344   3.170484    31.9747        677     2.8167  0.000e+00
      0.275     6.0345   3.170460    31.9744        678     2.8208  0.000e+00
      0.269     6.0344   3.170399    31.9738        679     2.8250  0.000e+00
      0.334     6.0343   3.170466    31.9747        680     2.8292  0.000e+00
      0.405     6.0340   3.170442    31.9747        681     2.8333  0.000e+00
      0.450     6.0339   3.170460    31.9749        682     2.8375  0.000e+00
      0.479     6.0338   3.170460    31.9750        683     2.8417  0.000e+00
      0.516     6.0337   3.170424    31.9747        684     2.8458  0.000e+00
      0.550     6.0335   3.170460    31.9753        685     2.8500  0.000e+00
      0.550     6.0335   3.170424    31.9748        686     2.8542  0.000e+00
      0.522     6.0334   3.170021    31.9704        687     2.8583  0.000e+00
      0.470     6.0326   3.169802    31.9688        688     2.8625  0.000e+00
      0.413     6.0307   3.169698    31.9695        689     2.8667  0.000e+00
      0.384     6.0286   3.169777    31.9724        690     2.8708  0.000e+00
      0.418     6.0272   3.169820    31.9741        691     2.8750  0.000e+00
      0.471     6.0265   3.169820    31.9747        692     2.8792  0.000e+00
      0.521     6.0260   3.169820    31.9752        693     2.8833  0.000e+00
      0.554     6.0257   3.169759    31.9747        694     2.8875  0.000e+00
      0.548     6.0255   3.169802    31.9755        695     2.8917  0.000e+00
