HB2502/sbe126.cnv
* Sea-Bird SBE 19plus V2 Data File:
* FileName = C:\cruise\data\sbe126.hex
* Software Version Seasave V 7.26.7.121
* Temperature SN = 6128
* Conductivity SN = 6128
* System UpLoad Time = May 03 2025 07:53:06
* NMEA Latitude = 41 12.39 N
* NMEA Longitude = 067 11.57 W
* NMEA UTC (Time) = May 03 2025  07:51:41
** Ship: Henry Bigelow
** Cruise:  HB2502
** Program:  Spring Bottom Trawl
# nquan = 7
# nvalues = 1402                                  
# units = specified
# name 0 = depSM: Depth [salt water, m]
# name 1 = tv290C: Temperature [ITS-90, deg C]
# name 2 = c0S/m: Conductivity [S/m]
# name 3 = sal00: Salinity, Practical [PSU]
# name 4 = scan: Scan Count
# name 5 = timeM: Time, Elapsed [minutes]
# name 6 = flag:  0.000e+00
# span 0 =     -0.008,     56.078                 
# span 1 =     7.1708,    10.0683                 
# span 2 =   0.000671,   3.489293                 
# span 3 =     0.0080,    33.5737                 
# span 4 =         11,       1412                 
# span 5 =     0.0417,     5.8792                 
# span 6 = 0.0000e+00, 0.0000e+00                 
# interval = seconds: 0.25
# start_time = May 03 2025 07:51:41 [NMEA time, header]
# bad_flag = -9.990e-29
*END*
[from data line 1026]
     17.770     7.1724   3.308909    32.4192       1037     4.3167  0.000e+00
     17.730     7.1726   3.308891    32.4188       1038     4.3208  0.000e+00
     17.695     7.1726   3.308872    32.4186       1039     4.3250  0.000e+00
     17.661     7.1726   3.308866    32.4186       1040     4.3292  0.000e+00
     17.615     7.1727   3.308829    32.4180       1041     4.3333  0.000e+00
     17.574     7.1726   3.308829    32.4182       1042     4.3375  0.000e+00
     17.525     7.1726   3.308829    32.4182       1043     4.3417  0.000e+00
     17.468     7.1726   3.308785    32.4178       1044     4.3458  0.000e+00
     17.407     7.1726   3.308829    32.4182       1045     4.3500  0.000e+00
     17.340     7.1726   3.308804    32.4180       1046     4.3542  0.000e+00
     17.282     7.1726   3.308785    32.4179       1047     4.3583  0.000e+00
     17.222     7.1724   3.308934    32.4196       1048     4.3625  0.000e+00
     17.168     7.1726   3.308915    32.4193       1049     4.3667  0.000e+00
     17.123     7.1728   3.308884    32.4188       1050     4.3708  0.000e+00
     17.099     7.1731   3.309021    32.4200       1051     4.3750  0.000e+00
     17.074     7.1736   3.309083    32.4202       1052     4.3792  0.000e+00
     17.053     7.1741   3.309089    32.4198       1053     4.3833  0.000e+00
     17.035     7.1746   3.309083    32.4193       1054     4.3875  0.000e+00
     17.009     7.1749   3.308934    32.4174       1055     4.3917  0.000e+00
     16.988     7.1750   3.308884    32.4168       1056     4.3958  0.000e+00
     16.955     7.1744   3.309021    32.4189       1057     4.4000  0.000e+00
     16.912     7.1743   3.309021    32.4190       1058     4.4042  0.000e+00
     16.859     7.1744   3.308983    32.4185       1059     4.4083  0.000e+00
     16.798     7.1743   3.309021    32.4190       1060     4.4125  0.000e+00
     16.716     7.1744   3.309021    32.4189       1061     4.4167  0.000e+00
     16.618     7.1745   3.308928    32.4179       1062     4.4208  0.000e+00
     16.522     7.1745   3.308890    32.4176       1063     4.4250  0.000e+00
     16.418     7.1742   3.308958    32.4186       1064     4.4292  0.000e+00
     16.311     7.1741   3.308983    32.4190       1065     4.4333  0.000e+00
     16.216     7.1742   3.308977    32.4190       1066     4.4375  0.000e+00
     16.120     7.1742   3.308828    32.4173       1067     4.4417  0.000e+00
     16.047     7.1740   3.308766    32.4169       1068     4.4458  0.000e+00
     15.986     7.1739   3.308785    32.4172       1069     4.4500  0.000e+00
     15.940     7.1735   3.308785    32.4176       1070     4.4542  0.000e+00
     15.900     7.1731   3.308785    32.4180       1071     4.4583  0.000e+00
     15.876     7.1730   3.308785    32.4182       1072     4.4625  0.000e+00
     15.860     7.1729   3.308748    32.4178       1073     4.4667  0.000e+00
     15.841     7.1728   3.308766    32.4181       1074     4.4708  0.000e+00
     15.832     7.1727   3.308785    32.4184       1075     4.4750  0.000e+00
     15.818     7.1727   3.308853    32.4191       1076     4.4792  0.000e+00
     15.796     7.1728   3.308810    32.4186       1077     4.4833  0.000e+00
     15.762     7.1730   3.308766    32.4180       1078     4.4875  0.000e+00
     15.730     7.1729   3.308785    32.4183       1079     4.4917  0.000e+00
     15.677     7.1727   3.308766    32.4183       1080     4.4958  0.000e+00
     15.624     7.1727   3.308747    32.4181       1081     4.5000  0.000e+00
     15.563     7.1727   3.308853    32.4193       1082     4.5042  0.000e+00
     15.491     7.1727   3.308828    32.4190       1083     4.5083  0.000e+00
     15.418     7.1731   3.308909    32.4196       1084     4.5125  0.000e+00
     15.347     7.1735   3.308890    32.4190       1085     4.5167  0.000e+00
     15.276     7.1739   3.308853    32.4183       1086     4.5208  0.000e+00
     15.203     7.1737   3.308766    32.4176       1087     4.5250  0.000e+00
     15.137     7.1738   3.308679    32.4166       1088     4.5292  0.000e+00
     15.077     7.1734   3.308661    32.4168       1089     4.5333  0.000e+00
     15.012     7.1730   3.308667    32.4173       1090     4.5375  0.000e+00
     14.954     7.1727   3.308661    32.4175       1091     4.5417  0.000e+00
     14.913     7.1724   3.308660    32.4178       1092     4.5458  0.000e+00
     14.867     7.1724   3.308660    32.4178       1093     4.5500  0.000e+00
     14.827     7.1722   3.308648    32.4179       1094     4.5542  0.000e+00
     14.790     7.1721   3.308660    32.4181       1095     4.5583  0.000e+00
     14.761     7.1722   3.308704    32.4186       1096     4.5625  0.000e+00
     14.731     7.1720   3.308667    32.4183       1097     4.5667  0.000e+00
     14.712     7.1722   3.308642    32.4179       1098     4.5708  0.000e+00
     14.689     7.1721   3.308679    32.4184       1099     4.5750  0.000e+00
     14.661     7.1721   3.308667    32.4183       1100     4.5792  0.000e+00
     14.634     7.1721   3.308679    32.4184       1101     4.5833  0.000e+00
     14.611     7.1721   3.308679    32.4184       1102     4.5875  0.000e+00
     14.576     7.1722   3.308685    32.4184       1103     4.5917  0.000e+00
     14.529     7.1722   3.308704    32.4186       1104     4.5958  0.000e+00
     14.484     7.1723   3.308660    32.4181       1105     4.6000  0.000e+00
     14.427     7.1723   3.308648    32.4180       1106     4.6042  0.000e+00
     14.367     7.1722   3.308642    32.4180       1107     4.6083  0.000e+00
     14.298     7.1719   3.308660    32.4186       1108     4.6125  0.000e+00
     14.236     7.1717   3.308623    32.4184       1109     4.6167  0.000e+00
     14.160     7.1716   3.308642    32.4187       1110     4.6208  0.000e+00
     14.093     7.1715   3.308598    32.4183       1111     4.6250  0.000e+00
     14.023     7.1716   3.308586    32.4182       1112     4.6292  0.000e+00
     13.957     7.1714   3.308598    32.4185       1113     4.6333  0.000e+00
     13.903     7.1712   3.308536    32.4181       1114     4.6375  0.000e+00
     13.852     7.1710   3.308573    32.4187       1115     4.6417  0.000e+00
     13.799     7.1708   3.308567    32.4188       1116     4.6458  0.000e+00
     13.756     7.1710   3.308555    32.4186       1117     4.6500  0.000e+00
     13.710     7.1711   3.308555    32.4184       1118     4.6542  0.000e+00
     13.669     7.1710   3.308542    32.4184       1119     4.6583  0.000e+00
     13.620     7.1712   3.308536    32.4181       1120     4.6625  0.000e+00
     13.576     7.1711   3.308536    32.4183       1121     4.6667  0.000e+00
     13.531     7.1712   3.308567    32.4185       1122     4.6708  0.000e+00
     13.478     7.1711   3.308598    32.4190       1123     4.6750  0.000e+00
     13.429     7.1711   3.308598    32.4190       1124     4.6792  0.000e+00
     13.373     7.1713   3.308623    32.4191       1125     4.6833  0.000e+00
     13.325     7.1715   3.308703    32.4199       1126     4.6875  0.000e+00
     13.287     7.1719   3.308660    32.4191       1127     4.6917  0.000e+00
     13.248     7.1723   3.308648    32.4186       1128     4.6958  0.000e+00
     13.214     7.1724   3.308598    32.4179       1129     4.7000  0.000e+00
     13.187     7.1723   3.308617    32.4182       1130     4.7042  0.000e+00
     13.154     7.1722   3.308586    32.4180       1131     4.7083  0.000e+00
     13.129     7.1720   3.308660    32.4190       1132     4.7125  0.000e+00
     13.104     7.1723   3.308722    32.4194       1133     4.7167  0.000e+00
     13.073     7.1724   3.308641    32.4184       1134     4.7208  0.000e+00
     13.040     7.1726   3.308604    32.4179       1135     4.7250  0.000e+00
     13.002     7.1726   3.308616    32.4180       1136     4.7292  0.000e+00
     12.960     7.1724   3.308616    32.4183       1137     4.7333  0.000e+00
     12.913     7.1724   3.308585    32.4179       1138     4.7375  0.000e+00
     12.861     7.1722   3.308598    32.4183       1139     4.7417  0.000e+00
     12.801     7.1720   3.308616    32.4187       1140     4.7458  0.000e+00
     12.742     7.1722   3.308604    32.4184       1141     4.7500  0.000e+00
     12.673     7.1721   3.308598    32.4185       1142     4.7542  0.000e+00
     12.611     7.1720   3.308616    32.4187       1143     4.7583  0.000e+00
     12.542     7.1718   3.308567    32.4185       1144     4.7625  0.000e+00
     12.482     7.1718   3.308598    32.4188       1145     4.7667  0.000e+00
     12.428     7.1718   3.308573    32.4186       1146     4.7708  0.000e+00
     12.375     7.1718   3.308585    32.4188       1147     4.7750  0.000e+00
     12.326     7.1718   3.308573    32.4186       1148     4.7792  0.000e+00
     12.294     7.1718   3.308598    32.4190       1149     4.7833  0.000e+00
     12.265     7.1717   3.308567    32.4187       1150     4.7875  0.000e+00
     12.247     7.1718   3.308573    32.4187       1151     4.7917  0.000e+00
     12.231     7.1719   3.308554    32.4184       1152     4.7958  0.000e+00
     12.225     7.1719   3.308567    32.4185       1153     4.8000  0.000e+00
     12.216     7.1719   3.308536    32.4182       1154     4.8042  0.000e+00
     12.203     7.1720   3.308573    32.4185       1155     4.8083  0.000e+00
     12.192     7.1719   3.308554    32.4184       1156     4.8125  0.000e+00
     12.178     7.1721   3.308567    32.4184       1157     4.8167  0.000e+00
     12.152     7.1722   3.308554    32.4182       1158     4.8208  0.000e+00
     12.116     7.1723   3.308573    32.4182       1159     4.8250  0.000e+00
     12.077     7.1722   3.308585    32.4186       1160     4.8292  0.000e+00
     12.027     7.1725   3.308573    32.4181       1161     4.8333  0.000e+00
     11.964     7.1724   3.308554    32.4180       1162     4.8375  0.000e+00
     11.890     7.1724   3.308542    32.4179       1163     4.8417  0.000e+00
     11.819     7.1724   3.308511    32.4176       1164     4.8458  0.000e+00
     11.737     7.1724   3.308492    32.4175       1165     4.8500  0.000e+00
     11.662     7.1724   3.308486    32.4175       1166     4.8542  0.000e+00
     11.598     7.1722   3.308573    32.4186       1167     4.8583  0.000e+00
     11.538     7.1722   3.308573    32.4186       1168     4.8625  0.000e+00
     11.485     7.1724   3.308461    32.4172       1169     4.8667  0.000e+00
     11.439     7.1722   3.308554    32.4185       1170     4.8708  0.000e+00
     11.396     7.1722   3.308362    32.4164       1171     4.8750  0.000e+00
     11.363     7.1724   3.308523    32.4180       1172     4.8792  0.000e+00
     11.330     7.1724   3.308535    32.4182       1173     4.8833  0.000e+00
     11.303     7.1724   3.308535    32.4182       1174     4.8875  0.000e+00
     11.274     7.1724   3.308566    32.4185       1175     4.8917  0.000e+00
     11.246     7.1723   3.308554    32.4184       1176     4.8958  0.000e+00
     11.216     7.1725   3.308554    32.4183       1177     4.9000  0.000e+00
     11.178     7.1726   3.308535    32.4181       1178     4.9042  0.000e+00
     11.142     7.1726   3.308566    32.4184       1179     4.9083  0.000e+00
     11.102     7.1728   3.308573    32.4182       1180     4.9125  0.000e+00
     11.051     7.1727   3.308572    32.4184       1181     4.9167  0.000e+00
     11.001     7.1728   3.308541    32.4180       1182     4.9208  0.000e+00
     10.954     7.1728   3.308448    32.4170       1183     4.9250  0.000e+00
     10.899     7.1724   3.308492    32.4178       1184     4.9292  0.000e+00
     10.850     7.1723   3.308461    32.4176       1185     4.9333  0.000e+00
     10.800     7.1722   3.308554    32.4188       1186     4.9375  0.000e+00
     10.747     7.1723   3.308597    32.4192       1187     4.9417  0.000e+00
     10.702     7.1725   3.308541    32.4184       1188     4.9458  0.000e+00
     10.657     7.1728   3.308535    32.4180       1189     4.9500  0.000e+00
     10.601     7.1727   3.308492    32.4177       1190     4.9542  0.000e+00
     10.550     7.1727   3.308461    32.4174       1191     4.9583  0.000e+00
     10.488     7.1723   3.308448    32.4177       1192     4.9625  0.000e+00
     10.430     7.1721   3.308448    32.4179       1193     4.9667  0.000e+00
     10.365     7.1720   3.308461    32.4182       1194     4.9708  0.000e+00
     10.302     7.1719   3.308467    32.4184       1195     4.9750  0.000e+00
     10.234     7.1719   3.308467    32.4184       1196     4.9792  0.000e+00
     10.169     7.1719   3.308448    32.4182       1197     4.9833  0.000e+00
     10.108     7.1718   3.308423    32.4181       1198     4.9875  0.000e+00
     10.049     7.1716   3.308467    32.4187       1199     4.9917  0.000e+00
      9.990     7.1715   3.308448    32.4186       1200     4.9958  0.000e+00
      9.932     7.1715   3.308461    32.4188       1201     5.0000  0.000e+00
      9.874     7.1717   3.308492    32.4190       1202     5.0042  0.000e+00
      9.812     7.1719   3.308510    32.4190       1203     5.0083  0.000e+00
      9.756     7.1721   3.308461    32.4184       1204     5.0125  0.000e+00
      9.704     7.1720   3.308430    32.4181       1205     5.0167  0.000e+00
      9.655     7.1720   3.308467    32.4186       1206     5.0208  0.000e+00
      9.604     7.1719   3.308460    32.4186       1207     5.0250  0.000e+00
      9.555     7.1720   3.308429    32.4182       1208     5.0292  0.000e+00
      9.508     7.1719   3.308448    32.4186       1209     5.0333  0.000e+00
      9.451     7.1718   3.308460    32.4188       1210     5.0375  0.000e+00
      9.404     7.1720   3.308553    32.4196       1211     5.0417  0.000e+00
      9.344     7.1723   3.308659    32.4205       1212     5.0458  0.000e+00
      9.284     7.1729   3.308721    32.4207       1213     5.0500  0.000e+00
      9.212     7.1738   3.308535    32.4179       1214     5.0542  0.000e+00
      9.143     7.1740   3.308535    32.4176       1215     5.0583  0.000e+00
      9.076     7.1738   3.308460    32.4171       1216     5.0625  0.000e+00
      8.997     7.1734   3.308448    32.4173       1217     5.0667  0.000e+00
      8.920     7.1729   3.308448    32.4179       1218     5.0708  0.000e+00
      8.846     7.1727   3.308466    32.4183       1219     5.0750  0.000e+00
      8.780     7.1726   3.308485    32.4187       1220     5.0792  0.000e+00
      8.721     7.1727   3.308491    32.4186       1221     5.0833  0.000e+00
      8.670     7.1728   3.308510    32.4188       1222     5.0875  0.000e+00
      8.620     7.1728   3.308504    32.4187       1223     5.0917  0.000e+00
      8.585     7.1728   3.308510    32.4187       1224     5.0958  0.000e+00
      8.549     7.1730   3.308466    32.4182       1225     5.1000  0.000e+00
      8.502     7.1727   3.308460    32.4184       1226     5.1042  0.000e+00
      8.453     7.1727   3.308448    32.4183       1227     5.1083  0.000e+00
      8.402     7.1726   3.308404    32.4180       1228     5.1125  0.000e+00
      8.339     7.1726   3.308361    32.4175       1229     5.1167  0.000e+00
      8.264     7.1722   3.308386    32.4181       1230     5.1208  0.000e+00
      8.174     7.1721   3.308386    32.4183       1231     5.1250  0.000e+00
      8.072     7.1719   3.308305    32.4176       1232     5.1292  0.000e+00
      7.965     7.1719   3.308342    32.4181       1233     5.1333  0.000e+00
      7.851     7.1717   3.308324    32.4181       1234     5.1375  0.000e+00
      7.748     7.1714   3.308404    32.4193       1235     5.1417  0.000e+00
      7.645     7.1716   3.308429    32.4195       1236     5.1458  0.000e+00
      7.562     7.1715   3.308429    32.4196       1237     5.1500  0.000e+00
      7.487     7.1718   3.308404    32.4191       1238     5.1542  0.000e+00
      7.426     7.1718   3.308441    32.4195       1239     5.1583  0.000e+00
      7.375     7.1718   3.308385    32.4190       1240     5.1625  0.000e+00
