HB2502/sbe103.cnv
* Sea-Bird SBE 19plus V2 Data File:
* FileName = C:\cruise\data\sbe103.hex
* Software Version Seasave V 7.26.7.121
* Temperature SN = 6128
* Conductivity SN = 6128
* System UpLoad Time = Apr 18 2025 06:59:52
* NMEA Latitude = 42 05.60 N
* NMEA Longitude = 070 16.00 W
* NMEA UTC (Time) = Apr 18 2025  06:59:11
** Ship: Henry Bigelow
** Cruise:  HB2502
** Program:  Spring Bottom Trawl
# nquan = 7
# nvalues = 1115                                  
# units = specified
# name 0 = depSM: Depth [salt water, m]
# name 1 = tv290C: Temperature [ITS-90, deg C]
# name 2 = c0S/m: Conductivity [S/m]
# name 3 = sal00: Salinity, Practical [PSU]
# name 4 = scan: Scan Count
# name 5 = timeM: Time, Elapsed [minutes]
# name 6 = flag:  0.000e+00
# span 0 =      0.217,     57.034                 
# span 1 =     5.7464,     6.2868                 
# span 2 =   0.023047,   3.200495                 
# span 3 =     0.1723,    32.1766                 
# span 4 =         11,       1125                 
# span 5 =     0.0417,     4.6833                 
# span 6 = 0.0000e+00, 0.0000e+00                 
# interval = seconds: 0.25
# start_time = Apr 18 2025 06:59:11 [NMEA time, header]
# bad_flag = -9.990e-29
*END*
[from data line 821]
     56.962     5.7478   3.166086    32.1698        832     3.4625  0.000e+00
     56.963     5.7474   3.166129    32.1707        833     3.4667  0.000e+00
     56.914     5.7471   3.166049    32.1701        834     3.4708  0.000e+00
     56.837     5.7468   3.166049    32.1704        835     3.4750  0.000e+00
     56.735     5.7466   3.166129    32.1715        836     3.4792  0.000e+00
     56.612     5.7465   3.166049    32.1708        837     3.4833  0.000e+00
     56.485     5.7464   3.166086    32.1713        838     3.4875  0.000e+00
     56.322     5.7465   3.166171    32.1723        839     3.4917  0.000e+00
     56.118     5.7467   3.166068    32.1711        840     3.4958  0.000e+00
     55.881     5.7468   3.166086    32.1713        841     3.5000  0.000e+00
     55.633     5.7468   3.166067    32.1712        842     3.5042  0.000e+00
     55.403     5.7468   3.166128    32.1720        843     3.5083  0.000e+00
     55.198     5.7470   3.166146    32.1721        844     3.5125  0.000e+00
     54.993     5.7473   3.166189    32.1724        845     3.5167  0.000e+00
     54.770     5.7476   3.166085    32.1711        846     3.5208  0.000e+00
     54.531     5.7480   3.166067    32.1706        847     3.5250  0.000e+00
     54.308     5.7480   3.166110    32.1712        848     3.5292  0.000e+00
     54.108     5.7481   3.166030    32.1703        849     3.5333  0.000e+00
     53.903     5.7481   3.166268    32.1731        850     3.5375  0.000e+00
     53.685     5.7483   3.166286    32.1732        851     3.5417  0.000e+00
     53.444     5.7491   3.166146    32.1710        852     3.5458  0.000e+00
     53.218     5.7495   3.166170    32.1709        853     3.5500  0.000e+00
     52.998     5.7496   3.166085    32.1700        854     3.5542  0.000e+00
     52.788     5.7496   3.166121    32.1705        855     3.5583  0.000e+00
     52.558     5.7493   3.166188    32.1716        856     3.5625  0.000e+00
     52.326     5.7494   3.166249    32.1723        857     3.5667  0.000e+00
     52.096     5.7499   3.166170    32.1711        858     3.5708  0.000e+00
     51.873     5.7502   3.166188    32.1711        859     3.5750  0.000e+00
     51.669     5.7505   3.166188    32.1710        860     3.5792  0.000e+00
     51.460     5.7505   3.166084    32.1698        861     3.5833  0.000e+00
     51.234     5.7507   3.166084    32.1698        862     3.5875  0.000e+00
     51.010     5.7505   3.166048    32.1697        863     3.5917  0.000e+00
     50.795     5.7503   3.166206    32.1718        864     3.5958  0.000e+00
     50.596     5.7502   3.166346    32.1735        865     3.6000  0.000e+00
     50.391     5.7511   3.166389    32.1733        866     3.6042  0.000e+00
     50.172     5.7521   3.166407    32.1726        867     3.6083  0.000e+00
     49.939     5.7531   3.166346    32.1711        868     3.6125  0.000e+00
     49.725     5.7538   3.166388    32.1710        869     3.6167  0.000e+00
     49.515     5.7541   3.166346    32.1703        870     3.6208  0.000e+00
     49.311     5.7544   3.166346    32.1702        871     3.6250  0.000e+00
     49.094     5.7546   3.166346    32.1701        872     3.6292  0.000e+00
     48.871     5.7547   3.166449    32.1713        873     3.6333  0.000e+00
     48.645     5.7551   3.166449    32.1710        874     3.6375  0.000e+00
     48.441     5.7554   3.166467    32.1710        875     3.6417  0.000e+00
     48.237     5.7559   3.166327    32.1691        876     3.6458  0.000e+00
     48.025     5.7563   3.166467    32.1703        877     3.6500  0.000e+00
     47.806     5.7565   3.166424    32.1698        878     3.6542  0.000e+00
     47.600     5.7567   3.166388    32.1693        879     3.6583  0.000e+00
     47.396     5.7569   3.166345    32.1688        880     3.6625  0.000e+00
     47.195     5.7566   3.166369    32.1693        881     3.6667  0.000e+00
     46.989     5.7565   3.166369    32.1695        882     3.6708  0.000e+00
     46.783     5.7563   3.166400    32.1702        883     3.6750  0.000e+00
     46.564     5.7565   3.166369    32.1697        884     3.6792  0.000e+00
     46.359     5.7565   3.166406    32.1703        885     3.6833  0.000e+00
     46.155     5.7565   3.166369    32.1699        886     3.6875  0.000e+00
     45.948     5.7567   3.166387    32.1701        887     3.6917  0.000e+00
     45.728     5.7568   3.166387    32.1701        888     3.6958  0.000e+00
     45.503     5.7571   3.166387    32.1699        889     3.7000  0.000e+00
     45.284     5.7573   3.166344    32.1694        890     3.7042  0.000e+00
     45.076     5.7573   3.166326    32.1693        891     3.7083  0.000e+00
     44.861     5.7572   3.166308    32.1693        892     3.7125  0.000e+00
     44.647     5.7570   3.166283    32.1693        893     3.7167  0.000e+00
     44.434     5.7569   3.166265    32.1693        894     3.7208  0.000e+00
     44.227     5.7569   3.166283    32.1696        895     3.7250  0.000e+00
     44.023     5.7567   3.166265    32.1696        896     3.7292  0.000e+00
     43.825     5.7566   3.166265    32.1698        897     3.7333  0.000e+00
     43.628     5.7567   3.166246    32.1696        898     3.7375  0.000e+00
     43.438     5.7569   3.166246    32.1696        899     3.7417  0.000e+00
     43.241     5.7567   3.166222    32.1695        900     3.7458  0.000e+00
     43.045     5.7567   3.166124    32.1686        901     3.7500  0.000e+00
     42.857     5.7566   3.166246    32.1701        902     3.7542  0.000e+00
     42.670     5.7565   3.166167    32.1694        903     3.7583  0.000e+00
     42.475     5.7567   3.166167    32.1693        904     3.7625  0.000e+00
     42.269     5.7567   3.166167    32.1694        905     3.7667  0.000e+00
     42.064     5.7569   3.166106    32.1686        906     3.7708  0.000e+00
     41.866     5.7568   3.166167    32.1695        907     3.7750  0.000e+00
     41.663     5.7568   3.166167    32.1696        908     3.7792  0.000e+00
     41.450     5.7570   3.166142    32.1693        909     3.7833  0.000e+00
     41.234     5.7569   3.166142    32.1695        910     3.7875  0.000e+00
     41.019     5.7570   3.166142    32.1694        911     3.7917  0.000e+00
     40.804     5.7570   3.166124    32.1693        912     3.7958  0.000e+00
     40.596     5.7571   3.166124    32.1694        913     3.8000  0.000e+00
     40.380     5.7571   3.166105    32.1692        914     3.8042  0.000e+00
     40.174     5.7571   3.166105    32.1694        915     3.8083  0.000e+00
     39.957     5.7572   3.166105    32.1693        916     3.8125  0.000e+00
     39.740     5.7572   3.166062    32.1690        917     3.8167  0.000e+00
     39.534     5.7571   3.166123    32.1699        918     3.8208  0.000e+00
     39.326     5.7573   3.166605    32.1752        919     3.8250  0.000e+00
     39.118     5.7588   3.166842    32.1766        920     3.8292  0.000e+00
     38.908     5.7619   3.166885    32.1742        921     3.8333  0.000e+00
     38.693     5.7653   3.166927    32.1716        922     3.8375  0.000e+00
     38.494     5.7677   3.167067    32.1709        923     3.8417  0.000e+00
     38.292     5.7700   3.167226    32.1706        924     3.8458  0.000e+00
     38.101     5.7723   3.167366    32.1700        925     3.8500  0.000e+00
     37.892     5.7748   3.167646    32.1709        926     3.8542  0.000e+00
     37.684     5.7780   3.167865    32.1704        927     3.8583  0.000e+00
     37.478     5.7820   3.167987    32.1681        928     3.8625  0.000e+00
     37.273     5.7859   3.167944    32.1640        929     3.8667  0.000e+00
     37.071     5.7890   3.167926    32.1610        930     3.8708  0.000e+00
     36.867     5.7908   3.167944    32.1596        931     3.8750  0.000e+00
     36.655     5.7917   3.168127    32.1608        932     3.8792  0.000e+00
     36.447     5.7931   3.168230    32.1607        933     3.8833  0.000e+00
     36.239     5.7948   3.168529    32.1626        934     3.8875  0.000e+00
     36.041     5.7978   3.168572    32.1604        935     3.8917  0.000e+00
     35.841     5.8009   3.168687    32.1587        936     3.8958  0.000e+00
     35.640     5.8036   3.168968    32.1594        937     3.9000  0.000e+00
     35.434     5.8065   3.169693    32.1649        938     3.9042  0.000e+00
     35.231     5.8111   3.169930    32.1634        939     3.9083  0.000e+00
     35.030     5.8163   3.170016    32.1594        940     3.9125  0.000e+00
     34.828     5.8207   3.169973    32.1549        941     3.9167  0.000e+00
     34.619     5.8240   3.169894    32.1509        942     3.9208  0.000e+00
     34.415     5.8258   3.170192    32.1527        943     3.9250  0.000e+00
     34.198     5.8275   3.170497    32.1545        944     3.9292  0.000e+00
     33.987     5.8300   3.170594    32.1534        945     3.9333  0.000e+00
     33.779     5.8325   3.170637    32.1516        946     3.9375  0.000e+00
     33.567     5.8346   3.170997    32.1537        947     3.9417  0.000e+00
     33.359     5.8368   3.170936    32.1511        948     3.9458  0.000e+00
     33.142     5.8390   3.171216    32.1522        949     3.9500  0.000e+00
     32.929     5.8412   3.171295    32.1511        950     3.9542  0.000e+00
     32.723     5.8434   3.171758    32.1543        951     3.9583  0.000e+00
     32.520     5.8460   3.172203    32.1570        952     3.9625  0.000e+00
     32.322     5.8498   3.172423    32.1559        953     3.9667  0.000e+00
     32.115     5.8538   3.172404    32.1519        954     3.9708  0.000e+00
     31.909     5.8571   3.172459    32.1495        955     3.9750  0.000e+00
     31.705     5.8594   3.172502    32.1479        956     3.9792  0.000e+00
     31.506     5.8609   3.172544    32.1470        957     3.9833  0.000e+00
     31.298     5.8622   3.172581    32.1463        958     3.9875  0.000e+00
     31.088     5.8634   3.172886    32.1487        959     3.9917  0.000e+00
     30.876     5.8646   3.173063    32.1497        960     3.9958  0.000e+00
     30.670     5.8669   3.173428    32.1517        961     4.0000  0.000e+00
     30.458     5.8696   3.174172    32.1575        962     4.0042  0.000e+00
     30.254     5.8740   3.174831    32.1609        963     4.0083  0.000e+00
     30.049     5.8801   3.174971    32.1567        964     4.0125  0.000e+00
     29.840     5.8863   3.175136    32.1528        965     4.0167  0.000e+00
     29.635     5.8915   3.175276    32.1495        966     4.0208  0.000e+00
     29.443     5.8956   3.175294    32.1459        967     4.0250  0.000e+00
     29.248     5.8986   3.175416    32.1445        968     4.0292  0.000e+00
     29.053     5.9012   3.175739    32.1458        969     4.0333  0.000e+00
     28.849     5.9037   3.176099    32.1475        970     4.0375  0.000e+00
     28.650     5.9069   3.176203    32.1457        971     4.0417  0.000e+00
     28.451     5.9101   3.176257    32.1434        972     4.0458  0.000e+00
     28.255     5.9127   3.176459    32.1433        973     4.0500  0.000e+00
     28.054     5.9153   3.176544    32.1418        974     4.0542  0.000e+00
     27.845     5.9178   3.176684    32.1412        975     4.0583  0.000e+00
     27.629     5.9202   3.176782    32.1400        976     4.0625  0.000e+00
     27.419     5.9223   3.176824    32.1387        977     4.0667  0.000e+00
     27.219     5.9239   3.177026    32.1395        978     4.0708  0.000e+00
     27.003     5.9256   3.177386    32.1420        979     4.0750  0.000e+00
     26.790     5.9283   3.178032    32.1468        980     4.0792  0.000e+00
     26.580     5.9328   3.178410    32.1469        981     4.0833  0.000e+00
     26.371     5.9383   3.178514    32.1429        982     4.0875  0.000e+00
     26.150     5.9437   3.178532    32.1381        983     4.0917  0.000e+00
     25.942     5.9480   3.180003    32.1506        984     4.0958  0.000e+00
     25.735     5.9546   3.180204    32.1466        985     4.1000  0.000e+00
     25.516     5.9634   3.180265    32.1391        986     4.1042  0.000e+00
     25.308     5.9706   3.180283    32.1326        987     4.1083  0.000e+00
     25.099     5.9759   3.180509    32.1302        988     4.1125  0.000e+00
     24.891     5.9801   3.180625    32.1275        989     4.1167  0.000e+00
     24.681     5.9838   3.181052    32.1289        990     4.1208  0.000e+00
     24.476     5.9878   3.181375    32.1288        991     4.1250  0.000e+00
     24.268     5.9930   3.181919    32.1301        992     4.1292  0.000e+00
     24.064     5.9995   3.182358    32.1289        993     4.1333  0.000e+00
     23.859     6.0076   3.182602    32.1241        994     4.1375  0.000e+00
     23.666     6.0159   3.183188    32.1228        995     4.1417  0.000e+00
     23.469     6.0240   3.183109    32.1143        996     4.1458  0.000e+00
     23.273     6.0311   3.183108    32.1078        997     4.1500  0.000e+00
     23.073     6.0358   3.183047    32.1027        998     4.1542  0.000e+00
     22.885     6.0386   3.183066    32.1003        999     4.1583  0.000e+00
     22.692     6.0405   3.183127    32.0993       1000     4.1625  0.000e+00
     22.495     6.0416   3.183145    32.0985       1001     4.1667  0.000e+00
     22.293     6.0427   3.183426    32.1008       1002     4.1708  0.000e+00
     22.094     6.0440   3.184054    32.1066       1003     4.1750  0.000e+00
     21.886     6.0478   3.184152    32.1042       1004     4.1792  0.000e+00
     21.673     6.0526   3.184256    32.1010       1005     4.1833  0.000e+00
     21.467     6.0564   3.184353    32.0985       1006     4.1875  0.000e+00
     21.251     6.0597   3.184640    32.0987       1007     4.1917  0.000e+00
     21.040     6.0629   3.184860    32.0983       1008     4.1958  0.000e+00
     20.819     6.0662   3.184939    32.0961       1009     4.2000  0.000e+00
     20.598     6.0691   3.185281    32.0972       1010     4.2042  0.000e+00
     20.394     6.0722   3.185244    32.0941       1011     4.2083  0.000e+00
     20.179     6.0750   3.185141    32.0903       1012     4.2125  0.000e+00
     19.964     6.0765   3.185104    32.0886       1013     4.2167  0.000e+00
     19.745     6.0773   3.185226    32.0893       1014     4.2208  0.000e+00
     19.535     6.0780   3.185122    32.0876       1015     4.2250  0.000e+00
     19.334     6.0783   3.185079    32.0869       1016     4.2292  0.000e+00
     19.124     6.0784   3.185079    32.0870       1017     4.2333  0.000e+00
     18.913     6.0783   3.185103    32.0874       1018     4.2375  0.000e+00
     18.708     6.0782   3.185079    32.0873       1019     4.2417  0.000e+00
     18.506     6.0783   3.185464    32.0916       1020     4.2458  0.000e+00
     18.305     6.0791   3.185708    32.0936       1021     4.2500  0.000e+00
     18.111     6.0813   3.185909    32.0940       1022     4.2542  0.000e+00
     17.924     6.0836   3.186129    32.0943       1023     4.2583  0.000e+00
     17.734     6.0863   3.186154    32.0921       1024     4.2625  0.000e+00
     17.538     6.0891   3.186129    32.0893       1025     4.2667  0.000e+00
     17.350     6.0909   3.186129    32.0876       1026     4.2708  0.000e+00
     17.157     6.0921   3.186111    32.0864       1027     4.2750  0.000e+00
     16.965     6.0927   3.186153    32.0865       1028     4.2792  0.000e+00
     16.767     6.0934   3.186190    32.0863       1029     4.2833  0.000e+00
     16.565     6.0936   3.186092    32.0851       1030     4.2875  0.000e+00
     16.362     6.0940   3.186068    32.0845       1031     4.2917  0.000e+00
     16.156     6.0939   3.186049    32.0845       1032     4.2958  0.000e+00
     15.950     6.0937   3.186171    32.0862       1033     4.3000  0.000e+00
     15.742     6.0939   3.186312    32.0877       1034     4.3042  0.000e+00
     15.528     6.0945   3.186415    32.0883       1035     4.3083  0.000e+00
