HB2502/sbe164.cnv
* Sea-Bird SBE 19plus V2 Data File:
* FileName = C:\cruise\data\sbe164.hex
* Software Version Seasave V 7.26.7.121
* Temperature SN = 6128
* Conductivity SN = 6128
* System UpLoad Time = May 15 2025 02:43:30
* NMEA Latitude = 43 12.66 N
* NMEA Longitude = 069 42.95 W
* NMEA UTC (Time) = May 15 2025  02:42:17
** Ship: Henry Bigelow
** Cruise:  HB2502
** Program:  Spring Bottom Trawl
# nquan = 7
# nvalues = 1956                                  
# units = specified
# name 0 = depSM: Depth [salt water, m]
# name 1 = tv290C: Temperature [ITS-90, deg C]
# name 2 = c0S/m: Conductivity [S/m]
# name 3 = sal00: Salinity, Practical [PSU]
# name 4 = scan: Scan Count
# name 5 = timeM: Time, Elapsed [minutes]
# name 6 = flag:  0.000e+00
# span 0 =     -0.070,     85.517                 
# span 1 =     4.7649,    11.1885                 
# span 2 =   0.007130,   3.599528                 
# span 3 =     0.0470,    33.2603                 
# span 4 =         11,       1966                 
# span 5 =     0.0417,     8.1875                 
# span 6 = 0.0000e+00, 0.0000e+00                 
# interval = seconds: 0.25
# start_time = May 15 2025 02:42:17 [NMEA time, header]
# bad_flag = -9.990e-29
*END*
[from data line 616]
     76.327     4.8449   3.136475    32.6974        627     2.6083  0.000e+00
     76.477     4.8445   3.136457    32.6975        628     2.6125  0.000e+00
     76.625     4.8444   3.136518    32.6981        629     2.6167  0.000e+00
     76.783     4.8442   3.136536    32.6985        630     2.6208  0.000e+00
     76.940     4.8443   3.136494    32.6978        631     2.6250  0.000e+00
     77.096     4.8443   3.136518    32.6981        632     2.6292  0.000e+00
     77.264     4.8442   3.136554    32.6985        633     2.6333  0.000e+00
     77.428     4.8442   3.136573    32.6986        634     2.6375  0.000e+00
     77.596     4.8443   3.136530    32.6979        635     2.6417  0.000e+00
     77.762     4.8443   3.136518    32.6977        636     2.6458  0.000e+00
     77.936     4.8442   3.136518    32.6977        637     2.6500  0.000e+00
     78.106     4.8441   3.136573    32.6983        638     2.6542  0.000e+00
     78.273     4.8443   3.136573    32.6981        639     2.6583  0.000e+00
     78.446     4.8444   3.136573    32.6979        640     2.6625  0.000e+00
     78.615     4.8442   3.136537    32.6976        641     2.6667  0.000e+00
     78.783     4.8441   3.136537    32.6976        642     2.6708  0.000e+00
     78.944     4.8439   3.136555    32.6980        643     2.6750  0.000e+00
     79.105     4.8437   3.136573    32.6983        644     2.6792  0.000e+00
     79.264     4.8435   3.136573    32.6983        645     2.6833  0.000e+00
     79.414     4.8435   3.136573    32.6983        646     2.6875  0.000e+00
     79.566     4.8435   3.136598    32.6985        647     2.6917  0.000e+00
     79.709     4.8436   3.136616    32.6986        648     2.6958  0.000e+00
     79.852     4.8435   3.136634    32.6987        649     2.7000  0.000e+00
     79.994     4.8435   3.136634    32.6987        650     2.7042  0.000e+00
     80.132     4.8436   3.136634    32.6985        651     2.7083  0.000e+00
     80.277     4.8438   3.136659    32.6985        652     2.7125  0.000e+00
     80.415     4.8438   3.136659    32.6985        653     2.7167  0.000e+00
     80.561     4.8436   3.136659    32.6986        654     2.7208  0.000e+00
     80.700     4.8439   3.136659    32.6983        655     2.7250  0.000e+00
     80.843     4.8437   3.136659    32.6984        656     2.7292  0.000e+00
     80.988     4.8437   3.136713    32.6989        657     2.7333  0.000e+00
     81.133     4.8438   3.136695    32.6985        658     2.7375  0.000e+00
     81.283     4.8438   3.136695    32.6985        659     2.7417  0.000e+00
     81.432     4.8439   3.136738    32.6988        660     2.7458  0.000e+00
     81.587     4.8439   3.136738    32.6987        661     2.7500  0.000e+00
     81.743     4.8437   3.136762    32.6990        662     2.7542  0.000e+00
     81.900     4.8438   3.136774    32.6991        663     2.7583  0.000e+00
     82.065     4.8437   3.136774    32.6990        664     2.7625  0.000e+00
     82.229     4.8437   3.136774    32.6989        665     2.7667  0.000e+00
     82.394     4.8434   3.136756    32.6990        666     2.7708  0.000e+00
     82.562     4.8433   3.136756    32.6990        667     2.7750  0.000e+00
     82.727     4.8432   3.136714    32.6985        668     2.7792  0.000e+00
     82.897     4.8429   3.136714    32.6987        669     2.7833  0.000e+00
     83.064     4.8430   3.136714    32.6986        670     2.7875  0.000e+00
     83.234     4.8430   3.136720    32.6985        671     2.7917  0.000e+00
     83.399     4.8430   3.136738    32.6987        672     2.7958  0.000e+00
     83.560     4.8431   3.136738    32.6985        673     2.8000  0.000e+00
     83.718     4.8432   3.136775    32.6987        674     2.8042  0.000e+00
     83.874     4.8432   3.136775    32.6986        675     2.8083  0.000e+00
     84.028     4.8433   3.136793    32.6987        676     2.8125  0.000e+00
     84.178     4.8433   3.136818    32.6989        677     2.8167  0.000e+00
     84.328     4.8431   3.136897    32.6999        678     2.8208  0.000e+00
     84.472     4.8432   3.136872    32.6995        679     2.8250  0.000e+00
     84.611     4.8432   3.136909    32.6998        680     2.8292  0.000e+00
     84.765     4.8432   3.136957    32.7003        681     2.8333  0.000e+00
     84.909     4.8432   3.136933    32.7000        682     2.8375  0.000e+00
     85.061     4.8431   3.136933    32.7000        683     2.8417  0.000e+00
     85.211     4.8430   3.136976    32.7005        684     2.8458  0.000e+00
     85.375     4.8426   3.136915    32.7001        685     2.8500  0.000e+00
     85.462     4.8426   3.136915    32.7001        686     2.8542  0.000e+00
     85.517     4.8424   3.136976    32.7009        687     2.8583  0.000e+00
     85.492     4.8425   3.136958    32.7006        688     2.8625  0.000e+00
     85.408     4.8425   3.136824    32.6991        689     2.8667  0.000e+00
     85.381     4.8423   3.136794    32.6990        690     2.8708  0.000e+00
     85.355     4.8418   3.136794    32.6995        691     2.8750  0.000e+00
     85.346     4.8414   3.136794    32.6998        692     2.8792  0.000e+00
     85.317     4.8412   3.136794    32.7001        693     2.8833  0.000e+00
     85.274     4.8410   3.136794    32.7003        694     2.8875  0.000e+00
     85.218     4.8407   3.136775    32.7004        695     2.8917  0.000e+00
     85.163     4.8408   3.136775    32.7003        696     2.8958  0.000e+00
     85.115     4.8407   3.136775    32.7005        697     2.9000  0.000e+00
     85.062     4.8406   3.136739    32.7001        698     2.9042  0.000e+00
     85.001     4.8405   3.136757    32.7005        699     2.9083  0.000e+00
     84.939     4.8405   3.136715    32.7000        700     2.9125  0.000e+00
     84.879     4.8406   3.136739    32.7002        701     2.9167  0.000e+00
     84.827     4.8404   3.136715    32.7002        702     2.9208  0.000e+00
     84.765     4.8405   3.136715    32.7002        703     2.9250  0.000e+00
     84.710     4.8406   3.136715    32.7001        704     2.9292  0.000e+00
     84.646     4.8406   3.136696    32.6999        705     2.9333  0.000e+00
     84.588     4.8407   3.136696    32.6998        706     2.9375  0.000e+00
     84.536     4.8405   3.136696    32.7001        707     2.9417  0.000e+00
     84.482     4.8404   3.136714    32.7004        708     2.9458  0.000e+00
     84.428     4.8405   3.136714    32.7003        709     2.9500  0.000e+00
     84.375     4.8404   3.136739    32.7007        710     2.9542  0.000e+00
     84.322     4.8403   3.136739    32.7009        711     2.9583  0.000e+00
     84.270     4.8401   3.136739    32.7011        712     2.9625  0.000e+00
     84.221     4.8401   3.136714    32.7008        713     2.9667  0.000e+00
     84.168     4.8402   3.136714    32.7007        714     2.9708  0.000e+00
     84.122     4.8405   3.136739    32.7008        715     2.9750  0.000e+00
     84.067     4.8404   3.136714    32.7006        716     2.9792  0.000e+00
     84.019     4.8404   3.136696    32.7004        717     2.9833  0.000e+00
     83.967     4.8405   3.136696    32.7003        718     2.9875  0.000e+00
     83.914     4.8406   3.136696    32.7003        719     2.9917  0.000e+00
     83.860     4.8404   3.136696    32.7005        720     2.9958  0.000e+00
     83.804     4.8403   3.136696    32.7007        721     3.0000  0.000e+00
     83.749     4.8402   3.136678    32.7005        722     3.0042  0.000e+00
     83.692     4.8402   3.136660    32.7004        723     3.0083  0.000e+00
     83.636     4.8402   3.136635    32.7001        724     3.0125  0.000e+00
     83.579     4.8403   3.136660    32.7003        725     3.0167  0.000e+00
     83.526     4.8403   3.136617    32.6999        726     3.0208  0.000e+00
     83.469     4.8403   3.136617    32.6999        727     3.0250  0.000e+00
     83.411     4.8403   3.136635    32.7001        728     3.0292  0.000e+00
     83.350     4.8403   3.136635    32.7002        729     3.0333  0.000e+00
     83.290     4.8404   3.136599    32.6997        730     3.0375  0.000e+00
     83.234     4.8408   3.136617    32.6995        731     3.0417  0.000e+00
     83.171     4.8412   3.136599    32.6990        732     3.0458  0.000e+00
     83.112     4.8416   3.136556    32.6981        733     3.0500  0.000e+00
     83.052     4.8418   3.136574    32.6982        734     3.0542  0.000e+00
     82.996     4.8420   3.136556    32.6978        735     3.0583  0.000e+00
     82.934     4.8420   3.136574    32.6980        736     3.0625  0.000e+00
     82.880     4.8421   3.136574    32.6979        737     3.0667  0.000e+00
     82.824     4.8421   3.136556    32.6977        738     3.0708  0.000e+00
     82.768     4.8421   3.136574    32.6980        739     3.0750  0.000e+00
     82.709     4.8421   3.136574    32.6980        740     3.0792  0.000e+00
     82.657     4.8421   3.136556    32.6978        741     3.0833  0.000e+00
     82.607     4.8421   3.136574    32.6980        742     3.0875  0.000e+00
     82.551     4.8420   3.136574    32.6981        743     3.0917  0.000e+00
     82.498     4.8422   3.136538    32.6975        744     3.0958  0.000e+00
     82.452     4.8421   3.136556    32.6979        745     3.1000  0.000e+00
     82.411     4.8424   3.136556    32.6976        746     3.1042  0.000e+00
     82.357     4.8423   3.136556    32.6978        747     3.1083  0.000e+00
     82.311     4.8422   3.136538    32.6976        748     3.1125  0.000e+00
     82.260     4.8423   3.136538    32.6976        749     3.1167  0.000e+00
     82.213     4.8424   3.136538    32.6976        750     3.1208  0.000e+00
     82.163     4.8423   3.136519    32.6975        751     3.1250  0.000e+00
     82.112     4.8423   3.136532    32.6976        752     3.1292  0.000e+00
     82.067     4.8424   3.136538    32.6977        753     3.1333  0.000e+00
     82.012     4.8426   3.136519    32.6973        754     3.1375  0.000e+00
     81.959     4.8422   3.136538    32.6979        755     3.1417  0.000e+00
     81.906     4.8422   3.136519    32.6976        756     3.1458  0.000e+00
     81.854     4.8422   3.136495    32.6974        757     3.1500  0.000e+00
     81.805     4.8424   3.136519    32.6976        758     3.1542  0.000e+00
     81.746     4.8424   3.136495    32.6973        759     3.1583  0.000e+00
     81.694     4.8423   3.136519    32.6977        760     3.1625  0.000e+00
     81.634     4.8424   3.136489    32.6973        761     3.1667  0.000e+00
     81.575     4.8424   3.136519    32.6977        762     3.1708  0.000e+00
     81.510     4.8423   3.136495    32.6975        763     3.1750  0.000e+00
     81.446     4.8424   3.136477    32.6972        764     3.1792  0.000e+00
     81.378     4.8422   3.136495    32.6976        765     3.1833  0.000e+00
     81.314     4.8423   3.136459    32.6972        766     3.1875  0.000e+00
     81.253     4.8423   3.136477    32.6974        767     3.1917  0.000e+00
     81.190     4.8424   3.136477    32.6974        768     3.1958  0.000e+00
     81.133     4.8424   3.136458    32.6972        769     3.2000  0.000e+00
     81.075     4.8425   3.136458    32.6971        770     3.2042  0.000e+00
     81.023     4.8425   3.136446    32.6970        771     3.2083  0.000e+00
     80.972     4.8425   3.136477    32.6974        772     3.2125  0.000e+00
     80.921     4.8426   3.136440    32.6969        773     3.2167  0.000e+00
     80.871     4.8425   3.136458    32.6972        774     3.2208  0.000e+00
     80.825     4.8425   3.136458    32.6972        775     3.2250  0.000e+00
     80.785     4.8425   3.136440    32.6971        776     3.2292  0.000e+00
     80.747     4.8424   3.136440    32.6972        777     3.2333  0.000e+00
     80.710     4.8424   3.136458    32.6974        778     3.2375  0.000e+00
     80.676     4.8423   3.136458    32.6975        779     3.2417  0.000e+00
     80.645     4.8423   3.136464    32.6976        780     3.2458  0.000e+00
     80.614     4.8423   3.136458    32.6975        781     3.2500  0.000e+00
     80.578     4.8421   3.136458    32.6977        782     3.2542  0.000e+00
     80.542     4.8424   3.136477    32.6977        783     3.2583  0.000e+00
     80.506     4.8423   3.136458    32.6976        784     3.2625  0.000e+00
     80.464     4.8423   3.136440    32.6974        785     3.2667  0.000e+00
     80.418     4.8423   3.136440    32.6974        786     3.2708  0.000e+00
     80.371     4.8424   3.136416    32.6971        787     3.2750  0.000e+00
     80.325     4.8423   3.136416    32.6972        788     3.2792  0.000e+00
     80.264     4.8423   3.136404    32.6971        789     3.2833  0.000e+00
     80.192     4.8422   3.136416    32.6974        790     3.2875  0.000e+00
     80.124     4.8421   3.136397    32.6973        791     3.2917  0.000e+00
     80.041     4.8418   3.136397    32.6976        792     3.2958  0.000e+00
     79.961     4.8417   3.136397    32.6978        793     3.3000  0.000e+00
     79.879     4.8416   3.136379    32.6977        794     3.3042  0.000e+00
     79.787     4.8419   3.136379    32.6975        795     3.3083  0.000e+00
     79.708     4.8419   3.136379    32.6974        796     3.3125  0.000e+00
     79.621     4.8419   3.136361    32.6973        797     3.3167  0.000e+00
     79.536     4.8420   3.136361    32.6973        798     3.3208  0.000e+00
     79.455     4.8419   3.136361    32.6974        799     3.3250  0.000e+00
     79.374     4.8419   3.136361    32.6975        800     3.3292  0.000e+00
     79.300     4.8419   3.136379    32.6977        801     3.3333  0.000e+00
     79.222     4.8417   3.136379    32.6980        802     3.3375  0.000e+00
     79.153     4.8419   3.136361    32.6975        803     3.3417  0.000e+00
     79.083     4.8419   3.136361    32.6976        804     3.3458  0.000e+00
     79.018     4.8420   3.136361    32.6975        805     3.3500  0.000e+00
     78.950     4.8419   3.136361    32.6977        806     3.3542  0.000e+00
     78.892     4.8419   3.136342    32.6974        807     3.3583  0.000e+00
     78.834     4.8419   3.136336    32.6974        808     3.3625  0.000e+00
     78.779     4.8418   3.136336    32.6976        809     3.3667  0.000e+00
     78.727     4.8419   3.136336    32.6975        810     3.3708  0.000e+00
     78.678     4.8419   3.136336    32.6975        811     3.3750  0.000e+00
     78.625     4.8420   3.136336    32.6975        812     3.3792  0.000e+00
     78.574     4.8419   3.136336    32.6976        813     3.3833  0.000e+00
     78.516     4.8418   3.136318    32.6975        814     3.3875  0.000e+00
     78.453     4.8418   3.136318    32.6975        815     3.3917  0.000e+00
     78.386     4.8419   3.136300    32.6973        816     3.3958  0.000e+00
     78.326     4.8418   3.136336    32.6978        817     3.4000  0.000e+00
     78.253     4.8418   3.136318    32.6976        818     3.4042  0.000e+00
     78.184     4.8417   3.136300    32.6975        819     3.4083  0.000e+00
     78.110     4.8418   3.136300    32.6975        820     3.4125  0.000e+00
     78.031     4.8417   3.136300    32.6977        821     3.4167  0.000e+00
     77.946     4.8418   3.136275    32.6973        822     3.4208  0.000e+00
     77.862     4.8416   3.136300    32.6978        823     3.4250  0.000e+00
     77.779     4.8416   3.136275    32.6976        824     3.4292  0.000e+00
     77.693     4.8415   3.136300    32.6980        825     3.4333  0.000e+00
     77.604     4.8414   3.136275    32.6978        826     3.4375  0.000e+00
     77.519     4.8416   3.136257    32.6975        827     3.4417  0.000e+00
     77.432     4.8415   3.136275    32.6978        828     3.4458  0.000e+00
     77.350     4.8415   3.136257    32.6977        829     3.4500  0.000e+00
     77.269     4.8414   3.136239    32.6975        830     3.4542  0.000e+00
