HB2502/sbe137.cnv
* Sea-Bird SBE 19plus V2 Data File:
* FileName = C:\cruise\data\sbe137.hex
* Software Version Seasave V 7.26.7.121
* Temperature SN = 6128
* Conductivity SN = 6128
* System UpLoad Time = May 06 2025 02:53:29
* NMEA Latitude = 41 54.40 N
* NMEA Longitude = 066 37.05 W
* NMEA UTC (Time) = May 06 2025  02:52:07
** Ship: Henry Bigelow
** Cruise:  HB2502
** Program:  Spring Bottom Trawl
# nquan = 7
# nvalues = 1932                                  
# units = specified
# name 0 = depSM: Depth [salt water, m]
# name 1 = tv290C: Temperature [ITS-90, deg C]
# name 2 = c0S/m: Conductivity [S/m]
# name 3 = sal00: Salinity, Practical [PSU]
# name 4 = scan: Scan Count
# name 5 = timeM: Time, Elapsed [minutes]
# name 6 = flag:  0.000e+00
# span 0 =      0.129,     66.128                 
# span 1 =     7.0470,     8.0783                 
# span 2 =   0.008717,   3.402148                 
# span 3 =     0.0607,    33.0114                 
# span 4 =         11,       1942                 
# span 5 =     0.0417,     8.0875                 
# span 6 = 0.0000e+00, 0.0000e+00                 
# interval = seconds: 0.25
# start_time = May 06 2025 02:52:07 [NMEA time, header]
# bad_flag = -9.990e-29
*END*
[from data line 1231]
     33.572     7.0855   3.331830    32.7431       1242     5.1708  0.000e+00
     33.505     7.0858   3.331532    32.7396       1243     5.1750  0.000e+00
     33.429     7.0854   3.331700    32.7418       1244     5.1792  0.000e+00
     33.357     7.0850   3.331656    32.7418       1245     5.1833  0.000e+00
     33.270     7.0847   3.331638    32.7419       1246     5.1875  0.000e+00
     33.187     7.0847   3.331557    32.7411       1247     5.1917  0.000e+00
     33.102     7.0843   3.331638    32.7424       1248     5.1958  0.000e+00
     33.012     7.0840   3.331681    32.7432       1249     5.2000  0.000e+00
     32.921     7.0842   3.331911    32.7456       1250     5.2042  0.000e+00
     32.835     7.0847   3.332166    32.7479       1251     5.2083  0.000e+00
     32.748     7.0864   3.332302    32.7478       1252     5.2125  0.000e+00
     32.664     7.0885   3.332234    32.7451       1253     5.2167  0.000e+00
     32.583     7.0902   3.332190    32.7430       1254     5.2208  0.000e+00
     32.504     7.0911   3.332327    32.7437       1255     5.2250  0.000e+00
     32.422     7.0920   3.332464    32.7443       1256     5.2292  0.000e+00
     32.346     7.0931   3.332650    32.7454       1257     5.2333  0.000e+00
     32.276     7.0945   3.332569    32.7432       1258     5.2375  0.000e+00
     32.201     7.0956   3.332209    32.7383       1259     5.2417  0.000e+00
     32.142     7.0955   3.332103    32.7373       1260     5.2458  0.000e+00
     32.082     7.0943   3.332147    32.7389       1261     5.2500  0.000e+00
     32.017     7.0936   3.332569    32.7442       1262     5.2542  0.000e+00
     31.965     7.0939   3.332545    32.7437       1263     5.2583  0.000e+00
     31.914     7.0951   3.332638    32.7436       1264     5.2625  0.000e+00
     31.858     7.0961   3.332669    32.7429       1265     5.2667  0.000e+00
     31.802     7.0971   3.332594    32.7412       1266     5.2708  0.000e+00
     31.742     7.0977   3.332532    32.7401       1267     5.2750  0.000e+00
     31.673     7.0979   3.332445    32.7390       1268     5.2792  0.000e+00
     31.606     7.0975   3.332314    32.7380       1269     5.2833  0.000e+00
     31.530     7.0967   3.332234    32.7379       1270     5.2875  0.000e+00
     31.448     7.0956   3.332184    32.7384       1271     5.2917  0.000e+00
     31.365     7.0946   3.332209    32.7397       1272     5.2958  0.000e+00
     31.286     7.0938   3.332202    32.7404       1273     5.3000  0.000e+00
     31.207     7.0936   3.332234    32.7409       1274     5.3042  0.000e+00
     31.132     7.0938   3.332383    32.7425       1275     5.3083  0.000e+00
     31.064     7.0939   3.332327    32.7418       1276     5.3125  0.000e+00
     30.999     7.0942   3.332296    32.7411       1277     5.3167  0.000e+00
     30.949     7.0943   3.332339    32.7415       1278     5.3208  0.000e+00
     30.902     7.0944   3.332184    32.7398       1279     5.3250  0.000e+00
     30.866     7.0943   3.332190    32.7400       1280     5.3292  0.000e+00
     30.826     7.0938   3.332283    32.7415       1281     5.3333  0.000e+00
     30.784     7.0937   3.332296    32.7417       1282     5.3375  0.000e+00
     30.745     7.0940   3.332252    32.7409       1283     5.3417  0.000e+00
     30.707     7.0941   3.332184    32.7402       1284     5.3458  0.000e+00
     30.655     7.0939   3.332208    32.7407       1285     5.3500  0.000e+00
     30.602     7.0935   3.332165    32.7406       1286     5.3542  0.000e+00
     30.535     7.0934   3.331960    32.7385       1287     5.3583  0.000e+00
     30.481     7.0926   3.332041    32.7402       1288     5.3625  0.000e+00
     30.420     7.0919   3.332084    32.7413       1289     5.3667  0.000e+00
     30.359     7.0917   3.332059    32.7413       1290     5.3708  0.000e+00
     30.292     7.0917   3.332103    32.7418       1291     5.3750  0.000e+00
     30.236     7.0919   3.332140    32.7420       1292     5.3792  0.000e+00
     30.180     7.0920   3.332146    32.7420       1293     5.3833  0.000e+00
     30.129     7.0924   3.332128    32.7415       1294     5.3875  0.000e+00
     30.078     7.0924   3.332059    32.7407       1295     5.3917  0.000e+00
     30.031     7.0922   3.331804    32.7381       1296     5.3958  0.000e+00
     29.982     7.0913   3.331842    32.7394       1297     5.4000  0.000e+00
     29.931     7.0902   3.331786    32.7399       1298     5.4042  0.000e+00
     29.870     7.0896   3.331873    32.7415       1299     5.4083  0.000e+00
     29.816     7.0891   3.331922    32.7425       1300     5.4125  0.000e+00
     29.745     7.0892   3.331953    32.7427       1301     5.4167  0.000e+00
     29.672     7.0895   3.331953    32.7425       1302     5.4208  0.000e+00
     29.592     7.0899   3.331897    32.7416       1303     5.4250  0.000e+00
     29.516     7.0899   3.331804    32.7406       1304     5.4292  0.000e+00
     29.431     7.0898   3.331841    32.7411       1305     5.4333  0.000e+00
     29.346     7.0896   3.331872    32.7417       1306     5.4375  0.000e+00
     29.258     7.0894   3.331872    32.7419       1307     5.4417  0.000e+00
     29.177     7.0894   3.331816    32.7413       1308     5.4458  0.000e+00
     29.091     7.0895   3.331804    32.7412       1309     5.4500  0.000e+00
     29.003     7.0893   3.331891    32.7423       1310     5.4542  0.000e+00
     28.920     7.0894   3.331860    32.7420       1311     5.4583  0.000e+00
     28.846     7.0893   3.331829    32.7417       1312     5.4625  0.000e+00
     28.786     7.0895   3.331798    32.7412       1313     5.4667  0.000e+00
     28.719     7.0894   3.331785    32.7413       1314     5.4708  0.000e+00
     28.659     7.0893   3.331742    32.7409       1315     5.4750  0.000e+00
     28.600     7.0891   3.331655    32.7402       1316     5.4792  0.000e+00
     28.538     7.0883   3.331636    32.7407       1317     5.4833  0.000e+00
     28.478     7.0880   3.331549    32.7401       1318     5.4875  0.000e+00
     28.421     7.0874   3.331412    32.7392       1319     5.4917  0.000e+00
     28.358     7.0868   3.331804    32.7441       1320     5.4958  0.000e+00
     28.297     7.0866   3.332083    32.7473       1321     5.5000  0.000e+00
     28.245     7.0882   3.332127    32.7463       1322     5.5042  0.000e+00
     28.193     7.0900   3.331978    32.7430       1323     5.5083  0.000e+00
     28.142     7.0910   3.331860    32.7408       1324     5.5125  0.000e+00
     28.109     7.0909   3.332083    32.7434       1325     5.5167  0.000e+00
     28.074     7.0913   3.332208    32.7443       1326     5.5208  0.000e+00
     28.043     7.0924   3.332183    32.7430       1327     5.5250  0.000e+00
     28.017     7.0932   3.332189    32.7423       1328     5.5292  0.000e+00
     27.990     7.0936   3.331797    32.7377       1329     5.5333  0.000e+00
     27.961     7.0930   3.331741    32.7377       1330     5.5375  0.000e+00
     27.925     7.0915   3.331847    32.7403       1331     5.5417  0.000e+00
     27.870     7.0907   3.331779    32.7404       1332     5.5458  0.000e+00
     27.814     7.0900   3.331828    32.7415       1333     5.5500  0.000e+00
     27.748     7.0899   3.332040    32.7440       1334     5.5542  0.000e+00
     27.672     7.0903   3.332164    32.7450       1335     5.5583  0.000e+00
     27.581     7.0914   3.332208    32.7445       1336     5.5625  0.000e+00
     27.490     7.0927   3.332506    32.7465       1337     5.5667  0.000e+00
     27.398     7.0943   3.332568    32.7458       1338     5.5708  0.000e+00
     27.307     7.0963   3.332611    32.7443       1339     5.5750  0.000e+00
     27.228     7.0977   3.332568    32.7426       1340     5.5792  0.000e+00
     27.152     7.0987   3.332338    32.7392       1341     5.5833  0.000e+00
     27.090     7.0988   3.332313    32.7388       1342     5.5875  0.000e+00
     27.029     7.0984   3.332462    32.7408       1343     5.5917  0.000e+00
     26.978     7.0984   3.332381    32.7400       1344     5.5958  0.000e+00
     26.937     7.0984   3.332282    32.7390       1345     5.6000  0.000e+00
     26.904     7.0978   3.332102    32.7376       1346     5.6042  0.000e+00
     26.874     7.0972   3.332400    32.7414       1347     5.6083  0.000e+00
     26.850     7.0969   3.332381    32.7415       1348     5.6125  0.000e+00
     26.828     7.0971   3.332462    32.7422       1349     5.6167  0.000e+00
     26.799     7.0976   3.332506    32.7422       1350     5.6208  0.000e+00
     26.772     7.0983   3.332244    32.7387       1351     5.6250  0.000e+00
     26.734     7.0981   3.331934    32.7356       1352     5.6292  0.000e+00
     26.689     7.0966   3.332102    32.7388       1353     5.6333  0.000e+00
     26.636     7.0953   3.332381    32.7431       1354     5.6375  0.000e+00
     26.573     7.0953   3.332400    32.7433       1355     5.6417  0.000e+00
     26.503     7.0963   3.332748    32.7463       1356     5.6458  0.000e+00
     26.428     7.0978   3.332717    32.7445       1357     5.6500  0.000e+00
     26.354     7.0996   3.332717    32.7429       1358     5.6542  0.000e+00
     26.276     7.1007   3.332648    32.7411       1359     5.6583  0.000e+00
     26.206     7.1014   3.332996    32.7442       1360     5.6625  0.000e+00
     26.144     7.1025   3.333574    32.7495       1361     5.6667  0.000e+00
     26.090     7.1052   3.333506    32.7463       1362     5.6708  0.000e+00
     26.045     7.1082   3.333444    32.7427       1363     5.6750  0.000e+00
     25.994     7.1105   3.333009    32.7358       1364     5.6792  0.000e+00
     25.949     7.1104   3.332866    32.7344       1365     5.6833  0.000e+00
     25.908     7.1089   3.332890    32.7361       1366     5.6875  0.000e+00
     25.869     7.1076   3.332847    32.7369       1367     5.6917  0.000e+00
     25.837     7.1068   3.332636    32.7354       1368     5.6958  0.000e+00
     25.799     7.1057   3.332729    32.7375       1369     5.7000  0.000e+00
     25.759     7.1047   3.332698    32.7381       1370     5.7042  0.000e+00
     25.719     7.1041   3.332760    32.7394       1371     5.7083  0.000e+00
     25.674     7.1037   3.332704    32.7391       1372     5.7125  0.000e+00
     25.631     7.1036   3.333077    32.7433       1373     5.7167  0.000e+00
     25.582     7.1044   3.332866    32.7403       1374     5.7208  0.000e+00
     25.544     7.1052   3.332785    32.7387       1375     5.7250  0.000e+00
     25.498     7.1052   3.332636    32.7370       1376     5.7292  0.000e+00
     25.462     7.1046   3.332281    32.7337       1377     5.7333  0.000e+00
     25.422     7.1026   3.332381    32.7368       1378     5.7375  0.000e+00
     25.393     7.1012   3.332803    32.7427       1379     5.7417  0.000e+00
     25.362     7.1013   3.332244    32.7366       1380     5.7458  0.000e+00
     25.335     7.1007   3.332381    32.7386       1381     5.7500  0.000e+00
     25.304     7.0999   3.331330    32.7279       1382     5.7542  0.000e+00
     25.262     7.0966   3.331250    32.7302       1383     5.7583  0.000e+00
     25.213     7.0922   3.331784    32.7403       1384     5.7625  0.000e+00
     25.165     7.0903   3.331734    32.7416       1385     5.7667  0.000e+00
     25.100     7.0899   3.332294    32.7480       1386     5.7708  0.000e+00
     25.021     7.0911   3.331187    32.7349       1387     5.7750  0.000e+00
     24.936     7.0906   3.331069    32.7341       1388     5.7792  0.000e+00
     24.849     7.0880   3.330933    32.7351       1389     5.7833  0.000e+00
     24.762     7.0852   3.330914    32.7376       1390     5.7875  0.000e+00
     24.670     7.0829   3.330933    32.7400       1391     5.7917  0.000e+00
     24.579     7.0815   3.331082    32.7431       1392     5.7958  0.000e+00
     24.507     7.0809   3.331094    32.7438       1393     5.8000  0.000e+00
     24.440     7.0810   3.331355    32.7465       1394     5.8042  0.000e+00
     24.390     7.0820   3.331740    32.7499       1395     5.8083  0.000e+00
     24.339     7.0838   3.331716    32.7479       1396     5.8125  0.000e+00
     24.297     7.0861   3.331697    32.7456       1397     5.8167  0.000e+00
     24.261     7.0876   3.331653    32.7437       1398     5.8208  0.000e+00
     24.234     7.0884   3.331653    32.7429       1399     5.8250  0.000e+00
     24.205     7.0889   3.331635    32.7422       1400     5.8292  0.000e+00
     24.176     7.0891   3.331939    32.7453       1401     5.8333  0.000e+00
     24.145     7.0899   3.331908    32.7443       1402     5.8375  0.000e+00
     24.109     7.0908   3.331827    32.7426       1403     5.8417  0.000e+00
     24.064     7.0915   3.331796    32.7416       1404     5.8458  0.000e+00
     24.015     7.0916   3.331827    32.7418       1405     5.8500  0.000e+00
     23.955     7.0918   3.331759    32.7410       1406     5.8542  0.000e+00
     23.896     7.0918   3.331635    32.7397       1407     5.8583  0.000e+00
     23.829     7.0912   3.331653    32.7404       1408     5.8625  0.000e+00
     23.760     7.0907   3.331678    32.7412       1409     5.8667  0.000e+00
     23.693     7.0903   3.331547    32.7402       1410     5.8708  0.000e+00
     23.630     7.0899   3.331591    32.7411       1411     5.8750  0.000e+00
     23.569     7.0895   3.331572    32.7413       1412     5.8792  0.000e+00
     23.511     7.0894   3.331467    32.7402       1413     5.8833  0.000e+00
     23.464     7.0890   3.331547    32.7415       1414     5.8875  0.000e+00
     23.426     7.0887   3.331572    32.7421       1415     5.8917  0.000e+00
     23.391     7.0887   3.331591    32.7423       1416     5.8958  0.000e+00
     23.360     7.0887   3.331597    32.7424       1417     5.9000  0.000e+00
     23.335     7.0888   3.331572    32.7421       1418     5.9042  0.000e+00
     23.311     7.0890   3.331529    32.7414       1419     5.9083  0.000e+00
     23.282     7.0888   3.331473    32.7410       1420     5.9125  0.000e+00
     23.262     7.0886   3.331467    32.7411       1421     5.9167  0.000e+00
     23.239     7.0883   3.331485    32.7416       1422     5.9208  0.000e+00
     23.215     7.0880   3.331535    32.7424       1423     5.9250  0.000e+00
     23.192     7.0880   3.331504    32.7422       1424     5.9292  0.000e+00
     23.163     7.0881   3.331535    32.7424       1425     5.9333  0.000e+00
     23.134     7.0882   3.331653    32.7436       1426     5.9375  0.000e+00
     23.097     7.0886   3.332013    32.7472       1427     5.9417  0.000e+00
     23.050     7.0903   3.331858    32.7439       1428     5.9458  0.000e+00
     22.992     7.0917   3.331870    32.7427       1429     5.9500  0.000e+00
     22.933     7.0922   3.331908    32.7427       1430     5.9542  0.000e+00
     22.859     7.0929   3.331814    32.7410       1431     5.9583  0.000e+00
     22.781     7.0930   3.331529    32.7379       1432     5.9625  0.000e+00
     22.696     7.0921   3.331678    32.7404       1433     5.9667  0.000e+00
     22.605     7.0917   3.331504    32.7389       1434     5.9708  0.000e+00
     22.515     7.0907   3.331802    32.7431       1435     5.9750  0.000e+00
     22.419     7.0908   3.332890    32.7549       1436     5.9792  0.000e+00
     22.320     7.0947   3.333399    32.7568       1437     5.9833  0.000e+00
     22.225     7.1000   3.333293    32.7507       1438     5.9875  0.000e+00
     22.139     7.1050   3.332970    32.7425       1439     5.9917  0.000e+00
     22.059     7.1077   3.332970    32.7399       1440     5.9958  0.000e+00
     21.986     7.1084   3.331895    32.7277       1441     6.0000  0.000e+00
     21.918     7.1060   3.331994    32.7310       1442     6.0042  0.000e+00
     21.865     7.1024   3.332442    32.7394       1443     6.0083  0.000e+00
     21.813     7.1010   3.332485    32.7412       1444     6.0125  0.000e+00
     21.775     7.1010   3.332529    32.7417       1445     6.0167  0.000e+00
