HB2502/sbe104.cnv
* Sea-Bird SBE 19plus V2 Data File:
* FileName = C:\cruise\data\sbe104.hex
* Software Version Seasave V 7.26.7.121
* Temperature SN = 6128
* Conductivity SN = 6128
* System UpLoad Time = Apr 18 2025 10:14:44
* NMEA Latitude = 42 17.70 N
* NMEA Longitude = 070 06.95 W
* NMEA UTC (Time) = Apr 18 2025  10:14:03
** Ship: Henry Bigelow
** Cruise:  HB2502
** Program:  Spring Bottom Trawl
# nquan = 7
# nvalues = 1311                                  
# units = specified
# name 0 = depSM: Depth [salt water, m]
# name 1 = tv290C: Temperature [ITS-90, deg C]
# name 2 = c0S/m: Conductivity [S/m]
# name 3 = sal00: Salinity, Practical [PSU]
# name 4 = scan: Scan Count
# name 5 = timeM: Time, Elapsed [minutes]
# name 6 = flag:  0.000e+00
# span 0 =      0.351,     84.137                 
# span 1 =     4.4931,     5.7423                 
# span 2 =   3.093160,   3.164532                 
# span 3 =    32.0322,    32.7245                 
# span 4 =         11,       1321                 
# span 5 =     0.0417,     5.5000                 
# span 6 = 0.0000e+00, 0.0000e+00                 
# interval = seconds: 0.25
# start_time = Apr 18 2025 10:14:03 [NMEA time, header]
# bad_flag = -9.990e-29
*END*
[from data line 1231]
      9.790     5.4271   3.135775    32.1572       1242     5.1708  0.000e+00
      9.569     5.4298   3.135915    32.1564       1243     5.1750  0.000e+00
      9.356     5.4318   3.135994    32.1555       1244     5.1792  0.000e+00
      9.151     5.4333   3.136291    32.1575       1245     5.1833  0.000e+00
      8.945     5.4352   3.137438    32.1688       1246     5.1875  0.000e+00
      8.741     5.4396   3.137718    32.1678       1247     5.1917  0.000e+00
      8.547     5.4455   3.138313    32.1691       1248     5.1958  0.000e+00
      8.361     5.4521   3.138252    32.1621       1249     5.2000  0.000e+00
      8.178     5.4577   3.138294    32.1573       1250     5.2042  0.000e+00
      7.991     5.4617   3.138415    32.1549       1251     5.2083  0.000e+00
      7.802     5.4647   3.138494    32.1531       1252     5.2125  0.000e+00
      7.617     5.4668   3.138312    32.1490       1253     5.2167  0.000e+00
      7.429     5.4681   3.138251    32.1472       1254     5.2208  0.000e+00
      7.235     5.4687   3.138251    32.1468       1255     5.2250  0.000e+00
      7.047     5.4691   3.138093    32.1446       1256     5.2292  0.000e+00
      6.856     5.4691   3.138057    32.1444       1257     5.2333  0.000e+00
      6.662     5.4690   3.138032    32.1443       1258     5.2375  0.000e+00
      6.463     5.4687   3.138057    32.1449       1259     5.2417  0.000e+00
      6.266     5.4686   3.138032    32.1449       1260     5.2458  0.000e+00
      6.068     5.4684   3.138014    32.1449       1261     5.2500  0.000e+00
      5.869     5.4682   3.138032    32.1454       1262     5.2542  0.000e+00
      5.665     5.4681   3.137935    32.1445       1263     5.2583  0.000e+00
      5.455     5.4680   3.137777    32.1429       1264     5.2625  0.000e+00
      5.243     5.4675   3.137528    32.1406       1265     5.2667  0.000e+00
      5.023     5.4666   3.137522    32.1416       1266     5.2708  0.000e+00
      4.806     5.4656   3.137577    32.1433       1267     5.2750  0.000e+00
      4.580     5.4650   3.137461    32.1427       1268     5.2792  0.000e+00
      4.355     5.4644   3.137716    32.1462       1269     5.2833  0.000e+00
      4.129     5.4644   3.137601    32.1450       1270     5.2875  0.000e+00
      3.901     5.4647   3.137358    32.1421       1271     5.2917  0.000e+00
      3.693     5.4644   3.137303    32.1418       1272     5.2958  0.000e+00
      3.482     5.4637   3.137321    32.1429       1273     5.3000  0.000e+00
      3.279     5.4631   3.137600    32.1467       1274     5.3042  0.000e+00
      3.069     5.4632   3.137485    32.1453       1275     5.3083  0.000e+00
      2.874     5.4635   3.137321    32.1433       1276     5.3125  0.000e+00
      2.669     5.4635   3.137060    32.1405       1277     5.3167  0.000e+00
      2.467     5.4628   3.136629    32.1364       1278     5.3208  0.000e+00
      2.272     5.4610   3.136489    32.1366       1279     5.3250  0.000e+00
      2.062     5.4592   3.136786    32.1418       1280     5.3292  0.000e+00
      1.866     5.4579   3.137005    32.1457       1281     5.3333  0.000e+00
      1.649     5.4578   3.137260    32.1487       1282     5.3375  0.000e+00
      1.444     5.4586   3.137357    32.1492       1283     5.3417  0.000e+00
      1.246     5.4599   3.137442    32.1490       1284     5.3458  0.000e+00
      1.063     5.4613   3.137460    32.1479       1285     5.3500  0.000e+00
      0.893     5.4625   3.137241    32.1443       1286     5.3542  0.000e+00
      0.707     5.4629   3.136786    32.1390       1287     5.3583  0.000e+00
      0.594     5.4620   3.135141    32.1211       1288     5.3625  0.000e+00
      0.553     5.4581   3.134922    32.1224       1289     5.3667  0.000e+00
      0.564     5.4514   3.135675    32.1374       1290     5.3708  0.000e+00
      0.610     5.4472   3.136865    32.1549       1291     5.3750  0.000e+00
      0.647     5.4482   3.136804    32.1532       1292     5.3792  0.000e+00
      0.659     5.4509   3.136628    32.1486       1293     5.3833  0.000e+00
      0.648     5.4529   3.136112    32.1409       1294     5.3875  0.000e+00
      0.660     5.4530   3.136130    32.1410       1295     5.3917  0.000e+00
      0.689     5.4521   3.136446    32.1454       1296     5.3958  0.000e+00
      0.692     5.4518   3.136507    32.1464       1297     5.4000  0.000e+00
      0.662     5.4523   3.135948    32.1396       1298     5.4042  0.000e+00
      0.586     5.4521   3.135117    32.1304       1299     5.4083  0.000e+00
      0.508     5.4492   3.134364    32.1247       1300     5.4125  0.000e+00
      0.473     5.4440   3.134522    32.1314       1301     5.4167  0.000e+00
      0.465     5.4392   3.135287    32.1447       1302     5.4208  0.000e+00
      0.475     5.4377   3.135457    32.1481       1303     5.4250  0.000e+00
      0.487     5.4384   3.134862    32.1407       1304     5.4292  0.000e+00
      0.502     5.4382   3.134941    32.1418       1305     5.4333  0.000e+00
      0.505     5.4372   3.135141    32.1450       1306     5.4375  0.000e+00
      0.514     5.4370   3.135141    32.1451       1307     5.4417  0.000e+00
      0.531     5.4371   3.135396    32.1479       1308     5.4458  0.000e+00
      0.538     5.4379   3.135177    32.1447       1309     5.4500  0.000e+00
      0.550     5.4385   3.135238    32.1448       1310     5.4542  0.000e+00
      0.569     5.4388   3.134886    32.1405       1311     5.4583  0.000e+00
      0.590     5.4382   3.135493    32.1480       1312     5.4625  0.000e+00
      0.605     5.4384   3.136149    32.1552       1313     5.4667  0.000e+00
      0.623     5.4408   3.136088    32.1522       1314     5.4708  0.000e+00
      0.628     5.4435   3.135736    32.1456       1315     5.4750  0.000e+00
      0.624     5.4449   3.135772    32.1447       1316     5.4792  0.000e+00
      0.603     5.4453   3.135991    32.1468       1317     5.4833  0.000e+00
      0.578     5.4457   3.135633    32.1424       1318     5.4875  0.000e+00
      0.567     5.4457   3.136058    32.1472       1319     5.4917  0.000e+00
      0.567     5.4459   3.136331    32.1501       1320     5.4958  0.000e+00
      0.588     5.4475   3.136009    32.1450       1321     5.5000  0.000e+00
