HB2502/sbe102.cnv
* Sea-Bird SBE 19plus V2 Data File:
* FileName = C:\cruise\data\sbe102.hex
* Software Version Seasave V 7.26.7.121
* Temperature SN = 6128
* Conductivity SN = 6128
* System UpLoad Time = Apr 18 2025 05:15:45
* NMEA Latitude = 42 02.03 N
* NMEA Longitude = 070 24.06 W
* NMEA UTC (Time) = Apr 18 2025  05:15:03
** Ship: Henry Bigelow
** Cruise:  HB2502
** Program:  Spring Bottom Trawl
# nquan = 7
# nvalues = 1247                                  
# units = specified
# name 0 = depSM: Depth [salt water, m]
# name 1 = tv290C: Temperature [ITS-90, deg C]
# name 2 = c0S/m: Conductivity [S/m]
# name 3 = sal00: Salinity, Practical [PSU]
# name 4 = scan: Scan Count
# name 5 = timeM: Time, Elapsed [minutes]
# name 6 = flag:  0.000e+00
# span 0 =      0.240,     48.920                 
# span 1 =     4.4601,     6.1566                 
# span 2 =   1.891459,   3.183886                 
# span 3 =    18.4071,    32.4907                 
# span 4 =         11,       1257                 
# span 5 =     0.0417,     5.2333                 
# span 6 = 0.0000e+00, 0.0000e+00                 
# interval = seconds: 0.25
# start_time = Apr 18 2025 05:15:03 [NMEA time, header]
# bad_flag = -9.990e-29
*END*
[from data line 206]
      8.165     5.3809   3.113188    31.9459        217     0.9000  0.000e+00
      8.167     5.3777   3.112595    31.9421        218     0.9042  0.000e+00
      8.163     5.3736   3.112449    31.9444        219     0.9083  0.000e+00
      8.160     5.3694   3.112340    31.9472        220     0.9125  0.000e+00
      8.148     5.3662   3.112026    31.9467        221     0.9167  0.000e+00
      8.148     5.3632   3.111554    31.9442        222     0.9208  0.000e+00
      8.144     5.3597   3.111675    31.9488        223     0.9250  0.000e+00
      8.134     5.3567   3.112086    31.9565        224     0.9292  0.000e+00
      8.121     5.3555   3.112552    31.9629        225     0.9333  0.000e+00
      8.117     5.3569   3.112988    31.9665        226     0.9375  0.000e+00
      8.102     5.3594   3.112359    31.9569        227     0.9417  0.000e+00
      8.097     5.3611   3.111711    31.9480        228     0.9458  0.000e+00
      8.095     5.3597   3.111203    31.9435        229     0.9500  0.000e+00
      8.092     5.3564   3.111554    31.9506        230     0.9542  0.000e+00
      8.085     5.3541   3.112552    31.9643        231     0.9583  0.000e+00
      8.089     5.3546   3.113303    31.9723        232     0.9625  0.000e+00
      8.094     5.3586   3.113442    31.9701        233     0.9667  0.000e+00
      8.098     5.3632   3.113049    31.9612        234     0.9708  0.000e+00
      8.101     5.3661   3.112698    31.9544        235     0.9750  0.000e+00
      8.105     5.3668   3.112262    31.9488        236     0.9792  0.000e+00
      8.107     5.3654   3.111850    31.9455        237     0.9833  0.000e+00
      8.114     5.3631   3.111299    31.9414        238     0.9875  0.000e+00
      8.121     5.3593   3.111239    31.9443        239     0.9917  0.000e+00
      8.124     5.3555   3.111318    31.9488        240     0.9958  0.000e+00
      8.131     5.3528   3.111475    31.9533        241     1.0000  0.000e+00
      8.137     5.3514   3.111808    31.9583        242     1.0042  0.000e+00
      8.144     5.3517   3.111596    31.9557        243     1.0083  0.000e+00
      8.153     5.3520   3.110967    31.9482        244     1.0125  0.000e+00
      8.158     5.3507   3.110948    31.9492        245     1.0167  0.000e+00
      8.162     5.3487   3.111003    31.9517        246     1.0208  0.000e+00
      8.167     5.3473   3.110870    31.9516        247     1.0250  0.000e+00
      8.167     5.3461   3.110997    31.9541        248     1.0292  0.000e+00
      8.172     5.3454   3.110827    31.9529        249     1.0333  0.000e+00
      8.172     5.3449   3.110713    31.9521        250     1.0375  0.000e+00
      8.163     5.3440   3.110713    31.9530        251     1.0417  0.000e+00
      8.163     5.3433   3.110065    31.9463        252     1.0458  0.000e+00
      8.154     5.3416   3.109297    31.9391        253     1.0500  0.000e+00
      8.148     5.3377   3.109115    31.9408        254     1.0542  0.000e+00
      8.140     5.3332   3.108728    31.9407        255     1.0583  0.000e+00
      8.133     5.3289   3.108395    31.9410        256     1.0625  0.000e+00
      8.120     5.3243   3.108099    31.9420        257     1.0667  0.000e+00
      8.116     5.3205   3.107923    31.9437        258     1.0708  0.000e+00
      8.109     5.3168   3.107808    31.9459        259     1.0750  0.000e+00
      8.100     5.3137   3.107972    31.9507        260     1.0792  0.000e+00
      8.098     5.3122   3.108056    31.9532        261     1.0833  0.000e+00
      8.091     5.3113   3.108317    31.9569        262     1.0875  0.000e+00
      8.087     5.3116   3.108274    31.9562        263     1.0917  0.000e+00
      8.085     5.3121   3.108274    31.9557        264     1.0958  0.000e+00
      8.089     5.3126   3.108244    31.9548        265     1.1000  0.000e+00
      8.097     5.3130   3.108413    31.9564        266     1.1042  0.000e+00
      8.101     5.3134   3.108377    31.9556        267     1.1083  0.000e+00
      8.114     5.3139   3.108353    31.9548        268     1.1125  0.000e+00
      8.125     5.3143   3.108413    31.9552        269     1.1167  0.000e+00
      8.140     5.3146   3.108305    31.9536        270     1.1208  0.000e+00
      8.152     5.3147   3.108256    31.9530        271     1.1250  0.000e+00
      8.156     5.3145   3.108141    31.9519        272     1.1292  0.000e+00
      8.169     5.3140   3.108081    31.9516        273     1.1333  0.000e+00
      8.170     5.3132   3.108002    31.9515        274     1.1375  0.000e+00
      8.176     5.3125   3.107923    31.9513        275     1.1417  0.000e+00
      8.174     5.3117   3.108014    31.9531        276     1.1458  0.000e+00
      8.171     5.3110   3.107942    31.9529        277     1.1500  0.000e+00
      8.163     5.3109   3.107530    31.9484        278     1.1542  0.000e+00
      8.158     5.3097   3.107137    31.9450        279     1.1583  0.000e+00
      8.143     5.3074   3.107101    31.9468        280     1.1625  0.000e+00
      8.138     5.3047   3.107210    31.9506        281     1.1667  0.000e+00
      8.125     5.3032   3.107077    31.9505        282     1.1708  0.000e+00
      8.118     5.3021   3.107077    31.9516        283     1.1750  0.000e+00
      8.111     5.3013   3.107137    31.9531        284     1.1792  0.000e+00
      8.105     5.3008   3.106919    31.9510        285     1.1833  0.000e+00
      8.098     5.3004   3.106629    31.9481        286     1.1875  0.000e+00
      8.091     5.2990   3.106417    31.9470        287     1.1917  0.000e+00
      8.094     5.2972   3.106629    31.9512        288     1.1958  0.000e+00
      8.090     5.2958   3.106980    31.9565        289     1.2000  0.000e+00
      8.092     5.2961   3.106823    31.9545        290     1.2042  0.000e+00
      8.096     5.2966   3.106647    31.9520        291     1.2083  0.000e+00
      8.098     5.2962   3.106587    31.9516        292     1.2125  0.000e+00
      8.098     5.2958   3.106375    31.9496        293     1.2167  0.000e+00
      8.094     5.2950   3.106079    31.9470        294     1.2208  0.000e+00
      8.094     5.2934   3.106042    31.9481        295     1.2250  0.000e+00
      8.100     5.2916   3.105982    31.9492        296     1.2292  0.000e+00
      8.102     5.2901   3.106006    31.9509        297     1.2333  0.000e+00
      8.104     5.2890   3.105667    31.9481        298     1.2375  0.000e+00
      8.107     5.2880   3.105552    31.9477        299     1.2417  0.000e+00
      8.109     5.2865   3.105728    31.9511        300     1.2458  0.000e+00
      8.120     5.2855   3.105903    31.9541        301     1.2500  0.000e+00
      8.125     5.2852   3.105861    31.9539        302     1.2542  0.000e+00
      8.131     5.2853   3.105946    31.9547        303     1.2583  0.000e+00
      8.140     5.2856   3.105940    31.9544        304     1.2625  0.000e+00
      8.143     5.2860   3.105921    31.9538        305     1.2667  0.000e+00
      8.148     5.2863   3.105825    31.9524        306     1.2708  0.000e+00
      8.152     5.2864   3.106061    31.9550        307     1.2750  0.000e+00
      8.161     5.2866   3.106236    31.9568        308     1.2792  0.000e+00
      8.167     5.2876   3.106175    31.9551        309     1.2833  0.000e+00
      8.168     5.2883   3.105903    31.9514        310     1.2875  0.000e+00
      8.170     5.2883   3.105607    31.9481        311     1.2917  0.000e+00
      8.168     5.2871   3.106018    31.9538        312     1.2958  0.000e+00
      8.165     5.2865   3.106296    31.9576        313     1.3000  0.000e+00
      8.163     5.2872   3.106375    31.9578        314     1.3042  0.000e+00
      8.159     5.2886   3.106454    31.9574        315     1.3083  0.000e+00
      8.147     5.2897   3.106351    31.9551        316     1.3125  0.000e+00
      8.134     5.2907   3.106272    31.9534        317     1.3167  0.000e+00
      8.117     5.2909   3.106042    31.9506        318     1.3208  0.000e+00
      8.110     5.2904   3.105921    31.9496        319     1.3250  0.000e+00
      8.100     5.2894   3.105861    31.9499        320     1.3292  0.000e+00
      8.087     5.2884   3.105746    31.9496        321     1.3333  0.000e+00
      8.080     5.2872   3.105825    31.9516        322     1.3375  0.000e+00
      8.071     5.2864   3.105885    31.9531        323     1.3417  0.000e+00
      8.074     5.2860   3.105843    31.9529        324     1.3458  0.000e+00
      8.077     5.2861   3.105964    31.9542        325     1.3500  0.000e+00
      8.073     5.2860   3.105843    31.9529        326     1.3542  0.000e+00
      8.074     5.2861   3.105649    31.9507        327     1.3583  0.000e+00
      8.076     5.2855   3.105432    31.9487        328     1.3625  0.000e+00
      8.085     5.2848   3.105631    31.9517        329     1.3667  0.000e+00
      8.091     5.2842   3.105528    31.9511        330     1.3708  0.000e+00
      8.095     5.2835   3.105528    31.9517        331     1.3750  0.000e+00
      8.104     5.2829   3.105492    31.9519        332     1.3792  0.000e+00
      8.107     5.2825   3.105474    31.9521        333     1.3833  0.000e+00
      8.118     5.2822   3.105474    31.9524        334     1.3875  0.000e+00
      8.122     5.2818   3.105426    31.9522        335     1.3917  0.000e+00
      8.131     5.2814   3.105395    31.9522        336     1.3958  0.000e+00
      8.135     5.2811   3.105274    31.9511        337     1.4000  0.000e+00
      8.140     5.2806   3.105159    31.9503        338     1.4042  0.000e+00
      8.146     5.2797   3.105099    31.9505        339     1.4083  0.000e+00
      8.142     5.2791   3.105032    31.9503        340     1.4125  0.000e+00
      8.143     5.2781   3.104924    31.9500        341     1.4167  0.000e+00
      8.142     5.2772   3.104905    31.9506        342     1.4208  0.000e+00
      8.140     5.2763   3.104924    31.9517        343     1.4250  0.000e+00
      8.135     5.2757   3.104942    31.9525        344     1.4292  0.000e+00
      8.133     5.2753   3.104869    31.9521        345     1.4333  0.000e+00
      8.134     5.2751   3.104845    31.9520        346     1.4375  0.000e+00
      8.130     5.2747   3.104863    31.9525        347     1.4417  0.000e+00
      8.130     5.2748   3.105317    31.9576        348     1.4458  0.000e+00
      8.130     5.2759   3.105395    31.9575        349     1.4500  0.000e+00
      8.130     5.2771   3.105383    31.9562        350     1.4542  0.000e+00
      8.121     5.2783   3.105474    31.9561        351     1.4583  0.000e+00
      8.116     5.2793   3.105528    31.9557        352     1.4625  0.000e+00
      8.110     5.2801   3.106079    31.9612        353     1.4667  0.000e+00
      8.101     5.2818   3.106175    31.9607        354     1.4708  0.000e+00
      8.096     5.2842   3.106018    31.9567        355     1.4750  0.000e+00
      8.089     5.2859   3.105843    31.9531        356     1.4792  0.000e+00
      8.085     5.2862   3.105964    31.9541        357     1.4833  0.000e+00
      8.080     5.2865   3.106393    31.9588        358     1.4875  0.000e+00
      8.087     5.2875   3.106393    31.9578        359     1.4917  0.000e+00
      8.091     5.2890   3.106018    31.9520        360     1.4958  0.000e+00
      8.096     5.2896   3.105879    31.9499        361     1.5000  0.000e+00
      8.105     5.2888   3.105510    31.9465        362     1.5042  0.000e+00
      8.111     5.2871   3.105371    31.9465        363     1.5083  0.000e+00
      8.125     5.2851   3.105510    31.9500        364     1.5125  0.000e+00
      8.137     5.2835   3.105413    31.9504        365     1.5167  0.000e+00
      8.141     5.2825   3.105262    31.9496        366     1.5208  0.000e+00
      8.146     5.2816   3.105432    31.9525        367     1.5250  0.000e+00
      8.146     5.2812   3.105413    31.9526        368     1.5292  0.000e+00
      8.146     5.2811   3.105843    31.9576        369     1.5333  0.000e+00
      8.144     5.2815   3.106042    31.9595        370     1.5375  0.000e+00
      8.137     5.2831   3.105964    31.9570        371     1.5417  0.000e+00
      8.133     5.2849   3.105861    31.9542        372     1.5458  0.000e+00
      8.122     5.2853   3.105649    31.9514        373     1.5500  0.000e+00
      8.115     5.2852   3.105625    31.9512        374     1.5542  0.000e+00
      8.111     5.2848   3.105686    31.9523        375     1.5583  0.000e+00
      8.104     5.2844   3.105746    31.9534        376     1.5625  0.000e+00
      8.099     5.2844   3.105776    31.9537        377     1.5667  0.000e+00
      8.099     5.2845   3.105782    31.9537        378     1.5708  0.000e+00
      8.099     5.2845   3.105686    31.9526        379     1.5750  0.000e+00
      8.099     5.2846   3.105686    31.9525        380     1.5792  0.000e+00
      8.095     5.2844   3.105649    31.9522        381     1.5833  0.000e+00
      8.103     5.2842   3.105698    31.9530        382     1.5875  0.000e+00
      8.103     5.2842   3.105625    31.9522        383     1.5917  0.000e+00
      8.102     5.2839   3.105413    31.9500        384     1.5958  0.000e+00
      8.108     5.2832   3.105432    31.9509        385     1.6000  0.000e+00
      8.106     5.2824   3.105492    31.9524        386     1.6042  0.000e+00
      8.102     5.2820   3.105292    31.9505        387     1.6083  0.000e+00
      8.105     5.2813   3.105341    31.9517        388     1.6125  0.000e+00
      8.105     5.2809   3.105353    31.9522        389     1.6167  0.000e+00
      8.105     5.2805   3.105450    31.9537        390     1.6208  0.000e+00
      8.105     5.2805   3.105196    31.9508        391     1.6250  0.000e+00
      8.101     5.2801   3.105002    31.9490        392     1.6292  0.000e+00
      8.100     5.2790   3.104972    31.9497        393     1.6333  0.000e+00
      8.105     5.2779   3.105099    31.9522        394     1.6375  0.000e+00
      8.097     5.2772   3.105039    31.9522        395     1.6417  0.000e+00
      8.097     5.2770   3.104978    31.9517        396     1.6458  0.000e+00
      8.099     5.2765   3.104960    31.9520        397     1.6500  0.000e+00
      8.099     5.2761   3.105014    31.9530        398     1.6542  0.000e+00
      8.103     5.2758   3.105335    31.9569        399     1.6583  0.000e+00
      8.105     5.2764   3.105159    31.9543        400     1.6625  0.000e+00
      8.108     5.2771   3.105274    31.9550        401     1.6667  0.000e+00
      8.118     5.2774   3.105492    31.9572        402     1.6708  0.000e+00
      8.123     5.2784   3.105450    31.9557        403     1.6750  0.000e+00
      8.133     5.2793   3.105413    31.9545        404     1.6792  0.000e+00
      8.136     5.2798   3.105335    31.9530        405     1.6833  0.000e+00
      8.143     5.2800   3.105274    31.9521        406     1.6875  0.000e+00
      8.145     5.2798   3.105274    31.9524        407     1.6917  0.000e+00
      8.147     5.2796   3.105335    31.9533        408     1.6958  0.000e+00
      8.142     5.2793   3.105262    31.9527        409     1.7000  0.000e+00
      8.144     5.2792   3.105256    31.9527        410     1.7042  0.000e+00
      8.135     5.2790   3.105238    31.9527        411     1.7083  0.000e+00
      8.126     5.2789   3.105159    31.9520        412     1.7125  0.000e+00
      8.119     5.2785   3.105214    31.9529        413     1.7167  0.000e+00
      8.112     5.2784   3.105323    31.9543        414     1.7208  0.000e+00
      8.108     5.2786   3.105135    31.9519        415     1.7250  0.000e+00
      8.106     5.2785   3.105020    31.9507        416     1.7292  0.000e+00
      8.104     5.2779   3.104960    31.9506        417     1.7333  0.000e+00
      8.100     5.2771   3.104960    31.9514        418     1.7375  0.000e+00
      8.102     5.2765   3.104930    31.9516        419     1.7417  0.000e+00
      8.102     5.2761   3.104978    31.9526        420     1.7458  0.000e+00
