HB2501/ctd003.cnv
* Sea-Bird SBE 9 Data File:
* FileName = C:\cruise\data\ctd003.hex
* Software Version Seasave V 7.26.7.121
* Temperature SN = 6650
* Conductivity SN = 6035
* Number of Bytes Per Scan = 37
* Number of Voltage Words = 4
* Number of Scans Averaged by the Deck Unit = 1
* NMEA Latitude = 40 40.36 N
* NMEA Longitude = 070 37.53 W
* NMEA UTC (Time) = Feb 15 2025 23:31:44
* NMEA baud rate = 4800
** Ship: Bigelow HB2501
** Program:  ECOMON
** Chief Scientist:Katey Marancik
# nquan = 6
# nvalues = 112                         
# units = specified
# name 0 = depSM: Depth [salt water, m]
# name 1 = t090C: Temperature [ITS-90, deg C]
# name 2 = c0S/m: Conductivity [S/m]
# name 3 = sal00: Salinity, Practical [PSU]
# name 4 = scan: Scan Count
# name 5 = flag: flag
# span 0 =      1.000,     57.000       
# span 1 =     5.0015,     5.4395       
# span 2 =   3.142020,   3.177552       
# span 3 =    32.6115,    32.6221       
# span 4 =         89,      14733       
# span 5 = 0.0000e+00, 0.0000e+00       
# interval = meters: 1                  
# start_time = Feb 15 2025 23:31:44 [NMEA time, header]
# bad_flag = -9.990e-29
*END*
      2.000     5.4087   3.173954    32.6127         89 0.0000e+00
      3.000     5.4100   3.174139    32.6131        332 0.0000e+00
      4.000     5.4164   3.174845    32.6144        348 0.0000e+00
      5.000     5.4228   3.175505    32.6152        380 0.0000e+00
      6.000     5.4256   3.175825    32.6156        410 0.0000e+00
      7.000     5.4225   3.175598    32.6155        441 0.0000e+00
      8.000     5.4292   3.176256    32.6160        474 0.0000e+00
      9.000     5.4282   3.176194    32.6157        504 0.0000e+00
     10.000     5.4293   3.176393    32.6165        530 0.0000e+00
     11.000     5.4292   3.176483    32.6171        557 0.0000e+00
     12.000     5.4323   3.176891    32.6182        586 0.0000e+00
     13.000     5.4291   3.176670    32.6183        618 0.0000e+00
     14.000     5.4294   3.176771    32.6186        651 0.0000e+00
     15.000     5.4303   3.176880    32.6185        682 0.0000e+00
     16.000     5.4256   3.176490    32.6181        710 0.0000e+00
     17.000     5.4201   3.176079    32.6183        734 0.0000e+00
     18.000     5.4178   3.175926    32.6183        760 0.0000e+00
     19.000     5.4147   3.175709    32.6184        791 0.0000e+00
     20.000     5.4137   3.175653    32.6182        828 0.0000e+00
     21.000     5.4115   3.175511    32.6182        861 0.0000e+00
     22.000     5.4098   3.175416    32.6183        888 0.0000e+00
     23.000     5.4081   3.175328    32.6185        912 0.0000e+00
     24.000     5.4087   3.175461    32.6188        938 0.0000e+00
     25.000     5.4097   3.175586    32.6188        969 0.0000e+00
     26.000     5.4085   3.175523    32.6188       1003 0.0000e+00
     27.000     5.4068   3.175459    32.6192       1034 0.0000e+00
     28.000     5.4061   3.175453    32.6193       1064 0.0000e+00
     29.000     5.4048   3.175419    32.6196       1093 0.0000e+00
     30.000     5.4041   3.175414    32.6198       1120 0.0000e+00
     31.000     5.4032   3.175384    32.6198       1146 0.0000e+00
     32.000     5.4020   3.175329    32.6199       1175 0.0000e+00
     33.000     5.4004   3.175258    32.6201       1208 0.0000e+00
     34.000     5.3992   3.175213    32.6203       1240 0.0000e+00
     35.000     5.3989   3.175268    32.6207       1269 0.0000e+00
     36.000     5.3984   3.175281    32.6208       1298 0.0000e+00
     37.000     5.3978   3.175298    32.6211       1327 0.0000e+00
     38.000     5.3973   3.175337    32.6215       1356 0.0000e+00
     39.000     5.3971   3.175359    32.6215       1384 0.0000e+00
     40.000     5.3956   3.175288    32.6216       1414 0.0000e+00
     41.000     5.3940   3.175194    32.6216       1446 0.0000e+00
     42.000     5.3910   3.175002    32.6219       1474 0.0000e+00
     43.000     5.3882   3.174833    32.6221       1501 0.0000e+00
     44.000     5.3856   3.174648    32.6220       1530 0.0000e+00
     45.000     5.3765   3.173866    32.6215       1564 0.0000e+00
     46.000     5.3511   3.171583    32.6197       1595 0.0000e+00
     47.000     5.3262   3.169553    32.6204       1622 0.0000e+00
     48.000     5.2748   3.165017    32.6182       1649 0.0000e+00
     49.000     5.1777   3.156763    32.6182       1678 0.0000e+00
     50.000     5.1464   3.154287    32.6198       1708 0.0000e+00
     51.000     5.1192   3.151932    32.6190       1739 0.0000e+00
     52.000     5.0864   3.149163    32.6188       1770 0.0000e+00
     53.000     5.0542   3.146523    32.6194       1800 0.0000e+00
     54.000     5.0262   3.144201    32.6197       1827 0.0000e+00
     55.000     5.0193   3.143741    32.6207       1853 0.0000e+00
     56.000     5.0102   3.142933    32.6198       1883 0.0000e+00
     57.000     5.0015   3.142020    32.6174       3326 0.0000e+00
     56.000     5.0116   3.142846    32.6174       4425 0.0000e+00
     55.000     5.0223   3.143712    32.6174       4459 0.0000e+00
     54.000     5.0378   3.144977    32.6173       4489 0.0000e+00
     53.000     5.0569   3.146545    32.6171       4517 0.0000e+00
     52.000     5.0876   3.149109    32.6170       4544 0.0000e+00
     51.000     5.1143   3.151265    32.6161       4572 0.0000e+00
     50.000     5.1334   3.152916    32.6168       4601 0.0000e+00
     49.000     5.1760   3.156655    32.6185       4631 0.0000e+00
     48.000     5.2398   3.161991    32.6178       4660 0.0000e+00
     47.000     5.3043   3.167514    32.6184       4689 0.0000e+00
     46.000     5.3413   3.170530    32.6173       4718 0.0000e+00
     45.000     5.3638   3.172492    32.6182       4747 0.0000e+00
     44.000     5.3787   3.173740    32.6185       4773 0.0000e+00
     43.000     5.3843   3.174218    32.6189       4797 0.0000e+00
     42.000     5.3873   3.174448    32.6191       4824 0.0000e+00
     41.000     5.3902   3.174673    32.6193       4856 0.0000e+00
     40.000     5.3931   3.174884    32.6195       4888 0.0000e+00
     39.000     5.3956   3.175057    32.6195       4916 0.0000e+00
     38.000     5.3968   3.175121    32.6195       4942 0.0000e+00
     37.000     5.3982   3.175193    32.6195       4969 0.0000e+00
     36.000     5.3983   3.175168    32.6196       4998 0.0000e+00
     35.000     5.3987   3.175155    32.6196       5031 0.0000e+00
     34.000     5.3988   3.175127    32.6197       5066 0.0000e+00
     33.000     5.3993   3.175083    32.6191       5097 0.0000e+00
     32.000     5.4000   3.175070    32.6188       5124 0.0000e+00
     31.000     5.4007   3.175075    32.6188       5149 0.0000e+00
     30.000     5.4023   3.175180    32.6189       5174 0.0000e+00
     29.000     5.4041   3.175355    32.6197       6935 0.0000e+00
     28.000     5.4024   3.175141    32.6193       8044 0.0000e+00
     27.000     5.4028   3.175116    32.6191       8061 0.0000e+00
     26.000     5.4035   3.175122    32.6190       8100 0.0000e+00
     25.000     5.4041   3.175091    32.6187       8130 0.0000e+00
     24.000     5.4063   3.175253    32.6188       8158 0.0000e+00
     23.000     5.4087   3.175417    32.6188       8191 0.0000e+00
     22.000     5.4095   3.175414    32.6185       8232 0.0000e+00
     21.000     5.4113   3.175516    32.6184       8266 0.0000e+00
     20.000     5.4195   3.176186    32.6186       8293 0.0000e+00
     19.000     5.4204   3.176181    32.6182       8320 0.0000e+00
     18.000     5.4181   3.175947    32.6183       8351 0.0000e+00
     17.000     5.4216   3.176215    32.6184       8384 0.0000e+00
     16.000     5.4267   3.176647    32.6188       8415 0.0000e+00
     15.000     5.4375   3.177487    32.6185       8445 0.0000e+00
     14.000     5.4382   3.177519    32.6186       8476 0.0000e+00
     13.000     5.4389   3.177552    32.6188       8507 0.0000e+00
     12.000     5.4395   3.177494    32.6180       8538 0.0000e+00
     11.000     5.4318   3.176682    32.6168       8569 0.0000e+00
     10.000     5.4244   3.175942    32.6161       9901 0.0000e+00
      9.000     5.4225   3.175697    32.6156      11184 0.0000e+00
      8.000     5.4077   3.174115    32.6126      11143 0.0000e+00
      7.000     5.4077   3.174127    32.6132      11180 0.0000e+00
      6.000     5.4027   3.173586    32.6124      11215 0.0000e+00
      5.000     5.4043   3.173656    32.6122      11262 0.0000e+00
      4.000     5.4040   3.173555    32.6118      11310 0.0000e+00
      3.000     5.4044   3.173517    32.6115      11349 0.0000e+00
      2.000     5.4021   3.173302    32.6118      12680 0.0000e+00
      1.000     5.4005   3.173111    32.6117      14733 0.0000e+00
