HB2501/ctd001.cnv
* Sea-Bird SBE 9 Data File:
* FileName = C:\cruise\data\ctd001.hex
* Software Version Seasave V 7.26.7.121
* Temperature SN = 6650
* Conductivity SN = 6035
* Number of Bytes Per Scan = 37
* Number of Voltage Words = 4
* Number of Scans Averaged by the Deck Unit = 1
* NMEA Latitude = 40 40.47 N
* NMEA Longitude = 070 37.50 W
* NMEA UTC (Time) = Feb 15 2025 12:47:09
* NMEA baud rate = 4800
** Ship: Bigelow HB2501
** Program:  ECOMON
** Chief Scientist:Katey Marancik
# nquan = 6
# nvalues = 112                         
# units = specified
# name 0 = depSM: Depth [salt water, m]
# name 1 = t090C: Temperature [ITS-90, deg C]
# name 2 = c0S/m: Conductivity [S/m]
# name 3 = sal00: Salinity, Practical [PSU]
# name 4 = scan: Scan Count
# name 5 = flag: flag
# span 0 =      1.000,     57.000       
# span 1 =     5.1655,     5.4949       
# span 2 =   3.156176,   3.183473       
# span 3 =    32.6114,    32.6209       
# span 4 =        229,      11901       
# span 5 = 0.0000e+00, 0.0000e+00       
# interval = meters: 1                  
# start_time = Feb 15 2025 12:47:09 [NMEA time, header]
# bad_flag = -9.990e-29
*END*
      2.000     5.4832   3.180774    32.6178        229 0.0000e+00
      3.000     5.4875   3.181268    32.6187        607 0.0000e+00
      4.000     5.4891   3.181434    32.6186        652 0.0000e+00
      5.000     5.4894   3.181506    32.6186        682 0.0000e+00
      6.000     5.4864   3.181310    32.6188        712 0.0000e+00
      7.000     5.4839   3.181162    32.6190        742 0.0000e+00
      8.000     5.4842   3.181228    32.6190        772 0.0000e+00
      9.000     5.4849   3.181332    32.6190        801 0.0000e+00
     10.000     5.4842   3.181330    32.6192        830 0.0000e+00
     11.000     5.4822   3.181204    32.6191        859 0.0000e+00
     12.000     5.4785   3.180941    32.6193        889 0.0000e+00
     13.000     5.4782   3.180976    32.6195        920 0.0000e+00
     14.000     5.4767   3.180879    32.6193        950 0.0000e+00
     15.000     5.4783   3.181067    32.6194        979 0.0000e+00
     16.000     5.4803   3.181266    32.6192       1008 0.0000e+00
     17.000     5.4838   3.181596    32.6191       1037 0.0000e+00
     18.000     5.4844   3.181700    32.6191       1068 0.0000e+00
     19.000     5.4830   3.181600    32.6189       1100 0.0000e+00
     20.000     5.4832   3.181688    32.6192       1129 0.0000e+00
     21.000     5.4833   3.181738    32.6192       1156 0.0000e+00
     22.000     5.4823   3.181702    32.6192       1185 0.0000e+00
     23.000     5.4873   3.181488    32.6114       1213 0.0000e+00
     24.000     5.4903   3.182424    32.6187       1241 0.0000e+00
     25.000     5.4904   3.182504    32.6190       1274 0.0000e+00
     26.000     5.4924   3.182728    32.6190       1308 0.0000e+00
     27.000     5.4917   3.182702    32.6190       1337 0.0000e+00
     28.000     5.4906   3.182660    32.6191       1364 0.0000e+00
     29.000     5.4907   3.182704    32.6189       1392 0.0000e+00
     30.000     5.4907   3.182757    32.6190       1421 0.0000e+00
     31.000     5.4913   3.182846    32.6190       1450 0.0000e+00
     32.000     5.4926   3.183012    32.6191       1482 0.0000e+00
     33.000     5.4934   3.183111    32.6189       1513 0.0000e+00
     34.000     5.4949   3.183275    32.6188       1543 0.0000e+00
     35.000     5.4946   3.183296    32.6188       1571 0.0000e+00
     36.000     5.4937   3.183287    32.6191       1599 0.0000e+00
     37.000     5.4915   3.183146    32.6191       1627 0.0000e+00
     38.000     5.4915   3.183169    32.6190       1660 0.0000e+00
     39.000     5.4876   3.182936    32.6195       1696 0.0000e+00
     40.000     5.4915   3.183271    32.6190       1723 0.0000e+00
     41.000     5.4921   3.183382    32.6192       1745 0.0000e+00
     42.000     5.4925   3.183455    32.6192       1769 0.0000e+00
     43.000     5.4923   3.183473    32.6191       1805 0.0000e+00
     44.000     5.4873   3.183079    32.6190       1845 0.0000e+00
     45.000     5.4826   3.182767    32.6195       1874 0.0000e+00
     46.000     5.4781   3.182393    32.6191       1900 0.0000e+00
     47.000     5.4696   3.181708    32.6191       1927 0.0000e+00
     48.000     5.4620   3.181114    32.6192       1953 0.0000e+00
     49.000     5.4277   3.178155    32.6185       1982 0.0000e+00
     50.000     5.3840   3.174575    32.6198       2014 0.0000e+00
     51.000     5.3484   3.171583    32.6198       2043 0.0000e+00
     52.000     5.3037   3.167807    32.6199       2075 0.0000e+00
     53.000     5.2479   3.163071    32.6197       2108 0.0000e+00
     54.000     5.2073   3.159754    32.6209       2136 0.0000e+00
     55.000     5.1848   3.157834    32.6204       2164 0.0000e+00
     56.000     5.1655   3.156273    32.6209       2195 0.0000e+00
     57.000     5.1670   3.156176    32.6178       2906 0.0000e+00
     56.000     5.1777   3.156982    32.6171       5584 0.0000e+00
     55.000     5.2098   3.159769    32.6182       4587 0.0000e+00
     54.000     5.2432   3.162625    32.6187       4613 0.0000e+00
     53.000     5.2874   3.166224    32.6172       4639 0.0000e+00
     52.000     5.2990   3.167147    32.6169       4664 0.0000e+00
     51.000     5.3337   3.170219    32.6186       4691 0.0000e+00
     50.000     5.4012   3.175785    32.6168       4718 0.0000e+00
     49.000     5.4179   3.177132    32.6164       4744 0.0000e+00
     48.000     5.4246   3.177674    32.6166       4770 0.0000e+00
     47.000     5.4346   3.178530    32.6170       4798 0.0000e+00
     46.000     5.4530   3.180022    32.6166       4829 0.0000e+00
     45.000     5.4562   3.180231    32.6163       4857 0.0000e+00
     44.000     5.4622   3.180853    32.6181       4881 0.0000e+00
     43.000     5.4682   3.181237    32.6171       4906 0.0000e+00
     42.000     5.4703   3.181372    32.6171       4933 0.0000e+00
     41.000     5.4675   3.181122    32.6175       4963 0.0000e+00
     40.000     5.4779   3.181988    32.6177       4994 0.0000e+00
     39.000     5.4826   3.182341    32.6177       5023 0.0000e+00
     38.000     5.4842   3.182439    32.6177       5049 0.0000e+00
     37.000     5.4820   3.182229    32.6180       5071 0.0000e+00
     36.000     5.4827   3.182259    32.6181       5096 0.0000e+00
     35.000     5.4838   3.182298    32.6181       5127 0.0000e+00
     34.000     5.4834   3.182231    32.6181       5161 0.0000e+00
     33.000     5.4839   3.182250    32.6184       5188 0.0000e+00
     32.000     5.4846   3.182274    32.6184       5212 0.0000e+00
     31.000     5.4897   3.182653    32.6183       5240 0.0000e+00
     30.000     5.4903   3.182639    32.6181       5270 0.0000e+00
     29.000     5.4889   3.182493    32.6183       5297 0.0000e+00
     28.000     5.4894   3.182496    32.6183       5323 0.0000e+00
     27.000     5.4881   3.182419    32.6192       7025 0.0000e+00
     26.000     5.4855   3.182145    32.6191       8154 0.0000e+00
     25.000     5.4870   3.182236    32.6192       8287 0.0000e+00
     24.000     5.4880   3.182274    32.6191       8333 0.0000e+00
     23.000     5.4876   3.182175    32.6190       8375 0.0000e+00
     22.000     5.4878   3.182157    32.6190       8411 0.0000e+00
     21.000     5.4881   3.182121    32.6189       8453 0.0000e+00
     20.000     5.4872   3.181986    32.6187       8498 0.0000e+00
     19.000     5.4868   3.181927    32.6189       8533 0.0000e+00
     18.000     5.4871   3.181909    32.6189       8567 0.0000e+00
     17.000     5.4892   3.182026    32.6187       8610 0.0000e+00
     16.000     5.4922   3.182219    32.6185       8656 0.0000e+00
     15.000     5.4922   3.182178    32.6185       8692 0.0000e+00
     14.000     5.4930   3.182187    32.6183       8727 0.0000e+00
     13.000     5.4940   3.182221    32.6183       8770 0.0000e+00
     12.000     5.4916   3.181962    32.6182       8812 0.0000e+00
     11.000     5.4871   3.181529    32.6182       8849 0.0000e+00
     10.000     5.4881   3.181639    32.6189       9545 0.0000e+00
      9.000     5.4936   3.182036    32.6186      10530 0.0000e+00
      8.000     5.4933   3.181957    32.6185      10502 0.0000e+00
      7.000     5.4923   3.181796    32.6181      10525 0.0000e+00
      6.000     5.4907   3.181570    32.6176      10553 0.0000e+00
      5.000     5.4902   3.181410    32.6168      10581 0.0000e+00
      4.000     5.4912   3.181436    32.6166      10606 0.0000e+00
      3.000     5.4879   3.181113    32.6166      10634 0.0000e+00
      2.000     5.4886   3.181030    32.6155      10662 0.0000e+00
      1.000     5.4894   3.181284    32.6181      11901 0.0000e+00
