HB2501/ctd002.cnv
* Sea-Bird SBE 9 Data File:
* FileName = C:\cruise\data\ctd002.hex
* Software Version Seasave V 7.26.7.121
* Temperature SN = 6650
* Conductivity SN = 6035
* Number of Bytes Per Scan = 37
* Number of Voltage Words = 4
* Number of Scans Averaged by the Deck Unit = 1
* NMEA Latitude = 40 18.72 N
* NMEA Longitude = 069 52.53 W
* NMEA UTC (Time) = Feb 15 2025 17:52:32
* NMEA baud rate = 4800
** Ship: Bigelow HB2501
** Program:  ECOMON
** Chief Scientist:Katey Marancik
# nquan = 6
# nvalues = 139                         
# units = specified
# name 0 = depSM: Depth [salt water, m]
# name 1 = t090C: Temperature [ITS-90, deg C]
# name 2 = c0S/m: Conductivity [S/m]
# name 3 = sal00: Salinity, Practical [PSU]
# name 4 = scan: Scan Count
# name 5 = flag: flag
# span 0 =      1.000,     71.000       
# span 1 =     5.6789,     5.9766       
# span 2 =   3.203908,   3.214425       
# span 3 =    32.5189,    32.6745       
# span 4 =        157,      16079       
# span 5 = 0.0000e+00, 0.0000e+00       
# interval = meters: 1                  
# start_time = Feb 15 2025 17:52:32 [NMEA time, header]
# bad_flag = -9.990e-29
*END*
      3.000     5.9266   3.210110    32.5197        157 0.0000e+00
      4.000     5.9230   3.209841    32.5197        307 0.0000e+00
      5.000     5.9194   3.209602    32.5200        353 0.0000e+00
      6.000     5.9116   3.208972    32.5199        380 0.0000e+00
      7.000     5.9018   3.208141    32.5195        410 0.0000e+00
      8.000     5.8922   3.207374    32.5197        448 0.0000e+00
      9.000     5.8847   3.206728    32.5191        479 0.0000e+00
     10.000     5.8787   3.206318    32.5197        503 0.0000e+00
     11.000     5.8776   3.206272    32.5198        526 0.0000e+00
     12.000     5.8770   3.206263    32.5198        558 0.0000e+00
     13.000     5.8748   3.206117    32.5198        596 0.0000e+00
     14.000     5.8736   3.206088    32.5201        624 0.0000e+00
     15.000     5.8725   3.206064    32.5204        649 0.0000e+00
     16.000     5.8720   3.206071    32.5204        678 0.0000e+00
     17.000     5.8715   3.206047    32.5202        709 0.0000e+00
     18.000     5.8675   3.205754    32.5203        738 0.0000e+00
     19.000     5.8647   3.205546    32.5201        766 0.0000e+00
     20.000     5.8637   3.205515    32.5203        798 0.0000e+00
     21.000     5.8641   3.205625    32.5206        829 0.0000e+00
     22.000     5.8638   3.205687    32.5211        855 0.0000e+00
     23.000     5.8642   3.205769    32.5212        883 0.0000e+00
     24.000     5.8645   3.205837    32.5211        917 0.0000e+00
     25.000     5.8651   3.205953    32.5214        948 0.0000e+00
     26.000     5.8655   3.206033    32.5214        975 0.0000e+00
     27.000     5.8660   3.206154    32.5217       1001 0.0000e+00
     28.000     5.8735   3.206989    32.5234       1028 0.0000e+00
     29.000     5.8771   3.207370    32.5237       1061 0.0000e+00
     30.000     5.8785   3.207572    32.5242       1097 0.0000e+00
     31.000     5.8814   3.207937    32.5250       1122 0.0000e+00
     32.000     5.8824   3.208078    32.5251       1148 0.0000e+00
     33.000     5.8836   3.208259    32.5255       1180 0.0000e+00
     34.000     5.8841   3.208371    32.5258       1210 0.0000e+00
     35.000     5.8837   3.208413    32.5262       1237 0.0000e+00
     36.000     5.8836   3.208500    32.5267       1267 0.0000e+00
     37.000     5.8834   3.208541    32.5269       1296 0.0000e+00
     38.000     5.8835   3.208613    32.5271       1323 0.0000e+00
     39.000     5.8844   3.208792    32.5278       1353 0.0000e+00
     40.000     5.8851   3.208933    32.5281       1389 0.0000e+00
     41.000     5.8859   3.209085    32.5287       1418 0.0000e+00
     42.000     5.8887   3.209474    32.5298       1446 0.0000e+00
     43.000     5.8915   3.209852    32.5309       1473 0.0000e+00
     44.000     5.8978   3.210713    32.5340       1498 0.0000e+00
     45.000     5.9013   3.211263    32.5363       1523 0.0000e+00
     46.000     5.9001   3.211281    32.5372       1560 0.0000e+00
     47.000     5.9000   3.211363    32.5376       1599 0.0000e+00
     48.000     5.9003   3.211469    32.5381       1623 0.0000e+00
     49.000     5.8992   3.211474    32.5386       1645 0.0000e+00
     50.000     5.9026   3.211996    32.5408       1672 0.0000e+00
     51.000     5.9057   3.212478    32.5428       1706 0.0000e+00
     52.000     5.9070   3.212731    32.5438       1737 0.0000e+00
     53.000     5.9087   3.212990    32.5446       1765 0.0000e+00
     54.000     5.9102   3.213264    32.5458       1796 0.0000e+00
     55.000     5.9078   3.213312    32.5481       1827 0.0000e+00
     56.000     5.9008   3.213094    32.5519       1852 0.0000e+00
     57.000     5.8861   3.212455    32.5584       1878 0.0000e+00
     58.000     5.8384   3.209365    32.5692       1911 0.0000e+00
     59.000     5.7985   3.207430    32.5854       1942 0.0000e+00
     60.000     5.7887   3.207263    32.5924       1969 0.0000e+00
     61.000     5.7793   3.207453    32.6032       1999 0.0000e+00
     62.000     5.7749   3.207717    32.6099       2031 0.0000e+00
     63.000     5.7699   3.207747    32.6146       2059 0.0000e+00
     64.000     5.7605   3.207524    32.6207       2085 0.0000e+00
     65.000     5.7551   3.207171    32.6213       2113 0.0000e+00
     66.000     5.7464   3.206528    32.6221       2141 0.0000e+00
     67.000     5.7430   3.206292    32.6222       2169 0.0000e+00
     68.000     5.7356   3.205714    32.6223       2201 0.0000e+00
     69.000     5.7241   3.204860    32.6233       2235 0.0000e+00
     70.000     5.7176   3.204425    32.6242       2381 0.0000e+00
     71.000     5.6789   3.205603    32.6745       6768 0.0000e+00
     70.000     5.6963   3.205127    32.6528       7938 0.0000e+00
     69.000     5.6930   3.204650    32.6511       6164 0.0000e+00
     68.000     5.7001   3.204822    32.6467       6196 0.0000e+00
     67.000     5.7030   3.204931    32.6456       6223 0.0000e+00
     66.000     5.7049   3.204873    32.6435       6248 0.0000e+00
     65.000     5.7074   3.204689    32.6396       6274 0.0000e+00
     64.000     5.7093   3.204531    32.6365       6301 0.0000e+00
     63.000     5.7108   3.204232    32.6321       6327 0.0000e+00
     62.000     5.7155   3.203908    32.6244       6352 0.0000e+00
     61.000     5.7177   3.203970    32.6235       6377 0.0000e+00
     60.000     5.7195   3.204049    32.6231       6404 0.0000e+00
     59.000     5.7294   3.204748    32.6219       6431 0.0000e+00
     58.000     5.7348   3.205087    32.6210       6454 0.0000e+00
     57.000     5.7383   3.205323    32.6208       6479 0.0000e+00
     56.000     5.7454   3.205847    32.6204       6509 0.0000e+00
     55.000     5.7509   3.206245    32.6199       6539 0.0000e+00
     54.000     5.7535   3.206396    32.6196       6564 0.0000e+00
     53.000     5.7573   3.206652    32.6194       6586 0.0000e+00
     52.000     5.7602   3.206812    32.6189       6611 0.0000e+00
     51.000     5.7681   3.207124    32.6153       6638 0.0000e+00
     50.000     5.7711   3.206922    32.6105       6664 0.0000e+00
     49.000     5.7711   3.206542    32.6068       6690 0.0000e+00
     48.000     5.7723   3.206138    32.6016       6718 0.0000e+00
     47.000     5.7873   3.206269    32.5891       6746 0.0000e+00
     46.000     5.8078   3.207021    32.5782       6773 0.0000e+00
     45.000     5.8546   3.209927    32.5663       6797 0.0000e+00
     44.000     5.8972   3.212181    32.5510       6819 0.0000e+00
     43.000     5.9054   3.212324    32.5452       6842 0.0000e+00
     42.000     5.9066   3.212207    32.5432       6874 0.0000e+00
     41.000     5.9035   3.211836    32.5426       6911 0.0000e+00
     40.000     5.9014   3.211422    32.5404       6932 0.0000e+00
     39.000     5.8997   3.211067    32.5386       6950 0.0000e+00
     38.000     5.8989   3.210942    32.5384       6972 0.0000e+00
     37.000     5.8983   3.210783    32.5377       7003 0.0000e+00
     36.000     5.8847   3.208601    32.5268       9010 0.0000e+00
     35.000     5.8727   3.207230    32.5234      10011 0.0000e+00
     34.000     5.8726   3.207147    32.5231      10028 0.0000e+00
     33.000     5.8717   3.206997    32.5228      10059 0.0000e+00
     32.000     5.8709   3.206864    32.5225      10085 0.0000e+00
     31.000     5.8700   3.206720    32.5223      10110 0.0000e+00
     30.000     5.8680   3.206443    32.5216      10139 0.0000e+00
     29.000     5.8656   3.206152    32.5212      10175 0.0000e+00
     28.000     5.8653   3.206070    32.5210      10203 0.0000e+00
     27.000     5.8656   3.206052    32.5210      10229 0.0000e+00
     26.000     5.8674   3.206133    32.5207      10262 0.0000e+00
     25.000     5.8680   3.206137    32.5206      10293 0.0000e+00
     24.000     5.8690   3.206159    32.5204      10318 0.0000e+00
     23.000     5.8698   3.206202    32.5206      10347 0.0000e+00
     22.000     5.8694   3.206103    32.5204      10381 0.0000e+00
     21.000     5.8729   3.206311    32.5199      10410 0.0000e+00
     20.000     5.8796   3.206944    32.5210      10439 0.0000e+00
     19.000     5.8802   3.206936    32.5208      10472 0.0000e+00
     18.000     5.8792   3.206760    32.5203      10503 0.0000e+00
     17.000     5.8796   3.206731    32.5202      10529 0.0000e+00
     16.000     5.8809   3.206777    32.5198      10560 0.0000e+00
     15.000     5.8832   3.206942    32.5200      10592 0.0000e+00
     14.000     5.8846   3.206966    32.5194      10622 0.0000e+00
     13.000     5.8854   3.207002    32.5195      10658 0.0000e+00
     12.000     5.8880   3.207180    32.5195      10697 0.0000e+00
     11.000     5.8925   3.207512    32.5194      10728 0.0000e+00
     10.000     5.9071   3.208745    32.5197      12019 0.0000e+00
      9.000     5.9113   3.209081    32.5199      13520 0.0000e+00
      8.000     5.9208   3.209761    32.5189      13504 0.0000e+00
      7.000     5.9289   3.210411    32.5189      13545 0.0000e+00
      6.000     5.9425   3.211538    32.5190      13584 0.0000e+00
      5.000     5.9695   3.213876    32.5198      13615 0.0000e+00
      4.000     5.9766   3.214425    32.5195      13647 0.0000e+00
      3.000     5.9605   3.212950    32.5190      13691 0.0000e+00
      2.000     5.9566   3.212615    32.5195      13726 0.0000e+00
      1.000     5.9566   3.212640    32.5203      16079 0.0000e+00
