HB2501/ctd004.cnv
* Sea-Bird SBE 9 Data File:
* FileName = C:\cruise\data\ctd004.hex
* Software Version Seasave V 7.26.7.121
* Temperature SN = 6650
* Conductivity SN = 6035
* Number of Bytes Per Scan = 37
* Number of Voltage Words = 4
* Number of Scans Averaged by the Deck Unit = 1
* NMEA Latitude = 41 06.39 N
* NMEA Longitude = 070 37.60 W
* NMEA UTC (Time) = Feb 16 2025 06:24:27
* NMEA baud rate = 4800
** Ship: Bigelow HB2501
** Program:  ECOMON
** Chief Scientist:Katey Marancik
# nquan = 6
# nvalues = 80                          
# units = specified
# name 0 = depSM: Depth [salt water, m]
# name 1 = t090C: Temperature [ITS-90, deg C]
# name 2 = c0S/m: Conductivity [S/m]
# name 3 = sal00: Salinity, Practical [PSU]
# name 4 = scan: Scan Count
# name 5 = flag: flag
# span 0 =      1.000,     41.000       
# span 1 =     4.3570,     4.3735       
# span 2 =   3.088280,   3.091935       
# span 3 =    32.6581,    32.6645       
# span 4 =        -49,       9953       
# span 5 = 0.0000e+00, 0.0000e+00       
# interval = meters: 1                  
# start_time = Feb 16 2025 06:24:27 [NMEA time, header]
# bad_flag = -9.990e-29
*END*
      2.000     4.3690   3.089864    32.6642        -49 0.0000e+00
      3.000     4.3694   3.089968    32.6645         71 0.0000e+00
      4.000     4.3692   3.089986    32.6644        171 0.0000e+00
      5.000     4.3685   3.089931    32.6640        183 0.0000e+00
      6.000     4.3693   3.090034    32.6638        227 0.0000e+00
      7.000     4.3674   3.089866    32.6632        267 0.0000e+00
      8.000     4.3665   3.089884    32.6638        279 0.0000e+00
      9.000     4.3671   3.089978    32.6638        293 0.0000e+00
     10.000     4.3680   3.090145    32.6643        307 0.0000e+00
     11.000     4.3680   3.090179    32.6641        395 0.0000e+00
     12.000     4.3682   3.090240    32.6641        415 0.0000e+00
     13.000     4.3685   3.090321    32.6644        429 0.0000e+00
     14.000     4.3704   3.090516    32.6642        483 0.0000e+00
     15.000     4.3704   3.090579    32.6644        534 0.0000e+00
     16.000     4.3693   3.090517    32.6642        548 0.0000e+00
     17.000     4.3687   3.090518    32.6643        562 0.0000e+00
     18.000     4.3687   3.090539    32.6641        623 0.0000e+00
     19.000     4.3683   3.090584    32.6645        671 0.0000e+00
     20.000     4.3697   3.090728    32.6643        686 0.0000e+00
     21.000     4.3693   3.090730    32.6642        702 0.0000e+00
     22.000     4.3688   3.090731    32.6641        751 0.0000e+00
     23.000     4.3710   3.090956    32.6641        799 0.0000e+00
     24.000     4.3712   3.091034    32.6643        818 0.0000e+00
     25.000     4.3711   3.091052    32.6641        840 0.0000e+00
     26.000     4.3720   3.091147    32.6638        877 0.0000e+00
     27.000     4.3721   3.091209    32.6638        916 0.0000e+00
     28.000     4.3722   3.091266    32.6639        944 0.0000e+00
     29.000     4.3724   3.091330    32.6640        975 0.0000e+00
     30.000     4.3723   3.091367    32.6640       1004 0.0000e+00
     31.000     4.3724   3.091427    32.6641       1031 0.0000e+00
     32.000     4.3725   3.091457    32.6638       1061 0.0000e+00
     33.000     4.3727   3.091528    32.6639       1099 0.0000e+00
     34.000     4.3727   3.091585    32.6640       1132 0.0000e+00
     35.000     4.3727   3.091632    32.6641       1156 0.0000e+00
     36.000     4.3727   3.091686    32.6642       1183 0.0000e+00
     37.000     4.3731   3.091736    32.6639       1224 0.0000e+00
     38.000     4.3731   3.091796    32.6641       1264 0.0000e+00
     39.000     4.3732   3.091875    32.6644       1286 0.0000e+00
     40.000     4.3733   3.091935    32.6644       1307 0.0000e+00
     41.000     4.3733   3.091912    32.6636       1330 0.0000e+00
     40.000     4.3735   3.091925    32.6642       1419 0.0000e+00
     39.000     4.3695   3.091367    32.6621       3009 0.0000e+00
     38.000     4.3680   3.091175    32.6619       3469 0.0000e+00
     37.000     4.3685   3.091194    32.6622       3487 0.0000e+00
     36.000     4.3705   3.091438    32.6635       3507 0.0000e+00
     35.000     4.3703   3.091382    32.6635       3532 0.0000e+00
     34.000     4.3702   3.091322    32.6634       3573 0.0000e+00
     33.000     4.3698   3.091226    32.6633       3602 0.0000e+00
     32.000     4.3696   3.091164    32.6632       3624 0.0000e+00
     31.000     4.3689   3.091046    32.6631       3646 0.0000e+00
     30.000     4.3686   3.090983    32.6631       3677 0.0000e+00
     29.000     4.3683   3.090897    32.6630       3711 0.0000e+00
     28.000     4.3684   3.090866    32.6630       3738 0.0000e+00
     27.000     4.3682   3.090798    32.6630       3764 0.0000e+00
     26.000     4.3683   3.090758    32.6629       3791 0.0000e+00
     25.000     4.3686   3.090757    32.6631       3820 0.0000e+00
     24.000     4.3690   3.090744    32.6631       3856 0.0000e+00
     23.000     4.3685   3.090651    32.6630       3887 0.0000e+00
     22.000     4.3685   3.090591    32.6628       3908 0.0000e+00
     21.000     4.3684   3.090552    32.6630       3929 0.0000e+00
     20.000     4.3669   3.090350    32.6627       4006 0.0000e+00
     19.000     4.3642   3.089993    32.6616       5039 0.0000e+00
     18.000     4.3642   3.089902    32.6611       5954 0.0000e+00
     17.000     4.3646   3.089882    32.6610       5916 0.0000e+00
     16.000     4.3648   3.089850    32.6609       5933 0.0000e+00
     15.000     4.3649   3.089829    32.6611       5946 0.0000e+00
     14.000     4.3634   3.089672    32.6612       5965 0.0000e+00
     13.000     4.3637   3.089626    32.6609       6041 0.0000e+00
     12.000     4.3639   3.089583    32.6607       6054 0.0000e+00
     11.000     4.3640   3.089559    32.6609       6067 0.0000e+00
     10.000     4.3639   3.089499    32.6608       6079 0.0000e+00
      9.000     4.3635   3.089434    32.6610       6094 0.0000e+00
      8.000     4.3607   3.089160    32.6611       7137 0.0000e+00
      7.000     4.3598   3.089012    32.6608       8045 0.0000e+00
      6.000     4.3592   3.088864    32.6601       8095 0.0000e+00
      5.000     4.3578   3.088581    32.6587       8119 0.0000e+00
      4.000     4.3584   3.088611    32.6590       8147 0.0000e+00
      3.000     4.3591   3.088660    32.6594       8197 0.0000e+00
      2.000     4.3588   3.088566    32.6591       8227 0.0000e+00
      1.000     4.3570   3.088280    32.6581       9953 0.0000e+00
