HB2501/sbe013.cnv
* Sea-Bird SBE 19plus V2 Data File:
* FileName = C:\cruise\data\sbe013.hex
* Software Version Seasave V 7.26.7.121
* Temperature SN = 6128
* Conductivity SN = 6128
* System UpLoad Time = Feb 15 2025 14:24:28
** Ship: Henry Bigelow
** Cruise:  HB2501
** Program:  ECOMON
# nquan = 7
# nvalues = 1579                                  
# units = specified
# name 0 = depSM: Depth [salt water, m], lat = 40.00
# name 1 = tv290C: Temperature [ITS-90, deg C]
# name 2 = c0S/m: Conductivity [S/m]
# name 3 = sal00: Salinity, Practical [PSU]
# name 4 = scan: Scan Count
# name 5 = timeM: Time, Elapsed [minutes]
# name 6 = flag:  0.000e+00
# span 0 =      0.122,     56.939                 
# span 1 =     0.1725,     5.2935                 
# span 2 =   0.005932,   3.166672                 
# span 3 =     0.0487,    36.9606                 
# span 4 =         11,       1589                 
# span 5 =     0.0417,     6.6167                 
# span 6 = 0.0000e+00, 0.0000e+00                 
# interval = seconds: 0.25
# start_time = Feb 15 2025 14:24:28 [System UTC, header]
# bad_flag = -9.990e-29
*END*
[from data line 1026]
     25.233     5.2842   3.165904    32.6306       1037     4.3167  0.000e+00
     25.176     5.2848   3.165923    32.6303       1038     4.3208  0.000e+00
     25.118     5.2852   3.165886    32.6295       1039     4.3250  0.000e+00
     25.072     5.2854   3.165904    32.6296       1040     4.3292  0.000e+00
     25.021     5.2853   3.165923    32.6298       1041     4.3333  0.000e+00
     24.966     5.2856   3.165862    32.6290       1042     4.3375  0.000e+00
     24.912     5.2853   3.165904    32.6297       1043     4.3417  0.000e+00
     24.852     5.2855   3.165843    32.6289       1044     4.3458  0.000e+00
     24.790     5.2851   3.165862    32.6295       1045     4.3500  0.000e+00
     24.720     5.2850   3.165758    32.6285       1046     4.3542  0.000e+00
     24.651     5.2846   3.165685    32.6280       1047     4.3583  0.000e+00
     24.575     5.2841   3.165660    32.6283       1048     4.3625  0.000e+00
     24.499     5.2836   3.165685    32.6291       1049     4.3667  0.000e+00
     24.421     5.2833   3.165660    32.6292       1050     4.3708  0.000e+00
     24.354     5.2831   3.165703    32.6299       1051     4.3750  0.000e+00
     24.287     5.2831   3.165703    32.6299       1052     4.3792  0.000e+00
     24.223     5.2832   3.165703    32.6298       1053     4.3833  0.000e+00
     24.165     5.2833   3.165685    32.6295       1054     4.3875  0.000e+00
     24.107     5.2832   3.165685    32.6297       1055     4.3917  0.000e+00
     24.060     5.2833   3.165624    32.6289       1056     4.3958  0.000e+00
     24.024     5.2832   3.165599    32.6287       1057     4.4000  0.000e+00
     23.989     5.2830   3.165581    32.6287       1058     4.4042  0.000e+00
     23.946     5.2827   3.165886    32.6325       1059     4.4083  0.000e+00
     23.909     5.2836   3.165941    32.6323       1060     4.4125  0.000e+00
     23.867     5.2847   3.165941    32.6313       1061     4.4167  0.000e+00
     23.826     5.2855   3.165843    32.6294       1062     4.4208  0.000e+00
     23.775     5.2856   3.165861    32.6295       1063     4.4250  0.000e+00
     23.722     5.2855   3.165843    32.6294       1064     4.4292  0.000e+00
     23.661     5.2855   3.165940    32.6306       1065     4.4333  0.000e+00
     23.598     5.2859   3.165940    32.6302       1066     4.4375  0.000e+00
     23.528     5.2862   3.165983    32.6305       1067     4.4417  0.000e+00
     23.461     5.2865   3.165965    32.6299       1068     4.4458  0.000e+00
     23.400     5.2869   3.165965    32.6296       1069     4.4500  0.000e+00
     23.346     5.2870   3.165965    32.6295       1070     4.4542  0.000e+00
     23.292     5.2872   3.165965    32.6294       1071     4.4583  0.000e+00
     23.238     5.2870   3.165940    32.6293       1072     4.4625  0.000e+00
     23.189     5.2869   3.165995    32.6301       1073     4.4667  0.000e+00
     23.142     5.2870   3.165965    32.6297       1074     4.4708  0.000e+00
     23.097     5.2870   3.165965    32.6297       1075     4.4750  0.000e+00
     23.054     5.2870   3.165965    32.6297       1076     4.4792  0.000e+00
     23.005     5.2871   3.165940    32.6294       1077     4.4833  0.000e+00
     22.955     5.2872   3.165940    32.6293       1078     4.4875  0.000e+00
     22.896     5.2870   3.165922    32.6293       1079     4.4917  0.000e+00
     22.831     5.2869   3.165940    32.6296       1080     4.4958  0.000e+00
     22.755     5.2871   3.165940    32.6295       1081     4.5000  0.000e+00
     22.681     5.2869   3.165922    32.6295       1082     4.5042  0.000e+00
     22.607     5.2871   3.165965    32.6298       1083     4.5083  0.000e+00
     22.530     5.2871   3.165964    32.6298       1084     4.5125  0.000e+00
     22.455     5.2871   3.165843    32.6285       1085     4.5167  0.000e+00
     22.392     5.2869   3.165745    32.6276       1086     4.5208  0.000e+00
     22.340     5.2860   3.165623    32.6271       1087     4.5250  0.000e+00
     22.298     5.2853   3.165800    32.6298       1088     4.5292  0.000e+00
     22.269     5.2851   3.165824    32.6304       1089     4.5333  0.000e+00
     22.233     5.2855   3.165922    32.6311       1090     4.5375  0.000e+00
     22.213     5.2862   3.165922    32.6304       1091     4.5417  0.000e+00
     22.191     5.2866   3.165922    32.6300       1092     4.5458  0.000e+00
     22.174     5.2870   3.165903    32.6295       1093     4.5500  0.000e+00
     22.148     5.2868   3.165702    32.6274       1094     4.5542  0.000e+00
     22.116     5.2861   3.165660    32.6276       1095     4.5583  0.000e+00
     22.070     5.2853   3.165562    32.6273       1096     4.5625  0.000e+00
     22.017     5.2846   3.165562    32.6280       1097     4.5667  0.000e+00
     21.953     5.2838   3.165599    32.6292       1098     4.5708  0.000e+00
     21.873     5.2834   3.165520    32.6287       1099     4.5750  0.000e+00
     21.803     5.2831   3.165465    32.6285       1100     4.5792  0.000e+00
     21.721     5.2826   3.165422    32.6285       1101     4.5833  0.000e+00
     21.638     5.2822   3.165361    32.6283       1102     4.5875  0.000e+00
     21.559     5.2818   3.165422    32.6294       1103     4.5917  0.000e+00
     21.483     5.2816   3.165641    32.6321       1104     4.5958  0.000e+00
     21.422     5.2822   3.165544    32.6304       1105     4.6000  0.000e+00
     21.367     5.2828   3.165720    32.6319       1106     4.6042  0.000e+00
     21.317     5.2836   3.165763    32.6316       1107     4.6083  0.000e+00
     21.281     5.2846   3.165763    32.6306       1108     4.6125  0.000e+00
     21.252     5.2851   3.165745    32.6300       1109     4.6167  0.000e+00
     21.234     5.2851   3.165440    32.6265       1110     4.6208  0.000e+00
     21.218     5.2842   3.165702    32.6304       1111     4.6250  0.000e+00
     21.206     5.2842   3.165824    32.6318       1112     4.6292  0.000e+00
     21.188     5.2848   3.165842    32.6314       1113     4.6333  0.000e+00
     21.177     5.2856   3.165842    32.6306       1114     4.6375  0.000e+00
     21.154     5.2859   3.165702    32.6287       1115     4.6417  0.000e+00
     21.125     5.2855   3.165659    32.6286       1116     4.6458  0.000e+00
     21.085     5.2852   3.165659    32.6289       1117     4.6500  0.000e+00
     21.030     5.2848   3.165562    32.6283       1118     4.6542  0.000e+00
     20.970     5.2845   3.165501    32.6279       1119     4.6583  0.000e+00
     20.898     5.2839   3.165160    32.6246       1120     4.6625  0.000e+00
     20.830     5.2822   3.165099    32.6256       1121     4.6667  0.000e+00
     20.757     5.2803   3.165403    32.6310       1122     4.6708  0.000e+00
     20.686     5.2804   3.165483    32.6318       1123     4.6750  0.000e+00
     20.624     5.2809   3.165379    32.6302       1124     4.6792  0.000e+00
     20.557     5.2813   3.165081    32.6264       1125     4.6833  0.000e+00
     20.502     5.2803   3.164934    32.6257       1126     4.6875  0.000e+00
     20.452     5.2787   3.165239    32.6308       1127     4.6917  0.000e+00
     20.411     5.2790   3.165623    32.6350       1128     4.6958  0.000e+00
     20.369     5.2808   3.165160    32.6279       1129     4.7000  0.000e+00
     20.331     5.2809   3.165178    32.6281       1130     4.7042  0.000e+00
     20.294     5.2802   3.165062    32.6274       1131     4.7083  0.000e+00
     20.256     5.2791   3.165123    32.6292       1132     4.7125  0.000e+00
     20.210     5.2789   3.165221    32.6306       1133     4.7167  0.000e+00
     20.162     5.2791   3.165239    32.6306       1134     4.7208  0.000e+00
     20.108     5.2796   3.165281    32.6306       1135     4.7250  0.000e+00
     20.052     5.2797   3.165220    32.6299       1136     4.7292  0.000e+00
     19.987     5.2799   3.165202    32.6294       1137     4.7333  0.000e+00
     19.913     5.2800   3.165220    32.6296       1138     4.7375  0.000e+00
     19.851     5.2797   3.165239    32.6301       1139     4.7417  0.000e+00
     19.781     5.2798   3.165239    32.6301       1140     4.7458  0.000e+00
     19.720     5.2798   3.165263    32.6304       1141     4.7500  0.000e+00
     19.656     5.2802   3.165239    32.6298       1142     4.7542  0.000e+00
     19.608     5.2802   3.165202    32.6294       1143     4.7583  0.000e+00
     19.562     5.2800   3.165263    32.6302       1144     4.7625  0.000e+00
     19.528     5.2798   3.165220    32.6300       1145     4.7667  0.000e+00
     19.495     5.2801   3.165263    32.6302       1146     4.7708  0.000e+00
     19.475     5.2803   3.165300    32.6304       1147     4.7750  0.000e+00
     19.454     5.2805   3.165178    32.6289       1148     4.7792  0.000e+00
     19.432     5.2804   3.165159    32.6288       1149     4.7833  0.000e+00
     19.407     5.2800   3.165281    32.6306       1150     4.7875  0.000e+00
     19.381     5.2801   3.165318    32.6309       1151     4.7917  0.000e+00
     19.345     5.2806   3.165318    32.6304       1152     4.7958  0.000e+00
     19.311     5.2809   3.165281    32.6298       1153     4.8000  0.000e+00
     19.273     5.2809   3.165220    32.6291       1154     4.8042  0.000e+00
     19.226     5.2807   3.165263    32.6298       1155     4.8083  0.000e+00
     19.180     5.2805   3.165263    32.6300       1156     4.8125  0.000e+00
     19.121     5.2806   3.165299    32.6303       1157     4.8167  0.000e+00
     19.073     5.2807   3.165220    32.6293       1158     4.8208  0.000e+00
     19.010     5.2806   3.165299    32.6304       1159     4.8250  0.000e+00
     18.956     5.2805   3.165220    32.6296       1160     4.8292  0.000e+00
     18.890     5.2806   3.165159    32.6289       1161     4.8333  0.000e+00
     18.832     5.2804   3.165123    32.6287       1162     4.8375  0.000e+00
     18.769     5.2799   3.165098    32.6289       1163     4.8417  0.000e+00
     18.704     5.2796   3.165159    32.6300       1164     4.8458  0.000e+00
     18.647     5.2797   3.165177    32.6301       1165     4.8500  0.000e+00
     18.586     5.2799   3.165177    32.6299       1166     4.8542  0.000e+00
     18.534     5.2801   3.165123    32.6291       1167     4.8583  0.000e+00
     18.477     5.2799   3.165037    32.6283       1168     4.8625  0.000e+00
     18.430     5.2793   3.165123    32.6299       1169     4.8667  0.000e+00
     18.386     5.2793   3.165202    32.6309       1170     4.8708  0.000e+00
     18.349     5.2797   3.165263    32.6312       1171     4.8750  0.000e+00
     18.314     5.2803   3.165342    32.6315       1172     4.8792  0.000e+00
     18.281     5.2809   3.165159    32.6289       1173     4.8833  0.000e+00
     18.252     5.2810   3.165317    32.6306       1174     4.8875  0.000e+00
     18.220     5.2810   3.165177    32.6290       1175     4.8917  0.000e+00
     18.183     5.2810   3.165263    32.6300       1176     4.8958  0.000e+00
     18.142     5.2810   3.165317    32.6306       1177     4.9000  0.000e+00
     18.091     5.2813   3.165250    32.6296       1178     4.9042  0.000e+00
     18.037     5.2814   3.165220    32.6291       1179     4.9083  0.000e+00
     17.976     5.2813   3.165262    32.6298       1180     4.9125  0.000e+00
     17.916     5.2812   3.165317    32.6305       1181     4.9167  0.000e+00
     17.854     5.2814   3.165317    32.6304       1182     4.9208  0.000e+00
     17.789     5.2817   3.165360    32.6306       1183     4.9250  0.000e+00
     17.724     5.2821   3.165220    32.6287       1184     4.9292  0.000e+00
     17.664     5.2819   3.165080    32.6273       1185     4.9333  0.000e+00
     17.610     5.2810   3.165061    32.6280       1186     4.9375  0.000e+00
     17.555     5.2804   3.165122    32.6293       1187     4.9417  0.000e+00
     17.511     5.2801   3.165299    32.6316       1188     4.9458  0.000e+00
     17.471     5.2806   3.165299    32.6312       1189     4.9500  0.000e+00
     17.431     5.2813   3.165140    32.6287       1190     4.9542  0.000e+00
     17.395     5.2811   3.165220    32.6298       1191     4.9583  0.000e+00
     17.356     5.2810   3.165201    32.6298       1192     4.9625  0.000e+00
     17.325     5.2810   3.165262    32.6305       1193     4.9667  0.000e+00
     17.291     5.2811   3.165220    32.6298       1194     4.9708  0.000e+00
     17.253     5.2813   3.165177    32.6292       1195     4.9750  0.000e+00
     17.221     5.2812   3.165640    32.6346       1196     4.9792  0.000e+00
     17.178     5.2827   3.165421    32.6307       1197     4.9833  0.000e+00
     17.140     5.2835   3.165360    32.6292       1198     4.9875  0.000e+00
     17.095     5.2835   3.165579    32.6318       1199     4.9917  0.000e+00
     17.052     5.2840   3.165561    32.6310       1200     4.9958  0.000e+00
     17.008     5.2849   3.165597    32.6306       1201     5.0000  0.000e+00
     16.959     5.2852   3.165439    32.6285       1202     5.0042  0.000e+00
     16.918     5.2850   3.165439    32.6288       1203     5.0083  0.000e+00
     16.873     5.2846   3.165463    32.6294       1204     5.0125  0.000e+00
     16.833     5.2842   3.165317    32.6282       1205     5.0167  0.000e+00
     16.780     5.2839   3.165280    32.6281       1206     5.0208  0.000e+00
     16.728     5.2833   3.165420    32.6303       1207     5.0250  0.000e+00
     16.679     5.2832   3.165299    32.6290       1208     5.0292  0.000e+00
     16.614     5.2830   3.165140    32.6274       1209     5.0333  0.000e+00
     16.553     5.2824   3.165158    32.6283       1210     5.0375  0.000e+00
     16.486     5.2816   3.165122    32.6287       1211     5.0417  0.000e+00
     16.409     5.2809   3.165061    32.6287       1212     5.0458  0.000e+00
     16.342     5.2807   3.164982    32.6280       1213     5.0500  0.000e+00
     16.264     5.2799   3.165219    32.6315       1214     5.0542  0.000e+00
     16.184     5.2805   3.165317    32.6321       1215     5.0583  0.000e+00
     16.111     5.2816   3.165317    32.6311       1216     5.0625  0.000e+00
     16.045     5.2823   3.165280    32.6300       1217     5.0667  0.000e+00
     15.970     5.2824   3.165341    32.6306       1218     5.0708  0.000e+00
     15.911     5.2827   3.165359    32.6306       1219     5.0750  0.000e+00
     15.857     5.2831   3.165341    32.6300       1220     5.0792  0.000e+00
     15.814     5.2833   3.165317    32.6295       1221     5.0833  0.000e+00
     15.772     5.2833   3.165280    32.6291       1222     5.0875  0.000e+00
     15.751     5.2831   3.165298    32.6296       1223     5.0917  0.000e+00
     15.734     5.2830   3.165298    32.6297       1224     5.0958  0.000e+00
     15.714     5.2830   3.165201    32.6286       1225     5.1000  0.000e+00
     15.696     5.2826   3.165237    32.6294       1226     5.1042  0.000e+00
     15.683     5.2824   3.165201    32.6292       1227     5.1083  0.000e+00
     15.674     5.2824   3.165079    32.6278       1228     5.1125  0.000e+00
     15.654     5.2816   3.164982    32.6275       1229     5.1167  0.000e+00
     15.630     5.2809   3.164957    32.6279       1230     5.1208  0.000e+00
     15.608     5.2800   3.164957    32.6287       1231     5.1250  0.000e+00
     15.578     5.2794   3.164982    32.6296       1232     5.1292  0.000e+00
     15.535     5.2792   3.164957    32.6296       1233     5.1333  0.000e+00
     15.488     5.2792   3.164957    32.6296       1234     5.1375  0.000e+00
     15.437     5.2791   3.164939    32.6295       1235     5.1417  0.000e+00
     15.394     5.2790   3.164957    32.6299       1236     5.1458  0.000e+00
     15.346     5.2788   3.164957    32.6301       1237     5.1500  0.000e+00
     15.301     5.2789   3.164939    32.6298       1238     5.1542  0.000e+00
     15.247     5.2789   3.164939    32.6299       1239     5.1583  0.000e+00
     15.201     5.2789   3.164981    32.6304       1240     5.1625  0.000e+00
