HB2501/sbe016.cnv
* Sea-Bird SBE 19plus V2 Data File:
* FileName = C:\cruise\data\sbe016.hex
* Software Version Seasave V 7.26.7.121
* Temperature SN = 6128
* Conductivity SN = 6128
* System UpLoad Time = Feb 15 2025 21:02:25
** Ship: Henry Bigelow
** Cruise:  HB2501
** Program:  ECOMON
# nquan = 7
# nvalues = 1399                                  
# units = specified
# name 0 = depSM: Depth [salt water, m], lat = 40.00
# name 1 = tv290C: Temperature [ITS-90, deg C]
# name 2 = c0S/m: Conductivity [S/m]
# name 3 = sal00: Salinity, Practical [PSU]
# name 4 = scan: Scan Count
# name 5 = timeM: Time, Elapsed [minutes]
# name 6 = flag:  0.000e+00
# span 0 =      0.060,     41.042                 
# span 1 =    -0.0058,     3.2462                 
# span 2 =   0.016233,   2.983584                 
# span 3 =     0.1423,    32.9823                 
# span 4 =         11,       1409                 
# span 5 =     0.0417,     5.8667                 
# span 6 = 0.0000e+00, 0.0000e+00                 
# interval = seconds: 0.25
# start_time = Feb 15 2025 21:02:25 [System UTC, header]
# bad_flag = -9.990e-29
*END*
[from data line 1231]
      3.726     3.1881   2.978554    32.5215       1242     5.1708  0.000e+00
      3.648     3.1888   2.978774    32.5236       1243     5.1750  0.000e+00
      3.569     3.1897   2.978964    32.5249       1244     5.1792  0.000e+00
      3.497     3.1919   2.979429    32.5284       1245     5.1833  0.000e+00
      3.441     3.1945   2.979161    32.5226       1246     5.1875  0.000e+00
      3.396     3.1959   2.979000    32.5193       1247     5.1917  0.000e+00
      3.374     3.1959   2.979024    32.5196       1248     5.1958  0.000e+00
      3.378     3.1955   2.979054    32.5203       1249     5.2000  0.000e+00
      3.401     3.1955   2.979107    32.5209       1250     5.2042  0.000e+00
      3.433     3.1958   2.979125    32.5208       1251     5.2083  0.000e+00
      3.465     3.1959   2.979208    32.5218       1252     5.2125  0.000e+00
      3.503     3.1963   2.979280    32.5221       1253     5.2167  0.000e+00
      3.526     3.1969   2.979280    32.5216       1254     5.2208  0.000e+00
      3.540     3.1974   2.979321    32.5215       1255     5.2250  0.000e+00
      3.530     3.1978   2.979036    32.5177       1256     5.2292  0.000e+00
      3.496     3.1971   2.979024    32.5183       1257     5.2333  0.000e+00
      3.451     3.1962   2.979226    32.5217       1258     5.2375  0.000e+00
      3.379     3.1965   2.979738    32.5276       1259     5.2417  0.000e+00
      3.293     3.1987   2.979994    32.5284       1260     5.2458  0.000e+00
      3.183     3.2017   2.980429    32.5308       1261     5.2500  0.000e+00
      3.055     3.2054   2.981000    32.5340       1262     5.2542  0.000e+00
      2.930     3.2105   2.981393    32.5337       1263     5.2583  0.000e+00
      2.812     3.2154   2.982185    32.5383       1264     5.2625  0.000e+00
      2.730     3.2218   2.982703    32.5382       1265     5.2667  0.000e+00
      2.680     3.2283   2.982798    32.5328       1266     5.2708  0.000e+00
      2.660     3.2332   2.982703    32.5267       1267     5.2750  0.000e+00
      2.667     3.2355   2.982709    32.5244       1268     5.2792  0.000e+00
      2.700     3.2369   2.982721    32.5232       1269     5.2833  0.000e+00
      2.731     3.2377   2.982762    32.5229       1270     5.2875  0.000e+00
      2.762     3.2381   2.982780    32.5226       1271     5.2917  0.000e+00
      2.800     3.2386   2.982816    32.5226       1272     5.2958  0.000e+00
      2.826     3.2391   2.982584    32.5193       1273     5.3000  0.000e+00
      2.844     3.2384   2.981565    32.5076       1274     5.3042  0.000e+00
      2.844     3.2355   2.981494    32.5097       1275     5.3083  0.000e+00
      2.828     3.2313   2.981959    32.5195       1276     5.3125  0.000e+00
      2.785     3.2304   2.982935    32.5323       1277     5.3167  0.000e+00
      2.729     3.2334   2.983084    32.5310       1278     5.3208  0.000e+00
      2.651     3.2371   2.983138    32.5280       1279     5.3250  0.000e+00
      2.559     3.2396   2.983233    32.5267       1280     5.3292  0.000e+00
      2.456     3.2416   2.983274    32.5253       1281     5.3333  0.000e+00
      2.364     3.2433   2.983400    32.5251       1282     5.3375  0.000e+00
      2.274     3.2446   2.983274    32.5223       1283     5.3417  0.000e+00
      2.195     3.2450   2.983322    32.5225       1284     5.3458  0.000e+00
      2.136     3.2452   2.983292    32.5220       1285     5.3500  0.000e+00
      2.106     3.2452   2.983173    32.5206       1286     5.3542  0.000e+00
      2.111     3.2451   2.983233    32.5214       1287     5.3583  0.000e+00
      2.146     3.2449   2.983268    32.5220       1288     5.3625  0.000e+00
      2.209     3.2449   2.983292    32.5223       1289     5.3667  0.000e+00
      2.272     3.2452   2.983304    32.5221       1290     5.3708  0.000e+00
      2.334     3.2452   2.983215    32.5210       1291     5.3750  0.000e+00
      2.395     3.2451   2.983137    32.5201       1292     5.3792  0.000e+00
      2.440     3.2445   2.983096    32.5202       1293     5.3833  0.000e+00
      2.471     3.2440   2.983102    32.5208       1294     5.3875  0.000e+00
      2.478     3.2433   2.983078    32.5211       1295     5.3917  0.000e+00
      2.467     3.2431   2.983120    32.5218       1296     5.3958  0.000e+00
      2.450     3.2431   2.983096    32.5216       1297     5.4000  0.000e+00
      2.422     3.2430   2.983137    32.5222       1298     5.4042  0.000e+00
      2.401     3.2430   2.983257    32.5236       1299     5.4083  0.000e+00
      2.379     3.2436   2.983400    32.5248       1300     5.4125  0.000e+00
      2.360     3.2445   2.983394    32.5238       1301     5.4167  0.000e+00
      2.326     3.2453   2.983286    32.5217       1302     5.4208  0.000e+00
      2.269     3.2452   2.983137    32.5200       1303     5.4250  0.000e+00
      2.209     3.2446   2.982988    32.5190       1304     5.4292  0.000e+00
      2.148     3.2436   2.983233    32.5229       1305     5.4333  0.000e+00
      2.094     3.2436   2.983268    32.5234       1306     5.4375  0.000e+00
      2.037     3.2440   2.983078    32.5207       1307     5.4417  0.000e+00
      1.985     3.2437   2.983084    32.5211       1308     5.4458  0.000e+00
      1.924     3.2433   2.983292    32.5240       1309     5.4500  0.000e+00
      1.862     3.2437   2.983250    32.5232       1310     5.4542  0.000e+00
      1.784     3.2441   2.983352    32.5240       1311     5.4583  0.000e+00
      1.685     3.2449   2.983435    32.5243       1312     5.4625  0.000e+00
      1.575     3.2456   2.982959    32.5179       1313     5.4667  0.000e+00
      1.435     3.2447   2.983584    32.5264       1314     5.4708  0.000e+00
      1.286     3.2458   2.983393    32.5231       1315     5.4750  0.000e+00
      1.106     3.2462   2.982291    32.5095       1316     5.4792  0.000e+00
      0.935     3.2425   2.982208    32.5123       1317     5.4833  0.000e+00
      0.772     3.2378   2.981339    32.5067       1318     5.4875  0.000e+00
      0.597     3.2317   2.979856    32.4950       1319     5.4917  0.000e+00
      0.457     3.2218   2.979898    32.5055       1320     5.4958  0.000e+00
      0.346     3.2144   2.978886    32.5009       1321     5.5000  0.000e+00
      0.327     3.2054   2.977523    32.4935       1322     5.5042  0.000e+00
      0.341     3.1937   2.978136    32.5127       1323     5.5083  0.000e+00
      0.372     3.1864   2.978868    32.5288       1324     5.5125  0.000e+00
      0.402     3.1870   2.979874    32.5403       1325     5.5167  0.000e+00
      0.440     3.1925   2.980255    32.5394       1326     5.5208  0.000e+00
      0.496     3.1991   2.980565    32.5365       1327     5.5250  0.000e+00
      0.579     3.2044   2.980737    32.5331       1328     5.5292  0.000e+00
      0.653     3.2086   2.981119    32.5335       1329     5.5333  0.000e+00
      0.691     3.2125   2.981732    32.5369       1330     5.5375  0.000e+00
      0.742     3.2176   2.982381    32.5395       1331     5.5417  0.000e+00
      0.757     3.2239   2.981958    32.5282       1332     5.5458  0.000e+00
      0.686     3.2271   2.980922    32.5125       1333     5.5500  0.000e+00
      0.534     3.2241   2.981077    32.5174       1334     5.5542  0.000e+00
      0.377     3.2210   2.980053    32.5083       1335     5.5583  0.000e+00
      0.247     3.2167   2.979261    32.5032       1336     5.5625  0.000e+00
      0.130     3.2096   2.977582    32.4902       1337     5.5667  0.000e+00
      0.106     3.1985   2.976904    32.4931       1338     5.5708  0.000e+00
      0.082     3.1855   2.977344    32.5115       1339     5.5750  0.000e+00
      0.065     3.1754   1.974006    20.7197       1340     5.5792  0.000e+00
      0.071     3.1415   2.455825    26.3372       1341     5.5833  0.000e+00
      0.127     3.1295   2.913456    31.7970       1342     5.5875  0.000e+00
      0.112     3.1449   2.917217    31.8272       1343     5.5917  0.000e+00
      0.069     3.1561   1.964439    20.6225       1344     5.5958  0.000e+00
      0.065     3.1392   0.617114     5.9111       1345     5.6000  0.000e+00
      0.065     3.0913   0.394092     3.6678       1346     5.6042  0.000e+00
      0.067     3.0245   0.353797     3.2770       1347     5.6083  0.000e+00
      0.067     2.9853   0.339294     3.1383       1348     5.6125  0.000e+00
      0.061     2.9734   0.322625     2.9759       1349     5.6167  0.000e+00
      0.064     2.9721   0.291532     2.6727       1350     5.6208  0.000e+00
      0.067     2.9744   0.259355     2.3611       1351     5.6250  0.000e+00
      0.065     2.9777   0.231888     2.0971       1352     5.6292  0.000e+00
      0.068     2.9813   0.209426     1.8829       1353     5.6333  0.000e+00
      0.065     2.9844   0.192485     1.7224       1354     5.6375  0.000e+00
      0.067     2.9880   0.180787     1.6120       1355     5.6417  0.000e+00
      0.066     2.9908   0.169149     1.5027       1356     5.6458  0.000e+00
      0.062     2.9938   0.157794     1.3966       1357     5.6500  0.000e+00
      0.065     2.9967   0.149637     1.3206       1358     5.6542  0.000e+00
      0.068     2.9993   0.145416     1.2814       1359     5.6583  0.000e+00
      0.065     3.0021   0.141241     1.2426       1360     5.6625  0.000e+00
      0.063     3.0047   0.135590     1.1903       1361     5.6667  0.000e+00
      0.060     3.0071   0.128818     1.1279       1362     5.6708  0.000e+00
      0.061     3.0094   0.126073     1.1026       1363     5.6750  0.000e+00
      0.064     3.0120   0.125360     1.0959       1364     5.6792  0.000e+00
      0.070     3.0143   0.123764     1.0812       1365     5.6833  0.000e+00
      0.067     3.0162   0.121408     1.0596       1366     5.6875  0.000e+00
      0.062     3.0188   0.117775     1.0262       1367     5.6917  0.000e+00
      0.071     3.0211   0.115093     1.0017       1368     5.6958  0.000e+00
      0.074     3.0238   0.113552     0.9875       1369     5.7000  0.000e+00
      0.074     3.0255   0.110715     0.9616       1370     5.7042  0.000e+00
      0.072     3.0274   0.105636     0.9154       1371     5.7083  0.000e+00
      0.065     3.0297   0.103514     0.8961       1372     5.7125  0.000e+00
      0.072     3.0320   0.102571     0.8874       1373     5.7167  0.000e+00
      0.074     3.0340   0.102056     0.8827       1374     5.7208  0.000e+00
      0.074     3.0359   0.103003     0.8913       1375     5.7250  0.000e+00
      0.071     3.0378   0.099315     0.8578       1376     5.7292  0.000e+00
      0.072     3.0395   0.096953     0.8364       1377     5.7333  0.000e+00
      0.076     3.0414   0.099766     0.8618       1378     5.7375  0.000e+00
      0.076     3.0433   0.101188     0.8746       1379     5.7417  0.000e+00
      0.069     3.0451   0.101085     0.8736       1380     5.7458  0.000e+00
      0.076     3.0471   0.096199     0.8294       1381     5.7500  0.000e+00
      0.072     3.0488   0.096822     0.8350       1382     5.7542  0.000e+00
      0.074     3.0500   0.100471     0.8679       1383     5.7583  0.000e+00
      0.071     3.0519   0.098783     0.8526       1384     5.7625  0.000e+00
      0.078     3.0537   0.092713     0.7978       1385     5.7667  0.000e+00
      0.080     3.0552   0.091169     0.7839       1386     5.7708  0.000e+00
      0.083     3.0566   0.093060     0.8009       1387     5.7750  0.000e+00
      0.080     3.0581   0.087644     0.7521       1388     5.7792  0.000e+00
      0.078     3.0594   0.081558     0.6976       1389     5.7833  0.000e+00
      0.078     3.0609   0.082135     0.7027       1390     5.7875  0.000e+00
      0.081     3.0618   0.081126     0.6936       1391     5.7917  0.000e+00
      0.078     3.0634   0.077354     0.6599       1392     5.7958  0.000e+00
      0.077     3.0648   0.076204     0.6497       1393     5.8000  0.000e+00
      0.077     3.0666   0.073779     0.6280       1394     5.8042  0.000e+00
      0.083     3.0678   0.069575     0.5907       1395     5.8083  0.000e+00
      0.077     3.0687   0.067479     0.5721       1396     5.8125  0.000e+00
      0.077     3.0702   0.066705     0.5652       1397     5.8167  0.000e+00
      0.081     3.0717   0.066865     0.5666       1398     5.8208  0.000e+00
      0.079     3.0732   0.067396     0.5713       1399     5.8250  0.000e+00
      0.081     3.0742   0.064251     0.5435       1400     5.8292  0.000e+00
      0.084     3.0756   0.059268     0.4996       1401     5.8333  0.000e+00
      0.080     3.0764   0.056921     0.4790       1402     5.8375  0.000e+00
      0.084     3.0768   0.057204     0.4814       1403     5.8417  0.000e+00
      0.086     3.0779   0.057406     0.4832       1404     5.8458  0.000e+00
      0.084     3.0788   0.057265     0.4819       1405     5.8500  0.000e+00
      0.087     3.0801   0.055482     0.4663       1406     5.8542  0.000e+00
      0.090     3.0813   0.052578     0.4409       1407     5.8583  0.000e+00
      0.088     3.0824   0.050275     0.4207       1408     5.8625  0.000e+00
      0.083     3.0837   0.047922     0.4002       1409     5.8667  0.000e+00
