HB2501/sbe004.cnv
* Sea-Bird SBE 19plus V2 Data File:
* FileName = C:\cruise\data\sbe004.hex
* Software Version Seasave V 7.26.7.121
* Temperature SN = 6128
* Conductivity SN = 6128
* System UpLoad Time = Feb 15 2025 03:52:56
** Ship: Henry Bigelow
** Cruise:  HB2501
** Program:  ECOMON
# nquan = 7
# nvalues = 1474                                  
# units = specified
# name 0 = depSM: Depth [salt water, m], lat = 40.00
# name 1 = tv290C: Temperature [ITS-90, deg C]
# name 2 = c0S/m: Conductivity [S/m]
# name 3 = sal00: Salinity, Practical [PSU]
# name 4 = scan: Scan Count
# name 5 = timeM: Time, Elapsed [minutes]
# name 6 = flag:  0.000e+00
# span 0 =      0.149,     57.812                 
# span 1 =     0.4450,     5.7760                 
# span 2 =   0.017633,   3.227663                 
# span 3 =     0.1522,    33.4247                 
# span 4 =         11,       1484                 
# span 5 =     0.0417,     6.1792                 
# span 6 = 0.0000e+00, 0.0000e+00                 
# interval = seconds: 0.25
# start_time = Feb 15 2025 03:52:56 [System UTC, header]
# bad_flag = -9.990e-29
*END*
[from data line 411]
     36.567     5.7366   3.223825    32.8414        422     1.7542  0.000e+00
     36.734     5.7369   3.223886    32.8416        423     1.7583  0.000e+00
     36.905     5.7373   3.223948    32.8418        424     1.7625  0.000e+00
     37.062     5.7379   3.223972    32.8415        425     1.7667  0.000e+00
     37.213     5.7383   3.223929    32.8406        426     1.7708  0.000e+00
     37.357     5.7383   3.223868    32.8398        427     1.7750  0.000e+00
     37.506     5.7378   3.223813    32.8395        428     1.7792  0.000e+00
     37.650     5.7374   3.223850    32.8403        429     1.7833  0.000e+00
     37.795     5.7371   3.223727    32.8392        430     1.7875  0.000e+00
     37.940     5.7367   3.223868    32.8411        431     1.7917  0.000e+00
     38.087     5.7367   3.223930    32.8417        432     1.7958  0.000e+00
     38.240     5.7369   3.223930    32.8413        433     1.8000  0.000e+00
     38.389     5.7372   3.223911    32.8408        434     1.8042  0.000e+00
     38.546     5.7373   3.223789    32.8392        435     1.8083  0.000e+00
     38.704     5.7371   3.223850    32.8401        436     1.8125  0.000e+00
     38.875     5.7367   3.223912    32.8410        437     1.8167  0.000e+00
     39.039     5.7367   3.223967    32.8416        438     1.8208  0.000e+00
     39.206     5.7371   3.223973    32.8412        439     1.8250  0.000e+00
     39.380     5.7371   3.223949    32.8409        440     1.8292  0.000e+00
     39.546     5.7372   3.224010    32.8414        441     1.8333  0.000e+00
     39.717     5.7372   3.224010    32.8413        442     1.8375  0.000e+00
     39.891     5.7373   3.224035    32.8414        443     1.8417  0.000e+00
     40.055     5.7374   3.224035    32.8412        444     1.8458  0.000e+00
     40.223     5.7375   3.224053    32.8412        445     1.8500  0.000e+00
     40.394     5.7374   3.224010    32.8407        446     1.8542  0.000e+00
     40.572     5.7374   3.224004    32.8406        447     1.8583  0.000e+00
     40.750     5.7372   3.224010    32.8408        448     1.8625  0.000e+00
     40.932     5.7371   3.224010    32.8408        449     1.8667  0.000e+00
     41.102     5.7369   3.224096    32.8418        450     1.8708  0.000e+00
     41.272     5.7369   3.224115    32.8419        451     1.8750  0.000e+00
     41.438     5.7373   3.224219    32.8426        452     1.8792  0.000e+00
     41.603     5.7377   3.224256    32.8426        453     1.8833  0.000e+00
     41.749     5.7383   3.224281    32.8422        454     1.8875  0.000e+00
     41.884     5.7388   3.224256    32.8414        455     1.8917  0.000e+00
     42.015     5.7390   3.224318    32.8418        456     1.8958  0.000e+00
     42.127     5.7394   3.224133    32.8393        457     1.9000  0.000e+00
     42.234     5.7397   3.224465    32.8427        458     1.9042  0.000e+00
     42.334     5.7402   3.224526    32.8429        459     1.9083  0.000e+00
     42.440     5.7406   3.224563    32.8429        460     1.9125  0.000e+00
     42.542     5.7413   3.224502    32.8414        461     1.9167  0.000e+00
     42.658     5.7413   3.224502    32.8413        462     1.9208  0.000e+00
     42.786     5.7414   3.224502    32.8411        463     1.9250  0.000e+00
     42.924     5.7413   3.224422    32.8403        464     1.9292  0.000e+00
     43.081     5.7409   3.224355    32.8398        465     1.9333  0.000e+00
     43.246     5.7403   3.224281    32.8395        466     1.9375  0.000e+00
     43.427     5.7396   3.224318    32.8405        467     1.9417  0.000e+00
     43.622     5.7391   3.224361    32.8414        468     1.9458  0.000e+00
     43.821     5.7389   3.224465    32.8427        469     1.9500  0.000e+00
     44.020     5.7391   3.224545    32.8433        470     1.9542  0.000e+00
     44.224     5.7396   3.224465    32.8418        471     1.9583  0.000e+00
     44.436     5.7397   3.224441    32.8413        472     1.9625  0.000e+00
     44.633     5.7395   3.224423    32.8412        473     1.9667  0.000e+00
     44.834     5.7395   3.224435    32.8413        474     1.9708  0.000e+00
     45.016     5.7395   3.224404    32.8409        475     1.9750  0.000e+00
     45.180     5.7392   3.224380    32.8408        476     1.9792  0.000e+00
     45.332     5.7388   3.224484    32.8422        477     1.9833  0.000e+00
     45.459     5.7392   3.224668    32.8439        478     1.9875  0.000e+00
     45.580     5.7398   3.224711    32.8437        479     1.9917  0.000e+00
     45.696     5.7407   3.224668    32.8423        480     1.9958  0.000e+00
     45.817     5.7412   3.224711    32.8423        481     2.0000  0.000e+00
     45.942     5.7413   3.224748    32.8425        482     2.0042  0.000e+00
     46.072     5.7417   3.224834    32.8430        483     2.0083  0.000e+00
     46.210     5.7421   3.224730    32.8414        484     2.0125  0.000e+00
     46.352     5.7420   3.224626    32.8402        485     2.0167  0.000e+00
     46.496     5.7414   3.224546    32.8398        486     2.0208  0.000e+00
     46.650     5.7408   3.224528    32.8401        487     2.0250  0.000e+00
     46.810     5.7401   3.224564    32.8411        488     2.0292  0.000e+00
     46.969     5.7398   3.224626    32.8421        489     2.0333  0.000e+00
     47.136     5.7400   3.224669    32.8423        490     2.0375  0.000e+00
     47.299     5.7401   3.224669    32.8421        491     2.0417  0.000e+00
     47.472     5.7405   3.224608    32.8410        492     2.0458  0.000e+00
     47.643     5.7402   3.224632    32.8414        493     2.0500  0.000e+00
     47.813     5.7403   3.224669    32.8416        494     2.0542  0.000e+00
     47.983     5.7402   3.224589    32.8407        495     2.0583  0.000e+00
     48.140     5.7399   3.224589    32.8410        496     2.0625  0.000e+00
     48.305     5.7396   3.224651    32.8419        497     2.0667  0.000e+00
     48.459     5.7397   3.224651    32.8417        498     2.0708  0.000e+00
     48.614     5.7396   3.224688    32.8421        499     2.0750  0.000e+00
     48.769     5.7398   3.224669    32.8417        500     2.0792  0.000e+00
     48.920     5.7399   3.224608    32.8408        501     2.0833  0.000e+00
     49.066     5.7398   3.224614    32.8409        502     2.0875  0.000e+00
     49.209     5.7395   3.224627    32.8412        503     2.0917  0.000e+00
     49.354     5.7395   3.224688    32.8418        504     2.0958  0.000e+00
     49.491     5.7397   3.224688    32.8416        505     2.1000  0.000e+00
     49.627     5.7398   3.224774    32.8424        506     2.1042  0.000e+00
     49.761     5.7400   3.224713    32.8414        507     2.1083  0.000e+00
     49.897     5.7401   3.224670    32.8408        508     2.1125  0.000e+00
     50.033     5.7398   3.224529    32.8394        509     2.1167  0.000e+00
     50.175     5.7392   3.224486    32.8395        510     2.1208  0.000e+00
     50.318     5.7385   3.224474    32.8400        511     2.1250  0.000e+00
     50.467     5.7380   3.224443    32.8400        512     2.1292  0.000e+00
     50.624     5.7376   3.224382    32.8396        513     2.1333  0.000e+00
     50.778     5.7372   3.224486    32.8411        514     2.1375  0.000e+00
     50.939     5.7369   3.224504    32.8415        515     2.1417  0.000e+00
     51.098     5.7369   3.224529    32.8417        516     2.1458  0.000e+00
     51.265     5.7372   3.224566    32.8418        517     2.1500  0.000e+00
     51.437     5.7373   3.224548    32.8414        518     2.1542  0.000e+00
     51.611     5.7375   3.224548    32.8410        519     2.1583  0.000e+00
     51.785     5.7375   3.224615    32.8417        520     2.1625  0.000e+00
     51.952     5.7377   3.224627    32.8417        521     2.1667  0.000e+00
     52.119     5.7379   3.224627    32.8414        522     2.1708  0.000e+00
     52.273     5.7380   3.224609    32.8409        523     2.1750  0.000e+00
     52.435     5.7378   3.224628    32.8413        524     2.1792  0.000e+00
     52.574     5.7380   3.224628    32.8410        525     2.1833  0.000e+00
     52.721     5.7380   3.224671    32.8415        526     2.1875  0.000e+00
     52.856     5.7379   3.224714    32.8419        527     2.1917  0.000e+00
     52.989     5.7383   3.224714    32.8415        528     2.1958  0.000e+00
     53.123     5.7385   3.224671    32.8407        529     2.2000  0.000e+00
     53.258     5.7385   3.224671    32.8407        530     2.2042  0.000e+00
     53.388     5.7383   3.224628    32.8403        531     2.2083  0.000e+00
     53.527     5.7381   3.224628    32.8405        532     2.2125  0.000e+00
     53.669     5.7377   3.224567    32.8401        533     2.2167  0.000e+00
     53.809     5.7373   3.224567    32.8404        534     2.2208  0.000e+00
     53.961     5.7371   3.224591    32.8408        535     2.2250  0.000e+00
     54.111     5.7370   3.224653    32.8415        536     2.2292  0.000e+00
     54.268     5.7369   3.224628    32.8413        537     2.2333  0.000e+00
     54.420     5.7370   3.224690    32.8418        538     2.2375  0.000e+00
     54.581     5.7372   3.224714    32.8418        539     2.2417  0.000e+00
     54.739     5.7375   3.224714    32.8414        540     2.2458  0.000e+00
     54.900     5.7377   3.224751    32.8416        541     2.2500  0.000e+00
     55.054     5.7377   3.224733    32.8413        542     2.2542  0.000e+00
     55.210     5.7377   3.224751    32.8414        543     2.2583  0.000e+00
     55.359     5.7378   3.224813    32.8420        544     2.2625  0.000e+00
     55.499     5.7380   3.224776    32.8413        545     2.2667  0.000e+00
     55.630     5.7379   3.224733    32.8408        546     2.2708  0.000e+00
     55.763     5.7379   3.224850    32.8421        547     2.2750  0.000e+00
     55.882     5.7381   3.224874    32.8421        548     2.2792  0.000e+00
     56.003     5.7385   3.224856    32.8414        549     2.2833  0.000e+00
     56.130     5.7386   3.224813    32.8408        550     2.2875  0.000e+00
     56.251     5.7385   3.224813    32.8408        551     2.2917  0.000e+00
     56.390     5.7384   3.224837    32.8411        552     2.2958  0.000e+00
     56.535     5.7385   3.224776    32.8403        553     2.3000  0.000e+00
     56.687     5.7380   3.224752    32.8403        554     2.3042  0.000e+00
     56.857     5.7377   3.224752    32.8406        555     2.3083  0.000e+00
     57.023     5.7374   3.224813    32.8415        556     2.3125  0.000e+00
     57.210     5.7376   3.224868    32.8418        557     2.3167  0.000e+00
     57.390     5.7377   3.224936    32.8424        558     2.3208  0.000e+00
     57.594     5.7379   3.224936    32.8421        559     2.3250  0.000e+00
     57.723     5.7383   3.224918    32.8415        560     2.3292  0.000e+00
     57.812     5.7385   3.225022    32.8424        561     2.3333  0.000e+00
     57.805     5.7387   3.225182    32.8440        562     2.3375  0.000e+00
     57.769     5.7396   3.225267    32.8441        563     2.3417  0.000e+00
     57.733     5.7407   3.225286    32.8432        564     2.3458  0.000e+00
     57.701     5.7413   3.225304    32.8429        565     2.3500  0.000e+00
     57.663     5.7420   3.225255    32.8417        566     2.3542  0.000e+00
     57.583     5.7423   3.225267    32.8416        567     2.3583  0.000e+00
     57.497     5.7420   3.225224    32.8414        568     2.3625  0.000e+00
     57.416     5.7420   3.225206    32.8413        569     2.3667  0.000e+00
     57.346     5.7419   3.225181    32.8411        570     2.3708  0.000e+00
     57.286     5.7418   3.225181    32.8412        571     2.3750  0.000e+00
     57.235     5.7417   3.225163    32.8412        572     2.3792  0.000e+00
     57.203     5.7418   3.225206    32.8415        573     2.3833  0.000e+00
     57.176     5.7417   3.225181    32.8414        574     2.3875  0.000e+00
     57.153     5.7416   3.225181    32.8415        575     2.3917  0.000e+00
     57.135     5.7415   3.225181    32.8416        576     2.3958  0.000e+00
     57.117     5.7416   3.225144    32.8411        577     2.4000  0.000e+00
     57.100     5.7415   3.225120    32.8409        578     2.4042  0.000e+00
     57.076     5.7414   3.225144    32.8413        579     2.4083  0.000e+00
     57.050     5.7414   3.225163    32.8415        580     2.4125  0.000e+00
     57.012     5.7413   3.225144    32.8415        581     2.4167  0.000e+00
     56.972     5.7414   3.225163    32.8416        582     2.4208  0.000e+00
     56.917     5.7415   3.225120    32.8410        583     2.4250  0.000e+00
     56.857     5.7414   3.225120    32.8412        584     2.4292  0.000e+00
     56.786     5.7412   3.225163    32.8418        585     2.4333  0.000e+00
     56.702     5.7414   3.225243    32.8426        586     2.4375  0.000e+00
     56.606     5.7419   3.225243    32.8421        587     2.4417  0.000e+00
     56.497     5.7420   3.225267    32.8423        588     2.4458  0.000e+00
     56.381     5.7423   3.225242    32.8419        589     2.4500  0.000e+00
     56.252     5.7425   3.225304    32.8424        590     2.4542  0.000e+00
     56.135     5.7428   3.225242    32.8415        591     2.4583  0.000e+00
     56.017     5.7428   3.225236    32.8415        592     2.4625  0.000e+00
     55.903     5.7430   3.225512    32.8445        593     2.4667  0.000e+00
     55.803     5.7436   3.225574    32.8447        594     2.4708  0.000e+00
     55.702     5.7445   3.225592    32.8440        595     2.4750  0.000e+00
     55.621     5.7452   3.225488    32.8422        596     2.4792  0.000e+00
     55.539     5.7452   3.225488    32.8422        597     2.4833  0.000e+00
     55.467     5.7450   3.225408    32.8416        598     2.4875  0.000e+00
     55.401     5.7448   3.225389    32.8416        599     2.4917  0.000e+00
     55.338     5.7446   3.225389    32.8418        600     2.4958  0.000e+00
     55.278     5.7445   3.225353    32.8416        601     2.5000  0.000e+00
     55.217     5.7442   3.225328    32.8416        602     2.5042  0.000e+00
     55.152     5.7442   3.225389    32.8423        603     2.5083  0.000e+00
     55.083     5.7441   3.225469    32.8434        604     2.5125  0.000e+00
     55.005     5.7445   3.225469    32.8430        605     2.5167  0.000e+00
     54.920     5.7446   3.225426    32.8424        606     2.5208  0.000e+00
     54.832     5.7447   3.225266    32.8406        607     2.5250  0.000e+00
     54.725     5.7445   3.225223    32.8404        608     2.5292  0.000e+00
     54.606     5.7438   3.225266    32.8416        609     2.5333  0.000e+00
     54.482     5.7435   3.225254    32.8418        610     2.5375  0.000e+00
     54.340     5.7435   3.225266    32.8420        611     2.5417  0.000e+00
     54.183     5.7436   3.225285    32.8422        612     2.5458  0.000e+00
     54.026     5.7437   3.225285    32.8422        613     2.5500  0.000e+00
     53.856     5.7439   3.225407    32.8434        614     2.5542  0.000e+00
     53.699     5.7441   3.225266    32.8418        615     2.5583  0.000e+00
     53.546     5.7442   3.225180    32.8408        616     2.5625  0.000e+00
     53.413     5.7437   3.225119    32.8406        617     2.5667  0.000e+00
     53.300     5.7434   3.225119    32.8409        618     2.5708  0.000e+00
     53.204     5.7431   3.225156    32.8417        619     2.5750  0.000e+00
     53.121     5.7431   3.225284    32.8432        620     2.5792  0.000e+00
     53.052     5.7435   3.225389    32.8441        621     2.5833  0.000e+00
     52.987     5.7442   3.225487    32.8444        622     2.5875  0.000e+00
     52.925     5.7451   3.225573    32.8446        623     2.5917  0.000e+00
     52.857     5.7459   3.225775    32.8461        624     2.5958  0.000e+00
     52.777     5.7471   3.225591    32.8429        625     2.6000  0.000e+00
