HB2501/sbe005.cnv
* Sea-Bird SBE 19plus V2 Data File:
* FileName = C:\cruise\data\sbe005.hex
* Software Version Seasave V 7.26.7.121
* Temperature SN = 6128
* Conductivity SN = 6128
* System UpLoad Time = Feb 15 2025 05:30:28
** Ship: Henry Bigelow
** Cruise:  HB2501
** Program:  ECOMON
# nquan = 7
# nvalues = 1527                                  
# units = specified
# name 0 = depSM: Depth [salt water, m], lat = 40.00
# name 1 = tv290C: Temperature [ITS-90, deg C]
# name 2 = c0S/m: Conductivity [S/m]
# name 3 = sal00: Salinity, Practical [PSU]
# name 4 = scan: Scan Count
# name 5 = timeM: Time, Elapsed [minutes]
# name 6 = flag:  0.000e+00
# span 0 =      0.146,     55.686                 
# span 1 =     0.1643,     4.8648                 
# span 2 =   0.008579,   3.140197                 
# span 3 =     0.0723,    33.0706                 
# span 4 =         11,       1537                 
# span 5 =     0.0417,     6.4000                 
# span 6 = 0.0000e+00, 0.0000e+00                 
# interval = seconds: 0.25
# start_time = Feb 15 2025 05:30:28 [System UTC, header]
# bad_flag = -9.990e-29
*END*
      0.496     0.2490   0.008801     0.0741         11     0.0417  0.000e+00
      0.494     0.2481   0.008804     0.0741         12     0.0458  0.000e+00
      0.492     0.2473   0.008789     0.0740         13     0.0500  0.000e+00
      0.487     0.2464   0.008795     0.0741         14     0.0542  0.000e+00
      0.485     0.2455   0.008789     0.0740         15     0.0583  0.000e+00
      0.482     0.2446   0.008780     0.0739         16     0.0625  0.000e+00
      0.483     0.2439   0.008774     0.0739         17     0.0667  0.000e+00
      0.480     0.2428   0.008768     0.0738         18     0.0708  0.000e+00
      0.478     0.2417   0.008762     0.0738         19     0.0750  0.000e+00
      0.475     0.2408   0.008762     0.0738         20     0.0792  0.000e+00
      0.471     0.2400   0.008762     0.0738         21     0.0833  0.000e+00
      0.471     0.2388   0.008756     0.0737         22     0.0875  0.000e+00
      0.468     0.2378   0.008747     0.0737         23     0.0917  0.000e+00
      0.471     0.2370   0.008750     0.0737         24     0.0958  0.000e+00
      0.464     0.2359   0.008744     0.0736         25     0.1000  0.000e+00
      0.470     0.2348   0.008744     0.0736         26     0.1042  0.000e+00
      0.466     0.2337   0.008732     0.0735         27     0.1083  0.000e+00
      0.471     0.2326   0.008744     0.0736         28     0.1125  0.000e+00
      0.466     0.2315   0.008747     0.0737         29     0.1167  0.000e+00
      0.466     0.2305   0.008750     0.0737         30     0.1208  0.000e+00
      0.461     0.2296   0.008738     0.0736         31     0.1250  0.000e+00
      0.464     0.2285   0.008738     0.0736         32     0.1292  0.000e+00
      0.461     0.2276   0.008738     0.0736         33     0.1333  0.000e+00
      0.461     0.2264   0.008732     0.0736         34     0.1375  0.000e+00
      0.459     0.2255   0.008732     0.0736         35     0.1417  0.000e+00
      0.456     0.2243   0.008732     0.0736         36     0.1458  0.000e+00
      0.459     0.2232   0.008729     0.0735         37     0.1500  0.000e+00
      0.456     0.2218   0.008726     0.0735         38     0.1542  0.000e+00
      0.455     0.2210   0.008717     0.0734         39     0.1583  0.000e+00
      0.458     0.2199   0.008708     0.0733         40     0.1625  0.000e+00
      0.455     0.2187   0.008705     0.0733         41     0.1667  0.000e+00
      0.449     0.2177   0.008705     0.0733         42     0.1708  0.000e+00
      0.448     0.2165   0.008708     0.0734         43     0.1750  0.000e+00
      0.449     0.2152   0.008705     0.0733         44     0.1792  0.000e+00
      0.449     0.2141   0.008693     0.0732         45     0.1833  0.000e+00
      0.447     0.2132   0.008696     0.0733         46     0.1875  0.000e+00
      0.445     0.2118   0.008687     0.0732         47     0.1917  0.000e+00
      0.449     0.2106   0.008687     0.0732         48     0.1958  0.000e+00
      0.447     0.2095   0.008678     0.0731         49     0.2000  0.000e+00
      0.451     0.2084   0.008669     0.0730         50     0.2042  0.000e+00
      0.451     0.2072   0.008669     0.0730         51     0.2083  0.000e+00
      0.451     0.2062   0.008678     0.0731         52     0.2125  0.000e+00
      0.451     0.2050   0.008681     0.0731         53     0.2167  0.000e+00
      0.451     0.2038   0.008675     0.0731         54     0.2208  0.000e+00
      0.449     0.2025   0.008672     0.0731         55     0.2250  0.000e+00
      0.454     0.2012   0.008675     0.0731         56     0.2292  0.000e+00
      0.442     0.2001   0.008666     0.0730         57     0.2333  0.000e+00
      0.448     0.1989   0.008663     0.0730         58     0.2375  0.000e+00
      0.448     0.1976   0.008669     0.0730         59     0.2417  0.000e+00
      0.448     0.1965   0.008663     0.0730         60     0.2458  0.000e+00
      0.446     0.1949   0.008669     0.0730         61     0.2500  0.000e+00
      0.445     0.1938   0.008654     0.0729         62     0.2542  0.000e+00
      0.444     0.1925   0.008657     0.0729         63     0.2583  0.000e+00
      0.438     0.1908   0.008648     0.0729         64     0.2625  0.000e+00
      0.439     0.1896   0.008648     0.0729         65     0.2667  0.000e+00
      0.436     0.1882   0.008630     0.0727         66     0.2708  0.000e+00
      0.441     0.1871   0.008642     0.0728         67     0.2750  0.000e+00
      0.431     0.1858   0.008642     0.0728         68     0.2792  0.000e+00
      0.433     0.1846   0.008636     0.0728         69     0.2833  0.000e+00
      0.438     0.1829   0.008630     0.0727         70     0.2875  0.000e+00
      0.442     0.1817   0.008630     0.0727         71     0.2917  0.000e+00
      0.440     0.1802   0.008630     0.0727         72     0.2958  0.000e+00
      0.438     0.1788   0.008624     0.0727         73     0.3000  0.000e+00
      0.439     0.1776   0.008621     0.0727         74     0.3042  0.000e+00
      0.440     0.1763   0.008612     0.0726         75     0.3083  0.000e+00
      0.441     0.1750   0.008612     0.0726         76     0.3125  0.000e+00
      0.439     0.1734   0.008630     0.0727         77     0.3167  0.000e+00
      0.443     0.1725   0.008642     0.0729         78     0.3208  0.000e+00
      0.437     0.1713   0.008636     0.0728         79     0.3250  0.000e+00
      0.438     0.1697   0.008627     0.0727         80     0.3292  0.000e+00
      0.439     0.1676   0.008636     0.0728         81     0.3333  0.000e+00
      0.438     0.1659   0.008636     0.0728         82     0.3375  0.000e+00
      0.437     0.1644   0.008612     0.0726         83     0.3417  0.000e+00
      0.475     0.1643   0.008579     0.0723         84     0.3458  0.000e+00
      0.718     0.1692   0.008600     0.0725         85     0.3500  0.000e+00
      0.973     0.1778   0.275130     2.7484         86     0.3542  0.000e+00
      1.204     0.1955   1.777112    20.3159         87     0.3583  0.000e+00
      1.409     0.4061   1.448287    16.1586         88     0.3625  0.000e+00
      1.586     0.8287   1.379691    15.1225         89     0.3667  0.000e+00
      1.760     1.2841   1.804059    19.9364         90     0.3708  0.000e+00
      1.935     1.5824   1.003838    10.4695         91     0.3750  0.000e+00
      2.114     1.7730   2.044681    22.4972         92     0.3792  0.000e+00
      2.307     1.9195   2.670208    29.9987         93     0.3833  0.000e+00
      2.491     2.0368   2.816613    31.6974         94     0.3875  0.000e+00
      2.631     2.1306   2.905124    32.7010         95     0.3917  0.000e+00
      2.736     2.2564   2.900171    32.5104         96     0.3958  0.000e+00
      2.815     2.4427   2.942613    32.8431         97     0.4000  0.000e+00
      2.881     2.6935   2.976106    32.9962         98     0.4042  0.000e+00
      2.921     3.0234   3.010035    33.0706         99     0.4083  0.000e+00
      2.939     3.3573   3.000893    32.6204        100     0.4125  0.000e+00
      2.953     3.6183   2.492610    26.3783        101     0.4167  0.000e+00
      2.989     3.7826   2.413184    25.3296        102     0.4208  0.000e+00
      3.074     3.8612   2.522067    26.5224        103     0.4250  0.000e+00
      3.212     3.7693   2.941878    31.5103        104     0.4292  0.000e+00
      3.380     3.6268   2.943835    31.6716        105     0.4333  0.000e+00
      3.569     3.4647   2.943830    31.8299        106     0.4375  0.000e+00
      3.769     3.2856   2.943405    32.0011        107     0.4417  0.000e+00
      3.975     3.1330   2.934867    32.0496        108     0.4458  0.000e+00
      4.180     3.0280   2.939320    32.2080        109     0.4500  0.000e+00
      4.364     2.9568   2.943563    32.3307        110     0.4542  0.000e+00
      4.527     2.9342   2.945762    32.3800        111     0.4583  0.000e+00
      4.684     3.0492   2.950706    32.3242        112     0.4625  0.000e+00
      4.838     3.2431   2.964691    32.2987        113     0.4667  0.000e+00
      4.999     3.4318   2.988421    32.3949        114     0.4708  0.000e+00
      5.142     3.6368   3.022931    32.6022        115     0.4750  0.000e+00
      5.274     3.8530   3.047863    32.6820        116     0.4792  0.000e+00
      5.376     4.0420   3.061522    32.6547        117     0.4833  0.000e+00
      5.448     4.1944   3.066797    32.5652        118     0.4875  0.000e+00
      5.517     4.3105   3.065033    32.4298        119     0.4917  0.000e+00
      5.591     4.3937   3.060316    32.2928        120     0.4958  0.000e+00
      5.665     4.4462   3.048987    32.1094        121     0.5000  0.000e+00
      5.743     4.4641   3.029282    31.8627        122     0.5042  0.000e+00
      5.837     4.4593   3.016921    31.7237        123     0.5083  0.000e+00
      5.947     4.4569   2.996258    31.4859        124     0.5125  0.000e+00
      6.074     4.4607   2.994499    31.4617        125     0.5167  0.000e+00
      6.227     4.4727   2.994147    31.4461        126     0.5208  0.000e+00
      6.397     4.4765   2.991642    31.4134        127     0.5250  0.000e+00
      6.585     4.4310   2.992740    31.4694        128     0.5292  0.000e+00
      6.775     4.3863   3.012019    31.7364        129     0.5333  0.000e+00
      6.962     4.3822   3.037819    32.0409        130     0.5375  0.000e+00
      7.145     4.4092   3.058283    32.2531        131     0.5417  0.000e+00
      7.313     4.4492   3.071455    32.3674        132     0.5458  0.000e+00
      7.471     4.4900   3.080108    32.4280        133     0.5500  0.000e+00
      7.625     4.5299   3.085958    32.4569        134     0.5542  0.000e+00
      7.762     4.5665   3.089916    32.4669        135     0.5583  0.000e+00
      7.891     4.5971   3.092277    32.4642        136     0.5625  0.000e+00
      8.004     4.6212   3.092941    32.4481        137     0.5667  0.000e+00
      8.089     4.6402   3.092898    32.4291        138     0.5708  0.000e+00
      8.171     4.6552   3.091866    32.4024        139     0.5750  0.000e+00
      8.257     4.6667   3.088877    32.3563        140     0.5792  0.000e+00
      8.351     4.6724   3.085082    32.3068        141     0.5833  0.000e+00
      8.455     4.6714   3.079208    32.2397        142     0.5875  0.000e+00
      8.569     4.6634   3.067660    32.1137        143     0.5917  0.000e+00
      8.693     4.6491   3.052620    31.9533        144     0.5958  0.000e+00
      8.826     4.6360   3.037877    31.7954        145     0.6000  0.000e+00
      8.968     4.6303   3.027964    31.6861        146     0.6042  0.000e+00
      9.125     4.6305   3.025970    31.6627        147     0.6083  0.000e+00
      9.286     4.6328   3.024251    31.6406        148     0.6125  0.000e+00
      9.453     4.6343   3.025395    31.6523        149     0.6167  0.000e+00
      9.616     4.6317   3.047845    31.9144        150     0.6208  0.000e+00
      9.781     4.6301   3.068727    32.1577        151     0.6250  0.000e+00
      9.940     4.6362   3.083159    32.3191        152     0.6292  0.000e+00
     10.090     4.6454   3.089210    32.3802        153     0.6333  0.000e+00
     10.229     4.6493   3.091830    32.4066        154     0.6375  0.000e+00
     10.367     4.6539   3.093014    32.4158        155     0.6417  0.000e+00
     10.492     4.6618   3.094403    32.4241        156     0.6458  0.000e+00
     10.611     4.6706   3.095085    32.4233        157     0.6500  0.000e+00
     10.716     4.6780   3.094650    32.4109        158     0.6542  0.000e+00
     10.823     4.6827   3.093327    32.3910        159     0.6583  0.000e+00
     10.928     4.6862   3.091377    32.3649        160     0.6625  0.000e+00
     11.040     4.6895   3.089077    32.3350        161     0.6667  0.000e+00
     11.157     4.6911   3.086307    32.3013        162     0.6708  0.000e+00
     11.280     4.6898   3.082145    32.2543        163     0.6750  0.000e+00
     11.414     4.6851   3.071882    32.1401        164     0.6792  0.000e+00
     11.549     4.6746   3.053119    31.9331        165     0.6833  0.000e+00
     11.694     4.6612   3.043253    31.8318        166     0.6875  0.000e+00
     11.841     4.6558   3.036858    31.7630        167     0.6917  0.000e+00
     11.996     4.6274   3.033022    31.7458        168     0.6958  0.000e+00
     12.168     4.5819   3.036667    31.8317        169     0.7000  0.000e+00
     12.334     4.5542   3.046646    31.9740        170     0.7042  0.000e+00
     12.506     4.5474   3.061675    32.1550        171     0.7083  0.000e+00
     12.672     4.5497   3.074890    32.3061        172     0.7125  0.000e+00
     12.833     4.5704   3.085434    32.4083        173     0.7167  0.000e+00
     12.989     4.5969   3.093172    32.4722        174     0.7208  0.000e+00
     13.130     4.6197   3.097334    32.4980        175     0.7250  0.000e+00
     13.269     4.6380   3.099273    32.5025        176     0.7292  0.000e+00
     13.387     4.6527   3.100385    32.5009        177     0.7333  0.000e+00
     13.499     4.6656   3.101382    32.4997        178     0.7375  0.000e+00
     13.601     4.6768   3.102089    32.4969        179     0.7417  0.000e+00
     13.697     4.6853   3.101539    32.4822        180     0.7458  0.000e+00
     13.805     4.6922   3.100101    32.4586        181     0.7500  0.000e+00
     13.899     4.6974   3.096475    32.4115        182     0.7542  0.000e+00
     14.008     4.6991   3.080494    32.2248        183     0.7583  0.000e+00
     14.131     4.6921   3.059149    31.9846        184     0.7625  0.000e+00
     14.263     4.6860   3.051071    31.8971        185     0.7667  0.000e+00
     14.411     4.6707   3.038886    31.7708        186     0.7708  0.000e+00
     14.565     4.6293   3.032105    31.7321        187     0.7750  0.000e+00
     14.726     4.5780   3.027960    31.7332        188     0.7792  0.000e+00
     14.900     4.4912   3.026500    31.7997        189     0.7833  0.000e+00
     15.073     4.4122   3.031910    31.9388        190     0.7875  0.000e+00
     15.254     4.3671   3.044349    32.1276        191     0.7917  0.000e+00
     15.428     4.3535   3.061486    32.3409        192     0.7958  0.000e+00
     15.596     4.3718   3.075181    32.4827        193     0.8000  0.000e+00
     15.755     4.4231   3.086402    32.5630        194     0.8042  0.000e+00
     15.904     4.4806   3.094074    32.5957        195     0.8083  0.000e+00
     16.034     4.5305   3.098429    32.5971        196     0.8125  0.000e+00
     16.144     4.5743   3.101444    32.5890        197     0.8167  0.000e+00
     16.250     4.6106   3.103131    32.5727        198     0.8208  0.000e+00
     16.346     4.6379   3.103058    32.5449        199     0.8250  0.000e+00
     16.439     4.6563   3.101583    32.5097        200     0.8292  0.000e+00
     16.534     4.6670   3.096984    32.4458        201     0.8333  0.000e+00
     16.638     4.6693   3.078789    32.2327        202     0.8375  0.000e+00
     16.750     4.6648   3.063354    32.0583        203     0.8417  0.000e+00
     16.860     4.6661   3.057899    31.9940        204     0.8458  0.000e+00
     16.981     4.6647   3.045805    31.8553        205     0.8500  0.000e+00
     17.113     4.6327   3.038869    31.8058        206     0.8542  0.000e+00
     17.250     4.5477   3.035542    31.8490        207     0.8583  0.000e+00
     17.396     4.4180   3.034878    31.9665        208     0.8625  0.000e+00
     17.548     4.2912   3.035784    32.1003        209     0.8667  0.000e+00
     17.705     4.1873   3.037284    32.2195        210     0.8708  0.000e+00
     17.861     4.1052   3.042534    32.3618        211     0.8750  0.000e+00
     18.026     4.0482   3.052112    32.5309        212     0.8792  0.000e+00
     18.177     4.0095   3.058056    32.6395        213     0.8833  0.000e+00
     18.324     4.0041   3.058098    32.6453        214     0.8875  0.000e+00
     18.467     4.0615   3.059487    32.6044        215     0.8917  0.000e+00
