HB2501/sbe024.cnv
* Sea-Bird SBE 19plus V2 Data File:
* FileName = C:\cruise\data\sbe024.hex
* Software Version Seasave V 7.26.7.121
* Temperature SN = 6128
* Conductivity SN = 6128
* System UpLoad Time = Feb 16 2025 10:32:47
** Ship: Henry Bigelow
** Cruise:  HB2501
** Program:  ECOMON
# nquan = 7
# nvalues = 1293                                  
# units = specified
# name 0 = depSM: Depth [salt water, m], lat = 40.00
# name 1 = tv290C: Temperature [ITS-90, deg C]
# name 2 = c0S/m: Conductivity [S/m]
# name 3 = sal00: Salinity, Practical [PSU]
# name 4 = scan: Scan Count
# name 5 = timeM: Time, Elapsed [minutes]
# name 6 = flag:  0.000e+00
# span 0 =     -0.039,     30.231                 
# span 1 =     3.4410,     3.5162                 
# span 2 =   0.007466,   3.007462                 
# span 3 =     0.0575,    32.5434                 
# span 4 =         11,       1303                 
# span 5 =     0.0417,     5.4250                 
# span 6 = 0.0000e+00, 0.0000e+00                 
# interval = seconds: 0.25
# start_time = Feb 16 2025 10:32:47 [System UTC, header]
# bad_flag = -9.990e-29
*END*
[from data line 206]
      7.143     3.4619   3.000159    32.5043        217     0.9000  0.000e+00
      7.071     3.4616   3.000207    32.5052        218     0.9042  0.000e+00
      7.014     3.4614   3.000279    32.5063        219     0.9083  0.000e+00
      6.986     3.4615   3.000296    32.5064        220     0.9125  0.000e+00
      6.996     3.4615   3.000338    32.5069        221     0.9167  0.000e+00
      7.054     3.4616   3.000320    32.5065        222     0.9208  0.000e+00
      7.150     3.4617   3.000356    32.5068        223     0.9250  0.000e+00
      7.268     3.4617   3.000398    32.5073        224     0.9292  0.000e+00
      7.417     3.4619   3.000392    32.5070        225     0.9333  0.000e+00
      7.585     3.4621   3.000380    32.5065        226     0.9375  0.000e+00
      7.773     3.4622   3.000356    32.5060        227     0.9417  0.000e+00
      7.963     3.4622   3.000338    32.5057        228     0.9458  0.000e+00
      8.154     3.4624   3.000392    32.5061        229     0.9500  0.000e+00
      8.337     3.4626   3.000518    32.5073        230     0.9542  0.000e+00
      8.504     3.4629   3.000565    32.5074        231     0.9583  0.000e+00
      8.661     3.4632   3.000619    32.5077        232     0.9625  0.000e+00
      8.806     3.4636   3.000679    32.5080        233     0.9667  0.000e+00
      8.927     3.4637   3.000697    32.5080        234     0.9708  0.000e+00
      9.019     3.4640   3.000679    32.5074        235     0.9750  0.000e+00
      9.080     3.4642   3.000584    32.5060        236     0.9792  0.000e+00
      9.136     3.4642   3.000595    32.5062        237     0.9833  0.000e+00
      9.172     3.4644   3.000584    32.5058        238     0.9875  0.000e+00
      9.188     3.4644   3.000619    32.5062        239     0.9917  0.000e+00
      9.182     3.4644   3.000715    32.5074        240     0.9958  0.000e+00
      9.151     3.4647   3.000876    32.5090        241     1.0000  0.000e+00
      9.124     3.4652   3.001037    32.5104        242     1.0042  0.000e+00
      9.082     3.4660   3.001097    32.5104        243     1.0083  0.000e+00
      9.064     3.4671   3.001186    32.5103        244     1.0125  0.000e+00
      9.059     3.4679   3.001222    32.5100        245     1.0167  0.000e+00
      9.078     3.4686   3.001294    32.5101        246     1.0208  0.000e+00
      9.128     3.4691   3.001186    32.5083        247     1.0250  0.000e+00
      9.220     3.4694   3.000995    32.5056        248     1.0292  0.000e+00
      9.349     3.4696   3.000924    32.5046        249     1.0333  0.000e+00
      9.515     3.4694   3.000918    32.5046        250     1.0375  0.000e+00
      9.702     3.4690   3.000942    32.5052        251     1.0417  0.000e+00
      9.899     3.4686   3.001013    32.5064        252     1.0458  0.000e+00
     10.111     3.4683   3.001091    32.5075        253     1.0500  0.000e+00
     10.343     3.4683   3.001157    32.5082        254     1.0542  0.000e+00
     10.566     3.4684   3.001336    32.5101        255     1.0583  0.000e+00
     10.767     3.4687   3.001467    32.5112        256     1.0625  0.000e+00
     10.929     3.4693   3.001491    32.5108        257     1.0667  0.000e+00
     11.105     3.4696   3.001396    32.5093        258     1.0708  0.000e+00
     11.294     3.4699   3.001414    32.5091        259     1.0750  0.000e+00
     11.447     3.4700   3.001414    32.5090        260     1.0792  0.000e+00
     11.519     3.4702   3.001492    32.5096        261     1.0833  0.000e+00
     11.533     3.4703   3.001641    32.5113        262     1.0875  0.000e+00
     11.479     3.4708   3.001730    32.5119        263     1.0917  0.000e+00
     11.408     3.4717   3.001921    32.5133        264     1.0958  0.000e+00
     11.332     3.4726   3.002011    32.5135        265     1.1000  0.000e+00
     11.250     3.4732   3.001808    32.5105        266     1.1042  0.000e+00
     11.160     3.4731   3.001772    32.5102        267     1.1083  0.000e+00
     11.097     3.4726   3.001694    32.5099        268     1.1125  0.000e+00
     11.083     3.4721   3.001659    32.5100        269     1.1167  0.000e+00
     11.121     3.4719   3.001653    32.5101        270     1.1208  0.000e+00
     11.221     3.4719   3.001754    32.5112        271     1.1250  0.000e+00
     11.362     3.4717   3.001754    32.5114        272     1.1292  0.000e+00
     11.538     3.4716   3.001754    32.5113        273     1.1333  0.000e+00
     11.731     3.4716   3.001712    32.5107        274     1.1375  0.000e+00
     11.949     3.4717   3.001677    32.5101        275     1.1417  0.000e+00
     12.177     3.4716   3.001432    32.5072        276     1.1458  0.000e+00
     12.399     3.4718   3.002113    32.5150        277     1.1500  0.000e+00
     12.611     3.4727   3.002149    32.5144        278     1.1542  0.000e+00
     12.802     3.4735   3.001713    32.5083        279     1.1583  0.000e+00
     13.007     3.4742   3.002226    32.5136        280     1.1625  0.000e+00
     13.195     3.4745   3.002268    32.5137        281     1.1667  0.000e+00
     13.351     3.4750   3.002298    32.5135        282     1.1708  0.000e+00
     13.454     3.4751   3.002310    32.5135        283     1.1750  0.000e+00
     13.489     3.4754   3.002340    32.5135        284     1.1792  0.000e+00
     13.501     3.4754   3.002232    32.5122        285     1.1833  0.000e+00
     13.511     3.4753   3.002131    32.5111        286     1.1875  0.000e+00
     13.484     3.4743   3.001414    32.5035        287     1.1917  0.000e+00
     13.437     3.4719   3.001253    32.5040        288     1.1958  0.000e+00
     13.381     3.4693   3.001546    32.5101        289     1.2000  0.000e+00
     13.346     3.4684   3.001713    32.5131        290     1.2042  0.000e+00
     13.334     3.4685   3.001713    32.5130        291     1.2083  0.000e+00
     13.347     3.4691   3.001791    32.5133        292     1.2125  0.000e+00
     13.397     3.4695   3.001641    32.5111        293     1.2167  0.000e+00
     13.492     3.4694   3.001594    32.5106        294     1.2208  0.000e+00
     13.608     3.4689   3.001564    32.5107        295     1.2250  0.000e+00
     13.767     3.4686   3.001934    32.5153        296     1.2292  0.000e+00
     13.949     3.4693   3.001940    32.5145        297     1.2333  0.000e+00
     14.134     3.4702   3.001695    32.5106        298     1.2375  0.000e+00
     14.337     3.4699   3.001671    32.5106        299     1.2417  0.000e+00
     14.541     3.4695   3.001713    32.5113        300     1.2458  0.000e+00
     14.765     3.4692   3.001731    32.5117        301     1.2500  0.000e+00
     14.982     3.4692   3.001678    32.5110        302     1.2542  0.000e+00
     15.202     3.4690   3.001612    32.5103        303     1.2583  0.000e+00
     15.414     3.4685   3.001564    32.5101        304     1.2625  0.000e+00
     15.612     3.4681   3.001594    32.5108        305     1.2667  0.000e+00
     15.786     3.4679   3.001642    32.5114        306     1.2708  0.000e+00
     15.920     3.4677   3.001905    32.5147        307     1.2750  0.000e+00
     16.016     3.4685   3.002209    32.5175        308     1.2792  0.000e+00
     16.094     3.4700   3.002096    32.5147        309     1.2833  0.000e+00
     16.169     3.4709   3.002311    32.5162        310     1.2875  0.000e+00
     16.245     3.4720   3.001905    32.5103        311     1.2917  0.000e+00
     16.308     3.4718   3.001953    32.5110        312     1.2958  0.000e+00
     16.363     3.4711   3.001887    32.5108        313     1.3000  0.000e+00
     16.419     3.4706   3.001911    32.5116        314     1.3042  0.000e+00
     16.477     3.4704   3.001905    32.5117        315     1.3083  0.000e+00
     16.544     3.4703   3.001833    32.5109        316     1.3125  0.000e+00
     16.611     3.4702   3.001774    32.5103        317     1.3167  0.000e+00
     16.695     3.4699   3.001851    32.5115        318     1.3208  0.000e+00
     16.767     3.4698   3.001815    32.5111        319     1.3250  0.000e+00
     16.839     3.4698   3.001738    32.5102        320     1.3292  0.000e+00
     16.920     3.4698   3.001971    32.5129        321     1.3333  0.000e+00
     17.002     3.4701   3.001959    32.5124        322     1.3375  0.000e+00
     17.083     3.4704   3.001851    32.5108        323     1.3417  0.000e+00
     17.172     3.4701   3.001792    32.5103        324     1.3458  0.000e+00
     17.276     3.4696   3.001774    32.5105        325     1.3500  0.000e+00
     17.384     3.4691   3.001810    32.5114        326     1.3542  0.000e+00
     17.509     3.4689   3.001953    32.5133        327     1.3583  0.000e+00
     17.640     3.4693   3.002096    32.5145        328     1.3625  0.000e+00
     17.786     3.4699   3.001887    32.5113        329     1.3667  0.000e+00
     17.945     3.4700   3.001834    32.5105        330     1.3708  0.000e+00
     18.110     3.4694   3.001923    32.5120        331     1.3750  0.000e+00
     18.291     3.4694   3.002055    32.5135        332     1.3792  0.000e+00
     18.472     3.4700   3.002096    32.5134        333     1.3833  0.000e+00
     18.652     3.4703   3.002132    32.5134        334     1.3875  0.000e+00
     18.830     3.4708   3.002186    32.5135        335     1.3917  0.000e+00
     19.004     3.4713   3.002234    32.5134        336     1.3958  0.000e+00
     19.165     3.4717   3.002264    32.5133        337     1.4000  0.000e+00
     19.313     3.4719   3.002300    32.5134        338     1.4042  0.000e+00
     19.447     3.4723   3.002312    32.5131        339     1.4083  0.000e+00
     19.574     3.4725   3.002359    32.5134        340     1.4125  0.000e+00
     19.668     3.4729   3.002371    32.5131        341     1.4167  0.000e+00
     19.760     3.4729   3.002377    32.5131        342     1.4208  0.000e+00
     19.834     3.4730   3.002354    32.5127        343     1.4250  0.000e+00
     19.902     3.4730   3.002300    32.5120        344     1.4292  0.000e+00
     19.969     3.4730   3.002252    32.5114        345     1.4333  0.000e+00
     20.036     3.4726   3.002228    32.5115        346     1.4375  0.000e+00
     20.114     3.4722   3.002234    32.5119        347     1.4417  0.000e+00
     20.188     3.4719   3.002210    32.5119        348     1.4458  0.000e+00
     20.266     3.4718   3.002169    32.5115        349     1.4500  0.000e+00
     20.345     3.4717   3.002210    32.5121        350     1.4542  0.000e+00
     20.436     3.4715   3.002264    32.5129        351     1.4583  0.000e+00
     20.530     3.4717   3.002294    32.5130        352     1.4625  0.000e+00
     20.635     3.4718   3.002282    32.5126        353     1.4667  0.000e+00
     20.749     3.4718   3.002294    32.5127        354     1.4708  0.000e+00
     20.876     3.4718   3.002300    32.5127        355     1.4750  0.000e+00
     20.997     3.4718   3.002330    32.5131        356     1.4792  0.000e+00
     21.112     3.4719   3.002300    32.5125        357     1.4833  0.000e+00
     21.230     3.4719   3.002312    32.5126        358     1.4875  0.000e+00
     21.346     3.4718   3.002396    32.5136        359     1.4917  0.000e+00
     21.469     3.4723   3.002438    32.5135        360     1.4958  0.000e+00
     21.601     3.4725   3.002456    32.5135        361     1.5000  0.000e+00
     21.736     3.4729   3.002396    32.5123        362     1.5042  0.000e+00
     21.878     3.4728   3.002354    32.5118        363     1.5083  0.000e+00
     22.025     3.4725   3.002396    32.5126        364     1.5125  0.000e+00
     22.177     3.4724   3.002133    32.5094        365     1.5167  0.000e+00
     22.323     3.4716   3.001960    32.5081        366     1.5208  0.000e+00
     22.468     3.4703   3.001913    32.5088        367     1.5250  0.000e+00
     22.611     3.4693   3.001907    32.5096        368     1.5292  0.000e+00
     22.750     3.4685   3.001925    32.5106        369     1.5333  0.000e+00
     22.895     3.4681   3.002331    32.5157        370     1.5375  0.000e+00
     23.043     3.4692   3.004116    32.5359        371     1.5417  0.000e+00
     23.191     3.4754   3.005263    32.5434        372     1.5458  0.000e+00
     23.338     3.4841   3.005758    32.5405        373     1.5500  0.000e+00
     23.470     3.4917   3.006320    32.5395        374     1.5542  0.000e+00
     23.592     3.4984   3.006535    32.5353        375     1.5583  0.000e+00
     23.703     3.5033   3.006601    32.5311        376     1.5625  0.000e+00
     23.802     3.5067   3.006744    32.5294        377     1.5667  0.000e+00
     23.891     3.5088   3.006893    32.5290        378     1.5708  0.000e+00
     23.963     3.5106   3.006839    32.5265        379     1.5750  0.000e+00
     24.025     3.5117   3.006816    32.5251        380     1.5792  0.000e+00
     24.080     3.5121   3.006780    32.5242        381     1.5833  0.000e+00
     24.117     3.5122   3.006702    32.5232        382     1.5875  0.000e+00
     24.146     3.5120   3.006678    32.5231        383     1.5917  0.000e+00
     24.162     3.5118   3.006666    32.5232        384     1.5958  0.000e+00
     24.185     3.5115   3.006642    32.5231        385     1.6000  0.000e+00
     24.205     3.5112   3.006475    32.5215        386     1.6042  0.000e+00
     24.237     3.5104   3.005531    32.5110        387     1.6083  0.000e+00
     24.293     3.5072   3.004827    32.5056        388     1.6125  0.000e+00
     24.381     3.5024   3.004642    32.5082        389     1.6167  0.000e+00
     24.493     3.4985   3.005800    32.5259        390     1.6208  0.000e+00
     24.635     3.4991   3.005854    32.5260        391     1.6250  0.000e+00
     24.807     3.5006   3.005884    32.5247        392     1.6292  0.000e+00
     25.012     3.5017   3.005872    32.5233        393     1.6333  0.000e+00
     25.242     3.5026   3.006081    32.5248        394     1.6375  0.000e+00
     25.501     3.5035   3.006195    32.5251        395     1.6417  0.000e+00
     25.783     3.5045   3.006308    32.5254        396     1.6458  0.000e+00
     26.048     3.5055   3.006440    32.5258        397     1.6500  0.000e+00
     26.290     3.5064   3.006571    32.5263        398     1.6542  0.000e+00
     26.492     3.5075   3.006643    32.5259        399     1.6583  0.000e+00
     26.654     3.5084   3.006798    32.5268        400     1.6625  0.000e+00
     26.841     3.5095   3.006822    32.5259        401     1.6667  0.000e+00
     27.013     3.5103   3.006948    32.5265        402     1.6708  0.000e+00
     27.112     3.5111   3.007175    32.5284        403     1.6750  0.000e+00
     27.150     3.5123   3.007217    32.5276        404     1.6792  0.000e+00
     27.134     3.5134   3.007288    32.5274        405     1.6833  0.000e+00
     27.097     3.5144   3.007241    32.5258        406     1.6875  0.000e+00
     27.057     3.5150   3.007217    32.5250        407     1.6917  0.000e+00
     27.003     3.5151   3.007199    32.5247        408     1.6958  0.000e+00
     26.913     3.5151   3.007175    32.5244        409     1.7000  0.000e+00
     26.801     3.5149   3.007199    32.5250        410     1.7042  0.000e+00
     26.719     3.5150   3.007175    32.5247        411     1.7083  0.000e+00
     26.643     3.5150   3.007199    32.5250        412     1.7125  0.000e+00
     26.605     3.5151   3.007181    32.5247        413     1.7167  0.000e+00
     26.605     3.5151   3.007199    32.5249        414     1.7208  0.000e+00
     26.646     3.5151   3.007181    32.5247        415     1.7250  0.000e+00
     26.745     3.5150   3.007157    32.5245        416     1.7292  0.000e+00
     26.904     3.5150   3.007157    32.5244        417     1.7333  0.000e+00
     27.107     3.5148   3.007157    32.5245        418     1.7375  0.000e+00
     27.343     3.5147   3.007157    32.5245        419     1.7417  0.000e+00
     27.603     3.5147   3.007217    32.5250        420     1.7458  0.000e+00
