HB2501/sbe018.cnv
* Sea-Bird SBE 19plus V2 Data File:
* FileName = C:\cruise\data\sbe018.hex
* Software Version Seasave V 7.26.7.121
* Temperature SN = 6128
* Conductivity SN = 6128
* System UpLoad Time = Feb 16 2025 02:50:06
** Ship: Henry Bigelow
** Cruise:  HB2501
** Program:  ECOMON
# nquan = 7
# nvalues = 1381                                  
# units = specified
# name 0 = depSM: Depth [salt water, m], lat = 40.00
# name 1 = tv290C: Temperature [ITS-90, deg C]
# name 2 = c0S/m: Conductivity [S/m]
# name 3 = sal00: Salinity, Practical [PSU]
# name 4 = scan: Scan Count
# name 5 = timeM: Time, Elapsed [minutes]
# name 6 = flag:  0.000e+00
# span 0 =      0.096,     24.285                 
# span 1 =    -0.3441,     2.2276                 
# span 2 =   0.002112,   2.884795                 
# span 3 =     0.0153,    33.3192                 
# span 4 =         11,       1391                 
# span 5 =     0.0417,     5.7917                 
# span 6 = 0.0000e+00, 0.0000e+00                 
# interval = seconds: 0.25
# start_time = Feb 16 2025 02:50:06 [System UTC, header]
# bad_flag = -9.990e-29
*END*
[from data line 821]
      8.691     2.2236   2.883292    32.3316        832     3.4625  0.000e+00
      8.664     2.2236   2.883380    32.3328        833     3.4667  0.000e+00
      8.635     2.2238   2.882815    32.3256        834     3.4708  0.000e+00
      8.612     2.2228   2.882909    32.3278        835     3.4750  0.000e+00
      8.591     2.2214   2.882680    32.3264        836     3.4792  0.000e+00
      8.573     2.2201   2.882439    32.3247        837     3.4833  0.000e+00
      8.556     2.2185   2.882604    32.3284        838     3.4875  0.000e+00
      8.545     2.2177   2.882415    32.3269        839     3.4917  0.000e+00
      8.527     2.2172   2.882662    32.3304        840     3.4958  0.000e+00
      8.504     2.2173   2.883003    32.3346        841     3.5000  0.000e+00
      8.490     2.2187   2.883233    32.3360        842     3.5042  0.000e+00
      8.478     2.2205   2.883268    32.3347        843     3.5083  0.000e+00
      8.456     2.2218   2.883386    32.3348        844     3.5125  0.000e+00
      8.431     2.2229   2.883556    32.3358        845     3.5167  0.000e+00
      8.399     2.2240   2.883468    32.3336        846     3.5208  0.000e+00
      8.362     2.2244   2.883327    32.3314        847     3.5250  0.000e+00
      8.319     2.2242   2.883327    32.3317        848     3.5292  0.000e+00
      8.273     2.2238   2.883003    32.3281        849     3.5333  0.000e+00
      8.224     2.2226   2.883091    32.3304        850     3.5375  0.000e+00
      8.170     2.2218   2.882815    32.3279        851     3.5417  0.000e+00
      8.123     2.2208   2.882756    32.3282        852     3.5458  0.000e+00
      8.070     2.2196   2.882662    32.3282        853     3.5500  0.000e+00
      8.029     2.2188   2.882821    32.3311        854     3.5542  0.000e+00
      7.986     2.2185   2.882680    32.3296        855     3.5583  0.000e+00
      7.951     2.2184   2.882680    32.3298        856     3.5625  0.000e+00
      7.910     2.2181   2.882739    32.3308        857     3.5667  0.000e+00
      7.870     2.2180   2.882621    32.3295        858     3.5708  0.000e+00
      7.830     2.2178   2.882527    32.3285        859     3.5750  0.000e+00
      7.796     2.2174   2.882927    32.3339        860     3.5792  0.000e+00
      7.756     2.2179   2.883021    32.3346        861     3.5833  0.000e+00
      7.723     2.2192   2.882803    32.3306        862     3.5875  0.000e+00
      7.684     2.2193   2.882356    32.3250        863     3.5917  0.000e+00
      7.653     2.2180   2.882315    32.3259        864     3.5958  0.000e+00
      7.621     2.2167   2.882639    32.3312        865     3.6000  0.000e+00
      7.585     2.2166   2.882603    32.3309        866     3.6042  0.000e+00
      7.556     2.2169   2.882433    32.3285        867     3.6083  0.000e+00
      7.516     2.2165   2.882791    32.3333        868     3.6125  0.000e+00
      7.485     2.2173   2.882756    32.3321        869     3.6167  0.000e+00
      7.449     2.2179   2.882621    32.3298        870     3.6208  0.000e+00
      7.396     2.2178   2.882550    32.3291        871     3.6250  0.000e+00
      7.363     2.2174   2.882603    32.3301        872     3.6292  0.000e+00
      7.316     2.2173   2.882697    32.3315        873     3.6333  0.000e+00
      7.269     2.2176   2.882774    32.3321        874     3.6375  0.000e+00
      7.225     2.2179   2.882674    32.3306        875     3.6417  0.000e+00
      7.186     2.2180   2.882662    32.3304        876     3.6458  0.000e+00
      7.156     2.2179   2.882639    32.3302        877     3.6500  0.000e+00
      7.129     2.2178   2.882738    32.3316        878     3.6542  0.000e+00
      7.104     2.2179   2.882656    32.3305        879     3.6583  0.000e+00
      7.089     2.2180   2.883232    32.3375        880     3.6625  0.000e+00
      7.075     2.2190   2.882450    32.3268        881     3.6667  0.000e+00
      7.057     2.2188   2.882415    32.3266        882     3.6708  0.000e+00
      7.035     2.2177   2.882403    32.3276        883     3.6750  0.000e+00
      7.008     2.2170   2.882415    32.3285        884     3.6792  0.000e+00
      6.981     2.2167   2.882621    32.3313        885     3.6833  0.000e+00
      6.946     2.2170   2.882568    32.3304        886     3.6875  0.000e+00
      6.899     2.2172   2.882497    32.3293        887     3.6917  0.000e+00
      6.848     2.2171   2.882680    32.3317        888     3.6958  0.000e+00
      6.790     2.2173   2.882697    32.3318        889     3.7000  0.000e+00
      6.724     2.2176   2.882697    32.3315        890     3.7042  0.000e+00
      6.658     2.2180   2.882691    32.3310        891     3.7083  0.000e+00
      6.601     2.2181   2.882715    32.3313        892     3.7125  0.000e+00
      6.547     2.2183   2.882756    32.3316        893     3.7167  0.000e+00
      6.496     2.2187   2.883309    32.3380        894     3.7208  0.000e+00
      6.462     2.2202   2.883450    32.3383        895     3.7250  0.000e+00
      6.424     2.2220   2.883479    32.3369        896     3.7292  0.000e+00
      6.395     2.2231   2.883232    32.3327        897     3.7333  0.000e+00
      6.375     2.2231   2.883173    32.3320        898     3.7375  0.000e+00
      6.356     2.2227   2.883062    32.3310        899     3.7417  0.000e+00
      6.344     2.2223   2.883091    32.3318        900     3.7458  0.000e+00
      6.330     2.2220   2.883114    32.3324        901     3.7500  0.000e+00
      6.321     2.2219   2.882773    32.3282        902     3.7542  0.000e+00
      6.309     2.2210   2.882315    32.3235        903     3.7583  0.000e+00
      6.289     2.2190   2.882603    32.3291        904     3.7625  0.000e+00
      6.268     2.2185   2.882773    32.3317        905     3.7667  0.000e+00
      6.236     2.2187   2.882756    32.3314        906     3.7708  0.000e+00
      6.206     2.2188   2.882356    32.3263        907     3.7750  0.000e+00
      6.168     2.2183   2.882280    32.3259        908     3.7792  0.000e+00
      6.128     2.2170   2.882262    32.3270        909     3.7833  0.000e+00
      6.081     2.2162   2.882221    32.3274        910     3.7875  0.000e+00
      6.040     2.2156   2.882186    32.3276        911     3.7917  0.000e+00
      5.994     2.2150   2.882244    32.3290        912     3.7958  0.000e+00
      5.953     2.2147   2.882033    32.3266        913     3.8000  0.000e+00
      5.908     2.2140   2.881880    32.3255        914     3.8042  0.000e+00
      5.873     2.2133   2.881821    32.3255        915     3.8083  0.000e+00
      5.832     2.2124   2.881627    32.3241        916     3.8125  0.000e+00
      5.796     2.2112   2.881539    32.3241        917     3.8167  0.000e+00
      5.749     2.2099   2.881480    32.3248        918     3.8208  0.000e+00
      5.706     2.2091   2.881515    32.3260        919     3.8250  0.000e+00
      5.664     2.2087   2.881504    32.3264        920     3.8292  0.000e+00
      5.626     2.2084   2.881556    32.3273        921     3.8333  0.000e+00
      5.589     2.2086   2.881615    32.3279        922     3.8375  0.000e+00
      5.553     2.2087   2.881327    32.3242        923     3.8417  0.000e+00
      5.530     2.2082   2.881633    32.3285        924     3.8458  0.000e+00
      5.512     2.2083   2.881645    32.3285        925     3.8500  0.000e+00
      5.491     2.2088   2.881615    32.3277        926     3.8542  0.000e+00
      5.473     2.2090   2.881692    32.3284        927     3.8583  0.000e+00
      5.457     2.2095   2.881668    32.3277        928     3.8625  0.000e+00
      5.446     2.2097   2.881686    32.3277        929     3.8667  0.000e+00
      5.430     2.2099   2.881539    32.3257        930     3.8708  0.000e+00
      5.418     2.2094   2.881192    32.3219        931     3.8750  0.000e+00
      5.393     2.2080   2.881310    32.3248        932     3.8792  0.000e+00
      5.385     2.2071   2.881268    32.3252        933     3.8833  0.000e+00
      5.369     2.2068   2.881421    32.3274        934     3.8875  0.000e+00
      5.357     2.2070   2.881539    32.3286        935     3.8917  0.000e+00
      5.349     2.2073   2.881368    32.3262        936     3.8958  0.000e+00
      5.342     2.2074   2.881398    32.3265        937     3.9000  0.000e+00
      5.336     2.2074   2.881462    32.3273        938     3.9042  0.000e+00
      5.316     2.2075   2.881515    32.3279        939     3.9083  0.000e+00
      5.292     2.2078   2.881539    32.3279        940     3.9125  0.000e+00
      5.267     2.2081   2.881574    32.3280        941     3.9167  0.000e+00
      5.234     2.2085   2.881880    32.3315        942     3.9208  0.000e+00
      5.205     2.2094   2.881915    32.3310        943     3.9250  0.000e+00
      5.176     2.2103   2.881956    32.3306        944     3.9292  0.000e+00
      5.129     2.2112   2.881974    32.3299        945     3.9333  0.000e+00
      5.082     2.2119   2.881956    32.3290        946     3.9375  0.000e+00
      5.028     2.2122   2.881880    32.3278        947     3.9417  0.000e+00
      4.964     2.2120   2.882068    32.3304        948     3.9458  0.000e+00
      4.901     2.2123   2.882032    32.3297        949     3.9500  0.000e+00
      4.830     2.2128   2.882332    32.3329        950     3.9542  0.000e+00
      4.778     2.2137   2.882356    32.3323        951     3.9583  0.000e+00
      4.742     2.2146   2.882126    32.3286        952     3.9625  0.000e+00
      4.718     2.2144   2.882126    32.3288        953     3.9667  0.000e+00
      4.704     2.2141   2.882009    32.3276        954     3.9708  0.000e+00
      4.690     2.2140   2.882144    32.3295        955     3.9750  0.000e+00
      4.675     2.2140   2.882091    32.3288        956     3.9792  0.000e+00
      4.675     2.2140   2.882126    32.3292        957     3.9833  0.000e+00
      4.685     2.2140   2.882097    32.3288        958     3.9875  0.000e+00
      4.694     2.2141   2.882144    32.3293        959     3.9917  0.000e+00
      4.712     2.2144   2.882391    32.3320        960     3.9958  0.000e+00
      4.720     2.2149   2.882414    32.3319        961     4.0000  0.000e+00
      4.729     2.2152   2.882420    32.3316        962     4.0042  0.000e+00
      4.737     2.2155   2.882414    32.3312        963     4.0083  0.000e+00
      4.741     2.2159   2.882391    32.3306        964     4.0125  0.000e+00
      4.718     2.2160   2.882356    32.3300        965     4.0167  0.000e+00
      4.676     2.2162   2.882279    32.3289        966     4.0208  0.000e+00
      4.627     2.2160   2.882144    32.3274        967     4.0250  0.000e+00
      4.566     2.2156   2.882109    32.3274        968     4.0292  0.000e+00
      4.507     2.2149   2.882050    32.3275        969     4.0333  0.000e+00
      4.467     2.2143   2.882032    32.3279        970     4.0375  0.000e+00
      4.432     2.2138   2.881973    32.3276        971     4.0417  0.000e+00
      4.405     2.2134   2.881991    32.3283        972     4.0458  0.000e+00
      4.382     2.2133   2.882050    32.3292        973     4.0500  0.000e+00
      4.355     2.2131   2.882091    32.3299        974     4.0542  0.000e+00
      4.338     2.2132   2.882044    32.3292        975     4.0583  0.000e+00
      4.322     2.2133   2.882091    32.3297        976     4.0625  0.000e+00
      4.306     2.2135   2.882067    32.3292        977     4.0667  0.000e+00
      4.290     2.2138   2.881879    32.3266        978     4.0708  0.000e+00
      4.279     2.2131   2.881844    32.3269        979     4.0750  0.000e+00
      4.270     2.2124   2.882091    32.3307        980     4.0792  0.000e+00
      4.259     2.2126   2.882032    32.3297        981     4.0833  0.000e+00
      4.235     2.2129   2.882067    32.3299        982     4.0875  0.000e+00
      4.208     2.2130   2.882044    32.3294        983     4.0917  0.000e+00
      4.190     2.2132   2.882032    32.3291        984     4.0958  0.000e+00
      4.174     2.2134   2.882279    32.3320        985     4.1000  0.000e+00
      4.138     2.2139   2.882238    32.3310        986     4.1042  0.000e+00
      4.106     2.2143   2.882026    32.3280        987     4.1083  0.000e+00
      4.073     2.2140   2.881991    32.3279        988     4.1125  0.000e+00
      4.048     2.2136   2.881973    32.3281        989     4.1167  0.000e+00
      4.021     2.2133   2.881744    32.3255        990     4.1208  0.000e+00
      3.998     2.2126   2.881650    32.3251        991     4.1250  0.000e+00
      3.961     2.2112   2.881668    32.3267        992     4.1292  0.000e+00
      3.926     2.2104   2.881709    32.3281        993     4.1333  0.000e+00
      3.909     2.2102   2.881709    32.3283        994     4.1375  0.000e+00
      3.900     2.2102   2.881650    32.3276        995     4.1417  0.000e+00
      3.888     2.2101   2.881685    32.3281        996     4.1458  0.000e+00
      3.886     2.2101   2.881726    32.3287        997     4.1500  0.000e+00
      3.887     2.2099   2.881726    32.3288        998     4.1542  0.000e+00
      3.890     2.2100   2.881744    32.3289        999     4.1583  0.000e+00
      3.896     2.2102   2.881773    32.3291       1000     4.1625  0.000e+00
      3.899     2.2105   2.881820    32.3294       1001     4.1667  0.000e+00
      3.913     2.2108   2.881744    32.3282       1002     4.1708  0.000e+00
      3.916     2.2108   2.881803    32.3289       1003     4.1750  0.000e+00
      3.907     2.2109   2.881879    32.3298       1004     4.1792  0.000e+00
      3.900     2.2111   2.882050    32.3316       1005     4.1833  0.000e+00
      3.880     2.2119   2.882167    32.3323       1006     4.1875  0.000e+00
      3.853     2.2128   2.882314    32.3332       1007     4.1917  0.000e+00
      3.829     2.2138   2.882261    32.3315       1008     4.1958  0.000e+00
      3.800     2.2146   2.882297    32.3312       1009     4.2000  0.000e+00
      3.762     2.2150   2.882261    32.3304       1010     4.2042  0.000e+00
      3.722     2.2153   2.882279    32.3303       1011     4.2083  0.000e+00
      3.684     2.2156   2.882549    32.3334       1012     4.2125  0.000e+00
      3.640     2.2163   2.882449    32.3315       1013     4.2167  0.000e+00
      3.605     2.2168   2.882373    32.3299       1014     4.2208  0.000e+00
      3.575     2.2170   2.882432    32.3305       1015     4.2250  0.000e+00
      3.557     2.2170   2.882491    32.3313       1016     4.2292  0.000e+00
      3.548     2.2172   2.882496    32.3311       1017     4.2333  0.000e+00
      3.533     2.2175   2.882449    32.3303       1018     4.2375  0.000e+00
      3.532     2.2177   2.882432    32.3299       1019     4.2417  0.000e+00
      3.530     2.2175   2.882491    32.3308       1020     4.2458  0.000e+00
      3.537     2.2174   2.882479    32.3307       1021     4.2500  0.000e+00
      3.546     2.2176   2.882526    32.3311       1022     4.2542  0.000e+00
      3.564     2.2177   2.882414    32.3296       1023     4.2583  0.000e+00
      3.576     2.2175   2.882526    32.3312       1024     4.2625  0.000e+00
      3.586     2.2173   2.882620    32.3325       1025     4.2667  0.000e+00
      3.591     2.2177   2.882679    32.3329       1026     4.2708  0.000e+00
      3.592     2.2181   2.882714    32.3329       1027     4.2750  0.000e+00
      3.581     2.2184   2.882696    32.3324       1028     4.2792  0.000e+00
      3.565     2.2186   2.882167    32.3257       1029     4.2833  0.000e+00
      3.549     2.2173   2.882032    32.3253       1030     4.2875  0.000e+00
      3.534     2.2159   2.882108    32.3277       1031     4.2917  0.000e+00
      3.525     2.2151   2.882126    32.3288       1032     4.2958  0.000e+00
      3.515     2.2147   2.882061    32.3284       1033     4.3000  0.000e+00
      3.511     2.2143   2.882032    32.3284       1034     4.3042  0.000e+00
      3.512     2.2139   2.882014    32.3286       1035     4.3083  0.000e+00
