HB2501/sbe003.cnv
* Sea-Bird SBE 19plus V2 Data File:
* FileName = C:\cruise\data\sbe003.hex
* Software Version Seasave V 7.26.7.121
* Temperature SN = 6128
* Conductivity SN = 6128
* System UpLoad Time = Feb 15 2025 02:16:49
** Ship: Henry Bigelow
** Cruise:  HB2501
** Program:  ECOMON
# nquan = 7
# nvalues = 1671                                  
# units = specified
# name 0 = depSM: Depth [salt water, m], lat = 40.00
# name 1 = tv290C: Temperature [ITS-90, deg C]
# name 2 = c0S/m: Conductivity [S/m]
# name 3 = sal00: Salinity, Practical [PSU]
# name 4 = scan: Scan Count
# name 5 = timeM: Time, Elapsed [minutes]
# name 6 = flag:  0.000e+00
# span 0 =      0.158,     68.138                 
# span 1 =    -0.0195,     6.1432                 
# span 2 =   0.010687,   3.277131                 
# span 3 =     0.0917,    34.1071                 
# span 4 =         11,       1681                 
# span 5 =     0.0417,     7.0000                 
# span 6 = 0.0000e+00, 0.0000e+00                 
# interval = seconds: 0.25
# start_time = Feb 15 2025 02:16:49 [System UTC, header]
# bad_flag = -9.990e-29
*END*
[from data line 206]
     10.913     5.8682   3.160784    32.0183        217     0.9000  0.000e+00
     11.055     5.7374   3.158928    32.1217        218     0.9042  0.000e+00
     11.192     5.6208   3.157590    32.2179        219     0.9083  0.000e+00
     11.337     5.5289   3.159448    32.3271        220     0.9125  0.000e+00
     11.479     5.4799   3.169427    32.4874        221     0.9167  0.000e+00
     11.617     5.4675   3.180687    32.6272        222     0.9208  0.000e+00
     11.745     5.4815   3.188137    32.6982        223     0.9250  0.000e+00
     11.876     5.5362   3.192439    32.6937        224     0.9292  0.000e+00
     11.993     5.6121   3.196290    32.6635        225     0.9333  0.000e+00
     12.091     5.6860   3.202089    32.6573        226     0.9375  0.000e+00
     12.172     5.7490   3.204738    32.6261        227     0.9417  0.000e+00
     12.250     5.7951   3.194344    32.4645        228     0.9458  0.000e+00
     12.326     5.8159   3.171149    32.1836        229     0.9500  0.000e+00
     12.420     5.8249   3.161028    32.0614        230     0.9542  0.000e+00
     12.531     5.8005   3.155678    32.0244        231     0.9583  0.000e+00
     12.655     5.6530   3.157669    32.1872        232     0.9625  0.000e+00
     12.795     5.4853   3.160672    32.3822        233     0.9667  0.000e+00
     12.948     5.3477   3.163853    32.5516        234     0.9708  0.000e+00
     13.100     5.2384   3.164396    32.6643        235     0.9750  0.000e+00
     13.252     5.1587   3.162899    32.7250        236     0.9792  0.000e+00
     13.395     5.1081   3.163557    32.7822        237     0.9833  0.000e+00
     13.536     5.0827   3.170334    32.8850        238     0.9875  0.000e+00
     13.672     5.0743   3.175017    32.9470        239     0.9917  0.000e+00
     13.791     5.1077   3.175401    32.9183        240     0.9958  0.000e+00
     13.903     5.2119   3.184341    32.9180        241     1.0000  0.000e+00
     13.995     5.3319   3.198844    32.9655        242     1.0042  0.000e+00
     14.072     5.4482   3.205238    32.9240        243     1.0083  0.000e+00
     14.146     5.5528   3.207925    32.8520        244     1.0125  0.000e+00
     14.218     5.6428   3.208475    32.7704        245     1.0167  0.000e+00
     14.288     5.7018   3.206478    32.6904        246     1.0208  0.000e+00
     14.373     5.7286   3.192908    32.5114        247     1.0250  0.000e+00
     14.469     5.7352   3.178110    32.3381        248     1.0292  0.000e+00
     14.583     5.7510   3.169644    32.2276        249     1.0333  0.000e+00
     14.715     5.7356   3.162692    32.1640        250     1.0375  0.000e+00
     14.864     5.6384   3.160209    32.2288        251     1.0417  0.000e+00
     15.019     5.4999   3.159370    32.3523        252     1.0458  0.000e+00
     15.183     5.3688   3.158635    32.4706        253     1.0500  0.000e+00
     15.358     5.2668   3.159933    32.5844        254     1.0542  0.000e+00
     15.526     5.2021   3.166140    32.7185        255     1.0583  0.000e+00
     15.695     5.1715   3.173388    32.8315        256     1.0625  0.000e+00
     15.850     5.1584   3.179202    32.9109        257     1.0667  0.000e+00
     16.000     5.1982   3.182590    32.9103        258     1.0708  0.000e+00
     16.146     5.2899   3.187450    32.8757        259     1.0750  0.000e+00
     16.275     5.4086   3.198134    32.8810        260     1.0792  0.000e+00
     16.386     5.5264   3.211325    32.9153        261     1.0833  0.000e+00
     16.483     5.6240   3.217257    32.8870        262     1.0875  0.000e+00
     16.574     5.7002   3.217483    32.8152        263     1.0917  0.000e+00
     16.664     5.7582   3.216483    32.7474        264     1.0958  0.000e+00
     16.758     5.8012   3.214626    32.6847        265     1.1000  0.000e+00
     16.851     5.8341   3.207923    32.5774        266     1.1042  0.000e+00
     16.956     5.8521   3.192847    32.3906        267     1.1083  0.000e+00
     17.072     5.8466   3.181796    32.2717        268     1.1125  0.000e+00
     17.195     5.8443   3.168023    32.1192        269     1.1167  0.000e+00
     17.323     5.8090   3.161389    32.0782        270     1.1208  0.000e+00
     17.461     5.7053   3.159533    32.1560        271     1.1250  0.000e+00
     17.604     5.5531   3.158774    32.2931        272     1.1292  0.000e+00
     17.750     5.4140   3.158471    32.4236        273     1.1333  0.000e+00
     17.904     5.3016   3.158776    32.5361        274     1.1375  0.000e+00
     18.058     5.2201   3.161334    32.6447        275     1.1417  0.000e+00
     18.202     5.1699   3.166263    32.7501        276     1.1458  0.000e+00
     18.346     5.1468   3.172066    32.8393        277     1.1500  0.000e+00
     18.489     5.1303   3.178801    32.9326        278     1.1542  0.000e+00
     18.626     5.1405   3.182872    32.9693        279     1.1583  0.000e+00
     18.753     5.2237   3.183958    32.8995        280     1.1625  0.000e+00
     18.883     5.3428   3.184281    32.7862        281     1.1667  0.000e+00
     19.004     5.4442   3.182002    32.6612        282     1.1708  0.000e+00
     19.124     5.5077   3.175697    32.5279        283     1.1750  0.000e+00
     19.246     5.5260   3.168423    32.4276        284     1.1792  0.000e+00
     19.363     5.5436   3.165821    32.3811        285     1.1833  0.000e+00
     19.494     5.5688   3.161551    32.3085        286     1.1875  0.000e+00
     19.626     5.5190   3.159292    32.3307        287     1.1917  0.000e+00
     19.761     5.4096   3.158295    32.4249        288     1.1958  0.000e+00
     19.903     5.2983   3.157937    32.5287        289     1.2000  0.000e+00
     20.040     5.2037   3.157956    32.6210        290     1.2042  0.000e+00
     20.182     5.1259   3.161756    32.7406        291     1.2083  0.000e+00
     20.324     5.0737   3.240595    33.6989        292     1.2125  0.000e+00
     20.460     5.2434   3.269669    33.8616        293     1.2167  0.000e+00
     20.599     5.5661   3.271646    33.5594        294     1.2208  0.000e+00
     20.731     5.8004   3.272329    33.3343        295     1.2250  0.000e+00
     20.861     5.9421   3.272636    33.1981        296     1.2292  0.000e+00
     20.999     6.0239   3.272826    33.1201        297     1.2333  0.000e+00
     21.129     6.0703   3.273073    33.0774        298     1.2375  0.000e+00
     21.259     6.0970   3.273245    33.0533        299     1.2417  0.000e+00
     21.392     6.1122   3.273424    33.0404        300     1.2458  0.000e+00
     21.522     6.1213   3.273554    33.0329        301     1.2500  0.000e+00
     21.661     6.1269   3.273616    33.0281        302     1.2542  0.000e+00
     21.799     6.1301   3.273597    33.0247        303     1.2583  0.000e+00
     21.944     6.1321   3.273659    33.0233        304     1.2625  0.000e+00
     22.099     6.1330   3.273721    33.0231        305     1.2667  0.000e+00
     22.255     6.1335   3.273844    33.0239        306     1.2708  0.000e+00
     22.413     6.1340   3.273900    33.0240        307     1.2750  0.000e+00
     22.576     6.1346   3.274011    33.0245        308     1.2792  0.000e+00
     22.734     6.1351   3.274134    33.0254        309     1.2833  0.000e+00
     22.892     6.1359   3.274196    33.0252        310     1.2875  0.000e+00
     23.040     6.1364   3.274221    33.0249        311     1.2917  0.000e+00
     23.190     6.1368   3.274270    33.0250        312     1.2958  0.000e+00
     23.333     6.1371   3.274301    33.0250        313     1.3000  0.000e+00
     23.463     6.1372   3.274196    33.0237        314     1.3042  0.000e+00
     23.593     6.1369   3.274196    33.0239        315     1.3083  0.000e+00
     23.720     6.1367   3.274295    33.0251        316     1.3125  0.000e+00
     23.856     6.1367   3.274301    33.0251        317     1.3167  0.000e+00
     23.987     6.1366   3.274283    33.0250        318     1.3208  0.000e+00
     24.130     6.1363   3.274073    33.0228        319     1.3250  0.000e+00
     24.271     6.1356   3.274215    33.0250        320     1.3292  0.000e+00
     24.420     6.1352   3.274160    33.0247        321     1.3333  0.000e+00
     24.574     6.1347   3.274011    33.0235        322     1.3375  0.000e+00
     24.718     6.1338   3.273907    33.0231        323     1.3417  0.000e+00
     24.871     6.1327   3.273826    33.0232        324     1.3458  0.000e+00
     25.023     6.1319   3.274036    33.0263        325     1.3500  0.000e+00
     25.167     6.1317   3.273907    33.0249        326     1.3542  0.000e+00
     25.312     6.1312   3.273864    33.0248        327     1.3583  0.000e+00
     25.450     6.1309   3.274012    33.0268        328     1.3625  0.000e+00
     25.581     6.1310   3.274234    33.0290        329     1.3667  0.000e+00
     25.710     6.1318   3.274327    33.0292        330     1.3708  0.000e+00
     25.829     6.1328   3.274345    33.0284        331     1.3750  0.000e+00
     25.953     6.1335   3.274284    33.0270        332     1.3792  0.000e+00
     26.066     6.1337   3.274253    33.0264        333     1.3833  0.000e+00
     26.195     6.1335   3.274259    33.0266        334     1.3875  0.000e+00
     26.320     6.1333   3.274327    33.0274        335     1.3917  0.000e+00
     26.443     6.1333   3.274327    33.0274        336     1.3958  0.000e+00
     26.569     6.1333   3.274315    33.0272        337     1.4000  0.000e+00
     26.699     6.1332   3.274345    33.0276        338     1.4042  0.000e+00
     26.837     6.1333   3.274407    33.0281        339     1.4083  0.000e+00
     26.981     6.1333   3.274364    33.0275        340     1.4125  0.000e+00
     27.125     6.1333   3.274346    33.0273        341     1.4167  0.000e+00
     27.280     6.1332   3.274549    33.0296        342     1.4208  0.000e+00
     27.441     6.1336   3.274698    33.0308        343     1.4250  0.000e+00
     27.602     6.1343   3.274661    33.0296        344     1.4292  0.000e+00
     27.771     6.1349   3.274827    33.0308        345     1.4333  0.000e+00
     27.934     6.1358   3.274889    33.0305        346     1.4375  0.000e+00
     28.104     6.1367   3.274994    33.0308        347     1.4417  0.000e+00
     28.269     6.1374   3.274926    33.0292        348     1.4458  0.000e+00
     28.437     6.1379   3.274969    33.0291        349     1.4500  0.000e+00
     28.602     6.1381   3.275025    33.0295        350     1.4542  0.000e+00
     28.752     6.1382   3.275013    33.0292        351     1.4583  0.000e+00
     28.902     6.1386   3.275031    33.0290        352     1.4625  0.000e+00
     29.043     6.1388   3.275075    33.0292        353     1.4667  0.000e+00
     29.175     6.1390   3.275198    33.0303        354     1.4708  0.000e+00
     29.307     6.1392   3.275285    33.0309        355     1.4750  0.000e+00
     29.430     6.1400   3.275285    33.0302        356     1.4792  0.000e+00
     29.546     6.1402   3.275136    33.0282        357     1.4833  0.000e+00
     29.659     6.1402   3.275223    33.0291        358     1.4875  0.000e+00
     29.771     6.1403   3.275223    33.0290        359     1.4917  0.000e+00
     29.889     6.1404   3.275328    33.0299        360     1.4958  0.000e+00
     29.999     6.1408   3.275347    33.0297        361     1.5000  0.000e+00
     30.127     6.1408   3.275365    33.0299        362     1.5042  0.000e+00
     30.256     6.1408   3.275266    33.0287        363     1.5083  0.000e+00
     30.388     6.1406   3.275057    33.0265        364     1.5125  0.000e+00
     30.534     6.1397   3.274970    33.0263        365     1.5167  0.000e+00
     30.682     6.1385   3.274952    33.0273        366     1.5208  0.000e+00
     30.838     6.1375   3.274810    33.0265        367     1.5250  0.000e+00
     31.004     6.1365   3.274804    33.0274        368     1.5292  0.000e+00
     31.169     6.1356   3.274828    33.0284        369     1.5333  0.000e+00
     31.341     6.1352   3.274847    33.0290        370     1.5375  0.000e+00
     31.508     6.1350   3.274828    33.0288        371     1.5417  0.000e+00
     31.674     6.1348   3.274890    33.0296        372     1.5458  0.000e+00
     31.845     6.1349   3.274761    33.0280        373     1.5500  0.000e+00
     32.009     6.1346   3.274681    33.0274        374     1.5542  0.000e+00
     32.161     6.1338   3.274637    33.0275        375     1.5583  0.000e+00
     32.309     6.1333   3.274613    33.0277        376     1.5625  0.000e+00
     32.441     6.1327   3.274576    33.0278        377     1.5667  0.000e+00
     32.573     6.1322   3.274557    33.0280        378     1.5708  0.000e+00
     32.696     6.1317   3.274514    33.0280        379     1.5750  0.000e+00
     32.814     6.1313   3.274514    33.0283        380     1.5792  0.000e+00
     32.922     6.1307   3.274471    33.0283        381     1.5833  0.000e+00
     33.030     6.1306   3.274557    33.0293        382     1.5875  0.000e+00
     33.142     6.1305   3.274533    33.0292        383     1.5917  0.000e+00
     33.252     6.1305   3.274533    33.0291        384     1.5958  0.000e+00
     33.372     6.1304   3.274576    33.0296        385     1.6000  0.000e+00
     33.493     6.1305   3.274576    33.0295        386     1.6042  0.000e+00
     33.618     6.1306   3.274595    33.0295        387     1.6083  0.000e+00
     33.754     6.1306   3.274595    33.0294        388     1.6125  0.000e+00
     33.893     6.1306   3.274551    33.0288        389     1.6167  0.000e+00
     34.042     6.1305   3.274515    33.0285        390     1.6208  0.000e+00
     34.196     6.1301   3.274496    33.0285        391     1.6250  0.000e+00
     34.359     6.1297   3.274428    33.0281        392     1.6292  0.000e+00
     34.522     6.1294   3.274533    33.0296        393     1.6333  0.000e+00
     34.675     6.1293   3.274515    33.0293        394     1.6375  0.000e+00
     34.841     6.1294   3.274558    33.0296        395     1.6417  0.000e+00
     34.987     6.1295   3.274577    33.0297        396     1.6458  0.000e+00
     35.140     6.1295   3.274595    33.0298        397     1.6500  0.000e+00
     35.289     6.1297   3.274620    33.0298        398     1.6542  0.000e+00
     35.424     6.1298   3.274638    33.0299        399     1.6583  0.000e+00
     35.549     6.1300   3.274663    33.0299        400     1.6625  0.000e+00
     35.669     6.1301   3.274682    33.0299        401     1.6667  0.000e+00
     35.790     6.1303   3.274694    33.0298        402     1.6708  0.000e+00
     35.913     6.1305   3.274744    33.0301        403     1.6750  0.000e+00
     36.045     6.1306   3.274725    33.0297        404     1.6792  0.000e+00
     36.181     6.1306   3.274744    33.0298        405     1.6833  0.000e+00
     36.327     6.1307   3.274694    33.0291        406     1.6875  0.000e+00
     36.479     6.1306   3.274700    33.0292        407     1.6917  0.000e+00
     36.637     6.1304   3.274762    33.0301        408     1.6958  0.000e+00
     36.793     6.1305   3.274910    33.0315        409     1.7000  0.000e+00
     36.948     6.1311   3.274892    33.0307        410     1.7042  0.000e+00
     37.111     6.1316   3.274954    33.0308        411     1.7083  0.000e+00
     37.274     6.1321   3.274954    33.0302        412     1.7125  0.000e+00
     37.428     6.1324   3.274972    33.0301        413     1.7167  0.000e+00
     37.580     6.1325   3.274948    33.0296        414     1.7208  0.000e+00
     37.719     6.1325   3.274972    33.0298        415     1.7250  0.000e+00
     37.864     6.1325   3.274997    33.0300        416     1.7292  0.000e+00
     38.000     6.1324   3.275016    33.0303        417     1.7333  0.000e+00
     38.137     6.1327   3.275059    33.0304        418     1.7375  0.000e+00
     38.269     6.1329   3.275047    33.0300        419     1.7417  0.000e+00
     38.396     6.1329   3.275078    33.0303        420     1.7458  0.000e+00
