HB2501/sbe007.cnv
* Sea-Bird SBE 19plus V2 Data File:
* FileName = C:\cruise\data\sbe007.hex
* Software Version Seasave V 7.26.7.121
* Temperature SN = 6128
* Conductivity SN = 6128
* System UpLoad Time = Feb 15 2025 07:50:41
** Ship: Henry Bigelow
** Cruise:  HB2501
** Program:  ECOMON
# nquan = 7
# nvalues = 1505                                  
# units = specified
# name 0 = depSM: Depth [salt water, m], lat = 40.00
# name 1 = tv290C: Temperature [ITS-90, deg C]
# name 2 = c0S/m: Conductivity [S/m]
# name 3 = sal00: Salinity, Practical [PSU]
# name 4 = scan: Scan Count
# name 5 = timeM: Time, Elapsed [minutes]
# name 6 = flag:  0.000e+00
# span 0 =      0.134,     49.240                 
# span 1 =    -0.7933,     4.9046                 
# span 2 =   0.005836,   3.146159                 
# span 3 =     0.0490,    34.3492                 
# span 4 =         11,       1515                 
# span 5 =     0.0417,     6.3083                 
# span 6 = 0.0000e+00, 0.0000e+00                 
# interval = seconds: 0.25
# start_time = Feb 15 2025 07:50:41 [System UTC, header]
# bad_flag = -9.990e-29
*END*
[from data line 1436]
      2.979     4.8829   3.142508    32.7670       1447     6.0250  0.000e+00
      2.929     4.8830   3.142489    32.7668       1448     6.0292  0.000e+00
      2.882     4.8832   3.142489    32.7666       1449     6.0333  0.000e+00
      2.836     4.8832   3.142526    32.7671       1450     6.0375  0.000e+00
      2.794     4.8834   3.142568    32.7674       1451     6.0417  0.000e+00
      2.744     4.8837   3.142605    32.7675       1452     6.0458  0.000e+00
      2.695     4.8839   3.142605    32.7673       1453     6.0500  0.000e+00
      2.644     4.8841   3.142587    32.7670       1454     6.0542  0.000e+00
      2.602     4.8842   3.142605    32.7671       1455     6.0583  0.000e+00
      2.550     4.8842   3.142708    32.7683       1456     6.0625  0.000e+00
      2.512     4.8845   3.142647    32.7674       1457     6.0667  0.000e+00
      2.478     4.8847   3.142550    32.7660       1458     6.0708  0.000e+00
      2.456     4.8844   3.142629    32.7672       1459     6.0750  0.000e+00
      2.451     4.8843   3.142568    32.7666       1460     6.0792  0.000e+00
      2.439     4.8841   3.142726    32.7687       1461     6.0833  0.000e+00
      2.409     4.8844   3.142568    32.7666       1462     6.0875  0.000e+00
      2.374     4.8846   3.142508    32.7657       1463     6.0917  0.000e+00
      2.321     4.8842   3.142386    32.7647       1464     6.0958  0.000e+00
      2.278     4.8834   3.142429    32.7660       1465     6.1000  0.000e+00
      2.238     4.8829   3.142665    32.7692       1466     6.1042  0.000e+00
      2.193     4.8835   3.142580    32.7677       1467     6.1083  0.000e+00
      2.175     4.8837   3.141772    32.7582       1468     6.1125  0.000e+00
      2.165     4.8812   3.141791    32.7608       1469     6.1167  0.000e+00
      2.160     4.8783   3.141475    32.7600       1470     6.1208  0.000e+00
      2.151     4.8755   3.141353    32.7615       1471     6.1250  0.000e+00
      2.127     4.8732   3.141135    32.7612       1472     6.1292  0.000e+00
      2.089     4.8708   3.141177    32.7641       1473     6.1333  0.000e+00
      2.035     4.8693   3.141238    32.7663       1474     6.1375  0.000e+00
      1.974     4.8686   3.141177    32.7663       1475     6.1417  0.000e+00
      1.886     4.8682   3.141736    32.7732       1476     6.1458  0.000e+00
      1.795     4.8696   3.141347    32.7673       1477     6.1500  0.000e+00
      1.728     4.8703   3.141353    32.7668       1478     6.1542  0.000e+00
      1.695     4.8699   3.141220    32.7657       1479     6.1583  0.000e+00
      1.676     4.8693   3.141080    32.7646       1480     6.1625  0.000e+00
      1.685     4.8681   3.141056    32.7656       1481     6.1667  0.000e+00
      1.695     4.8674   3.141274    32.7687       1482     6.1708  0.000e+00
      1.686     4.8675   3.141220    32.7680       1483     6.1750  0.000e+00
      1.636     4.8678   3.141238    32.7680       1484     6.1792  0.000e+00
      1.558     4.8681   3.141274    32.7681       1485     6.1833  0.000e+00
      1.466     4.8685   3.141377    32.7690       1486     6.1875  0.000e+00
      1.393     4.8691   3.141663    32.7717       1487     6.1917  0.000e+00
      1.334     4.8706   3.141815    32.7720       1488     6.1958  0.000e+00
      1.305     4.8725   3.141833    32.7704       1489     6.2000  0.000e+00
      1.285     4.8740   3.141736    32.7678       1490     6.2042  0.000e+00
      1.269     4.8746   3.141772    32.7676       1491     6.2083  0.000e+00
      1.259     4.8747   3.141815    32.7681       1492     6.2125  0.000e+00
      1.223     4.8751   3.141869    32.7683       1493     6.2167  0.000e+00
      1.150     4.8756   3.141736    32.7663       1494     6.2208  0.000e+00
      1.107     4.8754   3.141851    32.7679       1495     6.2250  0.000e+00
      1.053     4.8755   3.141869    32.7680       1496     6.2292  0.000e+00
      1.032     4.8759   3.141851    32.7673       1497     6.2333  0.000e+00
      1.039     4.8761   3.142058    32.7696       1498     6.2375  0.000e+00
      1.043     4.8770   3.142173    32.7700       1499     6.2417  0.000e+00
      1.007     4.8780   3.141754    32.7642       1500     6.2458  0.000e+00
      0.914     4.8771   3.140642    32.7523       1501     6.2500  0.000e+00
      0.865     4.8720   3.140539    32.7561       1502     6.2542  0.000e+00
      0.849     4.8671   3.140345    32.7588       1503     6.2583  0.000e+00
      0.836     4.8634   3.140642    32.7658       1504     6.2625  0.000e+00
      0.808     4.8622   3.140363    32.7638       1505     6.2667  0.000e+00
      0.671     4.8609   3.140181    32.7631       1506     6.2708  0.000e+00
      0.472     4.8590   3.139968    32.7625       1507     6.2750  0.000e+00
      0.271     4.8565   3.137618    32.7380       1508     6.2792  0.000e+00
      0.170     4.8479   2.814029    29.0374       1509     6.2833  0.000e+00
      0.139     4.8366   0.761944     7.0350       1510     6.2875  0.000e+00
      0.138     4.8038   0.449295     4.0021       1511     6.2917  0.000e+00
      0.134     4.7139   0.339907     2.9821       1512     6.2958  0.000e+00
      0.139     4.6128   0.298592     2.6069       1513     6.3000  0.000e+00
      0.134     4.5706   0.277117     2.4117       1514     6.3042  0.000e+00
      0.135     4.5583   0.261645     2.2702       1515     6.3083  0.000e+00
