HB2501/sbe012.cnv
* Sea-Bird SBE 19plus V2 Data File:
* FileName = C:\cruise\data\sbe012.hex
* Software Version Seasave V 7.26.7.121
* Temperature SN = 6128
* Conductivity SN = 6128
* System UpLoad Time = Feb 15 2025 12:35:16
** Ship: Henry Bigelow
** Cruise:  HB2501
** Program:  ECOMON
# nquan = 7
# nvalues = 1361                                  
# units = specified
# name 0 = depSM: Depth [salt water, m], lat = 40.00
# name 1 = tv290C: Temperature [ITS-90, deg C]
# name 2 = c0S/m: Conductivity [S/m]
# name 3 = sal00: Salinity, Practical [PSU]
# name 4 = scan: Scan Count
# name 5 = timeM: Time, Elapsed [minutes]
# name 6 = flag:  0.000e+00
# span 0 =      0.267,     56.480                 
# span 1 =    -1.9055,     5.4935                 
# span 2 =   0.005357,   3.183081                 
# span 3 =     0.0458,    33.7901                 
# span 4 =         11,       1371                 
# span 5 =     0.0417,     5.7083                 
# span 6 = 0.0000e+00, 0.0000e+00                 
# interval = seconds: 0.25
# start_time = Feb 15 2025 12:35:16 [System UTC, header]
# bad_flag = -9.990e-29
*END*
[from data line 821]
     30.479     5.4858   3.182188    32.6171        832     3.4625  0.000e+00
     30.405     5.4849   3.181962    32.6154        833     3.4667  0.000e+00
     30.328     5.4833   3.181804    32.6152        834     3.4708  0.000e+00
     30.244     5.4817   3.181846    32.6173        835     3.4750  0.000e+00
     30.160     5.4805   3.181926    32.6194        836     3.4792  0.000e+00
     30.070     5.4802   3.181620    32.6163        837     3.4833  0.000e+00
     29.981     5.4795   3.181620    32.6171        838     3.4875  0.000e+00
     29.890     5.4783   3.181700    32.6191        839     3.4917  0.000e+00
     29.804     5.4782   3.181700    32.6193        840     3.4958  0.000e+00
     29.721     5.4779   3.181602    32.6185        841     3.5000  0.000e+00
     29.641     5.4775   3.181602    32.6189        842     3.5042  0.000e+00
     29.556     5.4772   3.181663    32.6199        843     3.5083  0.000e+00
     29.477     5.4774   3.181700    32.6202        844     3.5125  0.000e+00
     29.393     5.4777   3.181382    32.6164        845     3.5167  0.000e+00
     29.314     5.4767   3.181321    32.6166        846     3.5208  0.000e+00
     29.229     5.4756   3.181278    32.6173        847     3.5250  0.000e+00
     29.139     5.4747   3.181236    32.6178        848     3.5292  0.000e+00
     29.056     5.4739   3.181297    32.6193        849     3.5333  0.000e+00
     28.969     5.4737   3.181236    32.6188        850     3.5375  0.000e+00
     28.891     5.4733   3.181260    32.6195        851     3.5417  0.000e+00
     28.819     5.4731   3.181382    32.6211        852     3.5458  0.000e+00
     28.748     5.4736   3.181260    32.6193        853     3.5500  0.000e+00
     28.685     5.4736   3.181260    32.6193        854     3.5542  0.000e+00
     28.626     5.4735   3.181339    32.6204        855     3.5583  0.000e+00
     28.560     5.4736   3.181321    32.6200        856     3.5625  0.000e+00
     28.497     5.4740   3.181339    32.6199        857     3.5667  0.000e+00
     28.434     5.4742   3.181437    32.6209        858     3.5708  0.000e+00
     28.359     5.4747   3.181498    32.6211        859     3.5750  0.000e+00
     28.287     5.4754   3.181419    32.6196        860     3.5792  0.000e+00
     28.209     5.4754   3.181382    32.6192        861     3.5833  0.000e+00
     28.128     5.4752   3.181382    32.6195        862     3.5875  0.000e+00
     28.038     5.4754   3.181559    32.6213        863     3.5917  0.000e+00
     27.945     5.4758   3.181681    32.6223        864     3.5958  0.000e+00
     27.857     5.4767   3.181742    32.6222        865     3.6000  0.000e+00
     27.774     5.4776   3.181681    32.6206        866     3.6042  0.000e+00
     27.697     5.4783   3.181601    32.6191        867     3.6083  0.000e+00
     27.623     5.4784   3.181644    32.6196        868     3.6125  0.000e+00
     27.558     5.4783   3.181785    32.6212        869     3.6167  0.000e+00
     27.493     5.4787   3.181785    32.6209        870     3.6208  0.000e+00
     27.430     5.4791   3.181785    32.6206        871     3.6250  0.000e+00
     27.365     5.4796   3.181662    32.6187        872     3.6292  0.000e+00
     27.302     5.4793   3.181846    32.6211        873     3.6333  0.000e+00
     27.230     5.4797   3.181296    32.6145        874     3.6375  0.000e+00
     27.159     5.4785   3.180997    32.6123        875     3.6417  0.000e+00
     27.086     5.4758   3.181034    32.6154        876     3.6458  0.000e+00
     27.014     5.4737   3.181137    32.6187        877     3.6500  0.000e+00
     26.937     5.4732   3.181296    32.6210        878     3.6542  0.000e+00
     26.861     5.4735   3.181418    32.6221        879     3.6583  0.000e+00
     26.789     5.4745   3.181522    32.6223        880     3.6625  0.000e+00
     26.713     5.4755   3.181620    32.6225        881     3.6667  0.000e+00
     26.644     5.4766   3.181497    32.6201        882     3.6708  0.000e+00
     26.569     5.4770   3.181644    32.6215        883     3.6750  0.000e+00
     26.498     5.4776   3.181601    32.6204        884     3.6792  0.000e+00
     26.428     5.4782   3.181583    32.6197        885     3.6833  0.000e+00
     26.356     5.4785   3.181961    32.6236        886     3.6875  0.000e+00
     26.288     5.4795   3.181802    32.6209        887     3.6917  0.000e+00
     26.215     5.4801   3.181216    32.6138        888     3.6958  0.000e+00
     26.142     5.4787   3.181320    32.6163        889     3.7000  0.000e+00
     26.071     5.4771   3.181497    32.6199        890     3.7042  0.000e+00
     25.991     5.4770   3.181680    32.6222        891     3.7083  0.000e+00
     25.920     5.4781   3.182102    32.6259        892     3.7125  0.000e+00
     25.848     5.4801   3.182425    32.6276        893     3.7167  0.000e+00
     25.772     5.4834   3.182449    32.6248        894     3.7208  0.000e+00
     25.696     5.4856   3.182449    32.6226        895     3.7250  0.000e+00
     25.624     5.4872   3.182449    32.6211        896     3.7292  0.000e+00
     25.551     5.4880   3.182425    32.6201        897     3.7333  0.000e+00
     25.486     5.4883   3.182407    32.6196        898     3.7375  0.000e+00
     25.413     5.4886   3.182425    32.6196        899     3.7417  0.000e+00
     25.347     5.4887   3.182449    32.6198        900     3.7458  0.000e+00
     25.286     5.4887   3.182406    32.6194        901     3.7500  0.000e+00
     25.235     5.4887   3.182406    32.6194        902     3.7542  0.000e+00
     25.188     5.4887   3.182388    32.6192        903     3.7583  0.000e+00
     25.134     5.4886   3.182364    32.6190        904     3.7625  0.000e+00
     25.092     5.4886   3.182406    32.6196        905     3.7667  0.000e+00
     25.044     5.4885   3.182388    32.6195        906     3.7708  0.000e+00
     24.993     5.4886   3.182364    32.6192        907     3.7750  0.000e+00
     24.940     5.4884   3.182327    32.6189        908     3.7792  0.000e+00
     24.885     5.4882   3.182266    32.6184        909     3.7833  0.000e+00
     24.817     5.4880   3.182345    32.6196        910     3.7875  0.000e+00
     24.749     5.4879   3.182406    32.6204        911     3.7917  0.000e+00
     24.665     5.4881   3.182345    32.6196        912     3.7958  0.000e+00
     24.580     5.4881   3.182345    32.6196        913     3.8000  0.000e+00
     24.495     5.4881   3.182345    32.6197        914     3.8042  0.000e+00
     24.402     5.4881   3.182284    32.6190        915     3.8083  0.000e+00
     24.323     5.4880   3.182247    32.6188        916     3.8125  0.000e+00
     24.239     5.4877   3.182302    32.6196        917     3.8167  0.000e+00
     24.162     5.4876   3.182144    32.6180        918     3.8208  0.000e+00
     24.093     5.4873   3.182284    32.6199        919     3.8250  0.000e+00
     24.023     5.4873   3.182302    32.6202        920     3.8292  0.000e+00
     23.958     5.4874   3.182186    32.6188        921     3.8333  0.000e+00
     23.892     5.4873   3.182144    32.6184        922     3.8375  0.000e+00
     23.830     5.4870   3.182144    32.6187        923     3.8417  0.000e+00
     23.773     5.4868   3.182223    32.6199        924     3.8458  0.000e+00
     23.713     5.4869   3.182162    32.6191        925     3.8500  0.000e+00
     23.667     5.4866   3.182186    32.6197        926     3.8542  0.000e+00
     23.611     5.4867   3.182143    32.6191        927     3.8583  0.000e+00
     23.560     5.4865   3.182064    32.6184        928     3.8625  0.000e+00
     23.500     5.4863   3.181960    32.6175        929     3.8667  0.000e+00
     23.452     5.4856   3.182046    32.6192        930     3.8708  0.000e+00
     23.407     5.4853   3.182101    32.6201        931     3.8750  0.000e+00
     23.354     5.4857   3.182046    32.6191        932     3.8792  0.000e+00
     23.302     5.4856   3.181801    32.6165        933     3.8833  0.000e+00
     23.250     5.4847   3.181759    32.6169        934     3.8875  0.000e+00
     23.196     5.4836   3.181801    32.6185        935     3.8917  0.000e+00
     23.138     5.4832   3.181679    32.6176        936     3.8958  0.000e+00
     23.073     5.4826   3.181783    32.6193        937     3.9000  0.000e+00
     23.008     5.4823   3.181862    32.6205        938     3.9042  0.000e+00
     22.941     5.4826   3.181899    32.6207        939     3.9083  0.000e+00
     22.867     5.4831   3.181801    32.6192        940     3.9125  0.000e+00
     22.800     5.4831   3.181820    32.6194        941     3.9167  0.000e+00
     22.732     5.4831   3.181899    32.6204        942     3.9208  0.000e+00
     22.658     5.4832   3.181820    32.6193        943     3.9250  0.000e+00
     22.586     5.4832   3.181820    32.6194        944     3.9292  0.000e+00
     22.515     5.4833   3.181844    32.6196        945     3.9333  0.000e+00
     22.447     5.4834   3.181844    32.6195        946     3.9375  0.000e+00
     22.380     5.4834   3.181899    32.6202        947     3.9417  0.000e+00
     22.306     5.4835   3.181942    32.6206        948     3.9458  0.000e+00
     22.236     5.4838   3.181844    32.6192        949     3.9500  0.000e+00
     22.169     5.4838   3.181783    32.6186        950     3.9542  0.000e+00
     22.099     5.4836   3.181960    32.6208        951     3.9583  0.000e+00
     22.035     5.4841   3.181984    32.6207        952     3.9625  0.000e+00
     21.975     5.4845   3.182003    32.6205        953     3.9667  0.000e+00
     21.912     5.4850   3.181984    32.6199        954     3.9708  0.000e+00
     21.861     5.4852   3.181880    32.6185        955     3.9750  0.000e+00
     21.815     5.4850   3.181880    32.6188        956     3.9792  0.000e+00
     21.766     5.4846   3.182021    32.6207        957     3.9833  0.000e+00
     21.730     5.4850   3.181984    32.6200        958     3.9875  0.000e+00
     21.686     5.4851   3.182100    32.6212        959     3.9917  0.000e+00
     21.643     5.4858   3.182247    32.6222        960     3.9958  0.000e+00
     21.605     5.4868   3.182222    32.6209        961     4.0000  0.000e+00
     21.559     5.4874   3.182161    32.6197        962     4.0042  0.000e+00
     21.512     5.4876   3.182186    32.6198        963     4.0083  0.000e+00
     21.460     5.4876   3.182143    32.6193        964     4.0125  0.000e+00
     21.407     5.4876   3.182082    32.6187        965     4.0167  0.000e+00
     21.349     5.4874   3.182161    32.6198        966     4.0208  0.000e+00
     21.282     5.4873   3.182204    32.6204        967     4.0250  0.000e+00
     20.844     5.4879   3.182143    32.6194        968     4.0292  0.000e+00
     20.765     5.4877   3.182082    32.6189        969     4.0333  0.000e+00
     20.685     5.4874   3.182100    32.6195        970     4.0375  0.000e+00
     20.613     5.4872   3.182045    32.6191        971     4.0417  0.000e+00
     20.545     5.4871   3.182002    32.6187        972     4.0458  0.000e+00
     20.476     5.4870   3.182045    32.6193        973     4.0500  0.000e+00
     20.422     5.4868   3.182100    32.6202        974     4.0542  0.000e+00
     20.366     5.4871   3.182124    32.6202        975     4.0583  0.000e+00
     20.317     5.4872   3.182100    32.6198        976     4.0625  0.000e+00
     20.271     5.4874   3.182100    32.6197        977     4.0667  0.000e+00
     20.235     5.4874   3.182081    32.6194        978     4.0708  0.000e+00
     20.203     5.4874   3.182063    32.6193        979     4.0750  0.000e+00
     20.161     5.4875   3.182100    32.6196        980     4.0792  0.000e+00
     20.119     5.4876   3.181959    32.6180        981     4.0833  0.000e+00
     20.091     5.4871   3.181880    32.6175        982     4.0875  0.000e+00
     20.047     5.4863   3.181520    32.6143        983     4.0917  0.000e+00
     20.003     5.4844   3.181782    32.6191        984     4.0958  0.000e+00
     19.945     5.4835   3.181294    32.6144        985     4.1000  0.000e+00
     19.884     5.4817   3.181355    32.6169        986     4.1042  0.000e+00
     19.808     5.4802   3.181294    32.6177        987     4.1083  0.000e+00
     19.740     5.4795   3.181233    32.6177        988     4.1125  0.000e+00
     19.668     5.4784   3.181233    32.6188        989     4.1167  0.000e+00
     19.589     5.4780   3.181434    32.6216        990     4.1208  0.000e+00
     19.510     5.4784   3.181520    32.6222        991     4.1250  0.000e+00
     19.441     5.4792   3.181434    32.6205        992     4.1292  0.000e+00
     19.364     5.4797   3.181556    32.6214        993     4.1333  0.000e+00
     19.293     5.4801   3.181520    32.6206        994     4.1375  0.000e+00
     19.225     5.4805   3.181458    32.6196        995     4.1417  0.000e+00
     19.168     5.4803   3.181581    32.6212        996     4.1458  0.000e+00
     19.108     5.4808   3.181678    32.6219        997     4.1500  0.000e+00
     19.059     5.4815   3.181843    32.6231        998     4.1542  0.000e+00
     19.004     5.4825   3.181941    32.6233        999     4.1583  0.000e+00
     18.953     5.4839   3.181696    32.6192       1000     4.1625  0.000e+00
     18.899     5.4840   3.181641    32.6184       1001     4.1667  0.000e+00
     18.849     5.4834   3.181641    32.6190       1002     4.1708  0.000e+00
     18.798     5.4831   3.181739    32.6205       1003     4.1750  0.000e+00
     18.749     5.4832   3.181898    32.6222       1004     4.1792  0.000e+00
     18.686     5.4840   3.181959    32.6221       1005     4.1833  0.000e+00
     18.616     5.4850   3.181940    32.6210       1006     4.1875  0.000e+00
     18.543     5.4857   3.181940    32.6203       1007     4.1917  0.000e+00
     18.466     5.4860   3.181940    32.6201       1008     4.1958  0.000e+00
     18.388     5.4860   3.181922    32.6199       1009     4.2000  0.000e+00
     18.309     5.4862   3.181940    32.6200       1010     4.2042  0.000e+00
     18.226     5.4863   3.181983    32.6204       1011     4.2083  0.000e+00
     18.145     5.4867   3.182020    32.6205       1012     4.2125  0.000e+00
     18.074     5.4868   3.182099    32.6213       1013     4.2167  0.000e+00
     18.001     5.4874   3.182123    32.6210       1014     4.2208  0.000e+00
     17.928     5.4881   3.182142    32.6206       1015     4.2250  0.000e+00
     17.873     5.4885   3.182184    32.6207       1016     4.2292  0.000e+00
     17.821     5.4888   3.182221    32.6209       1017     4.2333  0.000e+00
     17.780     5.4893   3.182099    32.6191       1018     4.2375  0.000e+00
     17.742     5.4891   3.182123    32.6195       1019     4.2417  0.000e+00
     17.713     5.4891   3.182123    32.6195       1020     4.2458  0.000e+00
     17.681     5.4890   3.182081    32.6191       1021     4.2500  0.000e+00
     17.647     5.4889   3.182142    32.6200       1022     4.2542  0.000e+00
     17.615     5.4891   3.182142    32.6198       1023     4.2583  0.000e+00
     17.574     5.4891   3.182142    32.6198       1024     4.2625  0.000e+00
     17.534     5.4893   3.182245    32.6208       1025     4.2667  0.000e+00
     17.489     5.4897   3.182447    32.6227       1026     4.2708  0.000e+00
     17.441     5.4906   3.182447    32.6219       1027     4.2750  0.000e+00
     17.378     5.4918   3.182483    32.6212       1028     4.2792  0.000e+00
     17.311     5.4925   3.182483    32.6205       1029     4.2833  0.000e+00
     17.246     5.4930   3.182508    32.6203       1030     4.2875  0.000e+00
     17.174     5.4931   3.182221    32.6170       1031     4.2917  0.000e+00
     17.097     5.4924   3.182184    32.6174       1032     4.2958  0.000e+00
     17.017     5.4915   3.182019    32.6164       1033     4.3000  0.000e+00
     16.938     5.4901   3.181781    32.6150       1034     4.3042  0.000e+00
     16.864     5.4884   3.181842    32.6174       1035     4.3083  0.000e+00
