HB2501/sbe021.cnv
* Sea-Bird SBE 19plus V2 Data File:
* FileName = C:\cruise\data\sbe021.hex
* Software Version Seasave V 7.26.7.121
* Temperature SN = 6128
* Conductivity SN = 6128
* System UpLoad Time = Feb 16 2025 06:15:27
** Ship: Henry Bigelow
** Cruise:  HB2501
** Program:  ECOMON
# nquan = 7
# nvalues = 1101                                  
# units = specified
# name 0 = depSM: Depth [salt water, m], lat = 40.00
# name 1 = tv290C: Temperature [ITS-90, deg C]
# name 2 = c0S/m: Conductivity [S/m]
# name 3 = sal00: Salinity, Practical [PSU]
# name 4 = scan: Scan Count
# name 5 = timeM: Time, Elapsed [minutes]
# name 6 = flag:  0.000e+00
# span 0 =     -0.008,     38.956                 
# span 1 =     2.1590,     4.3985                 
# span 2 =   0.008801,   3.095392                 
# span 3 =     0.0704,    33.2156                 
# span 4 =         11,       1111                 
# span 5 =     0.0417,     4.6250                 
# span 6 = 0.0000e+00, 0.0000e+00                 
# interval = seconds: 0.25
# start_time = Feb 16 2025 06:15:27 [System UTC, header]
# bad_flag = -9.990e-29
*END*
[from data line 616]
     26.115     4.3943   3.094114    32.6763        627     2.6083  0.000e+00
     26.024     4.3943   3.094138    32.6767        628     2.6125  0.000e+00
     25.945     4.3942   3.094186    32.6773        629     2.6167  0.000e+00
     25.900     4.3943   3.094174    32.6771        630     2.6208  0.000e+00
     25.868     4.3944   3.094192    32.6773        631     2.6250  0.000e+00
     25.862     4.3945   3.094192    32.6772        632     2.6292  0.000e+00
     25.867     4.3945   3.094186    32.6771        633     2.6333  0.000e+00
     25.889     4.3946   3.094174    32.6768        634     2.6375  0.000e+00
     25.906     4.3944   3.094174    32.6770        635     2.6417  0.000e+00
     25.930     4.3945   3.094174    32.6769        636     2.6458  0.000e+00
     25.951     4.3945   3.094174    32.6769        637     2.6500  0.000e+00
     25.956     4.3943   3.094162    32.6769        638     2.6542  0.000e+00
     25.956     4.3944   3.094174    32.6770        639     2.6583  0.000e+00
     25.934     4.3944   3.094192    32.6772        640     2.6625  0.000e+00
     25.893     4.3944   3.094174    32.6770        641     2.6667  0.000e+00
     25.840     4.3945   3.094223    32.6775        642     2.6708  0.000e+00
     25.783     4.3946   3.094271    32.6780        643     2.6750  0.000e+00
     25.708     4.3948   3.094253    32.6776        644     2.6792  0.000e+00
     25.625     4.3950   3.094235    32.6772        645     2.6833  0.000e+00
     25.534     4.3950   3.094253    32.6775        646     2.6875  0.000e+00
     25.429     4.3952   3.094247    32.6773        647     2.6917  0.000e+00
     25.314     4.3951   3.094295    32.6780        648     2.6958  0.000e+00
     25.211     4.3952   3.094295    32.6780        649     2.7000  0.000e+00
     25.107     4.3953   3.094295    32.6780        650     2.7042  0.000e+00
     24.997     4.3953   3.094295    32.6780        651     2.7083  0.000e+00
     24.894     4.3954   3.094222    32.6771        652     2.7125  0.000e+00
     24.802     4.3954   3.094138    32.6761        653     2.7167  0.000e+00
     24.705     4.3953   3.094295    32.6782        654     2.7208  0.000e+00
     24.612     4.3953   3.094313    32.6784        655     2.7250  0.000e+00
     24.531     4.3955   3.094325    32.6784        656     2.7292  0.000e+00
     24.460     4.3956   3.094313    32.6782        657     2.7333  0.000e+00
     24.397     4.3956   3.094313    32.6782        658     2.7375  0.000e+00
     24.344     4.3957   3.094270    32.6777        659     2.7417  0.000e+00
     24.306     4.3957   3.094252    32.6775        660     2.7458  0.000e+00
     24.280     4.3956   3.094222    32.6772        661     2.7500  0.000e+00
     24.256     4.3955   3.094234    32.6774        662     2.7542  0.000e+00
     24.225     4.3954   3.094192    32.6771        663     2.7583  0.000e+00
     24.196     4.3954   3.094216    32.6774        664     2.7625  0.000e+00
     24.150     4.3953   3.094186    32.6772        665     2.7667  0.000e+00
     24.104     4.3950   3.094156    32.6771        666     2.7708  0.000e+00
     24.049     4.3949   3.094138    32.6770        667     2.7750  0.000e+00
     23.976     4.3948   3.094095    32.6767        668     2.7792  0.000e+00
     23.903     4.3944   3.094095    32.6771        669     2.7833  0.000e+00
     23.829     4.3940   3.094077    32.6773        670     2.7875  0.000e+00
     23.756     4.3937   3.094059    32.6774        671     2.7917  0.000e+00
     23.684     4.3937   3.094017    32.6770        672     2.7958  0.000e+00
     23.627     4.3934   3.094017    32.6773        673     2.8000  0.000e+00
     23.567     4.3932   3.094035    32.6778        674     2.8042  0.000e+00
     23.520     4.3931   3.094041    32.6780        675     2.8083  0.000e+00
     23.471     4.3931   3.094035    32.6779        676     2.8125  0.000e+00
     23.418     4.3933   3.093998    32.6774        677     2.8167  0.000e+00
     23.362     4.3931   3.094077    32.6785        678     2.8208  0.000e+00
     23.301     4.3931   3.094041    32.6781        679     2.8250  0.000e+00
     23.232     4.3932   3.093938    32.6768        680     2.8292  0.000e+00
     23.153     4.3930   3.093962    32.6773        681     2.8333  0.000e+00
     23.052     4.3928   3.093998    32.6780        682     2.8375  0.000e+00
     22.954     4.3927   3.094016    32.6784        683     2.8417  0.000e+00
     22.841     4.3928   3.093998    32.6781        684     2.8458  0.000e+00
     22.730     4.3929   3.093998    32.6780        685     2.8500  0.000e+00
     22.618     4.3930   3.093980    32.6778        686     2.8542  0.000e+00
     22.515     4.3929   3.093962    32.6778        687     2.8583  0.000e+00
     22.419     4.3929   3.093974    32.6780        688     2.8625  0.000e+00
     22.331     4.3927   3.093938    32.6777        689     2.8667  0.000e+00
     22.255     4.3927   3.093938    32.6778        690     2.8708  0.000e+00
     22.195     4.3927   3.093938    32.6778        691     2.8750  0.000e+00
     22.144     4.3926   3.093920    32.6777        692     2.8792  0.000e+00
     22.100     4.3926   3.093938    32.6780        693     2.8833  0.000e+00
     22.061     4.3926   3.093938    32.6780        694     2.8875  0.000e+00
     22.028     4.3926   3.093883    32.6774        695     2.8917  0.000e+00
     21.998     4.3926   3.093938    32.6780        696     2.8958  0.000e+00
     21.959     4.3928   3.093938    32.6778        697     2.9000  0.000e+00
     21.919     4.3927   3.093913    32.6777        698     2.9042  0.000e+00
     21.869     4.3928   3.093919    32.6777        699     2.9083  0.000e+00
     21.813     4.3927   3.093962    32.6783        700     2.9125  0.000e+00
     21.755     4.3927   3.093938    32.6781        701     2.9167  0.000e+00
     21.688     4.3928   3.093938    32.6780        702     2.9208  0.000e+00
     21.609     4.3927   3.093937    32.6781        703     2.9250  0.000e+00
     21.528     4.3926   3.093883    32.6776        704     2.9292  0.000e+00
     21.442     4.3928   3.093919    32.6779        705     2.9333  0.000e+00
     21.346     4.3927   3.093901    32.6778        706     2.9375  0.000e+00
     21.256     4.3926   3.093937    32.6784        707     2.9417  0.000e+00
     21.179     4.3927   3.093919    32.6781        708     2.9458  0.000e+00
     21.095     4.3927   3.093901    32.6780        709     2.9500  0.000e+00
     21.028     4.3927   3.093901    32.6780        710     2.9542  0.000e+00
     20.969     4.3928   3.093895    32.6779        711     2.9583  0.000e+00
     20.911     4.3926   3.093901    32.6782        712     2.9625  0.000e+00
     20.847     4.3927   3.093883    32.6779        713     2.9667  0.000e+00
     20.795     4.3926   3.093883    32.6780        714     2.9708  0.000e+00
     20.739     4.3927   3.093901    32.6781        715     2.9750  0.000e+00
     20.682     4.3927   3.093853    32.6776        716     2.9792  0.000e+00
     20.633     4.3927   3.093822    32.6773        717     2.9833  0.000e+00
     20.580     4.3927   3.093841    32.6776        718     2.9875  0.000e+00
     20.530     4.3926   3.093859    32.6779        719     2.9917  0.000e+00
     20.472     4.3925   3.093834    32.6778        720     2.9958  0.000e+00
     20.413     4.3925   3.093841    32.6779        721     3.0000  0.000e+00
     20.343     4.3926   3.093840    32.6778        722     3.0042  0.000e+00
     20.284     4.3924   3.093822    32.6778        723     3.0083  0.000e+00
     20.217     4.3925   3.093883    32.6784        724     3.0125  0.000e+00
     20.152     4.3926   3.093937    32.6790        725     3.0167  0.000e+00
     20.084     4.3930   3.093961    32.6789        726     3.0208  0.000e+00
     20.030     4.3933   3.093961    32.6787        727     3.0250  0.000e+00
     19.990     4.3936   3.093883    32.6775        728     3.0292  0.000e+00
     19.939     4.3934   3.093810    32.6768        729     3.0333  0.000e+00
     19.894     4.3931   3.093804    32.6771        730     3.0375  0.000e+00
     19.838     4.3928   3.093762    32.6769        731     3.0417  0.000e+00
     19.781     4.3925   3.093726    32.6768        732     3.0458  0.000e+00
     19.725     4.3921   3.093726    32.6772        733     3.0500  0.000e+00
     19.651     4.3920   3.093726    32.6774        734     3.0542  0.000e+00
     19.571     4.3919   3.093726    32.6775        735     3.0583  0.000e+00
     19.486     4.3917   3.093744    32.6779        736     3.0625  0.000e+00
     19.390     4.3918   3.093725    32.6777        737     3.0667  0.000e+00
     19.287     4.3919   3.093762    32.6781        738     3.0708  0.000e+00
     19.180     4.3919   3.093707    32.6775        739     3.0750  0.000e+00
     19.076     4.3920   3.093725    32.6776        740     3.0792  0.000e+00
     18.975     4.3920   3.093822    32.6788        741     3.0833  0.000e+00
     18.891     4.3924   3.093804    32.6783        742     3.0875  0.000e+00
     18.812     4.3925   3.093792    32.6781        743     3.0917  0.000e+00
     18.745     4.3926   3.093762    32.6777        744     3.0958  0.000e+00
     18.694     4.3924   3.093725    32.6775        745     3.1000  0.000e+00
     18.646     4.3923   3.093707    32.6774        746     3.1042  0.000e+00
     18.600     4.3920   3.093683    32.6774        747     3.1083  0.000e+00
     18.552     4.3918   3.093689    32.6777        748     3.1125  0.000e+00
     18.503     4.3917   3.093683    32.6777        749     3.1167  0.000e+00
     18.447     4.3917   3.093665    32.6776        750     3.1208  0.000e+00
     18.380     4.3916   3.093586    32.6768        751     3.1250  0.000e+00
     18.321     4.3915   3.093725    32.6785        752     3.1292  0.000e+00
     18.251     4.3916   3.093665    32.6778        753     3.1333  0.000e+00
     18.181     4.3916   3.093683    32.6780        754     3.1375  0.000e+00
     18.105     4.3916   3.093725    32.6785        755     3.1417  0.000e+00
     18.034     4.3918   3.093683    32.6779        756     3.1458  0.000e+00
     17.972     4.3918   3.093665    32.6777        757     3.1500  0.000e+00
     17.909     4.3918   3.093647    32.6775        758     3.1542  0.000e+00
     17.854     4.3917   3.093647    32.6777        759     3.1583  0.000e+00
     17.805     4.3916   3.093628    32.6776        760     3.1625  0.000e+00
     17.770     4.3917   3.093707    32.6785        761     3.1667  0.000e+00
     17.745     4.3917   3.093725    32.6786        762     3.1708  0.000e+00
     17.724     4.3919   3.093743    32.6786        763     3.1750  0.000e+00
     17.699     4.3920   3.093707    32.6781        764     3.1792  0.000e+00
     17.672     4.3921   3.093665    32.6776        765     3.1833  0.000e+00
     17.628     4.3920   3.093604    32.6770        766     3.1875  0.000e+00
     17.584     4.3917   3.093568    32.6769        767     3.1917  0.000e+00
     17.519     4.3912   3.093508    32.6767        768     3.1958  0.000e+00
     17.430     4.3909   3.093507    32.6770        769     3.2000  0.000e+00
     17.329     4.3908   3.093526    32.6775        770     3.2042  0.000e+00
     17.216     4.3906   3.093520    32.6777        771     3.2083  0.000e+00
     17.097     4.3906   3.093568    32.6783        772     3.2125  0.000e+00
     16.970     4.3907   3.093507    32.6775        773     3.2167  0.000e+00
     16.843     4.3908   3.093568    32.6782        774     3.2208  0.000e+00
     16.722     4.3908   3.093544    32.6779        775     3.2250  0.000e+00
     16.608     4.3909   3.093550    32.6780        776     3.2292  0.000e+00
     16.517     4.3910   3.093604    32.6786        777     3.2333  0.000e+00
     16.432     4.3914   3.093628    32.6785        778     3.2375  0.000e+00
     16.370     4.3916   3.093604    32.6781        779     3.2417  0.000e+00
     16.325     4.3918   3.093604    32.6778        780     3.2458  0.000e+00
     16.294     4.3919   3.093586    32.6775        781     3.2500  0.000e+00
     16.272     4.3920   3.093586    32.6775        782     3.2542  0.000e+00
     16.267     4.3920   3.093549    32.6770        783     3.2583  0.000e+00
     16.258     4.3918   3.093519    32.6769        784     3.2625  0.000e+00
     16.254     4.3916   3.093549    32.6775        785     3.2667  0.000e+00
     16.245     4.3915   3.093586    32.6780        786     3.2708  0.000e+00
     16.227     4.3916   3.093646    32.6787        787     3.2750  0.000e+00
     16.207     4.3918   3.093628    32.6782        788     3.2792  0.000e+00
     16.169     4.3919   3.093622    32.6780        789     3.2833  0.000e+00
     16.123     4.3920   3.093628    32.6780        790     3.2875  0.000e+00
     16.068     4.3922   3.093604    32.6776        791     3.2917  0.000e+00
     15.999     4.3922   3.093567    32.6772        792     3.2958  0.000e+00
     15.926     4.3920   3.093586    32.6776        793     3.3000  0.000e+00
     15.853     4.3918   3.093561    32.6776        794     3.3042  0.000e+00
     15.771     4.3917   3.093628    32.6785        795     3.3083  0.000e+00
     15.679     4.3919   3.093585    32.6779        796     3.3125  0.000e+00
     15.589     4.3920   3.093525    32.6771        797     3.3167  0.000e+00
     15.493     4.3920   3.093543    32.6774        798     3.3208  0.000e+00
     15.401     4.3920   3.093507    32.6770        799     3.3250  0.000e+00
     15.322     4.3920   3.093489    32.6769        800     3.3292  0.000e+00
     15.238     4.3919   3.093489    32.6770        801     3.3333  0.000e+00
     15.172     4.3918   3.093471    32.6769        802     3.3375  0.000e+00
     15.113     4.3917   3.093440    32.6767        803     3.3417  0.000e+00
     15.054     4.3915   3.093392    32.6764        804     3.3458  0.000e+00
     15.002     4.3912   3.093374    32.6764        805     3.3500  0.000e+00
     14.956     4.3909   3.093350    32.6765        806     3.3542  0.000e+00
     14.910     4.3909   3.093356    32.6766        807     3.3583  0.000e+00
     14.860     4.3907   3.093350    32.6767        808     3.3625  0.000e+00
     14.802     4.3907   3.093332    32.6766        809     3.3667  0.000e+00
     14.741     4.3906   3.093350    32.6770        810     3.3708  0.000e+00
     14.671     4.3906   3.093332    32.6768        811     3.3750  0.000e+00
     14.591     4.3905   3.093313    32.6767        812     3.3792  0.000e+00
     14.506     4.3905   3.093271    32.6763        813     3.3833  0.000e+00
     14.418     4.3905   3.093295    32.6766        814     3.3875  0.000e+00
     14.324     4.3904   3.093295    32.6767        815     3.3917  0.000e+00
     14.234     4.3902   3.093253    32.6764        816     3.3958  0.000e+00
     14.145     4.3904   3.093217    32.6759        817     3.4000  0.000e+00
     14.073     4.3902   3.093217    32.6761        818     3.4042  0.000e+00
     14.014     4.3900   3.093174    32.6759        819     3.4083  0.000e+00
     13.962     4.3897   3.093192    32.6764        820     3.4125  0.000e+00
     13.927     4.3897   3.093150    32.6759        821     3.4167  0.000e+00
     13.911     4.3894   3.093138    32.6761        822     3.4208  0.000e+00
     13.904     4.3893   3.093078    32.6755        823     3.4250  0.000e+00
     13.899     4.3890   3.093120    32.6762        824     3.4292  0.000e+00
     13.890     4.3888   3.093108    32.6763        825     3.4333  0.000e+00
     13.872     4.3887   3.093174    32.6772        826     3.4375  0.000e+00
     13.839     4.3888   3.093174    32.6772        827     3.4417  0.000e+00
     13.793     4.3889   3.093096    32.6761        828     3.4458  0.000e+00
     13.728     4.3890   3.092999    32.6750        829     3.4500  0.000e+00
     13.644     4.3886   3.092963    32.6750        830     3.4542  0.000e+00
