HB2501/sbe015.cnv
* Sea-Bird SBE 19plus V2 Data File:
* FileName = C:\cruise\data\sbe015.hex
* Software Version Seasave V 7.26.7.121
* Temperature SN = 6128
* Conductivity SN = 6128
* System UpLoad Time = Feb 15 2025 20:30:18
** Ship: Henry Bigelow
** Cruise:  HB2501
** Program:  ECOMON
# nquan = 7
# nvalues = 1493                                  
# units = specified
# name 0 = depSM: Depth [salt water, m], lat = 40.00
# name 1 = tv290C: Temperature [ITS-90, deg C]
# name 2 = c0S/m: Conductivity [S/m]
# name 3 = sal00: Salinity, Practical [PSU]
# name 4 = scan: Scan Count
# name 5 = timeM: Time, Elapsed [minutes]
# name 6 = flag:  0.000e+00
# span 0 =      0.064,     40.943                 
# span 1 =     0.1012,     3.3075                 
# span 2 =   0.016552,   2.991545                 
# span 3 =     0.1446,    33.2397                 
# span 4 =         11,       1503                 
# span 5 =     0.0417,     6.2583                 
# span 6 = 0.0000e+00, 0.0000e+00                 
# interval = seconds: 0.25
# start_time = Feb 15 2025 20:30:18 [System UTC, header]
# bad_flag = -9.990e-29
*END*
[from data line 1026]
     14.035     3.1630   2.979521    32.5530       1037     4.3167  0.000e+00
     13.998     3.1629   2.979491    32.5528       1038     4.3208  0.000e+00
     13.956     3.1626   2.979485    32.5530       1039     4.3250  0.000e+00
     13.915     3.1626   2.979491    32.5531       1040     4.3292  0.000e+00
     13.881     3.1627   2.979521    32.5534       1041     4.3333  0.000e+00
     13.851     3.1627   2.979581    32.5541       1042     4.3375  0.000e+00
     13.821     3.1629   2.979777    32.5563       1043     4.3417  0.000e+00
     13.804     3.1633   2.979640    32.5542       1044     4.3458  0.000e+00
     13.782     3.1633   2.979503    32.5526       1045     4.3500  0.000e+00
     13.758     3.1628   2.979581    32.5541       1046     4.3542  0.000e+00
     13.728     3.1627   2.979402    32.5520       1047     4.3583  0.000e+00
     13.695     3.1623   2.979396    32.5524       1048     4.3625  0.000e+00
     13.661     3.1620   2.979741    32.5569       1049     4.3667  0.000e+00
     13.629     3.1625   2.979622    32.5549       1050     4.3708  0.000e+00
     13.595     3.1628   2.979622    32.5546       1051     4.3750  0.000e+00
     13.554     3.1631   2.979545    32.5534       1052     4.3792  0.000e+00
     13.518     3.1632   2.979860    32.5572       1053     4.3833  0.000e+00
     13.479     3.1636   2.979938    32.5577       1054     4.3875  0.000e+00
     13.438     3.1644   2.979837    32.5558       1055     4.3917  0.000e+00
     13.401     3.1647   2.979807    32.5551       1056     4.3958  0.000e+00
     13.365     3.1646   2.979997    32.5575       1057     4.4000  0.000e+00
     13.324     3.1649   2.979825    32.5551       1058     4.4042  0.000e+00
     13.283     3.1650   2.979837    32.5552       1059     4.4083  0.000e+00
     13.247     3.1648   2.979842    32.5555       1060     4.4125  0.000e+00
     13.195     3.1648   2.979938    32.5567       1061     4.4167  0.000e+00
     13.137     3.1652   2.979920    32.5560       1062     4.4208  0.000e+00
     13.084     3.1654   2.979920    32.5559       1063     4.4250  0.000e+00
     13.022     3.1654   2.979842    32.5550       1064     4.4292  0.000e+00
     12.974     3.1652   2.979955    32.5566       1065     4.4333  0.000e+00
     12.930     3.1652   2.979866    32.5555       1066     4.4375  0.000e+00
     12.892     3.1652   2.979860    32.5555       1067     4.4417  0.000e+00
     12.867     3.1651   2.979902    32.5561       1068     4.4458  0.000e+00
     12.849     3.1650   2.979938    32.5566       1069     4.4500  0.000e+00
     12.832     3.1649   2.979866    32.5559       1070     4.4542  0.000e+00
     12.824     3.1649   2.979878    32.5561       1071     4.4583  0.000e+00
     12.819     3.1649   2.979824    32.5554       1072     4.4625  0.000e+00
     12.813     3.1649   2.979878    32.5560       1073     4.4667  0.000e+00
     12.793     3.1649   2.979824    32.5554       1074     4.4708  0.000e+00
     12.780     3.1648   2.979836    32.5556       1075     4.4750  0.000e+00
     12.760     3.1647   2.979824    32.5557       1076     4.4792  0.000e+00
     12.731     3.1647   2.979836    32.5558       1077     4.4833  0.000e+00
     12.686     3.1648   2.979884    32.5563       1078     4.4875  0.000e+00
     12.638     3.1650   2.979973    32.5572       1079     4.4917  0.000e+00
     12.580     3.1655   2.980104    32.5583       1080     4.4958  0.000e+00
     12.513     3.1661   2.980152    32.5583       1081     4.5000  0.000e+00
     12.436     3.1667   2.980146    32.5577       1082     4.5042  0.000e+00
     12.359     3.1670   2.980134    32.5573       1083     4.5083  0.000e+00
     12.278     3.1671   2.980104    32.5569       1084     4.5125  0.000e+00
     12.210     3.1671   2.980074    32.5565       1085     4.5167  0.000e+00
     12.146     3.1672   2.979973    32.5553       1086     4.5208  0.000e+00
     12.105     3.1668   2.980176    32.5581       1087     4.5250  0.000e+00
     12.075     3.1670   2.980104    32.5570       1088     4.5292  0.000e+00
     12.060     3.1672   2.979997    32.5556       1089     4.5333  0.000e+00
     12.048     3.1669   2.980164    32.5579       1090     4.5375  0.000e+00
     12.044     3.1672   2.980211    32.5581       1091     4.5417  0.000e+00
     12.050     3.1676   2.980175    32.5573       1092     4.5458  0.000e+00
     12.054     3.1677   2.980241    32.5580       1093     4.5500  0.000e+00
     12.049     3.1679   2.980175    32.5570       1094     4.5542  0.000e+00
     12.044     3.1679   2.980241    32.5578       1095     4.5583  0.000e+00
     12.027     3.1680   2.980074    32.5557       1096     4.5625  0.000e+00
     12.006     3.1678   2.980259    32.5581       1097     4.5667  0.000e+00
     11.975     3.1679   2.980015    32.5551       1098     4.5708  0.000e+00
     11.935     3.1675   2.979806    32.5530       1099     4.5750  0.000e+00
     11.886     3.1665   2.979818    32.5543       1100     4.5792  0.000e+00
     11.831     3.1658   2.979824    32.5550       1101     4.5833  0.000e+00
     11.765     3.1654   2.979818    32.5553       1102     4.5875  0.000e+00
     11.694     3.1651   2.979824    32.5558       1103     4.5917  0.000e+00
     11.628     3.1651   2.979937    32.5572       1104     4.5958  0.000e+00
     11.567     3.1653   2.979973    32.5575       1105     4.6000  0.000e+00
     11.507     3.1655   2.979973    32.5572       1106     4.6042  0.000e+00
     11.452     3.1658   2.979973    32.5570       1107     4.6083  0.000e+00
     11.410     3.1659   2.979973    32.5569       1108     4.6125  0.000e+00
     11.378     3.1659   2.979997    32.5572       1109     4.6167  0.000e+00
     11.342     3.1662   2.979997    32.5570       1110     4.6208  0.000e+00
     11.315     3.1660   2.980068    32.5580       1111     4.6250  0.000e+00
     11.288     3.1665   2.980032    32.5572       1112     4.6292  0.000e+00
     11.263     3.1667   2.979973    32.5562       1113     4.6333  0.000e+00
     11.241     3.1665   2.980015    32.5570       1114     4.6375  0.000e+00
     11.206     3.1665   2.979997    32.5568       1115     4.6417  0.000e+00
     11.168     3.1665   2.979997    32.5568       1116     4.6458  0.000e+00
     11.130     3.1662   2.979622    32.5525       1117     4.6500  0.000e+00
     11.095     3.1653   2.978889    32.5446       1118     4.6542  0.000e+00
     11.052     3.1624   2.979056    32.5496       1119     4.6583  0.000e+00
     11.009     3.1606   2.979145    32.5525       1120     4.6625  0.000e+00
     10.968     3.1600   2.979169    32.5534       1121     4.6667  0.000e+00
     10.931     3.1600   2.979187    32.5536       1122     4.6708  0.000e+00
     10.892     3.1598   2.979133    32.5533       1123     4.6750  0.000e+00
     10.861     3.1597   2.979163    32.5537       1124     4.6792  0.000e+00
     10.832     3.1598   2.979169    32.5537       1125     4.6833  0.000e+00
     10.808     3.1597   2.979127    32.5533       1126     4.6875  0.000e+00
     10.786     3.1598   2.979133    32.5533       1127     4.6917  0.000e+00
     10.768     3.1595   2.978848    32.5501       1128     4.6958  0.000e+00
     10.753     3.1586   2.978836    32.5509       1129     4.7000  0.000e+00
     10.747     3.1579   2.979068    32.5544       1130     4.7042  0.000e+00
     10.737     3.1579   2.978967    32.5532       1131     4.7083  0.000e+00
     10.726     3.1579   2.978693    32.5499       1132     4.7125  0.000e+00
     10.711     3.1571   2.979098    32.5557       1133     4.7167  0.000e+00
     10.694     3.1575   2.979306    32.5578       1134     4.7208  0.000e+00
     10.677     3.1586   2.979229    32.5557       1135     4.7250  0.000e+00
     10.644     3.1595   2.979068    32.5529       1136     4.7292  0.000e+00
     10.602     3.1592   2.979080    32.5534       1137     4.7333  0.000e+00
     10.554     3.1591   2.978907    32.5514       1138     4.7375  0.000e+00
     10.504     3.1584   2.979056    32.5539       1139     4.7417  0.000e+00
     10.431     3.1582   2.979086    32.5545       1140     4.7458  0.000e+00
     10.355     3.1582   2.978794    32.5510       1141     4.7500  0.000e+00
     10.275     3.1578   2.978830    32.5519       1142     4.7542  0.000e+00
     10.188     3.1572   2.978889    32.5533       1143     4.7583  0.000e+00
     10.113     3.1568   2.978633    32.5507       1144     4.7625  0.000e+00
     10.039     3.1562   2.978687    32.5519       1145     4.7667  0.000e+00
      9.974     3.1555   2.978592    32.5515       1146     4.7708  0.000e+00
      9.919     3.1552   2.978711    32.5533       1147     4.7750  0.000e+00
      9.877     3.1553   2.978836    32.5547       1148     4.7792  0.000e+00
      9.855     3.1563   2.978770    32.5529       1149     4.7833  0.000e+00
      9.842     3.1564   2.978722    32.5522       1150     4.7875  0.000e+00
      9.846     3.1559   2.978711    32.5526       1151     4.7917  0.000e+00
      9.865     3.1559   2.978722    32.5528       1152     4.7958  0.000e+00
      9.890     3.1559   2.978830    32.5540       1153     4.8000  0.000e+00
      9.919     3.1564   2.978966    32.5552       1154     4.8042  0.000e+00
      9.957     3.1574   2.979050    32.5552       1155     4.8083  0.000e+00
      9.984     3.1587   2.979115    32.5546       1156     4.8125  0.000e+00
     10.013     3.1596   2.979109    32.5536       1157     4.8167  0.000e+00
     10.028     3.1603   2.979115    32.5530       1158     4.8208  0.000e+00
     10.029     3.1606   2.979068    32.5521       1159     4.8250  0.000e+00
     10.020     3.1608   2.979056    32.5518       1160     4.8292  0.000e+00
      9.994     3.1607   2.979086    32.5522       1161     4.8333  0.000e+00
      9.954     3.1609   2.979187    32.5533       1162     4.8375  0.000e+00
      9.905     3.1611   2.979145    32.5525       1163     4.8417  0.000e+00
      9.843     3.1616   2.979300    32.5540       1164     4.8458  0.000e+00
      9.773     3.1622   2.979401    32.5546       1165     4.8500  0.000e+00
      9.686     3.1630   2.979282    32.5525       1166     4.8542  0.000e+00
      9.597     3.1634   2.979222    32.5514       1167     4.8583  0.000e+00
      9.512     3.1631   2.979318    32.5528       1168     4.8625  0.000e+00
      9.438     3.1633   2.979323    32.5527       1169     4.8667  0.000e+00
      9.364     3.1635   2.979544    32.5552       1170     4.8708  0.000e+00
      9.312     3.1645   2.979698    32.5562       1171     4.8750  0.000e+00
      9.266     3.1661   2.980538    32.5647       1172     4.8792  0.000e+00
      9.234     3.1701   2.980806    32.5639       1173     4.8833  0.000e+00
      9.215     3.1742   2.980633    32.5577       1174     4.8875  0.000e+00
      9.208     3.1766   2.980627    32.5552       1175     4.8917  0.000e+00
      9.210     3.1777   2.980687    32.5548       1176     4.8958  0.000e+00
      9.219     3.1787   2.980704    32.5541       1177     4.9000  0.000e+00
      9.237     3.1792   2.980687    32.5533       1178     4.9042  0.000e+00
      9.251     3.1795   2.980669    32.5527       1179     4.9083  0.000e+00
      9.268     3.1796   2.980704    32.5531       1180     4.9125  0.000e+00
      9.290     3.1797   2.980669    32.5525       1181     4.9167  0.000e+00
      9.303     3.1795   2.980371    32.5491       1182     4.9208  0.000e+00
      9.309     3.1784   2.979972    32.5454       1183     4.9250  0.000e+00
      9.316     3.1758   2.979996    32.5483       1184     4.9292  0.000e+00
      9.313     3.1738   2.979859    32.5487       1185     4.9333  0.000e+00
      9.298     3.1724   2.980067    32.5527       1186     4.9375  0.000e+00
      9.275     3.1718   2.979538    32.5469       1187     4.9417  0.000e+00
      9.246     3.1701   2.979169    32.5442       1188     4.9458  0.000e+00
      9.213     3.1668   2.979067    32.5463       1189     4.9500  0.000e+00
      9.176     3.1633   2.978966    32.5486       1190     4.9542  0.000e+00
      9.139     3.1611   2.979008    32.5513       1191     4.9583  0.000e+00
      9.106     3.1596   2.979282    32.5562       1192     4.9625  0.000e+00
      9.068     3.1602   2.979222    32.5549       1193     4.9667  0.000e+00
      9.035     3.1607   2.979186    32.5539       1194     4.9708  0.000e+00
      9.001     3.1608   2.979222    32.5543       1195     4.9750  0.000e+00
      8.968     3.1606   2.979264    32.5550       1196     4.9792  0.000e+00
      8.926     3.1605   2.979264    32.5551       1197     4.9833  0.000e+00
      8.887     3.1608   2.979210    32.5542       1198     4.9875  0.000e+00
      8.844     3.1613   2.979026    32.5515       1199     4.9917  0.000e+00
      8.803     3.1606   2.979186    32.5541       1200     4.9958  0.000e+00
      8.769     3.1601   2.978948    32.5518       1201     5.0000  0.000e+00
      8.742     3.1593   2.978966    32.5529       1202     5.0042  0.000e+00
      8.709     3.1585   2.978984    32.5539       1203     5.0083  0.000e+00
      8.693     3.1582   2.979067    32.5552       1204     5.0125  0.000e+00
      8.671     3.1584   2.979079    32.5551       1205     5.0167  0.000e+00
      8.661     3.1585   2.979204    32.5566       1206     5.0208  0.000e+00
      8.650     3.1589   2.979264    32.5569       1207     5.0250  0.000e+00
      8.642     3.1596   2.979145    32.5548       1208     5.0292  0.000e+00
      8.629     3.1597   2.979097    32.5541       1209     5.0333  0.000e+00
      8.615     3.1594   2.979085    32.5543       1210     5.0375  0.000e+00
      8.598     3.1591   2.979115    32.5549       1211     5.0417  0.000e+00
      8.573     3.1590   2.979186    32.5559       1212     5.0458  0.000e+00
      8.555     3.1593   2.979168    32.5555       1213     5.0500  0.000e+00
      8.537     3.1593   2.979026    32.5537       1214     5.0542  0.000e+00
      8.513     3.1592   2.979020    32.5537       1215     5.0583  0.000e+00
      8.484     3.1592   2.979162    32.5555       1216     5.0625  0.000e+00
      8.462     3.1598   2.979264    32.5561       1217     5.0667  0.000e+00
      8.439     3.1609   2.979264    32.5550       1218     5.0708  0.000e+00
      8.410     3.1620   2.979115    32.5521       1219     5.0750  0.000e+00
      8.389     3.1621   2.979085    32.5517       1220     5.0792  0.000e+00
      8.362     3.1617   2.978924    32.5502       1221     5.0833  0.000e+00
      8.338     3.1607   2.978948    32.5515       1222     5.0875  0.000e+00
      8.314     3.1596   2.978924    32.5523       1223     5.0917  0.000e+00
      8.296     3.1589   2.979067    32.5547       1224     5.0958  0.000e+00
      8.271     3.1597   2.979168    32.5552       1225     5.1000  0.000e+00
      8.248     3.1605   2.978889    32.5510       1226     5.1042  0.000e+00
      8.230     3.1601   2.978889    32.5514       1227     5.1083  0.000e+00
      8.211     3.1594   2.979109    32.5548       1228     5.1125  0.000e+00
      8.187     3.1600   2.979150    32.5547       1229     5.1167  0.000e+00
      8.166     3.1607   2.979186    32.5544       1230     5.1208  0.000e+00
      8.143     3.1614   2.979228    32.5542       1231     5.1250  0.000e+00
      8.118     3.1621   2.979424    32.5559       1232     5.1292  0.000e+00
      8.095     3.1632   2.979918    32.5608       1233     5.1333  0.000e+00
      8.068     3.1658   2.980508    32.5652       1234     5.1375  0.000e+00
      8.031     3.1704   2.980424    32.5596       1235     5.1417  0.000e+00
      8.001     3.1736   2.980270    32.5545       1236     5.1458  0.000e+00
      7.969     3.1749   2.980424    32.5551       1237     5.1500  0.000e+00
      7.933     3.1759   2.980406    32.5539       1238     5.1542  0.000e+00
      7.894     3.1766   2.980085    32.5494       1239     5.1583  0.000e+00
      7.854     3.1760   2.980293    32.5525       1240     5.1625  0.000e+00
