HB2501/sbe011.cnv
* Sea-Bird SBE 19plus V2 Data File:
* FileName = C:\cruise\data\sbe011.hex
* Software Version Seasave V 7.26.7.121
* Temperature SN = 6128
* Conductivity SN = 6128
* System UpLoad Time = Feb 15 2025 10:35:01
** Ship: Henry Bigelow
** Cruise:  HB2501
** Program:  ECOMON
# nquan = 7
# nvalues = 1356                                  
# units = specified
# name 0 = depSM: Depth [salt water, m], lat = 40.00
# name 1 = tv290C: Temperature [ITS-90, deg C]
# name 2 = c0S/m: Conductivity [S/m]
# name 3 = sal00: Salinity, Practical [PSU]
# name 4 = scan: Scan Count
# name 5 = timeM: Time, Elapsed [minutes]
# name 6 = flag:  0.000e+00
# span 0 =      0.182,     46.008                 
# span 1 =    -1.3586,     3.4662                 
# span 2 =   0.006360,   3.000451                 
# span 3 =     0.0545,    32.6977                 
# span 4 =         11,       1366                 
# span 5 =     0.0417,     5.6875                 
# span 6 = 0.0000e+00, 0.0000e+00                 
# interval = seconds: 0.25
# start_time = Feb 15 2025 10:35:01 [System UTC, header]
# bad_flag = -9.990e-29
*END*
[from data line 206]
     14.050     3.3640   2.966683    32.1972        217     0.9000  0.000e+00
     14.182     3.3627   2.966873    32.2008        218     0.9042  0.000e+00
     14.307     3.3614   2.966350    32.1957        219     0.9083  0.000e+00
     14.424     3.3610   2.965281    32.1833        220     0.9125  0.000e+00
     14.542     3.3615   2.963629    32.1628        221     0.9167  0.000e+00
     14.659     3.3621   2.962060    32.1434        222     0.9208  0.000e+00
     14.780     3.3633   2.960902    32.1282        223     0.9250  0.000e+00
     14.903     3.3642   2.959430    32.1097        224     0.9292  0.000e+00
     15.030     3.3643   2.957470    32.0861        225     0.9333  0.000e+00
     15.164     3.3636   2.954847    32.0552        226     0.9375  0.000e+00
     15.305     3.3618   2.951661    32.0187        227     0.9417  0.000e+00
     15.444     3.3579   2.947112    31.9680        228     0.9458  0.000e+00
     15.589     3.3510   2.943367    31.9299        229     0.9500  0.000e+00
     15.745     3.3423   2.943503    31.9400        230     0.9542  0.000e+00
     15.904     3.3341   2.947077    31.9909        231     0.9583  0.000e+00
     16.065     3.3296   2.949242    32.0212        232     0.9625  0.000e+00
     16.226     3.3298   2.954497    32.0839        233     0.9667  0.000e+00
     16.388     3.3336   2.959021    32.1343        234     0.9708  0.000e+00
     16.551     3.3392   2.962091    32.1655        235     0.9750  0.000e+00
     16.711     3.3450   2.964634    32.1902        236     0.9792  0.000e+00
     16.867     3.3499   2.966832    32.2116        237     0.9833  0.000e+00
     17.022     3.3536   2.968134    32.2235        238     0.9875  0.000e+00
     17.172     3.3569   2.968877    32.2290        239     0.9917  0.000e+00
     17.316     3.3597   2.968955    32.2271        240     0.9958  0.000e+00
     17.463     3.3624   2.968836    32.2229        241     1.0000  0.000e+00
     17.602     3.3658   2.968752    32.2184        242     1.0042  0.000e+00
     17.741     3.3691   2.968093    32.2071        243     1.0083  0.000e+00
     17.877     3.3718   2.966945    32.1906        244     1.0125  0.000e+00
     18.018     3.3737   2.965478    32.1711        245     1.0167  0.000e+00
     18.154     3.3739   2.963505    32.1472        246     1.0208  0.000e+00
     18.291     3.3722   2.958724    32.0915        247     1.0250  0.000e+00
     18.430     3.3675   2.951662    32.0114        248     1.0292  0.000e+00
     18.570     3.3580   2.945264    31.9442        249     1.0333  0.000e+00
     18.702     3.3481   2.939203    31.8812        250     1.0375  0.000e+00
     18.837     3.3419   2.934887    31.8356        251     1.0417  0.000e+00
     18.973     3.3394   2.932502    31.8094        252     1.0458  0.000e+00
     19.111     3.3388   2.931472    31.7976        253     1.0500  0.000e+00
     19.240     3.3385   2.930603    31.7874        254     1.0542  0.000e+00
     19.380     3.3375   2.929845    31.7793        255     1.0583  0.000e+00
     19.510     3.3348   2.928603    31.7669        256     1.0625  0.000e+00
     19.650     3.3311   2.926894    31.7500        257     1.0667  0.000e+00
     19.798     3.3275   2.924600    31.7260        258     1.0708  0.000e+00
     19.954     3.3246   2.922609    31.7049        259     1.0750  0.000e+00
     20.107     3.3211   2.920357    31.6813        260     1.0792  0.000e+00
     20.272     3.3159   2.918934    31.6692        261     1.0833  0.000e+00
     20.437     3.3086   2.919885    31.6877        262     1.0875  0.000e+00
     20.610     3.3004   2.925228    31.7596        263     1.0917  0.000e+00
     20.780     3.2952   2.938156    31.9197        264     1.0958  0.000e+00
     20.950     3.2972   2.951497    32.0778        265     1.1000  0.000e+00
     21.116     3.3062   2.961196    32.1852        266     1.1042  0.000e+00
     21.280     3.3183   2.967690    32.2510        267     1.1083  0.000e+00
     21.431     3.3298   2.971436    32.2844        268     1.1125  0.000e+00
     21.570     3.3393   2.973208    32.2962        269     1.1167  0.000e+00
     21.697     3.3489   2.974124    32.2975        270     1.1208  0.000e+00
     21.821     3.3575   2.974154    32.2892        271     1.1250  0.000e+00
     21.939     3.3654   2.973339    32.2715        272     1.1292  0.000e+00
     22.056     3.3715   2.970294    32.2288        273     1.1333  0.000e+00
     22.177     3.3741   2.960940    32.1141        274     1.1375  0.000e+00
     22.302     3.3688   2.947891    31.9630        275     1.1417  0.000e+00
     22.432     3.3605   2.939654    31.8725        276     1.1458  0.000e+00
     22.569     3.3600   2.933201    31.7956        277     1.1500  0.000e+00
     22.707     3.3531   2.925027    31.7045        278     1.1542  0.000e+00
     22.855     3.3292   2.919058    31.6564        279     1.1583  0.000e+00
     23.000     3.2999   2.915309    31.6401        280     1.1625  0.000e+00
     23.149     3.2446   2.914193    31.6807        281     1.1667  0.000e+00
     23.297     3.1786   2.915298    31.7587        282     1.1708  0.000e+00
     23.451     3.1252   2.919285    31.8592        283     1.1750  0.000e+00
     23.603     3.0958   2.924947    31.9565        284     1.1792  0.000e+00
     23.754     3.0866   2.931653    32.0465        285     1.1833  0.000e+00
     23.908     3.0896   2.939361    32.1365        286     1.1875  0.000e+00
     24.060     3.1049   2.951168    32.2636        287     1.1917  0.000e+00
     24.206     3.1458   2.990510    32.6977        288     1.1958  0.000e+00
     24.365     3.2245   2.995429    32.6772        289     1.2000  0.000e+00
     24.514     3.3072   2.996406    32.6054        290     1.2042  0.000e+00
     24.667     3.3648   2.996704    32.5510        291     1.2083  0.000e+00
     24.820     3.3998   2.996984    32.5191        292     1.2125  0.000e+00
     24.978     3.4206   2.997103    32.4996        293     1.2167  0.000e+00
     25.133     3.4329   2.997318    32.4898        294     1.2208  0.000e+00
     25.285     3.4404   2.997551    32.4849        295     1.2250  0.000e+00
     25.435     3.4456   2.997658    32.4810        296     1.2292  0.000e+00
     25.578     3.4490   2.997777    32.4790        297     1.2333  0.000e+00
     25.714     3.4512   2.997777    32.4767        298     1.2375  0.000e+00
     25.849     3.4524   2.997968    32.4776        299     1.2417  0.000e+00
     25.979     3.4535   2.997736    32.4737        300     1.2458  0.000e+00
     26.104     3.4536   2.997437    32.4700        301     1.2500  0.000e+00
     26.225     3.4525   2.997479    32.4715        302     1.2542  0.000e+00
     26.348     3.4513   2.996924    32.4660        303     1.2583  0.000e+00
     26.473     3.4487   2.996895    32.4682        304     1.2625  0.000e+00
     26.603     3.4462   2.996602    32.4671        305     1.2667  0.000e+00
     26.730     3.4437   2.996406    32.4672        306     1.2708  0.000e+00
     26.860     3.4411   2.996543    32.4714        307     1.2750  0.000e+00
     26.997     3.4396   2.996573    32.4732        308     1.2792  0.000e+00
     27.134     3.4392   2.996424    32.4717        309     1.2833  0.000e+00
     27.275     3.4383   2.996292    32.4709        310     1.2875  0.000e+00
     27.420     3.4371   2.996406    32.4734        311     1.2917  0.000e+00
     27.583     3.4364   2.996591    32.4762        312     1.2958  0.000e+00
     27.740     3.4367   2.996704    32.4773        313     1.3000  0.000e+00
     27.910     3.4373   2.996651    32.4759        314     1.3042  0.000e+00
     28.075     3.4379   2.996800    32.4770        315     1.3083  0.000e+00
     28.249     3.4384   2.996883    32.4774        316     1.3125  0.000e+00
     28.421     3.4391   2.996854    32.4762        317     1.3167  0.000e+00
     28.595     3.4393   2.996764    32.4749        318     1.3208  0.000e+00
     28.767     3.4390   2.996705    32.4744        319     1.3250  0.000e+00
     28.926     3.4386   2.996806    32.4759        320     1.3292  0.000e+00
     29.083     3.4384   2.996818    32.4762        321     1.3333  0.000e+00
     29.233     3.4384   2.996723    32.4750        322     1.3375  0.000e+00
     29.369     3.4380   2.996836    32.4766        323     1.3417  0.000e+00
     29.499     3.4380   2.996866    32.4769        324     1.3458  0.000e+00
     29.619     3.4384   2.996991    32.4780        325     1.3500  0.000e+00
     29.739     3.4389   2.997003    32.4775        326     1.3542  0.000e+00
     29.856     3.4394   2.996914    32.4759        327     1.3583  0.000e+00
     29.969     3.4393   2.996806    32.4747        328     1.3625  0.000e+00
     30.088     3.4389   2.996818    32.4752        329     1.3667  0.000e+00
     30.205     3.4384   2.996914    32.4768        330     1.3708  0.000e+00
     30.336     3.4385   2.997361    32.4819        331     1.3750  0.000e+00
     30.462     3.4400   2.997385    32.4806        332     1.3792  0.000e+00
     30.596     3.4415   2.997278    32.4778        333     1.3833  0.000e+00
     30.733     3.4418   2.997290    32.4775        334     1.3875  0.000e+00
     30.885     3.4420   2.997165    32.4758        335     1.3917  0.000e+00
     31.032     3.4415   2.997123    32.4757        336     1.3958  0.000e+00
     31.189     3.4410   2.997242    32.4776        337     1.4000  0.000e+00
     31.351     3.4409   2.997326    32.4786        338     1.4042  0.000e+00
     31.516     3.4411   2.997141    32.4761        339     1.4083  0.000e+00
     31.681     3.4408   2.997010    32.4747        340     1.4125  0.000e+00
     31.842     3.4399   2.997045    32.4759        341     1.4167  0.000e+00
     31.997     3.4393   2.997028    32.4763        342     1.4208  0.000e+00
     32.151     3.4387   2.997123    32.4779        343     1.4250  0.000e+00
     32.286     3.4389   2.997237    32.4790        344     1.4292  0.000e+00
     32.409     3.4398   2.997326    32.4791        345     1.4333  0.000e+00
     32.525     3.4405   2.997439    32.4797        346     1.4375  0.000e+00
     32.641     3.4413   2.997481    32.4794        347     1.4417  0.000e+00
     32.749     3.4418   2.997338    32.4771        348     1.4458  0.000e+00
     32.865     3.4419   2.997046    32.4734        349     1.4500  0.000e+00
     32.986     3.4406   2.997225    32.4768        350     1.4542  0.000e+00
     33.117     3.4400   2.996950    32.4741        351     1.4583  0.000e+00
     33.249     3.4391   2.996807    32.4732        352     1.4625  0.000e+00
     33.388     3.4378   2.997106    32.4780        353     1.4667  0.000e+00
     33.536     3.4375   2.996628    32.4725        354     1.4708  0.000e+00
     33.681     3.4361   2.996706    32.4748        355     1.4750  0.000e+00
     33.827     3.4349   2.996628    32.4749        356     1.4792  0.000e+00
     33.984     3.4342   2.996724    32.4767        357     1.4833  0.000e+00
     34.144     3.4337   2.996855    32.4786        358     1.4875  0.000e+00
     34.305     3.4342   2.997279    32.4831        359     1.4917  0.000e+00
     34.462     3.4359   2.996915    32.4770        360     1.4958  0.000e+00
     34.625     3.4362   2.996724    32.4744        361     1.5000  0.000e+00
     34.782     3.4352   2.996611    32.4739        362     1.5042  0.000e+00
     34.942     3.4341   2.996903    32.4784        363     1.5083  0.000e+00
     35.095     3.4343   2.997858    32.4896        364     1.5125  0.000e+00
     35.246     3.4377   2.997977    32.4875        365     1.5167  0.000e+00
     35.391     3.4409   2.997953    32.4839        366     1.5208  0.000e+00
     35.532     3.4434   2.998353    32.4862        367     1.5250  0.000e+00
     35.669     3.4458   2.998121    32.4809        368     1.5292  0.000e+00
     35.796     3.4471   2.998276    32.4814        369     1.5333  0.000e+00
     35.923     3.4476   2.998610    32.4848        370     1.5375  0.000e+00
     36.041     3.4493   2.998819    32.4856        371     1.5417  0.000e+00
     36.164     3.4514   2.998592    32.4807        372     1.5458  0.000e+00
     36.273     3.4522   2.998855    32.4830        373     1.5500  0.000e+00
     36.394     3.4531   2.999231    32.4865        374     1.5542  0.000e+00
     36.521     3.4549   2.998741    32.4788        375     1.5583  0.000e+00
     36.651     3.4550   2.998532    32.4761        376     1.5625  0.000e+00
     36.784     3.4539   2.998724    32.4795        377     1.5667  0.000e+00
     36.926     3.4533   2.999111    32.4846        378     1.5708  0.000e+00
     37.075     3.4544   2.999231    32.4849        379     1.5750  0.000e+00
     37.220     3.4558   2.999273    32.4838        380     1.5792  0.000e+00
     37.372     3.4571   2.999404    32.4840        381     1.5833  0.000e+00
     37.520     3.4579   2.998855    32.4766        382     1.5875  0.000e+00
     37.668     3.4569   2.998724    32.4760        383     1.5917  0.000e+00
     37.818     3.4552   2.998819    32.4787        384     1.5958  0.000e+00
     37.966     3.4543   2.998455    32.4752        385     1.6000  0.000e+00
     38.116     3.4528   2.998461    32.4766        386     1.6042  0.000e+00
     38.265     3.4514   2.998318    32.4763        387     1.6083  0.000e+00
     38.417     3.4501   2.998384    32.4783        388     1.6125  0.000e+00
     38.560     3.4492   2.998378    32.4790        389     1.6167  0.000e+00
     38.703     3.4488   2.998121    32.4763        390     1.6208  0.000e+00
     38.847     3.4475   2.998080    32.4770        391     1.6250  0.000e+00
     38.979     3.4466   2.997990    32.4768        392     1.6292  0.000e+00
     39.102     3.4456   2.997996    32.4778        393     1.6333  0.000e+00
     39.228     3.4449   2.997877    32.4770        394     1.6375  0.000e+00
     39.353     3.4440   2.997817    32.4771        395     1.6417  0.000e+00
     39.478     3.4432   2.997782    32.4774        396     1.6458  0.000e+00
     39.593     3.4426   2.997764    32.4777        397     1.6500  0.000e+00
     39.710     3.4421   2.997740    32.4779        398     1.6542  0.000e+00
     39.832     3.4417   2.997764    32.4785        399     1.6583  0.000e+00
     39.951     3.4416   2.998140    32.4831        400     1.6625  0.000e+00
     40.072     3.4425   2.998235    32.4832        401     1.6667  0.000e+00
     40.196     3.4441   2.998158    32.4807        402     1.6708  0.000e+00
     40.328     3.4447   2.997764    32.4753        403     1.6750  0.000e+00
     40.458     3.4435   2.998098    32.4804        404     1.6792  0.000e+00
     40.597     3.4434   2.998289    32.4827        405     1.6833  0.000e+00
     40.741     3.4446   2.997877    32.4765        406     1.6875  0.000e+00
     40.884     3.4440   2.998122    32.4800        407     1.6917  0.000e+00
     41.036     3.4440   2.998713    32.4869        408     1.6958  0.000e+00
     41.189     3.4462   2.998594    32.4832        409     1.7000  0.000e+00
     41.346     3.4476   2.998349    32.4788        410     1.7042  0.000e+00
     41.494     3.4476   2.998618    32.4820        411     1.7083  0.000e+00
     41.645     3.4482   2.999005    32.4859        412     1.7125  0.000e+00
     41.791     3.4498   2.998916    32.4832        413     1.7167  0.000e+00
     41.932     3.4511   2.998725    32.4795        414     1.7208  0.000e+00
     42.073     3.4510   2.998815    32.4806        415     1.7250  0.000e+00
     42.198     3.4510   2.999197    32.4851        416     1.7292  0.000e+00
     42.330     3.4524   2.999411    32.4862        417     1.7333  0.000e+00
     42.452     3.4543   2.999423    32.4844        418     1.7375  0.000e+00
     42.584     3.4556   2.999734    32.4867        419     1.7417  0.000e+00
     42.713     3.4572   2.999519    32.4825        420     1.7458  0.000e+00
