HB2501/sbe001.cnv
* Sea-Bird SBE 19plus V2 Data File:
* FileName = C:\cruise\data\sbe001.hex
* Software Version Seasave V 7.26.7.121
* Temperature SN = 6128
* Conductivity SN = 6128
* System UpLoad Time = Feb 14 2025 20:16:05
** Ship: Henry Bigelow
** Cruise:  HB2501
** Program:  ECOMON
# nquan = 7
# nvalues = 1190                                  
# units = specified
# name 0 = depSM: Depth [salt water, m], lat = 40.00
# name 1 = tv290C: Temperature [ITS-90, deg C]
# name 2 = c0S/m: Conductivity [S/m]
# name 3 = sal00: Salinity, Practical [PSU]
# name 4 = scan: Scan Count
# name 5 = timeM: Time, Elapsed [minutes]
# name 6 = flag:  0.000e+00
# span 0 =      0.160,     20.789                 
# span 1 =     1.7540,     5.2013                 
# span 2 =  -0.000026,   3.169896                 
# span 3 =     0.0000,    32.8898                 
# span 4 =         11,       1200                 
# span 5 =     0.0417,     4.9958                 
# span 6 = 0.0000e+00, 0.0000e+00                 
# interval = seconds: 0.25
# start_time = Feb 14 2025 20:16:05 [System UTC, header]
# bad_flag = -9.990e-29
*END*
[from data line 206]
      7.879     4.9041   3.124266    32.5333        217     0.9000  0.000e+00
      7.934     4.9053   3.123969    32.5287        218     0.9042  0.000e+00
      7.993     4.9072   3.124145    32.5288        219     0.9083  0.000e+00
      8.056     4.9113   3.124284    32.5264        220     0.9125  0.000e+00
      8.129     4.9168   3.124860    32.5276        221     0.9167  0.000e+00
      8.212     4.9252   3.125018    32.5212        222     0.9208  0.000e+00
      8.302     4.9337   3.124460    32.5064        223     0.9250  0.000e+00
      8.397     4.9397   3.123575    32.4903        224     0.9292  0.000e+00
      8.513     4.9442   3.122605    32.4747        225     0.9333  0.000e+00
      8.626     4.9474   3.121872    32.4631        226     0.9375  0.000e+00
      8.733     4.9491   3.120302    32.4433        227     0.9417  0.000e+00
      8.837     4.9490   3.119394    32.4329        228     0.9458  0.000e+00
      8.952     4.9477   3.119036    32.4299        229     0.9500  0.000e+00
      9.052     4.9460   3.119139    32.4328        230     0.9542  0.000e+00
      9.147     4.9459   3.121860    32.4641        231     0.9583  0.000e+00
      9.239     4.9475   3.124994    32.4986        232     0.9625  0.000e+00
      9.320     4.9494   3.126309    32.5118        233     0.9667  0.000e+00
      9.398     4.9500   3.127959    32.5301        234     0.9708  0.000e+00
      9.459     4.9495   3.128674    32.5388        235     0.9750  0.000e+00
      9.518     4.9493   3.129366    32.5470        236     0.9792  0.000e+00
      9.570     4.9489   3.129936    32.5539        237     0.9833  0.000e+00
      9.625     4.9487   3.130355    32.5589        238     0.9875  0.000e+00
      9.680     4.9476   3.130416    32.5606        239     0.9917  0.000e+00
      9.735     4.9463   3.130318    32.5608        240     0.9958  0.000e+00
      9.794     4.9450   3.130276    32.5616        241     1.0000  0.000e+00
      9.857     4.9437   3.130294    32.5629        242     1.0042  0.000e+00
      9.919     4.9429   3.129979    32.5601        243     1.0083  0.000e+00
      9.993     4.9432   3.129366    32.5527        244     1.0125  0.000e+00
     10.059     4.9447   3.128808    32.5448        245     1.0167  0.000e+00
     10.129     4.9474   3.128238    32.5355        246     1.0208  0.000e+00
     10.203     4.9509   3.127686    32.5257        247     1.0250  0.000e+00
     10.276     4.9537   3.126855    32.5134        248     1.0292  0.000e+00
     10.360     4.9551   3.126164    32.5041        249     1.0333  0.000e+00
     10.442     4.9554   3.125509    32.4961        250     1.0375  0.000e+00
     10.527     4.9558   3.125255    32.4928        251     1.0417  0.000e+00
     10.610     4.9567   3.126734    32.5089        252     1.0458  0.000e+00
     10.704     4.9588   3.127941    32.5207        253     1.0500  0.000e+00
     10.790     4.9625   3.129245    32.5321        254     1.0542  0.000e+00
     10.891     4.9667   3.141495    32.6689        255     1.0583  0.000e+00
     10.995     4.9752   3.144223    32.6918        256     1.0625  0.000e+00
     11.101     4.9873   3.145572    32.6954        257     1.0667  0.000e+00
     11.220     4.9970   3.145912    32.6897        258     1.0708  0.000e+00
     11.330     5.0038   3.146350    32.6881        259     1.0750  0.000e+00
     11.437     5.0092   3.146410    32.6834        260     1.0792  0.000e+00
     11.524     5.0134   3.146526    32.6806        261     1.0833  0.000e+00
     11.610     5.0161   3.146745    32.6803        262     1.0875  0.000e+00
     11.680     5.0186   3.147103    32.6821        263     1.0917  0.000e+00
     11.744     5.0206   3.147243    32.6817        264     1.0958  0.000e+00
     11.799     5.0219   3.146848    32.6757        265     1.1000  0.000e+00
     11.838     5.0230   3.147322    32.6801        266     1.1042  0.000e+00
     11.873     5.0234   3.147286    32.6793        267     1.1083  0.000e+00
     11.902     5.0239   3.147401    32.6801        268     1.1125  0.000e+00
     11.931     5.0242   3.147146    32.6769        269     1.1167  0.000e+00
     11.963     5.0237   3.147286    32.6790        270     1.1208  0.000e+00
     12.008     5.0237   3.147444    32.6808        271     1.1250  0.000e+00
     12.056     5.0242   3.147602    32.6821        272     1.1292  0.000e+00
     12.112     5.0250   3.147742    32.6829        273     1.1333  0.000e+00
     12.175     5.0260   3.147961    32.6843        274     1.1375  0.000e+00
     12.238     5.0270   3.148040    32.6843        275     1.1417  0.000e+00
     12.313     5.0282   3.148161    32.6844        276     1.1458  0.000e+00
     12.385     5.0293   3.147839    32.6796        277     1.1500  0.000e+00
     12.462     5.0291   3.147207    32.6725        278     1.1542  0.000e+00
     12.538     5.0267   3.146806    32.6702        279     1.1583  0.000e+00
     12.616     5.0239   3.146240    32.6664        280     1.1625  0.000e+00
     12.703     5.0207   3.146168    32.6687        281     1.1667  0.000e+00
     12.797     5.0180   3.145730    32.6663        282     1.1708  0.000e+00
     12.894     5.0153   3.145669    32.6682        283     1.1750  0.000e+00
     13.007     5.0130   3.145809    32.6720        284     1.1792  0.000e+00
     13.117     5.0121   3.146551    32.6813        285     1.1833  0.000e+00
     13.234     5.0135   3.147067    32.6859        286     1.1875  0.000e+00
     13.357     5.0158   3.146368    32.6754        287     1.1917  0.000e+00
     13.486     5.0161   3.145475    32.6648        288     1.1958  0.000e+00
     13.607     5.0135   3.145633    32.6691        289     1.2000  0.000e+00
     13.725     5.0116   3.145633    32.6710        290     1.2042  0.000e+00
     13.831     5.0104   3.145627    32.6720        291     1.2083  0.000e+00
     13.924     5.0098   3.145712    32.6736        292     1.2125  0.000e+00
     14.002     5.0099   3.145974    32.6764        293     1.2167  0.000e+00
     14.069     5.0102   3.145536    32.6710        294     1.2208  0.000e+00
     14.123     5.0099   3.145414    32.6699        295     1.2250  0.000e+00
     14.165     5.0087   3.145135    32.6678        296     1.2292  0.000e+00
     14.200     5.0079   3.145512    32.6729        297     1.2333  0.000e+00
     14.226     5.0078   3.145694    32.6752        298     1.2375  0.000e+00
     14.244     5.0082   3.145755    32.6754        299     1.2417  0.000e+00
     14.264     5.0088   3.145834    32.6757        300     1.2458  0.000e+00
     14.285     5.0096   3.145992    32.6768        301     1.2500  0.000e+00
     14.313     5.0102   3.146192    32.6785        302     1.2542  0.000e+00
     14.345     5.0113   3.146703    32.6832        303     1.2583  0.000e+00
     14.399     5.0133   3.147445    32.6898        304     1.2625  0.000e+00
     14.459     5.0167   3.148363    32.6970        305     1.2667  0.000e+00
     14.539     5.0217   3.147943    32.6872        306     1.2708  0.000e+00
     14.624     5.0242   3.146746    32.6710        307     1.2750  0.000e+00
     14.726     5.0225   3.146211    32.6663        308     1.2792  0.000e+00
     14.827     5.0190   3.146107    32.6686        309     1.2833  0.000e+00
     14.927     5.0161   3.146193    32.6723        310     1.2875  0.000e+00
     15.032     5.0147   3.146588    32.6782        311     1.2917  0.000e+00
     15.136     5.0147   3.146709    32.6795        312     1.2958  0.000e+00
     15.238     5.0153   3.146089    32.6718        313     1.3000  0.000e+00
     15.338     5.0144   3.145652    32.6676        314     1.3042  0.000e+00
     15.448     5.0121   3.145494    32.6680        315     1.3083  0.000e+00
     15.549     5.0101   3.147682    32.6951        316     1.3125  0.000e+00
     15.647     5.0143   3.150692    32.7255        317     1.3167  0.000e+00
     15.734     5.0261   3.151610    32.7244        318     1.3208  0.000e+00
     15.818     5.0388   3.150850    32.7032        319     1.3250  0.000e+00
     15.905     5.0447   3.151768    32.7078        320     1.3292  0.000e+00
     15.982     5.0495   3.152924    32.7164        321     1.3333  0.000e+00
     16.056     5.0558   3.153764    32.7198        322     1.3375  0.000e+00
     16.130     5.0628   3.154682    32.7235        323     1.3417  0.000e+00
     16.191     5.0702   3.155382    32.7242        324     1.3458  0.000e+00
     16.257     5.0767   3.155637    32.7207        325     1.3500  0.000e+00
     16.313     5.0817   3.155838    32.7181        326     1.3542  0.000e+00
     16.372     5.0852   3.156520    32.7224        327     1.3583  0.000e+00
     16.414     5.0891   3.157555    32.7305        328     1.3625  0.000e+00
     16.457     5.0945   3.159295    32.7452        329     1.3667  0.000e+00
     16.498     5.1030   3.161457    32.7615        330     1.3708  0.000e+00
     16.536     5.1150   3.161073    32.7454        331     1.3750  0.000e+00
     16.585     5.1257   3.162395    32.7499        332     1.3792  0.000e+00
     16.633     5.1330   3.161920    32.7373        333     1.3833  0.000e+00
     16.695     5.1365   3.161298    32.7268        334     1.3875  0.000e+00
     16.760     5.1365   3.160635    32.7191        335     1.3917  0.000e+00
     16.833     5.1341   3.160056    32.7148        336     1.3958  0.000e+00
     16.921     5.1304   3.159454    32.7115        337     1.4000  0.000e+00
     17.016     5.1266   3.159618    32.7171        338     1.4042  0.000e+00
     17.119     5.1239   3.159356    32.7167        339     1.4083  0.000e+00
     17.222     5.1219   3.159575    32.7211        340     1.4125  0.000e+00
     17.338     5.1209   3.160215    32.7293        341     1.4167  0.000e+00
     17.442     5.1222   3.160879    32.7356        342     1.4208  0.000e+00
     17.555     5.1251   3.162139    32.7471        343     1.4250  0.000e+00
     17.652     5.1306   3.162955    32.7510        344     1.4292  0.000e+00
     17.746     5.1369   3.162316    32.7375        345     1.4333  0.000e+00
     17.834     5.1399   3.161999    32.7309        346     1.4375  0.000e+00
     17.902     5.1411   3.163741    32.7497        347     1.4417  0.000e+00
     17.966     5.1453   3.164984    32.7597        348     1.4458  0.000e+00
     18.016     5.1520   3.165355    32.7574        349     1.4500  0.000e+00
     18.051     5.1581   3.165824    32.7567        350     1.4542  0.000e+00
     18.084     5.1631   3.166001    32.7538        351     1.4583  0.000e+00
     18.108     5.1670   3.166025    32.7502        352     1.4625  0.000e+00
     18.124     5.1694   3.166104    32.7488        353     1.4667  0.000e+00
     18.140     5.1710   3.166184    32.7482        354     1.4708  0.000e+00
     18.175     5.1721   3.166062    32.7456        355     1.4750  0.000e+00
     18.210     5.1726   3.165660    32.7405        356     1.4792  0.000e+00
     18.264     5.1717   3.165282    32.7371        357     1.4833  0.000e+00
     18.326     5.1697   3.164600    32.7311        358     1.4875  0.000e+00
     18.409     5.1666   3.164539    32.7335        359     1.4917  0.000e+00
     18.494     5.1640   3.164679    32.7376        360     1.4958  0.000e+00
     18.587     5.1628   3.165502    32.7481        361     1.5000  0.000e+00
     18.680     5.1643   3.166385    32.7568        362     1.5042  0.000e+00
     18.778     5.1682   3.166824    32.7579        363     1.5083  0.000e+00
     18.879     5.1724   3.166623    32.7514        364     1.5125  0.000e+00
     18.966     5.1748   3.166684    32.7497        365     1.5167  0.000e+00
     19.053     5.1758   3.166422    32.7457        366     1.5208  0.000e+00
     19.138     5.1760   3.166665    32.7482        367     1.5250  0.000e+00
     19.206     5.1765   3.167208    32.7539        368     1.5292  0.000e+00
     19.273     5.1784   3.167689    32.7575        369     1.5333  0.000e+00
     19.331     5.1811   3.167805    32.7562        370     1.5375  0.000e+00
     19.384     5.1835   3.167445    32.7497        371     1.5417  0.000e+00
     19.433     5.1840   3.167506    32.7498        372     1.5458  0.000e+00
     19.493     5.1840   3.167269    32.7471        373     1.5500  0.000e+00
     19.556     5.1834   3.166885    32.7433        374     1.5542  0.000e+00
     19.623     5.1819   3.166245    32.7374        375     1.5583  0.000e+00
     19.684     5.1791   3.166306    32.7408        376     1.5625  0.000e+00
     19.747     5.1768   3.166288    32.7428        377     1.5667  0.000e+00
     19.813     5.1756   3.166605    32.7476        378     1.5708  0.000e+00
     19.876     5.1757   3.166903    32.7509        379     1.5750  0.000e+00
     19.937     5.1767   3.167269    32.7541        380     1.5792  0.000e+00
     19.984     5.1785   3.167409    32.7539        381     1.5833  0.000e+00
     20.037     5.1803   3.167665    32.7551        382     1.5875  0.000e+00
     20.090     5.1822   3.167909    32.7560        383     1.5917  0.000e+00
     20.148     5.1840   3.168006    32.7552        384     1.5958  0.000e+00
     20.201     5.1856   3.167970    32.7533        385     1.6000  0.000e+00
     20.259     5.1864   3.167610    32.7483        386     1.6042  0.000e+00
     20.311     5.1859   3.167043    32.7422        387     1.6083  0.000e+00
     20.365     5.1839   3.166525    32.7382        388     1.6125  0.000e+00
     20.421     5.1809   3.165642    32.7311        389     1.6167  0.000e+00
     20.485     5.1763   3.165240    32.7310        390     1.6208  0.000e+00
     20.522     5.1720   3.165021    32.7327        391     1.6250  0.000e+00
     20.554     5.1684   3.164442    32.7295        392     1.6292  0.000e+00
     20.563     5.1651   3.164058    32.7284        393     1.6333  0.000e+00
     20.569     5.1628   3.164759    32.7386        394     1.6375  0.000e+00
     20.579     5.1618   3.164844    32.7406        395     1.6417  0.000e+00
     20.604     5.1618   3.165222    32.7449        396     1.6458  0.000e+00
     20.627     5.1625   3.165344    32.7456        397     1.6500  0.000e+00
     20.655     5.1636   3.164643    32.7365        398     1.6542  0.000e+00
     20.687     5.1627   3.163656    32.7261        399     1.6583  0.000e+00
     20.714     5.1592   3.163297    32.7254        400     1.6625  0.000e+00
     20.741     5.1553   3.163699    32.7337        401     1.6667  0.000e+00
     20.767     5.1537   3.164662    32.7464        402     1.6708  0.000e+00
     20.777     5.1556   3.165886    32.7585        403     1.6750  0.000e+00
     20.789     5.1605   3.166715    32.7632        404     1.6792  0.000e+00
     20.787     5.1667   3.167105    32.7615        405     1.6833  0.000e+00
     20.772     5.1718   3.166526    32.7499        406     1.6875  0.000e+00
     20.752     5.1731   3.167068    32.7548        407     1.6917  0.000e+00
     20.720     5.1755   3.166507    32.7462        408     1.6958  0.000e+00
     20.676     5.1760   3.167464    32.7566        409     1.7000  0.000e+00
     20.625     5.1782   3.168348    32.7646        410     1.7042  0.000e+00
     20.566     5.1828   3.169335    32.7714        411     1.7083  0.000e+00
     20.513     5.1884   3.169591    32.7689        412     1.7125  0.000e+00
     20.448     5.1935   3.169451    32.7623        413     1.7167  0.000e+00
     20.387     5.1964   3.168573    32.7495        414     1.7208  0.000e+00
     20.329     5.1957   3.166562    32.7271        415     1.7250  0.000e+00
     20.280     5.1894   3.165965    32.7265        416     1.7292  0.000e+00
     20.239     5.1823   3.165240    32.7252        417     1.7333  0.000e+00
     20.210     5.1748   3.166142    32.7429        418     1.7375  0.000e+00
     20.193     5.1729   3.164539    32.7264        419     1.7417  0.000e+00
     20.192     5.1690   3.163997    32.7240        420     1.7458  0.000e+00
