HB2501/sbe009.cnv
* Sea-Bird SBE 19plus V2 Data File:
* FileName = C:\cruise\data\sbe009.hex
* Software Version Seasave V 7.26.7.121
* Temperature SN = 6128
* Conductivity SN = 6128
* System UpLoad Time = Feb 15 2025 09:05:00
** Ship: Henry Bigelow
** Cruise:  HB2501
** Program:  ECOMON
# nquan = 7
# nvalues = 1392                                  
# units = specified
# name 0 = depSM: Depth [salt water, m], lat = 40.00
# name 1 = tv290C: Temperature [ITS-90, deg C]
# name 2 = c0S/m: Conductivity [S/m]
# name 3 = sal00: Salinity, Practical [PSU]
# name 4 = scan: Scan Count
# name 5 = timeM: Time, Elapsed [minutes]
# name 6 = flag:  0.000e+00
# span 0 =      0.159,     46.630                 
# span 1 =    -0.9692,     4.9773                 
# span 2 =   0.006004,   3.151735                 
# span 3 =     0.0507,    33.6149                 
# span 4 =         11,       1402                 
# span 5 =     0.0417,     5.8375                 
# span 6 = 0.0000e+00, 0.0000e+00                 
# interval = seconds: 0.25
# start_time = Feb 15 2025 09:05:00 [System UTC, header]
# bad_flag = -9.990e-29
*END*
[from data line 411]
     45.642     4.9505   3.151280    32.7797        422     1.7542  0.000e+00
     45.779     4.9513   3.151280    32.7789        423     1.7583  0.000e+00
     45.915     4.9518   3.151298    32.7785        424     1.7625  0.000e+00
     46.055     4.9521   3.151261    32.7777        425     1.7667  0.000e+00
     46.201     4.9523   3.151334    32.7783        426     1.7708  0.000e+00
     46.343     4.9525   3.151377    32.7785        427     1.7750  0.000e+00
     46.502     4.9532   3.151420    32.7782        428     1.7792  0.000e+00
     46.586     4.9536   3.151341    32.7769        429     1.7833  0.000e+00
     46.630     4.9534   3.151402    32.7778        430     1.7875  0.000e+00
     46.617     4.9534   3.151481    32.7787        431     1.7917  0.000e+00
     46.569     4.9538   3.151438    32.7778        432     1.7958  0.000e+00
     46.526     4.9539   3.151481    32.7782        433     1.8000  0.000e+00
     46.509     4.9541   3.151499    32.7783        434     1.8042  0.000e+00
     46.479     4.9541   3.151462    32.7779        435     1.8083  0.000e+00
     46.421     4.9541   3.151401    32.7772        436     1.8125  0.000e+00
     46.356     4.9538   3.151401    32.7775        437     1.8167  0.000e+00
     46.311     4.9533   3.151377    32.7777        438     1.8208  0.000e+00
     46.269     4.9529   3.151377    32.7781        439     1.8250  0.000e+00
     46.225     4.9530   3.151401    32.7784        440     1.8292  0.000e+00
     46.172     4.9527   3.151359    32.7782        441     1.8333  0.000e+00
     46.107     4.9526   3.151359    32.7783        442     1.8375  0.000e+00
     46.028     4.9525   3.151377    32.7787        443     1.8417  0.000e+00
     46.007     4.9526   3.151377    32.7786        444     1.8458  0.000e+00
     45.978     4.9525   3.151359    32.7785        445     1.8500  0.000e+00
     45.969     4.9525   3.151377    32.7787        446     1.8542  0.000e+00
     45.964     4.9525   3.151340    32.7783        447     1.8583  0.000e+00
     45.958     4.9525   3.151340    32.7783        448     1.8625  0.000e+00
     45.942     4.9526   3.151377    32.7786        449     1.8667  0.000e+00
     45.924     4.9528   3.151377    32.7785        450     1.8708  0.000e+00
     45.916     4.9529   3.151438    32.7791        451     1.8750  0.000e+00
     45.906     4.9532   3.151499    32.7795        452     1.8792  0.000e+00
     45.879     4.9537   3.151529    32.7794        453     1.8833  0.000e+00
     45.852     4.9544   3.151559    32.7790        454     1.8875  0.000e+00
     45.812     4.9547   3.151578    32.7789        455     1.8917  0.000e+00
     45.772     4.9550   3.151541    32.7783        456     1.8958  0.000e+00
     45.732     4.9551   3.151499    32.7777        457     1.9000  0.000e+00
     45.695     4.9550   3.151480    32.7776        458     1.9042  0.000e+00
     45.661     4.9547   3.151499    32.7781        459     1.9083  0.000e+00
     45.619     4.9547   3.151541    32.7786        460     1.9125  0.000e+00
     45.575     4.9546   3.151638    32.7798        461     1.9167  0.000e+00
     45.523     4.9552   3.151638    32.7793        462     1.9208  0.000e+00
     45.462     4.9557   3.151638    32.7788        463     1.9250  0.000e+00
     45.398     4.9560   3.151638    32.7785        464     1.9292  0.000e+00
     45.330     4.9561   3.151577    32.7778        465     1.9333  0.000e+00
     45.264     4.9560   3.151541    32.7775        466     1.9375  0.000e+00
     45.193     4.9557   3.151547    32.7779        467     1.9417  0.000e+00
     45.124     4.9554   3.151541    32.7782        468     1.9458  0.000e+00
     45.053     4.9553   3.151559    32.7785        469     1.9500  0.000e+00
     44.985     4.9554   3.151596    32.7788        470     1.9542  0.000e+00
     44.927     4.9556   3.151620    32.7790        471     1.9583  0.000e+00
     44.863     4.9558   3.151656    32.7792        472     1.9625  0.000e+00
     44.800     4.9563   3.151656    32.7788        473     1.9667  0.000e+00
     44.737     4.9566   3.151596    32.7778        474     1.9708  0.000e+00
     44.662     4.9566   3.151559    32.7775        475     1.9750  0.000e+00
     44.597     4.9563   3.151559    32.7778        476     1.9792  0.000e+00
     44.523     4.9561   3.151638    32.7789        477     1.9833  0.000e+00
     44.448     4.9563   3.151638    32.7788        478     1.9875  0.000e+00
     44.388     4.9566   3.151638    32.7785        479     1.9917  0.000e+00
     44.334     4.9568   3.151681    32.7788        480     1.9958  0.000e+00
     44.281     4.9571   3.151674    32.7785        481     2.0000  0.000e+00
     44.231     4.9573   3.151656    32.7781        482     2.0042  0.000e+00
     44.185     4.9573   3.151681    32.7784        483     2.0083  0.000e+00
     44.145     4.9574   3.151681    32.7783        484     2.0125  0.000e+00
     44.107     4.9575   3.151717    32.7786        485     2.0167  0.000e+00
     44.077     4.9577   3.151699    32.7783        486     2.0208  0.000e+00
     44.049     4.9579   3.151680    32.7779        487     2.0250  0.000e+00
     44.013     4.9580   3.151680    32.7778        488     2.0292  0.000e+00
     43.981     4.9580   3.151680    32.7778        489     2.0333  0.000e+00
     43.941     4.9579   3.151656    32.7777        490     2.0375  0.000e+00
     43.891     4.9576   3.151680    32.7783        491     2.0417  0.000e+00
     43.830     4.9576   3.151620    32.7776        492     2.0458  0.000e+00
     43.758     4.9573   3.151620    32.7779        493     2.0500  0.000e+00
     43.687     4.9573   3.151638    32.7782        494     2.0542  0.000e+00
     43.611     4.9572   3.151632    32.7783        495     2.0583  0.000e+00
     43.531     4.9570   3.151638    32.7785        496     2.0625  0.000e+00
     43.452     4.9572   3.151656    32.7786        497     2.0667  0.000e+00
     43.365     4.9574   3.151656    32.7784        498     2.0708  0.000e+00
     43.276     4.9575   3.151717    32.7790        499     2.0750  0.000e+00
     43.181     4.9579   3.151717    32.7787        500     2.0792  0.000e+00
     43.078     4.9582   3.151698    32.7782        501     2.0833  0.000e+00
     42.973     4.9584   3.151735    32.7786        502     2.0875  0.000e+00
     42.864     4.9586   3.151717    32.7782        503     2.0917  0.000e+00
     42.756     4.9587   3.151717    32.7782        504     2.0958  0.000e+00
     42.647     4.9589   3.151698    32.7778        505     2.1000  0.000e+00
     42.538     4.9589   3.151698    32.7779        506     2.1042  0.000e+00
     42.429     4.9588   3.151656    32.7776        507     2.1083  0.000e+00
     42.331     4.9585   3.151650    32.7778        508     2.1125  0.000e+00
     42.233     4.9583   3.151637    32.7779        509     2.1167  0.000e+00
     42.152     4.9583   3.151619    32.7778        510     2.1208  0.000e+00
     42.070     4.9580   3.151576    32.7776        511     2.1250  0.000e+00
     41.995     4.9576   3.151595    32.7782        512     2.1292  0.000e+00
     41.922     4.9576   3.151576    32.7781        513     2.1333  0.000e+00
     41.850     4.9576   3.151558    32.7778        514     2.1375  0.000e+00
     41.785     4.9574   3.151558    32.7781        515     2.1417  0.000e+00
     41.711     4.9573   3.151558    32.7782        516     2.1458  0.000e+00
     41.645     4.9572   3.151558    32.7784        517     2.1500  0.000e+00
     41.581     4.9571   3.151540    32.7783        518     2.1542  0.000e+00
     41.514     4.9570   3.151515    32.7781        519     2.1583  0.000e+00
     41.452     4.9569   3.151540    32.7785        520     2.1625  0.000e+00
     41.387     4.9570   3.151515    32.7782        521     2.1667  0.000e+00
     41.322     4.9569   3.151503    32.7782        522     2.1708  0.000e+00
     41.255     4.9569   3.151497    32.7782        523     2.1750  0.000e+00
     41.186     4.9569   3.151515    32.7784        524     2.1792  0.000e+00
     41.110     4.9570   3.151515    32.7784        525     2.1833  0.000e+00
     41.025     4.9569   3.151497    32.7782        526     2.1875  0.000e+00
     40.935     4.9568   3.151497    32.7784        527     2.1917  0.000e+00
     40.843     4.9570   3.151479    32.7781        528     2.1958  0.000e+00
     40.740     4.9568   3.151515    32.7787        529     2.2000  0.000e+00
     40.631     4.9570   3.151515    32.7786        530     2.2042  0.000e+00
     40.522     4.9572   3.151479    32.7781        531     2.2083  0.000e+00
     40.417     4.9571   3.151497    32.7784        532     2.2125  0.000e+00
     40.310     4.9571   3.151436    32.7777        533     2.2167  0.000e+00
     40.211     4.9569   3.151436    32.7780        534     2.2208  0.000e+00
     40.113     4.9569   3.151479    32.7785        535     2.2250  0.000e+00
     40.024     4.9569   3.151527    32.7791        536     2.2292  0.000e+00
     39.937     4.9572   3.151539    32.7791        537     2.2333  0.000e+00
     39.862     4.9575   3.151539    32.7787        538     2.2375  0.000e+00
     39.786     4.9576   3.151558    32.7789        539     2.2417  0.000e+00
     39.713     4.9580   3.151558    32.7786        540     2.2458  0.000e+00
     39.635     4.9581   3.151515    32.7780        541     2.2500  0.000e+00
     39.561     4.9582   3.151539    32.7783        542     2.2542  0.000e+00
     39.488     4.9580   3.151576    32.7789        543     2.2583  0.000e+00
     39.417     4.9583   3.151539    32.7782        544     2.2625  0.000e+00
     39.343     4.9583   3.151515    32.7780        545     2.2667  0.000e+00
     39.267     4.9581   3.151497    32.7780        546     2.2708  0.000e+00
     39.198     4.9580   3.151497    32.7781        547     2.2750  0.000e+00
     39.124     4.9580   3.151496    32.7782        548     2.2792  0.000e+00
     39.055     4.9579   3.151569    32.7791        549     2.2833  0.000e+00
     38.979     4.9581   3.151576    32.7791        550     2.2875  0.000e+00
     38.897     4.9584   3.151496    32.7778        551     2.2917  0.000e+00
     38.816     4.9583   3.151496    32.7780        552     2.2958  0.000e+00
     38.731     4.9582   3.151496    32.7781        553     2.3000  0.000e+00
     38.644     4.9581   3.151496    32.7783        554     2.3042  0.000e+00
     38.553     4.9580   3.151436    32.7778        555     2.3083  0.000e+00
     38.463     4.9578   3.151417    32.7778        556     2.3125  0.000e+00
     38.369     4.9577   3.151417    32.7779        557     2.3167  0.000e+00
     38.282     4.9575   3.151478    32.7788        558     2.3208  0.000e+00
     38.198     4.9576   3.151478    32.7788        559     2.3250  0.000e+00
     38.115     4.9579   3.151417    32.7779        560     2.3292  0.000e+00
     38.035     4.9577   3.151417    32.7781        561     2.3333  0.000e+00
     37.958     4.9574   3.151399    32.7782        562     2.3375  0.000e+00
     37.880     4.9575   3.151374    32.7779        563     2.3417  0.000e+00
     37.804     4.9573   3.151356    32.7779        564     2.3458  0.000e+00
     37.735     4.9572   3.151417    32.7787        565     2.3500  0.000e+00
     37.661     4.9573   3.151320    32.7776        566     2.3542  0.000e+00
     37.589     4.9571   3.151216    32.7766        567     2.3583  0.000e+00
     37.516     4.9565   3.151198    32.7770        568     2.3625  0.000e+00
     37.442     4.9559   3.151198    32.7776        569     2.3667  0.000e+00
     37.370     4.9555   3.151180    32.7779        570     2.3708  0.000e+00
     37.292     4.9554   3.151180    32.7780        571     2.3750  0.000e+00
     37.220     4.9554   3.151180    32.7781        572     2.3792  0.000e+00
     37.148     4.9551   3.151198    32.7786        573     2.3833  0.000e+00
     37.074     4.9551   3.151198    32.7786        574     2.3875  0.000e+00
     36.996     4.9551   3.151198    32.7787        575     2.3917  0.000e+00
     36.917     4.9551   3.151155    32.7782        576     2.3958  0.000e+00
     36.841     4.9550   3.151186    32.7787        577     2.4000  0.000e+00
     36.760     4.9551   3.151180    32.7786        578     2.4042  0.000e+00
     36.671     4.9552   3.151198    32.7787        579     2.4083  0.000e+00
     36.585     4.9553   3.151319    32.7800        580     2.4125  0.000e+00
     36.503     4.9556   3.151319    32.7798        581     2.4167  0.000e+00
     36.409     4.9563   3.151338    32.7794        582     2.4208  0.000e+00
     36.314     4.9566   3.151338    32.7792        583     2.4250  0.000e+00
     36.230     4.9568   3.151277    32.7783        584     2.4292  0.000e+00
     36.136     4.9568   3.151295    32.7786        585     2.4333  0.000e+00
     36.048     4.9568   3.151319    32.7789        586     2.4375  0.000e+00
     35.969     4.9569   3.151337    32.7790        587     2.4417  0.000e+00
     35.882     4.9572   3.151319    32.7786        588     2.4458  0.000e+00
     35.806     4.9573   3.151319    32.7785        589     2.4500  0.000e+00
     35.734     4.9574   3.151356    32.7788        590     2.4542  0.000e+00
     35.662     4.9575   3.151252    32.7776        591     2.4583  0.000e+00
     35.599     4.9574   3.151258    32.7778        592     2.4625  0.000e+00
     35.527     4.9570   3.151234    32.7780        593     2.4667  0.000e+00
     35.468     4.9568   3.151258    32.7784        594     2.4708  0.000e+00
     35.413     4.9567   3.151276    32.7788        595     2.4750  0.000e+00
     35.348     4.9569   3.151179    32.7775        596     2.4792  0.000e+00
     35.284     4.9565   3.151136    32.7774        597     2.4833  0.000e+00
     35.221     4.9563   3.151100    32.7773        598     2.4875  0.000e+00
     35.156     4.9560   3.151136    32.7780        599     2.4917  0.000e+00
     35.085     4.9558   3.150997    32.7766        600     2.4958  0.000e+00
     34.995     4.9552   3.150960    32.7769        601     2.5000  0.000e+00
     34.917     4.9546   3.150960    32.7775        602     2.5042  0.000e+00
     34.836     4.9541   3.150960    32.7780        603     2.5083  0.000e+00
     34.751     4.9537   3.150954    32.7784        604     2.5125  0.000e+00
     34.677     4.9536   3.150936    32.7783        605     2.5167  0.000e+00
     34.601     4.9534   3.150960    32.7788        606     2.5208  0.000e+00
     34.533     4.9536   3.150899    32.7779        607     2.5250  0.000e+00
     34.467     4.9535   3.150936    32.7786        608     2.5292  0.000e+00
     34.409     4.9535   3.150996    32.7793        609     2.5333  0.000e+00
     34.346     4.9538   3.150996    32.7790        610     2.5375  0.000e+00
     34.278     4.9542   3.151015    32.7789        611     2.5417  0.000e+00
     34.209     4.9544   3.150996    32.7784        612     2.5458  0.000e+00
     34.131     4.9545   3.151039    32.7789        613     2.5500  0.000e+00
     34.049     4.9550   3.151039    32.7785        614     2.5542  0.000e+00
     33.963     4.9553   3.151154    32.7795        615     2.5583  0.000e+00
     33.876     4.9559   3.151233    32.7799        616     2.5625  0.000e+00
     33.786     4.9568   3.151355    32.7805        617     2.5667  0.000e+00
     33.690     4.9580   3.151355    32.7793        618     2.5708  0.000e+00
     33.605     4.9590   3.151355    32.7784        619     2.5750  0.000e+00
     33.526     4.9595   3.151397    32.7784        620     2.5792  0.000e+00
     33.454     4.9601   3.151434    32.7783        621     2.5833  0.000e+00
     33.392     4.9605   3.151476    32.7784        622     2.5875  0.000e+00
     33.332     4.9610   3.151434    32.7774        623     2.5917  0.000e+00
     33.275     4.9613   3.151416    32.7770        624     2.5958  0.000e+00
     33.223     4.9614   3.151416    32.7769        625     2.6000  0.000e+00
