HB2501/sbe019.cnv
* Sea-Bird SBE 19plus V2 Data File:
* FileName = C:\cruise\data\sbe019.hex
* Software Version Seasave V 7.26.7.121
* Temperature SN = 6128
* Conductivity SN = 6128
* System UpLoad Time = Feb 16 2025 03:37:13
** Ship: Henry Bigelow
** Cruise:  HB2501
** Program:  ECOMON
# nquan = 7
# nvalues = 1261                                  
# units = specified
# name 0 = depSM: Depth [salt water, m], lat = 40.00
# name 1 = tv290C: Temperature [ITS-90, deg C]
# name 2 = c0S/m: Conductivity [S/m]
# name 3 = sal00: Salinity, Practical [PSU]
# name 4 = scan: Scan Count
# name 5 = timeM: Time, Elapsed [minutes]
# name 6 = flag:  0.000e+00
# span 0 =     -0.022,     36.364                 
# span 1 =     1.1103,     2.3012                 
# span 2 =   0.002722,   2.891499                 
# span 3 =     0.0205,    32.4987                 
# span 4 =         11,       1271                 
# span 5 =     0.0417,     5.2917                 
# span 6 = 0.0000e+00, 0.0000e+00                 
# interval = seconds: 0.25
# start_time = Feb 16 2025 03:37:13 [System UTC, header]
# bad_flag = -9.990e-29
*END*
[from data line 206]
     24.197     2.2951   2.890772    32.3429        217     0.9000  0.000e+00
     24.345     2.2953   2.890519    32.3395        218     0.9042  0.000e+00
     24.501     2.2953   2.890731    32.3421        219     0.9083  0.000e+00
     24.671     2.2953   2.890749    32.3422        220     0.9125  0.000e+00
     24.841     2.2951   2.890755    32.3424        221     0.9167  0.000e+00
     25.015     2.2949   2.890731    32.3422        222     0.9208  0.000e+00
     25.199     2.2948   2.890766    32.3426        223     0.9250  0.000e+00
     25.381     2.2947   2.890802    32.3430        224     0.9292  0.000e+00
     25.561     2.2949   2.890808    32.3428        225     0.9333  0.000e+00
     25.737     2.2948   2.890802    32.3427        226     0.9375  0.000e+00
     25.910     2.2949   2.890843    32.3431        227     0.9417  0.000e+00
     26.079     2.2948   2.890878    32.3435        228     0.9458  0.000e+00
     26.240     2.2951   2.890914    32.3436        229     0.9500  0.000e+00
     26.399     2.2955   2.890979    32.3439        230     0.9542  0.000e+00
     26.545     2.2957   2.890996    32.3438        231     0.9583  0.000e+00
     26.682     2.2961   2.891032    32.3438        232     0.9625  0.000e+00
     26.815     2.2964   2.891061    32.3437        233     0.9667  0.000e+00
     26.940     2.2966   2.891091    32.3438        234     0.9708  0.000e+00
     27.059     2.2969   2.891091    32.3434        235     0.9750  0.000e+00
     27.169     2.2969   2.891097    32.3434        236     0.9792  0.000e+00
     27.278     2.2970   2.891091    32.3432        237     0.9833  0.000e+00
     27.379     2.2971   2.891073    32.3428        238     0.9875  0.000e+00
     27.478     2.2971   2.891108    32.3432        239     0.9917  0.000e+00
     27.583     2.2971   2.891097    32.3430        240     0.9958  0.000e+00
     27.685     2.2971   2.891108    32.3431        241     1.0000  0.000e+00
     27.784     2.2970   2.891185    32.3441        242     1.0042  0.000e+00
     27.896     2.2973   2.891185    32.3437        243     1.0083  0.000e+00
     28.012     2.2973   2.891185    32.3436        244     1.0125  0.000e+00
     28.142     2.2977   2.891185    32.3432        245     1.0167  0.000e+00
     28.276     2.2978   2.891167    32.3428        246     1.0208  0.000e+00
     28.416     2.2977   2.891185    32.3430        247     1.0250  0.000e+00
     28.572     2.2975   2.891168    32.3429        248     1.0292  0.000e+00
     28.729     2.2975   2.891226    32.3435        249     1.0333  0.000e+00
     28.895     2.2975   2.891185    32.3429        250     1.0375  0.000e+00
     29.075     2.2975   2.891227    32.3434        251     1.0417  0.000e+00
     29.252     2.2976   2.891185    32.3427        252     1.0458  0.000e+00
     29.429     2.2973   2.891168    32.3426        253     1.0500  0.000e+00
     29.611     2.2971   2.891168    32.3428        254     1.0542  0.000e+00
     29.789     2.2968   2.891186    32.3432        255     1.0583  0.000e+00
     29.963     2.2967   2.891186    32.3432        256     1.0625  0.000e+00
     30.124     2.2966   2.891209    32.3435        257     1.0667  0.000e+00
     30.272     2.2965   2.891209    32.3436        258     1.0708  0.000e+00
     30.413     2.2964   2.891262    32.3442        259     1.0750  0.000e+00
     30.545     2.2964   2.891262    32.3442        260     1.0792  0.000e+00
     30.663     2.2964   2.891286    32.3443        261     1.0833  0.000e+00
     30.788     2.2964   2.891227    32.3435        262     1.0875  0.000e+00
     30.900     2.2963   2.891245    32.3438        263     1.0917  0.000e+00
     31.016     2.2959   2.891227    32.3440        264     1.0958  0.000e+00
     31.130     2.2959   2.891245    32.3441        265     1.1000  0.000e+00
     31.251     2.2957   2.891210    32.3439        266     1.1042  0.000e+00
     31.374     2.2957   2.891263    32.3445        267     1.1083  0.000e+00
     31.510     2.2956   2.891286    32.3448        268     1.1125  0.000e+00
     31.642     2.2958   2.891304    32.3447        269     1.1167  0.000e+00
     31.783     2.2962   2.891339    32.3447        270     1.1208  0.000e+00
     31.925     2.2963   2.891351    32.3446        271     1.1250  0.000e+00
     32.075     2.2964   2.891322    32.3440        272     1.1292  0.000e+00
     32.220     2.2964   2.891304    32.3438        273     1.1333  0.000e+00
     32.376     2.2964   2.891280    32.3434        274     1.1375  0.000e+00
     32.532     2.2960   2.891286    32.3438        275     1.1417  0.000e+00
     32.677     2.2957   2.891286    32.3440        276     1.1458  0.000e+00
     32.836     2.2956   2.891263    32.3437        277     1.1500  0.000e+00
     32.990     2.2953   2.891316    32.3447        278     1.1542  0.000e+00
     33.134     2.2953   2.891322    32.3446        279     1.1583  0.000e+00
     33.285     2.2954   2.891340    32.3446        280     1.1625  0.000e+00
     33.433     2.2955   2.891381    32.3450        281     1.1667  0.000e+00
     33.579     2.2956   2.891369    32.3446        282     1.1708  0.000e+00
     33.723     2.2956   2.891381    32.3447        283     1.1750  0.000e+00
     33.863     2.2956   2.891363    32.3444        284     1.1792  0.000e+00
     34.003     2.2955   2.891304    32.3437        285     1.1833  0.000e+00
     34.153     2.2952   2.891316    32.3441        286     1.1875  0.000e+00
     34.292     2.2951   2.891305    32.3440        287     1.1917  0.000e+00
     34.428     2.2950   2.891340    32.3445        288     1.1958  0.000e+00
     34.569     2.2948   2.891340    32.3446        289     1.2000  0.000e+00
     34.711     2.2947   2.891352    32.3448        290     1.2042  0.000e+00
     34.854     2.2947   2.891399    32.3452        291     1.2083  0.000e+00
     34.984     2.2948   2.891417    32.3453        292     1.2125  0.000e+00
     35.116     2.2950   2.891440    32.3453        293     1.2167  0.000e+00
     35.245     2.2953   2.891440    32.3450        294     1.2208  0.000e+00
     35.368     2.2952   2.891364    32.3440        295     1.2250  0.000e+00
     35.496     2.2953   2.891381    32.3440        296     1.2292  0.000e+00
     35.623     2.2949   2.891405    32.3447        297     1.2333  0.000e+00
     35.753     2.2950   2.891417    32.3447        298     1.2375  0.000e+00
     35.884     2.2951   2.891458    32.3450        299     1.2417  0.000e+00
     36.013     2.2950   2.891440    32.3448        300     1.2458  0.000e+00
     36.146     2.2951   2.891458    32.3449        301     1.2500  0.000e+00
     36.215     2.2951   2.891440    32.3446        302     1.2542  0.000e+00
     36.254     2.2950   2.891440    32.3447        303     1.2583  0.000e+00
     36.238     2.2950   2.891417    32.3444        304     1.2625  0.000e+00
     36.200     2.2948   2.891458    32.3451        305     1.2667  0.000e+00
     36.191     2.2950   2.891476    32.3452        306     1.2708  0.000e+00
     36.196     2.2951   2.891476    32.3450        307     1.2750  0.000e+00
     36.215     2.2952   2.891476    32.3450        308     1.2792  0.000e+00
     36.235     2.2954   2.891458    32.3445        309     1.2833  0.000e+00
     36.247     2.2953   2.891458    32.3446        310     1.2875  0.000e+00
     36.270     2.2952   2.891458    32.3447        311     1.2917  0.000e+00
     36.290     2.2952   2.891423    32.3442        312     1.2958  0.000e+00
     36.324     2.2949   2.891399    32.3442        313     1.3000  0.000e+00
     36.343     2.2949   2.891399    32.3443        314     1.3042  0.000e+00
     36.364     2.2947   2.891399    32.3444        315     1.3083  0.000e+00
     36.360     2.2946   2.891440    32.3450        316     1.3125  0.000e+00
     36.347     2.2945   2.891440    32.3451        317     1.3167  0.000e+00
     36.315     2.2945   2.891458    32.3454        318     1.3208  0.000e+00
     36.270     2.2945   2.891458    32.3454        319     1.3250  0.000e+00
     36.216     2.2947   2.891499    32.3457        320     1.3292  0.000e+00
     36.154     2.2948   2.891476    32.3454        321     1.3333  0.000e+00
     36.091     2.2949   2.891476    32.3453        322     1.3375  0.000e+00
     36.024     2.2951   2.891417    32.3444        323     1.3417  0.000e+00
     35.949     2.2950   2.891423    32.3447        324     1.3458  0.000e+00
     35.875     2.2949   2.891440    32.3450        325     1.3500  0.000e+00
     35.796     2.2949   2.891399    32.3445        326     1.3542  0.000e+00
     35.714     2.2947   2.891387    32.3447        327     1.3583  0.000e+00
     35.630     2.2946   2.891381    32.3447        328     1.3625  0.000e+00
     35.543     2.2945   2.891381    32.3449        329     1.3667  0.000e+00
     35.458     2.2944   2.891364    32.3448        330     1.3708  0.000e+00
     35.383     2.2943   2.891387    32.3452        331     1.3750  0.000e+00
     35.304     2.2943   2.891381    32.3452        332     1.3792  0.000e+00
     35.239     2.2944   2.891399    32.3453        333     1.3833  0.000e+00
     35.176     2.2946   2.891417    32.3454        334     1.3875  0.000e+00
     35.118     2.2947   2.891440    32.3456        335     1.3917  0.000e+00
     35.071     2.2949   2.891399    32.3449        336     1.3958  0.000e+00
     35.032     2.2950   2.891417    32.3450        337     1.4000  0.000e+00
     35.004     2.2949   2.891417    32.3451        338     1.4042  0.000e+00
     34.977     2.2950   2.891405    32.3450        339     1.4083  0.000e+00
     34.950     2.2951   2.891417    32.3450        340     1.4125  0.000e+00
     34.931     2.2950   2.891417    32.3451        341     1.4167  0.000e+00
     34.905     2.2951   2.891399    32.3448        342     1.4208  0.000e+00
     34.874     2.2952   2.891405    32.3448        343     1.4250  0.000e+00
     34.839     2.2951   2.891417    32.3450        344     1.4292  0.000e+00
     34.799     2.2951   2.891399    32.3448        345     1.4333  0.000e+00
     34.750     2.2951   2.891387    32.3448        346     1.4375  0.000e+00
     34.686     2.2950   2.891364    32.3446        347     1.4417  0.000e+00
     34.619     2.2950   2.891381    32.3449        348     1.4458  0.000e+00
     34.552     2.2948   2.891381    32.3451        349     1.4500  0.000e+00
     34.472     2.2948   2.891352    32.3447        350     1.4542  0.000e+00
     34.384     2.2947   2.891381    32.3453        351     1.4583  0.000e+00
     34.300     2.2947   2.891381    32.3453        352     1.4625  0.000e+00
     34.203     2.2947   2.891363    32.3452        353     1.4667  0.000e+00
     34.108     2.2947   2.891334    32.3449        354     1.4708  0.000e+00
     34.016     2.2948   2.891363    32.3452        355     1.4750  0.000e+00
     33.916     2.2947   2.891322    32.3448        356     1.4792  0.000e+00
     33.828     2.2948   2.891340    32.3450        357     1.4833  0.000e+00
     33.745     2.2949   2.891316    32.3446        358     1.4875  0.000e+00
     33.658     2.2947   2.891304    32.3447        359     1.4917  0.000e+00
     33.575     2.2947   2.891322    32.3450        360     1.4958  0.000e+00
     33.501     2.2947   2.891322    32.3451        361     1.5000  0.000e+00
     33.433     2.2947   2.891298    32.3448        362     1.5042  0.000e+00
     33.373     2.2947   2.891287    32.3446        363     1.5083  0.000e+00
     33.311     2.2946   2.891287    32.3448        364     1.5125  0.000e+00
     33.261     2.2946   2.891263    32.3445        365     1.5167  0.000e+00
     33.214     2.2945   2.891287    32.3450        366     1.5208  0.000e+00
     33.170     2.2946   2.891287    32.3449        367     1.5250  0.000e+00
     33.135     2.2946   2.891304    32.3451        368     1.5292  0.000e+00
     33.095     2.2946   2.891298    32.3451        369     1.5333  0.000e+00
     33.054     2.2947   2.891263    32.3446        370     1.5375  0.000e+00
     33.010     2.2946   2.891287    32.3449        371     1.5417  0.000e+00
     32.976     2.2946   2.891245    32.3445        372     1.5458  0.000e+00
     32.938     2.2947   2.891263    32.3446        373     1.5500  0.000e+00
     32.888     2.2948   2.891286    32.3449        374     1.5542  0.000e+00
     32.829     2.2948   2.891286    32.3448        375     1.5583  0.000e+00
     32.775     2.2947   2.891286    32.3450        376     1.5625  0.000e+00
     32.703     2.2948   2.891298    32.3450        377     1.5667  0.000e+00
     32.636     2.2949   2.891228    32.3441        378     1.5708  0.000e+00
     32.565     2.2949   2.891304    32.3451        379     1.5750  0.000e+00
     32.495     2.2949   2.891286    32.3450        380     1.5792  0.000e+00
     32.430     2.2949   2.891298    32.3451        381     1.5833  0.000e+00
     32.361     2.2949   2.891286    32.3450        382     1.5875  0.000e+00
     32.290     2.2950   2.891263    32.3447        383     1.5917  0.000e+00
     32.233     2.2948   2.891263    32.3449        384     1.5958  0.000e+00
     32.172     2.2950   2.891245    32.3445        385     1.6000  0.000e+00
     32.107     2.2951   2.891263    32.3447        386     1.6042  0.000e+00
     32.053     2.2952   2.891263    32.3446        387     1.6083  0.000e+00
     31.999     2.2952   2.891245    32.3444        388     1.6125  0.000e+00
     31.945     2.2953   2.891245    32.3443        389     1.6167  0.000e+00
     31.891     2.2953   2.891210    32.3439        390     1.6208  0.000e+00
     31.831     2.2950   2.891245    32.3447        391     1.6250  0.000e+00
     31.773     2.2949   2.891245    32.3448        392     1.6292  0.000e+00
     31.715     2.2947   2.891245    32.3451        393     1.6333  0.000e+00
     31.660     2.2948   2.891227    32.3447        394     1.6375  0.000e+00
     31.602     2.2948   2.891210    32.3446        395     1.6417  0.000e+00
     31.537     2.2949   2.891227    32.3448        396     1.6458  0.000e+00
     31.477     2.2948   2.891263    32.3453        397     1.6500  0.000e+00
     31.415     2.2951   2.891210    32.3444        398     1.6542  0.000e+00
     31.347     2.2951   2.891263    32.3451        399     1.6583  0.000e+00
     31.281     2.2953   2.891280    32.3451        400     1.6625  0.000e+00
     31.215     2.2957   2.891286    32.3448        401     1.6667  0.000e+00
     31.149     2.2962   2.891321    32.3448        402     1.6708  0.000e+00
     31.087     2.2964   2.891280    32.3441        403     1.6750  0.000e+00
     31.020     2.2965   2.891286    32.3441        404     1.6792  0.000e+00
     30.956     2.2965   2.891262    32.3438        405     1.6833  0.000e+00
     30.898     2.2965   2.891262    32.3439        406     1.6875  0.000e+00
     30.851     2.2965   2.891245    32.3436        407     1.6917  0.000e+00
     30.797     2.2965   2.891209    32.3433        408     1.6958  0.000e+00
     30.764     2.2961   2.891209    32.3437        409     1.7000  0.000e+00
     30.735     2.2960   2.891168    32.3433        410     1.7042  0.000e+00
     30.716     2.2956   2.891203    32.3442        411     1.7083  0.000e+00
     30.699     2.2955   2.891186    32.3440        412     1.7125  0.000e+00
     30.690     2.2953   2.891209    32.3445        413     1.7167  0.000e+00
     30.687     2.2954   2.891209    32.3444        414     1.7208  0.000e+00
     30.681     2.2953   2.891203    32.3445        415     1.7250  0.000e+00
     30.676     2.2952   2.891186    32.3444        416     1.7292  0.000e+00
     30.663     2.2951   2.891186    32.3445        417     1.7333  0.000e+00
     30.649     2.2952   2.891168    32.3442        418     1.7375  0.000e+00
     30.630     2.2954   2.891186    32.3442        419     1.7417  0.000e+00
     30.602     2.2957   2.891209    32.3442        420     1.7458  0.000e+00
