HB2501/sbe014.cnv
* Sea-Bird SBE 19plus V2 Data File:
* FileName = C:\cruise\data\sbe014.hex
* Software Version Seasave V 7.26.7.121
* Temperature SN = 6128
* Conductivity SN = 6128
* System UpLoad Time = Feb 15 2025 17:39:42
** Ship: Henry Bigelow
** Cruise:  HB2501
** Program:  ECOMON
# nquan = 7
# nvalues = 1883                                  
# units = specified
# name 0 = depSM: Depth [salt water, m], lat = 40.00
# name 1 = tv290C: Temperature [ITS-90, deg C]
# name 2 = c0S/m: Conductivity [S/m]
# name 3 = sal00: Salinity, Practical [PSU]
# name 4 = scan: Scan Count
# name 5 = timeM: Time, Elapsed [minutes]
# name 6 = flag:  0.000e+00
# span 0 =      0.164,     69.777                 
# span 1 =     2.3455,     5.9919                 
# span 2 =   0.013704,   3.215906                 
# span 3 =     0.1111,    33.6726                 
# span 4 =         11,       1893                 
# span 5 =     0.0417,     7.8833                 
# span 6 = 0.0000e+00, 0.0000e+00                 
# interval = seconds: 0.25
# start_time = Feb 15 2025 17:39:42 [System UTC, header]
# bad_flag = -9.990e-29
*END*
[from data line 821]
     55.818     5.8052   3.206227    32.5669        832     3.4625  0.000e+00
     55.723     5.8049   3.206245    32.5675        833     3.4667  0.000e+00
     55.630     5.8054   3.206245    32.5670        834     3.4708  0.000e+00
     55.538     5.8057   3.206245    32.5668        835     3.4750  0.000e+00
     55.448     5.8056   3.206208    32.5665        836     3.4792  0.000e+00
     55.369     5.8052   3.206208    32.5669        837     3.4833  0.000e+00
     55.289     5.8051   3.206227    32.5673        838     3.4875  0.000e+00
     55.225     5.8051   3.206165    32.5666        839     3.4917  0.000e+00
     55.158     5.8046   3.206165    32.5672        840     3.4958  0.000e+00
     55.100     5.8042   3.206245    32.5684        841     3.5000  0.000e+00
     55.044     5.8053   3.206227    32.5672        842     3.5042  0.000e+00
     54.991     5.8061   3.206184    32.5660        843     3.5083  0.000e+00
     54.934     5.8059   3.206104    32.5653        844     3.5125  0.000e+00
     54.876     5.8051   3.206104    32.5661        845     3.5167  0.000e+00
     54.810     5.8056   3.206147    32.5661        846     3.5208  0.000e+00
     54.744     5.8059   3.206141    32.5658        847     3.5250  0.000e+00
     54.664     5.8068   3.206147    32.5651        848     3.5292  0.000e+00
     54.578     5.8077   3.206086    32.5635        849     3.5333  0.000e+00
     54.492     5.8094   3.206043    32.5615        850     3.5375  0.000e+00
     54.392     5.8118   3.206043    32.5592        851     3.5417  0.000e+00
     54.293     5.8132   3.206024    32.5576        852     3.5458  0.000e+00
     54.193     5.8145   3.206000    32.5562        853     3.5500  0.000e+00
     54.092     5.8146   3.206024    32.5565        854     3.5542  0.000e+00
     53.996     5.8143   3.206000    32.5565        855     3.5583  0.000e+00
     53.902     5.8140   3.205981    32.5566        856     3.5625  0.000e+00
     53.812     5.8142   3.205999    32.5566        857     3.5667  0.000e+00
     53.726     5.8140   3.205981    32.5567        858     3.5708  0.000e+00
     53.645     5.8136   3.205981    32.5572        859     3.5750  0.000e+00
     53.560     5.8137   3.205981    32.5570        860     3.5792  0.000e+00
     53.473     5.8141   3.205938    32.5562        861     3.5833  0.000e+00
     53.396     5.8141   3.205926    32.5562        862     3.5875  0.000e+00
     53.311     5.8140   3.205938    32.5565        863     3.5917  0.000e+00
     53.229     5.8140   3.205920    32.5563        864     3.5958  0.000e+00
     53.140     5.8141   3.205938    32.5564        865     3.6000  0.000e+00
     53.054     5.8144   3.205938    32.5562        866     3.6042  0.000e+00
     52.964     5.8151   3.205938    32.5555        867     3.6083  0.000e+00
     52.877     5.8156   3.205938    32.5551        868     3.6125  0.000e+00
     52.784     5.8162   3.205962    32.5549        869     3.6167  0.000e+00
     52.692     5.8166   3.205938    32.5542        870     3.6208  0.000e+00
     52.602     5.8167   3.205919    32.5540        871     3.6250  0.000e+00
     52.508     5.8165   3.205919    32.5542        872     3.6292  0.000e+00
     52.410     5.8163   3.205919    32.5544        873     3.6333  0.000e+00
     52.313     5.8173   3.205962    32.5540        874     3.6375  0.000e+00
     52.213     5.8178   3.205938    32.5533        875     3.6417  0.000e+00
     52.115     5.8175   3.205999    32.5543        876     3.6458  0.000e+00
     52.014     5.8184   3.205981    32.5533        877     3.6500  0.000e+00
     51.920     5.8186   3.205968    32.5530        878     3.6542  0.000e+00
     51.826     5.8186   3.205938    32.5527        879     3.6583  0.000e+00
     51.726     5.8183   3.205901    32.5527        880     3.6625  0.000e+00
     51.645     5.8176   3.205876    32.5530        881     3.6667  0.000e+00
     51.561     5.8174   3.205938    32.5540        882     3.6708  0.000e+00
     51.491     5.8176   3.205938    32.5539        883     3.6750  0.000e+00
     51.427     5.8181   3.205980    32.5538        884     3.6792  0.000e+00
     51.370     5.8192   3.205937    32.5524        885     3.6833  0.000e+00
     51.313     5.8198   3.205980    32.5523        886     3.6875  0.000e+00
     51.267     5.8204   3.205980    32.5517        887     3.6917  0.000e+00
     51.223     5.8207   3.205937    32.5510        888     3.6958  0.000e+00
     51.178     5.8205   3.205980    32.5517        889     3.7000  0.000e+00
     51.127     5.8207   3.206084    32.5527        890     3.7042  0.000e+00
     51.076     5.8220   3.206041    32.5509        891     3.7083  0.000e+00
     51.014     5.8228   3.206103    32.5510        892     3.7125  0.000e+00
     50.941     5.8239   3.206182    32.5508        893     3.7167  0.000e+00
     50.860     5.8252   3.206041    32.5480        894     3.7208  0.000e+00
     50.775     5.8254   3.206121    32.5488        895     3.7250  0.000e+00
     50.682     5.8255   3.206329    32.5510        896     3.7292  0.000e+00
     50.587     5.8277   3.206409    32.5499        897     3.7333  0.000e+00
     50.484     5.8299   3.206409    32.5478        898     3.7375  0.000e+00
     50.377     5.8318   3.206470    32.5467        899     3.7417  0.000e+00
     50.261     5.8335   3.206488    32.5453        900     3.7458  0.000e+00
     50.147     5.8350   3.206488    32.5439        901     3.7500  0.000e+00
     50.039     5.8358   3.206506    32.5434        902     3.7542  0.000e+00
     49.932     5.8364   3.206445    32.5422        903     3.7583  0.000e+00
     49.837     5.8366   3.206347    32.5410        904     3.7625  0.000e+00
     49.733     5.8359   3.206286    32.5410        905     3.7667  0.000e+00
     49.649     5.8351   3.206225    32.5411        906     3.7708  0.000e+00
     49.562     5.8340   3.206225    32.5422        907     3.7750  0.000e+00
     49.481     5.8331   3.206224    32.5431        908     3.7792  0.000e+00
     49.403     5.8329   3.206182    32.5429        909     3.7833  0.000e+00
     49.327     5.8325   3.206175    32.5432        910     3.7875  0.000e+00
     49.259     5.8322   3.206182    32.5437        911     3.7917  0.000e+00
     49.188     5.8320   3.206182    32.5438        912     3.7958  0.000e+00
     49.119     5.8321   3.206267    32.5448        913     3.8000  0.000e+00
     49.051     5.8327   3.206267    32.5443        914     3.8042  0.000e+00
     48.975     5.8339   3.206243    32.5428        915     3.8083  0.000e+00
     48.901     5.8346   3.206224    32.5420        916     3.8125  0.000e+00
     48.831     5.8349   3.206145    32.5408        917     3.8167  0.000e+00
     48.758     5.8345   3.206102    32.5407        918     3.8208  0.000e+00
     48.684     5.8340   3.206102    32.5413        919     3.8250  0.000e+00
     48.614     5.8334   3.206224    32.5433        920     3.8292  0.000e+00
     48.538     5.8338   3.206285    32.5436        921     3.8333  0.000e+00
     48.469     5.8351   3.206224    32.5417        922     3.8375  0.000e+00
     48.402     5.8358   3.206328    32.5422        923     3.8417  0.000e+00
     48.335     5.8364   3.206365    32.5421        924     3.8458  0.000e+00
     48.269     5.8377   3.206408    32.5414        925     3.8500  0.000e+00
     48.199     5.8386   3.206346    32.5398        926     3.8542  0.000e+00
     48.129     5.8391   3.206285    32.5387        927     3.8583  0.000e+00
     48.064     5.8390   3.206408    32.5402        928     3.8625  0.000e+00
     47.991     5.8393   3.206346    32.5393        929     3.8667  0.000e+00
     47.924     5.8394   3.206224    32.5378        930     3.8708  0.000e+00
     47.852     5.8385   3.206285    32.5394        931     3.8750  0.000e+00
     47.776     5.8382   3.206181    32.5386        932     3.8792  0.000e+00
     47.700     5.8378   3.206163    32.5388        933     3.8833  0.000e+00
     47.624     5.8369   3.206101    32.5390        934     3.8875  0.000e+00
     47.545     5.8361   3.206120    32.5400        935     3.8917  0.000e+00
     47.463     5.8357   3.206181    32.5412        936     3.8958  0.000e+00
     47.378     5.8358   3.206530    32.5450        937     3.9000  0.000e+00
     47.296     5.8383   3.206652    32.5440        938     3.9042  0.000e+00
     47.207     5.8419   3.206793    32.5422        939     3.9083  0.000e+00
     47.119     5.8455   3.206811    32.5389        940     3.9125  0.000e+00
     47.028     5.8481   3.206658    32.5348        941     3.9167  0.000e+00
     46.944     5.8484   3.206671    32.5347        942     3.9208  0.000e+00
     46.857     5.8481   3.206566    32.5338        943     3.9250  0.000e+00
     46.770     5.8475   3.206383    32.5324        944     3.9292  0.000e+00
     46.689     5.8456   3.206205    32.5323        945     3.9333  0.000e+00
     46.609     5.8432   3.206285    32.5355        946     3.9375  0.000e+00
     46.528     5.8416   3.206346    32.5378        947     3.9417  0.000e+00
     46.454     5.8412   3.206383    32.5386        948     3.9458  0.000e+00
     46.385     5.8415   3.206383    32.5384        949     3.9500  0.000e+00
     46.320     5.8419   3.206242    32.5364        950     3.9542  0.000e+00
     46.260     5.8413   3.206364    32.5384        951     3.9583  0.000e+00
     46.195     5.8412   3.206346    32.5383        952     3.9625  0.000e+00
     46.134     5.8414   3.206040    32.5347        953     3.9667  0.000e+00
     46.070     5.8394   3.206223    32.5387        954     3.9708  0.000e+00
     46.017     5.8388   3.206040    32.5373        955     3.9750  0.000e+00
     45.957     5.8379   3.206223    32.5402        956     3.9792  0.000e+00
     45.901     5.8379   3.206254    32.5406        957     3.9833  0.000e+00
     45.851     5.8390   3.206242    32.5394        958     3.9875  0.000e+00
     45.798     5.8395   3.206285    32.5395        959     3.9917  0.000e+00
     45.748     5.8400   3.206364    32.5399        960     3.9958  0.000e+00
     45.687     5.8411   3.206444    32.5398        961     4.0000  0.000e+00
     45.627     5.8428   3.206284    32.5363        962     4.0042  0.000e+00
     45.562     5.8429   3.206266    32.5361        963     4.0083  0.000e+00
     45.497     5.8422   3.206303    32.5372        964     4.0125  0.000e+00
     45.425     5.8419   3.206346    32.5380        965     4.0167  0.000e+00
     45.349     5.8423   3.206382    32.5381        966     4.0208  0.000e+00
     45.277     5.8432   3.206407    32.5375        967     4.0250  0.000e+00
     45.203     5.8440   3.206425    32.5370        968     4.0292  0.000e+00
     45.129     5.8447   3.206407    32.5362        969     4.0333  0.000e+00
     45.053     5.8451   3.206382    32.5355        970     4.0375  0.000e+00
     44.983     5.8451   3.206425    32.5360        971     4.0417  0.000e+00
     44.920     5.8455   3.206425    32.5357        972     4.0458  0.000e+00
     44.859     5.8458   3.206443    32.5356        973     4.0500  0.000e+00
     44.803     5.8459   3.206468    32.5358        974     4.0542  0.000e+00
     44.749     5.8461   3.206407    32.5350        975     4.0583  0.000e+00
     44.693     5.8459   3.206407    32.5352        976     4.0625  0.000e+00
     44.640     5.8458   3.206425    32.5355        977     4.0667  0.000e+00
     44.592     5.8460   3.206425    32.5354        978     4.0708  0.000e+00
     44.537     5.8463   3.206468    32.5356        979     4.0750  0.000e+00
     44.480     5.8466   3.206547    32.5362        980     4.0792  0.000e+00
     44.416     5.8473   3.206590    32.5361        981     4.0833  0.000e+00
     44.354     5.8483   3.206651    32.5358        982     4.0875  0.000e+00
     44.284     5.8492   3.206688    32.5354        983     4.0917  0.000e+00
     44.204     5.8503   3.206731    32.5349        984     4.0958  0.000e+00
     44.124     5.8510   3.206670    32.5335        985     4.1000  0.000e+00
     44.039     5.8512   3.206688    32.5336        986     4.1042  0.000e+00
     43.947     5.8514   3.206731    32.5339        987     4.1083  0.000e+00
     43.866     5.8520   3.206737    32.5334        988     4.1125  0.000e+00
     43.782     5.8523   3.206774    32.5336        989     4.1167  0.000e+00
     43.705     5.8527   3.206810    32.5337        990     4.1208  0.000e+00
     43.630     5.8533   3.206835    32.5334        991     4.1250  0.000e+00
     43.562     5.8542   3.206792    32.5321        992     4.1292  0.000e+00
     43.502     5.8545   3.206835    32.5323        993     4.1333  0.000e+00
     43.447     5.8548   3.206810    32.5318        994     4.1375  0.000e+00
     43.395     5.8550   3.206853    32.5321        995     4.1417  0.000e+00
     43.357     5.8553   3.206853    32.5318        996     4.1458  0.000e+00
     43.313     5.8557   3.206835    32.5313        997     4.1500  0.000e+00
     43.277     5.8558   3.206810    32.5309        998     4.1542  0.000e+00
     43.241     5.8558   3.206773    32.5306        999     4.1583  0.000e+00
     43.202     5.8554   3.206810    32.5313       1000     4.1625  0.000e+00
     43.162     5.8553   3.206749    32.5308       1001     4.1667  0.000e+00
     43.111     5.8548   3.206712    32.5309       1002     4.1708  0.000e+00
     43.066     5.8542   3.206700    32.5314       1003     4.1750  0.000e+00
     43.012     5.8537   3.206792    32.5329       1004     4.1792  0.000e+00
     42.961     5.8538   3.206773    32.5326       1005     4.1833  0.000e+00
     42.909     5.8543   3.206688    32.5312       1006     4.1875  0.000e+00
     42.851     5.8541   3.206712    32.5317       1007     4.1917  0.000e+00
     42.787     5.8539   3.206688    32.5316       1008     4.1958  0.000e+00
     42.728     5.8537   3.206730    32.5323       1009     4.2000  0.000e+00
     42.654     5.8539   3.206749    32.5324       1010     4.2042  0.000e+00
     42.585     5.8539   3.206792    32.5328       1011     4.2083  0.000e+00
     42.511     5.8543   3.206749    32.5320       1012     4.2125  0.000e+00
     42.443     5.8546   3.206712    32.5314       1013     4.2167  0.000e+00
     42.378     5.8542   3.206749    32.5322       1014     4.2208  0.000e+00
     42.312     5.8541   3.206773    32.5326       1015     4.2250  0.000e+00
     42.258     5.8544   3.206749    32.5320       1016     4.2292  0.000e+00
     42.203     5.8544   3.206773    32.5323       1017     4.2333  0.000e+00
     42.160     5.8546   3.206773    32.5322       1018     4.2375  0.000e+00
     42.124     5.8548   3.206773    32.5320       1019     4.2417  0.000e+00
     42.095     5.8552   3.206810    32.5321       1020     4.2458  0.000e+00
     42.061     5.8555   3.206810    32.5318       1021     4.2500  0.000e+00
     42.029     5.8558   3.206810    32.5316       1022     4.2542  0.000e+00
     41.993     5.8559   3.206791    32.5312       1023     4.2583  0.000e+00
     41.946     5.8556   3.206669    32.5301       1024     4.2625  0.000e+00
     41.892     5.8557   3.206773    32.5313       1025     4.2667  0.000e+00
     41.830     5.8553   3.206773    32.5317       1026     4.2708  0.000e+00
     41.767     5.8554   3.206791    32.5318       1027     4.2750  0.000e+00
     41.704     5.8555   3.206791    32.5318       1028     4.2792  0.000e+00
     41.626     5.8556   3.206810    32.5319       1029     4.2833  0.000e+00
     41.550     5.8559   3.206810    32.5317       1030     4.2875  0.000e+00
     41.479     5.8561   3.206791    32.5313       1031     4.2917  0.000e+00
     41.409     5.8562   3.206791    32.5312       1032     4.2958  0.000e+00
     41.338     5.8562   3.206773    32.5311       1033     4.3000  0.000e+00
     41.277     5.8560   3.206754    32.5311       1034     4.3042  0.000e+00
     41.221     5.8557   3.206773    32.5316       1035     4.3083  0.000e+00
