HB2501/sbe023.cnv
* Sea-Bird SBE 19plus V2 Data File:
* FileName = C:\cruise\data\sbe023.hex
* Software Version Seasave V 7.26.7.121
* Temperature SN = 6128
* Conductivity SN = 6128
* System UpLoad Time = Feb 16 2025 09:39:38
** Ship: Henry Bigelow
** Cruise:  HB2501
** Program:  ECOMON
# nquan = 7
# nvalues = 1401                                  
# units = specified
# name 0 = depSM: Depth [salt water, m], lat = 40.00
# name 1 = tv290C: Temperature [ITS-90, deg C]
# name 2 = c0S/m: Conductivity [S/m]
# name 3 = sal00: Salinity, Practical [PSU]
# name 4 = scan: Scan Count
# name 5 = timeM: Time, Elapsed [minutes]
# name 6 = flag:  0.000e+00
# span 0 =     -0.041,     29.093                 
# span 1 =     3.3673,     3.8565                 
# span 2 =   0.007203,   3.042804                 
# span 3 =     0.0555,    32.6312                 
# span 4 =         11,       1411                 
# span 5 =     0.0417,     5.8750                 
# span 6 = 0.0000e+00, 0.0000e+00                 
# interval = seconds: 0.25
# start_time = Feb 16 2025 09:39:38 [System UTC, header]
# bad_flag = -9.990e-29
*END*
[from data line 206]
      7.692     3.7745   3.031860    32.5693        217     0.9000  0.000e+00
      7.683     3.7834   3.031824    32.5600        218     0.9042  0.000e+00
      7.684     3.7905   3.030865    32.5415        219     0.9083  0.000e+00
      7.716     3.7946   3.028199    32.5058        220     0.9125  0.000e+00
      7.785     3.7981   3.027229    32.4907        221     0.9167  0.000e+00
      7.869     3.7961   3.026780    32.4873        222     0.9208  0.000e+00
      7.963     3.7856   3.026504    32.4945        223     0.9250  0.000e+00
      8.061     3.7736   3.026217    32.5030        224     0.9292  0.000e+00
      8.168     3.7642   3.026050    32.5103        225     0.9333  0.000e+00
      8.294     3.7564   3.025858    32.5158        226     0.9375  0.000e+00
      8.431     3.7498   3.025577    32.5189        227     0.9417  0.000e+00
      8.580     3.7449   3.026451    32.5341        228     0.9458  0.000e+00
      8.742     3.7423   3.027427    32.5483        229     0.9500  0.000e+00
      8.907     3.7447   3.028829    32.5624        230     0.9542  0.000e+00
      9.069     3.7546   3.032322    32.5939        231     0.9583  0.000e+00
      9.208     3.7696   3.034456    32.6043        232     0.9625  0.000e+00
      9.328     3.7843   3.034977    32.5957        233     0.9667  0.000e+00
      9.418     3.7965   3.035319    32.5875        234     0.9708  0.000e+00
      9.456     3.8059   3.035523    32.5805        235     0.9750  0.000e+00
      9.461     3.8126   3.035607    32.5748        236     0.9792  0.000e+00
      9.419     3.8172   3.035625    32.5705        237     0.9833  0.000e+00
      9.339     3.8202   3.036044    32.5725        238     0.9875  0.000e+00
      9.278     3.8223   3.036350    32.5741        239     0.9917  0.000e+00
      9.157     3.8239   3.036710    32.5768        240     0.9958  0.000e+00
      9.000     3.8252   3.036716    32.5756        241     1.0000  0.000e+00
      8.884     3.8261   3.036830    32.5761        242     1.0042  0.000e+00
      8.735     3.8266   3.036650    32.5735        243     1.0083  0.000e+00
      8.627     3.8271   3.036542    32.5719        244     1.0125  0.000e+00
      8.570     3.8274   3.032759    32.5267        245     1.0167  0.000e+00
      8.576     3.8277   3.020255    32.3782        246     1.0208  0.000e+00
      8.633     3.8274   3.022469    32.4047        247     1.0250  0.000e+00
      8.741     3.8266   3.034593    32.5492        248     1.0292  0.000e+00
      8.893     3.8231   3.034821    32.5553        249     1.0333  0.000e+00
      9.099     3.8183   3.034821    32.5600        250     1.0375  0.000e+00
      9.332     3.8141   3.034695    32.5626        251     1.0417  0.000e+00
      9.566     3.8107   3.034534    32.5639        252     1.0458  0.000e+00
      9.800     3.8082   3.034438    32.5652        253     1.0500  0.000e+00
     10.047     3.8063   3.034372    32.5661        254     1.0542  0.000e+00
     10.295     3.8039   3.033791    32.5615        255     1.0583  0.000e+00
     10.537     3.8021   3.032862    32.5522        256     1.0625  0.000e+00
     10.729     3.7992   3.032400    32.5495        257     1.0667  0.000e+00
     10.888     3.7945   3.032149    32.5511        258     1.0708  0.000e+00
     11.004     3.7919   3.032436    32.5570        259     1.0750  0.000e+00
     11.075     3.7913   3.033257    32.5674        260     1.0792  0.000e+00
     11.114     3.7928   3.034576    32.5815        261     1.0833  0.000e+00
     11.124     3.7981   3.035661    32.5890        262     1.0875  0.000e+00
     11.121     3.8041   3.036219    32.5896        263     1.0917  0.000e+00
     11.092     3.8103   3.036351    32.5850        264     1.0958  0.000e+00
     11.070     3.8149   3.036297    32.5798        265     1.1000  0.000e+00
     11.049     3.8181   3.035685    32.5694        266     1.1042  0.000e+00
     11.049     3.8194   3.033689    32.5444        267     1.1083  0.000e+00
     11.064     3.8198   3.032796    32.5335        268     1.1125  0.000e+00
     11.089     3.8194   3.031729    32.5212        269     1.1167  0.000e+00
     11.124     3.8139   3.031471    32.5236        270     1.1208  0.000e+00
     11.171     3.8045   3.031693    32.5355        271     1.1250  0.000e+00
     11.231     3.7944   3.032281    32.5525        272     1.1292  0.000e+00
     11.307     3.7858   3.032095    32.5589        273     1.1333  0.000e+00
     11.394     3.7804   3.030855    32.5496        274     1.1375  0.000e+00
     11.492     3.7748   3.030483    32.5506        275     1.1417  0.000e+00
     11.598     3.7677   3.030357    32.5562        276     1.1458  0.000e+00
     11.720     3.7624   3.030052    32.5578        277     1.1500  0.000e+00
     11.844     3.7577   3.029722    32.5585        278     1.1542  0.000e+00
     11.977     3.7534   3.029363    32.5585        279     1.1583  0.000e+00
     12.117     3.7488   3.029094    32.5598        280     1.1625  0.000e+00
     12.276     3.7444   3.028734    32.5599        281     1.1667  0.000e+00
     12.452     3.7408   3.028567    32.5613        282     1.1708  0.000e+00
     12.643     3.7374   3.028435    32.5630        283     1.1750  0.000e+00
     12.835     3.7345   3.028279    32.5640        284     1.1792  0.000e+00
     13.038     3.7323   3.028130    32.5643        285     1.1833  0.000e+00
     13.250     3.7307   3.028112    32.5656        286     1.1875  0.000e+00
     13.460     3.7295   3.028339    32.5694        287     1.1917  0.000e+00
     13.672     3.7290   3.028717    32.5743        288     1.1958  0.000e+00
     13.874     3.7287   3.029004    32.5779        289     1.2000  0.000e+00
     14.050     3.7287   3.029196    32.5801        290     1.2042  0.000e+00
     14.209     3.7289   3.029178    32.5796        291     1.2083  0.000e+00
     14.331     3.7289   3.029041    32.5779        292     1.2125  0.000e+00
     14.418     3.7289   3.028657    32.5732        293     1.2167  0.000e+00
     14.484     3.7288   3.028280    32.5688        294     1.2208  0.000e+00
     14.529     3.7290   3.027920    32.5643        295     1.2250  0.000e+00
     14.565     3.7290   3.027747    32.5623        296     1.2292  0.000e+00
     14.591     3.7277   3.027669    32.5626        297     1.2333  0.000e+00
     14.612     3.7259   3.027747    32.5654        298     1.2375  0.000e+00
     14.622     3.7246   3.028028    32.5700        299     1.2417  0.000e+00
     14.642     3.7236   3.028244    32.5735        300     1.2458  0.000e+00
     14.676     3.7237   3.028334    32.5745        301     1.2500  0.000e+00
     14.738     3.7286   3.028106    32.5668        302     1.2542  0.000e+00
     14.839     3.7354   3.027879    32.5572        303     1.2583  0.000e+00
     14.976     3.7396   3.027669    32.5505        304     1.2625  0.000e+00
     15.158     3.7409   3.027459    32.5467        305     1.2667  0.000e+00
     15.367     3.7365   3.027489    32.5512        306     1.2708  0.000e+00
     15.609     3.7321   3.027879    32.5602        307     1.2750  0.000e+00
     15.874     3.7299   3.028412    32.5686        308     1.2792  0.000e+00
     16.155     3.7342   3.032121    32.6083        309     1.2833  0.000e+00
     16.413     3.7505   3.035435    32.6312        310     1.2875  0.000e+00
     16.644     3.7700   3.036395    32.6230        311     1.2917  0.000e+00
     16.871     3.7871   3.036796    32.6105        312     1.2958  0.000e+00
     17.102     3.8001   3.036964    32.5994        313     1.3000  0.000e+00
     17.301     3.8092   3.037042    32.5911        314     1.3042  0.000e+00
     17.472     3.8151   3.035807    32.5705        315     1.3083  0.000e+00
     17.674     3.8188   3.036239    32.5717        316     1.3125  0.000e+00
     17.818     3.8213   3.037078    32.5791        317     1.3167  0.000e+00
     17.870     3.8231   3.037576    32.5833        318     1.3208  0.000e+00
     17.876     3.8240   3.037690    32.5837        319     1.3250  0.000e+00
     17.840     3.8245   3.037600    32.5822        320     1.3292  0.000e+00
     17.798     3.8250   3.037402    32.5794        321     1.3333  0.000e+00
     17.793     3.8252   3.037138    32.5760        322     1.3375  0.000e+00
     17.796     3.8253   3.036934    32.5735        323     1.3417  0.000e+00
     17.818     3.8252   3.036257    32.5655        324     1.3458  0.000e+00
     17.867     3.8250   3.034902    32.5497        325     1.3500  0.000e+00
     17.961     3.8245   3.034656    32.5472        326     1.3542  0.000e+00
     18.095     3.8201   3.037594    32.5863        327     1.3583  0.000e+00
     18.269     3.8181   3.038170    32.5951        328     1.3625  0.000e+00
     18.470     3.8207   3.038512    32.5964        329     1.3667  0.000e+00
     18.697     3.8228   3.038458    32.5936        330     1.3708  0.000e+00
     18.956     3.8243   3.038530    32.5928        331     1.3750  0.000e+00
     19.217     3.8250   3.038686    32.5938        332     1.3792  0.000e+00
     19.471     3.8256   3.038800    32.5945        333     1.3833  0.000e+00
     19.716     3.8262   3.038878    32.5946        334     1.3875  0.000e+00
     19.935     3.8268   3.038914    32.5944        335     1.3917  0.000e+00
     20.135     3.8273   3.039010    32.5949        336     1.3958  0.000e+00
     20.345     3.8277   3.038998    32.5942        337     1.4000  0.000e+00
     20.521     3.8280   3.038974    32.5936        338     1.4042  0.000e+00
     20.668     3.8280   3.038860    32.5921        339     1.4083  0.000e+00
     20.756     3.8277   3.038878    32.5926        340     1.4125  0.000e+00
     20.791     3.8274   3.038860    32.5926        341     1.4167  0.000e+00
     20.798     3.8273   3.038794    32.5920        342     1.4208  0.000e+00
     20.769     3.8270   3.038860    32.5931        343     1.4250  0.000e+00
     20.716     3.8268   3.038860    32.5933        344     1.4292  0.000e+00
     20.631     3.8269   3.038956    32.5944        345     1.4333  0.000e+00
     20.517     3.8271   3.039034    32.5952        346     1.4375  0.000e+00
     20.410     3.8277   3.039280    32.5976        347     1.4417  0.000e+00
     20.301     3.8286   3.039340    32.5974        348     1.4458  0.000e+00
     20.230     3.8294   3.039244    32.5955        349     1.4500  0.000e+00
     20.193     3.8298   3.039244    32.5952        350     1.4542  0.000e+00
     20.200     3.8301   3.039238    32.5948        351     1.4583  0.000e+00
     20.269     3.8300   3.039298    32.5955        352     1.4625  0.000e+00
     20.400     3.8300   3.039412    32.5968        353     1.4667  0.000e+00
     20.593     3.8305   3.039358    32.5956        354     1.4708  0.000e+00
     20.820     3.8307   3.039358    32.5952        355     1.4750  0.000e+00
     21.082     3.8305   3.039340    32.5951        356     1.4792  0.000e+00
     21.387     3.8306   3.039340    32.5948        357     1.4833  0.000e+00
     21.700     3.8305   3.039202    32.5932        358     1.4875  0.000e+00
     22.026     3.8300   3.039160    32.5930        359     1.4917  0.000e+00
     22.314     3.8294   3.038992    32.5914        360     1.4958  0.000e+00
     22.607     3.8286   3.038801    32.5898        361     1.5000  0.000e+00
     22.897     3.8276   3.038717    32.5897        362     1.5042  0.000e+00
     23.155     3.8267   3.038687    32.5901        363     1.5083  0.000e+00
     23.320     3.8259   3.038729    32.5913        364     1.5125  0.000e+00
     23.387     3.8256   3.038837    32.5929        365     1.5167  0.000e+00
     23.562     3.8257   3.038843    32.5927        366     1.5208  0.000e+00
     23.625     3.8258   3.038687    32.5908        367     1.5250  0.000e+00
     23.587     3.8255   3.038591    32.5899        368     1.5292  0.000e+00
     23.461     3.8249   3.038555    32.5901        369     1.5333  0.000e+00
     23.297     3.8243   3.038531    32.5905        370     1.5375  0.000e+00
     23.170     3.8240   3.038363    32.5889        371     1.5417  0.000e+00
     23.006     3.8237   3.038381    32.5895        372     1.5458  0.000e+00
     22.878     3.8233   3.038531    32.5918        373     1.5500  0.000e+00
     22.724     3.8232   3.038513    32.5917        374     1.5542  0.000e+00
     22.629     3.8234   3.038573    32.5923        375     1.5583  0.000e+00
     22.601     3.8235   3.038513    32.5915        376     1.5625  0.000e+00
     22.629     3.8235   3.038513    32.5914        377     1.5667  0.000e+00
     22.724     3.8236   3.038747    32.5941        378     1.5708  0.000e+00
     22.863     3.8239   3.038717    32.5933        379     1.5750  0.000e+00
     23.040     3.8244   3.038651    32.5920        380     1.5792  0.000e+00
     23.252     3.8245   3.038573    32.5909        381     1.5833  0.000e+00
     23.495     3.8242   3.038573    32.5910        382     1.5875  0.000e+00
     23.762     3.8239   3.038573    32.5912        383     1.5917  0.000e+00
     24.044     3.8237   3.038573    32.5912        384     1.5958  0.000e+00
     24.325     3.8234   3.038573    32.5914        385     1.6000  0.000e+00
     24.579     3.8234   3.038591    32.5915        386     1.6042  0.000e+00
     24.791     3.8234   3.038651    32.5921        387     1.6083  0.000e+00
     24.983     3.8235   3.038669    32.5921        388     1.6125  0.000e+00
     25.213     3.8237   3.038819    32.5935        389     1.6167  0.000e+00
     25.421     3.8239   3.038837    32.5934        390     1.6208  0.000e+00
     25.554     3.8244   3.039149    32.5966        391     1.6250  0.000e+00
     25.611     3.8254   3.039437    32.5989        392     1.6292  0.000e+00
     25.600     3.8269   3.039485    32.5980        393     1.6333  0.000e+00
     25.546     3.8281   3.039605    32.5983        394     1.6375  0.000e+00
     25.500     3.8292   3.039665    32.5979        395     1.6417  0.000e+00
     25.393     3.8301   3.039719    32.5977        396     1.6458  0.000e+00
     25.310     3.8307   3.039701    32.5969        397     1.6500  0.000e+00
     25.209     3.8310   3.039725    32.5970        398     1.6542  0.000e+00
     25.126     3.8313   3.039701    32.5964        399     1.6583  0.000e+00
     25.095     3.8317   3.039743    32.5965        400     1.6625  0.000e+00
     25.107     3.8319   3.039767    32.5966        401     1.6667  0.000e+00
     25.160     3.8321   3.039857    32.5975        402     1.6708  0.000e+00
     25.261     3.8326   3.039719    32.5953        403     1.6750  0.000e+00
     25.400     3.8324   3.039707    32.5953        404     1.6792  0.000e+00
     25.585     3.8320   3.039719    32.5957        405     1.6833  0.000e+00
     25.797     3.8322   3.039839    32.5969        406     1.6875  0.000e+00
     26.026     3.8323   3.039905    32.5974        407     1.6917  0.000e+00
     26.263     3.8326   3.040049    32.5987        408     1.6958  0.000e+00
     26.485     3.8332   3.040145    32.5991        409     1.7000  0.000e+00
     26.699     3.8339   3.040229    32.5993        410     1.7042  0.000e+00
     26.911     3.8347   3.040199    32.5980        411     1.7083  0.000e+00
     27.118     3.8350   3.040374    32.5997        412     1.7125  0.000e+00
     27.298     3.8356   3.040584    32.6015        413     1.7167  0.000e+00
     27.438     3.8368   3.040428    32.5984        414     1.7208  0.000e+00
     27.538     3.8372   3.040818    32.6025        415     1.7250  0.000e+00
     27.614     3.8382   3.041178    32.6058        416     1.7292  0.000e+00
     27.675     3.8402   3.041640    32.6092        417     1.7333  0.000e+00
     27.717     3.8428   3.041928    32.6100        418     1.7375  0.000e+00
     27.743     3.8456   3.041904    32.6069        419     1.7417  0.000e+00
     27.741     3.8472   3.041753    32.6036        420     1.7458  0.000e+00
