HB2501/sbe013.cnv
* Sea-Bird SBE 19plus V2 Data File:
* FileName = C:\cruise\data\sbe013.hex
* Software Version Seasave V 7.26.7.121
* Temperature SN = 6128
* Conductivity SN = 6128
* System UpLoad Time = Feb 15 2025 14:24:28
** Ship: Henry Bigelow
** Cruise:  HB2501
** Program:  ECOMON
# nquan = 7
# nvalues = 1579                                  
# units = specified
# name 0 = depSM: Depth [salt water, m], lat = 40.00
# name 1 = tv290C: Temperature [ITS-90, deg C]
# name 2 = c0S/m: Conductivity [S/m]
# name 3 = sal00: Salinity, Practical [PSU]
# name 4 = scan: Scan Count
# name 5 = timeM: Time, Elapsed [minutes]
# name 6 = flag:  0.000e+00
# span 0 =      0.122,     56.939                 
# span 1 =     0.1725,     5.2935                 
# span 2 =   0.005932,   3.166672                 
# span 3 =     0.0487,    36.9606                 
# span 4 =         11,       1589                 
# span 5 =     0.0417,     6.6167                 
# span 6 = 0.0000e+00, 0.0000e+00                 
# interval = seconds: 0.25
# start_time = Feb 15 2025 14:24:28 [System UTC, header]
# bad_flag = -9.990e-29
*END*
[from data line 411]
     44.136     5.2838   3.166550    32.6288        422     1.7542  0.000e+00
     44.270     5.2839   3.166611    32.6294        423     1.7583  0.000e+00
     44.401     5.2841   3.166611    32.6291        424     1.7625  0.000e+00
     44.543     5.2843   3.166611    32.6289        425     1.7667  0.000e+00
     44.683     5.2843   3.166568    32.6283        426     1.7708  0.000e+00
     44.824     5.2842   3.166514    32.6278        427     1.7750  0.000e+00
     44.963     5.2837   3.166514    32.6281        428     1.7792  0.000e+00
     45.108     5.2835   3.166532    32.6285        429     1.7833  0.000e+00
     45.244     5.2833   3.166569    32.6290        430     1.7875  0.000e+00
     45.378     5.2834   3.166569    32.6289        431     1.7917  0.000e+00
     45.514     5.2835   3.166593    32.6290        432     1.7958  0.000e+00
     45.640     5.2837   3.166611    32.6290        433     1.8000  0.000e+00
     45.768     5.2836   3.166611    32.6290        434     1.8042  0.000e+00
     45.891     5.2838   3.166630    32.6289        435     1.8083  0.000e+00
     46.005     5.2840   3.166672    32.6291        436     1.8125  0.000e+00
     46.129     5.2839   3.166654    32.6289        437     1.8167  0.000e+00
     46.241     5.2839   3.166630    32.6286        438     1.8208  0.000e+00
     46.370     5.2837   3.166630    32.6287        439     1.8250  0.000e+00
     46.498     5.2836   3.166593    32.6284        440     1.8292  0.000e+00
     46.631     5.2835   3.166630    32.6289        441     1.8333  0.000e+00
     46.767     5.2835   3.166654    32.6290        442     1.8375  0.000e+00
     46.905     5.2836   3.166612    32.6284        443     1.8417  0.000e+00
     47.043     5.2833   3.166569    32.6281        444     1.8458  0.000e+00
     47.180     5.2830   3.166472    32.6273        445     1.8500  0.000e+00
     47.313     5.2824   3.166374    32.6267        446     1.8542  0.000e+00
     47.448     5.2815   3.166313    32.6268        447     1.8583  0.000e+00
     47.584     5.2806   3.166350    32.6280        448     1.8625  0.000e+00
     47.706     5.2800   3.166289    32.6278        449     1.8667  0.000e+00
     47.837     5.2797   3.166374    32.6290        450     1.8708  0.000e+00
     47.953     5.2796   3.166314    32.6283        451     1.8750  0.000e+00
     48.076     5.2794   3.166113    32.6261        452     1.8792  0.000e+00
     48.194     5.2784   3.165948    32.6253        453     1.8833  0.000e+00
     48.308     5.2769   3.165765    32.6246        454     1.8875  0.000e+00
     48.434     5.2751   3.165351    32.6216        455     1.8917  0.000e+00
     48.565     5.2719   3.164967    32.6202        456     1.8958  0.000e+00
     48.696     5.2685   3.164906    32.6228        457     1.9000  0.000e+00
     48.841     5.2655   3.164687    32.6231        458     1.9042  0.000e+00
     48.982     5.2629   3.164626    32.6248        459     1.9083  0.000e+00
     49.126     5.2608   3.164608    32.6266        460     1.9125  0.000e+00
     49.278     5.2595   3.164529    32.6269        461     1.9167  0.000e+00
     49.431     5.2581   3.164426    32.6271        462     1.9208  0.000e+00
     49.585     5.2570   3.164426    32.6280        463     1.9250  0.000e+00
     49.741     5.2563   3.164286    32.6270        464     1.9292  0.000e+00
     49.891     5.2553   3.164188    32.6269        465     1.9333  0.000e+00
     50.040     5.2542   3.164091    32.6267        466     1.9375  0.000e+00
     50.185     5.2533   3.164091    32.6275        467     1.9417  0.000e+00
     50.334     5.2522   3.164109    32.6287        468     1.9458  0.000e+00
     50.469     5.2516   3.164109    32.6292        469     1.9500  0.000e+00
     50.604     5.2513   3.164127    32.6297        470     1.9542  0.000e+00
     50.741     5.2512   3.164067    32.6291        471     1.9583  0.000e+00
     50.873     5.2512   3.163987    32.6281        472     1.9625  0.000e+00
     50.996     5.2505   3.164006    32.6289        473     1.9667  0.000e+00
     51.114     5.2503   3.163951    32.6284        474     1.9708  0.000e+00
     51.233     5.2499   3.163908    32.6283        475     1.9750  0.000e+00
     51.338     5.2493   3.163890    32.6286        476     1.9792  0.000e+00
     51.444     5.2487   3.163908    32.6293        477     1.9833  0.000e+00
     51.544     5.2485   3.163890    32.6292        478     1.9875  0.000e+00
     51.639     5.2481   3.163884    32.6295        479     1.9917  0.000e+00
     51.730     5.2481   3.163890    32.6295        480     1.9958  0.000e+00
     51.824     5.2480   3.163890    32.6296        481     2.0000  0.000e+00
     51.920     5.2479   3.163866    32.6293        482     2.0042  0.000e+00
     52.016     5.2476   3.163811    32.6289        483     2.0083  0.000e+00
     52.130     5.2471   3.163628    32.6273        484     2.0125  0.000e+00
     52.250     5.2463   3.163629    32.6280        485     2.0167  0.000e+00
     52.380     5.2455   3.163610    32.6286        486     2.0208  0.000e+00
     52.521     5.2449   3.163549    32.6284        487     2.0250  0.000e+00
     52.670     5.2442   3.163489    32.6283        488     2.0292  0.000e+00
     52.833     5.2435   3.163026    32.6235        489     2.0333  0.000e+00
     52.997     5.2411   3.162307    32.6176        490     2.0375  0.000e+00
     53.164     5.2367   3.162149    32.6201        491     2.0417  0.000e+00
     53.340     5.2322   3.161844    32.6208        492     2.0458  0.000e+00
     53.509     5.2282   3.161826    32.6244        493     2.0500  0.000e+00
     53.680     5.2253   3.161705    32.6258        494     2.0542  0.000e+00
     53.851     5.2234   3.161467    32.6249        495     2.0583  0.000e+00
     54.004     5.2210   3.161126    32.6232        496     2.0625  0.000e+00
     54.155     5.2182   3.161248    32.6273        497     2.0667  0.000e+00
     54.297     5.2164   3.160944    32.6254        498     2.0708  0.000e+00
     54.437     5.2147   3.160128    32.6178        499     2.0750  0.000e+00
     54.561     5.2107   3.159385    32.6131        500     2.0792  0.000e+00
     54.687     5.2041   3.158691    32.6116        501     2.0833  0.000e+00
     54.806     5.1966   3.158825    32.6203        502     2.0875  0.000e+00
     54.924     5.1913   3.158387    32.6205        503     2.0917  0.000e+00
     55.047     5.1870   3.158265    32.6232        504     2.0958  0.000e+00
     55.168     5.1836   3.157791    32.6211        505     2.1000  0.000e+00
     55.291     5.1796   3.157425    32.6207        506     2.1042  0.000e+00
     55.420     5.1754   3.157450    32.6250        507     2.1083  0.000e+00
     55.541     5.1727   3.157547    32.6287        508     2.1125  0.000e+00
     55.666     5.1714   3.157468    32.6290        509     2.1167  0.000e+00
     55.789     5.1706   3.157310    32.6279        510     2.1208  0.000e+00
     55.922     5.1694   3.156969    32.6251        511     2.1250  0.000e+00
     56.045     5.1670   3.156628    32.6234        512     2.1292  0.000e+00
     56.169     5.1642   3.156549    32.6253        513     2.1333  0.000e+00
     56.300     5.1618   3.156367    32.6255        514     2.1375  0.000e+00
     56.428     5.1594   3.155771    32.6209        515     2.1417  0.000e+00
     56.553     5.1556   3.155272    32.6188        516     2.1458  0.000e+00
     56.682     5.1509   3.154913    32.6192        517     2.1500  0.000e+00
     56.813     5.1460   3.154037    32.6139        518     2.1542  0.000e+00
     56.890     5.1397   3.154177    32.6217        519     2.1583  0.000e+00
     56.939     5.1352   3.154012    32.6242        520     2.1625  0.000e+00
     56.889     5.1321   3.154092    32.6281        521     2.1667  0.000e+00
     56.794     5.1303   3.154177    32.6309        522     2.1708  0.000e+00
     56.704     5.1300   3.153952    32.6287        523     2.1750  0.000e+00
     56.637     5.1290   3.154475    32.6356        524     2.1792  0.000e+00
     56.585     5.1299   3.155089    32.6419        525     2.1833  0.000e+00
     56.531     5.1334   3.154572    32.6325        526     2.1875  0.000e+00
     56.473     5.1349   3.154371    32.6288        527     2.1917  0.000e+00
     56.411     5.1344   3.154335    32.6289        528     2.1958  0.000e+00
     56.348     5.1333   3.154615    32.6332        529     2.2000  0.000e+00
     56.283     5.1336   3.154177    32.6280        530     2.2042  0.000e+00
     56.214     5.1326   3.154055    32.6275        531     2.2083  0.000e+00
     56.138     5.1314   3.154231    32.6308        532     2.2125  0.000e+00
     56.066     5.1312   3.154663    32.6360        533     2.2167  0.000e+00
     55.977     5.1324   3.154974    32.6384        534     2.2208  0.000e+00
     55.880     5.1353   3.156093    32.6484        535     2.2250  0.000e+00
     55.782     5.1413   3.156050    32.6422        536     2.2292  0.000e+00
     55.688     5.1466   3.156330    32.6402        537     2.2333  0.000e+00
     55.583     5.1505   3.156811    32.6419        538     2.2375  0.000e+00
     55.474     5.1550   3.157207    32.6422        539     2.2417  0.000e+00
     55.362     5.1598   3.157407    32.6398        540     2.2458  0.000e+00
     55.255     5.1636   3.157706    32.6395        541     2.2500  0.000e+00
     55.152     5.1673   3.158369    32.6436        542     2.2542  0.000e+00
     55.047     5.1720   3.158746    32.6433        543     2.2583  0.000e+00
     54.958     5.1774   3.158326    32.6334        544     2.2625  0.000e+00
     54.869     5.1795   3.158369    32.6318        545     2.2667  0.000e+00
     54.791     5.1802   3.158369    32.6311        546     2.2708  0.000e+00
     54.722     5.1810   3.159306    32.6412        547     2.2750  0.000e+00
     54.659     5.1847   3.158710    32.6307        548     2.2792  0.000e+00
     54.604     5.1858   3.159130    32.6345        549     2.2833  0.000e+00
     54.546     5.1871   3.158758    32.6290        550     2.2875  0.000e+00
     54.496     5.1872   3.159288    32.6350        551     2.2917  0.000e+00
     54.435     5.1885   3.159270    32.6335        552     2.2958  0.000e+00
     54.363     5.1898   3.159385    32.6336        553     2.3000  0.000e+00
     54.284     5.1913   3.159708    32.6358        554     2.3042  0.000e+00
     54.188     5.1935   3.159769    32.6345        555     2.3083  0.000e+00
     54.079     5.1952   3.159963    32.6351        556     2.3125  0.000e+00
     53.954     5.1974   3.160365    32.6376        557     2.3167  0.000e+00
     53.837     5.2002   3.160804    32.6399        558     2.3208  0.000e+00
     53.712     5.2041   3.161266    32.6415        559     2.3250  0.000e+00
     53.588     5.2087   3.161729    32.6424        560     2.3292  0.000e+00
     53.466     5.2136   3.162265    32.6438        561     2.3333  0.000e+00
     53.361     5.2192   3.162466    32.6406        562     2.3375  0.000e+00
     53.261     5.2240   3.162405    32.6353        563     2.3417  0.000e+00
     53.178     5.2268   3.162447    32.6331        564     2.3458  0.000e+00
     53.091     5.2283   3.162210    32.6290        565     2.3500  0.000e+00
     53.019     5.2285   3.162070    32.6272        566     2.3542  0.000e+00
     52.949     5.2276   3.162307    32.6308        567     2.3583  0.000e+00
     52.880     5.2277   3.162325    32.6310        568     2.3625  0.000e+00
     52.802     5.2281   3.162124    32.6284        569     2.3667  0.000e+00
     52.717     5.2279   3.162027    32.6274        570     2.3708  0.000e+00
     52.626     5.2269   3.161984    32.6280        571     2.3750  0.000e+00
     52.515     5.2263   3.162124    32.6302        572     2.3792  0.000e+00
     52.393     5.2262   3.162429    32.6338        573     2.3833  0.000e+00
     52.264     5.2277   3.162806    32.6368        574     2.3875  0.000e+00
     52.119     5.2304   3.162685    32.6328        575     2.3917  0.000e+00
     51.982     5.2320   3.163007    32.6351        576     2.3958  0.000e+00
     51.847     5.2341   3.163306    32.6365        577     2.4000  0.000e+00
     51.722     5.2366   3.163330    32.6343        578     2.4042  0.000e+00
     51.603     5.2387   3.163427    32.6335        579     2.4083  0.000e+00
     51.509     5.2403   3.163628    32.6343        580     2.4125  0.000e+00
     51.417     5.2424   3.164067    32.6372        581     2.4167  0.000e+00
     51.359     5.2454   3.164347    32.6376        582     2.4208  0.000e+00
     51.299     5.2487   3.164347    32.6344        583     2.4250  0.000e+00
     51.260     5.2512   3.164189    32.6302        584     2.4292  0.000e+00
     51.226     5.2518   3.164310    32.6310        585     2.4333  0.000e+00
     51.191     5.2521   3.163908    32.6261        586     2.4375  0.000e+00
     51.170     5.2512   3.163969    32.6277        587     2.4417  0.000e+00
     51.141     5.2503   3.164249    32.6318        588     2.4458  0.000e+00
     51.108     5.2508   3.163768    32.6258        589     2.4500  0.000e+00
     51.070     5.2499   3.163525    32.6240        590     2.4542  0.000e+00
     51.015     5.2474   3.163525    32.6264        591     2.4583  0.000e+00
     50.951     5.2462   3.164030    32.6334        592     2.4625  0.000e+00
     50.875     5.2471   3.164329    32.6359        593     2.4667  0.000e+00
     50.785     5.2496   3.164542    32.6360        594     2.4708  0.000e+00
     50.695     5.2522   3.164371    32.6315        595     2.4750  0.000e+00
     50.598     5.2535   3.164749    32.6346        596     2.4792  0.000e+00
     50.495     5.2553   3.164706    32.6325        597     2.4833  0.000e+00
     50.390     5.2565   3.164688    32.6311        598     2.4875  0.000e+00
     50.286     5.2574   3.164706    32.6305        599     2.4917  0.000e+00
     50.179     5.2578   3.164669    32.6297        600     2.4958  0.000e+00
     50.079     5.2580   3.164810    32.6312        601     2.5000  0.000e+00
     49.986     5.2586   3.164767    32.6302        602     2.5042  0.000e+00
     49.889     5.2591   3.164791    32.6300        603     2.5083  0.000e+00
     49.792     5.2594   3.164767    32.6295        604     2.5125  0.000e+00
     49.700     5.2598   3.164889    32.6305        605     2.5167  0.000e+00
     49.610     5.2601   3.164767    32.6289        606     2.5208  0.000e+00
     49.515     5.2601   3.164767    32.6290        607     2.5250  0.000e+00
     49.427     5.2600   3.164907    32.6307        608     2.5292  0.000e+00
     49.330     5.2605   3.164968    32.6309        609     2.5333  0.000e+00
     49.228     5.2612   3.164888    32.6294        610     2.5375  0.000e+00
     49.132     5.2614   3.165047    32.6311        611     2.5417  0.000e+00
     49.036     5.2620   3.165230    32.6326        612     2.5458  0.000e+00
     48.944     5.2633   3.165132    32.6302        613     2.5500  0.000e+00
     48.848     5.2640   3.165290    32.6314        614     2.5542  0.000e+00
     48.755     5.2648   3.165272    32.6305        615     2.5583  0.000e+00
     48.663     5.2654   3.165187    32.6290        616     2.5625  0.000e+00
     48.581     5.2654   3.165272    32.6300        617     2.5667  0.000e+00
     48.514     5.2657   3.165132    32.6281        618     2.5708  0.000e+00
     48.448     5.2655   3.165211    32.6293        619     2.5750  0.000e+00
     48.395     5.2653   3.165260    32.6301        620     2.5792  0.000e+00
     48.348     5.2656   3.165369    32.6310        621     2.5833  0.000e+00
     48.305     5.2662   3.165168    32.6281        622     2.5875  0.000e+00
     48.261     5.2660   3.165089    32.6275        623     2.5917  0.000e+00
     48.217     5.2654   3.165046    32.6276        624     2.5958  0.000e+00
     48.159     5.2645   3.165150    32.6297        625     2.6000  0.000e+00
