HB2501/sbe010.cnv
* Sea-Bird SBE 19plus V2 Data File:
* FileName = C:\cruise\data\sbe010.hex
* Software Version Seasave V 7.26.7.121
* Temperature SN = 6128
* Conductivity SN = 6128
* System UpLoad Time = Feb 15 2025 09:54:10
** Ship: Henry Bigelow
** Cruise:  HB2501
** Program:  ECOMON
# nquan = 7
# nvalues = 1472                                  
# units = specified
# name 0 = depSM: Depth [salt water, m], lat = 40.00
# name 1 = tv290C: Temperature [ITS-90, deg C]
# name 2 = c0S/m: Conductivity [S/m]
# name 3 = sal00: Salinity, Practical [PSU]
# name 4 = scan: Scan Count
# name 5 = timeM: Time, Elapsed [minutes]
# name 6 = flag:  0.000e+00
# span 0 =      0.182,     46.213                 
# span 1 =    -1.3656,     3.9935                 
# span 2 =   0.005186,   3.051579                 
# span 3 =     0.0436,    33.5750                 
# span 4 =         11,       1482                 
# span 5 =     0.0417,     6.1708                 
# span 6 = 0.0000e+00, 0.0000e+00                 
# interval = seconds: 0.25
# start_time = Feb 15 2025 09:54:10 [System UTC, header]
# bad_flag = -9.990e-29
*END*
[from data line 1231]
     10.371     3.9599   3.048218    32.5768       1242     5.1708  0.000e+00
     10.325     3.9595   3.048170    32.5766       1243     5.1750  0.000e+00
     10.273     3.9588   3.048188    32.5776       1244     5.1792  0.000e+00
     10.226     3.9585   3.048236    32.5785       1245     5.1833  0.000e+00
     10.180     3.9583   3.048266    32.5790       1246     5.1875  0.000e+00
     10.133     3.9586   3.048302    32.5792       1247     5.1917  0.000e+00
     10.097     3.9587   3.048320    32.5794       1248     5.1958  0.000e+00
     10.057     3.9589   3.048380    32.5798       1249     5.2000  0.000e+00
     10.015     3.9594   3.048458    32.5804       1250     5.2042  0.000e+00
      9.976     3.9599   3.048482    32.5801       1251     5.2083  0.000e+00
      9.937     3.9603   3.048476    32.5796       1252     5.2125  0.000e+00
      9.896     3.9607   3.048476    32.5793       1253     5.2167  0.000e+00
      9.863     3.9607   3.048482    32.5794       1254     5.2208  0.000e+00
      9.833     3.9611   3.048476    32.5790       1255     5.2250  0.000e+00
      9.785     3.9611   3.048458    32.5787       1256     5.2292  0.000e+00
      9.729     3.9610   3.048422    32.5784       1257     5.2333  0.000e+00
      9.674     3.9610   3.048416    32.5784       1258     5.2375  0.000e+00
      9.616     3.9607   3.048380    32.5783       1259     5.2417  0.000e+00
      9.552     3.9607   3.048380    32.5784       1260     5.2458  0.000e+00
      9.481     3.9603   3.048206    32.5767       1261     5.2500  0.000e+00
      9.406     3.9597   3.048206    32.5773       1262     5.2542  0.000e+00
      9.332     3.9592   3.048236    32.5782       1263     5.2583  0.000e+00
      9.259     3.9590   3.048302    32.5793       1264     5.2625  0.000e+00
      9.198     3.9591   3.048302    32.5792       1265     5.2667  0.000e+00
      9.140     3.9594   3.048296    32.5789       1266     5.2708  0.000e+00
      9.081     3.9595   3.048266    32.5784       1267     5.2750  0.000e+00
      9.037     3.9595   3.048344    32.5794       1268     5.2792  0.000e+00
      9.000     3.9595   3.048338    32.5793       1269     5.2833  0.000e+00
      8.963     3.9598   3.048320    32.5789       1270     5.2875  0.000e+00
      8.934     3.9598   3.048302    32.5786       1271     5.2917  0.000e+00
      8.902     3.9599   3.048260    32.5781       1272     5.2958  0.000e+00
      8.875     3.9597   3.048206    32.5776       1273     5.3000  0.000e+00
      8.839     3.9594   3.048188    32.5777       1274     5.3042  0.000e+00
      8.804     3.9591   3.048158    32.5777       1275     5.3083  0.000e+00
      8.766     3.9588   3.048110    32.5774       1276     5.3125  0.000e+00
      8.733     3.9586   3.048128    32.5779       1277     5.3167  0.000e+00
      8.690     3.9583   3.048134    32.5783       1278     5.3208  0.000e+00
      8.649     3.9583   3.048109    32.5780       1279     5.3250  0.000e+00
      8.608     3.9582   3.048128    32.5783       1280     5.3292  0.000e+00
      8.567     3.9580   3.048176    32.5791       1281     5.3333  0.000e+00
      8.519     3.9583   3.048170    32.5788       1282     5.3375  0.000e+00
      8.481     3.9584   3.047977    32.5765       1283     5.3417  0.000e+00
      8.439     3.9579   3.047995    32.5771       1284     5.3458  0.000e+00
      8.393     3.9576   3.047959    32.5771       1285     5.3500  0.000e+00
      8.338     3.9571   3.047845    32.5763       1286     5.3542  0.000e+00
      8.279     3.9567   3.047953    32.5779       1287     5.3583  0.000e+00
      8.210     3.9564   3.047899    32.5777       1288     5.3625  0.000e+00
      8.142     3.9565   3.048073    32.5796       1289     5.3667  0.000e+00
      8.072     3.9568   3.048055    32.5792       1290     5.3708  0.000e+00
      7.996     3.9573   3.048055    32.5787       1291     5.3750  0.000e+00
      7.923     3.9576   3.048398    32.5825       1292     5.3792  0.000e+00
      7.845     3.9588   3.048422    32.5816       1293     5.3833  0.000e+00
      7.771     3.9599   3.048440    32.5807       1294     5.3875  0.000e+00
      7.712     3.9609   3.048608    32.5818       1295     5.3917  0.000e+00
      7.660     3.9619   3.048764    32.5827       1296     5.3958  0.000e+00
      7.626     3.9631   3.048704    32.5808       1297     5.4000  0.000e+00
      7.601     3.9637   3.048572    32.5786       1298     5.4042  0.000e+00
      7.588     3.9638   3.048644    32.5794       1299     5.4083  0.000e+00
      7.563     3.9639   3.048608    32.5789       1300     5.4125  0.000e+00
      7.544     3.9639   3.048572    32.5785       1301     5.4167  0.000e+00
      7.521     3.9637   3.048523    32.5781       1302     5.4208  0.000e+00
      7.490     3.9634   3.048493    32.5781       1303     5.4250  0.000e+00
      7.454     3.9632   3.048511    32.5785       1304     5.4292  0.000e+00
      7.416     3.9630   3.048583    32.5796       1305     5.4333  0.000e+00
      7.361     3.9631   3.048553    32.5791       1306     5.4375  0.000e+00
      7.293     3.9631   3.048511    32.5787       1307     5.4417  0.000e+00
      7.209     3.9632   3.048559    32.5792       1308     5.4458  0.000e+00
      7.135     3.9633   3.048571    32.5793       1309     5.4500  0.000e+00
      7.071     3.9634   3.048685    32.5805       1310     5.4542  0.000e+00
      7.019     3.9638   3.048703    32.5804       1311     5.4583  0.000e+00
      6.982     3.9642   3.048685    32.5798       1312     5.4625  0.000e+00
      6.952     3.9645   3.048703    32.5797       1313     5.4667  0.000e+00
      6.900     3.9646   3.048619    32.5787       1314     5.4708  0.000e+00
      6.846     3.9646   3.048631    32.5788       1315     5.4750  0.000e+00
      6.797     3.9645   3.048553    32.5781       1316     5.4792  0.000e+00
      6.748     3.9641   3.048559    32.5785       1317     5.4833  0.000e+00
      6.712     3.9638   3.048727    32.5808       1318     5.4875  0.000e+00
      6.662     3.9642   3.048703    32.5802       1319     5.4917  0.000e+00
      6.602     3.9646   3.048643    32.5791       1320     5.4958  0.000e+00
      6.526     3.9645   3.048553    32.5782       1321     5.5000  0.000e+00
      6.456     3.9643   3.048511    32.5779       1322     5.5042  0.000e+00
      6.394     3.9638   3.048457    32.5778       1323     5.5083  0.000e+00
      6.340     3.9634   3.048535    32.5792       1324     5.5125  0.000e+00
      6.308     3.9633   3.048511    32.5790       1325     5.5167  0.000e+00
      6.268     3.9633   3.048601    32.5801       1326     5.5208  0.000e+00
      6.229     3.9636   3.048553    32.5793       1327     5.5250  0.000e+00
      6.192     3.9636   3.048553    32.5792       1328     5.5292  0.000e+00
      6.164     3.9638   3.048583    32.5794       1329     5.5333  0.000e+00
      6.129     3.9639   3.048511    32.5785       1330     5.5375  0.000e+00
      6.094     3.9639   3.048667    32.5804       1331     5.5417  0.000e+00
      6.053     3.9642   3.048559    32.5789       1332     5.5458  0.000e+00
      5.996     3.9643   3.048511    32.5782       1333     5.5500  0.000e+00
      5.939     3.9639   3.048415    32.5774       1334     5.5542  0.000e+00
      5.878     3.9634   3.048421    32.5780       1335     5.5583  0.000e+00
      5.817     3.9631   3.048343    32.5775       1336     5.5625  0.000e+00
      5.760     3.9626   3.048475    32.5796       1337     5.5667  0.000e+00
      5.709     3.9627   3.048601    32.5810       1338     5.5708  0.000e+00
      5.658     3.9632   3.048703    32.5817       1339     5.5750  0.000e+00
      5.622     3.9639   3.048727    32.5813       1340     5.5792  0.000e+00
      5.596     3.9646   3.048559    32.5786       1341     5.5833  0.000e+00
      5.565     3.9648   3.048535    32.5781       1342     5.5875  0.000e+00
      5.541     3.9646   3.048343    32.5761       1343     5.5917  0.000e+00
      5.512     3.9638   3.048337    32.5769       1344     5.5958  0.000e+00
      5.486     3.9628   3.048319    32.5776       1345     5.6000  0.000e+00
      5.444     3.9624   3.048439    32.5795       1346     5.6042  0.000e+00
      5.394     3.9623   3.048499    32.5803       1347     5.6083  0.000e+00
      5.333     3.9627   3.048493    32.5798       1348     5.6125  0.000e+00
      5.254     3.9630   3.048439    32.5790       1349     5.6167  0.000e+00
      5.173     3.9632   3.048499    32.5795       1350     5.6208  0.000e+00
      5.089     3.9634   3.048493    32.5794       1351     5.6250  0.000e+00
      5.009     3.9634   3.048493    32.5793       1352     5.6292  0.000e+00
      4.938     3.9635   3.048541    32.5799       1353     5.6333  0.000e+00
      4.883     3.9637   3.048553    32.5799       1354     5.6375  0.000e+00
      4.848     3.9639   3.048703    32.5814       1355     5.6417  0.000e+00
      4.826     3.9647   3.048745    32.5812       1356     5.6458  0.000e+00
      4.809     3.9652   3.048841    32.5818       1357     5.6500  0.000e+00
      4.799     3.9661   3.049051    32.5834       1358     5.6542  0.000e+00
      4.787     3.9673   3.049189    32.5838       1359     5.6583  0.000e+00
      4.763     3.9686   3.049375    32.5848       1360     5.6625  0.000e+00
      4.725     3.9702   3.049610    32.5859       1361     5.6667  0.000e+00
      4.674     3.9723   3.050384    32.5930       1362     5.6708  0.000e+00
      4.605     3.9759   3.050589    32.5919       1363     5.6750  0.000e+00
      4.530     3.9796   3.050607    32.5885       1364     5.6792  0.000e+00
      4.440     3.9827   3.051057    32.5907       1365     5.6833  0.000e+00
      4.350     3.9852   3.050817    32.5855       1366     5.6875  0.000e+00
      4.273     3.9870   3.050702    32.5824       1367     5.6917  0.000e+00
      4.204     3.9873   3.051135    32.5872       1368     5.6958  0.000e+00
      4.157     3.9887   3.051027    32.5845       1369     5.7000  0.000e+00
      4.133     3.9896   3.051165    32.5853       1370     5.7042  0.000e+00
      4.118     3.9906   3.051135    32.5839       1371     5.7083  0.000e+00
      4.109     3.9912   3.051147    32.5835       1372     5.7125  0.000e+00
      4.102     3.9915   3.051219    32.5841       1373     5.7167  0.000e+00
      4.078     3.9918   3.051381    32.5857       1374     5.7208  0.000e+00
      4.048     3.9925   3.051393    32.5851       1375     5.7250  0.000e+00
      4.010     3.9935   3.051051    32.5802       1376     5.7292  0.000e+00
      3.945     3.9928   3.050426    32.5735       1377     5.7333  0.000e+00
      3.876     3.9903   3.049952    32.5704       1378     5.7375  0.000e+00
      3.789     3.9865   3.049663    32.5708       1379     5.7417  0.000e+00
      3.698     3.9824   3.049429    32.5722       1380     5.7458  0.000e+00
      3.605     3.9793   3.050378    32.5866       1381     5.7500  0.000e+00
      3.533     3.9799   3.049994    32.5815       1382     5.7542  0.000e+00
      3.470     3.9807   3.050162    32.5827       1383     5.7583  0.000e+00
      3.429     3.9809   3.049957    32.5801       1384     5.7625  0.000e+00
      3.391     3.9805   3.049705    32.5775       1385     5.7667  0.000e+00
      3.374     3.9792   3.049549    32.5770       1386     5.7708  0.000e+00
      3.359     3.9778   3.049369    32.5762       1387     5.7750  0.000e+00
      3.352     3.9761   3.049495    32.5794       1388     5.7792  0.000e+00
      3.336     3.9751   3.049837    32.5845       1389     5.7833  0.000e+00
      3.316     3.9758   3.050486    32.5914       1390     5.7875  0.000e+00
      3.277     3.9786   3.050450    32.5883       1391     5.7917  0.000e+00
      3.212     3.9816   3.051393    32.5965       1392     5.7958  0.000e+00
      3.124     3.9863   3.051579    32.5940       1393     5.8000  0.000e+00
      3.011     3.9904   3.050624    32.5787       1394     5.8042  0.000e+00
      2.889     3.9903   3.050738    32.5802       1395     5.8083  0.000e+00
      2.776     3.9892   3.050768    32.5817       1396     5.8125  0.000e+00
      2.695     3.9889   3.051122    32.5862       1397     5.8167  0.000e+00
      2.626     3.9899   3.051122    32.5853       1398     5.8208  0.000e+00
      2.596     3.9908   3.051056    32.5836       1399     5.8250  0.000e+00
      2.594     3.9912   3.050990    32.5824       1400     5.8292  0.000e+00
      2.620     3.9912   3.051050    32.5832       1401     5.8333  0.000e+00
      2.658     3.9913   3.051014    32.5826       1402     5.8375  0.000e+00
      2.679     3.9913   3.051008    32.5825       1403     5.8417  0.000e+00
      2.672     3.9913   3.050876    32.5810       1404     5.8458  0.000e+00
      2.639     3.9907   3.050528    32.5775       1405     5.8500  0.000e+00
      2.580     3.9891   3.050528    32.5790       1406     5.8542  0.000e+00
      2.495     3.9879   3.050762    32.5831       1407     5.8583  0.000e+00
      2.394     3.9879   3.050281    32.5774       1408     5.8625  0.000e+00
      2.263     3.9868   3.050474    32.5809       1409     5.8667  0.000e+00
      2.127     3.9861   3.050474    32.5817       1410     5.8708  0.000e+00
      2.010     3.9859   3.050305    32.5800       1411     5.8750  0.000e+00
      1.910     3.9853   3.050185    32.5792       1412     5.8792  0.000e+00
      1.851     3.9842   3.050011    32.5782       1413     5.8833  0.000e+00
      1.822     3.9834   3.050029    32.5793       1414     5.8875  0.000e+00
      1.832     3.9824   3.050017    32.5801       1415     5.8917  0.000e+00
      1.881     3.9819   3.050107    32.5816       1416     5.8958  0.000e+00
      1.939     3.9818   3.050263    32.5836       1417     5.9000  0.000e+00
      1.995     3.9823   3.050221    32.5825       1418     5.9042  0.000e+00
      2.021     3.9826   3.050203    32.5820       1419     5.9083  0.000e+00
      2.015     3.9827   3.049915    32.5785       1420     5.9125  0.000e+00
      1.982     3.9816   3.048780    32.5662       1421     5.9167  0.000e+00
      1.889     3.9771   3.048299    32.5650       1422     5.9208  0.000e+00
      1.762     3.9706   3.048095    32.5692       1423     5.9250  0.000e+00
      1.626     3.9657   3.047801    32.5707       1424     5.9292  0.000e+00
      1.490     3.9614   3.047843    32.5755       1425     5.9333  0.000e+00
      1.360     3.9587   3.048233    32.5829       1426     5.9375  0.000e+00
      1.293     3.9584   3.048318    32.5843       1427     5.9417  0.000e+00
      1.289     3.9592   3.048125    32.5812       1428     5.9458  0.000e+00
      1.339     3.9589   3.047933    32.5791       1429     5.9500  0.000e+00
      1.388     3.9578   3.048071    32.5818       1430     5.9542  0.000e+00
      1.411     3.9575   3.048053    32.5820       1431     5.9583  0.000e+00
      1.411     3.9576   3.048233    32.5839       1432     5.9625  0.000e+00
      1.380     3.9584   3.048167    32.5824       1433     5.9667  0.000e+00
      1.309     3.9590   3.048221    32.5825       1434     5.9708  0.000e+00
      1.218     3.9595   3.048582    32.5863       1435     5.9750  0.000e+00
      1.117     3.9614   3.049513    32.5955       1436     5.9792  0.000e+00
      1.001     3.9661   3.048798    32.5824       1437     5.9833  0.000e+00
      0.905     3.9676   3.048359    32.5757       1438     5.9875  0.000e+00
      0.848     3.9662   3.048089    32.5739       1439     5.9917  0.000e+00
      0.822     3.9637   3.048534    32.5818       1440     5.9958  0.000e+00
      0.847     3.9633   3.048660    32.5836       1441     6.0000  0.000e+00
      0.878     3.9640   3.048359    32.5794       1442     6.0042  0.000e+00
      0.886     3.9637   3.048035    32.5758       1443     6.0083  0.000e+00
      0.873     3.9618   3.048095    32.5785       1444     6.0125  0.000e+00
      0.882     3.9604   3.048011    32.5788       1445     6.0167  0.000e+00
