HB2501/sbe022.cnv
* Sea-Bird SBE 19plus V2 Data File:
* FileName = C:\cruise\data\sbe022.hex
* Software Version Seasave V 7.26.7.121
* Temperature SN = 6128
* Conductivity SN = 6128
* System UpLoad Time = Feb 16 2025 07:54:47
** Ship: Henry Bigelow
** Cruise:  HB2501
** Program:  ECOMON
# nquan = 7
# nvalues = 1357                                  
# units = specified
# name 0 = depSM: Depth [salt water, m], lat = 40.00
# name 1 = tv290C: Temperature [ITS-90, deg C]
# name 2 = c0S/m: Conductivity [S/m]
# name 3 = sal00: Salinity, Practical [PSU]
# name 4 = scan: Scan Count
# name 5 = timeM: Time, Elapsed [minutes]
# name 6 = flag:  0.000e+00
# span 0 =      0.003,     31.815                 
# span 1 =     3.3748,     4.2122                 
# span 2 =   0.005854,   3.080124                 
# span 3 =     0.0448,    32.7119                 
# span 4 =         11,       1367                 
# span 5 =     0.0417,     5.6917                 
# span 6 = 0.0000e+00, 0.0000e+00                 
# interval = seconds: 0.25
# start_time = Feb 16 2025 07:54:47 [System UTC, header]
# bad_flag = -9.990e-29
*END*
[from data line 1231]
      3.259     4.1427   3.071499    32.6730       1242     5.1708  0.000e+00
      3.275     4.1428   3.071518    32.6731       1243     5.1750  0.000e+00
      3.302     4.1428   3.071500    32.6729       1244     5.1792  0.000e+00
      3.342     4.1430   3.071500    32.6727       1245     5.1833  0.000e+00
      3.378     4.1431   3.071518    32.6728       1246     5.1875  0.000e+00
      3.400     4.1433   3.071518    32.6725       1247     5.1917  0.000e+00
      3.402     4.1434   3.071475    32.6720       1248     5.1958  0.000e+00
      3.386     4.1434   3.071475    32.6719       1249     5.2000  0.000e+00
      3.347     4.1433   3.071433    32.6716       1250     5.2042  0.000e+00
      3.314     4.1431   3.071361    32.6709       1251     5.2083  0.000e+00
      3.283     4.1428   3.071222    32.6696       1252     5.2125  0.000e+00
      3.256     4.1422   3.071090    32.6687       1253     5.2167  0.000e+00
      3.253     4.1412   3.071012    32.6687       1254     5.2208  0.000e+00
      3.252     4.1401   3.071030    32.6701       1255     5.2250  0.000e+00
      3.271     4.1395   3.071090    32.6714       1256     5.2292  0.000e+00
      3.296     4.1392   3.071108    32.6718       1257     5.2333  0.000e+00
      3.316     4.1392   3.071126    32.6720       1258     5.2375  0.000e+00
      3.341     4.1394   3.071150    32.6721       1259     5.2417  0.000e+00
      3.368     4.1395   3.071132    32.6718       1260     5.2458  0.000e+00
      3.393     4.1397   3.071168    32.6720       1261     5.2500  0.000e+00
      3.402     4.1400   3.071168    32.6718       1262     5.2542  0.000e+00
      3.377     4.1402   3.071108    32.6708       1263     5.2583  0.000e+00
      3.342     4.1403   3.071132    32.6711       1264     5.2625  0.000e+00
      3.287     4.1403   3.071054    32.6701       1265     5.2667  0.000e+00
      3.208     4.1401   3.071090    32.6708       1266     5.2708  0.000e+00
      3.123     4.1402   3.071126    32.6712       1267     5.2750  0.000e+00
      3.036     4.1400   3.071132    32.6715       1268     5.2792  0.000e+00
      2.935     4.1401   3.070951    32.6694       1269     5.2833  0.000e+00
      2.832     4.1393   3.071108    32.6720       1270     5.2875  0.000e+00
      2.702     4.1394   3.071271    32.6739       1271     5.2917  0.000e+00
      2.566     4.1402   3.071204    32.6724       1272     5.2958  0.000e+00
      2.410     4.1409   3.071011    32.6695       1273     5.3000  0.000e+00
      2.256     4.1407   3.070879    32.6682       1274     5.3042  0.000e+00
      2.130     4.1397   3.070861    32.6691       1275     5.3083  0.000e+00
      2.039     4.1391   3.070951    32.6708       1276     5.3125  0.000e+00
      1.976     4.1389   3.070933    32.6708       1277     5.3167  0.000e+00
      1.970     4.1392   3.070933    32.6705       1278     5.3208  0.000e+00
      2.027     4.1392   3.070945    32.6706       1279     5.3250  0.000e+00
      2.146     4.1391   3.070837    32.6694       1280     5.3292  0.000e+00
      2.307     4.1385   3.070837    32.6698       1281     5.3333  0.000e+00
      2.472     4.1381   3.070825    32.6701       1282     5.3375  0.000e+00
      2.632     4.1375   3.070741    32.6695       1283     5.3417  0.000e+00
      2.765     4.1367   3.070783    32.6708       1284     5.3458  0.000e+00
      2.867     4.1359   3.070819    32.6720       1285     5.3500  0.000e+00
      2.952     4.1357   3.070843    32.6725       1286     5.3542  0.000e+00
      3.003     4.1356   3.070879    32.6729       1287     5.3583  0.000e+00
      2.987     4.1357   3.070879    32.6728       1288     5.3625  0.000e+00
      2.889     4.1356   3.070801    32.6721       1289     5.3667  0.000e+00
      2.716     4.1353   3.070741    32.6717       1290     5.3708  0.000e+00
      2.461     4.1350   3.070801    32.6728       1291     5.3750  0.000e+00
      2.161     4.1359   3.070801    32.6721       1292     5.3792  0.000e+00
      1.847     4.1368   3.070885    32.6724       1293     5.3833  0.000e+00
      1.531     4.1373   3.071090    32.6745       1294     5.3875  0.000e+00
      1.304     4.1385   3.071168    32.6743       1295     5.3917  0.000e+00
      1.136     4.1394   3.071053    32.6721       1296     5.3958  0.000e+00
      1.029     4.1402   3.071005    32.6708       1297     5.4000  0.000e+00
      1.000     4.1405   3.071089    32.6716       1298     5.4042  0.000e+00
      1.023     4.1407   3.071071    32.6711       1299     5.4083  0.000e+00
      1.048     4.1410   3.071107    32.6713       1300     5.4125  0.000e+00
      1.091     4.1410   3.071089    32.6710       1301     5.4167  0.000e+00
      1.152     4.1411   3.071029    32.6702       1302     5.4208  0.000e+00
      1.207     4.1408   3.070993    32.6700       1303     5.4250  0.000e+00
      1.239     4.1404   3.070987    32.6703       1304     5.4292  0.000e+00
      1.271     4.1402   3.071011    32.6708       1305     5.4333  0.000e+00
      1.327     4.1402   3.071126    32.6721       1306     5.4375  0.000e+00
      1.406     4.1405   3.071186    32.6725       1307     5.4417  0.000e+00
      1.520     4.1408   3.071192    32.6722       1308     5.4458  0.000e+00
      1.671     4.1412   3.071246    32.6724       1309     5.4500  0.000e+00
      1.826     4.1413   3.071282    32.6726       1310     5.4542  0.000e+00
      1.960     4.1416   3.071294    32.6724       1311     5.4583  0.000e+00
      2.062     4.1416   3.071300    32.6724       1312     5.4625  0.000e+00
      2.151     4.1418   3.071361    32.6729       1313     5.4667  0.000e+00
      2.202     4.1420   3.071343    32.6725       1314     5.4708  0.000e+00
      2.180     4.1422   3.071337    32.6721       1315     5.4750  0.000e+00
      2.030     4.1422   3.071343    32.6723       1316     5.4792  0.000e+00
      1.818     4.1421   3.071342    32.6725       1317     5.4833  0.000e+00
      1.515     4.1423   3.071192    32.6707       1318     5.4875  0.000e+00
      1.182     4.1421   3.071168    32.6708       1319     5.4917  0.000e+00
      0.920     4.1419   3.071071    32.6700       1320     5.4958  0.000e+00
      0.734     4.1414   3.071125    32.6712       1321     5.5000  0.000e+00
      0.610     4.1409   3.071047    32.6709       1322     5.5042  0.000e+00
      0.483     4.1406   3.071053    32.6713       1323     5.5083  0.000e+00
      0.411     4.1402   3.071053    32.6717       1324     5.5125  0.000e+00
      0.473     4.1400   3.071029    32.6716       1325     5.5167  0.000e+00
      0.661     4.1398   3.071047    32.6720       1326     5.5208  0.000e+00
      0.914     4.1397   3.071029    32.6717       1327     5.5250  0.000e+00
      1.132     4.1399   3.071071    32.6719       1328     5.5292  0.000e+00
      1.309     4.1398   3.071089    32.6721       1329     5.5333  0.000e+00
      1.478     4.1398   3.071089    32.6721       1330     5.5375  0.000e+00
      1.608     4.1398   3.071053    32.6715       1331     5.5417  0.000e+00
      1.699     4.1397   3.071090    32.6720       1332     5.5458  0.000e+00
      1.748     4.1397   3.071029    32.6713       1333     5.5500  0.000e+00
      1.738     4.1395   3.071029    32.6714       1334     5.5542  0.000e+00
      1.667     4.1394   3.071029    32.6716       1335     5.5583  0.000e+00
      1.515     4.1395   3.071053    32.6718       1336     5.5625  0.000e+00
      1.289     4.1397   3.071029    32.6715       1337     5.5667  0.000e+00
      0.997     4.1398   3.071029    32.6715       1338     5.5708  0.000e+00
      0.655     4.1399   3.070993    32.6712       1339     5.5750  0.000e+00
      0.268     4.1400   3.043861    32.3523       1340     5.5792  0.000e+00
      0.030     4.1392   0.808720     7.6604       1341     5.5833  0.000e+00
      0.018     4.1342   0.507265     4.6487       1342     5.5875  0.000e+00
      0.010     4.1240   0.319925     2.8468       1343     5.5917  0.000e+00
      0.010     4.1119   0.296781     2.6298       1344     5.5958  0.000e+00
      0.014     4.1057   0.264509     2.3282       1345     5.6000  0.000e+00
      0.014     4.1037   0.243915     2.1370       1346     5.6042  0.000e+00
      0.003     4.1023   0.193827     1.6764       1347     5.6083  0.000e+00
      0.003     4.1024   0.207749     1.8037       1348     5.6125  0.000e+00
      0.012     4.1026   0.214932     1.8696       1349     5.6167  0.000e+00
      0.014     4.1031   0.218764     1.9048       1350     5.6208  0.000e+00
      0.024     4.1035   0.204907     1.7776       1351     5.6250  0.000e+00
      0.022     4.1032   0.181854     1.5674       1352     5.6292  0.000e+00
      0.023     4.1026   0.152702     1.3041       1353     5.6333  0.000e+00
      0.019     4.1026   0.140934     1.1986       1354     5.6375  0.000e+00
      0.016     4.1017   0.131547     1.1149       1355     5.6417  0.000e+00
      0.022     4.1015   0.128678     1.0894       1356     5.6458  0.000e+00
      0.027     4.1005   0.124618     1.0534       1357     5.6500  0.000e+00
      0.029     4.1000   0.119085     1.0044       1358     5.6542  0.000e+00
      0.022     4.0977   0.101445     0.8491       1359     5.6583  0.000e+00
      0.024     4.0967   0.104436     0.8754       1360     5.6625  0.000e+00
      0.025     4.0967   0.100940     0.8447       1361     5.6667  0.000e+00
      0.018     4.0966   0.108340     0.9097       1362     5.6708  0.000e+00
      0.014     4.0960   0.095336     0.7957       1363     5.6750  0.000e+00
      0.005     4.0954   0.090626     0.7546       1364     5.6792  0.000e+00
      0.007     4.0943   0.082253     0.6819       1365     5.6833  0.000e+00
      0.005     4.0941   0.077065     0.6370       1366     5.6875  0.000e+00
      0.009     4.0926   0.073065     0.6026       1367     5.6917  0.000e+00
