HB2501/sbe006.cnv
* Sea-Bird SBE 19plus V2 Data File:
* FileName = C:\cruise\data\sbe006.hex
* Software Version Seasave V 7.26.7.121
* Temperature SN = 6128
* Conductivity SN = 6128
* System UpLoad Time = Feb 15 2025 06:58:34
** Ship: Henry Bigelow
** Cruise:  HB2501
** Program:  ECOMON
# nquan = 7
# nvalues = 1370                                  
# units = specified
# name 0 = depSM: Depth [salt water, m], lat = 40.00
# name 1 = tv290C: Temperature [ITS-90, deg C]
# name 2 = c0S/m: Conductivity [S/m]
# name 3 = sal00: Salinity, Practical [PSU]
# name 4 = scan: Scan Count
# name 5 = timeM: Time, Elapsed [minutes]
# name 6 = flag:  0.000e+00
# span 0 =      0.177,     45.937                 
# span 1 =    -0.2188,     4.8779                 
# span 2 =   0.007946,   3.141854                 
# span 3 =     0.0673,    33.3653                 
# span 4 =         11,       1380                 
# span 5 =     0.0417,     5.7458                 
# span 6 = 0.0000e+00, 0.0000e+00                 
# interval = seconds: 0.25
# start_time = Feb 15 2025 06:58:34 [System UTC, header]
# bad_flag = -9.990e-29
*END*
[from data line 1231]
      3.707     4.8633   3.140424    32.7619       1242     5.1708  0.000e+00
      3.639     4.8634   3.140485    32.7626       1243     5.1750  0.000e+00
      3.580     4.8638   3.140595    32.7635       1244     5.1792  0.000e+00
      3.519     4.8644   3.140898    32.7664       1245     5.1833  0.000e+00
      3.473     4.8662   3.141135    32.7675       1246     5.1875  0.000e+00
      3.447     4.8685   3.141080    32.7645       1247     5.1917  0.000e+00
      3.430     4.8699   3.141196    32.7644       1248     5.1958  0.000e+00
      3.413     4.8711   3.141354    32.7651       1249     5.2000  0.000e+00
      3.395     4.8726   3.141299    32.7631       1250     5.2042  0.000e+00
      3.376     4.8735   3.140916    32.7578       1251     5.2083  0.000e+00
      3.348     4.8722   3.140698    32.7565       1252     5.2125  0.000e+00
      3.316     4.8704   3.140698    32.7583       1253     5.2167  0.000e+00
      3.278     4.8691   3.140971    32.7628       1254     5.2208  0.000e+00
      3.243     4.8689   3.140837    32.7614       1255     5.2250  0.000e+00
      3.212     4.8691   3.140758    32.7603       1256     5.2292  0.000e+00
      3.180     4.8687   3.140819    32.7615       1257     5.2333  0.000e+00
      3.138     4.8686   3.140880    32.7623       1258     5.2375  0.000e+00
      3.091     4.8686   3.140916    32.7628       1259     5.2417  0.000e+00
      3.047     4.8690   3.140941    32.7626       1260     5.2458  0.000e+00
      3.005     4.8696   3.140898    32.7616       1261     5.2500  0.000e+00
      2.978     4.8698   3.141354    32.7667       1262     5.2542  0.000e+00
      2.960     4.8713   3.141475    32.7665       1263     5.2583  0.000e+00
      2.948     4.8734   3.141493    32.7647       1264     5.2625  0.000e+00
      2.921     4.8745   3.141475    32.7634       1265     5.2667  0.000e+00
      2.878     4.8752   3.141299    32.7607       1266     5.2708  0.000e+00
      2.830     4.8751   3.141117    32.7587       1267     5.2750  0.000e+00
      2.765     4.8741   3.141098    32.7595       1268     5.2792  0.000e+00
      2.688     4.8733   3.141159    32.7611       1269     5.2833  0.000e+00
      2.612     4.8730   3.141256    32.7626       1270     5.2875  0.000e+00
      2.529     4.8734   3.141299    32.7627       1271     5.2917  0.000e+00
      2.453     4.8736   3.140582    32.7543       1272     5.2958  0.000e+00
      2.408     4.8716   3.140819    32.7590       1273     5.3000  0.000e+00
      2.401     4.8699   3.140801    32.7604       1274     5.3042  0.000e+00
      2.407     4.8693   3.140916    32.7624       1275     5.3083  0.000e+00
      2.449     4.8694   3.140959    32.7628       1276     5.3125  0.000e+00
      2.501     4.8697   3.141001    32.7629       1277     5.3167  0.000e+00
      2.544     4.8702   3.141098    32.7635       1278     5.3208  0.000e+00
      2.564     4.8710   3.141117    32.7629       1279     5.3250  0.000e+00
      2.572     4.8716   3.141256    32.7640       1280     5.3292  0.000e+00
      2.565     4.8724   3.141396    32.7648       1281     5.3333  0.000e+00
      2.530     4.8734   3.141238    32.7620       1282     5.3375  0.000e+00
      2.420     4.8737   3.141299    32.7624       1283     5.3417  0.000e+00
      2.282     4.8741   3.141299    32.7622       1284     5.3458  0.000e+00
      2.149     4.8742   3.141347    32.7626       1285     5.3500  0.000e+00
      2.033     4.8744   3.141274    32.7617       1286     5.3542  0.000e+00
      1.942     4.8743   3.141037    32.7591       1287     5.3583  0.000e+00
      1.892     4.8736   3.141274    32.7625       1288     5.3625  0.000e+00
      1.876     4.8735   3.141177    32.7615       1289     5.3667  0.000e+00
      1.898     4.8735   3.141177    32.7615       1290     5.3708  0.000e+00
      1.955     4.8733   3.141159    32.7615       1291     5.3750  0.000e+00
      2.023     4.8732   3.141098    32.7609       1292     5.3792  0.000e+00
      2.088     4.8727   3.141135    32.7617       1293     5.3833  0.000e+00
      2.152     4.8726   3.141098    32.7614       1294     5.3875  0.000e+00
      2.217     4.8722   3.140989    32.7604       1295     5.3917  0.000e+00
      2.238     4.8719   3.140958    32.7604       1296     5.3958  0.000e+00
      2.175     4.8710   3.140758    32.7590       1297     5.4000  0.000e+00
      2.031     4.8700   3.140801    32.7605       1298     5.4042  0.000e+00
      1.910     4.8693   3.140564    32.7586       1299     5.4083  0.000e+00
      1.818     4.8681   3.140345    32.7572       1300     5.4125  0.000e+00
      1.744     4.8663   3.140521    32.7612       1301     5.4167  0.000e+00
      1.682     4.8652   3.140242    32.7590       1302     5.4208  0.000e+00
      1.601     4.8640   3.139725    32.7543       1303     5.4250  0.000e+00
      1.536     4.8613   3.139410    32.7533       1304     5.4292  0.000e+00
      1.482     4.8577   3.139750    32.7608       1305     5.4333  0.000e+00
      1.445     4.8560   3.139968    32.7650       1306     5.4375  0.000e+00
      1.426     4.8571   3.140284    32.7676       1307     5.4417  0.000e+00
      1.425     4.8588   3.140302    32.7662       1308     5.4458  0.000e+00
      1.464     4.8601   3.140424    32.7662       1309     5.4500  0.000e+00
      1.504     4.8614   3.140539    32.7662       1310     5.4542  0.000e+00
      1.541     4.8628   3.140758    32.7674       1311     5.4583  0.000e+00
      1.594     4.8643   3.140679    32.7650       1312     5.4625  0.000e+00
      1.634     4.8652   3.140697    32.7643       1313     5.4667  0.000e+00
      1.650     4.8658   3.140697    32.7637       1314     5.4708  0.000e+00
      1.653     4.8661   3.140697    32.7634       1315     5.4750  0.000e+00
      1.656     4.8664   3.140679    32.7629       1316     5.4792  0.000e+00
      1.653     4.8664   3.140879    32.7652       1317     5.4833  0.000e+00
      1.618     4.8670   3.141299    32.7695       1318     5.4875  0.000e+00
      1.540     4.8689   3.141134    32.7657       1319     5.4917  0.000e+00
      1.429     4.8698   3.140916    32.7623       1320     5.4958  0.000e+00
      1.286     4.8697   3.140976    32.7633       1321     5.5000  0.000e+00
      1.133     4.8693   3.140916    32.7630       1322     5.5042  0.000e+00
      1.011     4.8693   3.140837    32.7622       1323     5.5083  0.000e+00
      0.921     4.8687   3.141037    32.7651       1324     5.5125  0.000e+00
      0.877     4.8687   3.140047    32.7538       1325     5.5167  0.000e+00
      0.878     4.8663   3.140782    32.7646       1326     5.5208  0.000e+00
      0.914     4.8653   3.140284    32.7598       1327     5.5250  0.000e+00
      0.981     4.8644   3.140241    32.7602       1328     5.5292  0.000e+00
      1.057     4.8629   3.140284    32.7620       1329     5.5333  0.000e+00
      1.134     4.8621   3.140163    32.7614       1330     5.5375  0.000e+00
      1.202     4.8613   3.140484    32.7659       1331     5.5417  0.000e+00
      1.270     4.8616   3.140460    32.7653       1332     5.5458  0.000e+00
      1.263     4.8623   3.139707    32.7559       1333     5.5500  0.000e+00
      1.113     4.8600   3.139750    32.7587       1334     5.5542  0.000e+00
      0.850     4.8576   3.139725    32.7610       1335     5.5583  0.000e+00
      0.497     4.8561   3.139907    32.7647       1336     5.5625  0.000e+00
      0.235     4.8560   3.063215    31.8807       1337     5.5667  0.000e+00
      0.233     4.8540   2.643005    27.0959       1338     5.5708  0.000e+00
      0.191     4.8496   0.791926     7.3299       1339     5.5750  0.000e+00
      0.184     4.8254   0.427594     3.7939       1340     5.5792  0.000e+00
      0.191     4.7439   0.359252     3.1599       1341     5.5833  0.000e+00
      0.194     4.6481   0.309121     2.7016       1342     5.5875  0.000e+00
      0.194     4.6067   0.282268     2.4565       1343     5.5917  0.000e+00
      0.189     4.5904   0.255539     2.2120       1344     5.5958  0.000e+00
      0.186     4.5829   0.242790     2.0959       1345     5.6000  0.000e+00
      0.193     4.5840   0.217752     1.8681       1346     5.6042  0.000e+00
      0.189     4.5866   0.197812     1.6879       1347     5.6083  0.000e+00
      0.191     4.5899   0.185471     1.5769       1348     5.6125  0.000e+00
      0.189     4.5939   0.172879     1.4641       1349     5.6167  0.000e+00
      0.192     4.5988   0.165733     1.4002       1350     5.6208  0.000e+00
      0.185     4.6033   0.160618     1.3546       1351     5.6250  0.000e+00
      0.177     4.6084   0.152275     1.2805       1352     5.6292  0.000e+00
      0.181     4.6132   0.137076     1.1463       1353     5.6333  0.000e+00
      0.198     4.6110   0.129061     1.0761       1354     5.6375  0.000e+00
      0.190     4.6032   0.149166     1.2532       1355     5.6417  0.000e+00
      0.189     4.6025   0.138795     1.1618       1356     5.6458  0.000e+00
      0.189     4.6005   0.127070     1.0591       1357     5.6500  0.000e+00
      0.190     4.5977   0.124254     1.0345       1358     5.6542  0.000e+00
      0.200     4.5984   0.118544     0.9847       1359     5.6583  0.000e+00
      0.195     4.5999   0.115342     0.9568       1360     5.6625  0.000e+00
      0.194     4.6028   0.118522     0.9844       1361     5.6667  0.000e+00
      0.196     4.6077   0.117408     0.9745       1362     5.6708  0.000e+00
      0.202     4.6126   0.114333     0.9476       1363     5.6750  0.000e+00
      0.191     4.6165   0.101219     0.8340       1364     5.6792  0.000e+00
      0.183     4.6198   0.086354     0.7062       1365     5.6833  0.000e+00
      0.193     4.6210   0.079307     0.6461       1366     5.6875  0.000e+00
      0.203     4.6223   0.079139     0.6446       1367     5.6917  0.000e+00
      0.205     4.6237   0.078482     0.6390       1368     5.6958  0.000e+00
      0.203     4.6267   0.078051     0.6353       1369     5.7000  0.000e+00
      0.194     4.6302   0.073126     0.5934       1370     5.7042  0.000e+00
      0.197     4.6329   0.072059     0.5844       1371     5.7083  0.000e+00
      0.204     4.6353   0.075370     0.6124       1372     5.7125  0.000e+00
      0.199     4.6386   0.075262     0.6114       1373     5.7167  0.000e+00
      0.194     4.6401   0.071985     0.5836       1374     5.7208  0.000e+00
      0.194     4.6404   0.068556     0.5546       1375     5.7250  0.000e+00
      0.199     4.6423   0.068945     0.5579       1376     5.7292  0.000e+00
      0.200     4.6448   0.069173     0.5598       1377     5.7333  0.000e+00
      0.199     4.6473   0.068534     0.5543       1378     5.7375  0.000e+00
      0.189     4.6502   0.067284     0.5437       1379     5.7417  0.000e+00
      0.195     4.6531   0.071534     0.5796       1380     5.7458  0.000e+00
