HB2501/sbe017.cnv
* Sea-Bird SBE 19plus V2 Data File:
* FileName = C:\cruise\data\sbe017.hex
* Software Version Seasave V 7.26.7.121
* Temperature SN = 6128
* Conductivity SN = 6128
* System UpLoad Time = Feb 16 2025 01:28:39
** Ship: Henry Bigelow
** Cruise:  HB2501
** Program:  ECOMON
# nquan = 7
# nvalues = 1544                                  
# units = specified
# name 0 = depSM: Depth [salt water, m], lat = 40.00
# name 1 = tv290C: Temperature [ITS-90, deg C]
# name 2 = c0S/m: Conductivity [S/m]
# name 3 = sal00: Salinity, Practical [PSU]
# name 4 = scan: Scan Count
# name 5 = timeM: Time, Elapsed [minutes]
# name 6 = flag:  0.000e+00
# span 0 =      0.075,     43.490                 
# span 1 =    -0.1658,     2.9218                 
# span 2 =   0.020821,   2.950818                 
# span 3 =     0.1857,    32.6884                 
# span 4 =         11,       1554                 
# span 5 =     0.0417,     6.4708                 
# span 6 = 0.0000e+00, 0.0000e+00                 
# interval = seconds: 0.25
# start_time = Feb 16 2025 01:28:39 [System UTC, header]
# bad_flag = -9.990e-29
*END*
[from data line 411]
     37.478     2.9064   2.950266    32.4450        422     1.7542  0.000e+00
     37.595     2.9065   2.950248    32.4447        423     1.7583  0.000e+00
     37.718     2.9065   2.950284    32.4450        424     1.7625  0.000e+00
     37.847     2.9066   2.950248    32.4444        425     1.7667  0.000e+00
     37.983     2.9065   2.950224    32.4441        426     1.7708  0.000e+00
     38.131     2.9063   2.950213    32.4442        427     1.7750  0.000e+00
     38.274     2.9062   2.950189    32.4439        428     1.7792  0.000e+00
     38.435     2.9060   2.950189    32.4440        429     1.7833  0.000e+00
     38.589     2.9056   2.950171    32.4441        430     1.7875  0.000e+00
     38.752     2.9054   2.950165    32.4442        431     1.7917  0.000e+00
     38.912     2.9051   2.950171    32.4444        432     1.7958  0.000e+00
     39.069     2.9050   2.950189    32.4446        433     1.8000  0.000e+00
     39.230     2.9050   2.950166    32.4443        434     1.8042  0.000e+00
     39.391     2.9050   2.950154    32.4441        435     1.8083  0.000e+00
     39.555     2.9048   2.950266    32.4455        436     1.8125  0.000e+00
     39.710     2.9050   2.950284    32.4455        437     1.8167  0.000e+00
     39.856     2.9053   2.950284    32.4451        438     1.8208  0.000e+00
     39.999     2.9054   2.950338    32.4455        439     1.8250  0.000e+00
     40.141     2.9056   2.950361    32.4455        440     1.8292  0.000e+00
     40.274     2.9060   2.950385    32.4454        441     1.8333  0.000e+00
     40.413     2.9062   2.950379    32.4450        442     1.8375  0.000e+00
     40.544     2.9063   2.950385    32.4449        443     1.8417  0.000e+00
     40.674     2.9063   2.950397    32.4450        444     1.8458  0.000e+00
     40.804     2.9064   2.950403    32.4449        445     1.8500  0.000e+00
     40.946     2.9063   2.950421    32.4451        446     1.8542  0.000e+00
     41.080     2.9065   2.950433    32.4450        447     1.8583  0.000e+00
     41.213     2.9065   2.950403    32.4446        448     1.8625  0.000e+00
     41.343     2.9065   2.950415    32.4447        449     1.8667  0.000e+00
     41.484     2.9065   2.950421    32.4447        450     1.8708  0.000e+00
     41.616     2.9065   2.950451    32.4450        451     1.8750  0.000e+00
     41.746     2.9066   2.950463    32.4449        452     1.8792  0.000e+00
     41.885     2.9065   2.950481    32.4451        453     1.8833  0.000e+00
     42.019     2.9067   2.950487    32.4449        454     1.8875  0.000e+00
     42.155     2.9067   2.950463    32.4446        455     1.8917  0.000e+00
     42.300     2.9066   2.950510    32.4452        456     1.8958  0.000e+00
     42.440     2.9066   2.950463    32.4446        457     1.9000  0.000e+00
     42.581     2.9066   2.950499    32.4449        458     1.9042  0.000e+00
     42.727     2.9066   2.950528    32.4452        459     1.9083  0.000e+00
     42.882     2.9065   2.950481    32.4447        460     1.9125  0.000e+00
     43.031     2.9064   2.950469    32.4445        461     1.9167  0.000e+00
     43.181     2.9063   2.950439    32.4441        462     1.9208  0.000e+00
     43.343     2.9059   2.950487    32.4450        463     1.9250  0.000e+00
     43.431     2.9060   2.950558    32.4458        464     1.9292  0.000e+00
     43.490     2.9062   2.950540    32.4453        465     1.9333  0.000e+00
     43.474     2.9064   2.950528    32.4450        466     1.9375  0.000e+00
     43.424     2.9064   2.950600    32.4459        467     1.9417  0.000e+00
     43.384     2.9067   2.950617    32.4458        468     1.9458  0.000e+00
     43.367     2.9072   2.950695    32.4463        469     1.9500  0.000e+00
     43.362     2.9074   2.950695    32.4461        470     1.9542  0.000e+00
     43.336     2.9078   2.950712    32.4459        471     1.9583  0.000e+00
     43.310     2.9081   2.950677    32.4452        472     1.9625  0.000e+00
     43.284     2.9083   2.950659    32.4448        473     1.9667  0.000e+00
     43.261     2.9083   2.950659    32.4448        474     1.9708  0.000e+00
     43.248     2.9082   2.950659    32.4449        475     1.9750  0.000e+00
     43.227     2.9082   2.950677    32.4452        476     1.9792  0.000e+00
     43.196     2.9081   2.950718    32.4457        477     1.9833  0.000e+00
     43.172     2.9083   2.950712    32.4455        478     1.9875  0.000e+00
     43.148     2.9084   2.950694    32.4452        479     1.9917  0.000e+00
     43.123     2.9085   2.950712    32.4453        480     1.9958  0.000e+00
     43.100     2.9085   2.950677    32.4449        481     2.0000  0.000e+00
     43.082     2.9084   2.950635    32.4445        482     2.0042  0.000e+00
     43.067     2.9081   2.950635    32.4448        483     2.0083  0.000e+00
     43.065     2.9081   2.950635    32.4448        484     2.0125  0.000e+00
     43.069     2.9078   2.950659    32.4454        485     2.0167  0.000e+00
     43.069     2.9077   2.950659    32.4455        486     2.0208  0.000e+00
     43.063     2.9078   2.950677    32.4456        487     2.0250  0.000e+00
     43.051     2.9080   2.950694    32.4457        488     2.0292  0.000e+00
     43.029     2.9081   2.950677    32.4454        489     2.0333  0.000e+00
     42.999     2.9081   2.950694    32.4456        490     2.0375  0.000e+00
     42.959     2.9084   2.950718    32.4456        491     2.0417  0.000e+00
     42.913     2.9085   2.950748    32.4459        492     2.0458  0.000e+00
     42.855     2.9087   2.950736    32.4455        493     2.0500  0.000e+00
     42.783     2.9088   2.950771    32.4459        494     2.0542  0.000e+00
     42.710     2.9090   2.950765    32.4456        495     2.0583  0.000e+00
     42.621     2.9092   2.950754    32.4453        496     2.0625  0.000e+00
     42.529     2.9093   2.950730    32.4451        497     2.0667  0.000e+00
     42.435     2.9093   2.950736    32.4452        498     2.0708  0.000e+00
     42.332     2.9092   2.950730    32.4453        499     2.0750  0.000e+00
     42.233     2.9091   2.950736    32.4454        500     2.0792  0.000e+00
     42.129     2.9092   2.950718    32.4452        501     2.0833  0.000e+00
     42.041     2.9091   2.950730    32.4455        502     2.0875  0.000e+00
     41.954     2.9091   2.950694    32.4451        503     2.0917  0.000e+00
     41.878     2.9090   2.950730    32.4457        504     2.0958  0.000e+00
     41.804     2.9091   2.950676    32.4450        505     2.1000  0.000e+00
     41.746     2.9091   2.950694    32.4452        506     2.1042  0.000e+00
     41.690     2.9090   2.950658    32.4449        507     2.1083  0.000e+00
     41.632     2.9088   2.950658    32.4451        508     2.1125  0.000e+00
     41.580     2.9089   2.950676    32.4453        509     2.1167  0.000e+00
     41.523     2.9087   2.950658    32.4453        510     2.1208  0.000e+00
     41.475     2.9089   2.950658    32.4452        511     2.1250  0.000e+00
     41.418     2.9088   2.950658    32.4452        512     2.1292  0.000e+00
     41.357     2.9088   2.950658    32.4453        513     2.1333  0.000e+00
     41.292     2.9088   2.950658    32.4453        514     2.1375  0.000e+00
     41.232     2.9086   2.950617    32.4450        515     2.1417  0.000e+00
     41.158     2.9086   2.950635    32.4453        516     2.1458  0.000e+00
     41.089     2.9085   2.950635    32.4454        517     2.1500  0.000e+00
     41.014     2.9086   2.950617    32.4452        518     2.1542  0.000e+00
     40.937     2.9086   2.950635    32.4455        519     2.1583  0.000e+00
     40.862     2.9087   2.950676    32.4459        520     2.1625  0.000e+00
     40.782     2.9089   2.950747    32.4466        521     2.1667  0.000e+00
     40.698     2.9093   2.950694    32.4455        522     2.1708  0.000e+00
     40.622     2.9095   2.950729    32.4458        523     2.1750  0.000e+00
     40.538     2.9098   2.950795    32.4464        524     2.1792  0.000e+00
     40.459     2.9101   2.950795    32.4461        525     2.1833  0.000e+00
     40.387     2.9104   2.950783    32.4457        526     2.1875  0.000e+00
     40.316     2.9107   2.950794    32.4456        527     2.1917  0.000e+00
     40.256     2.9108   2.950783    32.4454        528     2.1958  0.000e+00
     40.197     2.9108   2.950771    32.4453        529     2.2000  0.000e+00
     40.146     2.9107   2.950771    32.4454        530     2.2042  0.000e+00
     40.103     2.9108   2.950765    32.4452        531     2.2083  0.000e+00
     40.061     2.9106   2.950753    32.4453        532     2.2125  0.000e+00
     40.019     2.9105   2.950765    32.4455        533     2.2167  0.000e+00
     39.978     2.9106   2.950771    32.4456        534     2.2208  0.000e+00
     39.936     2.9104   2.950729    32.4453        535     2.2250  0.000e+00
     39.893     2.9105   2.950676    32.4446        536     2.2292  0.000e+00
     39.849     2.9102   2.950658    32.4446        537     2.2333  0.000e+00
     39.804     2.9099   2.950616    32.4445        538     2.2375  0.000e+00
     39.749     2.9096   2.950616    32.4448        539     2.2417  0.000e+00
     39.689     2.9095   2.950581    32.4445        540     2.2458  0.000e+00
     39.622     2.9094   2.950581    32.4447        541     2.2500  0.000e+00
     39.559     2.9092   2.950616    32.4454        542     2.2542  0.000e+00
     39.470     2.9092   2.950634    32.4456        543     2.2583  0.000e+00
     39.383     2.9092   2.950598    32.4453        544     2.2625  0.000e+00
     39.292     2.9092   2.950658    32.4460        545     2.2667  0.000e+00
     39.196     2.9095   2.950676    32.4460        546     2.2708  0.000e+00
     39.100     2.9096   2.950658    32.4457        547     2.2750  0.000e+00
     39.012     2.9098   2.950634    32.4453        548     2.2792  0.000e+00
     38.922     2.9096   2.950598    32.4450        549     2.2833  0.000e+00
     38.825     2.9097   2.950598    32.4450        550     2.2875  0.000e+00
     38.745     2.9097   2.950557    32.4446        551     2.2917  0.000e+00
     38.667     2.9094   2.950545    32.4447        552     2.2958  0.000e+00
     38.588     2.9092   2.950539    32.4449        553     2.3000  0.000e+00
     38.512     2.9090   2.950539    32.4451        554     2.3042  0.000e+00
     38.444     2.9090   2.950580    32.4457        555     2.3083  0.000e+00
     38.377     2.9091   2.950539    32.4451        556     2.3125  0.000e+00
     38.314     2.9091   2.950527    32.4450        557     2.3167  0.000e+00
     38.254     2.9091   2.950539    32.4452        558     2.3208  0.000e+00
     38.196     2.9091   2.950527    32.4451        559     2.3250  0.000e+00
     38.146     2.9092   2.950557    32.4454        560     2.3292  0.000e+00
     38.092     2.9091   2.950539    32.4453        561     2.3333  0.000e+00
     38.050     2.9091   2.950527    32.4452        562     2.3375  0.000e+00
     38.008     2.9092   2.950539    32.4453        563     2.3417  0.000e+00
     37.961     2.9091   2.950527    32.4452        564     2.3458  0.000e+00
     37.914     2.9091   2.950539    32.4454        565     2.3500  0.000e+00
     37.865     2.9091   2.950497    32.4449        566     2.3542  0.000e+00
     37.814     2.9090   2.950527    32.4454        567     2.3583  0.000e+00
     37.757     2.9090   2.950539    32.4456        568     2.3625  0.000e+00
     37.698     2.9090   2.950485    32.4449        569     2.3667  0.000e+00
     37.638     2.9088   2.950479    32.4451        570     2.3708  0.000e+00
     37.575     2.9089   2.950509    32.4454        571     2.3750  0.000e+00
     37.508     2.9089   2.950497    32.4453        572     2.3792  0.000e+00
     37.446     2.9090   2.950521    32.4456        573     2.3833  0.000e+00
     37.383     2.9090   2.950545    32.4458        574     2.3875  0.000e+00
     37.312     2.9092   2.950539    32.4456        575     2.3917  0.000e+00
     37.247     2.9093   2.950616    32.4465        576     2.3958  0.000e+00
     37.180     2.9096   2.950556    32.4455        577     2.4000  0.000e+00
     37.111     2.9098   2.950556    32.4453        578     2.4042  0.000e+00
     37.048     2.9097   2.950544    32.4453        579     2.4083  0.000e+00
     36.985     2.9097   2.950598    32.4460        580     2.4125  0.000e+00
     36.922     2.9100   2.950580    32.4455        581     2.4167  0.000e+00
     36.862     2.9100   2.950598    32.4457        582     2.4208  0.000e+00
     36.805     2.9103   2.950693    32.4466        583     2.4250  0.000e+00
     36.750     2.9109   2.950693    32.4461        584     2.4292  0.000e+00
     36.695     2.9111   2.950716    32.4462        585     2.4333  0.000e+00
     36.635     2.9114   2.950728    32.4461        586     2.4375  0.000e+00
     36.577     2.9117   2.950752    32.4461        587     2.4417  0.000e+00
     36.516     2.9117   2.950728    32.4458        588     2.4458  0.000e+00
     36.447     2.9118   2.950693    32.4453        589     2.4500  0.000e+00
     36.379     2.9118   2.950716    32.4456        590     2.4542  0.000e+00
     36.332     2.9118   2.950710    32.4456        591     2.4583  0.000e+00
     36.281     2.9119   2.950692    32.4453        592     2.4625  0.000e+00
     36.264     2.9119   2.950692    32.4453        593     2.4667  0.000e+00
     36.255     2.9118   2.950716    32.4458        594     2.4708  0.000e+00
     36.249     2.9117   2.950710    32.4457        595     2.4750  0.000e+00
     36.238     2.9118   2.950734    32.4460        596     2.4792  0.000e+00
     36.234     2.9121   2.950716    32.4455        597     2.4833  0.000e+00
     36.236     2.9121   2.950728    32.4456        598     2.4875  0.000e+00
     36.227     2.9121   2.950716    32.4455        599     2.4917  0.000e+00
     36.216     2.9120   2.950710    32.4454        600     2.4958  0.000e+00
     36.229     2.9119   2.950716    32.4456        601     2.5000  0.000e+00
     36.240     2.9119   2.950716    32.4457        602     2.5042  0.000e+00
     36.245     2.9120   2.950728    32.4457        603     2.5083  0.000e+00
     36.253     2.9120   2.950734    32.4457        604     2.5125  0.000e+00
     36.253     2.9121   2.950710    32.4454        605     2.5167  0.000e+00
     36.248     2.9120   2.950734    32.4458        606     2.5208  0.000e+00
     36.238     2.9120   2.950746    32.4459        607     2.5250  0.000e+00
     36.224     2.9121   2.950770    32.4461        608     2.5292  0.000e+00
     36.212     2.9122   2.950752    32.4458        609     2.5333  0.000e+00
     36.191     2.9122   2.950764    32.4459        610     2.5375  0.000e+00
     36.169     2.9123   2.950734    32.4455        611     2.5417  0.000e+00
     36.148     2.9123   2.950728    32.4454        612     2.5458  0.000e+00
     36.128     2.9122   2.950752    32.4458        613     2.5500  0.000e+00
     36.108     2.9122   2.950734    32.4456        614     2.5542  0.000e+00
     36.070     2.9122   2.950710    32.4454        615     2.5583  0.000e+00
     36.018     2.9121   2.950675    32.4451        616     2.5625  0.000e+00
     35.918     2.9118   2.950692    32.4456        617     2.5667  0.000e+00
     35.826     2.9119   2.950716    32.4458        618     2.5708  0.000e+00
     35.774     2.9118   2.950692    32.4457        619     2.5750  0.000e+00
     35.759     2.9119   2.950692    32.4456        620     2.5792  0.000e+00
     35.779     2.9119   2.950716    32.4459        621     2.5833  0.000e+00
     35.804     2.9119   2.950692    32.4456        622     2.5875  0.000e+00
     35.821     2.9118   2.950692    32.4456        623     2.5917  0.000e+00
     35.844     2.9117   2.950675    32.4455        624     2.5958  0.000e+00
     35.874     2.9116   2.950675    32.4457        625     2.6000  0.000e+00
