HB2501/sbe002.cnv
* Sea-Bird SBE 19plus V2 Data File:
* FileName = C:\cruise\data\sbe002.hex
* Software Version Seasave V 7.26.7.121
* Temperature SN = 6128
* Conductivity SN = 6128
* System UpLoad Time = Feb 14 2025 22:30:25
** Ship: Henry Bigelow
** Cruise:  HB2501
** Program:  ECOMON
# nquan = 7
# nvalues = 1402                                  
# units = specified
# name 0 = depSM: Depth [salt water, m], lat = 40.00
# name 1 = tv290C: Temperature [ITS-90, deg C]
# name 2 = c0S/m: Conductivity [S/m]
# name 3 = sal00: Salinity, Practical [PSU]
# name 4 = scan: Scan Count
# name 5 = timeM: Time, Elapsed [minutes]
# name 6 = flag:  0.000e+00
# span 0 =      0.133,     29.341                 
# span 1 =     1.6334,     5.0607                 
# span 2 =   0.008360,   3.161918                 
# span 3 =     0.0675,    34.4783                 
# span 4 =         11,       1412                 
# span 5 =     0.0417,     5.8792                 
# span 6 = 0.0000e+00, 0.0000e+00                 
# interval = seconds: 0.25
# start_time = Feb 14 2025 22:30:25 [System UTC, header]
# bad_flag = -9.990e-29
*END*
[from data line 616]
     20.250     5.0507   3.161556    32.8122        627     2.6083  0.000e+00
     20.213     5.0509   3.161556    32.8120        628     2.6125  0.000e+00
     20.174     5.0512   3.161556    32.8118        629     2.6167  0.000e+00
     20.129     5.0514   3.161556    32.8116        630     2.6208  0.000e+00
     20.080     5.0514   3.161477    32.8107        631     2.6250  0.000e+00
     20.021     5.0512   3.161477    32.8109        632     2.6292  0.000e+00
     19.955     5.0510   3.161276    32.8089        633     2.6333  0.000e+00
     19.891     5.0503   3.161215    32.8089        634     2.6375  0.000e+00
     19.819     5.0494   3.161258    32.8103        635     2.6417  0.000e+00
     19.747     5.0489   3.161337    32.8117        636     2.6458  0.000e+00
     19.674     5.0489   3.161337    32.8117        637     2.6500  0.000e+00
     19.602     5.0489   3.161398    32.8125        638     2.6542  0.000e+00
     19.526     5.0493   3.161440    32.8126        639     2.6583  0.000e+00
     19.448     5.0497   3.161318    32.8109        640     2.6625  0.000e+00
     19.380     5.0496   3.161300    32.8108        641     2.6667  0.000e+00
     19.303     5.0494   3.161257    32.8106        642     2.6708  0.000e+00
     19.225     5.0490   3.161318    32.8116        643     2.6750  0.000e+00
     19.143     5.0490   3.161300    32.8115        644     2.6792  0.000e+00
     19.065     5.0491   3.161239    32.8108        645     2.6833  0.000e+00
     18.986     5.0489   3.161336    32.8121        646     2.6875  0.000e+00
     18.911     5.0490   3.161318    32.8118        647     2.6917  0.000e+00
     18.836     5.0492   3.161355    32.8121        648     2.6958  0.000e+00
     18.755     5.0494   3.161135    32.8094        649     2.7000  0.000e+00
     18.680     5.0490   3.161129    32.8098        650     2.7042  0.000e+00
     18.615     5.0483   3.161160    32.8109        651     2.7083  0.000e+00
     18.547     5.0480   3.161318    32.8130        652     2.7125  0.000e+00
     18.483     5.0484   3.161275    32.8121        653     2.7167  0.000e+00
     18.426     5.0489   3.161275    32.8117        654     2.7208  0.000e+00
     18.383     5.0490   3.161257    32.8114        655     2.7250  0.000e+00
     18.332     5.0488   3.161020    32.8089        656     2.7292  0.000e+00
     18.288     5.0482   3.160934    32.8086        657     2.7333  0.000e+00
     18.240     5.0472   3.160959    32.8099        658     2.7375  0.000e+00
     18.195     5.0466   3.160959    32.8105        659     2.7417  0.000e+00
     18.147     5.0460   3.160898    32.8104        660     2.7458  0.000e+00
     18.098     5.0458   3.160898    32.8106        661     2.7500  0.000e+00
     18.050     5.0455   3.160934    32.8113        662     2.7542  0.000e+00
     18.002     5.0455   3.161020    32.8123        663     2.7583  0.000e+00
     17.946     5.0458   3.161074    32.8127        664     2.7625  0.000e+00
     17.884     5.0463   3.160916    32.8104        665     2.7667  0.000e+00
     17.829     5.0461   3.160855    32.8099        666     2.7708  0.000e+00
     17.758     5.0457   3.160837    32.8102        667     2.7750  0.000e+00
     17.692     5.0452   3.160837    32.8107        668     2.7792  0.000e+00
     17.621     5.0450   3.160879    32.8114        669     2.7833  0.000e+00
     17.548     5.0450   3.160995    32.8128        670     2.7875  0.000e+00
     17.475     5.0456   3.161050    32.8128        671     2.7917  0.000e+00
     17.400     5.0461   3.161239    32.8145        672     2.7958  0.000e+00
     17.324     5.0472   3.161239    32.8136        673     2.8000  0.000e+00
     17.247     5.0480   3.161257    32.8130        674     2.8042  0.000e+00
     17.174     5.0487   3.161238    32.8121        675     2.8083  0.000e+00
     17.100     5.0492   3.161299    32.8124        676     2.8125  0.000e+00
     17.032     5.0494   3.161257    32.8117        677     2.8167  0.000e+00
     16.971     5.0495   3.161214    32.8112        678     2.8208  0.000e+00
     16.906     5.0495   3.161257    32.8117        679     2.8250  0.000e+00
     16.844     5.0495   3.161299    32.8122        680     2.8292  0.000e+00
     16.784     5.0497   3.161257    32.8115        681     2.8333  0.000e+00
     16.723     5.0498   3.161257    32.8114        682     2.8375  0.000e+00
     16.667     5.0498   3.161177    32.8105        683     2.8417  0.000e+00
     16.603     5.0495   3.161159    32.8107        684     2.8458  0.000e+00
     16.536     5.0493   3.161159    32.8109        685     2.8500  0.000e+00
     16.465     5.0491   3.161159    32.8111        686     2.8542  0.000e+00
     16.391     5.0490   3.161196    32.8117        687     2.8583  0.000e+00
     16.319     5.0491   3.161214    32.8119        688     2.8625  0.000e+00
     16.245     5.0493   3.161196    32.8115        689     2.8667  0.000e+00
     16.165     5.0493   3.161238    32.8121        690     2.8708  0.000e+00
     16.088     5.0496   3.161214    32.8115        691     2.8750  0.000e+00
     16.012     5.0496   3.161214    32.8116        692     2.8792  0.000e+00
     15.928     5.0496   3.161238    32.8118        693     2.8833  0.000e+00
     15.846     5.0497   3.161299    32.8125        694     2.8875  0.000e+00
     15.760     5.0500   3.161354    32.8129        695     2.8917  0.000e+00
     15.672     5.0504   3.161396    32.8130        696     2.8958  0.000e+00
     15.591     5.0510   3.161275    32.8110        697     2.9000  0.000e+00
     15.517     5.0510   3.161317    32.8116        698     2.9042  0.000e+00
     15.447     5.0510   3.161396    32.8126        699     2.9083  0.000e+00
     15.373     5.0513   3.161396    32.8123        700     2.9125  0.000e+00
     15.322     5.0517   3.161396    32.8119        701     2.9167  0.000e+00
     15.274     5.0517   3.161414    32.8121        702     2.9208  0.000e+00
     15.234     5.0519   3.161414    32.8120        703     2.9250  0.000e+00
     15.201     5.0519   3.161317    32.8108        704     2.9292  0.000e+00
     15.167     5.0517   3.161019    32.8076        705     2.9333  0.000e+00
     15.134     5.0505   3.161019    32.8088        706     2.9375  0.000e+00
     15.101     5.0493   3.161037    32.8102        707     2.9417  0.000e+00
     15.053     5.0487   3.161019    32.8106        708     2.9458  0.000e+00
     14.998     5.0483   3.160958    32.8103        709     2.9500  0.000e+00
     14.934     5.0480   3.160854    32.8096        710     2.9542  0.000e+00
     14.868     5.0473   3.160879    32.8105        711     2.9583  0.000e+00
     14.792     5.0470   3.160897    32.8110        712     2.9625  0.000e+00
     14.711     5.0469   3.161019    32.8126        713     2.9667  0.000e+00
     14.616     5.0474   3.160976    32.8117        714     2.9708  0.000e+00
     14.525     5.0475   3.160897    32.8107        715     2.9750  0.000e+00
     14.433     5.0473   3.160817    32.8100        716     2.9792  0.000e+00
     14.345     5.0469   3.160738    32.8095        717     2.9833  0.000e+00
     14.260     5.0464   3.160738    32.8101        718     2.9875  0.000e+00
     14.167     5.0460   3.160714    32.8103        719     2.9917  0.000e+00
     14.087     5.0457   3.160714    32.8106        720     2.9958  0.000e+00
     14.011     5.0454   3.160738    32.8112        721     3.0000  0.000e+00
     13.935     5.0453   3.160756    32.8116        722     3.0042  0.000e+00
     13.867     5.0455   3.160714    32.8109        723     3.0083  0.000e+00
     13.789     5.0453   3.160696    32.8110        724     3.0125  0.000e+00
     13.723     5.0453   3.160714    32.8112        725     3.0167  0.000e+00
     13.644     5.0454   3.160677    32.8107        726     3.0208  0.000e+00
     13.576     5.0453   3.160695    32.8111        727     3.0250  0.000e+00
     13.501     5.0452   3.160756    32.8119        728     3.0292  0.000e+00
     13.433     5.0454   3.160738    32.8115        729     3.0333  0.000e+00
     13.368     5.0454   3.160817    32.8124        730     3.0375  0.000e+00
     13.303     5.0458   3.160811    32.8120        731     3.0417  0.000e+00
     13.238     5.0461   3.160835    32.8121        732     3.0458  0.000e+00
     13.183     5.0465   3.160878    32.8122        733     3.0500  0.000e+00
     13.133     5.0467   3.160793    32.8110        734     3.0542  0.000e+00
     13.092     5.0467   3.160774    32.8109        735     3.0583  0.000e+00
     13.057     5.0465   3.160793    32.8113        736     3.0625  0.000e+00
     13.024     5.0466   3.160793    32.8112        737     3.0667  0.000e+00
     12.981     5.0466   3.160793    32.8112        738     3.0708  0.000e+00
     12.937     5.0466   3.160793    32.8112        739     3.0750  0.000e+00
     12.891     5.0466   3.160756    32.8108        740     3.0792  0.000e+00
     12.829     5.0466   3.160738    32.8107        741     3.0833  0.000e+00
     12.760     5.0464   3.160695    32.8104        742     3.0875  0.000e+00
     12.677     5.0462   3.160774    32.8115        743     3.0917  0.000e+00
     12.590     5.0463   3.160835    32.8122        744     3.0958  0.000e+00
     12.497     5.0466   3.160756    32.8110        745     3.1000  0.000e+00
     12.399     5.0466   3.160756    32.8110        746     3.1042  0.000e+00
     12.302     5.0465   3.160713    32.8107        747     3.1083  0.000e+00
     12.210     5.0462   3.160713    32.8110        748     3.1125  0.000e+00
     12.118     5.0462   3.160695    32.8109        749     3.1167  0.000e+00
     12.037     5.0461   3.160092    32.8041        750     3.1208  0.000e+00
     11.970     5.0461   3.160665    32.8107        751     3.1250  0.000e+00
     11.908     5.0459   3.160756    32.8120        752     3.1292  0.000e+00
     11.856     5.0461   3.160756    32.8118        753     3.1333  0.000e+00
     11.822     5.0464   3.160774    32.8118        754     3.1375  0.000e+00
     11.802     5.0466   3.160774    32.8116        755     3.1417  0.000e+00
     11.784     5.0466   3.160652    32.8102        756     3.1458  0.000e+00
     11.768     5.0463   3.160616    32.8101        757     3.1500  0.000e+00
     11.757     5.0459   3.160695    32.8114        758     3.1542  0.000e+00
     11.742     5.0458   3.160738    32.8120        759     3.1583  0.000e+00
     11.720     5.0460   3.160792    32.8124        760     3.1625  0.000e+00
     11.691     5.0465   3.160415    32.8076        761     3.1667  0.000e+00
     11.651     5.0455   3.160116    32.8052        762     3.1708  0.000e+00
     11.607     5.0432   3.160153    32.8079        763     3.1750  0.000e+00
     11.555     5.0417   3.160293    32.8110        764     3.1792  0.000e+00
     11.504     5.0415   3.160372    32.8122        765     3.1833  0.000e+00
     11.458     5.0417   3.160415    32.8124        766     3.1875  0.000e+00
     11.412     5.0421   3.160275    32.8105        767     3.1917  0.000e+00
     11.375     5.0420   3.160372    32.8117        768     3.1958  0.000e+00
     11.351     5.0423   3.160695    32.8151        769     3.2000  0.000e+00
     11.328     5.0437   3.160573    32.8124        770     3.2042  0.000e+00
     11.317     5.0444   3.160329    32.8089        771     3.2083  0.000e+00
     11.304     5.0437   3.160275    32.8089        772     3.2125  0.000e+00
     11.288     5.0429   3.160256    32.8096        773     3.2167  0.000e+00
     11.263     5.0423   3.160256    32.8101        774     3.2208  0.000e+00
     11.229     5.0419   3.160232    32.8102        775     3.2250  0.000e+00
     11.172     5.0416   3.160275    32.8111        776     3.2292  0.000e+00
     11.105     5.0415   3.160372    32.8123        777     3.2333  0.000e+00
     11.024     5.0418   3.160396    32.8123        778     3.2375  0.000e+00
     10.946     5.0423   3.160457    32.8126        779     3.2417  0.000e+00
     10.853     5.0426   3.160494    32.8127        780     3.2458  0.000e+00
     10.778     5.0432   3.160555    32.8129        781     3.2500  0.000e+00
     10.721     5.0439   3.160415    32.8107        782     3.2542  0.000e+00
     10.669     5.0440   3.160274    32.8090        783     3.2583  0.000e+00
     10.626     5.0433   3.160396    32.8111        784     3.2625  0.000e+00
     10.599     5.0429   3.160555    32.8133        785     3.2667  0.000e+00
     10.584     5.0437   3.160555    32.8125        786     3.2708  0.000e+00
     10.565     5.0443   3.160597    32.8124        787     3.2750  0.000e+00
     10.562     5.0449   3.160634    32.8123        788     3.2792  0.000e+00
     10.566     5.0451   3.160634    32.8121        789     3.2833  0.000e+00
     10.570     5.0454   3.160634    32.8118        790     3.2875  0.000e+00
     10.570     5.0455   3.160621    32.8115        791     3.2917  0.000e+00
     10.574     5.0454   3.160597    32.8113        792     3.2958  0.000e+00
     10.555     5.0455   3.160634    32.8117        793     3.3000  0.000e+00
     10.517     5.0457   3.160652    32.8117        794     3.3042  0.000e+00
     10.460     5.0458   3.160652    32.8116        795     3.3083  0.000e+00
     10.392     5.0458   3.160652    32.8117        796     3.3125  0.000e+00
     10.311     5.0460   3.160676    32.8118        797     3.3167  0.000e+00
     10.231     5.0461   3.160652    32.8114        798     3.3208  0.000e+00
     10.157     5.0462   3.160676    32.8117        799     3.3250  0.000e+00
     10.087     5.0463   3.160694    32.8118        800     3.3292  0.000e+00
     10.033     5.0464   3.160816    32.8132        801     3.3333  0.000e+00
      9.984     5.0469   3.160792    32.8124        802     3.3375  0.000e+00
      9.953     5.0474   3.160834    32.8125        803     3.3417  0.000e+00
      9.930     5.0476   3.160816    32.8120        804     3.3458  0.000e+00
      9.923     5.0479   3.160755    32.8111        805     3.3500  0.000e+00
      9.918     5.0477   3.160834    32.8121        806     3.3542  0.000e+00
      9.911     5.0480   3.160895    32.8126        807     3.3583  0.000e+00
      9.902     5.0482   3.160853    32.8118        808     3.3625  0.000e+00
      9.897     5.0485   3.161035    32.8137        809     3.3667  0.000e+00
      9.879     5.0493   3.161035    32.8130        810     3.3708  0.000e+00
      9.863     5.0498   3.160895    32.8108        811     3.3750  0.000e+00
      9.840     5.0497   3.160877    32.8107        812     3.3792  0.000e+00
      9.808     5.0493   3.160993    32.8124        813     3.3833  0.000e+00
      9.758     5.0496   3.161054    32.8129        814     3.3875  0.000e+00
      9.693     5.0501   3.161133    32.8133        815     3.3917  0.000e+00
      9.618     5.0506   3.161157    32.8132        816     3.3958  0.000e+00
      9.547     5.0511   3.161133    32.8124        817     3.4000  0.000e+00
      9.482     5.0516   3.161193    32.8126        818     3.4042  0.000e+00
      9.426     5.0518   3.161193    32.8125        819     3.4083  0.000e+00
      9.391     5.0521   3.161133    32.8115        820     3.4125  0.000e+00
      9.366     5.0520   3.160992    32.8100        821     3.4167  0.000e+00
      9.358     5.0515   3.160852    32.8089        822     3.4208  0.000e+00
      9.363     5.0504   3.160816    32.8096        823     3.4250  0.000e+00
      9.385     5.0495   3.160792    32.8102        824     3.4292  0.000e+00
      9.413     5.0489   3.160895    32.8119        825     3.4333  0.000e+00
      9.429     5.0487   3.160956    32.8129        826     3.4375  0.000e+00
      9.451     5.0491   3.160895    32.8117        827     3.4417  0.000e+00
      9.468     5.0491   3.160913    32.8119        828     3.4458  0.000e+00
      9.472     5.0491   3.160993    32.8128        829     3.4500  0.000e+00
      9.460     5.0496   3.160895    32.8112        830     3.4542  0.000e+00
