HB2501/sbe020.cnv
* Sea-Bird SBE 19plus V2 Data File:
* FileName = C:\cruise\data\sbe020.hex
* Software Version Seasave V 7.26.7.121
* Temperature SN = 6128
* Conductivity SN = 6128
* System UpLoad Time = Feb 16 2025 04:54:22
** Ship: Henry Bigelow
** Cruise:  HB2501
** Program:  ECOMON
# nquan = 7
# nvalues = 1344                                  
# units = specified
# name 0 = depSM: Depth [salt water, m], lat = 40.00
# name 1 = tv290C: Temperature [ITS-90, deg C]
# name 2 = c0S/m: Conductivity [S/m]
# name 3 = sal00: Salinity, Practical [PSU]
# name 4 = scan: Scan Count
# name 5 = timeM: Time, Elapsed [minutes]
# name 6 = flag:  0.000e+00
# span 0 =     -0.007,     41.274                 
# span 1 =     1.7873,     4.1600                 
# span 2 =   0.006765,   3.067789                 
# span 3 =     0.0539,    33.3064                 
# span 4 =         11,       1354                 
# span 5 =     0.0417,     5.6375                 
# span 6 = 0.0000e+00, 0.0000e+00                 
# interval = seconds: 0.25
# start_time = Feb 16 2025 04:54:22 [System UTC, header]
# bad_flag = -9.990e-29
*END*
[from data line 206]
     11.744     3.2598   2.980448    32.4680        217     0.9000  0.000e+00
     11.892     3.2548   2.979341    32.4596        218     0.9042  0.000e+00
     12.029     3.2534   2.978514    32.4510        219     0.9083  0.000e+00
     12.162     3.2519   2.977526    32.4405        220     0.9125  0.000e+00
     12.285     3.2490   2.976794    32.4345        221     0.9167  0.000e+00
     12.394     3.2453   2.977752    32.4497        222     0.9208  0.000e+00
     12.500     3.2424   2.978300    32.4592        223     0.9250  0.000e+00
     12.594     3.2417   2.978443    32.4615        224     0.9292  0.000e+00
     12.679     3.2694   2.979085    32.4414        225     0.9333  0.000e+00
     12.755     3.3341   2.980817    32.3973        226     0.9375  0.000e+00
     12.825     3.4213   2.987529    32.3906        227     0.9417  0.000e+00
     12.886     3.5045   2.997833    32.4308        228     0.9458  0.000e+00
     12.954     3.5823   3.004202    32.4292        229     0.9500  0.000e+00
     13.033     3.6563   3.007456    32.3941        230     0.9542  0.000e+00
     13.126     3.7277   3.005777    32.3033        231     0.9583  0.000e+00
     13.232     3.7771   2.995307    32.1301        232     0.9625  0.000e+00
     13.343     3.7995   2.989093    32.0344        233     0.9667  0.000e+00
     13.463     3.8235   2.984725    31.9592        234     0.9708  0.000e+00
     13.584     3.8132   2.981218    31.9277        235     0.9750  0.000e+00
     13.706     3.7638   2.979819    31.9594        236     0.9792  0.000e+00
     13.826     3.7015   2.979141    32.0124        237     0.9833  0.000e+00
     13.947     3.6490   2.978683    32.0585        238     0.9875  0.000e+00
     14.065     3.6095   2.978195    32.0917        239     0.9917  0.000e+00
     14.181     3.5776   2.978422    32.1258        240     0.9958  0.000e+00
     14.293     3.5501   2.978631    32.1554        241     1.0000  0.000e+00
     14.402     3.5323   2.978661    32.1734        242     1.0042  0.000e+00
     14.517     3.4956   2.979244    32.2166        243     1.0083  0.000e+00
     14.630     3.4477   2.979281    32.2646        244     1.0125  0.000e+00
     14.746     3.4048   2.979067    32.3047        245     1.0167  0.000e+00
     14.861     3.3678   2.978835    32.3388        246     1.0208  0.000e+00
     14.971     3.3415   2.978829    32.3649        247     1.0250  0.000e+00
     15.087     3.3172   2.978966    32.3908        248     1.0292  0.000e+00
     15.205     3.2945   2.979086    32.4149        249     1.0333  0.000e+00
     15.317     3.2755   2.979134    32.4345        250     1.0375  0.000e+00
     15.427     3.2599   2.978812    32.4462        251     1.0417  0.000e+00
     15.536     3.2483   2.978443    32.4534        252     1.0458  0.000e+00
     15.644     3.2393   2.978098    32.4582        253     1.0500  0.000e+00
     15.746     3.2320   2.977860    32.4626        254     1.0542  0.000e+00
     15.853     3.2260   2.977706    32.4667        255     1.0583  0.000e+00
     15.964     3.2208   2.977640    32.4710        256     1.0625  0.000e+00
     16.078     3.2157   2.977587    32.4755        257     1.0667  0.000e+00
     16.189     3.2100   2.977599    32.4814        258     1.0708  0.000e+00
     16.307     3.2048   2.977629    32.4869        259     1.0750  0.000e+00
     16.425     3.2006   2.977712    32.4921        260     1.0792  0.000e+00
     16.549     3.1967   2.977843    32.4975        261     1.0833  0.000e+00
     16.675     3.1934   2.977885    32.5012        262     1.0875  0.000e+00
     16.804     3.1914   2.977867    32.5030        263     1.0917  0.000e+00
     16.927     3.1901   2.977825    32.5036        264     1.0958  0.000e+00
     17.056     3.1888   2.977825    32.5050        265     1.1000  0.000e+00
     17.193     3.1868   2.977921    32.5080        266     1.1042  0.000e+00
     17.323     3.1846   2.978022    32.5113        267     1.1083  0.000e+00
     17.455     3.1822   2.978040    32.5140        268     1.1125  0.000e+00
     17.584     3.1801   2.978034    32.5159        269     1.1167  0.000e+00
     17.709     3.1790   2.978040    32.5170        270     1.1208  0.000e+00
     17.824     3.1781   2.978088    32.5185        271     1.1250  0.000e+00
     17.944     3.1775   2.978439    32.5232        272     1.1292  0.000e+00
     18.051     3.1869   3.036401    33.2139        273     1.1333  0.000e+00
     18.155     3.3694   3.059626    33.3064        274     1.1375  0.000e+00
     18.256     3.6488   3.061307    33.0409        275     1.1417  0.000e+00
     18.349     3.8467   3.061798    32.8468        276     1.1458  0.000e+00
     18.454     3.9660   3.062110    32.7306        277     1.1500  0.000e+00
     18.559     4.0351   3.062278    32.6636        278     1.1542  0.000e+00
     18.667     4.0736   3.062338    32.6259        279     1.1583  0.000e+00
     18.782     4.0957   3.062668    32.6077        280     1.1625  0.000e+00
     18.896     4.1088   3.062915    32.5975        281     1.1667  0.000e+00
     19.019     4.1172   3.063156    32.5919        282     1.1708  0.000e+00
     19.148     4.1227   3.063228    32.5873        283     1.1750  0.000e+00
     19.283     4.1262   3.063378    32.5855        284     1.1792  0.000e+00
     19.419     4.1286   3.063276    32.5818        285     1.1833  0.000e+00
     19.557     4.1296   3.063168    32.5795        286     1.1875  0.000e+00
     19.694     4.1295   3.063071    32.5784        287     1.1917  0.000e+00
     19.832     4.1289   3.063132    32.5796        288     1.1958  0.000e+00
     19.969     4.1285   3.063156    32.5803        289     1.2000  0.000e+00
     20.099     4.1282   3.063053    32.5793        290     1.2042  0.000e+00
     20.221     4.1280   3.063420    32.5837        291     1.2083  0.000e+00
     20.339     4.1287   3.063625    32.5854        292     1.2125  0.000e+00
     20.444     4.1299   3.063727    32.5853        293     1.2167  0.000e+00
     20.548     4.1311   3.063788    32.5848        294     1.2208  0.000e+00
     20.644     4.1318   3.063709    32.5831        295     1.2250  0.000e+00
     20.749     4.1321   3.063685    32.5825        296     1.2292  0.000e+00
     20.850     4.1319   3.063667    32.5824        297     1.2333  0.000e+00
     20.953     4.1317   3.063770    32.5838        298     1.2375  0.000e+00
     21.055     4.1318   3.063866    32.5848        299     1.2417  0.000e+00
     21.164     4.1323   3.063962    32.5854        300     1.2458  0.000e+00
     21.275     4.1329   3.064077    32.5860        301     1.2500  0.000e+00
     21.389     4.1336   3.064215    32.5869        302     1.2542  0.000e+00
     21.510     4.1343   3.064329    32.5875        303     1.2583  0.000e+00
     21.633     4.1353   3.064426    32.5875        304     1.2625  0.000e+00
     21.762     4.1364   3.064498    32.5873        305     1.2667  0.000e+00
     21.892     4.1372   3.064600    32.5876        306     1.2708  0.000e+00
     22.029     4.1381   3.064636    32.5871        307     1.2750  0.000e+00
     22.161     4.1385   3.064618    32.5864        308     1.2792  0.000e+00
     22.295     4.1389   3.064600    32.5857        309     1.2833  0.000e+00
     22.428     4.1389   3.064600    32.5857        310     1.2875  0.000e+00
     22.558     4.1386   3.064636    32.5863        311     1.2917  0.000e+00
     22.697     4.1387   3.064673    32.5866        312     1.2958  0.000e+00
     22.829     4.1390   3.064685    32.5863        313     1.3000  0.000e+00
     22.963     4.1390   3.064697    32.5864        314     1.3042  0.000e+00
     23.099     4.1389   3.064637    32.5857        315     1.3083  0.000e+00
     23.231     4.1390   3.064625    32.5854        316     1.3125  0.000e+00
     23.358     4.1387   3.064637    32.5858        317     1.3167  0.000e+00
     23.490     4.1384   3.064619    32.5858        318     1.3208  0.000e+00
     23.611     4.1383   3.064619    32.5858        319     1.3250  0.000e+00
     23.728     4.1381   3.064583    32.5856        320     1.3292  0.000e+00
     23.841     4.1379   3.064619    32.5861        321     1.3333  0.000e+00
     23.946     4.1378   3.064697    32.5871        322     1.3375  0.000e+00
     24.051     4.1380   3.064805    32.5881        323     1.3417  0.000e+00
     24.158     4.1384   3.064811    32.5877        324     1.3458  0.000e+00
     24.269     4.1388   3.064811    32.5872        325     1.3500  0.000e+00
     24.372     4.1391   3.064866    32.5876        326     1.3542  0.000e+00
     24.475     4.1392   3.064848    32.5872        327     1.3583  0.000e+00
     24.585     4.1394   3.064890    32.5874        328     1.3625  0.000e+00
     24.699     4.1394   3.064908    32.5876        329     1.3667  0.000e+00
     24.812     4.1395   3.064968    32.5881        330     1.3708  0.000e+00
     24.934     4.1397   3.065082    32.5892        331     1.3750  0.000e+00
     25.055     4.1402   3.065101    32.5888        332     1.3792  0.000e+00
     25.178     4.1409   3.065215    32.5895        333     1.3833  0.000e+00
     25.305     4.1415   3.065275    32.5895        334     1.3875  0.000e+00
     25.442     4.1422   3.065275    32.5888        335     1.3917  0.000e+00
     25.580     4.1424   3.065293    32.5886        336     1.3958  0.000e+00
     25.717     4.1428   3.065299    32.5883        337     1.4000  0.000e+00
     25.860     4.1428   3.064445    32.5782        338     1.4042  0.000e+00
     26.003     4.1424   3.064908    32.5839        339     1.4083  0.000e+00
     26.142     4.1413   3.064848    32.5843        340     1.4125  0.000e+00
     26.293     4.1401   3.064770    32.5844        341     1.4167  0.000e+00
     26.435     4.1391   3.064656    32.5840        342     1.4208  0.000e+00
     26.571     4.1381   3.064927    32.5881        343     1.4250  0.000e+00
     26.710     4.1381   3.065011    32.5890        344     1.4292  0.000e+00
     26.843     4.1386   3.064927    32.5875        345     1.4333  0.000e+00
     26.966     4.1388   3.065041    32.5885        346     1.4375  0.000e+00
     27.081     4.1391   3.065053    32.5883        347     1.4417  0.000e+00
     27.192     4.1394   3.064909    32.5863        348     1.4458  0.000e+00
     27.300     4.1392   3.065005    32.5876        349     1.4500  0.000e+00
     27.401     4.1392   3.065216    32.5900        350     1.4542  0.000e+00
     27.501     4.1399   3.065276    32.5900        351     1.4583  0.000e+00
     27.602     4.1405   3.065234    32.5888        352     1.4625  0.000e+00
     27.714     4.1411   3.065294    32.5889        353     1.4667  0.000e+00
     27.823     4.1413   3.065276    32.5884        354     1.4708  0.000e+00
     27.937     4.1415   3.065336    32.5889        355     1.4750  0.000e+00
     28.060     4.1416   3.065450    32.5900        356     1.4792  0.000e+00
     28.184     4.1421   3.065601    32.5912        357     1.4833  0.000e+00
     28.319     4.1429   3.065643    32.5908        358     1.4875  0.000e+00
     28.449     4.1439   3.065854    32.5923        359     1.4917  0.000e+00
     28.581     4.1451   3.066125    32.5942        360     1.4958  0.000e+00
     28.720     4.1467   3.066173    32.5931        361     1.5000  0.000e+00
     28.853     4.1480   3.066071    32.5906        362     1.5042  0.000e+00
     28.991     4.1484   3.066010    32.5894        363     1.5083  0.000e+00
     29.123     4.1484   3.066071    32.5900        364     1.5125  0.000e+00
     29.258     4.1483   3.065914    32.5881        365     1.5167  0.000e+00
     29.395     4.1479   3.065800    32.5872        366     1.5208  0.000e+00
     29.531     4.1470   3.065704    32.5868        367     1.5250  0.000e+00
     29.665     4.1463   3.065686    32.5873        368     1.5292  0.000e+00
     29.803     4.1455   3.065662    32.5877        369     1.5333  0.000e+00
     29.942     4.1449   3.065722    32.5890        370     1.5375  0.000e+00
     30.083     4.1449   3.065806    32.5898        371     1.5417  0.000e+00
     30.224     4.1449   3.065680    32.5883        372     1.5458  0.000e+00
     30.367     4.1449   3.065662    32.5880        373     1.5500  0.000e+00
     30.510     4.1446   3.065602    32.5875        374     1.5542  0.000e+00
     30.653     4.1442   3.065523    32.5870        375     1.5583  0.000e+00
     30.792     4.1436   3.065566    32.5880        376     1.5625  0.000e+00
     30.925     4.1433   3.065566    32.5882        377     1.5667  0.000e+00
     31.060     4.1431   3.065584    32.5885        378     1.5708  0.000e+00
     31.194     4.1429   3.065566    32.5884        379     1.5750  0.000e+00
     31.324     4.1429   3.065566    32.5884        380     1.5792  0.000e+00
     31.452     4.1428   3.065548    32.5882        381     1.5833  0.000e+00
     31.575     4.1427   3.065566    32.5885        382     1.5875  0.000e+00
     31.703     4.1427   3.065584    32.5886        383     1.5917  0.000e+00
     31.833     4.1426   3.065644    32.5893        384     1.5958  0.000e+00
     31.963     4.1428   3.065644    32.5890        385     1.6000  0.000e+00
     32.096     4.1429   3.065644    32.5889        386     1.6042  0.000e+00
     32.231     4.1431   3.065680    32.5891        387     1.6083  0.000e+00
     32.369     4.1431   3.065686    32.5891        388     1.6125  0.000e+00
     32.497     4.1431   3.065662    32.5887        389     1.6167  0.000e+00
     32.633     4.1432   3.065662    32.5886        390     1.6208  0.000e+00
     32.767     4.1431   3.065705    32.5891        391     1.6250  0.000e+00
     32.899     4.1431   3.065687    32.5888        392     1.6292  0.000e+00
     33.034     4.1431   3.065801    32.5901        393     1.6333  0.000e+00
     33.163     4.1435   3.065915    32.5909        394     1.6375  0.000e+00
     33.296     4.1439   3.065909    32.5904        395     1.6417  0.000e+00
     33.432     4.1445   3.066186    32.5930        396     1.6458  0.000e+00
     33.562     4.1455   3.066265    32.5928        397     1.6500  0.000e+00
     33.707     4.1467   3.066240    32.5913        398     1.6542  0.000e+00
     33.837     4.1473   3.066216    32.5904        399     1.6583  0.000e+00
     33.975     4.1477   3.066283    32.5907        400     1.6625  0.000e+00
     34.118     4.1480   3.066439    32.5921        401     1.6667  0.000e+00
     34.266     4.1486   3.066439    32.5914        402     1.6708  0.000e+00
     34.419     4.1492   3.066632    32.5930        403     1.6750  0.000e+00
     34.570     4.1499   3.066686    32.5929        404     1.6792  0.000e+00
     34.713     4.1509   3.066710    32.5922        405     1.6833  0.000e+00
     34.860     4.1513   3.066626    32.5907        406     1.6875  0.000e+00
     35.013     4.1513   3.066632    32.5907        407     1.6917  0.000e+00
     35.160     4.1512   3.066746    32.5920        408     1.6958  0.000e+00
     35.310     4.1515   3.066566    32.5895        409     1.7000  0.000e+00
     35.458     4.1512   3.066494    32.5889        410     1.7042  0.000e+00
     35.607     4.1507   3.066494    32.5894        411     1.7083  0.000e+00
     35.748     4.1501   3.066494    32.5898        412     1.7125  0.000e+00
     35.893     4.1499   3.066542    32.5905        413     1.7167  0.000e+00
     36.029     4.1499   3.066747    32.5929        414     1.7208  0.000e+00
     36.166     4.1504   3.066711    32.5918        415     1.7250  0.000e+00
     36.300     4.1509   3.066542    32.5893        416     1.7292  0.000e+00
     36.432     4.1507   3.066554    32.5896        417     1.7333  0.000e+00
     36.564     4.1504   3.066958    32.5946        418     1.7375  0.000e+00
     36.700     4.1514   3.067150    32.5958        419     1.7417  0.000e+00
     36.832     4.1530   3.067301    32.5959        420     1.7458  0.000e+00
