HB2501/sbe008.cnv
* Sea-Bird SBE 19plus V2 Data File:
* FileName = C:\cruise\data\sbe008.hex
* Software Version Seasave V 7.26.7.121
* Temperature SN = 6128
* Conductivity SN = 6128
* System UpLoad Time = Feb 15 2025 08:19:18
** Ship: Henry Bigelow
** Cruise:  HB2501
** Program:  ECOMON
# nquan = 7
# nvalues = 1489                                  
# units = specified
# name 0 = depSM: Depth [salt water, m], lat = 40.00
# name 1 = tv290C: Temperature [ITS-90, deg C]
# name 2 = c0S/m: Conductivity [S/m]
# name 3 = sal00: Salinity, Practical [PSU]
# name 4 = scan: Scan Count
# name 5 = timeM: Time, Elapsed [minutes]
# name 6 = flag:  0.000e+00
# span 0 =      0.144,     48.511                 
# span 1 =    -0.1498,     4.8617                 
# span 2 =   0.009174,   3.140847                 
# span 3 =     0.0783,    34.6113                 
# span 4 =         11,       1499                 
# span 5 =     0.0417,     6.2417                 
# span 6 = 0.0000e+00, 0.0000e+00                 
# interval = seconds: 0.25
# start_time = Feb 15 2025 08:19:18 [System UTC, header]
# bad_flag = -9.990e-29
*END*
[from data line 821]
     28.897     4.8496   3.139655    32.7537        832     3.4625  0.000e+00
     28.829     4.8512   3.139497    32.7503        833     3.4667  0.000e+00
     28.764     4.8521   3.139594    32.7506        834     3.4708  0.000e+00
     28.699     4.8527   3.139023    32.7434        835     3.4750  0.000e+00
     28.638     4.8514   3.138665    32.7406        836     3.4792  0.000e+00
     28.575     4.8489   3.138428    32.7404        837     3.4833  0.000e+00
     28.518     4.8461   3.138483    32.7437        838     3.4875  0.000e+00
     28.465     4.8444   3.138404    32.7445        839     3.4917  0.000e+00
     28.415     4.8433   3.138404    32.7457        840     3.4958  0.000e+00
     28.377     4.8428   3.138464    32.7469        841     3.5000  0.000e+00
     28.339     4.8428   3.138841    32.7513        842     3.5042  0.000e+00
     28.309     4.8440   3.138859    32.7503        843     3.5083  0.000e+00
     28.275     4.8452   3.138695    32.7473        844     3.5125  0.000e+00
     28.244     4.8451   3.138483    32.7449        845     3.5167  0.000e+00
     28.213     4.8443   3.138446    32.7453        846     3.5208  0.000e+00
     28.179     4.8437   3.138525    32.7468        847     3.5250  0.000e+00
     28.150     4.8435   3.138586    32.7477        848     3.5292  0.000e+00
     28.114     4.8437   3.138604    32.7478        849     3.5333  0.000e+00
     28.070     4.8439   3.138561    32.7471        850     3.5375  0.000e+00
     28.026     4.8440   3.138483    32.7461        851     3.5417  0.000e+00
     27.974     4.8434   3.139636    32.7601        852     3.5458  0.000e+00
     27.912     4.8464   3.140311    32.7649        853     3.5500  0.000e+00
     27.854     4.8516   3.140371    32.7605        854     3.5542  0.000e+00
     27.799     4.8553   3.139023    32.7413        855     3.5583  0.000e+00
     27.742     4.8540   3.138762    32.7397        856     3.5625  0.000e+00
     27.691     4.8511   3.138962    32.7448        857     3.5667  0.000e+00
     27.644     4.8494   3.139023    32.7472        858     3.5708  0.000e+00
     27.597     4.8487   3.138762    32.7449        859     3.5750  0.000e+00
     27.553     4.8478   3.139102    32.7498        860     3.5792  0.000e+00
     27.514     4.8478   3.138646    32.7446        861     3.5833  0.000e+00
     27.473     4.8471   3.138561    32.7442        862     3.5875  0.000e+00
     27.430     4.8460   3.138586    32.7456        863     3.5917  0.000e+00
     27.391     4.8452   3.138343    32.7436        864     3.5958  0.000e+00
     27.354     4.8439   3.138245    32.7438        865     3.6000  0.000e+00
     27.309     4.8429   3.138264    32.7450        866     3.6042  0.000e+00
     27.268     4.8421   3.138209    32.7452        867     3.6083  0.000e+00
     27.218     4.8416   3.138209    32.7457        868     3.6125  0.000e+00
     27.174     4.8412   3.138106    32.7450        869     3.6167  0.000e+00
     27.134     4.8406   3.138209    32.7467        870     3.6208  0.000e+00
     27.091     4.8404   3.138209    32.7469        871     3.6250  0.000e+00
     27.056     4.8406   3.138233    32.7470        872     3.6292  0.000e+00
     27.019     4.8409   3.138148    32.7459        873     3.6333  0.000e+00
     26.990     4.8408   3.138209    32.7467        874     3.6375  0.000e+00
     26.961     4.8408   3.138209    32.7467        875     3.6417  0.000e+00
     26.930     4.8410   3.138209    32.7465        876     3.6458  0.000e+00
     26.907     4.8409   3.138185    32.7463        877     3.6500  0.000e+00
     26.874     4.8409   3.138227    32.7468        878     3.6542  0.000e+00
     26.845     4.8411   3.138428    32.7490        879     3.6583  0.000e+00
     26.816     4.8419   3.138622    32.7504        880     3.6625  0.000e+00
     26.776     4.8431   3.138604    32.7490        881     3.6667  0.000e+00
     26.727     4.8438   3.138500    32.7472        882     3.6708  0.000e+00
     26.675     4.8440   3.138324    32.7450        883     3.6750  0.000e+00
     26.616     4.8434   3.138385    32.7463        884     3.6792  0.000e+00
     26.550     4.8431   3.138385    32.7466        885     3.6833  0.000e+00
     26.471     4.8429   3.138403    32.7470        886     3.6875  0.000e+00
     26.402     4.8430   3.138427    32.7472        887     3.6917  0.000e+00
     26.328     4.8434   3.138367    32.7463        888     3.6958  0.000e+00
     26.255     4.8433   3.138342    32.7461        889     3.7000  0.000e+00
     26.191     4.8430   3.138585    32.7492        890     3.7042  0.000e+00
     26.138     4.8439   3.139533    32.7593        891     3.7083  0.000e+00
     26.092     4.8471   3.139697    32.7581        892     3.7125  0.000e+00
     26.051     4.8504   3.139757    32.7555        893     3.7167  0.000e+00
     26.022     4.8528   3.139417    32.7492        894     3.7208  0.000e+00
     25.998     4.8534   3.139138    32.7455        895     3.7250  0.000e+00
     25.977     4.8521   3.138804    32.7428        896     3.7292  0.000e+00
     25.960     4.8504   3.139277    32.7501        897     3.7333  0.000e+00
     25.943     4.8503   3.139478    32.7524        898     3.7375  0.000e+00
     25.923     4.8512   3.139557    32.7525        899     3.7417  0.000e+00
     25.900     4.8525   3.139557    32.7512        900     3.7458  0.000e+00
     25.871     4.8533   3.139593    32.7509        901     3.7500  0.000e+00
     25.842     4.8537   3.139696    32.7517        902     3.7542  0.000e+00
     25.803     4.8542   3.139593    32.7500        903     3.7583  0.000e+00
     25.769     4.8544   3.139575    32.7496        904     3.7625  0.000e+00
     25.731     4.8544   3.139757    32.7518        905     3.7667  0.000e+00
     25.689     4.8546   3.139217    32.7453        906     3.7708  0.000e+00
     25.651     4.8537   3.139617    32.7508        907     3.7750  0.000e+00
     25.607     4.8535   3.139180    32.7461        908     3.7792  0.000e+00
     25.556     4.8529   3.138700    32.7411        909     3.7833  0.000e+00
     25.511     4.8506   3.138463    32.7407        910     3.7875  0.000e+00
     25.462     4.8482   3.138463    32.7430        911     3.7917  0.000e+00
     25.400     4.8464   3.138506    32.7454        912     3.7958  0.000e+00
     25.348     4.8456   3.138482    32.7459        913     3.8000  0.000e+00
     25.296     4.8451   3.138804    32.7501        914     3.8042  0.000e+00
     25.248     4.8457   3.138403    32.7450        915     3.8083  0.000e+00
     25.208     4.8452   3.138129    32.7423        916     3.8125  0.000e+00
     25.168     4.8435   3.137990    32.7423        917     3.8167  0.000e+00
     25.144     4.8423   3.137789    32.7412        918     3.8208  0.000e+00
     25.115     4.8404   3.137887    32.7443        919     3.8250  0.000e+00
     25.095     4.8395   3.137662    32.7426        920     3.8292  0.000e+00
     25.077     4.8385   3.137668    32.7437        921     3.8333  0.000e+00
     25.064     4.8376   3.138148    32.7500        922     3.8375  0.000e+00
     25.040     4.8386   3.138761    32.7562        923     3.8417  0.000e+00
     25.017     4.8413   3.138980    32.7561        924     3.8458  0.000e+00
     24.985     4.8445   3.138980    32.7529        925     3.8500  0.000e+00
     24.946     4.8465   3.138901    32.7501        926     3.8542  0.000e+00
     24.905     4.8474   3.138524    32.7448        927     3.8583  0.000e+00
     24.853     4.8468   3.138858    32.7493        928     3.8625  0.000e+00
     24.795     4.8467   3.138245    32.7423        929     3.8667  0.000e+00
     24.724     4.8454   3.137917    32.7399        930     3.8708  0.000e+00
     24.663     4.8430   3.138026    32.7435        931     3.8750  0.000e+00
     24.592     4.8417   3.138342    32.7485        932     3.8792  0.000e+00
     24.520     4.8419   3.138481    32.7499        933     3.8833  0.000e+00
     24.459     4.8428   3.138402    32.7482        934     3.8875  0.000e+00
     24.392     4.8432   3.138305    32.7467        935     3.8917  0.000e+00
     24.340     4.8432   3.138245    32.7460        936     3.8958  0.000e+00
     24.289     4.8432   3.138208    32.7457        937     3.9000  0.000e+00
     24.240     4.8426   3.137965    32.7434        938     3.9042  0.000e+00
     24.203     4.8418   3.138081    32.7456        939     3.9083  0.000e+00
     24.167     4.8412   3.137911    32.7443        940     3.9125  0.000e+00
     24.128     4.8405   3.137807    32.7437        941     3.9167  0.000e+00
     24.102     4.8396   3.137789    32.7445        942     3.9208  0.000e+00
     24.079     4.8388   3.137692    32.7441        943     3.9250  0.000e+00
     24.057     4.8381   3.137631    32.7441        944     3.9292  0.000e+00
     24.034     4.8372   3.137589    32.7445        945     3.9333  0.000e+00
     24.017     4.8366   3.137552    32.7447        946     3.9375  0.000e+00
     24.005     4.8364   3.137552    32.7449        947     3.9417  0.000e+00
     23.984     4.8360   3.137516    32.7449        948     3.9458  0.000e+00
     23.955     4.8357   3.137534    32.7454        949     3.9500  0.000e+00
     23.920     4.8356   3.137571    32.7459        950     3.9542  0.000e+00
     23.894     4.8357   3.137571    32.7458        951     3.9583  0.000e+00
     23.850     4.8358   3.137570    32.7458        952     3.9625  0.000e+00
     23.805     4.8358   3.137570    32.7458        953     3.9667  0.000e+00
     23.747     4.8357   3.137473    32.7448        954     3.9708  0.000e+00
     23.690     4.8355   3.137510    32.7455        955     3.9750  0.000e+00
     23.630     4.8355   3.137352    32.7437        956     3.9792  0.000e+00
     23.570     4.8349   3.137394    32.7448        957     3.9833  0.000e+00
     23.518     4.8347   3.137455    32.7458        958     3.9875  0.000e+00
     23.466     4.8346   3.137473    32.7460        959     3.9917  0.000e+00
     23.425     4.8348   3.137394    32.7450        960     3.9958  0.000e+00
     23.388     4.8347   3.137352    32.7446        961     4.0000  0.000e+00
     23.356     4.8345   3.137394    32.7453        962     4.0042  0.000e+00
     23.322     4.8344   3.137449    32.7460        963     4.0083  0.000e+00
     23.298     4.8347   3.137449    32.7458        964     4.0125  0.000e+00
     23.270     4.8347   3.137394    32.7451        965     4.0167  0.000e+00
     23.236     4.8345   3.137473    32.7463        966     4.0208  0.000e+00
     23.203     4.8347   3.137516    32.7466        967     4.0250  0.000e+00
     23.159     4.8350   3.137449    32.7455        968     4.0292  0.000e+00
     23.111     4.8351   3.137552    32.7467        969     4.0333  0.000e+00
     23.053     4.8352   3.137473    32.7457        970     4.0375  0.000e+00
     22.997     4.8356   3.137947    32.7508        971     4.0417  0.000e+00
     22.939     4.8370   3.137868    32.7486        972     4.0458  0.000e+00
     22.872     4.8378   3.137509    32.7437        973     4.0500  0.000e+00
     22.813     4.8371   3.137509    32.7443        974     4.0542  0.000e+00
     22.748     4.8364   3.137570    32.7457        975     4.0583  0.000e+00
     22.683     4.8363   3.137540    32.7456        976     4.0625  0.000e+00
     22.627     4.8362   3.137412    32.7442        977     4.0667  0.000e+00
     22.573     4.8357   3.137473    32.7454        978     4.0708  0.000e+00
     22.523     4.8356   3.137491    32.7458        979     4.0750  0.000e+00
     22.474     4.8356   3.137473    32.7456        980     4.0792  0.000e+00
     22.427     4.8355   3.137473    32.7457        981     4.0833  0.000e+00
     22.390     4.8355   3.137613    32.7473        982     4.0875  0.000e+00
     22.349     4.8358   3.137588    32.7467        983     4.0917  0.000e+00
     22.315     4.8362   3.137886    32.7498        984     4.0958  0.000e+00
     22.283     4.8373   3.138104    32.7513        985     4.1000  0.000e+00
     22.257     4.8386   3.137989    32.7487        986     4.1042  0.000e+00
     22.228     4.8399   3.138104    32.7487        987     4.1083  0.000e+00
     22.193     4.8405   3.137867    32.7454        988     4.1125  0.000e+00
     22.173     4.8402   3.137770    32.7447        989     4.1167  0.000e+00
     22.139     4.8395   3.137867    32.7465        990     4.1208  0.000e+00
     22.103     4.8395   3.138183    32.7501        991     4.1250  0.000e+00
     22.069     4.8405   3.139276    32.7618        992     4.1292  0.000e+00
     22.029     4.8447   3.139434    32.7595        993     4.1333  0.000e+00
     21.980     4.8487   3.139398    32.7552        994     4.1375  0.000e+00
     21.935     4.8511   3.139027    32.7485        995     4.1417  0.000e+00
     21.884     4.8514   3.139155    32.7497        996     4.1458  0.000e+00
     21.830     4.8516   3.139197    32.7500        997     4.1500  0.000e+00
     21.775     4.8519   3.139373    32.7518        998     4.1542  0.000e+00
     21.714     4.8527   3.139337    32.7506        999     4.1583  0.000e+00
     21.660     4.8530   3.139355    32.7505       1000     4.1625  0.000e+00
     21.597     4.8536   3.139240    32.7486       1001     4.1667  0.000e+00
     21.534     4.8535   3.139155    32.7478       1002     4.1708  0.000e+00
     21.473     4.8528   3.139057    32.7474       1003     4.1750  0.000e+00
     21.419     4.8524   3.139045    32.7477       1004     4.1792  0.000e+00
     21.360     4.8518   3.138997    32.7478       1005     4.1833  0.000e+00
     21.302     4.8515   3.138899    32.7469       1006     4.1875  0.000e+00
     21.254     4.8510   3.138857    32.7470       1007     4.1917  0.000e+00
     21.209     4.8505   3.138681    32.7454       1008     4.1958  0.000e+00
     21.164     4.8495   3.138559    32.7451       1009     4.2000  0.000e+00
     21.126     4.8482   3.138881    32.7501       1010     4.2042  0.000e+00
     21.091     4.8485   3.138523    32.7457       1011     4.2083  0.000e+00
     21.063     4.8481   3.138741    32.7486       1012     4.2125  0.000e+00
     21.037     4.8479   3.138899    32.7506       1013     4.2167  0.000e+00
     21.012     4.8485   3.138650    32.7472       1014     4.2208  0.000e+00
     20.977     4.8483   3.138505    32.7457       1015     4.2250  0.000e+00
     20.946     4.8475   3.138244    32.7435       1016     4.2292  0.000e+00
     20.917     4.8463   3.138723    32.7503       1017     4.2333  0.000e+00
     20.875     4.8464   3.138802    32.7511       1018     4.2375  0.000e+00
     20.829     4.8474   3.138778    32.7498       1019     4.2417  0.000e+00
     20.777     4.8480   3.138881    32.7505       1020     4.2458  0.000e+00
     20.727     4.8486   3.138820    32.7492       1021     4.2500  0.000e+00
     20.668     4.8489   3.138802    32.7487       1022     4.2542  0.000e+00
     20.605     4.8491   3.138796    32.7484       1023     4.2583  0.000e+00
     20.545     4.8491   3.138942    32.7502       1024     4.2625  0.000e+00
     20.486     4.8495   3.138365    32.7432       1025     4.2667  0.000e+00
     20.427     4.8483   3.138444    32.7453       1026     4.2708  0.000e+00
     20.371     4.8473   3.138401    32.7459       1027     4.2750  0.000e+00
     20.315     4.8466   3.138559    32.7484       1028     4.2792  0.000e+00
     20.261     4.8468   3.138778    32.7507       1029     4.2833  0.000e+00
     20.211     4.8474   3.138723    32.7495       1030     4.2875  0.000e+00
     20.161     4.8480   3.138620    32.7478       1031     4.2917  0.000e+00
     20.123     4.8480   3.138480    32.7462       1032     4.2958  0.000e+00
     20.089     4.8473   3.138395    32.7459       1033     4.3000  0.000e+00
     20.054     4.8467   3.138444    32.7471       1034     4.3042  0.000e+00
     20.025     4.8461   3.138383    32.7469       1035     4.3083  0.000e+00
