HB2302/ctd002.cnv
* Sea-Bird SBE 9 Data File:
* FileName = C:\cruise\data\ctd002.hex
* Software Version Seasave V 7.26.7.121
* Temperature SN = 6664
* Conductivity SN = 6035
* Number of Bytes Per Scan = 37
* Number of Voltage Words = 4
* Number of Scans Averaged by the Deck Unit = 1
* NMEA Latitude = 40 02.30 N
* NMEA Longitude = 070 35.96 W
* NMEA UTC (Time) = Jun 09 2023  20:12:46
* NMEA baud rate = 4800
** Ship: Bigelow HB2301
** Program:  Spring ECOMON
** Chief Scientist:Jerry Prezioso
# nquan = 6
# nvalues = 323                         
# units = specified
# name 0 = depSM: Depth [salt water, m]
# name 1 = t090C: Temperature [ITS-90, deg C]
# name 2 = c0S/m: Conductivity [S/m]
# name 3 = sal00: Salinity, Practical [PSU]
# name 4 = scan: Scan Count
# name 5 = flag: flag
# span 0 =      2.000,    163.000       
# span 1 =    12.1700,    21.2376       
# span 2 =   3.997759,   5.029796       
# span 3 =    34.7420,    35.8991       
# span 4 =       -119,      12805       
# span 5 = 0.0000e+00, 0.0000e+00       
# interval = meters: 1                  
# start_time = Jun 09 2023 20:12:46 [NMEA time, header]
# bad_flag = -9.990e-29
*END*
[from data line 239]
     85.000    13.6380   4.222657    35.5683       8134 0.0000e+00
     84.000    13.6179   4.219609    35.5587       8158 0.0000e+00
     83.000    13.6310   4.220495    35.5553       8180 0.0000e+00
     82.000    13.6763   4.223940    35.5460       8204 0.0000e+00
     81.000    13.6977   4.225214    35.5386       8233 0.0000e+00
     80.000    13.6980   4.225242    35.5391       8263 0.0000e+00
     79.000    13.6930   4.224839    35.5404       8288 0.0000e+00
     78.000    13.6870   4.224455    35.5427       8310 0.0000e+00
     77.000    13.7133   4.225365    35.5272       8332 0.0000e+00
     76.000    13.7147   4.225383    35.5266       8359 0.0000e+00
     75.000    13.7135   4.225344    35.5277       8682 0.0000e+00
     74.000    13.7168   4.225364    35.5253       9800 0.0000e+00
     73.000    13.7155   4.225122    35.5246       9779 0.0000e+00
     72.000    13.7159   4.225097    35.5245       9811 0.0000e+00
     71.000    13.7109   4.224090    35.5201       9840 0.0000e+00
     70.000    13.7029   4.222556    35.5135       9870 0.0000e+00
     69.000    13.6953   4.221138    35.5076       9901 0.0000e+00
     68.000    13.6783   4.218180    35.4960       9931 0.0000e+00
     67.000    13.6295   4.210506    35.4695       9966 0.0000e+00
     66.000    13.6576   4.214847    35.4846      10006 0.0000e+00
     65.000    13.6253   4.210332    35.4725      10044 0.0000e+00
     64.000    13.5955   4.204851    35.4490      10080 0.0000e+00
     63.000    13.4838   4.186457    35.3794      10113 0.0000e+00
     62.000    13.4410   4.180013    35.3586      10147 0.0000e+00
     61.000    13.2948   4.158993    35.2956      10183 0.0000e+00
     60.000    13.1201   4.134135    35.2219      10218 0.0000e+00
     59.000    12.9504   4.110723    35.1568      10251 0.0000e+00
     58.000    12.7523   4.081688    35.0631      10284 0.0000e+00
     57.000    12.5929   4.062824    35.0306      10322 0.0000e+00
     56.000    12.3934   4.032090    34.9201      10362 0.0000e+00
     55.000    12.2887   4.014281    34.8458      10396 0.0000e+00
     54.000    12.1995   3.997760    34.7690      10429 0.0000e+00
     53.000    12.2211   3.999289    34.7642      10463 0.0000e+00
     52.000    12.2617   4.003565    34.7684      10503 0.0000e+00
     51.000    12.2981   4.004289    34.7420      10542 0.0000e+00
     50.000    12.6813   4.041634    34.7482      10963 0.0000e+00
     49.000    12.8185   4.054787    34.7481      11329 0.0000e+00
     48.000    12.9599   4.070070    34.7645      11369 0.0000e+00
     47.000    13.0052   4.074942    34.7697      11396 0.0000e+00
     46.000    13.0501   4.079771    34.7750      11421 0.0000e+00
     45.000    13.0894   4.084224    34.7816      11444 0.0000e+00
     44.000    13.3556   4.113730    34.8180      11468 0.0000e+00
     43.000    13.5709   4.134192    34.8148      11495 0.0000e+00
     42.000    13.7259   4.148425    34.8078      11523 0.0000e+00
     41.000    13.7963   4.155356    34.8092      11551 0.0000e+00
     40.000    14.0716   4.187186    34.8568      11577 0.0000e+00
     39.000    14.3059   4.213659    34.8911      11600 0.0000e+00
     38.000    14.5227   4.238635    34.9266      11623 0.0000e+00
     37.000    14.8772   4.276110    34.9521      11645 0.0000e+00
     36.000    15.0936   4.295716    34.9375      11669 0.0000e+00
     35.000    15.4510   4.332937    34.9565      11698 0.0000e+00
     34.000    15.5041   4.339072    34.9650      11730 0.0000e+00
     33.000    15.8144   4.375482    35.0171      11756 0.0000e+00
     32.000    16.9000   4.506868    35.2208      11777 0.0000e+00
     31.000    18.7891   4.726356    35.4675      11798 0.0000e+00
     30.000    19.9854   4.868966    35.6344      11821 0.0000e+00
     29.000    20.2393   4.901403    35.6860      11848 0.0000e+00
     28.000    20.3059   4.911508    35.7126      11880 0.0000e+00
     27.000    20.3381   4.917726    35.7365      11908 0.0000e+00
     26.000    20.4987   4.937191    35.7597      11931 0.0000e+00
     25.000    20.5447   4.943503    35.7726      11953 0.0000e+00
     24.000    20.6075   4.952085    35.7896      11977 0.0000e+00
     23.000    20.6185   4.954136    35.7974      12003 0.0000e+00
     22.000    20.6522   4.959053    35.8092      12033 0.0000e+00
     21.000    20.6788   4.962873    35.8181      12061 0.0000e+00
     20.000    20.6898   4.964561    35.8229      12086 0.0000e+00
     19.000    20.7138   4.967720    35.8286      12107 0.0000e+00
     18.000    20.7239   4.969087    35.8315      12129 0.0000e+00
     17.000    20.7336   4.970586    35.8359      12156 0.0000e+00
     16.000    20.7405   4.971699    35.8394      12186 0.0000e+00
     15.000    20.7769   4.976455    35.8475      12213 0.0000e+00
     14.000    20.8029   4.979729    35.8524      12236 0.0000e+00
     13.000    20.8184   4.981715    35.8559      12258 0.0000e+00
     12.000    20.8284   4.983019    35.8583      12283 0.0000e+00
     11.000    20.8415   4.984537    35.8599      12312 0.0000e+00
     10.000    20.8423   4.984654    35.8606      12340 0.0000e+00
      9.000    20.8666   4.987520    35.8636      12365 0.0000e+00
      8.000    20.8925   4.990265    35.8643      12389 0.0000e+00
      7.000    20.9132   4.992405    35.8645      12413 0.0000e+00
      6.000    20.9452   4.995704    35.8646      12439 0.0000e+00
      5.000    20.9996   5.001796    35.8682      12466 0.0000e+00
      4.000    20.9845   5.000709    35.8726      12505 0.0000e+00
      3.000    21.1866   5.022646    35.8795      12541 0.0000e+00
      2.000    21.1975   5.024240    35.8835      12805 0.0000e+00
