HB2302/ctd050.cnv
* Sea-Bird SBE 9 Data File:
* FileName = C:\cruise\data\ctd050.hex
* Software Version Seasave V 7.26.7.121
* Temperature SN = 6664
* Conductivity SN = 6035
* Number of Bytes Per Scan = 37
* Number of Voltage Words = 4
* Number of Scans Averaged by the Deck Unit = 1
* NMEA Latitude = 39 49.20 N
* NMEA Longitude = 070 45.93 W
* NMEA UTC (Time) = Jun 26 2023  17:58:36
* NMEA baud rate = 4800
** Ship: Bigelow HB2301
** Program:  Spring ECOMON
** Chief Scientist:Jerry Prezioso
# nquan = 6
# nvalues = 1987                        
# units = specified
# name 0 = depSM: Depth [salt water, m]
# name 1 = t090C: Temperature [ITS-90, deg C]
# name 2 = c0S/m: Conductivity [S/m]
# name 3 = sal00: Salinity, Practical [PSU]
# name 4 = scan: Scan Count
# name 5 = flag: flag
# span 0 =      1.000,    995.000       
# span 1 =     4.5232,    23.2776       
# span 2 =   3.346001,   5.132806       
# span 3 =    34.2865,    35.7941       
# span 4 =        234,      70006       
# span 5 = 0.0000e+00, 0.0000e+00       
# interval = meters: 1                  
# start_time = Jun 26 2023 17:58:36 [NMEA time, header]
# bad_flag = -9.990e-29
*END*
[from data line 717]
    720.000     4.9526   3.375342    35.0153      21692 0.0000e+00
    721.000     4.9512   3.375238    35.0151      21724 0.0000e+00
    722.000     4.9470   3.374900    35.0151      21761 0.0000e+00
    723.000     4.9419   3.374510    35.0154      21796 0.0000e+00
    724.000     4.9401   3.374384    35.0153      21826 0.0000e+00
    725.000     4.9390   3.374343    35.0155      21854 0.0000e+00
    726.000     4.9368   3.374206    35.0157      21884 0.0000e+00
    727.000     4.9293   3.373581    35.0157      21914 0.0000e+00
    728.000     4.9218   3.372937    35.0156      21944 0.0000e+00
    729.000     4.9170   3.372481    35.0149      21977 0.0000e+00
    730.000     4.9155   3.372372    35.0146      22022 0.0000e+00
    731.000     4.9148   3.372343    35.0146      22061 0.0000e+00
    732.000     4.9137   3.372271    35.0144      22088 0.0000e+00
    733.000     4.9142   3.372361    35.0144      22109 0.0000e+00
    734.000     4.9120   3.372180    35.0141      22130 0.0000e+00
    735.000     4.9099   3.372005    35.0137      22163 0.0000e+00
    736.000     4.9040   3.371462    35.0131      22215 0.0000e+00
    737.000     4.9044   3.371524    35.0130      22252 0.0000e+00
    738.000     4.9028   3.371410    35.0127      22279 0.0000e+00
    739.000     4.8997   3.371156    35.0126      22305 0.0000e+00
    740.000     4.8993   3.371153    35.0124      22334 0.0000e+00
    741.000     4.8982   3.371085    35.0123      22369 0.0000e+00
    742.000     4.8956   3.370889    35.0122      22400 0.0000e+00
    743.000     4.8940   3.370781    35.0121      22425 0.0000e+00
    744.000     4.8922   3.370653    35.0121      22455 0.0000e+00
    745.000     4.8902   3.370514    35.0120      22508 0.0000e+00
    746.000     4.8879   3.370337    35.0119      22548 0.0000e+00
    747.000     4.8819   3.369844    35.0118      22574 0.0000e+00
    748.000     4.8798   3.369694    35.0118      22596 0.0000e+00
    749.000     4.8785   3.369595    35.0115      22618 0.0000e+00
    750.000     4.8778   3.369575    35.0115      22641 0.0000e+00
    751.000     4.8774   3.369570    35.0114      22685 0.0000e+00
    752.000     4.8762   3.369496    35.0113      22740 0.0000e+00
    753.000     4.8760   3.369521    35.0113      22769 0.0000e+00
    754.000     4.8727   3.369262    35.0111      22795 0.0000e+00
    755.000     4.8704   3.369094    35.0112      22821 0.0000e+00
    756.000     4.8696   3.369054    35.0110      22849 0.0000e+00
    757.000     4.8643   3.368604    35.0108      22883 0.0000e+00
    758.000     4.8614   3.368404    35.0110      22919 0.0000e+00
    759.000     4.8595   3.368259    35.0108      22953 0.0000e+00
    760.000     4.8563   3.368019    35.0109      22984 0.0000e+00
    761.000     4.8518   3.367658    35.0109      23018 0.0000e+00
    762.000     4.8485   3.367370    35.0105      23056 0.0000e+00
    763.000     4.8475   3.367317    35.0104      23088 0.0000e+00
    764.000     4.8435   3.366974    35.0101      23114 0.0000e+00
    765.000     4.8402   3.366723    35.0102      23141 0.0000e+00
    766.000     4.8392   3.366662    35.0100      23174 0.0000e+00
    767.000     4.8381   3.366597    35.0098      23215 0.0000e+00
    768.000     4.8379   3.366616    35.0097      23252 0.0000e+00
    769.000     4.8370   3.366576    35.0097      23282 0.0000e+00
    770.000     4.8367   3.366599    35.0098      23312 0.0000e+00
    771.000     4.8363   3.366599    35.0097      23341 0.0000e+00
    772.000     4.8349   3.366504    35.0095      23373 0.0000e+00
    773.000     4.8350   3.366549    35.0094      23412 0.0000e+00
    774.000     4.8342   3.366514    35.0093      23446 0.0000e+00
    775.000     4.8332   3.366462    35.0093      23475 0.0000e+00
    776.000     4.8297   3.366170    35.0090      23510 0.0000e+00
    777.000     4.8205   3.365415    35.0094      23548 0.0000e+00
    778.000     4.8167   3.365101    35.0093      23578 0.0000e+00
    779.000     4.8140   3.364909    35.0094      23608 0.0000e+00
    780.000     4.8137   3.364918    35.0092      23638 0.0000e+00
    781.000     4.8139   3.364965    35.0091      23666 0.0000e+00
    782.000     4.8137   3.364994    35.0091      23700 0.0000e+00
    783.000     4.8136   3.365023    35.0091      23754 0.0000e+00
    784.000     4.8138   3.365091    35.0091      23789 0.0000e+00
    785.000     4.8138   3.365124    35.0090      23815 0.0000e+00
    786.000     4.8138   3.365174    35.0091      23839 0.0000e+00
    787.000     4.8137   3.365216    35.0091      23863 0.0000e+00
    788.000     4.8138   3.365260    35.0090      23895 0.0000e+00
    789.000     4.8140   3.365312    35.0089      23950 0.0000e+00
    790.000     4.8141   3.365364    35.0089      23991 0.0000e+00
    791.000     4.8142   3.365418    35.0089      24019 0.0000e+00
    792.000     4.8143   3.365472    35.0089      24045 0.0000e+00
    793.000     4.8135   3.365444    35.0089      24072 0.0000e+00
    794.000     4.8136   3.365495    35.0089      24104 0.0000e+00
    795.000     4.8140   3.365577    35.0089      24147 0.0000e+00
    796.000     4.8134   3.365553    35.0088      24184 0.0000e+00
    797.000     4.8144   3.365687    35.0087      24214 0.0000e+00
    798.000     4.8128   3.365597    35.0088      24253 0.0000e+00
    799.000     4.8126   3.365625    35.0089      24304 0.0000e+00
    800.000     4.8126   3.365654    35.0087      24332 0.0000e+00
    801.000     4.8126   3.365723    35.0090      24353 0.0000e+00
    802.000     4.8167   3.366139    35.0091      24372 0.0000e+00
    803.000     4.8169   3.366197    35.0090      24398 0.0000e+00
    804.000     4.8161   3.366168    35.0089      24487 0.0000e+00
    805.000     4.8166   3.366258    35.0090      24512 0.0000e+00
    806.000     4.8171   3.366343    35.0090      24535 0.0000e+00
    807.000     4.8171   3.366398    35.0090      24563 0.0000e+00
    808.000     4.8163   3.366361    35.0090      24596 0.0000e+00
    809.000     4.8153   3.366312    35.0089      24629 0.0000e+00
    810.000     4.8145   3.366303    35.0091      24666 0.0000e+00
    811.000     4.8151   3.366398    35.0090      24705 0.0000e+00
    812.000     4.8162   3.366538    35.0090      24745 0.0000e+00
    813.000     4.8169   3.366646    35.0091      24784 0.0000e+00
    814.000     4.8147   3.366479    35.0089      24815 0.0000e+00
    815.000     4.8139   3.366467    35.0091      24849 0.0000e+00
    816.000     4.8158   3.366682    35.0091      24887 0.0000e+00
    817.000     4.8148   3.366635    35.0091      24922 0.0000e+00
    818.000     4.8128   3.366497    35.0090      24957 0.0000e+00
    819.000     4.8057   3.365878    35.0088      24993 0.0000e+00
    820.000     4.8121   3.366513    35.0089      25033 0.0000e+00
    821.000     4.8125   3.366583    35.0088      25078 0.0000e+00
    822.000     4.8010   3.365555    35.0084      25114 0.0000e+00
    823.000     4.7915   3.364739    35.0084      25144 0.0000e+00
    824.000     4.7884   3.364494    35.0083      25178 0.0000e+00
    825.000     4.7871   3.364410    35.0082      25222 0.0000e+00
    826.000     4.7850   3.364245    35.0080      25264 0.0000e+00
    827.000     4.7808   3.363932    35.0082      25298 0.0000e+00
    828.000     4.7788   3.363829    35.0086      25333 0.0000e+00
    829.000     4.7771   3.363716    35.0086      25380 0.0000e+00
    830.000     4.7753   3.363627    35.0089      25425 0.0000e+00
    831.000     4.7738   3.363554    35.0091      25458 0.0000e+00
    832.000     4.7732   3.363551    35.0092      25490 0.0000e+00
    833.000     4.7727   3.363558    35.0093      25527 0.0000e+00
    834.000     4.7723   3.363558    35.0092      25567 0.0000e+00
    835.000     4.7711   3.363503    35.0093      25634 0.0000e+00
    836.000     4.7698   3.363449    35.0095      25679 0.0000e+00
    837.000     4.7689   3.363397    35.0093      25703 0.0000e+00
    838.000     4.7669   3.363259    35.0094      25726 0.0000e+00
    839.000     4.7643   3.363064    35.0093      25760 0.0000e+00
    840.000     4.7602   3.362697    35.0088      25827 0.0000e+00
    841.000     4.7541   3.362158    35.0085      25884 0.0000e+00
    842.000     4.7526   3.362048    35.0082      25916 0.0000e+00
    843.000     4.7493   3.361759    35.0078      25948 0.0000e+00
    844.000     4.7486   3.361730    35.0077      25983 0.0000e+00
    845.000     4.7481   3.361717    35.0076      26032 0.0000e+00
    846.000     4.7476   3.361717    35.0076      26095 0.0000e+00
    847.000     4.7456   3.361556    35.0073      26134 0.0000e+00
    848.000     4.7421   3.361270    35.0071      26165 0.0000e+00
    849.000     4.7396   3.361060    35.0068      26213 0.0000e+00
    850.000     4.7369   3.360828    35.0064      26267 0.0000e+00
    851.000     4.7208   3.359363    35.0058      26306 0.0000e+00
    852.000     4.7126   3.358722    35.0064      26349 0.0000e+00
    853.000     4.7124   3.358746    35.0064      26399 0.0000e+00
    854.000     4.7122   3.358781    35.0064      26453 0.0000e+00
    855.000     4.7129   3.358867    35.0063      26492 0.0000e+00
    856.000     4.7125   3.358884    35.0063      26539 0.0000e+00
    857.000     4.7127   3.358949    35.0063      26586 0.0000e+00
    858.000     4.7128   3.358991    35.0062      26629 0.0000e+00
    859.000     4.7128   3.359043    35.0063      26667 0.0000e+00
    860.000     4.7130   3.359110    35.0064      26734 0.0000e+00
    861.000     4.7126   3.359114    35.0063      26784 0.0000e+00
    862.000     4.7106   3.358969    35.0062      26813 0.0000e+00
    863.000     4.7076   3.358731    35.0061      26853 0.0000e+00
    864.000     4.7068   3.358713    35.0062      26904 0.0000e+00
    865.000     4.7056   3.358623    35.0059      26959 0.0000e+00
    866.000     4.7035   3.358470    35.0058      27006 0.0000e+00
    867.000     4.7026   3.358426    35.0058      27042 0.0000e+00
    868.000     4.7006   3.358276    35.0056      27087 0.0000e+00
    869.000     4.6981   3.358095    35.0056      27139 0.0000e+00
    870.000     4.6975   3.358074    35.0055      27181 0.0000e+00
    871.000     4.6991   3.358267    35.0055      27212 0.0000e+00
    872.000     4.6993   3.358328    35.0056      27261 0.0000e+00
    873.000     4.6951   3.357969    35.0052      27322 0.0000e+00
    874.000     4.6864   3.357193    35.0049      27356 0.0000e+00
    875.000     4.6858   3.357188    35.0049      27387 0.0000e+00
    876.000     4.6860   3.357227    35.0046      27426 0.0000e+00
    877.000     4.6845   3.357142    35.0047      27476 0.0000e+00
    878.000     4.6981   3.358457    35.0052      27515 0.0000e+00
    879.000     4.6960   3.358306    35.0052      27556 0.0000e+00
    880.000     4.6904   3.357798    35.0046      27598 0.0000e+00
    881.000     4.6853   3.357375    35.0045      27642 0.0000e+00
    882.000     4.6830   3.357214    35.0045      27679 0.0000e+00
    883.000     4.6849   3.357429    35.0045      27715 0.0000e+00
    884.000     4.6849   3.357476    35.0046      27761 0.0000e+00
    885.000     4.6796   3.356995    35.0041      27801 0.0000e+00
    886.000     4.6717   3.356290    35.0037      27842 0.0000e+00
    887.000     4.6683   3.355987    35.0032      27881 0.0000e+00
    888.000     4.6674   3.355932    35.0030      27925 0.0000e+00
    889.000     4.6670   3.355944    35.0030      27957 0.0000e+00
    890.000     4.6673   3.356005    35.0029      27987 0.0000e+00
    891.000     4.6668   3.356018    35.0030      28043 0.0000e+00
    892.000     4.6663   3.356007    35.0029      28083 0.0000e+00
    893.000     4.6663   3.356058    35.0030      28114 0.0000e+00
    894.000     4.6665   3.356118    35.0030      28152 0.0000e+00
    895.000     4.6668   3.356186    35.0030      28195 0.0000e+00
    896.000     4.6664   3.356189    35.0029      28237 0.0000e+00
    897.000     4.6660   3.356197    35.0029      28279 0.0000e+00
    898.000     4.6658   3.356223    35.0029      28311 0.0000e+00
    899.000     4.6668   3.356362    35.0029      28344 0.0000e+00
    900.000     4.6665   3.356367    35.0028      28394 0.0000e+00
    901.000     4.6705   3.356779    35.0029      28442 0.0000e+00
    902.000     4.6709   3.356846    35.0028      28473 0.0000e+00
    903.000     4.6699   3.356796    35.0027      28505 0.0000e+00
    904.000     4.6687   3.356717    35.0026      28555 0.0000e+00
    905.000     4.6687   3.356763    35.0026      28597 0.0000e+00
    906.000     4.6684   3.356782    35.0026      28630 0.0000e+00
    907.000     4.6680   3.356787    35.0025      28677 0.0000e+00
    908.000     4.6675   3.356771    35.0024      28727 0.0000e+00
    909.000     4.6615   3.356294    35.0027      28758 0.0000e+00
    910.000     4.6521   3.355528    35.0031      28788 0.0000e+00
    911.000     4.6507   3.355439    35.0030      28831 0.0000e+00
    912.000     4.6514   3.355534    35.0028      28884 0.0000e+00
    913.000     4.6525   3.355668    35.0028      28923 0.0000e+00
    914.000     4.6526   3.355729    35.0028      28957 0.0000e+00
    915.000     4.6521   3.355724    35.0028      28996 0.0000e+00
    916.000     4.6518   3.355743    35.0028      29045 0.0000e+00
    917.000     4.6508   3.355687    35.0027      29086 0.0000e+00
    918.000     4.6462   3.355297    35.0025      29122 0.0000e+00
    919.000     4.6397   3.354734    35.0023      29160 0.0000e+00
    920.000     4.6347   3.354318    35.0021      29201 0.0000e+00
    921.000     4.6286   3.353803    35.0020      29244 0.0000e+00
    922.000     4.6170   3.352772    35.0017      29282 0.0000e+00
    923.000     4.6125   3.352413    35.0017      29322 0.0000e+00
    924.000     4.6095   3.352171    35.0016      29361 0.0000e+00
    925.000     4.6060   3.351878    35.0013      29397 0.0000e+00
    926.000     4.6038   3.351731    35.0014      29434 0.0000e+00
    927.000     4.6010   3.351514    35.0013      29483 0.0000e+00
    928.000     4.5992   3.351399    35.0013      29525 0.0000e+00
    929.000     4.5953   3.351059    35.0009      29557 0.0000e+00
    930.000     4.5894   3.350557    35.0008      29587 0.0000e+00
    931.000     4.5885   3.350498    35.0006      29624 0.0000e+00
    932.000     4.5871   3.350422    35.0006      29664 0.0000e+00
    933.000     4.5869   3.350429    35.0004      29703 0.0000e+00
    934.000     4.5857   3.350371    35.0005      29752 0.0000e+00
    935.000     4.5834   3.350193    35.0003      29793 0.0000e+00
    936.000     4.5768   3.349620    35.0001      29818 0.0000e+00
    937.000     4.5734   3.349341    34.9999      29841 0.0000e+00
    938.000     4.5709   3.349144    34.9997      29882 0.0000e+00
    939.000     4.5685   3.348976    34.9997      29938 0.0000e+00
    940.000     4.5685   3.349021    34.9997      29971 0.0000e+00
    941.000     4.5688   3.349074    34.9995      30000 0.0000e+00
    942.000     4.5664   3.348898    34.9995      30034 0.0000e+00
    943.000     4.5630   3.348627    34.9994      30071 0.0000e+00
    944.000     4.5596   3.348349    34.9992      30107 0.0000e+00
    945.000     4.5558   3.348043    34.9992      30143 0.0000e+00
    946.000     4.5575   3.348240    34.9992      30182 0.0000e+00
    947.000     4.5583   3.348361    34.9992      30218 0.0000e+00
    948.000     4.5647   3.349006    34.9994      30251 0.0000e+00
    949.000     4.5629   3.348880    34.9994      30287 0.0000e+00
    950.000     4.5611   3.348747    34.9992      30324 0.0000e+00
    951.000     4.5610   3.348782    34.9992      30359 0.0000e+00
    952.000     4.5602   3.348753    34.9992      30393 0.0000e+00
    953.000     4.5612   3.348877    34.9991      30424 0.0000e+00
    954.000     4.5607   3.348874    34.9991      30455 0.0000e+00
    955.000     4.5593   3.348773    34.9989      30498 0.0000e+00
    956.000     4.5537   3.348300    34.9987      30539 0.0000e+00
    957.000     4.5564   3.348592    34.9988      30568 0.0000e+00
