HB2302/ctd038.cnv
* Sea-Bird SBE 9 Data File:
* FileName = C:\cruise\data\ctd038.hex
* Software Version Seasave V 7.26.7.121
* Temperature SN = 6664
* Conductivity SN = 6035
* Number of Bytes Per Scan = 37
* Number of Voltage Words = 4
* Number of Scans Averaged by the Deck Unit = 1
* NMEA Latitude = 39 48.31 N
* NMEA Longitude = 068 57.65 W
* NMEA UTC (Time) = Jun 24 2023  14:18:26
* NMEA baud rate = 4800
** Ship: Bigelow HB2301
** Program:  Spring ECOMON
** Chief Scientist:Jerry Prezioso
# nquan = 6
# nvalues = 1972                        
# units = specified
# name 0 = depSM: Depth [salt water, m]
# name 1 = t090C: Temperature [ITS-90, deg C]
# name 2 = c0S/m: Conductivity [S/m]
# name 3 = sal00: Salinity, Practical [PSU]
# name 4 = scan: Scan Count
# name 5 = flag: flag
# span 0 =      1.000,    987.000       
# span 1 =     4.5143,    21.8609       
# span 2 =   3.345524,   4.984048       
# span 3 =    34.2279,    35.7956       
# span 4 =        -41,      80171       
# span 5 = 0.0000e+00, 0.0000e+00       
# interval = meters: 1                  
# start_time = Jun 24 2023 14:18:26 [NMEA time, header]
# bad_flag = -9.990e-29
*END*
      2.000    21.3453   4.861722    34.4632        -41 0.0000e+00
      3.000    21.3614   4.866929    34.4913        364 0.0000e+00
      4.000    21.3688   4.868629    34.4986        427 0.0000e+00
      5.000    21.3742   4.870345    34.5075        531 0.0000e+00
      6.000    21.3764   4.870896    34.5097        560 0.0000e+00
      7.000    21.3692   4.868474    34.4960        666 0.0000e+00
      8.000    21.3518   4.873135    34.5467        701 0.0000e+00
      9.000    21.2714   4.863782    34.5367        909 0.0000e+00
     10.000    21.2541   4.862534    34.5403        965 0.0000e+00
     11.000    21.2455   4.861915    34.5420       1010 0.0000e+00
     12.000    21.1788   4.861098    34.5890       1049 0.0000e+00
     13.000    21.0569   4.854850    34.6374       1068 0.0000e+00
     14.000    20.9989   4.850758    34.6514       1085 0.0000e+00
     15.000    21.0366   4.862741    34.7164       1106 0.0000e+00
     16.000    21.1508   4.879672    34.7588       1146 0.0000e+00
     17.000    21.0657   4.868147    34.7354       1180 0.0000e+00
     18.000    20.9461   4.852235    34.7048       1202 0.0000e+00
     19.000    20.9122   4.848955    34.7057       1227 0.0000e+00
     20.000    20.8870   4.846775    34.7083       1256 0.0000e+00
     21.000    20.8831   4.846805    34.7114       1280 0.0000e+00
     22.000    20.9365   4.855586    34.7380       1301 0.0000e+00
     23.000    21.0693   4.875415    34.7885       1325 0.0000e+00
     24.000    21.1273   4.883804    34.8081       1362 0.0000e+00
     25.000    21.1796   4.891768    34.8288       1400 0.0000e+00
     26.000    21.2513   4.902235    34.8537       1422 0.0000e+00
     27.000    21.3227   4.913011    34.8812       1441 0.0000e+00
     28.000    21.4382   4.931790    34.9365       1459 0.0000e+00
     29.000    21.3427   4.919210    34.9137       1482 0.0000e+00
     30.000    21.2414   4.907378    34.9014       1521 0.0000e+00
     31.000    21.2034   4.904321    34.9077       1564 0.0000e+00
     32.000    21.1839   4.904043    34.9210       1587 0.0000e+00
     33.000    21.1371   4.900953    34.9342       1605 0.0000e+00
     34.000    21.0633   4.893839    34.9372       1622 0.0000e+00
     35.000    21.0564   4.899661    34.9892       1641 0.0000e+00
     36.000    20.7966   4.880629    35.0494       1675 0.0000e+00
     37.000    20.8592   4.908770    35.2241       1725 0.0000e+00
     38.000    20.8445   4.911653    35.2592       1748 0.0000e+00
     39.000    20.4502   4.867362    35.2278       1765 0.0000e+00
     40.000    20.7612   4.930452    35.4795       1781 0.0000e+00
     41.000    20.5921   4.913924    35.4867       1797 0.0000e+00
     42.000    20.3781   4.889792    35.4695       1839 0.0000e+00
     43.000    20.3360   4.887146    35.4829       1886 0.0000e+00
     44.000    20.1016   4.860419    35.4612       1903 0.0000e+00
     45.000    20.0821   4.871982    35.5720       1918 0.0000e+00
     46.000    20.2339   4.896532    35.6445       1936 0.0000e+00
     47.000    20.1836   4.890957    35.6411       1972 0.0000e+00
     48.000    20.0768   4.876375    35.6116       2007 0.0000e+00
     49.000    19.8517   4.845287    35.5462       2026 0.0000e+00
     50.000    19.3220   4.770615    35.3760       2045 0.0000e+00
     51.000    18.4152   4.650770    35.1431       2068 0.0000e+00
     52.000    17.9616   4.589840    35.0128       2108 0.0000e+00
     53.000    17.5510   4.540762    34.9444       2139 0.0000e+00
     54.000    17.6246   4.555229    35.0052       2161 0.0000e+00
     55.000    18.0153   4.613349    35.1660       2185 0.0000e+00
     56.000    18.7223   4.712484    35.4002       2211 0.0000e+00
     57.000    19.1722   4.783249    35.6078       2238 0.0000e+00
     58.000    19.3790   4.818819    35.7264       2264 0.0000e+00
     59.000    19.3782   4.827177    35.7956       2291 0.0000e+00
     60.000    18.5672   4.721593    35.6084       2317 0.0000e+00
     61.000    17.1008   4.530170    35.2400       2343 0.0000e+00
     62.000    16.6877   4.477193    35.1370       2372 0.0000e+00
     63.000    15.7172   4.359175    34.9451       2400 0.0000e+00
     64.000    15.5682   4.340544    34.9093       2424 0.0000e+00
     65.000    15.5114   4.333083    34.8921       2446 0.0000e+00
     66.000    15.3766   4.316834    34.8646       2473 0.0000e+00
     67.000    15.2397   4.301481    34.8469       2507 0.0000e+00
     68.000    15.1139   4.287181    34.8288       2538 0.0000e+00
     69.000    14.9913   4.272659    34.8054       2560 0.0000e+00
     70.000    14.8801   4.259070    34.7803       2579 0.0000e+00
     71.000    14.7533   4.242830    34.7444       2604 0.0000e+00
     72.000    14.2196   4.182273    34.6646       2643 0.0000e+00
     73.000    14.1069   4.170418    34.6554       2678 0.0000e+00
     74.000    14.1128   4.171658    34.6613       2700 0.0000e+00
     75.000    13.8577   4.144531    34.6381       2719 0.0000e+00
     76.000    13.8172   4.140695    34.6385       2738 0.0000e+00
     77.000    13.7268   4.130359    34.6230       2765 0.0000e+00
     78.000    13.6693   4.123961    34.6146       2807 0.0000e+00
     79.000    13.6403   4.122056    34.6225       2841 0.0000e+00
     80.000    13.6692   4.130305    34.6734       2860 0.0000e+00
     81.000    13.5797   4.121010    34.6669       2879 0.0000e+00
     82.000    13.3780   4.100107    34.6528       2904 0.0000e+00
     83.000    13.3529   4.099466    34.6691       2935 0.0000e+00
     84.000    13.4099   4.109341    34.7100       2962 0.0000e+00
     85.000    13.5559   4.130234    34.7735       2990 0.0000e+00
     86.000    13.5207   4.128362    34.7876       3023 0.0000e+00
     87.000    13.3972   4.115634    34.7798       3048 0.0000e+00
     88.000    13.2640   4.100559    34.7585       3070 0.0000e+00
     89.000    13.1035   4.082785    34.7362       3092 0.0000e+00
     90.000    13.0074   4.073881    34.7392       3118 0.0000e+00
     91.000    12.9551   4.069208    34.7422       3151 0.0000e+00
     92.000    13.0260   4.079190    34.7719       3183 0.0000e+00
     93.000    13.0813   4.086640    34.7915       3211 0.0000e+00
     94.000    13.1620   4.097877    34.8239       3235 0.0000e+00
     95.000    13.2614   4.111912    34.8654       3260 0.0000e+00
     96.000    13.3175   4.121106    34.9006       3287 0.0000e+00
     97.000    13.3203   4.123722    34.9224       3322 0.0000e+00
     98.000    13.3462   4.127831    34.9371       3367 0.0000e+00
     99.000    13.3350   4.127904    34.9476       3398 0.0000e+00
    100.000    13.3556   4.132020    34.9672       3418 0.0000e+00
    101.000    13.3193   4.129414    34.9755       3439 0.0000e+00
    102.000    13.2886   4.127717    34.9873       3469 0.0000e+00
    103.000    13.4318   4.147135    35.0388       3515 0.0000e+00
    104.000    13.2441   4.124626    34.9980       3547 0.0000e+00
    105.000    12.9619   4.092309    34.9504       3568 0.0000e+00
    106.000    12.9482   4.091201    34.9520       3586 0.0000e+00
    107.000    13.0384   4.102398    34.9751       3605 0.0000e+00
    108.000    12.9284   4.089672    34.9549       3629 0.0000e+00
    109.000    12.8924   4.085417    34.9471       3665 0.0000e+00
    110.000    12.9158   4.088392    34.9534       3710 0.0000e+00
    111.000    13.0479   4.106057    34.9994       3735 0.0000e+00
    112.000    13.3542   4.145472    35.0905       3752 0.0000e+00
    113.000    13.6540   4.182828    35.1666       3768 0.0000e+00
    114.000    13.7313   4.193127    35.1919       3786 0.0000e+00
    115.000    13.7572   4.197258    35.2065       3825 0.0000e+00
    116.000    13.7843   4.201570    35.2216       3868 0.0000e+00
    117.000    13.8108   4.205925    35.2376       3888 0.0000e+00
    118.000    13.7884   4.204116    35.2408       3905 0.0000e+00
    119.000    13.6646   4.190273    35.2243       3924 0.0000e+00
    120.000    13.4668   4.167204    35.1888       3950 0.0000e+00
    121.000    13.2995   4.147218    35.1538       3985 0.0000e+00
    122.000    13.2278   4.138484    35.1369       4019 0.0000e+00
    123.000    13.1588   4.130037    35.1200       4046 0.0000e+00
    124.000    13.0500   4.117860    35.1044       4069 0.0000e+00
    125.000    13.0533   4.121083    35.1316       4090 0.0000e+00
    126.000    13.1486   4.133673    35.1627       4114 0.0000e+00
    127.000    13.3187   4.156677    35.2232       4142 0.0000e+00
    128.000    13.3612   4.162462    35.2382       4169 0.0000e+00
    129.000    13.4349   4.172914    35.2684       4194 0.0000e+00
    130.000    13.4881   4.180209    35.2878       4222 0.0000e+00
    131.000    13.5466   4.188927    35.3154       4253 0.0000e+00
    132.000    13.5817   4.194099    35.3313       4281 0.0000e+00
    133.000    13.7441   4.217383    35.3997       4303 0.0000e+00
    134.000    13.9122   4.239757    35.4538       4324 0.0000e+00
    135.000    13.9061   4.240095    35.4622       4350 0.0000e+00
    136.000    13.8875   4.238857    35.4673       4387 0.0000e+00
    137.000    13.8066   4.229750    35.4564       4416 0.0000e+00
    138.000    13.7342   4.220964    35.4405       4436 0.0000e+00
    139.000    13.6920   4.216057    35.4330       4458 0.0000e+00
    140.000    13.6663   4.212855    35.4262       4491 0.0000e+00
    141.000    13.6239   4.207801    35.4175       4524 0.0000e+00
    142.000    13.6032   4.205449    35.4141       4545 0.0000e+00
    143.000    13.5952   4.204683    35.4139       4565 0.0000e+00
    144.000    13.5820   4.203400    35.4136       4589 0.0000e+00
    145.000    13.5994   4.207181    35.4326       4625 0.0000e+00
    146.000    13.6285   4.211890    35.4496       4660 0.0000e+00
    147.000    13.6910   4.221538    35.4820       4683 0.0000e+00
    148.000    13.7178   4.224921    35.4886       4702 0.0000e+00
    149.000    13.5994   4.211179    35.4687       4720 0.0000e+00
    150.000    13.5861   4.209744    35.4670       4749 0.0000e+00
    151.000    13.6001   4.211720    35.4722       4798 0.0000e+00
    152.000    13.7175   4.227354    35.5100       4821 0.0000e+00
    153.000    13.7776   4.235720    35.5325       4839 0.0000e+00
    154.000    13.7572   4.233472    35.5299       4858 0.0000e+00
    155.000    13.7269   4.229968    35.5246       4890 0.0000e+00
    156.000    13.6991   4.226636    35.5187       4925 0.0000e+00
    157.000    13.6764   4.223810    35.5127       4947 0.0000e+00
    158.000    13.6503   4.220690    35.5072       4968 0.0000e+00
    159.000    13.6401   4.219405    35.5041       4996 0.0000e+00
    160.000    13.6067   4.215617    35.4990       5034 0.0000e+00
    161.000    13.5617   4.210595    35.4930       5061 0.0000e+00
    162.000    13.5103   4.204921    35.4869       5082 0.0000e+00
    163.000    13.4887   4.202437    35.4831       5104 0.0000e+00
    164.000    13.4942   4.203581    35.4883       5134 0.0000e+00
    165.000    13.6505   4.224194    35.5368       5171 0.0000e+00
    166.000    13.8748   4.252541    35.5946       5197 0.0000e+00
    167.000    13.8902   4.254750    35.6006       5218 0.0000e+00
    168.000    13.9506   4.262761    35.6191       5239 0.0000e+00
    169.000    13.9600   4.264024    35.6218       5267 0.0000e+00
    170.000    13.9550   4.263574    35.6218       5306 0.0000e+00
    171.000    13.9414   4.261997    35.6192       5334 0.0000e+00
    172.000    13.9089   4.258139    35.6128       5356 0.0000e+00
    173.000    13.8854   4.255385    35.6084       5379 0.0000e+00
    174.000    13.8990   4.257463    35.6148       5408 0.0000e+00
    175.000    13.8818   4.255537    35.6123       5438 0.0000e+00
    176.000    13.8206   4.247954    35.5976       5462 0.0000e+00
    177.000    13.7153   4.235603    35.5790       5489 0.0000e+00
    178.000    13.7595   4.241269    35.5908       5525 0.0000e+00
    179.000    13.7843   4.244512    35.5978       5555 0.0000e+00
    180.000    13.7769   4.243659    35.5962       5575 0.0000e+00
    181.000    13.7271   4.237902    35.5879       5593 0.0000e+00
    182.000    13.7123   4.236392    35.5871       5612 0.0000e+00
    183.000    13.7154   4.236839    35.5879       5650 0.0000e+00
    184.000    13.6806   4.232969    35.5835       5700 0.0000e+00
    185.000    13.6129   4.225315    35.5739       5724 0.0000e+00
    186.000    13.5726   4.220844    35.5689       5741 0.0000e+00
    187.000    13.5306   4.215813    35.5601       5758 0.0000e+00
    188.000    13.4422   4.205743    35.5469       5778 0.0000e+00
    189.000    13.4008   4.201128    35.5414       5821 0.0000e+00
    190.000    13.3709   4.197456    35.5341       5856 0.0000e+00
    191.000    13.2749   4.186007    35.5146       5875 0.0000e+00
    192.000    13.1680   4.173863    35.4986       5896 0.0000e+00
    193.000    13.1102   4.167035    35.4872       5926 0.0000e+00
    194.000    13.0982   4.165466    35.4830       5959 0.0000e+00
    195.000    13.0939   4.164979    35.4820       5983 0.0000e+00
    196.000    13.1387   4.171028    35.4973       6005 0.0000e+00
    197.000    13.2171   4.181186    35.5203       6036 0.0000e+00
    198.000    13.3410   4.197686    35.5607       6074 0.0000e+00
    199.000    13.3712   4.201772    35.5708       6100 0.0000e+00
    200.000    13.3927   4.205054    35.5814       6120 0.0000e+00
    201.000    13.3744   4.203221    35.5807       6140 0.0000e+00
    202.000    13.3686   4.203439    35.5877       6166 0.0000e+00
    203.000    13.3348   4.200154    35.5877       6202 0.0000e+00
    204.000    13.3058   4.197186    35.5863       6235 0.0000e+00
    205.000    13.2463   4.190389    35.5769       6258 0.0000e+00
    206.000    13.2186   4.187642    35.5763       6280 0.0000e+00
    207.000    13.1971   4.185234    35.5731       6306 0.0000e+00
    208.000    13.1834   4.184006    35.5738       6337 0.0000e+00
    209.000    13.2003   4.186724    35.5834       6366 0.0000e+00
    210.000    13.1632   4.182954    35.5818       6391 0.0000e+00
    211.000    13.1123   4.177286    35.5752       6419 0.0000e+00
    212.000    13.1218   4.178608    35.5784       6450 0.0000e+00
    213.000    13.1631   4.184119    35.5918       6479 0.0000e+00
    214.000    13.1722   4.185448    35.5954       6505 0.0000e+00
    215.000    13.1683   4.185537    35.5995       6530 0.0000e+00
    216.000    13.1867   4.188444    35.6095       6553 0.0000e+00
    217.000    13.1650   4.186563    35.6115       6579 0.0000e+00
    218.000    13.1027   4.179818    35.6053       6610 0.0000e+00
    219.000    13.0273   4.171542    35.5967       6640 0.0000e+00
    220.000    12.9971   4.168165    35.5924       6665 0.0000e+00
    221.000    12.9697   4.165458    35.5918       6691 0.0000e+00
    222.000    12.9391   4.162527    35.5921       6723 0.0000e+00
    223.000    13.0381   4.176734    35.6344       6752 0.0000e+00
    224.000    13.1114   4.186074    35.6542       6775 0.0000e+00
    225.000    13.1757   4.194348    35.6721       6800 0.0000e+00
    226.000    13.2090   4.198783    35.6826       6832 0.0000e+00
    227.000    13.1846   4.196439    35.6828       6860 0.0000e+00
    228.000    13.0806   4.185380    35.6748       6881 0.0000e+00
    229.000    12.9070   4.166375    35.6561       6904 0.0000e+00
    230.000    12.8200   4.156710    35.6451       6936 0.0000e+00
    231.000    12.7462   4.148664    35.6370       6972 0.0000e+00
    232.000    12.6690   4.139921    35.6253       7001 0.0000e+00
    233.000    12.5228   4.124063    35.6103       7024 0.0000e+00
    234.000    12.4516   4.116288    35.6022       7046 0.0000e+00
    235.000    12.4185   4.112558    35.5970       7069 0.0000e+00
    236.000    12.3766   4.107745    35.5897       7100 0.0000e+00
    237.000    12.3178   4.101128    35.5809       7138 0.0000e+00
    238.000    12.2235   4.090886    35.5704       7169 0.0000e+00
    239.000    12.1890   4.087157    35.5665       7192 0.0000e+00
