HB2302/ctd026.cnv
* Sea-Bird SBE 9 Data File:
* FileName = C:\cruise\data\ctd026.hex
* Software Version Seasave V 7.26.7.121
* Temperature SN = 6664
* Conductivity SN = 6035
* Number of Bytes Per Scan = 37
* Number of Voltage Words = 4
* Number of Scans Averaged by the Deck Unit = 1
* NMEA Latitude = 43 24.16 N
* NMEA Longitude = 067 41.68 W
* NMEA UTC (Time) = Jun 20 2023  11:53:08
* NMEA baud rate = 4800
** Ship: Bigelow HB2301
** Program:  Spring ECOMON
** Chief Scientist:Jerry Prezioso
# nquan = 6
# nvalues = 483                         
# units = specified
# name 0 = depSM: Depth [salt water, m]
# name 1 = t090C: Temperature [ITS-90, deg C]
# name 2 = c0S/m: Conductivity [S/m]
# name 3 = sal00: Salinity, Practical [PSU]
# name 4 = scan: Scan Count
# name 5 = flag: flag
# span 0 =      1.000,    243.000       
# span 1 =     7.2225,    11.5693       
# span 2 =   3.332946,   3.731987       
# span 3 =    31.9927,    34.4621       
# span 4 =        851,      26265       
# span 5 = 0.0000e+00, 0.0000e+00       
# interval = meters: 1                  
# start_time = Jun 20 2023 11:53:08 [NMEA time, header]
# bad_flag = -9.990e-29
*END*
      3.000    11.5648   3.654225    32.0189        851 0.0000e+00
      4.000    11.5649   3.654387    32.0201       1362 0.0000e+00
      5.000    11.4344   3.642540    32.0169       1411 0.0000e+00
      6.000    11.2498   3.626235    32.0170       1472 0.0000e+00
      7.000    11.1833   3.620327    32.0163       1523 0.0000e+00
      8.000    11.0069   3.604642    32.0149       1606 0.0000e+00
      9.000    10.7962   3.586433    32.0184       1741 0.0000e+00
     10.000    10.6012   3.569992    32.0253       1795 0.0000e+00
     11.000    10.1322   3.530685    32.0442       1820 0.0000e+00
     12.000     9.4915   3.477555    32.0741       1844 0.0000e+00
     13.000     9.1525   3.448659    32.0807       1874 0.0000e+00
     14.000     9.0776   3.443244    32.0919       1913 0.0000e+00
     15.000     9.0992   3.446629    32.1070       1945 0.0000e+00
     16.000     9.0939   3.447317    32.1184       1967 0.0000e+00
     17.000     9.0655   3.445639    32.1262       1987 0.0000e+00
     18.000     9.0130   3.441935    32.1348       2007 0.0000e+00
     19.000     8.8286   3.427427    32.1505       2033 0.0000e+00
     20.000     8.5192   3.401794    32.1635       2068 0.0000e+00
     21.000     8.3738   3.389046    32.1617       2104 0.0000e+00
     22.000     8.2778   3.380776    32.1619       2130 0.0000e+00
     23.000     8.1806   3.372850    32.1666       2152 0.0000e+00
     24.000     8.1193   3.369784    32.1900       2174 0.0000e+00
     25.000     8.1217   3.371847    32.2092       2196 0.0000e+00
     26.000     8.1503   3.376937    32.2364       2225 0.0000e+00
     27.000     8.1837   3.382502    32.2641       2258 0.0000e+00
     28.000     8.1074   3.381327    32.3214       2287 0.0000e+00
     29.000     8.0020   3.374452    32.3453       2310 0.0000e+00
     30.000     7.8882   3.366609    32.3667       2331 0.0000e+00
     31.000     7.7932   3.360268    32.3866       2353 0.0000e+00
     32.000     7.6754   3.353223    32.4203       2381 0.0000e+00
     33.000     7.5740   3.346953    32.4470       2418 0.0000e+00
     34.000     7.5089   3.342709    32.4617       2451 0.0000e+00
     35.000     7.4793   3.340729    32.4676       2474 0.0000e+00
     36.000     7.4445   3.338336    32.4739       2495 0.0000e+00
     37.000     7.3395   3.334229    32.5276       2515 0.0000e+00
     38.000     7.3009   3.334321    32.5644       2538 0.0000e+00
     39.000     7.2990   3.334427    32.5669       2569 0.0000e+00
     40.000     7.2971   3.334591    32.5699       2604 0.0000e+00
     41.000     7.3115   3.337554    32.5880       2631 0.0000e+00
     42.000     7.3801   3.348862    32.6452       2654 0.0000e+00
     43.000     7.4557   3.359589    32.6894       2676 0.0000e+00
     44.000     7.4754   3.362862    32.7057       2702 0.0000e+00
     45.000     7.3705   3.353560    32.7037       2734 0.0000e+00
     46.000     7.3163   3.349511    32.7106       2766 0.0000e+00
     47.000     7.3079   3.350008    32.7234       2791 0.0000e+00
     48.000     7.2803   3.350216    32.7513       2813 0.0000e+00
     49.000     7.2615   3.349884    32.7651       2835 0.0000e+00
     50.000     7.2491   3.349768    32.7751       2861 0.0000e+00
     51.000     7.2456   3.350297    32.7837       2892 0.0000e+00
     52.000     7.2508   3.352659    32.8039       2925 0.0000e+00
     53.000     7.2515   3.355926    32.8382       2953 0.0000e+00
     54.000     7.2493   3.358610    32.8690       2976 0.0000e+00
     55.000     7.2419   3.359866    32.8892       2998 0.0000e+00
     56.000     7.2385   3.361106    32.9054       3023 0.0000e+00
     57.000     7.2386   3.362296    32.9178       3056 0.0000e+00
     58.000     7.2431   3.363219    32.9231       3091 0.0000e+00
     59.000     7.2504   3.364868    32.9335       3119 0.0000e+00
     60.000     7.2733   3.369070    32.9569       3140 0.0000e+00
     61.000     7.3099   3.375860    32.9952       3160 0.0000e+00
     62.000     7.3555   3.382497    33.0231       3183 0.0000e+00
     63.000     7.3846   3.387767    33.0520       3215 0.0000e+00
     64.000     7.3777   3.388800    33.0693       3260 0.0000e+00
     65.000     7.3771   3.390295    33.0856       3289 0.0000e+00
     66.000     7.3910   3.393782    33.1095       3310 0.0000e+00
     67.000     7.4109   3.396949    33.1244       3330 0.0000e+00
     68.000     7.4191   3.398069    33.1282       3352 0.0000e+00
     69.000     7.4314   3.399840    33.1351       3382 0.0000e+00
     70.000     7.4423   3.402929    33.1576       3423 0.0000e+00
     71.000     7.4177   3.402955    33.1810       3455 0.0000e+00
     72.000     7.4563   3.408075    33.1989       3479 0.0000e+00
     73.000     7.4859   3.411577    33.2080       3502 0.0000e+00
     74.000     7.5182   3.415717    33.2213       3526 0.0000e+00
     75.000     7.5772   3.422822    33.2410       3553 0.0000e+00
     76.000     7.6098   3.426973    33.2542       3584 0.0000e+00
     77.000     7.6127   3.428080    33.2629       3619 0.0000e+00
     78.000     7.5696   3.424286    33.2627       3651 0.0000e+00
     79.000     7.4969   3.417926    33.2632       3679 0.0000e+00
     80.000     7.4683   3.417000    33.2801       3704 0.0000e+00
     81.000     7.5439   3.426015    33.3045       3728 0.0000e+00
     82.000     7.5641   3.428303    33.3094       3753 0.0000e+00
     83.000     7.5492   3.427079    33.3100       3783 0.0000e+00
     84.000     7.5423   3.426748    33.3126       3817 0.0000e+00
     85.000     7.5401   3.426731    33.3140       3850 0.0000e+00
     86.000     7.5361   3.426565    33.3155       3877 0.0000e+00
     87.000     7.5374   3.426851    33.3169       3903 0.0000e+00
     88.000     7.5603   3.429408    33.3221       3929 0.0000e+00
     89.000     7.5557   3.429231    33.3241       3956 0.0000e+00
     90.000     7.5715   3.431150    33.3292       3985 0.0000e+00
     91.000     7.5963   3.434039    33.3361       4013 0.0000e+00
     92.000     7.6289   3.437914    33.3462       4044 0.0000e+00
     93.000     7.6242   3.437699    33.3479       4076 0.0000e+00
     94.000     7.6224   3.437625    33.3483       4106 0.0000e+00
     95.000     7.6052   3.436035    33.3472       4131 0.0000e+00
     96.000     7.5871   3.434297    33.3453       4154 0.0000e+00
     97.000     7.5591   3.431693    33.3436       4180 0.0000e+00
     98.000     7.5285   3.428746    33.3406       4212 0.0000e+00
     99.000     7.4983   3.426149    33.3412       4247 0.0000e+00
    100.000     7.5255   3.430508    33.3617       4275 0.0000e+00
    101.000     7.5133   3.430614    33.3740       4300 0.0000e+00
    102.000     7.5669   3.436905    33.3899       4325 0.0000e+00
    103.000     7.5717   3.438103    33.3978       4354 0.0000e+00
    104.000     7.5735   3.439172    33.4071       4386 0.0000e+00
    105.000     7.5841   3.441132    33.4176       4415 0.0000e+00
    106.000     7.5874   3.442112    33.4245       4443 0.0000e+00
    107.000     7.5973   3.443387    33.4283       4471 0.0000e+00
    108.000     7.6149   3.445831    33.4373       4499 0.0000e+00
    109.000     7.6152   3.446258    33.4411       4526 0.0000e+00
    110.000     7.6154   3.446601    33.4441       4552 0.0000e+00
    111.000     7.6284   3.448711    33.4539       4580 0.0000e+00
    112.000     7.6243   3.448567    33.4558       4611 0.0000e+00
    113.000     7.6203   3.448271    33.4559       4644 0.0000e+00
    114.000     7.6209   3.448463    33.4570       4674 0.0000e+00
    115.000     7.6130   3.448041    33.4595       4699 0.0000e+00
    116.000     7.5977   3.447122    33.4638       4724 0.0000e+00
    117.000     7.5970   3.447157    33.4644       4748 0.0000e+00
    118.000     7.5987   3.447444    33.4654       4774 0.0000e+00
    119.000     7.6006   3.447786    33.4668       4801 0.0000e+00
    120.000     7.6056   3.448592    33.4702       4829 0.0000e+00
    121.000     7.6119   3.449569    33.4742       4860 0.0000e+00
    122.000     7.6211   3.451105    33.4814       4892 0.0000e+00
    123.000     7.6260   3.451859    33.4843       4921 0.0000e+00
    124.000     7.6285   3.452222    33.4854       4946 0.0000e+00
    125.000     7.6293   3.452377    33.4858       4970 0.0000e+00
    126.000     7.6321   3.452816    33.4874       4994 0.0000e+00
    127.000     7.6344   3.453164    33.4884       5023 0.0000e+00
    128.000     7.6385   3.453754    33.4903       5055 0.0000e+00
    129.000     7.6442   3.454554    33.4930       5086 0.0000e+00
    130.000     7.6488   3.455188    33.4949       5111 0.0000e+00
    131.000     7.6545   3.455936    33.4971       5134 0.0000e+00
    132.000     7.6668   3.457573    33.5023       5157 0.0000e+00
    133.000     7.6864   3.460052    33.5097       5184 0.0000e+00
    134.000     7.6962   3.461333    33.5136       5218 0.0000e+00
    135.000     7.7016   3.462114    33.5163       5254 0.0000e+00
    136.000     7.7105   3.463247    33.5195       5283 0.0000e+00
    137.000     7.7364   3.466613    33.5303       5306 0.0000e+00
    138.000     7.7619   3.469804    33.5395       5328 0.0000e+00
    139.000     7.7879   3.473164    33.5502       5350 0.0000e+00
    140.000     7.8023   3.475089    33.5565       5376 0.0000e+00
    141.000     7.8358   3.479650    33.5727       5408 0.0000e+00
    142.000     7.8668   3.483663    33.5854       5442 0.0000e+00
    143.000     7.8918   3.486959    33.5963       5471 0.0000e+00
    144.000     7.9634   3.495364    33.6170       5496 0.0000e+00
    145.000     8.0748   3.507915    33.6435       5523 0.0000e+00
    146.000     8.1378   3.515147    33.6596       5552 0.0000e+00
    147.000     8.1917   3.521290    33.6729       5581 0.0000e+00
    148.000     8.2856   3.532977    33.7065       5607 0.0000e+00
    149.000     8.3566   3.542395    33.7378       5632 0.0000e+00
    150.000     8.3715   3.544840    33.7490       5659 0.0000e+00
    151.000     8.3829   3.546878    33.7592       5688 0.0000e+00
    152.000     8.4176   3.551557    33.7750       5718 0.0000e+00
    153.000     8.4099   3.551802    33.7845       5746 0.0000e+00
    154.000     8.4009   3.552114    33.7959       5773 0.0000e+00
    155.000     8.4138   3.554570    33.8091       5799 0.0000e+00
    156.000     8.4235   3.555897    33.8133       5827 0.0000e+00
    157.000     8.4326   3.557380    33.8198       5861 0.0000e+00
    158.000     8.4531   3.560053    33.8280       5892 0.0000e+00
    159.000     8.4855   3.564481    33.8432       5917 0.0000e+00
    160.000     8.5167   3.569206    33.8627       5938 0.0000e+00
    161.000     8.5541   3.574747    33.8848       5960 0.0000e+00
    162.000     8.6002   3.581213    33.9083       5986 0.0000e+00
    163.000     8.6216   3.584721    33.9242       6023 0.0000e+00
    164.000     8.6391   3.587645    33.9378       6059 0.0000e+00
    165.000     8.6461   3.588895    33.9437       6087 0.0000e+00
    166.000     8.6539   3.590262    33.9501       6113 0.0000e+00
    167.000     8.6585   3.591135    33.9545       6140 0.0000e+00
    168.000     8.6555   3.591252    33.9582       6165 0.0000e+00
    169.000     8.6655   3.595114    33.9887       6189 0.0000e+00
    170.000     8.7206   3.603696    34.0256       6212 0.0000e+00
    171.000     8.7803   3.611679    34.0516       6239 0.0000e+00
    172.000     8.8095   3.615407    34.0622       6278 0.0000e+00
    173.000     8.8300   3.618073    34.0700       6318 0.0000e+00
    174.000     8.9002   3.627563    34.1016       6345 0.0000e+00
    175.000     8.9453   3.634182    34.1270       6366 0.0000e+00
    176.000     8.9577   3.636645    34.1404       6388 0.0000e+00
    177.000     8.9633   3.638023    34.1489       6411 0.0000e+00
    178.000     8.9430   3.636253    34.1495       6441 0.0000e+00
    179.000     8.9341   3.635612    34.1509       6476 0.0000e+00
    180.000     8.9358   3.635988    34.1527       6509 0.0000e+00
    181.000     8.9342   3.635990    34.1538       6537 0.0000e+00
    182.000     8.9181   3.634501    34.1532       6563 0.0000e+00
    183.000     8.9140   3.634393    34.1555       6588 0.0000e+00
    184.000     8.9084   3.634263    34.1591       6613 0.0000e+00
    185.000     8.9092   3.634683    34.1623       6641 0.0000e+00
    186.000     8.9090   3.634925    34.1645       6671 0.0000e+00
    187.000     8.9086   3.635089    34.1661       6703 0.0000e+00
    188.000     8.9087   3.635192    34.1666       6736 0.0000e+00
    189.000     8.9054   3.635110    34.1685       6766 0.0000e+00
    190.000     8.9038   3.635120    34.1697       6790 0.0000e+00
    191.000     8.9027   3.635140    34.1705       6814 0.0000e+00
    192.000     8.9029   3.635254    34.1710       6838 0.0000e+00
    193.000     8.9029   3.635333    34.1714       6865 0.0000e+00
    194.000     8.9042   3.635574    34.1722       6898 0.0000e+00
    195.000     8.9085   3.636205    34.1742       6932 0.0000e+00
    196.000     8.9307   3.639049    34.1821       6964 0.0000e+00
    197.000     8.9852   3.645704    34.1989       6992 0.0000e+00
    198.000     9.0136   3.649270    34.2083       7019 0.0000e+00
    199.000     9.0609   3.655129    34.2235       7046 0.0000e+00
    200.000     9.0851   3.658115    34.2310       7078 0.0000e+00
    201.000     9.1109   3.661510    34.2411       7118 0.0000e+00
    202.000     9.1229   3.663298    34.2477       7157 0.0000e+00
    203.000     9.1288   3.664222    34.2512       7186 0.0000e+00
    204.000     9.1387   3.665615    34.2557       7208 0.0000e+00
    205.000     9.1826   3.671512    34.2744       7230 0.0000e+00
    206.000     9.2285   3.677664    34.2938       7254 0.0000e+00
    207.000     9.3362   3.692261    34.3414       7291 0.0000e+00
    208.000     9.4617   3.708914    34.3929       7333 0.0000e+00
    209.000     9.5050   3.714737    34.4111       7358 0.0000e+00
    210.000     9.5606   3.722067    34.4329       7379 0.0000e+00
    211.000     9.5710   3.723494    34.4372       7399 0.0000e+00
    212.000     9.5776   3.724532    34.4411       7425 0.0000e+00
    213.000     9.5889   3.726164    34.4466       7465 0.0000e+00
    214.000     9.5970   3.727309    34.4502       7504 0.0000e+00
    215.000     9.5964   3.727303    34.4502       7528 0.0000e+00
    216.000     9.5998   3.727805    34.4517       7550 0.0000e+00
    217.000     9.6040   3.728435    34.4537       7571 0.0000e+00
    218.000     9.6094   3.729192    34.4559       7597 0.0000e+00
    219.000     9.6098   3.729337    34.4564       7629 0.0000e+00
    220.000     9.6110   3.729548    34.4570       7660 0.0000e+00
    221.000     9.6118   3.729710    34.4575       7688 0.0000e+00
    222.000     9.6131   3.729920    34.4580       7715 0.0000e+00
    223.000     9.6127   3.729944    34.4581       7746 0.0000e+00
    224.000     9.6125   3.729964    34.4581       7780 0.0000e+00
    225.000     9.6118   3.729922    34.4579       7809 0.0000e+00
    226.000     9.6119   3.729985    34.4579       7833 0.0000e+00
    227.000     9.6128   3.730133    34.4581       7853 0.0000e+00
    228.000     9.6165   3.730651    34.4595       7873 0.0000e+00
    229.000     9.6176   3.730853    34.4600       7898 0.0000e+00
    230.000     9.6183   3.730990    34.4603       7944 0.0000e+00
    231.000     9.6184   3.731077    34.4606       7984 0.0000e+00
    232.000     9.6186   3.731134    34.4605       8006 0.0000e+00
    233.000     9.6187   3.731182    34.4605       8025 0.0000e+00
    234.000     9.6187   3.731225    34.4605       8044 0.0000e+00
    235.000     9.6196   3.731394    34.4609       8067 0.0000e+00
    236.000     9.6196   3.731454    34.4611       8103 0.0000e+00
    237.000     9.6199   3.731537    34.4612       8145 0.0000e+00
    238.000     9.6199   3.731584    34.4612       8173 0.0000e+00
    239.000     9.6201   3.731639    34.4611       8195 0.0000e+00
    240.000     9.6202   3.731708    34.4613       8216 0.0000e+00
