HB2302/ctd029.cnv
* Sea-Bird SBE 9 Data File:
* FileName = C:\cruise\data\ctd029.hex
* Software Version Seasave V 7.26.7.121
* Temperature SN = 6664
* Conductivity SN = 6035
* Number of Bytes Per Scan = 37
* Number of Voltage Words = 4
* Number of Scans Averaged by the Deck Unit = 1
* NMEA Latitude = 43 46.96 N
* NMEA Longitude = 068 39.31 W
* NMEA UTC (Time) = Jun 21 2023  04:45:05
* NMEA baud rate = 4800
** Ship: Bigelow HB2301
** Program:  Spring ECOMON
** Chief Scientist:Jerry Prezioso
# nquan = 6
# nvalues = 217                         
# units = specified
# name 0 = depSM: Depth [salt water, m]
# name 1 = t090C: Temperature [ITS-90, deg C]
# name 2 = c0S/m: Conductivity [S/m]
# name 3 = sal00: Salinity, Practical [PSU]
# name 4 = scan: Scan Count
# name 5 = flag: flag
# span 0 =      3.000,    111.000       
# span 1 =     7.6741,     9.9182       
# span 2 =   3.361678,   3.519995       
# span 3 =    32.1278,    32.5199       
# span 4 =        224,      14908       
# span 5 = 0.0000e+00, 0.0000e+00       
# interval = meters: 1                  
# start_time = Jun 21 2023 04:45:05 [NMEA time, header]
# bad_flag = -9.990e-29
*END*
      3.000     9.9182   3.519995    32.1297        224 0.0000e+00
      4.000     9.8748   3.516420    32.1316        497 0.0000e+00
      5.000     9.8215   3.511761    32.1313        510 0.0000e+00
      6.000     9.7174   3.502730    32.1320        533 0.0000e+00
      7.000     9.4609   3.481106    32.1401        557 0.0000e+00
      8.000     9.3584   3.472337    32.1418        582 0.0000e+00
      9.000     9.3337   3.470047    32.1400        609 0.0000e+00
     10.000     9.2954   3.466777    32.1403        638 0.0000e+00
     11.000     9.2533   3.463212    32.1410        665 0.0000e+00
     12.000     9.1639   3.455683    32.1435        691 0.0000e+00
     13.000     9.1095   3.451072    32.1445        716 0.0000e+00
     14.000     9.0885   3.449263    32.1443        742 0.0000e+00
     15.000     9.0783   3.448501    32.1452        768 0.0000e+00
     16.000     9.0667   3.447595    32.1458        795 0.0000e+00
     17.000     9.0295   3.444830    32.1503        821 0.0000e+00
     18.000     9.0086   3.443281    32.1528        847 0.0000e+00
     19.000     9.0044   3.442973    32.1529        872 0.0000e+00
     20.000     8.9968   3.442341    32.1527        898 0.0000e+00
     21.000     8.9661   3.439693    32.1526        924 0.0000e+00
     22.000     8.9214   3.436013    32.1544        952 0.0000e+00
     23.000     8.8783   3.432349    32.1549        980 0.0000e+00
     24.000     8.8507   3.430319    32.1584       1007 0.0000e+00
     25.000     8.7981   3.425997    32.1606       1033 0.0000e+00
     26.000     8.7450   3.421573    32.1622       1057 0.0000e+00
     27.000     8.6984   3.417590    32.1625       1081 0.0000e+00
     28.000     8.6631   3.414527    32.1622       1105 0.0000e+00
     29.000     8.6421   3.412679    32.1615       1132 0.0000e+00
     30.000     8.6146   3.410304    32.1613       1161 0.0000e+00
     31.000     8.6040   3.409429    32.1613       1189 0.0000e+00
     32.000     8.5901   3.408382    32.1625       1216 0.0000e+00
     33.000     8.5849   3.408111    32.1639       1242 0.0000e+00
     34.000     8.5664   3.406367    32.1620       1267 0.0000e+00
     35.000     8.5230   3.402091    32.1563       1292 0.0000e+00
     36.000     8.4773   3.397772    32.1522       1317 0.0000e+00
     37.000     8.4617   3.397296    32.1609       1343 0.0000e+00
     38.000     8.4767   3.399391    32.1689       1371 0.0000e+00
     39.000     8.4493   3.397026    32.1685       1400 0.0000e+00
     40.000     8.4039   3.392738    32.1644       1426 0.0000e+00
     41.000     8.3932   3.391588    32.1616       1451 0.0000e+00
     42.000     8.3645   3.388723    32.1573       1475 0.0000e+00
     43.000     8.3292   3.385595    32.1561       1500 0.0000e+00
     44.000     8.2765   3.382996    32.1765       1527 0.0000e+00
     45.000     8.2732   3.383664    32.1860       1556 0.0000e+00
     46.000     8.2759   3.384531    32.1923       1585 0.0000e+00
     47.000     8.2684   3.384646    32.1999       1612 0.0000e+00
     48.000     8.2662   3.384769    32.2027       1636 0.0000e+00
     49.000     8.2658   3.384974    32.2049       1660 0.0000e+00
     50.000     8.2654   3.385061    32.2056       1684 0.0000e+00
     51.000     8.2649   3.385122    32.2063       1710 0.0000e+00
     52.000     8.2568   3.384617    32.2079       1737 0.0000e+00
     53.000     8.2471   3.384107    32.2110       1766 0.0000e+00
     54.000     8.2553   3.387040    32.2339       1794 0.0000e+00
     55.000     8.2581   3.389072    32.2524       1819 0.0000e+00
     56.000     8.2531   3.389579    32.2619       1844 0.0000e+00
     57.000     8.2405   3.389138    32.2683       1868 0.0000e+00
     58.000     8.2347   3.388962    32.2714       1894 0.0000e+00
     59.000     8.2332   3.389042    32.2731       1922 0.0000e+00
     60.000     8.2305   3.389043    32.2752       1949 0.0000e+00
     61.000     8.2144   3.388220    32.2808       1976 0.0000e+00
     62.000     8.1893   3.386486    32.2850       2001 0.0000e+00
     63.000     8.1731   3.385509    32.2891       2026 0.0000e+00
     64.000     8.1609   3.385015    32.2947       2052 0.0000e+00
     65.000     8.1282   3.382449    32.2972       2079 0.0000e+00
     66.000     8.0676   3.378039    32.3058       2107 0.0000e+00
     67.000     8.0314   3.375927    32.3163       2136 0.0000e+00
     68.000     7.9789   3.372478    32.3276       2164 0.0000e+00
     69.000     7.9512   3.370564    32.3324       2189 0.0000e+00
     70.000     7.9348   3.369382    32.3345       2213 0.0000e+00
     71.000     7.9110   3.368015    32.3415       2238 0.0000e+00
     72.000     7.9030   3.367659    32.3446       2265 0.0000e+00
     73.000     7.8930   3.367029    32.3467       2296 0.0000e+00
     74.000     7.8903   3.366807    32.3464       2324 0.0000e+00
     75.000     7.8893   3.366745    32.3462       2350 0.0000e+00
     76.000     7.8888   3.366751    32.3463       2375 0.0000e+00
     77.000     7.8889   3.366788    32.3461       2400 0.0000e+00
     78.000     7.8858   3.366641    32.3469       2427 0.0000e+00
     79.000     7.8559   3.364825    32.3548       2457 0.0000e+00
     80.000     7.7997   3.362002    32.3763       2485 0.0000e+00
     81.000     7.8069   3.363008    32.3800       2511 0.0000e+00
     82.000     7.8066   3.362997    32.3796       2536 0.0000e+00
     83.000     7.8076   3.363170    32.3800       2562 0.0000e+00
     84.000     7.8136   3.363859    32.3814       2590 0.0000e+00
     85.000     7.8204   3.364680    32.3834       2620 0.0000e+00
     86.000     7.8261   3.365685    32.3884       2649 0.0000e+00
     87.000     7.8256   3.365818    32.3898       2674 0.0000e+00
     88.000     7.8194   3.365584    32.3926       2699 0.0000e+00
     89.000     7.8115   3.365227    32.3956       2725 0.0000e+00
     90.000     7.8101   3.365257    32.3968       2753 0.0000e+00
     91.000     7.8126   3.365603    32.3978       2782 0.0000e+00
     92.000     7.8152   3.366071    32.3998       2809 0.0000e+00
     93.000     7.8156   3.366217    32.4005       2835 0.0000e+00
     94.000     7.8167   3.366531    32.4024       2861 0.0000e+00
     95.000     7.8193   3.367141    32.4060       2889 0.0000e+00
     96.000     7.8201   3.367397    32.4076       2919 0.0000e+00
     97.000     7.8192   3.367497    32.4090       2947 0.0000e+00
     98.000     7.8160   3.367718    32.4139       2973 0.0000e+00
     99.000     7.8115   3.367907    32.4196       2998 0.0000e+00
    100.000     7.8097   3.368385    32.4259       3022 0.0000e+00
    101.000     7.7983   3.368324    32.4354       3049 0.0000e+00
    102.000     7.7870   3.368282    32.4450       3079 0.0000e+00
    103.000     7.7746   3.368035    32.4534       3107 0.0000e+00
    104.000     7.7405   3.366788    32.4713       3134 0.0000e+00
    105.000     7.7223   3.366625    32.4861       3161 0.0000e+00
    106.000     7.7194   3.367075    32.4932       3188 0.0000e+00
    107.000     7.7034   3.366850    32.5052       3215 0.0000e+00
    108.000     7.6963   3.366579    32.5085       3241 0.0000e+00
    109.000     7.6910   3.366453    32.5116       3267 0.0000e+00
    110.000     7.6846   3.366263    32.5150       3294 0.0000e+00
    111.000     7.6741   3.365844    32.5199       4210 0.0000e+00
    110.000     7.6829   3.366093    32.5148       4983 0.0000e+00
    109.000     7.6882   3.366191    32.5114       5020 0.0000e+00
    108.000     7.6940   3.366347    32.5081       5047 0.0000e+00
    107.000     7.7029   3.366623    32.5032       5076 0.0000e+00
    106.000     7.7100   3.366901    32.5001       5109 0.0000e+00
    105.000     7.7178   3.366865    32.4929       5144 0.0000e+00
    104.000     7.7157   3.366125    32.4873       5176 0.0000e+00
    103.000     7.7435   3.366494    32.4659       5205 0.0000e+00
    102.000     7.7772   3.367595    32.4467       5232 0.0000e+00
    101.000     7.7942   3.367748    32.4331       5257 0.0000e+00
    100.000     7.8007   3.367851    32.4286       5282 0.0000e+00
     99.000     7.8049   3.367748    32.4240       5310 0.0000e+00
     98.000     7.8068   3.367690    32.4221       5340 0.0000e+00
     97.000     7.8074   3.367636    32.4215       5369 0.0000e+00
     96.000     7.8105   3.367557    32.4182       5393 0.0000e+00
     95.000     7.8146   3.367498    32.4142       5416 0.0000e+00
     94.000     7.8195   3.367348    32.4085       5439 0.0000e+00
     93.000     7.8198   3.366913    32.4041       5464 0.0000e+00
     92.000     7.8200   3.366611    32.4011       5490 0.0000e+00
     91.000     7.8185   3.366111    32.3976       5518 0.0000e+00
     90.000     7.8176   3.365834    32.3960       5545 0.0000e+00
     89.000     7.8192   3.365712    32.3936       5570 0.0000e+00
     88.000     7.8270   3.365937    32.3893       5594 0.0000e+00
     87.000     7.8313   3.365835    32.3847       5619 0.0000e+00
     86.000     7.8285   3.365057    32.3794       5646 0.0000e+00
     85.000     7.8280   3.364891    32.3785       5674 0.0000e+00
     84.000     7.8264   3.364616    32.3776       5702 0.0000e+00
     83.000     7.8235   3.364209    32.3764       5727 0.0000e+00
     82.000     7.8181   3.363499    32.3743       5751 0.0000e+00
     81.000     7.8115   3.362668    32.3721       5774 0.0000e+00
     80.000     7.8082   3.362215    32.3707       5797 0.0000e+00
     79.000     7.8049   3.361761    32.3694       5823 0.0000e+00
     78.000     7.8082   3.361678    32.3659       5851 0.0000e+00
     77.000     7.8607   3.364399    32.3468       5881 0.0000e+00
     76.000     7.8805   3.365769    32.3435       5909 0.0000e+00
     75.000     7.8818   3.365734    32.3424       5934 0.0000e+00
     74.000     7.8832   3.365724    32.3414       5958 0.0000e+00
     73.000     7.8901   3.366141    32.3400       5982 0.0000e+00
     72.000     7.9064   3.367182    32.3364       6008 0.0000e+00
     71.000     7.9212   3.368054    32.3325       6036 0.0000e+00
     70.000     7.9319   3.368712    32.3301       6064 0.0000e+00
     69.000     7.9467   3.369648    32.3268       6091 0.0000e+00
     68.000     7.9822   3.372152    32.3211       6116 0.0000e+00
     67.000     8.0352   3.375464    32.3079       6140 0.0000e+00
     66.000     8.0533   3.376352    32.3011       6165 0.0000e+00
     65.000     8.0884   3.378682    32.2939       6191 0.0000e+00
     64.000     8.1399   3.382406    32.2864       6219 0.0000e+00
     63.000     8.1729   3.384859    32.2825       6252 0.0000e+00
     62.000     8.1894   3.385919    32.2790       6287 0.0000e+00
     61.000     8.1999   3.386607    32.2770       6321 0.0000e+00
     60.000     8.2146   3.387587    32.2744       6353 0.0000e+00
     59.000     8.2263   3.388303    32.2716       6385 0.0000e+00
     58.000     8.2380   3.388412    32.2626       6426 0.0000e+00
     57.000     8.2410   3.388308    32.2591       6485 0.0000e+00
     56.000     8.2411   3.388188    32.2582       6535 0.0000e+00
     55.000     8.2475   3.388267    32.2536       7457 0.0000e+00
     54.000     8.2657   3.389166    32.2469       9466 0.0000e+00
     53.000     8.2564   3.386111    32.2236       9470 0.0000e+00
     52.000     8.2514   3.384003    32.2064       9553 0.0000e+00
     51.000     8.2584   3.384425    32.2049       9621 0.0000e+00
     50.000     8.2587   3.384159    32.2022       9694 0.0000e+00
     49.000     8.2597   3.383690    32.1969       9777 0.0000e+00
     48.000     8.2655   3.383447    32.1894       9845 0.0000e+00
     47.000     8.2601   3.382129    32.1809       9923 0.0000e+00
     46.000     8.2578   3.381479    32.1766       9999 0.0000e+00
     45.000     8.2639   3.380960    32.1660      10067 0.0000e+00
     44.000     8.2855   3.381401    32.1513      10151 0.0000e+00
     43.000     8.2896   3.381581    32.1500      10224 0.0000e+00
     42.000     8.3320   3.384484    32.1423      11170 0.0000e+00
     41.000     8.3271   3.384200    32.1442      11882 0.0000e+00
     40.000     8.3425   3.385289    32.1421      11928 0.0000e+00
     39.000     8.3461   3.385487    32.1413      11967 0.0000e+00
     38.000     8.3629   3.386308    32.1351      11998 0.0000e+00
     37.000     8.3860   3.387812    32.1304      12026 0.0000e+00
     36.000     8.4048   3.389519    32.1316      12056 0.0000e+00
     35.000     8.4315   3.391963    32.1334      12092 0.0000e+00
     34.000     8.4549   3.394305    32.1371      12135 0.0000e+00
     33.000     8.5039   3.399109    32.1434      12172 0.0000e+00
     32.000     8.5315   3.401785    32.1467      12201 0.0000e+00
     31.000     8.5580   3.404274    32.1492      12229 0.0000e+00
     30.000     8.5657   3.405039    32.1506      12260 0.0000e+00
     29.000     8.5798   3.406310    32.1515      12299 0.0000e+00
     28.000     8.6091   3.408521    32.1484      12343 0.0000e+00
     27.000     8.6720   3.413842    32.1474      12376 0.0000e+00
     26.000     8.7038   3.415986    32.1413      12405 0.0000e+00
     25.000     8.7295   3.417954    32.1390      12435 0.0000e+00
     24.000     8.7556   3.420129    32.1385      12468 0.0000e+00
     23.000     8.8183   3.425715    32.1402      12509 0.0000e+00
     22.000     8.8423   3.427739    32.1400      12549 0.0000e+00
     21.000     8.8577   3.429179    32.1415      12580 0.0000e+00
     20.000     8.9032   3.433277    32.1433      12609 0.0000e+00
     19.000     8.9407   3.436034    32.1385      12639 0.0000e+00
     18.000     8.9656   3.438011    32.1369      12677 0.0000e+00
     17.000     8.9920   3.440367    32.1380      12721 0.0000e+00
     16.000     9.0182   3.442438    32.1362      12756 0.0000e+00
     15.000     9.0210   3.442615    32.1360      12783 0.0000e+00
     14.000     9.0311   3.443393    32.1353      12811 0.0000e+00
     13.000     9.0745   3.446910    32.1330      12846 0.0000e+00
     12.000     9.1203   3.450772    32.1321      12889 0.0000e+00
     11.000     9.1458   3.453011    32.1327      12926 0.0000e+00
     10.000     9.2093   3.458485    32.1324      12957 0.0000e+00
      9.000     9.2608   3.462758    32.1305      12998 0.0000e+00
      8.000     9.3019   3.466288    32.1303      13078 0.0000e+00
      7.000     9.3466   3.470121    32.1300      13138 0.0000e+00
      6.000     9.5146   3.484719    32.1295      13864 0.0000e+00
      5.000     9.6475   3.496151    32.1278      14274 0.0000e+00
      4.000     9.8335   3.512440    32.1280      14364 0.0000e+00
      3.000     9.9114   3.519534    32.1310      14908 0.0000e+00
