HB2302/ctd012.cnv
* Sea-Bird SBE 9 Data File:
* FileName = C:\cruise\data\ctd012.hex
* Software Version Seasave V 7.26.7.121
* Temperature SN = 6664
* Conductivity SN = 6035
* Number of Bytes Per Scan = 37
* Number of Voltage Words = 4
* Number of Scans Averaged by the Deck Unit = 1
* NMEA Latitude = 37 59.85 N
* NMEA Longitude = 074 57.84 W
* NMEA UTC (Time) = Jun 13 2023  03:15:42
* NMEA baud rate = 4800
** Ship: Bigelow HB2301
** Program:  Spring ECOMON
** Chief Scientist:Jerry Prezioso
# nquan = 6
# nvalues = 35                          
# units = specified
# name 0 = depSM: Depth [salt water, m]
# name 1 = t090C: Temperature [ITS-90, deg C]
# name 2 = c0S/m: Conductivity [S/m]
# name 3 = sal00: Salinity, Practical [PSU]
# name 4 = scan: Scan Count
# name 5 = flag: flag
# span 0 =      2.000,     19.000       
# span 1 =    15.7917,    18.9746       
# span 2 =   4.062925,   4.239985       
# span 3 =    31.2693,    32.2579       
# span 4 =       -161,       6010       
# span 5 = 0.0000e+00, 0.0000e+00       
# interval = meters: 1                  
# start_time = Jun 13 2023 03:15:42 [NMEA time, header]
# bad_flag = -9.990e-29
*END*
      2.000    18.9746   4.238721    31.2693       -161 0.0000e+00
      3.000    18.9684   4.239740    31.2821        389 0.0000e+00
      4.000    18.9714   4.239729    31.2794        381 0.0000e+00
      5.000    18.9723   4.239891    31.2798        430 0.0000e+00
      6.000    18.9730   4.239985    31.2796        462 0.0000e+00
      7.000    18.9640   4.239656    31.2834        484 0.0000e+00
      8.000    18.8944   4.236240    31.3074        507 0.0000e+00
      9.000    18.8376   4.233469    31.3271        549 0.0000e+00
     10.000    18.5858   4.219838    31.4050        606 0.0000e+00
     11.000    18.2567   4.201116    31.5001        630 0.0000e+00
     12.000    17.3485   4.155032    31.8166        649 0.0000e+00
     13.000    16.3617   4.103140    32.1520        666 0.0000e+00
     14.000    16.2638   4.095479    32.1634        712 0.0000e+00
     15.000    16.1385   4.086549    32.1859        775 0.0000e+00
     16.000    16.1228   4.085619    32.1900        795 0.0000e+00
     17.000    16.0370   4.079707    32.2073        814 0.0000e+00
     18.000    15.9206   4.072367    32.2367        839 0.0000e+00
     19.000    15.7917   4.062925    32.2579       1028 0.0000e+00
     18.000    15.9444   4.072346    32.2172       1062 0.0000e+00
     17.000    15.9635   4.073448    32.2117       1171 0.0000e+00
     16.000    16.1246   4.083498    32.1700       3122 0.0000e+00
     15.000    16.0942   4.081398    32.1765       4197 0.0000e+00
     14.000    16.1182   4.082685    32.1687       4294 0.0000e+00
     13.000    16.1419   4.083946    32.1610       4352 0.0000e+00
     12.000    16.3487   4.096798    32.1071       4413 0.0000e+00
     11.000    17.6775   4.168314    31.6720       4493 0.0000e+00
     10.000    18.3682   4.204194    31.4407       4547 0.0000e+00
      9.000    18.7879   4.229182    31.3294       4737 0.0000e+00
      8.000    18.8812   4.235850    31.3141       5583 0.0000e+00
      7.000    18.8762   4.235383    31.3144       5687 0.0000e+00
      6.000    18.9453   4.238611    31.2892       5798 0.0000e+00
      5.000    18.9604   4.239322    31.2840       5823 0.0000e+00
      4.000    18.9670   4.239578    31.2815       5885 0.0000e+00
      3.000    18.9675   4.239544    31.2811       5970 0.0000e+00
      2.000    18.9679   4.239525    31.2811       6010 0.0000e+00
