HB2302/ctd014.cnv
* Sea-Bird SBE 9 Data File:
* FileName = C:\cruise\data\ctd014.hex
* Software Version Seasave V 7.26.7.121
* Temperature SN = 6664
* Conductivity SN = 6035
* Number of Bytes Per Scan = 37
* Number of Voltage Words = 4
* Number of Scans Averaged by the Deck Unit = 1
* NMEA Latitude = 39 22.18 N
* NMEA Longitude = 073 22.98 W
* NMEA UTC (Time) = Jun 14 2023  00:32:46
** Ship: Bigelow HB2301
** Program:  Spring ECOMON
** Chief Scientist:Jerry Prezioso
# nquan = 6
# nvalues = 84                          
# units = specified
# name 0 = depSM: Depth [salt water, m]
# name 1 = t090C: Temperature [ITS-90, deg C]
# name 2 = c0S/m: Conductivity [S/m]
# name 3 = sal00: Salinity, Practical [PSU]
# name 4 = scan: Scan Count
# name 5 = flag: flag
# span 0 =      2.000,     44.000       
# span 1 =     7.9753,    17.4155       
# span 2 =   3.401069,   4.148067       
# span 3 =    31.6840,    32.7298       
# span 4 =        180,       6237       
# span 5 = 0.0000e+00, 0.0000e+00       
# interval = meters: 1                  
# start_time = Jun 14 2023 00:32:46 [NMEA time, header]
# bad_flag = -9.990e-29
*END*
      3.000    17.2113   4.135942    31.7631        180 0.0000e+00
      4.000    16.8169   4.111431    31.8631        326 0.0000e+00
      5.000    16.4732   4.090396    31.9539        356 0.0000e+00
      6.000    15.6582   4.044400    32.2076        381 0.0000e+00
      7.000    15.2152   4.007294    32.2387        406 0.0000e+00
      8.000    14.8222   3.965492    32.1856        434 0.0000e+00
      9.000    14.5549   3.945969    32.2296        461 0.0000e+00
     10.000    14.6238   3.956407    32.2670        486 0.0000e+00
     11.000    14.6494   3.962278    32.2987        512 0.0000e+00
     12.000    14.5772   3.959414    32.3323        538 0.0000e+00
     13.000    14.4920   3.952702    32.3418        563 0.0000e+00
     14.000    14.4242   3.946737    32.3436        589 0.0000e+00
     15.000    14.3912   3.947625    32.3789        616 0.0000e+00
     16.000    14.3261   3.942662    32.3876        648 0.0000e+00
     17.000    14.2234   3.935382    32.4065        675 0.0000e+00
     18.000    13.8654   3.913924    32.5103        698 0.0000e+00
     19.000    13.7594   3.908333    32.5479        721 0.0000e+00
     20.000    13.7029   3.906667    32.5801        748 0.0000e+00
     21.000    13.0556   3.859443    32.6919        781 0.0000e+00
     22.000    12.3671   3.800078    32.7238        808 0.0000e+00
     23.000    11.1759   3.690225    32.7039        832 0.0000e+00
     24.000    10.5916   3.640307    32.7298        856 0.0000e+00
     25.000     9.7900   3.559991    32.6411        884 0.0000e+00
     26.000     9.1121   3.492798    32.5680        914 0.0000e+00
     27.000     8.8128   3.463173    32.5339        944 0.0000e+00
     28.000     8.6392   3.447182    32.5257        971 0.0000e+00
     29.000     8.6130   3.446277    32.5399        996 0.0000e+00
     30.000     8.6087   3.446390    32.5447       1024 0.0000e+00
     31.000     8.5706   3.442992    32.5436       1054 0.0000e+00
     32.000     8.5556   3.442251    32.5492       1079 0.0000e+00
     33.000     8.6487   3.453302    32.5788       1104 0.0000e+00
     34.000     8.7144   3.461114    32.5997       1134 0.0000e+00
     35.000     8.4317   3.440237    32.6412       1164 0.0000e+00
     36.000     8.2760   3.429200    32.6687       1191 0.0000e+00
     37.000     8.1553   3.417552    32.6571       1218 0.0000e+00
     38.000     8.1018   3.412257    32.6503       1245 0.0000e+00
     39.000     8.0127   3.404658    32.6521       1272 0.0000e+00
     40.000     7.9869   3.403147    32.6597       1299 0.0000e+00
     41.000     7.9937   3.404223    32.6643       1328 0.0000e+00
     42.000     7.9890   3.404408    32.6701       1358 0.0000e+00
     43.000     7.9824   3.404652    32.6784       1386 0.0000e+00
     44.000     7.9753   3.404234    32.6802       1498 0.0000e+00
     43.000     7.9803   3.402227    32.6546       3028 0.0000e+00
     42.000     7.9890   3.402440    32.6492       2881 0.0000e+00
     41.000     7.9843   3.401322    32.6422       2900 0.0000e+00
     40.000     7.9946   3.401069    32.6303       2926 0.0000e+00
     39.000     8.0629   3.406254    32.6223       2950 0.0000e+00
     38.000     8.1462   3.413890    32.6263       2974 0.0000e+00
     37.000     8.2634   3.425247    32.6381       2997 0.0000e+00
     36.000     8.3194   3.429666    32.6334       3022 0.0000e+00
     35.000     8.4319   3.437074    32.6075       3046 0.0000e+00
     34.000     8.7679   3.464922    32.5902       3068 0.0000e+00
     33.000     8.7743   3.464095    32.5762       3094 0.0000e+00
     32.000     8.7886   3.466179    32.5852       3139 0.0000e+00
     31.000     9.0104   3.488079    32.6100       3173 0.0000e+00
     30.000     8.8935   3.471474    32.5448       3199 0.0000e+00
     29.000     8.8343   3.461200    32.4927       3230 0.0000e+00
     28.000     8.8506   3.461255    32.4787       3270 0.0000e+00
     27.000     8.9956   3.475664    32.4965       3305 0.0000e+00
     26.000     9.3275   3.507563    32.5240       3333 0.0000e+00
     25.000     9.8077   3.555833    32.5827       3370 0.0000e+00
     24.000    10.5280   3.624384    32.6276       3407 0.0000e+00
     23.000    12.5897   3.814367    32.6686       3880 0.0000e+00
     22.000    13.3831   3.880026    32.6037       4756 0.0000e+00
     21.000    13.6774   3.897439    32.5156       4799 0.0000e+00
     20.000    13.7705   3.903117    32.4897       4825 0.0000e+00
     19.000    14.1185   3.928650    32.4322       4857 0.0000e+00
     18.000    14.4859   3.955030    32.3662       4888 0.0000e+00
     17.000    14.5221   3.958884    32.3715       4912 0.0000e+00
     16.000    14.4930   3.954646    32.3575       4935 0.0000e+00
     15.000    14.4344   3.944499    32.3142       4960 0.0000e+00
     14.000    14.5013   3.949878    32.3079       4989 0.0000e+00
     13.000    14.6124   3.957513    32.2854       5019 0.0000e+00
     12.000    14.6292   3.951677    32.2187       5046 0.0000e+00
     11.000    14.5207   3.932909    32.1383       5071 0.0000e+00
     10.000    14.8920   3.969914    32.1673       5097 0.0000e+00
      9.000    15.2570   4.008547    32.2148       5126 0.0000e+00
      8.000    15.9709   4.055885    32.0547       5153 0.0000e+00
      7.000    16.8991   4.110685    31.7907       5178 0.0000e+00
      6.000    17.3759   4.141921    31.6840       5205 0.0000e+00
      5.000    17.4155   4.145678    31.6854       5247 0.0000e+00
      4.000    17.4153   4.146409    31.6922       5295 0.0000e+00
      3.000    17.4130   4.147398    31.7027       5483 0.0000e+00
      2.000    17.3966   4.148067    31.7216       6237 0.0000e+00
