HB2302/ctd045.cnv
* Sea-Bird SBE 9 Data File:
* FileName = C:\cruise\data\ctd045.hex
* Software Version Seasave V 7.26.7.121
* Temperature SN = 6664
* Conductivity SN = 6035
* Number of Bytes Per Scan = 37
* Number of Voltage Words = 4
* Number of Scans Averaged by the Deck Unit = 1
* NMEA Latitude = 40 18.46 N
* NMEA Longitude = 069 50.64 W
* NMEA UTC (Time) = Jun 25 2023  21:41:35
* NMEA baud rate = 4800
** Ship: Bigelow HB2301
** Program:  Spring ECOMON
** Chief Scientist:Jerry Prezioso
# nquan = 6
# nvalues = 152                         
# units = specified
# name 0 = depSM: Depth [salt water, m]
# name 1 = t090C: Temperature [ITS-90, deg C]
# name 2 = c0S/m: Conductivity [S/m]
# name 3 = sal00: Salinity, Practical [PSU]
# name 4 = scan: Scan Count
# name 5 = flag: flag
# span 0 =      2.000,     78.000       
# span 1 =     8.0576,    18.1406       
# span 2 =   3.438050,   4.516240       
# span 3 =    32.3540,    34.2503       
# span 4 =         84,      12118       
# span 5 = 0.0000e+00, 0.0000e+00       
# interval = meters: 1                  
# start_time = Jun 25 2023 21:41:35 [NMEA time, header]
# bad_flag = -9.990e-29
*END*
      3.000    15.2218   4.027985    32.4205         84 0.0000e+00
      4.000    15.4972   4.050657    32.3958        178 0.0000e+00
      5.000    15.3791   4.045170    32.4437        222 0.0000e+00
      6.000    15.0118   4.017859    32.5026        244 0.0000e+00
      7.000    15.7285   4.151386    33.0941        267 0.0000e+00
      8.000    17.5625   4.427217    33.9708        297 0.0000e+00
      9.000    18.1404   4.514545    34.2362        326 0.0000e+00
     10.000    18.1395   4.514795    34.2387        350 0.0000e+00
     11.000    18.0554   4.505039    34.2257        373 0.0000e+00
     12.000    18.0117   4.499798    34.2174        398 0.0000e+00
     13.000    17.9188   4.488479    34.1984        427 0.0000e+00
     14.000    17.7126   4.461910    34.1438        457 0.0000e+00
     15.000    16.7854   4.347305    33.9320        481 0.0000e+00
     16.000    14.6046   4.092291    33.5146        502 0.0000e+00
     17.000    12.4423   3.857050    33.2058        526 0.0000e+00
     18.000    11.7174   3.778304    33.0877        557 0.0000e+00
     19.000    11.2629   3.729783    33.0182        590 0.0000e+00
     20.000    11.1803   3.720314    32.9984        616 0.0000e+00
     21.000    11.0351   3.703956    32.9664        639 0.0000e+00
     22.000    10.5432   3.652400    32.8952        660 0.0000e+00
     23.000    10.1728   3.616852    32.8724        684 0.0000e+00
     24.000     9.9637   3.599108    32.8823        712 0.0000e+00
     25.000     9.8796   3.592794    32.8943        744 0.0000e+00
     26.000     9.8130   3.588013    32.9060        771 0.0000e+00
     27.000     9.7901   3.585946    32.9053        795 0.0000e+00
     28.000     9.7626   3.583309    32.9031        819 0.0000e+00
     29.000     9.7158   3.578881    32.9002        843 0.0000e+00
     30.000     9.6296   3.571248    32.9006        867 0.0000e+00
     31.000     9.5879   3.567554    32.9005        895 0.0000e+00
     32.000     9.5598   3.564847    32.8981        925 0.0000e+00
     33.000     9.5154   3.560854    32.8973        952 0.0000e+00
     34.000     9.4641   3.556202    32.8962        976 0.0000e+00
     35.000     9.4188   3.552225    32.8965       1000 0.0000e+00
     36.000     9.3856   3.549088    32.8942       1026 0.0000e+00
     37.000     9.3227   3.543286    32.8918       1053 0.0000e+00
     38.000     9.1862   3.531442    32.8947       1079 0.0000e+00
     39.000     9.0956   3.523789    32.8986       1105 0.0000e+00
     40.000     9.0704   3.521486    32.8975       1130 0.0000e+00
     41.000     9.0453   3.519165    32.8962       1156 0.0000e+00
     42.000     9.0300   3.517681    32.8944       1181 0.0000e+00
     43.000     9.0241   3.517026    32.8926       1207 0.0000e+00
     44.000     8.9970   3.514514    32.8911       1235 0.0000e+00
     45.000     8.9077   3.506805    32.8931       1264 0.0000e+00
     46.000     8.8554   3.502353    32.8947       1293 0.0000e+00
     47.000     8.7946   3.496784    32.8925       1319 0.0000e+00
     48.000     8.6067   3.479975    32.8906       1341 0.0000e+00
     49.000     8.5042   3.470188    32.8827       1361 0.0000e+00
     50.000     8.4270   3.463399    32.8828       1383 0.0000e+00
     51.000     8.3998   3.461077    32.8831       1410 0.0000e+00
     52.000     8.4030   3.462860    32.8985       1447 0.0000e+00
     53.000     8.3827   3.462009    32.9081       1481 0.0000e+00
     54.000     8.2451   3.451056    32.9205       1507 0.0000e+00
     55.000     8.1995   3.448425    32.9349       1528 0.0000e+00
     56.000     8.1978   3.448255    32.9342       1547 0.0000e+00
     57.000     8.1956   3.448041    32.9336       1566 0.0000e+00
     58.000     8.1948   3.447964    32.9330       1589 0.0000e+00
     59.000     8.1907   3.447518    32.9317       1622 0.0000e+00
     60.000     8.1876   3.447202    32.9308       1658 0.0000e+00
     61.000     8.1841   3.446915    32.9306       1687 0.0000e+00
     62.000     8.1739   3.446055    32.9306       1711 0.0000e+00
     63.000     8.1633   3.445359    32.9326       1732 0.0000e+00
     64.000     8.1378   3.443665    32.9381       1753 0.0000e+00
     65.000     8.1192   3.442357    32.9412       1781 0.0000e+00
     66.000     8.1147   3.441993    32.9411       1813 0.0000e+00
     67.000     8.0953   3.440678    32.9449       1839 0.0000e+00
     68.000     8.0810   3.439811    32.9486       1862 0.0000e+00
     69.000     8.0749   3.439430    32.9498       1887 0.0000e+00
     70.000     8.0658   3.438876    32.9521       1916 0.0000e+00
     71.000     8.0624   3.438664    32.9525       1947 0.0000e+00
     72.000     8.0606   3.438575    32.9528       1973 0.0000e+00
     73.000     8.0594   3.438510    32.9528       1997 0.0000e+00
     74.000     8.0579   3.438432    32.9529       2024 0.0000e+00
     75.000     8.0578   3.438433    32.9525       2053 0.0000e+00
     76.000     8.0576   3.438444    32.9524       2080 0.0000e+00
     77.000     8.0577   3.438482    32.9522       2104 0.0000e+00
     78.000     8.0594   3.438432    32.9496       2397 0.0000e+00
     77.000     8.0621   3.438257    32.9456       4936 0.0000e+00
     76.000     8.0616   3.438301    32.9470       4227 0.0000e+00
     75.000     8.0612   3.438213    32.9470       4278 0.0000e+00
     74.000     8.0607   3.438129    32.9471       4313 0.0000e+00
     73.000     8.0614   3.438144    32.9470       4337 0.0000e+00
     72.000     8.0612   3.438062    32.9468       4359 0.0000e+00
     71.000     8.0620   3.438050    32.9464       4384 0.0000e+00
     70.000     8.0632   3.438083    32.9461       4433 0.0000e+00
     69.000     8.0677   3.438314    32.9447       4483 0.0000e+00
     68.000     8.0728   3.438596    32.9434       4507 0.0000e+00
     67.000     8.0805   3.439009    32.9410       4526 0.0000e+00
     66.000     8.0957   3.439891    32.9366       4548 0.0000e+00
     65.000     8.1092   3.440813    32.9342       4588 0.0000e+00
     64.000     8.1473   3.443499    32.9274       4645 0.0000e+00
     63.000     8.1562   3.444118    32.9262       4669 0.0000e+00
     62.000     8.1657   3.444654    32.9233       4689 0.0000e+00
     61.000     8.1832   3.445960    32.9213       4712 0.0000e+00
     60.000     8.1919   3.446574    32.9201       4747 0.0000e+00
     59.000     8.1967   3.446914    32.9197       4785 0.0000e+00
     58.000     8.1933   3.446586    32.9198       4811 0.0000e+00
     57.000     8.1989   3.447062    32.9200       4833 0.0000e+00
     56.000     8.2040   3.447351    32.9188       4856 0.0000e+00
     55.000     8.2061   3.447414    32.9180       4882 0.0000e+00
     54.000     8.2162   3.448133    32.9166       4907 0.0000e+00
     53.000     8.2274   3.448633    32.9119       4932 0.0000e+00
     52.000     8.3023   3.454079    32.8999       4956 0.0000e+00
     51.000     8.3871   3.459950    32.8831       4982 0.0000e+00
     50.000     8.4308   3.461717    32.8615       5008 0.0000e+00
     49.000     8.4691   3.465015    32.8610       5034 0.0000e+00
     48.000     8.5965   3.477104    32.8699       5061 0.0000e+00
     47.000     8.6656   3.483607    32.8743       5091 0.0000e+00
     46.000     8.8042   3.495619    32.8719       5120 0.0000e+00
     45.000     8.8205   3.497130    32.8729       5145 0.0000e+00
     44.000     8.8585   3.500656    32.8750       5165 0.0000e+00
     43.000     8.9333   3.506868    32.8710       5186 0.0000e+00
     42.000     8.9855   3.511226    32.8684       5216 0.0000e+00
     41.000     8.9988   3.512673    32.8717       5263 0.0000e+00
     40.000     9.0190   3.514396    32.8714       5293 0.0000e+00
     39.000     9.0287   3.515405    32.8734       5315 0.0000e+00
     38.000     9.0852   3.520338    32.8728       5336 0.0000e+00
     37.000     9.2326   3.533043    32.8690       6173 0.0000e+00
     36.000     9.3153   3.540412    32.8694       7259 0.0000e+00
     35.000     9.4090   3.548818    32.8704       7203 0.0000e+00
     34.000     9.4867   3.555258    32.8658       7223 0.0000e+00
     33.000     9.4992   3.556430    32.8668       7240 0.0000e+00
     32.000     9.5527   3.561172    32.8669       7259 0.0000e+00
     31.000     9.5748   3.562950    32.8653       7283 0.0000e+00
     30.000     9.5384   3.559854    32.8673       7316 0.0000e+00
     29.000     9.6075   3.566168    32.8692       7352 0.0000e+00
     28.000     9.6224   3.567082    32.8654       7379 0.0000e+00
     27.000     9.7550   3.578668    32.8631       7400 0.0000e+00
     26.000     9.7974   3.581738    32.8562       7420 0.0000e+00
     25.000     9.8553   3.585790    32.8451       7441 0.0000e+00
     24.000     9.9271   3.590613    32.8292       7468 0.0000e+00
     23.000    10.1435   3.609472    32.8243       7499 0.0000e+00
     22.000    10.5342   3.647813    32.8574       7527 0.0000e+00
     21.000    10.8351   3.678830    32.8966       7550 0.0000e+00
     20.000    11.2871   3.724534    32.9443       7572 0.0000e+00
     19.000    11.6940   3.766879    32.9969       7596 0.0000e+00
     18.000    12.1592   3.815869    33.0602       7626 0.0000e+00
     17.000    12.6601   3.875506    33.1899       7654 0.0000e+00
     16.000    14.5016   4.084478    33.5353       7676 0.0000e+00
     15.000    16.1794   4.275181    33.8132       7697 0.0000e+00
     14.000    15.8359   4.239537    33.7793       7805 0.0000e+00
     13.000    17.8410   4.474090    34.1412       7904 0.0000e+00
     12.000    17.5323   4.440211    34.1099       7948 0.0000e+00
     11.000    18.0290   4.502705    34.2279       9284 0.0000e+00
     10.000    18.1230   4.514166    34.2470      10640 0.0000e+00
      9.000    18.1406   4.516240    34.2503      10689 0.0000e+00
      8.000    18.0087   4.496589    34.1940      10712 0.0000e+00
      7.000    16.8665   4.307404    33.5146      10736 0.0000e+00
      6.000    15.3311   4.075410    32.7528      10767 0.0000e+00
      5.000    15.4059   4.048469    32.4510      10812 0.0000e+00
      4.000    15.4886   4.052236    32.4169      10845 0.0000e+00
      3.000    15.4303   4.046291    32.4123      10870 0.0000e+00
      2.000    15.9710   4.089659    32.3540      12118 0.0000e+00
