HB2302/ctd044.cnv
* Sea-Bird SBE 9 Data File:
* FileName = C:\cruise\data\ctd044.hex
* Software Version Seasave V 7.26.7.121
* Temperature SN = 6664
* Conductivity SN = 6035
* Number of Bytes Per Scan = 37
* Number of Voltage Words = 4
* Number of Scans Averaged by the Deck Unit = 1
* NMEA Latitude = 39 48.87 N
* NMEA Longitude = 069 50.56 W
* NMEA UTC (Time) = Jun 25 2023  17:56:09
* NMEA baud rate = 4800
** Ship: Bigelow HB2301
** Program:  Spring ECOMON
** Chief Scientist:Jerry Prezioso
# nquan = 6
# nvalues = 1961                        
# units = specified
# name 0 = depSM: Depth [salt water, m]
# name 1 = t090C: Temperature [ITS-90, deg C]
# name 2 = c0S/m: Conductivity [S/m]
# name 3 = sal00: Salinity, Practical [PSU]
# name 4 = scan: Scan Count
# name 5 = flag: flag
# span 0 =      1.000,    982.000       
# span 1 =     4.5219,    21.7097       
# span 2 =   3.344749,   4.916305       
# span 3 =    34.0830,    35.8882       
# span 4 =        368,      68303       
# span 5 = 0.0000e+00, 0.0000e+00       
# interval = meters: 1                  
# start_time = Jun 25 2023 17:56:09 [NMEA time, header]
# bad_flag = -9.990e-29
*END*
[from data line 1433]
    528.000     6.1522   3.479161    35.0512      45882 0.0000e+00
    527.000     6.1505   3.478915    35.0507      45917 0.0000e+00
    526.000     6.1482   3.478554    35.0495      45945 0.0000e+00
    525.000     6.1468   3.478255    35.0480      45969 0.0000e+00
    524.000     6.1471   3.478198    35.0477      45997 0.0000e+00
    523.000     6.1462   3.478036    35.0472      46038 0.0000e+00
    522.000     6.1536   3.478671    35.0473      46079 0.0000e+00
    521.000     6.1636   3.479636    35.0483      46104 0.0000e+00
    520.000     6.1663   3.479817    35.0481      46124 0.0000e+00
    519.000     6.1659   3.479727    35.0479      46146 0.0000e+00
    518.000     6.1762   3.480674    35.0485      46181 0.0000e+00
    517.000     6.2200   3.484834    35.0506      46228 0.0000e+00
    516.000     6.2537   3.488291    35.0553      46259 0.0000e+00
    515.000     6.2732   3.490231    35.0574      46283 0.0000e+00
    514.000     6.2805   3.490937    35.0583      46309 0.0000e+00
    513.000     6.2887   3.491781    35.0598      46343 0.0000e+00
    512.000     6.2973   3.492642    35.0612      46381 0.0000e+00
    511.000     6.2970   3.492595    35.0615      46408 0.0000e+00
    510.000     6.3000   3.492897    35.0622      46432 0.0000e+00
    509.000     6.3069   3.493595    35.0634      46462 0.0000e+00
    508.000     6.3094   3.493801    35.0637      46501 0.0000e+00
    507.000     6.3182   3.494709    35.0653      46534 0.0000e+00
    506.000     6.3241   3.495279    35.0661      46561 0.0000e+00
    505.000     6.3293   3.495757    35.0667      46589 0.0000e+00
    504.000     6.3437   3.497002    35.0663      46625 0.0000e+00
    503.000     6.3575   3.498108    35.0650      46662 0.0000e+00
    502.000     6.3604   3.498360    35.0653      46692 0.0000e+00
    501.000     6.3644   3.498675    35.0653      46720 0.0000e+00
    500.000     6.3676   3.498935    35.0654      46754 0.0000e+00
    499.000     6.3746   3.499627    35.0664      47902 0.0000e+00
    498.000     6.3865   3.500765    35.0675      48888 0.0000e+00
    497.000     6.4066   3.502751    35.0695      48933 0.0000e+00
    496.000     6.4359   3.505493    35.0706      48965 0.0000e+00
    495.000     6.4501   3.506808    35.0712      49137 0.0000e+00
    494.000     6.4674   3.508510    35.0729      49288 0.0000e+00
    493.000     6.4748   3.509178    35.0733      49324 0.0000e+00
    492.000     6.4847   3.510143    35.0743      49360 0.0000e+00
    491.000     6.5060   3.512182    35.0758      49388 0.0000e+00
    490.000     6.5305   3.514534    35.0774      49411 0.0000e+00
    489.000     6.5499   3.516372    35.0784      49434 0.0000e+00
    488.000     6.5678   3.518087    35.0797      49463 0.0000e+00
    487.000     6.5785   3.519122    35.0808      49496 0.0000e+00
    486.000     6.5864   3.519853    35.0812      49527 0.0000e+00
    485.000     6.5900   3.520175    35.0816      49556 0.0000e+00
    484.000     6.6042   3.521560    35.0830      49583 0.0000e+00
    483.000     6.6137   3.522435    35.0835      49609 0.0000e+00
    482.000     6.6219   3.523201    35.0842      49639 0.0000e+00
    481.000     6.6329   3.524234    35.0849      49674 0.0000e+00
    480.000     6.6361   3.524515    35.0852      49704 0.0000e+00
    479.000     6.6436   3.525230    35.0860      49732 0.0000e+00
    478.000     6.6492   3.525738    35.0864      49762 0.0000e+00
    477.000     6.6567   3.526482    35.0875      49789 0.0000e+00
    476.000     6.6651   3.527225    35.0876      49814 0.0000e+00
    475.000     6.6937   3.530082    35.0906      49843 0.0000e+00
    474.000     6.7307   3.533610    35.0924      49877 0.0000e+00
    473.000     6.7530   3.535696    35.0932      49907 0.0000e+00
    472.000     6.7782   3.538180    35.0954      49935 0.0000e+00
    471.000     6.7985   3.540075    35.0962      49967 0.0000e+00
    470.000     6.8082   3.540926    35.0962      50001 0.0000e+00
    469.000     6.8155   3.541637    35.0971      50031 0.0000e+00
    468.000     6.8244   3.542516    35.0982      50060 0.0000e+00
    467.000     6.8400   3.543969    35.0989      50090 0.0000e+00
    466.000     6.8591   3.545783    35.0999      50119 0.0000e+00
    465.000     6.8841   3.548261    35.1022      50149 0.0000e+00
    464.000     6.9009   3.549736    35.1019      50179 0.0000e+00
    463.000     6.9079   3.550411    35.1027      50211 0.0000e+00
    462.000     6.9341   3.552932    35.1043      50242 0.0000e+00
    461.000     6.9556   3.554833    35.1038      50276 0.0000e+00
    460.000     6.9578   3.555009    35.1041      50310 0.0000e+00
    459.000     6.9593   3.555136    35.1044      50340 0.0000e+00
    458.000     6.9680   3.555943    35.1050      50369 0.0000e+00
    457.000     6.9752   3.556617    35.1055      50396 0.0000e+00
    456.000     6.9911   3.558084    35.1061      50422 0.0000e+00
    455.000     7.0084   3.559664    35.1063      50454 0.0000e+00
    454.000     7.0233   3.561034    35.1067      50488 0.0000e+00
    453.000     7.0257   3.561227    35.1068      50517 0.0000e+00
    452.000     7.0317   3.561756    35.1071      50545 0.0000e+00
    451.000     7.0454   3.563072    35.1081      50575 0.0000e+00
    450.000     7.0641   3.564791    35.1085      50606 0.0000e+00
    449.000     7.0880   3.566933    35.1082      50636 0.0000e+00
    448.000     7.0976   3.567844    35.1090      50669 0.0000e+00
    447.000     7.1252   3.570261    35.1079      50700 0.0000e+00
    446.000     7.1326   3.570902    35.1079      50728 0.0000e+00
    445.000     7.1456   3.572079    35.1081      50752 0.0000e+00
    444.000     7.1532   3.572717    35.1079      50776 0.0000e+00
    443.000     7.1571   3.573083    35.1084      50804 0.0000e+00
    442.000     7.1647   3.573793    35.1091      50837 0.0000e+00
    441.000     7.1700   3.574231    35.1090      50876 0.0000e+00
    440.000     7.1733   3.574564    35.1097      50910 0.0000e+00
    439.000     7.1773   3.574888    35.1097      50935 0.0000e+00
    438.000     7.1921   3.576418    35.1119      50962 0.0000e+00
    437.000     7.2094   3.578004    35.1122      50996 0.0000e+00
    436.000     7.2207   3.579086    35.1131      51027 0.0000e+00
    435.000     7.2361   3.580424    35.1127      51055 0.0000e+00
    434.000     7.2448   3.581123    35.1119      51082 0.0000e+00
    433.000     7.2497   3.581539    35.1121      51112 0.0000e+00
    432.000     7.2528   3.581781    35.1121      51141 0.0000e+00
    431.000     7.2576   3.582213    35.1124      51172 0.0000e+00
    430.000     7.2708   3.583449    35.1130      51207 0.0000e+00
    429.000     7.2819   3.584422    35.1129      51244 0.0000e+00
    428.000     7.2853   3.584750    35.1135      51275 0.0000e+00
    427.000     7.3042   3.586446    35.1134      51300 0.0000e+00
    426.000     7.3220   3.588077    35.1137      51326 0.0000e+00
    425.000     7.3378   3.589543    35.1141      51358 0.0000e+00
    424.000     7.3513   3.590822    35.1150      51394 0.0000e+00
    423.000     7.3764   3.593160    35.1156      51425 0.0000e+00
    422.000     7.3898   3.594375    35.1157      51452 0.0000e+00
    421.000     7.4036   3.595752    35.1172      51478 0.0000e+00
    420.000     7.4324   3.598412    35.1176      51504 0.0000e+00
    419.000     7.4398   3.599056    35.1176      51535 0.0000e+00
    418.000     7.4516   3.600223    35.1189      51577 0.0000e+00
    417.000     7.4981   3.604785    35.1220      51615 0.0000e+00
    416.000     7.5283   3.607490    35.1214      51642 0.0000e+00
    415.000     7.5329   3.607873    35.1214      51665 0.0000e+00
    414.000     7.5420   3.608770    35.1224      51690 0.0000e+00
    413.000     7.5485   3.609108    35.1200      51724 0.0000e+00
    412.000     7.5551   3.609568    35.1189      51760 0.0000e+00
    411.000     7.5716   3.610939    35.1176      51790 0.0000e+00
    410.000     7.5790   3.611418    35.1158      51820 0.0000e+00
    409.000     7.5825   3.611641    35.1152      51849 0.0000e+00
    408.000     7.5839   3.611733    35.1153      51876 0.0000e+00
    407.000     7.5853   3.611815    35.1152      51906 0.0000e+00
    406.000     7.5888   3.612142    35.1157      51946 0.0000e+00
    405.000     7.5920   3.612413    35.1159      51992 0.0000e+00
    404.000     7.5951   3.612685    35.1162      52023 0.0000e+00
    403.000     7.6054   3.613660    35.1169      52047 0.0000e+00
    402.000     7.6206   3.615204    35.1188      52072 0.0000e+00
    401.000     7.6723   3.620209    35.1214      52101 0.0000e+00
    400.000     7.7196   3.624724    35.1231      52139 0.0000e+00
    399.000     7.7662   3.629251    35.1256      52179 0.0000e+00
    398.000     7.8067   3.633143    35.1273      52210 0.0000e+00
    397.000     7.8189   3.634132    35.1263      52244 0.0000e+00
    396.000     7.8309   3.635335    35.1276      52281 0.0000e+00
    395.000     7.8405   3.636166    35.1275      52309 0.0000e+00
    394.000     7.8522   3.637258    35.1279      52335 0.0000e+00
    393.000     7.8595   3.637965    35.1287      52372 0.0000e+00
    392.000     7.8784   3.639836    35.1304      52411 0.0000e+00
    391.000     7.9061   3.642462    35.1314      52437 0.0000e+00
    390.000     7.9441   3.646496    35.1370      52460 0.0000e+00
    389.000     8.0031   3.652315    35.1409      52489 0.0000e+00
    388.000     8.1375   3.665724    35.1505      52530 0.0000e+00
    387.000     8.1838   3.669956    35.1499      52567 0.0000e+00
    386.000     8.1982   3.671374    35.1512      52600 0.0000e+00
    385.000     8.2129   3.672833    35.1525      52628 0.0000e+00
    384.000     8.2457   3.676126    35.1553      52652 0.0000e+00
    383.000     8.2758   3.678830    35.1546      52677 0.0000e+00
    382.000     8.2893   3.680149    35.1557      52719 0.0000e+00
    381.000     8.3083   3.681943    35.1563      52762 0.0000e+00
    380.000     8.3322   3.684374    35.1588      52787 0.0000e+00
    379.000     8.3916   3.689930    35.1592      52809 0.0000e+00
    378.000     8.4180   3.692252    35.1581      52834 0.0000e+00
    377.000     8.4370   3.694075    35.1590      52877 0.0000e+00
    376.000     8.4581   3.696205    35.1611      52920 0.0000e+00
    375.000     8.4969   3.699861    35.1617      52946 0.0000e+00
    374.000     8.5264   3.702814    35.1641      52972 0.0000e+00
    373.000     8.5852   3.708556    35.1670      53001 0.0000e+00
    372.000     8.6447   3.714157    35.1676      53034 0.0000e+00
    371.000     8.6800   3.717531    35.1686      53072 0.0000e+00
    370.000     8.6984   3.719355    35.1701      53112 0.0000e+00
    369.000     8.7110   3.720472    35.1699      53145 0.0000e+00
    368.000     8.7158   3.720964    35.1708      53175 0.0000e+00
    367.000     8.7181   3.721185    35.1713      53205 0.0000e+00
    366.000     8.7248   3.721795    35.1716      53240 0.0000e+00
    365.000     8.7286   3.722141    35.1720      53279 0.0000e+00
    364.000     8.7321   3.722439    35.1721      53314 0.0000e+00
    363.000     8.7340   3.722588    35.1723      53345 0.0000e+00
    362.000     8.7348   3.722637    35.1724      53373 0.0000e+00
    361.000     8.7371   3.722836    35.1727      53400 0.0000e+00
    360.000     8.7393   3.722972    35.1725      53433 0.0000e+00
    359.000     8.7421   3.723212    35.1727      53475 0.0000e+00
    358.000     8.7434   3.723279    35.1726      53511 0.0000e+00
    357.000     8.7454   3.723445    35.1728      53543 0.0000e+00
    356.000     8.7509   3.723935    35.1730      53574 0.0000e+00
    355.000     8.7622   3.724906    35.1725      53604 0.0000e+00
    354.000     8.8130   3.730162    35.1780      53636 0.0000e+00
    353.000     8.8638   3.735094    35.1801      53675 0.0000e+00
    352.000     8.9026   3.739199    35.1853      53711 0.0000e+00
    351.000     8.9606   3.744832    35.1875      53740 0.0000e+00
    350.000     8.9763   3.746362    35.1885      53767 0.0000e+00
    349.000     8.9915   3.747916    35.1902      53799 0.0000e+00
    348.000     9.0194   3.750610    35.1913      53842 0.0000e+00
    347.000     9.0128   3.750138    35.1934      53883 0.0000e+00
    346.000     9.0410   3.752826    35.1941      53913 0.0000e+00
    345.000     9.0461   3.753391    35.1955      53941 0.0000e+00
    344.000     9.0610   3.754806    35.1961      53974 0.0000e+00
    343.000     9.0651   3.755227    35.1969      54012 0.0000e+00
    342.000     9.0787   3.756552    35.1978      54045 0.0000e+00
    341.000     9.0810   3.756763    35.1982      54075 0.0000e+00
    340.000     9.0940   3.758099    35.1999      54110 0.0000e+00
    339.000     9.0993   3.758559    35.1998      54150 0.0000e+00
    338.000     9.1019   3.758820    35.2005      54184 0.0000e+00
    337.000     9.1677   3.765920    35.2102      54215 0.0000e+00
    336.000     9.2143   3.770167    35.2090      54247 0.0000e+00
    335.000     9.2072   3.769453    35.2091      54280 0.0000e+00
    334.000     9.2290   3.771755    35.2121      54317 0.0000e+00
    333.000     9.2497   3.773878    35.2143      54354 0.0000e+00
    332.000     9.2739   3.776214    35.2153      54389 0.0000e+00
    331.000     9.2763   3.776514    35.2165      54423 0.0000e+00
    330.000     9.2894   3.777802    35.2175      54451 0.0000e+00
    329.000     9.3009   3.778956    35.2186      54477 0.0000e+00
    328.000     9.3054   3.779330    35.2185      54508 0.0000e+00
    327.000     9.3117   3.779919    35.2189      54553 0.0000e+00
    326.000     9.3144   3.779986    35.2174      54599 0.0000e+00
    325.000     9.3146   3.779581    35.2135      54623 0.0000e+00
    324.000     9.3160   3.779682    35.2137      54645 0.0000e+00
    323.000     9.3501   3.782484    35.2097      54674 0.0000e+00
    322.000     9.3676   3.783997    35.2087      54715 0.0000e+00
    321.000     9.3742   3.784569    35.2086      54752 0.0000e+00
    320.000     9.3782   3.784932    35.2089      54786 0.0000e+00
    319.000     9.4043   3.787649    35.2119      54823 0.0000e+00
    318.000     9.4298   3.790289    35.2147      54860 0.0000e+00
    317.000     9.4678   3.793868    35.2150      54890 0.0000e+00
    316.000     9.4870   3.795326    35.2117      54914 0.0000e+00
    315.000     9.4966   3.796361    35.2135      54939 0.0000e+00
    314.000     9.5147   3.798369    35.2170      54978 0.0000e+00
    313.000     9.5702   3.804492    35.2264      55022 0.0000e+00
    312.000     9.6460   3.812628    35.2365      55055 0.0000e+00
    311.000     9.6708   3.814945    35.2367      55085 0.0000e+00
    310.000     9.6744   3.815206    35.2363      55120 0.0000e+00
    309.000     9.6649   3.813728    35.2308      55157 0.0000e+00
    308.000     9.6621   3.813145    35.2280      55190 0.0000e+00
    307.000     9.6714   3.813977    35.2280      55221 0.0000e+00
    306.000     9.6929   3.816250    35.2308      55251 0.0000e+00
    305.000     9.7285   3.819980    35.2349      55281 0.0000e+00
    304.000     9.7767   3.824988    35.2398      55313 0.0000e+00
    303.000     9.8310   3.830515    35.2439      55354 0.0000e+00
    302.000     9.8490   3.832367    35.2459      55395 0.0000e+00
    301.000     9.8623   3.833825    35.2483      55426 0.0000e+00
    300.000     9.9238   3.840152    35.2536      55453 0.0000e+00
    299.000     9.9351   3.841151    35.2533      55484 0.0000e+00
    298.000     9.9423   3.841976    35.2552      55517 0.0000e+00
    297.000     9.9654   3.844468    35.2587      55552 0.0000e+00
    296.000     9.9846   3.846408    35.2602      55586 0.0000e+00
    295.000     9.9963   3.847634    35.2619      55618 0.0000e+00
    294.000    10.0086   3.848890    35.2632      55647 0.0000e+00
    293.000    10.0346   3.851734    35.2674      55679 0.0000e+00
    292.000    10.0970   3.858291    35.2741      55726 0.0000e+00
    291.000    10.1395   3.862822    35.2794      55763 0.0000e+00
