HB2302/ctd033.cnv
* Sea-Bird SBE 9 Data File:
* FileName = C:\cruise\data\ctd033.hex
* Software Version Seasave V 7.26.7.121
* Temperature SN = 6664
* Conductivity SN = 6035
* Number of Bytes Per Scan = 37
* Number of Voltage Words = 4
* Number of Scans Averaged by the Deck Unit = 1
* NMEA Latitude = 42 19.22 N
* NMEA Longitude = 070 16.50 W
* NMEA UTC (Time) = Jun 22 2023  23:19:32
* NMEA baud rate = 4800
** Ship: Bigelow HB2301
** Program:  Spring ECOMON
** Chief Scientist:Jerry Prezioso
# nquan = 6
# nvalues = 53                          
# units = specified
# name 0 = depSM: Depth [salt water, m]
# name 1 = t090C: Temperature [ITS-90, deg C]
# name 2 = c0S/m: Conductivity [S/m]
# name 3 = sal00: Salinity, Practical [PSU]
# name 4 = scan: Scan Count
# name 5 = flag: flag
# span 0 =      3.000,     29.000       
# span 1 =     9.0893,    16.7000       
# span 2 =   3.395615,   3.951230       
# span 3 =    30.5126,    31.6220       
# span 4 =        -19,      10292       
# span 5 = 0.0000e+00, 0.0000e+00       
# interval = meters: 1                  
# start_time = Jun 22 2023 23:19:32 [NMEA time, header]
# bad_flag = -9.990e-29
*END*
      3.000    16.6850   3.950434    30.5764        -19 0.0000e+00
      4.000    16.6941   3.951230    30.5760         25 0.0000e+00
      5.000    16.6872   3.950723    30.5765        232 0.0000e+00
      6.000    16.6255   3.944933    30.5733        338 0.0000e+00
      7.000    16.4728   3.930581    30.5654        367 0.0000e+00
      8.000    16.2195   3.907240    30.5564        391 0.0000e+00
      9.000    16.0838   3.894898    30.5526        414 0.0000e+00
     10.000    15.9450   3.882534    30.5509        445 0.0000e+00
     11.000    15.9074   3.879410    30.5522        481 0.0000e+00
     12.000    15.4598   3.847684    30.6189        504 0.0000e+00
     13.000    13.9746   3.738776    30.8091        522 0.0000e+00
     14.000    12.7369   3.645395    30.9431        544 0.0000e+00
     15.000    11.9267   3.586362    31.0501        582 0.0000e+00
     16.000    11.4166   3.550093    31.1260        619 0.0000e+00
     17.000    10.4947   3.494469    31.3624        639 0.0000e+00
     18.000     9.6444   3.438719    31.5398        656 0.0000e+00
     19.000     9.2869   3.415698    31.6188        675 0.0000e+00
     20.000     9.1918   3.407862    31.6220        708 0.0000e+00
     21.000     9.1882   3.406374    31.6094        747 0.0000e+00
     22.000     9.1384   3.403053    31.6189        768 0.0000e+00
     23.000     9.1292   3.402284    31.6187        787 0.0000e+00
     24.000     9.1183   3.401229    31.6170        807 0.0000e+00
     25.000     9.1065   3.400084    31.6153        835 0.0000e+00
     26.000     9.1090   3.399818    31.6099        875 0.0000e+00
     27.000     9.0990   3.398996    31.6098        903 0.0000e+00
     28.000     9.0893   3.398257    31.6104        927 0.0000e+00
     29.000     9.0964   3.395615    31.5764       2990 0.0000e+00
     28.000     9.1092   3.396768    31.5774       6415 0.0000e+00
     27.000     9.1100   3.396988    31.5793       5282 0.0000e+00
     26.000     9.1108   3.396978    31.5790       5364 0.0000e+00
     25.000     9.1028   3.396442    31.5810       5421 0.0000e+00
     24.000     9.1047   3.396516    31.5805       5490 0.0000e+00
     23.000     9.1121   3.396925    31.5786       5576 0.0000e+00
     22.000     9.1155   3.397046    31.5773       5608 0.0000e+00
     21.000     9.1178   3.397207    31.5773       5702 0.0000e+00
     20.000     9.1525   3.399264    31.5682       5749 0.0000e+00
     19.000     9.1577   3.399567    31.5672       5823 0.0000e+00
     18.000     9.1464   3.398825    31.5700       5857 0.0000e+00
     17.000     9.1931   3.401820    31.5599       6351 0.0000e+00
     16.000     9.2565   3.405828    31.5455       6558 0.0000e+00
     15.000     9.3413   3.411359    31.5279       7584 0.0000e+00
     14.000    10.3430   3.476330    31.3133       7993 0.0000e+00
     13.000    11.4875   3.548063    31.0477       8125 0.0000e+00
     12.000    12.3305   3.609613    30.9390       8817 0.0000e+00
     11.000    12.9198   3.652708    30.8637       9364 0.0000e+00
     10.000    14.9517   3.807064    30.6547       9408 0.0000e+00
      9.000    16.0776   3.889777    30.5126       9462 0.0000e+00
      8.000    16.3780   3.917029    30.5201       9487 0.0000e+00
      7.000    16.2183   3.903441    30.5246       9534 0.0000e+00
      6.000    16.4714   3.928064    30.5450       9596 0.0000e+00
      5.000    16.6653   3.945933    30.5519       9629 0.0000e+00
      4.000    16.7000   3.949565    30.5571       9675 0.0000e+00
      3.000    16.6954   3.951061    30.5739      10292 0.0000e+00
