HB2302/ctd008.cnv
* Sea-Bird SBE 9 Data File:
* FileName = C:\cruise\data\ctd008.hex
* Software Version Seasave V 7.26.7.121
* Temperature SN = 6664
* Conductivity SN = 6035
* Number of Bytes Per Scan = 37
* Number of Voltage Words = 4
* Number of Scans Averaged by the Deck Unit = 1
* NMEA Latitude = 35 59.88 N
* NMEA Longitude = 074 40.83 W
* NMEA UTC (Time) = Jun 11 2023  20:06:27
* NMEA baud rate = 4800
** Ship: Bigelow HB2301
** Program:  Spring ECOMON
** Chief Scientist:Jerry Prezioso
# nquan = 6
# nvalues = 999                         
# units = specified
# name 0 = depSM: Depth [salt water, m]
# name 1 = t090C: Temperature [ITS-90, deg C]
# name 2 = c0S/m: Conductivity [S/m]
# name 3 = sal00: Salinity, Practical [PSU]
# name 4 = scan: Scan Count
# name 5 = flag: flag
# span 0 =      2.000,    502.000       
# span 1 =     6.2659,    21.6015       
# span 2 =   3.490351,   4.892061       
# span 3 =    34.2760,    35.8205       
# span 4 =        259,      31556       
# span 5 = 0.0000e+00, 0.0000e+00       
# interval = meters: 1                  
# start_time = Jun 11 2023 20:06:27 [NMEA time, header]
# bad_flag = -9.990e-29
*END*
[from data line 956]
     44.000    15.5774   4.347758    34.9739      29506 0.0000e+00
     43.000    15.5298   4.343861    34.9814      30064 0.0000e+00
     42.000    15.8619   4.380521    35.0167      30078 0.0000e+00
     41.000    15.8891   4.384830    35.0315      30103 0.0000e+00
     40.000    16.0220   4.400317    35.0526      30131 0.0000e+00
     39.000    16.3410   4.432020    35.0533      30158 0.0000e+00
     38.000    16.5418   4.443313    34.9772      30184 0.0000e+00
     37.000    16.9126   4.481986    34.9932      30210 0.0000e+00
     36.000    17.2785   4.521626    35.0210      30236 0.0000e+00
     35.000    17.4170   4.536476    35.0300      30261 0.0000e+00
     34.000    17.6965   4.568974    35.0692      30284 0.0000e+00
     33.000    17.8924   4.591194    35.0914      30308 0.0000e+00
     32.000    18.1606   4.621881    35.1234      30334 0.0000e+00
     31.000    18.8289   4.699228    35.2067      30364 0.0000e+00
     30.000    19.3207   4.747577    35.1939      30393 0.0000e+00
     29.000    19.6427   4.781923    35.2074      30421 0.0000e+00
     28.000    19.6874   4.774183    35.1062      30446 0.0000e+00
     27.000    19.8131   4.785767    35.0967      30469 0.0000e+00
     26.000    19.9664   4.803122    35.1114      30494 0.0000e+00
     25.000    20.3317   4.836893    35.0835      30524 0.0000e+00
     24.000    20.6049   4.855248    35.0066      30554 0.0000e+00
     23.000    20.6855   4.855222    34.9404      30577 0.0000e+00
     22.000    20.8784   4.870110    34.9023      30600 0.0000e+00
     21.000    20.9468   4.875205    34.8876      30628 0.0000e+00
     20.000    20.9241   4.867950    34.8482      30660 0.0000e+00
     19.000    20.9010   4.861853    34.8185      30688 0.0000e+00
     18.000    20.9047   4.851105    34.7294      30711 0.0000e+00
     17.000    20.9473   4.846022    34.6543      30736 0.0000e+00
     16.000    20.9339   4.842738    34.6392      30764 0.0000e+00
     15.000    20.9115   4.838361    34.6225      30795 0.0000e+00
     14.000    20.8933   4.835150    34.6119      30825 0.0000e+00
     13.000    20.8842   4.833572    34.6070      30852 0.0000e+00
     12.000    20.8703   4.831266    34.6000      30877 0.0000e+00
     11.000    20.8655   4.830419    34.5975      30901 0.0000e+00
     10.000    20.8655   4.829987    34.5944      30928 0.0000e+00
      9.000    20.8714   4.830212    34.5918      30958 0.0000e+00
      8.000    20.9846   4.834425    34.5342      30987 0.0000e+00
      7.000    21.1602   4.844226    34.4710      31016 0.0000e+00
      6.000    21.2587   4.851487    34.4500      31046 0.0000e+00
      5.000    21.2793   4.853243    34.4477      31077 0.0000e+00
      4.000    21.2880   4.854363    34.4500      31114 0.0000e+00
      3.000    21.3148   4.856880    34.4488      31154 0.0000e+00
      2.000    21.2950   4.855957    34.4577      31556 0.0000e+00
