HB2302/ctd007.cnv
* Sea-Bird SBE 9 Data File:
* FileName = C:\cruise\data\ctd007.hex
* Software Version Seasave V 7.26.7.121
* Temperature SN = 6664
* Conductivity SN = 6035
* Number of Bytes Per Scan = 37
* Number of Voltage Words = 4
* Number of Scans Averaged by the Deck Unit = 1
* NMEA Latitude = 36 00.08 N
* NMEA Longitude = 074 46.78 W
* NMEA UTC (Time) = Jun 11 2023  19:07:46
* NMEA baud rate = 4800
** Ship: Bigelow HB2301
** Program:  Spring ECOMON
** Chief Scientist:Jerry Prezioso
# nquan = 6
# nvalues = 717                         
# units = specified
# name 0 = depSM: Depth [salt water, m]
# name 1 = t090C: Temperature [ITS-90, deg C]
# name 2 = c0S/m: Conductivity [S/m]
# name 3 = sal00: Salinity, Practical [PSU]
# name 4 = scan: Scan Count
# name 5 = flag: flag
# span 0 =      2.000,    361.000       
# span 1 =     7.7640,    19.7307       
# span 2 =   3.628846,   4.737932       
# span 3 =    33.8075,    35.9587       
# span 4 =        348,      28441       
# span 5 = 0.0000e+00, 0.0000e+00       
# interval = meters: 1                  
# start_time = Jun 11 2023 19:07:46 [NMEA time, header]
# bad_flag = -9.990e-29
*END*
      4.000    19.6724   4.655583    34.1504        348 0.0000e+00
      5.000    19.6921   4.657937    34.1533        598 0.0000e+00
      6.000    19.6596   4.654039    34.1475        632 0.0000e+00
      7.000    19.2370   4.606393    34.0992        686 0.0000e+00
      8.000    19.0318   4.583811    34.0798        746 0.0000e+00
      9.000    19.0634   4.590766    34.1113        788 0.0000e+00
     10.000    19.0846   4.596145    34.1383        831 0.0000e+00
     11.000    19.0407   4.599226    34.1997        881 0.0000e+00
     12.000    19.0123   4.599078    34.2216        978 0.0000e+00
     13.000    18.9541   4.596614    34.2488       1081 0.0000e+00
     14.000    18.9706   4.607121    34.3224       1115 0.0000e+00
     15.000    19.0953   4.632318    34.4287       1144 0.0000e+00
     16.000    19.5592   4.711805    34.7024       1172 0.0000e+00
     17.000    19.7307   4.737932    34.7753       1202 0.0000e+00
     18.000    19.6933   4.737579    34.8030       1230 0.0000e+00
     19.000    19.5320   4.717486    34.7711       1255 0.0000e+00
     20.000    19.4108   4.703487    34.7559       1279 0.0000e+00
     21.000    19.3358   4.694982    34.7475       1305 0.0000e+00
     22.000    19.1992   4.680041    34.7371       1332 0.0000e+00
     23.000    19.2123   4.683878    34.7577       1359 0.0000e+00
     24.000    19.2662   4.692406    34.7832       1386 0.0000e+00
     25.000    19.2580   4.691746    34.7842       1414 0.0000e+00
     26.000    19.2563   4.692104    34.7882       1442 0.0000e+00
     27.000    19.2566   4.692379    34.7899       1467 0.0000e+00
     28.000    19.1510   4.679125    34.7676       1490 0.0000e+00
     29.000    19.0308   4.665414    34.7535       1514 0.0000e+00
     30.000    18.9893   4.661757    34.7575       1539 0.0000e+00
     31.000    19.0457   4.671891    34.7944       1565 0.0000e+00
     32.000    19.1441   4.689442    34.8579       1594 0.0000e+00
     33.000    19.0836   4.683201    34.8563       1626 0.0000e+00
     34.000    19.0047   4.673301    34.8395       1651 0.0000e+00
     35.000    18.8186   4.650483    34.8046       1673 0.0000e+00
     36.000    18.6871   4.634154    34.7779       1698 0.0000e+00
     37.000    18.6072   4.623751    34.7573       1726 0.0000e+00
     38.000    18.2992   4.581782    34.6620       1753 0.0000e+00
     39.000    17.7407   4.511684    34.5373       1778 0.0000e+00
     40.000    17.5667   4.489948    34.4981       1804 0.0000e+00
     41.000    17.4399   4.473779    34.4664       1832 0.0000e+00
     42.000    17.2611   4.451302    34.4240       1858 0.0000e+00
     43.000    17.2397   4.449213    34.4237       1880 0.0000e+00
     44.000    17.3834   4.470960    34.4888       1906 0.0000e+00
     45.000    17.6457   4.504665    34.5556       1935 0.0000e+00
     46.000    17.4544   4.482692    34.5283       1963 0.0000e+00
     47.000    16.8886   4.416445    34.4374       1991 0.0000e+00
     48.000    16.6744   4.391098    34.3991       2019 0.0000e+00
     49.000    16.2383   4.339131    34.3165       2046 0.0000e+00
     50.000    16.1237   4.325099    34.2907       2068 0.0000e+00
     51.000    15.9939   4.309902    34.2676       2090 0.0000e+00
     52.000    15.9654   4.306459    34.2611       2113 0.0000e+00
     53.000    15.9585   4.305602    34.2591       2141 0.0000e+00
     54.000    15.9599   4.305624    34.2577       2171 0.0000e+00
     55.000    15.9629   4.305967    34.2578       2201 0.0000e+00
     56.000    15.9603   4.305868    34.2587       2229 0.0000e+00
     57.000    15.8013   4.286807    34.2260       2254 0.0000e+00
     58.000    15.5667   4.260571    34.1942       2277 0.0000e+00
     59.000    15.5249   4.255492    34.1845       2302 0.0000e+00
     60.000    15.3830   4.237537    34.1459       2330 0.0000e+00
     61.000    14.2036   4.101964    33.9389       2358 0.0000e+00
     62.000    13.1504   3.990405    33.8293       2385 0.0000e+00
     63.000    13.0056   3.979922    33.8588       2410 0.0000e+00
     64.000    13.1753   4.005236    33.9465       2433 0.0000e+00
     65.000    13.2719   4.017476    33.9754       2457 0.0000e+00
     66.000    13.2654   4.017792    33.9838       2485 0.0000e+00
     67.000    13.2345   4.016441    33.9982       2516 0.0000e+00
     68.000    13.3735   4.035739    34.0556       2544 0.0000e+00
     69.000    13.4073   4.044127    34.1039       2572 0.0000e+00
     70.000    13.4215   4.048972    34.1364       2599 0.0000e+00
     71.000    13.3648   4.044608    34.1457       2623 0.0000e+00
     72.000    13.1958   4.025526    34.1167       2645 0.0000e+00
     73.000    12.8262   3.987444    34.0872       2671 0.0000e+00
     74.000    12.7734   3.982060    34.0831       2702 0.0000e+00
     75.000    12.7308   3.977055    34.0733       2733 0.0000e+00
     76.000    12.4570   3.947214    34.0345       2761 0.0000e+00
     77.000    12.4089   3.942536    34.0326       2785 0.0000e+00
     78.000    12.4050   3.943002    34.0403       2808 0.0000e+00
     79.000    12.5981   3.968515    34.1099       2832 0.0000e+00
     80.000    14.0933   4.169228    34.6497       2858 0.0000e+00
     81.000    15.0066   4.282168    34.8735       2889 0.0000e+00
     82.000    15.4376   4.342303    35.0335       2921 0.0000e+00
     83.000    16.2025   4.449857    35.3165       2951 0.0000e+00
     84.000    16.7495   4.532369    35.5595       2975 0.0000e+00
     85.000    17.0991   4.582982    35.6934       2997 0.0000e+00
     86.000    17.1741   4.595113    35.7324       3019 0.0000e+00
     87.000    17.1564   4.594308    35.7406       3043 0.0000e+00
     88.000    17.0290   4.579230    35.7215       3072 0.0000e+00
     89.000    17.0257   4.583923    35.7651       3104 0.0000e+00
     90.000    16.7418   4.551203    35.7302       3133 0.0000e+00
     91.000    16.2095   4.486939    35.6372       3161 0.0000e+00
     92.000    16.0273   4.468212    35.6332       3185 0.0000e+00
     93.000    16.0796   4.477630    35.6699       3208 0.0000e+00
     94.000    16.1419   4.486157    35.6895       3233 0.0000e+00
     95.000    15.6625   4.428924    35.6081       3259 0.0000e+00
     96.000    15.2894   4.384140    35.5403       3286 0.0000e+00
     97.000    15.0130   4.350966    35.4889       3315 0.0000e+00
     98.000    14.7490   4.318270    35.4292       3346 0.0000e+00
     99.000    14.4822   4.285254    35.3681       3372 0.0000e+00
    100.000    14.3078   4.264663    35.3366       3395 0.0000e+00
    101.000    14.2614   4.258397    35.3204       3418 0.0000e+00
    102.000    14.1211   4.241731    35.2936       3442 0.0000e+00
    103.000    14.0210   4.229814    35.2739       3471 0.0000e+00
    104.000    13.9967   4.226923    35.2688       3503 0.0000e+00
    105.000    13.9738   4.224637    35.2681       3531 0.0000e+00
    106.000    14.0116   4.230322    35.2860       3555 0.0000e+00
    107.000    14.3790   4.279954    35.4100       3578 0.0000e+00
    108.000    14.5466   4.300770    35.4487       3602 0.0000e+00
    109.000    14.5731   4.304365    35.4573       3629 0.0000e+00
    110.000    14.6947   4.321485    35.5034       3659 0.0000e+00
    111.000    14.8689   4.346809    35.5763       3688 0.0000e+00
    112.000    15.0731   4.375596    35.6528       3713 0.0000e+00
    113.000    15.1435   4.385884    35.6820       3737 0.0000e+00
    114.000    15.0812   4.379542    35.6806       3763 0.0000e+00
    115.000    15.0483   4.376353    35.6811       3793 0.0000e+00
    116.000    15.0214   4.375404    35.6966       3822 0.0000e+00
    117.000    15.0788   4.385781    35.7385       3848 0.0000e+00
    118.000    15.0687   4.384996    35.7401       3872 0.0000e+00
    119.000    14.9456   4.370259    35.7177       3894 0.0000e+00
    120.000    14.7479   4.345982    35.6757       3917 0.0000e+00
    121.000    14.4898   4.316006    35.6361       3943 0.0000e+00
    122.000    14.4464   4.310878    35.6282       3976 0.0000e+00
    123.000    14.6155   4.334630    35.6916       4008 0.0000e+00
    124.000    14.7944   4.358593    35.7474       4034 0.0000e+00
    125.000    15.0050   4.387954    35.8226       4057 0.0000e+00
    126.000    15.2692   4.424663    35.9147       4080 0.0000e+00
    127.000    15.3975   4.442473    35.9587       4102 0.0000e+00
    128.000    15.3595   4.438499    35.9570       4129 0.0000e+00
    129.000    15.2196   4.421060    35.9262       4165 0.0000e+00
    130.000    14.9301   4.385295    35.8651       4196 0.0000e+00
    131.000    14.7880   4.366883    35.8264       4220 0.0000e+00
    132.000    14.6378   4.348468    35.7949       4240 0.0000e+00
    133.000    14.6224   4.346158    35.7875       4261 0.0000e+00
    134.000    14.5738   4.340181    35.7767       4286 0.0000e+00
    135.000    14.5425   4.336149    35.7679       4317 0.0000e+00
    136.000    14.4943   4.330073    35.7558       4352 0.0000e+00
    137.000    14.4295   4.322149    35.7419       4381 0.0000e+00
    138.000    14.3998   4.319281    35.7424       4404 0.0000e+00
    139.000    14.4009   4.319546    35.7434       4426 0.0000e+00
    140.000    14.4016   4.319591    35.7427       4449 0.0000e+00
    141.000    14.4027   4.319722    35.7425       4475 0.0000e+00
    142.000    14.4061   4.320236    35.7437       4504 0.0000e+00
    143.000    14.4144   4.321566    35.7479       4537 0.0000e+00
    144.000    14.4151   4.321813    35.7491       4565 0.0000e+00
    145.000    14.4277   4.324027    35.7576       4590 0.0000e+00
    146.000    14.4231   4.324086    35.7619       4614 0.0000e+00
    147.000    14.3787   4.319483    35.7599       4637 0.0000e+00
    148.000    14.3579   4.317632    35.7616       4662 0.0000e+00
    149.000    14.3622   4.318709    35.7672       4690 0.0000e+00
    150.000    14.3714   4.320266    35.7727       4722 0.0000e+00
    151.000    14.3635   4.319829    35.7755       4749 0.0000e+00
    152.000    14.3541   4.318900    35.7752       4774 0.0000e+00
    153.000    14.3523   4.318758    35.7751       4798 0.0000e+00
    154.000    14.3581   4.319559    35.7768       4823 0.0000e+00
    155.000    14.3648   4.320482    35.7787       4851 0.0000e+00
    156.000    14.3857   4.323536    35.7872       4883 0.0000e+00
    157.000    14.3921   4.324848    35.7931       4914 0.0000e+00
    158.000    14.3645   4.322044    35.7922       4939 0.0000e+00
    159.000    14.3471   4.320751    35.7958       4963 0.0000e+00
    160.000    14.3392   4.320067    35.7964       4986 0.0000e+00
    161.000    14.3358   4.319832    35.7970       5009 0.0000e+00
    162.000    14.3316   4.319491    35.7972       5034 0.0000e+00
    163.000    14.3309   4.319711    35.7996       5066 0.0000e+00
    164.000    14.3312   4.320014    35.8017       5101 0.0000e+00
    165.000    14.3275   4.319892    35.8035       5127 0.0000e+00
    166.000    14.3215   4.319392    35.8040       5149 0.0000e+00
    167.000    14.3063   4.317812    35.8031       5174 0.0000e+00
    168.000    14.3010   4.317220    35.8020       5205 0.0000e+00
    169.000    14.2906   4.315982    35.7997       5234 0.0000e+00
    170.000    14.2648   4.312932    35.7949       5260 0.0000e+00
    171.000    14.1927   4.304850    35.7862       5284 0.0000e+00
    172.000    14.1685   4.302255    35.7840       5308 0.0000e+00
    173.000    14.1494   4.300253    35.7826       5332 0.0000e+00
    174.000    14.1474   4.300028    35.7820       5359 0.0000e+00
    175.000    14.1462   4.299894    35.7814       5393 0.0000e+00
    176.000    14.1451   4.299806    35.7812       5425 0.0000e+00
    177.000    14.1450   4.299829    35.7811       5450 0.0000e+00
    178.000    14.1427   4.299637    35.7810       5472 0.0000e+00
    179.000    14.1421   4.299625    35.7811       5496 0.0000e+00
    180.000    14.1428   4.299713    35.7808       5520 0.0000e+00
    181.000    14.1422   4.299681    35.7807       5548 0.0000e+00
    182.000    14.1407   4.299570    35.7805       5579 0.0000e+00
    183.000    14.1409   4.299628    35.7805       5606 0.0000e+00
    184.000    14.1408   4.299668    35.7805       5632 0.0000e+00
    185.000    14.1418   4.299911    35.7814       5657 0.0000e+00
    186.000    14.1435   4.300136    35.7816       5684 0.0000e+00
    187.000    14.1432   4.300144    35.7815       5709 0.0000e+00
    188.000    14.1444   4.300384    35.7822       5735 0.0000e+00
    189.000    14.1462   4.300894    35.7849       5766 0.0000e+00
    190.000    14.1456   4.301087    35.7868       5797 0.0000e+00
    191.000    14.1435   4.301390    35.7911       5823 0.0000e+00
    192.000    14.1288   4.300653    35.7975       5846 0.0000e+00
    193.000    14.0933   4.297150    35.7974       5869 0.0000e+00
    194.000    14.0285   4.290429    35.7945       5891 0.0000e+00
    195.000    13.9910   4.286336    35.7907       5916 0.0000e+00
    196.000    13.9677   4.284124    35.7912       5950 0.0000e+00
    197.000    13.9259   4.279722    35.7885       5983 0.0000e+00
    198.000    13.8316   4.269441    35.7797       6010 0.0000e+00
    199.000    13.7898   4.264808    35.7747       6033 0.0000e+00
    200.000    13.7568   4.261037    35.7696       6056 0.0000e+00
    201.000    13.6937   4.254003    35.7620       6081 0.0000e+00
    202.000    13.6143   4.245039    35.7513       6110 0.0000e+00
    203.000    13.5287   4.235675    35.7425       6141 0.0000e+00
    204.000    13.4852   4.230685    35.7357       6168 0.0000e+00
    205.000    13.4221   4.223646    35.7278       6192 0.0000e+00
    206.000    13.3891   4.219877    35.7226       6215 0.0000e+00
    207.000    13.3445   4.214831    35.7162       6241 0.0000e+00
    208.000    13.3074   4.210579    35.7101       6270 0.0000e+00
    209.000    13.2611   4.205322    35.7033       6300 0.0000e+00
    210.000    13.2013   4.198569    35.6948       6329 0.0000e+00
    211.000    13.1565   4.193810    35.6911       6355 0.0000e+00
    212.000    13.1509   4.193112    35.6893       6381 0.0000e+00
    213.000    13.1409   4.191981    35.6875       6404 0.0000e+00
    214.000    13.1274   4.190483    35.6855       6429 0.0000e+00
    215.000    13.0827   4.185395    35.6785       6458 0.0000e+00
    216.000    13.0369   4.180388    35.6735       6487 0.0000e+00
    217.000    12.9975   4.175887    35.6671       6514 0.0000e+00
    218.000    12.9262   4.167903    35.6574       6537 0.0000e+00
    219.000    12.7254   4.145624    35.6326       6562 0.0000e+00
    220.000    12.6883   4.141625    35.6288       6593 0.0000e+00
    221.000    12.6836   4.140975    35.6266       6627 0.0000e+00
    222.000    12.6788   4.140407    35.6252       6655 0.0000e+00
    223.000    12.6755   4.140033    35.6242       6678 0.0000e+00
    224.000    12.6520   4.137277    35.6195       6699 0.0000e+00
    225.000    12.5704   4.128371    35.6104       6721 0.0000e+00
    226.000    12.5042   4.121186    35.6032       6745 0.0000e+00
    227.000    12.4645   4.116849    35.5984       6776 0.0000e+00
    228.000    12.4316   4.113130    35.5932       6813 0.0000e+00
    229.000    12.3851   4.108017    35.5873       6843 0.0000e+00
    230.000    12.3488   4.103957    35.5819       6867 0.0000e+00
    231.000    12.2641   4.094423    35.5693       6889 0.0000e+00
    232.000    12.0522   4.071384    35.5459       6913 0.0000e+00
    233.000    11.9357   4.058719    35.5327       6940 0.0000e+00
    234.000    11.8673   4.051196    35.5238       6970 0.0000e+00
    235.000    11.8343   4.047478    35.5184       6999 0.0000e+00
    236.000    11.8255   4.046446    35.5162       7028 0.0000e+00
    237.000    11.8114   4.044848    35.5135       7053 0.0000e+00
    238.000    11.7873   4.042235    35.5105       7076 0.0000e+00
    239.000    11.7694   4.040212    35.5073       7099 0.0000e+00
    240.000    11.7086   4.033518    35.4991       7127 0.0000e+00
    241.000    11.6632   4.028543    35.4931       7160 0.0000e+00
