HB2302/ctd021.cnv
* Sea-Bird SBE 9 Data File:
* FileName = C:\cruise\data\ctd021.hex
* Software Version Seasave V 7.26.7.121
* Temperature SN = 6664
* Conductivity SN = 6035
* Number of Bytes Per Scan = 37
* Number of Voltage Words = 4
* Number of Scans Averaged by the Deck Unit = 1
* NMEA Latitude = 42 13.21 N
* NMEA Longitude = 065 45.67 W
* NMEA UTC (Time) = Jun 18 2023  06:16:49
* NMEA baud rate = 4800
** Ship: Bigelow HB2301
** Program:  Spring ECOMON
** Chief Scientist:Jerry Prezioso
# nquan = 6
# nvalues = 434                         
# units = specified
# name 0 = depSM: Depth [salt water, m]
# name 1 = t090C: Temperature [ITS-90, deg C]
# name 2 = c0S/m: Conductivity [S/m]
# name 3 = sal00: Salinity, Practical [PSU]
# name 4 = scan: Scan Count
# name 5 = flag: flag
# span 0 =      2.000,    219.000       
# span 1 =     7.0835,    11.6185       
# span 2 =   3.340418,   3.754679       
# span 3 =    31.9794,    35.0374       
# span 4 =        113,      17389       
# span 5 = 0.0000e+00, 0.0000e+00       
# interval = meters: 1                  
# start_time = Jun 18 2023 06:16:49 [NMEA time, header]
# bad_flag = -9.990e-29
*END*
      3.000    11.5884   3.654595    32.0022        113 0.0000e+00
      4.000    11.5937   3.655217    32.0033        421 0.0000e+00
      5.000    11.5905   3.654992    32.0034        574 0.0000e+00
      6.000    11.5918   3.655120    32.0031        615 0.0000e+00
      7.000    11.5840   3.654467    32.0031        712 0.0000e+00
      8.000    11.5684   3.653121    32.0031        801 0.0000e+00
      9.000    11.5593   3.652324    32.0027        956 0.0000e+00
     10.000    11.4665   3.644671    32.0079        969 0.0000e+00
     11.000    11.1767   3.620918    32.0261        998 0.0000e+00
     12.000    10.9881   3.604518    32.0283       1046 0.0000e+00
     13.000    10.6822   3.581083    32.0634       1071 0.0000e+00
     14.000    10.6726   3.579963    32.0603       1090 0.0000e+00
     15.000    10.6225   3.575550    32.0599       1110 0.0000e+00
     16.000    10.5907   3.573238    32.0644       1135 0.0000e+00
     17.000    10.5556   3.570970    32.0722       1168 0.0000e+00
     18.000    10.4664   3.565102    32.0917       1202 0.0000e+00
     19.000    10.4069   3.560844    32.1011       1229 0.0000e+00
     20.000    10.1773   3.542489    32.1193       1252 0.0000e+00
     21.000     9.4374   3.486031    32.2056       1273 0.0000e+00
     22.000     8.6240   3.428377    32.3455       1294 0.0000e+00
     23.000     8.3353   3.407453    32.3901       1323 0.0000e+00
     24.000     8.1053   3.390518    32.4227       1361 0.0000e+00
     25.000     7.8783   3.375548    32.4735       1389 0.0000e+00
     26.000     7.7550   3.367445    32.5013       1411 0.0000e+00
     27.000     7.6620   3.360759    32.5159       1432 0.0000e+00
     28.000     7.5895   3.355505    32.5269       1455 0.0000e+00
     29.000     7.5635   3.354592    32.5409       1480 0.0000e+00
     30.000     7.5427   3.354592    32.5599       1505 0.0000e+00
     31.000     7.5417   3.354978    32.5646       1533 0.0000e+00
     32.000     7.5307   3.354499    32.5693       1573 0.0000e+00
     33.000     7.5064   3.353398    32.5796       1608 0.0000e+00
     34.000     7.4415   3.350984    32.6141       1627 0.0000e+00
     35.000     7.4038   3.349603    32.6342       1642 0.0000e+00
     36.000     7.3970   3.349112    32.6349       1658 0.0000e+00
     37.000     7.3824   3.348054    32.6367       1677 0.0000e+00
     38.000     7.3664   3.347139    32.6414       1712 0.0000e+00
     39.000     7.3612   3.347003    32.6444       1763 0.0000e+00
     40.000     7.3547   3.347041    32.6505       1792 0.0000e+00
     41.000     7.3250   3.346003    32.6667       1812 0.0000e+00
     42.000     7.3158   3.345760    32.6723       1830 0.0000e+00
     43.000     7.3074   3.345316    32.6750       1849 0.0000e+00
     44.000     7.2603   3.342854    32.6923       1874 0.0000e+00
     45.000     7.2481   3.342469    32.6992       1910 0.0000e+00
     46.000     7.2166   3.341698    32.7201       1939 0.0000e+00
     47.000     7.1916   3.340535    32.7308       1960 0.0000e+00
     48.000     7.1675   3.340715    32.7551       1982 0.0000e+00
     49.000     7.1646   3.342158    32.7731       2015 0.0000e+00
     50.000     7.1581   3.341747    32.7743       2053 0.0000e+00
     51.000     7.1573   3.341693    32.7739       2074 0.0000e+00
     52.000     7.1511   3.341683    32.7793       2093 0.0000e+00
     53.000     7.1450   3.341640    32.7841       2119 0.0000e+00
     54.000     7.1408   3.341632    32.7875       2157 0.0000e+00
     55.000     7.1366   3.341643    32.7912       2180 0.0000e+00
     56.000     7.1186   3.341638    32.8077       2197 0.0000e+00
     57.000     7.1051   3.341724    32.8210       2214 0.0000e+00
     58.000     7.0974   3.341622    32.8268       2250 0.0000e+00
     59.000     7.0963   3.341661    32.8277       2303 0.0000e+00
     60.000     7.0954   3.341681    32.8284       2321 0.0000e+00
     61.000     7.0954   3.341756    32.8287       2336 0.0000e+00
     62.000     7.0952   3.341794    32.8288       2352 0.0000e+00
     63.000     7.0951   3.341831    32.8288       2384 0.0000e+00
     64.000     7.0962   3.341869    32.8277       2431 0.0000e+00
     65.000     7.0966   3.342032    32.8287       2450 0.0000e+00
     66.000     7.0967   3.342194    32.8299       2466 0.0000e+00
     67.000     7.0956   3.342396    32.8327       2482 0.0000e+00
     68.000     7.0929   3.342687    32.8379       2515 0.0000e+00
     69.000     7.0915   3.343454    32.8471       2565 0.0000e+00
     70.000     7.0937   3.344807    32.8593       2586 0.0000e+00
     71.000     7.1010   3.347639    32.8827       2606 0.0000e+00
     72.000     7.1041   3.348977    32.8938       2627 0.0000e+00
     73.000     7.1103   3.351440    32.9143       2653 0.0000e+00
     74.000     7.1149   3.352560    32.9216       2691 0.0000e+00
     75.000     7.1242   3.354502    32.9334       2726 0.0000e+00
     76.000     7.1336   3.356056    32.9409       2755 0.0000e+00
     77.000     7.1377   3.356748    32.9441       2786 0.0000e+00
     78.000     7.1403   3.357195    32.9460       2819 0.0000e+00
     79.000     7.1424   3.357492    32.9467       2847 0.0000e+00
     80.000     7.1449   3.357945    32.9488       2874 0.0000e+00
     81.000     7.1505   3.358941    32.9537       2904 0.0000e+00
     82.000     7.1661   3.361763    32.9691       2933 0.0000e+00
     83.000     7.2029   3.367877    33.0000       2960 0.0000e+00
     84.000     7.2203   3.370283    33.0091       2990 0.0000e+00
     85.000     7.2218   3.370538    33.0099       3028 0.0000e+00
     86.000     7.2236   3.370700    33.0095       3059 0.0000e+00
     87.000     7.2244   3.370829    33.0096       3084 0.0000e+00
     88.000     7.2338   3.372912    33.0228       3106 0.0000e+00
     89.000     7.2619   3.378759    33.0590       3131 0.0000e+00
     90.000     7.2856   3.383389    33.0862       3156 0.0000e+00
     91.000     7.3050   3.386989    33.1062       3182 0.0000e+00
     92.000     7.3336   3.392494    33.1380       3206 0.0000e+00
     93.000     7.3869   3.402437    33.1943       3230 0.0000e+00
     94.000     7.5063   3.423169    33.3036       3260 0.0000e+00
     95.000     7.5495   3.431048    33.3468       3304 0.0000e+00
     96.000     7.5814   3.436879    33.3786       3331 0.0000e+00
     97.000     7.6281   3.444656    33.4172       3349 0.0000e+00
     98.000     7.6533   3.448746    33.4365       3365 0.0000e+00
     99.000     7.6674   3.451162    33.4485       3386 0.0000e+00
    100.000     7.6903   3.455375    33.4714       3417 0.0000e+00
    101.000     7.7421   3.464063    33.5145       3447 0.0000e+00
    102.000     7.7800   3.469748    33.5387       3473 0.0000e+00
    103.000     7.7980   3.472470    33.5501       3499 0.0000e+00
    104.000     7.8876   3.485251    33.6006       3529 0.0000e+00
    105.000     7.9495   3.493453    33.6284       3558 0.0000e+00
    106.000     7.9886   3.499130    33.6511       3582 0.0000e+00
    107.000     8.0477   3.507517    33.6833       3604 0.0000e+00
    108.000     8.0950   3.514015    33.7068       3626 0.0000e+00
    109.000     8.1476   3.521959    33.7403       3648 0.0000e+00
    110.000     8.3409   3.549454    33.8461       3674 0.0000e+00
    111.000     8.4612   3.566382    33.9093       3708 0.0000e+00
    112.000     8.4926   3.571060    33.9281       3742 0.0000e+00
    113.000     8.5207   3.575134    33.9436       3771 0.0000e+00
    114.000     8.5409   3.578816    33.9626       3795 0.0000e+00
    115.000     8.5361   3.582158    34.0020       3814 0.0000e+00
    116.000     8.5842   3.592243    34.0616       3832 0.0000e+00
    117.000     8.7449   3.618434    34.1819       3856 0.0000e+00
    118.000     8.8298   3.634399    34.2673       3891 0.0000e+00
    119.000     8.8366   3.636668    34.2840       3922 0.0000e+00
    120.000     8.8375   3.637978    34.2964       3948 0.0000e+00
    121.000     8.8373   3.639636    34.3136       3975 0.0000e+00
    122.000     8.8405   3.641598    34.3306       4000 0.0000e+00
    123.000     8.8490   3.644730    34.3548       4021 0.0000e+00
    124.000     8.8625   3.649438    34.3906       4043 0.0000e+00
    125.000     8.8556   3.649878    34.4014       4071 0.0000e+00
    126.000     8.8432   3.649460    34.4086       4109 0.0000e+00
    127.000     8.8614   3.653833    34.4363       4141 0.0000e+00
    128.000     8.9109   3.662849    34.4824       4164 0.0000e+00
    129.000     8.9619   3.670539    34.5130       4184 0.0000e+00
    130.000     9.1523   3.694990    34.5831       4203 0.0000e+00
    131.000     9.3305   3.717032    34.6393       4227 0.0000e+00
    132.000     9.3952   3.727225    34.6819       4259 0.0000e+00
    133.000     9.3708   3.726854    34.7013       4288 0.0000e+00
    134.000     9.4512   3.738905    34.7477       4314 0.0000e+00
    135.000     9.5018   3.746567    34.7775       4350 0.0000e+00
    136.000     9.5222   3.750480    34.7977       4388 0.0000e+00
    137.000     9.4917   3.748541    34.8068       4406 0.0000e+00
    138.000     9.4323   3.743296    34.8097       4421 0.0000e+00
    139.000     9.3671   3.738852    34.8266       4436 0.0000e+00
    140.000     9.3463   3.737827    34.8357       4462 0.0000e+00
    141.000     9.3296   3.737221    34.8453       4511 0.0000e+00
    142.000     9.3313   3.738722    34.8587       4544 0.0000e+00
    143.000     9.3282   3.739141    34.8656       4570 0.0000e+00
    144.000     9.2022   3.728113    34.8733       4592 0.0000e+00
    145.000     8.9592   3.706773    34.8877       4613 0.0000e+00
    146.000     8.8020   3.692610    34.8929       4635 0.0000e+00
    147.000     8.7278   3.685619    34.8919       4663 0.0000e+00
    148.000     8.6884   3.682003    34.8921       4694 0.0000e+00
    149.000     8.6790   3.681030    34.8906       4725 0.0000e+00
    150.000     8.5715   3.670904    34.8891       4757 0.0000e+00
    151.000     8.4922   3.663806    34.8918       4788 0.0000e+00
    152.000     8.4255   3.657771    34.8932       4815 0.0000e+00
    153.000     8.3214   3.648453    34.8967       4838 0.0000e+00
    154.000     8.1289   3.631448    34.9060       4860 0.0000e+00
    155.000     8.0581   3.625240    34.9094       4882 0.0000e+00
    156.000     8.0612   3.626741    34.9220       4906 0.0000e+00
    157.000     8.0737   3.629395    34.9374       4937 0.0000e+00
    158.000     8.0725   3.629452    34.9388       4977 0.0000e+00
    159.000     8.0680   3.628866    34.9365       5016 0.0000e+00
    160.000     8.0647   3.628534    34.9357       5040 0.0000e+00
    161.000     8.0889   3.631971    34.9480       5059 0.0000e+00
    162.000     8.1070   3.634248    34.9538       5078 0.0000e+00
    163.000     8.1163   3.635394    34.9564       5101 0.0000e+00
    164.000     8.1211   3.636046    34.9581       5134 0.0000e+00
    165.000     8.1074   3.634817    34.9581       5168 0.0000e+00
    166.000     8.0778   3.631998    34.9569       5200 0.0000e+00
    167.000     8.0593   3.630433    34.9580       5228 0.0000e+00
    168.000     7.9935   3.624522    34.9598       5251 0.0000e+00
    169.000     7.9568   3.620724    34.9551       5275 0.0000e+00
    170.000     7.8681   3.612284    34.9526       5305 0.0000e+00
    171.000     7.8380   3.610037    34.9579       5337 0.0000e+00
    172.000     7.8317   3.609765    34.9609       5366 0.0000e+00
    173.000     7.8315   3.609970    34.9628       5396 0.0000e+00
    174.000     7.8345   3.610633    34.9665       5425 0.0000e+00
    175.000     7.8453   3.612210    34.9721       5450 0.0000e+00
    176.000     7.8667   3.614900    34.9792       5474 0.0000e+00
    177.000     7.8720   3.615651    34.9815       5501 0.0000e+00
    178.000     7.8647   3.615033    34.9816       5535 0.0000e+00
    179.000     7.8552   3.614115    34.9808       5569 0.0000e+00
    180.000     7.8331   3.611953    34.9791       5599 0.0000e+00
    181.000     7.8199   3.610905    34.9805       5628 0.0000e+00
    182.000     7.8223   3.611251    34.9814       5654 0.0000e+00
    183.000     7.8241   3.611531    34.9821       5678 0.0000e+00
    184.000     7.8141   3.610750    34.9832       5705 0.0000e+00
    185.000     7.7909   3.609038    34.9875       5736 0.0000e+00
    186.000     7.7683   3.607263    34.9905       5766 0.0000e+00
    187.000     7.7499   3.605556    34.9900       5797 0.0000e+00
    188.000     7.7455   3.605145    34.9895       5832 0.0000e+00
    189.000     7.7404   3.604727    34.9896       5861 0.0000e+00
    190.000     7.7337   3.604209    34.9902       5885 0.0000e+00
    191.000     7.7469   3.605416    34.9896       5909 0.0000e+00
    192.000     7.7493   3.605654    34.9892       5939 0.0000e+00
    193.000     7.7487   3.605638    34.9892       5981 0.0000e+00
    194.000     7.7464   3.605456    34.9890       6013 0.0000e+00
    195.000     7.7457   3.605458    34.9892       6038 0.0000e+00
    196.000     7.7423   3.605297    34.9903       6061 0.0000e+00
    197.000     7.7429   3.605487    34.9913       6085 0.0000e+00
    198.000     7.7442   3.605711    34.9920       6125 0.0000e+00
    199.000     7.7446   3.605799    34.9920       6164 0.0000e+00
    200.000     7.7365   3.605194    34.9932       6187 0.0000e+00
    201.000     7.7140   3.603315    34.9950       6208 0.0000e+00
    202.000     7.6623   3.598829    34.9978       6244 0.0000e+00
    203.000     7.5931   3.592988    35.0036       6289 0.0000e+00
    204.000     7.5762   3.591462    35.0035       6311 0.0000e+00
    205.000     7.4244   3.578767    35.0181       6331 0.0000e+00
    206.000     7.2509   3.563941    35.0311       6361 0.0000e+00
    207.000     7.1769   3.557637    35.0365       6405 0.0000e+00
    208.000     7.1666   3.556664    35.0357       6431 0.0000e+00
    209.000     7.1586   3.555985    35.0359       6454 0.0000e+00
    210.000     7.1335   3.553702    35.0359       6487 0.0000e+00
    211.000     7.1130   3.551999    35.0374       6528 0.0000e+00
    212.000     7.1214   3.552684    35.0360       6557 0.0000e+00
    213.000     7.1252   3.553044    35.0355       6585 0.0000e+00
    214.000     7.1229   3.552842    35.0351       6617 0.0000e+00
    215.000     7.1194   3.552559    35.0351       6649 0.0000e+00
    216.000     7.1173   3.552394    35.0349       6678 0.0000e+00
    217.000     7.1143   3.552159    35.0349       6706 0.0000e+00
    218.000     7.1097   3.551797    35.0351       6736 0.0000e+00
    219.000     7.0835   3.549405    35.0349       6880 0.0000e+00
    218.000     7.0968   3.550447    35.0333       7180 0.0000e+00
    217.000     7.1154   3.552024    35.0323       7601 0.0000e+00
    216.000     7.0937   3.550045    35.0331       8191 0.0000e+00
    215.000     7.1039   3.550885    35.0325       8510 0.0000e+00
    214.000     7.1283   3.553028    35.0318       8868 0.0000e+00
    213.000     7.1105   3.551434    35.0328       8995 0.0000e+00
    212.000     7.1175   3.552052    35.0329       9014 0.0000e+00
    211.000     7.1400   3.554006    35.0321       9036 0.0000e+00
    210.000     7.1752   3.556876    35.0284       9062 0.0000e+00
    209.000     7.1849   3.557780    35.0290       9107 0.0000e+00
    208.000     7.2434   3.562814    35.0253       9140 0.0000e+00
    207.000     7.2568   3.563727    35.0223       9160 0.0000e+00
    206.000     7.2843   3.566746    35.0280       9176 0.0000e+00
    205.000     7.6025   3.594262    35.0069       9191 0.0000e+00
    204.000     7.7345   3.604313    34.9836       9207 0.0000e+00
    203.000     7.7494   3.605682    34.9840       9230 0.0000e+00
    202.000     7.7547   3.606179    34.9845       9269 0.0000e+00
    201.000     7.7555   3.606122    34.9836       9303 0.0000e+00
    200.000     7.7527   3.605649    34.9818       9324 0.0000e+00
    199.000     7.7628   3.606483    34.9812       9343 0.0000e+00
    198.000     7.7901   3.609078    34.9823       9362 0.0000e+00
