HB2302/ctd027.cnv
* Sea-Bird SBE 9 Data File:
* FileName = C:\cruise\data\ctd027.hex
* Software Version Seasave V 7.26.7.121
* Temperature SN = 6664
* Conductivity SN = 6035
* Number of Bytes Per Scan = 37
* Number of Voltage Words = 4
* Number of Scans Averaged by the Deck Unit = 1
* NMEA Latitude = 44 28.76 N
* NMEA Longitude = 067 13.26 W
* NMEA UTC (Time) = Jun 20 2023  20:32:29
* NMEA baud rate = 4800
** Ship: Bigelow HB2301
** Program:  Spring ECOMON
** Chief Scientist:Jerry Prezioso
# nquan = 6
# nvalues = 157                         
# units = specified
# name 0 = depSM: Depth [salt water, m]
# name 1 = t090C: Temperature [ITS-90, deg C]
# name 2 = c0S/m: Conductivity [S/m]
# name 3 = sal00: Salinity, Practical [PSU]
# name 4 = scan: Scan Count
# name 5 = flag: flag
# span 0 =      3.000,     81.000       
# span 1 =     8.1638,     9.3018       
# span 2 =   3.349611,   3.445929       
# span 3 =    31.9136,    31.9388       
# span 4 =        -50,       9608       
# span 5 = 0.0000e+00, 0.0000e+00       
# interval = meters: 1                  
# start_time = Jun 20 2023 20:32:29 [NMEA time, header]
# bad_flag = -9.990e-29
*END*
      3.000     8.8436   3.406150    31.9229        -50 0.0000e+00
      4.000     8.5498   3.381903    31.9344        338 0.0000e+00
      5.000     8.3753   3.366958    31.9352        344 0.0000e+00
      6.000     8.3147   3.361806    31.9355        367 0.0000e+00
      7.000     8.2867   3.359426    31.9354        391 0.0000e+00
      8.000     8.2739   3.358225    31.9339        420 0.0000e+00
      9.000     8.2520   3.356325    31.9333        449 0.0000e+00
     10.000     8.2393   3.355253    31.9330        476 0.0000e+00
     11.000     8.2248   3.354038    31.9329        499 0.0000e+00
     12.000     8.2183   3.353488    31.9326        522 0.0000e+00
     13.000     8.2164   3.353336    31.9323        547 0.0000e+00
     14.000     8.2173   3.353386    31.9316        574 0.0000e+00
     15.000     8.2170   3.353375    31.9312        602 0.0000e+00
     16.000     8.2076   3.352587    31.9310        630 0.0000e+00
     17.000     8.1960   3.351638    31.9311        656 0.0000e+00
     18.000     8.1957   3.351644    31.9310        680 0.0000e+00
     19.000     8.1954   3.351648    31.9308        705 0.0000e+00
     20.000     8.1936   3.351503    31.9305        730 0.0000e+00
     21.000     8.1943   3.351588    31.9303        757 0.0000e+00
     22.000     8.1935   3.351547    31.9301        784 0.0000e+00
     23.000     8.1933   3.351558    31.9300        810 0.0000e+00
     24.000     8.1902   3.351341    31.9301        836 0.0000e+00
     25.000     8.1896   3.351327    31.9300        861 0.0000e+00
     26.000     8.1886   3.351293    31.9301        886 0.0000e+00
     27.000     8.1880   3.351276    31.9300        913 0.0000e+00
     28.000     8.1884   3.351345    31.9299        940 0.0000e+00
     29.000     8.1889   3.351423    31.9298        967 0.0000e+00
     30.000     8.1881   3.351407    31.9299        993 0.0000e+00
     31.000     8.1894   3.351537    31.9297       1018 0.0000e+00
     32.000     8.1879   3.351488    31.9300       1043 0.0000e+00
     33.000     8.1842   3.351240    31.9304       1069 0.0000e+00
     34.000     8.1829   3.351317    31.9319       1096 0.0000e+00
     35.000     8.1827   3.351339    31.9319       1121 0.0000e+00
     36.000     8.1822   3.351363    31.9321       1146 0.0000e+00
     37.000     8.1821   3.351402    31.9321       1172 0.0000e+00
     38.000     8.1817   3.351418    31.9323       1200 0.0000e+00
     39.000     8.1812   3.351438    31.9324       1228 0.0000e+00
     40.000     8.1811   3.351483    31.9325       1253 0.0000e+00
     41.000     8.1816   3.351554    31.9323       1277 0.0000e+00
     42.000     8.1817   3.351600    31.9323       1301 0.0000e+00
     43.000     8.1816   3.351641    31.9324       1327 0.0000e+00
     44.000     8.1816   3.351686    31.9324       1356 0.0000e+00
     45.000     8.1814   3.351704    31.9324       1383 0.0000e+00
     46.000     8.1821   3.351796    31.9322       1408 0.0000e+00
     47.000     8.1823   3.351850    31.9321       1431 0.0000e+00
     48.000     8.1825   3.351904    31.9321       1456 0.0000e+00
     49.000     8.1837   3.352041    31.9320       1483 0.0000e+00
     50.000     8.1826   3.352014    31.9322       1512 0.0000e+00
     51.000     8.1756   3.351648    31.9342       1540 0.0000e+00
     52.000     8.1760   3.351708    31.9341       1564 0.0000e+00
     53.000     8.1763   3.351753    31.9338       1587 0.0000e+00
     54.000     8.1761   3.351788    31.9339       1612 0.0000e+00
     55.000     8.1763   3.351832    31.9337       1639 0.0000e+00
     56.000     8.1770   3.351905    31.9334       1667 0.0000e+00
     57.000     8.1773   3.351933    31.9330       1694 0.0000e+00
     58.000     8.1760   3.351906    31.9335       1719 0.0000e+00
     59.000     8.1744   3.351886    31.9343       1743 0.0000e+00
     60.000     8.1759   3.352015    31.9338       1767 0.0000e+00
     61.000     8.1761   3.352055    31.9335       1794 0.0000e+00
     62.000     8.1748   3.352045    31.9342       1821 0.0000e+00
     63.000     8.1748   3.352092    31.9342       1849 0.0000e+00
     64.000     8.1739   3.352092    31.9346       1876 0.0000e+00
     65.000     8.1728   3.352097    31.9352       1901 0.0000e+00
     66.000     8.1719   3.352045    31.9351       1926 0.0000e+00
     67.000     8.1720   3.352154    31.9356       1951 0.0000e+00
     68.000     8.1718   3.352190    31.9357       1977 0.0000e+00
     69.000     8.1722   3.352252    31.9356       2004 0.0000e+00
     70.000     8.1727   3.352318    31.9353       2030 0.0000e+00
     71.000     8.1673   3.352094    31.9375       2056 0.0000e+00
     72.000     8.1663   3.352089    31.9378       2084 0.0000e+00
     73.000     8.1667   3.352155    31.9377       2112 0.0000e+00
     74.000     8.1673   3.352230    31.9375       2139 0.0000e+00
     75.000     8.1670   3.352257    31.9376       2165 0.0000e+00
     76.000     8.1683   3.352345    31.9369       2191 0.0000e+00
     77.000     8.1667   3.352331    31.9378       2216 0.0000e+00
     78.000     8.1654   3.352330    31.9385       2241 0.0000e+00
     79.000     8.1656   3.352369    31.9382       2267 0.0000e+00
     80.000     8.1648   3.352367    31.9385       2294 0.0000e+00
     81.000     8.1638   3.352344    31.9388       2314 0.0000e+00
     80.000     8.1663   3.352414    31.9376       4530 0.0000e+00
     79.000     8.1669   3.352428    31.9377       4451 0.0000e+00
     78.000     8.1659   3.352315    31.9379       4487 0.0000e+00
     77.000     8.1662   3.352273    31.9377       4523 0.0000e+00
     76.000     8.1692   3.352377    31.9364       4560 0.0000e+00
     75.000     8.1718   3.352460    31.9354       4590 0.0000e+00
     74.000     8.1735   3.352494    31.9347       4616 0.0000e+00
     73.000     8.1738   3.352438    31.9342       4643 0.0000e+00
     72.000     8.1725   3.352358    31.9350       4671 0.0000e+00
     71.000     8.1718   3.352285    31.9354       4700 0.0000e+00
     70.000     8.1722   3.352252    31.9351       4729 0.0000e+00
     69.000     8.1725   3.352232    31.9351       4756 0.0000e+00
     68.000     8.1712   3.352117    31.9355       4780 0.0000e+00
     67.000     8.1719   3.352108    31.9353       4803 0.0000e+00
     66.000     8.1731   3.352123    31.9347       4827 0.0000e+00
     65.000     8.1731   3.352076    31.9348       4852 0.0000e+00
     64.000     8.1738   3.352070    31.9345       4879 0.0000e+00
     63.000     8.1741   3.352039    31.9343       4906 0.0000e+00
     62.000     8.1744   3.352003    31.9341       4934 0.0000e+00
     61.000     8.1745   3.351960    31.9340       4961 0.0000e+00
     60.000     8.1745   3.351917    31.9340       4985 0.0000e+00
     59.000     8.1746   3.351868    31.9339       5007 0.0000e+00
     58.000     8.1745   3.351821    31.9339       5029 0.0000e+00
     57.000     8.1752   3.351823    31.9338       5053 0.0000e+00
     56.000     8.1776   3.351894    31.9328       5080 0.0000e+00
     55.000     8.1777   3.351864    31.9328       5110 0.0000e+00
     54.000     8.1782   3.351832    31.9325       5139 0.0000e+00
     53.000     8.1767   3.351732    31.9332       5165 0.0000e+00
     52.000     8.1788   3.351804    31.9326       5187 0.0000e+00
     51.000     8.1825   3.352017    31.9319       5209 0.0000e+00
     50.000     8.1849   3.352124    31.9313       5230 0.0000e+00
     49.000     8.1855   3.352126    31.9312       5255 0.0000e+00
     48.000     8.1849   3.352031    31.9313       5290 0.0000e+00
     47.000     8.1835   3.351918    31.9318       5322 0.0000e+00
     46.000     8.1845   3.351925    31.9313       5349 0.0000e+00
     45.000     8.1847   3.351860    31.9309       5374 0.0000e+00
     44.000     8.1849   3.351808    31.9307       5398 0.0000e+00
     43.000     8.1849   3.351755    31.9306       5426 0.0000e+00
     42.000     8.1847   3.351710    31.9308       5458 0.0000e+00
     41.000     8.1845   3.351660    31.9309       5492 0.0000e+00
     40.000     8.1861   3.351765    31.9310       6313 0.0000e+00
     39.000     8.1857   3.351676    31.9308       6779 0.0000e+00
     38.000     8.1861   3.351668    31.9309       6807 0.0000e+00
     37.000     8.1859   3.351621    31.9309       6845 0.0000e+00
     36.000     8.1859   3.351561    31.9308       6880 0.0000e+00
     35.000     8.1858   3.351509    31.9308       6913 0.0000e+00
     34.000     8.1858   3.351461    31.9307       6949 0.0000e+00
     33.000     8.1858   3.351411    31.9307       6988 0.0000e+00
     32.000     8.1856   3.351348    31.9307       7026 0.0000e+00
     31.000     8.1855   3.351307    31.9308       7061 0.0000e+00
     30.000     8.1852   3.349611    31.9136       7095 0.0000e+00
     29.000     8.1850   3.351118    31.9301       7131 0.0000e+00
     28.000     8.1850   3.351094    31.9303       7170 0.0000e+00
     27.000     8.1852   3.351059    31.9302       7206 0.0000e+00
     26.000     8.1852   3.351017    31.9303       7243 0.0000e+00
     25.000     8.1864   3.351024    31.9297       7280 0.0000e+00
     24.000     8.1872   3.351010    31.9293       7316 0.0000e+00
     23.000     8.1873   3.350960    31.9291       7352 0.0000e+00
     22.000     8.1887   3.350993    31.9286       7389 0.0000e+00
     21.000     8.1900   3.351035    31.9283       7426 0.0000e+00
     20.000     8.1926   3.351132    31.9275       7463 0.0000e+00
     19.000     8.1919   3.351056    31.9278       7500 0.0000e+00
     18.000     8.1927   3.351065    31.9276       7537 0.0000e+00
     17.000     8.1951   3.351209    31.9274       7573 0.0000e+00
     16.000     8.1965   3.351276    31.9272       7609 0.0000e+00
     15.000     8.2012   3.351599    31.9268       7646 0.0000e+00
     14.000     8.2094   3.352209    31.9263       8439 0.0000e+00
     13.000     8.2112   3.352320    31.9263       8780 0.0000e+00
     12.000     8.2184   3.352872    31.9260       8824 0.0000e+00
     11.000     8.2204   3.353010    31.9261       8863 0.0000e+00
     10.000     8.2224   3.353137    31.9261       8896 0.0000e+00
      9.000     8.2298   3.353741    31.9262       8925 0.0000e+00
      8.000     8.2456   3.355027    31.9259       8954 0.0000e+00
      7.000     8.2593   3.356115    31.9254       8986 0.0000e+00
      6.000     8.2537   3.355628    31.9258       9018 0.0000e+00
      5.000     8.2755   3.357542    31.9266       9048 0.0000e+00
      4.000     8.3107   3.360357    31.9247       9078 0.0000e+00
      3.000     9.3018   3.445929    31.9238       9608 0.0000e+00
