HB2302/ctd011.cnv
* Sea-Bird SBE 9 Data File:
* FileName = C:\cruise\data\ctd011.hex
* Software Version Seasave V 7.26.7.121
* Temperature SN = 6664
* Conductivity SN = 6035
* Number of Bytes Per Scan = 37
* Number of Voltage Words = 4
* Number of Scans Averaged by the Deck Unit = 1
* NMEA Latitude = 37 50.48 N
* NMEA Longitude = 074 34.65 W
* NMEA UTC (Time) = Jun 12 2023  22:16:43
* NMEA baud rate = 4800
** Ship: Bigelow HB2301
** Program:  Spring ECOMON
** Chief Scientist:Jerry Prezioso
# nquan = 6
# nvalues = 100                         
# units = specified
# name 0 = depSM: Depth [salt water, m]
# name 1 = t090C: Temperature [ITS-90, deg C]
# name 2 = c0S/m: Conductivity [S/m]
# name 3 = sal00: Salinity, Practical [PSU]
# name 4 = scan: Scan Count
# name 5 = flag: flag
# span 0 =      2.000,     52.000       
# span 1 =     9.3347,    17.7180       
# span 2 =   3.576559,   4.260326       
# span 3 =    32.4202,    33.5661       
# span 4 =       -168,       7454       
# span 5 = 0.0000e+00, 0.0000e+00       
# interval = meters: 1                  
# start_time = Jun 12 2023 22:16:43 [NMEA time, header]
# bad_flag = -9.990e-29
*END*
      3.000    17.7168   4.259969    32.4213       -168 0.0000e+00
      4.000    17.7180   4.259996    32.4202        237 0.0000e+00
      5.000    17.7160   4.259975    32.4213        332 0.0000e+00
      6.000    17.7150   4.260085    32.4226        363 0.0000e+00
      7.000    17.7165   4.260326    32.4231        397 0.0000e+00
      8.000    17.7100   4.260087    32.4259        431 0.0000e+00
      9.000    17.6534   4.258268    32.4553        452 0.0000e+00
     10.000    17.4786   4.253539    32.5545        471 0.0000e+00
     11.000    17.1795   4.247091    32.7403        502 0.0000e+00
     12.000    16.6704   4.241526    33.1082        551 0.0000e+00
     13.000    16.5108   4.242543    33.2492        577 0.0000e+00
     14.000    16.4706   4.250104    33.3486        597 0.0000e+00
     15.000    16.4288   4.252731    33.4062        622 0.0000e+00
     16.000    16.3168   4.249261    33.4693        666 0.0000e+00
     17.000    15.9132   4.213405    33.4921        708 0.0000e+00
     18.000    15.5758   4.180592    33.4854        730 0.0000e+00
     19.000    15.3598   4.164047    33.5206        753 0.0000e+00
     20.000    14.8496   4.120742    33.5661        780 0.0000e+00
     21.000    13.9320   4.033216    33.5576        811 0.0000e+00
     22.000    13.6901   4.008990    33.5434        843 0.0000e+00
     23.000    13.2724   3.964889    33.4963        874 0.0000e+00
     24.000    12.8085   3.916012    33.4426        903 0.0000e+00
     25.000    11.7652   3.810788    33.3589        929 0.0000e+00
     26.000    11.4789   3.782295    33.3375        957 0.0000e+00
     27.000    11.2605   3.758559    33.3006        990 0.0000e+00
     28.000    10.8898   3.722731    33.2811       1022 0.0000e+00
     29.000    10.8524   3.722818    33.3155       1047 0.0000e+00
     30.000    10.7747   3.717145    33.3293       1068 0.0000e+00
     31.000    10.7049   3.713319    33.3543       1090 0.0000e+00
     32.000    10.3690   3.681387    33.3407       1119 0.0000e+00
     33.000     9.6501   3.611135    33.2888       1156 0.0000e+00
     34.000     9.3811   3.585172    33.2714       1189 0.0000e+00
     35.000     9.3712   3.583594    33.2637       1217 0.0000e+00
     36.000     9.3714   3.583261    33.2597       1241 0.0000e+00
     37.000     9.3687   3.582708    33.2561       1265 0.0000e+00
     38.000     9.3694   3.582575    33.2536       1289 0.0000e+00
     39.000     9.3685   3.582285    33.2509       1315 0.0000e+00
     40.000     9.3680   3.582010    33.2481       1350 0.0000e+00
     41.000     9.3694   3.581983    33.2461       1388 0.0000e+00
     42.000     9.3714   3.582096    33.2450       1412 0.0000e+00
     43.000     9.3703   3.581971    33.2442       1431 0.0000e+00
     44.000     9.3701   3.581839    33.2426       1453 0.0000e+00
     45.000     9.3498   3.579523    33.2371       1484 0.0000e+00
     46.000     9.3468   3.579145    33.2355       1522 0.0000e+00
     47.000     9.3496   3.579340    33.2345       1551 0.0000e+00
     48.000     9.3492   3.579250    33.2335       1574 0.0000e+00
     49.000     9.3473   3.579053    33.2328       1594 0.0000e+00
     50.000     9.3496   3.579248    33.2322       1617 0.0000e+00
     51.000     9.3424   3.577716    33.2225       2036 0.0000e+00
     52.000     9.3347   3.576559    33.2173       2766 0.0000e+00
     51.000     9.3366   3.576759    33.2181       2788 0.0000e+00
     50.000     9.3366   3.576690    33.2179       3192 0.0000e+00
     49.000     9.3376   3.576748    33.2180       3442 0.0000e+00
     48.000     9.3452   3.577483    33.2189       3464 0.0000e+00
     47.000     9.3466   3.577576    33.2191       3493 0.0000e+00
     46.000     9.3491   3.577806    33.2196       3536 0.0000e+00
     45.000     9.3509   3.577978    33.2202       3562 0.0000e+00
     44.000     9.3527   3.578101    33.2202       3580 0.0000e+00
     43.000     9.3527   3.578063    33.2202       3597 0.0000e+00
     42.000     9.3524   3.577994    33.2203       3618 0.0000e+00
     41.000     9.3517   3.577875    33.2202       3668 0.0000e+00
     40.000     9.3524   3.577917    33.2204       3717 0.0000e+00
     39.000     9.3557   3.578223    33.2210       3739 0.0000e+00
     38.000     9.3584   3.578446    33.2212       3764 0.0000e+00
     37.000     9.3596   3.578538    33.2215       3845 0.0000e+00
     36.000     9.3612   3.578672    33.2219       3882 0.0000e+00
     35.000     9.3600   3.578491    33.2215       3911 0.0000e+00
     34.000     9.3698   3.579450    33.2228       3957 0.0000e+00
     33.000     9.3834   3.580815    33.2246       4019 0.0000e+00
     32.000    10.3869   3.679882    33.3093       4791 0.0000e+00
     31.000    10.7942   3.718302    33.3227       5347 0.0000e+00
     30.000    10.8727   3.722927    33.2977       5372 0.0000e+00
     29.000    10.8900   3.720172    33.2550       5397 0.0000e+00
     28.000    11.0615   3.733496    33.2323       5435 0.0000e+00
     27.000    11.5318   3.781155    33.2782       5505 0.0000e+00
     26.000    12.5336   3.883099    33.3712       5528 0.0000e+00
     25.000    13.2844   3.959790    33.4368       5556 0.0000e+00
     24.000    13.5739   3.992825    33.4935       6060 0.0000e+00
     23.000    13.8110   4.016947    33.5111       6799 0.0000e+00
     22.000    14.5955   4.093581    33.5369       6802 0.0000e+00
     21.000    14.9961   4.129569    33.5200       6824 0.0000e+00
     20.000    15.2862   4.154238    33.4949       6848 0.0000e+00
     19.000    15.5529   4.173040    33.4368       6880 0.0000e+00
     18.000    15.9069   4.210103    33.4678       6910 0.0000e+00
     17.000    16.2925   4.248498    33.4826       6933 0.0000e+00
     16.000    16.4670   4.257571    33.4163       6954 0.0000e+00
     15.000    16.4773   4.249081    33.3337       6979 0.0000e+00
     14.000    16.5064   4.243250    33.2587       7015 0.0000e+00
     13.000    16.5329   4.235640    33.1704       7056 0.0000e+00
     12.000    16.5906   4.235733    33.1238       7078 0.0000e+00
     11.000    16.9166   4.239852    32.8920       7099 0.0000e+00
     10.000    17.2708   4.245333    32.6515       7123 0.0000e+00
      9.000    17.3951   4.248479    32.5786       7165 0.0000e+00
      8.000    17.5427   4.252501    32.4950       7208 0.0000e+00
      7.000    17.6418   4.255681    32.4432       7230 0.0000e+00
      6.000    17.6764   4.257011    32.4272       7250 0.0000e+00
      5.000    17.6658   4.256817    32.4344       7274 0.0000e+00
      4.000    17.6616   4.256959    32.4393       7319 0.0000e+00
      3.000    17.6687   4.257466    32.4384       7365 0.0000e+00
      2.000    17.6679   4.257717    32.4415       7454 0.0000e+00
