HB2302/ctd037.cnv
* Sea-Bird SBE 9 Data File:
* FileName = C:\cruise\data\ctd037.hex
* Software Version Seasave V 7.26.7.121
* Temperature SN = 6664
* Conductivity SN = 6035
* Number of Bytes Per Scan = 37
* Number of Voltage Words = 4
* Number of Scans Averaged by the Deck Unit = 1
* NMEA Latitude = 39 30.17 N
* NMEA Longitude = 068 30.93 W
* NMEA UTC (Time) = Jun 24 2023  07:40:28
* NMEA baud rate = 4800
** Ship: Bigelow HB2301
** Program:  Spring ECOMON
** Chief Scientist:Jerry Prezioso
# nquan = 6
# nvalues = 1973                        
# units = specified
# name 0 = depSM: Depth [salt water, m]
# name 1 = t090C: Temperature [ITS-90, deg C]
# name 2 = c0S/m: Conductivity [S/m]
# name 3 = sal00: Salinity, Practical [PSU]
# name 4 = scan: Scan Count
# name 5 = flag: flag
# span 0 =      1.000,    988.000       
# span 1 =     4.4610,    22.5624       
# span 2 =   3.338820,   5.181617       
# span 3 =    33.5712,    35.9855       
# span 4 =       -270,      82594       
# span 5 = 0.0000e+00, 0.0000e+00       
# interval = meters: 1                  
# start_time = Jun 24 2023 07:40:28 [NMEA time, header]
# bad_flag = -9.990e-29
*END*
[from data line 1911]
     62.000    10.8260   3.794525    34.0405      73907 0.0000e+00
     61.000    10.5794   3.764360    33.9684      73960 0.0000e+00
     60.000    10.8817   3.793148    33.9762      73997 0.0000e+00
     59.000    10.1997   3.705675    33.7294      74017 0.0000e+00
     58.000     9.6544   3.642809    33.5984      74038 0.0000e+00
     57.000     9.5773   3.633080    33.5712      74082 0.0000e+00
     56.000    10.4460   3.720361    33.6522      74145 0.0000e+00
     55.000    10.8594   3.762834    33.6962      74166 0.0000e+00
     54.000    12.3638   3.933519    33.9939      74186 0.0000e+00
     53.000    13.4510   4.052312    34.1484      74205 0.0000e+00
     52.000    13.5910   4.067803    34.1690      74238 0.0000e+00
     51.000    13.8114   4.097908    34.2542      74320 0.0000e+00
     50.000    14.6167   4.191813    34.4070      74336 0.0000e+00
     49.000    14.6578   4.191331    34.3665      74355 0.0000e+00
     48.000    14.7790   4.208165    34.4137      74379 0.0000e+00
     47.000    15.1672   4.255060    34.4985      74427 0.0000e+00
     46.000    15.3896   4.282416    34.5504      74474 0.0000e+00
     45.000    15.3624   4.274485    34.5031      74501 0.0000e+00
     44.000    15.3037   4.265785    34.4765      74526 0.0000e+00
     43.000    15.1556   4.245006    34.4191      74561 0.0000e+00
     42.000    15.0907   4.235407    34.3895      74609 0.0000e+00
     41.000    15.5938   4.300822    34.5381      74639 0.0000e+00
     40.000    16.2494   4.380130    34.6732      74667 0.0000e+00
     39.000    16.5322   4.413231    34.7201      74708 0.0000e+00
     38.000    16.9625   4.463720    34.7899      74749 0.0000e+00
     37.000    17.1389   4.483247    34.8078      74773 0.0000e+00
     36.000    17.9800   4.592656    35.0254      74801 0.0000e+00
     35.000    19.3258   4.770675    35.3779      74878 0.0000e+00
     34.000    20.8229   4.975154    35.7983      77057 0.0000e+00
     33.000    20.3460   4.900414    35.5863      79430 0.0000e+00
     32.000    20.5617   4.924461    35.6009      79492 0.0000e+00
     31.000    21.1883   4.999457    35.6819      79515 0.0000e+00
     30.000    21.2591   5.004730    35.6655      79544 0.0000e+00
     29.000    21.0646   4.972631    35.5704      79579 0.0000e+00
     28.000    20.9593   4.952489    35.4965      79615 0.0000e+00
     27.000    21.1874   4.982347    35.5469      79642 0.0000e+00
     26.000    21.4546   5.015299    35.5889      79663 0.0000e+00
     25.000    21.9355   5.074277    35.6597      79681 0.0000e+00
     24.000    22.3507   5.127055    35.7333      79701 0.0000e+00
     23.000    22.5553   5.143101    35.6914      79736 0.0000e+00
     22.000    22.3905   5.112470    35.5873      79780 0.0000e+00
     21.000    22.3405   5.105174    35.5714      79802 0.0000e+00
     20.000    22.3096   5.099913    35.5558      79821 0.0000e+00
     19.000    22.2502   5.090120    35.5280      79844 0.0000e+00
     18.000    22.2213   5.084397    35.5070      79880 0.0000e+00
     17.000    22.2091   5.080324    35.4853      79925 0.0000e+00
     16.000    22.1867   5.071648    35.4359      79951 0.0000e+00
     15.000    22.2712   5.080763    35.4388      79975 0.0000e+00
     14.000    22.3105   5.085573    35.4447      80011 0.0000e+00
     13.000    22.3369   5.089187    35.4519      80056 0.0000e+00
     12.000    22.3589   5.091747    35.4543      80089 0.0000e+00
     11.000    22.3454   5.088491    35.4402      80127 0.0000e+00
     10.000    22.3572   5.088342    35.4298      80174 0.0000e+00
      9.000    22.4182   5.088194    35.3792      80216 0.0000e+00
      8.000    22.3565   5.069538    35.2838      80259 0.0000e+00
      7.000    22.3156   5.061010    35.2506      80298 0.0000e+00
      6.000    22.3143   5.060735    35.2499      80337 0.0000e+00
      5.000    22.3147   5.060989    35.2519      80419 0.0000e+00
      4.000    22.3228   5.062784    35.2597      80450 0.0000e+00
      3.000    22.3107   5.061274    35.2581      81652 0.0000e+00
      2.000    22.3121   5.061819    35.2615      82438 0.0000e+00
      1.000    22.3192   5.062892    35.2645      82594 0.0000e+00
