HB2302/ctd005.cnv
* Sea-Bird SBE 9 Data File:
* FileName = C:\cruise\data\ctd005.hex
* Software Version Seasave V 7.26.7.121
* Temperature SN = 6664
* Conductivity SN = 6035
* Number of Bytes Per Scan = 37
* Number of Voltage Words = 4
* Number of Scans Averaged by the Deck Unit = 1
* NMEA Latitude = 39 02.58 N
* NMEA Longitude = 072 44.70 W
* NMEA UTC (Time) = Jun 10 2023  17:49:44
* NMEA baud rate = 4800
** Ship: Bigelow HB2301
** Program:  Spring ECOMON
** Chief Scientist:Jerry Prezioso
# nquan = 6
# nvalues = 533                         
# units = specified
# name 0 = depSM: Depth [salt water, m]
# name 1 = t090C: Temperature [ITS-90, deg C]
# name 2 = c0S/m: Conductivity [S/m]
# name 3 = sal00: Salinity, Practical [PSU]
# name 4 = scan: Scan Count
# name 5 = flag: flag
# span 0 =      1.000,    268.000       
# span 1 =    10.7346,    16.9436       
# span 2 =   3.771008,   4.435841       
# span 3 =    33.8895,    35.7467       
# span 4 =        167,      22921       
# span 5 = 0.0000e+00, 0.0000e+00       
# interval = meters: 1                  
# start_time = Jun 10 2023 17:49:44 [NMEA time, header]
# bad_flag = -9.990e-29
*END*
      3.000    16.4612   4.355789    34.2895        167 0.0000e+00
      4.000    16.4635   4.354454    34.2754        328 0.0000e+00
      5.000    16.4671   4.354192    34.2696        352 0.0000e+00
      6.000    16.4638   4.353751    34.2682        409 0.0000e+00
      7.000    16.4876   4.362791    34.3269        434 0.0000e+00
      8.000    16.6028   4.381379    34.3909        472 0.0000e+00
      9.000    16.7748   4.407806    34.4743        526 0.0000e+00
     10.000    16.8859   4.425156    34.5301        560 0.0000e+00
     11.000    16.9436   4.434903    34.5652        661 0.0000e+00
     12.000    16.9406   4.435841    34.5756        758 0.0000e+00
     13.000    16.8904   4.429829    34.5659        795 0.0000e+00
     14.000    16.8176   4.420589    34.5474        824 0.0000e+00
     15.000    16.6210   4.395312    34.4949        849 0.0000e+00
     16.000    16.4459   4.373353    34.4524        875 0.0000e+00
     17.000    16.3466   4.361066    34.4294        904 0.0000e+00
     18.000    16.2133   4.344218    34.3952        934 0.0000e+00
     19.000    15.9593   4.312399    34.3322        959 0.0000e+00
     20.000    15.2084   4.225421    34.2044        981 0.0000e+00
     21.000    14.9235   4.200659    34.2289       1003 0.0000e+00
     22.000    14.8527   4.195297    34.2418       1032 0.0000e+00
     23.000    14.7719   4.188474    34.2503       1064 0.0000e+00
     24.000    14.7786   4.190024    34.2582       1088 0.0000e+00
     25.000    14.7914   4.192280    34.2671       1109 0.0000e+00
     26.000    14.7176   4.184473    34.2603       1136 0.0000e+00
     27.000    14.5810   4.169352    34.2419       1169 0.0000e+00
     28.000    14.3803   4.149051    34.2322       1196 0.0000e+00
     29.000    14.3117   4.144646    34.2519       1218 0.0000e+00
     30.000    14.3592   4.154835    34.3034       1242 0.0000e+00
     31.000    14.3708   4.157209    34.3147       1271 0.0000e+00
     32.000    14.3561   4.155449    34.3110       1300 0.0000e+00
     33.000    14.2896   4.148107    34.3019       1322 0.0000e+00
     34.000    14.2601   4.144871    34.2978       1344 0.0000e+00
     35.000    14.2495   4.143623    34.2953       1368 0.0000e+00
     36.000    14.2099   4.139309    34.2902       1400 0.0000e+00
     37.000    14.1676   4.134959    34.2870       1430 0.0000e+00
     38.000    14.1245   4.130668    34.2852       1455 0.0000e+00
     39.000    14.0846   4.126851    34.2850       1478 0.0000e+00
     40.000    14.0725   4.125702    34.2846       1504 0.0000e+00
     41.000    14.0818   4.127717    34.2947       1530 0.0000e+00
     42.000    14.1953   4.142925    34.3341       1557 0.0000e+00
     43.000    14.3541   4.164851    34.3950       1583 0.0000e+00
     44.000    14.2838   4.160723    34.4191       1609 0.0000e+00
     45.000    14.0542   4.135687    34.3916       1635 0.0000e+00
     46.000    13.7628   4.101998    34.3380       1661 0.0000e+00
     47.000    13.4637   4.067492    34.2825       1687 0.0000e+00
     48.000    13.3552   4.056736    34.2783       1712 0.0000e+00
     49.000    13.4558   4.069802    34.3105       1736 0.0000e+00
     50.000    13.2540   4.047526    34.2809       1762 0.0000e+00
     51.000    12.3168   3.946678    34.1673       1792 0.0000e+00
     52.000    12.3092   3.947766    34.1846       1822 0.0000e+00
     53.000    12.4007   3.959069    34.2097       1848 0.0000e+00
     54.000    12.4172   3.961052    34.2134       1873 0.0000e+00
     55.000    12.4300   3.962531    34.2155       1895 0.0000e+00
     56.000    12.4437   3.964282    34.2195       1920 0.0000e+00
     57.000    12.4710   3.968065    34.2306       1949 0.0000e+00
     58.000    12.4647   3.967441    34.2299       1977 0.0000e+00
     59.000    12.3165   3.949774    34.1941       1998 0.0000e+00
     60.000    11.9339   3.907585    34.1343       2019 0.0000e+00
     61.000    11.6130   3.870775    34.0686       2050 0.0000e+00
     62.000    11.2608   3.830613    33.9969       2089 0.0000e+00
     63.000    11.0069   3.802688    33.9539       2113 0.0000e+00
     64.000    10.7996   3.782150    33.9408       2133 0.0000e+00
     65.000    10.9094   3.795547    33.9722       2155 0.0000e+00
     66.000    10.9933   3.806899    34.0071       2182 0.0000e+00
     67.000    11.1302   3.825876    34.0685       2213 0.0000e+00
     68.000    11.3078   3.849683    34.1394       2241 0.0000e+00
     69.000    11.4338   3.866925    34.1927       2266 0.0000e+00
     70.000    11.4724   3.872172    34.2082       2290 0.0000e+00
     71.000    11.5404   3.880542    34.2272       2314 0.0000e+00
     72.000    11.5550   3.882414    34.2317       2341 0.0000e+00
     73.000    11.5970   3.888874    34.2560       2373 0.0000e+00
     74.000    11.6130   3.891545    34.2670       2404 0.0000e+00
     75.000    11.6104   3.891744    34.2708       2430 0.0000e+00
     76.000    11.6021   3.891356    34.2743       2454 0.0000e+00
     77.000    11.5963   3.890929    34.2751       2479 0.0000e+00
     78.000    11.5903   3.890649    34.2774       2505 0.0000e+00
     79.000    11.5827   3.891676    34.2941       2529 0.0000e+00
     80.000    11.5646   3.891178    34.3055       2553 0.0000e+00
     81.000    11.5516   3.891032    34.3156       2582 0.0000e+00
     82.000    11.5813   3.895864    34.3352       2610 0.0000e+00
     83.000    11.6545   3.906982    34.3762       2634 0.0000e+00
     84.000    11.6816   3.910879    34.3888       2661 0.0000e+00
     85.000    11.7008   3.913648    34.3977       2697 0.0000e+00
     86.000    11.7190   3.916228    34.4057       2726 0.0000e+00
     87.000    11.7256   3.917218    34.4089       2747 0.0000e+00
     88.000    11.7295   3.917854    34.4110       2767 0.0000e+00
     89.000    11.7424   3.919876    34.4185       2794 0.0000e+00
     90.000    11.7591   3.922558    34.4289       2831 0.0000e+00
     91.000    11.7876   3.927167    34.4471       2857 0.0000e+00
     92.000    11.9192   3.946676    34.5152       2877 0.0000e+00
     93.000    12.0294   3.962518    34.5672       2896 0.0000e+00
     94.000    12.1182   3.976858    34.6240       2920 0.0000e+00
     95.000    12.1538   3.983643    34.6564       2953 0.0000e+00
     96.000    12.1388   3.984453    34.6778       2988 0.0000e+00
     97.000    12.1665   3.990247    34.7079       3014 0.0000e+00
     98.000    12.2306   3.998934    34.7323       3038 0.0000e+00
     99.000    12.2475   4.001243    34.7385       3066 0.0000e+00
    100.000    12.2463   4.001347    34.7402       3097 0.0000e+00
    101.000    12.2513   4.003009    34.7512       3120 0.0000e+00
    102.000    12.3774   4.021278    34.8106       3140 0.0000e+00
    103.000    12.7629   4.071571    34.9368       3160 0.0000e+00
    104.000    13.0783   4.110580    35.0174       3187 0.0000e+00
    105.000    13.1740   4.123198    35.0487       3223 0.0000e+00
    106.000    13.2790   4.137451    35.0866       3251 0.0000e+00
    107.000    13.3846   4.151640    35.1231       3273 0.0000e+00
    108.000    13.4757   4.163909    35.1547       3300 0.0000e+00
    109.000    13.6226   4.183662    35.2050       3336 0.0000e+00
    110.000    13.6630   4.189529    35.2226       3363 0.0000e+00
    111.000    13.6872   4.192992    35.2325       3382 0.0000e+00
    112.000    13.7096   4.196344    35.2429       3403 0.0000e+00
    113.000    13.7720   4.206425    35.2797       3433 0.0000e+00
    114.000    13.8613   4.222232    35.3452       3467 0.0000e+00
    115.000    13.7824   4.213617    35.3367       3490 0.0000e+00
    116.000    13.6932   4.203388    35.3225       3509 0.0000e+00
    117.000    13.6403   4.197535    35.3160       3531 0.0000e+00
    118.000    13.6094   4.194259    35.3132       3565 0.0000e+00
    119.000    13.6117   4.196214    35.3290       3605 0.0000e+00
    120.000    13.6995   4.210620    35.3830       3627 0.0000e+00
    121.000    13.7940   4.223601    35.4172       3646 0.0000e+00
    122.000    13.8049   4.225721    35.4265       3670 0.0000e+00
    123.000    13.8238   4.228886    35.4383       3708 0.0000e+00
    124.000    13.8759   4.236024    35.4567       3737 0.0000e+00
    125.000    13.9524   4.246055    35.4794       3756 0.0000e+00
    126.000    14.0026   4.252847    35.4962       3774 0.0000e+00
    127.000    14.0776   4.263687    35.5276       3794 0.0000e+00
    128.000    14.1019   4.268553    35.5502       3825 0.0000e+00
    129.000    14.1035   4.269851    35.5604       3865 0.0000e+00
    130.000    14.0841   4.268276    35.5632       3893 0.0000e+00
    131.000    14.0770   4.270696    35.5919       3916 0.0000e+00
    132.000    14.1198   4.279786    35.6367       3939 0.0000e+00
    133.000    14.1227   4.281674    35.6512       3966 0.0000e+00
    134.000    14.1213   4.281988    35.6550       3997 0.0000e+00
    135.000    14.1232   4.282527    35.6578       4022 0.0000e+00
    136.000    14.1244   4.282817    35.6589       4044 0.0000e+00
    137.000    14.1129   4.281672    35.6585       4066 0.0000e+00
    138.000    14.1132   4.281904    35.6600       4095 0.0000e+00
    139.000    14.1169   4.282702    35.6636       4127 0.0000e+00
    140.000    14.1400   4.285934    35.6719       4152 0.0000e+00
    141.000    14.1744   4.290304    35.6804       4176 0.0000e+00
    142.000    14.1995   4.293700    35.6883       4203 0.0000e+00
    143.000    14.2049   4.294859    35.6937       4235 0.0000e+00
    144.000    14.1955   4.294044    35.6943       4265 0.0000e+00
    145.000    14.1965   4.294343    35.6958       4290 0.0000e+00
    146.000    14.2015   4.295153    35.6983       4314 0.0000e+00
    147.000    14.2003   4.295236    35.6998       4338 0.0000e+00
    148.000    14.1702   4.292294    35.6998       4362 0.0000e+00
    149.000    14.1369   4.288523    35.6951       4388 0.0000e+00
    150.000    14.1161   4.286244    35.6927       4413 0.0000e+00
    151.000    14.1093   4.285624    35.6928       4440 0.0000e+00
    152.000    14.1061   4.285431    35.6936       4471 0.0000e+00
    153.000    14.1036   4.285354    35.6947       4504 0.0000e+00
    154.000    14.0989   4.285181    35.6970       4531 0.0000e+00
    155.000    14.0989   4.285806    35.7024       4555 0.0000e+00
    156.000    14.0994   4.286135    35.7046       4579 0.0000e+00
    157.000    14.1000   4.286695    35.7088       4606 0.0000e+00
    158.000    14.0987   4.287273    35.7150       4631 0.0000e+00
    159.000    14.0937   4.287750    35.7237       4655 0.0000e+00
    160.000    14.0942   4.288440    35.7292       4681 0.0000e+00
    161.000    14.0789   4.287348    35.7328       4711 0.0000e+00
    162.000    14.0788   4.287893    35.7376       4738 0.0000e+00
    163.000    14.0762   4.287948    35.7401       4762 0.0000e+00
    164.000    14.0460   4.285361    35.7435       4789 0.0000e+00
    165.000    14.0231   4.283470    35.7467       4824 0.0000e+00
    166.000    14.0235   4.283460    35.7458       4852 0.0000e+00
    167.000    13.9788   4.278497    35.7406       4874 0.0000e+00
    168.000    13.9002   4.270176    35.7354       4895 0.0000e+00
    169.000    13.8185   4.260810    35.7232       4921 0.0000e+00
    170.000    13.7308   4.250606    35.7086       4953 0.0000e+00
    171.000    13.6322   4.239128    35.6921       4979 0.0000e+00
    172.000    13.5873   4.234107    35.6863       5002 0.0000e+00
    173.000    13.5656   4.231705    35.6834       5028 0.0000e+00
    174.000    13.5545   4.230307    35.6802       5057 0.0000e+00
    175.000    13.5080   4.225314    35.6761       5084 0.0000e+00
    176.000    13.4992   4.224424    35.6754       5109 0.0000e+00
    177.000    13.4924   4.223698    35.6744       5135 0.0000e+00
    178.000    13.4884   4.223240    35.6735       5165 0.0000e+00
    179.000    13.4913   4.223621    35.6739       5194 0.0000e+00
    180.000    13.4846   4.222883    35.6728       5220 0.0000e+00
    181.000    13.4553   4.219625    35.6689       5246 0.0000e+00
    182.000    13.4434   4.218293    35.6670       5271 0.0000e+00
    183.000    13.4119   4.214804    35.6630       5295 0.0000e+00
    184.000    13.3983   4.213288    35.6610       5316 0.0000e+00
    185.000    13.3629   4.209231    35.6552       5339 0.0000e+00
    186.000    13.3202   4.204460    35.6495       5371 0.0000e+00
    187.000    13.2980   4.201927    35.6458       5405 0.0000e+00
    188.000    13.2938   4.201401    35.6444       5433 0.0000e+00
    189.000    13.2693   4.198613    35.6404       5458 0.0000e+00
    190.000    13.2605   4.197739    35.6399       5482 0.0000e+00
    191.000    13.2334   4.194818    35.6371       5509 0.0000e+00
    192.000    13.1909   4.190307    35.6337       5538 0.0000e+00
    193.000    13.1500   4.186028    35.6309       5563 0.0000e+00
    194.000    13.1047   4.181171    35.6266       5584 0.0000e+00
    195.000    13.0373   4.174131    35.6224       5607 0.0000e+00
    196.000    12.9971   4.169830    35.6187       5639 0.0000e+00
    197.000    12.9773   4.167612    35.6156       5671 0.0000e+00
    198.000    12.9477   4.164310    35.6114       5693 0.0000e+00
    199.000    12.9089   4.160128    35.6075       5714 0.0000e+00
    200.000    12.8373   4.152737    35.6037       5744 0.0000e+00
    201.000    12.7519   4.143601    35.5960       5787 0.0000e+00
    202.000    12.7438   4.142825    35.5958       5809 0.0000e+00
    203.000    12.7440   4.142637    35.5934       5827 0.0000e+00
    204.000    12.6009   4.127065    35.5781       5847 0.0000e+00
    205.000    12.4608   4.112873    35.5731       5876 0.0000e+00
    206.000    12.3623   4.102204    35.5628       5910 0.0000e+00
    207.000    12.3058   4.096232    35.5579       5936 0.0000e+00
    208.000    12.3019   4.095784    35.5568       5959 0.0000e+00
    209.000    12.3018   4.095680    35.5554       5985 0.0000e+00
    210.000    12.3030   4.095784    35.5549       6012 0.0000e+00
    211.000    12.2711   4.092342    35.5513       6040 0.0000e+00
    212.000    12.2338   4.088443    35.5484       6070 0.0000e+00
    213.000    12.2471   4.089767    35.5482       6101 0.0000e+00
    214.000    12.2220   4.087081    35.5454       6128 0.0000e+00
    215.000    12.1789   4.082504    35.5414       6152 0.0000e+00
    216.000    12.1517   4.079876    35.5413       6175 0.0000e+00
    217.000    12.1683   4.081493    35.5408       6197 0.0000e+00
    218.000    12.1525   4.079862    35.5394       6221 0.0000e+00
    219.000    12.1144   4.075856    35.5362       6251 0.0000e+00
    220.000    12.1370   4.078268    35.5378       6286 0.0000e+00
    221.000    12.1410   4.078595    35.5367       6311 0.0000e+00
    222.000    12.1649   4.081234    35.5393       6333 0.0000e+00
    223.000    12.1301   4.077556    35.5360       6358 0.0000e+00
    224.000    12.1081   4.075147    35.5331       6389 0.0000e+00
    225.000    12.0495   4.069050    35.5288       6420 0.0000e+00
    226.000    12.0627   4.070320    35.5282       6448 0.0000e+00
    227.000    11.7967   4.042347    35.5074       6473 0.0000e+00
    228.000    11.7445   4.036984    35.5042       6496 0.0000e+00
    229.000    11.7315   4.035459    35.5011       6520 0.0000e+00
    230.000    11.7174   4.033898    35.4989       6548 0.0000e+00
    231.000    11.7107   4.033122    35.4972       6578 0.0000e+00
    232.000    11.6835   4.030208    35.4941       6604 0.0000e+00
    233.000    11.6762   4.029456    35.4931       6626 0.0000e+00
    234.000    11.6754   4.029366    35.4926       6648 0.0000e+00
    235.000    11.6743   4.029193    35.4916       6680 0.0000e+00
    236.000    11.6679   4.028507    35.4904       6714 0.0000e+00
    237.000    11.6593   4.027613    35.4894       6740 0.0000e+00
    238.000    11.6467   4.026284    35.4880       6764 0.0000e+00
    239.000    11.6365   4.025198    35.4865       6788 0.0000e+00
    240.000    11.6111   4.022559    35.4843       6814 0.0000e+00
