HB2302/ctd039.cnv
* Sea-Bird SBE 9 Data File:
* FileName = C:\cruise\data\ctd039.hex
* Software Version Seasave V 7.26.7.121
* Temperature SN = 6664
* Conductivity SN = 6035
* Number of Bytes Per Scan = 37
* Number of Voltage Words = 4
* Number of Scans Averaged by the Deck Unit = 1
* NMEA Latitude = 40 19.15 N
* NMEA Longitude = 068 58.03 W
* NMEA UTC (Time) = Jun 24 2023  18:41:13
* NMEA baud rate = 4800
** Ship: Bigelow HB2301
** Program:  Spring ECOMON
** Chief Scientist:Jerry Prezioso
# nquan = 6
# nvalues = 181                         
# units = specified
# name 0 = depSM: Depth [salt water, m]
# name 1 = t090C: Temperature [ITS-90, deg C]
# name 2 = c0S/m: Conductivity [S/m]
# name 3 = sal00: Salinity, Practical [PSU]
# name 4 = scan: Scan Count
# name 5 = flag: flag
# span 0 =      1.000,     92.000       
# span 1 =     7.6821,    15.8605       
# span 2 =   3.419126,   4.093082       
# span 3 =    32.2796,    33.6343       
# span 4 =        288,      15046       
# span 5 = 0.0000e+00, 0.0000e+00       
# interval = meters: 1                  
# start_time = Jun 24 2023 18:41:13 [NMEA time, header]
# bad_flag = -9.990e-29
*END*
      3.000    15.5230   4.057146    32.4326        288 0.0000e+00
      4.000    15.6561   4.071136    32.4473        608 0.0000e+00
      5.000    15.7129   4.077020    32.4526        665 0.0000e+00
      6.000    15.5875   4.064173    32.4411        695 0.0000e+00
      7.000    15.3194   4.036510    32.4144        723 0.0000e+00
      8.000    14.7607   3.985411    32.4172        749 0.0000e+00
      9.000    14.7089   3.982712    32.4355        772 0.0000e+00
     10.000    14.6494   3.976983    32.4327        796 0.0000e+00
     11.000    14.6094   3.974401    32.4422        824 0.0000e+00
     12.000    14.4799   3.963564    32.4514        857 0.0000e+00
     13.000    14.2694   3.941687    32.4272        886 0.0000e+00
     14.000    13.7295   3.888891    32.3947        911 0.0000e+00
     15.000    13.2914   3.847057    32.3757        934 0.0000e+00
     16.000    12.9189   3.809217    32.3369        961 0.0000e+00
     17.000    12.7267   3.790238    32.3213        988 0.0000e+00
     18.000    12.6412   3.782228    32.3180       1015 0.0000e+00
     19.000    12.5596   3.775016    32.3190       1044 0.0000e+00
     20.000    12.3915   3.759925    32.3191       1075 0.0000e+00
     21.000    11.7718   3.709951    32.3738       1108 0.0000e+00
     22.000    11.3267   3.675214    32.4237       1135 0.0000e+00
     23.000    11.0002   3.649341    32.4562       1156 0.0000e+00
     24.000    10.6507   3.621300    32.4872       1178 0.0000e+00
     25.000    10.4735   3.606811    32.4999       1214 0.0000e+00
     26.000    10.2597   3.588420    32.5059       1255 0.0000e+00
     27.000    10.0899   3.576148    32.5341       1278 0.0000e+00
     28.000     9.9125   3.562381    32.5538       1299 0.0000e+00
     29.000     9.7849   3.551881    32.5618       1324 0.0000e+00
     30.000     9.6450   3.541838    32.5857       1354 0.0000e+00
     31.000     9.4287   3.525497    32.6142       1387 0.0000e+00
     32.000     9.2558   3.512606    32.6388       1418 0.0000e+00
     33.000     9.1734   3.506406    32.6497       1447 0.0000e+00
     34.000     9.0990   3.501089    32.6624       1473 0.0000e+00
     35.000     9.0242   3.496024    32.6780       1499 0.0000e+00
     36.000     9.0047   3.498618    32.7224       1527 0.0000e+00
     37.000     8.9421   3.494874    32.7408       1559 0.0000e+00
     38.000     8.8466   3.486551    32.7416       1595 0.0000e+00
     39.000     8.7962   3.482765    32.7482       1626 0.0000e+00
     40.000     8.7370   3.478535    32.7583       1649 0.0000e+00
     41.000     8.6902   3.475951    32.7741       1671 0.0000e+00
     42.000     8.6007   3.470535    32.7999       1701 0.0000e+00
     43.000     8.5199   3.466728    32.8344       1745 0.0000e+00
     44.000     8.5131   3.467567    32.8491       1772 0.0000e+00
     45.000     8.5100   3.467874    32.8548       1793 0.0000e+00
     46.000     8.5045   3.468103    32.8619       1814 0.0000e+00
     47.000     8.4943   3.468129    32.8712       1842 0.0000e+00
     48.000     8.4791   3.468528    32.8891       1883 0.0000e+00
     49.000     8.4623   3.468599    32.9050       1918 0.0000e+00
     50.000     8.4127   3.467640    32.9409       1941 0.0000e+00
     51.000     8.3704   3.465868    32.9613       1962 0.0000e+00
     52.000     8.3424   3.464271    32.9701       1987 0.0000e+00
     53.000     8.3246   3.464015    32.9836       2024 0.0000e+00
     54.000     8.2990   3.462797    32.9943       2061 0.0000e+00
     55.000     8.2407   3.457673    32.9942       2084 0.0000e+00
     56.000     8.1328   3.450126    33.0152       2104 0.0000e+00
     57.000     8.0674   3.446151    33.0341       2124 0.0000e+00
     58.000     8.0263   3.443675    33.0460       2152 0.0000e+00
     59.000     7.9767   3.441210    33.0661       2203 0.0000e+00
     60.000     7.9098   3.437384    33.0881       2235 0.0000e+00
     61.000     7.8776   3.435261    33.0954       2256 0.0000e+00
     62.000     7.8629   3.434051    33.0959       2274 0.0000e+00
     63.000     7.8140   3.429959    33.0979       2296 0.0000e+00
     64.000     7.6993   3.419994    33.0995       2328 0.0000e+00
     65.000     7.6821   3.419126    33.1061       2373 0.0000e+00
     66.000     7.7177   3.424013    33.1242       2401 0.0000e+00
     67.000     7.8221   3.438301    33.1777       2424 0.0000e+00
     68.000     8.0088   3.461422    33.2470       2447 0.0000e+00
     69.000     8.2766   3.492792    33.3260       2473 0.0000e+00
     70.000     8.4156   3.509057    33.3661       2505 0.0000e+00
     71.000     8.4698   3.516368    33.3915       2538 0.0000e+00
     72.000     8.4739   3.517721    33.4014       2566 0.0000e+00
     73.000     8.5325   3.524683    33.4189       2591 0.0000e+00
     74.000     8.5280   3.526053    33.4371       2616 0.0000e+00
     75.000     8.5764   3.533889    33.4733       2644 0.0000e+00
     76.000     8.6826   3.549058    33.5318       2674 0.0000e+00
     77.000     8.7233   3.555064    33.5558       2707 0.0000e+00
     78.000     8.7464   3.558778    33.5724       2737 0.0000e+00
     79.000     8.7605   3.560998    33.5818       2763 0.0000e+00
     80.000     8.7825   3.564558    33.5978       2786 0.0000e+00
     81.000     8.8039   3.568145    33.6147       2808 0.0000e+00
     82.000     8.8178   3.570397    33.6247       2835 0.0000e+00
     83.000     8.8214   3.571109    33.6282       2876 0.0000e+00
     84.000     8.8226   3.571371    33.6293       2910 0.0000e+00
     85.000     8.8214   3.571197    33.6282       2932 0.0000e+00
     86.000     8.8219   3.571359    33.6289       2952 0.0000e+00
     87.000     8.8225   3.571518    33.6296       2975 0.0000e+00
     88.000     8.8225   3.571531    33.6293       3010 0.0000e+00
     89.000     8.8207   3.571310    33.6282       3046 0.0000e+00
     90.000     8.8203   3.571505    33.6301       3291 0.0000e+00
     91.000     8.8207   3.571775    33.6321       4391 0.0000e+00
     92.000     8.8258   3.572394    33.6333       4791 0.0000e+00
     91.000     8.8202   3.571694    33.6318       4839 0.0000e+00
     90.000     8.8211   3.571680    33.6312       5005 0.0000e+00
     89.000     8.8209   3.571722    33.6323       5034 0.0000e+00
     88.000     8.8225   3.571923    33.6333       5056 0.0000e+00
     87.000     8.8257   3.572260    33.6343       5075 0.0000e+00
     86.000     8.8261   3.572236    33.6342       5095 0.0000e+00
     85.000     8.8262   3.572164    33.6338       5121 0.0000e+00
     84.000     8.8256   3.572008    33.6331       5155 0.0000e+00
     83.000     8.8229   3.571488    33.6308       5185 0.0000e+00
     82.000     8.8214   3.571241    33.6300       5210 0.0000e+00
     81.000     8.8206   3.571061    33.6294       5232 0.0000e+00
     80.000     8.8175   3.570452    33.6265       5253 0.0000e+00
     79.000     8.8054   3.568372    33.6166       5279 0.0000e+00
     78.000     8.7559   3.560467    33.5811       5312 0.0000e+00
     77.000     8.7328   3.556873    33.5658       5343 0.0000e+00
     76.000     8.6492   3.543608    33.5061       5368 0.0000e+00
     75.000     8.5676   3.532847    33.4707       5391 0.0000e+00
     74.000     8.5211   3.525961    33.4427       5414 0.0000e+00
     73.000     8.5190   3.524323    33.4279       5440 0.0000e+00
     72.000     8.5058   3.521537    33.4115       5470 0.0000e+00
     71.000     8.4584   3.515643    33.3947       5498 0.0000e+00
     70.000     8.3921   3.506668    33.3631       5521 0.0000e+00
     69.000     8.2950   3.494435    33.3261       5544 0.0000e+00
     68.000     8.0472   3.466236    33.2619       5571 0.0000e+00
     67.000     7.8830   3.445526    33.1972       5603 0.0000e+00
     66.000     7.7585   3.429187    33.1410       5631 0.0000e+00
     65.000     7.6928   3.420405    33.1096       5655 0.0000e+00
     64.000     7.6855   3.419154    33.1036       5678 0.0000e+00
     63.000     7.7521   3.425274    33.1065       5702 0.0000e+00
     62.000     7.8381   3.432215    33.0997       5728 0.0000e+00
     61.000     7.8680   3.434272    33.0939       5756 0.0000e+00
     60.000     7.9163   3.437235    33.0803       5786 0.0000e+00
     59.000     7.9421   3.438623    33.0712       5810 0.0000e+00
     58.000     7.9954   3.441428    33.0512       5830 0.0000e+00
     57.000     8.0574   3.444827    33.0294       5852 0.0000e+00
     56.000     8.1241   3.448751    33.0088       5881 0.0000e+00
     55.000     8.2369   3.456300    32.9833       5916 0.0000e+00
     54.000     8.2757   3.459367    32.9798       5941 0.0000e+00
     53.000     8.3025   3.461299    32.9757       5960 0.0000e+00
     52.000     8.3041   3.460639    32.9676       5978 0.0000e+00
     51.000     8.3323   3.462284    32.9591       5998 0.0000e+00
     50.000     8.3970   3.465318    32.9310       6029 0.0000e+00
     49.000     8.4589   3.466977    32.8912       6079 0.0000e+00
     48.000     8.4724   3.466910    32.8783       6103 0.0000e+00
     47.000     8.4803   3.466606    32.8682       6118 0.0000e+00
     46.000     8.4918   3.466502    32.8568       6132 0.0000e+00
     45.000     8.5007   3.466332    32.8472       6147 0.0000e+00
     44.000     8.5070   3.465737    32.8356       6166 0.0000e+00
     43.000     8.5085   3.464743    32.8242       6273 0.0000e+00
     42.000     8.5067   3.464939    32.8284       9127 0.0000e+00
     41.000     8.5493   3.465934    32.7997       9216 0.0000e+00
     40.000     8.6852   3.477292    32.7931       9241 0.0000e+00
     39.000     8.7895   3.483673    32.7638       9275 0.0000e+00
     38.000     8.8264   3.485548    32.7498       9313 0.0000e+00
     37.000     8.8691   3.488972    32.7466       9339 0.0000e+00
     36.000     9.0295   3.500792    32.7222       9363 0.0000e+00
     35.000     9.0746   3.500848    32.6818       9395 0.0000e+00
     34.000     9.1097   3.500937    32.6509       9432 0.0000e+00
     33.000     9.1969   3.505946    32.6234       9463 0.0000e+00
     32.000     9.2841   3.511836    32.6050       9493 0.0000e+00
     31.000     9.3778   3.518754    32.5913       9526 0.0000e+00
     30.000     9.6007   3.535649    32.5625       9558 0.0000e+00
     29.000     9.7722   3.547322    32.5269       9585 0.0000e+00
     28.000     9.8730   3.555154    32.5161       9610 0.0000e+00
     27.000    10.0851   3.571329    32.4896       9641 0.0000e+00
     26.000    10.3796   3.594370    32.4585       9689 0.0000e+00
     25.000    10.4275   3.598703    32.4597       9731 0.0000e+00
     24.000    10.6508   3.618102    32.4552       9760 0.0000e+00
     23.000    11.0368   3.647608    32.4067       9782 0.0000e+00
     22.000    11.3944   3.676685    32.3787       9802 0.0000e+00
     21.000    11.9201   3.718535    32.3280       9829 0.0000e+00
     20.000    12.4520   3.761313    32.2804       9907 0.0000e+00
     19.000    12.4429   3.761903    32.2942       9943 0.0000e+00
     18.000    12.5789   3.772579    32.2796       9960 0.0000e+00
     17.000    12.6443   3.778770    32.2829       9977 0.0000e+00
     16.000    12.7607   3.791075    32.3004       9998 0.0000e+00
     15.000    14.0919   3.924955    32.4203      11572 0.0000e+00
     14.000    14.7174   3.990147    32.4938      12248 0.0000e+00
     13.000    14.7533   3.991021    32.4723      12336 0.0000e+00
     12.000    14.7842   3.991821    32.4542      12393 0.0000e+00
     11.000    14.7933   3.991762    32.4464      12472 0.0000e+00
     10.000    14.7919   3.988648    32.4198      12516 0.0000e+00
      9.000    14.7581   3.981575    32.3842      12580 0.0000e+00
      8.000    14.8711   3.990976    32.3756      12644 0.0000e+00
      7.000    15.6578   4.070834    32.4422      12729 0.0000e+00
      6.000    15.7995   4.085450    32.4558      12784 0.0000e+00
      5.000    15.8518   4.091228    32.4646      12864 0.0000e+00
      4.000    15.8584   4.092684    32.4724      12957 0.0000e+00
      3.000    15.8605   4.093082    32.4745      13487 0.0000e+00
      2.000    15.8424   4.091192    32.4730      15046 0.0000e+00
      1.000    15.8452   4.091439    32.4733      14926 0.0000e+00
