HB2302/ctd018.cnv
* Sea-Bird SBE 9 Data File:
* FileName = C:\cruise\data\ctd018.hex
* Software Version Seasave V 7.26.7.121
* Temperature SN = 6664
* Conductivity SN = 6035
* Number of Bytes Per Scan = 37
* Number of Voltage Words = 4
* Number of Scans Averaged by the Deck Unit = 1
* NMEA Latitude = 40 55.66 N
* NMEA Longitude = 067 41.88 W
* NMEA UTC (Time) = Jun 16 2023  12:23:35
* NMEA baud rate = 4800
** Ship: Bigelow HB2301
** Program:  Spring ECOMON
** Chief Scientist:Jerry Prezioso
# nquan = 6
# nvalues = 119                         
# units = specified
# name 0 = depSM: Depth [salt water, m]
# name 1 = t090C: Temperature [ITS-90, deg C]
# name 2 = c0S/m: Conductivity [S/m]
# name 3 = sal00: Salinity, Practical [PSU]
# name 4 = scan: Scan Count
# name 5 = flag: flag
# span 0 =      1.000,     61.000       
# span 1 =     9.9275,    14.1819       
# span 2 =   3.592058,   3.939250       
# span 3 =    32.4438,    32.8913       
# span 4 =        162,      13735       
# span 5 = 0.0000e+00, 0.0000e+00       
# interval = meters: 1                  
# start_time = Jun 16 2023 12:23:35 [NMEA time, header]
# bad_flag = -9.990e-29
*END*
      3.000    14.1269   3.933987    32.4804        162 0.0000e+00
      4.000    14.1283   3.934217    32.4810        422 0.0000e+00
      5.000    14.1375   3.935099    32.4809        448 0.0000e+00
      6.000    14.1408   3.935456    32.4810        475 0.0000e+00
      7.000    14.1055   3.932385    32.4821        499 0.0000e+00
      8.000    14.0516   3.927920    32.4861        523 0.0000e+00
      9.000    13.9679   3.921024    32.4927        548 0.0000e+00
     10.000    13.6390   3.893169    32.5128        576 0.0000e+00
     11.000    12.8606   3.824783    32.5359        605 0.0000e+00
     12.000    11.2785   3.693134    32.6467        631 0.0000e+00
     13.000    10.1818   3.615890    32.8590        658 0.0000e+00
     14.000    10.0071   3.603452    32.8913        686 0.0000e+00
     15.000     9.9804   3.600900    32.8892        714 0.0000e+00
     16.000     9.9693   3.599722    32.8870        739 0.0000e+00
     17.000     9.9691   3.599524    32.8846        764 0.0000e+00
     18.000     9.9696   3.599404    32.8826        791 0.0000e+00
     19.000     9.9701   3.599328    32.8809        821 0.0000e+00
     20.000     9.9708   3.599247    32.8790        851 0.0000e+00
     21.000     9.9708   3.599104    32.8771        880 0.0000e+00
     22.000     9.9702   3.598947    32.8756        906 0.0000e+00
     23.000     9.9692   3.598816    32.8747        928 0.0000e+00
     24.000     9.9692   3.598745    32.8735        950 0.0000e+00
     25.000     9.9696   3.598718    32.8725        973 0.0000e+00
     26.000     9.9703   3.598693    32.8711       1002 0.0000e+00
     27.000     9.9706   3.598600    32.8695       1039 0.0000e+00
     28.000     9.9708   3.598586    32.8688       1070 0.0000e+00
     29.000     9.9704   3.598539    32.8682       1093 0.0000e+00
     30.000     9.9702   3.598526    32.8678       1113 0.0000e+00
     31.000     9.9701   3.598535    32.8675       1135 0.0000e+00
     32.000     9.9704   3.598527    32.8668       1163 0.0000e+00
     33.000     9.9713   3.598573    32.8660       1197 0.0000e+00
     34.000     9.9701   3.598478    32.8656       1226 0.0000e+00
     35.000     9.9688   3.598376    32.8653       1249 0.0000e+00
     36.000     9.9680   3.598315    32.8649       1272 0.0000e+00
     37.000     9.9683   3.598327    32.8643       1299 0.0000e+00
     38.000     9.9680   3.598296    32.8639       1326 0.0000e+00
     39.000     9.9679   3.598291    32.8634       1354 0.0000e+00
     40.000     9.9689   3.598385    32.8631       1383 0.0000e+00
     41.000     9.9685   3.598359    32.8627       1409 0.0000e+00
     42.000     9.9667   3.598203    32.8623       1433 0.0000e+00
     43.000     9.9608   3.597621    32.8614       1456 0.0000e+00
     44.000     9.9582   3.597348    32.8605       1480 0.0000e+00
     45.000     9.9585   3.597372    32.8601       1513 0.0000e+00
     46.000     9.9583   3.597363    32.8597       1549 0.0000e+00
     47.000     9.9573   3.597319    32.8597       1573 0.0000e+00
     48.000     9.9583   3.597437    32.8595       1592 0.0000e+00
     49.000     9.9583   3.597462    32.8594       1612 0.0000e+00
     50.000     9.9585   3.597511    32.8592       1636 0.0000e+00
     51.000     9.9592   3.597595    32.8590       1669 0.0000e+00
     52.000     9.9590   3.597578    32.8586       1702 0.0000e+00
     53.000     9.9577   3.597476    32.8583       1729 0.0000e+00
     54.000     9.9584   3.597590    32.8584       1754 0.0000e+00
     55.000     9.9588   3.597687    32.8585       1779 0.0000e+00
     56.000     9.9586   3.597680    32.8583       1802 0.0000e+00
     57.000     9.9586   3.597711    32.8581       1825 0.0000e+00
     58.000     9.9576   3.597627    32.8577       1849 0.0000e+00
     59.000     9.9564   3.597488    32.8569       1880 0.0000e+00
     60.000     9.9510   3.596966    32.8561       1944 0.0000e+00
     61.000     9.9436   3.596053    32.8531       3127 0.0000e+00
     60.000     9.9326   3.594965    32.8525       4732 0.0000e+00
     59.000     9.9374   3.595506    32.8541       4668 0.0000e+00
     58.000     9.9351   3.595188    32.8534       4702 0.0000e+00
     57.000     9.9305   3.594694    32.8530       4752 0.0000e+00
     56.000     9.9306   3.594679    32.8532       4795 0.0000e+00
     55.000     9.9285   3.594401    32.8528       4836 0.0000e+00
     54.000     9.9275   3.594272    32.8528       4877 0.0000e+00
     53.000     9.9310   3.594607    32.8535       4914 0.0000e+00
     52.000     9.9361   3.595094    32.8542       4962 0.0000e+00
     51.000     9.9392   3.595324    32.8542       4997 0.0000e+00
     50.000     9.9404   3.595422    32.8545       5028 0.0000e+00
     49.000     9.9414   3.595481    32.8547       5072 0.0000e+00
     48.000     9.9353   3.594831    32.8541       5114 0.0000e+00
     47.000     9.9329   3.594559    32.8539       5149 0.0000e+00
     46.000     9.9396   3.595175    32.8544       5190 0.0000e+00
     45.000     9.9436   3.595515    32.8547       5227 0.0000e+00
     44.000     9.9400   3.595113    32.8544       5266 0.0000e+00
     43.000     9.9454   3.595594    32.8548       5312 0.0000e+00
     42.000     9.9441   3.595440    32.8549       5356 0.0000e+00
     41.000     9.9441   3.595375    32.8546       5392 0.0000e+00
     40.000     9.9422   3.595146    32.8545       5422 0.0000e+00
     39.000     9.9443   3.595330    32.8549       5457 0.0000e+00
     38.000     9.9560   3.596422    32.8558       5514 0.0000e+00
     37.000     9.9584   3.596601    32.8559       5556 0.0000e+00
     36.000     9.9610   3.596847    32.8565       5588 0.0000e+00
     35.000     9.9625   3.596975    32.8568       5623 0.0000e+00
     34.000     9.9635   3.597026    32.8569       5664 0.0000e+00
     33.000     9.9601   3.596615    32.8563       5715 0.0000e+00
     32.000     9.9600   3.596561    32.8563       5768 0.0000e+00
     31.000     9.9479   3.595330    32.8552       6596 0.0000e+00
     30.000     9.9326   3.593607    32.8520       7742 0.0000e+00
     29.000     9.9323   3.593475    32.8514       7747 0.0000e+00
     28.000     9.9303   3.593207    32.8509       7767 0.0000e+00
     27.000     9.9297   3.593069    32.8505       7789 0.0000e+00
     26.000     9.9290   3.592965    32.8506       7818 0.0000e+00
     25.000     9.9305   3.593202    32.8520       7852 0.0000e+00
     24.000     9.9320   3.593289    32.8520       7888 0.0000e+00
     23.000     9.9307   3.593107    32.8518       7927 0.0000e+00
     22.000     9.9298   3.592963    32.8516       7962 0.0000e+00
     21.000     9.9315   3.593120    32.8521       8008 0.0000e+00
     20.000     9.9327   3.593193    32.8522       8069 0.0000e+00
     19.000     9.9307   3.592727    32.8497       8109 0.0000e+00
     18.000     9.9346   3.592814    32.8475       8170 0.0000e+00
     17.000     9.9360   3.592891    32.8474       8236 0.0000e+00
     16.000     9.9367   3.593004    32.8484       8276 0.0000e+00
     15.000     9.9360   3.592913    32.8486       8316 0.0000e+00
     14.000     9.9368   3.592058    32.8395       8404 0.0000e+00
     13.000     9.9532   3.592992    32.8346       8449 0.0000e+00
     12.000     9.9835   3.594851    32.8264       8486 0.0000e+00
     11.000    10.5211   3.632213    32.7178       9238 0.0000e+00
     10.000    12.8848   3.817151    32.4438      11088 0.0000e+00
      9.000    13.4877   3.879213    32.5119      11346 0.0000e+00
      8.000    13.7603   3.902081    32.4935      11392 0.0000e+00
      7.000    13.9841   3.920687    32.4767      11437 0.0000e+00
      6.000    14.1085   3.931353    32.4705      11491 0.0000e+00
      5.000    14.1455   3.934755    32.4710      11536 0.0000e+00
      4.000    14.1510   3.935382    32.4725      11584 0.0000e+00
      3.000    14.1401   3.934386    32.4730      11651 0.0000e+00
      2.000    14.1819   3.939250    32.4829      13097 0.0000e+00
      1.000    14.1610   3.937174    32.4818      13735 0.0000e+00
