HB2302/ctd049.cnv
* Sea-Bird SBE 9 Data File:
* FileName = C:\cruise\data\ctd049.hex
* Software Version Seasave V 7.26.7.121
* Temperature SN = 6664
* Conductivity SN = 6035
* Number of Bytes Per Scan = 37
* Number of Voltage Words = 4
* Number of Scans Averaged by the Deck Unit = 1
* NMEA Latitude = 39 31.13 N
* NMEA Longitude = 070 17.62 W
* NMEA UTC (Time) = Jun 26 2023  12:23:57
* NMEA baud rate = 4800
** Ship: Bigelow HB2301
** Program:  Spring ECOMON
** Chief Scientist:Jerry Prezioso
# nquan = 6
# nvalues = 1983                        
# units = specified
# name 0 = depSM: Depth [salt water, m]
# name 1 = t090C: Temperature [ITS-90, deg C]
# name 2 = c0S/m: Conductivity [S/m]
# name 3 = sal00: Salinity, Practical [PSU]
# name 4 = scan: Scan Count
# name 5 = flag: flag
# span 0 =      1.000,    993.000       
# span 1 =     4.4306,    22.4267       
# span 2 =   3.336974,   4.968000       
# span 3 =    34.4268,    35.7797       
# span 4 =       -102,      64856       
# span 5 = 0.0000e+00, 0.0000e+00       
# interval = meters: 1                  
# start_time = Jun 26 2023 12:23:57 [NMEA time, header]
# bad_flag = -9.990e-29
*END*
[from data line 1672]
    311.000     9.6436   3.811943    35.2323      51290 0.0000e+00
    310.000     9.6493   3.812546    35.2334      51311 0.0000e+00
    309.000     9.6805   3.815795    35.2369      51330 0.0000e+00
    308.000     9.7399   3.822064    35.2438      51350 0.0000e+00
    307.000     9.7811   3.826245    35.2470      51375 0.0000e+00
    306.000     9.8037   3.828541    35.2490      51411 0.0000e+00
    305.000     9.8057   3.828612    35.2482      51449 0.0000e+00
    304.000     9.8055   3.828549    35.2482      51475 0.0000e+00
    303.000     9.8067   3.828597    35.2480      51496 0.0000e+00
    302.000     9.8087   3.828759    35.2482      51517 0.0000e+00
    301.000     9.8129   3.829222    35.2493      51541 0.0000e+00
    300.000     9.8904   3.838039    35.2645      51569 0.0000e+00
    299.000     9.9430   3.843410    35.2687      51599 0.0000e+00
    298.000     9.9439   3.843118    35.2653      51625 0.0000e+00
    297.000     9.9079   3.838833    35.2571      51648 0.0000e+00
    296.000     9.9151   3.839617    35.2585      51672 0.0000e+00
    295.000     9.9504   3.843385    35.2632      51706 0.0000e+00
    294.000     9.9760   3.846166    35.2671      51741 0.0000e+00
    293.000    10.0081   3.849727    35.2727      51766 0.0000e+00
    292.000    10.0870   3.857997    35.2808      51786 0.0000e+00
    291.000    10.1059   3.859880    35.2822      51805 0.0000e+00
    290.000    10.1150   3.861015    35.2853      51826 0.0000e+00
    289.000    10.1615   3.866028    35.2916      51852 0.0000e+00
    288.000    10.1928   3.869421    35.2962      51891 0.0000e+00
    287.000    10.2187   3.872301    35.3008      51925 0.0000e+00
    286.000    10.2387   3.874535    35.3046      51949 0.0000e+00
    285.000    10.2935   3.880497    35.3124      51971 0.0000e+00
    284.000    10.3575   3.887147    35.3182      51994 0.0000e+00
    283.000    10.3982   3.891397    35.3222      52020 0.0000e+00
    282.000    10.4064   3.892277    35.3236      52047 0.0000e+00
    281.000    10.4137   3.893091    35.3253      52075 0.0000e+00
    280.000    10.4415   3.896204    35.3303      52100 0.0000e+00
    279.000    10.4619   3.898363    35.3328      52124 0.0000e+00
    278.000    10.4799   3.900231    35.3347      52148 0.0000e+00
    277.000    10.4892   3.901206    35.3362      52172 0.0000e+00
    276.000    10.4921   3.901503    35.3367      52202 0.0000e+00
    275.000    10.4939   3.901683    35.3373      52241 0.0000e+00
    274.000    10.5100   3.903417    35.3397      52271 0.0000e+00
    273.000    10.5246   3.904859    35.3406      52294 0.0000e+00
    272.000    10.5319   3.905655    35.3420      52313 0.0000e+00
    271.000    10.5560   3.908275    35.3456      52330 0.0000e+00
    270.000    10.5908   3.911804    35.3480      52352 0.0000e+00
    269.000    10.6199   3.914910    35.3516      52390 0.0000e+00
    268.000    10.6400   3.916988    35.3535      52426 0.0000e+00
    267.000    10.6473   3.917796    35.3550      52447 0.0000e+00
    266.000    10.6566   3.918753    35.3562      52466 0.0000e+00
    265.000    10.6615   3.919214    35.3566      52485 0.0000e+00
    264.000    10.6791   3.921091    35.3589      52510 0.0000e+00
    263.000    10.7122   3.924575    35.3624      52555 0.0000e+00
    262.000    10.7673   3.930568    35.3698      52591 0.0000e+00
    261.000    10.8165   3.936101    35.3785      52611 0.0000e+00
    260.000    10.9066   3.945600    35.3872      52628 0.0000e+00
    259.000    10.9739   3.952481    35.3916      52646 0.0000e+00
    258.000    10.9972   3.955011    35.3950      52667 0.0000e+00
    257.000    11.0365   3.959380    35.4012      52697 0.0000e+00
    256.000    11.0682   3.962719    35.4044      52735 0.0000e+00
    255.000    11.0817   3.964334    35.4081      52762 0.0000e+00
    254.000    11.1218   3.968497    35.4115      52786 0.0000e+00
    253.000    11.1311   3.969499    35.4130      52811 0.0000e+00
    252.000    11.1633   3.973156    35.4189      52839 0.0000e+00
    251.000    11.2052   3.977643    35.4237      52868 0.0000e+00
    250.000    11.2494   3.982636    35.4313      52893 0.0000e+00
    249.000    11.3147   3.989667    35.4389      52916 0.0000e+00
    248.000    11.3381   3.992143    35.4415      52939 0.0000e+00
    247.000    11.3765   3.996486    35.4482      52963 0.0000e+00
    246.000    11.4160   4.000633    35.4518      52987 0.0000e+00
    245.000    11.4622   4.005609    35.4572      53015 0.0000e+00
    244.000    11.5208   4.012011    35.4649      53047 0.0000e+00
    243.000    11.5746   4.017624    35.4692      53084 0.0000e+00
    242.000    11.5815   4.018438    35.4711      53113 0.0000e+00
    241.000    11.5986   4.020280    35.4734      53134 0.0000e+00
    240.000    11.6064   4.021078    35.4742      53153 0.0000e+00
    239.000    11.6124   4.021760    35.4756      53171 0.0000e+00
    238.000    11.6475   4.025831    35.4827      53191 0.0000e+00
    237.000    11.7286   4.034190    35.4878      53218 0.0000e+00
    236.000    11.7532   4.036905    35.4916      53256 0.0000e+00
    235.000    11.7720   4.038986    35.4945      53290 0.0000e+00
    234.000    11.7976   4.041780    35.4979      53316 0.0000e+00
    233.000    11.8276   4.044944    35.5008      53341 0.0000e+00
    232.000    11.8611   4.048692    35.5061      53366 0.0000e+00
    231.000    11.9494   4.058064    35.5142      53392 0.0000e+00
    230.000    11.9820   4.061523    35.5173      53417 0.0000e+00
    229.000    12.0023   4.063794    35.5206      53442 0.0000e+00
    228.000    12.0165   4.065310    35.5225      53463 0.0000e+00
    227.000    12.0282   4.066590    35.5242      53485 0.0000e+00
    226.000    12.0543   4.069491    35.5282      53512 0.0000e+00
    225.000    12.0815   4.072410    35.5312      53547 0.0000e+00
    224.000    12.1049   4.074985    35.5345      53577 0.0000e+00
    223.000    12.1241   4.077070    35.5370      53602 0.0000e+00
    222.000    12.1339   4.078128    35.5385      53626 0.0000e+00
    221.000    12.1473   4.079618    35.5407      53655 0.0000e+00
    220.000    12.1677   4.081929    35.5442      53686 0.0000e+00
    219.000    12.1959   4.084971    35.5475      53711 0.0000e+00
    218.000    12.2223   4.087913    35.5515      53732 0.0000e+00
    217.000    12.2513   4.091053    35.5549      53757 0.0000e+00
    216.000    12.3072   4.097327    35.5633      53788 0.0000e+00
    215.000    12.4243   4.110120    35.5767      53847 0.0000e+00
    214.000    12.4805   4.116505    35.5857      53884 0.0000e+00
    213.000    12.5110   4.119894    35.5900      53905 0.0000e+00
    212.000    12.5369   4.122781    35.5938      53925 0.0000e+00
    211.000    12.6214   4.132249    35.6056      53947 0.0000e+00
    210.000    12.6797   4.138552    35.6117      53973 0.0000e+00
    209.000    12.7581   4.147547    35.6246      53999 0.0000e+00
    208.000    12.8022   4.152219    35.6283      54023 0.0000e+00
    207.000    12.8462   4.157073    35.6338      54048 0.0000e+00
    206.000    12.8792   4.160812    35.6390      54082 0.0000e+00
    205.000    12.9470   4.168100    35.6454      54121 0.0000e+00
    204.000    12.9659   4.170010    35.6463      54147 0.0000e+00
    203.000    12.9678   4.170208    35.6468      54168 0.0000e+00
    202.000    12.9690   4.170319    35.6471      54188 0.0000e+00
    201.000    12.9696   4.170378    35.6476      54213 0.0000e+00
    200.000    12.9788   4.171286    35.6481      54244 0.0000e+00
    199.000    13.0161   4.175071    35.6496      54274 0.0000e+00
    198.000    13.0494   4.178238    35.6489      54297 0.0000e+00
    197.000    13.0838   4.181740    35.6504      54320 0.0000e+00
    196.000    13.1082   4.184422    35.6535      54343 0.0000e+00
    195.000    13.1236   4.186051    35.6550      54373 0.0000e+00
    194.000    13.1252   4.186252    35.6558      54406 0.0000e+00
    193.000    13.1307   4.186901    35.6573      54435 0.0000e+00
    192.000    13.1570   4.189792    35.6606      54460 0.0000e+00
    191.000    13.2209   4.196660    35.6663      54486 0.0000e+00
    190.000    13.2401   4.198677    35.6679      54513 0.0000e+00
    189.000    13.2719   4.202413    35.6741      54540 0.0000e+00
    188.000    13.3080   4.206418    35.6787      54566 0.0000e+00
    187.000    13.3242   4.208237    35.6812      54592 0.0000e+00
    186.000    13.3552   4.211978    35.6880      54615 0.0000e+00
    185.000    13.4456   4.222320    35.7017      54639 0.0000e+00
    184.000    13.4955   4.227915    35.7084      54666 0.0000e+00
    183.000    13.5142   4.230175    35.7127      54696 0.0000e+00
    182.000    13.6080   4.241413    35.7315      54727 0.0000e+00
    181.000    13.6769   4.249039    35.7395      54757 0.0000e+00
    180.000    13.7105   4.252972    35.7455      54786 0.0000e+00
    179.000    13.7640   4.259114    35.7538      54814 0.0000e+00
    178.000    13.7866   4.261109    35.7519      54839 0.0000e+00
    177.000    13.7831   4.260104    35.7462      54860 0.0000e+00
    176.000    13.8144   4.263089    35.7454      54879 0.0000e+00
    175.000    13.8457   4.266462    35.7483      54898 0.0000e+00
    174.000    13.8520   4.267222    35.7500      54922 0.0000e+00
    173.000    13.8505   4.266985    35.7496      54971 0.0000e+00
    172.000    13.8491   4.266885    35.7504      55009 0.0000e+00
    171.000    13.9208   4.275282    35.7627      55029 0.0000e+00
    170.000    13.9403   4.276786    35.7591      55049 0.0000e+00
    169.000    13.8779   4.268543    35.7404      55070 0.0000e+00
    168.000    13.8375   4.263383    35.7300      55095 0.0000e+00
    167.000    13.8626   4.266388    35.7353      55125 0.0000e+00
    166.000    13.9995   4.282437    35.7586      55156 0.0000e+00
    165.000    14.0610   4.289600    35.7688      55181 0.0000e+00
    164.000    14.1053   4.294661    35.7753      55202 0.0000e+00
    163.000    14.1243   4.296066    35.7712      55224 0.0000e+00
    162.000    14.0836   4.289856    35.7514      55253 0.0000e+00
    161.000    14.0212   4.281873    35.7353      55294 0.0000e+00
    160.000    13.9725   4.275349    35.7200      55327 0.0000e+00
    159.000    13.9658   4.274332    35.7171      55351 0.0000e+00
    158.000    13.9715   4.274691    35.7156      55372 0.0000e+00
    157.000    14.0053   4.278434    35.7196      55393 0.0000e+00
    156.000    14.0689   4.285204    35.7242      55413 0.0000e+00
    155.000    14.0952   4.287735    35.7239      55436 0.0000e+00
    154.000    14.0977   4.287850    35.7230      55464 0.0000e+00
    153.000    14.1078   4.288806    35.7230      55504 0.0000e+00
    152.000    14.1348   4.291872    35.7270      55537 0.0000e+00
    151.000    14.1595   4.294725    35.7311      55560 0.0000e+00
    150.000    14.1950   4.298771    35.7363      55581 0.0000e+00
    149.000    14.2148   4.300831    35.7375      55604 0.0000e+00
    148.000    14.2208   4.301408    35.7378      55633 0.0000e+00
    147.000    14.2331   4.302681    35.7386      55672 0.0000e+00
    146.000    14.2357   4.302832    35.7381      55704 0.0000e+00
    145.000    14.2364   4.302776    35.7373      55729 0.0000e+00
    144.000    14.2399   4.303057    35.7371      55751 0.0000e+00
    143.000    14.2418   4.303213    35.7372      55778 0.0000e+00
    142.000    14.2494   4.304032    35.7382      55815 0.0000e+00
    141.000    14.2595   4.305076    35.7390      55851 0.0000e+00
    140.000    14.2681   4.305867    35.7388      55876 0.0000e+00
    139.000    14.2735   4.306412    35.7393      55897 0.0000e+00
    138.000    14.3000   4.309270    35.7417      55919 0.0000e+00
    137.000    14.3266   4.312029    35.7431      55947 0.0000e+00
    136.000    14.3514   4.314611    35.7446      55982 0.0000e+00
    135.000    14.3673   4.316371    35.7466      56010 0.0000e+00
    134.000    14.3964   4.319577    35.7499      56033 0.0000e+00
    133.000    14.4398   4.324290    35.7539      56055 0.0000e+00
    132.000    14.4643   4.326814    35.7551      56079 0.0000e+00
    131.000    14.4669   4.327061    35.7553      56105 0.0000e+00
    130.000    14.4707   4.327325    35.7547      56134 0.0000e+00
    129.000    14.4813   4.328261    35.7539      56164 0.0000e+00
    128.000    14.4822   4.327709    35.7485      56191 0.0000e+00
    127.000    14.4660   4.324842    35.7373      56218 0.0000e+00
    126.000    14.4428   4.320924    35.7229      56245 0.0000e+00
    125.000    14.4423   4.320295    35.7179      56272 0.0000e+00
    124.000    14.4518   4.321288    35.7188      56297 0.0000e+00
    123.000    14.4525   4.321314    35.7188      56321 0.0000e+00
    122.000    14.4504   4.320894    35.7172      56346 0.0000e+00
    121.000    14.4324   4.317541    35.7033      56373 0.0000e+00
    120.000    14.4079   4.313161    35.6857      56400 0.0000e+00
    119.000    14.4253   4.314964    35.6868      56428 0.0000e+00
    118.000    14.4695   4.320010    35.6932      56457 0.0000e+00
    117.000    14.4691   4.319350    35.6879      56487 0.0000e+00
    116.000    14.4628   4.318229    35.6837      56513 0.0000e+00
    115.000    14.4655   4.318431    35.6835      56537 0.0000e+00
    114.000    14.4731   4.319240    35.6844      56561 0.0000e+00
    113.000    14.4931   4.321657    35.6887      56588 0.0000e+00
    112.000    14.5259   4.325386    35.6934      56617 0.0000e+00
    111.000    14.5314   4.325288    35.6878      56644 0.0000e+00
    110.000    14.5287   4.324453    35.6830      56667 0.0000e+00
    109.000    14.5324   4.324578    35.6812      56693 0.0000e+00
    108.000    14.5352   4.324739    35.6806      56722 0.0000e+00
    107.000    14.5376   4.324827    35.6796      56755 0.0000e+00
    106.000    14.5392   4.324913    35.6793      56794 0.0000e+00
    105.000    14.5430   4.325055    35.6775      56831 0.0000e+00
    104.000    14.5339   4.323618    35.6731      56858 0.0000e+00
    103.000    14.5218   4.321497    35.6650      56879 0.0000e+00
    102.000    14.5253   4.321817    35.6652      56899 0.0000e+00
    101.000    14.5398   4.323234    35.6654      56920 0.0000e+00
    100.000    14.5424   4.322838    35.6597      56946 0.0000e+00
     99.000    14.6110   4.329817    35.6615      56983 0.0000e+00
     98.000    14.6355   4.332599    35.6650      57015 0.0000e+00
     97.000    14.6917   4.338800    35.6709      57037 0.0000e+00
     96.000    14.7149   4.340552    35.6661      57057 0.0000e+00
     95.000    14.6479   4.330606    35.6365      57082 0.0000e+00
     94.000    14.6185   4.326881    35.6296      57115 0.0000e+00
     93.000    14.6125   4.326028    35.6276      57147 0.0000e+00
     92.000    14.6074   4.325303    35.6260      57170 0.0000e+00
     91.000    14.6258   4.327974    35.6342      57190 0.0000e+00
     90.000    14.7554   4.343425    35.6579      57212 0.0000e+00
     89.000    14.8258   4.351355    35.6666      57239 0.0000e+00
     88.000    14.8509   4.354372    35.6717      57274 0.0000e+00
     87.000    14.8927   4.358812    35.6746      57305 0.0000e+00
     86.000    14.8707   4.354300    35.6538      57332 0.0000e+00
     85.000    14.8928   4.356624    35.6553      57359 0.0000e+00
     84.000    14.9664   4.366250    35.6765      57383 0.0000e+00
     83.000    15.1258   4.386183    35.7133      57405 0.0000e+00
     82.000    15.2687   4.403446    35.7405      57429 0.0000e+00
     81.000    15.3687   4.415270    35.7571      57460 0.0000e+00
     80.000    15.3971   4.418391    35.7599      57496 0.0000e+00
     79.000    15.4061   4.418728    35.7552      57526 0.0000e+00
     78.000    15.4579   4.424271    35.7587      57551 0.0000e+00
     77.000    15.3937   4.411429    35.7011      57573 0.0000e+00
     76.000    15.2853   4.394314    35.6448      57596 0.0000e+00
     75.000    15.2389   4.387566    35.6261      57623 0.0000e+00
     74.000    15.2320   4.386108    35.6195      57656 0.0000e+00
