HB2302/ctd024.cnv
* Sea-Bird SBE 9 Data File:
* FileName = C:\cruise\data\ctd024.hex
* Software Version Seasave V 7.26.7.121
* Temperature SN = 6664
* Conductivity SN = 6035
* Number of Bytes Per Scan = 37
* Number of Voltage Words = 4
* Number of Scans Averaged by the Deck Unit = 1
* NMEA Latitude = 42 41.81 N
* NMEA Longitude = 067 42.14 W
* NMEA UTC (Time) = Jun 19 2023  12:30:44
* NMEA baud rate = 4800
** Ship: Bigelow HB2301
** Program:  Spring ECOMON
** Chief Scientist:Jerry Prezioso
# nquan = 6
# nvalues = 369                         
# units = specified
# name 0 = depSM: Depth [salt water, m]
# name 1 = t090C: Temperature [ITS-90, deg C]
# name 2 = c0S/m: Conductivity [S/m]
# name 3 = sal00: Salinity, Practical [PSU]
# name 4 = scan: Scan Count
# name 5 = flag: flag
# span 0 =      1.000,    186.000       
# span 1 =     6.5276,    11.4088       
# span 2 =   3.250138,   3.631966       
# span 3 =    31.9223,    33.7917       
# span 4 =        443,      19907       
# span 5 = 0.0000e+00, 0.0000e+00       
# interval = meters: 1                  
# start_time = Jun 19 2023 12:30:44 [NMEA time, header]
# bad_flag = -9.990e-29
*END*
[from data line 239]
    130.000     7.2419   3.390835    33.1897       9931 0.0000e+00
    129.000     7.2343   3.389670    33.1848       9963 0.0000e+00
    128.000     7.2211   3.387489    33.1743       9989 0.0000e+00
    127.000     7.2154   3.386536    33.1698      10010 0.0000e+00
    126.000     7.2049   3.384931    33.1629      10030 0.0000e+00
    125.000     7.1978   3.383850    33.1584      10051 0.0000e+00
    124.000     7.1912   3.382716    33.1529      10079 0.0000e+00
    123.000     7.1825   3.381325    33.1466      10115 0.0000e+00
    122.000     7.1826   3.381274    33.1465      10143 0.0000e+00
    121.000     7.1791   3.380655    33.1435      10166 0.0000e+00
    120.000     7.1713   3.379470    33.1386      10187 0.0000e+00
    119.000     7.1672   3.378792    33.1357      10208 0.0000e+00
    118.000     7.1629   3.378191    33.1337      10234 0.0000e+00
    117.000     7.1609   3.377844    33.1323      10266 0.0000e+00
    116.000     7.1590   3.377499    33.1309      10296 0.0000e+00
    115.000     7.1460   3.375430    33.1213      10322 0.0000e+00
    114.000     7.1355   3.373651    33.1125      10346 0.0000e+00
    113.000     7.1302   3.372726    33.1080      10368 0.0000e+00
    112.000     7.1250   3.371731    33.1026      10392 0.0000e+00
    111.000     7.1165   3.370115    33.0936      10418 0.0000e+00
    110.000     7.1062   3.368134    33.0823      10448 0.0000e+00
    109.000     7.0857   3.364489    33.0628      10479 0.0000e+00
    108.000     7.0813   3.363679    33.0586      10508 0.0000e+00
    107.000     7.0756   3.362555    33.0522      10532 0.0000e+00
    106.000     7.0611   3.359967    33.0384      10553 0.0000e+00
    105.000     7.0483   3.357699    33.0264      10575 0.0000e+00
    104.000     7.0158   3.352359    32.9998      10602 0.0000e+00
    103.000     6.9806   3.346760    32.9727      10637 0.0000e+00
    102.000     6.9672   3.344554    32.9620      10667 0.0000e+00
    101.000     6.9605   3.343487    32.9571      10693 0.0000e+00
    100.000     6.9550   3.342462    32.9517      10716 0.0000e+00
     99.000     6.9446   3.340715    32.9430      10738 0.0000e+00
     98.000     6.9398   3.339849    32.9386      10761 0.0000e+00
     97.000     6.9287   3.337866    32.9280      10787 0.0000e+00
     96.000     6.9108   3.334683    32.9108      10817 0.0000e+00
     95.000     6.9055   3.333534    32.9038      10850 0.0000e+00
     94.000     6.8686   3.326931    32.8672      10881 0.0000e+00
     93.000     6.8450   3.322637    32.8432      10908 0.0000e+00
     92.000     6.8155   3.317939    32.8203      11441 0.0000e+00
     91.000     6.7751   3.311610    32.7899      12813 0.0000e+00
     90.000     6.7410   3.305701    32.7581      12809 0.0000e+00
     89.000     6.7060   3.299571    32.7246      12828 0.0000e+00
     88.000     6.6770   3.294806    32.7003      12847 0.0000e+00
     87.000     6.6614   3.291941    32.6842      12869 0.0000e+00
     86.000     6.6432   3.288808    32.6676      12896 0.0000e+00
     85.000     6.6305   3.286465    32.6544      12936 0.0000e+00
     84.000     6.6279   3.285914    32.6512      12971 0.0000e+00
     83.000     6.6160   3.283733    32.6390      12994 0.0000e+00
     82.000     6.6077   3.282054    32.6289      13013 0.0000e+00
     81.000     6.5822   3.276959    32.5975      13031 0.0000e+00
     80.000     6.5706   3.274568    32.5827      13051 0.0000e+00
     79.000     6.5657   3.273495    32.5760      13077 0.0000e+00
     78.000     6.5665   3.273496    32.5757      13111 0.0000e+00
     77.000     6.5706   3.274046    32.5784      13142 0.0000e+00
     76.000     6.5585   3.270568    32.5520      13169 0.0000e+00
     75.000     6.5366   3.261922    32.4779      13192 0.0000e+00
     74.000     6.5276   3.255607    32.4172      13215 0.0000e+00
     73.000     6.5284   3.254606    32.4059      13238 0.0000e+00
     72.000     6.5318   3.253738    32.3936      13263 0.0000e+00
     71.000     6.5339   3.253410    32.3885      13288 0.0000e+00
     70.000     6.5364   3.252907    32.3811      13315 0.0000e+00
     69.000     6.5397   3.252136    32.3699      13345 0.0000e+00
     68.000     6.5482   3.252749    32.3692      13375 0.0000e+00
     67.000     6.5551   3.253773    32.3743      13401 0.0000e+00
     66.000     6.5665   3.251135    32.3350      13424 0.0000e+00
     65.000     6.5710   3.250952    32.3291      13445 0.0000e+00
     64.000     6.5756   3.250730    32.3228      13472 0.0000e+00
     63.000     6.5783   3.250669    32.3201      13510 0.0000e+00
     62.000     6.5841   3.250245    32.3104      13546 0.0000e+00
     61.000     6.5977   3.250138    32.2969      13576 0.0000e+00
     60.000     6.6140   3.250352    32.2844      13607 0.0000e+00
     59.000     6.6289   3.250523    32.2727      13640 0.0000e+00
     58.000     6.6646   3.251864    32.2542      15131 0.0000e+00
     57.000     6.6902   3.253437    32.2479      15506 0.0000e+00
     56.000     6.7021   3.254073    32.2442      15544 0.0000e+00
     55.000     6.7258   3.255442    32.2373      15582 0.0000e+00
     54.000     6.8434   3.263464    32.2153      15614 0.0000e+00
     53.000     6.9224   3.268835    32.2004      15634 0.0000e+00
     52.000     6.9974   3.273945    32.1865      15652 0.0000e+00
     51.000     7.0358   3.276647    32.1805      15670 0.0000e+00
     50.000     7.1002   3.281508    32.1737      15690 0.0000e+00
     49.000     7.2798   3.294571    32.1486      15718 0.0000e+00
     48.000     7.3606   3.300922    32.1427      15756 0.0000e+00
     47.000     7.4618   3.308408    32.1301      15785 0.0000e+00
     46.000     7.5336   3.313938    32.1236      15807 0.0000e+00
     45.000     7.6347   3.322038    32.1176      15830 0.0000e+00
     44.000     7.8766   3.341273    32.1008      15853 0.0000e+00
     43.000     8.2108   3.367535    32.0737      15879 0.0000e+00
     42.000     8.4798   3.388718    32.0521      15905 0.0000e+00
     41.000     8.6487   3.402019    32.0387      15930 0.0000e+00
     40.000     8.6900   3.405504    32.0381      15955 0.0000e+00
     39.000     8.7149   3.407747    32.0394      15980 0.0000e+00
     38.000     8.7388   3.409735    32.0390      16006 0.0000e+00
     37.000     8.7455   3.410422    32.0406      16033 0.0000e+00
     36.000     8.7540   3.411180    32.0412      16060 0.0000e+00
     35.000     8.7573   3.411528    32.0423      16085 0.0000e+00
     34.000     8.7673   3.412405    32.0429      16110 0.0000e+00
     33.000     8.7749   3.413064    32.0433      16135 0.0000e+00
     32.000     8.7917   3.414491    32.0434      16160 0.0000e+00
     31.000     8.8232   3.417102    32.0426      16183 0.0000e+00
     30.000     8.8357   3.418137    32.0426      16208 0.0000e+00
     29.000     8.8468   3.419070    32.0426      16235 0.0000e+00
     28.000     8.8771   3.421561    32.0416      16262 0.0000e+00
     27.000     8.9291   3.425501    32.0361      16289 0.0000e+00
     26.000     8.9591   3.427738    32.0326      16315 0.0000e+00
     25.000     9.0306   3.433584    32.0293      16340 0.0000e+00
     24.000     9.0617   3.435836    32.0251      16364 0.0000e+00
     23.000     9.0864   3.437865    32.0243      16387 0.0000e+00
     22.000     9.1213   3.440578    32.0214      16411 0.0000e+00
     21.000     9.1620   3.443743    32.0180      16438 0.0000e+00
     20.000     9.1789   3.445092    32.0171      16467 0.0000e+00
     19.000     9.1886   3.445833    32.0165      16493 0.0000e+00
     18.000     9.2196   3.448302    32.0146      16516 0.0000e+00
     17.000     9.2598   3.451774    32.0148      16538 0.0000e+00
     16.000     9.6207   3.481579    31.9981      16563 0.0000e+00
     15.000    10.0227   3.513925    31.9702      16590 0.0000e+00
     14.000    10.3208   3.538232    31.9525      16617 0.0000e+00
     13.000    10.5464   3.557020    31.9428      16641 0.0000e+00
     12.000    10.7360   3.573063    31.9370      16665 0.0000e+00
     11.000    10.9014   3.586708    31.9284      16698 0.0000e+00
     10.000    10.9575   3.591915    31.9315      16740 0.0000e+00
      9.000    11.0305   3.598328    31.9317      16778 0.0000e+00
      8.000    11.1624   3.609859    31.9311      16810 0.0000e+00
      7.000    11.3002   3.621082    31.9223      16845 0.0000e+00
      6.000    11.3300   3.623743    31.9231      16886 0.0000e+00
      5.000    11.3458   3.625279    31.9248      16930 0.0000e+00
      4.000    11.3642   3.626999    31.9261      16988 0.0000e+00
      3.000    11.3976   3.630098    31.9280      17045 0.0000e+00
      2.000    11.4085   3.631966    31.9373      19348 0.0000e+00
      1.000    11.4088   3.631756    31.9354      19907 0.0000e+00
