HB2302/ctd032.cnv
* Sea-Bird SBE 9 Data File:
* FileName = C:\cruise\data\ctd032.hex
* Software Version Seasave V 7.26.7.121
* Temperature SN = 6664
* Conductivity SN = 6035
* Number of Bytes Per Scan = 37
* Number of Voltage Words = 4
* Number of Scans Averaged by the Deck Unit = 1
* NMEA Latitude = 42 21.91 N
* NMEA Longitude = 070 28.25 W
* NMEA UTC (Time) = Jun 22 2023  22:03:51
* NMEA baud rate = 4800
** Ship: Bigelow HB2301
** Program:  Spring ECOMON
** Chief Scientist:Jerry Prezioso
# nquan = 6
# nvalues = 127                         
# units = specified
# name 0 = depSM: Depth [salt water, m]
# name 1 = t090C: Temperature [ITS-90, deg C]
# name 2 = c0S/m: Conductivity [S/m]
# name 3 = sal00: Salinity, Practical [PSU]
# name 4 = scan: Scan Count
# name 5 = flag: flag
# span 0 =      3.000,     66.000       
# span 1 =     6.1034,    17.5210       
# span 2 =   3.198969,   4.022153       
# span 3 =    30.3858,    32.1967       
# span 4 =        124,      10408       
# span 5 = 0.0000e+00, 0.0000e+00       
# interval = meters: 1                  
# start_time = Jun 22 2023 22:03:51 [NMEA time, header]
# bad_flag = -9.990e-29
*END*
      3.000    17.2445   3.993113    30.5177        124 0.0000e+00
      4.000    17.2516   3.994114    30.5205        383 0.0000e+00
      5.000    17.2649   3.995446    30.5215        403 0.0000e+00
      6.000    17.2116   3.989731    30.5126        431 0.0000e+00
      7.000    16.9402   3.960625    30.4687        458 0.0000e+00
      8.000    16.6080   3.925830    30.4211        486 0.0000e+00
      9.000    15.7459   3.850903    30.4270        511 0.0000e+00
     10.000    15.0013   3.793636    30.4957        535 0.0000e+00
     11.000    14.4458   3.755238    30.5855        559 0.0000e+00
     12.000    13.8249   3.716627    30.7261        587 0.0000e+00
     13.000    12.7084   3.630646    30.8278        616 0.0000e+00
     14.000    11.9458   3.581139    30.9846        644 0.0000e+00
     15.000    11.5141   3.560357    31.1440        670 0.0000e+00
     16.000    11.2368   3.544099    31.2192        693 0.0000e+00
     17.000    10.7409   3.509496    31.3002        717 0.0000e+00
     18.000    10.5664   3.494920    31.3048        743 0.0000e+00
     19.000    10.5371   3.491522    31.2957        770 0.0000e+00
     20.000    10.4796   3.486282    31.2925        796 0.0000e+00
     21.000    10.3599   3.477208    31.3045        823 0.0000e+00
     22.000    10.3363   3.474859    31.3009        850 0.0000e+00
     23.000    10.3229   3.473975    31.3032        876 0.0000e+00
     24.000    10.3169   3.484176    31.4100        901 0.0000e+00
     25.000    10.1462   3.474016    31.4556        925 0.0000e+00
     26.000    10.0799   3.469262    31.4649        951 0.0000e+00
     27.000    10.0614   3.467685    31.4647        981 0.0000e+00
     28.000     9.9474   3.456681    31.4525       1010 0.0000e+00
     29.000     9.8640   3.448681    31.4438       1033 0.0000e+00
     30.000     9.7169   3.437069    31.4541       1054 0.0000e+00
     31.000     9.2364   3.405518    31.5537       1077 0.0000e+00
     32.000     8.9598   3.388885    31.6268       1103 0.0000e+00
     33.000     8.7750   3.375792    31.6553       1139 0.0000e+00
     34.000     8.4615   3.354067    31.7089       1169 0.0000e+00
     35.000     8.3958   3.349309    31.7176       1190 0.0000e+00
     36.000     8.3551   3.346370    31.7230       1211 0.0000e+00
     37.000     8.3356   3.344900    31.7246       1235 0.0000e+00
     38.000     8.3088   3.343169    31.7301       1260 0.0000e+00
     39.000     8.2769   3.341136    31.7370       1289 0.0000e+00
     40.000     8.0842   3.327586    31.7677       1320 0.0000e+00
     41.000     7.6542   3.297949    31.8434       1348 0.0000e+00
     42.000     7.4299   3.282036    31.8778       1371 0.0000e+00
     43.000     7.1825   3.264065    31.9114       1392 0.0000e+00
     44.000     6.9411   3.245402    31.9316       1414 0.0000e+00
     45.000     6.7905   3.234058    31.9472       1441 0.0000e+00
     46.000     6.7498   3.230676    31.9477       1477 0.0000e+00
     47.000     6.7353   3.229575    31.9486       1507 0.0000e+00
     48.000     6.7088   3.227906    31.9546       1530 0.0000e+00
     49.000     6.6556   3.224676    31.9683       1552 0.0000e+00
     50.000     6.6217   3.222434    31.9748       1577 0.0000e+00
     51.000     6.5992   3.221174    31.9815       1604 0.0000e+00
     52.000     6.5807   3.220250    31.9881       1630 0.0000e+00
     53.000     6.5727   3.219749    31.9897       1654 0.0000e+00
     54.000     6.5670   3.219397    31.9907       1680 0.0000e+00
     55.000     6.5608   3.219027    31.9919       1716 0.0000e+00
     56.000     6.5435   3.218214    31.9987       1747 0.0000e+00
     57.000     6.5028   3.216391    32.0162       1767 0.0000e+00
     58.000     6.4721   3.214959    32.0288       1785 0.0000e+00
     59.000     6.4304   3.213142    32.0474       1808 0.0000e+00
     60.000     6.2935   3.207589    32.1142       1846 0.0000e+00
     61.000     6.2337   3.204919    32.1406       1876 0.0000e+00
     62.000     6.2200   3.204292    32.1461       1897 0.0000e+00
     63.000     6.2133   3.203965    32.1483       1919 0.0000e+00
     64.000     6.1619   3.202024    32.1749       1946 0.0000e+00
     65.000     6.1195   3.200418    32.1967       1979 0.0000e+00
     66.000     6.1034   3.198969    32.1953       2693 0.0000e+00
     65.000     6.1332   3.199719    32.1760       3469 0.0000e+00
     64.000     6.1985   3.202074    32.1408       3582 0.0000e+00
     63.000     6.2151   3.202699    32.1326       3658 0.0000e+00
     62.000     6.2224   3.202957    32.1290       3741 0.0000e+00
     61.000     6.2398   3.203650    32.1207       3831 0.0000e+00
     60.000     6.3049   3.206475    32.0912       3918 0.0000e+00
     59.000     6.4228   3.211130    32.0323       4004 0.0000e+00
     58.000     6.4629   3.212594    32.0113       4109 0.0000e+00
     57.000     6.4821   3.213696    32.0058       4190 0.0000e+00
     56.000     6.5307   3.216059    31.9869       4289 0.0000e+00
     55.000     6.5465   3.216740    31.9801       4384 0.0000e+00
     54.000     6.5604   3.217406    31.9749       4480 0.0000e+00
     53.000     6.5676   3.217667    31.9715       4571 0.0000e+00
     52.000     6.5789   3.218184    31.9671       4665 0.0000e+00
     51.000     6.6002   3.219128    31.9581       4754 0.0000e+00
     50.000     6.6111   3.219594    31.9535       4839 0.0000e+00
     49.000     6.6459   3.221752    31.9452       4882 0.0000e+00
     48.000     6.7028   3.225064    31.9290       4916 0.0000e+00
     47.000     6.7277   3.226379    31.9206       4953 0.0000e+00
     46.000     6.7417   3.227146    31.9165       4994 0.0000e+00
     45.000     6.7583   3.228286    31.9140       5031 0.0000e+00
     44.000     6.8633   3.235782    31.8989       5066 0.0000e+00
     43.000     7.1136   3.255352    31.8806       5107 0.0000e+00
     42.000     7.3613   3.273203    31.8458       5151 0.0000e+00
     41.000     7.6231   3.291693    31.8050       5190 0.0000e+00
     40.000     7.9229   3.312847    31.7578       5226 0.0000e+00
     39.000     8.2596   3.336008    31.6986       5269 0.0000e+00
     38.000     8.2867   3.337998    31.6956       5307 0.0000e+00
     37.000     8.3271   3.340484    31.6858       5341 0.0000e+00
     36.000     8.3483   3.341874    31.6818       5379 0.0000e+00
     35.000     8.3800   3.344073    31.6768       5425 0.0000e+00
     34.000     8.4587   3.350149    31.6703       6129 0.0000e+00
     33.000     8.6535   3.363825    31.6392       6888 0.0000e+00
     32.000     8.8823   3.379509    31.5986       7015 0.0000e+00
     31.000     9.1128   3.393586    31.5401       7053 0.0000e+00
     30.000     9.5580   3.421639    31.4361       7110 0.0000e+00
     29.000     9.8276   3.441772    31.4056       7176 0.0000e+00
     28.000     9.9170   3.449813    31.4096       7216 0.0000e+00
     27.000    10.0350   3.460661    31.4169       7266 0.0000e+00
     26.000    10.2600   3.477828    31.3947       7321 0.0000e+00
     25.000    10.3304   3.475431    31.3105       7362 0.0000e+00
     24.000    10.3476   3.473182    31.2735       7417 0.0000e+00
     23.000    10.3908   3.476420    31.2692       7460 0.0000e+00
     22.000    10.4697   3.482059    31.2581       7501 0.0000e+00
     21.000    10.5065   3.485120    31.2574       7553 0.0000e+00
     20.000    10.5375   3.488121    31.2611       7590 0.0000e+00
     19.000    10.7961   3.508122    31.2387       7631 0.0000e+00
     18.000    11.1882   3.534823    31.1687       7693 0.0000e+00
     17.000    11.4223   3.548201    31.1022       7724 0.0000e+00
     16.000    11.7720   3.564671    30.9698       7764 0.0000e+00
     15.000    12.5246   3.608751    30.7701       7826 0.0000e+00
     14.000    13.1859   3.661502    30.7287       7857 0.0000e+00
     13.000    13.9814   3.712479    30.5631       7897 0.0000e+00
     12.000    14.6559   3.759378    30.4573       7944 0.0000e+00
     11.000    15.5872   3.832417    30.3858       8893 0.0000e+00
     10.000    16.4301   3.906495    30.3884       9637 0.0000e+00
      9.000    17.0537   3.972067    30.4798       9669 0.0000e+00
      8.000    17.3574   4.003205    30.5165       9710 0.0000e+00
      7.000    17.4461   4.013208    30.5351       9774 0.0000e+00
      6.000    17.4701   4.015839    30.5397       9799 0.0000e+00
      5.000    17.4609   4.014912    30.5390       9825 0.0000e+00
      4.000    17.4295   4.012174    30.5399       9888 0.0000e+00
      3.000    17.5210   4.022153    30.5559      10408 0.0000e+00
