HB2302/ctd006.cnv
* Sea-Bird SBE 9 Data File:
* FileName = C:\cruise\data\ctd006.hex
* Software Version Seasave V 7.26.7.121
* Temperature SN = 6664
* Conductivity SN = 6035
* Number of Bytes Per Scan = 37
* Number of Voltage Words = 4
* Number of Scans Averaged by the Deck Unit = 1
* NMEA Latitude = 37 42.36 N
* NMEA Longitude = 074 15.37 W
* NMEA UTC (Time) = Jun 11 2023  07:23:17
* NMEA baud rate = 4800
** Ship: Bigelow HB2301
** Program:  Spring ECOMON
** Chief Scientist:Jerry Prezioso
# nquan = 6
# nvalues = 206                         
# units = specified
# name 0 = depSM: Depth [salt water, m]
# name 1 = t090C: Temperature [ITS-90, deg C]
# name 2 = c0S/m: Conductivity [S/m]
# name 3 = sal00: Salinity, Practical [PSU]
# name 4 = scan: Scan Count
# name 5 = flag: flag
# span 0 =      2.000,    105.000       
# span 1 =     7.6883,    19.7707       
# span 2 =   3.429608,   4.815175       
# span 3 =    33.2092,    35.3780       
# span 4 =       -137,      12554       
# span 5 = 0.0000e+00, 0.0000e+00       
# interval = meters: 1                  
# start_time = Jun 11 2023 07:23:17 [NMEA time, header]
# bad_flag = -9.990e-29
*END*
      2.000    18.0334   4.512655    34.3124       -137 0.0000e+00
      3.000    17.9466   4.499232    34.2705        347 0.0000e+00
      4.000    17.9251   4.495437    34.2558        360 0.0000e+00
      5.000    17.9212   4.494872    34.2539        380 0.0000e+00
      6.000    17.9293   4.496127    34.2574        404 0.0000e+00
      7.000    17.9489   4.499322    34.2679        429 0.0000e+00
      8.000    18.2187   4.545843    34.4355        454 0.0000e+00
      9.000    18.8063   4.642144    34.7545        481 0.0000e+00
     10.000    19.0756   4.687188    34.9047        510 0.0000e+00
     11.000    19.2198   4.713543    35.0028        537 0.0000e+00
     12.000    19.2616   4.726000    35.0709        565 0.0000e+00
     13.000    19.3650   4.743899    35.1322        592 0.0000e+00
     14.000    19.4602   4.759881    35.1842        617 0.0000e+00
     15.000    19.5250   4.771282    35.2236        641 0.0000e+00
     16.000    19.6291   4.789610    35.2871        666 0.0000e+00
     17.000    19.7234   4.806432    35.3461        698 0.0000e+00
     18.000    19.7707   4.815175    35.3780        731 0.0000e+00
     19.000    19.7303   4.810628    35.3742        757 0.0000e+00
     20.000    19.7170   4.808842    35.3703        780 0.0000e+00
     21.000    19.6005   4.792484    35.3331        804 0.0000e+00
     22.000    19.3379   4.757437    35.2643        829 0.0000e+00
     23.000    19.0214   4.715750    35.1845        859 0.0000e+00
     24.000    18.6883   4.672890    35.1075        892 0.0000e+00
     25.000    18.2664   4.621387    35.0312        921 0.0000e+00
     26.000    17.7066   4.550116    34.9006        947 0.0000e+00
     27.000    16.9088   4.457177    34.7836        972 0.0000e+00
     28.000    16.8047   4.444279    34.7605        998 0.0000e+00
     29.000    16.6130   4.420130    34.7145       1026 0.0000e+00
     30.000    16.3388   4.385389    34.6458       1056 0.0000e+00
     31.000    14.9097   4.220983    34.4219       1082 0.0000e+00
     32.000    14.5091   4.177577    34.3791       1107 0.0000e+00
     33.000    14.2683   4.146620    34.3070       1135 0.0000e+00
     34.000    14.0331   4.117483    34.2458       1166 0.0000e+00
     35.000    13.7494   4.084788    34.1937       1196 0.0000e+00
     36.000    13.4794   4.054775    34.1533       1222 0.0000e+00
     37.000    12.9844   3.997950    34.0594       1249 0.0000e+00
     38.000    11.8822   3.875839    33.8812       1276 0.0000e+00
     39.000    11.1863   3.801238    33.7848       1304 0.0000e+00
     40.000    10.6862   3.745587    33.6902       1334 0.0000e+00
     41.000    10.2374   3.698083    33.6267       1363 0.0000e+00
     42.000     9.8679   3.658831    33.5705       1389 0.0000e+00
     43.000     9.5886   3.629088    33.5260       1415 0.0000e+00
     44.000     9.2137   3.589153    33.4642       1443 0.0000e+00
     45.000     8.9633   3.563551    33.4329       1476 0.0000e+00
     46.000     8.8916   3.555351    33.4143       1506 0.0000e+00
     47.000     8.8114   3.546586    33.3976       1532 0.0000e+00
     48.000     8.7926   3.544195    33.3899       1561 0.0000e+00
     49.000     8.7827   3.542712    33.3832       1592 0.0000e+00
     50.000     8.7561   3.539662    33.3758       1620 0.0000e+00
     51.000     8.7270   3.536509    33.3697       1646 0.0000e+00
     52.000     8.7280   3.536404    33.3673       1672 0.0000e+00
     53.000     8.6930   3.532435    33.3581       1699 0.0000e+00
     54.000     8.6250   3.524933    33.3429       1726 0.0000e+00
     55.000     8.3582   3.497731    33.3077       1757 0.0000e+00
     56.000     8.2493   3.486526    33.2916       1789 0.0000e+00
     57.000     8.2036   3.481886    33.2852       1816 0.0000e+00
     58.000     8.2003   3.481392    33.2827       1841 0.0000e+00
     59.000     8.1824   3.479282    33.2767       1868 0.0000e+00
     60.000     8.1179   3.472875    33.2693       1895 0.0000e+00
     61.000     7.9695   3.457564    33.2466       1924 0.0000e+00
     62.000     7.9073   3.451751    33.2431       1955 0.0000e+00
     63.000     7.9037   3.451158    33.2397       1984 0.0000e+00
     64.000     7.8631   3.446736    33.2305       2010 0.0000e+00
     65.000     7.7278   3.433359    33.2155       2035 0.0000e+00
     66.000     7.6883   3.429608    33.2124       2063 0.0000e+00
     67.000     7.7064   3.432156    33.2221       2095 0.0000e+00
     68.000     7.7801   3.440936    33.2455       2125 0.0000e+00
     69.000     7.8133   3.444601    33.2528       2153 0.0000e+00
     70.000     7.8502   3.448694    33.2610       2179 0.0000e+00
     71.000     7.9548   3.460323    33.2853       2205 0.0000e+00
     72.000     8.0787   3.474458    33.3177       2233 0.0000e+00
     73.000     8.1517   3.482976    33.3385       2264 0.0000e+00
     74.000     8.2949   3.499084    33.3731       2296 0.0000e+00
     75.000     8.4438   3.516040    33.4108       2326 0.0000e+00
     76.000     8.6045   3.534237    33.4499       2353 0.0000e+00
     77.000     8.8491   3.562439    33.5140       2379 0.0000e+00
     78.000     8.9955   3.579157    33.5500       2405 0.0000e+00
     79.000     9.2204   3.606285    33.6193       2432 0.0000e+00
     80.000     9.5661   3.645443    33.6984       2464 0.0000e+00
     81.000     9.6203   3.651550    33.7098       2495 0.0000e+00
     82.000     9.6349   3.653680    33.7176       2524 0.0000e+00
     83.000     9.7322   3.665827    33.7505       2551 0.0000e+00
     84.000    10.0150   3.699877    33.8327       2578 0.0000e+00
     85.000    10.1560   3.715962    33.8640       2607 0.0000e+00
     86.000    10.1939   3.721113    33.8803       2637 0.0000e+00
     87.000    10.2199   3.724906    33.8940       2666 0.0000e+00
     88.000    10.2811   3.733449    33.9228       2691 0.0000e+00
     89.000    10.3715   3.744586    33.9505       2718 0.0000e+00
     90.000    10.4638   3.756065    33.9798       2747 0.0000e+00
     91.000    10.6235   3.775682    34.0276       2775 0.0000e+00
     92.000    10.7359   3.789318    34.0592       2803 0.0000e+00
     93.000    10.8093   3.798578    34.0831       2832 0.0000e+00
     94.000    10.8736   3.807381    34.1107       2863 0.0000e+00
     95.000    10.8974   3.810791    34.1222       2890 0.0000e+00
     96.000    10.8781   3.808872    34.1205       2917 0.0000e+00
     97.000    10.8613   3.808096    34.1280       2945 0.0000e+00
     98.000    10.9413   3.819914    34.1709       2973 0.0000e+00
     99.000    11.0347   3.832583    34.2097       2998 0.0000e+00
    100.000    11.2284   3.858559    34.2868       3025 0.0000e+00
    101.000    11.3110   3.869211    34.3151       3057 0.0000e+00
    102.000    11.3532   3.874841    34.3310       3087 0.0000e+00
    103.000    11.4511   3.887570    34.3652       3117 0.0000e+00
    104.000    11.5092   3.894961    34.3835       3149 0.0000e+00
    105.000    11.5245   3.897789    34.3968       3256 0.0000e+00
    104.000    11.6096   3.909325    34.4316       4934 0.0000e+00
    103.000    11.5910   3.906373    34.4203       5082 0.0000e+00
    102.000    11.4788   3.891677    34.3804       5164 0.0000e+00
    101.000    11.3830   3.879769    34.3524       5200 0.0000e+00
    100.000    11.3493   3.875371    34.3408       5235 0.0000e+00
     99.000    11.1423   3.847705    34.2597       5275 0.0000e+00
     98.000    11.0323   3.832945    34.2160       5314 0.0000e+00
     97.000    10.9555   3.822017    34.1791       5352 0.0000e+00
     96.000    10.9754   3.823706    34.1779       5386 0.0000e+00
     95.000    10.9977   3.826271    34.1831       5432 0.0000e+00
     94.000    10.9297   3.816142    34.1459       5480 0.0000e+00
     93.000    10.8810   3.809406    34.1245       5513 0.0000e+00
     92.000    10.8027   3.799251    34.0964       5546 0.0000e+00
     91.000    10.6813   3.784224    34.0594       5590 0.0000e+00
     90.000    10.5034   3.762256    34.0052       5633 0.0000e+00
     89.000    10.4274   3.752963    33.9829       5666 0.0000e+00
     88.000    10.3453   3.742694    33.9564       5705 0.0000e+00
     87.000    10.2579   3.730808    33.9183       5759 0.0000e+00
     86.000    10.2011   3.723515    33.8979       5799 0.0000e+00
     85.000    10.1891   3.721921    33.8934       5828 0.0000e+00
     84.000    10.0693   3.707690    33.8615       5861 0.0000e+00
     83.000     9.9056   3.687694    33.8115       5909 0.0000e+00
     82.000     9.7674   3.671112    33.7720       5958 0.0000e+00
     81.000     9.7472   3.668513    33.7648       5993 0.0000e+00
     80.000     9.4362   3.631866    33.6804       6026 0.0000e+00
     79.000     9.2814   3.613949    33.6415       6067 0.0000e+00
     78.000     9.1708   3.600923    33.6111       6112 0.0000e+00
     77.000     8.9566   3.575917    33.5533       6149 0.0000e+00
     76.000     8.7669   3.554532    33.5094       6187 0.0000e+00
     75.000     8.5912   3.533464    33.4548       6232 0.0000e+00
     74.000     8.4255   3.514381    33.4111       6264 0.0000e+00
     73.000     8.3706   3.508057    33.3968       6289 0.0000e+00
     72.000     8.2593   3.495061    33.3651       6315 0.0000e+00
     71.000     8.0391   3.470109    33.3094       6342 0.0000e+00
     70.000     7.9137   3.456262    33.2815       6368 0.0000e+00
     69.000     7.8813   3.452289    33.2703       6393 0.0000e+00
     68.000     7.8478   3.448393    33.2609       6420 0.0000e+00
     67.000     7.8246   3.445617    33.2538       6449 0.0000e+00
     66.000     7.7647   3.438191    33.2317       6480 0.0000e+00
     65.000     7.7216   3.432430    33.2114       6514 0.0000e+00
     64.000     7.7343   3.433304    33.2092       6541 0.0000e+00
     63.000     7.7589   3.435628    33.2112       6563 0.0000e+00
     62.000     7.7783   3.437379    33.2119       6584 0.0000e+00
     61.000     7.8299   3.442447    33.2176       6608 0.0000e+00
     60.000     7.9900   3.458728    33.2399       6638 0.0000e+00
     59.000     8.1695   3.476354    33.2579       6687 0.0000e+00
     58.000     8.2021   3.479723    33.2633       6735 0.0000e+00
     57.000     8.2028   3.479781    33.2636       6768 0.0000e+00
     56.000     8.2355   3.483138    33.2688       6810 0.0000e+00
     55.000     8.2914   3.488765    33.2760       6859 0.0000e+00
     54.000     8.3577   3.495606    33.2862       6899 0.0000e+00
     53.000     8.5143   3.511050    33.3018       6937 0.0000e+00
     52.000     8.7409   3.534928    33.3395       8145 0.0000e+00
     51.000     8.8353   3.544807    33.3547       8720 0.0000e+00
     50.000     8.8526   3.546655    33.3582       8784 0.0000e+00
     49.000     8.8810   3.549562    33.3623       8821 0.0000e+00
     48.000     8.9421   3.556001    33.3726       8865 0.0000e+00
     47.000     8.9688   3.558754    33.3767       8904 0.0000e+00
     46.000     9.0027   3.562387    33.3832       8940 0.0000e+00
     45.000     9.0578   3.568194    33.3924       8982 0.0000e+00
     44.000     9.1057   3.573281    33.4008       9027 0.0000e+00
     43.000     9.2727   3.590781    33.4263       9076 0.0000e+00
     42.000     9.5583   3.620147    33.4628       9115 0.0000e+00
     41.000     9.7492   3.640089    33.4900       9162 0.0000e+00
     40.000     9.9830   3.665031    33.5277       9217 0.0000e+00
     39.000    10.3619   3.705355    33.5858       9264 0.0000e+00
     38.000    10.8420   3.757597    33.6675       9314 0.0000e+00
     37.000    11.9932   3.883107    33.8536       9726 0.0000e+00
     36.000    12.9596   3.992014    34.0255      10253 0.0000e+00
     35.000    13.8508   4.091229    34.1629      10284 0.0000e+00
     34.000    14.2696   4.140612    34.2497      10342 0.0000e+00
     33.000    14.6430   4.185370    34.3317      10385 0.0000e+00
     32.000    15.0833   4.236708    34.4116      10419 0.0000e+00
     31.000    16.1470   4.359232    34.5803      10462 0.0000e+00
     30.000    16.5226   4.403629    34.6473      10512 0.0000e+00
     29.000    16.6579   4.420093    34.6752      10559 0.0000e+00
     28.000    16.7922   4.436655    34.7045      10600 0.0000e+00
     27.000    17.0143   4.464596    34.7568      10642 0.0000e+00
     26.000    17.9334   4.575252    34.9221      10692 0.0000e+00
     25.000    18.5324   4.650454    35.0503      10738 0.0000e+00
     24.000    18.9031   4.696902    35.1267      10775 0.0000e+00
     23.000    18.9965   4.710139    35.1586      10818 0.0000e+00
     22.000    19.5411   4.781870    35.2952      10871 0.0000e+00
     21.000    19.6562   4.797744    35.3296      10912 0.0000e+00
     20.000    19.6594   4.798814    35.3361      10950 0.0000e+00
     19.000    19.6711   4.800664    35.3419      11000 0.0000e+00
     18.000    19.7220   4.805795    35.3417      11051 0.0000e+00
     17.000    19.6604   4.795542    35.3093      11085 0.0000e+00
     16.000    19.5885   4.783925    35.2744      11124 0.0000e+00
     15.000    19.5228   4.772121    35.2324      11179 0.0000e+00
     14.000    19.4377   4.756412    35.1744      11229 0.0000e+00
     13.000    19.3494   4.742164    35.1309      11261 0.0000e+00
     12.000    19.2780   4.729935    35.0898      11307 0.0000e+00
     11.000    19.2622   4.722092    35.0383      11356 0.0000e+00
     10.000    19.1747   4.704308    34.9642      11400 0.0000e+00
      9.000    18.9889   4.673103    34.8602      11435 0.0000e+00
      8.000    18.7958   4.641432    34.7566      11492 0.0000e+00
      7.000    18.1096   4.525119    34.3526      11563 0.0000e+00
      6.000    17.9966   4.506389    34.2883      11628 0.0000e+00
      5.000    17.9341   4.495830    34.2513      11742 0.0000e+00
      4.000    17.9318   4.495354    34.2495      11858 0.0000e+00
      3.000    17.9299   4.495061    34.2489      12554 0.0000e+00
