HB2302/ctd047.cnv
* Sea-Bird SBE 9 Data File:
* FileName = C:\cruise\data\ctd047.hex
* Software Version Seasave V 7.26.7.121
* Temperature SN = 6664
* Conductivity SN = 6035
* Number of Bytes Per Scan = 37
* Number of Voltage Words = 4
* Number of Scans Averaged by the Deck Unit = 1
* NMEA Latitude = 40 35.65 N
* NMEA Longitude = 070 17.17 W
* NMEA UTC (Time) = Jun 26 2023  03:39:56
* NMEA baud rate = 4800
** Ship: Bigelow HB2301
** Program:  Spring ECOMON
** Chief Scientist:Jerry Prezioso
# nquan = 6
# nvalues = 105                         
# units = specified
# name 0 = depSM: Depth [salt water, m]
# name 1 = t090C: Temperature [ITS-90, deg C]
# name 2 = c0S/m: Conductivity [S/m]
# name 3 = sal00: Salinity, Practical [PSU]
# name 4 = scan: Scan Count
# name 5 = flag: flag
# span 0 =      3.000,     55.000       
# span 1 =    10.2288,    17.8815       
# span 2 =   3.563592,   4.266043       
# span 3 =    32.1729,    32.7225       
# span 4 =       1007,      16618       
# span 5 = 0.0000e+00, 0.0000e+00       
# interval = meters: 1                  
# start_time = Jun 26 2023 03:39:56 [NMEA time, header]
# bad_flag = -9.990e-29
*END*
      3.000    17.6576   4.247585    32.3631       1007 0.0000e+00
      4.000    17.5465   4.237622    32.3664       1995 0.0000e+00
      5.000    17.6132   4.243587    32.3637       2000 0.0000e+00
      6.000    17.0045   4.187061    32.3655       2034 0.0000e+00
      7.000    16.8717   4.175830    32.3752       2078 0.0000e+00
      8.000    16.9175   4.183355    32.4030       2143 0.0000e+00
      9.000    16.0336   4.112391    32.5012       2171 0.0000e+00
     10.000    15.4907   4.067133    32.5459       2195 0.0000e+00
     11.000    14.8981   4.015689    32.5756       2222 0.0000e+00
     12.000    14.5485   3.981805    32.5603       2263 0.0000e+00
     13.000    13.6931   3.894417    32.4748       2311 0.0000e+00
     14.000    11.6825   3.694063    32.3008       2359 0.0000e+00
     15.000    11.1448   3.641324    32.2531       2392 0.0000e+00
     16.000    11.0332   3.630923    32.2481       2417 0.0000e+00
     17.000    10.8116   3.611359    32.2487       2450 0.0000e+00
     18.000    10.5168   3.586037    32.2565       2508 0.0000e+00
     19.000    10.5031   3.585473    32.2626       2548 0.0000e+00
     20.000    10.4670   3.582789    32.2673       2579 0.0000e+00
     21.000    10.4120   3.577450    32.2621       2615 0.0000e+00
     22.000    10.3617   3.572637    32.2580       2657 0.0000e+00
     23.000    10.3329   3.570452    32.2612       2696 0.0000e+00
     24.000    10.3195   3.569520    32.2633       2734 0.0000e+00
     25.000    10.3057   3.568258    32.2625       2785 0.0000e+00
     26.000    10.3028   3.568429    32.2664       2829 0.0000e+00
     27.000    10.2933   3.568612    32.2762       2858 0.0000e+00
     28.000    10.2628   3.565785    32.2745       2893 0.0000e+00
     29.000    10.2533   3.565358    32.2782       2952 0.0000e+00
     30.000    10.2417   3.566026    32.2948       2985 0.0000e+00
     31.000    10.2353   3.565836    32.2982       3013 0.0000e+00
     32.000    10.2329   3.566401    32.3056       3071 0.0000e+00
     33.000    10.2304   3.566579    32.3091       3119 0.0000e+00
     34.000    10.2305   3.567357    32.3164       3152 0.0000e+00
     35.000    10.2333   3.568585    32.3259       3193 0.0000e+00
     36.000    10.2519   3.572535    32.3486       3233 0.0000e+00
     37.000    10.2841   3.577471    32.3692       3271 0.0000e+00
     38.000    10.3449   3.586919    32.4094       3318 0.0000e+00
     39.000    10.3962   3.596524    32.4597       3366 0.0000e+00
     40.000    10.4553   3.606357    32.5050       3411 0.0000e+00
     41.000    10.5052   3.614093    32.5376       3448 0.0000e+00
     42.000    10.4454   3.615306    32.6028       3487 0.0000e+00
     43.000    10.3787   3.612963    32.6386       3527 0.0000e+00
     44.000    10.3207   3.610049    32.6610       3562 0.0000e+00
     45.000    10.2860   3.608339    32.6746       3623 0.0000e+00
     46.000    10.2645   3.607146    32.6814       3666 0.0000e+00
     47.000    10.2589   3.607267    32.6873       3692 0.0000e+00
     48.000    10.2586   3.608032    32.6948       3740 0.0000e+00
     49.000    10.2608   3.609119    32.7033       3801 0.0000e+00
     50.000    10.2605   3.609778    32.7098       3842 0.0000e+00
     51.000    10.2624   3.610076    32.7107       3960 0.0000e+00
     52.000    10.2588   3.610258    32.7153       4006 0.0000e+00
     53.000    10.2581   3.610390    32.7168       4044 0.0000e+00
     54.000    10.2571   3.610698    32.7204       4958 0.0000e+00
     55.000    10.2553   3.610787    32.7225       5818 0.0000e+00
     54.000    10.2563   3.610714    32.7213       5447 0.0000e+00
     53.000    10.2570   3.610488    32.7188       6890 0.0000e+00
     52.000    10.2579   3.610228    32.7158       8151 0.0000e+00
     51.000    10.2598   3.609878    32.7110       8027 0.0000e+00
     50.000    10.2610   3.609651    32.7081       8144 0.0000e+00
     49.000    10.2615   3.609282    32.7043       8271 0.0000e+00
     48.000    10.2616   3.608711    32.6990       8398 0.0000e+00
     47.000    10.2596   3.607799    32.6920       8484 0.0000e+00
     46.000    10.2579   3.606571    32.6816       8579 0.0000e+00
     45.000    10.2605   3.606134    32.6753       8693 0.0000e+00
     44.000    10.2822   3.607056    32.6655       8777 0.0000e+00
     43.000    10.3393   3.609984    32.6441       8904 0.0000e+00
     42.000    10.3709   3.611445    32.6308       9019 0.0000e+00
     41.000    10.5086   3.617138    32.5649      10591 0.0000e+00
     40.000    10.4806   3.609701    32.5160      11170 0.0000e+00
     39.000    10.4521   3.603984    32.4846      11448 0.0000e+00
     38.000    10.3991   3.594522    32.4374      11472 0.0000e+00
     37.000    10.2607   3.573500    32.3501      11565 0.0000e+00
     36.000    10.2341   3.569319    32.3321      11666 0.0000e+00
     35.000    10.2439   3.568749    32.3181      11759 0.0000e+00
     34.000    10.2288   3.565737    32.3016      11838 0.0000e+00
     33.000    10.2314   3.565605    32.2985      11926 0.0000e+00
     32.000    10.2337   3.565151    32.2922      12019 0.0000e+00
     31.000    10.2452   3.564754    32.2784      12088 0.0000e+00
     30.000    10.2558   3.563592    32.2578      12198 0.0000e+00
     29.000    10.2788   3.565861    32.2606      12245 0.0000e+00
     28.000    10.3005   3.567710    32.2604      12363 0.0000e+00
     27.000    10.3176   3.568793    32.2565      12420 0.0000e+00
     26.000    10.3301   3.569672    32.2546      13794 0.0000e+00
     25.000    10.3309   3.569731    32.2550      14308 0.0000e+00
     24.000    10.3392   3.570316    32.2539      14361 0.0000e+00
     23.000    10.3448   3.570658    32.2528      14408 0.0000e+00
     22.000    10.3500   3.571022    32.2522      14453 0.0000e+00
     21.000    10.3617   3.571859    32.2507      14502 0.0000e+00
     20.000    10.4171   3.575723    32.2407      14567 0.0000e+00
     19.000    10.4803   3.579942    32.2275      14633 0.0000e+00
     18.000    10.5341   3.582909    32.2099      14669 0.0000e+00
     17.000    10.8213   3.606974    32.1968      14704 0.0000e+00
     16.000    10.9903   3.619507    32.1729      14754 0.0000e+00
     15.000    11.4076   3.660373    32.2100      14831 0.0000e+00
     14.000    13.7939   3.904281    32.4817      14876 0.0000e+00
     13.000    14.5422   3.975436    32.5069      14906 0.0000e+00
     12.000    14.8927   4.008843    32.5178      14956 0.0000e+00
     11.000    15.1394   4.032681    32.5279      15016 0.0000e+00
     10.000    15.3825   4.054035    32.5183      15088 0.0000e+00
      9.000    15.4297   4.053225    32.4724      15118 0.0000e+00
      8.000    16.2962   4.118163    32.3371      15146 0.0000e+00
      7.000    17.6216   4.239209    32.3196      15222 0.0000e+00
      6.000    17.7856   4.256102    32.3327      15280 0.0000e+00
      5.000    17.8207   4.259935    32.3377      15318 0.0000e+00
      4.000    17.8815   4.266043    32.3416      15360 0.0000e+00
      3.000    17.8494   4.265922    32.3663      16618 0.0000e+00
