HB2302/ctd015.cnv
* Sea-Bird SBE 9 Data File:
* FileName = C:\cruise\data\ctd015.hex
* Software Version Seasave V 7.26.7.121
* Temperature SN = 6664
* Conductivity SN = 6035
* Number of Bytes Per Scan = 37
* Number of Voltage Words = 4
* Number of Scans Averaged by the Deck Unit = 1
* NMEA Latitude = 41 05.75 N
* NMEA Longitude = 070 37.34 W
* NMEA UTC (Time) = Jun 15 2023  01:05:32
* NMEA baud rate = 4800
** Ship: Bigelow HB2301
** Program:  Spring ECOMON
** Chief Scientist:Jerry Prezioso
# nquan = 6
# nvalues = 73                          
# units = specified
# name 0 = depSM: Depth [salt water, m]
# name 1 = t090C: Temperature [ITS-90, deg C]
# name 2 = c0S/m: Conductivity [S/m]
# name 3 = sal00: Salinity, Practical [PSU]
# name 4 = scan: Scan Count
# name 5 = flag: flag
# span 0 =      3.000,     39.000       
# span 1 =    10.4908,    16.4040       
# span 2 =   3.595563,   4.052389       
# span 3 =    31.6641,    32.3724       
# span 4 =         98,       6706       
# span 5 = 0.0000e+00, 0.0000e+00       
# interval = meters: 1                  
# start_time = Jun 15 2023 01:05:32 [NMEA time, header]
# bad_flag = -9.990e-29
*END*
      3.000    16.4040   4.052389    31.6785         98 0.0000e+00
      4.000    16.3904   4.051242    31.6790        236 0.0000e+00
      5.000    16.3748   4.050025    31.6804        268 0.0000e+00
      6.000    16.3650   4.049192    31.6805        294 0.0000e+00
      7.000    16.3446   4.047204    31.6790        317 0.0000e+00
      8.000    16.2613   4.039883    31.6809        344 0.0000e+00
      9.000    16.2121   4.035273    31.6794        375 0.0000e+00
     10.000    15.9677   4.013752    31.6850        404 0.0000e+00
     11.000    15.3487   3.960371    31.7085        430 0.0000e+00
     12.000    14.1880   3.866458    31.8060        458 0.0000e+00
     13.000    13.4521   3.803740    31.8363        487 0.0000e+00
     14.000    12.5399   3.738564    31.9908        514 0.0000e+00
     15.000    12.0659   3.703787    32.0623        543 0.0000e+00
     16.000    11.8778   3.694698    32.1361        578 0.0000e+00
     17.000    12.1361   3.737370    32.3243        611 0.0000e+00
     18.000    12.0236   3.729654    32.3470        637 0.0000e+00
     19.000    11.8570   3.715551    32.3548        662 0.0000e+00
     20.000    11.5722   3.688624    32.3407        693 0.0000e+00
     21.000    11.2126   3.652962    32.3055        730 0.0000e+00
     22.000    10.8730   3.619657    32.2749        759 0.0000e+00
     23.000    10.8091   3.612729    32.2620        783 0.0000e+00
     24.000    10.7678   3.608735    32.2584        809 0.0000e+00
     25.000    10.7478   3.606895    32.2573        843 0.0000e+00
     26.000    10.7322   3.606369    32.2654        878 0.0000e+00
     27.000    10.7476   3.610020    32.2877        904 0.0000e+00
     28.000    10.7522   3.611620    32.2991        928 0.0000e+00
     29.000    10.7355   3.610449    32.3018        955 0.0000e+00
     30.000    10.7131   3.609071    32.3074        988 0.0000e+00
     31.000    10.7039   3.608503    32.3095       1018 0.0000e+00
     32.000    10.6933   3.607828    32.3117       1047 0.0000e+00
     33.000    10.6836   3.607164    32.3132       1079 0.0000e+00
     34.000    10.6694   3.606316    32.3170       1107 0.0000e+00
     35.000    10.6122   3.603029    32.3344       1133 0.0000e+00
     36.000    10.5310   3.598637    32.3621       1159 0.0000e+00
     37.000    10.4995   3.596805    32.3714       1186 0.0000e+00
     38.000    10.4923   3.596307    32.3724       1216 0.0000e+00
     39.000    10.4908   3.596180    32.3719       1248 0.0000e+00
     38.000    10.4942   3.595582    32.3634       2003 0.0000e+00
     37.000    10.4971   3.595563    32.3610       2597 0.0000e+00
     36.000    10.5091   3.596144    32.3567       2639 0.0000e+00
     35.000    10.5163   3.596496    32.3542       2670 0.0000e+00
     34.000    10.6170   3.602004    32.3203       2698 0.0000e+00
     33.000    10.6681   3.604820    32.3036       2723 0.0000e+00
     32.000    10.6830   3.605739    32.3000       2747 0.0000e+00
     31.000    10.6906   3.606121    32.2976       2771 0.0000e+00
     30.000    10.6996   3.606690    32.2957       2795 0.0000e+00
     29.000    10.7081   3.607142    32.2931       2821 0.0000e+00
     28.000    10.7298   3.608335    32.2862       2853 0.0000e+00
     27.000    10.7551   3.609854    32.2794       2883 0.0000e+00
     26.000    10.7503   3.607874    32.2644       2907 0.0000e+00
     25.000    10.7340   3.604227    32.2430       2930 0.0000e+00
     24.000    10.7516   3.604737    32.2329       2954 0.0000e+00
     23.000    10.7725   3.606262    32.2301       2984 0.0000e+00
     22.000    10.8044   3.608962    32.2292       3017 0.0000e+00
     21.000    10.9101   3.620339    32.2494       3045 0.0000e+00
     20.000    11.3610   3.665228    32.2965       3071 0.0000e+00
     19.000    11.5517   3.682390    32.2983       3460 0.0000e+00
     18.000    11.7981   3.706405    32.3177       4219 0.0000e+00
     17.000    11.9882   3.722477    32.3087       4359 0.0000e+00
     16.000    11.9803   3.709091    32.1864       4428 0.0000e+00
     15.000    11.8001   3.680224    32.0635       4526 0.0000e+00
     14.000    12.2859   3.713820    31.9707       4874 0.0000e+00
     13.000    12.9447   3.758047    31.8331       5614 0.0000e+00
     12.000    13.6941   3.821194    31.7975       5942 0.0000e+00
     11.000    14.5466   3.892784    31.7519       5957 0.0000e+00
     10.000    15.4253   3.964830    31.6870       5991 0.0000e+00
      9.000    16.1049   4.023789    31.6641       6030 0.0000e+00
      8.000    16.3121   4.042600    31.6643       6064 0.0000e+00
      7.000    16.3557   4.046839    31.6670       6092 0.0000e+00
      6.000    16.3469   4.046472    31.6712       6124 0.0000e+00
      5.000    16.3337   4.045613    31.6745       6174 0.0000e+00
      4.000    16.3459   4.046702    31.6747       6202 0.0000e+00
      3.000    16.3513   4.048594    31.6873       6706 0.0000e+00
