HB2302/ctd010.cnv
* Sea-Bird SBE 9 Data File:
* FileName = C:\cruise\data\ctd010.hex
* Software Version Seasave V 7.26.7.121
* Temperature SN = 6664
* Conductivity SN = 6035
* Number of Bytes Per Scan = 37
* Number of Voltage Words = 4
* Number of Scans Averaged by the Deck Unit = 1
* NMEA Latitude = 36 00.01 N
* NMEA Longitude = 075 27.70 W
* NMEA UTC (Time) = Jun 12 2023  06:00:45
* NMEA baud rate = 4800
** Ship: Bigelow HB2301
** Program:  Spring ECOMON
** Chief Scientist:Jerry Prezioso
# nquan = 6
# nvalues = 41                          
# units = specified
# name 0 = depSM: Depth [salt water, m]
# name 1 = t090C: Temperature [ITS-90, deg C]
# name 2 = c0S/m: Conductivity [S/m]
# name 3 = sal00: Salinity, Practical [PSU]
# name 4 = scan: Scan Count
# name 5 = flag: flag
# span 0 =      2.000,     22.000       
# span 1 =    16.2508,    19.2964       
# span 2 =   4.156304,   4.302270       
# span 3 =    31.5367,    32.7041       
# span 4 =        -86,       7200       
# span 5 = 0.0000e+00, 0.0000e+00       
# interval = meters: 1                  
# start_time = Jun 12 2023 06:00:45 [NMEA time, header]
# bad_flag = -9.990e-29
*END*
      2.000    19.2964   4.300946    31.5367        -86 0.0000e+00
      3.000    18.9071   4.302270    31.8445        296 0.0000e+00
      4.000    18.7073   4.299921    31.9790        395 0.0000e+00
      5.000    18.6796   4.300487    32.0047        483 0.0000e+00
      6.000    18.6634   4.300281    32.0152        531 0.0000e+00
      7.000    18.6256   4.298808    32.0319        586 0.0000e+00
      8.000    18.4966   4.292522    32.0795        645 0.0000e+00
      9.000    17.7141   4.233582    32.1973        704 0.0000e+00
     10.000    17.3690   4.207466    32.2480        759 0.0000e+00
     11.000    17.3488   4.205265    32.2449        820 0.0000e+00
     12.000    17.3420   4.204441    32.2430        876 0.0000e+00
     13.000    17.3411   4.204230    32.2415        935 0.0000e+00
     14.000    17.3394   4.203985    32.2404        992 0.0000e+00
     15.000    17.3268   4.202744    32.2394       1053 0.0000e+00
     16.000    17.3206   4.202115    32.2387       1111 0.0000e+00
     17.000    17.3106   4.201141    32.2379       1161 0.0000e+00
     18.000    17.3043   4.200511    32.2372       1230 0.0000e+00
     19.000    17.3012   4.200224    32.2368       1285 0.0000e+00
     20.000    17.1612   4.194548    32.2996       1334 0.0000e+00
     21.000    16.5283   4.170502    32.6020       1401 0.0000e+00
     22.000    16.2508   4.156304    32.7041       2606 0.0000e+00
     21.000    16.5945   4.171862    32.5602       3125 0.0000e+00
     20.000    17.1570   4.192730    32.2874       3276 0.0000e+00
     19.000    17.2961   4.198752    32.2283       3383 0.0000e+00
     18.000    17.3011   4.199785    32.2335       4060 0.0000e+00
     17.000    17.3079   4.200531    32.2348       4853 0.0000e+00
     16.000    17.3136   4.201037    32.2350       5038 0.0000e+00
     15.000    17.3203   4.201627    32.2351       5131 0.0000e+00
     14.000    17.3301   4.202531    32.2353       5237 0.0000e+00
     13.000    17.3337   4.202836    32.2354       5322 0.0000e+00
     12.000    17.3404   4.203461    32.2358       5430 0.0000e+00
     11.000    17.3458   4.203928    32.2359       5958 0.0000e+00
     10.000    17.3526   4.204536    32.2360       6640 0.0000e+00
      9.000    17.3943   4.208245    32.2349       6667 0.0000e+00
      8.000    18.2580   4.273739    32.1087       6723 0.0000e+00
      7.000    18.5528   4.294726    32.0545       6778 0.0000e+00
      6.000    18.5100   4.292719    32.0714       6841 0.0000e+00
      5.000    18.6657   4.295840    31.9770       6893 0.0000e+00
      4.000    18.7372   4.293999    31.9067       6951 0.0000e+00
      3.000    18.6015   4.282921    31.9200       7015 0.0000e+00
      2.000    19.1146   4.290040    31.5861       7200 0.0000e+00
