HB2302/ctd025.cnv
* Sea-Bird SBE 9 Data File:
* FileName = C:\cruise\data\ctd025.hex
* Software Version Seasave V 7.26.7.121
* Temperature SN = 6664
* Conductivity SN = 6035
* Number of Bytes Per Scan = 37
* Number of Voltage Words = 4
* Number of Scans Averaged by the Deck Unit = 1
* NMEA Latitude = 43 02.06 N
* NMEA Longitude = 066 20.72 W
* NMEA UTC (Time) = Jun 19 2023  22:14:21
* NMEA baud rate = 4800
** Ship: Bigelow HB2301
** Program:  Spring ECOMON
** Chief Scientist:Jerry Prezioso
# nquan = 6
# nvalues = 250                         
# units = specified
# name 0 = depSM: Depth [salt water, m]
# name 1 = t090C: Temperature [ITS-90, deg C]
# name 2 = c0S/m: Conductivity [S/m]
# name 3 = sal00: Salinity, Practical [PSU]
# name 4 = scan: Scan Count
# name 5 = flag: flag
# span 0 =      2.000,    127.000       
# span 1 =     6.8625,     7.8206       
# span 2 =   3.271853,   3.324314       
# span 3 =    31.9443,    32.7125       
# span 4 =        187,      12481       
# span 5 = 0.0000e+00, 0.0000e+00       
# interval = meters: 1                  
# start_time = Jun 19 2023 22:14:21 [NMEA time, header]
# bad_flag = -9.990e-29
*END*
      3.000     7.8008   3.318528    31.9467        187 0.0000e+00
      4.000     7.8206   3.320047    31.9443        345 0.0000e+00
      5.000     7.8009   3.318691    31.9474        391 0.0000e+00
      6.000     7.8088   3.319277    31.9459        423 0.0000e+00
      7.000     7.7871   3.317746    31.9490        456 0.0000e+00
      8.000     7.4992   3.299308    32.0157        489 0.0000e+00
      9.000     7.3914   3.292941    32.0462        526 0.0000e+00
     10.000     7.3489   3.290613    32.0600        561 0.0000e+00
     11.000     7.3233   3.288873    32.0644        698 0.0000e+00
     12.000     7.3126   3.288380    32.0686        755 0.0000e+00
     13.000     7.3043   3.288011    32.0718        788 0.0000e+00
     14.000     7.3027   3.288031    32.0731        813 0.0000e+00
     15.000     7.3010   3.287989    32.0737        837 0.0000e+00
     16.000     7.1991   3.282417    32.1075        867 0.0000e+00
     17.000     7.1548   3.280000    32.1220        899 0.0000e+00
     18.000     7.1426   3.279419    32.1266        925 0.0000e+00
     19.000     7.1177   3.278325    32.1374        949 0.0000e+00
     20.000     7.1030   3.277682    32.1437        973 0.0000e+00
     21.000     7.0860   3.276941    32.1510        999 0.0000e+00
     22.000     7.0545   3.275671    32.1662       1028 0.0000e+00
     23.000     7.0214   3.274333    32.1820       1055 0.0000e+00
     24.000     6.9981   3.273405    32.1932       1080 0.0000e+00
     25.000     6.9830   3.272761    32.1998       1106 0.0000e+00
     26.000     6.9670   3.272273    32.2090       1136 0.0000e+00
     27.000     6.9415   3.271853    32.2279       1163 0.0000e+00
     28.000     6.9025   3.272130    32.2670       1185 0.0000e+00
     29.000     6.8942   3.272741    32.2810       1208 0.0000e+00
     30.000     6.8934   3.273044    32.2846       1234 0.0000e+00
     31.000     6.8936   3.273649    32.2905       1266 0.0000e+00
     32.000     6.8869   3.274206    32.3024       1300 0.0000e+00
     33.000     6.8805   3.274349    32.3095       1324 0.0000e+00
     34.000     6.8785   3.274406    32.3115       1343 0.0000e+00
     35.000     6.8738   3.274446    32.3159       1363 0.0000e+00
     36.000     6.8733   3.274439    32.3159       1389 0.0000e+00
     37.000     6.8742   3.274414    32.3143       1424 0.0000e+00
     38.000     6.8752   3.274424    32.3129       1458 0.0000e+00
     39.000     6.8735   3.274497    32.3148       1482 0.0000e+00
     40.000     6.8712   3.274558    32.3172       1502 0.0000e+00
     41.000     6.8714   3.274550    32.3165       1521 0.0000e+00
     42.000     6.8717   3.274544    32.3156       1547 0.0000e+00
     43.000     6.8718   3.274557    32.3152       1584 0.0000e+00
     44.000     6.8724   3.274623    32.3149       1612 0.0000e+00
     45.000     6.8718   3.274766    32.3166       1635 0.0000e+00
     46.000     6.8705   3.274791    32.3175       1659 0.0000e+00
     47.000     6.8702   3.274781    32.3173       1684 0.0000e+00
     48.000     6.8700   3.274811    32.3173       1708 0.0000e+00
     49.000     6.8701   3.274849    32.3171       1735 0.0000e+00
     50.000     6.8707   3.274870    32.3163       1765 0.0000e+00
     51.000     6.8698   3.274946    32.3175       1792 0.0000e+00
     52.000     6.8697   3.274990    32.3177       1817 0.0000e+00
     53.000     6.8696   3.275051    32.3179       1843 0.0000e+00
     54.000     6.8697   3.275099    32.3179       1869 0.0000e+00
     55.000     6.8693   3.275208    32.3189       1892 0.0000e+00
     56.000     6.8695   3.275273    32.3190       1915 0.0000e+00
     57.000     6.8696   3.275305    32.3188       1943 0.0000e+00
     58.000     6.8697   3.275335    32.3185       1979 0.0000e+00
     59.000     6.8696   3.275395    32.3188       2009 0.0000e+00
     60.000     6.8698   3.275454    32.3188       2034 0.0000e+00
     61.000     6.8698   3.275503    32.3189       2058 0.0000e+00
     62.000     6.8698   3.275552    32.3189       2085 0.0000e+00
     63.000     6.8702   3.275596    32.3186       2119 0.0000e+00
     64.000     6.8702   3.275684    32.3191       2150 0.0000e+00
     65.000     6.8674   3.276184    32.3267       2177 0.0000e+00
     66.000     6.8640   3.277345    32.3421       2204 0.0000e+00
     67.000     6.8631   3.278496    32.3550       2230 0.0000e+00
     68.000     6.8626   3.278894    32.3594       2253 0.0000e+00
     69.000     6.8626   3.279040    32.3605       2280 0.0000e+00
     70.000     6.8625   3.279491    32.3651       2313 0.0000e+00
     71.000     6.8626   3.279822    32.3681       2344 0.0000e+00
     72.000     6.8638   3.282457    32.3953       2367 0.0000e+00
     73.000     6.8641   3.283760    32.4088       2388 0.0000e+00
     74.000     6.8642   3.284070    32.4116       2415 0.0000e+00
     75.000     6.8649   3.286519    32.4373       2450 0.0000e+00
     76.000     6.8650   3.286572    32.4373       2478 0.0000e+00
     77.000     6.8656   3.288365    32.4559       2501 0.0000e+00
     78.000     6.8659   3.289208    32.4644       2523 0.0000e+00
     79.000     6.8661   3.289505    32.4669       2551 0.0000e+00
     80.000     6.8663   3.289574    32.4670       2586 0.0000e+00
     81.000     6.8665   3.289730    32.4681       2618 0.0000e+00
     82.000     6.8667   3.289868    32.4689       2641 0.0000e+00
     83.000     6.8669   3.290102    32.4708       2661 0.0000e+00
     84.000     6.8673   3.290859    32.4782       2681 0.0000e+00
     85.000     6.8674   3.290984    32.4791       2709 0.0000e+00
     86.000     6.8676   3.291330    32.4822       2752 0.0000e+00
     87.000     6.8678   3.291900    32.4877       2782 0.0000e+00
     88.000     6.8676   3.292794    32.4972       2803 0.0000e+00
     89.000     6.8666   3.293490    32.5053       2825 0.0000e+00
     90.000     6.8668   3.294099    32.5113       2853 0.0000e+00
     91.000     6.8671   3.294479    32.5147       2884 0.0000e+00
     92.000     6.8676   3.294807    32.5174       2911 0.0000e+00
     93.000     6.8730   3.296766    32.5332       2935 0.0000e+00
     94.000     6.8829   3.299623    32.5546       2963 0.0000e+00
     95.000     6.8944   3.302691    32.5768       2995 0.0000e+00
     96.000     6.9000   3.304107    32.5865       3025 0.0000e+00
     97.000     6.9032   3.304893    32.5916       3050 0.0000e+00
     98.000     6.9040   3.305127    32.5929       3073 0.0000e+00
     99.000     6.9045   3.305296    32.5938       3099 0.0000e+00
    100.000     6.9078   3.306157    32.5996       3129 0.0000e+00
    101.000     6.9097   3.306684    32.6031       3163 0.0000e+00
    102.000     6.9110   3.307023    32.6051       3194 0.0000e+00
    103.000     6.9152   3.308018    32.6115       3219 0.0000e+00
    104.000     6.9186   3.308836    32.6167       3243 0.0000e+00
    105.000     6.9142   3.307869    32.6098       3269 0.0000e+00
    106.000     6.9229   3.310012    32.6246       3298 0.0000e+00
    107.000     6.9230   3.309957    32.6234       3328 0.0000e+00
    108.000     6.9306   3.311849    32.6364       3357 0.0000e+00
    109.000     6.9329   3.312441    32.6402       3384 0.0000e+00
    110.000     6.9483   3.315977    32.6638       3412 0.0000e+00
    111.000     6.9525   3.316952    32.6700       3443 0.0000e+00
    112.000     6.9548   3.317490    32.6731       3472 0.0000e+00
    113.000     6.9549   3.317459    32.6723       3499 0.0000e+00
    114.000     6.9573   3.318136    32.6769       3526 0.0000e+00
    115.000     6.9637   3.319540    32.6857       3554 0.0000e+00
    116.000     6.9623   3.319295    32.6838       3583 0.0000e+00
    117.000     6.9638   3.319642    32.6857       3615 0.0000e+00
    118.000     6.9651   3.319975    32.6876       3647 0.0000e+00
    119.000     6.9728   3.321576    32.6973       3674 0.0000e+00
    120.000     6.9724   3.321479    32.6962       3700 0.0000e+00
    121.000     6.9685   3.320744    32.6914       3728 0.0000e+00
    122.000     6.9715   3.321423    32.6955       3757 0.0000e+00
    123.000     6.9771   3.322638    32.7029       3785 0.0000e+00
    124.000     6.9805   3.323386    32.7074       3814 0.0000e+00
    125.000     6.9822   3.323775    32.7095       3850 0.0000e+00
    126.000     6.9838   3.324171    32.7119       3881 0.0000e+00
    127.000     6.9843   3.324314    32.7125       3993 0.0000e+00
    126.000     6.9776   3.322800    32.7028       4942 0.0000e+00
    125.000     6.9745   3.322044    32.6980       5915 0.0000e+00
    124.000     6.9699   3.321006    32.6915       5861 0.0000e+00
    123.000     6.9619   3.319330    32.6813       5885 0.0000e+00
    122.000     6.9631   3.319539    32.6829       5907 0.0000e+00
    121.000     6.9569   3.318146    32.6741       5930 0.0000e+00
    120.000     6.9517   3.317029    32.6672       5958 0.0000e+00
    119.000     6.9432   3.315000    32.6536       5988 0.0000e+00
    118.000     6.9440   3.315191    32.6555       6012 0.0000e+00
    117.000     6.9457   3.315505    32.6577       6034 0.0000e+00
    116.000     6.9450   3.315284    32.6564       6057 0.0000e+00
    115.000     6.9415   3.314458    32.6512       6084 0.0000e+00
    114.000     6.9374   3.313481    32.6449       6114 0.0000e+00
    113.000     6.9353   3.312878    32.6408       6143 0.0000e+00
    112.000     6.9302   3.311735    32.6336       6170 0.0000e+00
    111.000     6.9279   3.311082    32.6291       6193 0.0000e+00
    110.000     6.9162   3.308304    32.6104       6215 0.0000e+00
    109.000     6.9155   3.308236    32.6107       6240 0.0000e+00
    108.000     6.9150   3.308066    32.6098       6270 0.0000e+00
    107.000     6.9133   3.307607    32.6069       6297 0.0000e+00
    106.000     6.9124   3.307400    32.6060       6323 0.0000e+00
    105.000     6.9121   3.307268    32.6053       6352 0.0000e+00
    104.000     6.9085   3.306396    32.5996       6382 0.0000e+00
    103.000     6.9057   3.305646    32.5946       6406 0.0000e+00
    102.000     6.9051   3.305507    32.5941       6428 0.0000e+00
    101.000     6.9031   3.304944    32.5903       6453 0.0000e+00
    100.000     6.9009   3.304368    32.5866       6482 0.0000e+00
     99.000     6.8989   3.303825    32.5830       6512 0.0000e+00
     98.000     6.8971   3.303314    32.5796       6541 0.0000e+00
     97.000     6.8964   3.303139    32.5788       6567 0.0000e+00
     96.000     6.8901   3.301379    32.5660       6591 0.0000e+00
     95.000     6.8845   3.299937    32.5561       6617 0.0000e+00
     94.000     6.8832   3.299474    32.5526       6645 0.0000e+00
     93.000     6.8742   3.296775    32.5322       6673 0.0000e+00
     92.000     6.8694   3.295310    32.5211       6702 0.0000e+00
     91.000     6.8687   3.294893    32.5177       6730 0.0000e+00
     90.000     6.8665   3.293105    32.5007       6758 0.0000e+00
     89.000     6.8661   3.292642    32.4964       6785 0.0000e+00
     88.000     6.8664   3.291501    32.4842       6811 0.0000e+00
     87.000     6.8667   3.291066    32.4796       6841 0.0000e+00
     86.000     6.8668   3.290577    32.4747       6871 0.0000e+00
     85.000     6.8668   3.290412    32.4733       6896 0.0000e+00
     84.000     6.8667   3.290274    32.4724       6919 0.0000e+00
     83.000     6.8666   3.289968    32.4696       6943 0.0000e+00
     82.000     6.8662   3.289253    32.4627       6972 0.0000e+00
     81.000     6.8656   3.288038    32.4504       7008 0.0000e+00
     80.000     6.8647   3.285091    32.4195       7042 0.0000e+00
     79.000     6.8646   3.284258    32.4109       7067 0.0000e+00
     78.000     6.8647   3.283235    32.4002       7088 0.0000e+00
     77.000     6.8647   3.282673    32.3944       7111 0.0000e+00
     76.000     6.8647   3.282080    32.3885       7138 0.0000e+00
     75.000     6.8643   3.281590    32.3840       7169 0.0000e+00
     74.000     6.8638   3.280782    32.3760       7203 0.0000e+00
     73.000     6.8637   3.280087    32.3690       7233 0.0000e+00
     72.000     6.8636   3.279787    32.3663       7256 0.0000e+00
     71.000     6.8632   3.279454    32.3635       7279 0.0000e+00
     70.000     6.8625   3.278762    32.3570       7307 0.0000e+00
     69.000     6.8640   3.277432    32.3416       7337 0.0000e+00
     68.000     6.8665   3.276371    32.3281       7365 0.0000e+00
     67.000     6.8681   3.276121    32.3243       7750 0.0000e+00
     66.000     6.8681   3.276113    32.3247       8594 0.0000e+00
     65.000     6.8682   3.276073    32.3246       8668 0.0000e+00
     64.000     6.8680   3.276129    32.3260       8700 0.0000e+00
     63.000     6.8678   3.276095    32.3263       8727 0.0000e+00
     62.000     6.8676   3.276048    32.3264       8755 0.0000e+00
     61.000     6.8675   3.276017    32.3266       8782 0.0000e+00
     60.000     6.8674   3.275955    32.3265       8805 0.0000e+00
     59.000     6.8675   3.275862    32.3259       8826 0.0000e+00
     58.000     6.8676   3.275780    32.3254       8849 0.0000e+00
     57.000     6.8677   3.275673    32.3246       8876 0.0000e+00
     56.000     6.8677   3.275611    32.3244       8905 0.0000e+00
     55.000     6.8676   3.275581    32.3246       8933 0.0000e+00
     54.000     6.8676   3.275531    32.3246       8958 0.0000e+00
     53.000     6.8675   3.275488    32.3247       8980 0.0000e+00
     52.000     6.8674   3.275431    32.3246       9001 0.0000e+00
     51.000     6.8673   3.275375    32.3245       9024 0.0000e+00
     50.000     6.8671   3.275330    32.3248       9051 0.0000e+00
     49.000     6.8667   3.275273    32.3250       9082 0.0000e+00
     48.000     6.8662   3.275316    32.3264       9111 0.0000e+00
     47.000     6.8659   3.275305    32.3270       9135 0.0000e+00
     46.000     6.8654   3.275310    32.3281       9156 0.0000e+00
     45.000     6.8672   3.275235    32.3260       9177 0.0000e+00
     44.000     6.8701   3.275148    32.3228       9201 0.0000e+00
     43.000     6.8686   3.275085    32.3239       9231 0.0000e+00
     42.000     6.8694   3.275022    32.3231       9261 0.0000e+00
     41.000     6.8681   3.274988    32.3244       9286 0.0000e+00
     40.000     6.8744   3.274950    32.3185       9308 0.0000e+00
     39.000     6.8737   3.274893    32.3190       9330 0.0000e+00
     38.000     6.8781   3.274772    32.3140       9355 0.0000e+00
     37.000     6.8825   3.274690    32.3094       9382 0.0000e+00
     36.000     6.8828   3.274661    32.3093       9409 0.0000e+00
     35.000     6.8895   3.274509    32.3018       9434 0.0000e+00
     34.000     6.8907   3.274218    32.2980       9459 0.0000e+00
     33.000     6.9230   3.272411    32.2484       9482 0.0000e+00
     32.000     7.0112   3.273729    32.1807       9506 0.0000e+00
     31.000     7.0075   3.273654    32.1838       9533 0.0000e+00
     30.000     7.0165   3.274108    32.1809       9561 0.0000e+00
     29.000     7.0532   3.275485    32.1620       9586 0.0000e+00
     28.000     7.1031   3.277421    32.1370       9609 0.0000e+00
     27.000     7.1457   3.279416    32.1195       9633 0.0000e+00
     26.000     7.1989   3.282140    32.1000       9660 0.0000e+00
     25.000     7.2264   3.283721    32.0921       9686 0.0000e+00
     24.000     7.2842   3.287179    32.0763       9710 0.0000e+00
     23.000     7.4920   3.298718    32.0091       9737 0.0000e+00
     22.000     7.5710   3.303798    31.9913       9768 0.0000e+00
     21.000     7.6474   3.308771    31.9748       9805 0.0000e+00
     20.000     7.6873   3.311341    31.9662       9837 0.0000e+00
     19.000     7.6954   3.311884    31.9650       9867 0.0000e+00
     18.000     7.6990   3.312162    31.9651       9898 0.0000e+00
     17.000     7.7102   3.312914    31.9633       9933 0.0000e+00
     16.000     7.7269   3.313993    31.9600       9968 0.0000e+00
     15.000     7.7314   3.314286    31.9595      10003 0.0000e+00
     14.000     7.7353   3.314513    31.9588      10035 0.0000e+00
