HB2302/ctd040.cnv
* Sea-Bird SBE 9 Data File:
* FileName = C:\cruise\data\ctd040.hex
* Software Version Seasave V 7.26.7.121
* Temperature SN = 6664
* Conductivity SN = 6035
* Number of Bytes Per Scan = 37
* Number of Voltage Words = 4
* Number of Scans Averaged by the Deck Unit = 1
* NMEA Latitude = 40 53.26 N
* NMEA Longitude = 069 09.20 W
* NMEA UTC (Time) = Jun 24 2023  22:26:55
* NMEA baud rate = 4800
** Ship: Bigelow HB2301
** Program:  Spring ECOMON
** Chief Scientist:Jerry Prezioso
# nquan = 6
# nvalues = 122                         
# units = specified
# name 0 = depSM: Depth [salt water, m]
# name 1 = t090C: Temperature [ITS-90, deg C]
# name 2 = c0S/m: Conductivity [S/m]
# name 3 = sal00: Salinity, Practical [PSU]
# name 4 = scan: Scan Count
# name 5 = flag: flag
# span 0 =      2.000,     63.000       
# span 1 =    10.9470,    12.6931       
# span 2 =   3.641883,   3.786883       
# span 3 =    32.2774,    32.4786       
# span 4 =        310,       9052       
# span 5 = 0.0000e+00, 0.0000e+00       
# interval = meters: 1                  
# start_time = Jun 24 2023 22:26:55 [NMEA time, header]
# bad_flag = -9.990e-29
*END*
      3.000    12.6874   3.781582    32.2784        310 0.0000e+00
      4.000    12.6931   3.782033    32.2774        572 0.0000e+00
      5.000    12.6761   3.780681    32.2786        582 0.0000e+00
      6.000    12.6690   3.780120    32.2790        612 0.0000e+00
      7.000    12.6152   3.776002    32.2855        642 0.0000e+00
      8.000    12.5542   3.773233    32.3112        666 0.0000e+00
      9.000    12.4618   3.766819    32.3289        691 0.0000e+00
     10.000    12.4516   3.768725    32.3555        718 0.0000e+00
     11.000    12.5470   3.782409    32.4036        746 0.0000e+00
     12.000    12.5675   3.786883    32.4281        772 0.0000e+00
     13.000    12.4442   3.776182    32.4319        796 0.0000e+00
     14.000    12.1528   3.751339    32.4455        819 0.0000e+00
     15.000    11.9742   3.735873    32.4512        844 0.0000e+00
     16.000    11.7909   3.719334    32.4503        873 0.0000e+00
     17.000    11.6376   3.704938    32.4439        901 0.0000e+00
     18.000    11.5265   3.694498    32.4389        927 0.0000e+00
     19.000    11.4287   3.685143    32.4327        952 0.0000e+00
     20.000    11.2839   3.671306    32.4239        976 0.0000e+00
     21.000    11.1364   3.658272    32.4250       1001 0.0000e+00
     22.000    11.0858   3.653825    32.4253       1028 0.0000e+00
     23.000    11.0293   3.648671    32.4238       1055 0.0000e+00
     24.000    11.0183   3.647616    32.4227       1082 0.0000e+00
     25.000    11.0071   3.646612    32.4222       1110 0.0000e+00
     26.000    10.9924   3.645523    32.4240       1135 0.0000e+00
     27.000    10.9882   3.645472    32.4267       1157 0.0000e+00
     28.000    10.9930   3.645826    32.4256       1179 0.0000e+00
     29.000    10.9912   3.645677    32.4253       1208 0.0000e+00
     30.000    10.9881   3.645420    32.4251       1246 0.0000e+00
     31.000    10.9894   3.645527    32.4246       1273 0.0000e+00
     32.000    10.9847   3.645153    32.4246       1294 0.0000e+00
     33.000    10.9749   3.644333    32.4247       1313 0.0000e+00
     34.000    10.9686   3.643827    32.4249       1334 0.0000e+00
     35.000    10.9673   3.643711    32.4244       1362 0.0000e+00
     36.000    10.9678   3.643738    32.4239       1400 0.0000e+00
     37.000    10.9685   3.643818    32.4236       1427 0.0000e+00
     38.000    10.9704   3.643959    32.4228       1448 0.0000e+00
     39.000    10.9681   3.643809    32.4230       1471 0.0000e+00
     40.000    10.9692   3.643955    32.4230       1500 0.0000e+00
     41.000    10.9674   3.643781    32.4224       1530 0.0000e+00
     42.000    10.9674   3.643781    32.4221       1555 0.0000e+00
     43.000    10.9669   3.643746    32.4217       1578 0.0000e+00
     44.000    10.9672   3.643816    32.4217       1602 0.0000e+00
     45.000    10.9692   3.644058    32.4219       1632 0.0000e+00
     46.000    10.9674   3.643909    32.4216       1660 0.0000e+00
     47.000    10.9669   3.643856    32.4211       1686 0.0000e+00
     48.000    10.9656   3.643811    32.4214       1710 0.0000e+00
     49.000    10.9659   3.643851    32.4211       1734 0.0000e+00
     50.000    10.9660   3.643915    32.4212       1762 0.0000e+00
     51.000    10.9668   3.644007    32.4210       1794 0.0000e+00
     52.000    10.9654   3.643908    32.4208       1822 0.0000e+00
     53.000    10.9632   3.643750    32.4208       1845 0.0000e+00
     54.000    10.9591   3.643381    32.4203       1865 0.0000e+00
     55.000    10.9542   3.642936    32.4198       1885 0.0000e+00
     56.000    10.9573   3.643280    32.4200       1916 0.0000e+00
     57.000    10.9566   3.643222    32.4196       1958 0.0000e+00
     58.000    10.9501   3.642627    32.4191       1981 0.0000e+00
     59.000    10.9578   3.643942    32.4249       2000 0.0000e+00
     60.000    10.9721   3.646273    32.4349       2020 0.0000e+00
     61.000    10.9823   3.647754    32.4401       2044 0.0000e+00
     62.000    10.9849   3.648193    32.4417       2077 0.0000e+00
     63.000    11.0359   3.656527    32.4786       2632 0.0000e+00
     62.000    11.0300   3.655599    32.4750       3638 0.0000e+00
     61.000    11.0276   3.655150    32.4732       3783 0.0000e+00
     60.000    11.0213   3.654032    32.4681       3799 0.0000e+00
     59.000    11.0155   3.653039    32.4639       3834 0.0000e+00
     58.000    11.0172   3.653252    32.4649       3867 0.0000e+00
     57.000    11.0154   3.652835    32.4628       3891 0.0000e+00
     56.000    10.9996   3.650182    32.4509       3911 0.0000e+00
     55.000    10.9982   3.650122    32.4520       3929 0.0000e+00
     54.000    10.9924   3.649041    32.4469       3949 0.0000e+00
     53.000    10.9879   3.648421    32.4452       3976 0.0000e+00
     52.000    10.9482   3.642151    32.4186       4015 0.0000e+00
     51.000    10.9470   3.641883    32.4174       4044 0.0000e+00
     50.000    10.9514   3.642334    32.4184       4066 0.0000e+00
     49.000    10.9535   3.642460    32.4183       4088 0.0000e+00
     48.000    10.9533   3.642385    32.4181       4109 0.0000e+00
     47.000    10.9533   3.642353    32.4182       4130 0.0000e+00
     46.000    10.9542   3.642344    32.4177       4155 0.0000e+00
     45.000    10.9520   3.642046    32.4172       4187 0.0000e+00
     44.000    10.9532   3.642163    32.4177       4223 0.0000e+00
     43.000    10.9568   3.642495    32.4182       4249 0.0000e+00
     42.000    10.9589   3.642681    32.4187       4268 0.0000e+00
     41.000    10.9599   3.642723    32.4187       4287 0.0000e+00
     40.000    10.9577   3.642403    32.4179       4306 0.0000e+00
     39.000    10.9533   3.641907    32.4172       4334 0.0000e+00
     38.000    10.9610   3.642602    32.4177       4375 0.0000e+00
     37.000    10.9798   3.644226    32.4176       4406 0.0000e+00
     36.000    10.9789   3.643973    32.4163       4427 0.0000e+00
     35.000    10.9869   3.644575    32.4156       4445 0.0000e+00
     34.000    10.9834   3.644228    32.4157       4465 0.0000e+00
     33.000    10.9823   3.644126    32.4161       4489 0.0000e+00
     32.000    10.9787   3.643804    32.4165       4522 0.0000e+00
     31.000    10.9947   3.645166    32.4163       5922 0.0000e+00
     30.000    10.9812   3.643623    32.4134       6437 0.0000e+00
     29.000    10.9915   3.644551    32.4140       6434 0.0000e+00
     28.000    10.9948   3.644846    32.4143       6458 0.0000e+00
     27.000    10.9947   3.645078    32.4172       6480 0.0000e+00
     26.000    11.0375   3.648967    32.4183       6502 0.0000e+00
     25.000    11.0353   3.648657    32.4175       6525 0.0000e+00
     24.000    11.0312   3.648316    32.4182       6548 0.0000e+00
     23.000    11.0375   3.648882    32.4187       6574 0.0000e+00
     22.000    11.0403   3.649134    32.4191       6605 0.0000e+00
     21.000    11.0498   3.649890    32.4186       6636 0.0000e+00
     20.000    11.0563   3.650468    32.4191       6661 0.0000e+00
     19.000    11.0906   3.653372    32.4179       6683 0.0000e+00
     18.000    11.1155   3.655071    32.4131       6704 0.0000e+00
     17.000    11.1311   3.656358    32.4124       6728 0.0000e+00
     16.000    11.1498   3.657749    32.4101       6755 0.0000e+00
     15.000    11.2546   3.667358    32.4129       6784 0.0000e+00
     14.000    11.4003   3.681133    32.4205       6814 0.0000e+00
     13.000    11.5345   3.693749    32.4267       6841 0.0000e+00
     12.000    11.6221   3.701680    32.4278       6865 0.0000e+00
     11.000    11.8223   3.720915    32.4404       8180 0.0000e+00
     10.000    12.0733   3.740600    32.4128       8609 0.0000e+00
      9.000    12.3311   3.758817    32.3651       8658 0.0000e+00
      8.000    12.5120   3.771041    32.3265       8701 0.0000e+00
      7.000    12.5242   3.771854    32.3241       8737 0.0000e+00
      6.000    12.5439   3.772121    32.3102       8764 0.0000e+00
      5.000    12.5489   3.772248    32.3075       8790 0.0000e+00
      4.000    12.5384   3.772270    32.3172       8836 0.0000e+00
      3.000    12.5319   3.772572    32.3260       8879 0.0000e+00
      2.000    12.5437   3.771594    32.3070       9052 0.0000e+00
