HB2302/ctd019.cnv
* Sea-Bird SBE 9 Data File:
* FileName = C:\cruise\data\ctd019.hex
* Software Version Seasave V 7.26.7.121
* Temperature SN = 6664
* Conductivity SN = 6035
* Number of Bytes Per Scan = 37
* Number of Voltage Words = 4
* Number of Scans Averaged by the Deck Unit = 1
* NMEA Latitude = 41 28.16 N
* NMEA Longitude = 067 42.03 W
* NMEA UTC (Time) = Jun 17 2023  02:43:33
* NMEA baud rate = 4800
** Ship: Bigelow HB2301
** Program:  Spring ECOMON
** Chief Scientist:Jerry Prezioso
# nquan = 6
# nvalues = 65                          
# units = specified
# name 0 = depSM: Depth [salt water, m]
# name 1 = t090C: Temperature [ITS-90, deg C]
# name 2 = c0S/m: Conductivity [S/m]
# name 3 = sal00: Salinity, Practical [PSU]
# name 4 = scan: Scan Count
# name 5 = flag: flag
# span 0 =      3.000,     35.000       
# span 1 =    12.6294,    12.6363       
# span 2 =   3.823322,   3.824930       
# span 3 =    32.7227,    32.7247       
# span 4 =        152,       6995       
# span 5 = 0.0000e+00, 0.0000e+00       
# interval = meters: 1                  
# start_time = Jun 17 2023 02:43:33 [NMEA time, header]
# bad_flag = -9.990e-29
*END*
      3.000    12.6324   3.823465    32.7244        152 0.0000e+00
      4.000    12.6324   3.823508    32.7244        351 0.0000e+00
      5.000    12.6341   3.823715    32.7245        391 0.0000e+00
      6.000    12.6345   3.823808    32.7246        418 0.0000e+00
      7.000    12.6344   3.823848    32.7247        442 0.0000e+00
      8.000    12.6341   3.823835    32.7244        469 0.0000e+00
      9.000    12.6343   3.823895    32.7244        504 0.0000e+00
     10.000    12.6345   3.823960    32.7244        538 0.0000e+00
     11.000    12.6346   3.824010    32.7244        562 0.0000e+00
     12.000    12.6350   3.824087    32.7244        582 0.0000e+00
     13.000    12.6352   3.824168    32.7246        603 0.0000e+00
     14.000    12.6351   3.824192    32.7245        628 0.0000e+00
     15.000    12.6350   3.824219    32.7244        659 0.0000e+00
     16.000    12.6341   3.824161    32.7243        693 0.0000e+00
     17.000    12.6344   3.824247    32.7244        720 0.0000e+00
     18.000    12.6356   3.824401    32.7243        742 0.0000e+00
     19.000    12.6357   3.824429    32.7241        762 0.0000e+00
     20.000    12.6358   3.824491    32.7242        783 0.0000e+00
     21.000    12.6361   3.824589    32.7245        812 0.0000e+00
     22.000    12.6358   3.824599    32.7245        848 0.0000e+00
     23.000    12.6357   3.824612    32.7242        877 0.0000e+00
     24.000    12.6358   3.824681    32.7244        899 0.0000e+00
     25.000    12.6362   3.824765    32.7244        918 0.0000e+00
     26.000    12.6362   3.824804    32.7244        941 0.0000e+00
     27.000    12.6361   3.824830    32.7244        971 0.0000e+00
     28.000    12.6363   3.824898    32.7244       1005 0.0000e+00
     29.000    12.6361   3.824916    32.7243       1031 0.0000e+00
     30.000    12.6359   3.824930    32.7242       1053 0.0000e+00
     31.000    12.6303   3.824343    32.7231       1075 0.0000e+00
     32.000    12.6296   3.824314    32.7230       1101 0.0000e+00
     33.000    12.6310   3.824516    32.7233       1129 0.0000e+00
     34.000    12.6312   3.824572    32.7232       1155 0.0000e+00
     35.000    12.6305   3.824530    32.7231       1176 0.0000e+00
     34.000    12.6294   3.824366    32.7228       2708 0.0000e+00
     33.000    12.6306   3.824426    32.7227       2991 0.0000e+00
     32.000    12.6323   3.824563    32.7230       3047 0.0000e+00
     31.000    12.6317   3.824470    32.7231       3093 0.0000e+00
     30.000    12.6317   3.824428    32.7231       3149 0.0000e+00
     29.000    12.6319   3.824405    32.7231       3183 0.0000e+00
     28.000    12.6318   3.824358    32.7231       3212 0.0000e+00
     27.000    12.6320   3.824355    32.7234       3247 0.0000e+00
     26.000    12.6317   3.824252    32.7230       3284 0.0000e+00
     25.000    12.6317   3.824230    32.7233       3315 0.0000e+00
     24.000    12.6326   3.824285    32.7234       3357 0.0000e+00
     23.000    12.6339   3.824374    32.7235       3405 0.0000e+00
     22.000    12.6329   3.824215    32.7233       3432 0.0000e+00
     21.000    12.6323   3.824119    32.7233       3459 0.0000e+00
     20.000    12.6321   3.824050    32.7233       3500 0.0000e+00
     19.000    12.6321   3.824016    32.7233       3556 0.0000e+00
     18.000    12.6313   3.823890    32.7233       4167 0.0000e+00
     17.000    12.6339   3.824151    32.7239       4811 0.0000e+00
     16.000    12.6336   3.824067    32.7237       4801 0.0000e+00
     15.000    12.6334   3.823990    32.7236       4871 0.0000e+00
     14.000    12.6328   3.823870    32.7234       4931 0.0000e+00
     13.000    12.6328   3.823816    32.7233       4996 0.0000e+00
     12.000    12.6328   3.823821    32.7237       5394 0.0000e+00
     11.000    12.6338   3.823893    32.7239       6230 0.0000e+00
     10.000    12.6334   3.823804    32.7239       6203 0.0000e+00
      9.000    12.6329   3.823654    32.7233       6295 0.0000e+00
      8.000    12.6330   3.823643    32.7235       6324 0.0000e+00
      7.000    12.6326   3.823585    32.7237       6360 0.0000e+00
      6.000    12.6329   3.823564    32.7237       6398 0.0000e+00
      5.000    12.6323   3.823439    32.7234       6430 0.0000e+00
      4.000    12.6320   3.823386    32.7236       6464 0.0000e+00
      3.000    12.6317   3.823322    32.7236       6995 0.0000e+00
