HB2302/ctd001.cnv
* Sea-Bird SBE 9 Data File:
* FileName = C:\cruise\data\ctd001.hex
* Software Version Seasave V 7.26.7.121
* Temperature SN = 6664
* Conductivity SN = 6035
* Number of Bytes Per Scan = 37
* Number of Voltage Words = 4
* Number of Scans Averaged by the Deck Unit = 1
* NMEA Latitude = 40 40.58 N
* NMEA Longitude = 070 37.65 W
* NMEA UTC (Time) = Jun 09 2023  07:57:17
* NMEA baud rate = 4800
** Ship: Bigelow HB2301
** Program:  Spring ECOMON
** Chief Scientist:Jerry Prezioso
# nquan = 6
# nvalues = 110                         
# units = specified
# name 0 = depSM: Depth [salt water, m]
# name 1 = t090C: Temperature [ITS-90, deg C]
# name 2 = c0S/m: Conductivity [S/m]
# name 3 = sal00: Salinity, Practical [PSU]
# name 4 = scan: Scan Count
# name 5 = flag: flag
# span 0 =      2.000,     57.000       
# span 1 =     9.0704,    12.8358       
# span 2 =   3.531523,   3.822111       
# span 3 =    32.5185,    32.9944       
# span 4 =        129,      14173       
# span 5 = 0.0000e+00, 0.0000e+00       
# interval = meters: 1                  
# start_time = Jun 09 2023 07:57:17 [NMEA time, header]
# bad_flag = -9.990e-29
*END*
      2.000    12.7220   3.811876    32.5369        129 0.0000e+00
      3.000    12.8358   3.822111    32.5353        308 0.0000e+00
      4.000    12.4252   3.783940    32.5263        351 0.0000e+00
      5.000    12.4265   3.783705    32.5225        380 0.0000e+00
      6.000    12.4473   3.786230    32.5283        404 0.0000e+00
      7.000    12.4003   3.781848    32.5266        424 0.0000e+00
      8.000    12.4171   3.783567    32.5281        446 0.0000e+00
      9.000    12.4358   3.785050    32.5257        472 0.0000e+00
     10.000    12.3996   3.783589    32.5427        505 0.0000e+00
     11.000    12.3058   3.779766    32.5871        534 0.0000e+00
     12.000    12.1589   3.767004    32.5919        557 0.0000e+00
     13.000    12.0385   3.755701    32.5875        580 0.0000e+00
     14.000    12.0026   3.752425    32.5868        606 0.0000e+00
     15.000    11.9008   3.741584    32.5705        636 0.0000e+00
     16.000    11.7141   3.722482    32.5481        662 0.0000e+00
     17.000    11.6422   3.717831    32.5655        684 0.0000e+00
     18.000    11.6221   3.720296    32.6068        707 0.0000e+00
     19.000    11.5446   3.714971    32.6226        732 0.0000e+00
     20.000    11.4724   3.708457    32.6221        760 0.0000e+00
     21.000    11.3088   3.692279    32.6075        791 0.0000e+00
     22.000    11.1435   3.677027    32.6032        819 0.0000e+00
     23.000    11.0035   3.663176    32.5901        846 0.0000e+00
     24.000    10.7867   3.641158    32.5640        870 0.0000e+00
     25.000    10.5354   3.616852    32.5451        893 0.0000e+00
     26.000    10.5479   3.618818    32.5532        915 0.0000e+00
     27.000    10.5903   3.623294    32.5597        938 0.0000e+00
     28.000    10.3768   3.605230    32.5692        965 0.0000e+00
     29.000    10.3016   3.599387    32.5775        997 0.0000e+00
     30.000    10.3142   3.601253    32.5845       1027 0.0000e+00
     31.000    10.3391   3.603847    32.5878       1053 0.0000e+00
     32.000    10.3706   3.607781    32.5986       1079 0.0000e+00
     33.000    10.3994   3.611465    32.6094       1102 0.0000e+00
     34.000    10.4378   3.616013    32.6201       1123 0.0000e+00
     35.000    10.4556   3.619713    32.6408       1146 0.0000e+00
     36.000    10.5529   3.633921    32.6955       1175 0.0000e+00
     37.000    10.5802   3.639331    32.7247       1213 0.0000e+00
     38.000    10.5186   3.636506    32.7513       1242 0.0000e+00
     39.000    10.2035   3.612301    32.7915       1262 0.0000e+00
     40.000     9.9881   3.595653    32.8179       1279 0.0000e+00
     41.000     9.8196   3.580634    32.8180       1297 0.0000e+00
     42.000     9.8133   3.580107    32.8180       1321 0.0000e+00
     43.000     9.7897   3.577720    32.8146       1365 0.0000e+00
     44.000     9.6185   3.560844    32.7979       1402 0.0000e+00
     45.000     9.5160   3.551565    32.7960       1422 0.0000e+00
     46.000     9.5017   3.550123    32.7938       1441 0.0000e+00
     47.000     9.4692   3.546538    32.7863       1459 0.0000e+00
     48.000     9.3653   3.540148    32.8154       1482 0.0000e+00
     49.000     9.2843   3.540418    32.8922       1513 0.0000e+00
     50.000     9.2320   3.539144    32.9267       1546 0.0000e+00
     51.000     9.1636   3.536936    32.9666       1573 0.0000e+00
     52.000     9.1386   3.535895    32.9785       1597 0.0000e+00
     53.000     9.1291   3.535441    32.9821       1621 0.0000e+00
     54.000     9.1039   3.534288    32.9930       1647 0.0000e+00
     55.000     9.1019   3.534112    32.9926       1673 0.0000e+00
     56.000     9.1010   3.534030    32.9921       1700 0.0000e+00
     57.000     9.1648   3.536809    32.9614       2832 0.0000e+00
     56.000     9.0704   3.531523    32.9944       9317 0.0000e+00
     55.000     9.1016   3.533275    32.9841       9421 0.0000e+00
     54.000     9.1026   3.533294    32.9839       9562 0.0000e+00
     53.000     9.1053   3.533389    32.9829       9636 0.0000e+00
     52.000     9.1398   3.534762    32.9656       9726 0.0000e+00
     51.000     9.1502   3.535175    32.9608       9776 0.0000e+00
     50.000     9.2120   3.537277    32.9258       9874 0.0000e+00
     49.000     9.2527   3.538259    32.8990       9928 0.0000e+00
     48.000     9.3003   3.538327    32.8563      10020 0.0000e+00
     47.000     9.3499   3.536526    32.7926      10074 0.0000e+00
     46.000     9.3267   3.537255    32.8219      10181 0.0000e+00
     45.000     9.4718   3.545898    32.7783      10225 0.0000e+00
     44.000     9.4782   3.547549    32.7899      10307 0.0000e+00
     43.000     9.5367   3.552795    32.7906      10390 0.0000e+00
     42.000     9.5707   3.555570    32.7885      10456 0.0000e+00
     41.000     9.6874   3.566679    32.7961      10542 0.0000e+00
     40.000     9.9072   3.586158    32.7950      10596 0.0000e+00
     39.000     9.8698   3.582833    32.7955      10698 0.0000e+00
     38.000    10.2268   3.612542    32.7734      10747 0.0000e+00
     37.000    10.4040   3.625651    32.7460      10842 0.0000e+00
     36.000    10.5014   3.632144    32.7239      10901 0.0000e+00
     35.000    10.4040   3.623813    32.7283      10979 0.0000e+00
     34.000    10.4516   3.619665    32.6444      11067 0.0000e+00
     33.000    10.4034   3.614145    32.6327      11126 0.0000e+00
     32.000    10.3737   3.611514    32.6334      11212 0.0000e+00
     31.000    10.3109   3.605836    32.6331      11281 0.0000e+00
     30.000    10.2827   3.601067    32.6108      11354 0.0000e+00
     29.000    10.2536   3.594591    32.5722      11442 0.0000e+00
     28.000    10.3164   3.596901    32.5396      12161 0.0000e+00
     27.000    10.4507   3.609268    32.5440      12745 0.0000e+00
     26.000    10.5184   3.614186    32.5332      12784 0.0000e+00
     25.000    10.5125   3.612895    32.5260      12832 0.0000e+00
     24.000    10.5170   3.613526    32.5287      12904 0.0000e+00
     23.000    10.5782   3.619509    32.5343      12941 0.0000e+00
     22.000    10.8382   3.645719    32.5642      12972 0.0000e+00
     21.000    11.2141   3.681922    32.5893      13018 0.0000e+00
     20.000    11.2605   3.685928    32.5881      13058 0.0000e+00
     19.000    11.2299   3.682590    32.5828      13085 0.0000e+00
     18.000    11.4355   3.702826    32.6003      13114 0.0000e+00
     17.000    11.5874   3.714677    32.5829      13163 0.0000e+00
     16.000    11.6049   3.713933    32.5607      13204 0.0000e+00
     15.000    11.6130   3.713406    32.5489      13231 0.0000e+00
     14.000    11.7668   3.726696    32.5438      13260 0.0000e+00
     13.000    11.8588   3.736537    32.5591      13306 0.0000e+00
     12.000    11.8968   3.740709    32.5667      13349 0.0000e+00
     11.000    11.8749   3.738578    32.5657      13377 0.0000e+00
     10.000    12.4077   3.782596    32.5262      13407 0.0000e+00
      9.000    12.4606   3.786539    32.5185      13448 0.0000e+00
      8.000    12.4037   3.782217    32.5268      13496 0.0000e+00
      7.000    12.3711   3.779361    32.5281      13531 0.0000e+00
      6.000    12.4258   3.784228    32.5277      13567 0.0000e+00
      5.000    12.4689   3.787381    32.5209      13613 0.0000e+00
      4.000    12.4278   3.783667    32.5214      13667 0.0000e+00
      3.000    12.4783   3.788237    32.5218      14173 0.0000e+00
