HB2302/ctd016.cnv
* Sea-Bird SBE 9 Data File:
* FileName = C:\cruise\data\ctd016.hex
* Software Version Seasave V 7.26.7.121
* Temperature SN = 6664
* Conductivity SN = 6035
* Number of Bytes Per Scan = 37
* Number of Voltage Words = 4
* Number of Scans Averaged by the Deck Unit = 1
* NMEA Latitude = 40 14.98 N
* NMEA Longitude = 067 41.72 W
* NMEA UTC (Time) = Jun 16 2023  06:44:58
* NMEA baud rate = 4800
** Ship: Bigelow HB2301
** Program:  Spring ECOMON
** Chief Scientist:Jerry Prezioso
# nquan = 6
# nvalues = 1000                        
# units = specified
# name 0 = depSM: Depth [salt water, m]
# name 1 = t090C: Temperature [ITS-90, deg C]
# name 2 = c0S/m: Conductivity [S/m]
# name 3 = sal00: Salinity, Practical [PSU]
# name 4 = scan: Scan Count
# name 5 = flag: flag
# span 0 =      2.000,    502.000       
# span 1 =     6.2800,    14.8068       
# span 2 =   3.489357,   4.286542       
# span 3 =    32.4801,    35.7654       
# span 4 =        165,      39888       
# span 5 = 0.0000e+00, 0.0000e+00       
# interval = meters: 1                  
# start_time = Jun 16 2023 06:44:58 [NMEA time, header]
# bad_flag = -9.990e-29
*END*
[from data line 717]
    284.000     9.3153   3.777052    35.2058      22709 0.0000e+00
    283.000     9.3336   3.778824    35.2067      22739 0.0000e+00
    282.000     9.3461   3.780056    35.2077      22782 0.0000e+00
    281.000     9.3472   3.780184    35.2084      22819 0.0000e+00
    280.000     9.3529   3.780760    35.2093      22847 0.0000e+00
    279.000     9.3611   3.781524    35.2096      22873 0.0000e+00
    278.000     9.3759   3.783044    35.2113      22897 0.0000e+00
    277.000     9.4550   3.791153    35.2182      22922 0.0000e+00
    276.000     9.5301   3.798598    35.2221      22950 0.0000e+00
    275.000     9.5502   3.800781    35.2254      22986 0.0000e+00
    274.000     9.5702   3.802833    35.2274      23026 0.0000e+00
    273.000     9.5703   3.802871    35.2283      23055 0.0000e+00
    272.000     9.5719   3.803023    35.2287      23078 0.0000e+00
    271.000     9.5799   3.803899    35.2304      23099 0.0000e+00
    270.000     9.6137   3.807334    35.2332      23124 0.0000e+00
    269.000     9.7192   3.818106    35.2415      23160 0.0000e+00
    268.000     9.8926   3.836052    35.2569      23203 0.0000e+00
    267.000    10.0701   3.854995    35.2782      23234 0.0000e+00
    266.000    10.2181   3.870632    35.2941      23258 0.0000e+00
    265.000    10.2581   3.874858    35.2986      23282 0.0000e+00
    264.000    10.2706   3.876378    35.3024      23312 0.0000e+00
    263.000    10.2893   3.878371    35.3049      23344 0.0000e+00
    262.000    10.2846   3.877910    35.3053      23372 0.0000e+00
    261.000    10.2827   3.877778    35.3063      23400 0.0000e+00
    260.000    10.2951   3.879118    35.3083      23441 0.0000e+00
    259.000    10.3140   3.881063    35.3102      23478 0.0000e+00
    258.000    10.3215   3.881776    35.3106      23501 0.0000e+00
    257.000    10.3191   3.881525    35.3109      23523 0.0000e+00
    256.000    10.3237   3.881975    35.3114      23550 0.0000e+00
    255.000    10.3254   3.882104    35.3115      23581 0.0000e+00
    254.000    10.3348   3.883078    35.3127      23612 0.0000e+00
    253.000    10.3489   3.884448    35.3134      23643 0.0000e+00
    252.000    10.3673   3.886383    35.3156      23686 0.0000e+00
    251.000    10.3771   3.887366    35.3165      23727 0.0000e+00
    250.000    10.3819   3.887824    35.3170      23749 0.0000e+00
    249.000    10.3880   3.888382    35.3172      23767 0.0000e+00
    248.000    10.3855   3.888126    35.3174      23785 0.0000e+00
    247.000    10.4042   3.889908    35.3179      27688 0.0000e+00
    246.000    10.4208   3.891560    35.3190      29944 0.0000e+00
    245.000    10.4199   3.891417    35.3189      30024 0.0000e+00
    244.000    10.4159   3.891024    35.3192      30059 0.0000e+00
    243.000    10.4191   3.891365    35.3200      30097 0.0000e+00
    242.000    10.4193   3.891334    35.3200      30120 0.0000e+00
    241.000    10.4301   3.892414    35.3209      30138 0.0000e+00
    240.000    10.4506   3.894505    35.3226      30158 0.0000e+00
    239.000    10.4969   3.899028    35.3241      30184 0.0000e+00
    238.000    10.5225   3.901620    35.3258      30220 0.0000e+00
    237.000    10.5662   3.905735    35.3256      30248 0.0000e+00
    236.000    10.6077   3.909742    35.3263      30271 0.0000e+00
    235.000    10.6504   3.913993    35.3283      30294 0.0000e+00
    234.000    10.6620   3.915203    35.3298      30319 0.0000e+00
    233.000    10.6609   3.915082    35.3301      30351 0.0000e+00
    232.000    10.6708   3.916178    35.3320      30396 0.0000e+00
    231.000    10.6993   3.919219    35.3356      30435 0.0000e+00
    230.000    10.7436   3.923839    35.3397      30461 0.0000e+00
    229.000    10.7829   3.927994    35.3440      30481 0.0000e+00
    228.000    10.8093   3.930802    35.3472      30500 0.0000e+00
    227.000    10.8349   3.933733    35.3524      30524 0.0000e+00
    226.000    10.9098   3.941963    35.3631      30558 0.0000e+00
    225.000    10.9288   3.944010    35.3658      30593 0.0000e+00
    224.000    10.9347   3.944656    35.3670      30621 0.0000e+00
    223.000    10.9999   3.951770    35.3758      30647 0.0000e+00
    222.000    11.0407   3.955978    35.3791      30672 0.0000e+00
    221.000    11.1040   3.962692    35.3856      30695 0.0000e+00
    220.000    11.1384   3.966422    35.3902      30715 0.0000e+00
    219.000    11.1494   3.967481    35.3906      30736 0.0000e+00
    218.000    11.1569   3.968237    35.3914      30765 0.0000e+00
    217.000    11.1716   3.969806    35.3933      30800 0.0000e+00
    216.000    11.1701   3.969550    35.3927      30827 0.0000e+00
    215.000    11.1778   3.970496    35.3951      30849 0.0000e+00
    214.000    11.2028   3.973102    35.3975      30872 0.0000e+00
    213.000    11.2414   3.977123    35.4009      30899 0.0000e+00
    212.000    11.2556   3.978424    35.4007      30929 0.0000e+00
    211.000    11.2468   3.977698    35.4023      30955 0.0000e+00
    210.000    11.2817   3.981474    35.4069      30977 0.0000e+00
    209.000    11.3916   3.994024    35.4264      30999 0.0000e+00
    208.000    11.6291   4.020721    35.4633      31030 0.0000e+00
    207.000    11.6656   4.024715    35.4682      31063 0.0000e+00
    206.000    11.6685   4.025127    35.4699      31086 0.0000e+00
    205.000    11.6883   4.027419    35.4740      31106 0.0000e+00
    204.000    11.7301   4.031935    35.4790      31129 0.0000e+00
    203.000    11.7743   4.036856    35.4856      31159 0.0000e+00
    202.000    11.8000   4.039605    35.4885      31190 0.0000e+00
    201.000    11.8277   4.042777    35.4937      31214 0.0000e+00
    200.000    11.8561   4.045754    35.4963      31235 0.0000e+00
    199.000    11.8973   4.050353    35.5025      31257 0.0000e+00
    198.000    11.9762   4.058730    35.5098      31286 0.0000e+00
    197.000    12.0358   4.065016    35.5149      31321 0.0000e+00
    196.000    12.0527   4.066625    35.5149      31348 0.0000e+00
    195.000    12.0546   4.066806    35.5154      31370 0.0000e+00
    194.000    12.0616   4.067544    35.5164      31392 0.0000e+00
    193.000    12.0713   4.068535    35.5172      31417 0.0000e+00
    192.000    12.0808   4.069559    35.5186      31446 0.0000e+00
    191.000    12.0979   4.071535    35.5221      31479 0.0000e+00
    190.000    12.1933   4.081988    35.5338      31505 0.0000e+00
    189.000    12.2201   4.084828    35.5364      31525 0.0000e+00
    188.000    12.2641   4.089504    35.5405      31544 0.0000e+00
    187.000    12.2721   4.090353    35.5416      31565 0.0000e+00
    186.000    12.2755   4.090760    35.5428      31595 0.0000e+00
    185.000    12.2802   4.091325    35.5443      31633 0.0000e+00
    184.000    12.2816   4.091464    35.5447      31659 0.0000e+00
    183.000    12.2827   4.091540    35.5449      31680 0.0000e+00
    182.000    12.2845   4.091715    35.5453      31701 0.0000e+00
    181.000    12.2891   4.092188    35.5460      31729 0.0000e+00
    180.000    12.3028   4.093733    35.5484      31756 0.0000e+00
    179.000    12.3372   4.097513    35.5529      31779 0.0000e+00
    178.000    12.3599   4.099854    35.5545      31799 0.0000e+00
    177.000    12.3632   4.100246    35.5556      31830 0.0000e+00
    176.000    12.3704   4.101030    35.5568      31871 0.0000e+00
    175.000    12.3816   4.102219    35.5582      31893 0.0000e+00
    174.000    12.3927   4.103403    35.5596      31910 0.0000e+00
    173.000    12.3938   4.103443    35.5594      31927 0.0000e+00
    172.000    12.3915   4.103158    35.5593      31947 0.0000e+00
    171.000    12.3903   4.102950    35.5588      31977 0.0000e+00
    170.000    12.3908   4.102994    35.5592      32013 0.0000e+00
    169.000    12.3942   4.103397    35.5603      32042 0.0000e+00
    168.000    12.4128   4.105452    35.5630      32068 0.0000e+00
    167.000    12.4204   4.106017    35.5618      32093 0.0000e+00
    166.000    12.4310   4.107280    35.5644      32116 0.0000e+00
    165.000    12.4897   4.113725    35.5716      32137 0.0000e+00
    164.000    12.5221   4.117206    35.5750      32159 0.0000e+00
    163.000    12.5490   4.119987    35.5769      32185 0.0000e+00
    162.000    12.5572   4.120865    35.5780      32211 0.0000e+00
    161.000    12.5693   4.121996    35.5779      32234 0.0000e+00
    160.000    12.5853   4.123446    35.5772      32259 0.0000e+00
    159.000    12.6328   4.128125    35.5779      32301 0.0000e+00
    158.000    12.6584   4.130731    35.5792      32336 0.0000e+00
    157.000    12.6446   4.128321    35.5694      32354 0.0000e+00
    156.000    12.6108   4.123496    35.5554      32368 0.0000e+00
    155.000    12.6065   4.122804    35.5532      32382 0.0000e+00
    154.000    12.6073   4.122591    35.5509      32399 0.0000e+00
    153.000    12.6196   4.123766    35.5509      32442 0.0000e+00
    152.000    12.8936   4.156611    35.6087      32492 0.0000e+00
    151.000    13.0142   4.169533    35.6193      32511 0.0000e+00
    150.000    13.0878   4.177082    35.6226      32529 0.0000e+00
    149.000    13.0843   4.176220    35.6181      32547 0.0000e+00
    148.000    13.0470   4.171007    35.6038      32570 0.0000e+00
    147.000    13.0647   4.172669    35.6035      32598 0.0000e+00
    146.000    13.0954   4.175951    35.6064      32632 0.0000e+00
    145.000    13.0916   4.175144    35.6027      32669 0.0000e+00
    144.000    13.1268   4.179324    35.6099      32694 0.0000e+00
    143.000    13.1813   4.185292    35.6161      32715 0.0000e+00
    142.000    13.2190   4.189393    35.6203      32735 0.0000e+00
    141.000    13.3215   4.201547    35.6400      32758 0.0000e+00
    140.000    13.4511   4.215898    35.6552      32789 0.0000e+00
    139.000    13.5071   4.222123    35.6621      32823 0.0000e+00
    138.000    13.5385   4.226094    35.6707      32851 0.0000e+00
    137.000    13.6391   4.237924    35.6889      32875 0.0000e+00
    136.000    13.6696   4.241432    35.6939      32898 0.0000e+00
    135.000    13.6984   4.244526    35.6966      32924 0.0000e+00
    134.000    13.7074   4.245441    35.6972      32957 0.0000e+00
    133.000    13.8396   4.261640    35.7266      32987 0.0000e+00
    132.000    13.9635   4.276264    35.7488      33012 0.0000e+00
    131.000    13.9936   4.279713    35.7535      33036 0.0000e+00
    130.000    14.0499   4.286542    35.7654      33060 0.0000e+00
    129.000    13.9555   4.273216    35.7290      33086 0.0000e+00
    128.000    13.9165   4.267935    35.7162      33116 0.0000e+00
    127.000    13.6286   4.228575    35.6148      33146 0.0000e+00
    126.000    13.4374   4.203923    35.5607      33175 0.0000e+00
    125.000    13.4079   4.199305    35.5449      33204 0.0000e+00
    124.000    13.3728   4.194560    35.5332      33230 0.0000e+00
    123.000    13.3860   4.195871    35.5337      33255 0.0000e+00
    122.000    13.3481   4.190633    35.5198      33280 0.0000e+00
    121.000    13.2919   4.183257    35.5028      33304 0.0000e+00
    120.000    13.1827   4.169439    35.4738      33331 0.0000e+00
    119.000    13.1670   4.167397    35.4695      33369 0.0000e+00
    118.000    13.1698   4.167645    35.4697      33408 0.0000e+00
    117.000    13.2123   4.172920    35.4806      33432 0.0000e+00
    116.000    13.2715   4.179681    35.4901      33451 0.0000e+00
    115.000    13.2874   4.182245    35.4999      33471 0.0000e+00
    114.000    13.5041   4.207821    35.5406      33494 0.0000e+00
    113.000    13.5537   4.213370    35.5472      33521 0.0000e+00
    112.000    13.5718   4.215227    35.5483      33553 0.0000e+00
    111.000    13.5727   4.215084    35.5465      33591 0.0000e+00
    110.000    13.6642   4.225894    35.5637      33628 0.0000e+00
    109.000    13.6323   4.220367    35.5417      33655 0.0000e+00
    108.000    13.4012   4.190724    35.4772      33676 0.0000e+00
    107.000    13.2881   4.176519    35.4484      33695 0.0000e+00
    106.000    13.2411   4.170598    35.4364      33714 0.0000e+00
    105.000    13.2587   4.172578    35.4392      33741 0.0000e+00
    104.000    13.3778   4.185935    35.4554      33788 0.0000e+00
    103.000    13.3557   4.182208    35.4411      33821 0.0000e+00
    102.000    13.2948   4.173869    35.4192      33842 0.0000e+00
    101.000    13.2820   4.170743    35.4018      33864 0.0000e+00
    100.000    13.3445   4.177447    35.4076      33893 0.0000e+00
     99.000    13.3029   4.170332    35.3793      33925 0.0000e+00
     98.000    13.3715   4.177748    35.3862      33950 0.0000e+00
     97.000    13.3690   4.177203    35.3839      33971 0.0000e+00
     96.000    13.3433   4.173629    35.3743      33996 0.0000e+00
     95.000    13.2342   4.159151    35.3388      34035 0.0000e+00
     94.000    12.9718   4.123184    35.2405      34074 0.0000e+00
     93.000    12.6151   4.077759    35.1382      34097 0.0000e+00
     92.000    12.5386   4.066860    35.1051      34118 0.0000e+00
     91.000    12.4023   4.047757    35.0482      34140 0.0000e+00
     90.000    12.0945   4.008870    34.9591      34166 0.0000e+00
     89.000    11.9182   3.985595    34.8975      34199 0.0000e+00
     88.000    11.6995   3.957900    34.8320      34229 0.0000e+00
     87.000    11.7443   3.960546    34.8163      34255 0.0000e+00
     86.000    11.6613   3.948806    34.7793      34283 0.0000e+00
     85.000    11.6550   3.947205    34.7699      34315 0.0000e+00
     84.000    11.8298   3.967083    34.8016      34343 0.0000e+00
     83.000    11.9923   3.984210    34.8175      34365 0.0000e+00
     82.000    11.8307   3.962427    34.7560      34387 0.0000e+00
     81.000    11.6847   3.945137    34.7235      34416 0.0000e+00
     80.000    11.6379   3.939361    34.7110      34456 0.0000e+00
     79.000    11.6389   3.939355    34.7105      34485 0.0000e+00
     78.000    11.6476   3.940333    34.7124      34506 0.0000e+00
     77.000    11.6220   3.936560    34.6997      34526 0.0000e+00
     76.000    11.8145   3.959048    34.7407      34551 0.0000e+00
     75.000    12.0991   3.987709    34.7555      34585 0.0000e+00
     74.000    12.1882   3.997253    34.7658      34620 0.0000e+00
     73.000    12.2094   3.999496    34.7683      34647 0.0000e+00
     72.000    12.1612   3.991265    34.7336      34673 0.0000e+00
     71.000    12.1120   3.982948    34.6990      34699 0.0000e+00
     70.000    12.0463   3.975037    34.6834      34722 0.0000e+00
     69.000    12.0341   3.972405    34.6696      34745 0.0000e+00
     68.000    11.9964   3.967488    34.6572      34774 0.0000e+00
     67.000    11.8938   3.954119    34.6226      34818 0.0000e+00
     66.000    11.8628   3.950259    34.6141      34847 0.0000e+00
     65.000    11.8574   3.948172    34.5992      34868 0.0000e+00
     64.000    11.8173   3.943101    34.5873      34887 0.0000e+00
     63.000    11.7858   3.938662    34.5736      34910 0.0000e+00
     62.000    11.7670   3.935710    34.5626      34950 0.0000e+00
     61.000    11.8759   3.946789    34.5702      34989 0.0000e+00
     60.000    12.0528   3.963587    34.5703      35021 0.0000e+00
     59.000    12.0697   3.963711    34.5563      35057 0.0000e+00
     58.000    12.0621   3.956994    34.4984      35090 0.0000e+00
     57.000    11.9760   3.944465    34.4565      35116 0.0000e+00
     56.000    11.9152   3.936205    34.4326      35138 0.0000e+00
     55.000    11.8858   3.931571    34.4149      35165 0.0000e+00
     54.000    11.8799   3.929850    34.4040      35202 0.0000e+00
     53.000    11.9023   3.928444    34.3700      35233 0.0000e+00
     52.000    11.8275   3.915567    34.3137      35255 0.0000e+00
     51.000    11.7919   3.909055    34.2834      35274 0.0000e+00
     50.000    11.6994   3.896189    34.2432      35296 0.0000e+00
     49.000    11.4945   3.867615    34.1522      36318 0.0000e+00
     48.000    11.4946   3.866751    34.1439      37423 0.0000e+00
     47.000    11.4987   3.865468    34.1280      37470 0.0000e+00
