HB2302/ctd042.cnv
* Sea-Bird SBE 9 Data File:
* FileName = C:\cruise\data\ctd042.hex
* Software Version Seasave V 7.26.7.121
* Temperature SN = 6664
* Conductivity SN = 6035
* Number of Bytes Per Scan = 37
* Number of Voltage Words = 4
* Number of Scans Averaged by the Deck Unit = 1
* NMEA Latitude = 40 05.83 N
* NMEA Longitude = 069 25.33 W
* NMEA UTC (Time) = Jun 25 2023  06:55:40
* NMEA baud rate = 4800
** Ship: Bigelow HB2301
** Program:  Spring ECOMON
** Chief Scientist:Jerry Prezioso
# nquan = 6
# nvalues = 179                         
# units = specified
# name 0 = depSM: Depth [salt water, m]
# name 1 = t090C: Temperature [ITS-90, deg C]
# name 2 = c0S/m: Conductivity [S/m]
# name 3 = sal00: Salinity, Practical [PSU]
# name 4 = scan: Scan Count
# name 5 = flag: flag
# span 0 =      2.000,     92.000       
# span 1 =    11.6384,    20.1796       
# span 2 =   3.922924,   4.731820       
# span 3 =    34.2852,    35.7276       
# span 4 =        330,      13606       
# span 5 = 0.0000e+00, 0.0000e+00       
# interval = meters: 1                  
# start_time = Jun 25 2023 06:55:40 [NMEA time, header]
# bad_flag = -9.990e-29
*END*
      4.000    20.1796   4.722785    34.2869        330 0.0000e+00
      5.000    20.1724   4.722563    34.2907        535 0.0000e+00
      6.000    20.1303   4.720547    34.3081        614 0.0000e+00
      7.000    20.0305   4.714361    34.3387        652 0.0000e+00
      8.000    19.9991   4.714238    34.3630        706 0.0000e+00
      9.000    19.9779   4.715369    34.3892        748 0.0000e+00
     10.000    19.9499   4.716273    34.4192        783 0.0000e+00
     11.000    19.9262   4.716932    34.4437        812 0.0000e+00
     12.000    19.9058   4.717874    34.4677        839 0.0000e+00
     13.000    19.8796   4.718802    34.4965        878 0.0000e+00
     14.000    19.8504   4.720356    34.5329        930 0.0000e+00
     15.000    19.8375   4.722906    34.5641        956 0.0000e+00
     16.000    19.8425   4.727700    34.5990        981 0.0000e+00
     17.000    19.8137   4.728640    34.6300       1022 0.0000e+00
     18.000    19.6792   4.718476    34.6574       1070 0.0000e+00
     19.000    19.6435   4.720744    34.7053       1094 0.0000e+00
     20.000    19.6156   4.722045    34.7389       1114 0.0000e+00
     21.000    19.5651   4.725839    34.8119       1134 0.0000e+00
     22.000    19.4801   4.722122    34.8516       1170 0.0000e+00
     23.000    19.4299   4.718908    34.8667       1226 0.0000e+00
     24.000    19.3276   4.708093    34.8621       1254 0.0000e+00
     25.000    19.1417   4.687216    34.8439       1278 0.0000e+00
     26.000    18.8442   4.649785    34.7804       1300 0.0000e+00
     27.000    18.5911   4.620520    34.7474       1324 0.0000e+00
     28.000    18.6541   4.631783    34.7887       1353 0.0000e+00
     29.000    18.5736   4.631826    34.8568       1401 0.0000e+00
     30.000    18.4821   4.629509    34.9144       1440 0.0000e+00
     31.000    18.2196   4.598466    34.8739       1461 0.0000e+00
     32.000    17.9521   4.570517    34.8637       1480 0.0000e+00
     33.000    17.9419   4.577662    34.9331       1499 0.0000e+00
     34.000    17.6202   4.546964    34.9452       1528 0.0000e+00
     35.000    16.8092   4.468126    34.9629       1577 0.0000e+00
     36.000    16.8801   4.479574    35.0009       1609 0.0000e+00
     37.000    16.8151   4.474259    35.0106       1633 0.0000e+00
     38.000    16.7546   4.467924    35.0075       1658 0.0000e+00
     39.000    16.7234   4.464218    35.0018       1686 0.0000e+00
     40.000    16.7133   4.462871    34.9985       1715 0.0000e+00
     41.000    16.6694   4.458610    34.9990       1743 0.0000e+00
     42.000    16.5464   4.449060    35.0223       1773 0.0000e+00
     43.000    16.4749   4.444599    35.0450       1805 0.0000e+00
     44.000    15.0867   4.275744    34.7574       1842 0.0000e+00
     45.000    14.2903   4.190677    34.6902       1874 0.0000e+00
     46.000    14.2917   4.190954    34.6908       1898 0.0000e+00
     47.000    14.0262   4.157671    34.6202       1919 0.0000e+00
     48.000    13.4814   4.092932    34.5054       1945 0.0000e+00
     49.000    13.4110   4.092311    34.5630       1985 0.0000e+00
     50.000    13.2998   4.081588    34.5623       2022 0.0000e+00
     51.000    13.2368   4.077549    34.5809       2046 0.0000e+00
     52.000    13.4094   4.100362    34.6393       2069 0.0000e+00
     53.000    13.6740   4.134438    34.7190       2098 0.0000e+00
     54.000    13.9377   4.168500    34.7983       2140 0.0000e+00
     55.000    13.8548   4.161660    34.8091       2176 0.0000e+00
     56.000    13.5768   4.128763    34.7529       2199 0.0000e+00
     57.000    13.3325   4.100804    34.7114       2219 0.0000e+00
     58.000    13.3771   4.108799    34.7459       2240 0.0000e+00
     59.000    13.3036   4.101271    34.7413       2275 0.0000e+00
     60.000    12.6464   4.028179    34.6466       2329 0.0000e+00
     61.000    12.0838   3.967456    34.5788       2355 0.0000e+00
     62.000    12.0840   3.967651    34.5801       2374 0.0000e+00
     63.000    12.1197   3.971716    34.5861       2394 0.0000e+00
     64.000    12.1434   3.974049    34.5864       2426 0.0000e+00
     65.000    12.1510   3.974610    34.5844       2472 0.0000e+00
     66.000    12.1471   3.974134    34.5829       2502 0.0000e+00
     67.000    12.0654   3.967029    34.5890       2525 0.0000e+00
     68.000    11.7033   3.928427    34.5478       2551 0.0000e+00
     69.000    11.6384   3.922924    34.5538       2585 0.0000e+00
     70.000    11.6399   3.925429    34.5766       2618 0.0000e+00
     71.000    11.6658   3.930137    34.5983       2643 0.0000e+00
     72.000    11.7000   3.935569    34.6192       2670 0.0000e+00
     73.000    11.7767   3.946658    34.6560       2709 0.0000e+00
     74.000    11.8807   3.961325    34.7021       2744 0.0000e+00
     75.000    12.0230   3.984143    34.7915       2770 0.0000e+00
     76.000    12.3638   4.036507    34.9819       2795 0.0000e+00
     77.000    12.7009   4.088840    35.1714       2830 0.0000e+00
     78.000    13.1392   4.154065    35.3865       2866 0.0000e+00
     79.000    13.4649   4.201580    35.5330       2889 0.0000e+00
     80.000    13.7940   4.246881    35.6531       2910 0.0000e+00
     81.000    13.9148   4.263607    35.6973       2935 0.0000e+00
     82.000    13.9350   4.267032    35.7102       2981 0.0000e+00
     83.000    13.9318   4.266861    35.7111       3018 0.0000e+00
     84.000    13.9384   4.267836    35.7137       3041 0.0000e+00
     85.000    13.9322   4.267207    35.7131       3066 0.0000e+00
     86.000    13.9286   4.266941    35.7136       3109 0.0000e+00
     87.000    13.9358   4.268144    35.7177       3169 0.0000e+00
     88.000    13.9376   4.268423    35.7182       3217 0.0000e+00
     89.000    13.9352   4.268222    35.7182       3275 0.0000e+00
     90.000    13.9479   4.270073    35.7233       3376 0.0000e+00
     91.000    13.9500   4.270488    35.7248       3553 0.0000e+00
     92.000    13.9520   4.271037    35.7276       5428 0.0000e+00
     91.000    13.9497   4.270642    35.7264       6050 0.0000e+00
     90.000    13.9507   4.270706    35.7265       5968 0.0000e+00
     89.000    13.9508   4.270657    35.7264       6048 0.0000e+00
     88.000    13.9502   4.270551    35.7264       6111 0.0000e+00
     87.000    13.9504   4.270516    35.7264       6130 0.0000e+00
     86.000    13.9503   4.270458    35.7264       6150 0.0000e+00
     85.000    13.9499   4.270396    35.7265       6180 0.0000e+00
     84.000    13.9497   4.270317    35.7264       6236 0.0000e+00
     83.000    13.9492   4.270211    35.7263       6266 0.0000e+00
     82.000    13.9480   4.270001    35.7259       6284 0.0000e+00
     81.000    13.9427   4.269149    35.7233       6302 0.0000e+00
     80.000    13.8792   4.260669    35.7033       6855 0.0000e+00
     79.000    13.6905   4.233448    35.6236       9281 0.0000e+00
     78.000    13.5036   4.207297    35.5515       9241 0.0000e+00
     77.000    13.1778   4.157882    35.3865       9267 0.0000e+00
     76.000    12.6695   4.083442    35.1494       9290 0.0000e+00
     75.000    12.3440   4.032899    34.9656       9313 0.0000e+00
     74.000    12.0142   3.982655    34.7858       9336 0.0000e+00
     73.000    11.8582   3.958533    34.6962       9361 0.0000e+00
     72.000    11.7979   3.949675    34.6662       9393 0.0000e+00
     71.000    11.7887   3.949209    34.6706       9426 0.0000e+00
     70.000    11.9299   3.966847    34.7117       9450 0.0000e+00
     69.000    11.6951   3.933335    34.6032       9470 0.0000e+00
     68.000    11.6610   3.925540    34.5590       9491 0.0000e+00
     67.000    11.7243   3.930495    34.5490       9519 0.0000e+00
     66.000    11.8264   3.936899    34.5172       9554 0.0000e+00
     65.000    11.7164   3.924708    34.5005       9582 0.0000e+00
     64.000    11.7877   3.929342    34.4801       9603 0.0000e+00
     63.000    11.8015   3.929802    34.4722       9624 0.0000e+00
     62.000    11.7915   3.927996    34.4643       9649 0.0000e+00
     61.000    11.7862   3.927093    34.4608       9680 0.0000e+00
     60.000    11.8527   3.936565    34.4920       9709 0.0000e+00
     59.000    12.8776   4.050802    34.6511       9731 0.0000e+00
     58.000    13.0873   4.071693    34.6588       9753 0.0000e+00
     57.000    13.1801   4.080348    34.6567       9778 0.0000e+00
     56.000    13.5043   4.117335    34.7113       9810 0.0000e+00
     55.000    13.6536   4.135882    34.7503       9839 0.0000e+00
     54.000    13.7998   4.149818    34.7486       9862 0.0000e+00
     53.000    13.3888   4.095226    34.6089       9885 0.0000e+00
     52.000    13.1708   4.067152    34.5421       9920 0.0000e+00
     51.000    13.5330   4.103133    34.5532       9990 0.0000e+00
     50.000    13.2501   4.060945    34.4122      10046 0.0000e+00
     49.000    13.5357   4.095444    34.4797      10077 0.0000e+00
     48.000    13.6297   4.105148    34.4865      10135 0.0000e+00
     47.000    13.9718   4.143983    34.5418      10211 0.0000e+00
     46.000    14.2071   4.172449    34.5954      10245 0.0000e+00
     45.000    15.1662   4.283479    34.7566      10276 0.0000e+00
     44.000    17.2511   4.522655    35.0593      11735 0.0000e+00
     43.000    16.6956   4.458088    34.9708      11730 0.0000e+00
     42.000    16.7364   4.462781    34.9767      11757 0.0000e+00
     41.000    16.7685   4.466373    34.9806      11792 0.0000e+00
     40.000    16.8310   4.472970    34.9843      11830 0.0000e+00
     39.000    16.8661   4.471422    34.9405      11876 0.0000e+00
     38.000    17.6837   4.556547    34.9717      11918 0.0000e+00
     37.000    17.9940   4.582327    34.9269      11947 0.0000e+00
     36.000    18.0163   4.575550    34.8503      11971 0.0000e+00
     35.000    18.3004   4.609928    34.9011      11999 0.0000e+00
     34.000    18.5201   4.642145    34.9873      12045 0.0000e+00
     33.000    18.8037   4.659970    34.8976      12080 0.0000e+00
     32.000    18.7278   4.640821    34.8010      12101 0.0000e+00
     31.000    18.6397   4.624374    34.7374      12120 0.0000e+00
     30.000    18.7091   4.632912    34.7511      12140 0.0000e+00
     29.000    18.9476   4.662439    34.7985      12163 0.0000e+00
     28.000    19.1009   4.680770    34.8233      12194 0.0000e+00
     27.000    19.2391   4.697341    34.8458      12230 0.0000e+00
     26.000    19.3769   4.711581    34.8491      12257 0.0000e+00
     25.000    19.4925   4.723165    34.8488      12278 0.0000e+00
     24.000    19.5700   4.724190    34.7931      12296 0.0000e+00
     23.000    19.6091   4.719404    34.7213      12316 0.0000e+00
     22.000    19.6315   4.717536    34.6877      12341 0.0000e+00
     21.000    19.7130   4.719954    34.6405      12375 0.0000e+00
     20.000    19.8307   4.731820    34.6411      12405 0.0000e+00
     19.000    19.8665   4.731162    34.6065      12428 0.0000e+00
     18.000    19.8681   4.728717    34.5855      12449 0.0000e+00
     17.000    19.8740   4.727046    34.5673      12470 0.0000e+00
     16.000    19.8839   4.725799    34.5493      12496 0.0000e+00
     15.000    19.8849   4.723727    34.5318      12527 0.0000e+00
     14.000    19.8967   4.720565    34.4966      12559 0.0000e+00
     13.000    19.9237   4.719018    34.4621      12584 0.0000e+00
     12.000    19.9424   4.718514    34.4430      12605 0.0000e+00
     11.000    19.9573   4.717613    34.4237      12628 0.0000e+00
     10.000    19.9657   4.715290    34.3982      12661 0.0000e+00
      9.000    19.9745   4.713914    34.3801      12719 0.0000e+00
      8.000    19.9823   4.712956    34.3662      12755 0.0000e+00
      7.000    19.9949   4.711860    34.3474      12778 0.0000e+00
      6.000    20.0147   4.712046    34.3330      12803 0.0000e+00
      5.000    20.0890   4.716917    34.3126      12840 0.0000e+00
      4.000    20.1612   4.721745    34.2934      12903 0.0000e+00
      3.000    20.1702   4.721691    34.2860      12931 0.0000e+00
      2.000    20.1723   4.721759    34.2852      13606 0.0000e+00
