HB2302/ctd030.cnv
* Sea-Bird SBE 9 Data File:
* FileName = C:\cruise\data\ctd030.hex
* Software Version Seasave V 7.26.7.121
* Temperature SN = 6664
* Conductivity SN = 6035
* Number of Bytes Per Scan = 37
* Number of Voltage Words = 4
* Number of Scans Averaged by the Deck Unit = 1
* NMEA Latitude = 42 59.98 N
* NMEA Longitude = 070 24.76 W
* NMEA UTC (Time) = Jun 22 2023  12:39:11
* NMEA baud rate = 4800
** Ship: Bigelow HB2301
** Program:  Spring ECOMON
** Chief Scientist:Jerry Prezioso
# nquan = 6
# nvalues = 203                         
# units = specified
# name 0 = depSM: Depth [salt water, m]
# name 1 = t090C: Temperature [ITS-90, deg C]
# name 2 = c0S/m: Conductivity [S/m]
# name 3 = sal00: Salinity, Practical [PSU]
# name 4 = scan: Scan Count
# name 5 = flag: flag
# span 0 =      1.000,    103.000       
# span 1 =     6.0518,    15.6303       
# span 2 =   3.193203,   3.689891       
# span 3 =    29.1039,    32.1716       
# span 4 =        215,      19823       
# span 5 = 0.0000e+00, 0.0000e+00       
# interval = meters: 1                  
# start_time = Jun 22 2023 12:39:11 [NMEA time, header]
# bad_flag = -9.990e-29
*END*
      3.000    15.3180   3.669075    29.1510        215 0.0000e+00
      4.000    15.2417   3.663265    29.1559        387 0.0000e+00
      5.000    15.2495   3.667185    29.1845        419 0.0000e+00
      6.000    14.9514   3.658688    29.3320        451 0.0000e+00
      7.000    12.4273   3.581612    30.6017        480 0.0000e+00
      8.000    11.7961   3.568208    30.9872        519 0.0000e+00
      9.000    11.5780   3.550587    30.9981        590 0.0000e+00
     10.000    11.4590   3.545153    31.0446        627 0.0000e+00
     11.000    11.5303   3.556703    31.0965        653 0.0000e+00
     12.000    11.5692   3.566875    31.1622        676 0.0000e+00
     13.000    11.4805   3.563513    31.2037        699 0.0000e+00
     14.000    11.0764   3.527645    31.1946        727 0.0000e+00
     15.000    11.2124   3.547604    31.2745        757 0.0000e+00
     16.000    11.2690   3.557830    31.3260        783 0.0000e+00
     17.000    10.4438   3.478558    31.2473        807 0.0000e+00
     18.000    10.1305   3.448289    31.2136        830 0.0000e+00
     19.000     9.9459   3.431464    31.2031        856 0.0000e+00
     20.000     9.8611   3.424026    31.2008        884 0.0000e+00
     21.000     9.7715   3.419297    31.2301        913 0.0000e+00
     22.000     9.7399   3.419167    31.2558        940 0.0000e+00
     23.000     9.7721   3.424366    31.2802        965 0.0000e+00
     24.000     9.8137   3.429930    31.3000        989 0.0000e+00
     25.000     9.8295   3.432555    31.3124       1012 0.0000e+00
     26.000     9.7447   3.425445    31.3136       1036 0.0000e+00
     27.000     9.5172   3.407606    31.3300       1062 0.0000e+00
     28.000     9.4207   3.399903    31.3353       1092 0.0000e+00
     29.000     9.3127   3.393153    31.3604       1123 0.0000e+00
     30.000     9.2248   3.387474    31.3788       1149 0.0000e+00
     31.000     9.2010   3.386228    31.3864       1173 0.0000e+00
     32.000     9.1554   3.387250    31.4367       1196 0.0000e+00
     33.000     9.1260   3.390257    31.4932       1220 0.0000e+00
     34.000     9.1604   3.395814    31.5196       1245 0.0000e+00
     35.000     9.1258   3.396026    31.5519       1273 0.0000e+00
     36.000     9.1014   3.395286    31.5655       1301 0.0000e+00
     37.000     9.0721   3.393724    31.5749       1328 0.0000e+00
     38.000     9.0202   3.389533    31.5772       1354 0.0000e+00
     39.000     8.9141   3.381002    31.5828       1379 0.0000e+00
     40.000     8.8538   3.376790    31.5922       1403 0.0000e+00
     41.000     8.8009   3.373704    31.6069       1428 0.0000e+00
     42.000     8.7307   3.368125    31.6110       1454 0.0000e+00
     43.000     8.6851   3.364895    31.6176       1484 0.0000e+00
     44.000     8.6634   3.364217    31.6295       1513 0.0000e+00
     45.000     8.6088   3.361734    31.6520       1540 0.0000e+00
     46.000     8.5236   3.356379    31.6719       1564 0.0000e+00
     47.000     8.4677   3.355878    31.7165       1586 0.0000e+00
     48.000     8.4796   3.359819    31.7465       1608 0.0000e+00
     49.000     8.4635   3.360942    31.7724       1633 0.0000e+00
     50.000     8.4510   3.361218    31.7861       1663 0.0000e+00
     51.000     8.4344   3.360946    31.7978       1696 0.0000e+00
     52.000     8.3893   3.358656    31.8140       1723 0.0000e+00
     53.000     8.3825   3.358585    31.8189       1746 0.0000e+00
     54.000     8.3532   3.356423    31.8222       1769 0.0000e+00
     55.000     8.2907   3.351760    31.8292       1792 0.0000e+00
     56.000     8.1938   3.344241    31.8372       1818 0.0000e+00
     57.000     8.0720   3.334239    31.8416       1847 0.0000e+00
     58.000     7.9683   3.326144    31.8496       1875 0.0000e+00
     59.000     7.9013   3.320997    31.8554       1902 0.0000e+00
     60.000     7.8106   3.314273    31.8661       1928 0.0000e+00
     61.000     7.7821   3.311985    31.8673       1952 0.0000e+00
     62.000     7.7594   3.310125    31.8677       1974 0.0000e+00
     63.000     7.6977   3.305142    31.8705       1998 0.0000e+00
     64.000     7.6257   3.299603    31.8766       2025 0.0000e+00
     65.000     7.5988   3.297451    31.8778       2057 0.0000e+00
     66.000     7.4701   3.287434    31.8879       2090 0.0000e+00
     67.000     7.3676   3.279527    31.8966       2117 0.0000e+00
     68.000     7.3329   3.276752    31.8981       2140 0.0000e+00
     69.000     7.2971   3.273881    31.8996       2160 0.0000e+00
     70.000     7.2544   3.270543    31.9025       2181 0.0000e+00
     71.000     7.1821   3.264977    31.9086       2207 0.0000e+00
     72.000     6.9718   3.248868    31.9277       2240 0.0000e+00
     73.000     6.8597   3.239898    31.9335       2274 0.0000e+00
     74.000     6.8448   3.238519    31.9318       2301 0.0000e+00
     75.000     6.7980   3.234504    31.9310       2325 0.0000e+00
     76.000     6.5775   3.216819    31.9420       2347 0.0000e+00
     77.000     6.4442   3.206809    31.9558       2371 0.0000e+00
     78.000     6.3873   3.203470    31.9718       2397 0.0000e+00
     79.000     6.3622   3.202088    31.9796       2427 0.0000e+00
     80.000     6.3372   3.200855    31.9889       2457 0.0000e+00
     81.000     6.3224   3.200914    32.0030       2484 0.0000e+00
     82.000     6.3268   3.202154    32.0121       2507 0.0000e+00
     83.000     6.3266   3.202416    32.0147       2531 0.0000e+00
     84.000     6.3186   3.202757    32.0256       2557 0.0000e+00
     85.000     6.3023   3.202747    32.0403       2585 0.0000e+00
     86.000     6.2889   3.202400    32.0486       2611 0.0000e+00
     87.000     6.2926   3.203312    32.0547       2639 0.0000e+00
     88.000     6.2905   3.203589    32.0593       2670 0.0000e+00
     89.000     6.2825   3.203446    32.0647       2699 0.0000e+00
     90.000     6.2537   3.201372    32.0684       2722 0.0000e+00
     91.000     6.1948   3.197948    32.0854       2744 0.0000e+00
     92.000     6.1615   3.196608    32.1015       2768 0.0000e+00
     93.000     6.1396   3.195882    32.1137       2794 0.0000e+00
     94.000     6.1015   3.194858    32.1378       2824 0.0000e+00
     95.000     6.0664   3.193476    32.1552       2856 0.0000e+00
     96.000     6.0646   3.193788    32.1598       2884 0.0000e+00
     97.000     6.0652   3.194319    32.1647       2911 0.0000e+00
     98.000     6.0667   3.194590    32.1658       2939 0.0000e+00
     99.000     6.0693   3.194905    32.1664       2981 0.0000e+00
    100.000     6.0691   3.195028    32.1674       3026 0.0000e+00
    101.000     6.0650   3.194913    32.1696       3060 0.0000e+00
    102.000     6.0540   3.194170    32.1713       5009 0.0000e+00
    103.000     6.0518   3.194055    32.1716       9148 0.0000e+00
    102.000     6.0541   3.194073    32.1700       7503 0.0000e+00
    101.000     6.0547   3.194043    32.1696       7717 0.0000e+00
    100.000     6.0584   3.194163    32.1680       7769 0.0000e+00
     99.000     6.0658   3.194359    32.1636       7827 0.0000e+00
     98.000     6.0690   3.194229    32.1596       7890 0.0000e+00
     97.000     6.0671   3.193918    32.1584       7949 0.0000e+00
     96.000     6.0671   3.193359    32.1527       7993 0.0000e+00
     95.000     6.0717   3.193203    32.1470       8034 0.0000e+00
     94.000     6.1078   3.194268    32.1252       8101 0.0000e+00
     93.000     6.1477   3.195267    32.0991       8149 0.0000e+00
     92.000     6.1674   3.195903    32.0881       8185 0.0000e+00
     91.000     6.1806   3.196332    32.0809       8239 0.0000e+00
     90.000     6.2185   3.198248    32.0669       8303 0.0000e+00
     89.000     6.2541   3.200382    32.0575       8352 0.0000e+00
     88.000     6.2780   3.201936    32.0527       8397 0.0000e+00
     87.000     6.2829   3.201666    32.0455       8440 0.0000e+00
     86.000     6.2846   3.200999    32.0371       8493 0.0000e+00
     85.000     6.2898   3.200915    32.0318       8558 0.0000e+00
     84.000     6.3044   3.201607    32.0261       8603 0.0000e+00
     83.000     6.3126   3.201329    32.0158       8646 0.0000e+00
     82.000     6.3207   3.201165    32.0069       8701 0.0000e+00
     81.000     6.3225   3.200389    31.9970       8754 0.0000e+00
     80.000     6.3280   3.199306    31.9804       8801 0.0000e+00
     79.000     6.3482   3.199952    31.9690       8848 0.0000e+00
     78.000     6.3766   3.201315    31.9580       8911 0.0000e+00
     77.000     6.4186   3.203412    31.9423       8965 0.0000e+00
     76.000     6.5600   3.214038    31.9277       9915 0.0000e+00
     75.000     6.7778   3.231678    31.9188      10446 0.0000e+00
     74.000     6.8128   3.234529    31.9180      10530 0.0000e+00
     73.000     6.8343   3.236278    31.9175      10568 0.0000e+00
     72.000     6.8570   3.238120    31.9171      10601 0.0000e+00
     71.000     6.8724   3.239345    31.9166      10662 0.0000e+00
     70.000     7.2077   3.265432    31.8903      10720 0.0000e+00
     69.000     7.2401   3.267713    31.8855      10751 0.0000e+00
     68.000     7.3027   3.272655    31.8817      10790 0.0000e+00
     67.000     7.3449   3.276189    31.8814      10854 0.0000e+00
     66.000     7.4045   3.280869    31.8776      10908 0.0000e+00
     65.000     7.5735   3.293875    31.8627      10946 0.0000e+00
     64.000     7.6290   3.298227    31.8589      10984 0.0000e+00
     63.000     7.6883   3.302954    31.8557      11037 0.0000e+00
     62.000     7.7401   3.307115    31.8532      11092 0.0000e+00
     61.000     7.7921   3.311236    31.8502      11132 0.0000e+00
     60.000     7.8244   3.313815    31.8486      11176 0.0000e+00
     59.000     7.8967   3.319272    31.8413      11233 0.0000e+00
     58.000     7.9691   3.324731    31.8338      11278 0.0000e+00
     57.000     8.0391   3.330106    31.8277      11315 0.0000e+00
     56.000     8.1508   3.339347    31.8245      11358 0.0000e+00
     55.000     8.2723   3.349079    31.8177      11420 0.0000e+00
     54.000     8.3441   3.354544    31.8106      11467 0.0000e+00
     53.000     8.3766   3.356727    31.8047      11508 0.0000e+00
     52.000     8.4048   3.359076    31.8044      11554 0.0000e+00
     51.000     8.4374   3.361313    31.7989      11599 0.0000e+00
     50.000     8.4302   3.358911    31.7807      13984 0.0000e+00
     49.000     8.4661   3.361342    31.7743      14076 0.0000e+00
     48.000     8.4706   3.361226    31.7694      14109 0.0000e+00
     47.000     8.4801   3.360697    31.7558      14138 0.0000e+00
     46.000     8.4854   3.357455    31.7175      14171 0.0000e+00
     45.000     8.5137   3.356327    31.6807      14204 0.0000e+00
     44.000     8.5676   3.357836    31.6486      14242 0.0000e+00
     43.000     8.6531   3.363024    31.6267      14290 0.0000e+00
     42.000     8.7059   3.365353    31.6043      14340 0.0000e+00
     41.000     8.7494   3.368202    31.5955      14381 0.0000e+00
     40.000     8.8028   3.372360    31.5916      14422 0.0000e+00
     39.000     8.8844   3.376929    31.5669      14472 0.0000e+00
     38.000     8.8968   3.377599    31.5632      14519 0.0000e+00
     37.000     8.9326   3.380295    31.5598      14558 0.0000e+00
     36.000     9.0635   3.390541    31.5500      14607 0.0000e+00
     35.000     9.1057   3.392937    31.5379      14666 0.0000e+00
     34.000     9.1276   3.394123    31.5311      14703 0.0000e+00
     33.000     9.1477   3.393343    31.5058      14738 0.0000e+00
     32.000     9.1196   3.388073    31.4768      14788 0.0000e+00
     31.000     9.1413   3.383405    31.4100      14850 0.0000e+00
     30.000     9.1736   3.382232    31.3699      14887 0.0000e+00
     29.000     9.2092   3.383711    31.3542      14925 0.0000e+00
     28.000     9.2492   3.385978    31.3428      14977 0.0000e+00
     27.000     9.3775   3.394761    31.3209      15793 0.0000e+00
     26.000     9.4349   3.398320    31.3076      16882 0.0000e+00
     25.000     9.5502   3.408421    31.3103      16961 0.0000e+00
     24.000     9.7563   3.424515    31.2950      17023 0.0000e+00
     23.000     9.7902   3.427108    31.2922      17085 0.0000e+00
     22.000     9.7885   3.425448    31.2773      17138 0.0000e+00
     21.000     9.7632   3.420455    31.2491      17189 0.0000e+00
     20.000     9.7448   3.416717    31.2276      17236 0.0000e+00
     19.000     9.7554   3.415141    31.2028      17282 0.0000e+00
     18.000     9.8051   3.417266    31.1817      17330 0.0000e+00
     17.000     9.9141   3.425070    31.1669      17374 0.0000e+00
     16.000     9.9994   3.433152    31.1752      17419 0.0000e+00
     15.000    10.3348   3.464619    31.2027      17468 0.0000e+00
     14.000    10.9724   3.527289    31.2793      17511 0.0000e+00
     13.000    11.2297   3.545552    31.2405      17553 0.0000e+00
     12.000    11.0479   3.522317    31.1673      17601 0.0000e+00
     11.000    11.3384   3.548856    31.1817      17654 0.0000e+00
     10.000    11.5176   3.560471    31.1442      17699 0.0000e+00
      9.000    11.4943   3.550453    31.0668      17738 0.0000e+00
      8.000    11.4538   3.541461    31.0139      17782 0.0000e+00
      7.000    11.5317   3.540708    30.9418      17836 0.0000e+00
      6.000    11.6733   3.553900    30.9517      17880 0.0000e+00
      5.000    11.9107   3.563208    30.8453      17920 0.0000e+00
      4.000    12.3602   3.576825    30.6059      17976 0.0000e+00
      3.000    14.7512   3.651585    29.4278      18741 0.0000e+00
      2.000    15.3514   3.670326    29.1376      19707 0.0000e+00
      1.000    15.6303   3.689891    29.1039      19823 0.0000e+00
