HB2302/ctd028.cnv
* Sea-Bird SBE 9 Data File:
* FileName = C:\cruise\data\ctd028.hex
* Software Version Seasave V 7.26.7.121
* Temperature SN = 6664
* Conductivity SN = 6035
* Number of Bytes Per Scan = 37
* Number of Voltage Words = 4
* Number of Scans Averaged by the Deck Unit = 1
* NMEA Latitude = 44 12.36 N
* NMEA Longitude = 067 41.90 W
* NMEA UTC (Time) = Jun 20 2023  22:56:33
* NMEA baud rate = 4800
** Ship: Bigelow HB2301
** Program:  Spring ECOMON
** Chief Scientist:Jerry Prezioso
# nquan = 6
# nvalues = 256                         
# units = specified
# name 0 = depSM: Depth [salt water, m]
# name 1 = t090C: Temperature [ITS-90, deg C]
# name 2 = c0S/m: Conductivity [S/m]
# name 3 = sal00: Salinity, Practical [PSU]
# name 4 = scan: Scan Count
# name 5 = flag: flag
# span 0 =      2.000,    130.000       
# span 1 =     7.7427,     9.5388       
# span 2 =   3.354547,   3.480395       
# span 3 =    32.0633,    32.6847       
# span 4 =        107,      11815       
# span 5 = 0.0000e+00, 0.0000e+00       
# interval = meters: 1                  
# start_time = Jun 20 2023 22:56:33 [NMEA time, header]
# bad_flag = -9.990e-29
*END*
      3.000     9.5388   3.480395    32.0649        107 0.0000e+00
      4.000     9.4912   3.477227    32.0746        309 0.0000e+00
      5.000     9.4496   3.473883    32.0771        345 0.0000e+00
      6.000     9.4040   3.470032    32.0781        389 0.0000e+00
      7.000     9.3834   3.468329    32.0786        435 0.0000e+00
      8.000     9.3835   3.468266    32.0775        479 0.0000e+00
      9.000     9.3783   3.467835    32.0772        523 0.0000e+00
     10.000     9.3694   3.467163    32.0778        568 0.0000e+00
     11.000     9.3630   3.466750    32.0789        723 0.0000e+00
     12.000     9.3484   3.465562    32.0793        789 0.0000e+00
     13.000     9.3023   3.461877    32.0824        822 0.0000e+00
     14.000     9.2526   3.457769    32.0843        855 0.0000e+00
     15.000     9.2171   3.454794    32.0851        886 0.0000e+00
     16.000     9.1822   3.451559    32.0827        912 0.0000e+00
     17.000     9.0495   3.440700    32.0895        938 0.0000e+00
     18.000     8.9084   3.429302    32.0982        965 0.0000e+00
     19.000     8.8164   3.421849    32.1035        994 0.0000e+00
     20.000     8.7811   3.419156    32.1070       1021 0.0000e+00
     21.000     8.7540   3.417122    32.1099       1047 0.0000e+00
     22.000     8.6690   3.410697    32.1195       1071 0.0000e+00
     23.000     8.5511   3.402736    32.1429       1096 0.0000e+00
     24.000     8.5114   3.399976    32.1497       1122 0.0000e+00
     25.000     8.5117   3.399908    32.1482       1150 0.0000e+00
     26.000     8.4925   3.398493    32.1504       1178 0.0000e+00
     27.000     8.4744   3.397170    32.1526       1204 0.0000e+00
     28.000     8.4656   3.396538    32.1536       1228 0.0000e+00
     29.000     8.4553   3.395697    32.1536       1252 0.0000e+00
     30.000     8.4301   3.393746    32.1557       1277 0.0000e+00
     31.000     8.4296   3.393667    32.1548       1305 0.0000e+00
     32.000     8.3999   3.391290    32.1565       1333 0.0000e+00
     33.000     8.3442   3.386886    32.1606       1360 0.0000e+00
     34.000     8.3241   3.385327    32.1621       1386 0.0000e+00
     35.000     8.2988   3.383380    32.1642       1411 0.0000e+00
     36.000     8.2789   3.381757    32.1648       1437 0.0000e+00
     37.000     8.2414   3.378917    32.1687       1462 0.0000e+00
     38.000     8.1881   3.375058    32.1763       1488 0.0000e+00
     39.000     8.1563   3.372741    32.1805       1515 0.0000e+00
     40.000     8.1354   3.371071    32.1815       1542 0.0000e+00
     41.000     8.1279   3.370468    32.1815       1571 0.0000e+00
     42.000     8.1317   3.370728    32.1804       1599 0.0000e+00
     43.000     8.1211   3.369925    32.1812       1625 0.0000e+00
     44.000     8.1091   3.369024    32.1821       1651 0.0000e+00
     45.000     8.0926   3.367924    32.1851       1676 0.0000e+00
     46.000     8.0840   3.367403    32.1870       1701 0.0000e+00
     47.000     8.0750   3.366758    32.1880       1728 0.0000e+00
     48.000     8.0503   3.365266    32.1944       1756 0.0000e+00
     49.000     8.0393   3.364878    32.2000       1784 0.0000e+00
     50.000     8.0205   3.363788    32.2052       1811 0.0000e+00
     51.000     8.0007   3.362596    32.2103       1838 0.0000e+00
     52.000     7.9906   3.361894    32.2116       1864 0.0000e+00
     53.000     7.9882   3.361730    32.2117       1890 0.0000e+00
     54.000     7.9842   3.361469    32.2122       1916 0.0000e+00
     55.000     7.9830   3.361411    32.2122       1942 0.0000e+00
     56.000     7.9807   3.361210    32.2117       1970 0.0000e+00
     57.000     7.9712   3.360509    32.2125       2001 0.0000e+00
     58.000     7.9695   3.360470    32.2132       2030 0.0000e+00
     59.000     7.9699   3.360510    32.2128       2057 0.0000e+00
     60.000     7.9659   3.360371    32.2145       2083 0.0000e+00
     61.000     7.9577   3.360085    32.2186       2109 0.0000e+00
     62.000     7.9494   3.359756    32.2222       2138 0.0000e+00
     63.000     7.9387   3.359313    32.2270       2168 0.0000e+00
     64.000     7.9326   3.358955    32.2283       2198 0.0000e+00
     65.000     7.9235   3.358684    32.2334       2227 0.0000e+00
     66.000     7.9034   3.358182    32.2461       2254 0.0000e+00
     67.000     7.8848   3.357796    32.2587       2280 0.0000e+00
     68.000     7.8808   3.357831    32.2623       2308 0.0000e+00
     69.000     7.8748   3.357709    32.2661       2337 0.0000e+00
     70.000     7.8685   3.357547    32.2697       2367 0.0000e+00
     71.000     7.8553   3.357744    32.2835       2397 0.0000e+00
     72.000     7.8467   3.357723    32.2908       2426 0.0000e+00
     73.000     7.8417   3.358028    32.2982       2454 0.0000e+00
     74.000     7.8378   3.358056    32.3017       2481 0.0000e+00
     75.000     7.8281   3.357868    32.3082       2508 0.0000e+00
     76.000     7.8051   3.357159    32.3215       2536 0.0000e+00
     77.000     7.8096   3.358463    32.3307       2564 0.0000e+00
     78.000     7.7911   3.357890    32.3413       2592 0.0000e+00
     79.000     7.7471   3.355148    32.3523       2620 0.0000e+00
     80.000     7.7462   3.355515    32.3566       2648 0.0000e+00
     81.000     7.7479   3.355812    32.3577       2676 0.0000e+00
     82.000     7.7512   3.356459    32.3612       2704 0.0000e+00
     83.000     7.7758   3.359679    32.3722       2731 0.0000e+00
     84.000     7.8078   3.363333    32.3811       2757 0.0000e+00
     85.000     7.8347   3.366727    32.3919       2782 0.0000e+00
     86.000     7.8495   3.368475    32.3965       2808 0.0000e+00
     87.000     7.8515   3.368960    32.3993       2835 0.0000e+00
     88.000     7.8623   3.370453    32.4048       2862 0.0000e+00
     89.000     7.8668   3.371083    32.4068       2889 0.0000e+00
     90.000     7.8684   3.371328    32.4075       2917 0.0000e+00
     91.000     7.8697   3.371546    32.4081       2945 0.0000e+00
     92.000     7.8768   3.372586    32.4122       2973 0.0000e+00
     93.000     7.8773   3.372824    32.4138       3000 0.0000e+00
     94.000     7.8773   3.373034    32.4156       3025 0.0000e+00
     95.000     7.8786   3.373608    32.4201       3051 0.0000e+00
     96.000     7.8813   3.374461    32.4262       3078 0.0000e+00
     97.000     7.8805   3.374819    32.4303       3106 0.0000e+00
     98.000     7.8792   3.374993    32.4328       3135 0.0000e+00
     99.000     7.8760   3.375682    32.4427       3163 0.0000e+00
    100.000     7.8745   3.376266    32.4499       3189 0.0000e+00
    101.000     7.8732   3.376762    32.4559       3214 0.0000e+00
    102.000     7.8719   3.377179    32.4611       3239 0.0000e+00
    103.000     7.8707   3.378127    32.4719       3267 0.0000e+00
    104.000     7.8702   3.378742    32.4784       3299 0.0000e+00
    105.000     7.8701   3.379288    32.4838       3330 0.0000e+00
    106.000     7.8717   3.379825    32.4877       3356 0.0000e+00
    107.000     7.8833   3.385784    32.5399       3380 0.0000e+00
    108.000     7.8926   3.390279    32.5788       3404 0.0000e+00
    109.000     7.8928   3.390414    32.5796       3430 0.0000e+00
    110.000     7.8929   3.390417    32.5790       3460 0.0000e+00
    111.000     7.8908   3.389276    32.5684       3491 0.0000e+00
    112.000     7.8904   3.389107    32.5664       3518 0.0000e+00
    113.000     7.8926   3.390338    32.5771       3544 0.0000e+00
    114.000     7.8960   3.392425    32.5957       3570 0.0000e+00
    115.000     7.8937   3.390908    32.5812       3598 0.0000e+00
    116.000     7.8908   3.389335    32.5667       3627 0.0000e+00
    117.000     7.8916   3.389777    32.5702       3655 0.0000e+00
    118.000     7.8914   3.389629    32.5683       3683 0.0000e+00
    119.000     7.8920   3.389985    32.5711       3709 0.0000e+00
    120.000     7.8947   3.391376    32.5830       3734 0.0000e+00
    121.000     7.8956   3.392005    32.5883       3760 0.0000e+00
    122.000     7.8967   3.392637    32.5936       3787 0.0000e+00
    123.000     7.8980   3.393328    32.5993       3815 0.0000e+00
    124.000     7.9040   3.396357    32.6255       3847 0.0000e+00
    125.000     7.9071   3.397841    32.6380       3878 0.0000e+00
    126.000     7.9098   3.398896    32.6463       3905 0.0000e+00
    127.000     7.9100   3.398987    32.6466       3929 0.0000e+00
    128.000     7.9139   3.400625    32.6599       3952 0.0000e+00
    129.000     7.9199   3.403048    32.6797       4718 0.0000e+00
    130.000     7.9211   3.403413    32.6820       5922 0.0000e+00
    129.000     7.9215   3.403657    32.6847       5694 0.0000e+00
    128.000     7.9196   3.402783    32.6777       5721 0.0000e+00
    127.000     7.9110   3.399065    32.6465       5756 0.0000e+00
    126.000     7.9023   3.395334    32.6153       5788 0.0000e+00
    125.000     7.9016   3.394656    32.6091       5819 0.0000e+00
    124.000     7.8998   3.393595    32.6000       5845 0.0000e+00
    123.000     7.8999   3.393673    32.6012       5868 0.0000e+00
    122.000     7.8989   3.393186    32.5974       5890 0.0000e+00
    121.000     7.8988   3.393409    32.6004       5914 0.0000e+00
    120.000     7.8997   3.393596    32.6019       5942 0.0000e+00
    119.000     7.8975   3.391985    32.5873       5972 0.0000e+00
    118.000     7.8962   3.391288    32.5815       6001 0.0000e+00
    117.000     7.8924   3.389717    32.5688       6027 0.0000e+00
    116.000     7.8929   3.390296    32.5750       6052 0.0000e+00
    115.000     7.8951   3.391064    32.5816       6075 0.0000e+00
    114.000     7.8948   3.390800    32.5795       6099 0.0000e+00
    113.000     7.8970   3.391897    32.5896       6124 0.0000e+00
    112.000     7.8930   3.389720    32.5706       6150 0.0000e+00
    111.000     7.8909   3.388823    32.5634       6178 0.0000e+00
    110.000     7.8914   3.388679    32.5619       6209 0.0000e+00
    109.000     7.8898   3.387962    32.5562       6238 0.0000e+00
    108.000     7.8887   3.387031    32.5477       6263 0.0000e+00
    107.000     7.8875   3.386615    32.5449       6287 0.0000e+00
    106.000     7.8871   3.386391    32.5434       6310 0.0000e+00
    105.000     7.8774   3.381105    32.4965       6334 0.0000e+00
    104.000     7.8749   3.379711    32.4844       6360 0.0000e+00
    103.000     7.8736   3.377965    32.4674       6389 0.0000e+00
    102.000     7.8745   3.377160    32.4585       6418 0.0000e+00
    101.000     7.8747   3.376777    32.4547       6444 0.0000e+00
    100.000     7.8739   3.376451    32.4524       6468 0.0000e+00
     99.000     7.8741   3.376121    32.4491       6492 0.0000e+00
     98.000     7.8750   3.375788    32.4452       6518 0.0000e+00
     97.000     7.8758   3.375488    32.4417       6547 0.0000e+00
     96.000     7.8774   3.375313    32.4388       6576 0.0000e+00
     95.000     7.8787   3.375199    32.4370       6602 0.0000e+00
     94.000     7.8810   3.374825    32.4312       6627 0.0000e+00
     93.000     7.8786   3.373683    32.4217       6652 0.0000e+00
     92.000     7.8781   3.373029    32.4157       6681 0.0000e+00
     91.000     7.8798   3.372858    32.4128       6718 0.0000e+00
     90.000     7.8694   3.371361    32.4069       6759 0.0000e+00
     89.000     7.8659   3.370763    32.4043       6789 0.0000e+00
     88.000     7.8651   3.370635    32.4041       6814 0.0000e+00
     87.000     7.8620   3.370295    32.4038       6839 0.0000e+00
     86.000     7.8579   3.369772    32.4025       6869 0.0000e+00
     85.000     7.8482   3.368465    32.3980       6906 0.0000e+00
     84.000     7.8458   3.367851    32.3941       6944 0.0000e+00
     83.000     7.8389   3.366883    32.3907       6974 0.0000e+00
     82.000     7.8166   3.364148    32.3827       6997 0.0000e+00
     81.000     7.7819   3.359940    32.3703       7021 0.0000e+00
     80.000     7.7476   3.355819    32.3585       7046 0.0000e+00
     79.000     7.7435   3.354957    32.3536       7075 0.0000e+00
     78.000     7.7427   3.354725    32.3523       7104 0.0000e+00
     77.000     7.7430   3.354547    32.3506       7133 0.0000e+00
     76.000     7.7557   3.355549    32.3500       7158 0.0000e+00
     75.000     7.7657   3.356352    32.3498       7181 0.0000e+00
     74.000     7.7720   3.356625    32.3473       7203 0.0000e+00
     73.000     7.7782   3.356953    32.3455       7227 0.0000e+00
     72.000     7.8049   3.358531    32.3381       7256 0.0000e+00
     71.000     7.8174   3.359206    32.3342       7286 0.0000e+00
     70.000     7.8284   3.359400    32.3266       7315 0.0000e+00
     69.000     7.8358   3.359311    32.3192       7343 0.0000e+00
     68.000     7.8475   3.359123    32.3068       7369 0.0000e+00
     67.000     7.8529   3.357900    32.2893       7392 0.0000e+00
     66.000     7.8557   3.357699    32.2850       7414 0.0000e+00
     65.000     7.8587   3.357353    32.2790       7437 0.0000e+00
     64.000     7.8704   3.357849    32.2739       8112 0.0000e+00
     63.000     7.8704   3.357673    32.2725       8588 0.0000e+00
     62.000     7.8798   3.357774    32.2654       8644 0.0000e+00
     61.000     7.8995   3.358177    32.2520       8680 0.0000e+00
     60.000     7.9058   3.358193    32.2467       8716 0.0000e+00
     59.000     7.9130   3.358065    32.2392       8753 0.0000e+00
     58.000     7.9160   3.358075    32.2370       8789 0.0000e+00
     57.000     7.9199   3.358200    32.2352       8819 0.0000e+00
     56.000     7.9234   3.358284    32.2333       8847 0.0000e+00
     55.000     7.9272   3.358364    32.2312       8876 0.0000e+00
     54.000     7.9443   3.359019    32.2229       8908 0.0000e+00
     53.000     7.9670   3.359750    32.2102       8937 0.0000e+00
     52.000     7.9844   3.360486    32.2025       8965 0.0000e+00
     51.000     7.9888   3.360692    32.2010       8993 0.0000e+00
     50.000     7.9916   3.360814    32.2002       9022 0.0000e+00
     49.000     7.9933   3.360912    32.2001       9054 0.0000e+00
     48.000     7.9967   3.361181    32.2004       9086 0.0000e+00
     47.000     7.9998   3.361422    32.2005       9114 0.0000e+00
     46.000     8.0047   3.361785    32.2003       9142 0.0000e+00
     45.000     8.0162   3.362691    32.1998       9173 0.0000e+00
     44.000     8.0271   3.363522    32.1991       9207 0.0000e+00
     43.000     8.0677   3.366114    32.1897       9243 0.0000e+00
     42.000     8.0936   3.367369    32.1798       9274 0.0000e+00
     41.000     8.1298   3.369675    32.1714       9300 0.0000e+00
     40.000     8.1429   3.370536    32.1689       9326 0.0000e+00
     39.000     8.1612   3.371880    32.1669       9360 0.0000e+00
     38.000     8.1750   3.372948    32.1659       9403 0.0000e+00
     37.000     8.1700   3.372451    32.1658       9434 0.0000e+00
     36.000     8.1908   3.374186    32.1656       9459 0.0000e+00
     35.000     8.2112   3.375635    32.1626       9484 0.0000e+00
     34.000     8.2186   3.376221    32.1624       9514 0.0000e+00
     33.000     8.2345   3.377382    32.1606       9550 0.0000e+00
     32.000     8.2389   3.377732    32.1607       9585 0.0000e+00
     31.000     8.2669   3.379790    32.1573       9619 0.0000e+00
     30.000     8.2896   3.381598    32.1561       9653 0.0000e+00
     29.000     8.3527   3.386544    32.1510       9684 0.0000e+00
     28.000     8.3944   3.389860    32.1483       9711 0.0000e+00
     27.000     8.4082   3.390959    32.1477       9740 0.0000e+00
     26.000     8.4398   3.393514    32.1462       9779 0.0000e+00
     25.000     8.4615   3.395249    32.1451       9823 0.0000e+00
     24.000     8.4667   3.395631    32.1448       9856 0.0000e+00
     23.000     8.4698   3.395853    32.1448       9889 0.0000e+00
     22.000     8.4814   3.396703    32.1436       9927 0.0000e+00
     21.000     8.5013   3.398122    32.1408       9965 0.0000e+00
     20.000     8.5148   3.399235    32.1407      10561 0.0000e+00
