HB2302/ctd034.cnv
* Sea-Bird SBE 9 Data File:
* FileName = C:\cruise\data\ctd034.hex
* Software Version Seasave V 7.26.7.121
* Temperature SN = 6664
* Conductivity SN = 6035
* Number of Bytes Per Scan = 37
* Number of Voltage Words = 4
* Number of Scans Averaged by the Deck Unit = 1
* NMEA Latitude = 42 29.67 N
* NMEA Longitude = 069 40.30 W
* NMEA UTC (Time) = Jun 23 2023  02:33:51
* NMEA baud rate = 4800
** Ship: Bigelow HB2301
** Program:  Spring ECOMON
** Chief Scientist:Jerry Prezioso
# nquan = 6
# nvalues = 499                         
# units = specified
# name 0 = depSM: Depth [salt water, m]
# name 1 = t090C: Temperature [ITS-90, deg C]
# name 2 = c0S/m: Conductivity [S/m]
# name 3 = sal00: Salinity, Practical [PSU]
# name 4 = scan: Scan Count
# name 5 = flag: flag
# span 0 =      3.000,    252.000       
# span 1 =     6.0121,    16.4855       
# span 2 =   3.218087,   4.067334       
# span 3 =    31.7073,    33.8254       
# span 4 =         68,      19710       
# span 5 = 0.0000e+00, 0.0000e+00       
# interval = meters: 1                  
# start_time = Jun 23 2023 02:33:51 [NMEA time, header]
# bad_flag = -9.990e-29
*END*
[from data line 239]
    242.000     8.2052   3.540034    33.8143       7296 0.0000e+00
    243.000     8.2106   3.540851    33.8173       7321 0.0000e+00
    244.000     8.2144   3.541435    33.8194       7346 0.0000e+00
    245.000     8.2159   3.541727    33.8206       7374 0.0000e+00
    246.000     8.2187   3.542166    33.8221       7403 0.0000e+00
    247.000     8.2198   3.542359    33.8226       7430 0.0000e+00
    248.000     8.2205   3.542506    33.8231       7453 0.0000e+00
    249.000     8.2203   3.542543    33.8231       7478 0.0000e+00
    250.000     8.2219   3.542805    33.8239       7505 0.0000e+00
    251.000     8.2225   3.543020    33.8252       8235 0.0000e+00
    252.000     8.2221   3.543053    33.8254      10273 0.0000e+00
    251.000     8.2222   3.542999    33.8252       9717 0.0000e+00
    250.000     8.2212   3.542821    33.8248       9706 0.0000e+00
    249.000     8.2205   3.542698    33.8246       9734 0.0000e+00
    248.000     8.2203   3.542618    33.8244       9763 0.0000e+00
    247.000     8.2199   3.542515    33.8242       9790 0.0000e+00
    246.000     8.2197   3.542452    33.8242       9816 0.0000e+00
    245.000     8.2191   3.542323    33.8238       9839 0.0000e+00
    244.000     8.2184   3.542188    33.8235       9861 0.0000e+00
    243.000     8.2157   3.541760    33.8221       9884 0.0000e+00
    242.000     8.2131   3.541355    33.8207       9911 0.0000e+00
    241.000     8.2092   3.540745    33.8185       9941 0.0000e+00
    240.000     8.2061   3.540257    33.8168       9970 0.0000e+00
    239.000     8.2041   3.539952    33.8159       9997 0.0000e+00
    238.000     8.1997   3.539278    33.8134      10024 0.0000e+00
    237.000     8.1965   3.538799    33.8119      10050 0.0000e+00
    236.000     8.1914   3.538025    33.8090      10075 0.0000e+00
    235.000     8.1868   3.537321    33.8065      10099 0.0000e+00
    234.000     8.1688   3.534483    33.7941      10123 0.0000e+00
    233.000     8.0958   3.524253    33.7559      10148 0.0000e+00
    232.000     8.0720   3.520937    33.7439      10174 0.0000e+00
    231.000     8.0543   3.518471    33.7351      10203 0.0000e+00
    230.000     8.0424   3.516751    33.7286      10231 0.0000e+00
    229.000     8.0353   3.515721    33.7249      10258 0.0000e+00
    228.000     8.0310   3.515059    33.7225      10283 0.0000e+00
    227.000     8.0179   3.513105    33.7148      10307 0.0000e+00
    226.000     7.9921   3.509325    33.6997      10333 0.0000e+00
    225.000     7.9648   3.505400    33.6845      10360 0.0000e+00
    224.000     7.9412   3.501840    33.6696      10387 0.0000e+00
    223.000     7.9259   3.499599    33.6608      10415 0.0000e+00
    222.000     7.9071   3.496861    33.6501      10442 0.0000e+00
    221.000     7.8616   3.490443    33.6256      10468 0.0000e+00
    220.000     7.8291   3.485926    33.6089      10490 0.0000e+00
    219.000     7.8130   3.483661    33.6005      10512 0.0000e+00
    218.000     7.7892   3.480317    33.5881      10536 0.0000e+00
    217.000     7.7490   3.474712    33.5671      10566 0.0000e+00
    216.000     7.7227   3.471129    33.5544      10599 0.0000e+00
    215.000     7.7095   3.469254    33.5473      10628 0.0000e+00
    214.000     7.7017   3.468152    33.5436      10653 0.0000e+00
    213.000     7.6978   3.467566    33.5414      10676 0.0000e+00
    212.000     7.6795   3.465018    33.5321      10698 0.0000e+00
    211.000     7.6616   3.462669    33.5246      10722 0.0000e+00
    210.000     7.6424   3.460116    33.5160      10747 0.0000e+00
    209.000     7.6341   3.458960    33.5120      10776 0.0000e+00
    208.000     7.6155   3.456391    33.5027      10804 0.0000e+00
    207.000     7.6081   3.455472    33.5005      10830 0.0000e+00
    206.000     7.6053   3.455030    33.4989      10855 0.0000e+00
    205.000     7.6032   3.454691    33.4977      10881 0.0000e+00
    204.000     7.5994   3.454128    33.4957      10908 0.0000e+00
    203.000     7.5813   3.451549    33.4858      10935 0.0000e+00
    202.000     7.5631   3.449144    33.4779      10962 0.0000e+00
    201.000     7.5396   3.445898    33.4659      10989 0.0000e+00
    200.000     7.5286   3.444438    33.4612      11014 0.0000e+00
    199.000     7.5182   3.442985    33.4561      11036 0.0000e+00
    198.000     7.5047   3.440971    33.4478      11061 0.0000e+00
    197.000     7.4634   3.435318    33.4269      11088 0.0000e+00
    196.000     7.4453   3.432845    33.4180      11116 0.0000e+00
    195.000     7.4402   3.432060    33.4150      11142 0.0000e+00
    194.000     7.4255   3.429898    33.4062      11168 0.0000e+00
    193.000     7.4108   3.427744    33.3975      11195 0.0000e+00
    192.000     7.4015   3.426423    33.3926      11221 0.0000e+00
    191.000     7.3870   3.424362    33.3848      11246 0.0000e+00
    190.000     7.3665   3.421528    33.3742      11271 0.0000e+00
    189.000     7.3572   3.420224    33.3695      11296 0.0000e+00
    188.000     7.3530   3.419541    33.3667      11322 0.0000e+00
    187.000     7.3412   3.417860    33.3602      11349 0.0000e+00
    186.000     7.3316   3.416535    33.3556      11377 0.0000e+00
    185.000     7.3271   3.415843    33.3529      11404 0.0000e+00
    184.000     7.3158   3.414257    33.3471      11430 0.0000e+00
    183.000     7.2979   3.411727    33.3374      11454 0.0000e+00
    182.000     7.2852   3.409896    33.3302      11478 0.0000e+00
    181.000     7.2692   3.407572    33.3208      11502 0.0000e+00
    180.000     7.2541   3.405304    33.3112      11528 0.0000e+00
    179.000     7.2391   3.403086    33.3020      11557 0.0000e+00
    178.000     7.2112   3.398924    33.2841      11586 0.0000e+00
    177.000     7.1741   3.394001    33.2666      11612 0.0000e+00
    176.000     7.1674   3.393048    33.2632      11636 0.0000e+00
    175.000     7.1648   3.392608    33.2615      11661 0.0000e+00
    174.000     7.1519   3.391002    33.2568      11686 0.0000e+00
    173.000     7.1405   3.389618    33.2533      11712 0.0000e+00
    172.000     7.1351   3.388934    33.2514      11737 0.0000e+00
    171.000     7.1180   3.386669    33.2437      11765 0.0000e+00
    170.000     7.0891   3.383190    33.2340      11794 0.0000e+00
    169.000     7.0811   3.382186    33.2313      11821 0.0000e+00
    168.000     7.0786   3.381846    33.2305      11845 0.0000e+00
    167.000     7.0754   3.381405    33.2293      11867 0.0000e+00
    166.000     7.0746   3.381270    33.2290      11891 0.0000e+00
    165.000     7.0728   3.381003    33.2284      11917 0.0000e+00
    164.000     7.0682   3.380387    33.2265      11945 0.0000e+00
    163.000     7.0431   3.376805    33.2121      11976 0.0000e+00
    162.000     7.0211   3.373801    33.2009      12004 0.0000e+00
    161.000     7.0116   3.372533    33.1967      12029 0.0000e+00
    160.000     7.0026   3.371251    33.1919      12052 0.0000e+00
    159.000     6.9701   3.366475    33.1714      12075 0.0000e+00
    158.000     6.9571   3.364438    33.1621      12099 0.0000e+00
    157.000     6.9527   3.363601    33.1577      12126 0.0000e+00
    156.000     6.9489   3.363000    33.1553      12155 0.0000e+00
    155.000     6.9456   3.362448    33.1528      12185 0.0000e+00
    154.000     6.9371   3.361124    33.1471      12213 0.0000e+00
    153.000     6.9305   3.360100    33.1427      12237 0.0000e+00
    152.000     6.9175   3.357833    33.1309      12259 0.0000e+00
    151.000     6.9110   3.356699    33.1251      12282 0.0000e+00
    150.000     6.9053   3.355626    33.1194      12309 0.0000e+00
    149.000     6.9010   3.354728    33.1142      12338 0.0000e+00
    148.000     6.8979   3.353807    33.1075      12366 0.0000e+00
    147.000     6.8936   3.352980    33.1031      12391 0.0000e+00
    146.000     6.8901   3.352321    33.0997      12415 0.0000e+00
    145.000     6.8816   3.350775    33.0914      12442 0.0000e+00
    144.000     6.8685   3.348498    33.0795      12472 0.0000e+00
    143.000     6.8616   3.347304    33.0736      12499 0.0000e+00
    142.000     6.8581   3.346698    33.0708      12523 0.0000e+00
    141.000     6.8573   3.346525    33.0702      12546 0.0000e+00
    140.000     6.8569   3.346410    33.0698      12570 0.0000e+00
    139.000     6.8528   3.345689    33.0663      12597 0.0000e+00
    138.000     6.8396   3.343397    33.0543      12625 0.0000e+00
    137.000     6.8242   3.340794    33.0410      12654 0.0000e+00
    136.000     6.8178   3.339717    33.0359      12681 0.0000e+00
    135.000     6.8153   3.339252    33.0337      12705 0.0000e+00
    134.000     6.8081   3.337996    33.0273      12727 0.0000e+00
    133.000     6.7948   3.335871    33.0173      12751 0.0000e+00
    132.000     6.7817   3.333946    33.0092      12781 0.0000e+00
    131.000     6.7601   3.330503    32.9926      12811 0.0000e+00
    130.000     6.7401   3.327305    32.9771      12838 0.0000e+00
    129.000     6.7198   3.324367    32.9648      12862 0.0000e+00
    128.000     6.7121   3.323334    32.9613      12885 0.0000e+00
    127.000     6.7025   3.322004    32.9564      12909 0.0000e+00
    126.000     6.6832   3.319297    32.9456      13583 0.0000e+00
    125.000     6.6573   3.315750    32.9319      14130 0.0000e+00
    124.000     6.5754   3.305557    32.8988      14148 0.0000e+00
    123.000     6.5262   3.298850    32.8725      14171 0.0000e+00
    122.000     6.4650   3.291077    32.8458      14191 0.0000e+00
    121.000     6.4319   3.286665    32.8293      14213 0.0000e+00
    120.000     6.3992   3.282177    32.8115      14238 0.0000e+00
    119.000     6.3809   3.279482    32.7997      14273 0.0000e+00
    118.000     6.3657   3.277349    32.7912      14306 0.0000e+00
    117.000     6.3557   3.275979    32.7861      14331 0.0000e+00
    116.000     6.3487   3.275109    32.7836      14351 0.0000e+00
    115.000     6.3458   3.274712    32.7825      14371 0.0000e+00
    114.000     6.3354   3.273542    32.7800      14392 0.0000e+00
    113.000     6.3189   3.271556    32.7743      14419 0.0000e+00
    112.000     6.2983   3.268962    32.7658      14450 0.0000e+00
    111.000     6.2948   3.268375    32.7631      14482 0.0000e+00
    110.000     6.2898   3.267530    32.7590      14509 0.0000e+00
    109.000     6.2523   3.262098    32.7351      14533 0.0000e+00
    108.000     6.2265   3.258696    32.7226      14557 0.0000e+00
    107.000     6.2202   3.257755    32.7187      14581 0.0000e+00
    106.000     6.2113   3.256517    32.7139      14606 0.0000e+00
    105.000     6.1992   3.254943    32.7086      14632 0.0000e+00
    104.000     6.1839   3.252893    32.7010      14658 0.0000e+00
    103.000     6.1678   3.250794    32.6935      14684 0.0000e+00
    102.000     6.1538   3.248849    32.6858      14711 0.0000e+00
    101.000     6.1445   3.247537    32.6806      14739 0.0000e+00
    100.000     6.1386   3.246706    32.6775      14766 0.0000e+00
     99.000     6.1323   3.245879    32.6748      14793 0.0000e+00
     98.000     6.1225   3.244546    32.6699      14817 0.0000e+00
     97.000     6.1153   3.243383    32.6643      14841 0.0000e+00
     96.000     6.1148   3.243202    32.6632      14863 0.0000e+00
     95.000     6.1096   3.242324    32.6589      14886 0.0000e+00
     94.000     6.1041   3.241571    32.6563      14914 0.0000e+00
     93.000     6.0985   3.240769    32.6532      14948 0.0000e+00
     92.000     6.0827   3.238465    32.6432      14976 0.0000e+00
     91.000     6.0551   3.234262    32.6232      15001 0.0000e+00
     90.000     6.0499   3.233673    32.6222      15023 0.0000e+00
     89.000     6.0471   3.233230    32.6204      15045 0.0000e+00
     88.000     6.0446   3.232729    32.6177      15069 0.0000e+00
     87.000     6.0415   3.232159    32.6148      15098 0.0000e+00
     86.000     6.0397   3.231769    32.6127      15127 0.0000e+00
     85.000     6.0364   3.231171    32.6096      15155 0.0000e+00
     84.000     6.0320   3.230445    32.6062      15182 0.0000e+00
     83.000     6.0300   3.230037    32.6041      15204 0.0000e+00
     82.000     6.0250   3.228974    32.5975      15226 0.0000e+00
     81.000     6.0194   3.226935    32.5806      15250 0.0000e+00
     80.000     6.0185   3.226367    32.5756      15279 0.0000e+00
     79.000     6.0168   3.225651    32.5697      15309 0.0000e+00
     78.000     6.0176   3.225094    32.5632      15337 0.0000e+00
     77.000     6.0135   3.224051    32.5559      15362 0.0000e+00
     76.000     6.0128   3.223610    32.5521      15386 0.0000e+00
     75.000     6.0138   3.223280    32.5480      15411 0.0000e+00
     74.000     6.0158   3.223189    32.5456      15436 0.0000e+00
     73.000     6.0121   3.222385    32.5406      15462 0.0000e+00
     72.000     6.0295   3.219200    32.4888      15489 0.0000e+00
     71.000     6.0367   3.218087    32.4699      15516 0.0000e+00
     70.000     6.0422   3.218310    32.4676      15543 0.0000e+00
     69.000     6.0482   3.218587    32.4654      15569 0.0000e+00
     68.000     6.0478   3.218282    32.4630      15596 0.0000e+00
     67.000     6.0482   3.218089    32.4609      15624 0.0000e+00
     66.000     6.0517   3.218208    32.4594      15652 0.0000e+00
     65.000     6.0782   3.219304    32.4467      15675 0.0000e+00
     64.000     6.1116   3.220890    32.4330      15697 0.0000e+00
     63.000     6.1814   3.224591    32.4081      15720 0.0000e+00
     62.000     6.2229   3.226607    32.3914      15746 0.0000e+00
     61.000     6.2596   3.228972    32.3833      15777 0.0000e+00
     60.000     6.3589   3.235506    32.3619      15807 0.0000e+00
     59.000     6.4069   3.237853    32.3428      15832 0.0000e+00
     58.000     6.4242   3.238686    32.3360      15855 0.0000e+00
     57.000     6.4504   3.239659    32.3225      15880 0.0000e+00
     56.000     6.4833   3.241790    32.3154      15903 0.0000e+00
     55.000     6.5602   3.247163    32.3024      15926 0.0000e+00
     54.000     6.5905   3.248511    32.2892      15951 0.0000e+00
     53.000     6.5771   3.246548    32.2806      15983 0.0000e+00
     52.000     6.5874   3.246680    32.2728      16014 0.0000e+00
     51.000     6.7168   3.255959    32.2534      16039 0.0000e+00
     50.000     6.7487   3.256800    32.2331      16059 0.0000e+00
     49.000     6.7646   3.257460    32.2259      16079 0.0000e+00
     48.000     6.8266   3.262807    32.2267      16100 0.0000e+00
     47.000     6.8651   3.266170    32.2278      16128 0.0000e+00
     46.000     6.8777   3.267238    32.2282      16162 0.0000e+00
     45.000     6.9037   3.268496    32.2180      16191 0.0000e+00
     44.000     6.8903   3.266022    32.2040      16215 0.0000e+00
     43.000     6.9004   3.266006    32.1949      16237 0.0000e+00
     42.000     6.9203   3.266959    32.1871      16259 0.0000e+00
     41.000     6.9474   3.269024    32.1848      16281 0.0000e+00
     40.000     6.9734   3.270928    32.1817      16305 0.0000e+00
     39.000     6.9388   3.265523    32.1556      16337 0.0000e+00
     38.000     6.8984   3.260004    32.1335      16369 0.0000e+00
     37.000     6.8382   3.250754    32.0892      16394 0.0000e+00
     36.000     6.8427   3.249910    32.0763      16418 0.0000e+00
     35.000     7.0297   3.267100    32.0898      16441 0.0000e+00
     34.000     7.1521   3.275187    32.0643      16465 0.0000e+00
     33.000     7.2469   3.282261    32.0534      16488 0.0000e+00
     32.000     7.4731   3.302720    32.0653      16514 0.0000e+00
     31.000     7.6225   3.314996    32.0598      16545 0.0000e+00
     30.000     7.7076   3.321687    32.0536      16575 0.0000e+00
     29.000     7.8560   3.334338    32.0526      16600 0.0000e+00
     28.000     8.1203   3.358615    32.0690      16621 0.0000e+00
     27.000     8.2692   3.369174    32.0450      16642 0.0000e+00
     26.000     8.2559   3.363782    32.0007      16668 0.0000e+00
     25.000     8.6634   3.399551    32.0066      16698 0.0000e+00
