HB2302/ctd020.cnv
* Sea-Bird SBE 9 Data File:
* FileName = C:\cruise\data\ctd020.hex
* Software Version Seasave V 7.26.7.121
* Temperature SN = 6664
* Conductivity SN = 6035
* Number of Bytes Per Scan = 37
* Number of Voltage Words = 4
* Number of Scans Averaged by the Deck Unit = 1
* NMEA Latitude = 41 45.09 N
* NMEA Longitude = 065 26.77 W
* NMEA UTC (Time) = Jun 17 2023  23:34:41
* NMEA baud rate = 4800
** Ship: Bigelow HB2301
** Program:  Spring ECOMON
** Chief Scientist:Jerry Prezioso
# nquan = 6
# nvalues = 1007                        
# units = specified
# name 0 = depSM: Depth [salt water, m]
# name 1 = t090C: Temperature [ITS-90, deg C]
# name 2 = c0S/m: Conductivity [S/m]
# name 3 = sal00: Salinity, Practical [PSU]
# name 4 = scan: Scan Count
# name 5 = flag: flag
# span 0 =      1.000,    505.000       
# span 1 =     6.1779,    13.8500       
# span 2 =   3.294261,   4.237537       
# span 3 =    31.8425,    35.6529       
# span 4 =        -27,      32235       
# span 5 = 0.0000e+00, 0.0000e+00       
# interval = meters: 1                  
# start_time = Jun 17 2023 23:34:41 [NMEA time, header]
# bad_flag = -9.990e-29
*END*
[from data line 478]
    481.000     6.3637   3.492593    35.0081      13965 0.0000e+00
    482.000     6.3331   3.489957    35.0095      13990 0.0000e+00
    483.000     6.3235   3.489235    35.0108      14013 0.0000e+00
    484.000     6.3014   3.487413    35.0125      14038 0.0000e+00
    485.000     6.2872   3.486157    35.0125      14067 0.0000e+00
    486.000     6.2702   3.484638    35.0125      14094 0.0000e+00
    487.000     6.2563   3.483436    35.0128      14116 0.0000e+00
    488.000     6.2519   3.483087    35.0129      14136 0.0000e+00
    489.000     6.2516   3.483098    35.0128      14157 0.0000e+00
    490.000     6.2525   3.483232    35.0129      14185 0.0000e+00
    491.000     6.2531   3.483410    35.0138      14219 0.0000e+00
    492.000     6.2508   3.483474    35.0163      14247 0.0000e+00
    493.000     6.2486   3.483385    35.0171      14272 0.0000e+00
    494.000     6.2482   3.483391    35.0171      14293 0.0000e+00
    495.000     6.2481   3.483428    35.0171      14313 0.0000e+00
    496.000     6.2472   3.483393    35.0171      14333 0.0000e+00
    497.000     6.2466   3.483379    35.0171      14358 0.0000e+00
    498.000     6.2446   3.483291    35.0177      14395 0.0000e+00
    499.000     6.2429   3.483185    35.0177      14429 0.0000e+00
    500.000     6.2405   3.483031    35.0179      14452 0.0000e+00
    501.000     6.2403   3.483095    35.0183      14472 0.0000e+00
    502.000     6.2366   3.482822    35.0186      14628 0.0000e+00
    503.000     6.2325   3.482469    35.0183      14998 0.0000e+00
    504.000     6.2083   3.480383    35.0193      15375 0.0000e+00
    505.000     6.1779   3.477732    35.0203      15760 0.0000e+00
    504.000     6.1950   3.479273    35.0205      15730 0.0000e+00
    503.000     6.2263   3.481892    35.0182      15751 0.0000e+00
    502.000     6.2338   3.482456    35.0174      15777 0.0000e+00
    501.000     6.2385   3.482765    35.0165      15811 0.0000e+00
    500.000     6.2384   3.482693    35.0163      15846 0.0000e+00
    499.000     6.2380   3.482588    35.0160      15871 0.0000e+00
    498.000     6.2379   3.482526    35.0160      15893 0.0000e+00
    497.000     6.2379   3.482444    35.0155      15916 0.0000e+00
    496.000     6.2401   3.482529    35.0148      15945 0.0000e+00
    495.000     6.2425   3.482714    35.0149      15979 0.0000e+00
    494.000     6.2428   3.482672    35.0146      16008 0.0000e+00
    493.000     6.2427   3.482542    35.0137      16032 0.0000e+00
    492.000     6.2439   3.482532    35.0129      16055 0.0000e+00
    491.000     6.2464   3.482614    35.0118      16080 0.0000e+00
    490.000     6.2473   3.482476    35.0098      16110 0.0000e+00
    489.000     6.2484   3.482474    35.0091      16138 0.0000e+00
    488.000     6.2500   3.482567    35.0090      16163 0.0000e+00
    487.000     6.2510   3.482618    35.0091      16189 0.0000e+00
    486.000     6.2536   3.482812    35.0091      16222 0.0000e+00
    485.000     6.2689   3.484172    35.0092      16252 0.0000e+00
    484.000     6.2777   3.484877    35.0085      16275 0.0000e+00
    483.000     6.2899   3.485937    35.0084      16296 0.0000e+00
    482.000     6.2981   3.486640    35.0083      16321 0.0000e+00
    481.000     6.3302   3.489313    35.0058      16353 0.0000e+00
    480.000     6.3474   3.490652    35.0036      16382 0.0000e+00
    479.000     6.3766   3.493268    35.0034      16406 0.0000e+00
    478.000     6.3956   3.494967    35.0035      16431 0.0000e+00
    477.000     6.4127   3.496481    35.0034      16458 0.0000e+00
    476.000     6.4192   3.497077    35.0038      16486 0.0000e+00
    475.000     6.4262   3.497696    35.0042      16511 0.0000e+00
    474.000     6.4357   3.498539    35.0043      16539 0.0000e+00
    473.000     6.4423   3.499123    35.0045      16569 0.0000e+00
    472.000     6.4463   3.499461    35.0047      16597 0.0000e+00
    471.000     6.4519   3.499986    35.0053      16622 0.0000e+00
    470.000     6.4668   3.501264    35.0048      16649 0.0000e+00
    469.000     6.4739   3.501891    35.0050      16679 0.0000e+00
    468.000     6.4802   3.502392    35.0047      16704 0.0000e+00
    467.000     6.4863   3.502880    35.0044      16726 0.0000e+00
    466.000     6.5438   3.508226    35.0056      16749 0.0000e+00
    465.000     6.5712   3.510509    35.0035      16782 0.0000e+00
    464.000     6.5799   3.511333    35.0043      16815 0.0000e+00
    463.000     6.5856   3.511907    35.0053      16840 0.0000e+00
    462.000     6.6315   3.516444    35.0093      16864 0.0000e+00
    461.000     6.6929   3.522562    35.0151      16891 0.0000e+00
    460.000     6.8546   3.538599    35.0282      16920 0.0000e+00
    459.000     6.8807   3.541119    35.0300      16949 0.0000e+00
    458.000     6.8912   3.542369    35.0336      16975 0.0000e+00
    457.000     6.9543   3.548755    35.0403      17002 0.0000e+00
    456.000     6.9808   3.551370    35.0427      17031 0.0000e+00
    455.000     6.9850   3.551850    35.0441      17058 0.0000e+00
    454.000     6.9925   3.552713    35.0465      17083 0.0000e+00
    453.000     7.0171   3.555099    35.0483      17109 0.0000e+00
    452.000     7.0255   3.555952    35.0496      17140 0.0000e+00
    451.000     7.0364   3.557069    35.0513      17172 0.0000e+00
    450.000     7.0427   3.557647    35.0517      17201 0.0000e+00
    449.000     7.0454   3.557897    35.0523      17225 0.0000e+00
    448.000     7.0466   3.558003    35.0527      17251 0.0000e+00
    447.000     7.0484   3.558159    35.0530      17279 0.0000e+00
    446.000     7.0502   3.558319    35.0535      17308 0.0000e+00
    445.000     7.1021   3.563762    35.0611      17335 0.0000e+00
    444.000     7.1786   3.570987    35.0633      17365 0.0000e+00
    443.000     7.2077   3.573798    35.0650      17398 0.0000e+00
    442.000     7.2229   3.575254    35.0661      17424 0.0000e+00
    441.000     7.2319   3.576057    35.0662      17446 0.0000e+00
    440.000     7.2364   3.576472    35.0666      17468 0.0000e+00
    439.000     7.2429   3.577079    35.0672      17495 0.0000e+00
    438.000     7.2459   3.577334    35.0675      17532 0.0000e+00
    437.000     7.2462   3.577354    35.0679      17568 0.0000e+00
    436.000     7.2518   3.577820    35.0678      17594 0.0000e+00
    435.000     7.2571   3.578238    35.0675      17615 0.0000e+00
    434.000     7.2655   3.578938    35.0671      17635 0.0000e+00
    433.000     7.2736   3.579616    35.0668      17661 0.0000e+00
    432.000     7.2865   3.580797    35.0671      17700 0.0000e+00
    431.000     7.2940   3.581484    35.0676      17735 0.0000e+00
    430.000     7.2955   3.581563    35.0674      17758 0.0000e+00
    429.000     7.2963   3.581619    35.0677      17778 0.0000e+00
    428.000     7.3033   3.582168    35.0671      17799 0.0000e+00
    427.000     7.3077   3.582481    35.0666      17824 0.0000e+00
    426.000     7.3094   3.582587    35.0665      17864 0.0000e+00
    425.000     7.3114   3.582763    35.0669      17902 0.0000e+00
    424.000     7.3109   3.582675    35.0669      17926 0.0000e+00
    423.000     7.3113   3.582665    35.0669      17946 0.0000e+00
    422.000     7.3113   3.582628    35.0670      17968 0.0000e+00
    421.000     7.3136   3.582803    35.0671      17996 0.0000e+00
    420.000     7.3144   3.582839    35.0672      18027 0.0000e+00
    419.000     7.3147   3.582845    35.0674      18055 0.0000e+00
    418.000     7.3122   3.582591    35.0677      18081 0.0000e+00
    417.000     7.3118   3.582530    35.0679      18104 0.0000e+00
    416.000     7.3244   3.583644    35.0678      18127 0.0000e+00
    415.000     7.3317   3.584204    35.0670      18155 0.0000e+00
    414.000     7.3356   3.584537    35.0672      18189 0.0000e+00
    413.000     7.3415   3.585020    35.0670      18219 0.0000e+00
    412.000     7.3449   3.585328    35.0674      18244 0.0000e+00
    411.000     7.3643   3.587158    35.0682      18267 0.0000e+00
    410.000     7.4051   3.590766    35.0669      18290 0.0000e+00
    409.000     7.4235   3.592521    35.0679      18318 0.0000e+00
    408.000     7.4330   3.593321    35.0675      18351 0.0000e+00
    407.000     7.4561   3.595295    35.0661      18380 0.0000e+00
    406.000     7.4806   3.597492    35.0658      18402 0.0000e+00
    405.000     7.4919   3.598575    35.0666      18423 0.0000e+00
    404.000     7.5456   3.603985    35.0717      18444 0.0000e+00
    403.000     7.6344   3.612356    35.0735      18473 0.0000e+00
    402.000     7.6868   3.617403    35.0760      18509 0.0000e+00
    401.000     7.6960   3.618445    35.0785      18538 0.0000e+00
    400.000     7.7292   3.621671    35.0805      18560 0.0000e+00
    399.000     7.7478   3.623419    35.0812      18583 0.0000e+00
    398.000     7.7571   3.624235    35.0811      18609 0.0000e+00
    397.000     7.7968   3.628194    35.0844      18635 0.0000e+00
    396.000     7.8372   3.631786    35.0831      18658 0.0000e+00
    395.000     7.8336   3.631467    35.0838      18681 0.0000e+00
    394.000     7.8520   3.633334    35.0859      18708 0.0000e+00
    393.000     7.9068   3.638326    35.0851      18739 0.0000e+00
    392.000     7.9092   3.638563    35.0858      18767 0.0000e+00
    391.000     7.9113   3.638736    35.0860      18791 0.0000e+00
    390.000     7.9238   3.639866    35.0861      18815 0.0000e+00
    389.000     7.9394   3.641265    35.0860      18839 0.0000e+00
    388.000     7.9463   3.641881    35.0862      18862 0.0000e+00
    387.000     7.9523   3.642430    35.0866      18886 0.0000e+00
    386.000     7.9583   3.642943    35.0866      18915 0.0000e+00
    385.000     7.9616   3.643222    35.0868      18949 0.0000e+00
    384.000     7.9644   3.643442    35.0869      18978 0.0000e+00
    383.000     7.9708   3.643984    35.0867      19002 0.0000e+00
    382.000     7.9734   3.644143    35.0863      19022 0.0000e+00
    381.000     7.9811   3.644811    35.0863      19041 0.0000e+00
    380.000     7.9903   3.645534    35.0853      19060 0.0000e+00
    379.000     7.9976   3.646117    35.0847      19085 0.0000e+00
    378.000     8.0072   3.646899    35.0840      19130 0.0000e+00
    377.000     8.0158   3.647586    35.0832      19166 0.0000e+00
    376.000     8.0221   3.648156    35.0836      19188 0.0000e+00
    375.000     8.0571   3.651176    35.0814      19206 0.0000e+00
    374.000     8.0684   3.652150    35.0810      19225 0.0000e+00
    373.000     8.0941   3.654311    35.0789      19246 0.0000e+00
    372.000     8.1139   3.655773    35.0754      19273 0.0000e+00
    371.000     8.1297   3.657242    35.0758      19305 0.0000e+00
    370.000     8.1377   3.657912    35.0755      19338 0.0000e+00
    369.000     8.1448   3.658523    35.0754      19366 0.0000e+00
    368.000     8.1469   3.658724    35.0758      19390 0.0000e+00
    367.000     8.1516   3.659175    35.0765      19412 0.0000e+00
    366.000     8.1669   3.660690    35.0779      19438 0.0000e+00
    365.000     8.2142   3.665024    35.0775      19467 0.0000e+00
    364.000     8.2584   3.669358    35.0801      19493 0.0000e+00
    363.000     8.3034   3.673429    35.0792      19515 0.0000e+00
    362.000     8.3462   3.677452    35.0799      19541 0.0000e+00
    361.000     8.4177   3.684195    35.0809      19577 0.0000e+00
    360.000     8.4571   3.688007    35.0828      19610 0.0000e+00
    359.000     8.4920   3.691254    35.0831      19631 0.0000e+00
    358.000     8.4966   3.691801    35.0847      19650 0.0000e+00
    357.000     8.5087   3.693023    35.0861      19671 0.0000e+00
    356.000     8.5214   3.694263    35.0871      19700 0.0000e+00
    355.000     8.5249   3.694619    35.0879      19739 0.0000e+00
    354.000     8.5269   3.694802    35.0884      19765 0.0000e+00
    353.000     8.5300   3.695082    35.0887      19788 0.0000e+00
    352.000     8.5410   3.696190    35.0900      19812 0.0000e+00
    351.000     8.5724   3.699098    35.0901      19839 0.0000e+00
    350.000     8.5774   3.699556    35.0905      19865 0.0000e+00
    349.000     8.5875   3.700476    35.0907      19889 0.0000e+00
    348.000     8.5886   3.700546    35.0909      19917 0.0000e+00
    347.000     8.6016   3.701861    35.0923      19953 0.0000e+00
    346.000     8.6341   3.704886    35.0926      19985 0.0000e+00
    345.000     8.6725   3.708311    35.0912      20008 0.0000e+00
    344.000     8.6885   3.709397    35.0873      20029 0.0000e+00
    343.000     8.6917   3.709562    35.0863      20051 0.0000e+00
    342.000     8.6913   3.709408    35.0856      20075 0.0000e+00
    341.000     8.6932   3.709470    35.0848      20107 0.0000e+00
    340.000     8.7070   3.710872    35.0865      20142 0.0000e+00
    339.000     8.7301   3.713230    35.0889      20170 0.0000e+00
    338.000     8.7529   3.715581    35.0916      20194 0.0000e+00
    337.000     8.7666   3.716994    35.0934      20218 0.0000e+00
    336.000     8.8040   3.720969    35.0987      20242 0.0000e+00
    335.000     8.8689   3.727590    35.1047      20268 0.0000e+00
    334.000     8.9719   3.738368    35.1166      20298 0.0000e+00
    333.000     8.9927   3.739970    35.1133      20332 0.0000e+00
    332.000     8.9728   3.737426    35.1068      20361 0.0000e+00
    331.000     8.9666   3.736295    35.1016      20384 0.0000e+00
    330.000     8.9679   3.736352    35.1013      20405 0.0000e+00
    329.000     8.9788   3.737430    35.1024      20428 0.0000e+00
    328.000     8.9869   3.738153    35.1024      20458 0.0000e+00
    327.000     8.9909   3.738495    35.1025      20491 0.0000e+00
    326.000     9.0060   3.739250    35.0961      20521 0.0000e+00
    325.000     9.0116   3.739341    35.0920      20546 0.0000e+00
    324.000     9.0245   3.740241    35.0891      20568 0.0000e+00
    323.000     9.0535   3.742759    35.0874      20592 0.0000e+00
    322.000     9.0797   3.745170    35.0873      20625 0.0000e+00
    321.000     9.0895   3.745974    35.0865      20658 0.0000e+00
    320.000     9.0912   3.746079    35.0865      20681 0.0000e+00
    319.000     9.0935   3.746263    35.0865      20702 0.0000e+00
    318.000     9.0985   3.746681    35.0865      20725 0.0000e+00
    317.000     9.1057   3.747338    35.0867      20753 0.0000e+00
    316.000     9.1174   3.748434    35.0872      20785 0.0000e+00
    315.000     9.1269   3.749283    35.0872      20816 0.0000e+00
    314.000     9.1394   3.750485    35.0879      20847 0.0000e+00
    313.000     9.1528   3.751731    35.0882      20871 0.0000e+00
    312.000     9.1672   3.753107    35.0888      20892 0.0000e+00
    311.000     9.1852   3.754732    35.0886      20913 0.0000e+00
    310.000     9.2004   3.756029    35.0876      20943 0.0000e+00
    309.000     9.2152   3.757248    35.0863      20983 0.0000e+00
    308.000     9.2259   3.758165    35.0858      21009 0.0000e+00
    307.000     9.2287   3.758325    35.0852      21029 0.0000e+00
    306.000     9.2339   3.758837    35.0859      21049 0.0000e+00
    305.000     9.2626   3.761521    35.0861      21074 0.0000e+00
    304.000     9.2691   3.761865    35.0838      21107 0.0000e+00
    303.000     9.2732   3.762104    35.0827      21139 0.0000e+00
    302.000     9.2996   3.764395    35.0812      21169 0.0000e+00
    301.000     9.3219   3.766392    35.0806      21195 0.0000e+00
    300.000     9.3330   3.767348    35.0801      21219 0.0000e+00
    299.000     9.3420   3.768071    35.0792      21242 0.0000e+00
    298.000     9.3515   3.768834    35.0783      21267 0.0000e+00
    297.000     9.3716   3.770752    35.0790      21296 0.0000e+00
    296.000     9.4203   3.775726    35.0834      21325 0.0000e+00
    295.000     9.4809   3.781581    35.0853      21353 0.0000e+00
    294.000     9.4996   3.783393    35.0862      21381 0.0000e+00
    293.000     9.5152   3.784899    35.0870      21410 0.0000e+00
    292.000     9.5290   3.786257    35.0880      21437 0.0000e+00
