HB2302/ctd031.cnv
* Sea-Bird SBE 9 Data File:
* FileName = C:\cruise\data\ctd031.hex
* Software Version Seasave V 7.26.7.121
* Temperature SN = 6664
* Conductivity SN = 6035
* Number of Bytes Per Scan = 37
* Number of Voltage Words = 4
* Number of Scans Averaged by the Deck Unit = 1
* NMEA Latitude = 42 25.13 N
* NMEA Longitude = 070 36.02 W
* NMEA UTC (Time) = Jun 22 2023  20:51:02
* NMEA baud rate = 4800
** Ship: Bigelow HB2301
** Program:  Spring ECOMON
** Chief Scientist:Jerry Prezioso
# nquan = 6
# nvalues = 159                         
# units = specified
# name 0 = depSM: Depth [salt water, m]
# name 1 = t090C: Temperature [ITS-90, deg C]
# name 2 = c0S/m: Conductivity [S/m]
# name 3 = sal00: Salinity, Practical [PSU]
# name 4 = scan: Scan Count
# name 5 = flag: flag
# span 0 =      3.000,     82.000       
# span 1 =     6.0697,    17.7071       
# span 2 =   3.197324,   3.958126       
# span 3 =    29.8227,    32.2087       
# span 4 =          1,      11338       
# span 5 = 0.0000e+00, 0.0000e+00       
# interval = meters: 1                  
# start_time = Jun 22 2023 20:51:02 [NMEA time, header]
# bad_flag = -9.990e-29
*END*
      3.000    17.4826   3.937719    29.8708          1 0.0000e+00
      4.000    17.6026   3.950395    29.8892        298 0.0000e+00
      5.000    17.6070   3.950714    29.8883        320 0.0000e+00
      6.000    16.7103   3.870761    29.8711        348 0.0000e+00
      7.000    16.2445   3.872505    30.2359        372 0.0000e+00
      8.000    15.9920   3.860868    30.3261        397 0.0000e+00
      9.000    15.5828   3.831591    30.3825        425 0.0000e+00
     10.000    14.7486   3.766390    30.4486        452 0.0000e+00
     11.000    14.0433   3.713321    30.5223        477 0.0000e+00
     12.000    13.6153   3.680960    30.5652        503 0.0000e+00
     13.000    13.2430   3.653298    30.6068        529 0.0000e+00
     14.000    12.7405   3.617051    30.6731        552 0.0000e+00
     15.000    12.2242   3.582837    30.7702        579 0.0000e+00
     16.000    11.9156   3.564565    30.8493        608 0.0000e+00
     17.000    11.4736   3.538197    30.9619        635 0.0000e+00
     18.000    11.2254   3.524956    31.0408        659 0.0000e+00
     19.000    11.0138   3.512280    31.0947        683 0.0000e+00
     20.000    10.9291   3.507197    31.1160        709 0.0000e+00
     21.000    10.8788   3.504189    31.1287        736 0.0000e+00
     22.000    10.6596   3.492238    31.1967        763 0.0000e+00
     23.000    10.5260   3.484863    31.2374        790 0.0000e+00
     24.000    10.3108   3.472690    31.3003        816 0.0000e+00
     25.000    10.2073   3.468400    31.3462        842 0.0000e+00
     26.000    10.1825   3.470358    31.3869        868 0.0000e+00
     27.000    10.1832   3.472067    31.4031        893 0.0000e+00
     28.000    10.1869   3.472577    31.4045        918 0.0000e+00
     29.000    10.1914   3.473451    31.4090        944 0.0000e+00
     30.000    10.1775   3.473681    31.4229        972 0.0000e+00
     31.000    10.1003   3.470060    31.4531        998 0.0000e+00
     32.000    10.0641   3.470030    31.4838       1023 0.0000e+00
     33.000     9.9937   3.467501    31.5192       1048 0.0000e+00
     34.000     9.6522   3.440608    31.5450       1073 0.0000e+00
     35.000     9.1340   3.396816    31.5525       1098 0.0000e+00
     36.000     8.3810   3.339312    31.6255       1125 0.0000e+00
     37.000     8.1794   3.324257    31.6479       1154 0.0000e+00
     38.000     8.0826   3.317420    31.6625       1182 0.0000e+00
     39.000     8.0279   3.313908    31.6743       1207 0.0000e+00
     40.000     7.9671   3.311414    31.7025       1232 0.0000e+00
     41.000     7.8717   3.309450    31.7678       1257 0.0000e+00
     42.000     7.4131   3.281110    31.8834       1281 0.0000e+00
     43.000     7.2401   3.270358    31.9263       1305 0.0000e+00
     44.000     7.1393   3.263199    31.9414       1334 0.0000e+00
     45.000     6.9777   3.252232    31.9716       1363 0.0000e+00
     46.000     6.8701   3.244583    31.9877       1389 0.0000e+00
     47.000     6.7977   3.239452    31.9986       1413 0.0000e+00
     48.000     6.7422   3.235387    32.0054       1437 0.0000e+00
     49.000     6.6920   3.233095    32.0267       1463 0.0000e+00
     50.000     6.6490   3.230420    32.0370       1492 0.0000e+00
     51.000     6.6370   3.230245    32.0459       1519 0.0000e+00
     52.000     6.6286   3.229732    32.0476       1543 0.0000e+00
     53.000     6.6155   3.228620    32.0472       1567 0.0000e+00
     54.000     6.6120   3.228463    32.0483       1593 0.0000e+00
     55.000     6.5948   3.227076    32.0487       1619 0.0000e+00
     56.000     6.5765   3.225691    32.0501       1644 0.0000e+00
     57.000     6.5399   3.223262    32.0572       1671 0.0000e+00
     58.000     6.5031   3.221082    32.0672       1699 0.0000e+00
     59.000     6.4796   3.219539    32.0717       1725 0.0000e+00
     60.000     6.4579   3.218276    32.0777       1751 0.0000e+00
     61.000     6.4352   3.216928    32.0837       1775 0.0000e+00
     62.000     6.4130   3.215665    32.0901       1799 0.0000e+00
     63.000     6.3866   3.214195    32.0982       1824 0.0000e+00
     64.000     6.3544   3.212254    32.1066       1854 0.0000e+00
     65.000     6.3059   3.209508    32.1215       1883 0.0000e+00
     66.000     6.2813   3.208119    32.1288       1908 0.0000e+00
     67.000     6.2769   3.207816    32.1291       1931 0.0000e+00
     68.000     6.2735   3.207585    32.1292       1957 0.0000e+00
     69.000     6.2706   3.207373    32.1291       1985 0.0000e+00
     70.000     6.2518   3.206390    32.1355       2012 0.0000e+00
     71.000     6.2104   3.204286    32.1507       2037 0.0000e+00
     72.000     6.1671   3.202199    32.1680       2065 0.0000e+00
     73.000     6.1530   3.201505    32.1732       2092 0.0000e+00
     74.000     6.1483   3.201292    32.1748       2116 0.0000e+00
     75.000     6.1300   3.200554    32.1834       2141 0.0000e+00
     76.000     6.0895   3.198844    32.2023       2170 0.0000e+00
     77.000     6.0858   3.198579    32.2024       2199 0.0000e+00
     78.000     6.0839   3.198451    32.2023       2226 0.0000e+00
     79.000     6.0813   3.198336    32.2030       2252 0.0000e+00
     80.000     6.0721   3.198016    32.2076       2277 0.0000e+00
     81.000     6.0697   3.197944    32.2087       2302 0.0000e+00
     82.000     6.0697   3.197945    32.2082       2322 0.0000e+00
     81.000     6.0702   3.197324    32.2012       4266 0.0000e+00
     80.000     6.0712   3.197412    32.2018       5077 0.0000e+00
     79.000     6.0776   3.197563    32.1979       5047 0.0000e+00
     78.000     6.0826   3.197710    32.1953       5078 0.0000e+00
     77.000     6.0849   3.197797    32.1945       5109 0.0000e+00
     76.000     6.0865   3.197857    32.1942       5141 0.0000e+00
     75.000     6.1072   3.198879    32.1864       5173 0.0000e+00
     74.000     6.1441   3.200221    32.1669       5206 0.0000e+00
     73.000     6.1500   3.200416    32.1639       5237 0.0000e+00
     72.000     6.1541   3.200572    32.1623       5265 0.0000e+00
     71.000     6.1827   3.201891    32.1503       5295 0.0000e+00
     70.000     6.2280   3.204059    32.1321       5330 0.0000e+00
     69.000     6.2502   3.205171    32.1240       5363 0.0000e+00
     68.000     6.2673   3.206052    32.1181       5394 0.0000e+00
     67.000     6.2746   3.206438    32.1160       5427 0.0000e+00
     66.000     6.2765   3.206539    32.1157       5457 0.0000e+00
     65.000     6.2820   3.206833    32.1143       5487 0.0000e+00
     64.000     6.2967   3.207646    32.1100       5520 0.0000e+00
     63.000     6.3383   3.209973    32.0970       5551 0.0000e+00
     62.000     6.3870   3.212717    32.0820       5583 0.0000e+00
     61.000     6.4171   3.214345    32.0722       5615 0.0000e+00
     60.000     6.4350   3.215385    32.0673       5645 0.0000e+00
     59.000     6.4530   3.216302    32.0610       5674 0.0000e+00
     58.000     6.4805   3.217912    32.0534       5706 0.0000e+00
     57.000     6.4980   3.218994    32.0494       5740 0.0000e+00
     56.000     6.5199   3.220500    32.0459       5772 0.0000e+00
     55.000     6.5434   3.221302    32.0332       5802 0.0000e+00
     54.000     6.5842   3.224431    32.0299       5831 0.0000e+00
     53.000     6.6080   3.226188    32.0275       5861 0.0000e+00
     52.000     6.6151   3.226677    32.0267       5893 0.0000e+00
     51.000     6.6244   3.227221    32.0245       5927 0.0000e+00
     50.000     6.6326   3.227674    32.0222       5959 0.0000e+00
     49.000     6.6451   3.228295    32.0178       5988 0.0000e+00
     48.000     6.6727   3.229724    32.0082       6018 0.0000e+00
     47.000     6.7275   3.232622    31.9893       6051 0.0000e+00
     46.000     6.8086   3.237477    31.9673       6083 0.0000e+00
     45.000     6.8224   3.238169    31.9626       6113 0.0000e+00
     44.000     6.8973   3.243304    31.9494       6145 0.0000e+00
     43.000     7.0476   3.253418    31.9206       6175 0.0000e+00
     42.000     7.1766   3.261674    31.8914       6208 0.0000e+00
     41.000     7.3051   3.271107    31.8754       7576 0.0000e+00
     40.000     7.7278   3.297037    31.7670       7939 0.0000e+00
     39.000     7.9288   3.305178    31.6715       7989 0.0000e+00
     38.000     7.9742   3.306961    31.6497       8024 0.0000e+00
     37.000     8.0565   3.311724    31.6263       8059 0.0000e+00
     36.000     8.1667   3.318606    31.6002       8095 0.0000e+00
     35.000     8.3904   3.334894    31.5710       8126 0.0000e+00
     34.000     9.2788   3.404799    31.5073       8160 0.0000e+00
     33.000     9.7208   3.441698    31.4963       8195 0.0000e+00
     32.000     9.9784   3.459843    31.4557       8227 0.0000e+00
     31.000    10.0053   3.460208    31.4364       8259 0.0000e+00
     30.000    10.1006   3.465629    31.4086       8291 0.0000e+00
     29.000    10.1543   3.467493    31.3813       8326 0.0000e+00
     28.000    10.1545   3.466382    31.3704       8360 0.0000e+00
     27.000    10.1420   3.464954    31.3673       8392 0.0000e+00
     26.000    10.1335   3.463322    31.3587       8424 0.0000e+00
     25.000    10.1560   3.461590    31.3223       8456 0.0000e+00
     24.000    10.1886   3.462243    31.3011       8491 0.0000e+00
     23.000    10.2645   3.464500    31.2587       8523 0.0000e+00
     22.000    10.3907   3.469902    31.2046       8553 0.0000e+00
     21.000    10.5489   3.478672    31.1570       8584 0.0000e+00
     20.000    10.7925   3.494349    31.1052       8620 0.0000e+00
     19.000    10.9000   3.500815    31.0782       8654 0.0000e+00
     18.000    10.9516   3.503023    31.0567       8685 0.0000e+00
     17.000    11.0543   3.508489    31.0241       8717 0.0000e+00
     16.000    11.2505   3.519264    30.9648       8750 0.0000e+00
     15.000    11.5957   3.538907    30.8678       8782 0.0000e+00
     14.000    12.0418   3.562907    30.7300       8816 0.0000e+00
     13.000    12.3778   3.585430    30.6698       8852 0.0000e+00
     12.000    13.0380   3.630919    30.5634       8887 0.0000e+00
     11.000    13.3822   3.656328    30.5240       8922 0.0000e+00
     10.000    14.0049   3.703290    30.4614       8959 0.0000e+00
      9.000    14.6997   3.758759    30.4187       9886 0.0000e+00
      8.000    15.4659   3.819046    30.3621      10134 0.0000e+00
      7.000    16.0103   3.860100    30.3057      10192 0.0000e+00
      6.000    17.0142   3.901357    29.9080      10242 0.0000e+00
      5.000    17.3241   3.918318    29.8227      10292 0.0000e+00
      4.000    17.5463   3.940225    29.8448      10359 0.0000e+00
      3.000    17.7071   3.958126    29.8779      11338 0.0000e+00
