HB2302/ctd023.cnv
* Sea-Bird SBE 9 Data File:
* FileName = C:\cruise\data\ctd023.hex
* Software Version Seasave V 7.26.7.121
* Temperature SN = 6664
* Conductivity SN = 6035
* Number of Bytes Per Scan = 37
* Number of Voltage Words = 4
* Number of Scans Averaged by the Deck Unit = 1
* NMEA Latitude = 42 23.02 N
* NMEA Longitude = 067 03.07 W
* NMEA UTC (Time) = Jun 19 2023  06:04:21
* NMEA baud rate = 4800
** Ship: Bigelow HB2301
** Program:  Spring ECOMON
** Chief Scientist:Jerry Prezioso
# nquan = 6
# nvalues = 664                         
# units = specified
# name 0 = depSM: Depth [salt water, m]
# name 1 = t090C: Temperature [ITS-90, deg C]
# name 2 = c0S/m: Conductivity [S/m]
# name 3 = sal00: Salinity, Practical [PSU]
# name 4 = scan: Scan Count
# name 5 = flag: flag
# span 0 =      2.000,    334.000       
# span 1 =     7.1726,    11.3108       
# span 2 =   3.343751,   3.782092       
# span 3 =    31.9527,    35.0292       
# span 4 =        144,      23168       
# span 5 = 0.0000e+00, 0.0000e+00       
# interval = meters: 1                  
# start_time = Jun 19 2023 06:04:21 [NMEA time, header]
# bad_flag = -9.990e-29
*END*
[from data line 478]
    187.000     9.6084   3.778700    34.9816      15102 0.0000e+00
    186.000     9.6378   3.781016    34.9774      15129 0.0000e+00
    185.000     9.6443   3.781437    34.9758      15154 0.0000e+00
    184.000     9.6460   3.781502    34.9753      15181 0.0000e+00
    183.000     9.6562   3.781948    34.9705      15208 0.0000e+00
    182.000     9.6622   3.781831    34.9639      15235 0.0000e+00
    181.000     9.6605   3.781041    34.9578      15259 0.0000e+00
    180.000     9.6600   3.780442    34.9527      15285 0.0000e+00
    179.000     9.6622   3.779978    34.9462      15314 0.0000e+00
    178.000     9.6604   3.779031    34.9387      15345 0.0000e+00
    177.000     9.6587   3.778209    34.9323      15368 0.0000e+00
    176.000     9.6697   3.778490    34.9250      15387 0.0000e+00
    175.000     9.6783   3.777576    34.9077      15406 0.0000e+00
    174.000     9.6704   3.775462    34.8941      15427 0.0000e+00
    173.000     9.6709   3.773431    34.8731      15464 0.0000e+00
    172.000     9.6597   3.770658    34.8558      15513 0.0000e+00
    171.000     9.6458   3.768550    34.8480      15538 0.0000e+00
    170.000     9.6357   3.767122    34.8436      15556 0.0000e+00
    169.000     9.6186   3.762257    34.8105      15572 0.0000e+00
    168.000     9.6117   3.758695    34.7808      15589 0.0000e+00
    167.000     9.6131   3.758187    34.7747      15612 0.0000e+00
    166.000     9.6112   3.757347    34.7683      15654 0.0000e+00
    165.000     9.6112   3.756587    34.7610      16108 0.0000e+00
    164.000     9.6206   3.756755    34.7541      17034 0.0000e+00
    163.000     9.6480   3.758398    34.7451      17076 0.0000e+00
    162.000     9.6543   3.759021    34.7457      17104 0.0000e+00
    161.000     9.6573   3.759301    34.7462      17126 0.0000e+00
    160.000     9.6600   3.759061    34.7417      17148 0.0000e+00
    159.000     9.6561   3.757907    34.7340      17171 0.0000e+00
    158.000     9.6544   3.757000    34.7267      17200 0.0000e+00
    157.000     9.6400   3.753575    34.7058      17236 0.0000e+00
    156.000     9.6117   3.748929    34.6858      17267 0.0000e+00
    155.000     9.5799   3.744162    34.6678      17292 0.0000e+00
    154.000     9.5477   3.739555    34.6517      17314 0.0000e+00
    153.000     9.5055   3.734191    34.6376      17335 0.0000e+00
    152.000     9.5048   3.732918    34.6255      17358 0.0000e+00
    151.000     9.4954   3.731476    34.6201      17385 0.0000e+00
    150.000     9.4945   3.731332    34.6200      17413 0.0000e+00
    149.000     9.4877   3.729958    34.6129      17441 0.0000e+00
    148.000     9.4795   3.728101    34.6020      17473 0.0000e+00
    147.000     9.4441   3.722827    34.5820      17506 0.0000e+00
    146.000     9.4130   3.718583    34.5686      17534 0.0000e+00
    145.000     9.3953   3.716171    34.5612      17557 0.0000e+00
    144.000     9.3699   3.712775    34.5509      17579 0.0000e+00
    143.000     9.3404   3.708736    34.5380      17601 0.0000e+00
    142.000     9.2895   3.701674    34.5144      17625 0.0000e+00
    141.000     9.2234   3.692789    34.4863      17655 0.0000e+00
    140.000     9.2226   3.692739    34.4870      17690 0.0000e+00
    139.000     9.1924   3.688215    34.4696      17720 0.0000e+00
    138.000     9.1049   3.676152    34.4289      17744 0.0000e+00
    137.000     9.0707   3.670817    34.4067      17768 0.0000e+00
    136.000     9.0545   3.667947    34.3929      17791 0.0000e+00
    135.000     9.0414   3.665779    34.3834      17815 0.0000e+00
    134.000     9.0304   3.664009    34.3760      17841 0.0000e+00
    133.000     9.0067   3.660171    34.3592      17875 0.0000e+00
    132.000     8.9915   3.657751    34.3491      17909 0.0000e+00
    131.000     8.9860   3.656854    34.3455      17933 0.0000e+00
    130.000     8.9691   3.653913    34.3316      17955 0.0000e+00
    129.000     8.9320   3.648129    34.3073      17976 0.0000e+00
    128.000     8.9149   3.645501    34.2968      17999 0.0000e+00
    127.000     8.9099   3.644615    34.2928      18025 0.0000e+00
    126.000     8.9037   3.643618    34.2888      18054 0.0000e+00
    125.000     8.8887   3.640918    34.2754      18087 0.0000e+00
    124.000     8.8213   3.629550    34.2218      18119 0.0000e+00
    123.000     8.7955   3.625333    34.2029      18149 0.0000e+00
    122.000     8.7840   3.623345    34.1936      18172 0.0000e+00
    121.000     8.7684   3.620678    34.1810      18193 0.0000e+00
    120.000     8.7434   3.616191    34.1585      18215 0.0000e+00
    119.000     8.7052   3.609483    34.1253      18240 0.0000e+00
    118.000     8.6888   3.606901    34.1143      18270 0.0000e+00
    117.000     8.6768   3.604801    34.1043      18300 0.0000e+00
    116.000     8.6542   3.600919    34.0856      18328 0.0000e+00
    115.000     8.6401   3.598205    34.0711      18353 0.0000e+00
    114.000     8.6262   3.595604    34.0575      18376 0.0000e+00
    113.000     8.6243   3.594961    34.0531      18403 0.0000e+00
    112.000     8.6214   3.594165    34.0480      18437 0.0000e+00
    111.000     8.6116   3.592369    34.0389      18469 0.0000e+00
    110.000     8.6004   3.590463    34.0300      18493 0.0000e+00
    109.000     8.5876   3.588260    34.0196      18514 0.0000e+00
    108.000     8.5666   3.584643    34.0022      18535 0.0000e+00
    107.000     8.5217   3.577037    33.9656      18558 0.0000e+00
    106.000     8.4895   3.571978    33.9436      18587 0.0000e+00
    105.000     8.4843   3.571045    33.9392      18619 0.0000e+00
    104.000     8.4833   3.570721    33.9372      18654 0.0000e+00
    103.000     8.4760   3.569348    33.9302      18685 0.0000e+00
    102.000     8.4230   3.560589    33.8890      18708 0.0000e+00
    101.000     8.3737   3.553222    33.8589      18728 0.0000e+00
    100.000     8.3582   3.550403    33.8444      18747 0.0000e+00
     99.000     8.3043   3.542030    33.8078      18768 0.0000e+00
     98.000     8.2878   3.539531    33.7976      18795 0.0000e+00
     97.000     8.2798   3.538127    33.7909      18836 0.0000e+00
     96.000     8.2630   3.535394    33.7785      18875 0.0000e+00
     95.000     8.2396   3.531674    33.7619      18901 0.0000e+00
     94.000     8.1968   3.525221    33.7349      18922 0.0000e+00
     93.000     8.1054   3.511684    33.6790      18941 0.0000e+00
     92.000     8.0748   3.507626    33.6656      18960 0.0000e+00
     91.000     8.0600   3.505529    33.6579      18982 0.0000e+00
     90.000     8.0567   3.505002    33.6559      19011 0.0000e+00
     89.000     8.0556   3.504641    33.6536      19054 0.0000e+00
     88.000     8.0230   3.499840    33.6342      19091 0.0000e+00
     87.000     8.0045   3.497326    33.6256      19116 0.0000e+00
     86.000     7.9451   3.488271    33.5862      19136 0.0000e+00
     85.000     7.8422   3.473828    33.5308      19155 0.0000e+00
     84.000     7.8109   3.469455    33.5145      19175 0.0000e+00
     83.000     7.7757   3.464276    33.4932      19198 0.0000e+00
     82.000     7.7491   3.460679    33.4806      19229 0.0000e+00
     81.000     7.7318   3.458128    33.4702      19270 0.0000e+00
     80.000     7.6911   3.452034    33.4442      19307 0.0000e+00
     79.000     7.6595   3.447686    33.4283      19331 0.0000e+00
     78.000     7.6382   3.443978    33.4092      19351 0.0000e+00
     77.000     7.5728   3.433895    33.3639      19370 0.0000e+00
     76.000     7.5559   3.431320    33.3528      19395 0.0000e+00
     75.000     7.5396   3.428537    33.3388      19445 0.0000e+00
     74.000     7.5148   3.424393    33.3183      19500 0.0000e+00
     73.000     7.4672   3.415940    33.2731      19533 0.0000e+00
     72.000     7.4650   3.406561    33.1742      19804 0.0000e+00
     71.000     7.4347   3.398546    33.1170      20539 0.0000e+00
     70.000     7.4350   3.398241    33.1139      20568 0.0000e+00
     69.000     7.4326   3.397168    33.1051      20591 0.0000e+00
     68.000     7.4240   3.394912    33.0894      20617 0.0000e+00
     67.000     7.4125   3.391549    33.0644      20650 0.0000e+00
     66.000     7.4089   3.387535    33.0248      20684 0.0000e+00
     65.000     7.3805   3.380746    32.9789      20713 0.0000e+00
     64.000     7.3576   3.376622    32.9566      20737 0.0000e+00
     63.000     7.3591   3.373947    32.9266      20759 0.0000e+00
     62.000     7.3567   3.372189    32.9104      20781 0.0000e+00
     61.000     7.3518   3.370322    32.8952      20804 0.0000e+00
     60.000     7.3395   3.368292    32.8854      20830 0.0000e+00
     59.000     7.3466   3.368041    32.8764      20860 0.0000e+00
     58.000     7.3421   3.366424    32.8637      20889 0.0000e+00
     57.000     7.3285   3.363963    32.8504      20916 0.0000e+00
     56.000     7.2992   3.359736    32.8329      20942 0.0000e+00
     55.000     7.1726   3.343751    32.7799      20966 0.0000e+00
     54.000     7.3040   3.349720    32.7207      20989 0.0000e+00
     53.000     7.3184   3.349685    32.7071      21015 0.0000e+00
     52.000     7.3135   3.348745    32.7021      21046 0.0000e+00
     51.000     7.3333   3.347271    32.6679      21075 0.0000e+00
     50.000     7.3975   3.350370    32.6414      21098 0.0000e+00
     49.000     7.4079   3.345786    32.5825      21117 0.0000e+00
     48.000     7.5268   3.350358    32.5207      21135 0.0000e+00
     47.000     7.6191   3.354872    32.4834      21155 0.0000e+00
     46.000     7.6440   3.354559    32.4573      21185 0.0000e+00
     45.000     7.7006   3.359303    32.4558      21226 0.0000e+00
     44.000     8.0113   3.380205    32.3909      21254 0.0000e+00
     43.000     8.1655   3.390083    32.3538      21275 0.0000e+00
     42.000     8.2793   3.398287    32.3362      21296 0.0000e+00
     41.000     8.4218   3.408045    32.3086      21319 0.0000e+00
     40.000     8.5611   3.418220    32.2884      21344 0.0000e+00
     39.000     8.6623   3.425742    32.2752      21367 0.0000e+00
     38.000     8.7242   3.430443    32.2683      21391 0.0000e+00
     37.000     8.7895   3.435192    32.2589      21417 0.0000e+00
     36.000     8.8408   3.438583    32.2480      21451 0.0000e+00
     35.000     8.9092   3.443787    32.2404      21484 0.0000e+00
     34.000     8.9723   3.448645    32.2340      21509 0.0000e+00
     33.000     9.0232   3.452576    32.2291      21530 0.0000e+00
     32.000     9.0591   3.454951    32.2217      21550 0.0000e+00
     31.000     9.0906   3.457181    32.2167      21572 0.0000e+00
     30.000     9.1616   3.462488    32.2078      21597 0.0000e+00
     29.000     9.2359   3.467994    32.1980      21627 0.0000e+00
     28.000     9.3267   3.474822    32.1870      21659 0.0000e+00
     27.000     9.4836   3.486320    32.1644      21692 0.0000e+00
     26.000     9.6231   3.496502    32.1439      21721 0.0000e+00
     25.000     9.7485   3.505790    32.1270      21743 0.0000e+00
     24.000    10.0196   3.526466    32.0959      21763 0.0000e+00
     23.000    10.3110   3.547886    32.0541      21785 0.0000e+00
     22.000    10.4376   3.557406    32.0383      21812 0.0000e+00
     21.000    10.4653   3.559935    32.0397      21843 0.0000e+00
     20.000    10.5664   3.567903    32.0308      21871 0.0000e+00
     19.000    10.6093   3.571042    32.0248      21897 0.0000e+00
     18.000    10.5792   3.568946    32.0308      21926 0.0000e+00
     17.000    10.5884   3.569837    32.0321      21958 0.0000e+00
     16.000    10.6583   3.575215    32.0247      21986 0.0000e+00
     15.000    10.8264   3.588033    32.0053      22009 0.0000e+00
     14.000    11.0679   3.606360    31.9762      22033 0.0000e+00
     13.000    11.1322   3.611307    31.9695      22065 0.0000e+00
     12.000    11.1495   3.612944    31.9709      22110 0.0000e+00
     11.000    11.1755   3.615109    31.9701      22158 0.0000e+00
     10.000    11.2188   3.618361    31.9649      22191 0.0000e+00
      9.000    11.2567   3.620987    31.9582      22217 0.0000e+00
      8.000    11.2811   3.622678    31.9541      22244 0.0000e+00
      7.000    11.2910   3.623375    31.9528      22283 0.0000e+00
      6.000    11.2944   3.623646    31.9529      22325 0.0000e+00
      5.000    11.2971   3.623821    31.9527      22360 0.0000e+00
      4.000    11.2962   3.623778    31.9534      22392 0.0000e+00
      3.000    11.2795   3.622578    31.9565      22455 0.0000e+00
      2.000    11.3108   3.625245    31.9561      23168 0.0000e+00
