HB2302/ctd048.cnv
* Sea-Bird SBE 9 Data File:
* FileName = C:\cruise\data\ctd048.hex
* Software Version Seasave V 7.26.7.121
* Temperature SN = 6664
* Conductivity SN = 6035
* Number of Bytes Per Scan = 37
* Number of Voltage Words = 4
* Number of Scans Averaged by the Deck Unit = 1
* NMEA Latitude = 40 05.22 N
* NMEA Longitude = 070 17.48 W
* NMEA UTC (Time) = Jun 26 2023  07:08:11
* NMEA baud rate = 4800
** Ship: Bigelow HB2301
** Program:  Spring ECOMON
** Chief Scientist:Jerry Prezioso
# nquan = 6
# nvalues = 290                         
# units = specified
# name 0 = depSM: Depth [salt water, m]
# name 1 = t090C: Temperature [ITS-90, deg C]
# name 2 = c0S/m: Conductivity [S/m]
# name 3 = sal00: Salinity, Practical [PSU]
# name 4 = scan: Scan Count
# name 5 = flag: flag
# span 0 =      2.000,    147.000       
# span 1 =    13.6313,    21.6447       
# span 2 =   4.241255,   4.900158       
# span 3 =    34.5173,    35.8511       
# span 4 =        305,      14239       
# span 5 = 0.0000e+00, 0.0000e+00       
# interval = meters: 1                  
# start_time = Jun 26 2023 07:08:11 [NMEA time, header]
# bad_flag = -9.990e-29
*END*
[from data line 239]
     52.000    14.7356   4.291445    35.2142      10994 0.0000e+00
     51.000    14.7712   4.292740    35.1942      11018 0.0000e+00
     50.000    14.8047   4.294631    35.1817      11041 0.0000e+00
     49.000    14.8102   4.294317    35.1742      11066 0.0000e+00
     48.000    14.8100   4.292829    35.1612      11097 0.0000e+00
     47.000    14.8620   4.295528    35.1393      11134 0.0000e+00
     46.000    14.9209   4.300843    35.1353      11171 0.0000e+00
     45.000    14.9954   4.307843    35.1324      11203 0.0000e+00
     44.000    15.0383   4.312704    35.1386      11232 0.0000e+00
     43.000    15.1127   4.318602    35.1259      11264 0.0000e+00
     42.000    15.1319   4.316418    35.0891      11301 0.0000e+00
     41.000    15.1359   4.314599    35.0694      12202 0.0000e+00
     40.000    15.1558   4.315902    35.0638      12591 0.0000e+00
     39.000    15.3072   4.328335    35.0416      12613 0.0000e+00
     38.000    15.4182   4.337925    35.0296      12639 0.0000e+00
     37.000    15.4735   4.342760    35.0244      12668 0.0000e+00
     36.000    15.5024   4.345410    35.0229      12695 0.0000e+00
     35.000    15.5288   4.347421    35.0180      12719 0.0000e+00
     34.000    15.5971   4.349327    34.9748      12742 0.0000e+00
     33.000    15.6997   4.354154    34.9276      12768 0.0000e+00
     32.000    16.3590   4.426475    34.9909      12797 0.0000e+00
     31.000    17.0446   4.502740    35.0618      12825 0.0000e+00
     30.000    17.2179   4.520839    35.0690      12851 0.0000e+00
     29.000    17.3077   4.530862    35.0784      12875 0.0000e+00
     28.000    17.5491   4.558187    35.1059      12897 0.0000e+00
     27.000    17.8455   4.590355    35.1269      12919 0.0000e+00
     26.000    18.0448   4.612354    35.1440      12944 0.0000e+00
     25.000    18.5742   4.666082    35.1469      12972 0.0000e+00
     24.000    19.0177   4.711397    35.1509      12999 0.0000e+00
     23.000    19.4439   4.756571    35.1672      13025 0.0000e+00
     22.000    19.7352   4.768779    35.0238      13051 0.0000e+00
     21.000    19.8702   4.769419    34.9168      13080 0.0000e+00
     20.000    19.9665   4.769607    34.8387      13107 0.0000e+00
     19.000    20.0453   4.762183    34.7131      13128 0.0000e+00
     18.000    20.0672   4.760612    34.6826      13148 0.0000e+00
     17.000    20.0763   4.760886    34.6776      13169 0.0000e+00
     16.000    20.0931   4.761111    34.6660      13201 0.0000e+00
     15.000    20.1372   4.763312    34.6481      13237 0.0000e+00
     14.000    20.1149   4.757667    34.6206      13261 0.0000e+00
     13.000    20.1224   4.757699    34.6151      13280 0.0000e+00
     12.000    20.1323   4.757319    34.6042      13301 0.0000e+00
     11.000    20.1587   4.759884    34.6038      13326 0.0000e+00
     10.000    20.4732   4.790703    34.5970      13356 0.0000e+00
      9.000    21.0446   4.841466    34.5417      13385 0.0000e+00
      8.000    21.3785   4.873171    34.5255      13415 0.0000e+00
      7.000    21.5882   4.893339    34.5173      13455 0.0000e+00
      6.000    21.6436   4.899490    34.5219      13494 0.0000e+00
      5.000    21.6447   4.899969    34.5252      13538 0.0000e+00
      4.000    21.6442   4.900158    34.5274      13578 0.0000e+00
      3.000    21.5518   4.891801    34.5357      13643 0.0000e+00
      2.000    21.6016   4.897382    34.5403      14239 0.0000e+00
