HB2302/ctd037.cnv
* Sea-Bird SBE 9 Data File:
* FileName = C:\cruise\data\ctd037.hex
* Software Version Seasave V 7.26.7.121
* Temperature SN = 6664
* Conductivity SN = 6035
* Number of Bytes Per Scan = 37
* Number of Voltage Words = 4
* Number of Scans Averaged by the Deck Unit = 1
* NMEA Latitude = 39 30.17 N
* NMEA Longitude = 068 30.93 W
* NMEA UTC (Time) = Jun 24 2023  07:40:28
* NMEA baud rate = 4800
** Ship: Bigelow HB2301
** Program:  Spring ECOMON
** Chief Scientist:Jerry Prezioso
# nquan = 6
# nvalues = 1973                        
# units = specified
# name 0 = depSM: Depth [salt water, m]
# name 1 = t090C: Temperature [ITS-90, deg C]
# name 2 = c0S/m: Conductivity [S/m]
# name 3 = sal00: Salinity, Practical [PSU]
# name 4 = scan: Scan Count
# name 5 = flag: flag
# span 0 =      1.000,    988.000       
# span 1 =     4.4610,    22.5624       
# span 2 =   3.338820,   5.181617       
# span 3 =    33.5712,    35.9855       
# span 4 =       -270,      82594       
# span 5 = 0.0000e+00, 0.0000e+00       
# interval = meters: 1                  
# start_time = Jun 24 2023 07:40:28 [NMEA time, header]
# bad_flag = -9.990e-29
*END*
      3.000    22.1456   5.028606    35.1357       -270 0.0000e+00
      4.000    22.1383   5.026805    35.1272        359 0.0000e+00
      5.000    22.1396   5.026986    35.1272        511 0.0000e+00
      6.000    22.1396   5.027084    35.1277        539 0.0000e+00
      7.000    22.2229   5.049677    35.2370        589 0.0000e+00
      8.000    22.2478   5.063462    35.3246        643 0.0000e+00
      9.000    22.1813   5.056156    35.3211        700 0.0000e+00
     10.000    22.1506   5.053987    35.3286        824 0.0000e+00
     11.000    22.1366   5.054881    35.3468        894 0.0000e+00
     12.000    22.2165   5.068535    35.3885        922 0.0000e+00
     13.000    22.2372   5.073904    35.4134        958 0.0000e+00
     14.000    22.2481   5.076459    35.4242        992 0.0000e+00
     15.000    22.2494   5.078940    35.4423       1020 0.0000e+00
     16.000    22.2421   5.080034    35.4565       1044 0.0000e+00
     17.000    22.2423   5.080830    35.4622       1068 0.0000e+00
     18.000    22.2382   5.081093    35.4673       1092 0.0000e+00
     19.000    22.2418   5.082979    35.4788       1120 0.0000e+00
     20.000    22.1926   5.077412    35.4749       1151 0.0000e+00
     21.000    22.1402   5.071551    35.4714       1181 0.0000e+00
     22.000    22.1765   5.084469    35.5429       1208 0.0000e+00
     23.000    22.2132   5.098529    35.6229       1233 0.0000e+00
     24.000    22.3219   5.125179    35.7424       1258 0.0000e+00
     25.000    22.5543   5.174221    35.9346       1284 0.0000e+00
     26.000    22.5624   5.181617    35.9855       1313 0.0000e+00
     27.000    22.2102   5.135003    35.9106       1343 0.0000e+00
     28.000    21.7790   5.078833    35.8243       1369 0.0000e+00
     29.000    21.3057   5.017045    35.7256       1392 0.0000e+00
     30.000    20.7971   4.953231    35.6370       1418 0.0000e+00
     31.000    20.0832   4.860085    35.4784       1450 0.0000e+00
     32.000    19.7737   4.826069    35.4602       1481 0.0000e+00
     33.000    19.8605   4.842758    35.5239       1505 0.0000e+00
     34.000    19.8872   4.850036    35.5608       1527 0.0000e+00
     35.000    20.0001   4.871191    35.6387       1554 0.0000e+00
     36.000    20.0959   4.890273    35.7138       1588 0.0000e+00
     37.000    20.1796   4.909131    35.7970       1617 0.0000e+00
     38.000    20.2008   4.914916    35.8260       1642 0.0000e+00
     39.000    20.1295   4.911237    35.8561       1667 0.0000e+00
     40.000    19.9195   4.885929    35.8267       1697 0.0000e+00
     41.000    19.6951   4.860954    35.8120       1729 0.0000e+00
     42.000    19.5487   4.845434    35.8084       1755 0.0000e+00
     43.000    19.5313   4.844542    35.8156       1777 0.0000e+00
     44.000    19.3272   4.820774    35.7927       1804 0.0000e+00
     45.000    19.0278   4.784412    35.7462       1847 0.0000e+00
     46.000    18.8679   4.765286    35.7233       1877 0.0000e+00
     47.000    18.7700   4.753394    35.7074       1896 0.0000e+00
     48.000    18.5240   4.723298    35.6656       1914 0.0000e+00
     49.000    18.4221   4.709859    35.6396       1945 0.0000e+00
     50.000    18.2290   4.684109    35.5877       1992 0.0000e+00
     51.000    17.8190   4.633682    35.5129       2019 0.0000e+00
     52.000    17.7883   4.629887    35.5066       2038 0.0000e+00
     53.000    17.6105   4.606128    35.4566       2057 0.0000e+00
     54.000    17.2050   4.552969    35.3501       2090 0.0000e+00
     55.000    16.7247   4.490340    35.2242       2136 0.0000e+00
     56.000    16.4358   4.457391    35.1875       2161 0.0000e+00
     57.000    15.7031   4.372443    35.0785       2184 0.0000e+00
     58.000    15.2655   4.321857    35.0124       2209 0.0000e+00
     59.000    15.3353   4.330425    35.0272       2236 0.0000e+00
     60.000    15.4573   4.345784    35.0568       2268 0.0000e+00
     61.000    15.5358   4.354949    35.0691       2315 0.0000e+00
     62.000    16.0163   4.427923    35.2936       2344 0.0000e+00
     63.000    16.6477   4.513462    35.4924       2363 0.0000e+00
     64.000    16.7529   4.528440    35.5305       2380 0.0000e+00
     65.000    16.5604   4.506582    35.5084       2404 0.0000e+00
     66.000    16.4610   4.496180    35.5044       2456 0.0000e+00
     67.000    16.2891   4.474735    35.4671       2495 0.0000e+00
     68.000    15.9346   4.430704    35.3905       2515 0.0000e+00
     69.000    15.8091   4.416883    35.3787       2534 0.0000e+00
     70.000    15.8755   4.428061    35.4189       2555 0.0000e+00
     71.000    16.1490   4.467819    35.5290       2588 0.0000e+00
     72.000    16.1639   4.470840    35.5422       2629 0.0000e+00
     73.000    16.1010   4.465635    35.5517       2657 0.0000e+00
     74.000    15.9815   4.451784    35.5347       2682 0.0000e+00
     75.000    15.8879   4.440854    35.5205       2707 0.0000e+00
     76.000    15.8453   4.436516    35.5195       2733 0.0000e+00
     77.000    15.8343   4.435776    35.5223       2760 0.0000e+00
     78.000    15.8259   4.435029    35.5228       2788 0.0000e+00
     79.000    15.8390   4.437615    35.5338       2822 0.0000e+00
     80.000    15.8680   4.444148    35.5659       2852 0.0000e+00
     81.000    15.8117   4.440992    35.5879       2876 0.0000e+00
     82.000    15.8234   4.447781    35.6379       2898 0.0000e+00
     83.000    15.8617   4.456542    35.6816       2921 0.0000e+00
     84.000    15.9081   4.464774    35.7130       2952 0.0000e+00
     85.000    15.9477   4.470850    35.7314       2986 0.0000e+00
     86.000    15.9684   4.475310    35.7523       3016 0.0000e+00
     87.000    15.8627   4.464338    35.7490       3042 0.0000e+00
     88.000    15.6545   4.440981    35.7270       3065 0.0000e+00
     89.000    15.5267   4.425994    35.7072       3090 0.0000e+00
     90.000    15.4824   4.420536    35.6977       3115 0.0000e+00
     91.000    15.4435   4.416429    35.6954       3142 0.0000e+00
     92.000    15.4389   4.416665    35.7014       3173 0.0000e+00
     93.000    15.3495   4.406112    35.6865       3207 0.0000e+00
     94.000    15.0458   4.369453    35.6291       3234 0.0000e+00
     95.000    14.9936   4.365617    35.6412       3257 0.0000e+00
     96.000    14.9969   4.366706    35.6478       3279 0.0000e+00
     97.000    14.9897   4.366229    35.6496       3305 0.0000e+00
     98.000    14.9315   4.358693    35.6334       3338 0.0000e+00
     99.000    14.8761   4.351648    35.6191       3371 0.0000e+00
    100.000    14.7742   4.339525    35.6007       3398 0.0000e+00
    101.000    14.7460   4.336232    35.5958       3422 0.0000e+00
    102.000    14.7085   4.331212    35.5836       3446 0.0000e+00
    103.000    14.6626   4.325496    35.5726       3472 0.0000e+00
    104.000    14.6588   4.325097    35.5720       3505 0.0000e+00
    105.000    14.6604   4.325376    35.5727       3538 0.0000e+00
    106.000    14.6763   4.327756    35.5796       3563 0.0000e+00
    107.000    14.7079   4.333165    35.6000       3584 0.0000e+00
    108.000    14.7213   4.335350    35.6075       3607 0.0000e+00
    109.000    14.7263   4.336059    35.6090       3641 0.0000e+00
    110.000    14.7279   4.336449    35.6106       3673 0.0000e+00
    111.000    14.7292   4.336871    35.6129       3698 0.0000e+00
    112.000    14.7341   4.337907    35.6175       3721 0.0000e+00
    113.000    14.7097   4.335440    35.6168       3748 0.0000e+00
    114.000    14.5353   4.315230    35.5901       3783 0.0000e+00
    115.000    14.4459   4.304880    35.5762       3809 0.0000e+00
    116.000    14.3516   4.293544    35.5574       3831 0.0000e+00
    117.000    14.2798   4.285110    35.5449       3854 0.0000e+00
    118.000    14.1452   4.268438    35.5134       3887 0.0000e+00
    119.000    14.0329   4.254539    35.4869       3922 0.0000e+00
    120.000    13.6764   4.210781    35.4057       3947 0.0000e+00
    121.000    13.2409   4.157040    35.3010       3972 0.0000e+00
    122.000    12.8080   4.108048    35.2364       4001 0.0000e+00
    123.000    13.1096   4.145273    35.3107       4029 0.0000e+00
    124.000    13.4655   4.191872    35.4210       4052 0.0000e+00
    125.000    13.9638   4.253495    35.5384       4076 0.0000e+00
    126.000    14.0938   4.270765    35.5791       4108 0.0000e+00
    127.000    14.1401   4.277016    35.5942       4144 0.0000e+00
    128.000    13.8862   4.244756    35.5272       4170 0.0000e+00
    129.000    13.5759   4.207101    35.4605       4192 0.0000e+00
    130.000    13.6418   4.218285    35.5043       4213 0.0000e+00
    131.000    13.8467   4.243515    35.5508       4240 0.0000e+00
    132.000    13.9520   4.257156    35.5807       4281 0.0000e+00
    133.000    14.1195   4.279518    35.6340       4315 0.0000e+00
    134.000    14.0204   4.268460    35.6221       4338 0.0000e+00
    135.000    13.9600   4.261354    35.6113       4358 0.0000e+00
    136.000    13.9247   4.257234    35.6050       4379 0.0000e+00
    137.000    13.8676   4.250475    35.5942       4405 0.0000e+00
    138.000    13.8514   4.248688    35.5921       4442 0.0000e+00
    139.000    13.8642   4.250380    35.5956       4477 0.0000e+00
    140.000    13.8745   4.251861    35.5995       4502 0.0000e+00
    141.000    14.0436   4.275023    35.6589       4525 0.0000e+00
    142.000    14.0994   4.282419    35.6759       4547 0.0000e+00
    143.000    14.0860   4.282169    35.6856       4573 0.0000e+00
    144.000    14.0709   4.281090    35.6891       4605 0.0000e+00
    145.000    14.0481   4.278950    35.6897       4634 0.0000e+00
    146.000    14.0013   4.274043    35.6869       4662 0.0000e+00
    147.000    13.9732   4.270962    35.6837       4694 0.0000e+00
    148.000    13.9650   4.269888    35.6809       4725 0.0000e+00
    149.000    13.9579   4.269283    35.6815       4748 0.0000e+00
    150.000    13.9572   4.269233    35.6812       4768 0.0000e+00
    151.000    13.9531   4.268815    35.6807       4787 0.0000e+00
    152.000    13.9547   4.269013    35.6806       4818 0.0000e+00
    153.000    13.9512   4.268566    35.6793       4872 0.0000e+00
    154.000    13.9428   4.267645    35.6780       4898 0.0000e+00
    155.000    13.9259   4.266120    35.6790       4915 0.0000e+00
    156.000    13.8568   4.259210    35.6781       4930 0.0000e+00
    157.000    13.8290   4.256154    35.6748       4945 0.0000e+00
    158.000    13.7641   4.249313    35.6706       4986 0.0000e+00
    159.000    13.7037   4.242634    35.6636       5056 0.0000e+00
    160.000    13.6698   4.239611    35.6663       5071 0.0000e+00
    161.000    13.6309   4.235599    35.6644       5086 0.0000e+00
    162.000    13.6115   4.234262    35.6694       5099 0.0000e+00
    163.000    13.6271   4.236736    35.6778       5112 0.0000e+00
    164.000    13.6193   4.236207    35.6796       5158 0.0000e+00
    165.000    13.6077   4.235219    35.6807       5229 0.0000e+00
    166.000    13.6008   4.235140    35.6860       5240 0.0000e+00
    167.000    13.5840   4.233303    35.6839       5254 0.0000e+00
    168.000    13.5658   4.232233    35.6903       5266 0.0000e+00
    169.000    13.5527   4.232051    35.7005       5282 0.0000e+00
    170.000    13.5291   4.229762    35.7004       5331 0.0000e+00
    171.000    13.5117   4.228147    35.7010       5374 0.0000e+00
    172.000    13.5077   4.227823    35.7013       5393 0.0000e+00
    173.000    13.4924   4.225936    35.6973       5412 0.0000e+00
    174.000    13.4528   4.221341    35.6906       5436 0.0000e+00
    175.000    13.4358   4.219471    35.6883       5466 0.0000e+00
    176.000    13.3941   4.214442    35.6793       5495 0.0000e+00
    177.000    13.3798   4.213071    35.6792       5522 0.0000e+00
    178.000    13.3761   4.213270    35.6842       5553 0.0000e+00
    179.000    13.3517   4.210963    35.6847       5585 0.0000e+00
    180.000    13.3406   4.209947    35.6851       5608 0.0000e+00
    181.000    13.3369   4.209613    35.6849       5628 0.0000e+00
    182.000    13.3360   4.209528    35.6846       5648 0.0000e+00
    183.000    13.3228   4.208086    35.6828       5680 0.0000e+00
    184.000    13.2476   4.200040    35.6764       5722 0.0000e+00
    185.000    13.1531   4.190070    35.6700       5750 0.0000e+00
    186.000    13.0627   4.180492    35.6631       5774 0.0000e+00
    187.000    13.0008   4.173863    35.6576       5796 0.0000e+00
    188.000    12.9273   4.165894    35.6502       5818 0.0000e+00
    189.000    12.8840   4.161104    35.6447       5843 0.0000e+00
    190.000    12.8270   4.154466    35.6343       5881 0.0000e+00
    191.000    12.7497   4.145575    35.6214       5918 0.0000e+00
    192.000    12.7076   4.141047    35.6173       5940 0.0000e+00
    193.000    12.7012   4.140348    35.6161       5958 0.0000e+00
    194.000    12.6919   4.139400    35.6153       5980 0.0000e+00
    195.000    12.6283   4.132687    35.6103       6018 0.0000e+00
    196.000    12.5756   4.127031    35.6052       6056 0.0000e+00
    197.000    12.5922   4.128723    35.6054       6078 0.0000e+00
    198.000    12.3678   4.104157    35.5799       6099 0.0000e+00
    199.000    12.3159   4.098482    35.5737       6122 0.0000e+00
    200.000    12.2867   4.095063    35.5678       6152 0.0000e+00
    201.000    12.2487   4.090904    35.5630       6185 0.0000e+00
    202.000    12.0610   4.070582    35.5431       6216 0.0000e+00
    203.000    11.7876   4.040339    35.5071       6243 0.0000e+00
    204.000    11.6607   4.026552    35.4924       6268 0.0000e+00
    205.000    11.6164   4.021402    35.4836       6293 0.0000e+00
    206.000    11.5635   4.015366    35.4741       6321 0.0000e+00
    207.000    11.4869   4.006878    35.4632       6354 0.0000e+00
    208.000    11.4315   4.001114    35.4588       6384 0.0000e+00
    209.000    11.4168   3.999505    35.4566       6411 0.0000e+00
    210.000    11.3973   3.997386    35.4538       6439 0.0000e+00
    211.000    11.3755   3.994928    35.4499       6470 0.0000e+00
    212.000    11.3432   3.991468    35.4461       6500 0.0000e+00
    213.000    11.3287   3.989897    35.4440       6524 0.0000e+00
    214.000    11.2439   3.980760    35.4342       6550 0.0000e+00
    215.000    11.2007   3.976274    35.4307       6582 0.0000e+00
    216.000    11.1541   3.971061    35.4231       6614 0.0000e+00
    217.000    11.0851   3.963781    35.4164       6643 0.0000e+00
    218.000    11.0737   3.962519    35.4145       6673 0.0000e+00
    219.000    11.0631   3.961439    35.4134       6700 0.0000e+00
    220.000    11.0324   3.958520    35.4134       6722 0.0000e+00
    221.000    11.0220   3.957438    35.4121       6746 0.0000e+00
    222.000    10.9991   3.954871    35.4081       6785 0.0000e+00
    223.000    10.9714   3.951831    35.4039       6827 0.0000e+00
    224.000    10.9520   3.949782    35.4017       6851 0.0000e+00
    225.000    10.9299   3.947390    35.3985       6871 0.0000e+00
    226.000    10.8949   3.943664    35.3945       6895 0.0000e+00
    227.000    10.8193   3.935552    35.3857       6924 0.0000e+00
    228.000    10.7450   3.927320    35.3743       6960 0.0000e+00
    229.000    10.6431   3.916779    35.3662       6995 0.0000e+00
    230.000    10.6180   3.914040    35.3625       7029 0.0000e+00
    231.000    10.5761   3.909560    35.3574       7056 0.0000e+00
    232.000    10.5633   3.908205    35.3557       7078 0.0000e+00
    233.000    10.5473   3.906446    35.3529       7100 0.0000e+00
    234.000    10.5237   3.903866    35.3492       7125 0.0000e+00
    235.000    10.5187   3.903280    35.3477       7162 0.0000e+00
    236.000    10.5148   3.902785    35.3461       7209 0.0000e+00
    237.000    10.5073   3.901993    35.3448       7235 0.0000e+00
    238.000    10.4914   3.900333    35.3430       7253 0.0000e+00
    239.000    10.4626   3.897271    35.3394       7271 0.0000e+00
    240.000    10.3930   3.889957    35.3324       7294 0.0000e+00
