HB2302/ctd035.cnv
* Sea-Bird SBE 9 Data File:
* FileName = C:\cruise\data\ctd035.hex
* Software Version Seasave V 7.26.7.121
* Temperature SN = 6664
* Conductivity SN = 6035
* Number of Bytes Per Scan = 37
* Number of Voltage Words = 4
* Number of Scans Averaged by the Deck Unit = 1
* NMEA Latitude = 40 34.71 N
* NMEA Longitude = 068 30.93 W
* NMEA UTC (Time) = Jun 23 2023  23:53:41
* NMEA baud rate = 4800
** Ship: Bigelow HB2301
** Program:  Spring ECOMON
** Chief Scientist:Jerry Prezioso
# nquan = 6
# nvalues = 133                         
# units = specified
# name 0 = depSM: Depth [salt water, m]
# name 1 = t090C: Temperature [ITS-90, deg C]
# name 2 = c0S/m: Conductivity [S/m]
# name 3 = sal00: Salinity, Practical [PSU]
# name 4 = scan: Scan Count
# name 5 = flag: flag
# span 0 =      3.000,     69.000       
# span 1 =     9.2291,    15.4019       
# span 2 =   3.533895,   4.032082       
# span 3 =    32.2922,    32.9133       
# span 4 =       -248,       8231       
# span 5 = 0.0000e+00, 0.0000e+00       
# interval = meters: 1                  
# start_time = Jun 23 2023 23:53:41 [NMEA time, header]
# bad_flag = -9.990e-29
*END*
      3.000    15.3910   4.032082    32.3176       -248 0.0000e+00
      4.000    15.3128   4.023335    32.3034        420 0.0000e+00
      5.000    15.0085   3.994802    32.2975        412 0.0000e+00
      6.000    14.6512   3.963169    32.3072        436 0.0000e+00
      7.000    14.5623   3.955574    32.3117        461 0.0000e+00
      8.000    14.4721   3.948305    32.3203        489 0.0000e+00
      9.000    14.3860   3.942048    32.3346        516 0.0000e+00
     10.000    14.3242   3.937940    32.3483        543 0.0000e+00
     11.000    14.2722   3.934194    32.3572        570 0.0000e+00
     12.000    14.2127   3.930028    32.3684        596 0.0000e+00
     13.000    14.1130   3.923663    32.3932        622 0.0000e+00
     14.000    13.9533   3.913558    32.4342        648 0.0000e+00
     15.000    13.7905   3.903596    32.4792        675 0.0000e+00
     16.000    13.6682   3.898229    32.5327        702 0.0000e+00
     17.000    13.5736   3.893272    32.5667        729 0.0000e+00
     18.000    13.3737   3.879834    32.6115        757 0.0000e+00
     19.000    12.7484   3.834866    32.7256        786 0.0000e+00
     20.000    12.3559   3.803761    32.7699        812 0.0000e+00
     21.000    11.5239   3.729327    32.7802        836 0.0000e+00
     22.000    10.7747   3.669572    32.8585        861 0.0000e+00
     23.000    10.7019   3.666366    32.8914        889 0.0000e+00
     24.000    10.6454   3.661890    32.8972        917 0.0000e+00
     25.000    10.6988   3.667784    32.9075        944 0.0000e+00
     26.000    10.7243   3.670421    32.9104        970 0.0000e+00
     27.000    10.6898   3.666706    32.9040        995 0.0000e+00
     28.000    10.6645   3.664234    32.9017       1022 0.0000e+00
     29.000    10.6737   3.665126    32.9019       1051 0.0000e+00
     30.000    10.6787   3.665649    32.9022       1078 0.0000e+00
     31.000    10.6697   3.664667    32.9000       1104 0.0000e+00
     32.000    10.6643   3.664063    32.8984       1130 0.0000e+00
     33.000    10.6609   3.665293    32.9133       1157 0.0000e+00
     34.000    10.6158   3.661239    32.9130       1185 0.0000e+00
     35.000    10.3865   3.639512    32.9018       1212 0.0000e+00
     36.000    10.0764   3.609497    32.8798       1236 0.0000e+00
     37.000    10.0391   3.605943    32.8772       1260 0.0000e+00
     38.000    10.0062   3.602359    32.8703       1287 0.0000e+00
     39.000     9.9344   3.595119    32.8617       1315 0.0000e+00
     40.000     9.8591   3.587726    32.8547       1343 0.0000e+00
     41.000     9.7661   3.579096    32.8511       1370 0.0000e+00
     42.000     9.6615   3.569878    32.8520       1396 0.0000e+00
     43.000     9.6704   3.570440    32.8492       1420 0.0000e+00
     44.000     9.6046   3.564803    32.8512       1444 0.0000e+00
     45.000     9.5619   3.561669    32.8577       1468 0.0000e+00
     46.000     9.5187   3.558896    32.8684       1496 0.0000e+00
     47.000     9.4922   3.557144    32.8742       1528 0.0000e+00
     48.000     9.4694   3.555465    32.8775       1556 0.0000e+00
     49.000     9.4350   3.552338    32.8764       1580 0.0000e+00
     50.000     9.3484   3.544868    32.8786       1601 0.0000e+00
     51.000     9.3440   3.544395    32.8773       1624 0.0000e+00
     52.000     9.3297   3.543046    32.8761       1649 0.0000e+00
     53.000     9.3270   3.542742    32.8750       1678 0.0000e+00
     54.000     9.3205   3.542072    32.8736       1709 0.0000e+00
     55.000     9.2782   3.538443    32.8746       1737 0.0000e+00
     56.000     9.2659   3.537373    32.8745       1762 0.0000e+00
     57.000     9.2626   3.537065    32.8739       1784 0.0000e+00
     58.000     9.2577   3.536633    32.8734       1806 0.0000e+00
     59.000     9.2526   3.536184    32.8731       1830 0.0000e+00
     60.000     9.2515   3.536039    32.8722       1859 0.0000e+00
     61.000     9.2475   3.535706    32.8719       1892 0.0000e+00
     62.000     9.2411   3.535208    32.8722       1919 0.0000e+00
     63.000     9.2343   3.534699    32.8728       1941 0.0000e+00
     64.000     9.2330   3.534603    32.8725       1962 0.0000e+00
     65.000     9.2313   3.534471    32.8723       1986 0.0000e+00
     66.000     9.2310   3.534451    32.8719       2013 0.0000e+00
     67.000     9.2296   3.534350    32.8717       2045 0.0000e+00
     68.000     9.2344   3.534486    32.8682       2693 0.0000e+00
     69.000     9.2341   3.534332    32.8666       4050 0.0000e+00
     68.000     9.2291   3.533895    32.8669       3917 0.0000e+00
     67.000     9.2312   3.534042    32.8670       4012 0.0000e+00
     66.000     9.2350   3.534299    32.8666       4048 0.0000e+00
     65.000     9.2438   3.534961    32.8659       4072 0.0000e+00
     64.000     9.2447   3.534955    32.8653       4094 0.0000e+00
     63.000     9.2438   3.534840    32.8654       4117 0.0000e+00
     62.000     9.2451   3.534909    32.8654       4146 0.0000e+00
     61.000     9.2488   3.535191    32.8654       4177 0.0000e+00
     60.000     9.2513   3.535331    32.8650       4203 0.0000e+00
     59.000     9.2550   3.535637    32.8652       4224 0.0000e+00
     58.000     9.2621   3.536195    32.8649       4245 0.0000e+00
     57.000     9.2731   3.537077    32.8643       4268 0.0000e+00
     56.000     9.2750   3.537204    32.8643       4293 0.0000e+00
     55.000     9.2768   3.537336    32.8645       4319 0.0000e+00
     54.000     9.2820   3.537758    32.8645       4346 0.0000e+00
     53.000     9.2898   3.538400    32.8644       4373 0.0000e+00
     52.000     9.2926   3.538665    32.8650       4398 0.0000e+00
     51.000     9.3348   3.542267    32.8638       4424 0.0000e+00
     50.000     9.3382   3.542464    32.8632       4449 0.0000e+00
     49.000     9.3578   3.544472    32.8664       4474 0.0000e+00
     48.000     9.4300   3.550499    32.8625       4497 0.0000e+00
     47.000     9.4818   3.554617    32.8578       4521 0.0000e+00
     46.000     9.5365   3.558260    32.8455       4546 0.0000e+00
     45.000     9.6491   3.567686    32.8396       4572 0.0000e+00
     44.000     9.7177   3.573486    32.8366       4600 0.0000e+00
     43.000     9.7916   3.579518    32.8313       4627 0.0000e+00
     42.000     9.7618   3.576923    32.8324       4652 0.0000e+00
     41.000     9.7499   3.576072    32.8350       4675 0.0000e+00
     40.000     9.8077   3.581572    32.8388       4697 0.0000e+00
     39.000     9.9310   3.593263    32.8460       4719 0.0000e+00
     38.000     9.9819   3.598451    32.8528       4744 0.0000e+00
     37.000    10.1802   3.618072    32.8718       4774 0.0000e+00
     36.000    10.2677   3.626601    32.8791       4803 0.0000e+00
     35.000    10.3159   3.631563    32.8858       4827 0.0000e+00
     34.000    10.5008   3.648651    32.8908       4850 0.0000e+00
     33.000    10.6588   3.663449    32.8968       5951 0.0000e+00
     32.000    10.7682   3.673380    32.8978       6233 0.0000e+00
     31.000    10.8158   3.677555    32.8970       6250 0.0000e+00
     30.000    10.8244   3.678279    32.8970       6277 0.0000e+00
     29.000    10.8460   3.680313    32.8982       6308 0.0000e+00
     28.000    10.8647   3.681910    32.8977       6341 0.0000e+00
     27.000    10.8808   3.683222    32.8967       6369 0.0000e+00
     26.000    10.8904   3.684085    32.8971       6401 0.0000e+00
     25.000    10.8922   3.683987    32.8949       6438 0.0000e+00
     24.000    10.8599   3.679950    32.8843       6472 0.0000e+00
     23.000    10.8480   3.678507    32.8811       6503 0.0000e+00
     22.000    10.8390   3.677145    32.8760       6536 0.0000e+00
     21.000    10.9400   3.682004    32.8342       6570 0.0000e+00
     20.000    11.5325   3.730595    32.7851       6606 0.0000e+00
     19.000    12.7609   3.835312    32.7204       7129 0.0000e+00
     18.000    12.4074   3.805783    32.7452       7669 0.0000e+00
     17.000    12.7040   3.829632    32.7152       7702 0.0000e+00
     16.000    13.3126   3.872769    32.5984       7733 0.0000e+00
     15.000    13.5231   3.886998    32.5520       7764 0.0000e+00
     14.000    13.6661   3.895340    32.5085       7795 0.0000e+00
     13.000    13.7840   3.900573    32.4575       7826 0.0000e+00
     12.000    13.9330   3.909751    32.4169       7859 0.0000e+00
     11.000    14.1201   3.921752    32.3704       7896 0.0000e+00
     10.000    14.2133   3.927854    32.3487       7937 0.0000e+00
      9.000    14.2795   3.932641    32.3376       7983 0.0000e+00
      8.000    14.3278   3.936452    32.3324       8027 0.0000e+00
      7.000    14.4025   3.941511    32.3167       8066 0.0000e+00
      6.000    14.5201   3.950421    32.3003       8113 0.0000e+00
      5.000    14.6445   3.960873    32.2923       8144 0.0000e+00
      4.000    15.0784   4.000569    32.2922       8176 0.0000e+00
      3.000    15.4019   4.030508    32.2948       8231 0.0000e+00
