HB2302/ctd017.cnv
* Sea-Bird SBE 9 Data File:
* FileName = C:\cruise\data\ctd017.hex
* Software Version Seasave V 7.26.7.121
* Temperature SN = 6664
* Conductivity SN = 6035
* Number of Bytes Per Scan = 37
* Number of Voltage Words = 4
* Number of Scans Averaged by the Deck Unit = 1
* NMEA Latitude = 40 23.06 N
* NMEA Longitude = 067 41.67 W
* NMEA UTC (Time) = Jun 16 2023  08:18:15
* NMEA baud rate = 4800
** Ship: Bigelow HB2301
** Program:  Spring ECOMON
** Chief Scientist:Jerry Prezioso
# nquan = 6
# nvalues = 385                         
# units = specified
# name 0 = depSM: Depth [salt water, m]
# name 1 = t090C: Temperature [ITS-90, deg C]
# name 2 = c0S/m: Conductivity [S/m]
# name 3 = sal00: Salinity, Practical [PSU]
# name 4 = scan: Scan Count
# name 5 = flag: flag
# span 0 =      1.000,    194.000       
# span 1 =    11.3571,    18.4225       
# span 2 =   3.919099,   4.568939       
# span 3 =    32.2895,    35.6348       
# span 4 =         83,      21773       
# span 5 = 0.0000e+00, 0.0000e+00       
# interval = meters: 1                  
# start_time = Jun 16 2023 08:18:15 [NMEA time, header]
# bad_flag = -9.990e-29
*END*
      3.000    14.2846   3.931203    32.3224         83 0.0000e+00
      4.000    14.3028   3.933506    32.3279        237 0.0000e+00
      5.000    14.2710   3.929232    32.3150        308 0.0000e+00
      6.000    14.2003   3.920314    32.2919        350 0.0000e+00
      7.000    14.1893   3.919221    32.2908        409 0.0000e+00
      8.000    14.1890   3.919099    32.2895        459 0.0000e+00
      9.000    14.2318   3.925152    32.3088        486 0.0000e+00
     10.000    15.5840   4.113173    32.8677        625 0.0000e+00
     11.000    17.4280   4.366325    33.5626        692 0.0000e+00
     12.000    17.9884   4.458378    33.8843        734 0.0000e+00
     13.000    17.8977   4.451048    33.8967        753 0.0000e+00
     14.000    17.2261   4.370689    33.7666        771 0.0000e+00
     15.000    16.8953   4.335497    33.7385        793 0.0000e+00
     16.000    16.8268   4.340941    33.8431        837 0.0000e+00
     17.000    17.3934   4.424447    34.0891        876 0.0000e+00
     18.000    17.5704   4.448893    34.1502        898 0.0000e+00
     19.000    17.7561   4.477126    34.2358        919 0.0000e+00
     20.000    17.4774   4.443644    34.1824        945 0.0000e+00
     21.000    17.0083   4.387214    34.0908        977 0.0000e+00
     22.000    17.1955   4.416210    34.1832       1006 0.0000e+00
     23.000    15.8062   4.249394    33.8975       1028 0.0000e+00
     24.000    14.4339   4.093107    33.6709       1052 0.0000e+00
     25.000    14.0874   4.053827    33.6114       1090 0.0000e+00
     26.000    13.9566   4.042056    33.6162       1136 0.0000e+00
     27.000    13.8546   4.037108    33.6592       1158 0.0000e+00
     28.000    13.7805   4.037866    33.7310       1175 0.0000e+00
     29.000    13.8404   4.051623    33.8060       1190 0.0000e+00
     30.000    14.0954   4.089184    33.9297       1208 0.0000e+00
     31.000    14.1840   4.109463    34.0390       1254 0.0000e+00
     32.000    14.1139   4.109542    34.1013       1299 0.0000e+00
     33.000    13.9764   4.103170    34.1637       1320 0.0000e+00
     34.000    13.6818   4.079456    34.2047       1338 0.0000e+00
     35.000    13.2136   4.044102    34.2919       1357 0.0000e+00
     36.000    13.0680   4.028814    34.2782       1381 0.0000e+00
     37.000    13.0335   4.024518    34.2682       1416 0.0000e+00
     38.000    12.9937   4.019977    34.2606       1447 0.0000e+00
     39.000    12.9511   4.015571    34.2568       1468 0.0000e+00
     40.000    12.6849   3.984587    34.2016       1489 0.0000e+00
     41.000    12.4287   3.959354    34.1920       1516 0.0000e+00
     42.000    12.5373   3.975044    34.2437       1550 0.0000e+00
     43.000    12.6771   3.994826    34.3058       1577 0.0000e+00
     44.000    12.8713   4.024150    34.4089       1599 0.0000e+00
     45.000    13.0954   4.056910    34.5165       1620 0.0000e+00
     46.000    13.1188   4.061140    34.5350       1645 0.0000e+00
     47.000    13.1872   4.075378    34.6074       1677 0.0000e+00
     48.000    13.2356   4.084088    34.6454       1701 0.0000e+00
     49.000    13.2754   4.090810    34.6723       1720 0.0000e+00
     50.000    13.3436   4.100499    34.7014       1740 0.0000e+00
     51.000    13.4344   4.112740    34.7338       1772 0.0000e+00
     52.000    13.5174   4.124025    34.7641       1814 0.0000e+00
     53.000    13.6242   4.137901    34.7970       1838 0.0000e+00
     54.000    13.8777   4.172277    34.8880       1857 0.0000e+00
     55.000    14.2048   4.217512    35.0117       1874 0.0000e+00
     56.000    14.3736   4.242568    35.0903       1891 0.0000e+00
     57.000    14.4603   4.257027    35.1448       1915 0.0000e+00
     58.000    14.6827   4.292056    35.2653       1961 0.0000e+00
     59.000    14.8598   4.318891    35.3504       1999 0.0000e+00
     60.000    14.8118   4.313324    35.3425       2020 0.0000e+00
     61.000    14.6940   4.299371    35.3210       2037 0.0000e+00
     62.000    14.6280   4.292072    35.3135       2056 0.0000e+00
     63.000    14.4079   4.267716    35.2888       2078 0.0000e+00
     64.000    14.1599   4.238596    35.2449       2106 0.0000e+00
     65.000    13.7983   4.194596    35.1647       2134 0.0000e+00
     66.000    13.4736   4.156245    35.1021       2167 0.0000e+00
     67.000    13.4238   4.149686    35.0856       2207 0.0000e+00
     68.000    13.3242   4.137478    35.0614       2235 0.0000e+00
     69.000    13.2500   4.129255    35.0515       2256 0.0000e+00
     70.000    13.2592   4.130553    35.0548       2275 0.0000e+00
     71.000    13.1996   4.123945    35.0467       2296 0.0000e+00
     72.000    13.2511   4.133445    35.0889       2322 0.0000e+00
     73.000    12.9062   4.094637    35.0376       2351 0.0000e+00
     74.000    12.5404   4.055874    35.0052       2376 0.0000e+00
     75.000    12.4670   4.047768    34.9950       2415 0.0000e+00
     76.000    12.4419   4.044895    34.9901       2456 0.0000e+00
     77.000    12.4174   4.042209    34.9866       2476 0.0000e+00
     78.000    12.3965   4.039633    34.9808       2492 0.0000e+00
     79.000    12.3611   4.035914    34.9774       2509 0.0000e+00
     80.000    12.3570   4.035226    34.9741       2538 0.0000e+00
     81.000    12.3185   4.030569    34.9645       2578 0.0000e+00
     82.000    12.2420   4.021496    34.9475       2605 0.0000e+00
     83.000    12.2075   4.017334    34.9389       2627 0.0000e+00
     84.000    12.1922   4.015344    34.9334       2652 0.0000e+00
     85.000    12.1718   4.012911    34.9284       2685 0.0000e+00
     86.000    12.1725   4.013248    34.9306       2713 0.0000e+00
     87.000    11.9000   3.980831    34.8684       2736 0.0000e+00
     88.000    11.4876   3.936612    34.8213       2761 0.0000e+00
     89.000    11.3571   3.925651    34.8357       2796 0.0000e+00
     90.000    11.4446   3.937661    34.8715       2823 0.0000e+00
     91.000    11.5148   3.946944    34.8965       2842 0.0000e+00
     92.000    11.5645   3.953586    34.9147       2860 0.0000e+00
     93.000    11.7154   3.972716    34.9603       2881 0.0000e+00
     94.000    11.8401   3.987928    34.9917       2922 0.0000e+00
     95.000    11.9353   4.000214    35.0219       2969 0.0000e+00
     96.000    12.0035   4.009379    35.0469       2992 0.0000e+00
     97.000    11.9572   4.004330    35.0407       3009 0.0000e+00
     98.000    11.9330   4.001638    35.0368       3025 0.0000e+00
     99.000    11.9153   3.999629    35.0333       3042 0.0000e+00
    100.000    11.8849   3.996237    35.0283       3061 0.0000e+00
    101.000    11.9259   4.001810    35.0437       3092 0.0000e+00
    102.000    12.0269   4.014054    35.0679       3141 0.0000e+00
    103.000    12.0537   4.017808    35.0789       3177 0.0000e+00
    104.000    12.0629   4.019143    35.0828       3201 0.0000e+00
    105.000    12.0980   4.023715    35.0939       3219 0.0000e+00
    106.000    12.1040   4.024682    35.0973       3236 0.0000e+00
    107.000    12.0960   4.023898    35.0967       3253 0.0000e+00
    108.000    12.0887   4.023113    35.0955       3275 0.0000e+00
    109.000    12.0809   4.022284    35.0943       3311 0.0000e+00
    110.000    12.0729   4.021397    35.0927       3347 0.0000e+00
    111.000    12.0541   4.019261    35.0891       3374 0.0000e+00
    112.000    12.0452   4.018506    35.0897       3406 0.0000e+00
    113.000    12.0540   4.019862    35.0942       3435 0.0000e+00
    114.000    12.0578   4.020366    35.0951       3456 0.0000e+00
    115.000    12.0594   4.020642    35.0958       3472 0.0000e+00
    116.000    12.0595   4.020705    35.0959       3490 0.0000e+00
    117.000    12.0565   4.020457    35.0959       3512 0.0000e+00
    118.000    12.0521   4.020067    35.0958       3553 0.0000e+00
    119.000    12.0536   4.020468    35.0979       3598 0.0000e+00
    120.000    12.0860   4.024900    35.1102       3625 0.0000e+00
    121.000    12.1093   4.027921    35.1172       3644 0.0000e+00
    122.000    12.1252   4.030011    35.1222       3663 0.0000e+00
    123.000    12.1510   4.033410    35.1306       3682 0.0000e+00
    124.000    12.1640   4.035219    35.1355       3708 0.0000e+00
    125.000    12.1625   4.035235    35.1366       3737 0.0000e+00
    126.000    12.1464   4.033287    35.1324       3763 0.0000e+00
    127.000    12.1259   4.030948    35.1284       3788 0.0000e+00
    128.000    12.1196   4.030224    35.1269       3818 0.0000e+00
    129.000    12.1090   4.028939    35.1239       3861 0.0000e+00
    130.000    12.0824   4.025861    35.1185       3891 0.0000e+00
    131.000    12.0529   4.022753    35.1155       3910 0.0000e+00
    132.000    12.1004   4.028684    35.1281       3928 0.0000e+00
    133.000    12.1191   4.031034    35.1331       3949 0.0000e+00
    134.000    12.1422   4.033974    35.1394       3977 0.0000e+00
    135.000    12.1421   4.034159    35.1409       4006 0.0000e+00
    136.000    12.1420   4.034263    35.1417       4033 0.0000e+00
    137.000    12.1538   4.036327    35.1501       4071 0.0000e+00
    138.000    12.2079   4.043815    35.1717       4102 0.0000e+00
    139.000    12.2066   4.043673    35.1710       4123 0.0000e+00
    140.000    12.2551   4.049984    35.1864       4144 0.0000e+00
    141.000    12.2660   4.051302    35.1884       4169 0.0000e+00
    142.000    12.2769   4.052939    35.1937       4198 0.0000e+00
    143.000    12.2782   4.053460    35.1970       4224 0.0000e+00
    144.000    12.2851   4.054661    35.2018       4249 0.0000e+00
    145.000    12.2889   4.055800    35.2088       4278 0.0000e+00
    146.000    12.2679   4.053873    35.2094       4313 0.0000e+00
    147.000    12.2514   4.052582    35.2119       4341 0.0000e+00
    148.000    12.2581   4.053616    35.2153       4365 0.0000e+00
    149.000    12.2628   4.054470    35.2186       4386 0.0000e+00
    150.000    12.2573   4.054040    35.2192       4408 0.0000e+00
    151.000    12.1774   4.045129    35.2074       4435 0.0000e+00
    152.000    12.1671   4.044557    35.2111       4473 0.0000e+00
    153.000    12.1838   4.046767    35.2165       4509 0.0000e+00
    154.000    12.1975   4.048747    35.2224       4529 0.0000e+00
    155.000    12.1971   4.049743    35.2320       4545 0.0000e+00
    156.000    12.1774   4.048269    35.2357       4562 0.0000e+00
    157.000    12.1839   4.049525    35.2414       4596 0.0000e+00
    158.000    12.1807   4.049322    35.2420       4651 0.0000e+00
    159.000    12.1759   4.049317    35.2461       4674 0.0000e+00
    160.000    12.2016   4.052868    35.2559       4692 0.0000e+00
    161.000    12.2016   4.053100    35.2577       4710 0.0000e+00
    162.000    12.1972   4.052636    35.2569       4730 0.0000e+00
    163.000    12.1989   4.053050    35.2589       4758 0.0000e+00
    164.000    12.2092   4.054454    35.2624       4799 0.0000e+00
    165.000    12.1652   4.049680    35.2570       4830 0.0000e+00
    166.000    12.1703   4.050865    35.2633       4853 0.0000e+00
    167.000    12.2798   4.065231    35.2992       4876 0.0000e+00
    168.000    12.5210   4.095979    35.3693       4904 0.0000e+00
    169.000    12.5864   4.104168    35.3864       4935 0.0000e+00
    170.000    12.6654   4.114430    35.4104       4962 0.0000e+00
    171.000    12.8504   4.138726    35.4695       4988 0.0000e+00
    172.000    13.3275   4.198943    35.5964       5013 0.0000e+00
    173.000    13.3037   4.196495    35.5950       5038 0.0000e+00
    174.000    13.3005   4.196848    35.6009       5067 0.0000e+00
    175.000    13.3079   4.198632    35.6105       5104 0.0000e+00
    176.000    13.2711   4.194605    35.6063       5139 0.0000e+00
    177.000    13.2241   4.189128    35.5978       5163 0.0000e+00
    178.000    13.0467   4.167945    35.5619       5182 0.0000e+00
    179.000    12.9727   4.158812    35.5436       5199 0.0000e+00
    180.000    12.7169   4.129135    35.4991       5219 0.0000e+00
    181.000    12.6390   4.119898    35.4832       5269 0.0000e+00
    182.000    12.6129   4.116759    35.4771       5313 0.0000e+00
    183.000    12.5762   4.112564    35.4708       5332 0.0000e+00
    184.000    12.5343   4.107713    35.4631       5350 0.0000e+00
    185.000    12.4201   4.094688    35.4444       5370 0.0000e+00
    186.000    12.3406   4.085586    35.4309       5398 0.0000e+00
    187.000    12.2966   4.080503    35.4228       5433 0.0000e+00
    188.000    12.2969   4.080513    35.4222       5461 0.0000e+00
    189.000    12.2713   4.077442    35.4161       5482 0.0000e+00
    190.000    12.2390   4.073815    35.4109       5504 0.0000e+00
    191.000    12.1957   4.068561    35.4004       5547 0.0000e+00
    192.000    12.1075   4.058728    35.3877       5586 0.0000e+00
    193.000    12.0739   4.055143    35.3841       5619 0.0000e+00
    194.000    11.9674   4.043944    35.3755       5683 0.0000e+00
    193.000    12.0783   4.055473    35.3832       5948 0.0000e+00
    192.000    12.0606   4.053405    35.3802       7220 0.0000e+00
    191.000    11.8740   4.033284    35.3610       8196 0.0000e+00
    190.000    11.8509   4.030647    35.3576       8568 0.0000e+00
    189.000    11.9670   4.043906    35.3776       8595 0.0000e+00
    188.000    12.0952   4.056859    35.3829       8610 0.0000e+00
    187.000    12.1286   4.060340    35.3857       8628 0.0000e+00
    186.000    12.1237   4.059703    35.3845       8651 0.0000e+00
    185.000    12.1409   4.061883    35.3899       8690 0.0000e+00
    184.000    12.1618   4.064247    35.3936       8732 0.0000e+00
    183.000    12.2175   4.070698    35.4041       8758 0.0000e+00
    182.000    12.2588   4.075507    35.4122       8782 0.0000e+00
    181.000    12.3043   4.080627    35.4194       8807 0.0000e+00
    180.000    12.3343   4.084228    35.4264       8830 0.0000e+00
    179.000    12.4562   4.098093    35.4459       8850 0.0000e+00
    178.000    12.5056   4.103734    35.4543       8868 0.0000e+00
    177.000    12.5601   4.109517    35.4591       8890 0.0000e+00
    176.000    12.6034   4.114702    35.4688       8929 0.0000e+00
    175.000    12.6336   4.118263    35.4751       8980 0.0000e+00
    174.000    12.7640   4.134360    35.5077       9001 0.0000e+00
    173.000    12.8384   4.142973    35.5207       9019 0.0000e+00
    172.000    13.0369   4.167564    35.5700       9035 0.0000e+00
    171.000    13.2889   4.196508    35.6098       9054 0.0000e+00
    170.000    13.3358   4.201195    35.6109       9086 0.0000e+00
    169.000    13.3390   4.202144    35.6172       9123 0.0000e+00
    168.000    13.4039   4.210200    35.6333       9145 0.0000e+00
    167.000    13.4325   4.213137    35.6348       9165 0.0000e+00
    166.000    13.4006   4.208550    35.6217       9197 0.0000e+00
    165.000    13.2332   4.185744    35.5620       9235 0.0000e+00
    164.000    12.7728   4.126548    35.4286       9257 0.0000e+00
    163.000    12.5299   4.096535    35.3684       9277 0.0000e+00
    162.000    12.3206   4.070811    35.3170       9297 0.0000e+00
    161.000    12.2412   4.060517    35.2924       9320 0.0000e+00
    160.000    12.1801   4.052051    35.2682       9347 0.0000e+00
    159.000    12.2173   4.055693    35.2690       9385 0.0000e+00
    158.000    12.2141   4.054897    35.2647       9425 0.0000e+00
    157.000    12.2216   4.055561    35.2645       9448 0.0000e+00
    156.000    12.2209   4.055362    35.2637       9466 0.0000e+00
    155.000    12.2127   4.053981    35.2585       9482 0.0000e+00
    154.000    12.2086   4.053310    35.2562       9500 0.0000e+00
    153.000    12.2033   4.051933    35.2483       9535 0.0000e+00
    152.000    12.1650   4.045847    35.2257       9595 0.0000e+00
    151.000    12.1654   4.045487    35.2222       9615 0.0000e+00
    150.000    12.1878   4.048117    35.2271       9632 0.0000e+00
    149.000    12.2101   4.050272    35.2275       9648 0.0000e+00
    148.000    12.2185   4.050740    35.2246       9668 0.0000e+00
