HB2302/ctd051.cnv
* Sea-Bird SBE 9 Data File:
* FileName = C:\cruise\data\ctd051.hex
* Software Version Seasave V 7.26.7.121
* Temperature SN = 6664
* Conductivity SN = 6035
* Number of Bytes Per Scan = 37
* Number of Voltage Words = 4
* Number of Scans Averaged by the Deck Unit = 1
* NMEA Latitude = 40 19.30 N
* NMEA Longitude = 070 46.10 W
* NMEA UTC (Time) = Jun 26 2023  21:52:11
* NMEA baud rate = 4800
** Ship: Bigelow HB2301
** Program:  Spring ECOMON
** Chief Scientist:Jerry Prezioso
# nquan = 6
# nvalues = 197                         
# units = specified
# name 0 = depSM: Depth [salt water, m]
# name 1 = t090C: Temperature [ITS-90, deg C]
# name 2 = c0S/m: Conductivity [S/m]
# name 3 = sal00: Salinity, Practical [PSU]
# name 4 = scan: Scan Count
# name 5 = flag: flag
# span 0 =      3.000,    101.000       
# span 1 =     8.0056,    22.3528       
# span 2 =   3.449454,   5.024409       
# span 3 =    33.1272,    35.2244       
# span 4 =        -90,      16428       
# span 5 = 0.0000e+00, 0.0000e+00       
# interval = meters: 1                  
# start_time = Jun 26 2023 21:52:11 [NMEA time, header]
# bad_flag = -9.990e-29
*END*
      3.000    22.3519   5.023561    34.9298        -90 0.0000e+00
      4.000    22.3528   5.024409    34.9354        737 0.0000e+00
      5.000    22.3373   5.022529    34.9328        632 0.0000e+00
      6.000    22.3154   5.020268    34.9324        667 0.0000e+00
      7.000    22.2140   5.009493    34.9293        710 0.0000e+00
      8.000    21.8907   4.972761    34.9009        743 0.0000e+00
      9.000    20.8212   4.848737    34.7811        774 0.0000e+00
     10.000    20.2007   4.771933    34.6677        808 0.0000e+00
     11.000    19.8347   4.724755    34.5830        843 0.0000e+00
     12.000    19.5117   4.682617    34.5020        873 0.0000e+00
     13.000    18.5745   4.567061    34.3170       1021 0.0000e+00
     14.000    18.4469   4.552786    34.3019       1076 0.0000e+00
     15.000    18.1823   4.522165    34.2634       1105 0.0000e+00
     16.000    17.8436   4.484156    34.2234       1133 0.0000e+00
     17.000    17.8539   4.491554    34.2776       1162 0.0000e+00
     18.000    17.8814   4.500821    34.3333       1193 0.0000e+00
     19.000    17.7005   4.481642    34.3212       1222 0.0000e+00
     20.000    17.3756   4.447601    34.3030       1246 0.0000e+00
     21.000    17.1920   4.430198    34.3080       1272 0.0000e+00
     22.000    16.9932   4.408219    34.2859       1301 0.0000e+00
     23.000    16.7469   4.382966    34.2755       1330 0.0000e+00
     24.000    16.7310   4.386162    34.3166       1356 0.0000e+00
     25.000    16.7729   4.391931    34.3308       1380 0.0000e+00
     26.000    16.8603   4.403608    34.3577       1405 0.0000e+00
     27.000    16.7140   4.387920    34.3453       1434 0.0000e+00
     28.000    16.1109   4.316422    34.2333       1468 0.0000e+00
     29.000    15.6378   4.261342    34.1509       1498 0.0000e+00
     30.000    15.0655   4.195191    34.0512       1522 0.0000e+00
     31.000    14.5420   4.136408    33.9719       1546 0.0000e+00
     32.000    13.7981   4.056501    33.8876       1572 0.0000e+00
     33.000    13.1309   3.982823    33.7865       1599 0.0000e+00
     34.000    12.4475   3.908286    33.6865       1627 0.0000e+00
     35.000    12.2035   3.881859    33.6507       1658 0.0000e+00
     36.000    12.0494   3.864680    33.6228       1693 0.0000e+00
     37.000    11.9192   3.851654    33.6133       1724 0.0000e+00
     38.000    11.9518   3.856986    33.6353       1747 0.0000e+00
     39.000    11.7966   3.845490    33.6633       1767 0.0000e+00
     40.000    11.5189   3.818860    33.6537       1788 0.0000e+00
     41.000    10.4701   3.708166    33.5129       1814 0.0000e+00
     42.000    10.1102   3.668761    33.4468       1848 0.0000e+00
     43.000     9.5582   3.611535    33.3739       1879 0.0000e+00
     44.000     9.3207   3.587259    33.3446       1908 0.0000e+00
     45.000     9.0236   3.556271    33.3002       1938 0.0000e+00
     46.000     8.7543   3.529415    33.2720       1966 0.0000e+00
     47.000     8.6551   3.518634    33.2517       1988 0.0000e+00
     48.000     8.5271   3.505085    33.2291       2009 0.0000e+00
     49.000     8.4732   3.499303    33.2185       2030 0.0000e+00
     50.000     8.4797   3.499515    33.2141       2055 0.0000e+00
     51.000     8.4918   3.500642    33.2141       2089 0.0000e+00
     52.000     8.4901   3.500320    33.2119       2123 0.0000e+00
     53.000     8.4805   3.499206    33.2088       2153 0.0000e+00
     54.000     8.4470   3.495842    33.2044       2177 0.0000e+00
     55.000     8.4324   3.494369    33.2021       2199 0.0000e+00
     56.000     8.4241   3.493362    33.1989       2223 0.0000e+00
     57.000     8.3108   3.481319    33.1778       2250 0.0000e+00
     58.000     8.0500   3.455575    33.1504       2278 0.0000e+00
     59.000     8.0113   3.451652    33.1448       2304 0.0000e+00
     60.000     8.0399   3.454903    33.1518       2328 0.0000e+00
     61.000     8.1577   3.467474    33.1737       2355 0.0000e+00
     62.000     8.3730   3.492185    33.2315       2390 0.0000e+00
     63.000     8.6412   3.522333    33.2962       2423 0.0000e+00
     64.000     8.5960   3.518385    33.2969       2448 0.0000e+00
     65.000     8.6483   3.524833    33.3149       2468 0.0000e+00
     66.000     8.7627   3.538378    33.3487       2489 0.0000e+00
     67.000     8.8514   3.548493    33.3707       2513 0.0000e+00
     68.000     8.9053   3.555296    33.3906       2547 0.0000e+00
     69.000     9.0513   3.571592    33.4229       2582 0.0000e+00
     70.000     9.1186   3.579967    33.4462       2608 0.0000e+00
     71.000     9.2054   3.591328    33.4823       2631 0.0000e+00
     72.000     9.2060   3.592541    33.4938       2658 0.0000e+00
     73.000     9.1690   3.591074    33.5128       2690 0.0000e+00
     74.000     9.2847   3.605738    33.5557       2718 0.0000e+00
     75.000     9.3351   3.612307    33.5758       2742 0.0000e+00
     76.000     9.4057   3.621254    33.6015       2768 0.0000e+00
     77.000     9.5994   3.646580    33.6799       2796 0.0000e+00
     78.000     9.9437   3.688734    33.7888       2824 0.0000e+00
     79.000    10.0526   3.702329    33.8247       2850 0.0000e+00
     80.000    10.2472   3.727195    33.8948       2874 0.0000e+00
     81.000    10.4212   3.750108    33.9634       2903 0.0000e+00
     82.000    10.7852   3.795598    34.0805       2940 0.0000e+00
     83.000    10.9969   3.821237    34.1389       2969 0.0000e+00
     84.000    11.2244   3.848327    34.1962       2989 0.0000e+00
     85.000    11.4963   3.881176    34.2680       3009 0.0000e+00
     86.000    11.7301   3.910661    34.3405       3034 0.0000e+00
     87.000    12.7625   4.048669    34.7232       3071 0.0000e+00
     88.000    13.1241   4.094267    34.8271       3107 0.0000e+00
     89.000    13.1252   4.095202    34.8344       3134 0.0000e+00
     90.000    13.1465   4.099211    34.8526       3157 0.0000e+00
     91.000    13.3318   4.125607    34.9322       3181 0.0000e+00
     92.000    13.3629   4.130998    34.9542       3208 0.0000e+00
     93.000    13.3538   4.131177    34.9639       3235 0.0000e+00
     94.000    13.3727   4.134291    34.9755       3262 0.0000e+00
     95.000    13.3798   4.135929    34.9841       3291 0.0000e+00
     96.000    13.4298   4.143620    35.0104       3324 0.0000e+00
     97.000    13.5589   4.161386    35.0590       3358 0.0000e+00
     98.000    13.6760   4.179511    35.1216       3383 0.0000e+00
     99.000    13.5960   4.178506    35.1853       3405 0.0000e+00
    100.000    13.3135   4.154015    35.2143       3427 0.0000e+00
    101.000    13.1825   4.142326    35.2244       5918 0.0000e+00
    100.000    13.2761   4.151114    35.2215       5892 0.0000e+00
     99.000    13.4580   4.167829    35.2119       5929 0.0000e+00
     98.000    13.8197   4.199147    35.1740       5970 0.0000e+00
     97.000    13.6624   4.174323    35.0856       6005 0.0000e+00
     96.000    13.4329   4.144279    35.0138       6034 0.0000e+00
     95.000    13.3974   4.139529    35.0020       6069 0.0000e+00
     94.000    13.3870   4.137748    34.9951       6141 0.0000e+00
     93.000    13.3632   4.134263    34.9844       6188 0.0000e+00
     92.000    13.3494   4.131739    34.9737       6225 0.0000e+00
     91.000    13.3481   4.130382    34.9624       6258 0.0000e+00
     90.000    13.1011   4.095468    34.8586       6296 0.0000e+00
     89.000    13.0407   4.087589    34.8396       6345 0.0000e+00
     88.000    13.0239   4.085236    34.8331       6398 0.0000e+00
     87.000    12.4351   4.003401    34.5898       6443 0.0000e+00
     86.000    11.4956   3.883641    34.2925       6481 0.0000e+00
     85.000    11.2208   3.851797    34.2335       6518 0.0000e+00
     84.000    11.1670   3.844809    34.2147       6569 0.0000e+00
     83.000    10.9451   3.816860    34.1436       6615 0.0000e+00
     82.000    10.7855   3.797066    34.0949       6646 0.0000e+00
     81.000    10.4516   3.755960    33.9939       6690 0.0000e+00
     80.000    10.2249   3.726532    33.9090       6759 0.0000e+00
     79.000    10.0919   3.709009    33.8559       6790 0.0000e+00
     78.000     9.9500   3.692014    33.8163       6821 0.0000e+00
     77.000     9.7621   3.667281    33.7398       6861 0.0000e+00
     76.000     9.4578   3.629457    33.6373       6908 0.0000e+00
     75.000     9.3861   3.620091    33.6084       6958 0.0000e+00
     74.000     9.3380   3.613765    33.5887       7001 0.0000e+00
     73.000     9.2555   3.602647    33.5515       7049 0.0000e+00
     72.000     9.2132   3.595703    33.5198       7096 0.0000e+00
     71.000     9.2320   3.595991    33.5056       7126 0.0000e+00
     70.000     9.1775   3.588246    33.4769       7159 0.0000e+00
     69.000     9.0411   3.571199    33.4283       7223 0.0000e+00
     68.000     8.9073   3.555115    33.3868       7279 0.0000e+00
     67.000     8.8900   3.553239    33.3839       7303 0.0000e+00
     66.000     8.7761   3.539848    33.3515       7337 0.0000e+00
     65.000     8.6322   3.522777    33.3084       7411 0.0000e+00
     64.000     8.5944   3.518438    33.2988       7438 0.0000e+00
     63.000     8.6480   3.523236    33.2993       7466 0.0000e+00
     62.000     8.2307   3.474826    33.1822       7522 0.0000e+00
     61.000     8.1421   3.465069    33.1629       7583 0.0000e+00
     60.000     8.1159   3.461931    33.1547       7628 0.0000e+00
     59.000     8.0248   3.451793    33.1335       7659 0.0000e+00
     58.000     8.0056   3.449454    33.1272       7691 0.0000e+00
     57.000     8.1515   3.463908    33.1435       7741 0.0000e+00
     56.000     8.4014   3.488526    33.1691       7802 0.0000e+00
     55.000     8.4212   3.490693    33.1738       7849 0.0000e+00
     54.000     8.4254   3.491061    33.1742       7880 0.0000e+00
     53.000     8.4289   3.491332    33.1742       7925 0.0000e+00
     52.000     8.4521   3.493545    33.1763       7987 0.0000e+00
     51.000     8.4560   3.493939    33.1772       8017 0.0000e+00
     50.000     8.4743   3.495382    33.1756       9055 0.0000e+00
     49.000     8.4343   3.490938    33.1669      10743 0.0000e+00
     48.000     8.4642   3.493923    33.1707      10885 0.0000e+00
     47.000     8.4692   3.494438    33.1719      10951 0.0000e+00
     46.000     8.4483   3.491886    33.1651      11027 0.0000e+00
     45.000     8.4289   3.489729    33.1611      11099 0.0000e+00
     44.000     8.4294   3.489711    33.1609      11179 0.0000e+00
     43.000     8.5049   3.497389    33.1713      11251 0.0000e+00
     42.000     8.7465   3.522772    33.2114      11347 0.0000e+00
     41.000     9.7581   3.625767    33.3339      11385 0.0000e+00
     40.000    10.0005   3.649977    33.3579      13079 0.0000e+00
     39.000    10.2429   3.675545    33.3946      13702 0.0000e+00
     38.000    10.3875   3.691462    33.4226      13726 0.0000e+00
     37.000    11.0338   3.759830    33.5142      13787 0.0000e+00
     36.000    11.4725   3.803561    33.5480      13867 0.0000e+00
     35.000    11.5074   3.806133    33.5419      13950 0.0000e+00
     34.000    11.7157   3.825892    33.5472      13999 0.0000e+00
     33.000    12.0826   3.863016    33.5780      14058 0.0000e+00
     32.000    12.5396   3.912695    33.6469      14138 0.0000e+00
     31.000    13.8828   4.059394    33.8386      14190 0.0000e+00
     30.000    14.9561   4.177198    33.9832      14233 0.0000e+00
     29.000    15.9844   4.297305    34.1721      14281 0.0000e+00
     28.000    16.7456   4.388354    34.3216      14332 0.0000e+00
     27.000    17.2145   4.445886    34.4223      14378 0.0000e+00
     26.000    17.4474   4.473846    34.4663      14423 0.0000e+00
     25.000    17.4628   4.475251    34.4656      14462 0.0000e+00
     24.000    17.1641   4.433212    34.3566      14505 0.0000e+00
     23.000    16.9499   4.403222    34.2790      14561 0.0000e+00
     22.000    16.8266   4.384095    34.2176      14596 0.0000e+00
     21.000    17.1186   4.416957    34.2554      14634 0.0000e+00
     20.000    17.4096   4.447745    34.2754      14692 0.0000e+00
     19.000    17.7525   4.481407    34.2754      14736 0.0000e+00
     18.000    17.8342   4.486850    34.2536      14794 0.0000e+00
     17.000    17.9038   4.491973    34.2393      14855 0.0000e+00
     16.000    18.0808   4.507699    34.2252      14906 0.0000e+00
     15.000    18.4095   4.544533    34.2629      14952 0.0000e+00
     14.000    18.6702   4.574483    34.2985      15018 0.0000e+00
     13.000    18.9603   4.609097    34.3476      15071 0.0000e+00
     12.000    19.5450   4.681558    34.4658      15120 0.0000e+00
     11.000    20.0241   4.743380    34.5796      15182 0.0000e+00
     10.000    20.5411   4.810104    34.6986      15231 0.0000e+00
      9.000    21.2794   4.897867    34.8012      15285 0.0000e+00
      8.000    22.0317   4.983129    34.8687      15339 0.0000e+00
      7.000    22.2140   5.004257    34.8883      15396 0.0000e+00
      6.000    22.2283   5.006506    34.8947      15445 0.0000e+00
      5.000    22.2919   5.014279    34.9048      15505 0.0000e+00
      4.000    22.2882   5.014129    34.9069      15549 0.0000e+00
      3.000    22.2594   5.012210    34.9154      16428 0.0000e+00
