HB2302/ctd004.cnv
* Sea-Bird SBE 9 Data File:
* FileName = C:\cruise\data\ctd004.hex
* Software Version Seasave V 7.26.7.121
* Temperature SN = 6664
* Conductivity SN = 6035
* Number of Bytes Per Scan = 37
* Number of Voltage Words = 4
* Number of Scans Averaged by the Deck Unit = 1
* NMEA Latitude = 39 00.71 N
* NMEA Longitude = 072 35.68 W
* NMEA UTC (Time) = Jun 10 2023  15:37:37
* NMEA baud rate = 4800
** Ship: Bigelow HB2301
** Program:  Spring ECOMON
** Chief Scientist:Jerry Prezioso
# nquan = 6
# nvalues = 1000                        
# units = specified
# name 0 = depSM: Depth [salt water, m]
# name 1 = t090C: Temperature [ITS-90, deg C]
# name 2 = c0S/m: Conductivity [S/m]
# name 3 = sal00: Salinity, Practical [PSU]
# name 4 = scan: Scan Count
# name 5 = flag: flag
# span 0 =      1.000,    501.000       
# span 1 =     6.0131,    15.8076       
# span 2 =   3.465694,   4.322456       
# span 3 =    33.6441,    35.7915       
# span 4 =        -28,      41632       
# span 5 = 0.0000e+00, 0.0000e+00       
# interval = meters: 1                  
# start_time = Jun 10 2023 15:37:37 [NMEA time, header]
# bad_flag = -9.990e-29
*END*
[from data line 956]
     44.000    12.2207   3.936068    34.1556      34807 0.0000e+00
     43.000    12.4389   3.951956    34.1107      34831 0.0000e+00
     42.000    12.8355   3.979865    34.0197      34857 0.0000e+00
     41.000    12.9845   3.994109    34.0217      34884 0.0000e+00
     40.000    13.2099   4.016428    34.0314      34913 0.0000e+00
     39.000    13.5169   4.047647    34.0514      34949 0.0000e+00
     38.000    14.7943   4.182477    34.1710      35387 0.0000e+00
     37.000    14.8491   4.188076    34.1731      37150 0.0000e+00
     36.000    14.9525   4.197483    34.1686      37174 0.0000e+00
     35.000    14.7823   4.174645    34.1099      37199 0.0000e+00
     34.000    14.6106   4.152424    34.0578      37224 0.0000e+00
     33.000    14.4072   4.122208    33.9591      37251 0.0000e+00
     32.000    14.2803   4.104148    33.9046      37276 0.0000e+00
     31.000    14.2874   4.105386    33.9102      37301 0.0000e+00
     30.000    14.1079   4.080049    33.8342      37326 0.0000e+00
     29.000    14.1177   4.081641    33.8407      37353 0.0000e+00
     28.000    14.1069   4.079402    33.8298      37376 0.0000e+00
     27.000    14.3882   4.106781    33.8364      37399 0.0000e+00
     26.000    14.4691   4.115003    33.8416      37426 0.0000e+00
     25.000    14.3689   4.110087    33.8845      37461 0.0000e+00
     24.000    14.6056   4.126815    33.8316      37487 0.0000e+00
     23.000    14.7980   4.144475    33.8258      37511 0.0000e+00
     22.000    14.9393   4.161808    33.8613      37536 0.0000e+00
     21.000    15.3423   4.210558    33.9532      37565 0.0000e+00
     20.000    15.8076   4.262661    34.0196      37592 0.0000e+00
     19.000    15.7277   4.252592    33.9988      37615 0.0000e+00
     18.000    15.7605   4.247483    33.9252      37638 0.0000e+00
     17.000    15.4778   4.209616    33.8298      37661 0.0000e+00
     16.000    15.3560   4.194611    33.8001      37690 0.0000e+00
     15.000    15.1202   4.162247    33.7114      37722 0.0000e+00
     14.000    14.9970   4.147294    33.6827      37748 0.0000e+00
     13.000    14.9863   4.145297    33.6743      37768 0.0000e+00
     12.000    14.9408   4.139251    33.6590      37790 0.0000e+00
     11.000    15.0660   4.156691    33.7095      37819 0.0000e+00
     10.000    14.9545   4.139607    33.6512      37853 0.0000e+00
      9.000    14.9728   4.141983    33.6574      37878 0.0000e+00
      8.000    14.9803   4.141588    33.6478      37897 0.0000e+00
      7.000    15.0005   4.143252    33.6458      37918 0.0000e+00
      6.000    15.0044   4.144622    33.6553      37951 0.0000e+00
      5.000    15.0547   4.148125    33.6441      37987 0.0000e+00
      4.000    15.0515   4.147936    33.6455      38016 0.0000e+00
      3.000    15.0383   4.146829    33.6472      38067 0.0000e+00
      2.000    15.0576   4.148529    33.6464      38811 0.0000e+00
      1.000    15.1266   4.155059    33.6465      41632 0.0000e+00
