HB2302/ctd022.cnv
* Sea-Bird SBE 9 Data File:
* FileName = C:\cruise\data\ctd022.hex
* Software Version Seasave V 7.26.7.121
* Temperature SN = 6664
* Conductivity SN = 6035
* Number of Bytes Per Scan = 37
* Number of Voltage Words = 4
* Number of Scans Averaged by the Deck Unit = 1
* NMEA Latitude = 42 00.79 N
* NMEA Longitude = 067 40.69 W
* NMEA UTC (Time) = Jun 19 2023  00:22:27
* NMEA baud rate = 4800
** Ship: Bigelow HB2301
** Program:  Spring ECOMON
** Chief Scientist:Jerry Prezioso
# nquan = 6
# nvalues = 122                         
# units = specified
# name 0 = depSM: Depth [salt water, m]
# name 1 = t090C: Temperature [ITS-90, deg C]
# name 2 = c0S/m: Conductivity [S/m]
# name 3 = sal00: Salinity, Practical [PSU]
# name 4 = scan: Scan Count
# name 5 = flag: flag
# span 0 =      2.000,     63.000       
# span 1 =     8.0177,    13.3848       
# span 2 =   3.397738,   3.823615       
# span 3 =    32.0807,    32.5654       
# span 4 =         76,       9594       
# span 5 = 0.0000e+00, 0.0000e+00       
# interval = meters: 1                  
# start_time = Jun 19 2023 00:22:27 [NMEA time, header]
# bad_flag = -9.990e-29
*END*
      3.000    13.3773   3.822841    32.0813         76 0.0000e+00
      4.000    13.3773   3.822915    32.0816        290 0.0000e+00
      5.000    13.3778   3.823015    32.0817        318 0.0000e+00
      6.000    13.3699   3.822527    32.0834        347 0.0000e+00
      7.000    13.2277   3.812265    32.1069        377 0.0000e+00
      8.000    13.2510   3.813817    32.1013        408 0.0000e+00
      9.000    13.3627   3.821869    32.0821        436 0.0000e+00
     10.000    13.3344   3.819935    32.0875        459 0.0000e+00
     11.000    13.2780   3.815848    32.0964        482 0.0000e+00
     12.000    13.0205   3.795929    32.1267        505 0.0000e+00
     13.000    11.8458   3.708452    32.2983        528 0.0000e+00
     14.000    10.8752   3.633564    32.4142        554 0.0000e+00
     15.000    10.2619   3.582361    32.4477        588 0.0000e+00
     16.000     9.7081   3.535747    32.4725        624 0.0000e+00
     17.000     9.4865   3.517351    32.4843        648 0.0000e+00
     18.000     9.2421   3.497921    32.5060        667 0.0000e+00
     19.000     8.8775   3.467790    32.5262        685 0.0000e+00
     20.000     8.6318   3.447116    32.5355        709 0.0000e+00
     21.000     8.5603   3.440149    32.5278        753 0.0000e+00
     22.000     8.4863   3.434386    32.5351        792 0.0000e+00
     23.000     8.4286   3.430329    32.5452        811 0.0000e+00
     24.000     8.3991   3.428010    32.5476        826 0.0000e+00
     25.000     8.3968   3.427526    32.5441        842 0.0000e+00
     26.000     8.3704   3.425117    32.5427        872 0.0000e+00
     27.000     8.3087   3.419905    32.5443        927 0.0000e+00
     28.000     8.2936   3.418497    32.5430        952 0.0000e+00
     29.000     8.2031   3.411742    32.5549        971 0.0000e+00
     30.000     8.1629   3.408548    32.5578        989 0.0000e+00
     31.000     8.1327   3.406131    32.5597       1011 0.0000e+00
     32.000     8.1285   3.405633    32.5579       1046 0.0000e+00
     33.000     8.1333   3.405807    32.5548       1090 0.0000e+00
     34.000     8.1276   3.405370    32.5550       1114 0.0000e+00
     35.000     8.1304   3.405612    32.5545       1133 0.0000e+00
     36.000     8.1222   3.405019    32.5554       1153 0.0000e+00
     37.000     8.1090   3.404033    32.5567       1178 0.0000e+00
     38.000     8.1080   3.403844    32.5552       1228 0.0000e+00
     39.000     8.1201   3.404673    32.5523       1261 0.0000e+00
     40.000     8.0969   3.403077    32.5565       1280 0.0000e+00
     41.000     8.0861   3.402296    32.5577       1298 0.0000e+00
     42.000     8.0805   3.401879    32.5580       1321 0.0000e+00
     43.000     8.0755   3.401465    32.5578       1360 0.0000e+00
     44.000     8.0691   3.401078    32.5592       1392 0.0000e+00
     45.000     8.0601   3.400572    32.5617       1415 0.0000e+00
     46.000     8.0558   3.400332    32.5627       1435 0.0000e+00
     47.000     8.0530   3.400156    32.5630       1459 0.0000e+00
     48.000     8.0452   3.399636    32.5642       1497 0.0000e+00
     49.000     8.0415   3.399376    32.5645       1533 0.0000e+00
     50.000     8.0412   3.399395    32.5644       1558 0.0000e+00
     51.000     8.0380   3.399177    32.5646       1581 0.0000e+00
     52.000     8.0374   3.399170    32.5647       1607 0.0000e+00
     53.000     8.0365   3.399116    32.5645       1637 0.0000e+00
     54.000     8.0340   3.398934    32.5644       1664 0.0000e+00
     55.000     8.0270   3.398435    32.5651       1689 0.0000e+00
     56.000     8.0232   3.398173    32.5654       1716 0.0000e+00
     57.000     8.0224   3.398102    32.5649       1747 0.0000e+00
     58.000     8.0233   3.398218    32.5649       1777 0.0000e+00
     59.000     8.0222   3.398159    32.5648       1803 0.0000e+00
     60.000     8.0232   3.398262    32.5645       1827 0.0000e+00
     61.000     8.0221   3.398199    32.5644       1850 0.0000e+00
     62.000     8.0177   3.397738    32.5631       2181 0.0000e+00
     63.000     8.0225   3.398049    32.5615       3017 0.0000e+00
     62.000     8.0363   3.399098    32.5603       4420 0.0000e+00
     61.000     8.0357   3.399033    32.5606       4433 0.0000e+00
     60.000     8.0350   3.398939    32.5607       4459 0.0000e+00
     59.000     8.0352   3.398917    32.5607       4491 0.0000e+00
     58.000     8.0358   3.398920    32.5608       4514 0.0000e+00
     57.000     8.0363   3.398887    32.5604       4535 0.0000e+00
     56.000     8.0362   3.398852    32.5606       4557 0.0000e+00
     55.000     8.0354   3.398735    32.5605       4580 0.0000e+00
     54.000     8.0346   3.398619    32.5605       4609 0.0000e+00
     53.000     8.0329   3.398461    32.5608       4639 0.0000e+00
     52.000     8.0376   3.398777    32.5603       4661 0.0000e+00
     51.000     8.0399   3.398898    32.5599       4680 0.0000e+00
     50.000     8.0548   3.399912    32.5573       4703 0.0000e+00
     49.000     8.0647   3.400514    32.5550       4736 0.0000e+00
     48.000     8.0691   3.400742    32.5538       4766 0.0000e+00
     47.000     8.0665   3.400596    32.5551       4785 0.0000e+00
     46.000     8.0818   3.401818    32.5543       4802 0.0000e+00
     45.000     8.1013   3.403206    32.5515       4822 0.0000e+00
     44.000     8.1289   3.405247    32.5479       4854 0.0000e+00
     43.000     8.1386   3.406128    32.5487       4888 0.0000e+00
     42.000     8.1412   3.406161    32.5471       4910 0.0000e+00
     41.000     8.1446   3.406343    32.5464       4928 0.0000e+00
     40.000     8.1493   3.406548    32.5446       4948 0.0000e+00
     39.000     8.1526   3.406612    32.5427       4974 0.0000e+00
     38.000     8.1609   3.407067    32.5403       5004 0.0000e+00
     37.000     8.1691   3.407583    32.5386       5031 0.0000e+00
     36.000     8.1793   3.408224    32.5364       5058 0.0000e+00
     35.000     8.1818   3.408337    32.5358       5084 0.0000e+00
     34.000     8.1822   3.408313    32.5356       5107 0.0000e+00
     33.000     8.1738   3.407743    32.5378       5129 0.0000e+00
     32.000     8.1784   3.408064    32.5374       5152 0.0000e+00
     31.000     8.2576   3.414047    32.5278       5570 0.0000e+00
     30.000     8.2188   3.411019    32.5322       6114 0.0000e+00
     29.000     8.2224   3.411243    32.5317       6226 0.0000e+00
     28.000     8.2169   3.410753    32.5321       6248 0.0000e+00
     27.000     8.2255   3.411487    32.5323       6266 0.0000e+00
     26.000     8.2836   3.415894    32.5255       6286 0.0000e+00
     25.000     8.3500   3.420997    32.5185       6345 0.0000e+00
     24.000     8.3889   3.424044    32.5152       6384 0.0000e+00
     23.000     8.4230   3.426541    32.5105       6406 0.0000e+00
     22.000     8.5517   3.436319    32.4951       6444 0.0000e+00
     21.000     8.5811   3.438369    32.4900       6488 0.0000e+00
     20.000     8.5929   3.439496    32.4915       6517 0.0000e+00
     19.000     8.9038   3.465923    32.4827       6561 0.0000e+00
     18.000     9.2441   3.493280    32.4563       6605 0.0000e+00
     17.000     9.5861   3.521784    32.4396       6630 0.0000e+00
     16.000     9.8367   3.541930    32.4196       6654 0.0000e+00
     15.000    10.4316   3.591649    32.3896       6708 0.0000e+00
     14.000    10.9886   3.639143    32.3693       6760 0.0000e+00
     13.000    12.1853   3.734436    32.2553       6787 0.0000e+00
     12.000    13.2161   3.808901    32.0831       7251 0.0000e+00
     11.000    13.2952   3.815939    32.0828       8160 0.0000e+00
     10.000    13.2975   3.816168    32.0834       8240 0.0000e+00
      9.000    13.3451   3.820193    32.0813       8319 0.0000e+00
      8.000    13.3538   3.821038    32.0822       8366 0.0000e+00
      7.000    13.3848   3.823615    32.0807       8452 0.0000e+00
      6.000    13.3725   3.822533    32.0813       8522 0.0000e+00
      5.000    13.3733   3.822617    32.0818       8622 0.0000e+00
      4.000    13.3794   3.823103    32.0816       8676 0.0000e+00
      3.000    13.3831   3.823400    32.0817       8782 0.0000e+00
      2.000    13.3493   3.820510    32.0835       9594 0.0000e+00
