HB2302/ctd020.cnv
* Sea-Bird SBE 9 Data File:
* FileName = C:\cruise\data\ctd020.hex
* Software Version Seasave V 7.26.7.121
* Temperature SN = 6664
* Conductivity SN = 6035
* Number of Bytes Per Scan = 37
* Number of Voltage Words = 4
* Number of Scans Averaged by the Deck Unit = 1
* NMEA Latitude = 41 45.09 N
* NMEA Longitude = 065 26.77 W
* NMEA UTC (Time) = Jun 17 2023  23:34:41
* NMEA baud rate = 4800
** Ship: Bigelow HB2301
** Program:  Spring ECOMON
** Chief Scientist:Jerry Prezioso
# nquan = 6
# nvalues = 1007                        
# units = specified
# name 0 = depSM: Depth [salt water, m]
# name 1 = t090C: Temperature [ITS-90, deg C]
# name 2 = c0S/m: Conductivity [S/m]
# name 3 = sal00: Salinity, Practical [PSU]
# name 4 = scan: Scan Count
# name 5 = flag: flag
# span 0 =      1.000,    505.000       
# span 1 =     6.1779,    13.8500       
# span 2 =   3.294261,   4.237537       
# span 3 =    31.8425,    35.6529       
# span 4 =        -27,      32235       
# span 5 = 0.0000e+00, 0.0000e+00       
# interval = meters: 1                  
# start_time = Jun 17 2023 23:34:41 [NMEA time, header]
# bad_flag = -9.990e-29
*END*
[from data line 239]
    242.000    11.9635   4.056457    35.4801       7638 0.0000e+00
    243.000    11.9697   4.057277    35.4818       7665 0.0000e+00
    244.000    11.9753   4.058223    35.4852       7690 0.0000e+00
    245.000    11.9572   4.056676    35.4869       7717 0.0000e+00
    246.000    11.9059   4.051188    35.4816       7747 0.0000e+00
    247.000    11.8731   4.047551    35.4768       7774 0.0000e+00
    248.000    11.8753   4.048125    35.4799       7798 0.0000e+00
    249.000    11.8686   4.047438    35.4790       7821 0.0000e+00
    250.000    11.7292   4.031422    35.4543       7850 0.0000e+00
    251.000    11.7110   4.030243    35.4596       7889 0.0000e+00
    252.000    11.7365   4.033180    35.4637       7918 0.0000e+00
    253.000    11.6823   4.026752    35.4518       7939 0.0000e+00
    254.000    11.5578   4.012265    35.4276       7958 0.0000e+00
    255.000    11.5220   4.008043    35.4196       7980 0.0000e+00
    256.000    11.4207   3.995780    35.3948       8011 0.0000e+00
    257.000    11.2248   3.972981    35.3558       8043 0.0000e+00
    258.000    11.0995   3.958970    35.3361       8068 0.0000e+00
    259.000    11.0227   3.949705    35.3170       8093 0.0000e+00
    260.000    10.9676   3.943140    35.3038       8124 0.0000e+00
    261.000    10.9540   3.941684    35.3019       8155 0.0000e+00
    262.000    10.9531   3.941447    35.2999       8180 0.0000e+00
    263.000    10.9491   3.941070    35.2995       8203 0.0000e+00
    264.000    10.9293   3.938629    35.2937       8227 0.0000e+00
    265.000    10.9009   3.935381    35.2880       8256 0.0000e+00
    266.000    10.8886   3.933903    35.2846       8288 0.0000e+00
    267.000    10.8443   3.928660    35.2742       8317 0.0000e+00
    268.000    10.8350   3.927653    35.2726       8343 0.0000e+00
    269.000    10.8528   3.929699    35.2755       8368 0.0000e+00
    270.000    10.8130   3.924632    35.2626       8392 0.0000e+00
    271.000    10.5641   3.896089    35.2146       8414 0.0000e+00
    272.000    10.4125   3.879500    35.1929       8438 0.0000e+00
    273.000    10.2237   3.857626    35.1530       8479 0.0000e+00
    274.000    10.1215   3.846110    35.1343       8518 0.0000e+00
    275.000    10.0487   3.837944    35.1211       8542 0.0000e+00
    276.000     9.9829   3.831539    35.1191       8564 0.0000e+00
    277.000     9.9064   3.824102    35.1167       8585 0.0000e+00
    278.000     9.7926   3.813073    35.1138       8609 0.0000e+00
    279.000     9.7722   3.811112    35.1131       8639 0.0000e+00
    280.000     9.7695   3.810971    35.1138       8674 0.0000e+00
    281.000     9.7353   3.807472    35.1107       8706 0.0000e+00
    282.000     9.6528   3.799519    35.1088       8735 0.0000e+00
    283.000     9.6418   3.798348    35.1069       8760 0.0000e+00
    284.000     9.6332   3.797385    35.1049       8784 0.0000e+00
    285.000     9.6184   3.795915    35.1037       8812 0.0000e+00
    286.000     9.6157   3.795562    35.1023       8845 0.0000e+00
    287.000     9.6074   3.794793    35.1019       8877 0.0000e+00
    288.000     9.5949   3.793637    35.1018       8903 0.0000e+00
    289.000     9.5844   3.792642    35.1013       8928 0.0000e+00
    290.000     9.5714   3.791398    35.1007       8956 0.0000e+00
    291.000     9.5602   3.790304    35.0998       8987 0.0000e+00
    292.000     9.5510   3.789359    35.0986       9015 0.0000e+00
    293.000     9.5420   3.788492    35.0980       9041 0.0000e+00
    294.000     9.5320   3.787527    35.0973       9069 0.0000e+00
    295.000     9.5248   3.786807    35.0964       9101 0.0000e+00
    296.000     9.5168   3.786070    35.0962       9130 0.0000e+00
    297.000     9.5071   3.785145    35.0956       9160 0.0000e+00
    298.000     9.5012   3.784591    35.0952       9191 0.0000e+00
    299.000     9.4835   3.782867    35.0941       9219 0.0000e+00
    300.000     9.4129   3.775765    35.0892       9243 0.0000e+00
    301.000     9.3680   3.771502    35.0884       9266 0.0000e+00
    302.000     9.3521   3.769932    35.0872       9294 0.0000e+00
    303.000     9.3428   3.769052    35.0868       9328 0.0000e+00
    304.000     9.3271   3.767818    35.0888       9357 0.0000e+00
    305.000     9.3048   3.765768    35.0890       9383 0.0000e+00
    306.000     9.2760   3.763112    35.0891       9413 0.0000e+00
    307.000     9.2557   3.761511    35.0919       9447 0.0000e+00
    308.000     9.2386   3.760008    35.0925       9474 0.0000e+00
    309.000     9.2237   3.758577    35.0918       9497 0.0000e+00
    310.000     9.2064   3.756985    35.0917       9525 0.0000e+00
    311.000     9.1908   3.755621    35.0923       9561 0.0000e+00
    312.000     9.1824   3.755057    35.0943       9587 0.0000e+00
    313.000     9.1591   3.753020    35.0955       9607 0.0000e+00
    314.000     9.1373   3.751019    35.0955       9628 0.0000e+00
    315.000     9.1258   3.749870    35.0943       9665 0.0000e+00
    316.000     9.1022   3.747586    35.0933       9713 0.0000e+00
    317.000     9.0917   3.746669    35.0935       9738 0.0000e+00
    318.000     9.0863   3.746166    35.0932       9758 0.0000e+00
    319.000     9.0823   3.745804    35.0928       9779 0.0000e+00
    320.000     9.0633   3.744045    35.0926       9804 0.0000e+00
    321.000     9.0563   3.743391    35.0922       9838 0.0000e+00
    322.000     9.0521   3.743031    35.0921       9873 0.0000e+00
    323.000     9.0364   3.741634    35.0925       9900 0.0000e+00
    324.000     9.0250   3.740714    35.0936       9928 0.0000e+00
    325.000     9.0067   3.739241    35.0957       9959 0.0000e+00
    326.000     8.9990   3.738684    35.0970       9984 0.0000e+00
    327.000     8.9994   3.738955    35.0990      10006 0.0000e+00
    328.000     9.0164   3.741335    35.1067      10028 0.0000e+00
    329.000     8.9949   3.739488    35.1081      10068 0.0000e+00
    330.000     8.9881   3.738903    35.1081      10112 0.0000e+00
    331.000     8.9864   3.738820    35.1085      10136 0.0000e+00
    332.000     8.9839   3.738643    35.1086      10157 0.0000e+00
    333.000     8.9847   3.739281    35.1140      10178 0.0000e+00
    334.000     9.0033   3.741794    35.1216      10200 0.0000e+00
    335.000     9.0288   3.744942    35.1289      10226 0.0000e+00
    336.000     9.0184   3.744113    35.1300      10265 0.0000e+00
    337.000     8.9886   3.740977    35.1260      10303 0.0000e+00
    338.000     8.9215   3.733986    35.1185      10329 0.0000e+00
    339.000     8.8529   3.726710    35.1093      10353 0.0000e+00
    340.000     8.8009   3.721186    35.1022      10380 0.0000e+00
    341.000     8.7868   3.719654    35.0995      10410 0.0000e+00
    342.000     8.7742   3.718469    35.0990      10436 0.0000e+00
    343.000     8.7738   3.718630    35.1007      10459 0.0000e+00
    344.000     8.7624   3.717527    35.0998      10487 0.0000e+00
    345.000     8.7543   3.716698    35.0986      10527 0.0000e+00
    346.000     8.7407   3.715348    35.0974      10559 0.0000e+00
    347.000     8.7095   3.712231    35.0950      10582 0.0000e+00
    348.000     8.7021   3.711747    35.0966      10604 0.0000e+00
    349.000     8.6898   3.710825    35.0987      10629 0.0000e+00
    350.000     8.6677   3.708794    35.0986      10660 0.0000e+00
    351.000     8.6518   3.707272    35.0979      10698 0.0000e+00
    352.000     8.6067   3.703073    35.0976      10731 0.0000e+00
    353.000     8.5860   3.701177    35.0977      10757 0.0000e+00
    354.000     8.5801   3.700623    35.0972      10780 0.0000e+00
    355.000     8.5735   3.699995    35.0966      10805 0.0000e+00
    356.000     8.5614   3.698840    35.0960      10835 0.0000e+00
    357.000     8.5264   3.695553    35.0954      10864 0.0000e+00
    358.000     8.5139   3.694307    35.0941      10889 0.0000e+00
    359.000     8.4956   3.692492    35.0925      10915 0.0000e+00
    360.000     8.4823   3.691163    35.0912      10947 0.0000e+00
    361.000     8.4766   3.690615    35.0905      10984 0.0000e+00
    362.000     8.4672   3.689726    35.0900      11013 0.0000e+00
    363.000     8.4535   3.688414    35.0892      11035 0.0000e+00
    364.000     8.4172   3.684947    35.0880      11057 0.0000e+00
    365.000     8.3572   3.679320    35.0874      11081 0.0000e+00
    366.000     8.3204   3.675846    35.0866      11111 0.0000e+00
    367.000     8.2853   3.672573    35.0862      11141 0.0000e+00
    368.000     8.2334   3.667657    35.0850      11167 0.0000e+00
    369.000     8.1859   3.663176    35.0841      11194 0.0000e+00
    370.000     8.1721   3.661877    35.0835      11223 0.0000e+00
    371.000     8.1664   3.661327    35.0828      11251 0.0000e+00
    372.000     8.1629   3.661006    35.0824      11274 0.0000e+00
    373.000     8.1494   3.659756    35.0820      11297 0.0000e+00
    374.000     8.1376   3.658736    35.0823      11324 0.0000e+00
    375.000     8.1175   3.657005    35.0835      11352 0.0000e+00
    376.000     8.1049   3.655865    35.0834      11378 0.0000e+00
    377.000     8.0867   3.654368    35.0850      11404 0.0000e+00
    378.000     8.0654   3.652514    35.0859      11433 0.0000e+00
    379.000     8.0388   3.650180    35.0871      11457 0.0000e+00
    380.000     8.0130   3.648083    35.0899      11477 0.0000e+00
    381.000     7.9984   3.646807    35.0903      11497 0.0000e+00
    382.000     7.9868   3.645832    35.0910      11519 0.0000e+00
    383.000     7.9819   3.645416    35.0910      11550 0.0000e+00
    384.000     7.9751   3.644875    35.0915      11583 0.0000e+00
    385.000     7.9708   3.644547    35.0918      11608 0.0000e+00
    386.000     7.9546   3.643219    35.0932      11630 0.0000e+00
    387.000     7.9494   3.642775    35.0932      11653 0.0000e+00
    388.000     7.9421   3.642108    35.0928      11677 0.0000e+00
    389.000     7.9384   3.641798    35.0928      11703 0.0000e+00
    390.000     7.9279   3.640885    35.0930      11728 0.0000e+00
    391.000     7.9223   3.640441    35.0934      11754 0.0000e+00
    392.000     7.9153   3.639889    35.0940      11777 0.0000e+00
    393.000     7.8969   3.638156    35.0932      11800 0.0000e+00
    394.000     7.8869   3.637278    35.0934      11824 0.0000e+00
    395.000     7.8559   3.634037    35.0891      11853 0.0000e+00
    396.000     7.8028   3.628864    35.0861      11883 0.0000e+00
    397.000     7.7900   3.627793    35.0869      11908 0.0000e+00
    398.000     7.7535   3.624371    35.0862      11931 0.0000e+00
    399.000     7.7497   3.624147    35.0871      11954 0.0000e+00
    400.000     7.7489   3.624162    35.0876      11976 0.0000e+00
    401.000     7.7484   3.624193    35.0879      11999 0.0000e+00
    402.000     7.7222   3.621658    35.0864      12026 0.0000e+00
    403.000     7.7023   3.619674    35.0845      12059 0.0000e+00
    404.000     7.6556   3.615091    35.0813      12087 0.0000e+00
    405.000     7.5984   3.609580    35.0788      12109 0.0000e+00
    406.000     7.5279   3.602837    35.0762      12128 0.0000e+00
    407.000     7.5101   3.601128    35.0751      12147 0.0000e+00
    408.000     7.5063   3.600703    35.0738      12170 0.0000e+00
    409.000     7.4912   3.599183    35.0720      12204 0.0000e+00
    410.000     7.4658   3.596872    35.0720      12235 0.0000e+00
    411.000     7.4492   3.595215    35.0703      12257 0.0000e+00
    412.000     7.4301   3.593831    35.0740      12277 0.0000e+00
    413.000     7.3921   3.590320    35.0736      12298 0.0000e+00
    414.000     7.3664   3.587955    35.0733      12323 0.0000e+00
    415.000     7.3444   3.585934    35.0731      12353 0.0000e+00
    416.000     7.3372   3.585287    35.0728      12381 0.0000e+00
    417.000     7.3362   3.585219    35.0726      12404 0.0000e+00
    418.000     7.3273   3.584457    35.0728      12424 0.0000e+00
    419.000     7.3212   3.583952    35.0729      12447 0.0000e+00
    420.000     7.3180   3.583663    35.0725      12476 0.0000e+00
    421.000     7.3138   3.583247    35.0718      12505 0.0000e+00
    422.000     7.3143   3.583317    35.0715      12527 0.0000e+00
    423.000     7.3110   3.583039    35.0713      12547 0.0000e+00
    424.000     7.3080   3.582788    35.0711      12569 0.0000e+00
    425.000     7.3026   3.582317    35.0709      12598 0.0000e+00
    426.000     7.3095   3.582964    35.0705      12627 0.0000e+00
    427.000     7.3115   3.583182    35.0704      12652 0.0000e+00
    428.000     7.3117   3.583240    35.0703      12676 0.0000e+00
    429.000     7.3108   3.583197    35.0703      12698 0.0000e+00
    430.000     7.3092   3.583081    35.0701      12719 0.0000e+00
    431.000     7.3087   3.583077    35.0701      12741 0.0000e+00
    432.000     7.3091   3.583140    35.0699      12766 0.0000e+00
    433.000     7.3089   3.583161    35.0698      12797 0.0000e+00
    434.000     7.3054   3.582875    35.0697      12825 0.0000e+00
    435.000     7.3032   3.582729    35.0699      12847 0.0000e+00
    436.000     7.3000   3.582521    35.0704      12866 0.0000e+00
    437.000     7.2975   3.582408    35.0712      12887 0.0000e+00
    438.000     7.2923   3.582040    35.0719      12912 0.0000e+00
    439.000     7.2890   3.581795    35.0721      12941 0.0000e+00
    440.000     7.2748   3.580524    35.0721      12967 0.0000e+00
    441.000     7.2564   3.578729    35.0706      12990 0.0000e+00
    442.000     7.2371   3.577118    35.0720      13011 0.0000e+00
    443.000     7.2375   3.577217    35.0722      13032 0.0000e+00
    444.000     7.2369   3.577178    35.0719      13053 0.0000e+00
    445.000     7.2348   3.577019    35.0718      13080 0.0000e+00
    446.000     7.2253   3.576190    35.0718      13110 0.0000e+00
    447.000     7.2204   3.575758    35.0716      13137 0.0000e+00
    448.000     7.2091   3.574709    35.0710      13158 0.0000e+00
    449.000     7.1790   3.571822    35.0695      13178 0.0000e+00
    450.000     7.1534   3.569388    35.0683      13200 0.0000e+00
    451.000     7.1359   3.567720    35.0672      13228 0.0000e+00
    452.000     7.1154   3.565612    35.0645      13256 0.0000e+00
    453.000     7.0614   3.560227    35.0597      13281 0.0000e+00
    454.000     7.0283   3.557073    35.0581      13305 0.0000e+00
    455.000     7.0196   3.556121    35.0559      13328 0.0000e+00
    456.000     6.9979   3.553968    35.0539      13352 0.0000e+00
    457.000     6.9901   3.553190    35.0528      13373 0.0000e+00
    458.000     6.9751   3.551679    35.0508      13394 0.0000e+00
    459.000     6.9559   3.549688    35.0480      13418 0.0000e+00
    460.000     6.9045   3.544518    35.0427      13448 0.0000e+00
    461.000     6.8591   3.539832    35.0367      13479 0.0000e+00
    462.000     6.7578   3.529527    35.0256      13503 0.0000e+00
    463.000     6.6669   3.520888    35.0221      13525 0.0000e+00
    464.000     6.6340   3.517521    35.0178      13547 0.0000e+00
    465.000     6.6040   3.514579    35.0152      13571 0.0000e+00
    466.000     6.5831   3.512594    35.0140      13594 0.0000e+00
    467.000     6.5803   3.512288    35.0130      13616 0.0000e+00
    468.000     6.5562   3.509985    35.0115      13640 0.0000e+00
    469.000     6.4994   3.504852    35.0119      13669 0.0000e+00
    470.000     6.4782   3.502922    35.0116      13700 0.0000e+00
    471.000     6.4715   3.502342    35.0115      13726 0.0000e+00
    472.000     6.4654   3.501819    35.0114      13747 0.0000e+00
    473.000     6.4580   3.501185    35.0115      13765 0.0000e+00
    474.000     6.4461   3.500088    35.0109      13784 0.0000e+00
    475.000     6.4373   3.499272    35.0102      13810 0.0000e+00
    476.000     6.4313   3.498677    35.0093      13844 0.0000e+00
    477.000     6.4281   3.498388    35.0089      13873 0.0000e+00
    478.000     6.4209   3.497755    35.0087      13894 0.0000e+00
    479.000     6.4039   3.496282    35.0091      13915 0.0000e+00
