HB2302/ctd003.cnv
* Sea-Bird SBE 9 Data File:
* FileName = C:\cruise\data\ctd003.hex
* Software Version Seasave V 7.26.7.121
* Temperature SN = 6664
* Conductivity SN = 6035
* Number of Bytes Per Scan = 37
* Number of Voltage Words = 4
* Number of Scans Averaged by the Deck Unit = 1
* NMEA Latitude = 39 49.65 N
* NMEA Longitude = 070 37.37 W
* NMEA UTC (Time) = Jun 09 2023  22:05:59
* NMEA baud rate = 4800
** Ship: Bigelow HB2301
** Program:  Spring ECOMON
** Chief Scientist:Jerry Prezioso
# nquan = 6
# nvalues = 1001                        
# units = specified
# name 0 = depSM: Depth [salt water, m]
# name 1 = t090C: Temperature [ITS-90, deg C]
# name 2 = c0S/m: Conductivity [S/m]
# name 3 = sal00: Salinity, Practical [PSU]
# name 4 = scan: Scan Count
# name 5 = flag: flag
# span 0 =      2.000,    502.000       
# span 1 =     6.1244,    21.9831       
# span 2 =   3.475323,   5.123624       
# span 3 =    35.0480,    36.0268       
# span 4 =        173,      30854       
# span 5 = 0.0000e+00, 0.0000e+00       
# interval = meters: 1                  
# start_time = Jun 09 2023 22:05:59 [NMEA time, header]
# bad_flag = -9.990e-29
*END*
[from data line 717]
    285.000     9.0277   3.748375    35.1896      20997 0.0000e+00
    284.000     9.0489   3.750587    35.1923      21023 0.0000e+00
    283.000     9.0682   3.752356    35.1922      21046 0.0000e+00
    282.000     9.1042   3.755652    35.1917      21072 0.0000e+00
    281.000     9.1547   3.760401    35.1919      21103 0.0000e+00
    280.000     9.1797   3.762933    35.1942      21135 0.0000e+00
    279.000     9.2035   3.765512    35.1980      21161 0.0000e+00
    278.000     9.2388   3.769139    35.2015      21182 0.0000e+00
    277.000     9.2603   3.771326    35.2037      21204 0.0000e+00
    276.000     9.2789   3.773190    35.2052      21231 0.0000e+00
    275.000     9.2820   3.773464    35.2055      21266 0.0000e+00
    274.000     9.2824   3.773466    35.2056      21296 0.0000e+00
    273.000     9.2898   3.774179    35.2062      21320 0.0000e+00
    272.000     9.2938   3.774551    35.2066      21345 0.0000e+00
    271.000     9.2830   3.773164    35.2033      21374 0.0000e+00
    270.000     9.2663   3.771187    35.1996      21403 0.0000e+00
    269.000     9.2696   3.771539    35.2005      21431 0.0000e+00
    268.000     9.2997   3.774840    35.2057      21455 0.0000e+00
    267.000     9.3388   3.779040    35.2113      21480 0.0000e+00
    266.000     9.3683   3.782146    35.2151      21504 0.0000e+00
    265.000     9.3893   3.784288    35.2172      21532 0.0000e+00
    264.000     9.4058   3.785922    35.2184      21562 0.0000e+00
    263.000     9.4101   3.786391    35.2195      21592 0.0000e+00
    262.000     9.4152   3.786870    35.2200      21619 0.0000e+00
    261.000     9.4140   3.786597    35.2188      21645 0.0000e+00
    260.000     9.4251   3.787499    35.2176      21672 0.0000e+00
    259.000     9.4498   3.789597    35.2156      21700 0.0000e+00
    258.000     9.4713   3.791574    35.2155      21727 0.0000e+00
    257.000     9.4816   3.792344    35.2138      21754 0.0000e+00
    256.000     9.5023   3.794357    35.2148      21782 0.0000e+00
    255.000     9.5053   3.794596    35.2149      21810 0.0000e+00
    254.000     9.5090   3.795001    35.2159      21835 0.0000e+00
    253.000     9.5234   3.796472    35.2174      21858 0.0000e+00
    252.000     9.6091   3.805616    35.2284      21882 0.0000e+00
    251.000     9.7191   3.816942    35.2380      21912 0.0000e+00
    250.000     9.7959   3.825034    35.2466      22266 0.0000e+00
    249.000     9.7959   3.824749    35.2441      22865 0.0000e+00
    248.000     9.8178   3.826725    35.2435      22902 0.0000e+00
    247.000     9.8363   3.828642    35.2456      22929 0.0000e+00
    246.000     9.8758   3.833038    35.2526      22961 0.0000e+00
    245.000     9.9782   3.843647    35.2619      22995 0.0000e+00
    244.000     9.9883   3.844482    35.2611      23023 0.0000e+00
    243.000    10.0159   3.847432    35.2648      23046 0.0000e+00
    242.000    10.0288   3.848730    35.2660      23069 0.0000e+00
    241.000    10.0307   3.848891    35.2662      23093 0.0000e+00
    240.000    10.0273   3.848562    35.2666      23119 0.0000e+00
    239.000    10.0394   3.850032    35.2703      23148 0.0000e+00
    238.000    10.1671   3.863547    35.2845      23179 0.0000e+00
    237.000    10.2020   3.867312    35.2893      23207 0.0000e+00
    236.000    10.2211   3.869344    35.2919      23231 0.0000e+00
    235.000    10.2348   3.870680    35.2926      23253 0.0000e+00
    234.000    10.2416   3.871335    35.2931      23274 0.0000e+00
    233.000    10.2725   3.874576    35.2966      23300 0.0000e+00
    232.000    10.3314   3.880911    35.3042      23334 0.0000e+00
    231.000    10.3753   3.885635    35.3099      23366 0.0000e+00
    230.000    10.4002   3.888310    35.3134      23390 0.0000e+00
    229.000    10.4382   3.892561    35.3200      23412 0.0000e+00
    228.000    10.4900   3.897968    35.3251      23437 0.0000e+00
    227.000    10.5296   3.901933    35.3272      23468 0.0000e+00
    226.000    10.5562   3.904703    35.3299      23500 0.0000e+00
    225.000    10.5806   3.907222    35.3321      23525 0.0000e+00
    224.000    10.5999   3.909351    35.3354      23547 0.0000e+00
    223.000    10.6289   3.912381    35.3383      23569 0.0000e+00
    222.000    10.6614   3.915890    35.3428      23594 0.0000e+00
    221.000    10.6805   3.917826    35.3443      23622 0.0000e+00
    220.000    10.6898   3.918636    35.3439      23653 0.0000e+00
    219.000    10.6981   3.919411    35.3441      23682 0.0000e+00
    218.000    10.7136   3.920986    35.3455      23710 0.0000e+00
    217.000    10.7442   3.924289    35.3496      23734 0.0000e+00
    216.000    10.7756   3.927533    35.3524      23757 0.0000e+00
    215.000    10.8142   3.931720    35.3576      23781 0.0000e+00
    214.000    10.8692   3.937786    35.3659      23810 0.0000e+00
    213.000    10.9106   3.942278    35.3714      23843 0.0000e+00
    212.000    10.9291   3.944358    35.3749      23871 0.0000e+00
    211.000    10.9475   3.946358    35.3776      23894 0.0000e+00
    210.000    10.9653   3.948239    35.3797      23918 0.0000e+00
    209.000    10.9770   3.949357    35.3801      23950 0.0000e+00
    208.000    10.9918   3.950645    35.3792      23984 0.0000e+00
    207.000    11.0020   3.951505    35.3784      24011 0.0000e+00
    206.000    11.0074   3.951934    35.3780      24034 0.0000e+00
    205.000    11.0170   3.952876    35.3786      24059 0.0000e+00
    204.000    11.0299   3.954159    35.3795      24094 0.0000e+00
    203.000    11.0451   3.955626    35.3799      24133 0.0000e+00
    202.000    11.0705   3.958197    35.3816      24161 0.0000e+00
    201.000    11.0953   3.960760    35.3838      24184 0.0000e+00
    200.000    11.1381   3.965472    35.3901      24206 0.0000e+00
    199.000    11.2109   3.973386    35.3994      24229 0.0000e+00
    198.000    11.2620   3.978844    35.4050      24257 0.0000e+00
    197.000    11.2599   3.978677    35.4058      24294 0.0000e+00
    196.000    11.2577   3.978547    35.4071      24326 0.0000e+00
    195.000    11.3115   3.984106    35.4112      24349 0.0000e+00
    194.000    11.3340   3.986119    35.4100      24371 0.0000e+00
    193.000    11.3615   3.988774    35.4104      24394 0.0000e+00
    192.000    11.3662   3.989106    35.4096      24422 0.0000e+00
    191.000    11.3675   3.989145    35.4093      24455 0.0000e+00
    190.000    11.3762   3.989850    35.4083      24488 0.0000e+00
    189.000    11.3909   3.990853    35.4047      24517 0.0000e+00
    188.000    11.4120   3.992986    35.4060      24542 0.0000e+00
    187.000    11.4885   4.001556    35.4180      24567 0.0000e+00
    186.000    11.6339   4.016603    35.4280      24592 0.0000e+00
    185.000    11.6840   4.021632    35.4302      24616 0.0000e+00
    184.000    11.7018   4.023577    35.4327      24642 0.0000e+00
    183.000    11.7149   4.024956    35.4343      24670 0.0000e+00
    182.000    11.7137   4.024725    35.4336      24699 0.0000e+00
    181.000    11.7053   4.023462    35.4296      24726 0.0000e+00
    180.000    11.6990   4.022469    35.4263      24751 0.0000e+00
    179.000    11.7064   4.023301    35.4279      24776 0.0000e+00
    178.000    11.7772   4.031051    35.4370      24803 0.0000e+00
    177.000    11.8130   4.035004    35.4421      24832 0.0000e+00
    176.000    11.8694   4.041227    35.4499      24862 0.0000e+00
    175.000    11.8812   4.042534    35.4519      24892 0.0000e+00
    174.000    11.8919   4.043628    35.4529      24919 0.0000e+00
    173.000    11.8930   4.043349    35.4496      24942 0.0000e+00
    172.000    11.8632   4.038651    35.4323      24964 0.0000e+00
    171.000    11.8933   4.041825    35.4353      24987 0.0000e+00
    170.000    11.9530   4.047729    35.4367      25014 0.0000e+00
    169.000    11.9856   4.051283    35.4409      25045 0.0000e+00
    168.000    11.9999   4.052903    35.4436      25077 0.0000e+00
    167.000    12.0111   4.053925    35.4433      25104 0.0000e+00
    166.000    12.0186   4.054354    35.4409      25130 0.0000e+00
    165.000    12.0221   4.054533    35.4398      25155 0.0000e+00
    164.000    12.0265   4.054944    35.4400      25182 0.0000e+00
    163.000    12.0294   4.054371    35.4321      25212 0.0000e+00
    162.000    12.0457   4.054663    35.4200      25244 0.0000e+00
    161.000    12.0846   4.057490    35.4111      25271 0.0000e+00
    160.000    12.0895   4.057387    35.4059      25294 0.0000e+00
    159.000    12.0873   4.056457    35.3994      25316 0.0000e+00
    158.000    12.0918   4.056224    35.3932      25340 0.0000e+00
    157.000    12.0887   4.055075    35.3854      25369 0.0000e+00
    156.000    12.0934   4.055047    35.3812      25403 0.0000e+00
    155.000    12.1717   4.063487    35.3897      25431 0.0000e+00
    154.000    12.2218   4.069209    35.3983      25456 0.0000e+00
    153.000    12.3625   4.084948    35.4186      25482 0.0000e+00
    152.000    12.4024   4.089380    35.4243      25511 0.0000e+00
    151.000    12.4025   4.089479    35.4256      25542 0.0000e+00
    150.000    12.4050   4.089826    35.4270      25571 0.0000e+00
    149.000    12.5434   4.106223    35.4554      25598 0.0000e+00
    148.000    12.6974   4.124481    35.4867      25625 0.0000e+00
    147.000    12.9017   4.150106    35.5407      25651 0.0000e+00
    146.000    13.4442   4.213091    35.6326      25674 0.0000e+00
    145.000    13.4682   4.216380    35.6417      25699 0.0000e+00
    144.000    13.4774   4.218018    35.6490      25726 0.0000e+00
    143.000    13.5551   4.227985    35.6710      25759 0.0000e+00
    142.000    13.6106   4.235038    35.6861      25797 0.0000e+00
    141.000    13.7110   4.248012    35.7150      25830 0.0000e+00
    140.000    14.0027   4.282190    35.7643      25862 0.0000e+00
    139.000    14.0040   4.281777    35.7597      25896 0.0000e+00
    138.000    13.8323   4.258822    35.7047      25926 0.0000e+00
    137.000    13.6580   4.236058    35.6537      25954 0.0000e+00
    136.000    13.4891   4.214279    35.6061      25980 0.0000e+00
    135.000    13.5241   4.218618    35.6149      26007 0.0000e+00
    134.000    13.8206   4.254720    35.6789      26034 0.0000e+00
    133.000    13.9687   4.272230    35.7058      26062 0.0000e+00
    132.000    14.0580   4.282897    35.7229      26092 0.0000e+00
    131.000    14.0648   4.283445    35.7222      26124 0.0000e+00
    130.000    14.0565   4.282264    35.7193      26153 0.0000e+00
    129.000    14.0561   4.281773    35.7155      26177 0.0000e+00
    128.000    14.0761   4.283446    35.7130      26202 0.0000e+00
    127.000    14.0769   4.283221    35.7106      26230 0.0000e+00
    126.000    14.0906   4.284389    35.7092      26263 0.0000e+00
    125.000    14.0771   4.282455    35.7040      26292 0.0000e+00
    124.000    14.0940   4.284283    35.7059      26314 0.0000e+00
    123.000    14.0584   4.279112    35.6911      26335 0.0000e+00
    122.000    14.0137   4.273313    35.6788      26357 0.0000e+00
    121.000    13.9749   4.268350    35.6688      26386 0.0000e+00
    120.000    13.9446   4.264321    35.6597      26426 0.0000e+00
    119.000    13.8872   4.256738    35.6424      26458 0.0000e+00
    118.000    13.8452   4.251520    35.6329      26481 0.0000e+00
    117.000    13.8282   4.249196    35.6273      26503 0.0000e+00
    116.000    13.8170   4.247650    35.6236      26528 0.0000e+00
    115.000    13.8328   4.249650    35.6282      26560 0.0000e+00
    114.000    13.8974   4.257474    35.6419      26591 0.0000e+00
    113.000    13.9294   4.261328    35.6488      26616 0.0000e+00
    112.000    13.9314   4.261159    35.6457      26639 0.0000e+00
    111.000    13.8557   4.250554    35.6170      26662 0.0000e+00
    110.000    13.7885   4.241933    35.5990      26689 0.0000e+00
    109.000    13.7756   4.240214    35.5953      26720 0.0000e+00
    108.000    13.7859   4.241461    35.5979      26752 0.0000e+00
    107.000    13.9603   4.262627    35.6348      26780 0.0000e+00
    106.000    14.1373   4.283311    35.6644      26805 0.0000e+00
    105.000    14.1882   4.289532    35.6756      26831 0.0000e+00
    104.000    14.2214   4.293346    35.6807      26859 0.0000e+00
    103.000    14.2413   4.295305    35.6811      26891 0.0000e+00
    102.000    14.2576   4.296573    35.6782      26919 0.0000e+00
    101.000    14.2681   4.297202    35.6748      26943 0.0000e+00
    100.000    14.2866   4.299290    35.6774      26964 0.0000e+00
     99.000    14.3132   4.302126    35.6797      26987 0.0000e+00
     98.000    14.3385   4.305167    35.6849      27020 0.0000e+00
     97.000    14.3791   4.309709    35.6900      27065 0.0000e+00
     96.000    14.3792   4.309585    35.6891      27098 0.0000e+00
     95.000    14.3795   4.309577    35.6892      27126 0.0000e+00
     94.000    14.3832   4.309959    35.6898      27157 0.0000e+00
     93.000    14.4086   4.312885    35.6939      27190 0.0000e+00
     92.000    14.4609   4.318467    35.6977      27218 0.0000e+00
     91.000    14.4470   4.316323    35.6911      27242 0.0000e+00
     90.000    14.3880   4.308606    35.6745      27265 0.0000e+00
     89.000    14.4216   4.312707    35.6819      27289 0.0000e+00
     88.000    14.4676   4.318067    35.6895      27318 0.0000e+00
     87.000    14.5459   4.327149    35.7017      27350 0.0000e+00
     86.000    14.5830   4.331236    35.7057      27380 0.0000e+00
     85.000    14.5979   4.332989    35.7086      27407 0.0000e+00
     84.000    14.6119   4.334435    35.7095      27432 0.0000e+00
     83.000    14.6504   4.339256    35.7190      27457 0.0000e+00
     82.000    14.7171   4.346226    35.7222      27483 0.0000e+00
     81.000    14.6631   4.337880    35.6954      27513 0.0000e+00
     80.000    14.6331   4.333383    35.6820      27544 0.0000e+00
     79.000    14.6184   4.330785    35.6720      27572 0.0000e+00
     78.000    14.5874   4.325449    35.6517      27596 0.0000e+00
     77.000    14.5899   4.325458    35.6498      27620 0.0000e+00
     76.000    14.6029   4.326660    35.6494      27646 0.0000e+00
     75.000    14.6226   4.328704    35.6506      27674 0.0000e+00
     74.000    14.6532   4.331640    35.6499      27702 0.0000e+00
     73.000    14.6572   4.331834    35.6484      27732 0.0000e+00
     72.000    14.6595   4.331901    35.6474      27766 0.0000e+00
     71.000    14.6580   4.331526    35.6458      27798 0.0000e+00
     70.000    14.6495   4.330146    35.6412      27823 0.0000e+00
     69.000    14.6373   4.328373    35.6365      27847 0.0000e+00
     68.000    14.6346   4.327978    35.6357      27874 0.0000e+00
     67.000    14.6274   4.326809    35.6320      27911 0.0000e+00
     66.000    14.5306   4.310165    35.5677      27946 0.0000e+00
     65.000    14.4236   4.293458    35.5119      27972 0.0000e+00
     64.000    14.3781   4.285584    35.4812      27995 0.0000e+00
     63.000    14.3614   4.282471    35.4681      28020 0.0000e+00
     62.000    14.3572   4.281513    35.4635      28052 0.0000e+00
     61.000    14.3537   4.280656    35.4592      28087 0.0000e+00
     60.000    14.3441   4.278526    35.4487      28117 0.0000e+00
     59.000    14.3251   4.274591    35.4300      28144 0.0000e+00
     58.000    14.3256   4.273747    35.4221      28169 0.0000e+00
     57.000    14.3181   4.270970    35.4037      28193 0.0000e+00
     56.000    14.2226   4.252072    35.3161      28219 0.0000e+00
     55.000    14.1479   4.237816    35.2523      28249 0.0000e+00
     54.000    14.0261   4.214569    35.1476      28284 0.0000e+00
     53.000    13.9714   4.204328    35.1025      28314 0.0000e+00
     52.000    13.9980   4.204905    35.0841      28337 0.0000e+00
     51.000    14.0713   4.212005    35.0838      28359 0.0000e+00
     50.000    14.1604   4.219125    35.0692      28785 0.0000e+00
     49.000    14.5310   4.260817    35.1188      29177 0.0000e+00
     48.000    14.9226   4.297929    35.1063      29256 0.0000e+00
