HB2302/ctd036.cnv
* Sea-Bird SBE 9 Data File:
* FileName = C:\cruise\data\ctd036.hex
* Software Version Seasave V 7.26.7.121
* Temperature SN = 6664
* Conductivity SN = 6035
* Number of Bytes Per Scan = 37
* Number of Voltage Words = 4
* Number of Scans Averaged by the Deck Unit = 1
* NMEA Latitude = 40 05.91 N
* NMEA Longitude = 068 30.71 W
* NMEA UTC (Time) = Jun 24 2023  03:07:46
* NMEA baud rate = 4800
** Ship: Bigelow HB2301
** Program:  Spring ECOMON
** Chief Scientist:Jerry Prezioso
# nquan = 6
# nvalues = 1449                        
# units = specified
# name 0 = depSM: Depth [salt water, m]
# name 1 = t090C: Temperature [ITS-90, deg C]
# name 2 = c0S/m: Conductivity [S/m]
# name 3 = sal00: Salinity, Practical [PSU]
# name 4 = scan: Scan Count
# name 5 = flag: flag
# span 0 =      3.000,    727.000       
# span 1 =     5.0728,    14.3575       
# span 2 =   3.385988,   4.075833       
# span 3 =    32.3766,    35.5082       
# span 4 =        -21,      51130       
# span 5 = 0.0000e+00, 0.0000e+00       
# interval = meters: 1                  
# start_time = Jun 24 2023 03:07:46 [NMEA time, header]
# bad_flag = -9.990e-29
*END*
[from data line 717]
    720.000     5.1241   3.390675    35.0131      19884 0.0000e+00
    721.000     5.1159   3.390013    35.0134      19912 0.0000e+00
    722.000     5.1156   3.390010    35.0132      19946 0.0000e+00
    723.000     5.0972   3.388331    35.0126      19978 0.0000e+00
    724.000     5.0847   3.387251    35.0127      20003 0.0000e+00
    725.000     5.0887   3.387663    35.0127      20027 0.0000e+00
    726.000     5.0868   3.387465    35.0120      20053 0.0000e+00
    727.000     5.0912   3.387872    35.0115      21995 0.0000e+00
    726.000     5.0824   3.387001    35.0111      21974 0.0000e+00
    725.000     5.0730   3.386064    35.0107      24989 0.0000e+00
    724.000     5.0728   3.385988    35.0106      25565 0.0000e+00
    723.000     5.0797   3.386611    35.0111      25586 0.0000e+00
    722.000     5.0838   3.386917    35.0108      25611 0.0000e+00
    721.000     5.0847   3.386970    35.0110      25631 0.0000e+00
    720.000     5.0877   3.387193    35.0109      25650 0.0000e+00
    719.000     5.0883   3.387224    35.0111      25671 0.0000e+00
    718.000     5.0863   3.386986    35.0110      25706 0.0000e+00
    717.000     5.0865   3.386974    35.0112      25747 0.0000e+00
    716.000     5.0891   3.387151    35.0110      25774 0.0000e+00
    715.000     5.0971   3.387897    35.0118      25795 0.0000e+00
    714.000     5.1146   3.389467    35.0121      25816 0.0000e+00
    713.000     5.1194   3.389812    35.0116      25839 0.0000e+00
    712.000     5.1217   3.390026    35.0122      25868 0.0000e+00
    711.000     5.1233   3.390147    35.0123      25904 0.0000e+00
    710.000     5.1176   3.389547    35.0120      25933 0.0000e+00
    709.000     5.1194   3.389705    35.0124      25957 0.0000e+00
    708.000     5.1254   3.390197    35.0123      25980 0.0000e+00
    707.000     5.1266   3.390270    35.0124      26005 0.0000e+00
    706.000     5.1266   3.390234    35.0125      26034 0.0000e+00
    705.000     5.1254   3.390090    35.0126      26066 0.0000e+00
    704.000     5.1257   3.390057    35.0124      26096 0.0000e+00
    703.000     5.1240   3.389860    35.0125      26122 0.0000e+00
    702.000     5.1263   3.390042    35.0126      26144 0.0000e+00
    701.000     5.1265   3.390011    35.0126      26166 0.0000e+00
    700.000     5.1269   3.390009    35.0127      26196 0.0000e+00
    699.000     5.1260   3.389888    35.0127      26229 0.0000e+00
    698.000     5.1265   3.389877    35.0126      26257 0.0000e+00
    697.000     5.1272   3.389901    35.0127      26280 0.0000e+00
    696.000     5.1322   3.390313    35.0127      26303 0.0000e+00
    695.000     5.1330   3.390353    35.0128      26331 0.0000e+00
    694.000     5.1336   3.390373    35.0129      26365 0.0000e+00
    693.000     5.1345   3.390411    35.0130      26394 0.0000e+00
    692.000     5.1373   3.390654    35.0134      26418 0.0000e+00
    691.000     5.1565   3.392353    35.0133      26442 0.0000e+00
    690.000     5.1596   3.392602    35.0136      26471 0.0000e+00
    689.000     5.1604   3.392648    35.0137      26501 0.0000e+00
    688.000     5.1566   3.392243    35.0135      26525 0.0000e+00
    687.000     5.1714   3.393637    35.0146      26548 0.0000e+00
    686.000     5.1863   3.394929    35.0145      26575 0.0000e+00
    685.000     5.1893   3.395176    35.0147      26607 0.0000e+00
    684.000     5.1875   3.394954    35.0145      26635 0.0000e+00
    683.000     5.1800   3.394284    35.0152      26659 0.0000e+00
    682.000     5.1944   3.395542    35.0151      26687 0.0000e+00
    681.000     5.1977   3.395783    35.0149      26720 0.0000e+00
    680.000     5.2000   3.396060    35.0163      26749 0.0000e+00
    679.000     5.1990   3.395899    35.0159      26771 0.0000e+00
    678.000     5.2225   3.397976    35.0159      26790 0.0000e+00
    677.000     5.2291   3.398535    35.0159      26812 0.0000e+00
    676.000     5.2247   3.398090    35.0158      26845 0.0000e+00
    675.000     5.2184   3.397536    35.0166      26889 0.0000e+00
    674.000     5.2354   3.398989    35.0161      26917 0.0000e+00
    673.000     5.2470   3.400204    35.0185      26938 0.0000e+00
    672.000     5.2759   3.402670    35.0172      26956 0.0000e+00
    671.000     5.2793   3.402988    35.0178      26976 0.0000e+00
    670.000     5.2827   3.403266    35.0179      27000 0.0000e+00
    669.000     5.2746   3.402501    35.0181      27041 0.0000e+00
    668.000     5.2743   3.402439    35.0182      27086 0.0000e+00
    667.000     5.2807   3.403006    35.0186      27106 0.0000e+00
    666.000     5.2933   3.404160    35.0192      27123 0.0000e+00
    665.000     5.2998   3.404682    35.0189      27140 0.0000e+00
    664.000     5.3064   3.405261    35.0192      27160 0.0000e+00
    663.000     5.3038   3.404983    35.0192      27196 0.0000e+00
    662.000     5.2985   3.404464    35.0193      27243 0.0000e+00
    661.000     5.3001   3.404571    35.0194      27271 0.0000e+00
    660.000     5.3046   3.404988    35.0200      27293 0.0000e+00
    659.000     5.3094   3.405339    35.0195      27311 0.0000e+00
    658.000     5.3101   3.405373    35.0196      27330 0.0000e+00
    657.000     5.3104   3.405374    35.0199      27354 0.0000e+00
    656.000     5.3094   3.405252    35.0200      27397 0.0000e+00
    655.000     5.3092   3.405186    35.0200      27436 0.0000e+00
    654.000     5.3096   3.405176    35.0200      27458 0.0000e+00
    653.000     5.3352   3.407611    35.0218      27477 0.0000e+00
    652.000     5.3460   3.408462    35.0208      27496 0.0000e+00
    651.000     5.3496   3.408766    35.0210      27519 0.0000e+00
    650.000     5.3471   3.408518    35.0213      27549 0.0000e+00
    649.000     5.3432   3.408138    35.0215      27586 0.0000e+00
    648.000     5.3419   3.407930    35.0210      27620 0.0000e+00
    647.000     5.3411   3.407881    35.0218      27646 0.0000e+00
    646.000     5.3586   3.409450    35.0220      27668 0.0000e+00
    645.000     5.3665   3.410127    35.0221      27692 0.0000e+00
    644.000     5.3726   3.410670    35.0224      27720 0.0000e+00
    643.000     5.3780   3.411117    35.0225      27748 0.0000e+00
    642.000     5.3774   3.411037    35.0227      27775 0.0000e+00
    641.000     5.3810   3.411356    35.0231      27801 0.0000e+00
    640.000     5.3877   3.411951    35.0235      27827 0.0000e+00
    639.000     5.3960   3.412646    35.0233      27856 0.0000e+00
    638.000     5.3976   3.412785    35.0237      27886 0.0000e+00
    637.000     5.3988   3.412816    35.0233      27913 0.0000e+00
    636.000     5.3946   3.412411    35.0236      27938 0.0000e+00
    635.000     5.3981   3.412699    35.0237      27963 0.0000e+00
    634.000     5.4017   3.412991    35.0239      27992 0.0000e+00
    633.000     5.4064   3.413391    35.0240      28023 0.0000e+00
    632.000     5.4090   3.413560    35.0238      28054 0.0000e+00
    631.000     5.4078   3.413477    35.0246      28079 0.0000e+00
    630.000     5.4206   3.414584    35.0244      28101 0.0000e+00
    629.000     5.4246   3.414887    35.0244      28122 0.0000e+00
    628.000     5.4249   3.414897    35.0246      28147 0.0000e+00
    627.000     5.4200   3.414425    35.0247      28184 0.0000e+00
    626.000     5.4203   3.414409    35.0248      28221 0.0000e+00
    625.000     5.4213   3.414446    35.0247      28245 0.0000e+00
    624.000     5.4299   3.415264    35.0256      28265 0.0000e+00
    623.000     5.4395   3.416069    35.0254      28286 0.0000e+00
    622.000     5.4414   3.416206    35.0255      28310 0.0000e+00
    621.000     5.4418   3.416207    35.0256      28341 0.0000e+00
    620.000     5.4413   3.416126    35.0256      28375 0.0000e+00
    619.000     5.4395   3.415902    35.0255      28407 0.0000e+00
    618.000     5.4385   3.415791    35.0258      28435 0.0000e+00
    617.000     5.4401   3.415888    35.0257      28458 0.0000e+00
    616.000     5.4405   3.415882    35.0258      28482 0.0000e+00
    615.000     5.4422   3.416008    35.0259      28507 0.0000e+00
    614.000     5.4431   3.416034    35.0258      28534 0.0000e+00
    613.000     5.4426   3.415959    35.0260      28563 0.0000e+00
    612.000     5.4419   3.415842    35.0259      28591 0.0000e+00
    611.000     5.4426   3.415871    35.0260      28618 0.0000e+00
    610.000     5.4472   3.416267    35.0263      28645 0.0000e+00
    609.000     5.4514   3.416608    35.0263      28674 0.0000e+00
    608.000     5.4524   3.416652    35.0262      28701 0.0000e+00
    607.000     5.4514   3.416522    35.0263      28725 0.0000e+00
    606.000     5.4559   3.416896    35.0265      28750 0.0000e+00
    605.000     5.4578   3.417050    35.0267      28780 0.0000e+00
    604.000     5.4533   3.416582    35.0265      28812 0.0000e+00
    603.000     5.4547   3.416697    35.0269      28842 0.0000e+00
    602.000     5.4574   3.416861    35.0266      28866 0.0000e+00
    601.000     5.4584   3.416915    35.0267      28887 0.0000e+00
    600.000     5.4592   3.416939    35.0266      28910 0.0000e+00
    599.000     5.4582   3.416817    35.0267      28938 0.0000e+00
    598.000     5.4596   3.416895    35.0267      28975 0.0000e+00
    597.000     5.4613   3.417055    35.0273      29007 0.0000e+00
    596.000     5.4734   3.418111    35.0272      29032 0.0000e+00
    595.000     5.5026   3.420855    35.0288      29055 0.0000e+00
    594.000     5.5220   3.422537    35.0283      29077 0.0000e+00
    593.000     5.5244   3.422720    35.0284      29099 0.0000e+00
    592.000     5.5263   3.422889    35.0289      29124 0.0000e+00
    591.000     5.5261   3.422841    35.0291      29160 0.0000e+00
    590.000     5.5260   3.422851    35.0298      29196 0.0000e+00
    589.000     5.5331   3.423336    35.0285      29221 0.0000e+00
    588.000     5.5429   3.424379    35.0307      29245 0.0000e+00
    587.000     5.5564   3.425482    35.0298      29270 0.0000e+00
    586.000     5.5558   3.425421    35.0302      29297 0.0000e+00
    585.000     5.5554   3.425357    35.0304      29325 0.0000e+00
    584.000     5.5585   3.425636    35.0308      29350 0.0000e+00
    583.000     5.5685   3.426510    35.0310      29376 0.0000e+00
    582.000     5.5746   3.427040    35.0311      29403 0.0000e+00
    581.000     5.5796   3.427473    35.0314      29432 0.0000e+00
    580.000     5.5765   3.427134    35.0313      29461 0.0000e+00
    579.000     5.5682   3.426315    35.0311      29487 0.0000e+00
    578.000     5.5851   3.427887    35.0320      29513 0.0000e+00
    577.000     5.5915   3.428429    35.0320      29539 0.0000e+00
    576.000     5.5920   3.428444    35.0322      29567 0.0000e+00
    575.000     5.5911   3.428314    35.0321      29596 0.0000e+00
    574.000     5.5959   3.428730    35.0324      29625 0.0000e+00
    573.000     5.5940   3.428529    35.0326      29653 0.0000e+00
    572.000     5.6007   3.429118    35.0329      29680 0.0000e+00
    571.000     5.6045   3.429432    35.0330      29704 0.0000e+00
    570.000     5.6076   3.429665    35.0329      29728 0.0000e+00
    569.000     5.6103   3.429871    35.0330      29753 0.0000e+00
    568.000     5.6132   3.430137    35.0335      29780 0.0000e+00
    567.000     5.6156   3.430296    35.0333      29808 0.0000e+00
    566.000     5.6069   3.429486    35.0336      29839 0.0000e+00
    565.000     5.6165   3.430372    35.0343      29870 0.0000e+00
    564.000     5.6198   3.430582    35.0337      29897 0.0000e+00
    563.000     5.6380   3.432251    35.0343      29923 0.0000e+00
    562.000     5.6545   3.433751    35.0348      29947 0.0000e+00
    561.000     5.6633   3.434492    35.0346      29972 0.0000e+00
    560.000     5.6629   3.434462    35.0353      30002 0.0000e+00
    559.000     5.6638   3.434420    35.0344      30032 0.0000e+00
    558.000     5.6649   3.434572    35.0354      30056 0.0000e+00
    557.000     5.6828   3.436213    35.0360      30079 0.0000e+00
    556.000     5.6917   3.436948    35.0357      30105 0.0000e+00
    555.000     5.6875   3.436515    35.0357      30137 0.0000e+00
    554.000     5.6645   3.434491    35.0370      30170 0.0000e+00
    553.000     5.6855   3.436350    35.0368      30195 0.0000e+00
    552.000     5.7045   3.438014    35.0366      30217 0.0000e+00
    551.000     5.7183   3.439276    35.0372      30238 0.0000e+00
    550.000     5.7177   3.439206    35.0374      30269 0.0000e+00
    549.000     5.7152   3.438990    35.0381      30309 0.0000e+00
    548.000     5.7428   3.441340    35.0367      30334 0.0000e+00
    547.000     5.7479   3.441957    35.0389      30353 0.0000e+00
    546.000     5.7615   3.443136    35.0387      30372 0.0000e+00
    545.000     5.7765   3.444496    35.0392      30397 0.0000e+00
    544.000     5.7635   3.443222    35.0387      30434 0.0000e+00
    543.000     5.7754   3.444319    35.0393      30467 0.0000e+00
    542.000     5.7721   3.443998    35.0396      30492 0.0000e+00
    541.000     5.7870   3.445342    35.0399      30514 0.0000e+00
    540.000     5.7900   3.445531    35.0394      30536 0.0000e+00
    539.000     5.7889   3.445387    35.0395      30558 0.0000e+00
    538.000     5.7883   3.445300    35.0396      30586 0.0000e+00
    537.000     5.7870   3.445138    35.0396      30619 0.0000e+00
    536.000     5.7859   3.445012    35.0398      30650 0.0000e+00
    535.000     5.7862   3.444993    35.0398      30676 0.0000e+00
    534.000     5.7907   3.445312    35.0393      30700 0.0000e+00
    533.000     5.7927   3.445465    35.0394      30723 0.0000e+00
    532.000     5.7960   3.445723    35.0395      30749 0.0000e+00
    531.000     5.8012   3.446171    35.0397      30779 0.0000e+00
    530.000     5.8019   3.446188    35.0397      30806 0.0000e+00
    529.000     5.8074   3.446669    35.0400      30830 0.0000e+00
    528.000     5.8154   3.447315    35.0395      30855 0.0000e+00
    527.000     5.8167   3.447391    35.0395      30885 0.0000e+00
    526.000     5.8170   3.447363    35.0395      30914 0.0000e+00
    525.000     5.8134   3.447043    35.0399      30938 0.0000e+00
    524.000     5.8297   3.448441    35.0395      30959 0.0000e+00
    523.000     5.8325   3.448638    35.0394      30982 0.0000e+00
    522.000     5.8273   3.448150    35.0397      31014 0.0000e+00
    521.000     5.8263   3.448047    35.0400      31053 0.0000e+00
    520.000     5.8351   3.448758    35.0395      31080 0.0000e+00
    519.000     5.8404   3.449286    35.0405      31102 0.0000e+00
    518.000     5.8586   3.450845    35.0398      31122 0.0000e+00
    517.000     5.8816   3.453012    35.0411      31142 0.0000e+00
    516.000     5.9046   3.455059    35.0410      31168 0.0000e+00
    515.000     5.9040   3.454979    35.0412      31205 0.0000e+00
    514.000     5.9010   3.454669    35.0413      31242 0.0000e+00
    513.000     5.9040   3.454878    35.0411      31265 0.0000e+00
    512.000     5.9260   3.457050    35.0434      31284 0.0000e+00
    511.000     5.9422   3.458383    35.0422      31301 0.0000e+00
    510.000     5.9435   3.458483    35.0425      31322 0.0000e+00
    509.000     5.9369   3.457850    35.0427      31357 0.0000e+00
    508.000     5.9326   3.457411    35.0428      31402 0.0000e+00
    507.000     5.9379   3.457892    35.0432      31428 0.0000e+00
    506.000     5.9486   3.458911    35.0442      31449 0.0000e+00
    505.000     5.9595   3.459815    35.0436      31468 0.0000e+00
    504.000     5.9572   3.459537    35.0433      31489 0.0000e+00
    503.000     5.9534   3.459168    35.0436      31515 0.0000e+00
    502.000     5.9538   3.459171    35.0438      31551 0.0000e+00
    501.000     5.9539   3.459164    35.0440      31585 0.0000e+00
    500.000     5.9538   3.459104    35.0440      31609 0.0000e+00
    499.000     5.9969   3.463293    35.0473      31629 0.0000e+00
    498.000     6.0239   3.465538    35.0453      31651 0.0000e+00
    497.000     6.0248   3.465609    35.0456      31678 0.0000e+00
