HB2302/ctd046.cnv
* Sea-Bird SBE 9 Data File:
* FileName = C:\cruise\data\ctd046.hex
* Software Version Seasave V 7.26.7.121
* Temperature SN = 6664
* Conductivity SN = 6035
* Number of Bytes Per Scan = 37
* Number of Voltage Words = 4
* Number of Scans Averaged by the Deck Unit = 1
* NMEA Latitude = 40 47.67 N
* NMEA Longitude = 069 50.95 W
* NMEA UTC (Time) = Jun 26 2023  01:00:22
* NMEA baud rate = 4800
** Ship: Bigelow HB2301
** Program:  Spring ECOMON
** Chief Scientist:Jerry Prezioso
# nquan = 6
# nvalues = 58                          
# units = specified
# name 0 = depSM: Depth [salt water, m]
# name 1 = t090C: Temperature [ITS-90, deg C]
# name 2 = c0S/m: Conductivity [S/m]
# name 3 = sal00: Salinity, Practical [PSU]
# name 4 = scan: Scan Count
# name 5 = flag: flag
# span 0 =      2.000,     31.000       
# span 1 =    12.3980,    14.7358       
# span 2 =   3.711140,   3.888691       
# span 3 =    31.5640,    31.8428       
# span 4 =         31,      10089       
# span 5 = 0.0000e+00, 0.0000e+00       
# interval = meters: 1                  
# start_time = Jun 26 2023 01:00:22 [NMEA time, header]
# bad_flag = -9.990e-29
*END*
      3.000    14.7358   3.888691    31.5640         31 0.0000e+00
      4.000    14.5520   3.875462    31.5931        462 0.0000e+00
      5.000    14.4772   3.869231    31.5970        520 0.0000e+00
      6.000    14.2885   3.853059    31.6033        566 0.0000e+00
      7.000    14.0598   3.832777    31.6045        593 0.0000e+00
      8.000    13.4672   3.785399    31.6550        631 0.0000e+00
      9.000    13.0837   3.757572    31.7139        686 0.0000e+00
     10.000    13.0128   3.752363    31.7238        720 0.0000e+00
     11.000    13.0015   3.751354    31.7234        747 0.0000e+00
     12.000    12.9949   3.750714    31.7225        781 0.0000e+00
     13.000    12.9854   3.749882    31.7222        832 0.0000e+00
     14.000    12.9767   3.749269    31.7233        871 0.0000e+00
     15.000    12.9629   3.748310    31.7255        900 0.0000e+00
     16.000    12.9491   3.747386    31.7279        927 0.0000e+00
     17.000    12.9303   3.746092    31.7311        964 0.0000e+00
     18.000    12.9059   3.744418    31.7354       1015 0.0000e+00
     19.000    12.8894   3.743325    31.7386       1048 0.0000e+00
     20.000    12.8588   3.741319    31.7449       1074 0.0000e+00
     21.000    12.8380   3.739919    31.7487       1106 0.0000e+00
     22.000    12.8088   3.737925    31.7541       1145 0.0000e+00
     23.000    12.7811   3.736095    31.7596       1182 0.0000e+00
     24.000    12.7402   3.733441    31.7685       1211 0.0000e+00
     25.000    12.7031   3.731077    31.7770       1242 0.0000e+00
     26.000    12.6494   3.727569    31.7886       1284 0.0000e+00
     27.000    12.6126   3.725239    31.7971       1326 0.0000e+00
     28.000    12.5176   3.719381    31.8213       1357 0.0000e+00
     29.000    12.4810   3.717051    31.8297       1384 0.0000e+00
     30.000    12.4511   3.715120    31.8363       1416 0.0000e+00
     31.000    12.3980   3.711140    31.8428       2566 0.0000e+00
     30.000    12.4222   3.712629    31.8370       3968 0.0000e+00
     29.000    12.4384   3.713653    31.8334       3756 0.0000e+00
     28.000    12.4908   3.716860    31.8199       3794 0.0000e+00
     27.000    12.5601   3.721191    31.8030       3850 0.0000e+00
     26.000    12.6275   3.725447    31.7869       3904 0.0000e+00
     25.000    12.6829   3.728986    31.7742       3945 0.0000e+00
     24.000    12.7426   3.732824    31.7606       3996 0.0000e+00
     23.000    12.7849   3.735594    31.7516       4040 0.0000e+00
     22.000    12.8122   3.737424    31.7464       4088 0.0000e+00
     21.000    12.8322   3.738777    31.7428       4146 0.0000e+00
     20.000    12.8543   3.740267    31.7387       4190 0.0000e+00
     19.000    12.8807   3.741993    31.7332       4231 0.0000e+00
     18.000    12.8997   3.743266    31.7298       4283 0.0000e+00
     17.000    12.9245   3.744926    31.7250       4354 0.0000e+00
     16.000    12.9452   3.746288    31.7208       4391 0.0000e+00
     15.000    12.9694   3.748082    31.7179       5644 0.0000e+00
     14.000    12.9778   3.748601    31.7161       6415 0.0000e+00
     13.000    12.9895   3.749345    31.7137       6591 0.0000e+00
     12.000    12.9945   3.749651    31.7129       6632 0.0000e+00
     11.000    12.9995   3.749958    31.7119       6679 0.0000e+00
     10.000    13.0060   3.750399    31.7111       6734 0.0000e+00
      9.000    13.0116   3.750782    31.7103       6797 0.0000e+00
      8.000    13.0625   3.754536    31.7035       6860 0.0000e+00
      7.000    13.2908   3.771256    31.6701       6894 0.0000e+00
      6.000    14.0475   3.830855    31.5974       7208 0.0000e+00
      5.000    13.7135   3.803917    31.6242       8935 0.0000e+00
      4.000    14.1147   3.836927    31.5986       9155 0.0000e+00
      3.000    14.2525   3.849122    31.5979       9243 0.0000e+00
      2.000    14.2560   3.850019    31.6036      10089 0.0000e+00
