HB2302/ctd009.cnv
* Sea-Bird SBE 9 Data File:
* FileName = C:\cruise\data\ctd009.hex
* Software Version Seasave V 7.26.7.121
* Temperature SN = 6664
* Conductivity SN = 6035
* Number of Bytes Per Scan = 37
* Number of Voltage Words = 4
* Number of Scans Averaged by the Deck Unit = 1
* NMEA Latitude = 35 59.55 N
* NMEA Longitude = 075 10.63 W
* NMEA UTC (Time) = Jun 12 2023  04:23:40
* NMEA baud rate = 4800
** Ship: Bigelow HB2301
** Program:  Spring ECOMON
** Chief Scientist:Jerry Prezioso
# nquan = 6
# nvalues = 57                          
# units = specified
# name 0 = depSM: Depth [salt water, m]
# name 1 = t090C: Temperature [ITS-90, deg C]
# name 2 = c0S/m: Conductivity [S/m]
# name 3 = sal00: Salinity, Practical [PSU]
# name 4 = scan: Scan Count
# name 5 = flag: flag
# span 0 =      3.000,     31.000       
# span 1 =    15.5903,    18.5604       
# span 2 =   4.156295,   4.295151       
# span 3 =    32.0516,    33.5093       
# span 4 =        228,       9055       
# span 5 = 0.0000e+00, 0.0000e+00       
# interval = meters: 1                  
# start_time = Jun 12 2023 04:23:40 [NMEA time, header]
# bad_flag = -9.990e-29
*END*
      3.000    18.4356   4.286773    32.0808        228 0.0000e+00
      4.000    18.4556   4.287902    32.0742        475 0.0000e+00
      5.000    18.0374   4.256875    32.1408        476 0.0000e+00
      6.000    17.4336   4.212424    32.2404        525 0.0000e+00
      7.000    17.7023   4.230957    32.1849        587 0.0000e+00
      8.000    17.4943   4.215486    32.2177        631 0.0000e+00
      9.000    17.1113   4.196282    32.3589        683 0.0000e+00
     10.000    16.4279   4.164105    32.6322        736 0.0000e+00
     11.000    16.4597   4.185659    32.7943        776 0.0000e+00
     12.000    16.1994   4.170376    32.8743        829 0.0000e+00
     13.000    16.0684   4.162202    32.9103        882 0.0000e+00
     14.000    16.0226   4.164756    32.9705        941 0.0000e+00
     15.000    16.1434   4.193600    33.1243        980 0.0000e+00
     16.000    15.9811   4.184412    33.1782       1035 0.0000e+00
     17.000    15.8121   4.167947    33.1735       1084 0.0000e+00
     18.000    15.7649   4.163229    33.1707       1128 0.0000e+00
     19.000    15.7335   4.160101    33.1689       1190 0.0000e+00
     20.000    15.6995   4.157047    33.1698       1238 0.0000e+00
     21.000    15.6951   4.157551    33.1777       1287 0.0000e+00
     22.000    15.7126   4.160232    33.1864       1333 0.0000e+00
     23.000    15.7277   4.162438    33.1930       1389 0.0000e+00
     24.000    15.7320   4.163840    33.2015       1435 0.0000e+00
     25.000    15.7071   4.165883    33.2403       1486 0.0000e+00
     26.000    15.6613   4.164192    33.2634       1547 0.0000e+00
     27.000    15.6125   4.159894    33.2658       1588 0.0000e+00
     28.000    15.6035   4.166624    33.3332       1635 0.0000e+00
     29.000    15.6011   4.176271    33.4210       1687 0.0000e+00
     30.000    15.6260   4.182056    33.4512       1740 0.0000e+00
     31.000    15.6874   4.194435    33.5093       3754 0.0000e+00
     30.000    15.6625   4.188642    33.4791       5677 0.0000e+00
     29.000    15.6427   4.184885    33.4627       4932 0.0000e+00
     28.000    15.6228   4.180621    33.4419       4985 0.0000e+00
     27.000    15.6013   4.175970    33.4190       5050 0.0000e+00
     26.000    15.5947   4.174259    33.4096       5101 0.0000e+00
     25.000    15.5903   4.172657    33.3995       5183 0.0000e+00
     24.000    15.5943   4.163759    33.3169       5216 0.0000e+00
     23.000    15.6252   4.162044    33.2758       5275 0.0000e+00
     22.000    15.7101   4.165198    33.2328       5362 0.0000e+00
     21.000    15.7217   4.161889    33.1940       5407 0.0000e+00
     20.000    15.6941   4.156295    33.1677       5484 0.0000e+00
     19.000    15.7256   4.158921    33.1650       5552 0.0000e+00
     18.000    15.7636   4.162563    33.1659       5609 0.0000e+00
     17.000    15.9361   4.179729    33.1741       5687 0.0000e+00
     16.000    16.2212   4.203227    33.1440       6326 0.0000e+00
     15.000    16.0592   4.175127    33.0313       6986 0.0000e+00
     14.000    16.0906   4.165432    32.9200       7092 0.0000e+00
     13.000    16.1370   4.164944    32.8777       7175 0.0000e+00
     12.000    16.4746   4.193549    32.8508       7226 0.0000e+00
     11.000    16.4662   4.172159    32.6709       7307 0.0000e+00
     10.000    16.6102   4.172096    32.5533       7380 0.0000e+00
      9.000    16.8877   4.184673    32.4381       7456 0.0000e+00
      8.000    17.4937   4.210767    32.1774       8030 0.0000e+00
      7.000    18.0207   4.254033    32.1292       8347 0.0000e+00
      6.000    18.3257   4.277218    32.0855       8428 0.0000e+00
      5.000    18.5604   4.295000    32.0516       8507 0.0000e+00
      4.000    18.5051   4.291177    32.0631       8594 0.0000e+00
      3.000    18.5532   4.295151    32.0591       9055 0.0000e+00
