HB2302/ctd043.cnv
* Sea-Bird SBE 9 Data File:
* FileName = C:\cruise\data\ctd043.hex
* Software Version Seasave V 7.26.7.121
* Temperature SN = 6664
* Conductivity SN = 6035
* Number of Bytes Per Scan = 37
* Number of Voltage Words = 4
* Number of Scans Averaged by the Deck Unit = 1
* NMEA Latitude = 39 31.68 N
* NMEA Longitude = 069 25.89 W
* NMEA UTC (Time) = Jun 25 2023  12:21:09
* NMEA baud rate = 4800
** Ship: Bigelow HB2301
** Program:  Spring ECOMON
** Chief Scientist:Jerry Prezioso
# nquan = 6
# nvalues = 1984                        
# units = specified
# name 0 = depSM: Depth [salt water, m]
# name 1 = t090C: Temperature [ITS-90, deg C]
# name 2 = c0S/m: Conductivity [S/m]
# name 3 = sal00: Salinity, Practical [PSU]
# name 4 = scan: Scan Count
# name 5 = flag: flag
# span 0 =      1.000,    993.000       
# span 1 =     4.7883,    23.6727       
# span 2 =   3.372263,   5.322017       
# span 3 =    35.0149,    36.7160       
# span 4 =        -69,      76626       
# span 5 = 0.0000e+00, 0.0000e+00       
# interval = meters: 1                  
# start_time = Jun 25 2023 12:21:09 [NMEA time, header]
# bad_flag = -9.990e-29
*END*
[from data line 717]
    719.000     6.0604   3.480052    35.0598      21517 0.0000e+00
    720.000     6.0602   3.480072    35.0598      21538 0.0000e+00
    721.000     6.0578   3.479909    35.0599      21563 0.0000e+00
    722.000     6.0538   3.479570    35.0597      21619 0.0000e+00
    723.000     6.0478   3.479056    35.0596      21666 0.0000e+00
    724.000     6.0396   3.478312    35.0592      21687 0.0000e+00
    725.000     6.0304   3.477483    35.0589      21707 0.0000e+00
    726.000     6.0178   3.476331    35.0583      21730 0.0000e+00
    727.000     5.9918   3.473882    35.0571      21758 0.0000e+00
    728.000     5.9824   3.473021    35.0565      21791 0.0000e+00
    729.000     5.9577   3.470686    35.0552      21837 0.0000e+00
    730.000     5.9451   3.469571    35.0551      21880 0.0000e+00
    731.000     5.9429   3.469403    35.0550      21906 0.0000e+00
    732.000     5.9429   3.469460    35.0551      21926 0.0000e+00
    733.000     5.9295   3.468286    35.0552      21947 0.0000e+00
    734.000     5.9185   3.467348    35.0554      21983 0.0000e+00
    735.000     5.9171   3.467270    35.0555      22047 0.0000e+00
    736.000     5.9166   3.467332    35.0563      22074 0.0000e+00
    737.000     5.9181   3.467687    35.0582      22095 0.0000e+00
    738.000     5.9192   3.467860    35.0585      22113 0.0000e+00
    739.000     5.9196   3.467958    35.0587      22132 0.0000e+00
    740.000     5.9194   3.467969    35.0586      22174 0.0000e+00
    741.000     5.9208   3.468179    35.0590      22235 0.0000e+00
    742.000     5.9232   3.468522    35.0598      22268 0.0000e+00
    743.000     5.9206   3.468366    35.0603      22293 0.0000e+00
    744.000     5.9165   3.468188    35.0620      22316 0.0000e+00
    745.000     5.8953   3.466248    35.0614      22340 0.0000e+00
    746.000     5.8654   3.463568    35.0616      22369 0.0000e+00
    747.000     5.8381   3.461018    35.0605      22408 0.0000e+00
    748.000     5.8251   3.459852    35.0602      22449 0.0000e+00
    749.000     5.8231   3.459696    35.0600      22489 0.0000e+00
    750.000     5.8207   3.459518    35.0600      22518 0.0000e+00
    751.000     5.8197   3.459457    35.0597      22540 0.0000e+00
    752.000     5.8192   3.459454    35.0597      22559 0.0000e+00
    753.000     5.8125   3.458813    35.0589      22598 0.0000e+00
    754.000     5.8033   3.457923    35.0579      22663 0.0000e+00
    755.000     5.8000   3.457658    35.0578      22686 0.0000e+00
    756.000     5.7944   3.457170    35.0576      22706 0.0000e+00
    757.000     5.7843   3.456242    35.0570      22729 0.0000e+00
    758.000     5.7801   3.455880    35.0567      22762 0.0000e+00
    759.000     5.7758   3.455487    35.0563      22801 0.0000e+00
    760.000     5.7722   3.455158    35.0557      22838 0.0000e+00
    761.000     5.7530   3.453330    35.0543      22876 0.0000e+00
    762.000     5.7361   3.451831    35.0543      22906 0.0000e+00
    763.000     5.7284   3.451115    35.0537      22930 0.0000e+00
    764.000     5.7241   3.450733    35.0533      22956 0.0000e+00
    765.000     5.7229   3.450626    35.0529      22990 0.0000e+00
    766.000     5.7249   3.450840    35.0528      23039 0.0000e+00
    767.000     5.7224   3.450646    35.0526      23076 0.0000e+00
    768.000     5.7183   3.450266    35.0520      23103 0.0000e+00
    769.000     5.7171   3.450197    35.0520      23128 0.0000e+00
    770.000     5.7114   3.449700    35.0517      23152 0.0000e+00
    771.000     5.7061   3.449259    35.0517      23183 0.0000e+00
    772.000     5.7005   3.448779    35.0516      23233 0.0000e+00
    773.000     5.6954   3.448373    35.0518      23273 0.0000e+00
    774.000     5.6890   3.447898    35.0525      23297 0.0000e+00
    775.000     5.6837   3.447503    35.0530      23322 0.0000e+00
    776.000     5.6804   3.447258    35.0531      23357 0.0000e+00
    777.000     5.6794   3.447197    35.0530      23397 0.0000e+00
    778.000     5.6787   3.447173    35.0529      23426 0.0000e+00
    779.000     5.6781   3.447175    35.0531      23451 0.0000e+00
    780.000     5.6769   3.447190    35.0539      23483 0.0000e+00
    781.000     5.6751   3.447121    35.0546      23524 0.0000e+00
    782.000     5.6645   3.446202    35.0546      23563 0.0000e+00
    783.000     5.6570   3.445583    35.0547      23590 0.0000e+00
    784.000     5.6475   3.444748    35.0546      23615 0.0000e+00
    785.000     5.6373   3.443831    35.0543      23650 0.0000e+00
    786.000     5.6275   3.442935    35.0538      23688 0.0000e+00
    787.000     5.6246   3.442695    35.0536      23719 0.0000e+00
    788.000     5.6221   3.442495    35.0533      23747 0.0000e+00
    789.000     5.6175   3.442077    35.0529      23775 0.0000e+00
    790.000     5.6133   3.441707    35.0525      23812 0.0000e+00
    791.000     5.6060   3.441034    35.0520      23855 0.0000e+00
    792.000     5.5999   3.440494    35.0516      23891 0.0000e+00
    793.000     5.5951   3.440060    35.0511      23919 0.0000e+00
    794.000     5.5860   3.439195    35.0502      23943 0.0000e+00
    795.000     5.5798   3.438655    35.0500      23968 0.0000e+00
    796.000     5.5749   3.438202    35.0495      23994 0.0000e+00
    797.000     5.5689   3.437658    35.0490      24031 0.0000e+00
    798.000     5.5601   3.436817    35.0480      24096 0.0000e+00
    799.000     5.5558   3.436455    35.0479      24128 0.0000e+00
    800.000     5.5453   3.435457    35.0469      24148 0.0000e+00
    801.000     5.5151   3.432637    35.0455      24166 0.0000e+00
    802.000     5.4896   3.430258    35.0444      24184 0.0000e+00
    803.000     5.4717   3.428583    35.0434      24234 0.0000e+00
    804.000     5.4665   3.428162    35.0435      24300 0.0000e+00
    805.000     5.4641   3.428038    35.0441      24318 0.0000e+00
    806.000     5.4633   3.428028    35.0443      24336 0.0000e+00
    807.000     5.4626   3.428035    35.0446      24355 0.0000e+00
    808.000     5.4614   3.427949    35.0443      24381 0.0000e+00
    809.000     5.4596   3.427833    35.0444      24433 0.0000e+00
    810.000     5.4588   3.427799    35.0443      24481 0.0000e+00
    811.000     5.4574   3.427728    35.0445      24506 0.0000e+00
    812.000     5.4526   3.427324    35.0443      24529 0.0000e+00
    813.000     5.4470   3.426920    35.0450      24554 0.0000e+00
    814.000     5.4472   3.427046    35.0458      24588 0.0000e+00
    815.000     5.4457   3.426955    35.0458      24632 0.0000e+00
    816.000     5.4443   3.426888    35.0460      24666 0.0000e+00
    817.000     5.4425   3.426764    35.0459      24689 0.0000e+00
    818.000     5.4386   3.426443    35.0458      24711 0.0000e+00
    819.000     5.4354   3.426161    35.0453      24745 0.0000e+00
    820.000     5.4311   3.425774    35.0449      24794 0.0000e+00
    821.000     5.4207   3.424817    35.0443      24827 0.0000e+00
    822.000     5.4121   3.424075    35.0442      24852 0.0000e+00
    823.000     5.4108   3.424108    35.0455      24874 0.0000e+00
    824.000     5.4108   3.424150    35.0455      24905 0.0000e+00
    825.000     5.4119   3.424304    35.0456      24961 0.0000e+00
    826.000     5.4131   3.424489    35.0459      24992 0.0000e+00
    827.000     5.4135   3.424582    35.0461      25013 0.0000e+00
    828.000     5.4130   3.424569    35.0459      25036 0.0000e+00
    829.000     5.4139   3.424721    35.0462      25064 0.0000e+00
    830.000     5.4147   3.424859    35.0465      25100 0.0000e+00
    831.000     5.4167   3.425167    35.0475      25142 0.0000e+00
    832.000     5.4181   3.425406    35.0482      25181 0.0000e+00
    833.000     5.4171   3.425416    35.0488      25214 0.0000e+00
    834.000     5.4110   3.424948    35.0493      25240 0.0000e+00
    835.000     5.4011   3.424148    35.0500      25263 0.0000e+00
    836.000     5.3921   3.423398    35.0502      25297 0.0000e+00
    837.000     5.3865   3.422924    35.0501      25349 0.0000e+00
    838.000     5.3820   3.422560    35.0502      25377 0.0000e+00
    839.000     5.3781   3.422274    35.0504      25399 0.0000e+00
    840.000     5.3720   3.421749    35.0503      25421 0.0000e+00
    841.000     5.3685   3.421463    35.0501      25451 0.0000e+00
    842.000     5.3676   3.421417    35.0500      25494 0.0000e+00
    843.000     5.3656   3.421252    35.0497      25537 0.0000e+00
    844.000     5.3576   3.420519    35.0491      25570 0.0000e+00
    845.000     5.3387   3.418750    35.0481      25595 0.0000e+00
    846.000     5.3254   3.417508    35.0472      25622 0.0000e+00
    847.000     5.3193   3.416922    35.0463      25652 0.0000e+00
    848.000     5.3049   3.415495    35.0445      25686 0.0000e+00
    849.000     5.2951   3.414563    35.0435      25726 0.0000e+00
    850.000     5.2848   3.413581    35.0425      25760 0.0000e+00
    851.000     5.2775   3.412903    35.0418      25785 0.0000e+00
    852.000     5.2518   3.410398    35.0394      25810 0.0000e+00
    853.000     5.2426   3.409519    35.0383      25849 0.0000e+00
    854.000     5.2414   3.409406    35.0378      25897 0.0000e+00
    855.000     5.2403   3.409324    35.0374      25931 0.0000e+00
    856.000     5.2370   3.409027    35.0369      25955 0.0000e+00
    857.000     5.2330   3.408643    35.0362      25977 0.0000e+00
    858.000     5.2285   3.408222    35.0357      26002 0.0000e+00
    859.000     5.2234   3.407741    35.0349      26046 0.0000e+00
    860.000     5.2155   3.407010    35.0342      26091 0.0000e+00
    861.000     5.2082   3.406329    35.0336      26120 0.0000e+00
    862.000     5.1933   3.404943    35.0326      26150 0.0000e+00
    863.000     5.1875   3.404404    35.0320      26187 0.0000e+00
    864.000     5.1823   3.403941    35.0316      26221 0.0000e+00
    865.000     5.1809   3.403838    35.0313      26252 0.0000e+00
    866.000     5.1783   3.403626    35.0311      26281 0.0000e+00
    867.000     5.1709   3.403015    35.0313      26310 0.0000e+00
    868.000     5.1695   3.402927    35.0312      26340 0.0000e+00
    869.000     5.1678   3.402821    35.0312      26381 0.0000e+00
    870.000     5.1678   3.402858    35.0312      26422 0.0000e+00
    871.000     5.1655   3.402691    35.0312      26452 0.0000e+00
    872.000     5.1607   3.402292    35.0311      26485 0.0000e+00
    873.000     5.1549   3.401811    35.0311      26520 0.0000e+00
    874.000     5.1512   3.401496    35.0308      26550 0.0000e+00
    875.000     5.1468   3.401114    35.0306      26577 0.0000e+00
    876.000     5.1420   3.400680    35.0300      26604 0.0000e+00
    877.000     5.1378   3.400287    35.0293      26640 0.0000e+00
    878.000     5.1313   3.399725    35.0292      26679 0.0000e+00
    879.000     5.1204   3.398722    35.0285      26713 0.0000e+00
    880.000     5.1175   3.398478    35.0283      26744 0.0000e+00
    881.000     5.1092   3.397705    35.0275      26775 0.0000e+00
    882.000     5.1042   3.397265    35.0272      26810 0.0000e+00
    883.000     5.1020   3.397088    35.0269      26848 0.0000e+00
    884.000     5.1008   3.396985    35.0265      26876 0.0000e+00
    885.000     5.0996   3.396911    35.0264      26900 0.0000e+00
    886.000     5.0973   3.396735    35.0262      26930 0.0000e+00
    887.000     5.0951   3.396534    35.0257      26975 0.0000e+00
    888.000     5.0930   3.396378    35.0256      27012 0.0000e+00
    889.000     5.0895   3.396063    35.0252      27038 0.0000e+00
    890.000     5.0858   3.395736    35.0247      27068 0.0000e+00
    891.000     5.0817   3.395371    35.0243      27110 0.0000e+00
    892.000     5.0768   3.394917    35.0236      27149 0.0000e+00
    893.000     5.0702   3.394313    35.0230      27173 0.0000e+00
    894.000     5.0489   3.392359    35.0223      27195 0.0000e+00
    895.000     5.0394   3.391489    35.0216      27232 0.0000e+00
    896.000     5.0348   3.391044    35.0209      27284 0.0000e+00
    897.000     5.0276   3.390374    35.0202      27311 0.0000e+00
    898.000     5.0146   3.389208    35.0198      27336 0.0000e+00
    899.000     5.0061   3.388453    35.0194      27368 0.0000e+00
    900.000     5.0013   3.388048    35.0193      27409 0.0000e+00
    901.000     4.9999   3.387945    35.0191      27442 0.0000e+00
    902.000     5.0015   3.388183    35.0196      27475 0.0000e+00
    903.000     5.0106   3.389257    35.0219      27504 0.0000e+00
    904.000     5.0114   3.389384    35.0221      27529 0.0000e+00
    905.000     5.0105   3.389350    35.0221      27555 0.0000e+00
    906.000     5.0084   3.389187    35.0219      27600 0.0000e+00
    907.000     5.0019   3.388548    35.0209      27656 0.0000e+00
    908.000     4.9881   3.387257    35.0199      27677 0.0000e+00
    909.000     4.9780   3.386334    35.0192      27696 0.0000e+00
    910.000     4.9751   3.386058    35.0186      27725 0.0000e+00
    911.000     4.9735   3.385916    35.0181      27776 0.0000e+00
    912.000     4.9704   3.385639    35.0177      27805 0.0000e+00
    913.000     4.9683   3.385480    35.0175      27831 0.0000e+00
    914.000     4.9673   3.385452    35.0177      27868 0.0000e+00
    915.000     4.9672   3.385509    35.0180      27909 0.0000e+00
    916.000     4.9772   3.386636    35.0201      27935 0.0000e+00
    917.000     4.9884   3.387884    35.0222      27958 0.0000e+00
    918.000     5.0016   3.389349    35.0248      27995 0.0000e+00
    919.000     5.0116   3.390462    35.0267      28046 0.0000e+00
    920.000     5.0146   3.390878    35.0279      28078 0.0000e+00
    921.000     5.0115   3.390674    35.0283      28105 0.0000e+00
    922.000     5.0089   3.390477    35.0281      28135 0.0000e+00
    923.000     5.0081   3.390469    35.0284      28166 0.0000e+00
    924.000     5.0061   3.390341    35.0285      28196 0.0000e+00
    925.000     5.0045   3.390252    35.0286      28233 0.0000e+00
    926.000     5.0024   3.390099    35.0286      28276 0.0000e+00
    927.000     5.0007   3.390004    35.0287      28308 0.0000e+00
    928.000     4.9974   3.389754    35.0288      28337 0.0000e+00
    929.000     4.9947   3.389565    35.0290      28368 0.0000e+00
    930.000     4.9923   3.389394    35.0289      28402 0.0000e+00
    931.000     4.9917   3.389369    35.0288      28431 0.0000e+00
    932.000     4.9861   3.388883    35.0285      28459 0.0000e+00
    933.000     4.9833   3.388666    35.0284      28498 0.0000e+00
    934.000     4.9823   3.388641    35.0287      28541 0.0000e+00
    935.000     4.9812   3.388584    35.0287      28571 0.0000e+00
    936.000     4.9802   3.388546    35.0288      28596 0.0000e+00
    937.000     4.9795   3.388528    35.0288      28637 0.0000e+00
    938.000     4.9758   3.388199    35.0284      28686 0.0000e+00
    939.000     4.9683   3.387544    35.0281      28710 0.0000e+00
    940.000     4.9649   3.387297    35.0283      28729 0.0000e+00
    941.000     4.9615   3.387025    35.0283      28749 0.0000e+00
    942.000     4.9526   3.386234    35.0279      28802 0.0000e+00
    943.000     4.9477   3.385808    35.0276      28864 0.0000e+00
    944.000     4.9466   3.385745    35.0275      28888 0.0000e+00
    945.000     4.9461   3.385754    35.0277      28908 0.0000e+00
    946.000     4.9459   3.385775    35.0276      28929 0.0000e+00
    947.000     4.9450   3.385731    35.0275      28971 0.0000e+00
    948.000     4.9433   3.385615    35.0275      29028 0.0000e+00
    949.000     4.9408   3.385443    35.0276      29059 0.0000e+00
    950.000     4.9372   3.385145    35.0273      29087 0.0000e+00
    951.000     4.9286   3.384355    35.0267      29112 0.0000e+00
    952.000     4.9239   3.383963    35.0266      29136 0.0000e+00
    953.000     4.9195   3.383588    35.0263      29163 0.0000e+00
    954.000     4.9169   3.383366    35.0260      29219 0.0000e+00
    955.000     4.9128   3.383006    35.0257      29275 0.0000e+00
    956.000     4.9123   3.383012    35.0257      29300 0.0000e+00
