HB2302/sbe080.cnv
* Sea-Bird SBE 19plus V2 Data File:
* FileName = C:\cruise\data\sbe080.hex
* Software Version Seasave V 7.26.7.121
* Temperature SN = 4758
* Conductivity SN = 4758
* System UpLoad Time = Jun 16 2023 04:50:41
* NMEA Latitude = 40 18.74 N
* NMEA Longitude = 067 59.68 W
* NMEA UTC (Time) = Jun 16 2023 04:50:41
** Cruise: HB2302
** Program: Ecomon
** Chief Scientist: Jerry Prezioso
# nquan = 7
# nvalues = 6361                                  
# units = specified
# name 0 = depSM: Depth [salt water, m]
# name 1 = tv290C: Temperature [ITS-90, deg C]
# name 2 = c0S/m: Conductivity [S/m]
# name 3 = sal00: Salinity, Practical [PSU]
# name 4 = scan: Scan Count
# name 5 = timeM: Time, Elapsed [minutes]
# name 6 = flag:  0.000e+00
# span 0 =     -0.158,    199.868                 
# span 1 =     7.5245,    15.2358                 
# span 2 =   0.003474,   4.009995                 
# span 3 =     0.0240,    35.3335                 
# span 4 =         11,       6371                 
# span 5 =     0.0417,    26.5417                 
# span 6 = 0.0000e+00, 0.0000e+00                 
# interval = seconds: 0.25
# start_time = Jun 16 2023 04:50:41 [NMEA time, header]
# bad_flag = -9.990e-29
*END*
[from data line 1436]
    160.953    10.8536   3.885973    34.8856       1447     6.0250  0.000e+00
    161.037    10.8533   3.885927    34.8853       1448     6.0292  0.000e+00
    161.119    10.8526   3.885762    34.8843       1449     6.0333  0.000e+00
    161.191    10.8521   3.886045    34.8876       1450     6.0375  0.000e+00
    161.263    10.8527   3.886052    34.8870       1451     6.0417  0.000e+00
    161.339    10.8532   3.886348    34.8895       1452     6.0458  0.000e+00
    161.408    10.8540   3.886322    34.8885       1453     6.0500  0.000e+00
    161.487    10.8553   3.887251    34.8965       1454     6.0542  0.000e+00
    161.550    10.8586   3.888252    34.9033       1455     6.0583  0.000e+00
    161.625    10.8637   3.888601    34.9019       1456     6.0625  0.000e+00
    161.695    10.8683   3.888469    34.8962       1457     6.0667  0.000e+00
    161.770    10.8706   3.887672    34.8860       1458     6.0708  0.000e+00
    161.830    10.8689   3.886717    34.8780       1459     6.0750  0.000e+00
    161.896    10.8649   3.888206    34.8967       1460     6.0792  0.000e+00
    161.948    10.8661   3.888298    34.8965       1461     6.0833  0.000e+00
    162.002    10.8683   3.888068    34.8920       1462     6.0875  0.000e+00
    162.044    10.8688   3.888252    34.8934       1463     6.0917  0.000e+00
    162.098    10.8695   3.888740    34.8976       1464     6.0958  0.000e+00
    162.141    10.8713   3.888601    34.8944       1465     6.1000  0.000e+00
    162.195    10.8722   3.888832    34.8959       1466     6.1042  0.000e+00
    162.234    10.8736   3.888601    34.8923       1467     6.1083  0.000e+00
    162.285    10.8736   3.889135    34.8976       1468     6.1125  0.000e+00
    162.316    10.8750   3.888950    34.8944       1469     6.1167  0.000e+00
    162.355    10.8755   3.888252    34.8869       1470     6.1208  0.000e+00
    162.394    10.8732   3.887949    34.8860       1471     6.1250  0.000e+00
    162.430    10.8708   3.887765    34.8864       1472     6.1292  0.000e+00
    162.466    10.8686   3.887488    34.8857       1473     6.1333  0.000e+00
    162.509    10.8669   3.888088    34.8933       1474     6.1375  0.000e+00
    162.539    10.8673   3.888325    34.8953       1475     6.1417  0.000e+00
    162.581    10.8686   3.888008    34.8909       1476     6.1458  0.000e+00
    162.620    10.8691   3.888371    34.8940       1477     6.1500  0.000e+00
    162.671    10.8699   3.888391    34.8934       1478     6.1542  0.000e+00
    162.726    10.8708   3.888766    34.8963       1479     6.1583  0.000e+00
    162.789    10.8723   3.888720    34.8944       1480     6.1625  0.000e+00
    162.858    10.8732   3.888252    34.8889       1481     6.1667  0.000e+00
    162.931    10.8719   3.888081    34.8883       1482     6.1708  0.000e+00
    163.015    10.8703   3.887837    34.8874       1483     6.1750  0.000e+00
    163.090    10.8688   3.887995    34.8904       1484     6.1792  0.000e+00
    163.175    10.8683   3.888187    34.8927       1485     6.1833  0.000e+00
    163.250    10.8688   3.888068    34.8910       1486     6.1875  0.000e+00
    163.316    10.8689   3.887857    34.8888       1487     6.1917  0.000e+00
    163.398    10.8684   3.887469    34.8854       1488     6.1958  0.000e+00
    163.458    10.8663   3.887673    34.8893       1489     6.2000  0.000e+00
    163.515    10.8659   3.888160    34.8946       1490     6.2042  0.000e+00
    163.564    10.8673   3.888417    34.8958       1491     6.2083  0.000e+00
    163.600    10.8692   3.888253    34.8923       1492     6.2125  0.000e+00
    163.633    10.8698   3.888437    34.8936       1493     6.2167  0.000e+00
    163.660    10.8703   3.888694    34.8956       1494     6.2208  0.000e+00
    163.678    10.8717   3.888628    34.8937       1495     6.2250  0.000e+00
    163.714    10.8725   3.889089    34.8975       1496     6.2292  0.000e+00
    163.738    10.8744   3.889346    34.8983       1497     6.2333  0.000e+00
    163.781    10.8763   3.889465    34.8976       1498     6.2375  0.000e+00
    163.823    10.8778   3.889577    34.8973       1499     6.2417  0.000e+00
    163.859    10.8792   3.889570    34.8959       1500     6.2458  0.000e+00
    163.904    10.8796   3.889346    34.8932       1501     6.2500  0.000e+00
    163.949    10.8792   3.889116    34.8913       1502     6.2542  0.000e+00
    163.992    10.8781   3.888931    34.8905       1503     6.2583  0.000e+00
    164.040    10.8765   3.888160    34.8842       1504     6.2625  0.000e+00
    164.100    10.8733   3.887838    34.8840       1505     6.2667  0.000e+00
    164.154    10.8702   3.888279    34.8914       1506     6.2708  0.000e+00
    164.197    10.8699   3.888154    34.8904       1507     6.2750  0.000e+00
    164.257    10.8693   3.887390    34.8833       1508     6.2792  0.000e+00
    164.317    10.8665   3.886995    34.8819       1509     6.2833  0.000e+00
    164.365    10.8636   3.886929    34.8840       1510     6.2875  0.000e+00
    164.423    10.8614   3.887278    34.8896       1511     6.2917  0.000e+00
    164.477    10.8615   3.887159    34.8883       1512     6.2958  0.000e+00
    164.525    10.8614   3.886712    34.8839       1513     6.3000  0.000e+00
    164.567    10.8601   3.886646    34.8844       1514     6.3042  0.000e+00
    164.601    10.8588   3.886646    34.8856       1515     6.3083  0.000e+00
    164.637    10.8578   3.886066    34.8808       1516     6.3125  0.000e+00
    164.667    10.8557   3.886139    34.8835       1517     6.3167  0.000e+00
    164.694    10.8544   3.886205    34.8854       1518     6.3208  0.000e+00
    164.724    10.8545   3.888714    34.9104       1519     6.3250  0.000e+00
    164.754    10.8626   3.892424    34.9398       1520     6.3292  0.000e+00
    164.793    10.8801   3.891956    34.9185       1521     6.3333  0.000e+00
    164.845    10.8902   3.889373    34.8830       1522     6.3375  0.000e+00
    164.899    10.8863   3.889373    34.8866       1523     6.3417  0.000e+00
    164.956    10.8821   3.888721    34.8841       1524     6.3458  0.000e+00
    165.026    10.8783   3.888523    34.8857       1525     6.3500  0.000e+00
    165.095    10.8762   3.891976    34.9223       1526     6.3542  0.000e+00
    165.176    10.8848   3.892839    34.9227       1527     6.3583  0.000e+00
    165.261    10.8946   3.894171    34.9266       1528     6.3625  0.000e+00
    165.333    10.9048   3.896689    34.9421       1529     6.3667  0.000e+00
    165.390    10.9184   3.897250    34.9347       1530     6.3708  0.000e+00
    165.460    10.9289   3.897368    34.9258       1531     6.3750  0.000e+00
    165.508    10.9352   3.897599    34.9222       1532     6.3792  0.000e+00
    165.547    10.9388   3.897671    34.9194       1533     6.3833  0.000e+00
    165.586    10.9413   3.898417    34.9245       1534     6.3875  0.000e+00
    165.607    10.9444   3.898601    34.9233       1535     6.3917  0.000e+00
    165.626    10.9476   3.899604    34.9304       1536     6.3958  0.000e+00
    165.644    10.9520   3.899538    34.9254       1537     6.4000  0.000e+00
    165.641    10.9552   3.899373    34.9208       1538     6.4042  0.000e+00
    165.635    10.9558   3.899142    34.9179       1539     6.4083  0.000e+00
    165.629    10.9554   3.899419    34.9210       1540     6.4125  0.000e+00
    165.620    10.9558   3.899907    34.9256       1541     6.4167  0.000e+00
    165.620    10.9577   3.900309    34.9277       1542     6.4208  0.000e+00
    165.610    10.9603   3.900890    34.9311       1543     6.4250  0.000e+00
    165.610    10.9636   3.901147    34.9306       1544     6.4292  0.000e+00
    165.620    10.9670   3.901569    34.9315       1545     6.4333  0.000e+00
    165.641    10.9699   3.902064    34.9337       1546     6.4375  0.000e+00
    165.665    10.9730   3.901754    34.9277       1547     6.4417  0.000e+00
    165.704    10.9739   3.901121    34.9204       1548     6.4458  0.000e+00
    165.749    10.9720   3.900210    34.9131       1549     6.4500  0.000e+00
    165.806    10.9680   3.901477    34.9296       1550     6.4542  0.000e+00
    165.867    10.9687   3.901543    34.9295       1551     6.4583  0.000e+00
    165.933    10.9704   3.900725    34.9197       1552     6.4625  0.000e+00
    165.996    10.9692   3.900659    34.9201       1553     6.4667  0.000e+00
    166.069    10.9675   3.900342    34.9185       1554     6.4708  0.000e+00
    166.123    10.9655   3.900211    34.9191       1555     6.4750  0.000e+00
    166.186    10.9643   3.900936    34.9275       1556     6.4792  0.000e+00
    166.253    10.9653   3.900963    34.9268       1557     6.4833  0.000e+00
    166.307    10.9672   3.901800    34.9333       1558     6.4875  0.000e+00
    166.361    10.9701   3.902572    34.9383       1559     6.4917  0.000e+00
    166.409    10.9745   3.903160    34.9399       1560     6.4958  0.000e+00
    166.458    10.9793   3.903371    34.9374       1561     6.5000  0.000e+00
    166.509    10.9827   3.902849    34.9289       1562     6.5042  0.000e+00
    166.560    10.9831   3.902968    34.9297       1563     6.5083  0.000e+00
    166.599    10.9831   3.902902    34.9290       1564     6.5125  0.000e+00
    166.644    10.9828   3.901893    34.9192       1565     6.5167  0.000e+00
    166.684    10.9800   3.902856    34.9316       1566     6.5208  0.000e+00
    166.711    10.9804   3.902711    34.9296       1567     6.5250  0.000e+00
    166.738    10.9809   3.902341    34.9255       1568     6.5292  0.000e+00
    166.756    10.9798   3.902355    34.9266       1569     6.5333  0.000e+00
    166.768    10.9791   3.902619    34.9300       1570     6.5375  0.000e+00
    166.786    10.9795   3.902665    34.9301       1571     6.5417  0.000e+00
    166.813    10.9800   3.902784    34.9308       1572     6.5458  0.000e+00
    166.828    10.9809   3.902784    34.9299       1573     6.5500  0.000e+00
    166.853    10.9814   3.903041    34.9320       1574     6.5542  0.000e+00
    166.889    10.9821   3.902058    34.9215       1575     6.5583  0.000e+00
    166.919    10.9796   3.900818    34.9114       1576     6.5625  0.000e+00
    166.970    10.9740   3.901497    34.9235       1577     6.5667  0.000e+00
    167.006    10.9724   3.901708    34.9271       1578     6.5708  0.000e+00
    167.058    10.9726   3.901570    34.9256       1579     6.5750  0.000e+00
    167.100    10.9728   3.902738    34.9370       1580     6.5792  0.000e+00
    167.139    10.9760   3.902526    34.9319       1581     6.5833  0.000e+00
    167.172    10.9783   3.902691    34.9313       1582     6.5875  0.000e+00
    167.196    10.9793   3.901682    34.9202       1583     6.5917  0.000e+00
    167.220    10.9773   3.902388    34.9292       1584     6.5958  0.000e+00
    167.239    10.9774   3.903021    34.9353       1585     6.6000  0.000e+00
    167.260    10.9794   3.901919    34.9225       1586     6.6042  0.000e+00
    167.278    10.9780   3.901312    34.9177       1587     6.6083  0.000e+00
    167.293    10.9747   3.900936    34.9171       1588     6.6125  0.000e+00
    167.317    10.9709   3.900053    34.9118       1589     6.6167  0.000e+00
    167.356    10.9659   3.899815    34.9143       1590     6.6208  0.000e+00
    167.398    10.9624   3.900191    34.9213       1591     6.6250  0.000e+00
    167.441    10.9617   3.901352    34.9335       1592     6.6292  0.000e+00
    167.507    10.9648   3.902104    34.9381       1593     6.6333  0.000e+00
    167.573    10.9701   3.901827    34.9303       1594     6.6375  0.000e+00
    167.646    10.9726   3.901893    34.9285       1595     6.6417  0.000e+00
    167.727    10.9739   3.902296    34.9313       1596     6.6458  0.000e+00
    167.814    10.9753   3.902058    34.9275       1597     6.6500  0.000e+00
    167.899    10.9759   3.902711    34.9334       1598     6.6542  0.000e+00
    167.974    10.9776   3.902316    34.9278       1599     6.6583  0.000e+00
    168.043    10.9783   3.902599    34.9299       1600     6.6625  0.000e+00
    168.110    10.9789   3.903160    34.9350       1601     6.6667  0.000e+00
    168.170    10.9812   3.902923    34.9304       1602     6.6708  0.000e+00
    168.209    10.9819   3.902784    34.9283       1603     6.6750  0.000e+00
    168.254    10.9814   3.902151    34.9224       1604     6.6792  0.000e+00
    168.279    10.9795   3.901616    34.9189       1605     6.6833  0.000e+00
    168.294    10.9762   3.901333    34.9192       1606     6.6875  0.000e+00
    168.315    10.9730   3.900739    34.9163       1607     6.6917  0.000e+00
    168.327    10.9694   3.900680    34.9191       1608     6.6958  0.000e+00
    168.333    10.9673   3.901267    34.9269       1609     6.7000  0.000e+00
    168.336    10.9682   3.901966    34.9331       1610     6.7042  0.000e+00
    168.345    10.9707   3.901663    34.9277       1611     6.7083  0.000e+00
    168.360    10.9720   3.902012    34.9299       1612     6.7125  0.000e+00
    168.369    10.9734   3.902177    34.9302       1613     6.7167  0.000e+00
    168.390    10.9747   3.902058    34.9278       1614     6.7208  0.000e+00
    168.405    10.9758   3.903338    34.9396       1615     6.7250  0.000e+00
    168.426    10.9797   3.904209    34.9446       1616     6.7292  0.000e+00
    168.453    10.9854   3.904163    34.9387       1617     6.7333  0.000e+00
    168.487    10.9887   3.903833    34.9322       1618     6.7375  0.000e+00
    168.526    10.9897   3.904863    34.9415       1619     6.7417  0.000e+00
    168.568    10.9926   3.905100    34.9411       1620     6.7458  0.000e+00
    168.613    10.9956   3.905331    34.9405       1621     6.7500  0.000e+00
    168.680    10.9981   3.905331    34.9381       1622     6.7542  0.000e+00
    168.746    10.9995   3.905450    34.9380       1623     6.7583  0.000e+00
    168.812    11.0005   3.905404    34.9365       1624     6.7625  0.000e+00
    168.888    11.0008   3.905542    34.9375       1625     6.7667  0.000e+00
    168.960    11.0015   3.905496    34.9364       1626     6.7708  0.000e+00
    169.035    11.0018   3.905754    34.9387       1627     6.7750  0.000e+00
    169.111    11.0025   3.905707    34.9375       1628     6.7792  0.000e+00
    169.171    11.0030   3.905707    34.9370       1629     6.7833  0.000e+00
    169.234    11.0034   3.905826    34.9378       1630     6.7875  0.000e+00
    169.285    11.0038   3.905840    34.9375       1631     6.7917  0.000e+00
    169.331    11.0042   3.905543    34.9341       1632     6.7958  0.000e+00
    169.367    11.0032   3.905569    34.9353       1633     6.8000  0.000e+00
    169.394    11.0025   3.904678    34.9271       1634     6.8042  0.000e+00
    169.421    10.9994   3.903695    34.9202       1635     6.8083  0.000e+00
    169.442    10.9941   3.902481    34.9132       1636     6.8125  0.000e+00
    169.475    10.9872   3.902389    34.9187       1637     6.8167  0.000e+00
    169.506    10.9825   3.903273    34.9321       1638     6.8208  0.000e+00
    169.542    10.9825   3.903365    34.9329       1639     6.8250  0.000e+00
    169.581    10.9838   3.903464    34.9327       1640     6.8292  0.000e+00
    169.632    10.9846   3.903438    34.9316       1641     6.8333  0.000e+00
    169.683    10.9853   3.903649    34.9330       1642     6.8375  0.000e+00
    169.732    10.9862   3.903814    34.9338       1643     6.8417  0.000e+00
    169.783    10.9873   3.903999    34.9345       1644     6.8458  0.000e+00
    169.819    10.9887   3.904467    34.9379       1645     6.8500  0.000e+00
    169.855    10.9907   3.904936    34.9406       1646     6.8542  0.000e+00
    169.888    10.9937   3.905279    34.9413       1647     6.8583  0.000e+00
    169.916    10.9964   3.905424    34.9401       1648     6.8625  0.000e+00
    169.937    10.9988   3.905827    34.9418       1649     6.8667  0.000e+00
    169.949    11.0012   3.906242    34.9436       1650     6.8708  0.000e+00
    169.964    11.0038   3.906011    34.9389       1651     6.8750  0.000e+00
