HB2302/sbe087.cnv
* Sea-Bird SBE 19plus V2 Data File:
* FileName = C:\cruise\data\sbe087.hex
* Software Version Seasave V 7.26.7.121
* Temperature SN = 4758
* Conductivity SN = 4758
* System UpLoad Time = Jun 16 2023 21:50:59
* NMEA Latitude = 41 43.16 N
* NMEA Longitude = 068 23.96 W
* NMEA UTC (Time) = Jun 16 2023 21:50:59
** Cruise: HB2302
** Program: Ecomon
** Chief Scientist: Jerry Prezioso
# nquan = 7
# nvalues = 3448                                  
# units = specified
# name 0 = depSM: Depth [salt water, m]
# name 1 = tv290C: Temperature [ITS-90, deg C]
# name 2 = c0S/m: Conductivity [S/m]
# name 3 = sal00: Salinity, Practical [PSU]
# name 4 = scan: Scan Count
# name 5 = timeM: Time, Elapsed [minutes]
# name 6 = flag:  0.000e+00
# span 0 =     -0.171,    127.767                 
# span 1 =     6.7730,    16.3552                 
# span 2 =   0.000044,   4.046851                 
# span 3 =     0.0083,    33.2859                 
# span 4 =         11,       3458                 
# span 5 =     0.0417,    14.4042                 
# span 6 = 0.0000e+00, 0.0000e+00                 
# interval = seconds: 0.25
# start_time = Jun 16 2023 21:50:59 [NMEA time, header]
# bad_flag = -9.990e-29
*END*
[from data line 821]
     91.004     7.2305   3.326585    32.5216        832     3.4625  0.000e+00
     91.122     7.2250   3.326046    32.5209        833     3.4667  0.000e+00
     91.236     7.2186   3.326139    32.5279        834     3.4708  0.000e+00
     91.357     7.2144   3.325941    32.5296        835     3.4750  0.000e+00
     91.475     7.2118   3.325465    32.5269        836     3.4792  0.000e+00
     91.589     7.2076   3.325106    32.5268        837     3.4833  0.000e+00
     91.707     7.2032   3.325545    32.5358        838     3.4875  0.000e+00
     91.828     7.2023   3.324425    32.5244        839     3.4917  0.000e+00
     91.948     7.1973   3.324511    32.5300        840     3.4958  0.000e+00
     92.060     7.1937   3.324871    32.5372        841     3.5000  0.000e+00
     92.175     7.1937   3.325081    32.5394        842     3.5042  0.000e+00
     92.289     7.1958   3.325279    32.5395        843     3.5083  0.000e+00
     92.404     7.1983   3.325465    32.5392        844     3.5125  0.000e+00
     92.519     7.2007   3.325490    32.5371        845     3.5167  0.000e+00
     92.627     7.2022   3.325347    32.5341        846     3.5208  0.000e+00
     92.736     7.2025   3.325707    32.5376        847     3.5250  0.000e+00
     92.847     7.2039   3.325874    32.5381        848     3.5292  0.000e+00
     92.959     7.2060   3.325409    32.5310        849     3.5333  0.000e+00
     93.077     7.2051   3.324431    32.5213        850     3.5375  0.000e+00
     93.191     7.1983   3.323286    32.5151        851     3.5417  0.000e+00
     93.312     7.1882   3.322253    32.5133        852     3.5458  0.000e+00
     93.430     7.1763   3.322581    32.5280        853     3.5500  0.000e+00
     93.550     7.1705   3.323417    32.5426        854     3.5542  0.000e+00
     93.674     7.1719   3.324036    32.5479        855     3.5583  0.000e+00
     93.795     7.1774   3.324085    32.5432        856     3.5625  0.000e+00
     93.918     7.1811   3.323163    32.5296        857     3.5667  0.000e+00
     94.048     7.1787   3.322538    32.5251        858     3.5708  0.000e+00
     94.184     7.1731   3.322476    32.5296        859     3.5750  0.000e+00
     94.298     7.1684   3.321566    32.5241        860     3.5792  0.000e+00
     94.434     7.1615   3.321684    32.5317        861     3.5833  0.000e+00
     94.558     7.1568   3.321300    32.5320        862     3.5875  0.000e+00
     94.685     7.1531   3.320787    32.5298        863     3.5917  0.000e+00
     94.808     7.1482   3.320638    32.5328        864     3.5958  0.000e+00
     94.935     7.1442   3.320713    32.5373        865     3.6000  0.000e+00
     95.056     7.1418   3.320403    32.5362        866     3.6042  0.000e+00
     95.176     7.1395   3.320428    32.5385        867     3.6083  0.000e+00
     95.300     7.1383   3.320230    32.5374        868     3.6125  0.000e+00
     95.415     7.1367   3.320187    32.5384        869     3.6167  0.000e+00
     95.529     7.1350   3.320020    32.5381        870     3.6208  0.000e+00
     95.641     7.1333   3.320002    32.5395        871     3.6250  0.000e+00
     95.749     7.1323   3.319290    32.5327        872     3.6292  0.000e+00
     95.858     7.1267   3.316556    32.5082        873     3.6333  0.000e+00
     95.967     7.1093   3.316154    32.5201        874     3.6375  0.000e+00
     96.066     7.0941   3.316130    32.5342        875     3.6417  0.000e+00
     96.181     7.0862   3.316451    32.5450        876     3.6458  0.000e+00
     96.274     7.0839   3.316353    32.5461        877     3.6500  0.000e+00
     96.380     7.0833   3.316538    32.5486        878     3.6542  0.000e+00
     96.482     7.0838   3.316105    32.5434        879     3.6583  0.000e+00
     96.585     7.0821   3.315666    32.5402        880     3.6625  0.000e+00
     96.681     7.0781   3.315153    32.5383        881     3.6667  0.000e+00
     96.787     7.0727   3.315085    32.5426        882     3.6708  0.000e+00
     96.887     7.0685   3.313960    32.5343        883     3.6750  0.000e+00
     96.998     7.0611   3.314003    32.5417        884     3.6792  0.000e+00
     97.101     7.0558   3.314152    32.5482        885     3.6833  0.000e+00
     97.218     7.0541   3.315296    32.5622        886     3.6875  0.000e+00
     97.339     7.0594   3.316199    32.5671        887     3.6917  0.000e+00
     97.451     7.0686   3.316353    32.5600        888     3.6958  0.000e+00
     97.568     7.0754   3.316304    32.5529        889     3.7000  0.000e+00
     97.695     7.0786   3.316755    32.5548        890     3.7042  0.000e+00
     97.834     7.0822   3.316365    32.5471        891     3.7083  0.000e+00
     97.975     7.0827   3.315864    32.5411        892     3.7125  0.000e+00
     98.111     7.0790   3.315345    32.5388        893     3.7167  0.000e+00
     98.250     7.0737   3.315518    32.5456        894     3.7208  0.000e+00
     98.398     7.0713   3.315432    32.5470        895     3.7250  0.000e+00
     98.536     7.0698   3.315358    32.5475        896     3.7292  0.000e+00
     98.687     7.0686   3.315512    32.5503        897     3.7333  0.000e+00
     98.832     7.0686   3.315580    32.5509        898     3.7375  0.000e+00
     98.965     7.0691   3.315580    32.5504        899     3.7417  0.000e+00
     99.100     7.0697   3.315642    32.5504        900     3.7458  0.000e+00
     99.227     7.0702   3.315098    32.5440        901     3.7500  0.000e+00
     99.339     7.0660   3.311995    32.5141        902     3.7542  0.000e+00
     99.441     7.0492   3.312502    32.5354        903     3.7583  0.000e+00
     99.553     7.0386   3.313769    32.5591        904     3.7625  0.000e+00
     99.649     7.0407   3.314709    32.5674        905     3.7667  0.000e+00
     99.746     7.0480   3.314276    32.5558        906     3.7708  0.000e+00
     99.842     7.0510   3.314548    32.5558        907     3.7750  0.000e+00
     99.948     7.0526   3.315086    32.5601        908     3.7792  0.000e+00
    100.042     7.0568   3.314956    32.5547        909     3.7833  0.000e+00
    100.141     7.0585   3.313658    32.5389        910     3.7875  0.000e+00
    100.253     7.0536   3.314289    32.5503        911     3.7917  0.000e+00
    100.352     7.0516   3.314536    32.5548        912     3.7958  0.000e+00
    100.467     7.0532   3.314734    32.5555        913     3.8000  0.000e+00
    100.587     7.0552   3.315130    32.5578        914     3.8042  0.000e+00
    100.705     7.0581   3.314641    32.5497        915     3.8083  0.000e+00
    100.820     7.0581   3.314487    32.5480        916     3.8125  0.000e+00
    100.937     7.0565   3.314876    32.5537        917     3.8167  0.000e+00
    101.061     7.0572   3.314549    32.5494        918     3.8208  0.000e+00
    101.179     7.0568   3.314258    32.5465        919     3.8250  0.000e+00
    101.299     7.0545   3.314202    32.5480        920     3.8292  0.000e+00
    101.423     7.0520   3.312805    32.5351        921     3.8333  0.000e+00
    101.544     7.0435   3.311087    32.5244        922     3.8375  0.000e+00
    101.676     7.0295   3.311167    32.5384        923     3.8417  0.000e+00
    101.806     7.0200   3.310741    32.5427        924     3.8458  0.000e+00
    101.930     7.0128   3.309678    32.5378        925     3.8500  0.000e+00
    102.071     7.0032   3.308560    32.5346        926     3.8542  0.000e+00
    102.204     6.9921   3.308634    32.5459        927     3.8583  0.000e+00
    102.349     6.9851   3.309209    32.5587        928     3.8625  0.000e+00
    102.488     6.9847   3.310742    32.5757        929     3.8667  0.000e+00
    102.635     6.9931   3.310890    32.5693        930     3.8708  0.000e+00
    102.771     7.0003   3.310501    32.5582        931     3.8750  0.000e+00
    102.913     7.0028   3.311125    32.5626        932     3.8792  0.000e+00
    103.052     7.0060   3.311409    32.5626        933     3.8833  0.000e+00
    103.187     7.0102   3.311316    32.5575        934     3.8875  0.000e+00
    103.314     7.0125   3.311514    32.5574        935     3.8917  0.000e+00
    103.444     7.0138   3.310655    32.5468        936     3.8958  0.000e+00
    103.558     7.0108   3.309710    32.5393        937     3.9000  0.000e+00
    103.676     7.0035   3.309611    32.5451        938     3.9042  0.000e+00
    103.790     6.9970   3.308721    32.5414        939     3.9083  0.000e+00
    103.896     6.9889   3.307486    32.5355        940     3.9125  0.000e+00
    104.011     6.9765   3.307059    32.5426        941     3.9167  0.000e+00
    104.122     6.9650   3.306843    32.5510        942     3.9208  0.000e+00
    104.228     6.9576   3.307146    32.5612        943     3.9250  0.000e+00
    104.333     6.9555   3.307851    32.5709        944     3.9292  0.000e+00
    104.448     6.9580   3.307807    32.5680        945     3.9333  0.000e+00
    104.563     6.9608   3.308339    32.5711        946     3.9375  0.000e+00
    104.668     6.9648   3.308166    32.5654        947     3.9417  0.000e+00
    104.786     6.9667   3.308190    32.5637        948     3.9458  0.000e+00
    104.903     6.9667   3.307307    32.5540        949     3.9500  0.000e+00
    105.027     6.9630   3.307190    32.5562        950     3.9542  0.000e+00
    105.166     6.9590   3.306640    32.5539        951     3.9583  0.000e+00
    105.292     6.9544   3.306189    32.5533        952     3.9625  0.000e+00
    105.425     6.9488   3.305849    32.5548        953     3.9667  0.000e+00
    105.561     6.9442   3.305868    32.5594        954     3.9708  0.000e+00
    105.693     6.9409   3.305386    32.5571        955     3.9750  0.000e+00
    105.823     6.9373   3.305442    32.5611        956     3.9792  0.000e+00
    105.962     6.9352   3.305485    32.5634        957     3.9833  0.000e+00
    106.091     6.9345   3.305349    32.5626        958     3.9875  0.000e+00
    106.221     6.9340   3.305275    32.5622        959     3.9917  0.000e+00
    106.351     6.9327   3.304985    32.5602        960     3.9958  0.000e+00
    106.487     6.9301   3.304615    32.5585        961     4.0000  0.000e+00
    106.625     6.9266   3.304460    32.5601        962     4.0042  0.000e+00
    106.758     6.9237   3.304275    32.5607        963     4.0083  0.000e+00
    106.897     6.9211   3.304016    32.5603        964     4.0125  0.000e+00
    107.038     6.9183   3.303917    32.5618        965     4.0167  0.000e+00
    107.171     6.9162   3.303806    32.5625        966     4.0208  0.000e+00
    107.313     6.9143   3.303732    32.5635        967     4.0250  0.000e+00
    107.458     6.9131   3.303917    32.5665        968     4.0292  0.000e+00
    107.590     6.9133   3.304133    32.5687        969     4.0333  0.000e+00
    107.714     6.9146   3.304275    32.5689        970     4.0375  0.000e+00
    107.841     6.9163   3.304319    32.5677        971     4.0417  0.000e+00
    107.976     6.9175   3.304171    32.5649        972     4.0458  0.000e+00
    108.097     6.9178   3.303998    32.5627        973     4.0500  0.000e+00
    108.202     6.9173   3.303849    32.5615        974     4.0542  0.000e+00
    108.314     6.9163   3.303726    32.5610        975     4.0583  0.000e+00
    108.423     6.9150   3.303714    32.5621        976     4.0625  0.000e+00
    108.528     6.9143   3.303831    32.5640        977     4.0667  0.000e+00
    108.634     6.9145   3.303856    32.5640        978     4.0708  0.000e+00
    108.727     6.9149   3.303874    32.5638        979     4.0750  0.000e+00
    108.836     6.9154   3.303973    32.5643        980     4.0792  0.000e+00
    108.929     6.9158   3.304233    32.5667        981     4.0833  0.000e+00
    109.026     6.9171   3.304257    32.5657        982     4.0875  0.000e+00
    109.125     6.9179   3.304066    32.5628        983     4.0917  0.000e+00
    109.219     6.9175   3.303918    32.5615        984     4.0958  0.000e+00
    109.324     6.9163   3.303856    32.5619        985     4.1000  0.000e+00
    109.430     6.9154   3.303936    32.5636        986     4.1042  0.000e+00
    109.547     6.9152   3.304078    32.5653        987     4.1083  0.000e+00
    109.665     6.9159   3.304214    32.5661        988     4.1125  0.000e+00
    109.807     6.9171   3.304381    32.5667        989     4.1167  0.000e+00
    109.951     6.9182   3.304276    32.5645        990     4.1208  0.000e+00
    110.099     6.9187   3.304258    32.5637        991     4.1250  0.000e+00
    110.250     6.9186   3.304196    32.5630        992     4.1292  0.000e+00
    110.413     6.9183   3.304171    32.5629        993     4.1333  0.000e+00
    110.564     6.9177   3.304079    32.5625        994     4.1375  0.000e+00
    110.726     6.9170   3.304042    32.5626        995     4.1417  0.000e+00
    110.874     6.9162   3.303999    32.5629        996     4.1458  0.000e+00
    111.034     6.9154   3.303918    32.5627        997     4.1500  0.000e+00
    111.179     6.9146   3.303894    32.5631        998     4.1542  0.000e+00
    111.317     6.9139   3.303789    32.5626        999     4.1583  0.000e+00
    111.438     6.9128   3.303492    32.5602       1000     4.1625  0.000e+00
    111.562     6.9103   3.303190    32.5593       1001     4.1667  0.000e+00
    111.670     6.9067   3.302980    32.5604       1002     4.1708  0.000e+00
    111.770     6.9033   3.302782    32.5614       1003     4.1750  0.000e+00
    111.869     6.9004   3.302857    32.5649       1004     4.1792  0.000e+00
    111.960     6.8984   3.302807    32.5662       1005     4.1833  0.000e+00
    112.056     6.8975   3.302641    32.5651       1006     4.1875  0.000e+00
    112.144     6.8959   3.302523    32.5653       1007     4.1917  0.000e+00
    112.234     6.8940   3.302511    32.5670       1008     4.1958  0.000e+00
    112.322     6.8929   3.302449    32.5673       1009     4.2000  0.000e+00
    112.418     6.8919   3.302505    32.5688       1010     4.2042  0.000e+00
    112.527     6.8912   3.302493    32.5692       1011     4.2083  0.000e+00
    112.632     6.8914   3.302567    32.5699       1012     4.2125  0.000e+00
    112.741     6.8917   3.302598    32.5699       1013     4.2167  0.000e+00
    112.861     6.8920   3.302647    32.5701       1014     4.2208  0.000e+00
    112.982     6.8921   3.302622    32.5696       1015     4.2250  0.000e+00
    113.093     6.8921   3.302474    32.5680       1016     4.2292  0.000e+00
    113.214     6.8907   3.302264    32.5669       1017     4.2333  0.000e+00
    113.341     6.8874   3.302388    32.5713       1018     4.2375  0.000e+00
    113.467     6.8861   3.302524    32.5740       1019     4.2417  0.000e+00
    113.594     6.8866   3.302512    32.5733       1020     4.2458  0.000e+00
    113.718     6.8869   3.302363    32.5714       1021     4.2500  0.000e+00
    113.841     6.8860   3.302135    32.5697       1022     4.2542  0.000e+00
    113.971     6.8838   3.302092    32.5712       1023     4.2583  0.000e+00
    114.101     6.8810   3.301857    32.5712       1024     4.2625  0.000e+00
    114.224     6.8781   3.301944    32.5748       1025     4.2667  0.000e+00
    114.357     6.8766   3.301901    32.5757       1026     4.2708  0.000e+00
    114.487     6.8755   3.301728    32.5748       1027     4.2750  0.000e+00
    114.613     6.8732   3.301678    32.5764       1028     4.2792  0.000e+00
    114.752     6.8703   3.301370    32.5757       1029     4.2833  0.000e+00
    114.882     6.8664   3.301030    32.5757       1030     4.2875  0.000e+00
    115.017     6.8610   3.300666    32.5767       1031     4.2917  0.000e+00
    115.150     6.8552   3.300648    32.5820       1032     4.2958  0.000e+00
    115.286     6.8509   3.300345    32.5826       1033     4.3000  0.000e+00
    115.418     6.8459   3.300031    32.5838       1034     4.3042  0.000e+00
    115.545     6.8411   3.299926    32.5872       1035     4.3083  0.000e+00
