HB2302/sbe078.cnv
* Sea-Bird SBE 19plus V2 Data File:
* FileName = C:\cruise\data\sbe078.hex
* Software Version Seasave V 7.26.7.121
* Temperature SN = 4758
* Conductivity SN = 4758
* System UpLoad Time = Jun 16 2023 01:08:48
* NMEA Latitude = 40 48.32 N
* NMEA Longitude = 068 12.99 W
* NMEA UTC (Time) = Jun 16 2023 01:08:49
** Cruise: HB2302
** Program: Ecomon
** Chief Scientist: Jerry Prezioso
# nquan = 7
# nvalues = 1403                                  
# units = specified
# name 0 = depSM: Depth [salt water, m]
# name 1 = tv290C: Temperature [ITS-90, deg C]
# name 2 = c0S/m: Conductivity [S/m]
# name 3 = sal00: Salinity, Practical [PSU]
# name 4 = scan: Scan Count
# name 5 = timeM: Time, Elapsed [minutes]
# name 6 = flag:  0.000e+00
# span 0 =     -0.162,     50.861                 
# span 1 =    10.2679,    13.2349                 
# span 2 =   0.000056,   3.865715                 
# span 3 =     0.0068,    33.3325                 
# span 4 =         11,       1413                 
# span 5 =     0.0417,     5.8833                 
# span 6 = 0.0000e+00, 0.0000e+00                 
# interval = seconds: 0.25
# start_time = Jun 16 2023 01:08:49 [NMEA time, header]
# bad_flag = -9.990e-29
*END*
[from data line 411]
     50.307    10.2918   3.631686    32.9021        422     1.7542  0.000e+00
     50.325    10.2913   3.631711    32.9029        423     1.7583  0.000e+00
     50.343    10.2911   3.631807    32.9040        424     1.7625  0.000e+00
     50.374    10.2914   3.631801    32.9037        425     1.7667  0.000e+00
     50.395    10.2920   3.631820    32.9033        426     1.7708  0.000e+00
     50.413    10.2920   3.631846    32.9036        427     1.7750  0.000e+00
     50.434    10.2923   3.632045    32.9053        428     1.7792  0.000e+00
     50.467    10.2933   3.632339    32.9073        429     1.7833  0.000e+00
     50.491    10.2953   3.632295    32.9051        430     1.7875  0.000e+00
     50.519    10.2965   3.632205    32.9031        431     1.7917  0.000e+00
     50.543    10.2964   3.632192    32.9030        432     1.7958  0.000e+00
     50.555    10.2963   3.632179    32.9029        433     1.8000  0.000e+00
     50.582    10.2961   3.632089    32.9022        434     1.8042  0.000e+00
     50.588    10.2958   3.632115    32.9027        435     1.8083  0.000e+00
     50.600    10.2956   3.632237    32.9041        436     1.8125  0.000e+00
     50.597    10.2961   3.632295    32.9042        437     1.8167  0.000e+00
     50.597    10.2968   3.632339    32.9041        438     1.8208  0.000e+00
     50.591    10.2973   3.632314    32.9034        439     1.8250  0.000e+00
     50.576    10.2977   3.632474    32.9047        440     1.8292  0.000e+00
     50.561    10.2983   3.632602    32.9054        441     1.8333  0.000e+00
     50.543    10.2996   3.632679    32.9050        442     1.8375  0.000e+00
     50.522    10.3004   3.632609    32.9035        443     1.8417  0.000e+00
     50.492    10.3007   3.632500    32.9022        444     1.8458  0.000e+00
     50.468    10.3000   3.632173    32.8996        445     1.8500  0.000e+00
     50.447    10.2982   3.631936    32.8988        446     1.8542  0.000e+00
     50.422    10.2961   3.631955    32.9010        447     1.8583  0.000e+00
     50.410    10.2947   3.632025    32.9029        448     1.8625  0.000e+00
     50.395    10.2944   3.632019    32.9031        449     1.8667  0.000e+00
     50.383    10.2945   3.632045    32.9033        450     1.8708  0.000e+00
     50.374    10.2946   3.632045    32.9032        451     1.8750  0.000e+00
     50.380    10.2947   3.632089    32.9035        452     1.8792  0.000e+00
     50.377    10.2950   3.632109    32.9035        453     1.8833  0.000e+00
     50.389    10.2953   3.632160    32.9038        454     1.8875  0.000e+00
     50.396    10.2955   3.632160    32.9036        455     1.8917  0.000e+00
     50.417    10.2958   3.632134    32.9030        456     1.8958  0.000e+00
     50.444    10.2957   3.632115    32.9029        457     1.9000  0.000e+00
     50.474    10.2957   3.632128    32.9030        458     1.9042  0.000e+00
     50.507    10.2955   3.632070    32.9026        459     1.9083  0.000e+00
     50.550    10.2953   3.632134    32.9034        460     1.9125  0.000e+00
     50.589    10.2955   3.632134    32.9032        461     1.9167  0.000e+00
     50.640    10.2958   3.632282    32.9044        462     1.9208  0.000e+00
     50.679    10.2963   3.632179    32.9029        463     1.9250  0.000e+00
     50.725    10.2965   3.632205    32.9030        464     1.9292  0.000e+00
     50.767    10.2967   3.632179    32.9025        465     1.9333  0.000e+00
     50.800    10.2965   3.632173    32.9026        466     1.9375  0.000e+00
     50.824    10.2962   3.632205    32.9032        467     1.9417  0.000e+00
     50.848    10.2958   3.631686    32.8983        468     1.9458  0.000e+00
     50.861    10.2937   3.631481    32.8982        469     1.9500  0.000e+00
     50.852    10.2913   3.631506    32.9006        470     1.9542  0.000e+00
     50.843    10.2898   3.631417    32.9011        471     1.9583  0.000e+00
     50.794    10.2887   3.631346    32.9013        472     1.9625  0.000e+00
     50.740    10.2878   3.631372    32.9025        473     1.9667  0.000e+00
     50.677    10.2876   3.631506    32.9040        474     1.9708  0.000e+00
     50.604    10.2881   3.631590    32.9044        475     1.9750  0.000e+00
     50.535    10.2888   3.631461    32.9025        476     1.9792  0.000e+00
     50.478    10.2887   3.631416    32.9022        477     1.9833  0.000e+00
     50.426    10.2884   3.631436    32.9027        478     1.9875  0.000e+00
     50.384    10.2884   3.631378    32.9021        479     1.9917  0.000e+00
     50.357    10.2880   3.631327    32.9019        480     1.9958  0.000e+00
     50.354    10.2876   3.631327    32.9024        481     2.0000  0.000e+00
     50.354    10.2872   3.631301    32.9024        482     2.0042  0.000e+00
     50.375    10.2872   3.631359    32.9030        483     2.0083  0.000e+00
     50.417    10.2871   3.631372    32.9032        484     2.0125  0.000e+00
     50.454    10.2872   3.631346    32.9029        485     2.0167  0.000e+00
     50.499    10.2872   3.631372    32.9030        486     2.0208  0.000e+00
     50.529    10.2874   3.631359    32.9028        487     2.0250  0.000e+00
     50.559    10.2875   3.631346    32.9025        488     2.0292  0.000e+00
     50.586    10.2873   3.631346    32.9027        489     2.0333  0.000e+00
     50.605    10.2873   3.631372    32.9029        490     2.0375  0.000e+00
     50.614    10.2874   3.631391    32.9031        491     2.0417  0.000e+00
     50.602    10.2873   3.631333    32.9026        492     2.0458  0.000e+00
     50.578    10.2872   3.631346    32.9028        493     2.0500  0.000e+00
     50.535    10.2872   3.631372    32.9030        494     2.0542  0.000e+00
     50.469    10.2874   3.631391    32.9031        495     2.0583  0.000e+00
     50.397    10.2876   3.631442    32.9035        496     2.0625  0.000e+00
     50.312    10.2878   3.631461    32.9035        497     2.0667  0.000e+00
     50.222    10.2883   3.631461    32.9031        498     2.0708  0.000e+00
     50.140    10.2884   3.631416    32.9026        499     2.0750  0.000e+00
     50.053    10.2884   3.631359    32.9021        500     2.0792  0.000e+00
     49.983    10.2880   3.631327    32.9022        501     2.0833  0.000e+00
     49.929    10.2878   3.631480    32.9039        502     2.0875  0.000e+00
     49.887    10.2883   3.631416    32.9028        503     2.0917  0.000e+00
     49.863    10.2884   3.631436    32.9029        504     2.0958  0.000e+00
     49.848    10.2884   3.631333    32.9019        505     2.1000  0.000e+00
     49.842    10.2883   3.631282    32.9015        506     2.1042  0.000e+00
     49.848    10.2876   3.631327    32.9025        507     2.1083  0.000e+00
     49.866    10.2871   3.631256    32.9023        508     2.1125  0.000e+00
     49.878    10.2871   3.631205    32.9018        509     2.1167  0.000e+00
     49.878    10.2868   3.631327    32.9032        510     2.1208  0.000e+00
     49.866    10.2872   3.631346    32.9031        511     2.1250  0.000e+00
     49.842    10.2874   3.631237    32.9019        512     2.1292  0.000e+00
     49.812    10.2868   3.631230    32.9023        513     2.1333  0.000e+00
     49.757    10.2865   3.631237    32.9027        514     2.1375  0.000e+00
     49.679    10.2864   3.631192    32.9024        515     2.1417  0.000e+00
     49.591    10.2862   3.631211    32.9028        516     2.1458  0.000e+00
     49.486    10.2861   3.631185    32.9026        517     2.1500  0.000e+00
     49.368    10.2860   3.631147    32.9024        518     2.1542  0.000e+00
     49.248    10.2858   3.631121    32.9023        519     2.1583  0.000e+00
     49.121    10.2855   3.631102    32.9025        520     2.1625  0.000e+00
     49.003    10.2854   3.631147    32.9031        521     2.1667  0.000e+00
     48.879    10.2856   3.631095    32.9025        522     2.1708  0.000e+00
     48.768    10.2855   3.631076    32.9025        523     2.1750  0.000e+00
     48.659    10.2853   3.631031    32.9022        524     2.1792  0.000e+00
     48.581    10.2852   3.631076    32.9028        525     2.1833  0.000e+00
     48.511    10.2855   3.631506    32.9069        526     2.1875  0.000e+00
     48.463    10.2874   3.631845    32.9085        527     2.1917  0.000e+00
     48.424    10.2901   3.631685    32.9045        528     2.1958  0.000e+00
     48.403    10.2914   3.631570    32.9022        529     2.2000  0.000e+00
     48.388    10.2912   3.631185    32.8985        530     2.2042  0.000e+00
     48.391    10.2894   3.631147    32.8998        531     2.2083  0.000e+00
     48.397    10.2877   3.631256    32.9024        532     2.2125  0.000e+00
     48.409    10.2876   3.631191    32.9018        533     2.2167  0.000e+00
     48.412    10.2870   3.631249    32.9029        534     2.2208  0.000e+00
     48.412    10.2874   3.631980    32.9099        535     2.2250  0.000e+00
     48.406    10.2906   3.632223    32.9095        536     2.2292  0.000e+00
     48.391    10.2943   3.632268    32.9066        537     2.2333  0.000e+00
     48.364    10.2965   3.631999    32.9019        538     2.2375  0.000e+00
     48.319    10.2962   3.631653    32.8987        539     2.2417  0.000e+00
     48.258    10.2943   3.631614    32.9001        540     2.2458  0.000e+00
     48.174    10.2929   3.632025    32.9055        541     2.2500  0.000e+00
     48.068    10.2940   3.632044    32.9048        542     2.2542  0.000e+00
     47.951    10.2953   3.632063    32.9039        543     2.2583  0.000e+00
     47.809    10.2958   3.632069    32.9035        544     2.2625  0.000e+00
     47.667    10.2963   3.632133    32.9038        545     2.2667  0.000e+00
     47.522    10.2970   3.632133    32.9032        546     2.2708  0.000e+00
     47.380    10.2972   3.632152    32.9033        547     2.2750  0.000e+00
     47.254    10.2975   3.632088    32.9024        548     2.2792  0.000e+00
     47.148    10.2975   3.632114    32.9027        549     2.2833  0.000e+00
     47.064    10.2973   3.632024    32.9021        550     2.2875  0.000e+00
     46.991    10.2971   3.632043    32.9025        551     2.2917  0.000e+00
     46.952    10.2969   3.632069    32.9029        552     2.2958  0.000e+00
     46.928    10.2970   3.632043    32.9025        553     2.3000  0.000e+00
     46.922    10.2969   3.632178    32.9040        554     2.3042  0.000e+00
     46.931    10.2975   3.632043    32.9021        555     2.3083  0.000e+00
     46.946    10.2974   3.631825    32.9000        556     2.3125  0.000e+00
     46.967    10.2961   3.631640    32.8992        557     2.3167  0.000e+00
     46.982    10.2945   3.631755    32.9019        558     2.3208  0.000e+00
     46.988    10.2939   3.631954    32.9044        559     2.3250  0.000e+00
     46.986    10.2945   3.631979    32.9041        560     2.3292  0.000e+00
     46.961    10.2953   3.631890    32.9025        561     2.3333  0.000e+00
     46.919    10.2953   3.631640    32.9000        562     2.3375  0.000e+00
     46.856    10.2939   3.631434    32.8993        563     2.3417  0.000e+00
     46.777    10.2924   3.631357    32.8999        564     2.3458  0.000e+00
     46.681    10.2906   3.631146    32.8994        565     2.3500  0.000e+00
     46.557    10.2892   3.631101    32.9002        566     2.3542  0.000e+00
     46.421    10.2877   3.630966    32.9003        567     2.3583  0.000e+00
     46.280    10.2866   3.630992    32.9017        568     2.3625  0.000e+00
     46.132    10.2860   3.631011    32.9025        569     2.3667  0.000e+00
     45.996    10.2857   3.631056    32.9032        570     2.3708  0.000e+00
     45.860    10.2858   3.631030    32.9030        571     2.3750  0.000e+00
     45.755    10.2858   3.630985    32.9025        572     2.3792  0.000e+00
     45.661    10.2858   3.630819    32.9009        573     2.3833  0.000e+00
     45.601    10.2850   3.630825    32.9017        574     2.3875  0.000e+00
     45.568    10.2845   3.630870    32.9027        575     2.3917  0.000e+00
     45.556    10.2845   3.631075    32.9048        576     2.3958  0.000e+00
     45.577    10.2853   3.631158    32.9048        577     2.4000  0.000e+00
     45.622    10.2864   3.631165    32.9038        578     2.4042  0.000e+00
     45.661    10.2870   3.631165    32.9033        579     2.4083  0.000e+00
     45.713    10.2873   3.631101    32.9024        580     2.4125  0.000e+00
     45.743    10.2872   3.631011    32.9016        581     2.4167  0.000e+00
     45.776    10.2866   3.630966    32.9016        582     2.4208  0.000e+00
     45.788    10.2861   3.631030    32.9027        583     2.4250  0.000e+00
     45.776    10.2860   3.631075    32.9032        584     2.4292  0.000e+00
     45.746    10.2861   3.631056    32.9030        585     2.4333  0.000e+00
     45.695    10.2862   3.631120    32.9036        586     2.4375  0.000e+00
     45.616    10.2864   3.631120    32.9034        587     2.4417  0.000e+00
     45.520    10.2870   3.631101    32.9027        588     2.4458  0.000e+00
     45.420    10.2873   3.631101    32.9025        589     2.4500  0.000e+00
     45.296    10.2872   3.631056    32.9022        590     2.4542  0.000e+00
     45.182    10.2868   3.630895    32.9010        591     2.4583  0.000e+00
     45.055    10.2862   3.630895    32.9016        592     2.4625  0.000e+00
     44.947    10.2855   3.630870    32.9020        593     2.4667  0.000e+00
     44.829    10.2851   3.630883    32.9026        594     2.4708  0.000e+00
     44.735    10.2850   3.630895    32.9028        595     2.4750  0.000e+00
     44.645    10.2851   3.630870    32.9025        596     2.4792  0.000e+00
     44.573    10.2851   3.630940    32.9032        597     2.4833  0.000e+00
     44.524    10.2855   3.631011    32.9037        598     2.4875  0.000e+00
     44.473    10.2860   3.631011    32.9031        599     2.4917  0.000e+00
     44.440    10.2862   3.630985    32.9028        600     2.4958  0.000e+00
     44.404    10.2862   3.630966    32.9026        601     2.5000  0.000e+00
     44.373    10.2862   3.630985    32.9027        602     2.5042  0.000e+00
     44.343    10.2865   3.631094    32.9036        603     2.5083  0.000e+00
     44.301    10.2870   3.630985    32.9021        604     2.5125  0.000e+00
     44.259    10.2868   3.630940    32.9019        605     2.5167  0.000e+00
     44.211    10.2866   3.631055    32.9032        606     2.5208  0.000e+00
     44.153    10.2867   3.631010    32.9027        607     2.5250  0.000e+00
     44.087    10.2870   3.630985    32.9022        608     2.5292  0.000e+00
     44.018    10.2867   3.630895    32.9016        609     2.5333  0.000e+00
     43.948    10.2862   3.630825    32.9014        610     2.5375  0.000e+00
     43.888    10.2856   3.630773    32.9014        611     2.5417  0.000e+00
     43.840    10.2851   3.630555    32.8997        612     2.5458  0.000e+00
     43.794    10.2836   3.630402    32.8995        613     2.5500  0.000e+00
     43.755    10.2819   3.630357    32.9007        614     2.5542  0.000e+00
     43.725    10.2807   3.630196    32.9001        615     2.5583  0.000e+00
     43.704    10.2794   3.630068    32.9000        616     2.5625  0.000e+00
     43.686    10.2780   3.629972    32.9003        617     2.5667  0.000e+00
     43.674    10.2769   3.629991    32.9015        618     2.5708  0.000e+00
     43.656    10.2763   3.630062    32.9028        619     2.5750  0.000e+00
     43.641    10.2764   3.630068    32.9028        620     2.5792  0.000e+00
     43.614    10.2764   3.630107    32.9031        621     2.5833  0.000e+00
     43.568    10.2766   3.630107    32.9030        622     2.5875  0.000e+00
     43.517    10.2769   3.630036    32.9020        623     2.5917  0.000e+00
     43.457    10.2766   3.630043    32.9024        624     2.5958  0.000e+00
     43.378    10.2766   3.630171    32.9038        625     2.6000  0.000e+00
