HB2302/sbe011.cnv
* Sea-Bird SBE 19plus V2 Data File:
* FileName = C:\cruise\data\sbe011.hex
* Software Version Seasave V 7.26.7.121
* Temperature SN = 4758
* Conductivity SN = 4758
* System UpLoad Time = Jun 09 2023 21:41:18
* NMEA Latitude = 39 50.06 N
* NMEA Longitude = 070 37.33 W
* NMEA UTC (Time) = Jun 09 2023 21:41:19
** Cruise: HB2302
** Program: Ecomon
** Chief Scientist: Jerry Prezioso
# nquan = 7
# nvalues = 4013                                  
# units = specified
# name 0 = depSM: Depth [salt water, m]
# name 1 = tv290C: Temperature [ITS-90, deg C]
# name 2 = c0S/m: Conductivity [S/m]
# name 3 = sal00: Salinity, Practical [PSU]
# name 4 = scan: Scan Count
# name 5 = timeM: Time, Elapsed [minutes]
# name 6 = flag:  0.000e+00
# span 0 =     -0.149,    201.267                 
# span 1 =    11.0888,    22.0536                 
# span 2 =   0.000074,   5.133820                 
# span 3 =     0.0098,    36.3056                 
# span 4 =         11,       4023                 
# span 5 =     0.0417,    16.7583                 
# span 6 = 0.0000e+00, 0.0000e+00                 
# interval = seconds: 0.25
# start_time = Jun 09 2023 21:41:19 [NMEA time, header]
# bad_flag = -9.990e-29
*END*
[from data line 2257]
    125.415    13.2416   4.175661    35.4757       2268     9.4458  0.000e+00
    125.346    13.2318   4.172073    35.4507       2269     9.4500  0.000e+00
    125.280    13.2144   4.171328    35.4600       2270     9.4542  0.000e+00
    125.219    13.2009   4.171131    35.4707       2271     9.4583  0.000e+00
    125.156    13.1929   4.171077    35.4777       2272     9.4625  0.000e+00
    125.096    13.1886   4.170989    35.4809       2273     9.4667  0.000e+00
    125.041    13.1867   4.171104    35.4838       2274     9.4708  0.000e+00
    124.975    13.1860   4.171226    35.4856       2275     9.4750  0.000e+00
    124.906    13.1861   4.171003    35.4835       2276     9.4792  0.000e+00
    124.833    13.1857   4.170575    35.4798       2277     9.4833  0.000e+00
    124.758    13.1841   4.170698    35.4825       2278     9.4875  0.000e+00
    124.664    13.1833   4.170528    35.4817       2279     9.4917  0.000e+00
    124.562    13.1826   4.170392    35.4811       2280     9.4958  0.000e+00
    124.450    13.1816   4.169999    35.4783       2281     9.5000  0.000e+00
    124.333    13.1799   4.169911    35.4790       2282     9.5042  0.000e+00
    124.209    13.1788   4.169945    35.4805       2283     9.5083  0.000e+00
    124.082    13.1782   4.169938    35.4810       2284     9.5125  0.000e+00
    123.962    13.1781   4.169877    35.4807       2285     9.5167  0.000e+00
    123.844    13.1777   4.169863    35.4809       2286     9.5208  0.000e+00
    123.735    13.1778   4.169924    35.4815       2287     9.5250  0.000e+00
    123.639    13.1780   4.169965    35.4817       2288     9.5292  0.000e+00
    123.554    13.1782   4.169897    35.4809       2289     9.5333  0.000e+00
    123.485    13.1783   4.169707    35.4790       2290     9.5375  0.000e+00
    123.422    13.1778   4.169463    35.4772       2291     9.5417  0.000e+00
    123.364    13.1767   4.169382    35.4775       2292     9.5458  0.000e+00
    123.319    13.1757   4.169531    35.4799       2293     9.5500  0.000e+00
    123.280    13.1755   4.169490    35.4796       2294     9.5542  0.000e+00
    123.253    13.1756   4.169456    35.4793       2295     9.5583  0.000e+00
    123.229    13.1754   4.169416    35.4791       2296     9.5625  0.000e+00
    123.201    13.1754   4.169484    35.4798       2297     9.5667  0.000e+00
    123.171    13.1752   4.169511    35.4802       2298     9.5708  0.000e+00
    123.132    13.1754   4.169789    35.4826       2299     9.5750  0.000e+00
    123.090    13.1765   4.169999    35.4837       2300     9.5792  0.000e+00
    123.039    13.1781   4.169911    35.4814       2301     9.5833  0.000e+00
    122.978    13.1785   4.169897    35.4809       2302     9.5875  0.000e+00
    122.906    13.1786   4.169788    35.4797       2303     9.5917  0.000e+00
    122.830    13.1785   4.169558    35.4777       2304     9.5958  0.000e+00
    122.722    13.1776   4.169531    35.4783       2305     9.6000  0.000e+00
    122.628    13.1770   4.169558    35.4792       2306     9.6042  0.000e+00
    122.520    13.1767   4.169612    35.4800       2307     9.6083  0.000e+00
    122.408    13.1767   4.169612    35.4801       2308     9.6125  0.000e+00
    122.299    13.1770   4.169659    35.4803       2309     9.6167  0.000e+00
    122.185    13.1775   4.169802    35.4812       2310     9.6208  0.000e+00
    122.076    13.1783   4.169910    35.4816       2311     9.6250  0.000e+00
    121.965    13.1792   4.169971    35.4813       2312     9.6292  0.000e+00
    121.862    13.1800   4.169808    35.4791       2313     9.6333  0.000e+00
    121.775    13.1802   4.170215    35.4828       2314     9.6375  0.000e+00
    121.687    13.1813   4.170269    35.4824       2315     9.6417  0.000e+00
    121.606    13.1826   4.170310    35.4816       2316     9.6458  0.000e+00
    121.533    13.1833   4.170113    35.4791       2317     9.6500  0.000e+00
    121.458    13.1834   4.170140    35.4793       2318     9.6542  0.000e+00
    121.392    13.1831   4.170093    35.4791       2319     9.6583  0.000e+00
    121.334    13.1827   4.169862    35.4773       2320     9.6625  0.000e+00
    121.274    13.1818   4.169151    35.4714       2321     9.6667  0.000e+00
    121.214    13.1793   4.169049    35.4728       2322     9.6708  0.000e+00
    121.156    13.1768   4.169273    35.4773       2323     9.6750  0.000e+00
    121.102    13.1765   4.169428    35.4790       2324     9.6792  0.000e+00
    121.045    13.1770   4.169462    35.4790       2325     9.6833  0.000e+00
    120.975    13.1773   4.169530    35.4793       2326     9.6875  0.000e+00
    120.915    13.1779   4.169611    35.4796       2327     9.6917  0.000e+00
    120.840    13.1784   4.169632    35.4793       2328     9.6958  0.000e+00
    120.755    13.1790   4.169632    35.4788       2329     9.7000  0.000e+00
    120.671    13.1790   4.169177    35.4745       2330     9.7042  0.000e+00
    120.589    13.1776   4.169055    35.4747       2331     9.7083  0.000e+00
    120.496    13.1765   4.169028    35.4756       2332     9.7125  0.000e+00
    120.411    13.1755   4.169076    35.4769       2333     9.7167  0.000e+00
    120.318    13.1754   4.169028    35.4766       2334     9.7208  0.000e+00
    120.239    13.1751   4.169103    35.4776       2335     9.7250  0.000e+00
    120.158    13.1754   4.169232    35.4787       2336     9.7292  0.000e+00
    120.079    13.1760   4.169679    35.4823       2337     9.7333  0.000e+00
    120.001    13.1781   4.170289    35.4863       2338     9.7375  0.000e+00
    119.916    13.1818   4.170621    35.4859       2339     9.7417  0.000e+00
    119.844    13.1855   4.171075    35.4869       2340     9.7458  0.000e+00
    119.769    13.1893   4.171638    35.4888       2341     9.7500  0.000e+00
    119.690    13.1937   4.171889    35.4870       2342     9.7542  0.000e+00
    119.618    13.1972   4.172268    35.4874       2343     9.7583  0.000e+00
    119.548    13.2008   4.172824    35.4893       2344     9.7625  0.000e+00
    119.467    13.2052   4.173814    35.4947       2345     9.7667  0.000e+00
    119.386    13.2113   4.174445    35.4950       2346     9.7708  0.000e+00
    119.301    13.2176   4.174648    35.4911       2347     9.7750  0.000e+00
    119.223    13.2219   4.174804    35.4886       2348     9.7792  0.000e+00
    119.144    13.2248   4.174899    35.4868       2349     9.7833  0.000e+00
    119.069    13.2268   4.175143    35.4873       2350     9.7875  0.000e+00
    118.978    13.2286   4.175258    35.4868       2351     9.7917  0.000e+00
    118.900    13.2301   4.175265    35.4855       2352     9.7958  0.000e+00
    118.812    13.2308   4.175278    35.4850       2353     9.8000  0.000e+00
    118.731    13.2313   4.175312    35.4848       2354     9.8042  0.000e+00
    118.637    13.2318   4.175305    35.4844       2355     9.8083  0.000e+00
    118.565    13.2318   4.175265    35.4840       2356     9.8125  0.000e+00
    118.459    13.2317   4.175305    35.4845       2357     9.8167  0.000e+00
    118.378    13.2318   4.175312    35.4846       2358     9.8208  0.000e+00
    118.306    13.2319   4.175332    35.4847       2359     9.8250  0.000e+00
    118.215    13.2321   4.175312    35.4843       2360     9.8292  0.000e+00
    118.146    13.2321   4.175305    35.4843       2361     9.8333  0.000e+00
    118.070    13.2320   4.175292    35.4843       2362     9.8375  0.000e+00
    117.995    13.2321   4.175278    35.4841       2363     9.8417  0.000e+00
    117.935    13.2321   4.175264    35.4840       2364     9.8458  0.000e+00
    117.865    13.2321   4.175230    35.4837       2365     9.8500  0.000e+00
    117.808    13.2318   4.175047    35.4822       2366     9.8542  0.000e+00
    117.745    13.2312   4.174647    35.4791       2367     9.8583  0.000e+00
    117.684    13.2297   4.174274    35.4770       2368     9.8625  0.000e+00
    117.624    13.2276   4.174213    35.4783       2369     9.8667  0.000e+00
    117.555    13.2263   4.174077    35.4783       2370     9.8708  0.000e+00
    117.479    13.2254   4.173935    35.4779       2371     9.8750  0.000e+00
    117.413    13.2244   4.173888    35.4783       2372     9.8792  0.000e+00
    117.334    13.2240   4.173786    35.4777       2373     9.8833  0.000e+00
    117.256    13.2236   4.173718    35.4775       2374     9.8875  0.000e+00
    117.174    13.2232   4.173786    35.4786       2375     9.8917  0.000e+00
    117.078    13.2232   4.174247    35.4830       2376     9.8958  0.000e+00
    116.978    13.2251   4.174213    35.4809       2377     9.9000  0.000e+00
    116.888    13.2269   4.174464    35.4817       2378     9.9042  0.000e+00
    116.791    13.2286   4.174850    35.4839       2379     9.9083  0.000e+00
    116.689    13.2311   4.175094    35.4838       2380     9.9125  0.000e+00
    116.598    13.2336   4.175481    35.4852       2381     9.9167  0.000e+00
    116.505    13.2365   4.175962    35.4871       2382     9.9208  0.000e+00
    116.411    13.2404   4.176322    35.4870       2383     9.9250  0.000e+00
    116.333    13.2442   4.177902    35.4984       2384     9.9292  0.000e+00
    116.254    13.2510   4.177638    35.4896       2385     9.9333  0.000e+00
    116.179    13.2558   4.178214    35.4906       2386     9.9375  0.000e+00
    116.107    13.2597   4.178859    35.4932       2387     9.9417  0.000e+00
    116.040    13.2643   4.180738    35.5067       2388     9.9458  0.000e+00
    115.971    13.2735   4.181851    35.5087       2389     9.9500  0.000e+00
    115.920    13.2842   4.182556    35.5055       2390     9.9542  0.000e+00
    115.865    13.2927   4.182767    35.4996       2391     9.9583  0.000e+00
    115.814    13.2981   4.182821    35.4951       2392     9.9625  0.000e+00
    115.769    13.3013   4.183174    35.4954       2393     9.9667  0.000e+00
    115.720    13.3040   4.183133    35.4926       2394     9.9708  0.000e+00
    115.669    13.3059   4.183377    35.4932       2395     9.9750  0.000e+00
    115.621    13.3071   4.183472    35.4929       2396     9.9792  0.000e+00
    115.576    13.3086   4.183601    35.4927       2397     9.9833  0.000e+00
    115.521    13.3099   4.183818    35.4937       2398     9.9875  0.000e+00
    115.464    13.3114   4.184008    35.4941       2399     9.9917  0.000e+00
    115.392    13.3128   4.184158    35.4942       2400     9.9958  0.000e+00
    115.325    13.3144   4.184341    35.4945       2401    10.0000  0.000e+00
    115.250    13.3159   4.184422    35.4939       2402    10.0042  0.000e+00
    115.162    13.3173   4.184646    35.4948       2403    10.0083  0.000e+00
    115.075    13.3187   4.184884    35.4957       2404    10.0125  0.000e+00
    114.981    13.3204   4.185054    35.4958       2405    10.0167  0.000e+00
    114.876    13.3222   4.185366    35.4972       2406    10.0208  0.000e+00
    114.776    13.3243   4.185481    35.4963       2407    10.0250  0.000e+00
    114.680    13.3263   4.185807    35.4976       2408    10.0292  0.000e+00
    114.577    13.3282   4.185990    35.4976       2409    10.0333  0.000e+00
    114.490    13.3302   4.186072    35.4965       2410    10.0375  0.000e+00
    114.402    13.3316   4.186425    35.4986       2411    10.0417  0.000e+00
    114.315    13.3334   4.186825    35.5008       2412    10.0458  0.000e+00
    114.230    13.3362   4.187470    35.5043       2413    10.0500  0.000e+00
    114.158    13.3406   4.188597    35.5110       2414    10.0542  0.000e+00
    114.082    13.3475   4.189765    35.5156       2415    10.0583  0.000e+00
    114.010    13.3562   4.190805    35.5174       2416    10.0625  0.000e+00
    113.935    13.3657   4.192143    35.5212       2417    10.0667  0.000e+00
    113.859    13.3763   4.193528    35.5245       2418    10.0708  0.000e+00
    113.784    13.3878   4.194554    35.5236       2419    10.0750  0.000e+00
    113.708    13.3984   4.194853    35.5165       2420    10.0792  0.000e+00
    113.630    13.4056   4.194846    35.5097       2421    10.0833  0.000e+00
    113.548    13.4093   4.194724    35.5052       2422    10.0875  0.000e+00
    113.482    13.4108   4.194914    35.5056       2423    10.0917  0.000e+00
    113.404    13.4117   4.194900    35.5047       2424    10.0958  0.000e+00
    113.337    13.4125   4.195526    35.5099       2425    10.1000  0.000e+00
    113.271    13.4149   4.196205    35.5141       2426    10.1042  0.000e+00
    113.208    13.4192   4.196599    35.5139       2427    10.1083  0.000e+00
    113.147    13.4234   4.196694    35.5109       2428    10.1125  0.000e+00
    113.096    13.4260   4.196789    35.5094       2429    10.1167  0.000e+00
    113.036    13.4278   4.196912    35.5088       2430    10.1208  0.000e+00
    112.984    13.4290   4.196891    35.5076       2431    10.1250  0.000e+00
    112.939    13.4297   4.197081    35.5088       2432    10.1292  0.000e+00
    112.894    13.4306   4.197557    35.5124       2433    10.1333  0.000e+00
    112.840    13.4328   4.197836    35.5130       2434    10.1375  0.000e+00
    112.785    13.4352   4.197809    35.5105       2435    10.1417  0.000e+00
    112.731    13.4367   4.197693    35.5081       2436    10.1458  0.000e+00
    112.668    13.4367   4.197503    35.5063       2437    10.1500  0.000e+00
    112.601    13.4361   4.197448    35.5064       2438    10.1542  0.000e+00
    112.526    13.4354   4.197197    35.5047       2439    10.1583  0.000e+00
    112.459    13.4344   4.197788    35.5113       2440    10.1625  0.000e+00
    112.375    13.4357   4.199080    35.5223       2441    10.1667  0.000e+00
    112.285    13.4409   4.199521    35.5217       2442    10.1708  0.000e+00
    112.188    13.4464   4.199834    35.5196       2443    10.1750  0.000e+00
    112.094    13.4504   4.199956    35.5171       2444    10.1792  0.000e+00
    112.001    13.4530   4.200004    35.5151       2445    10.1833  0.000e+00
    111.895    13.4547   4.199725    35.5109       2446    10.1875  0.000e+00
    111.799    13.4545   4.199643    35.5103       2447    10.1917  0.000e+00
    111.705    13.4541   4.199650    35.5109       2448    10.1958  0.000e+00
    111.600    13.4538   4.200106    35.5155       2449    10.2000  0.000e+00
    111.509    13.4551   4.200180    35.5150       2450    10.2042  0.000e+00
    111.425    13.4564   4.200248    35.5145       2451    10.2083  0.000e+00
    111.346    13.4574   4.200228    35.5134       2452    10.2125  0.000e+00
    111.271    13.4578   4.200235    35.5132       2453    10.2167  0.000e+00
    111.202    13.4579   4.200371    35.5143       2454    10.2208  0.000e+00
    111.141    13.4584   4.200364    35.5138       2455    10.2250  0.000e+00
    111.078    13.4589   4.200398    35.5137       2456    10.2292  0.000e+00
    111.024    13.4591   4.200364    35.5133       2457    10.2333  0.000e+00
    110.957    13.4592   4.200418    35.5137       2458    10.2375  0.000e+00
    110.903    13.4594   4.200493    35.5142       2459    10.2417  0.000e+00
    110.843    13.4600   4.200466    35.5135       2460    10.2458  0.000e+00
    110.779    13.4600   4.200445    35.5133       2461    10.2500  0.000e+00
    110.722    13.4597   4.200513    35.5142       2462    10.2542  0.000e+00
    110.652    13.4602   4.200615    35.5148       2463    10.2583  0.000e+00
    110.583    13.4608   4.200540    35.5135       2464    10.2625  0.000e+00
    110.520    13.4608   4.200323    35.5115       2465    10.2667  0.000e+00
    110.444    13.4600   4.200513    35.5140       2466    10.2708  0.000e+00
    110.369    13.4600   4.200567    35.5146       2467    10.2750  0.000e+00
    110.290    13.4607   4.200642    35.5147       2468    10.2792  0.000e+00
    110.209    13.4611   4.200758    35.5154       2469    10.2833  0.000e+00
    110.128    13.4618   4.200798    35.5152       2470    10.2875  0.000e+00
    110.049    13.4624   4.200880    35.5155       2471    10.2917  0.000e+00
