HB2302/sbe099.cnv
* Sea-Bird SBE 19plus V2 Data File:
* FileName = C:\cruise\data\sbe099.hex
* Software Version Seasave V 7.26.7.121
* Temperature SN = 4758
* Conductivity SN = 4758
* System UpLoad Time = Jun 17 2023 13:40:19
* NMEA Latitude = 41 21.40 N
* NMEA Longitude = 066 31.68 W
* NMEA UTC (Time) = Jun 17 2023 13:40:19
** Cruise: HB2302
** Program: Ecomon
** Chief Scientist: Jerry Prezioso
# nquan = 7
# nvalues = 2085                                  
# units = specified
# name 0 = depSM: Depth [salt water, m]
# name 1 = tv290C: Temperature [ITS-90, deg C]
# name 2 = c0S/m: Conductivity [S/m]
# name 3 = sal00: Salinity, Practical [PSU]
# name 4 = scan: Scan Count
# name 5 = timeM: Time, Elapsed [minutes]
# name 6 = flag:  0.000e+00
# span 0 =     -0.196,     89.731                 
# span 1 =     8.3154,    14.0546                 
# span 2 =   0.002035,   3.879594                 
# span 3 =     0.0164,    33.5076                 
# span 4 =         11,       2095                 
# span 5 =     0.0417,     8.7250                 
# span 6 = 0.0000e+00, 0.0000e+00                 
# interval = seconds: 0.25
# start_time = Jun 17 2023 13:40:19 [NMEA time, header]
# bad_flag = -9.990e-29
*END*
[from data line 1642]
     24.531     9.1535   3.517750    32.7892       1653     6.8833  0.000e+00
     24.422     9.1537   3.517725    32.7888       1654     6.8875  0.000e+00
     24.298     9.1537   3.517706    32.7887       1655     6.8917  0.000e+00
     24.163     9.1537   3.517642    32.7881       1656     6.8958  0.000e+00
     24.024     9.1537   3.517731    32.7891       1657     6.9000  0.000e+00
     23.891     9.1535   3.517687    32.7889       1658     6.9042  0.000e+00
     23.768     9.1535   3.517642    32.7884       1659     6.9083  0.000e+00
     23.653     9.1534   3.517623    32.7884       1660     6.9125  0.000e+00
     23.547     9.1530   3.517554    32.7880       1661     6.9167  0.000e+00
     23.460     9.1526   3.517579    32.7887       1662     6.9208  0.000e+00
     23.393     9.1526   3.517579    32.7888       1663     6.9250  0.000e+00
     23.333     9.1526   3.517535    32.7883       1664     6.9292  0.000e+00
     23.303     9.1527   3.517554    32.7885       1665     6.9333  0.000e+00
     23.273     9.1526   3.517623    32.7892       1666     6.9375  0.000e+00
     23.258     9.1527   3.517661    32.7896       1667     6.9417  0.000e+00
     23.237     9.1532   3.517642    32.7889       1668     6.9458  0.000e+00
     23.206     9.1535   3.517598    32.7882       1669     6.9500  0.000e+00
     23.179     9.1534   3.517623    32.7886       1670     6.9542  0.000e+00
     23.152     9.1533   3.517623    32.7887       1671     6.9583  0.000e+00
     23.110     9.1533   3.517661    32.7891       1672     6.9625  0.000e+00
     23.044     9.1535   3.517661    32.7889       1673     6.9667  0.000e+00
     22.983     9.1537   3.517661    32.7888       1674     6.9708  0.000e+00
     22.899     9.1537   3.517642    32.7886       1675     6.9750  0.000e+00
     22.811     9.1535   3.517579    32.7882       1676     6.9792  0.000e+00
     22.700     9.1532   3.517579    32.7885       1677     6.9833  0.000e+00
     22.585     9.1531   3.517623    32.7891       1678     6.9875  0.000e+00
     22.452     9.1535   3.517623    32.7888       1679     6.9917  0.000e+00
     22.320     9.1535   3.517585    32.7885       1680     6.9958  0.000e+00
     22.184     9.1535   3.517623    32.7890       1681     7.0000  0.000e+00
     22.045     9.1535   3.517623    32.7890       1682     7.0042  0.000e+00
     21.921     9.1536   3.517623    32.7890       1683     7.0083  0.000e+00
     21.801     9.1537   3.517642    32.7891       1684     7.0125  0.000e+00
     21.695     9.1540   3.517623    32.7887       1685     7.0167  0.000e+00
     21.596     9.1537   3.517553    32.7883       1686     7.0208  0.000e+00
     21.514     9.1535   3.517578    32.7888       1687     7.0250  0.000e+00
     21.439     9.1535   3.517597    32.7890       1688     7.0292  0.000e+00
     21.384     9.1535   3.517578    32.7888       1689     7.0333  0.000e+00
     21.345     9.1535   3.517578    32.7889       1690     7.0375  0.000e+00
     21.309     9.1536   3.517553    32.7885       1691     7.0417  0.000e+00
     21.297     9.1533   3.517553    32.7888       1692     7.0458  0.000e+00
     21.285     9.1533   3.517622    32.7895       1693     7.0500  0.000e+00
     21.282     9.1537   3.517641    32.7893       1694     7.0542  0.000e+00
     21.276     9.1539   3.517622    32.7890       1695     7.0583  0.000e+00
     21.276     9.1542   3.517622    32.7887       1696     7.0625  0.000e+00
     21.267     9.1542   3.517660    32.7891       1697     7.0667  0.000e+00
     21.258     9.1545   3.517597    32.7882       1698     7.0708  0.000e+00
     21.231     9.1544   3.517622    32.7885       1699     7.0750  0.000e+00
     21.197     9.1542   3.517597    32.7884       1700     7.0792  0.000e+00
     21.158     9.1541   3.517622    32.7888       1701     7.0833  0.000e+00
     21.098     9.1541   3.517534    32.7880       1702     7.0875  0.000e+00
     21.038     9.1538   3.517686    32.7898       1703     7.0917  0.000e+00
     20.953     9.1543   3.517812    32.7907       1704     7.0958  0.000e+00
     20.860     9.1554   3.518008    32.7917       1705     7.1000  0.000e+00
     20.751     9.1568   3.518091    32.7914       1706     7.1042  0.000e+00
     20.621     9.1584   3.518053    32.7896       1707     7.1083  0.000e+00
     20.486     9.1592   3.518185    32.7903       1708     7.1125  0.000e+00
     20.356     9.1602   3.518185    32.7894       1709     7.1167  0.000e+00
     20.202     9.1613   3.518445    32.7911       1710     7.1208  0.000e+00
     20.057     9.1630   3.519705    32.8027       1711     7.1250  0.000e+00
     19.903     9.1704   3.521072    32.8101       1712     7.1292  0.000e+00
     19.765     9.1820   3.521509    32.8040       1713     7.1333  0.000e+00
     19.626     9.1927   3.521857    32.7978       1714     7.1375  0.000e+00
     19.502     9.1998   3.521876    32.7916       1715     7.1417  0.000e+00
     19.391     9.2036   3.521964    32.7890       1716     7.1458  0.000e+00
     19.309     9.2074   3.523965    32.8063       1717     7.1500  0.000e+00
     19.237     9.2165   3.523769    32.7960       1718     7.1542  0.000e+00
     19.185     9.2235   3.522983    32.7814       1719     7.1583  0.000e+00
     19.152     9.2242   3.523921    32.7905       1720     7.1625  0.000e+00
     19.137     9.2276   3.526486    32.8139       1721     7.1667  0.000e+00
     19.137     9.2426   3.527379    32.8093       1722     7.1708  0.000e+00
     19.149     9.2581   3.527145    32.7927       1723     7.1750  0.000e+00
     19.170     9.2670   3.528577    32.7993       1724     7.1792  0.000e+00
     19.179     9.2774   3.529711    32.8014       1725     7.1833  0.000e+00
     19.198     9.2902   3.530167    32.7943       1726     7.1875  0.000e+00
     19.216     9.2998   3.530059    32.7845       1727     7.1917  0.000e+00
     19.216     9.3047   3.529692    32.7761       1728     7.1958  0.000e+00
     19.210     9.3056   3.529800    32.7764       1729     7.2000  0.000e+00
     19.192     9.3055   3.530167    32.7803       1730     7.2042  0.000e+00
     19.149     9.3069   3.530211    32.7795       1731     7.2083  0.000e+00
     19.095     9.3086   3.530326    32.7792       1732     7.2125  0.000e+00
     19.032     9.3097   3.529952    32.7743       1733     7.2167  0.000e+00
     18.953     9.3090   3.530129    32.7769       1734     7.2208  0.000e+00
     18.857     9.3087   3.530085    32.7767       1735     7.2250  0.000e+00
     18.748     9.3090   3.530104    32.7766       1736     7.2292  0.000e+00
     18.628     9.3090   3.530103    32.7767       1737     7.2333  0.000e+00
     18.489     9.3090   3.530129    32.7771       1738     7.2375  0.000e+00
     18.362     9.3094   3.530826    32.7839       1739     7.2417  0.000e+00
     18.220     9.3121   3.530433    32.7774       1740     7.2458  0.000e+00
     18.075     9.3135   3.531105    32.7832       1741     7.2500  0.000e+00
     17.940     9.3166   3.531346    32.7828       1742     7.2542  0.000e+00
     17.807     9.3203   3.531041    32.7764       1743     7.2583  0.000e+00
     17.671     9.3211   3.530496    32.7701       1744     7.2625  0.000e+00
     17.557     9.3188   3.530559    32.7729       1745     7.2667  0.000e+00
     17.445     9.3168   3.530299    32.7721       1746     7.2708  0.000e+00
     17.351     9.3141   3.528728    32.7584       1747     7.2750  0.000e+00
     17.267     9.3057   3.527708    32.7556       1748     7.2792  0.000e+00
     17.201     9.2935   3.528056    32.7704       1749     7.2833  0.000e+00
     17.146     9.2872   3.526618    32.7614       1750     7.2875  0.000e+00
     17.107     9.2777   3.523786    32.7409       1751     7.2917  0.000e+00
     17.083     9.2591   3.524268    32.7629       1752     7.2958  0.000e+00
     17.077     9.2466   3.524161    32.7733       1753     7.3000  0.000e+00
     17.083     9.2400   3.522571    32.7629       1754     7.3042  0.000e+00
     17.086     9.2300   3.522983    32.7764       1755     7.3083  0.000e+00
     17.107     9.2241   3.522983    32.7818       1756     7.3125  0.000e+00
     17.122     9.2219   3.522463    32.7784       1757     7.3167  0.000e+00
     17.146     9.2191   3.523116    32.7877       1758     7.3208  0.000e+00
     17.176     9.2194   3.523375    32.7902       1759     7.3250  0.000e+00
     17.192     9.2217   3.522964    32.7837       1760     7.3292  0.000e+00
     17.210     9.2217   3.523787    32.7922       1761     7.3333  0.000e+00
     17.216     9.2254   3.525200    32.8035       1762     7.3375  0.000e+00
     17.195     9.2345   3.525485    32.7981       1763     7.3417  0.000e+00
     17.167     9.2422   3.524661    32.7825       1764     7.3458  0.000e+00
     17.122     9.2438   3.525206    32.7866       1765     7.3500  0.000e+00
     17.056     9.2454   3.525788    32.7912       1766     7.3542  0.000e+00
     16.974     9.2495   3.525814    32.7878       1767     7.3583  0.000e+00
     16.878     9.2528   3.526403    32.7909       1768     7.3625  0.000e+00
     16.760     9.2573   3.526510    32.7879       1769     7.3667  0.000e+00
     16.631     9.2609   3.526466    32.7842       1770     7.3708  0.000e+00
     16.483     9.2625   3.526377    32.7819       1771     7.3750  0.000e+00
     16.329     9.2628   3.526270    32.7805       1772     7.3792  0.000e+00
     16.163     9.2624   3.525750    32.7756       1773     7.3833  0.000e+00
     15.988     9.2616   3.529450    32.8147       1774     7.3875  0.000e+00
     15.816     9.2747   3.528557    32.7935       1775     7.3917  0.000e+00
     15.656     9.2855   3.529818    32.7966       1776     7.3958  0.000e+00
     15.511     9.2949   3.529779    32.7877       1777     7.4000  0.000e+00
     15.367     9.3010   3.529906    32.7835       1778     7.4042  0.000e+00
     15.243     9.3052   3.530800    32.7889       1779     7.4083  0.000e+00
     15.128     9.3112   3.530907    32.7845       1780     7.4125  0.000e+00
     15.056     9.3160   3.530692    32.7780       1781     7.4167  0.000e+00
     14.989     9.3178   3.530863    32.7781       1782     7.4208  0.000e+00
     14.944     9.3191   3.531801    32.7866       1783     7.4250  0.000e+00
     14.935     9.3244   3.531978    32.7836       1784     7.4292  0.000e+00
     14.944     9.3294   3.531890    32.7780       1785     7.4333  0.000e+00
     14.962     9.3315   3.531782    32.7750       1786     7.4375  0.000e+00
     15.002     9.3319   3.531040    32.7670       1787     7.4417  0.000e+00
     15.053     9.3288   3.530647    32.7657       1788     7.4458  0.000e+00
     15.113     9.3238   3.530539    32.7692       1789     7.4500  0.000e+00
     15.168     9.3201   3.530280    32.7699       1790     7.4542  0.000e+00
     15.234     9.3164   3.528771    32.7577       1791     7.4583  0.000e+00
     15.291     9.3072   3.527663    32.7547       1792     7.4625  0.000e+00
     15.345     9.2952   3.528227    32.7714       1793     7.4667  0.000e+00
     15.379     9.2889   3.527143    32.7660       1794     7.4708  0.000e+00
     15.403     9.2824   3.526769    32.7682       1795     7.4750  0.000e+00
     15.403     9.2754   3.526947    32.7764       1796     7.4792  0.000e+00
     15.367     9.2717   3.526725    32.7775       1797     7.4833  0.000e+00
     15.315     9.2697   3.527270    32.7851       1798     7.4875  0.000e+00
     15.234     9.2707   3.527771    32.7893       1799     7.4917  0.000e+00
     15.137     9.2747   3.527840    32.7864       1800     7.4958  0.000e+00
     14.998     9.2786   3.528968    32.7945       1801     7.5000  0.000e+00
     14.845     9.2862   3.529754    32.7957       1802     7.5042  0.000e+00
     14.676     9.2943   3.527681    32.7670       1803     7.5083  0.000e+00
     14.483     9.2913   3.528100    32.7741       1804     7.5125  0.000e+00
     14.295     9.2873   3.529646    32.7938       1805     7.5167  0.000e+00
     14.108     9.2939   3.530825    32.8000       1806     7.5208  0.000e+00
     13.937     9.3052   3.530825    32.7898       1807     7.5250  0.000e+00
     13.777     9.3130   3.531370    32.7883       1808     7.5292  0.000e+00
     13.638     9.3198   3.531103    32.7793       1809     7.5333  0.000e+00
     13.514     9.3231   3.530824    32.7735       1810     7.5375  0.000e+00
     13.418     9.3223   3.530824    32.7742       1811     7.5417  0.000e+00
     13.339     9.3215   3.530824    32.7750       1812     7.5458  0.000e+00
     13.291     9.3214   3.531236    32.7794       1813     7.5500  0.000e+00
     13.267     9.3232   3.531933    32.7849       1814     7.5542  0.000e+00
     13.252     9.3281   3.532326    32.7845       1815     7.5583  0.000e+00
     13.270     9.3339   3.532371    32.7797       1816     7.5625  0.000e+00
     13.303     9.3382   3.534070    32.7932       1817     7.5667  0.000e+00
     13.339     9.3482   3.535712    32.8009       1818     7.5708  0.000e+00
     13.394     9.3640   3.535991    32.7894       1819     7.5750  0.000e+00
     13.442     9.3746   3.535319    32.7727       1820     7.5792  0.000e+00
     13.493     9.3782   3.535186    32.7680       1821     7.5833  0.000e+00
     13.547     9.3784   3.535972    32.7759       1822     7.5875  0.000e+00
     13.587     9.3808   3.535008    32.7637       1823     7.5917  0.000e+00
     13.620     9.3789   3.534792    32.7633       1824     7.5958  0.000e+00
     13.641     9.3754   3.534856    32.7671       1825     7.6000  0.000e+00
     13.638     9.3737   3.535141    32.7716       1826     7.6042  0.000e+00
     13.623     9.3734   3.533283    32.7527       1827     7.6083  0.000e+00
     13.584     9.3655   3.532700    32.7539       1828     7.6125  0.000e+00
     13.514     9.3558   3.532871    32.7647       1829     7.6167  0.000e+00
     13.439     9.3502   3.532478    32.7658       1830     7.6208  0.000e+00
     13.339     9.3464   3.532022    32.7645       1831     7.6250  0.000e+00
     13.225     9.3413   3.532066    32.7697       1832     7.6292  0.000e+00
     13.092     9.3384   3.531870    32.7705       1833     7.6333  0.000e+00
     12.953     9.3362   3.531933    32.7732       1834     7.6375  0.000e+00
     12.814     9.3359   3.533372    32.7884       1835     7.6417  0.000e+00
     12.673     9.3424   3.534533    32.7944       1836     7.6458  0.000e+00
     12.552     9.3534   3.534266    32.7817       1837     7.6500  0.000e+00
     12.437     9.3605   3.535338    32.7862       1838     7.6542  0.000e+00
     12.326     9.3686   3.537392    32.8000       1839     7.6583  0.000e+00
     12.226     9.3835   3.537760    32.7902       1840     7.6625  0.000e+00
     12.136     9.3959   3.537957    32.7808       1841     7.6667  0.000e+00
     12.057     9.4038   3.537830    32.7724       1842     7.6708  0.000e+00
     11.985     9.4074   3.538420    32.7752       1843     7.6750  0.000e+00
     11.933     9.4114   3.538572    32.7731       1844     7.6792  0.000e+00
     11.903     9.4150   3.538680    32.7710       1845     7.6833  0.000e+00
     11.876     9.4172   3.539009    32.7723       1846     7.6875  0.000e+00
     11.852     9.4203   3.539403    32.7736       1847     7.6917  0.000e+00
     11.846     9.4238   3.539492    32.7712       1848     7.6958  0.000e+00
     11.846     9.4267   3.539492    32.7686       1849     7.7000  0.000e+00
     11.858     9.4284   3.539574    32.7679       1850     7.7042  0.000e+00
     11.882     9.4296   3.539923    32.7704       1851     7.7083  0.000e+00
     11.906     9.4317   3.540164    32.7709       1852     7.7125  0.000e+00
     11.927     9.4343   3.540126    32.7681       1853     7.7167  0.000e+00
     11.958     9.4357   3.540164    32.7672       1854     7.7208  0.000e+00
     11.985     9.4367   3.540164    32.7663       1855     7.7250  0.000e+00
     11.994     9.4370   3.540164    32.7660       1856     7.7292  0.000e+00
