HB2302/sbe012.cnv
* Sea-Bird SBE 19plus V2 Data File:
* FileName = C:\cruise\data\sbe012.hex
* Software Version Seasave V 7.26.7.121
* Temperature SN = 4758
* Conductivity SN = 4758
* System UpLoad Time = Jun 10 2023 03:37:34
* NMEA Latitude = 40 09.98 N
* NMEA Longitude = 071 46.93 W
* NMEA UTC (Time) = Jun 10 2023 03:37:35
** Cruise: HB2302
** Program: Ecomon
** Chief Scientist: Jerry Prezioso
# nquan = 7
# nvalues = 1709                                  
# units = specified
# name 0 = depSM: Depth [salt water, m]
# name 1 = tv290C: Temperature [ITS-90, deg C]
# name 2 = c0S/m: Conductivity [S/m]
# name 3 = sal00: Salinity, Practical [PSU]
# name 4 = scan: Scan Count
# name 5 = timeM: Time, Elapsed [minutes]
# name 6 = flag:  0.000e+00
# span 0 =     -0.170,     76.787                 
# span 1 =     8.6391,    15.4343                 
# span 2 =  -0.000037,   4.177257                 
# span 3 =     0.0000,    33.8244                 
# span 4 =         11,       1719                 
# span 5 =     0.0417,     7.1583                 
# span 6 = 0.0000e+00, 0.0000e+00                 
# interval = seconds: 0.25
# start_time = Jun 10 2023 03:37:35 [NMEA time, header]
# bad_flag = -9.990e-29
*END*
[from data line 821]
     59.370     9.6561   3.615916    33.3206        832     3.4625  0.000e+00
     59.288     9.6533   3.615826    33.3223        833     3.4667  0.000e+00
     59.204     9.6514   3.615782    33.3237        834     3.4708  0.000e+00
     59.122     9.6502   3.615692    33.3239        835     3.4750  0.000e+00
     59.050     9.6493   3.615570    33.3235        836     3.4792  0.000e+00
     58.981     9.6485   3.615353    33.3221        837     3.4833  0.000e+00
     58.917     9.6473   3.615263    33.3223        838     3.4875  0.000e+00
     58.848     9.6464   3.615289    33.3234        839     3.4917  0.000e+00
     58.782     9.6459   3.615289    33.3239        840     3.4958  0.000e+00
     58.721     9.6456   3.615250    33.3238        841     3.5000  0.000e+00
     58.667     9.6453   3.615065    33.3222        842     3.5042  0.000e+00
     58.598     9.6446   3.615199    33.3242        843     3.5083  0.000e+00
     58.540     9.6446   3.615199    33.3243        844     3.5125  0.000e+00
     58.468     9.6447   3.614950    33.3216        845     3.5167  0.000e+00
     58.395     9.6442   3.614738    33.3200        846     3.5208  0.000e+00
     58.323     9.6427   3.613811    33.3119        847     3.5250  0.000e+00
     58.248     9.6384   3.611796    33.2953        848     3.5292  0.000e+00
     58.160     9.6273   3.608797    33.2749        849     3.5333  0.000e+00
     58.073     9.6104   3.608797    33.2905        850     3.5375  0.000e+00
     57.979     9.5988   3.608771    33.3011        851     3.5417  0.000e+00
     57.907     9.5932   3.609168    33.3104        852     3.5458  0.000e+00
     57.822     9.5917   3.610095    33.3213        853     3.5500  0.000e+00
     57.738     9.5950   3.610722    33.3247        854     3.5542  0.000e+00
     57.659     9.6006   3.609021    33.3022        855     3.5583  0.000e+00
     57.584     9.5981   3.610050    33.3150        856     3.5625  0.000e+00
     57.509     9.5974   3.610555    33.3209        857     3.5667  0.000e+00
     57.430     9.5975   3.603562    33.2491        858     3.5708  0.000e+00
     57.352     9.5788   3.604482    33.2759        859     3.5750  0.000e+00
     57.279     9.5618   3.600214    33.2478        860     3.5792  0.000e+00
     57.201     9.5341   3.583469    33.1015        861     3.5833  0.000e+00
     57.123     9.4634   3.582800    33.1600        862     3.5875  0.000e+00
     57.041     9.4100   3.582450    33.2059        863     3.5917  0.000e+00
     56.972     9.3819   3.581048    33.2176        864     3.5958  0.000e+00
     56.905     9.3622   3.577154    33.1957        865     3.6000  0.000e+00
     56.830     9.3386   3.575778    33.2034        866     3.6042  0.000e+00
     56.761     9.3191   3.571359    33.1759        867     3.6083  0.000e+00
     56.691     9.2911   3.565286    33.1393        868     3.6125  0.000e+00
     56.619     9.2498   3.560439    33.1275        869     3.6167  0.000e+00
     56.543     9.2099   3.558678    33.1463        870     3.6208  0.000e+00
     56.474     9.1782   3.547171    33.0566        871     3.6250  0.000e+00
     56.402     9.1231   3.542962    33.0641        872     3.6292  0.000e+00
     56.335     9.0660   3.539638    33.0827        873     3.6333  0.000e+00
     56.266     9.0220   3.535464    33.0802        874     3.6375  0.000e+00
     56.197     8.9834   3.529315    33.0521        875     3.6417  0.000e+00
     56.127     8.9423   3.530032    33.0978        876     3.6458  0.000e+00
     56.046     8.9188   3.532041    33.1408        877     3.6500  0.000e+00
     55.958     8.9133   3.528074    33.1045        878     3.6542  0.000e+00
     55.889     8.9006   3.523981    33.0738        879     3.6583  0.000e+00
     55.792     8.8774   3.522196    33.0768        880     3.6625  0.000e+00
     55.699     8.8552   3.521373    33.0890        881     3.6667  0.000e+00
     55.599     8.8384   3.520569    33.0963        882     3.6708  0.000e+00
     55.497     8.8280   3.520784    33.1083        883     3.6750  0.000e+00
     55.394     8.8226   3.520265    33.1079        884     3.6792  0.000e+00
     55.283     8.8187   3.520373    33.1128        885     3.6833  0.000e+00
     55.183     8.8173   3.520524    33.1157        886     3.6875  0.000e+00
     55.077     8.8172   3.519828    33.1085        887     3.6917  0.000e+00
     54.978     8.8151   3.519328    33.1053        888     3.6958  0.000e+00
     54.875     8.8113   3.518112    33.0963        889     3.7000  0.000e+00
     54.776     8.8046   3.516916    33.0901        890     3.7042  0.000e+00
     54.682     8.7960   3.516119    33.0898        891     3.7083  0.000e+00
     54.589     8.7878   3.516201    33.0983        892     3.7125  0.000e+00
     54.507     8.7831   3.516201    33.1027        893     3.7167  0.000e+00
     54.426     8.7812   3.516208    33.1046        894     3.7208  0.000e+00
     54.347     8.7803   3.515746    33.1007        895     3.7250  0.000e+00
     54.263     8.7781   3.515119    33.0962        896     3.7292  0.000e+00
     54.188     8.7748   3.515031    33.0984        897     3.7333  0.000e+00
     54.112     8.7716   3.514531    33.0962        898     3.7375  0.000e+00
     54.037     8.7688   3.514531    33.0989        899     3.7417  0.000e+00
     53.961     8.7669   3.514449    33.0998        900     3.7458  0.000e+00
     53.892     8.7659   3.514468    33.1010        901     3.7500  0.000e+00
     53.823     8.7651   3.514531    33.1024        902     3.7542  0.000e+00
     53.756     8.7652   3.514468    33.1017        903     3.7583  0.000e+00
     53.684     8.7654   3.513993    33.0966        904     3.7625  0.000e+00
     53.624     8.7639   3.514012    33.0982        905     3.7667  0.000e+00
     53.557     8.7623   3.513449    33.0939        906     3.7708  0.000e+00
     53.494     8.7595   3.513278    33.0947        907     3.7750  0.000e+00
     53.422     8.7570   3.512734    33.0913        908     3.7792  0.000e+00
     53.355     8.7540   3.512709    33.0939        909     3.7833  0.000e+00
     53.283     8.7520   3.512449    33.0931        910     3.7875  0.000e+00
     53.204     8.7492   3.510590    33.0763        911     3.7917  0.000e+00
     53.126     8.7419   3.511456    33.0922        912     3.7958  0.000e+00
     53.057     8.7389   3.510242    33.0823        913     3.8000  0.000e+00
     52.966     8.7346   3.509313    33.0766        914     3.8042  0.000e+00
     52.876     8.7273   3.509091    33.0812        915     3.8083  0.000e+00
     52.788     8.7218   3.508231    33.0774        916     3.8125  0.000e+00
     52.698     8.7155   3.504963    33.0491        917     3.8167  0.000e+00
     52.616     8.7009   3.504034    33.0530        918     3.8208  0.000e+00
     52.529     8.6862   3.503472    33.0609        919     3.8250  0.000e+00
     52.447     8.6757   3.501463    33.0496        920     3.8292  0.000e+00
     52.366     8.6637   3.501033    33.0564        921     3.8333  0.000e+00
     52.290     8.6542   3.500774    33.0626        922     3.8375  0.000e+00
     52.209     8.6482   3.500427    33.0646        923     3.8417  0.000e+00
     52.131     8.6443   3.500857    33.0728        924     3.8458  0.000e+00
     52.058     8.6439   3.501855    33.0837        925     3.8500  0.000e+00
     51.989     8.6484   3.503624    33.0980        926     3.8542  0.000e+00
     51.907     8.6583   3.505438    33.1079        927     3.8583  0.000e+00
     51.832     8.6736   3.508832    33.1292        928     3.8625  0.000e+00
     51.747     8.6963   3.511621    33.1373        929     3.8667  0.000e+00
     51.660     8.7227   3.515701    33.1553        930     3.8708  0.000e+00
     51.575     8.7550   3.517201    33.1408        931     3.8750  0.000e+00
     51.479     8.7812   3.517219    33.1165        932     3.8792  0.000e+00
     51.385     8.7961   3.518567    33.1168        933     3.8833  0.000e+00
     51.274     8.8070   3.518592    33.1069        934     3.8875  0.000e+00
     51.168     8.8148   3.519700    33.1113        935     3.8917  0.000e+00
     51.060     8.8227   3.520567    33.1130        936     3.8958  0.000e+00
     50.939     8.8320   3.523043    33.1302        937     3.9000  0.000e+00
     50.830     8.8482   3.525152    33.1372        938     3.9042  0.000e+00
     50.722     8.8680   3.525849    33.1260        939     3.9083  0.000e+00
     50.622     8.8835   3.526463    33.1180        940     3.9125  0.000e+00
     50.520     8.8943   3.527527    33.1191        941     3.9167  0.000e+00
     50.429     8.9046   3.529314    33.1282        942     3.9208  0.000e+00
     50.342     8.9186   3.531057    33.1334        943     3.9250  0.000e+00
     50.272     8.9358   3.531646    33.1235        944     3.9292  0.000e+00
     50.200     8.9502   3.531361    33.1071        945     3.9333  0.000e+00
     50.134     8.9571   3.531272    33.0998        946     3.9375  0.000e+00
     50.085     8.9600   3.531342    33.0978        947     3.9417  0.000e+00
     50.028     8.9617   3.531430    33.0972        948     3.9458  0.000e+00
     49.977     8.9630   3.531468    33.0964        949     3.9500  0.000e+00
     49.941     8.9644   3.531620    33.0967        950     3.9542  0.000e+00
     49.886     8.9663   3.532127    33.1002        951     3.9583  0.000e+00
     49.838     8.9691   3.532495    33.1014        952     3.9625  0.000e+00
     49.793     8.9730   3.533281    33.1061        953     3.9667  0.000e+00
     49.742     8.9783   3.534067    33.1094        954     3.9708  0.000e+00
     49.693     8.9852   3.534809    33.1106        955     3.9750  0.000e+00
     49.627     8.9926   3.534898    33.1047        956     3.9792  0.000e+00
     49.561     8.9978   3.534872    33.0997        957     3.9833  0.000e+00
     49.482     9.0001   3.534765    33.0964        958     3.9875  0.000e+00
     49.410     9.0007   3.533522    33.0830        959     3.9917  0.000e+00
     49.319     8.9971   3.532628    33.0771        960     3.9958  0.000e+00
     49.226     8.9906   3.531208    33.0684        961     4.0000  0.000e+00
     49.123     8.9833   3.530054    33.0632        962     4.0042  0.000e+00
     49.015     8.9763   3.528983    33.0585        963     4.0083  0.000e+00
     48.903     8.9695   3.527741    33.0520        964     4.0125  0.000e+00
     48.798     8.9626   3.526784    33.0485        965     4.0167  0.000e+00
     48.698     8.9557   3.526810    33.0552        966     4.0208  0.000e+00
     48.601     8.9526   3.526873    33.0589        967     4.0250  0.000e+00
     48.520     8.9532   3.526937    33.0590        968     4.0292  0.000e+00
     48.433     8.9548   3.527285    33.0612        969     4.0333  0.000e+00
     48.354     8.9576   3.527767    33.0636        970     4.0375  0.000e+00
     48.282     8.9614   3.527919    33.0617        971     4.0417  0.000e+00
     48.221     8.9649   3.527069    33.0496        972     4.0458  0.000e+00
     48.167     8.9669   3.527918    33.0567        973     4.0500  0.000e+00
     48.107     8.9676   3.527418    33.0508        974     4.0542  0.000e+00
     48.059     8.9660   3.526848    33.0463        975     4.0583  0.000e+00
     48.013     8.9630   3.527526    33.0562        976     4.0625  0.000e+00
     47.959     8.9640   3.528007    33.0604        977     4.0667  0.000e+00
     47.899     8.9673   3.528330    33.0607        978     4.0708  0.000e+00
     47.838     8.9712   3.528767    33.0616        979     4.0750  0.000e+00
     47.769     8.9754   3.529572    33.0661        980     4.0792  0.000e+00
     47.700     8.9813   3.529984    33.0649        981     4.0833  0.000e+00
     47.624     8.9869   3.529857    33.0584        982     4.0875  0.000e+00
     47.546     8.9900   3.530028    33.0574        983     4.0917  0.000e+00
     47.464     8.9921   3.530142    33.0567        984     4.0958  0.000e+00
     47.374     8.9946   3.528437    33.0366        985     4.1000  0.000e+00
     47.283     8.9925   3.526828    33.0219        986     4.1042  0.000e+00
     47.190     8.9861   3.526068    33.0200        987     4.1083  0.000e+00
     47.096     8.9797   3.525390    33.0189        988     4.1125  0.000e+00
     46.997     8.9739   3.523629    33.0060        989     4.1167  0.000e+00
     46.909     8.9661   3.521539    32.9915        990     4.1208  0.000e+00
     46.816     8.9548   3.519431    32.9801        991     4.1250  0.000e+00
     46.731     8.9421   3.517108    32.9677        992     4.1292  0.000e+00
     46.638     8.9295   3.516570    32.9739        993     4.1333  0.000e+00
     46.557     8.9208   3.516349    32.9796        994     4.1375  0.000e+00
     46.478     8.9152   3.514261    32.9631        995     4.1417  0.000e+00
     46.409     8.9060   3.513552    32.9644        996     4.1458  0.000e+00
     46.339     8.8967   3.513053    32.9678        997     4.1500  0.000e+00
     46.276     8.8900   3.513053    32.9741        998     4.1542  0.000e+00
     46.210     8.8861   3.513141    32.9787        999     4.1583  0.000e+00
     46.152     8.8850   3.513122    32.9795       1000     4.1625  0.000e+00
     46.092     8.8845   3.513053    32.9793       1001     4.1667  0.000e+00
     46.044     8.8840   3.513141    32.9806       1002     4.1708  0.000e+00
     45.984     8.8844   3.513274    32.9817       1003     4.1750  0.000e+00
     45.923     8.8851   3.513249    32.9808       1004     4.1792  0.000e+00
     45.857     8.8854   3.513078    32.9787       1005     4.1833  0.000e+00
     45.800     8.8844   3.510219    32.9499       1006     4.1875  0.000e+00
     45.727     8.8775   3.509308    32.9469       1007     4.1917  0.000e+00
     45.655     8.8691   3.509353    32.9551       1008     4.1958  0.000e+00
     45.579     8.8642   3.508506    32.9509       1009     4.2000  0.000e+00
     45.504     8.8592   3.507317    32.9432       1010     4.2042  0.000e+00
     45.423     8.8527   3.507317    32.9493       1011     4.2083  0.000e+00
     45.344     8.8489   3.507102    32.9506       1012     4.2125  0.000e+00
     45.263     8.8461   3.506217    32.9440       1013     4.2167  0.000e+00
     45.175     8.8422   3.506059    32.9460       1014     4.2208  0.000e+00
     45.097     8.8394   3.505345    32.9412       1015     4.2250  0.000e+00
     45.009     8.8351   3.503379    32.9247       1016     4.2292  0.000e+00
     44.931     8.8250   3.501004    32.9093       1017     4.2333  0.000e+00
     44.853     8.8099   3.497467    32.8864       1018     4.2375  0.000e+00
     44.774     8.7892   3.495806    32.8883       1019     4.2417  0.000e+00
     44.702     8.7697   3.492038    32.8670       1020     4.2458  0.000e+00
     44.638     8.7481   3.491029    32.8765       1021     4.2500  0.000e+00
     44.566     8.7301   3.488360    32.8654       1022     4.2542  0.000e+00
     44.497     8.7129   3.486493    32.8618       1023     4.2583  0.000e+00
     44.436     8.6969   3.485755    32.8689       1024     4.2625  0.000e+00
     44.379     8.6855   3.484986    32.8716       1025     4.2667  0.000e+00
     44.325     8.6772   3.485030    32.8797       1026     4.2708  0.000e+00
     44.277     8.6728   3.485333    32.8870       1027     4.2750  0.000e+00
     44.216     8.6722   3.485478    32.8891       1028     4.2792  0.000e+00
     44.177     8.6730   3.485737    32.8911       1029     4.2833  0.000e+00
     44.114     8.6748   3.484753    32.8791       1030     4.2875  0.000e+00
     44.053     8.6728   3.481941    32.8516       1031     4.2917  0.000e+00
     43.990     8.6614   3.480201    32.8439       1032     4.2958  0.000e+00
     43.918     8.6478   3.479811    32.8525       1033     4.3000  0.000e+00
     43.833     8.6391   3.482237    32.8860       1034     4.3042  0.000e+00
     43.752     8.6437   3.483530    32.8954       1035     4.3083  0.000e+00
