HB2302/sbe095.cnv
* Sea-Bird SBE 19plus V2 Data File:
* FileName = C:\cruise\data\sbe095.hex
* Software Version Seasave V 7.26.7.121
* Temperature SN = 4758
* Conductivity SN = 4758
* System UpLoad Time = Jun 17 2023 08:43:23
* NMEA Latitude = 40 56.21 N
* NMEA Longitude = 067 08.22 W
* NMEA UTC (Time) = Jun 17 2023 08:43:23
** Cruise: HB2302
** Program: Ecomon
** Chief Scientist: Jerry Prezioso
# nquan = 7
# nvalues = 2190                                  
# units = specified
# name 0 = depSM: Depth [salt water, m]
# name 1 = tv290C: Temperature [ITS-90, deg C]
# name 2 = c0S/m: Conductivity [S/m]
# name 3 = sal00: Salinity, Practical [PSU]
# name 4 = scan: Scan Count
# name 5 = timeM: Time, Elapsed [minutes]
# name 6 = flag:  0.000e+00
# span 0 =     -0.185,     79.717                 
# span 1 =     8.4339,    15.6235                 
# span 2 =   0.000113,   4.110960                 
# span 3 =     0.0081,    33.4655                 
# span 4 =         11,       2200                 
# span 5 =     0.0417,     9.1625                 
# span 6 = 0.0000e+00, 0.0000e+00                 
# interval = seconds: 0.25
# start_time = Jun 17 2023 08:43:23 [NMEA time, header]
# bad_flag = -9.990e-29
*END*
[from data line 411]
     38.470     8.8298   3.492553    32.8195        422     1.7542  0.000e+00
     38.654     8.8297   3.492401    32.8180        423     1.7583  0.000e+00
     38.832     8.8290   3.492401    32.8186        424     1.7625  0.000e+00
     39.010     8.8283   3.492446    32.8196        425     1.7667  0.000e+00
     39.185     8.8278   3.492446    32.8199        426     1.7708  0.000e+00
     39.346     8.8276   3.492509    32.8207        427     1.7750  0.000e+00
     39.509     8.8276   3.492509    32.8206        428     1.7792  0.000e+00
     39.657     8.8277   3.492402    32.8194        429     1.7833  0.000e+00
     39.793     8.8272   3.492231    32.8180        430     1.7875  0.000e+00
     39.916     8.8265   3.492067    32.8168        431     1.7917  0.000e+00
     40.028     8.8255   3.492162    32.8188        432     1.7958  0.000e+00
     40.137     8.8248   3.492232    32.8200        433     1.8000  0.000e+00
     40.230     8.8246   3.492143    32.8193        434     1.8042  0.000e+00
     40.330     8.8240   3.492036    32.8187        435     1.8083  0.000e+00
     40.424     8.8234   3.492017    32.8189        436     1.8125  0.000e+00
     40.514     8.8229   3.492036    32.8196        437     1.8167  0.000e+00
     40.599     8.8225   3.491948    32.8190        438     1.8208  0.000e+00
     40.681     8.8221   3.491841    32.8182        439     1.8250  0.000e+00
     40.750     8.8212   3.491758    32.8182        440     1.8292  0.000e+00
     40.823     8.8203   3.491702    32.8184        441     1.8333  0.000e+00
     40.892     8.8196   3.491714    32.8191        442     1.8375  0.000e+00
     40.965     8.8194   3.491714    32.8192        443     1.8417  0.000e+00
     41.049     8.8193   3.491714    32.8193        444     1.8458  0.000e+00
     41.125     8.8196   3.491778    32.8197        445     1.8500  0.000e+00
     41.209     8.8194   3.491778    32.8198        446     1.8542  0.000e+00
     41.300     8.8197   3.491797    32.8197        447     1.8583  0.000e+00
     41.409     8.8198   3.491822    32.8199        448     1.8625  0.000e+00
     41.517     8.8203   3.491885    32.8200        449     1.8667  0.000e+00
     41.629     8.8206   3.491948    32.8203        450     1.8708  0.000e+00
     41.756     8.8209   3.491885    32.8193        451     1.8750  0.000e+00
     41.901     8.8211   3.491948    32.8197        452     1.8792  0.000e+00
     42.043     8.8212   3.491974    32.8199        453     1.8833  0.000e+00
     42.197     8.8215   3.491992    32.8197        454     1.8875  0.000e+00
     42.342     8.8217   3.491910    32.8186        455     1.8917  0.000e+00
     42.499     8.8216   3.491974    32.8192        456     1.8958  0.000e+00
     42.671     8.8217   3.492163    32.8211        457     1.9000  0.000e+00
     42.834     8.8225   3.492384    32.8226        458     1.9042  0.000e+00
     43.003     8.8241   3.492466    32.8219        459     1.9083  0.000e+00
     43.169     8.8255   3.492384    32.8196        460     1.9125  0.000e+00
     43.341     8.8260   3.492472    32.8200        461     1.9167  0.000e+00
     43.504     8.8266   3.492510    32.8198        462     1.9208  0.000e+00
     43.658     8.8270   3.492492    32.8191        463     1.9250  0.000e+00
     43.818     8.8272   3.492529    32.8193        464     1.9292  0.000e+00
     43.963     8.8272   3.492422    32.8181        465     1.9333  0.000e+00
     44.114     8.8269   3.492359    32.8176        466     1.9375  0.000e+00
     44.244     8.8262   3.492252    32.8171        467     1.9417  0.000e+00
     44.383     8.8254   3.492189    32.8171        468     1.9458  0.000e+00
     44.498     8.8244   3.492082    32.8169        469     1.9500  0.000e+00
     44.616     8.8234   3.492101    32.8179        470     1.9542  0.000e+00
     44.724     8.8229   3.492000    32.8173        471     1.9583  0.000e+00
     44.821     8.8222   3.491949    32.8174        472     1.9625  0.000e+00
     44.921     8.8214   3.491930    32.8179        473     1.9667  0.000e+00
     45.005     8.8210   3.491930    32.8182        474     1.9708  0.000e+00
     45.099     8.8208   3.491930    32.8184        475     1.9750  0.000e+00
     45.186     8.8205   3.491930    32.8186        476     1.9792  0.000e+00
     45.277     8.8205   3.491975    32.8190        477     1.9833  0.000e+00
     45.359     8.8205   3.491949    32.8187        478     1.9875  0.000e+00
     45.434     8.8207   3.491930    32.8183        479     1.9917  0.000e+00
     45.522     8.8206   3.492019    32.8193        480     1.9958  0.000e+00
     45.609     8.8207   3.492019    32.8192        481     2.0000  0.000e+00
     45.697     8.8208   3.491994    32.8187        482     2.0042  0.000e+00
     45.790     8.8210   3.492038    32.8190        483     2.0083  0.000e+00
     45.887     8.8211   3.492101    32.8195        484     2.0125  0.000e+00
     45.984     8.8215   3.492101    32.8190        485     2.0167  0.000e+00
     46.095     8.8218   3.492082    32.8186        486     2.0208  0.000e+00
     46.219     8.8218   3.492101    32.8187        487     2.0250  0.000e+00
     46.349     8.8219   3.492208    32.8196        488     2.0292  0.000e+00
     46.482     8.8226   3.492297    32.8199        489     2.0333  0.000e+00
     46.618     8.8234   3.492297    32.8191        490     2.0375  0.000e+00
     46.778     8.8239   3.492429    32.8199        491     2.0417  0.000e+00
     46.932     8.8245   3.492493    32.8200        492     2.0458  0.000e+00
     47.095     8.8253   3.492512    32.8193        493     2.0500  0.000e+00
     47.273     8.8257   3.492556    32.8193        494     2.0542  0.000e+00
     47.451     8.8258   3.492468    32.8182        495     2.0583  0.000e+00
     47.635     8.8258   3.492404    32.8175        496     2.0625  0.000e+00
     47.817     8.8253   3.492360    32.8174        497     2.0667  0.000e+00
     48.001     8.8248   3.492386    32.8181        498     2.0708  0.000e+00
     48.191     8.8245   3.492361    32.8180        499     2.0750  0.000e+00
     48.360     8.8243   3.492316    32.8177        500     2.0792  0.000e+00
     48.538     8.8241   3.492455    32.8192        501     2.0833  0.000e+00
     48.707     8.8243   3.492531    32.8197        502     2.0875  0.000e+00
     48.849     8.8248   3.492386    32.8177        503     2.0917  0.000e+00
     48.979     8.8250   3.492235    32.8159        504     2.0958  0.000e+00
     49.094     8.8236   3.492102    32.8157        505     2.1000  0.000e+00
     49.184     8.8220   3.491976    32.8158        506     2.1042  0.000e+00
     49.266     8.8200   3.491351    32.8112        507     2.1083  0.000e+00
     49.341     8.8157   3.491111    32.8126        508     2.1125  0.000e+00
     49.399     8.8113   3.490619    32.8115        509     2.1167  0.000e+00
     49.444     8.8058   3.489522    32.8051        510     2.1208  0.000e+00
     49.484     8.7968   3.489395    32.8121        511     2.1250  0.000e+00
     49.529     8.7899   3.489288    32.8174        512     2.1292  0.000e+00
     49.565     8.7856   3.488986    32.8181        513     2.1333  0.000e+00
     49.607     8.7819   3.489049    32.8222        514     2.1375  0.000e+00
     49.656     8.7798   3.488815    32.8216        515     2.1417  0.000e+00
     49.710     8.7780   3.488639    32.8215        516     2.1458  0.000e+00
     49.783     8.7758   3.488513    32.8222        517     2.1500  0.000e+00
     49.879     8.7737   3.488361    32.8225        518     2.1542  0.000e+00
     49.994     8.7719   3.488317    32.8236        519     2.1583  0.000e+00
     50.124     8.7702   3.488128    32.8232        520     2.1625  0.000e+00
     50.272     8.7685   3.487932    32.8227        521     2.1667  0.000e+00
     50.429     8.7663   3.487869    32.8239        522     2.1708  0.000e+00
     50.592     8.7647   3.487781    32.8245        523     2.1750  0.000e+00
     50.767     8.7635   3.487567    32.8233        524     2.1792  0.000e+00
     50.948     8.7616   3.487397    32.8231        525     2.1833  0.000e+00
     51.132     8.7596   3.487352    32.8244        526     2.1875  0.000e+00
     51.320     8.7579   3.486772    32.8199        527     2.1917  0.000e+00
     51.507     8.7536   3.485568    32.8111        528     2.1958  0.000e+00
     51.697     8.7452   3.484736    32.8102        529     2.2000  0.000e+00
     51.875     8.7351   3.484452    32.8164        530     2.2042  0.000e+00
     52.056     8.7272   3.483979    32.8187        531     2.2083  0.000e+00
     52.219     8.7201   3.483443    32.8196        532     2.2125  0.000e+00
     52.364     8.7137   3.482927    32.8201        533     2.2167  0.000e+00
     52.503     8.7075   3.482202    32.8182        534     2.2208  0.000e+00
     52.633     8.6999   3.481597    32.8188        535     2.2250  0.000e+00
     52.751     8.6920   3.481042    32.8204        536     2.2292  0.000e+00
     52.853     8.6848   3.481036    32.8269        537     2.2333  0.000e+00
     52.956     8.6802   3.480935    32.8300        538     2.2375  0.000e+00
     53.053     8.6779   3.480872    32.8315        539     2.2417  0.000e+00
     53.143     8.6763   3.480696    32.8311        540     2.2458  0.000e+00
     53.231     8.6742   3.480034    32.8260        541     2.2500  0.000e+00
     53.315     8.6701   3.479650    32.8258        542     2.2542  0.000e+00
     53.403     8.6651   3.479152    32.8252        543     2.2583  0.000e+00
     53.491     8.6595   3.478963    32.8283        544     2.2625  0.000e+00
     53.581     8.6554   3.478957    32.8320        545     2.2667  0.000e+00
     53.675     8.6530   3.479070    32.8354        546     2.2708  0.000e+00
     53.780     8.6522   3.478963    32.8350        547     2.2750  0.000e+00
     53.886     8.6516   3.479045    32.8363        548     2.2792  0.000e+00
     53.986     8.6514   3.479070    32.8367        549     2.2833  0.000e+00
     54.104     8.6518   3.479089    32.8365        550     2.2875  0.000e+00
     54.224     8.6519   3.479070    32.8362        551     2.2917  0.000e+00
     54.351     8.6518   3.478799    32.8334        552     2.2958  0.000e+00
     54.484     8.6506   3.478642    32.8328        553     2.3000  0.000e+00
     54.635     8.6485   3.478062    32.8286        554     2.3042  0.000e+00
     54.783     8.6445   3.477571    32.8271        555     2.3083  0.000e+00
     54.940     8.6390   3.477143    32.8276        556     2.3125  0.000e+00
     55.097     8.6337   3.477332    32.8345        557     2.3167  0.000e+00
     55.260     8.6312   3.477225    32.8356        558     2.3208  0.000e+00
     55.417     8.6298   3.476733    32.8317        559     2.3250  0.000e+00
     55.577     8.6265   3.476544    32.8326        560     2.3292  0.000e+00
     55.740     8.6232   3.476261    32.8327        561     2.3333  0.000e+00
     55.906     8.6200   3.476047    32.8334        562     2.3375  0.000e+00
     56.057     8.6165   3.475688    32.8327        563     2.3417  0.000e+00
     56.205     8.6128   3.475474    32.8339        564     2.3458  0.000e+00
     56.347     8.6096   3.475279    32.8347        565     2.3500  0.000e+00
     56.480     8.6066   3.475090    32.8355        566     2.3542  0.000e+00
     56.615     8.6039   3.474945    32.8364        567     2.3583  0.000e+00
     56.736     8.6017   3.474806    32.8370        568     2.3625  0.000e+00
     56.851     8.5996   3.474617    32.8368        569     2.3667  0.000e+00
     56.957     8.5978   3.474403    32.8362        570     2.3708  0.000e+00
     57.053     8.5956   3.474271    32.8368        571     2.3750  0.000e+00
     57.150     8.5932   3.474164    32.8379        572     2.3792  0.000e+00
     57.234     8.5916   3.474101    32.8387        573     2.3833  0.000e+00
     57.325     8.5907   3.474158    32.8401        574     2.3875  0.000e+00
     57.413     8.5899   3.474208    32.8413        575     2.3917  0.000e+00
     57.506     8.5899   3.474019    32.8393        576     2.3958  0.000e+00
     57.606     8.5894   3.474082    32.8403        577     2.4000  0.000e+00
     57.711     8.5889   3.474020    32.8402        578     2.4042  0.000e+00
     57.832     8.5881   3.473850    32.8390        579     2.4083  0.000e+00
     57.959     8.5870   3.473994    32.8415        580     2.4125  0.000e+00
     58.095     8.5869   3.474114    32.8428        581     2.4167  0.000e+00
     58.249     8.5876   3.474083    32.8418        582     2.4208  0.000e+00
     58.397     8.5879   3.474146    32.8421        583     2.4250  0.000e+00
     58.566     8.5883   3.473888    32.8389        584     2.4292  0.000e+00
     58.735     8.5874   3.473781    32.8386        585     2.4333  0.000e+00
     58.904     8.5861   3.473869    32.8406        586     2.4375  0.000e+00
     59.082     8.5855   3.473850    32.8408        587     2.4417  0.000e+00
     59.266     8.5850   3.473756    32.8402        588     2.4458  0.000e+00
     59.456     8.5843   3.473548    32.8386        589     2.4500  0.000e+00
     59.637     8.5826   3.473032    32.8347        590     2.4542  0.000e+00
     59.813     8.5789   3.472459    32.8320        591     2.4583  0.000e+00
     59.985     8.5735   3.471898    32.8311        592     2.4625  0.000e+00
     60.130     8.5672   3.471155    32.8291        593     2.4667  0.000e+00
     60.256     8.5593   3.470255    32.8269        594     2.4708  0.000e+00
     60.371     8.5500   3.469815    32.8309        595     2.4750  0.000e+00
     60.474     8.5419   3.469362    32.8336        596     2.4792  0.000e+00
     60.561     8.5350   3.469104    32.8373        597     2.4833  0.000e+00
     60.634     8.5302   3.469016    32.8408        598     2.4875  0.000e+00
     60.700     8.5268   3.468934    32.8431        599     2.4917  0.000e+00
     60.770     8.5245   3.468802    32.8437        600     2.4958  0.000e+00
     60.842     8.5231   3.468915    32.8462        601     2.5000  0.000e+00
     60.918     8.5227   3.469362    32.8513        602     2.5042  0.000e+00
     61.005     8.5247   3.469551    32.8513        603     2.5083  0.000e+00
     61.093     8.5275   3.469721    32.8505        604     2.5125  0.000e+00
     61.198     8.5296   3.469551    32.8467        605     2.5167  0.000e+00
     61.313     8.5305   3.469425    32.8445        606     2.5208  0.000e+00
     61.437     8.5298   3.469532    32.8462        607     2.5250  0.000e+00
     61.576     8.5298   3.469727    32.8482        608     2.5292  0.000e+00
     61.730     8.5309   3.469721    32.8471        609     2.5333  0.000e+00
     61.905     8.5315   3.469595    32.8451        610     2.5375  0.000e+00
     62.074     8.5310   3.469639    32.8459        611     2.5417  0.000e+00
     62.258     8.5309   3.469570    32.8452        612     2.5458  0.000e+00
     62.445     8.5305   3.469702    32.8469        613     2.5500  0.000e+00
     62.635     8.5308   3.469683    32.8464        614     2.5542  0.000e+00
     62.831     8.5310   3.469532    32.8445        615     2.5583  0.000e+00
     63.022     8.5303   3.469256    32.8421        616     2.5625  0.000e+00
     63.212     8.5285   3.469212    32.8432        617     2.5667  0.000e+00
     63.396     8.5267   3.468954    32.8421        618     2.5708  0.000e+00
     63.565     8.5245   3.468847    32.8429        619     2.5750  0.000e+00
     63.728     8.5225   3.468740    32.8436        620     2.5792  0.000e+00
     63.879     8.5210   3.468759    32.8451        621     2.5833  0.000e+00
     64.006     8.5201   3.468891    32.8473        622     2.5875  0.000e+00
     64.135     8.5199   3.468482    32.8432        623     2.5917  0.000e+00
     64.238     8.5184   3.468230    32.8418        624     2.5958  0.000e+00
     64.338     8.5159   3.468079    32.8426        625     2.6000  0.000e+00
