HB2302/sbe064.cnv
* Sea-Bird SBE 19plus V2 Data File:
* FileName = C:\cruise\data\sbe064.hex
* Software Version Seasave V 7.26.7.121
* Temperature SN = 4758
* Conductivity SN = 4758
* System UpLoad Time = Jun 14 2023 23:43:43
* NMEA Latitude = 41 00.44 N
* NMEA Longitude = 070 51.81 W
* NMEA UTC (Time) = Jun 14 2023 23:43:43
** Cruise: HB2302
** Program: Ecomon
** Chief Scientist: Jerry Prezioso
# nquan = 7
# nvalues = 1418                                  
# units = specified
# name 0 = depSM: Depth [salt water, m]
# name 1 = tv290C: Temperature [ITS-90, deg C]
# name 2 = c0S/m: Conductivity [S/m]
# name 3 = sal00: Salinity, Practical [PSU]
# name 4 = scan: Scan Count
# name 5 = timeM: Time, Elapsed [minutes]
# name 6 = flag:  0.000e+00
# span 0 =     -0.220,     45.301                 
# span 1 =    10.1751,    18.0913                 
# span 2 =   0.000014,   4.067483                 
# span 3 =     0.0091,    32.4252                 
# span 4 =         11,       1428                 
# span 5 =     0.0417,     5.9458                 
# span 6 = 0.0000e+00, 0.0000e+00                 
# interval = seconds: 0.25
# start_time = Jun 14 2023 23:43:43 [NMEA time, header]
# bad_flag = -9.990e-29
*END*
     -0.213    18.0772   0.000053     0.0091         11     0.0417  0.000e+00
     -0.207    18.0773   0.000050     0.0091         12     0.0458  0.000e+00
     -0.207    18.0781   0.000053     0.0091         13     0.0500  0.000e+00
     -0.213    18.0783   0.000056     0.0091         14     0.0542  0.000e+00
     -0.216    18.0784   0.000056     0.0091         15     0.0583  0.000e+00
     -0.216    18.0785   0.000053     0.0091         16     0.0625  0.000e+00
     -0.210    18.0786   0.000056     0.0091         17     0.0667  0.000e+00
     -0.207    18.0785   0.000059     0.0091         18     0.0708  0.000e+00
     -0.213    18.0788   0.000056     0.0091         19     0.0750  0.000e+00
     -0.207    18.0788   0.000053     0.0091         20     0.0792  0.000e+00
     -0.210    18.0787   0.000056     0.0091         21     0.0833  0.000e+00
     -0.207    18.0790   0.000050     0.0091         22     0.0875  0.000e+00
     -0.210    18.0788   0.000053     0.0091         23     0.0917  0.000e+00
     -0.207    18.0790   0.000056     0.0091         24     0.0958  0.000e+00
     -0.207    18.0789   0.000059     0.0091         25     0.1000  0.000e+00
     -0.207    18.0790   0.000056     0.0091         26     0.1042  0.000e+00
     -0.210    18.0790   0.000056     0.0091         27     0.1083  0.000e+00
     -0.207    18.0792   0.000059     0.0091         28     0.1125  0.000e+00
     -0.207    18.0794   0.000062     0.0091         29     0.1167  0.000e+00
     -0.207    18.0792   0.000059     0.0091         30     0.1208  0.000e+00
     -0.210    18.0793   0.000056     0.0091         31     0.1250  0.000e+00
     -0.207    18.0796   0.000065     0.0091         32     0.1292  0.000e+00
     -0.204    18.0797   0.000062     0.0091         33     0.1333  0.000e+00
     -0.207    18.0796   0.000056     0.0091         34     0.1375  0.000e+00
     -0.210    18.0797   0.000059     0.0091         35     0.1417  0.000e+00
     -0.211    18.0798   0.000056     0.0091         36     0.1458  0.000e+00
     -0.207    18.0798   0.000059     0.0091         37     0.1500  0.000e+00
     -0.208    18.0799   0.000062     0.0091         38     0.1542  0.000e+00
     -0.210    18.0801   0.000062     0.0091         39     0.1583  0.000e+00
     -0.210    18.0800   0.000059     0.0091         40     0.1625  0.000e+00
     -0.210    18.0803   0.000056     0.0091         41     0.1667  0.000e+00
     -0.211    18.0805   0.000059     0.0091         42     0.1708  0.000e+00
     -0.208    18.0807   0.000050     0.0091         43     0.1750  0.000e+00
     -0.211    18.0805   0.000053     0.0091         44     0.1792  0.000e+00
     -0.208    18.0807   0.000062     0.0091         45     0.1833  0.000e+00
     -0.208    18.0808   0.000062     0.0091         46     0.1875  0.000e+00
     -0.213    18.0807   0.000059     0.0091         47     0.1917  0.000e+00
     -0.207    18.0811   0.000062     0.0091         48     0.1958  0.000e+00
     -0.210    18.0807   0.000050     0.0091         49     0.2000  0.000e+00
     -0.210    18.0809   0.000056     0.0091         50     0.2042  0.000e+00
     -0.207    18.0811   0.000053     0.0091         51     0.2083  0.000e+00
     -0.210    18.0813   0.000056     0.0091         52     0.2125  0.000e+00
     -0.214    18.0814   0.000056     0.0091         53     0.2167  0.000e+00
     -0.204    18.0814   0.000059     0.0091         54     0.2208  0.000e+00
     -0.211    18.0818   0.000056     0.0091         55     0.2250  0.000e+00
     -0.204    18.0819   0.000050     0.0091         56     0.2292  0.000e+00
     -0.208    18.0818   0.000056     0.0091         57     0.2333  0.000e+00
     -0.204    18.0819   0.000050     0.0091         58     0.2375  0.000e+00
     -0.210    18.0819   0.000059     0.0091         59     0.2417  0.000e+00
     -0.220    18.0820   0.000056     0.0091         60     0.2458  0.000e+00
     -0.210    18.0819   0.000059     0.0091         61     0.2500  0.000e+00
     -0.208    18.0822   0.000056     0.0091         62     0.2542  0.000e+00
     -0.208    18.0824   0.000053     0.0091         63     0.2583  0.000e+00
     -0.211    18.0826   0.000056     0.0091         64     0.2625  0.000e+00
     -0.214    18.0828   0.000056     0.0091         65     0.2667  0.000e+00
     -0.201    18.0828   0.000059     0.0091         66     0.2708  0.000e+00
     -0.204    18.0827   0.000056     0.0091         67     0.2750  0.000e+00
     -0.204    18.0829   0.000059     0.0091         68     0.2792  0.000e+00
     -0.208    18.0831   0.000056     0.0091         69     0.2833  0.000e+00
     -0.211    18.0833   0.000065     0.0091         70     0.2875  0.000e+00
     -0.211    18.0832   0.000050     0.0091         71     0.2917  0.000e+00
     -0.208    18.0835   0.000056     0.0091         72     0.2958  0.000e+00
     -0.205    18.0835   0.000059     0.0091         73     0.3000  0.000e+00
     -0.208    18.0842   0.000056     0.0091         74     0.3042  0.000e+00
     -0.208    18.0841   0.000059     0.0091         75     0.3083  0.000e+00
     -0.211    18.0843   0.000056     0.0091         76     0.3125  0.000e+00
     -0.020    18.0863   0.000044     0.0091         77     0.3167  0.000e+00
      0.218    18.0913   0.000014     0.0092         78     0.3208  0.000e+00
      0.372    18.0327   0.989051     6.5231         79     0.3250  0.000e+00
      0.505    17.6147   2.537422    18.3298         80     0.3292  0.000e+00
      0.587    17.3750   2.799040    20.5352         81     0.3333  0.000e+00
      0.653    17.4260   2.424733    17.5203         82     0.3375  0.000e+00
      0.732    17.4875   3.444688    25.7472         83     0.3417  0.000e+00
      0.822    17.5137   4.033452    30.6578         84     0.3458  0.000e+00
      0.928    17.4970   3.246428    24.1079         85     0.3500  0.000e+00
      1.076    17.4466   4.017397    30.5723         86     0.3542  0.000e+00
      1.245    17.3850   4.051176    30.9057         87     0.3583  0.000e+00
      1.430    17.3333   4.064041    31.0546         88     0.3625  0.000e+00
      1.617    17.2844   4.063404    31.0867         89     0.3667  0.000e+00
      1.804    17.2393   4.064612    31.1316         90     0.3708  0.000e+00
      1.989    17.1849   4.066471    31.1893         91     0.3750  0.000e+00
      2.167    17.1216   4.067331    31.2455         92     0.3792  0.000e+00
      2.357    17.0716   4.067332    31.2842         93     0.3833  0.000e+00
      2.550    17.0408   4.066963    31.3049         94     0.3875  0.000e+00
      2.750    17.0270   4.066843    31.3145         95     0.3917  0.000e+00
      2.955    17.0156   4.066789    31.3228         96     0.3958  0.000e+00
      3.152    17.0124   4.067111    31.3280         97     0.4000  0.000e+00
      3.351    17.0118   4.066843    31.3261         98     0.4042  0.000e+00
      3.553    17.0086   4.066964    31.3295         99     0.4083  0.000e+00
      3.741    17.0034   4.066622    31.3306        100     0.4125  0.000e+00
      3.931    16.9882   4.066448    31.3409        101     0.4167  0.000e+00
      4.118    16.9659   4.066542    31.3589        102     0.4208  0.000e+00
      4.297    16.9300   4.065986    31.3821        103     0.4250  0.000e+00
      4.457    16.9090   4.066523    31.4031        104     0.4292  0.000e+00
      4.596    16.9066   4.067335    31.4119        105     0.4333  0.000e+00
      4.719    16.9085   4.067268    31.4098        106     0.4375  0.000e+00
      4.852    16.8892   4.067335    31.4254        107     0.4417  0.000e+00
      4.982    16.8577   4.067483    31.4512        108     0.4458  0.000e+00
      5.100    16.8365   4.067215    31.4654        109     0.4500  0.000e+00
      5.218    16.8208   4.066591    31.4723        110     0.4542  0.000e+00
      5.345    16.8087   4.066182    31.4783        111     0.4583  0.000e+00
      5.478    16.7982   4.065666    31.4819        112     0.4625  0.000e+00
      5.620    16.7872   4.065425    31.4884        113     0.4667  0.000e+00
      5.786    16.7688   4.064694    31.4965        114     0.4708  0.000e+00
      5.958    16.7484   4.064634    31.5119        115     0.4750  0.000e+00
      6.148    16.7321   4.064882    31.5268        116     0.4792  0.000e+00
      6.348    16.7222   4.064855    31.5342        117     0.4833  0.000e+00
      6.565    16.7183   4.064480    31.5340        118     0.4875  0.000e+00
      6.783    16.7265   4.064762    31.5299        119     0.4917  0.000e+00
      7.006    16.7284   4.064882    31.5294        120     0.4958  0.000e+00
      7.224    16.7309   4.064883    31.5274        121     0.5000  0.000e+00
      7.435    16.7322   4.065023    31.5275        122     0.5042  0.000e+00
      7.619    16.7280   4.065178    31.5320        123     0.5083  0.000e+00
      7.798    16.7194   4.065473    31.5413        124     0.5125  0.000e+00
      7.949    16.7091   4.065842    31.5526        125     0.5167  0.000e+00
      8.085    16.6990   4.066212    31.5636        126     0.5208  0.000e+00
      8.211    16.6937   4.066239    31.5680        127     0.5250  0.000e+00
      8.326    16.6927   4.065695    31.5641        128     0.5292  0.000e+00
      8.432    16.6901   4.065279    31.5624        129     0.5333  0.000e+00
      8.541    16.6848   4.065353    31.5672        130     0.5375  0.000e+00
      8.653    16.6794   4.064790    31.5666        131     0.5417  0.000e+00
      8.767    16.6777   4.064173    31.5625        132     0.5458  0.000e+00
      8.894    16.6745   4.063757    31.5614        133     0.5500  0.000e+00
      9.030    16.6670   4.063388    31.5641        134     0.5542  0.000e+00
      9.187    16.6619   4.062610    31.5613        135     0.5583  0.000e+00
      9.347    16.6584   4.061967    31.5584        136     0.5625  0.000e+00
      9.513    16.6505   4.061155    31.5575        137     0.5667  0.000e+00
      9.692    16.6423   4.060814    31.5609        138     0.5708  0.000e+00
      9.876    16.6349   4.060807    31.5667        139     0.5750  0.000e+00
     10.069    16.6252   4.060472    31.5714        140     0.5792  0.000e+00
     10.251    16.6177   4.060057    31.5735        141     0.5833  0.000e+00
     10.429    16.6107   4.059467    31.5739        142     0.5875  0.000e+00
     10.607    16.6041   4.059058    31.5755        143     0.5917  0.000e+00
     10.776    16.5966   4.058683    31.5781        144     0.5958  0.000e+00
     10.927    16.5867   4.057925    31.5793        145     0.6000  0.000e+00
     11.072    16.5786   4.056866    31.5764        146     0.6042  0.000e+00
     11.220    16.5727   4.054688    31.5622        147     0.6083  0.000e+00
     11.368    16.5625   4.053891    31.5632        148     0.6125  0.000e+00
     11.510    16.5450   4.051218    31.5538        149     0.6167  0.000e+00
     11.658    16.5298   4.047923    31.5370        150     0.6208  0.000e+00
     11.794    16.5107   4.043625    31.5147        151     0.6250  0.000e+00
     11.939    16.4828   4.040313    31.5079        152     0.6292  0.000e+00
     12.075    16.4434   4.034962    31.4923        153     0.6333  0.000e+00
     12.202    16.3996   4.030435    31.4875        154     0.6375  0.000e+00
     12.332    16.3500   4.024368    31.4737        155     0.6417  0.000e+00
     12.444    16.2953   4.018652    31.4669        156     0.6458  0.000e+00
     12.577    16.2346   4.014661    31.4799        157     0.6500  0.000e+00
     12.706    16.1685   4.008670    31.4798        158     0.6542  0.000e+00
     12.839    16.0976   4.003650    31.4920        159     0.6583  0.000e+00
     12.972    16.0234   3.997326    31.4952        160     0.6625  0.000e+00
     13.111    15.9548   3.989562    31.4814        161     0.6667  0.000e+00
     13.259    15.8798   3.981391    31.4690        162     0.6708  0.000e+00
     13.410    15.8019   3.972184    31.4497        163     0.6750  0.000e+00
     13.573    15.7154   3.966798    31.4708        164     0.6792  0.000e+00
     13.749    15.6196   3.961341    31.4989        165     0.6833  0.000e+00
     13.924    15.5255   3.952080    31.4919        166     0.6875  0.000e+00
     14.102    15.4465   3.947527    31.5146        167     0.6917  0.000e+00
     14.283    15.3624   3.943054    31.5421        168     0.6958  0.000e+00
     14.458    15.2865   3.936148    31.5414        169     0.7000  0.000e+00
     14.637    15.2274   3.932514    31.5564        170     0.7042  0.000e+00
     14.788    15.1658   3.929398    31.5781        171     0.7083  0.000e+00
     14.936    15.1169   3.924789    31.5761        172     0.7125  0.000e+00
     15.069    15.0666   3.917762    31.5537        173     0.7167  0.000e+00
     15.186    15.0252   3.908826    31.5068        174     0.7208  0.000e+00
     15.304    14.9572   3.905481    31.5315        175     0.7250  0.000e+00
     15.431    14.8669   3.896352    31.5222        176     0.7292  0.000e+00
     15.558    14.7881   3.888727    31.5171        177     0.7333  0.000e+00
     15.679    14.6799   3.884849    31.5697        178     0.7375  0.000e+00
     15.830    14.5642   3.880439    31.6238        179     0.7417  0.000e+00
     15.981    14.4732   3.872295    31.6239        180     0.7458  0.000e+00
     16.153    14.3972   3.866957    31.6373        181     0.7500  0.000e+00
     16.331    14.3088   3.860419    31.6499        182     0.7542  0.000e+00
     16.519    14.2145   3.857005    31.6959        183     0.7583  0.000e+00
     16.700    14.1291   3.852772    31.7273        184     0.7625  0.000e+00
     16.878    14.0666   3.845989    31.7164        185     0.7667  0.000e+00
     17.053    14.0248   3.842428    31.7181        186     0.7708  0.000e+00
     17.213    13.9624   3.840089    31.7479        187     0.7750  0.000e+00
     17.364    13.9026   3.839106    31.7882        188     0.7792  0.000e+00
     17.509    13.8488   3.836427    31.8080        189     0.7833  0.000e+00
     17.627    13.8073   3.832464    31.8058        190     0.7875  0.000e+00
     17.733    13.7609   3.831148    31.8320        191     0.7917  0.000e+00
     17.839    13.7088   3.827600    31.8424        192     0.7958  0.000e+00
     17.935    13.6740   3.821122    31.8113        193     0.8000  0.000e+00
     18.035    13.6435   3.818232    31.8098        194     0.8042  0.000e+00
     18.147    13.5996   3.811492    31.7837        195     0.8083  0.000e+00
     18.271    13.5511   3.809565    31.8061        196     0.8125  0.000e+00
     18.410    13.4843   3.805659    31.8253        197     0.8167  0.000e+00
     18.573    13.4250   3.799862    31.8208        198     0.8208  0.000e+00
     18.742    13.3774   3.795608    31.8207        199     0.8250  0.000e+00
     18.938    13.3331   3.792374    31.8274        200     0.8292  0.000e+00
     19.143    13.2913   3.788788    31.8288        201     0.8333  0.000e+00
     19.358    13.2427   3.786852    31.8513        202     0.8375  0.000e+00
     19.572    13.1917   3.783627    31.8637        203     0.8417  0.000e+00
     19.805    13.1437   3.780924    31.8786        204     0.8458  0.000e+00
     20.020    13.1024   3.778508    31.8905        205     0.8500  0.000e+00
     20.228    13.0690   3.779238    31.9253        206     0.8542  0.000e+00
     20.412    13.0337   3.779740    31.9597        207     0.8583  0.000e+00
     20.566    13.0143   3.779936    31.9779        208     0.8625  0.000e+00
     20.702    13.0110   3.780249    31.9836        209     0.8667  0.000e+00
     20.826    13.0059   3.778484    31.9712        210     0.8708  0.000e+00
     20.938    13.0048   3.776986    31.9579        211     0.8750  0.000e+00
     21.035    13.0131   3.775840    31.9402        212     0.8792  0.000e+00
     21.146    13.0137   3.772384    31.9070        213     0.8833  0.000e+00
     21.240    12.9958   3.769924    31.8989        214     0.8875  0.000e+00
     21.331    12.9573   3.767895    31.9122        215     0.8917  0.000e+00
