HB2302/sbe075.cnv
* Sea-Bird SBE 19plus V2 Data File:
* FileName = C:\cruise\data\sbe075.hex
* Software Version Seasave V 7.26.7.121
* Temperature SN = 4758
* Conductivity SN = 4758
* System UpLoad Time = Jun 15 2023 18:53:43
* NMEA Latitude = 40 12.93 N
* NMEA Longitude = 068 45.04 W
* NMEA UTC (Time) = Jun 15 2023 18:53:43
** Cruise: HB2302
** Program: Ecomon
** Chief Scientist: Jerry Prezioso
# nquan = 7
# nvalues = 3291                                  
# units = specified
# name 0 = depSM: Depth [salt water, m]
# name 1 = tv290C: Temperature [ITS-90, deg C]
# name 2 = c0S/m: Conductivity [S/m]
# name 3 = sal00: Salinity, Practical [PSU]
# name 4 = scan: Scan Count
# name 5 = timeM: Time, Elapsed [minutes]
# name 6 = flag:  0.000e+00
# span 0 =     -0.171,    118.928                 
# span 1 =     8.0006,    18.4677                 
# span 2 =   0.000038,   4.641431                 
# span 3 =     0.0088,    35.5618                 
# span 4 =         11,       3301                 
# span 5 =     0.0417,    13.7500                 
# span 6 = 0.0000e+00, 0.0000e+00                 
# interval = seconds: 0.25
# start_time = Jun 15 2023 18:53:43 [NMEA time, header]
# bad_flag = -9.990e-29
*END*
[from data line 2872]
     15.531    16.5832   4.439049    34.9122       2883    12.0083  0.000e+00
     15.492    16.8435   4.366204    34.0496       2884    12.0125  0.000e+00
     15.446    16.7554   4.363781    34.1033       2885    12.0167  0.000e+00
     15.401    16.5932   4.471684    35.1910       2886    12.0208  0.000e+00
     15.365    16.8741   4.462145    34.8616       2887    12.0250  0.000e+00
     15.322    17.0761   4.448863    34.5713       2888    12.0292  0.000e+00
     15.277    17.1248   4.433853    34.3991       2889    12.0333  0.000e+00
     15.229    17.0960   4.449677    34.5613       2890    12.0375  0.000e+00
     15.162    17.0900   4.422026    34.3261       2891    12.0417  0.000e+00
     15.117    16.9993   4.296428    33.3124       2892    12.0458  0.000e+00
     15.050    16.6334   4.307790    33.7170       2893    12.0500  0.000e+00
     14.993    16.3242   4.278184    33.7182       2894    12.0542  0.000e+00
     14.926    16.0856   4.262498    33.7822       2895    12.0583  0.000e+00
     14.872    15.9265   4.329643    34.5161       2896    12.0625  0.000e+00
     14.823    16.0282   4.337659    34.4989       2897    12.0667  0.000e+00
     14.769    16.1625   4.338725    34.3918       2898    12.0708  0.000e+00
     14.718    16.2584   4.367235    34.5613       2899    12.0750  0.000e+00
     14.678    16.3726   4.336310    34.1894       2900    12.0792  0.000e+00
     14.627    16.3685   4.332260    34.1572       2901    12.0833  0.000e+00
     14.588    16.3276   4.338667    34.2489       2902    12.0875  0.000e+00
     14.542    16.3150   4.327786    34.1637       2903    12.0917  0.000e+00
     14.509    16.2872   4.320134    34.1199       2904    12.0958  0.000e+00
     14.476    16.2321   4.329453    34.2496       2905    12.1000  0.000e+00
     14.445    16.2436   4.381346    34.6993       2906    12.1042  0.000e+00
     14.412    16.3940   4.367868    34.4495       2907    12.1083  0.000e+00
     14.373    16.4899   4.360849    34.3050       2908    12.1125  0.000e+00
     14.346    16.4871   4.301762    33.7879       2909    12.1167  0.000e+00
     14.309    16.3351   4.291977    33.8307       2910    12.1208  0.000e+00
     14.270    16.1691   4.354654    34.5276       2911    12.1250  0.000e+00
     14.219    16.2403   4.421447    35.0581       2912    12.1292  0.000e+00
     14.173    16.5576   4.441032    34.9526       2913    12.1333  0.000e+00
     14.137    16.8245   4.440242    34.7134       2914    12.1375  0.000e+00
     14.070    16.9780   4.445751    34.6290       2915    12.1417  0.000e+00
     14.007    17.0696   4.456949    34.6478       2916    12.1458  0.000e+00
     13.934    17.1440   4.433101    34.3767       2917    12.1500  0.000e+00
     13.871    17.1153   4.413992    34.2353       2918    12.1542  0.000e+00
     13.810    17.0133   4.403471    34.2306       2919    12.1583  0.000e+00
     13.744    16.9288   4.414432    34.3982       2920    12.1625  0.000e+00
     13.686    16.9134   4.436596    34.6049       2921    12.1667  0.000e+00
     13.632    16.9719   4.428370    34.4828       2922    12.1708  0.000e+00
     13.581    17.0040   4.423846    34.4160       2923    12.1750  0.000e+00
     13.529    16.9922   4.415680    34.3550       2924    12.1792  0.000e+00
     13.484    16.9545   4.413863    34.3714       2925    12.1833  0.000e+00
     13.435    16.9233   4.391228    34.2008       2926    12.1875  0.000e+00
     13.390    16.8332   4.372036    34.1100       2927    12.1917  0.000e+00
     13.336    16.7186   4.378364    34.2630       2928    12.1958  0.000e+00
     13.275    16.6679   4.358830    34.1353       2929    12.2000  0.000e+00
     13.218    16.5874   4.367789    34.2828       2930    12.2042  0.000e+00
     13.163    16.5616   4.410947    34.6845       2931    12.2083  0.000e+00
     13.097    16.6779   4.437691    34.8187       2932    12.2125  0.000e+00
     13.033    16.8701   4.500389    35.2009       2933    12.2167  0.000e+00
     12.976    17.1686   4.484221    34.8000       2934    12.2208  0.000e+00
     12.909    17.3250   4.485141    34.6734       2935    12.2250  0.000e+00
     12.849    17.3866   4.439635    34.2277       2936    12.2292  0.000e+00
     12.798    17.2583   4.392331    33.9273       2937    12.2333  0.000e+00
     12.740    17.0114   4.393283    34.1440       2938    12.2375  0.000e+00
     12.689    16.8833   4.400990    34.3203       2939    12.2417  0.000e+00
     12.643    16.8394   4.493395    35.1667       2940    12.2458  0.000e+00
     12.598    17.0338   4.379460    34.0050       2941    12.2500  0.000e+00
     12.556    16.9495   4.307393    33.4498       2942    12.2542  0.000e+00
     12.510    16.5476   4.233255    33.1376       2943    12.2583  0.000e+00
     12.459    16.0588   4.287899    34.0312       2944    12.2625  0.000e+00
     12.429    15.8953   4.194676    33.3427       2945    12.2667  0.000e+00
     12.380    15.6565   4.173155    33.3527       2946    12.2708  0.000e+00
     12.350    15.2610   3.865163    30.9295       2947    12.2750  0.000e+00
     12.311    14.1515   3.970704    32.7939       2948    12.2792  0.000e+00
     12.280    13.6805   4.088572    34.3003       2949    12.2833  0.000e+00
     12.253    13.8755   4.093190    34.1691       2950    12.2875  0.000e+00
     12.226    14.1266   4.051639    33.5622       2951    12.2917  0.000e+00
     12.199    14.1652   4.123593    34.1941       2952    12.2958  0.000e+00
     12.171    14.3192   4.129193    34.1095       2953    12.3000  0.000e+00
     12.135    14.5138   4.137038    34.0104       2954    12.3042  0.000e+00
     12.087    14.6353   4.142592    33.9549       2955    12.3083  0.000e+00
     12.029    14.6991   3.972484    32.3496       2956    12.3125  0.000e+00
     11.960    14.1847   3.752180    30.7643       2957    12.3167  0.000e+00
     11.887    13.0487   3.728482    31.4688       2958    12.3208  0.000e+00
     11.818    12.2043   3.732937    32.2249       2959    12.3250  0.000e+00
     11.748    11.7822   3.744368    32.7029       2960    12.3292  0.000e+00
     11.673    11.6317   3.746849    32.8601       2961    12.3333  0.000e+00
     11.609    11.5670   3.691483    32.3767       2962    12.3375  0.000e+00
     11.555    11.3632   3.642633    32.0769       2963    12.3417  0.000e+00
     11.497    11.0471   3.593853    31.8721       2964    12.3458  0.000e+00
     11.458    10.6822   3.572276    31.9765       2965    12.3500  0.000e+00
     11.422    10.3820   3.564864    32.1666       2966    12.3542  0.000e+00
     11.400    10.1979   3.568570    32.3676       2967    12.3583  0.000e+00
     11.379    10.1239   3.579207    32.5413       2968    12.3625  0.000e+00
     11.370    10.1416   3.587062    32.6047       2969    12.3667  0.000e+00
     11.346    10.1945   3.590481    32.5916       2970    12.3708  0.000e+00
     11.337    10.2498   3.593639    32.5738       2971    12.3750  0.000e+00
     11.319    10.2966   3.593683    32.5322       2972    12.3792  0.000e+00
     11.300    10.3254   3.594532    32.5150       2973    12.3833  0.000e+00
     11.276    10.3437   3.596000    32.5133       2974    12.3875  0.000e+00
     11.234    10.3594   3.596025    32.4996       2975    12.3917  0.000e+00
     11.197    10.3705   3.598432    32.5139       2976    12.3958  0.000e+00
     11.161    10.3864   3.605415    32.5698       2977    12.4000  0.000e+00
     11.107    10.4236   3.610043    32.5829       2978    12.4042  0.000e+00
     11.043    10.4682   3.616427    32.6070       2979    12.4083  0.000e+00
     10.992    10.5197   3.621720    32.6140       2980    12.4125  0.000e+00
     10.935    10.5722   3.625793    32.6077       2981    12.4167  0.000e+00
     10.883    10.6168   3.619632    32.5064       2982    12.4208  0.000e+00
     10.847    10.6226   3.619568    32.5006       2983    12.4250  0.000e+00
     10.802    10.6154   3.614250    32.4540       2984    12.4292  0.000e+00
     10.774    10.5952   3.620560    32.5350       2985    12.4333  0.000e+00
     10.735    10.6040   3.631803    32.6394       2986    12.4375  0.000e+00
     10.711    10.6561   3.634777    32.6226       2987    12.4417  0.000e+00
     10.693    10.7030   3.634417    32.5771       2988    12.4458  0.000e+00
     10.665    10.7300   3.633679    32.5458       2989    12.4500  0.000e+00
     10.656    10.7381   3.629321    32.4951       2990    12.4542  0.000e+00
     10.638    10.7314   3.635975    32.5674       2991    12.4583  0.000e+00
     10.614    10.7399   3.634462    32.5448       2992    12.4625  0.000e+00
     10.571    10.7481   3.634667    32.5395       2993    12.4667  0.000e+00
     10.532    10.7545   3.640490    32.5918       2994    12.4708  0.000e+00
     10.465    10.7702   3.634730    32.5206       2995    12.4750  0.000e+00
     10.390    10.7704   3.630179    32.4751       2996    12.4792  0.000e+00
     10.311    10.7491   3.632096    32.5132       2997    12.4833  0.000e+00
     10.233    10.7366   3.628206    32.4856       2998    12.4875  0.000e+00
     10.160    10.7232   3.661624    32.8305       2999    12.4917  0.000e+00
     10.063    10.8546   3.765367    33.7461       3000    12.4958  0.000e+00
      9.991    11.3136   3.800088    33.6696       3001    12.5000  0.000e+00
      9.918    11.7792   3.808878    33.3344       3002    12.5042  0.000e+00
      9.864    12.0954   3.870981    33.6536       3003    12.5083  0.000e+00
      9.837    12.4730   3.935288    33.9335       3004    12.5125  0.000e+00
      9.806    12.9498   3.956523    33.7086       3005    12.5167  0.000e+00
      9.785    13.3182   3.980412    33.6077       3006    12.5208  0.000e+00
      9.773    13.5983   4.000142    33.5462       3007    12.5250  0.000e+00
      9.761    13.8236   4.002912    33.3751       3008    12.5292  0.000e+00
      9.734    13.9581   4.011300    33.3362       3009    12.5333  0.000e+00
      9.719    14.0485   4.014201    33.2848       3010    12.5375  0.000e+00
      9.694    14.1156   4.043288    33.4955       3011    12.5417  0.000e+00
      9.676    14.2483   4.078194    33.7023       3012    12.5458  0.000e+00
      9.637    14.4672   4.126739    33.9577       3013    12.5500  0.000e+00
      9.610    14.7630   4.192041    34.2962       3014    12.5542  0.000e+00
      9.573    15.1850   4.267270    34.6085       3015    12.5583  0.000e+00
      9.546    15.7039   4.312481    34.5594       3016    12.5625  0.000e+00
      9.522    16.1754   4.336669    34.3644       3017    12.5667  0.000e+00
      9.504    16.5277   4.347245    34.1548       3018    12.5708  0.000e+00
      9.483    16.7503   4.355638    34.0387       3019    12.5750  0.000e+00
      9.461    16.8926   4.360475    33.9603       3020    12.5792  0.000e+00
      9.455    16.9869   4.374797    34.0052       3021    12.5833  0.000e+00
      9.437    17.0759   4.379126    33.9677       3022    12.5875  0.000e+00
      9.437    17.1404   4.373924    33.8683       3023    12.5917  0.000e+00
      9.416    17.1684   4.400604    34.0759       3024    12.5958  0.000e+00
      9.382    17.2529   4.400242    34.0015       3025    12.6000  0.000e+00
      9.340    17.3216   4.407570    34.0070       3026    12.6042  0.000e+00
      9.280    17.3786   4.420596    34.0714       3027    12.6083  0.000e+00
      9.198    17.4528   4.415616    33.9662       3028    12.6125  0.000e+00
      9.129    17.4842   4.428048    34.0469       3029    12.6167  0.000e+00
      9.053    17.5245   4.434839    34.0715       3030    12.6208  0.000e+00
      8.971    17.5840   4.438677    34.0545       3031    12.6250  0.000e+00
      8.914    17.6274   4.439526    34.0254       3032    12.6292  0.000e+00
      8.836    17.6542   4.442294    34.0267       3033    12.6333  0.000e+00
      8.757    17.6746   4.442475    34.0112       3034    12.6375  0.000e+00
      8.703    17.6867   4.442447    34.0009       3035    12.6417  0.000e+00
      8.633    17.6925   4.442189    33.9938       3036    12.6458  0.000e+00
      8.570    17.6944   4.441013    33.9822       3037    12.6500  0.000e+00
      8.503    17.6910   4.440415    33.9800       3038    12.6542  0.000e+00
      8.428    17.6872   4.440624    33.9850       3039    12.6583  0.000e+00
      8.361    17.6848   4.440749    33.9880       3040    12.6625  0.000e+00
      8.310    17.6833   4.438794    33.9726       3041    12.6667  0.000e+00
      8.258    17.6777   4.437911    33.9697       3042    12.6708  0.000e+00
      8.228    17.6712   4.438377    33.9792       3043    12.6750  0.000e+00
      8.225    17.6671   4.439351    33.9909       3044    12.6792  0.000e+00
      8.231    17.6669   4.439107    33.9890       3045    12.6833  0.000e+00
      8.252    17.6696   4.442523    34.0160       3046    12.6875  0.000e+00
      8.288    17.6788   4.443045    34.0127       3047    12.6917  0.000e+00
      8.328    17.6879   4.442134    33.9974       3048    12.6958  0.000e+00
      8.373    17.6907   4.442732    34.0001       3049    12.7000  0.000e+00
      8.406    17.6928   4.441772    33.9901       3050    12.7042  0.000e+00
      8.445    17.6913   4.441848    33.9920       3051    12.7083  0.000e+00
      8.496    17.6893   4.441563    33.9912       3052    12.7125  0.000e+00
      8.542    17.6872   4.441375    33.9914       3053    12.7167  0.000e+00
      8.563    17.6850   4.440519    33.9858       3054    12.7208  0.000e+00
      8.575    17.6817   4.441821    33.9997       3055    12.7250  0.000e+00
      8.560    17.6830   4.443964    34.0171       3056    12.7292  0.000e+00
      8.499    17.6898   4.442732    34.0008       3057    12.7333  0.000e+00
      8.430    17.6894   4.426537    33.8625       3058    12.7375  0.000e+00
      8.333    17.6555   4.420022    33.8350       3059    12.7417  0.000e+00
      8.248    17.6059   4.399869    33.7036       3060    12.7458  0.000e+00
      8.143    17.5313   4.396315    33.7351       3061    12.7500  0.000e+00
      8.055    17.4697   4.412354    33.9244       3062    12.7542  0.000e+00
      7.974    17.4912   4.428152    34.0423       3063    12.7583  0.000e+00
      7.895    17.5738   4.433329    34.0175       3064    12.7625  0.000e+00
      7.829    17.6495   4.438120    33.9953       3065    12.7667  0.000e+00
      7.771    17.7109   4.444617    33.9996       3066    12.7708  0.000e+00
      7.726    17.7677   4.448640    33.9866       3067    12.7750  0.000e+00
      7.687    17.8202   4.449607    33.9510       3068    12.7792  0.000e+00
      7.653    17.8557   4.446439    33.8944       3069    12.7833  0.000e+00
      7.614    17.8680   4.442499    33.8506       3070    12.7875  0.000e+00
      7.578    17.8625   4.440196    33.8355       3071    12.7917  0.000e+00
      7.542    17.8544   4.443905    33.8739       3072    12.7958  0.000e+00
      7.511    17.8628   4.441922    33.8501       3073    12.8000  0.000e+00
      7.484    17.8696   4.434048    33.7772       3074    12.8042  0.000e+00
      7.472    17.8568   4.434569    33.7923       3075    12.8083  0.000e+00
      7.457    17.8441   4.432880    33.7885       3076    12.8125  0.000e+00
      7.445    17.8340   4.433735    33.8042       3077    12.8167  0.000e+00
      7.427    17.8292   4.432985    33.8017       3078    12.8208  0.000e+00
      7.421    17.8271   4.434104    33.8130       3079    12.8250  0.000e+00
      7.418    17.8260   4.427806    33.7602       3080    12.8292  0.000e+00
      7.414    17.8109   4.427577    33.7707       3081    12.8333  0.000e+00
      7.426    17.7973   4.428564    33.7905       3082    12.8375  0.000e+00
      7.445    17.7940   4.426973    33.7796       3083    12.8417  0.000e+00
      7.466    17.7895   4.425806    33.7734       3084    12.8458  0.000e+00
      7.487    17.7834   4.427779    33.7953       3085    12.8500  0.000e+00
      7.496    17.7844   4.430177    33.8149       3086    12.8542  0.000e+00
