HB2302/sbe094.cnv
* Sea-Bird SBE 19plus V2 Data File:
* FileName = C:\cruise\data\sbe094.hex
* Software Version Seasave V 7.26.7.121
* Temperature SN = 4758
* Conductivity SN = 4758
* System UpLoad Time = Jun 17 2023 07:05:43
* NMEA Latitude = 41 03.50 N
* NMEA Longitude = 067 26.25 W
* NMEA UTC (Time) = Jun 17 2023 07:05:43
** Cruise: HB2302
** Program: Ecomon
** Chief Scientist: Jerry Prezioso
# nquan = 7
# nvalues = 1455                                  
# units = specified
# name 0 = depSM: Depth [salt water, m]
# name 1 = tv290C: Temperature [ITS-90, deg C]
# name 2 = c0S/m: Conductivity [S/m]
# name 3 = sal00: Salinity, Practical [PSU]
# name 4 = scan: Scan Count
# name 5 = timeM: Time, Elapsed [minutes]
# name 6 = flag:  0.000e+00
# span 0 =     -0.178,     58.380                 
# span 1 =     9.9210,    14.6396                 
# span 2 =   0.000110,   4.020001                 
# span 3 =     0.0076,    34.1124                 
# span 4 =         11,       1465                 
# span 5 =     0.0417,     6.1000                 
# span 6 = 0.0000e+00, 0.0000e+00                 
# interval = seconds: 0.25
# start_time = Jun 17 2023 07:05:43 [NMEA time, header]
# bad_flag = -9.990e-29
*END*
[from data line 411]
     48.346     9.9596   3.591747    32.8004        422     1.7542  0.000e+00
     48.482     9.9586   3.591677    32.8005        423     1.7583  0.000e+00
     48.620     9.9577   3.591568    32.8003        424     1.7625  0.000e+00
     48.753     9.9566   3.591498    32.8005        425     1.7667  0.000e+00
     48.889     9.9555   3.591613    32.8026        426     1.7708  0.000e+00
     49.025     9.9555   3.591658    32.8030        427     1.7750  0.000e+00
     49.167     9.9557   3.591588    32.8020        428     1.7792  0.000e+00
     49.312     9.9554   3.591524    32.8015        429     1.7833  0.000e+00
     49.460     9.9553   3.591722    32.8036        430     1.7875  0.000e+00
     49.620     9.9561   3.592009    32.8057        431     1.7917  0.000e+00
     49.774     9.9575   3.591900    32.8033        432     1.7958  0.000e+00
     49.946     9.9583   3.591786    32.8014        433     1.8000  0.000e+00
     50.115     9.9579   3.591792    32.8016        434     1.8042  0.000e+00
     50.290     9.9577   3.591722    32.8011        435     1.8083  0.000e+00
     50.471     9.9573   3.591811    32.8022        436     1.8125  0.000e+00
     50.658     9.9572   3.591748    32.8016        437     1.8167  0.000e+00
     50.854     9.9569   3.591658    32.8009        438     1.8208  0.000e+00
     51.050     9.9561   3.591614    32.8010        439     1.8250  0.000e+00
     51.247     9.9554   3.591512    32.8006        440     1.8292  0.000e+00
     51.455     9.9546   3.591569    32.8018        441     1.8333  0.000e+00
     51.651     9.9541   3.591544    32.8019        442     1.8375  0.000e+00
     51.850     9.9540   3.591569    32.8021        443     1.8417  0.000e+00
     52.043     9.9539   3.591499    32.8015        444     1.8458  0.000e+00
     52.230     9.9535   3.591570    32.8024        445     1.8500  0.000e+00
     52.412     9.9537   3.591525    32.8017        446     1.8542  0.000e+00
     52.590     9.9535   3.591595    32.8025        447     1.8583  0.000e+00
     52.756     9.9536   3.591570    32.8022        448     1.8625  0.000e+00
     52.916     9.9537   3.591570    32.8020        449     1.8667  0.000e+00
     53.067     9.9533   3.591589    32.8024        450     1.8708  0.000e+00
     53.218     9.9535   3.591544    32.8018        451     1.8750  0.000e+00
     53.365     9.9534   3.591589    32.8023        452     1.8792  0.000e+00
     53.510     9.9534   3.591615    32.8025        453     1.8833  0.000e+00
     53.649     9.9535   3.591615    32.8023        454     1.8875  0.000e+00
     53.794     9.9536   3.591481    32.8008        455     1.8917  0.000e+00
     53.930     9.9529   3.591302    32.7996        456     1.8958  0.000e+00
     54.087     9.9518   3.591436    32.8018        457     1.9000  0.000e+00
     54.241     9.9515   3.591392    32.8016        458     1.9042  0.000e+00
     54.383     9.9510   3.591347    32.8015        459     1.9083  0.000e+00
     54.537     9.9506   3.591302    32.8013        460     1.9125  0.000e+00
     54.697     9.9501   3.591277    32.8015        461     1.9167  0.000e+00
     54.851     9.9500   3.591232    32.8010        462     1.9208  0.000e+00
     55.011     9.9494   3.591060    32.7998        463     1.9250  0.000e+00
     55.177     9.9484   3.591079    32.8008        464     1.9292  0.000e+00
     55.346     9.9475   3.591016    32.8009        465     1.9333  0.000e+00
     55.515     9.9472   3.590990    32.8009        466     1.9375  0.000e+00
     55.684     9.9466   3.590901    32.8004        467     1.9417  0.000e+00
     55.862     9.9458   3.590882    32.8009        468     1.9458  0.000e+00
     56.034     9.9452   3.590812    32.8006        469     1.9500  0.000e+00
     56.209     9.9447   3.590722    32.8001        470     1.9542  0.000e+00
     56.384     9.9439   3.590569    32.7992        471     1.9583  0.000e+00
     56.556     9.9426   3.590569    32.8003        472     1.9625  0.000e+00
     56.731     9.9416   3.590480    32.8002        473     1.9667  0.000e+00
     56.900     9.9407   3.590257    32.7987        474     1.9708  0.000e+00
     57.072     9.9392   3.590212    32.7995        475     1.9750  0.000e+00
     57.238     9.9382   3.590155    32.7998        476     1.9792  0.000e+00
     57.413     9.9370   3.590059    32.7998        477     1.9833  0.000e+00
     57.576     9.9363   3.590059    32.8004        478     1.9875  0.000e+00
     57.754     9.9355   3.590104    32.8014        479     1.9917  0.000e+00
     57.887     9.9353   3.590104    32.8016        480     1.9958  0.000e+00
     57.971     9.9353   3.590015    32.8007        481     2.0000  0.000e+00
     57.999     9.9348   3.589989    32.8008        482     2.0042  0.000e+00
     57.974     9.9346   3.589836    32.7995        483     2.0083  0.000e+00
     57.944     9.9334   3.589836    32.8005        484     2.0125  0.000e+00
     57.947     9.9325   3.589791    32.8009        485     2.0167  0.000e+00
     57.984     9.9323   3.589524    32.7984        486     2.0208  0.000e+00
     57.999     9.9310   3.589479    32.7991        487     2.0250  0.000e+00
     58.014     9.9296   3.589638    32.8020        488     2.0292  0.000e+00
     58.023     9.9294   3.589390    32.7996        489     2.0333  0.000e+00
     58.038     9.9290   3.589747    32.8037        490     2.0375  0.000e+00
     58.050     9.9298   3.589862    32.8040        491     2.0417  0.000e+00
     58.074     9.9312   3.590015    32.8043        492     2.0458  0.000e+00
     58.087     9.9325   3.589926    32.8022        493     2.0500  0.000e+00
     58.114     9.9331   3.589747    32.7999        494     2.0542  0.000e+00
     58.135     9.9325   3.589747    32.8004        495     2.0583  0.000e+00
     58.144     9.9320   3.589792    32.8013        496     2.0625  0.000e+00
     58.156     9.9318   3.589766    32.8012        497     2.0667  0.000e+00
     58.165     9.9317   3.589498    32.7986        498     2.0708  0.000e+00
     58.162     9.9304   3.589077    32.7955        499     2.0750  0.000e+00
     58.156     9.9276   3.588835    32.7956        500     2.0792  0.000e+00
     58.150     9.9246   3.588790    32.7979        501     2.0833  0.000e+00
     58.132     9.9228   3.589237    32.8040        502     2.0875  0.000e+00
     58.105     9.9237   3.589613    32.8071        503     2.0917  0.000e+00
     58.090     9.9266   3.589613    32.8045        504     2.0958  0.000e+00
     58.060     9.9283   3.589236    32.7991        505     2.1000  0.000e+00
     58.033     9.9275   3.589013    32.7976        506     2.1042  0.000e+00
     58.015     9.9256   3.588994    32.7991        507     2.1083  0.000e+00
     58.003     9.9244   3.588994    32.8002        508     2.1125  0.000e+00
     57.997     9.9237   3.589013    32.8010        509     2.1167  0.000e+00
     57.991     9.9235   3.589077    32.8018        510     2.1208  0.000e+00
     57.988     9.9239   3.589192    32.8027        511     2.1250  0.000e+00
     57.994     9.9243   3.589077    32.8012        512     2.1292  0.000e+00
     58.009     9.9243   3.589013    32.8004        513     2.1333  0.000e+00
     58.036     9.9240   3.589032    32.8009        514     2.1375  0.000e+00
     58.057     9.9239   3.589211    32.8028        515     2.1417  0.000e+00
     58.072     9.9246   3.589256    32.8026        516     2.1458  0.000e+00
     58.105     9.9254   3.589504    32.8044        517     2.1500  0.000e+00
     58.145     9.9267   3.589479    32.8030        518     2.1542  0.000e+00
     58.172     9.9278   3.589524    32.8024        519     2.1583  0.000e+00
     58.214     9.9285   3.589524    32.8017        520     2.1625  0.000e+00
     58.247     9.9288   3.589460    32.8008        521     2.1667  0.000e+00
     58.281     9.9287   3.589434    32.8007        522     2.1708  0.000e+00
     58.308     9.9283   3.589434    32.8010        523     2.1750  0.000e+00
     58.332     9.9283   3.589434    32.8010        524     2.1792  0.000e+00
     58.350     9.9282   3.589371    32.8004        525     2.1833  0.000e+00
     58.362     9.9278   3.589281    32.7999        526     2.1875  0.000e+00
     58.368     9.9271   3.589192    32.7995        527     2.1917  0.000e+00
     58.380     9.9264   3.589186    32.8001        528     2.1958  0.000e+00
     58.368     9.9258   3.589058    32.7994        529     2.2000  0.000e+00
     58.353     9.9248   3.589032    32.8000        530     2.2042  0.000e+00
     58.329     9.9242   3.589077    32.8011        531     2.2083  0.000e+00
     58.299     9.9241   3.589122    32.8017        532     2.2125  0.000e+00
     58.248     9.9241   3.589166    32.8021        533     2.2167  0.000e+00
     58.206     9.9246   3.589211    32.8021        534     2.2208  0.000e+00
     58.148     9.9252   3.589281    32.8023        535     2.2250  0.000e+00
     58.100     9.9256   3.589268    32.8019        536     2.2292  0.000e+00
     58.052     9.9260   3.589345    32.8023        537     2.2333  0.000e+00
     57.994     9.9265   3.589300    32.8014        538     2.2375  0.000e+00
     57.946     9.9267   3.589300    32.8012        539     2.2417  0.000e+00
     57.880     9.9266   3.589345    32.8018        540     2.2458  0.000e+00
     57.817     9.9267   3.589236    32.8007        541     2.2500  0.000e+00
     57.756     9.9265   3.589211    32.8006        542     2.2542  0.000e+00
     57.699     9.9262   3.589243    32.8012        543     2.2583  0.000e+00
     57.645     9.9262   3.589211    32.8009        544     2.2625  0.000e+00
     57.587     9.9262   3.589236    32.8012        545     2.2667  0.000e+00
     57.536     9.9262   3.589300    32.8019        546     2.2708  0.000e+00
     57.494     9.9264   3.589032    32.7990        547     2.2750  0.000e+00
     57.440     9.9255   3.589121    32.8007        548     2.2792  0.000e+00
     57.403     9.9250   3.588968    32.7996        549     2.2833  0.000e+00
     57.367     9.9244   3.588879    32.7993        550     2.2875  0.000e+00
     57.322     9.9233   3.588841    32.7999        551     2.2917  0.000e+00
     57.298     9.9226   3.588790    32.8001        552     2.2958  0.000e+00
     57.265     9.9220   3.589013    32.8029        553     2.3000  0.000e+00
     57.241     9.9228   3.588994    32.8020        554     2.3042  0.000e+00
     57.214     9.9233   3.588994    32.8016        555     2.3083  0.000e+00
     57.190     9.9235   3.588949    32.8009        556     2.3125  0.000e+00
     57.162     9.9233   3.588924    32.8008        557     2.3167  0.000e+00
     57.135     9.9232   3.588949    32.8012        558     2.3208  0.000e+00
     57.099     9.9233   3.588770    32.7993        559     2.3250  0.000e+00
     57.057     9.9226   3.588636    32.7986        560     2.3292  0.000e+00
     57.015     9.9216   3.588681    32.8000        561     2.3333  0.000e+00
     56.954     9.9210   3.588790    32.8016        562     2.3375  0.000e+00
     56.891     9.9213   3.589523    32.8089        563     2.3417  0.000e+00
     56.822     9.9247   3.589747    32.8081        564     2.3458  0.000e+00
     56.728     9.9282   3.589836    32.8059        565     2.3500  0.000e+00
     56.644     9.9309   3.589836    32.8034        566     2.3542  0.000e+00
     56.538     9.9321   3.589810    32.8022        567     2.3583  0.000e+00
     56.429     9.9327   3.589899    32.8025        568     2.3625  0.000e+00
     56.318     9.9333   3.589682    32.7998        569     2.3667  0.000e+00
     56.203     9.9328   3.589746    32.8010        570     2.3708  0.000e+00
     56.089     9.9325   3.589944    32.8033        571     2.3750  0.000e+00
     55.971     9.9332   3.589880    32.8020        572     2.3792  0.000e+00
     55.853     9.9338   3.589835    32.8012        573     2.3833  0.000e+00
     55.748     9.9336   3.589899    32.8020        574     2.3875  0.000e+00
     55.645     9.9340   3.589944    32.8022        575     2.3917  0.000e+00
     55.555     9.9342   3.589746    32.8000        576     2.3958  0.000e+00
     55.470     9.9338   3.589593    32.7988        577     2.4000  0.000e+00
     55.401     9.9327   3.589612    32.8001        578     2.4042  0.000e+00
     55.325     9.9319   3.589657    32.8013        579     2.4083  0.000e+00
     55.259     9.9319   3.589548    32.8002        580     2.4125  0.000e+00
     55.199     9.9314   3.589523    32.8004        581     2.4167  0.000e+00
     55.147     9.9309   3.589657    32.8023        582     2.4208  0.000e+00
     55.105     9.9314   3.589810    32.8034        583     2.4250  0.000e+00
     55.060     9.9321   3.589325    32.7978        584     2.4292  0.000e+00
     55.018     9.9311   3.589369    32.7992        585     2.4333  0.000e+00
     54.970     9.9302   3.589389    32.8003        586     2.4375  0.000e+00
     54.921     9.9295   3.589235    32.7994        587     2.4417  0.000e+00
     54.870     9.9285   3.589433    32.8023        588     2.4458  0.000e+00
     54.810     9.9289   3.589548    32.8031        589     2.4500  0.000e+00
     54.743     9.9299   3.589548    32.8023        590     2.4542  0.000e+00
     54.674     9.9305   3.589522    32.8015        591     2.4583  0.000e+00
     54.593     9.9307   3.589503    32.8012        592     2.4625  0.000e+00
     54.511     9.9306   3.589459    32.8008        593     2.4667  0.000e+00
     54.430     9.9304   3.589414    32.8006        594     2.4708  0.000e+00
     54.339     9.9299   3.589414    32.8011        595     2.4750  0.000e+00
     54.246     9.9297   3.589299    32.8001        596     2.4792  0.000e+00
     54.152     9.9291   3.589146    32.7991        597     2.4833  0.000e+00
     54.050     9.9283   3.589254    32.8010        598     2.4875  0.000e+00
     53.959     9.9281   3.589656    32.8053        599     2.4917  0.000e+00
     53.857     9.9297   3.589899    32.8064        600     2.4958  0.000e+00
     53.766     9.9332   3.591232    32.8168        601     2.5000  0.000e+00
     53.664     9.9409   3.592393    32.8217        602     2.5042  0.000e+00
     53.573     9.9504   3.593057    32.8198        603     2.5083  0.000e+00
     53.480     9.9599   3.592923    32.8098        604     2.5125  0.000e+00
     53.395     9.9647   3.593306    32.8094        605     2.5167  0.000e+00
     53.305     9.9682   3.593791    32.8112        606     2.5208  0.000e+00
     53.223     9.9727   3.593995    32.8092        607     2.5250  0.000e+00
     53.142     9.9766   3.594525    32.8110        608     2.5292  0.000e+00
     53.051     9.9811   3.594972    32.8116        609     2.5333  0.000e+00
     52.964     9.9856   3.595074    32.8086        610     2.5375  0.000e+00
     52.885     9.9896   3.595527    32.8096        611     2.5417  0.000e+00
     52.804     9.9929   3.595220    32.8035        612     2.5458  0.000e+00
     52.710     9.9938   3.594773    32.7982        613     2.5500  0.000e+00
     52.617     9.9918   3.594148    32.7937        614     2.5542  0.000e+00
     52.523     9.9875   3.594103    32.7971        615     2.5583  0.000e+00
     52.442     9.9844   3.594097    32.8000        616     2.5625  0.000e+00
     52.354     9.9829   3.593612    32.7964        617     2.5667  0.000e+00
     52.270     9.9799   3.592278    32.7856        618     2.5708  0.000e+00
     52.201     9.9726   3.592144    32.7909        619     2.5750  0.000e+00
     52.128     9.9663   3.592054    32.7958        620     2.5792  0.000e+00
     52.056     9.9630   3.592546    32.8038        621     2.5833  0.000e+00
     51.986     9.9631   3.592948    32.8078        622     2.5875  0.000e+00
     51.932     9.9659   3.593082    32.8067        623     2.5917  0.000e+00
     51.872     9.9682   3.592973    32.8036        624     2.5958  0.000e+00
     51.821     9.9692   3.592948    32.8024        625     2.6000  0.000e+00
