HB2302/sbe006.cnv
* Sea-Bird SBE 19plus V2 Data File:
* FileName = C:\cruise\data\sbe006.hex
* Software Version Seasave V 7.26.7.121
* Temperature SN = 4758
* Conductivity SN = 4758
* System UpLoad Time = Jun 09 2023 10:35:05
* NMEA Latitude = 40 43.15 N
* NMEA Longitude = 071 12.09 W
* NMEA UTC (Time) = Jun 09 2023 10:35:07
** Cruise: HB2302
** Program: Ecomon
** Chief Scientist: Jerry Prezioso
# nquan = 7
# nvalues = 1570                                  
# units = specified
# name 0 = depSM: Depth [salt water, m]
# name 1 = tv290C: Temperature [ITS-90, deg C]
# name 2 = c0S/m: Conductivity [S/m]
# name 3 = sal00: Salinity, Practical [PSU]
# name 4 = scan: Scan Count
# name 5 = timeM: Time, Elapsed [minutes]
# name 6 = flag:  0.000e+00
# span 0 =     -0.157,     55.839                 
# span 1 =     8.5818,    13.9977                 
# span 2 =   0.000011,   3.929701                 
# span 3 =     0.0071,    33.2055                 
# span 4 =         11,       1580                 
# span 5 =     0.0417,     6.5792                 
# span 6 = 0.0000e+00, 0.0000e+00                 
# interval = seconds: 0.25
# start_time = Jun 09 2023 10:35:07 [NMEA time, header]
# bad_flag = -9.990e-29
*END*
     -0.145    13.6710   0.000017     0.0071         11     0.0417  0.000e+00
     -0.151    13.6708   0.000020     0.0071         12     0.0458  0.000e+00
     -0.154    13.6710   0.000026     0.0071         13     0.0500  0.000e+00
     -0.154    13.6712   0.000014     0.0071         14     0.0542  0.000e+00
     -0.154    13.6714   0.000017     0.0071         15     0.0583  0.000e+00
     -0.157    13.6714   0.000017     0.0071         16     0.0625  0.000e+00
     -0.152    13.6715   0.000017     0.0071         17     0.0667  0.000e+00
     -0.151    13.6713   0.000017     0.0071         18     0.0708  0.000e+00
     -0.151    13.6715   0.000023     0.0071         19     0.0750  0.000e+00
     -0.154    13.6713   0.000020     0.0071         20     0.0792  0.000e+00
     -0.154    13.6712   0.000017     0.0071         21     0.0833  0.000e+00
     -0.154    13.6712   0.000011     0.0071         22     0.0875  0.000e+00
     -0.151    13.6715   0.000017     0.0071         23     0.0917  0.000e+00
     -0.154    13.6720   0.000020     0.0071         24     0.0958  0.000e+00
     -0.151    13.6717   0.000017     0.0071         25     0.1000  0.000e+00
     -0.151    13.6718   0.000017     0.0071         26     0.1042  0.000e+00
     -0.154    13.6716   0.000017     0.0071         27     0.1083  0.000e+00
     -0.157    13.6720   0.000023     0.0071         28     0.1125  0.000e+00
     -0.148    13.6723   0.000017     0.0071         29     0.1167  0.000e+00
     -0.151    13.6723   0.000023     0.0071         30     0.1208  0.000e+00
     -0.151    13.6725   0.000017     0.0071         31     0.1250  0.000e+00
     -0.157    13.6723   0.000017     0.0071         32     0.1292  0.000e+00
     -0.148    13.6723   0.000017     0.0071         33     0.1333  0.000e+00
     -0.154    13.6725   0.000020     0.0071         34     0.1375  0.000e+00
     -0.152    13.6724   0.000029     0.0071         35     0.1417  0.000e+00
     -0.152    13.6729   0.000026     0.0071         36     0.1458  0.000e+00
     -0.151    13.6728   0.000017     0.0071         37     0.1500  0.000e+00
     -0.148    13.6730   0.000017     0.0071         38     0.1542  0.000e+00
     -0.145    13.6729   0.000020     0.0071         39     0.1583  0.000e+00
     -0.151    13.6729   0.000017     0.0071         40     0.1625  0.000e+00
     -0.151    13.6729   0.000020     0.0071         41     0.1667  0.000e+00
     -0.145    13.6730   0.000017     0.0071         42     0.1708  0.000e+00
     -0.151    13.6732   0.000017     0.0071         43     0.1750  0.000e+00
     -0.151    13.6735   0.000017     0.0071         44     0.1792  0.000e+00
     -0.148    13.6731   0.000014     0.0071         45     0.1833  0.000e+00
     -0.145    13.6734   0.000020     0.0071         46     0.1875  0.000e+00
     -0.148    13.6734   0.000017     0.0071         47     0.1917  0.000e+00
     -0.154    13.6733   0.000020     0.0071         48     0.1958  0.000e+00
     -0.151    13.6734   0.000020     0.0071         49     0.2000  0.000e+00
     -0.145    13.6732   0.000017     0.0071         50     0.2042  0.000e+00
     -0.151    13.6734   0.000017     0.0071         51     0.2083  0.000e+00
     -0.157    13.6738   0.000023     0.0071         52     0.2125  0.000e+00
     -0.151    13.6737   0.000020     0.0071         53     0.2167  0.000e+00
     -0.148    13.6736   0.000017     0.0071         54     0.2208  0.000e+00
     -0.151    13.6739   0.000017     0.0071         55     0.2250  0.000e+00
     -0.151    13.6740   0.000020     0.0071         56     0.2292  0.000e+00
     -0.148    13.6742   0.000023     0.0071         57     0.2333  0.000e+00
     -0.151    13.6741   0.000020     0.0071         58     0.2375  0.000e+00
     -0.151    13.6740   0.000017     0.0071         59     0.2417  0.000e+00
     -0.148    13.6742   0.000020     0.0071         60     0.2458  0.000e+00
     -0.151    13.6742   0.000017     0.0071         61     0.2500  0.000e+00
     -0.154    13.6744   0.000026     0.0071         62     0.2542  0.000e+00
     -0.148    13.6749   0.000017     0.0071         63     0.2583  0.000e+00
     -0.151    13.6750   0.000017     0.0071         64     0.2625  0.000e+00
     -0.148    13.6750   0.000020     0.0071         65     0.2667  0.000e+00
     -0.151    13.6749   0.000017     0.0071         66     0.2708  0.000e+00
     -0.149    13.6748   0.000020     0.0071         67     0.2750  0.000e+00
     -0.145    13.6753   0.000017     0.0071         68     0.2792  0.000e+00
     -0.149    13.6754   0.000023     0.0071         69     0.2833  0.000e+00
     -0.145    13.6752   0.000020     0.0071         70     0.2875  0.000e+00
     -0.148    13.6749   0.000023     0.0071         71     0.2917  0.000e+00
     -0.148    13.6754   0.000017     0.0071         72     0.2958  0.000e+00
     -0.148    13.6752   0.000017     0.0071         73     0.3000  0.000e+00
     -0.151    13.6753   0.000020     0.0071         74     0.3042  0.000e+00
     -0.148    13.6752   0.000020     0.0071         75     0.3083  0.000e+00
     -0.145    13.6749   0.000017     0.0071         76     0.3125  0.000e+00
     -0.152    13.6754   0.000020     0.0071         77     0.3167  0.000e+00
     -0.145    13.6754   0.000023     0.0071         78     0.3208  0.000e+00
     -0.155    13.6751   0.000020     0.0071         79     0.3250  0.000e+00
     -0.155    13.6752   0.000020     0.0071         80     0.3292  0.000e+00
     -0.152    13.6752   0.000023     0.0071         81     0.3333  0.000e+00
     -0.152    13.6753   0.000017     0.0071         82     0.3375  0.000e+00
     -0.148    13.6757   0.000017     0.0071         83     0.3417  0.000e+00
     -0.148    13.6760   0.000020     0.0071         84     0.3458  0.000e+00
     -0.145    13.6758   0.000023     0.0071         85     0.3500  0.000e+00
     -0.145    13.6757   0.000020     0.0071         86     0.3542  0.000e+00
     -0.155    13.6752   0.000020     0.0071         87     0.3583  0.000e+00
     -0.149    13.6737   0.000017     0.0071         88     0.3625  0.000e+00
     -0.155    13.6735   0.000017     0.0071         89     0.3667  0.000e+00
     -0.155    13.6735   0.000023     0.0071         90     0.3708  0.000e+00
     -0.149    13.6730   0.000020     0.0071         91     0.3750  0.000e+00
     -0.142    13.6737   0.000017     0.0071         92     0.3792  0.000e+00
     -0.151    13.6726   0.000026     0.0071         93     0.3833  0.000e+00
     -0.151    13.6726   0.000020     0.0071         94     0.3875  0.000e+00
     -0.148    13.6727   0.000023     0.0071         95     0.3917  0.000e+00
     -0.151    13.6723   0.000020     0.0071         96     0.3958  0.000e+00
     -0.154    13.6726   0.000017     0.0071         97     0.4000  0.000e+00
     -0.152    13.6730   0.000017     0.0071         98     0.4042  0.000e+00
     -0.152    13.6732   0.000020     0.0071         99     0.4083  0.000e+00
     -0.149    13.6737   0.000017     0.0071        100     0.4125  0.000e+00
     -0.145    13.6754   0.000020     0.0071        101     0.4167  0.000e+00
     -0.094    13.6780   2.845163    22.9561        102     0.4208  0.000e+00
      0.012    13.6977   3.904111    32.5687        103     0.4250  0.000e+00
      0.117    13.7714   3.863206    32.1269        104     0.4292  0.000e+00
      0.202    13.8356   3.888944    32.3113        105     0.4333  0.000e+00
      0.301    13.8676   3.762056    31.1139        106     0.4375  0.000e+00
      0.413    13.8647   3.227364    26.2524        107     0.4417  0.000e+00
      0.549    13.8492   3.403054    27.8495        108     0.4458  0.000e+00
      0.688    13.8457   3.457173    28.3432        109     0.4500  0.000e+00
      0.854    13.8502   3.862673    32.0558        110     0.4542  0.000e+00
      1.014    13.8676   3.927696    32.6427        111     0.4583  0.000e+00
      1.171    13.8840   3.926611    32.6186        112     0.4625  0.000e+00
      1.334    13.8965   3.926003    32.6023        113     0.4667  0.000e+00
      1.503    13.9036   3.926492    32.6007        114     0.4708  0.000e+00
      1.693    13.9087   3.926142    32.5931        115     0.4750  0.000e+00
      1.865    13.9120   3.925976    32.5887        116     0.4792  0.000e+00
      2.055    13.9137   3.925976    32.5871        117     0.4833  0.000e+00
      2.236    13.9160   3.926023    32.5856        118     0.4875  0.000e+00
      2.430    13.9176   3.926234    32.5861        119     0.4917  0.000e+00
      2.614    13.9207   3.926777    32.5884        120     0.4958  0.000e+00
      2.798    13.9244   3.927624    32.5930        121     0.5000  0.000e+00
      2.988    13.9308   3.928312    32.5939        122     0.5042  0.000e+00
      3.175    13.9379   3.928768    32.5920        123     0.5083  0.000e+00
      3.348    13.9463   3.928966    32.5866        124     0.5125  0.000e+00
      3.517    13.9559   3.928827    32.5772        125     0.5167  0.000e+00
      3.668    13.9636   3.928543    32.5679        126     0.5208  0.000e+00
      3.803    13.9665   3.928285    32.5630        127     0.5250  0.000e+00
      3.930    13.9636   3.928404    32.5665        128     0.5292  0.000e+00
      4.051    13.9566   3.928920    32.5772        129     0.5333  0.000e+00
      4.157    13.9541   3.929390    32.5837        130     0.5375  0.000e+00
      4.271    13.9600   3.929701    32.5814        131     0.5417  0.000e+00
      4.380    13.9708   3.929535    32.5707        132     0.5458  0.000e+00
      4.483    13.9824   3.929416    32.5598        133     0.5500  0.000e+00
      4.591    13.9907   3.929416    32.5527        134     0.5542  0.000e+00
      4.691    13.9960   3.929132    32.5455        135     0.5583  0.000e+00
      4.812    13.9977   3.928285    32.5362        136     0.5625  0.000e+00
      4.938    13.9961   3.926823    32.5241        137     0.5667  0.000e+00
      5.065    13.9907   3.925282    32.5143        138     0.5708  0.000e+00
      5.204    13.9805   3.924991    32.5203        139     0.5750  0.000e+00
      5.346    13.9665   3.924119    32.5239        140     0.5792  0.000e+00
      5.503    13.9566   3.922942    32.5214        141     0.5833  0.000e+00
      5.657    13.9470   3.920919    32.5108        142     0.5875  0.000e+00
      5.817    13.9340   3.919796    32.5113        143     0.5917  0.000e+00
      5.980    13.9135   3.918785    32.5192        144     0.5958  0.000e+00
      6.149    13.8919   3.917701    32.5274        145     0.6000  0.000e+00
      6.321    13.8761   3.916836    32.5328        146     0.6042  0.000e+00
      6.475    13.8613   3.915825    32.5359        147     0.6083  0.000e+00
      6.638    13.8472   3.914445    32.5350        148     0.6125  0.000e+00
      6.792    13.8350   3.913619    32.5376        149     0.6167  0.000e+00
      6.940    13.8212   3.913197    32.5453        150     0.6208  0.000e+00
      7.091    13.8108   3.912556    32.5482        151     0.6250  0.000e+00
      7.230    13.8013   3.912259    32.5534        152     0.6292  0.000e+00
      7.360    13.7915   3.911625    32.5558        153     0.6333  0.000e+00
      7.486    13.7821   3.911229    32.5601        154     0.6375  0.000e+00
      7.607    13.7733   3.910411    32.5599        155     0.6417  0.000e+00
      7.725    13.7667   3.909453    32.5566        156     0.6458  0.000e+00
      7.843    13.7591   3.909005    32.5588        157     0.6500  0.000e+00
      7.951    13.7503   3.908305    32.5598        158     0.6542  0.000e+00
      8.063    13.7419   3.906972    32.5545        159     0.6583  0.000e+00
      8.175    13.7338   3.906246    32.5546        160     0.6625  0.000e+00
      8.289    13.7235   3.905071    32.5524        161     0.6667  0.000e+00
      8.410    13.7127   3.903765    32.5494        162     0.6708  0.000e+00
      8.528    13.7017   3.902828    32.5500        163     0.6750  0.000e+00
      8.649    13.6881   3.901403    32.5483        164     0.6792  0.000e+00
      8.781    13.6744   3.900143    32.5481        165     0.6833  0.000e+00
      8.902    13.6602   3.898607    32.5459        166     0.6875  0.000e+00
      9.041    13.6443   3.897717    32.5510        167     0.6917  0.000e+00
      9.180    13.6272   3.896550    32.5548        168     0.6958  0.000e+00
      9.319    13.6102   3.895403    32.5585        169     0.7000  0.000e+00
      9.464    13.5928   3.893333    32.5539        170     0.7042  0.000e+00
      9.615    13.5767   3.891607    32.5515        171     0.7083  0.000e+00
      9.760    13.5602   3.890045    32.5510        172     0.7125  0.000e+00
      9.898    13.5409   3.888016    32.5484        173     0.7167  0.000e+00
     10.034    13.5194   3.886113    32.5489        174     0.7208  0.000e+00
     10.164    13.4953   3.884625    32.5555        175     0.7250  0.000e+00
     10.303    13.4701   3.883302    32.5646        176     0.7292  0.000e+00
     10.421    13.4490   3.881307    32.5639        177     0.7333  0.000e+00
     10.547    13.4281   3.879938    32.5689        178     0.7375  0.000e+00
     10.656    13.4027   3.878964    32.5815        179     0.7417  0.000e+00
     10.774    13.3795   3.878037    32.5926        180     0.7458  0.000e+00
     10.889    13.3578   3.877129    32.6027        181     0.7500  0.000e+00
     11.009    13.3397   3.875741    32.6051        182     0.7542  0.000e+00
     11.136    13.3245   3.874537    32.6068        183     0.7583  0.000e+00
     11.254    13.3094   3.873636    32.6111        184     0.7625  0.000e+00
     11.387    13.2957   3.872472    32.6119        185     0.7667  0.000e+00
     11.517    13.2810   3.871894    32.6191        186     0.7708  0.000e+00
     11.649    13.2649   3.871683    32.6309        187     0.7750  0.000e+00
     11.791    13.2492   3.871296    32.6407        188     0.7792  0.000e+00
     11.930    13.2357   3.870862    32.6481        189     0.7833  0.000e+00
     12.075    13.2219   3.870783    32.6591        190     0.7875  0.000e+00
     12.217    13.2069   3.870507    32.6694        191     0.7917  0.000e+00
     12.365    13.1944   3.870415    32.6792        192     0.7958  0.000e+00
     12.516    13.1815   3.870323    32.6894        193     0.8000  0.000e+00
     12.652    13.1694   3.870186    32.6985        194     0.8042  0.000e+00
     12.799    13.1599   3.870094    32.7057        195     0.8083  0.000e+00
     12.941    13.1520   3.869837    32.7100        196     0.8125  0.000e+00
     13.086    13.1408   3.869627    32.7177        197     0.8167  0.000e+00
     13.225    13.1302   3.869601    32.7265        198     0.8208  0.000e+00
     13.364    13.1212   3.869562    32.7338        199     0.8250  0.000e+00
     13.497    13.1159   3.869305    32.7360        200     0.8292  0.000e+00
     13.639    13.1088   3.869075    32.7399        201     0.8333  0.000e+00
     13.772    13.1019   3.869122    32.7462        202     0.8375  0.000e+00
     13.898    13.0958   3.869214    32.7522        203     0.8417  0.000e+00
     14.028    13.0903   3.869444    32.7592        204     0.8458  0.000e+00
     14.161    13.0821   3.869931    32.7708        205     0.8500  0.000e+00
     14.291    13.0739   3.870371    32.7820        206     0.8542  0.000e+00
     14.412    13.0686   3.870720    32.7898        207     0.8583  0.000e+00
     14.526    13.0639   3.871378    32.8000        208     0.8625  0.000e+00
     14.647    13.0599   3.871832    32.8077        209     0.8667  0.000e+00
     14.759    13.0567   3.872200    32.8139        210     0.8708  0.000e+00
     14.877    13.0549   3.872411    32.8174        211     0.8750  0.000e+00
     14.997    13.0537   3.872615    32.8203        212     0.8792  0.000e+00
     15.115    13.0502   3.872740    32.8245        213     0.8833  0.000e+00
     15.245    13.0449   3.872799    32.8296        214     0.8875  0.000e+00
     15.369    13.0388   3.872733    32.8342        215     0.8917  0.000e+00
