HB2302/sbe044.cnv
* Sea-Bird SBE 19plus V2 Data File:
* FileName = C:\cruise\data\sbe044.hex
* Software Version Seasave V 7.26.7.121
* Temperature SN = 4758
* Conductivity SN = 4758
* System UpLoad Time = Jun 13 2023 07:26:58
* NMEA Latitude = 38 29.91 N
* NMEA Longitude = 074 17.60 W
* NMEA UTC (Time) = Jun 13 2023 07:26:59
** Cruise: HB2302
** Program: Ecomon
** Chief Scientist: Jerry Prezioso
# nquan = 7
# nvalues = 1416                                  
# units = specified
# name 0 = depSM: Depth [salt water, m]
# name 1 = tv290C: Temperature [ITS-90, deg C]
# name 2 = c0S/m: Conductivity [S/m]
# name 3 = sal00: Salinity, Practical [PSU]
# name 4 = scan: Scan Count
# name 5 = timeM: Time, Elapsed [minutes]
# name 6 = flag:  0.000e+00
# span 0 =     -0.154,     34.208                 
# span 1 =     8.9179,    18.2739                 
# span 2 =   0.000080,   4.225367                 
# span 3 =     0.0090,    33.2718                 
# span 4 =         11,       1426                 
# span 5 =     0.0417,     5.9375                 
# span 6 = 0.0000e+00, 0.0000e+00                 
# interval = seconds: 0.25
# start_time = Jun 13 2023 07:26:59 [NMEA time, header]
# bad_flag = -9.990e-29
*END*
[from data line 1231]
      5.832    17.4289   4.193334    32.0811       1242     5.1708  0.000e+00
      5.769    17.4289   4.193253    32.0805       1243     5.1750  0.000e+00
      5.705    17.4296   4.193287    32.0803       1244     5.1792  0.000e+00
      5.663    17.4312   4.193273    32.0789       1245     5.1833  0.000e+00
      5.633    17.4314   4.193287    32.0789       1246     5.1875  0.000e+00
      5.611    17.4301   4.193273    32.0798       1247     5.1917  0.000e+00
      5.608    17.4294   4.193287    32.0804       1248     5.1958  0.000e+00
      5.602    17.4285   4.193287    32.0811       1249     5.2000  0.000e+00
      5.608    17.4279   4.193300    32.0818       1250     5.2042  0.000e+00
      5.620    17.4276   4.193287    32.0819       1251     5.2083  0.000e+00
      5.626    17.4279   4.193198    32.0809       1252     5.2125  0.000e+00
      5.632    17.4283   4.193260    32.0811       1253     5.2167  0.000e+00
      5.632    17.4285   4.193226    32.0806       1254     5.2208  0.000e+00
      5.644    17.4292   4.193239    32.0802       1255     5.2250  0.000e+00
      5.638    17.4294   4.193253    32.0802       1256     5.2292  0.000e+00
      5.623    17.4285   4.193287    32.0811       1257     5.2333  0.000e+00
      5.602    17.4261   4.193273    32.0830       1258     5.2375  0.000e+00
      5.568    17.4250   4.193260    32.0837       1259     5.2417  0.000e+00
      5.523    17.4259   4.193069    32.0814       1260     5.2458  0.000e+00
      5.460    17.4279   4.193022    32.0794       1261     5.2500  0.000e+00
      5.378    17.4305   4.192994    32.0772       1262     5.2542  0.000e+00
      5.290    17.4319   4.193042    32.0765       1263     5.2583  0.000e+00
      5.209    17.4320   4.192994    32.0761       1264     5.2625  0.000e+00
      5.112    17.4320   4.192967    32.0759       1265     5.2667  0.000e+00
      5.030    17.4316   4.193021    32.0766       1266     5.2708  0.000e+00
      4.955    17.4312   4.192920    32.0761       1267     5.2750  0.000e+00
      4.879    17.4305   4.193069    32.0780       1268     5.2792  0.000e+00
      4.840    17.4298   4.193021    32.0782       1269     5.2833  0.000e+00
      4.819    17.4293   4.192994    32.0783       1270     5.2875  0.000e+00
      4.801    17.4289   4.192947    32.0783       1271     5.2917  0.000e+00
      4.795    17.4284   4.192967    32.0788       1272     5.2958  0.000e+00
      4.810    17.4282   4.192947    32.0788       1273     5.3000  0.000e+00
      4.828    17.4277   4.192967    32.0794       1274     5.3042  0.000e+00
      4.855    17.4270   4.192967    32.0799       1275     5.3083  0.000e+00
      4.879    17.4264   4.192947    32.0802       1276     5.3125  0.000e+00
      4.903    17.4270   4.192865    32.0790       1277     5.3167  0.000e+00
      4.924    17.4274   4.192920    32.0792       1278     5.3208  0.000e+00
      4.945    17.4279   4.192872    32.0783       1279     5.3250  0.000e+00
      4.954    17.4282   4.192865    32.0780       1280     5.3292  0.000e+00
      4.966    17.4280   4.192872    32.0782       1281     5.3333  0.000e+00
      4.960    17.4279   4.192865    32.0782       1282     5.3375  0.000e+00
      4.945    17.4274   4.192899    32.0790       1283     5.3417  0.000e+00
      4.909    17.4269   4.192920    32.0795       1284     5.3458  0.000e+00
      4.848    17.4290   4.192947    32.0781       1285     5.3500  0.000e+00
      4.758    17.4331   4.192947    32.0749       1286     5.3542  0.000e+00
      4.658    17.4355   4.193021    32.0737       1287     5.3583  0.000e+00
      4.513    17.4372   4.192994    32.0722       1288     5.3625  0.000e+00
      4.383    17.4387   4.192872    32.0700       1289     5.3667  0.000e+00
      4.262    17.4417   4.192919    32.0681       1290     5.3708  0.000e+00
      4.141    17.4468   4.192919    32.0641       1291     5.3750  0.000e+00
      4.054    17.4520   4.192919    32.0600       1292     5.3792  0.000e+00
      3.969    17.4550   4.192946    32.0579       1293     5.3833  0.000e+00
      3.905    17.4572   4.192946    32.0562       1294     5.3875  0.000e+00
      3.842    17.4582   4.192946    32.0554       1295     5.3917  0.000e+00
      3.806    17.4591   4.192946    32.0547       1296     5.3958  0.000e+00
      3.784    17.4589   4.192946    32.0549       1297     5.4000  0.000e+00
      3.796    17.4580   4.192946    32.0556       1298     5.4042  0.000e+00
      3.827    17.4572   4.192966    32.0564       1299     5.4083  0.000e+00
      3.869    17.4566   4.193021    32.0573       1300     5.4125  0.000e+00
      3.920    17.4582   4.193021    32.0560       1301     5.4167  0.000e+00
      3.977    17.4600   4.193041    32.0547       1302     5.4208  0.000e+00
      4.032    17.4608   4.193068    32.0543       1303     5.4250  0.000e+00
      4.086    17.4616   4.193021    32.0533       1304     5.4292  0.000e+00
      4.137    17.4616   4.193021    32.0532       1305     5.4333  0.000e+00
      4.177    17.4611   4.193021    32.0536       1306     5.4375  0.000e+00
      4.216    17.4606   4.192994    32.0538       1307     5.4417  0.000e+00
      4.234    17.4601   4.192994    32.0542       1308     5.4458  0.000e+00
      4.234    17.4594   4.193021    32.0549       1309     5.4500  0.000e+00
      4.219    17.4592   4.193021    32.0551       1310     5.4542  0.000e+00
      4.176    17.4594   4.192994    32.0547       1311     5.4583  0.000e+00
      4.104    17.4596   4.192946    32.0542       1312     5.4625  0.000e+00
      3.998    17.4598   4.192898    32.0537       1313     5.4667  0.000e+00
      3.895    17.4598   4.192864    32.0534       1314     5.4708  0.000e+00
      3.771    17.4592   4.192844    32.0538       1315     5.4750  0.000e+00
      3.669    17.4581   4.192844    32.0547       1316     5.4792  0.000e+00
      3.578    17.4581   4.192776    32.0541       1317     5.4833  0.000e+00
      3.487    17.4580   4.192817    32.0546       1318     5.4875  0.000e+00
      3.409    17.4582   4.192844    32.0546       1319     5.4917  0.000e+00
      3.336    17.4598   4.192844    32.0535       1320     5.4958  0.000e+00
      3.273    17.4597   4.192898    32.0540       1321     5.5000  0.000e+00
      3.221    17.4600   4.192918    32.0540       1322     5.5042  0.000e+00
      3.179    17.4608   4.192918    32.0533       1323     5.5083  0.000e+00
      3.143    17.4614   4.192918    32.0529       1324     5.5125  0.000e+00
      3.113    17.4620   4.192946    32.0526       1325     5.5167  0.000e+00
      3.082    17.4627   4.192918    32.0519       1326     5.5208  0.000e+00
      3.067    17.4632   4.192966    32.0519       1327     5.5250  0.000e+00
      3.061    17.4635   4.192918    32.0512       1328     5.5292  0.000e+00
      3.064    17.4636   4.192864    32.0507       1329     5.5333  0.000e+00
      3.055    17.4635   4.192823    32.0504       1330     5.5375  0.000e+00
      3.037    17.4634   4.192918    32.0514       1331     5.5417  0.000e+00
      3.040    17.4635   4.192871    32.0508       1332     5.5458  0.000e+00
      3.049    17.4634   4.192844    32.0507       1333     5.5500  0.000e+00
      3.040    17.4633   4.192823    32.0506       1334     5.5542  0.000e+00
      3.052    17.4633   4.192816    32.0506       1335     5.5583  0.000e+00
      3.058    17.4629   4.192796    32.0507       1336     5.5625  0.000e+00
      3.064    17.4625   4.192844    32.0514       1337     5.5667  0.000e+00
      3.057    17.4627   4.192871    32.0515       1338     5.5708  0.000e+00
      3.051    17.4630   4.192918    32.0516       1339     5.5750  0.000e+00
      3.024    17.4639   4.192946    32.0512       1340     5.5792  0.000e+00
      2.991    17.4645   4.192945    32.0507       1341     5.5833  0.000e+00
      2.939    17.4646   4.192864    32.0500       1342     5.5875  0.000e+00
      2.888    17.4647   4.192871    32.0500       1343     5.5917  0.000e+00
      2.822    17.4642   4.192816    32.0499       1344     5.5958  0.000e+00
      2.743    17.4637   4.192776    32.0500       1345     5.6000  0.000e+00
      2.661    17.4635   4.192816    32.0505       1346     5.6042  0.000e+00
      2.571    17.4632   4.192823    32.0509       1347     5.6083  0.000e+00
      2.471    17.4634   4.192741    32.0501       1348     5.6125  0.000e+00
      2.380    17.4630   4.192918    32.0519       1349     5.6167  0.000e+00
      2.284    17.4634   4.192918    32.0516       1350     5.6208  0.000e+00
      2.175    17.4640   4.192945    32.0514       1351     5.6250  0.000e+00
      2.045    17.4640   4.192843    32.0506       1352     5.6292  0.000e+00
      1.933    17.4638   4.192870    32.0510       1353     5.6333  0.000e+00
      1.845    17.4636   4.192891    32.0514       1354     5.6375  0.000e+00
      1.788    17.4639   4.192870    32.0510       1355     5.6417  0.000e+00
      1.767    17.4640   4.192870    32.0509       1356     5.6458  0.000e+00
      1.767    17.4641   4.192843    32.0506       1357     5.6500  0.000e+00
      1.788    17.4641   4.192843    32.0506       1358     5.6542  0.000e+00
      1.827    17.4639   4.192843    32.0508       1359     5.6583  0.000e+00
      1.860    17.4632   4.192843    32.0513       1360     5.6625  0.000e+00
      1.897    17.4630   4.192762    32.0507       1361     5.6667  0.000e+00
      1.918    17.4622   4.192700    32.0508       1362     5.6708  0.000e+00
      1.930    17.4614   4.192660    32.0511       1363     5.6750  0.000e+00
      1.930    17.4613   4.192653    32.0512       1364     5.6792  0.000e+00
      1.932    17.4610   4.192537    32.0504       1365     5.6833  0.000e+00
      1.911    17.4604   4.192456    32.0501       1366     5.6875  0.000e+00
      1.917    17.4600   4.192510    32.0509       1367     5.6917  0.000e+00
      1.893    17.4601   4.192578    32.0515       1368     5.6958  0.000e+00
      1.875    17.4601   4.192436    32.0503       1369     5.7000  0.000e+00
      1.842    17.4598   4.192408    32.0502       1370     5.7042  0.000e+00
      1.790    17.4594   4.192408    32.0506       1371     5.7083  0.000e+00
      1.706    17.4588   4.192313    32.0503       1372     5.7125  0.000e+00
      1.591    17.4585   4.192456    32.0518       1373     5.7167  0.000e+00
      1.470    17.4592   4.192714    32.0535       1374     5.7208  0.000e+00
      1.331    17.4606   4.192503    32.0506       1375     5.7250  0.000e+00
      1.216    17.4613   4.192279    32.0482       1376     5.7292  0.000e+00
      1.119    17.4611   4.192408    32.0495       1377     5.7333  0.000e+00
      1.065    17.4610   4.192306    32.0487       1378     5.7375  0.000e+00
      1.029    17.4610   4.192238    32.0481       1379     5.7417  0.000e+00
      0.977    17.4610   4.192279    32.0485       1380     5.7458  0.000e+00
      0.932    17.4610   4.192530    32.0507       1381     5.7500  0.000e+00
      0.890    17.4617   4.192557    32.0504       1382     5.7542  0.000e+00
      0.808    17.4621   4.192360    32.0484       1383     5.7583  0.000e+00
      0.748    17.4615   4.192333    32.0487       1384     5.7625  0.000e+00
      0.705    17.4611   4.192286    32.0486       1385     5.7667  0.000e+00
      0.633    17.4612   4.192306    32.0487       1386     5.7708  0.000e+00
      0.572    17.4616   4.192408    32.0493       1387     5.7750  0.000e+00
      0.466    17.4623   4.192483    32.0494       1388     5.7792  0.000e+00
      0.430    17.4628   4.192048    32.0453       1389     5.7833  0.000e+00
      0.530    17.4615   4.192265    32.0482       1390     5.7875  0.000e+00
      0.626    17.4609   4.192333    32.0492       1391     5.7917  0.000e+00
      0.666    17.4617   4.192530    32.0502       1392     5.7958  0.000e+00
      0.705    17.4626   4.192557    32.0497       1393     5.8000  0.000e+00
      0.768    17.4631   4.192455    32.0484       1394     5.8042  0.000e+00
      0.801    17.4634   4.192510    32.0486       1395     5.8083  0.000e+00
      0.825    17.4634   4.192578    32.0492       1396     5.8125  0.000e+00
      0.853    17.4639   4.192537    32.0485       1397     5.8167  0.000e+00
      0.847    17.4639   4.192333    32.0468       1398     5.8208  0.000e+00
      0.831    17.4631   4.192557    32.0493       1399     5.8250  0.000e+00
      0.765    17.4637   4.192700    32.0501       1400     5.8292  0.000e+00
      0.692    17.4646   4.192612    32.0486       1401     5.8333  0.000e+00
      0.608    17.4649   4.192605    32.0483       1402     5.8375  0.000e+00
      0.496    17.4649   4.192741    32.0496       1403     5.8417  0.000e+00
      0.459    17.4652   4.192673    32.0487       1404     5.8458  0.000e+00
      0.478    17.4655   4.192625    32.0481       1405     5.8500  0.000e+00
      0.417    17.4653   4.192584    32.0479       1406     5.8542  0.000e+00
      0.314    17.4648   4.192333    32.0462       1407     5.8583  0.000e+00
      0.230    17.4632   4.192251    32.0468       1408     5.8625  0.000e+00
      0.175    17.4618   4.192238    32.0478       1409     5.8667  0.000e+00
      0.148    17.4612   4.192231    32.0483       1410     5.8708  0.000e+00
      0.139    17.4609   4.192360    32.0496       1411     5.8750  0.000e+00
      0.106    17.4611   4.192251    32.0485       1412     5.8792  0.000e+00
      0.124    17.4612   4.192238    32.0483       1413     5.8833  0.000e+00
      0.130    17.4609   4.192204    32.0482       1414     5.8875  0.000e+00
      0.145    17.4606   4.192265    32.0490       1415     5.8917  0.000e+00
      0.190    17.4606   4.192435    32.0504       1416     5.8958  0.000e+00
      0.271    17.4614   4.192381    32.0493       1417     5.9000  0.000e+00
      0.365    17.4620   4.192381    32.0488       1418     5.9042  0.000e+00
      0.453    17.4621   4.192360    32.0485       1419     5.9083  0.000e+00
      0.525    17.4620   4.192265    32.0478       1420     5.9125  0.000e+00
      0.595    17.4616   4.192333    32.0486       1421     5.9167  0.000e+00
      0.646    17.4614   4.192483    32.0500       1422     5.9208  0.000e+00
      0.664    17.4620   4.192455    32.0493       1423     5.9250  0.000e+00
      0.700    17.4622   4.192435    32.0490       1424     5.9292  0.000e+00
      0.757    17.4621   4.192333    32.0482       1425     5.9333  0.000e+00
      0.797    17.4619   4.192286    32.0479       1426     5.9375  0.000e+00
