HB2302/sbe008.cnv
* Sea-Bird SBE 19plus V2 Data File:
* FileName = C:\cruise\data\sbe008.hex
* Software Version Seasave V 7.26.7.121
* Temperature SN = 4758
* Conductivity SN = 4758
* System UpLoad Time = Jun 09 2023 15:01:21
* NMEA Latitude = 40 15.83 N
* NMEA Longitude = 071 15.31 W
* NMEA UTC (Time) = Jun 09 2023 15:01:23
** Cruise: HB2302
** Program: Ecomon
** Chief Scientist: Jerry Prezioso
# nquan = 7
# nvalues = 2124                                  
# units = specified
# name 0 = depSM: Depth [salt water, m]
# name 1 = tv290C: Temperature [ITS-90, deg C]
# name 2 = c0S/m: Conductivity [S/m]
# name 3 = sal00: Salinity, Practical [PSU]
# name 4 = scan: Scan Count
# name 5 = timeM: Time, Elapsed [minutes]
# name 6 = flag:  0.000e+00
# span 0 =     -0.157,     87.691                 
# span 1 =     8.7724,    16.8281                 
# span 2 =   0.000017,   4.406054                 
# span 3 =     0.0075,    34.5173                 
# span 4 =         11,       2134                 
# span 5 =     0.0417,     8.8875                 
# span 6 = 0.0000e+00, 0.0000e+00                 
# interval = seconds: 0.25
# start_time = Jun 09 2023 15:01:23 [NMEA time, header]
# bad_flag = -9.990e-29
*END*
     -0.145    14.5705   0.000038     0.0075         11     0.0417  0.000e+00
     -0.145    14.5709   0.000035     0.0075         12     0.0458  0.000e+00
     -0.142    14.5712   0.000050     0.0075         13     0.0500  0.000e+00
     -0.142    14.5715   0.000038     0.0075         14     0.0542  0.000e+00
     -0.145    14.5717   0.000038     0.0075         15     0.0583  0.000e+00
     -0.142    14.5721   0.000038     0.0075         16     0.0625  0.000e+00
     -0.157    14.5723   0.000044     0.0075         17     0.0667  0.000e+00
     -0.151    14.5726   0.000044     0.0075         18     0.0708  0.000e+00
     -0.145    14.5727   0.000038     0.0075         19     0.0750  0.000e+00
     -0.145    14.5733   0.000038     0.0075         20     0.0792  0.000e+00
     -0.139    14.5737   0.000038     0.0075         21     0.0833  0.000e+00
     -0.148    14.5742   0.000038     0.0075         22     0.0875  0.000e+00
     -0.142    14.5743   0.000038     0.0075         23     0.0917  0.000e+00
     -0.151    14.5749   0.000044     0.0075         24     0.0958  0.000e+00
     -0.145    14.5754   0.000038     0.0075         25     0.1000  0.000e+00
     -0.151    14.5756   0.000038     0.0075         26     0.1042  0.000e+00
     -0.145    14.5760   0.000038     0.0075         27     0.1083  0.000e+00
     -0.148    14.5767   0.000038     0.0075         28     0.1125  0.000e+00
     -0.145    14.5770   0.000044     0.0075         29     0.1167  0.000e+00
     -0.142    14.5776   0.000038     0.0075         30     0.1208  0.000e+00
     -0.148    14.5780   0.000038     0.0075         31     0.1250  0.000e+00
     -0.151    14.5784   0.000032     0.0075         32     0.1292  0.000e+00
     -0.145    14.5787   0.000038     0.0075         33     0.1333  0.000e+00
     -0.142    14.5789   0.000038     0.0075         34     0.1375  0.000e+00
     -0.145    14.5795   0.000038     0.0075         35     0.1417  0.000e+00
     -0.142    14.5799   0.000044     0.0075         36     0.1458  0.000e+00
     -0.145    14.5801   0.000038     0.0075         37     0.1500  0.000e+00
     -0.154    14.5807   0.000044     0.0075         38     0.1542  0.000e+00
     -0.148    14.5810   0.000044     0.0075         39     0.1583  0.000e+00
     -0.151    14.5807   0.000032     0.0075         40     0.1625  0.000e+00
     -0.148    14.5811   0.000044     0.0075         41     0.1667  0.000e+00
     -0.145    14.5811   0.000038     0.0075         42     0.1708  0.000e+00
     -0.151    14.5811   0.000038     0.0075         43     0.1750  0.000e+00
     -0.148    14.5816   0.000044     0.0075         44     0.1792  0.000e+00
     -0.148    14.5816   0.000038     0.0075         45     0.1833  0.000e+00
     -0.145    14.5821   0.000044     0.0075         46     0.1875  0.000e+00
     -0.145    14.5823   0.000038     0.0075         47     0.1917  0.000e+00
     -0.142    14.5826   0.000044     0.0075         48     0.1958  0.000e+00
     -0.148    14.5828   0.000038     0.0075         49     0.2000  0.000e+00
     -0.145    14.5833   0.000035     0.0075         50     0.2042  0.000e+00
     -0.148    14.5835   0.000038     0.0075         51     0.2083  0.000e+00
     -0.148    14.5840   0.000038     0.0075         52     0.2125  0.000e+00
     -0.145    14.5845   0.000044     0.0075         53     0.2167  0.000e+00
     -0.148    14.5849   0.000032     0.0075         54     0.2208  0.000e+00
     -0.142    14.5854   0.000038     0.0075         55     0.2250  0.000e+00
     -0.145    14.5854   0.000044     0.0075         56     0.2292  0.000e+00
     -0.145    14.5858   0.000038     0.0075         57     0.2333  0.000e+00
     -0.148    14.5863   0.000044     0.0075         58     0.2375  0.000e+00
     -0.145    14.5868   0.000038     0.0075         59     0.2417  0.000e+00
     -0.145    14.5871   0.000044     0.0075         60     0.2458  0.000e+00
     -0.142    14.5875   0.000032     0.0075         61     0.2500  0.000e+00
     -0.148    14.5880   0.000038     0.0075         62     0.2542  0.000e+00
     -0.142    14.5882   0.000044     0.0075         63     0.2583  0.000e+00
     -0.142    14.5886   0.000032     0.0075         64     0.2625  0.000e+00
     -0.148    14.5890   0.000044     0.0075         65     0.2667  0.000e+00
     -0.142    14.5890   0.000038     0.0075         66     0.2708  0.000e+00
     -0.142    14.5894   0.000038     0.0075         67     0.2750  0.000e+00
     -0.145    14.5898   0.000044     0.0075         68     0.2792  0.000e+00
     -0.145    14.5902   0.000038     0.0075         69     0.2833  0.000e+00
     -0.145    14.5904   0.000044     0.0075         70     0.2875  0.000e+00
     -0.148    14.5906   0.000044     0.0075         71     0.2917  0.000e+00
     -0.145    14.5908   0.000044     0.0075         72     0.2958  0.000e+00
     -0.142    14.5913   0.000044     0.0075         73     0.3000  0.000e+00
     -0.145    14.5914   0.000044     0.0075         74     0.3042  0.000e+00
     -0.145    14.5918   0.000032     0.0075         75     0.3083  0.000e+00
     -0.067    14.5938   0.000038     0.0075         76     0.3125  0.000e+00
      0.138    14.5979   0.000017     0.0076         77     0.3167  0.000e+00
      0.238    14.6006   0.976020     7.0031         78     0.3208  0.000e+00
      0.247    14.5671   2.034379    15.5351         79     0.3250  0.000e+00
      0.217    14.4670   2.511790    19.6143         80     0.3292  0.000e+00
      0.154    14.4053   3.040987    24.2423         81     0.3333  0.000e+00
      0.096    14.3847   2.898072    23.0020         82     0.3375  0.000e+00
      0.060    14.3763   2.973266    23.6655         83     0.3417  0.000e+00
      0.015    14.3701   3.829412    31.3236         84     0.3458  0.000e+00
     -0.016    14.3649   3.913425    32.0941         85     0.3500  0.000e+00
     -0.043    14.3614   3.923622    32.1902         86     0.3542  0.000e+00
     -0.091    14.3594   3.950876    32.4412         87     0.3583  0.000e+00
     -0.127    14.3481   3.956242    32.4998         88     0.3625  0.000e+00
     -0.133    14.3183   1.304258     9.6459         89     0.3667  0.000e+00
     -0.136    14.3033   0.433026     2.9563         90     0.3708  0.000e+00
     -0.139    14.2996   0.309619     2.0707         91     0.3750  0.000e+00
     -0.142    14.2984   0.257039     1.7006         92     0.3792  0.000e+00
     -0.139    14.2972   0.228116     1.4993         93     0.3833  0.000e+00
     -0.142    14.2973   0.197379     1.2872         94     0.3875  0.000e+00
     -0.139    14.2996   0.178578     1.1585         95     0.3917  0.000e+00
     -0.121    14.3045   3.129135    25.0841         96     0.3958  0.000e+00
     -0.001    14.3149   3.950002    32.4705         97     0.4000  0.000e+00
      0.132    14.3286   3.948623    32.4462         98     0.4042  0.000e+00
      0.235    14.3355   3.963855    32.5800         99     0.4083  0.000e+00
      0.359    14.3380   3.965024    32.5885        100     0.4125  0.000e+00
      0.495    14.3364   3.966764    32.6058        101     0.4167  0.000e+00
      0.624    14.3332   3.966213    32.6033        102     0.4208  0.000e+00
      0.782    14.3299   3.965735    32.6017        103     0.4250  0.000e+00
      0.936    14.3254   3.965595    32.6042        104     0.4292  0.000e+00
      1.071    14.3201   3.965449    32.6072        105     0.4333  0.000e+00
      1.222    14.3159   3.964952    32.6061        106     0.4375  0.000e+00
      1.376    14.3138   3.964447    32.6032        107     0.4417  0.000e+00
      1.543    14.3109   3.963996    32.6015        108     0.4458  0.000e+00
      1.715    14.3068   3.963358    32.5990        109     0.4500  0.000e+00
      1.881    14.3016   3.962854    32.5987        110     0.4542  0.000e+00
      2.050    14.2958   3.962356    32.5990        111     0.4583  0.000e+00
      2.210    14.2907   3.961785    32.5980        112     0.4625  0.000e+00
      2.361    14.2862   3.961234    32.5967        113     0.4667  0.000e+00
      2.503    14.2803   3.960763    32.5973        114     0.4708  0.000e+00
      2.648    14.2754   3.960544    32.5993        115     0.4750  0.000e+00
      2.787    14.2697   3.960193    32.6009        116     0.4792  0.000e+00
      2.920    14.2653   3.959861    32.6015        117     0.4833  0.000e+00
      3.043    14.2613   3.959642    32.6028        118     0.4875  0.000e+00
      3.167    14.2582   3.959217    32.6015        119     0.4917  0.000e+00
      3.285    14.2545   3.958906    32.6017        120     0.4958  0.000e+00
      3.409    14.2507   3.958620    32.6022        121     0.5000  0.000e+00
      3.521    14.2473   3.958262    32.6018        122     0.5042  0.000e+00
      3.638    14.2442   3.957645    32.5987        123     0.5083  0.000e+00
      3.756    14.2409   3.957293    32.5981        124     0.5125  0.000e+00
      3.880    14.2366   3.956842    32.5976        125     0.5167  0.000e+00
      4.016    14.2328   3.956385    32.5966        126     0.5208  0.000e+00
      4.152    14.2288   3.955887    32.5954        127     0.5250  0.000e+00
      4.299    14.2236   3.955251    32.5938        128     0.5292  0.000e+00
      4.456    14.2180   3.954348    32.5902        129     0.5333  0.000e+00
      4.616    14.2124   3.953208    32.5844        130     0.5375  0.000e+00
      4.780    14.2043   3.952425    32.5840        131     0.5417  0.000e+00
      4.946    14.1948   3.951497    32.5834        132     0.5458  0.000e+00
      5.109    14.1846   3.949959    32.5778        133     0.5500  0.000e+00
      5.281    14.1761   3.948746    32.5738        134     0.5542  0.000e+00
      5.450    14.1657   3.947845    32.5742        135     0.5583  0.000e+00
      5.604    14.1519   3.946851    32.5766        136     0.5625  0.000e+00
      5.758    14.1391   3.944624    32.5669        137     0.5667  0.000e+00
      5.909    14.1269   3.942703    32.5595        138     0.5708  0.000e+00
      6.060    14.1104   3.941100    32.5586        139     0.5750  0.000e+00
      6.205    14.0902   3.939517    32.5610        140     0.5792  0.000e+00
      6.338    14.0709   3.937603    32.5597        141     0.5833  0.000e+00
      6.464    14.0511   3.936187    32.5633        142     0.5875  0.000e+00
      6.591    14.0313   3.934817    32.5673        143     0.5917  0.000e+00
      6.715    14.0121   3.933281    32.5694        144     0.5958  0.000e+00
      6.830    13.9933   3.930998    32.5642        145     0.6000  0.000e+00
      6.953    13.9742   3.928312    32.5555        146     0.6042  0.000e+00
      7.074    13.9538   3.924662    32.5390        147     0.6083  0.000e+00
      7.198    13.9289   3.921700    32.5327        148     0.6125  0.000e+00
      7.319    13.8992   3.919770    32.5399        149     0.6167  0.000e+00
      7.439    13.8709   3.917986    32.5473        150     0.6208  0.000e+00
      7.572    13.8425   3.914181    32.5362        151     0.6250  0.000e+00
      7.693    13.8137   3.910899    32.5301        152     0.6292  0.000e+00
      7.826    13.7829   3.907908    32.5285        153     0.6333  0.000e+00
      7.962    13.7475   3.905473    32.5359        154     0.6375  0.000e+00
      8.104    13.7112   3.903534    32.5487        155     0.6417  0.000e+00
      8.243    13.6780   3.900724    32.5507        156     0.6458  0.000e+00
      8.394    13.6510   3.897927    32.5476        157     0.6500  0.000e+00
      8.539    13.6240   3.895172    32.5449        158     0.6542  0.000e+00
      8.699    13.5967   3.892746    32.5455        159     0.6583  0.000e+00
      8.850    13.5678   3.890065    32.5450        160     0.6625  0.000e+00
      9.010    13.5381   3.887021    32.5418        161     0.6667  0.000e+00
      9.173    13.5106   3.884117    32.5382        162     0.6708  0.000e+00
      9.330    13.4799   3.881003    32.5352        163     0.6750  0.000e+00
      9.490    13.4457   3.879075    32.5463        164     0.6792  0.000e+00
      9.641    13.4127   3.875713    32.5430        165     0.6833  0.000e+00
      9.786    13.3850   3.873924    32.5498        166     0.6875  0.000e+00
      9.940    13.3518   3.871195    32.5526        167     0.6917  0.000e+00
     10.079    13.3188   3.868743    32.5577        168     0.6958  0.000e+00
     10.226    13.2896   3.866225    32.5591        169     0.7000  0.000e+00
     10.365    13.2597   3.864037    32.5641        170     0.7042  0.000e+00
     10.507    13.2315   3.860542    32.5553        171     0.7083  0.000e+00
     10.646    13.2029   3.858861    32.5640        172     0.7125  0.000e+00
     10.785    13.1642   3.858080    32.5898        173     0.7167  0.000e+00
     10.927    13.1301   3.856347    32.6027        174     0.7208  0.000e+00
     11.063    13.1055   3.855658    32.6173        175     0.7250  0.000e+00
     11.205    13.0842   3.855081    32.6301        176     0.7292  0.000e+00
     11.356    13.0600   3.855317    32.6531        177     0.7333  0.000e+00
     11.501    13.0422   3.856053    32.6753        178     0.7375  0.000e+00
     11.649    13.0325   3.856966    32.6922        179     0.7417  0.000e+00
     11.791    13.0263   3.858174    32.7089        180     0.7458  0.000e+00
     11.933    13.0214   3.859580    32.7264        181     0.7500  0.000e+00
     12.074    13.0185   3.861426    32.7463        182     0.7542  0.000e+00
     12.207    13.0183   3.863318    32.7643        183     0.7583  0.000e+00
     12.337    13.0196   3.865467    32.7834        184     0.7625  0.000e+00
     12.470    13.0239   3.868471    32.8080        185     0.7667  0.000e+00
     12.597    13.0321   3.873219    32.8457        186     0.7708  0.000e+00
     12.723    13.0450   3.877759    32.8773        187     0.7750  0.000e+00
     12.853    13.0626   3.882333    32.9052        188     0.7792  0.000e+00
     12.989    13.0835   3.888471    32.9450        189     0.7833  0.000e+00
     13.125    13.1092   3.892451    32.9602        190     0.7875  0.000e+00
     13.273    13.1385   3.899472    33.0009        191     0.7917  0.000e+00
     13.421    13.1683   3.907608    33.0516        192     0.7958  0.000e+00
     13.578    13.2042   3.914806    33.0882        193     0.8000  0.000e+00
     13.750    13.2444   3.921169    33.1129        194     0.8042  0.000e+00
     13.904    13.2848   3.927451    33.1369        195     0.8083  0.000e+00
     14.073    13.3273   3.934047    33.1618        196     0.8125  0.000e+00
     14.245    13.3723   3.941656    33.1939        197     0.8167  0.000e+00
     14.423    13.4149   3.950536    33.2400        198     0.8208  0.000e+00
     14.605    13.4623   3.958615    33.2744        199     0.8250  0.000e+00
     14.780    13.5154   3.966036    33.2975        200     0.8292  0.000e+00
     14.952    13.5664   3.973889    33.3265        201     0.8333  0.000e+00
     15.124    13.6186   3.982712    33.3633        202     0.8375  0.000e+00
     15.290    13.6773   3.989233    33.3729        203     0.8417  0.000e+00
     15.450    13.7371   4.002575    33.4451        204     0.8458  0.000e+00
     15.613    13.7914   4.011598    33.4817        205     0.8500  0.000e+00
     15.758    13.8561   4.021009    33.5127        206     0.8542  0.000e+00
     15.903    13.9224   4.030349    33.5415        207     0.8583  0.000e+00
     16.045    13.9838   4.043292    33.6079        208     0.8625  0.000e+00
     16.184    14.0496   4.053363    33.6437        209     0.8667  0.000e+00
     16.320    14.1222   4.072712    33.7592        210     0.8708  0.000e+00
     16.434    14.1969   4.089159    33.8457        211     0.8750  0.000e+00
     16.564    14.2912   4.101357    33.8756        212     0.8792  0.000e+00
     16.697    14.4019   4.113744    33.8926        213     0.8833  0.000e+00
     16.821    14.5112   4.124143    33.8924        214     0.8875  0.000e+00
     16.951    14.6096   4.137877    33.9322        215     0.8917  0.000e+00
