HB2302/sbe042.cnv
* Sea-Bird SBE 19plus V2 Data File:
* FileName = C:\cruise\data\sbe042.hex
* Software Version Seasave V 7.26.7.121
* Temperature SN = 4758
* Conductivity SN = 4758
* System UpLoad Time = Jun 13 2023 01:29:32
* NMEA Latitude = 37 51.92 N
* NMEA Longitude = 075 12.83 W
* NMEA UTC (Time) = Jun 13 2023 01:29:33
** Cruise: HB2302
** Program: Ecomon
** Chief Scientist: Jerry Prezioso
# nquan = 7
# nvalues = 1014                                  
# units = specified
# name 0 = depSM: Depth [salt water, m]
# name 1 = tv290C: Temperature [ITS-90, deg C]
# name 2 = c0S/m: Conductivity [S/m]
# name 3 = sal00: Salinity, Practical [PSU]
# name 4 = scan: Scan Count
# name 5 = timeM: Time, Elapsed [minutes]
# name 6 = flag:  0.000e+00
# span 0 =     -0.146,     18.481                 
# span 1 =    16.5086,    20.2412                 
# span 2 =   0.000002,   4.438212                 
# span 3 =     0.0100,    32.0454                 
# span 4 =         11,       1024                 
# span 5 =     0.0417,     4.2625                 
# span 6 = 0.0000e+00, 0.0000e+00                 
# interval = seconds: 0.25
# start_time = Jun 13 2023 01:29:33 [NMEA time, header]
# bad_flag = -9.990e-29
*END*
[from data line 206]
      4.506    19.6789   4.286042    31.1284        217     0.9000  0.000e+00
      4.569    19.6722   4.283396    31.1119        218     0.9042  0.000e+00
      4.654    19.6576   4.281642    31.1085        219     0.9083  0.000e+00
      4.739    19.6397   4.282821    31.1313        220     0.9125  0.000e+00
      4.832    19.6234   4.281074    31.1292        221     0.9167  0.000e+00
      4.923    19.6154   4.280252    31.1284        222     0.9208  0.000e+00
      5.005    19.6099   4.277593    31.1109        223     0.9250  0.000e+00
      5.083    19.6053   4.275169    31.0947        224     0.9292  0.000e+00
      5.168    19.5994   4.273080    31.0820        225     0.9333  0.000e+00
      5.234    19.5917   4.270985    31.0708        226     0.9375  0.000e+00
      5.304    19.5868   4.269589    31.0630        227     0.9417  0.000e+00
      5.358    19.5795   4.268350    31.0583        228     0.9458  0.000e+00
      5.413    19.5727   4.267310    31.0549        229     0.9500  0.000e+00
      5.467    19.5615   4.267427    31.0641        230     0.9542  0.000e+00
      5.519    19.5481   4.266790    31.0689        231     0.9583  0.000e+00
      5.567    19.5371   4.266339    31.0734        232     0.9625  0.000e+00
      5.615    19.5274   4.265682    31.0752        233     0.9667  0.000e+00
      5.679    19.5186   4.265101    31.0771        234     0.9708  0.000e+00
      5.733    19.5115   4.265026    31.0816        235     0.9750  0.000e+00
      5.800    19.5070   4.263760    31.0747        236     0.9792  0.000e+00
      5.866    19.5051   4.262789    31.0682        237     0.9833  0.000e+00
      5.951    19.5028   4.262317    31.0661        238     0.9875  0.000e+00
      6.045    19.4982   4.261626    31.0638        239     0.9917  0.000e+00
      6.138    19.4936   4.260846    31.0608        240     0.9958  0.000e+00
      6.244    19.4879   4.260457    31.0618        241     1.0000  0.000e+00
      6.341    19.4808   4.260259    31.0655        242     1.0042  0.000e+00
      6.425    19.4752   4.259575    31.0641        243     1.0083  0.000e+00
      6.498    19.4709   4.258994    31.0625        244     1.0125  0.000e+00
      6.568    19.4681   4.258474    31.0603        245     1.0167  0.000e+00
      6.628    19.4661   4.258276    31.0601        246     1.0208  0.000e+00
      6.679    19.4627   4.257606    31.0573        247     1.0250  0.000e+00
      6.734    19.4593   4.257066    31.0553        248     1.0292  0.000e+00
      6.800    19.4546   4.256772    31.0564        249     1.0333  0.000e+00
      6.876    19.4482   4.256198    31.0565        250     1.0375  0.000e+00
      6.952    19.4424   4.255877    31.0582        251     1.0417  0.000e+00
      7.033    19.4349   4.255501    31.0607        252     1.0458  0.000e+00
      7.124    19.4296   4.254783    31.0587        253     1.0500  0.000e+00
      7.215    19.4248   4.254366    31.0588        254     1.0542  0.000e+00
      7.305    19.4201   4.253943    31.0589        255     1.0583  0.000e+00
      7.390    19.4161   4.253622    31.0592        256     1.0625  0.000e+00
      7.484    19.4134   4.253451    31.0598        257     1.0667  0.000e+00
      7.571    19.4095   4.253246    31.0610        258     1.0708  0.000e+00
      7.656    19.4052   4.253055    31.0625        259     1.0750  0.000e+00
      7.744    19.4009   4.252508    31.0613        260     1.0792  0.000e+00
      7.831    19.3968   4.252002    31.0602        261     1.0833  0.000e+00
      7.907    19.3923   4.251770    31.0616        262     1.0875  0.000e+00
      7.982    19.3867   4.251743    31.0655        263     1.0917  0.000e+00
      8.052    19.3823   4.251354    31.0656        264     1.0958  0.000e+00
      8.112    19.3795   4.251026    31.0650        265     1.1000  0.000e+00
      8.182    19.3757   4.250677    31.0650        266     1.1042  0.000e+00
      8.233    19.3705   4.250602    31.0682        267     1.1083  0.000e+00
      8.288    19.3656   4.250479    31.0708        268     1.1125  0.000e+00
      8.342    19.3616   4.250479    31.0738        269     1.1167  0.000e+00
      8.390    19.3594   4.250445    31.0751        270     1.1208  0.000e+00
      8.439    19.3572   4.250281    31.0755        271     1.1250  0.000e+00
      8.490    19.3553   4.249940    31.0741        272     1.1292  0.000e+00
      8.548    19.3534   4.249414    31.0711        273     1.1333  0.000e+00
      8.617    19.3506   4.249243    31.0718        274     1.1375  0.000e+00
      8.699    19.3467   4.248902    31.0719        275     1.1417  0.000e+00
      8.795    19.3425   4.248451    31.0713        276     1.1458  0.000e+00
      8.907    19.3381   4.249175    31.0804        277     1.1500  0.000e+00
      9.019    19.3306   4.229056    30.9219        278     1.1542  0.000e+00
      9.149    19.1721   4.203434    30.8299        279     1.1583  0.000e+00
      9.285    18.8734   4.198794    31.0141        280     1.1625  0.000e+00
      9.415    18.6511   4.194637    31.1467        281     1.1667  0.000e+00
      9.536    18.5021   4.192567    31.2422        282     1.1708  0.000e+00
      9.663    18.4087   4.189369    31.2864        283     1.1750  0.000e+00
      9.781    18.3378   4.186226    31.3141        284     1.1792  0.000e+00
      9.875    18.2746   4.185046    31.3524        285     1.1833  0.000e+00
      9.959    18.2298   4.183804    31.3762        286     1.1875  0.000e+00
     10.017    18.1988   4.182501    31.3890        287     1.1917  0.000e+00
     10.065    18.1719   4.179801    31.3869        288     1.1958  0.000e+00
     10.098    18.1356   4.177630    31.3965        289     1.2000  0.000e+00
     10.123    18.0973   4.176023    31.4124        290     1.2042  0.000e+00
     10.138    18.0630   4.175400    31.4334        291     1.2083  0.000e+00
     10.156    18.0393   4.173969    31.4397        292     1.2125  0.000e+00
     10.186    18.0174   4.172993    31.4482        293     1.2167  0.000e+00
     10.228    17.9977   4.172301    31.4576        294     1.2208  0.000e+00
     10.286    17.9822   4.171698    31.4644        295     1.2250  0.000e+00
     10.358    17.9692   4.170560    31.4648        296     1.2292  0.000e+00
     10.452    17.9528   4.168336    31.4587        297     1.2333  0.000e+00
     10.564    17.9253   4.166480    31.4642        298     1.2375  0.000e+00
     10.679    17.8928   4.165606    31.4818        299     1.2417  0.000e+00
     10.812    17.8656   4.164482    31.4932        300     1.2458  0.000e+00
     10.945    17.8423   4.163913    31.5064        301     1.2500  0.000e+00
     11.090    17.8232   4.161997    31.5049        302     1.2542  0.000e+00
     11.223    17.7970   4.158760    31.4978        303     1.2583  0.000e+00
     11.356    17.7553   4.153467    31.4852        304     1.2625  0.000e+00
     11.480    17.6867   4.148475    31.4960        305     1.2667  0.000e+00
     11.598    17.6028   4.143809    31.5213        306     1.2708  0.000e+00
     11.709    17.5168   4.137383    31.5335        307     1.2750  0.000e+00
     11.809    17.4161   4.125702    31.5123        308     1.2792  0.000e+00
     11.891    17.2701   4.113502    31.5217        309     1.2833  0.000e+00
     11.963    17.0957   4.107433    31.6060        310     1.2875  0.000e+00
     12.015    16.9540   4.104484    31.6919        311     1.2917  0.000e+00
     12.069    16.8614   4.103563    31.7570        312     1.2958  0.000e+00
     12.102    16.8078   4.103005    31.7946        313     1.3000  0.000e+00
     12.142    16.7776   4.102918    31.8177        314     1.3042  0.000e+00
     12.172    16.7613   4.102669    31.8284        315     1.3083  0.000e+00
     12.214    16.7524   4.102575    31.8347        316     1.3125  0.000e+00
     12.257    16.7477   4.102797    31.8403        317     1.3167  0.000e+00
     12.305    16.7450   4.102972    31.8440        318     1.3208  0.000e+00
     12.365    16.7432   4.103288    31.8481        319     1.3250  0.000e+00
     12.423    16.7425   4.103491    31.8504        320     1.3292  0.000e+00
     12.511    16.7425   4.103443    31.8499        321     1.3333  0.000e+00
     12.598    16.7429   4.103571    31.8507        322     1.3375  0.000e+00
     12.701    16.7425   4.103241    31.8481        323     1.3417  0.000e+00
     12.807    16.7389   4.102649    31.8458        324     1.3458  0.000e+00
     12.916    16.7306   4.102178    31.8483        325     1.3500  0.000e+00
     13.024    16.7221   4.101559    31.8496        326     1.3542  0.000e+00
     13.136    16.7137   4.100959    31.8510        327     1.3583  0.000e+00
     13.230    16.7068   4.100805    31.8552        328     1.3625  0.000e+00
     13.324    16.7019   4.100542    31.8568        329     1.3667  0.000e+00
     13.433    16.6983   4.100388    31.8582        330     1.3708  0.000e+00
     13.520    16.6955   4.100139    31.8582        331     1.3750  0.000e+00
     13.608    16.6893   4.098752    31.8511        332     1.3792  0.000e+00
     13.699    16.6751   4.097642    31.8528        333     1.3833  0.000e+00
     13.780    16.6588   4.097514    31.8646        334     1.3875  0.000e+00
     13.850    16.6483   4.096794    31.8667        335     1.3917  0.000e+00
     13.934    16.6388   4.096276    31.8697        336     1.3958  0.000e+00
     14.019    16.6298   4.096404    31.8779        337     1.4000  0.000e+00
     14.092    16.6252   4.096323    31.8809        338     1.4042  0.000e+00
     14.170    16.6228   4.095933    31.8794        339     1.4083  0.000e+00
     14.258    16.6204   4.096001    31.8819        340     1.4125  0.000e+00
     14.336    16.6190   4.095832    31.8814        341     1.4167  0.000e+00
     14.415    16.6174   4.095213    31.8773        342     1.4208  0.000e+00
     14.503    16.6145   4.095160    31.8792        343     1.4250  0.000e+00
     14.590    16.6118   4.094628    31.8766        344     1.4292  0.000e+00
     14.675    16.6092   4.093976    31.8730        345     1.4333  0.000e+00
     14.766    16.6055   4.094050    31.8766        346     1.4375  0.000e+00
     14.850    16.6036   4.094487    31.8819        347     1.4417  0.000e+00
     14.929    16.6041   4.094669    31.8830        348     1.4458  0.000e+00
     15.020    16.6056   4.094346    31.8790        349     1.4500  0.000e+00
     15.101    16.6052   4.093895    31.8753        350     1.4542  0.000e+00
     15.183    16.6028   4.093135    31.8707        351     1.4583  0.000e+00
     15.270    16.5993   4.093034    31.8725        352     1.4625  0.000e+00
     15.346    16.5967   4.093068    31.8748        353     1.4667  0.000e+00
     15.440    16.5961   4.093182    31.8763        354     1.4708  0.000e+00
     15.521    16.5963   4.093256    31.8768        355     1.4750  0.000e+00
     15.606    16.5966   4.093081    31.8750        356     1.4792  0.000e+00
     15.688    16.5961   4.092624    31.8713        357     1.4833  0.000e+00
     15.775    16.5937   4.092611    31.8731        358     1.4875  0.000e+00
     15.854    16.5919   4.092389    31.8726        359     1.4917  0.000e+00
     15.929    16.5906   4.091958    31.8699        360     1.4958  0.000e+00
     16.008    16.5874   4.091972    31.8725        361     1.5000  0.000e+00
     16.080    16.5852   4.092167    31.8759        362     1.5042  0.000e+00
     16.156    16.5851   4.092436    31.8783        363     1.5083  0.000e+00
     16.238    16.5863   4.092685    31.8794        364     1.5125  0.000e+00
     16.316    16.5889   4.092463    31.8755        365     1.5167  0.000e+00
     16.407    16.5900   4.092672    31.8764        366     1.5208  0.000e+00
     16.489    16.5910   4.092389    31.8730        367     1.5250  0.000e+00
     16.576    16.5912   4.092369    31.8727        368     1.5292  0.000e+00
     16.661    16.5910   4.092490    31.8739        369     1.5333  0.000e+00
     16.742    16.5909   4.092362    31.8728        370     1.5375  0.000e+00
     16.824    16.5906   4.091918    31.8692        371     1.5417  0.000e+00
     16.906    16.5894   4.091474    31.8662        372     1.5458  0.000e+00
     16.978    16.5866   4.090990    31.8643        373     1.5500  0.000e+00
     17.048    16.5826   4.090708    31.8650        374     1.5542  0.000e+00
     17.114    16.5786   4.090513    31.8664        375     1.5583  0.000e+00
     17.175    16.5754   4.090567    31.8694        376     1.5625  0.000e+00
     17.235    16.5733   4.090883    31.8738        377     1.5667  0.000e+00
     17.302    16.5723   4.090560    31.8717        378     1.5708  0.000e+00
     17.365    16.5705   4.090782    31.8751        379     1.5750  0.000e+00
     17.444    16.5701   4.090661    31.8744        380     1.5792  0.000e+00
     17.519    16.5698   4.090089    31.8696        381     1.5833  0.000e+00
     17.601    16.5662   4.089545    31.8677        382     1.5875  0.000e+00
     17.683    16.5610   4.089296    31.8696        383     1.5917  0.000e+00
     17.785    16.5564   4.089202    31.8724        384     1.5958  0.000e+00
     17.861    16.5535   4.089128    31.8741        385     1.6000  0.000e+00
     17.915    16.5519   4.089128    31.8754        386     1.6042  0.000e+00
     17.967    16.5506   4.089101    31.8762        387     1.6083  0.000e+00
     18.036    16.5501   4.089101    31.8765        388     1.6125  0.000e+00
     18.106    16.5498   4.088980    31.8756        389     1.6167  0.000e+00
     18.169    16.5494   4.088752    31.8740        390     1.6208  0.000e+00
     18.230    16.5475   4.088705    31.8751        391     1.6250  0.000e+00
     18.272    16.5456   4.088705    31.8766        392     1.6292  0.000e+00
     18.305    16.5446   4.088725    31.8775        393     1.6333  0.000e+00
     18.339    16.5441   4.088362    31.8748        394     1.6375  0.000e+00
     18.375    16.5414   4.087918    31.8730        395     1.6417  0.000e+00
     18.417    16.5372   4.087831    31.8756        396     1.6458  0.000e+00
     18.460    16.5333   4.087744    31.8780        397     1.6500  0.000e+00
     18.475    16.5311   4.087623    31.8787        398     1.6542  0.000e+00
     18.481    16.5292   4.087421    31.8784        399     1.6583  0.000e+00
     18.457    16.5267   4.087031    31.8770        400     1.6625  0.000e+00
     18.414    16.5228   4.086802    31.8781        401     1.6667  0.000e+00
     18.396    16.5185   4.086755    31.8812        402     1.6708  0.000e+00
     18.399    16.5156   4.086722    31.8831        403     1.6750  0.000e+00
     18.408    16.5136   4.086681    31.8844        404     1.6792  0.000e+00
     18.411    16.5123   4.086507    31.8839        405     1.6833  0.000e+00
     18.417    16.5105   4.086386    31.8843        406     1.6875  0.000e+00
     18.408    16.5096   4.086440    31.8855        407     1.6917  0.000e+00
     18.393    16.5089   4.086386    31.8856        408     1.6958  0.000e+00
     18.366    16.5086   4.086930    31.8906        409     1.7000  0.000e+00
     18.339    16.5111   4.086675    31.8864        410     1.7042  0.000e+00
     18.303    16.5121   4.086856    31.8872        411     1.7083  0.000e+00
     18.257    16.5130   4.086903    31.8868        412     1.7125  0.000e+00
     18.203    16.5155   4.087643    31.8914        413     1.7167  0.000e+00
     18.155    16.5224   4.088362    31.8921        414     1.7208  0.000e+00
     18.103    16.5314   4.087938    31.8813        415     1.7250  0.000e+00
     18.052    16.5349   4.088362    31.8822        416     1.7292  0.000e+00
     18.010    16.5393   4.088752    31.8821        417     1.7333  0.000e+00
     17.973    16.5461   4.088779    31.8769        418     1.7375  0.000e+00
     17.946    16.5504   4.088879    31.8744        419     1.7417  0.000e+00
     17.934    16.5519   4.088866    31.8731        420     1.7458  0.000e+00
