HB2302/sbe077.cnv
* Sea-Bird SBE 19plus V2 Data File:
* FileName = C:\cruise\data\sbe077.hex
* Software Version Seasave V 7.26.7.121
* Temperature SN = 4758
* Conductivity SN = 4758
* System UpLoad Time = Jun 15 2023 23:45:10
* NMEA Latitude = 40 55.24 N
* NMEA Longitude = 068 26.02 W
* NMEA UTC (Time) = Jun 15 2023 23:45:11
** Cruise: HB2302
** Program: Ecomon
** Chief Scientist: Jerry Prezioso
# nquan = 7
# nvalues = 1751                                  
# units = specified
# name 0 = depSM: Depth [salt water, m]
# name 1 = tv290C: Temperature [ITS-90, deg C]
# name 2 = c0S/m: Conductivity [S/m]
# name 3 = sal00: Salinity, Practical [PSU]
# name 4 = scan: Scan Count
# name 5 = timeM: Time, Elapsed [minutes]
# name 6 = flag:  0.000e+00
# span 0 =     -0.173,     48.310                 
# span 1 =    12.3184,    13.3596                 
# span 2 =   0.000038,   3.853200                 
# span 3 =     0.0069,    33.1176                 
# span 4 =         11,       1761                 
# span 5 =     0.0417,     7.3333                 
# span 6 = 0.0000e+00, 0.0000e+00                 
# interval = seconds: 0.25
# start_time = Jun 15 2023 23:45:11 [NMEA time, header]
# bad_flag = -9.990e-29
*END*
[from data line 1026]
     25.716    12.3499   3.825382    32.9803       1037     4.3167  0.000e+00
     25.695    12.3504   3.825408    32.9802       1038     4.3208  0.000e+00
     25.677    12.3506   3.825454    32.9804       1039     4.3250  0.000e+00
     25.658    12.3510   3.825362    32.9792       1040     4.3292  0.000e+00
     25.637    12.3509   3.825172    32.9775       1041     4.3333  0.000e+00
     25.610    12.3500   3.825107    32.9777       1042     4.3375  0.000e+00
     25.583    12.3490   3.825107    32.9785       1043     4.3417  0.000e+00
     25.544    12.3484   3.825192    32.9799       1044     4.3458  0.000e+00
     25.505    12.3488   3.825224    32.9799       1045     4.3500  0.000e+00
     25.459    12.3489   3.825015    32.9778       1046     4.3542  0.000e+00
     25.408    12.3483   3.825192    32.9800       1047     4.3583  0.000e+00
     25.357    12.3486   3.825244    32.9803       1048     4.3625  0.000e+00
     25.299    12.3489   3.825133    32.9790       1049     4.3667  0.000e+00
     25.236    12.3487   3.825061    32.9785       1050     4.3708  0.000e+00
     25.166    12.3482   3.825002    32.9784       1051     4.3750  0.000e+00
     25.112    12.3477   3.825133    32.9802       1052     4.3792  0.000e+00
     25.064    12.3474   3.824583    32.9752       1053     4.3833  0.000e+00
     25.016    12.3459   3.824930    32.9798       1054     4.3875  0.000e+00
     24.970    12.3455   3.824877    32.9796       1055     4.3917  0.000e+00
     24.943    12.3457   3.824786    32.9786       1056     4.3958  0.000e+00
     24.919    12.3450   3.824210    32.9737       1057     4.4000  0.000e+00
     24.907    12.3424   3.823942    32.9734       1058     4.4042  0.000e+00
     24.907    12.3389   3.823876    32.9759       1059     4.4083  0.000e+00
     24.925    12.3368   3.824210    32.9810       1060     4.4125  0.000e+00
     24.943    12.3375   3.824491    32.9830       1061     4.4167  0.000e+00
     24.949    12.3392   3.824518    32.9817       1062     4.4208  0.000e+00
     24.973    12.3404   3.824596    32.9814       1063     4.4250  0.000e+00
     24.976    12.3414   3.824472    32.9794       1064     4.4292  0.000e+00
     24.982    12.3413   3.823968    32.9746       1065     4.4333  0.000e+00
     24.961    12.3394   3.824033    32.9770       1066     4.4375  0.000e+00
     24.940    12.3378   3.824092    32.9789       1067     4.4417  0.000e+00
     24.895    12.3373   3.824033    32.9788       1068     4.4458  0.000e+00
     24.844    12.3368   3.824014    32.9791       1069     4.4500  0.000e+00
     24.777    12.3363   3.823902    32.9785       1070     4.4542  0.000e+00
     24.696    12.3356   3.823857    32.9787       1071     4.4583  0.000e+00
     24.608    12.3351   3.823857    32.9791       1072     4.4625  0.000e+00
     24.527    12.3347   3.823850    32.9795       1073     4.4667  0.000e+00
     24.457    12.3345   3.823830    32.9795       1074     4.4708  0.000e+00
     24.388    12.3346   3.823876    32.9799       1075     4.4750  0.000e+00
     24.328    12.3348   3.823948    32.9804       1076     4.4792  0.000e+00
     24.270    12.3351   3.823941    32.9802       1077     4.4833  0.000e+00
     24.231    12.3354   3.823856    32.9790       1078     4.4875  0.000e+00
     24.204    12.3350   3.823830    32.9792       1079     4.4917  0.000e+00
     24.183    12.3349   3.823830    32.9793       1080     4.4958  0.000e+00
     24.165    12.3345   3.823784    32.9792       1081     4.5000  0.000e+00
     24.153    12.3345   3.823856    32.9799       1082     4.5042  0.000e+00
     24.156    12.3348   3.823902    32.9801       1083     4.5083  0.000e+00
     24.150    12.3351   3.823876    32.9795       1084     4.5125  0.000e+00
     24.141    12.3351   3.823856    32.9793       1085     4.5167  0.000e+00
     24.129    12.3350   3.823804    32.9790       1086     4.5208  0.000e+00
     24.104    12.3346   3.823856    32.9798       1087     4.5250  0.000e+00
     24.080    12.3345   3.823830    32.9797       1088     4.5292  0.000e+00
     24.050    12.3346   3.823850    32.9797       1089     4.5333  0.000e+00
     23.999    12.3350   3.823830    32.9793       1090     4.5375  0.000e+00
     23.941    12.3349   3.823856    32.9796       1091     4.5417  0.000e+00
     23.878    12.3350   3.823876    32.9798       1092     4.5458  0.000e+00
     23.806    12.3351   3.823876    32.9797       1093     4.5500  0.000e+00
     23.727    12.3351   3.823902    32.9799       1094     4.5542  0.000e+00
     23.649    12.3354   3.823902    32.9797       1095     4.5583  0.000e+00
     23.576    12.3356   3.824013    32.9806       1096     4.5625  0.000e+00
     23.510    12.3361   3.824151    32.9816       1097     4.5667  0.000e+00
     23.456    12.3373   3.824105    32.9801       1098     4.5708  0.000e+00
     23.398    12.3377   3.824065    32.9794       1099     4.5750  0.000e+00
     23.362    12.3379   3.824079    32.9794       1100     4.5792  0.000e+00
     23.326    12.3378   3.824079    32.9794       1101     4.5833  0.000e+00
     23.305    12.3377   3.824046    32.9793       1102     4.5875  0.000e+00
     23.284    12.3375   3.824013    32.9791       1103     4.5917  0.000e+00
     23.268    12.3373   3.824033    32.9795       1104     4.5958  0.000e+00
     23.268    12.3372   3.824046    32.9797       1105     4.6000  0.000e+00
     23.268    12.3373   3.824105    32.9802       1106     4.6042  0.000e+00
     23.265    12.3378   3.824105    32.9798       1107     4.6083  0.000e+00
     23.259    12.3378   3.824137    32.9800       1108     4.6125  0.000e+00
     23.244    12.3381   3.824196    32.9804       1109     4.6167  0.000e+00
     23.217    12.3384   3.824216    32.9803       1110     4.6208  0.000e+00
     23.193    12.3390   3.824262    32.9802       1111     4.6250  0.000e+00
     23.151    12.3394   3.824262    32.9799       1112     4.6292  0.000e+00
     23.090    12.3395   3.824216    32.9794       1113     4.6333  0.000e+00
     23.036    12.3395   3.824216    32.9794       1114     4.6375  0.000e+00
     22.964    12.3394   3.824235    32.9797       1115     4.6417  0.000e+00
     22.885    12.3397   3.824379    32.9808       1116     4.6458  0.000e+00
     22.813    12.3404   3.824399    32.9805       1117     4.6500  0.000e+00
     22.737    12.3409   3.824353    32.9796       1118     4.6542  0.000e+00
     22.665    12.3409   3.824399    32.9801       1119     4.6583  0.000e+00
     22.590    12.3412   3.824288    32.9788       1120     4.6625  0.000e+00
     22.520    12.3409   3.824209    32.9784       1121     4.6667  0.000e+00
     22.454    12.3402   3.824261    32.9795       1122     4.6708  0.000e+00
     22.393    12.3402   3.824261    32.9795       1123     4.6750  0.000e+00
     22.351    12.3401   3.824235    32.9794       1124     4.6792  0.000e+00
     22.315    12.3402   3.824445    32.9813       1125     4.6833  0.000e+00
     22.282    12.3412   3.824785    32.9837       1126     4.6875  0.000e+00
     22.258    12.3434   3.824811    32.9820       1127     4.6917  0.000e+00
     22.252    12.3448   3.824687    32.9796       1128     4.6958  0.000e+00
     22.252    12.3451   3.824746    32.9799       1129     4.7000  0.000e+00
     22.252    12.3452   3.824700    32.9794       1130     4.7042  0.000e+00
     22.264    12.3452   3.824713    32.9795       1131     4.7083  0.000e+00
     22.264    12.3450   3.824700    32.9795       1132     4.7125  0.000e+00
     22.270    12.3450   3.824654    32.9791       1133     4.7167  0.000e+00
     22.267    12.3449   3.824641    32.9791       1134     4.7208  0.000e+00
     22.258    12.3448   3.824719    32.9799       1135     4.7250  0.000e+00
     22.246    12.3450   3.824674    32.9793       1136     4.7292  0.000e+00
     22.209    12.3450   3.824595    32.9786       1137     4.7333  0.000e+00
     22.173    12.3444   3.824562    32.9788       1138     4.7375  0.000e+00
     22.122    12.3440   3.824516    32.9787       1139     4.7417  0.000e+00
     22.058    12.3436   3.824451    32.9784       1140     4.7458  0.000e+00
     21.995    12.3431   3.824425    32.9787       1141     4.7500  0.000e+00
     21.920    12.3429   3.824857    32.9831       1142     4.7542  0.000e+00
     21.841    12.3443   3.824902    32.9823       1143     4.7583  0.000e+00
     21.778    12.3458   3.824785    32.9798       1144     4.7625  0.000e+00
     21.711    12.3463   3.824876    32.9803       1145     4.7667  0.000e+00
     21.648    12.3467   3.824994    32.9811       1146     4.7708  0.000e+00
     21.585    12.3473   3.824785    32.9786       1147     4.7750  0.000e+00
     21.527    12.3471   3.824876    32.9797       1148     4.7792  0.000e+00
     21.482    12.3472   3.825131    32.9821       1149     4.7833  0.000e+00
     21.434    12.3484   3.825099    32.9807       1150     4.7875  0.000e+00
     21.400    12.3490   3.824811    32.9774       1151     4.7917  0.000e+00
     21.364    12.3482   3.824765    32.9778       1152     4.7958  0.000e+00
     21.340    12.3473   3.824902    32.9798       1153     4.8000  0.000e+00
     21.322    12.3472   3.824745    32.9784       1154     4.8042  0.000e+00
     21.301    12.3469   3.824994    32.9811       1155     4.8083  0.000e+00
     21.292    12.3473   3.825151    32.9822       1156     4.8125  0.000e+00
     21.283    12.3487   3.825171    32.9812       1157     4.8167  0.000e+00
     21.274    12.3496   3.825177    32.9805       1158     4.8208  0.000e+00
     21.259    12.3500   3.825151    32.9799       1159     4.8250  0.000e+00
     21.241    12.3501   3.825144    32.9797       1160     4.8292  0.000e+00
     21.220    12.3502   3.825059    32.9788       1161     4.8333  0.000e+00
     21.180    12.3499   3.825085    32.9794       1162     4.8375  0.000e+00
     21.144    12.3499   3.825098    32.9795       1163     4.8417  0.000e+00
     21.093    12.3498   3.825085    32.9795       1164     4.8458  0.000e+00
     21.029    12.3498   3.825059    32.9793       1165     4.8500  0.000e+00
     20.969    12.3497   3.825072    32.9795       1166     4.8542  0.000e+00
     20.888    12.3494   3.824994    32.9790       1167     4.8583  0.000e+00
     20.830    12.3494   3.824948    32.9787       1168     4.8625  0.000e+00
     20.767    12.3489   3.824967    32.9793       1169     4.8667  0.000e+00
     20.703    12.3489   3.825000    32.9797       1170     4.8708  0.000e+00
     20.643    12.3487   3.824994    32.9798       1171     4.8750  0.000e+00
     20.580    12.3489   3.824902    32.9788       1172     4.8792  0.000e+00
     20.531    12.3486   3.824902    32.9790       1173     4.8833  0.000e+00
     20.471    12.3483   3.824994    32.9802       1174     4.8875  0.000e+00
     20.414    12.3484   3.825039    32.9805       1175     4.8917  0.000e+00
     20.365    12.3487   3.825144    32.9813       1176     4.8958  0.000e+00
     20.323    12.3495   3.825131    32.9805       1177     4.9000  0.000e+00
     20.290    12.3502   3.825105    32.9797       1178     4.9042  0.000e+00
     20.254    12.3504   3.825000    32.9785       1179     4.9083  0.000e+00
     20.230    12.3498   3.824810    32.9772       1180     4.9125  0.000e+00
     20.215    12.3484   3.824784    32.9782       1181     4.9167  0.000e+00
     20.212    12.3477   3.824758    32.9786       1182     4.9208  0.000e+00
     20.215    12.3472   3.824856    32.9799       1183     4.9250  0.000e+00
     20.224    12.3471   3.824830    32.9798       1184     4.9292  0.000e+00
     20.227    12.3472   3.824810    32.9795       1185     4.9333  0.000e+00
     20.242    12.3470   3.824784    32.9794       1186     4.9375  0.000e+00
     20.248    12.3471   3.824830    32.9798       1187     4.9417  0.000e+00
     20.242    12.3471   3.824876    32.9802       1188     4.9458  0.000e+00
     20.233    12.3474   3.825190    32.9830       1189     4.9500  0.000e+00
     20.221    12.3492   3.825360    32.9831       1190     4.9542  0.000e+00
     20.190    12.3508   3.825563    32.9836       1191     4.9583  0.000e+00
     20.148    12.3530   3.825674    32.9828       1192     4.9625  0.000e+00
     20.091    12.3546   3.825406    32.9788       1193     4.9667  0.000e+00
     20.024    12.3546   3.825471    32.9794       1194     4.9708  0.000e+00
     19.955    12.3544   3.825478    32.9797       1195     4.9750  0.000e+00
     19.873    12.3545   3.825379    32.9787       1196     4.9792  0.000e+00
     19.789    12.3542   3.825314    32.9784       1197     4.9833  0.000e+00
     19.704    12.3536   3.825288    32.9787       1198     4.9875  0.000e+00
     19.629    12.3532   3.825144    32.9777       1199     4.9917  0.000e+00
     19.557    12.3522   3.824830    32.9756       1200     4.9958  0.000e+00
     19.490    12.3501   3.824515    32.9745       1201     5.0000  0.000e+00
     19.436    12.3474   3.824188    32.9737       1202     5.0042  0.000e+00
     19.379    12.3442   3.824169    32.9763       1203     5.0083  0.000e+00
     19.330    12.3423   3.824424    32.9805       1204     5.0125  0.000e+00
     19.297    12.3425   3.824686    32.9828       1205     5.0167  0.000e+00
     19.252    12.3440   3.824744    32.9821       1206     5.0208  0.000e+00
     19.219    12.3455   3.824993    32.9832       1207     5.0250  0.000e+00
     19.188    12.3475   3.825216    32.9836       1208     5.0292  0.000e+00
     19.167    12.3494   3.825196    32.9818       1209     5.0333  0.000e+00
     19.149    12.3509   3.825471    32.9831       1210     5.0375  0.000e+00
     19.134    12.3527   3.824921    32.9762       1211     5.0417  0.000e+00
     19.110    12.3515   3.824188    32.9702       1212     5.0458  0.000e+00
     19.101    12.3468   3.824260    32.9750       1213     5.0500  0.000e+00
     19.080    12.3438   3.824306    32.9782       1214     5.0542  0.000e+00
     19.053    12.3426   3.824260    32.9787       1215     5.0583  0.000e+00
     19.038    12.3421   3.824489    32.9814       1216     5.0625  0.000e+00
     19.016    12.3429   3.824653    32.9823       1217     5.0667  0.000e+00
     18.989    12.3442   3.824522    32.9799       1218     5.0708  0.000e+00
     18.971    12.3446   3.824607    32.9804       1219     5.0750  0.000e+00
     18.959    12.3451   3.824718    32.9810       1220     5.0792  0.000e+00
     18.953    12.3458   3.824856    32.9817       1221     5.0833  0.000e+00
     18.941    12.3470   3.824901    32.9811       1222     5.0875  0.000e+00
     18.929    12.3479   3.825176    32.9830       1223     5.0917  0.000e+00
     18.920    12.3495   3.825143    32.9812       1224     5.0958  0.000e+00
     18.902    12.3503   3.824764    32.9769       1225     5.1000  0.000e+00
     18.881    12.3494   3.824718    32.9772       1226     5.1042  0.000e+00
     18.866    12.3481   3.824489    32.9762       1227     5.1083  0.000e+00
     18.835    12.3462   3.824404    32.9770       1228     5.1125  0.000e+00
     18.796    12.3447   3.824469    32.9790       1229     5.1167  0.000e+00
     18.757    12.3441   3.824424    32.9791       1230     5.1208  0.000e+00
     18.709    12.3441   3.824188    32.9769       1231     5.1250  0.000e+00
     18.660    12.3427   3.823965    32.9760       1232     5.1292  0.000e+00
     18.597    12.3409   3.824057    32.9785       1233     5.1333  0.000e+00
     18.534    12.3397   3.823874    32.9778       1234     5.1375  0.000e+00
     18.464    12.3390   3.823900    32.9787       1235     5.1417  0.000e+00
     18.392    12.3384   3.823920    32.9795       1236     5.1458  0.000e+00
     18.325    12.3380   3.823632    32.9771       1237     5.1500  0.000e+00
     18.256    12.3369   3.823717    32.9789       1238     5.1542  0.000e+00
     18.177    12.3362   3.823645    32.9789       1239     5.1583  0.000e+00
     18.111    12.3356   3.823442    32.9775       1240     5.1625  0.000e+00
