HB2302/sbe021.cnv
* Sea-Bird SBE 19plus V2 Data File:
* FileName = C:\cruise\data\sbe021.hex
* Software Version Seasave V 7.26.7.121
* Temperature SN = 4758
* Conductivity SN = 4758
* System UpLoad Time = Jun 10 2023 19:44:34
* NMEA Latitude = 38 52.97 N
* NMEA Longitude = 072 57.82 W
* NMEA UTC (Time) = Jun 10 2023 19:44:35
** Cruise: HB2302
** Program: Ecomon
** Chief Scientist: Jerry Prezioso
# nquan = 7
# nvalues = 2370                                  
# units = specified
# name 0 = depSM: Depth [salt water, m]
# name 1 = tv290C: Temperature [ITS-90, deg C]
# name 2 = c0S/m: Conductivity [S/m]
# name 3 = sal00: Salinity, Practical [PSU]
# name 4 = scan: Scan Count
# name 5 = timeM: Time, Elapsed [minutes]
# name 6 = flag:  0.000e+00
# span 0 =     -0.126,    104.113                 
# span 1 =    10.4209,    19.7755                 
# span 2 =   0.000056,   4.530784                 
# span 3 =     0.0098,    34.7295                 
# span 4 =         11,       2380                 
# span 5 =     0.0417,     9.9125                 
# span 6 = 0.0000e+00, 0.0000e+00                 
# interval = seconds: 0.25
# start_time = Jun 10 2023 19:44:35 [NMEA time, header]
# bad_flag = -9.990e-29
*END*
[from data line 1026]
     78.165    10.7765   3.808334    34.2179       1037     4.3167  0.000e+00
     78.083    10.7752   3.808373    34.2196       1038     4.3208  0.000e+00
     77.999    10.7749   3.809007    34.2262       1039     4.3250  0.000e+00
     77.908    10.7765   3.808315    34.2178       1040     4.3292  0.000e+00
     77.818    10.7759   3.808079    34.2161       1041     4.3333  0.000e+00
     77.712    10.7744   3.808648    34.2233       1042     4.3375  0.000e+00
     77.597    10.7753   3.808667    34.2227       1043     4.3417  0.000e+00
     77.492    10.7761   3.808621    34.2214       1044     4.3458  0.000e+00
     77.362    10.7768   3.808621    34.2209       1045     4.3500  0.000e+00
     77.241    10.7771   3.808667    34.2211       1046     4.3542  0.000e+00
     77.109    10.7772   3.808282    34.2172       1047     4.3583  0.000e+00
     76.979    10.7761   3.807498    34.2104       1048     4.3625  0.000e+00
     76.855    10.7728   3.806760    34.2062       1049     4.3667  0.000e+00
     76.737    10.7677   3.806146    34.2049       1050     4.3708  0.000e+00
     76.623    10.7628   3.806570    34.2138       1051     4.3750  0.000e+00
     76.520    10.7611   3.807171    34.2215       1052     4.3792  0.000e+00
     76.411    10.7631   3.808484    34.2328       1053     4.3833  0.000e+00
     76.333    10.7687   3.808882    34.2315       1054     4.3875  0.000e+00
     76.248    10.7741   3.808236    34.2201       1055     4.3917  0.000e+00
     76.164    10.7745   3.806237    34.1997       1056     4.3958  0.000e+00
     76.082    10.7679   3.805760    34.2012       1057     4.4000  0.000e+00
     76.007    10.7609   3.805127    34.2013       1058     4.4042  0.000e+00
     75.923    10.7555   3.805081    34.2060       1059     4.4083  0.000e+00
     75.841    10.7520   3.805211    34.2106       1060     4.4125  0.000e+00
     75.751    10.7507   3.805401    34.2138       1061     4.4167  0.000e+00
     75.660    10.7504   3.804715    34.2073       1062     4.4208  0.000e+00
     75.560    10.7491   3.804356    34.2048       1063     4.4250  0.000e+00
     75.467    10.7467   3.804806    34.2117       1064     4.4292  0.000e+00
     75.367    10.7464   3.805544    34.2194       1065     4.4333  0.000e+00
     75.268    10.7488   3.804173    34.2035       1066     4.4375  0.000e+00
     75.168    10.7464   3.803265    34.1967       1067     4.4417  0.000e+00
     75.075    10.7411   3.802645    34.1954       1068     4.4458  0.000e+00
     74.999    10.7365   3.802292    34.1963       1069     4.4500  0.000e+00
     74.918    10.7323   3.801633    34.1936       1070     4.4542  0.000e+00
     74.842    10.7282   3.800837    34.1895       1071     4.4583  0.000e+00
     74.776    10.7233   3.799029    34.1760       1072     4.4625  0.000e+00
     74.709    10.7153   3.798670    34.1799       1073     4.4667  0.000e+00
     74.646    10.7091   3.799460    34.1936       1074     4.4708  0.000e+00
     74.577    10.7077   3.797763    34.1780       1075     4.4750  0.000e+00
     74.501    10.7030   3.798122    34.1860       1076     4.4792  0.000e+00
     74.435    10.6994   3.797156    34.1797       1077     4.4833  0.000e+00
     74.353    10.6952   3.795707    34.1691       1078     4.4875  0.000e+00
     74.275    10.6885   3.795486    34.1732       1079     4.4917  0.000e+00
     74.193    10.6833   3.795120    34.1744       1080     4.4958  0.000e+00
     74.106    10.6797   3.794892    34.1756       1081     4.5000  0.000e+00
     74.021    10.6770   3.794618    34.1754       1082     4.5042  0.000e+00
     73.934    10.6741   3.791885    34.1507       1083     4.5083  0.000e+00
     73.843    10.6651   3.790933    34.1496       1084     4.5125  0.000e+00
     73.759    10.6551   3.789649    34.1461       1085     4.5167  0.000e+00
     73.668    10.6465   3.789271    34.1504       1086     4.5208  0.000e+00
     73.590    10.6396   3.788469    34.1489       1087     4.5250  0.000e+00
     73.517    10.6343   3.787393    34.1430       1088     4.5292  0.000e+00
     73.442    10.6282   3.787282    34.1476       1089     4.5333  0.000e+00
     73.376    10.6238   3.786722    34.1462       1090     4.5375  0.000e+00
     73.303    10.6205   3.786878    34.1508       1091     4.5417  0.000e+00
     73.237    10.6188   3.787119    34.1549       1092     4.5458  0.000e+00
     73.170    10.6190   3.786741    34.1509       1093     4.5500  0.000e+00
     73.095    10.6183   3.786194    34.1461       1094     4.5542  0.000e+00
     73.026    10.6166   3.785705    34.1428       1095     4.5583  0.000e+00
     72.947    10.6142   3.785614    34.1442       1096     4.5625  0.000e+00
     72.860    10.6124   3.785861    34.1484       1097     4.5667  0.000e+00
     72.778    10.6121   3.785659    34.1467       1098     4.5708  0.000e+00
     72.691    10.6118   3.785672    34.1472       1099     4.5750  0.000e+00
     72.600    10.6113   3.785457    34.1455       1100     4.5792  0.000e+00
     72.507    10.6109   3.785229    34.1437       1101     4.5833  0.000e+00
     72.410    10.6100   3.785294    34.1452       1102     4.5875  0.000e+00
     72.310    10.6095   3.785027    34.1430       1103     4.5917  0.000e+00
     72.223    10.6087   3.784467    34.1382       1104     4.5958  0.000e+00
     72.138    10.6067   3.784082    34.1362       1105     4.6000  0.000e+00
     72.057    10.6046   3.783737    34.1348       1106     4.6042  0.000e+00
     71.976    10.6026   3.783652    34.1358       1107     4.6083  0.000e+00
     71.900    10.6012   3.783515    34.1358       1108     4.6125  0.000e+00
     71.831    10.6002   3.783333    34.1349       1109     4.6167  0.000e+00
     71.770    10.5991   3.783339    34.1360       1110     4.6208  0.000e+00
     71.701    10.5987   3.783144    34.1345       1111     4.6250  0.000e+00
     71.641    10.5978   3.783137    34.1352       1112     4.6292  0.000e+00
     71.574    10.5975   3.783092    34.1351       1113     4.6333  0.000e+00
     71.508    10.5972   3.782460    34.1291       1114     4.6375  0.000e+00
     71.435    10.5945   3.781899    34.1260       1115     4.6417  0.000e+00
     71.357    10.5905   3.780779    34.1185       1116     4.6458  0.000e+00
     71.263    10.5845   3.778343    34.0996       1117     4.6500  0.000e+00
     71.161    10.5720   3.774365    34.0714       1118     4.6542  0.000e+00
     71.064    10.5515   3.771788    34.0647       1119     4.6583  0.000e+00
     70.971    10.5303   3.772680    34.0935       1120     4.6625  0.000e+00
     70.865    10.5197   3.770773    34.0842       1121     4.6667  0.000e+00
     70.762    10.5094   3.768932    34.0754       1122     4.6708  0.000e+00
     70.678    10.4966   3.768750    34.0856       1123     4.6750  0.000e+00
     70.587    10.4881   3.768841    34.0945       1124     4.6792  0.000e+00
     70.509    10.4843   3.768750    34.0972       1125     4.6833  0.000e+00
     70.431    10.4823   3.768620    34.0978       1126     4.6875  0.000e+00
     70.355    10.4808   3.768392    34.0969       1127     4.6917  0.000e+00
     70.289    10.4789   3.765387    34.0685       1128     4.6958  0.000e+00
     70.222    10.4686   3.762819    34.0522       1129     4.7000  0.000e+00
     70.150    10.4518   3.761226    34.0519       1130     4.7042  0.000e+00
     70.087    10.4372   3.760823    34.0616       1131     4.7083  0.000e+00
     70.017    10.4281   3.761460    34.0766       1132     4.7125  0.000e+00
     69.942    10.4265   3.762793    34.0916       1133     4.7167  0.000e+00
     69.866    10.4317   3.763248    34.0913       1134     4.7208  0.000e+00
     69.788    10.4376   3.763645    34.0897       1135     4.7250  0.000e+00
     69.709    10.4428   3.763644    34.0849       1136     4.7292  0.000e+00
     69.631    10.4463   3.762916    34.0743       1137     4.7333  0.000e+00
     69.555    10.4460   3.761499    34.0603       1138     4.7375  0.000e+00
     69.483    10.4420   3.760498    34.0541       1139     4.7417  0.000e+00
     69.417    10.4362   3.759530    34.0497       1140     4.7458  0.000e+00
     69.350    10.4299   3.758899    34.0493       1141     4.7500  0.000e+00
     69.287    10.4244   3.758321    34.0487       1142     4.7542  0.000e+00
     69.227    10.4209   3.758997    34.0588       1143     4.7583  0.000e+00
     69.166    10.4220   3.759933    34.0672       1144     4.7625  0.000e+00
     69.103    10.4275   3.760732    34.0702       1145     4.7667  0.000e+00
     69.043    10.4343   3.761720    34.0738       1146     4.7708  0.000e+00
     68.967    10.4432   3.762584    34.0742       1147     4.7750  0.000e+00
     68.895    10.4529   3.763826    34.0777       1148     4.7792  0.000e+00
     68.813    10.4650   3.767364    34.1021       1149     4.7833  0.000e+00
     68.735    10.4867   3.769504    34.1034       1150     4.7875  0.000e+00
     68.647    10.5105   3.771065    34.0968       1151     4.7917  0.000e+00
     68.563    10.5312   3.771904    34.0860       1152     4.7958  0.000e+00
     68.460    10.5468   3.772431    34.0767       1153     4.8000  0.000e+00
     68.370    10.5574   3.771644    34.0589       1154     4.8042  0.000e+00
     68.282    10.5617   3.771240    34.0509       1155     4.8083  0.000e+00
     68.192    10.5623   3.771103    34.0490       1156     4.8125  0.000e+00
     68.104    10.5618   3.771383    34.0523       1157     4.8167  0.000e+00
     68.026    10.5629   3.771754    34.0550       1158     4.8208  0.000e+00
     67.947    10.5651   3.772235    34.0578       1159     4.8250  0.000e+00
     67.875    10.5691   3.772340    34.0552       1160     4.8292  0.000e+00
     67.805    10.5738   3.772541    34.0528       1161     4.8333  0.000e+00
     67.733    10.5782   3.773218    34.0556       1162     4.8375  0.000e+00
     67.667    10.5835   3.774051    34.0591       1163     4.8417  0.000e+00
     67.597    10.5910   3.775529    34.0669       1164     4.8458  0.000e+00
     67.519    10.6014   3.776049    34.0625       1165     4.8500  0.000e+00
     67.437    10.6103   3.776219    34.0559       1166     4.8542  0.000e+00
     67.353    10.6158   3.776362    34.0522       1167     4.8583  0.000e+00
     67.265    10.6196   3.776882    34.0540       1168     4.8625  0.000e+00
     67.175    10.6234   3.777013    34.0518       1169     4.8667  0.000e+00
     67.078    10.6260   3.776361    34.0428       1170     4.8708  0.000e+00
     66.979    10.6260   3.775938    34.0387       1171     4.8750  0.000e+00
     66.876    10.6242   3.776003    34.0410       1172     4.8792  0.000e+00
     66.782    10.6241   3.776759    34.0487       1173     4.8833  0.000e+00
     66.686    10.6276   3.777104    34.0490       1174     4.8875  0.000e+00
     66.601    10.6322   3.777514    34.0489       1175     4.8917  0.000e+00
     66.517    10.6367   3.777846    34.0480       1176     4.8958  0.000e+00
     66.445    10.6413   3.778158    34.0469       1177     4.9000  0.000e+00
     66.369    10.6444   3.778106    34.0435       1178     4.9042  0.000e+00
     66.300    10.6460   3.777800    34.0390       1179     4.9083  0.000e+00
     66.227    10.6461   3.777845    34.0394       1180     4.9125  0.000e+00
     66.167    10.6459   3.778184    34.0430       1181     4.9167  0.000e+00
     66.098    10.6473   3.778249    34.0423       1182     4.9208  0.000e+00
     66.037    10.6487   3.778223    34.0409       1183     4.9250  0.000e+00
     65.980    10.6494   3.778158    34.0395       1184     4.9292  0.000e+00
     65.923    10.6497   3.778086    34.0386       1185     4.9333  0.000e+00
     65.868    10.6496   3.778002    34.0379       1186     4.9375  0.000e+00
     65.817    10.6490   3.777800    34.0364       1187     4.9417  0.000e+00
     65.760    10.6482   3.777891    34.0381       1188     4.9458  0.000e+00
     65.702    10.6481   3.778067    34.0400       1189     4.9500  0.000e+00
     65.651    10.6492   3.778842    34.0467       1190     4.9542  0.000e+00
     65.597    10.6529   3.779415    34.0491       1191     4.9583  0.000e+00
     65.542    10.6582   3.779616    34.0462       1192     4.9625  0.000e+00
     65.482    10.6624   3.779825    34.0444       1193     4.9667  0.000e+00
     65.422    10.6659   3.779922    34.0422       1194     4.9708  0.000e+00
     65.358    10.6681   3.779486    34.0357       1195     4.9750  0.000e+00
     65.286    10.6686   3.779532    34.0357       1196     4.9792  0.000e+00
     65.207    10.6693   3.780111    34.0410       1197     4.9833  0.000e+00
     65.126    10.6726   3.781127    34.0481       1198     4.9875  0.000e+00
     65.045    10.6792   3.783681    34.0676       1199     4.9917  0.000e+00
     64.960    10.6930   3.785675    34.0748       1200     4.9958  0.000e+00
     64.867    10.7117   3.790055    34.1013       1201     5.0000  0.000e+00
     64.773    10.7386   3.792801    34.1038       1202     5.0042  0.000e+00
     64.691    10.7672   3.795409    34.1032       1203     5.0083  0.000e+00
     64.604    10.7937   3.796721    34.0917       1204     5.0125  0.000e+00
     64.513    10.8148   3.797986    34.0848       1205     5.0167  0.000e+00
     64.435    10.8316   3.798371    34.0730       1206     5.0208  0.000e+00
     64.354    10.8428   3.798664    34.0655       1207     5.0250  0.000e+00
     64.275    10.8503   3.800498    34.0769       1208     5.0292  0.000e+00
     64.200    10.8606   3.802829    34.0906       1209     5.0333  0.000e+00
     64.127    10.8761   3.804043    34.0884       1210     5.0375  0.000e+00
     64.055    10.8928   3.811183    34.1441       1211     5.0417  0.000e+00
     63.988    10.9323   3.827220    34.2674       1212     5.0458  0.000e+00
     63.922    11.0122   3.830787    34.2284       1213     5.0500  0.000e+00
     63.856    11.0796   3.822015    34.0785       1214     5.0542  0.000e+00
     63.798    11.0896   3.832725    34.1756       1215     5.0583  0.000e+00
     63.744    11.1211   3.849592    34.3139       1216     5.0625  0.000e+00
     63.678    11.2058   3.849788    34.2370       1217     5.0667  0.000e+00
     63.614    11.2667   3.840900    34.0925       1218     5.0708  0.000e+00
     63.551    11.2698   3.844388    34.1242       1219     5.0750  0.000e+00
     63.497    11.2671   3.848599    34.1684       1220     5.0792  0.000e+00
     63.430    11.2854   3.846336    34.1291       1221     5.0833  0.000e+00
     63.358    11.2911   3.846841    34.1289       1222     5.0875  0.000e+00
     63.292    11.2938   3.849806    34.1557       1223     5.0917  0.000e+00
     63.228    11.3053   3.852582    34.1725       1224     5.0958  0.000e+00
     63.150    11.3233   3.854873    34.1785       1225     5.1000  0.000e+00
     63.068    11.3438   3.854918    34.1601       1226     5.1042  0.000e+00
     63.002    11.3561   3.852640    34.1262       1227     5.1083  0.000e+00
     62.935    11.3563   3.854058    34.1400       1228     5.1125  0.000e+00
     62.845    11.3606   3.865113    34.2453       1229     5.1167  0.000e+00
     62.773    11.3999   3.866039    34.2181       1230     5.1208  0.000e+00
     62.703    11.4344   3.866058    34.1863       1231     5.1250  0.000e+00
     62.631    11.4528   3.868648    34.1948       1232     5.1292  0.000e+00
     62.558    11.4717   3.871995    34.2104       1233     5.1333  0.000e+00
     62.498    11.4931   3.873027    34.2008       1234     5.1375  0.000e+00
     62.432    11.5141   3.876290    34.2135       1235     5.1417  0.000e+00
     62.371    11.5360   3.877704    34.2072       1236     5.1458  0.000e+00
     62.326    11.5549   3.877822    34.1909       1237     5.1500  0.000e+00
     62.269    11.5652   3.876105    34.1645       1238     5.1542  0.000e+00
     62.223    11.5625   3.873578    34.1422       1239     5.1583  0.000e+00
     62.181    11.5549   3.879863    34.2110       1240     5.1625  0.000e+00
